0.007782944108 0.002879533661 -0.003923771272 -1.904949652e-06 0.001984639358 0.5099948512 -2.404126602e-07 0.0004944315586 0.2549993606 -0.9999999999 -5.695289146e-08 -1.109377062e-05 2.895832577e-08 0.9999700152 -0.007743941391 1.109387902e-05 -0.007743941391 -0.9999700152 3.002221095e-08 -0.005218615792 0
0.01456588822 0.005389087322 -0.007343392544 -6.672151231e-06 0.003714226836 0.5099819662 -8.465854199e-07 0.0009270185329 0.2549977483 -0.9999999992 -3.749609168e-07 -3.885511908e-05 1.881855746e-07 0.9998949785 -0.01449248196 3.885647257e-05 -0.01449248195 -0.9998949777 5.04009617e-08 -0.009766712084 0
0.02134883232 0.007898640984 -0.01076301382 -1.433290342e-05 0.005443717177 0.5099612603 -1.824605069e-06 0.001360221724 0.2549951467 -0.9999999965 -1.181409483e-06 -8.346322511e-05 5.916386537e-07 0.9997744 -0.02124027206 8.346948926e-05 -0.02124027203 -0.9997743965 3.580919919e-08 -0.01431480838 0
0.02897964445 0.01072188885 -0.01461008775 -2.640964397e-05 0.007389221383 0.5099286187 -3.368793933e-06 0.001847661286 0.2549910389 -0.9999999882 -2.955615353e-06 -0.0001537764543 1.479019767e-06 0.9995843233 -0.02883020384 0.000153797744 -0.02883020373 -0.9995843115 1.664350369e-08 -0.0194314167 0
0.03576258856 0.01323144251 -0.01802970902 -4.021827989e-05 0.009118355135 0.5098912961 -5.135456827e-06 0.002280882221 0.2549863392 -0.9999999726 -5.55486949e-06 -0.0002341597599 2.778936284e-06 0.9993670008 -0.03557523921 0.0002342091528 -0.03557523888 -0.9993669734 8.721422848e-08 -0.023979513 0
0.04254553266 0.01574099617 -0.02144933029 -5.691941364e-05 0.01084725042 0.5098461554 -7.27271422e-06 0.002714032728 0.2549806536 -0.9999999451 -9.35281917e-06 -0.0003313619145 4.678276425e-06 0.9991041739 -0.04231843257 0.0003314608685 -0.0423184318 -0.9991041189 1.784332581e-07 -0.02852760929 0
0.05017634479 0.01856424404 -0.02529640422 -7.91649718e-05 0.0127919163 0.5097860291 -1.011993219e-05 0.003201250607 0.2549730793 -0.9999998937 -1.534100503e-05 -0.0004608007289 7.672935482e-06 0.9987541246 -0.04990188876 0.0004609921737 -0.04990188699 -0.9987540183 3.035678936e-07 -0.03364421762 0
0.05695928889 0.0210737977 -0.0287160255 -0.0001020108102 0.01452015475 0.5097242802 -1.304430387e-05 0.003634273381 0.2549652998 -0.9999998235 -2.243979692e-05 -0.0005936938215 1.122305193e-05 0.9983946661 -0.05664000919 0.0005940117349 -0.05664000585 -0.9983944896 4.339890718e-07 -0.03819231391 0
0.063742233 0.02358335137 -0.03213564677 -0.0001277472072 0.01624801351 0.5096547186 -1.633897934e-05 0.004067245411 0.2549565352 -0.9999997232 -3.144618101e-05 -0.0007433543753 1.57272677e-05 0.9979897715 -0.0633751975 0.0007438529711 -0.06337519165 -0.9979894948 5.820822174e-07 -0.0427404102 0
0.07137304512 0.02640659923 -0.0359827207 -0.0001601547657 0.01819134449 0.5095671259 -2.048806113e-05 0.004554282174 0.2549454977 -0.999999565 -4.414045274e-05 -0.0009317381215 2.207606964e-05 0.9974799906 -0.07094834578 0.0009325218248 -0.07094833548 -0.9974795557 7.695801305e-07 -0.04785701853 0
0.07815598923 0.0289161529 -0.03940234197 -0.0001920308054 0.01991824639 0.5094809698 -2.456948556e-05 0.004987154928 0.2549346401 -0.9999993745 -5.795197495e-05 -0.001116955507 2.89839368e-05 0.9969786434 -0.07767614689 0.001118082272 -0.07767613068 -0.9969780181 9.54721607e-07 -0.05240511482 0
0.08493893334 0.03142570656 -0.04282196324 -0.0002267945788 0.02164462747 0.5093870085 -2.902108188e-05 0.005419982072 0.2549227979 -0.9999991275 -7.437782404e-05 -0.001318865539 3.719974802e-05 0.9964319599 -0.08439992804 0.001320437256 -0.08439990346 -0.9964310878 1.157224501e-06 -0.05695321111 0
0.09172187745 0.03393526022 -0.04624158452 -0.0002644449953 0.02337044261 0.5092852452 -3.384280978e-05 0.005852763095 0.254909971 -0.9999988138 -9.36435675e-05 -0.001537439338 4.683650773e-05 0.9958399788 -0.09111934173 0.001539576298 -0.09111930565 -0.9958387931 1.377098515e-06 -0.06150130741 0
0.09935268957 0.03675850809 -0.05008865845 -0.0003102506796 0.02531125201 0.5091614393 -3.970962448e-05 0.006339585241 0.2548943639 -0.9999983671 -0.000118992524 -0.001803214251 5.951688062e-05 0.9951199072 -0.09867302944 0.001806155751 -0.09867297564 -0.9951182752 1.645263552e-06 -0.06661791573 0
0.1061356337 0.03926806175 -0.05350827972 -0.0003540311769 0.02703571479 0.5090431073 -4.531774084e-05 0.006772264124 0.2548794451 -0.9999978737 -0.0001450404588 -0.002057091775 7.254777443e-05 0.994431811 -0.1053820101 0.002060922155 -0.1053819353 -0.994429686 1.902185175e-06 -0.07116601203 0
0.1129185778 0.04177761541 -0.05692790099 -0.0004006943248 0.02875947076 0.5089169838 -5.129585132e-05 0.007204892231 0.254863542 -0.9999972761 -0.0001746309421 -0.002327527447 8.735189285e-05 0.993698558 -0.1120855398 0.002332434271 -0.1120854378 -0.993695836 2.176636761e-06 -0.07571410832 0
0.1205493899 0.04460086328 -0.06077497492 -0.000456634208 0.0306977953 0.5087657868 -5.846342327e-05 0.007691535579 0.2548444747 -0.9999964622 -0.0002124336262 -0.002651511448 0.0001062660492 0.9928197364 -0.1196200643 0.002657884221 -0.1196199229 -0.9928162014 2.506444619e-06 -0.08083071665 0
0.127332334 0.04711041694 -0.06419459619 -0.0005094180147 0.03241989981 0.5086231201 -6.522760569e-05 0.008124048719 0.2548264806 -0.9999955967 -0.0002502953587 -0.002957001703 0.0001252113192 0.9919907007 -0.1263108627 0.002964933214 -0.1263106768 -0.9919863014 2.818413721e-06 -0.08537881294 0
0.1341152781 0.0496199706 -0.06761421747 -0.0005650795968 0.03414115687 0.5084726753 -7.236162059e-05 0.008556504119 0.2548075026 -0.9999945816 -0.0002923982766 -0.003278921264 0.0001462805455 0.9911166802 -0.1329951307 0.003288681105 -0.1329948897 -0.9911112672 3.148181576e-06 -0.08992690923 0
0.1417460902 0.05244321847 -0.0714612914 -0.0006311365399 0.03607650215 0.5082941334 -8.082938113e-05 0.009042944344 0.2547849767 -0.9999932402 -0.0003451107266 -0.003660661421 0.0001726614853 0.990079713 -0.1405066976 0.003672836978 -0.1405063799 -0.9900729607 3.540572619e-06 -0.09504351756 0
0.1485290344 0.05495277213 -0.07488091267 -0.0006929074847 0.03779580921 0.5081271758 -8.874909585e-05 0.009475268745 0.2547639086 -0.9999918517 -0.0003969645711 -0.004017337217 0.000198615274 0.9891103081 -0.1471759458 0.004032013289 -0.1471755445 -0.9891021696 3.908509402e-06 -0.09959161385 0
0.1553119785 0.05746232579 -0.07830053394 -0.0007575504487 0.03951412849 0.5079524557 -9.703845412e-05 0.009907527449 0.2547418573 -0.9999902597 -0.0004537534272 -0.004390290393 0.000227041901 0.9880961211 -0.1538375894 0.004407833241 -0.1538370878 -0.9880863937 4.294584945e-06 -0.1041397101 0
0.1629427906 0.06028557366 -0.08214760787 -0.0008337042154 0.04144600113 0.5077466236 -0.000106805739 0.01039373665 0.2547158745 -0.9999882019 -0.0005238147691 -0.004829252604 0.0002621161215 0.9869017213 -0.161322422 0.004850500774 -0.1613217845 -0.9868899404 4.750752954e-06 -0.1092563185 0
0.1697257347 0.06279512732 -0.08556722915 -0.0009044433757 0.04316207252 0.5075554263 -0.0001158803658 0.01082584688 0.2546917343 -0.9999861137 -0.0005918231665 -0.005236614759 0.0002961664678 0.9857926135 -0.1679667689 0.005261622774 -0.1679659874 -0.9857787492 5.175784015e-06 -0.1138044148 0
0.1765086788 0.06530468098 -0.08898685042 -0.0009780479202 0.04487701613 0.5073564844 -0.000125324419 0.01125788298 0.2546666114 -0.9999837602 -0.0006654548019 -0.005660079429 0.000333036381 0.9846389572 -0.1746024428 0.005689324741 -0.1746014923 -0.9846227453 5.61935249e-06 -0.1183525111 0
0.1841394909 0.06812792885 -0.09283392435 -0.001064275184 0.04680492393 0.5071234251 -0.0001363904648 0.01174383157 0.2546371738 -0.9999807686 -0.0007552844753 -0.006155648961 0.0003780228086 0.9832879457 -0.1820567849 0.006190280084 -0.1820556107 -0.9832687502 6.140698292e-06 -0.1234691194 0
0.190922435 0.07063748251 -0.09625354562 -0.001143960894 0.04851732254 0.5069080467 -0.0001466192949 0.012175701 0.2546099633 -0.9999777789 -0.0008415915327 -0.006613126797 0.0004212507007 0.9820398973 -0.1886728987 0.006653139874 -0.188671492 -0.9820177207 6.624126874e-06 -0.1280172157 0
0.1977053791 0.07314703617 -0.09967316689 -0.001226504476 0.05022845373 0.5066849438 -0.0001572173058 0.01260748764 0.2545817709 -0.999974454 -0.0009342036708 -0.007086509523 0.0004676424327 0.9807475644 -0.1952792777 0.007132507573 -0.1952776031 -0.9807220733 7.126544752e-06 -0.132565312 0
0.2053361913 0.07597028404 -0.1035202408 -0.00132277883 0.05215190585 0.5064247288 -0.000169581249 0.01309314516 0.2545488808 -0.9999702828 -0.001046198673 -0.007637991627 0.0005237513621 0.9792408693 -0.2026993968 0.007691497401 -0.2026973736 -0.9792112211 7.71465657e-06 -0.1376819203 0
0.2121191354 0.0784798377 -0.1069398621 -0.001411386685 0.0538601958 0.5061852352 -0.0001809634844 0.01352474654 0.2545186023 -0.9999661648 -0.001152927721 -0.008144943545 0.000577229796 0.9778547376 -0.2092839674 0.00820586092 -0.2092815877 -0.9778209861 8.25794863e-06 -0.1422300166 0
0.2189020795 0.08098939137 -0.1103594834 -0.001502844028 0.05556707914 0.5059380398 -0.0001927146263 0.01395625633 0.2544873426 -0.9999616336 -0.001266636531 -0.008667580165 0.0006342135879 0.9764246156 -0.2158577489 0.008736651941 -0.2158549643 -0.9763863504 8.820731966e-06 -0.1467781129 0
0.2265328916 0.08381263923 -0.1142065573 -0.001609135992 0.05748558624 0.5056507487 -0.0002063755025 0.01444159183 0.2544510027 -0.9999560092 -0.001403168684 -0.009274200775 0.0007026456284 0.9747632717 -0.223239939 0.009353393582 -0.223236635 -0.9747194052 9.477374279e-06 -0.1518947212 0
0.2333158357 0.0863221929 -0.1176261786 -0.001706638864 0.05918933306 0.5053872132 -0.0002189102556 0.01487289757 0.2544176586 -0.999950511 -0.001532419852 -0.009829914897 0.0007674386743 0.9732400083 -0.2297896806 0.009919000724 -0.2297858524 -0.9731906676 1.00821498e-05 -0.1564428175 0
0.2400987798 0.08883174656 -0.1210457998 -0.001806981966 0.06089153456 0.505116001 -0.0002318136122 0.01530410284 0.254383334 -0.999944514 -0.001669317532 -0.01040107119 0.0008360755441 0.971673079 -0.2363275872 0.01050094666 -0.2363231704 -0.9716177691 1.070696638e-05 -0.1609909138 0
0.2468817239 0.09134130022 -0.1244654211 -0.001910162155 0.06259214648 0.5048371205 -0.0002450854693 0.01573520479 0.2543480293 -0.9999379891 -0.001814073282 -0.01098758737 0.0009086638542 0.970062594 -0.2428533262 0.01109920124 -0.2428482507 -0.9700007912 1.135200973e-05 -0.1655390101 0
0.254512536 0.09416454809 -0.128312495 -0.002029627041 0.06450337976 0.504514225 -0.0002604566499 0.01622006743 0.2543071402 -0.9999299803 -0.001986578591 -0.01166567259 0.0009951824509 0.9681988766 -0.2501798252 0.01179169298 -0.2501739172 -0.9681291067 1.210209796e-05 -0.1706556184 0
0.2612954802 0.09667410175 -0.1317321163 -0.002138825188 0.06620046702 0.5042190789 -0.0002745112153 0.01665094034 0.2542697536 -0.9999222334 -0.002148730974 -0.01228454502 0.00107652327 0.966496215 -0.2566786073 0.01242449954 -0.2566718708 -0.9664187408 1.279076084e-05 -0.1752037147 0
0.2680784243 0.09918365541 -0.1351517376 -0.002250850021 0.06789582669 0.5039162927 -0.0002889339404 0.01708170099 0.2542313877 -0.9999138626 -0.002319396539 -0.01291850569 0.001162149516 0.9647503613 -0.263164188 0.01307351514 -0.2631565329 -0.9646645647 1.350026035e-05 -0.179751811 0
0.2757092364 0.1020069033 -0.1389988115 -0.002380252357 0.06980098646 0.5035665378 -0.0003055994286 0.01756616899 0.254187056 -0.9999036593 -0.002521829691 -0.01364963256 0.00126373356 0.9627348004 -0.2704442774 0.01382299069 -0.2704354721 -0.9626388629 1.432360829e-05 -0.1848684193 0
0.2824921805 0.1045164569 -0.1424184328 -0.002498272132 0.07149252882 0.5032475482 -0.0003208041071 0.01799668161 0.2541466104 -0.9998938543 -0.002711273881 -0.01431534908 0.001358818139 0.9608975739 -0.2769007153 0.01450633788 -0.2768907755 -0.9607918945 1.507806982e-05 -0.1894165156 0
0.2892751246 0.1070260106 -0.1458380541 -0.00261910733 0.07318220617 0.5029209489 -0.0003363765759 0.01842707302 0.2541051865 -0.9998833216 -0.002909876674 -0.01499586045 0.001458518401 0.9590175481 -0.2833429285 0.0152057863 -0.2833317402 -0.9589014074 1.585402124e-05 -0.1939646119 0
0.2969059367 0.1098492585 -0.149685128 -0.002758407521 0.07508080932 0.5025444415 -0.0003543350726 0.01891111492 0.2540574157 -0.9998705593 -0.003144506628 -0.01577899759 0.001576328907 0.956851525 -0.2905730103 0.01601186666 -0.2905602712 -0.9567227127 1.675292519e-05 -0.1990812202 0
0.3036888808 0.1123588121 -0.1531047493 -0.002885212814 0.07676637801 0.502201706 -0.0003706886791 0.01934123925 0.2540139142 -0.999858364 -0.003363248654 -0.0164906185 0.001686185092 0.9548809924 -0.2969839172 0.01674540892 -0.2969696599 -0.9547400758 1.757527135e-05 -0.2036293165 0
0.3104718249 0.1148683658 -0.1565243705 -0.00301482141 0.0784499449 0.5018513936 -0.0003874096777 0.01977123343 0.2539694355 -0.9998453299 -0.003591784272 -0.01721671944 0.001800983197 0.9528680825 -0.3033795869 0.01749493647 -0.3033636702 -0.9527142336 1.84198022e-05 -0.2081774128 0
0.3181026371 0.1176916137 -0.1603714445 -0.003163976844 0.08034151054 0.501448249 -0.0004066597831 0.02025481771 0.2539182295 -0.9998296175 -0.003860843312 -0.01805076004 0.001936167055 0.9505530806 -0.3105561016 0.01835721401 -0.3105381375 -0.9503836477 1.939670461e-05 -0.2132940212 0
0.3248855812 0.1202011673 -0.1637910657 -0.00329952887 0.08202067882 0.5010818723 -0.0004241610429 0.02068452576 0.2538716757 -0.9998146764 -0.004110855822 -0.01880727897 0.002061809832 0.9484505911 -0.3169183258 0.0191405804 -0.3168983704 -0.948266345 2.028914932e-05 -0.2178421174 0
0.3316685253 0.122710721 -0.167210687 -0.003437871223 0.08369770919 0.5007079539 -0.000442029268 0.02111409468 0.2538241459 -0.9997987778 -0.004371285748 -0.01957794196 0.002192716464 0.9463061749 -0.323264312 0.01993980804 -0.3232421929 -0.9461061721 2.120451329e-05 -0.2223902137 0
0.3392993374 0.1255339689 -0.171057761 -0.003596836287 0.08558175884 0.5002782953 -0.0004625694816 0.02159718984 0.2537695087 -0.999779698 -0.004676966906 -0.02046170495 0.00234640544 0.9438437783 -0.3303837414 0.02085784674 -0.3303589686 -0.9436248736 2.226199636e-05 -0.2275068221 0
0.3460822815 0.1280435225 -0.1744773822 -0.003741093596 0.08725410214 0.4998883897 -0.0004812170305 0.02202645359 0.2537199063 -0.9997616325 -0.004960186886 -0.02126204983 0.002488836054 0.9416107702 -0.3366941686 0.02169064112 -0.3366668294 -0.9413739757 2.322687593e-05 -0.2320549184 0
0.3528652256 0.1305530762 -0.1778970035 -0.003888127409 0.08892417215 0.4994909795 -0.0005002310893 0.02245556925 0.2536693291 -0.9997424834 -0.005254436218 -0.02207618201 0.002636847876 0.9393363143 -0.3429873694 0.0225391647 -0.342957256 -0.9390805645 2.421544732e-05 -0.2366030146 0
0.3604960377 0.133376324 -0.1817440774 -0.004056853504 0.09080022988 0.4990349384 -0.00052205981 0.02293814378 0.2536112651 -0.9997195934 -0.005598890736 -0.02300841322 0.002810157629 0.9367282068 -0.3500462393 0.02351250031 -0.3500127413 -0.9364498082 2.535622686e-05 -0.241719623 0
0.3672789818 0.1358858777 -0.1851636987 -0.004209771998 0.09246532595 0.4986216228 -0.0005418521946 0.02336693523 0.253558618 -0.9996980019 -0.005917217267 -0.02385144738 0.002970362713 0.9343662064 -0.3563017951 0.02439430154 -0.3562650401 -0.9340664533 2.639599445e-05 -0.2462677193 0
0.374061926 0.1383954314 -0.18858332 -0.004365452328 0.09412801413 0.4982008424 -0.0005620106049 0.02379556963 0.2535049975 -0.9996751937 -0.006247172488 -0.02470789165 0.003136461501 0.9319632652 -0.3625391496 0.02529169198 -0.36249889 -0.9316409636 2.746026265e-05 -0.2508158156 0
0.3816927381 0.1412186792 -0.1924303939 -0.004543887887 0.09599560672 0.4977185581 -0.0005851261313 0.02427759204 0.2534435115 -0.9996480252 -0.006632507321 -0.02568726506 0.003330490613 0.9292112283 -0.3695340323 0.0263198323 -0.3694895169 -0.9288620798 2.868718186e-05 -0.2559324239 0
0.3884756822 0.1437282329 -0.1958500152 -0.004705420837 0.09765303578 0.4972819589 -0.0006060618087 0.02470588321 0.2533878239 -0.9996224841 -0.006987799369 -0.02657178838 0.003509441331 0.9267218488 -0.3757316846 0.02725019448 -0.3756830921 -0.9263474733 2.980440204e-05 -0.2604805202 0
0.3952586263 0.1462377866 -0.1992696364 -0.004869700115 0.09930792316 0.4968379369 -0.0006273629993 0.02513400837 0.2533311644 -0.9995955861 -0.007355306149 -0.02746932456 0.00369459312 0.9241920626 -0.3819101745 0.02819599798 -0.3818572127 -0.9237911316 3.094696617e-05 -0.2650286165 0
0.4020415704 0.1487473402 -0.2026892577 -0.005036720584 0.1009602262 0.4963865058 -0.0006490295332 0.02556196468 0.2532735333 -0.9995672847 -0.007735212276 -0.02837974231 0.003886043211 0.9216220464 -0.3880691977 0.0291571938 -0.3880115592 -0.9211931871 3.211515112e-05 -0.2695767128 0
0.4096723825 0.1515705881 -0.2065363317 -0.005227888683 0.1028159251 0.4958698073 -0.0006738408678 0.02604321013 0.2532075376 -0.9995337098 -0.008177655758 -0.02941919374 0.004109073345 0.9186829144 -0.3949744528 0.03025687575 -0.3949111657 -0.9182209389 3.346033307e-05 -0.2746933211 0
0.4164553266 0.1540801417 -0.2099559529 -0.005400716732 0.1044625954 0.4954026792 -0.0006962831783 0.02647079811 0.2531478436 -0.9995022694 -0.0085845168 -0.03035653979 0.00431422759 0.9160280087 -0.4010911053 0.03125061402 -0.401022435 -0.915535038 3.468389664e-05 -0.2792414174 0
0.4232382707 0.1565896954 -0.2133755742 -0.005576269366 0.1061065487 0.494928187 -0.000719090282 0.02689820831 0.2530871795 -0.9994692765 -0.009004344631 -0.0313063443 0.004525980326 0.9133334428 -0.4071873497 0.03225958645 -0.4071129377 -0.9128079618 3.593396737e-05 -0.2837895137 0
0.4308690829 0.1594129433 -0.2172226481 -0.005777015973 0.107952696 0.4943855993 -0.0007451840887 0.0273788287 0.2530177735 -0.9994302423 -0.009492372466 -0.03238959243 0.004772207501 0.9102548841 -0.4140208595 0.03341282491 -0.4139395378 -0.9096909597 3.737234272e-05 -0.288906122 0
0.437652027 0.1619224969 -0.2206422694 -0.005958340023 0.1095907356 0.4938955078 -0.0007687657697 0.0278058516 0.2529550498 -0.9993937859 -0.009940345387 -0.03336540576 0.004998296253 0.9074766677 -0.4200727492 0.03445399545 -0.4199848653 -0.9068768577 3.867970853e-05 -0.2934542183 0
0.4444349711 0.1644320506 -0.2240618907 -0.006142371227 0.1112259266 0.4933980993 -0.0007927116653 0.02823268779 0.2528913575 -0.9993556209 -0.01040183767 -0.03435323534 0.005231277943 0.9046593874 -0.426103305 0.03551023425 -0.4260084442 -0.9040220289 4.001449856e-05 -0.2980023146 0
0.4520657832 0.1672552985 -0.2279089646 -0.006352635063 0.1130620592 0.4928297879 -0.0008200859099 0.02871265176 0.2528185468 -0.9993105791 -0.01093739242 -0.03547872561 0.005501737294 0.9014434979 -0.4328618151 0.03671644605 -0.4327585857 -0.9007618493 4.154929109e-05 -0.3031189229 0
0.4588487273 0.1697648521 -0.2313285859 -0.006542399772 0.1146910575 0.4923168826 -0.0008448051232 0.0291390817 0.2527527984 -0.9992686122 -0.01142818768 -0.0364916044 0.00574967439 0.8985438617 -0.4388460663 0.03780452235 -0.4387349145 -0.8978209693 4.294335627e-05 -0.3076670192 0
0.4656316714 0.1722744058 -0.2347482071 -0.006734853386 0.1163170765 0.4917967096 -0.000869887944 0.02956531602 0.2526860831 -0.9992247742 -0.01193303937 -0.03751603859 0.006004792876 0.8956057836 -0.4448080743 0.0389074934 -0.4446885236 -0.8948398314 4.436579187e-05 -0.3122151155 0
0.4732624835 0.1750976537 -0.2385952811 -0.006954570295 0.1181427347 0.491202848 -0.0008985404928 0.03004459225 0.2526098735 -0.9991731535 -0.01251800903 -0.03868215087 0.006300498456 0.8922547503 -0.4514883878 0.04016606859 -0.451358793 -0.8914381229 4.600032792e-05 -0.3173317238 0
0.4800454276 0.1776072073 -0.2420149023 -0.007152717769 0.1197622844 0.4906672853 -0.0009243953114 0.03047040142 0.2525411056 -0.9991251615 -0.01305328792 -0.03973063552 0.006571178729 0.8892356652 -0.4574021768 0.04130050041 -0.4572631008 -0.8883719521 4.748407913e-05 -0.3218798201 0
0.4868283718 0.180116761 -0.2454345236 -0.007353535087 0.1213787249 0.4901245065 -0.0009506131022 0.03089600606 0.2524713727 -0.9990751295 -0.01360314412 -0.04079019653 0.006849322597 0.8861787857 -0.4632928302 0.04244964596 -0.4631437296 -0.8852660127 4.899717466e-05 -0.3264279164 0
0.4944591839 0.1829400089 -0.2492815976 -0.007582638058 0.1231934526 0.4895052758 -0.0009805417214 0.03137456328 0.2523917702 -0.9990163361 -0.01423935989 -0.04199524675 0.007171266499 0.8826948847 -0.4698918104 0.04375994809 -0.4697307539 -0.8817244954 5.073487788e-05 -0.3315445247 0
0.501242128 0.1854495625 -0.2527012188 -0.007789107873 0.1248031492 0.4889472191 -0.00100753013 0.03179972389 0.2523199884 -0.9989617847 -0.01482073251 -0.04307782132 0.007465564999 0.8795584006 -0.4757323674 0.04494016178 -0.475560055 -0.8785345844 5.231138677e-05 -0.336092621 0
0.5080250721 0.1879591162 -0.2561208401 -0.007998227665 0.1264096079 0.4883819999 -0.001034880847 0.0322246711 0.2522472433 -0.9989050181 -0.01541718656 -0.0441709755 0.007767602807 0.8763847942 -0.4815489143 0.04613490073 -0.4813647295 -0.8753054142 5.391824014e-05 -0.3406407173 0
0.5156558842 0.190782364 -0.259967914 -0.008236646853 0.1282129528 0.4877375889 -0.001066083203 0.0327024781 0.2521642545 -0.9988384368 -0.01610642065 -0.04541321736 0.008116754306 0.8727703888 -0.4880634864 0.04749626719 -0.4878651777 -0.871625879 5.576262656e-05 -0.3457573257 0
0.5224388283 0.1932919177 -0.2633875353 -0.008451376075 0.1298123953 0.4871572083 -0.001094203097 0.03312696243 0.2520894644 -0.9987767724 -0.01673544402 -0.04652831112 0.008435525542 0.8695186322 -0.4938280977 0.04872166594 -0.4936165243 -0.8683138408 5.743504543e-05 -0.3503054219 0
0.5292217724 0.1958014714 -0.2668071566 -0.00866873461 0.1314084724 0.486569721 -0.001122684608 0.03355122449 0.2520137131 -0.998712712 -0.01738003556 -0.04765347055 0.008762305071 0.86623045 -0.4995678428 0.04996139411 -0.4993423094 -0.8649630727 5.913883388e-05 -0.3548535182 0
0.5368525846 0.1986247192 -0.2706542305 -0.008916397367 0.1331999859 0.4859003261 -0.00115515827 0.03402825013 0.2519273444 -0.9986377063 -0.01812399902 -0.04893109726 0.009139609781 0.8624879887 -0.5059949969 0.05137313649 -0.5057528942 -0.8611473804 6.109350714e-05 -0.3599701266 0
0.5436355287 0.2011342729 -0.2740738518 -0.009139320578 0.1347887769 0.4852977983 -0.001184407458 0.0344520305 0.2518495522 -0.998568357 -0.01880217521 -0.05007708627 0.009483686984 0.8591231615 -0.5116810071 0.05264310063 -0.511423378 -0.8577148899 6.286506484e-05 -0.3645182229 0
0.5504184728 0.2036438266 -0.277493473 -0.009364851646 0.136374076 0.4846882219 -0.001214017542 0.03487557978 0.2517708006 -0.9984964249 -0.0194963883 -0.05123261032 0.009836034499 0.8557226288 -0.5173413138 0.05392719112 -0.517067378 -0.8542442184 6.466904087e-05 -0.3690663192 0
0.5580492849 0.2064670744 -0.281340547 -0.009621682544 0.1381533136 0.4839940469 -0.001247759977 0.03535179296 0.251681059 -0.9984123379 -0.02029672899 -0.05254375644 0.01024241356 0.8518546433 -0.5236781069 0.05538859552 -0.5233848579 -0.8502942985 6.673768787e-05 -0.3741829275 0
0.564832229 0.2089766281 -0.2847601683 -0.009852731862 0.1397310591 0.4833695555 -0.001278136178 0.03577484178 0.2516002708 -0.9983347139 -0.02102550325 -0.05371896519 0.01061260795 0.8483790207 -0.5292829204 0.05670248284 -0.5289716112 -0.8467430915 6.861168592e-05 -0.3787310238 0
0.5716151731 0.2114861817 -0.2881797895 -0.0100863668 0.1413051876 0.4827380756 -0.001308872527 0.03619765067 0.2515185253 -0.9982543146 -0.0217707646 -0.05490316219 0.01099132749 0.8448684357 -0.534861213 0.05803028631 -0.5345309722 -0.8431542716 7.051917353e-05 -0.3832791201 0
0.5783981172 0.2139957354 -0.2915994108 -0.01032258007 0.142875659 0.4820996268 -0.001339968779 0.03662021682 0.251435823 -0.9981710772 -0.0225326531 -0.05609616914 0.01137865217 0.8413231309 -0.5404127271 0.05937193717 -0.5400626528 -0.8395280246 7.246049807e-05 -0.3878272164 0
0.5860289293 0.2168189833 -0.2954464847 -0.01059139276 0.1446380188 0.4813730668 -0.00137538195 0.03709531008 0.2513416403 -0.9980739639 -0.02340982416 -0.05744860861 0.01182477687 0.8372934671 -0.5466258543 0.06089775981 -0.5462523502 -0.8354039938 7.468536915e-05 -0.3929438247 0
0.5928118734 0.2193285369 -0.298866106 -0.01083306048 0.1462005876 0.4807198755 -0.001407242168 0.03751735106 0.2512569073 -0.9979844849 -0.02420750134 -0.05865973757 0.01223064955 0.8336751988 -0.5521196195 0.06226860481 -0.5517242607 -0.8316988403 7.66997603e-05 -0.397491921 0
0.5995948176 0.2218380906 -0.3022857273 -0.01107728327 0.1477593759 0.4800597782 -0.001439461504 0.0379391405 0.2511712198 -0.9978919682 -0.02502223054 -0.05987910925 0.01264537237 0.8300229833 -0.5575858156 0.06365307772 -0.5571676006 -0.8279568531 7.87490876e-05 -0.4020400173 0
0.6072256297 0.2246613385 -0.3061328012 -0.01135507856 0.1495084447 0.4793089395 -0.001476137194 0.03841334946 0.2510736813 -0.9977841752 -0.02595934739 -0.06126052499 0.0131226098 0.8258739773 -0.563702023 0.06522681006 -0.5632568561 -0.8237033309 8.109678381e-05 -0.4071566256 0
0.6140085738 0.2271708921 -0.3095524225 -0.01160470555 0.1510590689 0.4786342355 -0.001509118796 0.03883459506 0.2509859677 -0.9976849874 -0.02681074716 -0.06249679736 0.01355639313 0.8221504632 -0.5691088121 0.06664000337 -0.5686385492 -0.8198837176 8.322153507e-05 -0.4117047219 0
0.6207915179 0.2296804458 -0.3129720437 -0.01185686359 0.1526057902 0.4779526904 -0.001542458703 0.03925558035 0.2508973019 -0.9975825574 -0.02767960398 -0.06374073036 0.01399926392 0.8183937964 -0.5744872624 0.06806659822 -0.5739907957 -0.8160278823 8.538234174e-05 -0.4162528182 0
0.62842233 0.2325036937 -0.3168191177 -0.01214355703 0.154341138 0.4771778014 -0.001580394052 0.03972887416 0.2507964153 -0.9974633652 -0.02867809054 -0.06514907605 0.01450844835 0.8141282403 -0.5805038444 0.06968744445 -0.5799765301 -0.8116470197 8.785679783e-05 -0.4213694265 0
0.6352052741 0.2350132473 -0.320238739 -0.01240106742 0.1558794366 0.4764817898 -0.001614494468 0.04014929698 0.2507057281 -0.9973538239 -0.02958445718 -0.06640865752 0.0149708756 0.810301985 -0.5858212748 0.07114227143 -0.5852652843 -0.807714878 9.009542738e-05 -0.4259175228 0
0.6419882182 0.237522801 -0.3236583602 -0.01266108409 0.1574137113 0.475779004 -0.001648952346 0.04056945074 0.2506140909 -0.9972408308 -0.03050866561 -0.06767530328 0.01544261972 0.806443392 -0.5911096184 0.07261026682 -0.5905237309 -0.8037471446 9.237125068e-05 -0.4304656191 0
0.6496190304 0.2403460489 -0.3275054342 -0.01295658857 0.1591349125 0.4749803001 -0.001688144397 0.04104179863 0.2505098645 -0.9971095029 -0.03156987434 -0.0691084825 0.01598455768 0.8020641516 -0.5970239448 0.0742774073 -0.5964029173 -0.799241157 9.497646853e-05 -0.4355822274 0
0.6564019745 0.2428556025 -0.3309250554 -0.01322190414 0.1606605087 0.4742631922 -0.001723360966 0.04146137135 0.250416211 -0.9969889482 -0.03253238811 -0.07038949486 0.01647633721 0.7981377241 -0.6022497021 0.07577313228 -0.6015960581 -0.7951984754 9.733255325e-05 -0.4401303237 0
0.6631849186 0.2453651562 -0.3343446767 -0.01348970047 0.1621819614 0.4735393792 -0.00175893413 0.04188066627 0.2503216098 -0.9968647274 -0.03351310757 -0.07167696152 0.01697765494 0.7941797943 -0.6074456466 0.07728178586 -0.6067580457 -0.7911208502 9.972698832e-05 -0.44467842 0
0.6708157307 0.248188404 -0.3381917506 -0.01379392626 0.1638885953 0.4727171029 -0.001799379825 0.04235203755 0.2502140517 -0.9967205105 -0.03463831778 -0.07313282986 0.01755312449 0.7896898063 -0.6132551652 0.07899437754 -0.612527711 -0.7864920162 0.0001024670339 -0.4497950283 0
0.6775986748 0.2506979577 -0.3416113719 -0.01406696647 0.1654011167 0.4719791165 -0.001835709803 0.04277073291 0.2501174394 -0.9965882682 -0.03565809337 -0.07443335292 0.01807493919 0.7856658381 -0.6183870046 0.08053024416 -0.6176226123 -0.7823408391 0.0001049442069 -0.4543431246 0
0.6843816189 0.2532075114 -0.3450309932 -0.01434246117 0.1669093762 0.471234496 -0.001872395477 0.04318914177 0.2500198818 -0.9964521412 -0.03669641727 -0.07573970726 0.01860650512 0.7816112225 -0.6234883278 0.08207879302 -0.6226855305 -0.7781553841 0.0001074609042 -0.4588912209 0
0.692012431 0.2560307592 -0.3488780671 -0.01465531595 0.168601027 0.4703888968 -0.001914091664 0.04365950582 0.2499090007 -0.9962942666 -0.03788683341 -0.07721607452 0.01921625519 0.7770134924 -0.6291905658 0.08383596988 -0.6283427571 -0.7734060445 0.0001103399049 -0.4640078293 0
0.6987953751 0.2585403129 -0.3522976884 -0.01493599796 0.1701001055 0.4696302558 -0.001951532217 0.04407729664 0.2498094372 -0.9961496488 -0.03896491851 -0.07853414802 0.01976876185 0.7728946752 -0.6342263138 0.08541120146 -0.6333368426 -0.769148471 0.0001129418528 -0.4685559255 0
0.7055783192 0.2610498666 -0.3557173096 -0.01521910748 0.1715948052 0.4688650536 -0.001989327542 0.04449479228 0.2497089311 -0.9960009233 -0.04006187279 -0.0798574174 0.02033122431 0.7687460844 -0.6392308653 0.08699886254 -0.6382981311 -0.7648573029 0.0001155845158 -0.4731040218 0
0.7132091314 0.2638731144 -0.3595643836 -0.01554049638 0.1732710623 0.467996388 -0.002032270969 0.0449641186 0.2495947359 -0.9958286074 -0.04131862288 -0.08135204979 0.02097597408 0.7640436838 -0.6448234314 0.088799736 -0.6438400582 -0.7599898593 0.0001186066578 -0.4782206302 0
0.7199920755 0.2663826681 -0.3629840049 -0.01582873509 0.1747563343 0.4672173223 -0.002070819177 0.04538097778 0.2494922292 -0.9956709132 -0.04245599678 -0.08268567544 0.02155980283 0.7598327674 -0.6497609872 0.09041353598 -0.6487308023 -0.7556280425 0.000121337119 -0.4827687265 0
0.7267750196 0.2688922217 -0.3664036261 -0.01611937361 0.1762371122 0.4664317703 -0.002109721204 0.04579753312 0.2493887825 -0.9955088845 -0.04361253857 -0.0840238498 0.02215378331 0.7555929692 -0.6546666899 0.09203950641 -0.6535879523 -0.7512333311 0.0001241095021 -0.4873168227 0
0.7335579637 0.2714017754 -0.3698232474 -0.01641240292 0.1777133595 0.4656397564 -0.00214897674 0.04621378187 0.2492843966 -0.9953424479 -0.04478833908 -0.0853663634 0.02275797637 0.7513245781 -0.6595403345 0.09367756311 -0.6584112567 -0.7468059528 0.0001269241967 -0.491864919 0
0.7411887758 0.2742250233 -0.3736703213 -0.01674490732 0.1793686767 0.4647410473 -0.00219356138 0.04668169178 0.2491658407 -0.9951498462 -0.04613424496 -0.08688161571 0.02344997536 0.7464888231 -0.664984613 0.0955347181 -0.6637967071 -0.7417863906 0.0001301417903 -0.4969815274 0
0.7479717199 0.2767345769 -0.3770899426 -0.0170429868 0.1808351754 0.4639353835 -0.002233567076 0.04709727983 0.2490594617 -0.9949737974 -0.04735126124 -0.08823264963 0.024076068 0.7421606403 -0.6697894647 0.09719817566 -0.6685472624 -0.7372903584 0.0001330476969 -0.5015296237 0
0.754754664 0.2792441306 -0.3805095639 -0.01734342843 0.1822970301 0.4631233352 -0.002273925292 0.04751255267 0.2489521462 -0.9947931091 -0.04858780506 -0.08958736114 0.02471255747 0.7378047792 -0.6745616334 0.09887345235 -0.6732631974 -0.7327623813 0.000135997142 -0.50607772 0
0.7623854762 0.2820673785 -0.3843566378 -0.0176842372 0.1839360209 0.4622021807 -0.002319749253 0.04797935438 0.2488302979 -0.9945841957 -0.05000235934 -0.09111554103 0.02544110661 0.7328717201 -0.6798910148 0.1007721581 -0.6785269383 -0.7276305149 0.0001393678028 -0.5111943283 0
0.7691684203 0.2845769321 -0.3877762591 -0.01798966741 0.185387888 0.461376649 -0.002360855498 0.04839394823 0.2487209951 -0.994393399 -0.05128066573 -0.09247735583 0.02609987768 0.728458028 -0.6845930892 0.1024722616 -0.6831684966 -0.7230354354 0.0001424110834 -0.5157424246 0
0.7759513644 0.2870864858 -0.3911958803 -0.01829743046 0.1868349993 0.460544812 -0.002402313246 0.04880821826 0.2486107585 -0.9941977276 -0.05257874539 -0.09384217633 0.02676922081 0.7240175886 -0.6892618807 0.1041839111 -0.6877746774 -0.7184091493 0.0001454991445 -0.5202905209 0
0.7835821765 0.2899097337 -0.3950429543 -0.01864644047 0.1884572707 0.4596014907 -0.002449372955 0.04927388157 0.2484856274 -0.9939716757 -0.05406281193 -0.09538092187 0.02753493615 0.7189904978 -0.6944742553 0.1061232076 -0.6929140469 -0.7131675739 0.0001490272384 -0.5254071292 0
0.7903651206 0.2924192873 -0.3984625756 -0.01895912904 0.1898941585 0.4587563408 -0.002491576543 0.04968745438 0.2483734096 -0.9937653928 -0.05540315152 -0.09675140766 0.02822692354 0.7144942222 -0.6990717039 0.1078590973 -0.697444261 -0.7084757708 0.0001522117892 -0.5299552255 0
0.7971480647 0.294928841 -0.4018821968 -0.01927412043 0.1913261803 0.4579049667 -0.00253413059 0.05010069481 0.2482602609 -0.9935539968 -0.05676348667 -0.09812421777 0.02892964907 0.7099721456 -0.7036352947 0.1096062541 -0.7019383585 -0.7037535151 0.0001554423767 -0.5345033218 0
0.8047788768 0.2977520889 -0.4057292708 -0.01963122619 0.192931345 0.4569397638 -0.002582422376 0.0505651896 0.248131857 -0.9933099687 -0.05831784692 -0.09967113353 0.02973311442 0.7048543502 -0.7087286413 0.1115851605 -0.7069507577 -0.6984048813 0.0001591323199 -0.5396199301 0
0.8115618209 0.3002616425 -0.409148892 -0.01995107862 0.194352911 0.456075251 -0.002625720015 0.05097771464 0.2480167331 -0.9930874516 -0.05972088917 -0.1010481514 0.03045882723 0.7002784643 -0.7132196943 0.1133559586 -0.7113673368 -0.6936187273 0.0001624620815 -0.5441680264 0
0.8183447651 0.3027711962 -0.4125685133 -0.02027320318 0.1957695025 0.4552045971 -0.002669367041 0.05138989876 0.2479006813 -0.9928595801 -0.0611441255 -0.1024268034 0.03119543494 0.6956777386 -0.7176763399 0.1151377392 -0.7157470782 -0.6888028899 0.0001658391497 -0.5487161227 0
0.8259755772 0.305594444 -0.4164155872 -0.02063829681 0.197357179 0.4542178042 -0.002718887138 0.051853195 0.2477690149 -0.9925967278 -0.0627694773 -0.103979463 0.03203720135 0.6904726176 -0.7226487266 0.1171552548 -0.7206299724 -0.6833499024 0.0001696954074 -0.553832731 0
0.8327585213 0.3081039977 -0.4198352085 -0.0209652165 0.1987630858 0.4533341897 -0.00276327545 0.05226464563 0.2476509942 -0.9923572198 -0.06423581704 -0.1053608473 0.03279711943 0.6858201401 -0.7270316942 0.1189600659 -0.724930683 -0.6784718178 0.000173174363 -0.5583808273 0
0.8395414654 0.3106135514 -0.4232548298 -0.02129437697 0.2001639112 0.4524445187 -0.002808012051 0.05267574683 0.2475320484 -0.9921121136 -0.06572252528 -0.1067431673 0.03356807971 0.681143798 -0.7313797307 0.1207755692 -0.7291938536 -0.6735648341 0.000176701909 -0.5629289236 0
0.8471722775 0.3134367992 -0.4271019037 -0.02166734829 0.2017337239 0.4514364336 -0.002858756595 0.05313781462 0.2473971301 -0.9918295796 -0.06741948177 -0.1082991157 0.03444866503 0.6758547793 -0.7362293167 0.1228306739 -0.7339447736 -0.6680102505 0.0001807289937 -0.5680455319 0
0.8539552216 0.3159463529 -0.430521525 -0.02200123659 0.2031236393 0.450533984 -0.002904232119 0.05354816427 0.2472762219 -0.9915723161 -0.06894963822 -0.109682676 0.03524323856 0.6711287717 -0.7405025901 0.1246685853 -0.738127441 -0.6630427019 0.0001843611687 -0.5725936282 0
0.8607381657 0.3184559066 -0.4339411463 -0.02233733368 0.2045083683 0.4496255644 -0.002950054805 0.05395815602 0.2471543919 -0.991309208 -0.0705003132 -0.1110664664 0.03604899201 0.6663798876 -0.7447404351 0.1265168933 -0.742271885 -0.6580470534 0.0001880432308 -0.5771417245 0
0.8683689778 0.3212791544 -0.4377882202 -0.02271807019 0.2060599475 0.4485964912 -0.003002019838 0.05441896555 0.2470162323 -0.9910061268 -0.07226940183 -0.1126232225 0.03696888044 0.6610104456 -0.7494654713 0.1286085478 -0.7468884283 -0.6523936826 0.0001922457015 -0.5822583328 0
0.875151922 0.3237887081 -0.4412078415 -0.02305882645 0.2074335449 0.4476754785 -0.003048579025 0.05482818777 0.2468924465 -0.9907303358 -0.07386381772 -0.1140067462 0.03779852955 0.6562140094 -0.7536275241 0.1304786301 -0.7509509374 -0.6473391822 0.0001960351621 -0.5868064291 0
0.8819348661 0.3262982617 -0.4446274627 -0.02340175887 0.2088018524 0.4467485841 -0.003095484221 0.05523704364 0.2467677418 -0.990448452 -0.07547887754 -0.1153897875 0.03863948662 0.6513956973 -0.7577536774 0.1323588081 -0.7549745589 -0.6422573949 0.0001998758194 -0.5913545254 0
0.8887178102 0.3288078154 -0.448047084 -0.02374685687 0.2101648373 0.4458158364 -0.003142735051 0.05564553046 0.2466421194 -0.9901603954 -0.07711461617 -0.1167721171 0.03949179057 0.646555832 -0.7618437862 0.1342489845 -0.7589590846 -0.637148584 0.0002037680952 -0.5959026217 0
0.8963486223 0.3316310633 -0.4518941579 -0.02413766742 0.2116917927 0.4447595345 -0.003196304906 0.05610463365 0.2464996984 -0.9898288538 -0.07897957991 -0.118326101 0.04046424272 0.641085624 -0.766401897 0.1363872622 -0.7633946873 -0.6313691995 0.0002082091325 -0.60101923 0
0.9031315664 0.3341406169 -0.4553137792 -0.02448733188 0.2130433594 0.4438144443 -0.003244288953 0.05651232731 0.2463721291 -0.9895274142 -0.08065936513 -0.1197061544 0.04134078336 0.6362010347 -0.7704149422 0.1382983594 -0.7672954518 -0.6262038434 0.0002122125038 -0.6055673263 0
0.9099145105 0.3366501706 -0.4587334005 -0.02483912847 0.2143895024 0.4428635914 -0.003292617445 0.05691964351 0.2462436453 -0.9892195511 -0.08235992166 -0.121084776 0.04222878596 0.6312959077 -0.7743915072 0.1402191474 -0.7711564823 -0.621012295 0.0002162688199 -0.6101154226 0
0.9175453226 0.3394734185 -0.4625804744 -0.0252374347 0.2158973906 0.4417870298 -0.003347398238 0.05737741973 0.2460980092 -0.9888654268 -0.08429790609 -0.1226337256 0.04324153271 0.6257534985 -0.7788213716 0.1423914937 -0.7754523983 -0.6151408298 0.0002208959927 -0.615232031 0
0.9243282667 0.3419829721 -0.4660000957 -0.02559372601 0.2172319025 0.4408240283 -0.003396457392 0.05778392495 0.2459675855 -0.9885436463 -0.08604267906 -0.1240085352 0.04415400602 0.6208058169 -0.7827199764 0.1443325437 -0.7792283331 -0.6098945169 0.0002250662359 -0.6197801273 0
0.9311112109 0.3444925258 -0.469419717 -0.02595211538 0.2185608916 0.439855356 -0.003445859775 0.05819004435 0.2458362506 -0.98821519 -0.08780829065 -0.125381188 0.04507804645 0.6158386236 -0.7865816927 0.1462829721 -0.782963916 -0.6046228563 0.0002292907623 -0.6243282235 0
0.938742023 0.3473157737 -0.4732667909 -0.02635779753 0.2200493637 0.4387588585 -0.003501847231 0.05864646416 0.2456874109 -0.9878375964 -0.08981953241 -0.1269225541 0.04613145747 0.6102276201 -0.7908818751 0.1484882883 -0.7871179729 -0.5986622795 0.0002341087768 -0.6294448319 0
0.9455249671 0.3498253273 -0.4766864122 -0.02672060858 0.2213665128 0.4377782351 -0.003551977664 0.05905175481 0.2455541432 -0.9874946853 -0.09162947661 -0.1282898494 0.04708018146 0.6052200626 -0.7946647924 0.1504583097 -0.7907671685 -0.5933376629 0.0002384500879 -0.6339929282 0
0.9523079112 0.352334881 -0.4801060334 -0.02708548303 0.2226780417 0.4367920346 -0.003602450083 0.05945665131 0.2454199677 -0.9871448452 -0.09346030139 -0.1296542584 0.04804056769 0.600194029 -0.7984104405 0.1524373922 -0.7943754148 -0.5879885559 0.0002428470331 -0.6385410245 0
0.9599387233 0.3551581289 -0.4839531074 -0.02749841923 0.2241467554 0.4356759305 -0.003659639834 0.0599116854 0.2452679364 -0.9867428913 -0.09554494801 -0.1311854771 0.04913497746 0.5945180713 -0.8025796016 0.1546745631 -0.798385512 -0.5819418818 0.000247860638 -0.6436576328 0
0.9667216674 0.3576676825 -0.4873727286 -0.02786764108 0.2254462394 0.4346779797 -0.003710837633 0.06031573547 0.2451318353 -0.9863780567 -0.0974201675 -0.132542975 0.05012023871 0.5894538834 -0.8062456704 0.1566725596 -0.8019061231 -0.5765416539 0.000252377251 -0.6482057291 0
0.9735046115 0.3601772362 -0.4907923499 -0.02823889107 0.2267400078 0.4336745471 -0.00376237615 0.06071938307 0.2449948299 -0.9860060387 -0.09931628402 -0.1338968538 0.05111724725 0.5843722634 -0.8098741166 0.1586792953 -0.8053852081 -0.5711178055 0.0002569508609 -0.6527538254 0
0.9811354236 0.363000484 -0.4946394238 -0.02865895738 0.2281886275 0.4325391714 -0.003820763732 0.06117300225 0.2448396192 -0.9855788303 -0.1014743933 -0.1354153487 0.05225295473 0.5786350225 -0.8139110145 0.1609471898 -0.8092493177 -0.5649880918 0.0002621648473 -0.6578704337 0
0.9879183678 0.3655100377 -0.4980590451 -0.02903447926 0.2294701501 0.4315241925 -0.003873024902 0.06157578582 0.2447006957 -0.9851912766 -0.1034149123 -0.136760756 0.05327500823 0.5735174756 -0.8174591603 0.1629721509 -0.8126395641 -0.5595149836 0.0002668610335 -0.66241853 0
