0.007854901963 0.004090597295 0.002366917608 -2.731144751e-06 0.002002986909 0.5099947556 -3.422253497e-07 0.0004990135452 0.2549993487 -0.9999999999 -8.241157368e-08 -1.590523845e-05 4.189875281e-08 0.9999694583 -0.007815526306 1.590539676e-05 -0.007815526306 -0.9999694582 3.398170199e-08 0.003148000419 0
0.01470980393 0.00766042459 0.004432505217 -9.577952488e-06 0.003750914022 0.5099816081 -1.206726882e-06 0.0009362056659 0.2549977034 -0.9999999984 -5.435797949e-07 -5.577688581e-05 2.728060938e-07 0.999892894 -0.01463559064 5.577886738e-05 -0.01463559063 -0.9998928925 5.6427049e-08 0.005895231938 0
0.02242156863 0.0116764803 0.006756291276 -2.225271431e-05 0.005717195519 0.5099572696 -2.813757489e-06 0.001428744003 0.2549946447 -0.9999999916 -1.926438377e-06 -0.0001295802785 9.646023158e-07 0.9997511655 -0.02230710841 0.0001295910077 -0.02230710835 -0.9997511571 3.42567339e-08 0.008985867397 0
0.0292764706 0.01524630759 0.008821878885 -3.793836958e-05 0.007464822183 0.5099271495 -4.805442314e-06 0.00186661497 0.2549908539 -0.9999999756 -4.289257575e-06 -0.0002209036131 2.146347022e-06 0.9995757815 -0.02912485166 0.0002209348257 -0.02912485143 -0.9995757571 2.130394913e-08 0.01173309892 0
0.0369882353 0.0192623633 0.01114566494 -6.055560417e-05 0.009430633095 0.5098837191 -7.678820994e-06 0.002359144714 0.2549853848 -0.9999999378 -8.650249863e-06 -0.0003525597262 4.327243664e-06 0.9993229181 -0.0367927343 0.0003526392807 -0.03679273354 -0.9993228559 1.14090349e-07 0.01482373438 0
0.04384313727 0.02283219059 0.01321125255 -8.507756849e-05 0.01117772363 0.5098366312 -1.079496964e-05 0.002796871112 0.2549794537 -0.9999998772 -1.440545753e-05 -0.0004952719916 7.205243104e-06 0.9990487913 -0.04360633656 0.0004954290538 -0.04360633477 -0.9990486685 2.211248471e-07 0.01757096589 0
0.05069803923 0.02640201789 0.01527684016 -0.00011375651 0.01292448035 0.5097815609 -1.443989102e-05 0.003234531141 0.2549725161 -0.9999997805 -2.227231937e-05 -0.0006621355011 1.113913275e-05 0.9987282361 -0.05041736092 0.0006624163327 -0.05041735723 -0.9987280167 3.494552912e-07 0.02031819741 0
0.05840980394 0.0304180736 0.01760062622 -0.0001509879206 0.01488911771 0.5097100679 -1.917233093e-05 0.003726828048 0.2549635086 -0.9999996134 -3.405669493e-05 -0.0008786934678 1.703195503e-05 0.998312154 -0.05807618104 0.0008791882514 -0.05807617356 -0.9983117675 5.183250249e-07 0.02340883287 0
0.0652647059 0.03398790089 0.01966621383 -0.0001884968407 0.0166349919 0.5096380421 -2.394054273e-05 0.004164367742 0.254954433 -0.9999993974 -4.75039376e-05 -0.00109678947 2.375629602e-05 0.9978930475 -0.06488039201 0.001097560661 -0.06488037897 -0.997892445 6.897728866e-07 0.02615606439 0
0.07297647061 0.0380039566 0.02198999989 -0.0002356587598 0.018598504 0.5095474802 -2.993648861e-05 0.004656538415 0.2549430206 -0.9999990581 -6.640130567e-05 -0.001370904518 3.320604041e-05 0.9973661923 -0.07253052657 0.00137210994 -0.07253050378 -0.9973652507 9.064055744e-07 0.02924669985 0
0.07983137257 0.04157378389 0.0240555875 -0.0002819915887 0.02034326032 0.5094585103 -3.582766428e-05 0.005093969777 0.2549318076 -0.9999986513 -8.691248307e-05 -0.001640083102 4.346287527e-05 0.9968487178 -0.07932611087 0.001641809166 -0.07932607516 -0.9968473696 1.119982029e-06 0.03199393137 0
0.08754313728 0.0455898396 0.02637937356 -0.0003390763846 0.02230538249 0.5093488942 -4.308678021e-05 0.005586019309 0.254917991 -0.9999980499 -0.0001145893987 -0.0019715668 5.730319187e-05 0.9962113203 -0.08696552219 0.001974062492 -0.08696546558 -0.996209371 1.383858283e-06 0.03508456683 0
0.09439803924 0.04915966689 0.02844496116 -0.000394225625 0.02404878576 0.5092429947 -5.010062617e-05 0.006023341463 0.2549046412 -0.9999973639 -0.0001436434862 -0.002291642915 7.183241204e-05 0.9955957044 -0.09375067078 0.002295016515 -0.09375058825 -0.9955930695 1.639405192e-06 0.03783179835 0
0.1021098039 0.0531757226 0.03076874722 -0.0004612240609 0.02600925359 0.5091143421 -5.862257368e-05 0.006515264628 0.2548884209 -0.9999963916 -0.0001817608136 -0.002680267359 9.089427726e-05 0.9948480434 -0.1013773265 0.002684885163 -0.1013772043 -0.994844437 1.950554318e-06 0.04092243381 0
0.1089647059 0.0567455499 0.03283433483 -0.0005251807893 0.0277510689 0.5089915303 -6.675877539e-05 0.006952470257 0.2548729348 -0.9999953212 -0.0002208312483 -0.003051020919 0.0001104331724 0.9941345555 -0.1081502354 0.003057008276 -0.1081500663 -0.9941298798 2.248220029e-06 0.04366966533 0
0.1166764706 0.0607616056 0.03515812089 -0.0006020820249 0.02970961824 0.5088438619 -7.654318099e-05 0.007444256702 0.2548543117 -0.9999938504 -0.0002710430832 -0.00349651886 0.0001355443827 0.9932769582 -0.1157621093 0.003504388136 -0.1157618714 -0.9932708132 2.60690535e-06 0.04676030079 0
0.1235313726 0.0643314329 0.0372237085 -0.0006748358935 0.03144961097 0.5087041575 -8.580138689e-05 0.007881335233 0.2548366901 -0.9999922741 -0.0003215968087 -0.003917694877 0.0001608271915 0.9924659105 -0.1225209807 0.003927580969 -0.1225206642 -0.992458191 2.946988873e-06 0.0495075323 0
0.1303862745 0.06790126019 0.03928929611 -0.0007517256069 0.0331886649 0.5085565113 -9.558746105e-05 0.008318349762 0.2548180638 -0.9999904128 -0.0003780599425 -0.004362500967 0.0001890661001 0.9916090724 -0.1292726261 0.004374768339 -0.1292722115 -0.9915994941 3.307165361e-06 0.05225476382 0
0.1380980393 0.0719173159 0.04161308217 -0.0008431667258 0.03514391388 0.508380923 -0.0001072276473 0.008809911049 0.2547959085 -0.9999879378 -0.0004490459181 -0.004891068613 0.0002245693216 0.9905904992 -0.1368590968 0.004906502118 -0.1368585444 -0.9905784497 3.736500422e-06 0.05534539928 0
0.1449529412 0.0754871432 0.04367866978 -0.0009288357788 0.03688080078 0.5082164184 -0.0001181351304 0.009246779989 0.2547751478 -0.9999853614 -0.0005191358148 -0.005385859091 0.0002596254241 0.9896366377 -0.1435940734 0.005404588308 -0.1435933697 -0.989622016 4.139700311e-06 0.0580926308 0
0.1526647059 0.0795031989 0.04600245584 -0.001030146055 0.03883348031 0.508021879 -0.0001310366488 0.009738169907 0.2547505917 -0.9999819928 -0.0006062670219 -0.005970472364 0.0003032062843 0.9885091419 -0.1511607898 0.005993510315 -0.1511598781 -0.9884911578 4.617707536e-06 0.06118326626 0
0.1595196079 0.0830730262 0.04806804344 -0.00112458059 0.04056796644 0.5078405427 -0.0001430650799 0.01017487963 0.2547276975 -0.9999785387 -0.0006914305075 -0.006514906692 0.0003458043673 0.987458674 -0.1578773184 0.006542362318 -0.157876183 -0.9874372427 5.064427449e-06 0.06393049778 0
0.1672313726 0.0870890819 0.0503918295 -0.001235743637 0.04251781379 0.5076270837 -0.000157227386 0.01066608256 0.2547007418 -0.9999740844 -0.0007963292535 -0.007155163167 0.0003982757272 0.9862227484 -0.1654222836 0.007188315287 -0.1654208463 -0.9861968727 5.591699367e-06 0.06702113324 0
0.1740862746 0.0906589092 0.05245741711 -0.00133892838 0.04424966583 0.5074289449 -0.0001703762581 0.01110261898 0.254675715 -0.9999695739 -0.0008980033744 -0.007748866513 0.0004491359825 0.9850761331 -0.1721185939 0.007787786539 -0.1721168373 -0.9850457577 6.08249471e-06 0.06976836476 0
0.1817980393 0.09467496491 0.05478120317 -0.001459926219 0.04619641879 0.5071966008 -0.0001857987553 0.01159361888 0.2546463608 -0.9999638235 -0.001022280438 -0.008444325303 0.0005113052864 0.9837323177 -0.179639822 0.008490597978 -0.1796376409 -0.983696207 6.65968726e-06 0.07285900022 0
0.1886529412 0.0982447922 0.05684679078 -0.001571844482 0.0479254039 0.5069816916 -0.0002000675145 0.01202996761 0.2546192025 -0.9999580614 -0.001141891526 -0.009086888757 0.0005711428713 0.9824900559 -0.1863141536 0.009140528396 -0.1863115298 -0.9824481995 7.195167939e-06 0.07560623174 0
0.1963647059 0.1022608479 0.05917057684 -0.001702657546 0.04986880081 0.5067304999 -0.0002167495535 0.01252074818 0.254587451 -0.9999507864 -0.00128714511 -0.009837070771 0.0006438116537 0.9810389377 -0.1938096701 0.009900010628 -0.1938064652 -0.9809898286 7.822996702e-06 0.0786968672 0
0.2032196079 0.1058306752 0.06123616445 -0.001823291232 0.05159468666 0.5064988551 -0.0002321375995 0.01295689463 0.2545581624 -0.9999435616 -0.001426107854 -0.01052805159 0.0007133362544 0.9797015718 -0.2004602736 0.01060022666 -0.20045647 -0.9796452617 8.403824413e-06 0.08144409871 0
0.2100745099 0.1094005025 0.06330175206 -0.001948019631 0.05331903381 0.5062593474 -0.0002480521475 0.01339294082 0.2545278717 -0.9999355707 -0.001574663226 -0.01124165426 0.0007876633508 0.9783196506 -0.2070991088 0.01132404262 -0.2070946202 -0.9782553779 9.006235134e-06 0.08419133023 0
0.2177862746 0.1134165582 0.06562553811 -0.002093227975 0.05525702129 0.5059805135 -0.0002665851637 0.01388336886 0.2544925972 -0.9999256007 -0.001753639066 -0.01207136166 0.0008772150494 0.976711898 -0.214553254 0.01216649153 -0.2145478806 -0.976637693 9.709948382e-06 0.08728196569 0
0.2246411765 0.1169863855 0.06769112572 -0.002226642629 0.05697792855 0.5057243262 -0.0002836180302 0.01431919111 0.2544601781 -0.9999158076 -0.001923603432 -0.01283266969 0.0009622619694 0.9752357452 -0.2211658096 0.0129403135 -0.2211595375 -0.9751517868 1.035876936e-05 0.09002919721 0
0.2323529412 0.1210024412 0.07001491178 -0.002381611071 0.0589119162 0.5054267506 -0.0003034087582 0.01480935889 0.2544225099 -0.9999036714 -0.002127443737 -0.01371575474 0.001064264954 0.9735223386 -0.2285894212 0.01383890476 -0.2285819987 -0.9734262964 1.111512763e-05 0.09311983267 0
0.2392078432 0.1245722685 0.07208049939 -0.002523690414 0.0606291527 0.5051539251 -0.0003215592268 0.01524494239 0.2543879636 -0.9998918257 -0.002320199083 -0.01452424292 0.001160726016 0.9719525981 -0.2351739778 0.01466252609 -0.2351653967 -0.9718447646 1.181114103e-05 0.09586706419 0
0.2469196079 0.1285883242 0.07440428545 -0.002688393907 0.06255888115 0.504837656 -0.0003426068343 0.01573483321 0.2543479032 -0.9998772328 -0.002550450381 -0.01546009626 0.001275957539 0.9701342845 -0.2425651294 0.01561701975 -0.2425550767 -0.9700119295 1.262105054e-05 0.09895769965 0
0.2537745099 0.1321581515 0.07646987306 -0.002839114976 0.06427221668 0.5045482363 -0.0003618741418 0.01617016308 0.2543112314 -0.9998630685 -0.002767363884 -0.01631520657 0.001384520102 0.9684716402 -0.2491199814 0.01649022051 -0.2491084578 -0.9683351945 1.336508495e-05 0.1017049312 0
0.2614862746 0.1361742072 0.07879365912 -0.003013526904 0.06619742733 0.5042133247 -0.0003841777437 0.01665976018 0.2542687805 -0.999845711 -0.003025555536 -0.01730318207 0.001513749347 0.9665492119 -0.2564767621 0.01750036168 -0.2564633832 -0.9663955041 1.422950345e-05 0.1047955666 0
0.2683411765 0.1397440345 0.08085924673 -0.003172865344 0.06790663237 0.5039073577 -0.0004045610798 0.01709482152 0.2542299846 -0.9998289468 -0.003267978664 -0.01820432394 0.001635093389 0.9647943882 -0.2630002186 0.01842290869 -0.2629849973 -0.9646240136 1.502243267e-05 0.1075427981 0
0.2751960785 0.1433138618 0.08292483433 -0.003336250194 0.06961381444 0.5035936206 -0.0004254693122 0.01752975132 0.2541901896 -0.9998108574 -0.003522869265 -0.0191269142 0.001762685323 0.9629964478 -0.2695083199 0.01936859301 -0.2694910592 -0.9628080944 1.583868616e-05 0.1102900297 0
0.2829078432 0.1473299175 0.08524862039 -0.003524887593 0.07153191321 0.5032313928 -0.0004496182462 0.01801888602 0.2541442267 -0.9997888389 -0.003824889498 -0.02019028978 0.001913878701 0.9609224428 -0.2768111198 0.02046007452 -0.2767913099 -0.960712213 1.678511004e-05 0.1133806651 0
0.2897627452 0.1508997448 0.087314208 -0.003696851478 0.07323462864 0.5029011819 -0.0004716412307 0.01845352534 0.2541023101 -0.9997677081 -0.004107246794 -0.02115798479 0.002055237799 0.9590334597 -0.2832853669 0.02145473827 -0.2832630467 -0.9588022427 1.765162307e-05 0.1161278966 0
0.2974745099 0.1549158005 0.08963799406 -0.003895124858 0.07514757429 0.5025204508 -0.0004970437464 0.01894232484 0.2540539613 -0.9997420909 -0.004440905835 -0.02227173102 0.002222291652 0.9568574884 -0.2905491495 0.02260117402 -0.2905237085 -0.9566008372 1.865513476e-05 0.1192185321 0
0.3043294118 0.1584856278 0.09170358167 -0.004075640004 0.07684559545 0.5021738195 -0.000520180557 0.01937665874 0.2540099249 -0.9997176001 -0.004752038719 -0.0232838614 0.002378077879 0.9548782841 -0.2969878908 0.02364455158 -0.2969593923 -0.9545973259 1.957288796e-05 0.1219657636 0
0.3120411765 0.1625016835 0.09402736773 -0.004283517344 0.0787531324 0.5017746465 -0.0005468355865 0.01986510623 0.2539591924 -0.9996880173 -0.005118798653 -0.02444720761 0.002561729771 0.9526012923 -0.3042108075 0.02484563543 -0.3041785262 -0.9522909842 2.063461403e-05 0.1250563991 0
0.3188960785 0.1660715108 0.09609295534 -0.004472554601 0.08044623254 0.5014116508 -0.0005710852506 0.02029911977 0.253913038 -0.999659833 -0.005459997285 -0.02550307274 0.002732594286 0.9505327267 -0.3106124088 0.02593744818 -0.3105764382 -0.9501944668 2.160462928e-05 0.1278036306 0
0.3266078432 0.1700875665 0.0984167414 -0.004690002337 0.08234810616 0.5009941004 -0.0005989916732 0.02078719846 0.2538599238 -0.9996259013 -0.005861298641 -0.02671521332 0.002933571649 0.9481557032 -0.3177926314 0.02719285939 -0.3177521166 -0.9477838049 2.27257421e-05 0.1308942661 0
0.3334627452 0.1736573938 0.100482329 -0.004887531185 0.0840360594 0.5006147989 -0.0006243531713 0.0212208767 0.2538116534 -0.9995936755 -0.006233833594 -0.02781408176 0.003120156406 0.9459986743 -0.3241554765 0.02833281577 -0.3241105484 -0.9455948413 2.374908145e-05 0.1336414976 0
0.3411745099 0.1776734495 0.1028061151 -0.005114514215 0.08593201609 0.5001789385 -0.0006535098139 0.02170856977 0.2537561598 -0.9995549954 -0.006671094394 -0.02907417669 0.003339176088 0.9435226508 -0.3312911973 0.02964221911 -0.331240855 -0.9430805028 2.493079795e-05 0.136732133 0
0.3480294119 0.1812432768 0.1048717027 -0.005320502772 0.08761459748 0.4997833923 -0.0006799820798 0.02214189777 0.2537057755 -0.9995183658 -0.007076215818 -0.0302152866 0.003542113438 0.9412780941 -0.337613689 0.03083001471 -0.3375581087 -0.9407996776 2.600856249e-05 0.1394793646 0
0.3548843138 0.1848131041 0.1069372903 -0.00553046095 0.08929457338 0.4993802236 -0.0007069766778 0.02257505579 0.253654397 -0.9994795345 -0.007497098605 -0.03137600268 0.0037529621 0.9389926822 -0.3439166439 0.0320402139 -0.3438554001 -0.9384758327 2.711233073e-05 0.1422265961 0
0.3625960785 0.1888291598 0.1092610763 -0.00577139949 0.09118137024 0.4989175654 -0.0007379696375 0.02306215126 0.2535954087 -0.9994331119 -0.007989767436 -0.03270502148 0.003999793573 0.9363730324 -0.3509836832 0.03342837814 -0.3509155281 -0.9358102562 2.838547161e-05 0.1453172315 0
0.3694509805 0.1923989871 0.1113266639 -0.005989768025 0.09285564522 0.4984982468 -0.0007660733506 0.0234949371 0.2535419195 -0.9993893185 -0.008445036315 -0.03390680441 0.004227906498 0.934001536 -0.357243972 0.03468594572 -0.3571691645 -0.9333954538 2.954535287e-05 0.1480644631 0
0.3771627452 0.1964150428 0.11365045 -0.00624014859 0.09473590327 0.4980174576 -0.0007983134067 0.02398160548 0.2534805577 -0.9993370923 -0.008977065496 -0.03528155774 0.004494503172 0.9312856134 -0.3642621387 0.03612721222 -0.3641792396 -0.9306279095 3.08822869e-05 0.1511550985 0
0.3840176472 0.1999848701 0.1157160376 -0.006466892259 0.09640425484 0.4975820568 -0.0008275250535 0.02441400422 0.25342496 -0.9992879401 -0.009467916641 -0.03652357253 0.004740487334 0.9288290589 -0.3704782142 0.03743181235 -0.370387551 -0.9281227944 3.209947395e-05 0.15390233 0
0.3917294119 0.2040009258 0.1180398237 -0.006726674466 0.09827772433 0.4970832143 -0.0008610108508 0.02490022873 0.2533612275 -0.9992294563 -0.01004063891 -0.03794310479 0.005027525957 0.9260180383 -0.3774457798 0.03892579624 -0.3773457013 -0.9252540214 3.350156295e-05 0.1569929655 0
0.3985843138 0.2075707531 0.1201054113 -0.006961756703 0.09993993105 0.4966318016 -0.0008913292034 0.02533222548 0.2533035236 -0.9991745352 -0.01056824525 -0.0392244877 0.005291977404 0.9234774877 -0.3836161164 0.04027708056 -0.3835070299 -0.9226592626 3.477728378e-05 0.159740197 0
0.4062960785 0.2115868088 0.1224291973 -0.007230898662 0.1018063635 0.4961149862 -0.0009260593342 0.02581798938 0.253237423 -0.999109325 -0.01118296675 -0.0406878112 0.005600122227 0.9205725839 -0.390531377 0.04182338289 -0.3904113972 -0.9196900269 3.624592858e-05 0.1628308325 0
0.4131509805 0.2151566361 0.124494785 -0.007474281568 0.103462205 0.4956476341 -0.0009574831183 0.02624956925 0.2531776154 -0.9990482115 -0.01174847722 -0.04200767023 0.005883625708 0.9179491343 -0.3966544715 0.04322099054 -0.3965240977 -0.9170063173 3.758144527e-05 0.165578064 0
0.4200058825 0.2187264634 0.1265603726 -0.007721557177 0.1051149752 0.4951728072 -0.0009894266511 0.02668094779 0.2531168186 -0.9989840338 -0.01233221543 -0.04334531909 0.006176293881 0.9152870631 -0.4027548206 0.04464026902 -0.4026133488 -0.914280995 3.894554737e-05 0.1683252955 0
0.4277176472 0.2227425191 0.1288841586 -0.008004384242 0.1069706103 0.4946297132 -0.001025984017 0.02716600391 0.2530472407 -0.9989080491 -0.01301101535 -0.0448711812 0.006516656677 0.9122463846 -0.4095901207 0.04626275617 -0.4094352785 -0.911165468 4.051469216e-05 0.171415931 0
0.4345725491 0.2263123464 0.1309497462 -0.008259902376 0.1086166934 0.4941390587 -0.001059031023 0.02759694372 0.252984344 -0.998837033 -0.01363430202 -0.04624594418 0.006829215534 0.9095030907 -0.4156410589 0.0477278049 -0.4154735055 -0.908352257 4.194050588e-05 0.1741631625 0
0.4422843138 0.2303284021 0.1332735323 -0.008551979307 0.1104646829 0.4935782028 -0.001096829021 0.02808149792 0.2529124052 -0.9987531009 -0.01435820863 -0.04781302361 0.007192269413 0.9063716968 -0.4224199552 0.04940156519 -0.4222371243 -0.9051382746 4.357982676e-05 0.1772537979 0
0.4491392158 0.2338982294 0.1353391199 -0.008815698801 0.1121038615 0.4930717998 -0.001130978111 0.02851198415 0.2528474112 -0.9986747915 -0.01502213006 -0.04922394118 0.00752527426 0.9035483617 -0.4284200372 0.05091199293 -0.428222715 -0.9022379261 4.506869393e-05 0.1800010295 0
0.4568509805 0.2379142851 0.137662906 -0.009116978551 0.1139439616 0.4924932724 -0.001170015153 0.02899601972 0.2527731144 -0.9985823935 -0.01579235058 -0.05083114354 0.007911636944 0.9003276002 -0.4351409178 0.0526365794 -0.4349262168 -0.8989263465 4.677971775e-05 0.1830916649 0
0.4637058825 0.2414841124 0.1397284936 -0.009388856933 0.1155760193 0.4919712024 -0.001205264891 0.02942603755 0.2527060259 -0.9984963237 -0.01649796647 -0.05227722978 0.008265630566 0.8974254386 -0.441088723 0.05419198282 -0.4408575726 -0.8959396351 4.833301069e-05 0.1858388964 0
0.4714176472 0.2455001681 0.1420522796 -0.00969929099 0.1174079875 0.4913750965 -0.001245539335 0.02990953784 0.2526293743 -0.9983949273 -0.01731567776 -0.05392343133 0.008675905498 0.8941166941 -0.447750004 0.05596693494 -0.4474991673 -0.8925313426 5.0117298e-05 0.1889295319 0
0.4782725491 0.2490699954 0.1441178672 -0.009979284488 0.1190327095 0.4908374436 -0.00128188824 0.03033907247 0.2525601941 -0.9983006181 -0.01806402046 -0.05540367456 0.009051417815 0.8911369528 -0.4536441372 0.05756689869 -0.4533747044 -0.8894590657 5.17364185e-05 0.1916767634 0
0.4859843138 0.2530860511 0.1464416533 -0.01029882288 0.1208563046 0.4902238553 -0.001323398395 0.03082202084 0.2524811911 -0.9981896779 -0.01893036825 -0.0570877229 0.009486193783 0.887741646 -0.4602442635 0.05939174249 -0.4599526184 -0.8859549705 5.359556247e-05 0.1947673989 0
0.4928392158 0.2566558784 0.1485072409 -0.01058688643 0.1224734772 0.489670706 -0.001360844939 0.03125105747 0.2524099221 -0.9980866385 -0.01972244207 -0.05860108623 0.009883741527 0.8846856035 -0.4660833558 0.06103583932 -0.4657707678 -0.8827979487 5.52819408e-05 0.1975146304 0
0.4996941178 0.2602257057 0.1505728285 -0.0108787317 0.1240870237 0.489110295 -0.001398807478 0.03167985465 0.2523376713 -0.9979793178 -0.02053543459 -0.06012966966 0.01029183384 0.881594106 -0.4718960802 0.06270055346 -0.4715613728 -0.8796013372 5.700047265e-05 0.2002618619 0
0.5074058825 0.2642417614 0.1528966146 -0.011211565 0.1258978708 0.4884711773 -0.001442131669 0.03216196119 0.2522552162 -0.9978533246 -0.02147532067 -0.0618672229 0.01076367868 0.8780741564 -0.4784035108 0.06459787836 -0.4780424527 -0.8759580627 5.897266008e-05 0.2033524974 0
0.5142607844 0.2678115887 0.1549622022 -0.01151141172 0.1275035563 0.4878954016 -0.001481189517 0.03259023868 0.2521808811 -0.9977365316 -0.02233346888 -0.06342735712 0.01119454168 0.8749082939 -0.4841592294 0.06630607589 -0.4837733905 -0.8726779537 6.076060287e-05 0.2060997289 0
0.5219725492 0.2718276444 0.1572859882 -0.01185321972 0.1293054413 0.4872390504 -0.001525745013 0.03307175228 0.252096083 -0.9975995922 -0.02332468358 -0.06519979144 0.01169227705 0.8713054413 -0.4906017923 0.06825206462 -0.4901864819 -0.8689412343 6.28117159e-05 0.2091903644 0
0.5288274511 0.2753974717 0.1593515758 -0.01216101969 0.1309030555 0.4866480026 -0.001565896529 0.03349949535 0.2520196667 -0.997472809 -0.02422891961 -0.06679037996 0.0121463935 0.8680665679 -0.496299203 0.07000328939 -0.4958562223 -0.8655785038 6.467056624e-05 0.2119375959 0
0.5365392158 0.2794135274 0.1616753619 -0.01251174742 0.1326957427 0.4859745234 -0.001611681458 0.03398039946 0.2519325291 -0.9973243345 -0.02527249461 -0.06859644878 0.01267055452 0.8643823518 -0.5026754489 0.07199742229 -0.5021996126 -0.8617493372 6.680230292e-05 0.2150282313 0
0.5433941178 0.2829833547 0.1637409495 -0.01282745116 0.134285077 0.4853682986 -0.001652924954 0.03440759343 0.251854035 -0.9971870324 -0.02622372028 -0.07021637211 0.01314839292 0.8610718502 -0.5083132779 0.07379120666 -0.5078066416 -0.8583048833 6.873358273e-05 0.2177754629 0
0.5511058825 0.2869994104 0.1660647356 -0.01318704227 0.1360683324 0.4846777997 -0.001699937393 0.03488787152 0.2517645616 -0.9970264225 -0.02732065278 -0.07205480333 0.01369949849 0.8573078426 -0.51462179 0.07583295123 -0.5140786369 -0.8543842921 7.094766907e-05 0.2208660983 0
0.5579607845 0.2905692377 0.1681303232 -0.01351059904 0.1376491793 0.4840564951 -0.001742271136 0.03531450169 0.2516839929 -0.9968780628 -0.02831973893 -0.07370291962 0.01420151276 0.8539271244 -0.5201987921 0.07766881619 -0.519621457 -0.8508590344 7.295292469e-05 0.2236133298 0
0.5648156864 0.294139065 0.1701959108 -0.01383783346 0.139225961 0.4834281286 -0.001785117323 0.03574086147 0.2516024491 -0.9967243102 -0.02934164002 -0.07536390188 0.01471505674 0.8505138593 -0.5257467472 0.07952431484 -0.5251335481 -0.8472960758 7.499353427e-05 0.2263605613 0
0.5725274511 0.2981551207 0.1725196968 -0.01421035361 0.1409949245 0.4827128029 -0.001833931319 0.03622018898 0.2515095478 -0.9965447398 -0.03051877686 -0.07724756209 0.01530669439 0.8466354328 -0.5319531455 0.08163508252 -0.5312975138 -0.8432429455 7.733191507e-05 0.2294511968 0
0.5793823531 0.301724948 0.1745852845 -0.01454536422 0.1425629168 0.4820695043 -0.001877865122 0.03664596343 0.2514259344 -0.9963791195 -0.03158976156 -0.07893501893 0.01584505469 0.8431540767 -0.5374384962 0.08353193695 -0.5367432254 -0.839600575 7.944881712e-05 0.2321984283 0
0.5870941178 0.3057410037 0.1769090705 -0.01492660251 0.1443218776 0.4813374378 -0.001927901653 0.03712462423 0.2513307069 -0.9961858829 -0.03282256735 -0.08084779413 0.0164648472 0.8391998757 -0.5435738013 0.08568894649 -0.5428316938 -0.8354586505 8.18739257e-05 0.2352890638 0
0.5939490198 0.309310831 0.1789746581 -0.01526933554 0.145880877 0.4806793104 -0.001972921225 0.03754979873 0.2512450276 -0.9960078325 -0.03394342745 -0.08256053138 0.0170284405 0.8356519067 -0.5489953761 0.08762665018 -0.5482095717 -0.8317378407 8.406872342e-05 0.2380362953 0
0.6016607845 0.3133268867 0.1812984442 -0.01565923079 0.1476296071 0.4799306204 -0.002024178188 0.03802777637 0.2511474778 -0.9958002919 -0.03523277447 -0.0845010668 0.01767684796 0.8316236088 -0.5550582873 0.08982932558 -0.554220917 -0.827508228 8.658237566e-05 0.2411269308 0
0.6085156864 0.316896714 0.1833640318 -0.01600963125 0.1491794119 0.4792577697 -0.002070281638 0.03845233634 0.2510597362 -0.9956092401 -0.03640426876 -0.08623787033 0.01826607542 0.8280105311 -0.5604149453 0.0918073611 -0.5595295252 -0.8237099725 8.885669389e-05 0.2438741623 0
0.6162274511 0.3209127697 0.1856878179 -0.01640812091 0.1509176852 0.4784925765 -0.00212275688 0.03892961445 0.2509598684 -0.9953867478 -0.03775099188 -0.08820478915 0.01894354028 0.8239098425 -0.5664041965 0.09405511415 -0.5654621421 -0.8193938012 9.146072964e-05 0.2469647977 0
0.6230823531 0.324482597 0.1877534055 -0.0167661326 0.152458095 0.4778051105 -0.00216994227 0.03935354532 0.2508700682 -0.9951821147 -0.03897384563 -0.08996442558 0.01955878728 0.8202331848 -0.571694828 0.09607295328 -0.570700063 -0.8155191143 9.381621419e-05 0.2497120293 0
0.6307941178 0.3284986527 0.1900771915 -0.01717315279 0.1541856871 0.4770235367 -0.002223633586 0.03983010753 0.2507678866 -0.9949440138 -0.04037874168 -0.09195632972 0.02026573409 0.816061839 -0.5776091887 0.09836518376 -0.5765523672 -0.8111175368 9.651249646e-05 0.2528026647 0
0.6376490198 0.33206848 0.1921427791 -0.01753871833 0.1557165035 0.4763215655 -0.002271898934 0.04025339479 0.2506760315 -0.9947252113 -0.0416536461 -0.09373754715 0.02090736996 0.8123231544 -0.5828327159 0.1004222877 -0.5817182021 -0.8071674532 9.895081337e-05 0.2555498962 0
0.6445039217 0.3356383073 0.1942083667 -0.01790781843 0.1572427372 0.4756128071 -0.002320671798 0.04067637415 0.2505832109 -0.9944995351 -0.04295327432 -0.09552848207 0.02156154728 0.8085558245 -0.5880243008 0.1024976797 -0.5868496357 -0.8031822525 0.0001014286923 0.2582971278 0
0.6522156864 0.339654363 0.1965321528 -0.01832726462 0.1589542181 0.4748073725 -0.002376147347 0.0411518539 0.2504776345 -0.9942372679 -0.0444450851 -0.09755454687 0.02231258287 0.8042837761 -0.5938263686 0.1048542028 -0.5925810003 -0.7986572195 0.0001042640625 0.2613877632 0
0.6590705884 0.3432241903 0.1985977404 -0.01870383202 0.1604705695 0.4740842752 -0.002425997171 0.04157416834 0.2503827648 -0.9939965433 -0.04579771758 -0.09936518966 0.02299366255 0.8004567449 -0.5989493226 0.1069680482 -0.5976383259 -0.7945981803 0.0001068272592 0.2641349947 0
0.6667823531 0.347240246 0.2009215265 -0.01913164518 0.1621708234 0.473262774 -0.002482683128 0.04204889191 0.2502748854 -0.9937170064 -0.04734950336 -0.1014126999 0.0237751505 0.7961184344 -0.6046736149 0.1093675153 -0.6032855567 -0.7899906858 0.0001097595731 0.2672256302 0
0.6736372551 0.3508100733 0.2029871141 -0.01951561959 0.1636770982 0.4725254535 -0.002533607818 0.04247052696 0.2501779707 -0.9934606269 -0.04875574508 -0.1032417561 0.02448346123 0.7922333105 -0.6097269403 0.1115192495 -0.6082674239 -0.7858588919 0.0001124098009 0.2699728617 0
0.6813490198 0.354826129 0.2053109001 -0.01995173123 0.1653659074 0.4716880173 -0.002591501802 0.04294447812 0.250067793 -0.9931631338 -0.05036816644 -0.1053092465 0.02529576188 0.7878305597 -0.6153723537 0.1139610198 -0.6138290129 -0.7811701664 0.0001154409962 0.2730634972 0
0.6882039217 0.3583959563 0.2073764877 -0.02034305121 0.1668619132 0.4709365916 -0.002643499219 0.04336541936 0.2499688373 -0.9928904857 -0.05182858668 -0.1071554057 0.02603161554 0.7838889729 -0.6203550864 0.1161500683 -0.6187340913 -0.7769667212 0.0001181799864 0.2758107287 0
0.6959156865 0.362412012 0.2097002738 -0.02078739156 0.1685390624 0.4700833543 -0.002702598798 0.04383858189 0.2498563659 -0.9925743427 -0.05350226377 -0.1092413934 0.02687507019 0.7794236266 -0.6259205547 0.1186334897 -0.6242085533 -0.7721980168 0.0001213120207 0.2789013642 0
0.7027705884 0.3659818393 0.2117658614 -0.0211859945 0.1700246085 0.4693179436 -0.002755666758 0.04425881494 0.2497553735 -0.992284806 -0.05501739567 -0.1111033301 0.02763876162 0.7754272269 -0.6308317642 0.120859268 -0.6290355332 -0.7679240427 0.0001241415221 0.2816485957 0
0.7104823531 0.369997895 0.2140896475 -0.02163849251 0.1716898842 0.4684490418 -0.002815969449 0.04473117267 0.2496406131 -0.991949312 -0.05675290777 -0.1132063158 0.02851369229 0.7709011524 -0.6363162599 0.1233836773 -0.6344214063 -0.7630766327 0.0001273763725 0.2847392311 0
0.7173372551 0.3735677223 0.2161552351 -0.0220443147 0.173164782 0.4676697684 -0.002870105722 0.04515068317 0.2495375882 -0.9916422607 -0.05832324793 -0.1150826901 0.02930549909 0.7668516088 -0.6411550497 0.125645591 -0.6391689986 -0.7587332711 0.0001302981509 0.2874864626 0
0.724192157 0.3771375496 0.2182208227 -0.02245351182 0.174634604 0.4668840144 -0.002924743946 0.04556984869 0.2494336084 -0.991326749 -0.05991972975 -0.116965391 0.03011062775 0.7627776394 -0.6459594592 0.1279243011 -0.643878792 -0.7543576568 0.0001332639695 0.2902336942 0
0.7319039218 0.3811536053 0.2205446087 -0.02291787464 0.1762820354 0.4659923294 -0.002986811305 0.0460409936 0.2493154908 -0.9909615106 -0.06174714104 -0.1190906169 0.03103239068 0.7581656948 -0.6513230918 0.1305077592 -0.6491317815 -0.7493968608 0.0001366536507 0.2933243296 0
0.7387588237 0.3847234326 0.2226101964 -0.02333419527 0.177740935 0.4651928965 -0.003042514483 0.04645941551 0.249209485 -0.9906275536 -0.06339949419 -0.1209857607 0.03186601127 0.7540410695 -0.6560538262 0.1328217131 -0.6537603304 -0.744953571 0.0001397143726 0.2960715611 0
0.7464705884 0.3887394883 0.2249339824 -0.0238065348 0.1793759748 0.4642858944 -0.003105778604 0.04692971583 0.2490890907 -0.9902412052 -0.06528999354 -0.1231242146 0.03281996183 0.7493730983 -0.6613341134 0.1354444742 -0.6589212216 -0.739917305 0.0001432118336 0.2991621966 0
0.7533254904 0.3923093156 0.22699957 -0.02422991247 0.1808237678 0.4634729104 -0.003162544396 0.04734737988 0.2489810633 -0.9898881636 -0.0669986227 -0.1250304291 0.03368230861 0.7451995302 -0.665990362 0.137793054 -0.6634672899 -0.7354075261 0.0001463692645 0.3019094281 0
0.7610372551 0.3963253713 0.2293233561 -0.02471015332 0.1824462101 0.4625507358 -0.003227002624 0.04781681958 0.2488583973 -0.9894799835 -0.06895264416 -0.1271805611 0.03466870034 0.7404774687 -0.6711864119 0.1404544178 -0.6685347045 -0.730297135 0.0001499765451 0.3050000636 0
0.7678921571 0.3998951986 0.2313889437 -0.02514052047 0.1838827146 0.4617243304 -0.003284828646 0.04823371151 0.248748353 -0.9891072134 -0.07071791619 -0.1290964629 0.03555998973 0.7362566867 -0.6757673996 0.1428369964 -0.6729970784 -0.7257220714 0.0001532325057 0.3077472951 0
0.7756039218 0.4039112543 0.2337127297 -0.02562858604 0.1854923558 0.4607871305 -0.003350478272 0.04870227459 0.2486234205 -0.9886764749 -0.07273585109 -0.1312567102 0.03657905602 0.7314824889 -0.68087836 0.145536252 -0.6779696633 -0.7205389198 0.0001569516628 0.3108379306 0
0.7824588237 0.4074810816 0.2357783174 -0.02606587406 0.1869173917 0.4599474354 -0.003409362095 0.04911838021 0.2485113639 -0.9882833283 -0.07455809476 -0.133180905 0.03749948646 0.7272162374 -0.6853833472 0.1479521932 -0.6823471511 -0.7158997933 0.0001603079887 0.3135851621 0
0.7893137257 0.4110509089 0.237843905 -0.02650639489 0.188336969 0.4591015326 -0.003468742855 0.04953411091 0.248398362 -0.9878803675 -0.07640725144 -0.1351085171 0.03843369384 0.7229291961 -0.6898523238 0.1503836116 -0.6866842865 -0.711230947 0.0001637121846 0.3163323936 0
0.7970254904 0.4150669646 0.240167691 -0.02700582571 0.1899274198 0.4581425088 -0.003536139515 0.05000135587 0.2482701061 -0.9874151253 -0.07851979705 -0.1372807769 0.03950119218 0.718081911 -0.6948366893 0.1531372785 -0.6915150111 -0.7059433146 0.0001675996368 0.3194230291 0
0.8038803924 0.4186367919 0.2422332786 -0.02745316455 0.1913352674 0.4572835137 -0.003596574424 0.05041627943 0.2481550989 -0.9869908284 -0.08042633898 -0.1392146138 0.04046479948 0.7137519908 -0.6992286433 0.1556011076 -0.6957655493 -0.701212233 0.0001711069237 0.3221702606 0
0.8115921571 0.4226528476 0.2445570647 -0.0279602257 0.1929124237 0.4563098379 -0.003665155581 0.05088260844 0.2480245899 -0.9865012141 -0.08260357965 -0.1413930804 0.04156546156 0.7088574653 -0.7041259875 0.1583908677 -0.7004982102 -0.6958552942 0.0001751114036 0.325260896 0
0.818447059 0.4262226749 0.2466226523 -0.02841431131 0.1943083669 0.4554378875 -0.003726642102 0.05129671077 0.2479075822 -0.9860549244 -0.08456774022 -0.1433317248 0.04255862221 0.7044864439 -0.7084402685 0.1608864497 -0.7046610162 -0.6910632407 0.0001787236522 0.3280081276 0
0.8261588237 0.4302387306 0.2489464384 -0.02892892207 0.1958720331 0.4544497147 -0.003796404876 0.05176210796 0.2477748255 -0.9855401979 -0.08680991659 -0.1455147992 0.04369261028 0.6995466845 -0.7132498805 0.1637115579 -0.7092943498 -0.685638426 0.0001828472721 0.331098763 0
0.8330137257 0.4338085579 0.251012026 -0.0293896822 0.1972558989 0.4535649477 -0.003858940427 0.05217537498 0.2476558223 -0.9850712562 -0.08883189016 -0.1474568258 0.04471545927 0.6951363514 -0.7174858749 0.1662382263 -0.7133683118 -0.6807866801 0.0001865663667 0.3338459945 0
0.8407254904 0.4378246136 0.253335812 -0.02991176071 0.1988058819 0.452562435 -0.003929881888 0.05263982456 0.2475208235 -0.9845306744 -0.09113919883 -0.1496429005 0.0458829148 0.6901533777 -0.7222070849 0.1690979283 -0.7179010808 -0.6752954382 0.0001908112537 0.33693663 0
0.8475803924 0.4413944409 0.2554013996 -0.03037912208 0.2001774997 0.4516649921 -0.003993463843 0.05305224224 0.24739983 -0.9840384192 -0.09321914053 -0.1515868772 0.04693556859 0.6857055333 -0.7263642158 0.1716550084 -0.721885111 -0.6703852957 0.0001946390917 0.3396838615 0
0.8552921571 0.4454104966 0.2577251857 -0.03090858534 0.2017136086 0.450648299 -0.004065581013 0.05351572844 0.2472625948 -0.9834712368 -0.09559173385 -0.1537743375 0.04813661213 0.6806813764 -0.7309963956 0.1745485406 -0.7263161049 -0.6648290929 0.0001990073881 0.342774497 0
0.862147059 0.4489803239 0.2597907733 -0.03138247367 0.2030728099 0.4497383227 -0.004130206702 0.05392728279 0.2471396159 -0.9829550048 -0.09772975935 -0.1557188259 0.04921916855 0.6761978312 -0.7350741231 0.1771353495 -0.7302091394 -0.6598618649 0.00020294588 0.3455217285 0
0.869001961 0.4525501512 0.2618563609 -0.03185940752 0.2044261105 0.4488224984 -0.004195322624 0.05433842604 0.2470157046 -0.9824272596 -0.09989514715 -0.1576630557 0.05031582533 0.6716981145 -0.7391143082 0.1797359099 -0.7340589912 -0.6548682312 0.000206937109 0.34826896 0
0.8767137257 0.4565662069 0.264180147 -0.03239957758 0.2059414749 0.4477852457 -0.004269163264 0.05480046697 0.2468751912 -0.981819601 -0.1023639306 -0.1598496067 0.05156643784 0.6666171062 -0.7436145078 0.1826777861 -0.7383381742 -0.6492191979 0.0002114908109 0.3513595955 0
0.8835686277 0.4601360342 0.2662457346 -0.03288292738 0.2072821153 0.4468571012 -0.004335318915 0.05521072639 0.2467493023 -0.9812669011 -0.1045875003 -0.1617922236 0.05269310711 0.6620843669 -0.7475745633 0.1853070568 -0.74209551 -0.6441704346 0.0002155955261 0.354106827 0
0.8912803924 0.4641520899 0.2685695206 -0.03343027237 0.2087831449 0.4458060711 -0.004410327694 0.05567176518 0.246606567 -0.9806307938 -0.1071217539 -0.1639761448 0.05397751524 0.6569672368 -0.75198436 0.1882808383 -0.7462700447 -0.6384601368 0.0002202779903 0.3571974624 0
0.8981352943 0.4677219172 0.2706351082 -0.03391996143 0.2101109619 0.4448657537 -0.004477520297 0.05608112689 0.2464787058 -0.9800524731 -0.1094035232 -0.1659156986 0.05513424849 0.6524033055 -0.755863838 0.1909381171 -0.7499338611 -0.633357592 0.0002244981331 0.359944694 0
0.9058470591 0.4717379729 0.2729588943 -0.03447439453 0.2115974746 0.4438011127 -0.004553694066 0.05654114795 0.2463337547 -0.9793871677 -0.1120032441 -0.1680953569 0.05645249954 0.6472521171 -0.7601827492 0.1939430097 -0.7540026328 -0.6275875547 0.0002293115502 0.3630353294 0
0.912701961 0.4753078002 0.2750244819 -0.0349703452 0.2129123077 0.4428487716 -0.004621920801 0.05694959808 0.2462039266 -0.97878256 -0.1143431907 -0.1700303945 0.05763932937 0.642658831 -0.7639812397 0.1966275872 -0.7575719515 -0.622432591 0.0002336490737 0.3657825609 0
0.9204137257 0.4793238559 0.277348268 -0.03553177855 0.214384124 0.4417706885 -0.004699256363 0.05740858586 0.2460567658 -0.9780873069 -0.1170083315 -0.1722041536 0.05899144938 0.6374756543 -0.7682088252 0.1996627884 -0.7615338735 -0.6166043548 0.0002385956479 0.3688731964 0
0.9272686277 0.4828936832 0.2794138556 -0.03603391224 0.2156858146 0.4408064746 -0.004768514365 0.05781611063 0.2459249763 -0.9774557459 -0.1194063929 -0.1741332195 0.06020838949 0.6328548562 -0.7719259555 0.2023739476 -0.7650077414 -0.6113983489 0.000243052517 0.3716204279 0
0.9341235296 0.4864635105 0.2814794432 -0.03653892815 0.2169812665 0.4398367261 -0.004838256665 0.05822319515 0.2457922656 -0.9768112707 -0.1218317696 -0.1760589711 0.06143949847 0.6282217502 -0.7756046806 0.2050973657 -0.7684363686 -0.6061688032 0.0002475662321 0.3743676594 0
0.9418352944 0.4904795662 0.2838032292 -0.03711049415 0.2184311497 0.4387391859 -0.004917294835 0.05868063524 0.2456418667 -0.9760706162 -0.124592935 -0.1782210782 0.06284142832 0.622995304 -0.7796972528 0.2081756639 -0.7722392452 -0.6002578123 0.0002527126568 0.3774582949 0
0.9486901963 0.4940493935 0.2858688169 -0.03762157587 0.2197132303 0.4377577897 -0.004988064113 0.05908677417 0.2455072029 -0.9753982094 -0.1270762621 -0.1801387151 0.06410263326 0.6183374038 -0.7832941386 0.2109245967 -0.7755710662 -0.5949792734 0.0002573486283 0.3802055264 0
0.956401961 0.4980654492 0.2881926029 -0.03819992055 0.2211479848 0.4366472328 -0.005068255968 0.05954314276 0.2453546098 -0.9746257582 -0.1299025366 -0.1822908733 0.06553840502 0.6130841055 -0.7872944792 0.2140311869 -0.7792645318 -0.5890139561 0.000262633711 0.3832961619 0
0.963256863 0.5016352765 0.2902581905 -0.03871698725 0.2224165416 0.435654344 -0.005140049253 0.0599483224 0.2452179985 -0.9739247559 -0.1324436529 -0.184198938 0.06682967275 0.6084032632 -0.7908092464 0.2168049002 -0.782498657 -0.5836878336 0.000267393932 0.3860433934 0
0.9709686277 0.5056513322 0.2925819766 -0.03930201921 0.2238359969 0.4345309461 -0.005221391427 0.06040360409 0.2450632178 -0.9731197619 -0.1353348323 -0.1863395076 0.06829923841 0.6031251979 -0.7947170627 0.2199389528 -0.7860817253 -0.577669783 0.0002728199215 0.3891340289 0
0.9778235297 0.5092211595 0.2946475642 -0.03982498918 0.2250908797 0.4335267216 -0.005294205706 0.06080781079 0.2449246648 -0.9723895019 -0.1379335363 -0.1882365431 0.06962051676 0.5984232677 -0.7981494699 0.2227367061 -0.7892172909 -0.5722974991 0.0002777063964 0.3918812604 0
0.9855352944 0.5132372152 0.2969713503 -0.04041661598 0.2264948682 0.43239066 -0.005376694785 0.06126199026 0.2447677029 -0.9715512215 -0.1408893715 -0.190363886 0.07112380695 0.593122522 -0.8019645117 0.2258973842 -0.7926890051 -0.5662283223 0.0002832755536 0.3949718958 0
0.9923901963 0.5168070425 0.2990369379 -0.04094540664 0.2277359291 0.4313752585 -0.005450527003 0.06166521041 0.244627214 -0.9707910437 -0.1435454216 -0.1922484369 0.07247502474 0.5884013592 -0.8053143556 0.2287184302 -0.795725174 -0.5608113116 0.0002882902977 0.3977191274 0
1.000101961 0.5208230982 0.3013607239 -0.0415435349 0.2291242859 0.4302267126 -0.005534159526 0.06211827238 0.2444680776 -0.9699187355 -0.1465656183 -0.1943609169 0.07401194873 0.5830800205 -0.8090364152 0.2319048898 -0.799084607 -0.5546926292 0.0002940048957 0.4008097628 0
1.006956863 0.5243929255 0.3034263115 -0.04207806282 0.2303513795 0.4292002941 -0.005609006584 0.06252049243 0.2443256589 -0.9691279825 -0.1492787329 -0.1962315302 0.07539301584 0.5783414805 -0.8123035302 0.2347484754 -0.8020205682 -0.5492323383 0.0002991499349 0.4035569943 0
1.013811765 0.5279627528 0.3054918991 -0.04261526152 0.2315718507 0.4281687472 -0.00568433013 0.06292223715 0.244182334 -0.9683226145 -0.1520185925 -0.1980950827 0.07678809308 0.5735954047 -0.8155316674 0.2376024053 -0.8049091 -0.5437521841 0.0003043569936 0.4063042259 0
1.02152353 0.5319788085 0.3078156852 -0.04322277913 0.2329369258 0.4270021715 -0.005769637799 0.06337362809 0.244020012 -0.967398926 -0.1551328092 -0.2001827403 0.07837426887 0.568247573 -0.819116701 0.2408252312 -0.8081017927 -0.5375636713 0.0003102896301 0.4093948613 0
