0.007875626633 0.00317836664 -0.003441333813 -2.127680788e-06 0.00200827272 0.5099947279 -2.682660245e-07 0.0005003334748 0.2549993453 -0.9999999999 -6.437228856e-08 -1.23908758e-05 3.272651417e-08 0.9999692969 -0.007836155239 1.239099979e-05 -0.007836155239 -0.9999692968 3.119172003e-08 -0.004576973972 0
0.01561070659 0.00630001286 -0.006821254354 -8.359431999e-06 0.003980636176 0.5099792863 -1.060258875e-06 0.0009937285181 0.254997412 -0.9999999988 -5.035594e-07 -4.86806398e-05 2.526054762e-07 0.9998793723 -0.01553192677 4.868258882e-05 -0.01553192677 -0.9998793712 5.154917068e-08 -0.00907226829 0
0.02248633323 0.009074809501 -0.009825628167 -1.734452126e-05 0.005733734018 0.5099570223 -2.20658937e-06 0.001432883642 0.2549946136 -0.9999999949 -1.50588124e-06 -0.000100999389 7.540268088e-07 0.9997497215 -0.02237173093 0.0001010078002 -0.02237173089 -0.9997497164 3.096470707e-08 -0.01306808546 0
0.03022141319 0.01219645572 -0.01320554871 -3.132883712e-05 0.00770577831 0.5099223707 -3.993117731e-06 0.001926976336 0.2549902522 -0.9999999834 -3.656411686e-06 -0.0001824167814 1.829608485e-06 0.9995479446 -0.03006503676 0.0001824442491 -0.0300650366 -0.999547928 2.848971785e-08 -0.01756337978 0
0.03795649315 0.01531810194 -0.01658546925 -4.9416682e-05 0.009677554541 0.5098775512 -6.30509489e-06 0.002420987939 0.2549846081 -0.9999999586 -7.244042016e-06 -0.0002877051521 3.623797239e-06 0.9992869778 -0.03775627188 0.0002877735199 -0.03775627136 -0.9992869363 1.172397197e-07 -0.0220586741 0
0.04483211978 0.01809289858 -0.01958984306 -6.893909773e-05 0.01142996404 0.5098291769 -8.801004405e-06 0.002860033364 0.2549785148 -0.9999999194 -1.193652209e-05 -0.0004013187998 5.97046102e-06 0.9990053374 -0.04459075882 0.0004014518816 -0.04459075763 -0.9990052568 2.184235898e-07 -0.02605449127 0
0.05256719975 0.0212145448 -0.0229697636 -9.477585444e-05 0.01340104682 0.5097651563 -1.210464847e-05 0.003353883613 0.2549704496 -0.9999998477 -1.92408723e-05 -0.0005516393534 9.623289085e-06 0.9986326417 -0.05227663795 0.0005518909129 -0.05227663529 -0.9986324894 3.555365167e-07 -0.03054978559 0
0.05944282638 0.02398934144 -0.02597413741 -0.0001211846123 0.01515273119 0.5096997185 -1.548179247e-05 0.003792801925 0.254962205 -0.9999997509 -2.781904203e-05 -0.0007052403473 1.391319728e-05 0.9982517402 -0.05910552492 0.000705651663 -0.05910552001 -0.9982514911 4.974164398e-07 -0.03454560276 0
0.06717790634 0.02711098766 -0.02935405795 -0.0001547664328 0.01712287592 0.5096165066 -1.977664489e-05 0.004286523799 0.25495172 -0.9999995938 -4.014884958e-05 -0.0009004925745 2.007943392e-05 0.9977674456 -0.06678416075 0.0009011634831 -0.0667841517 -0.9977670394 6.791346186e-07 -0.03904089708 0
0.0749129863 0.03023263388 -0.03273397849 -0.0001924466297 0.01909242507 0.5095231394 -2.459614504e-05 0.004780184136 0.2549399542 -0.9999993718 -5.566809627e-05 -0.001119481201 2.784100208e-05 0.9972241352 -0.07445819876 0.001120518618 -0.07445818316 -0.9972235072 8.840601711e-07 -0.0435361914 0
0.08178861294 0.03300743052 -0.03573835231 -0.0002293794827 0.02084258007 0.509431624 -2.932053644e-05 0.005218942662 0.2549284206 -0.9999991076 -7.243604812e-05 -0.001334031522 3.622740966e-05 0.9966916914 -0.08127527941 0.001335505394 -0.0812752552 -0.9966907993 1.085635024e-06 -0.04753200857 0
0.0895236929 0.03612907674 -0.03911827285 -0.0002747966278 0.02281081741 0.5093190856 -3.513085675e-05 0.005712488693 0.2549142359 -0.9999987191 -9.497665257e-05 -0.001597739957 4.75014985e-05 0.9960370563 -0.08893919343 0.001599855351 -0.0889391554 -0.996035776 1.334250059e-06 -0.05202730289 0
0.09725877286 0.03925072296 -0.04249819339 -0.0003243071392 0.02477826141 0.5091964042 -4.146563132e-05 0.006205972666 0.2548987709 -0.9999982159 -0.0001217611031 -0.001885054055 6.089895396e-05 0.9953235747 -0.09659698684 0.001888000496 -0.09659692929 -0.9953217915 1.606036579e-06 -0.05652259721 0
0.1041343995 0.0420255196 -0.0455025672 -0.0003717512223 0.02652637922 0.5090788433 -4.753676676e-05 0.006644571233 0.2548839496 -0.9999976556 -0.0001494263234 -0.002160217997 7.47377518e-05 0.994640023 -0.1033983509 0.002164089713 -0.1033982699 -0.99463768 1.867139492e-06 -0.06051841438 0
0.1118694795 0.04514716582 -0.04888248774 -0.0004289878718 0.02849213815 0.5089370174 -5.486197805e-05 0.007137931562 0.2548660666 -0.9999968779 -0.0001852188261 -0.002491969951 9.264312425e-05 0.9938155817 -0.1110431489 0.002497125849 -0.1110430331 -0.9938124618 2.182926875e-06 -0.0650137087 0
0.1196045594 0.04826881204 -0.05226240828 -0.0004903114524 0.0304569063 0.5087850647 -6.271142438e-05 0.007631222132 0.2548469039 -0.9999959212 -0.0002263040168 -0.002847159807 0.0001131976522 0.992932511 -0.1186803092 0.002853895367 -0.1186801474 -0.9929284354 2.522174001e-06 -0.06950900302 0
0.126480186 0.05104360868 -0.0552667821 -0.0005482502405 0.03220247992 0.508641499 -7.012873977e-05 0.008069641336 0.2548287962 -0.9999949 -0.0002675597023 -0.003182506592 0.0001338389632 0.9920984091 -0.1254620608 0.003190928319 -0.1254618469 -0.9920933136 2.843531785e-06 -0.07350482019 0
0.134215266 0.0541652549 -0.05864670264 -0.0006172864594 0.03416519038 0.5084704352 -7.89681711e-05 0.0085627907 0.2548072167 -0.9999935343 -0.0003196278256 -0.003581782594 0.0001598920357 0.991104834 -0.1330833663 0.00359245919 -0.1330830785 -0.9910983748 3.227476309e-06 -0.07800011451 0
0.141950346 0.05728690112 -0.06202662318 -0.0006904017513 0.03612671301 0.5082892639 -8.833157697e-05 0.009055859951 0.2547843581 -0.9999919113 -0.0003780305367 -0.004004291906 0.0001891172501 0.9900528944 -0.1406955239 0.004017647996 -0.1406951431 -0.9900448147 3.635313247e-06 -0.08249540882 0
0.1488259726 0.06006169776 -0.06503099699 -0.0007588150664 0.0378692364 0.5081197436 -9.709440311e-05 0.009494073334 0.2547629657 -0.9999902282 -0.0004355520576 -0.00439929619 0.0002179040012 0.9890689226 -0.1474537854 0.004415430943 -0.1474533031 -0.9890591627 4.018033486e-06 -0.086491226 0
0.1565610526 0.06318334398 -0.06841091753 -0.0008396268125 0.03982832953 0.5079195014 -0.0001074472599 0.009986980578 0.2547376917 -0.9999880351 -0.0005068981733 -0.004865470589 0.0002536125709 0.987907024 -0.1550472433 0.004885225734 -0.1550466222 -0.9878950752 4.47148529e-06 -0.09098652032 0
0.1634366792 0.06595814063 -0.07141529134 -0.000914876203 0.04156858551 0.5077330421 -0.0001170894264 0.01042504359 0.2547141526 -0.9999857932 -0.0005764915052 -0.00529915269 0.0002884472183 0.9868254864 -0.1617880594 0.005322608372 -0.1617872895 -0.9868113005 4.895053222e-06 -0.09498233749 0
0.1711717592 0.06907978685 -0.07479521188 -0.001003372373 0.04352500654 0.5075137588 -0.0001284313385 0.01091777438 0.2546864641 -0.9999829103 -0.0006620538484 -0.005808679603 0.0003312794147 0.9855540336 -0.1693609669 0.005836893693 -0.1693599969 -0.9855369715 5.394815536e-06 -0.09947763181 0
0.1789068391 0.07220143307 -0.07817513242 -0.001095931508 0.04547991486 0.5072844079 -0.0001402966954 0.01141040579 0.2546574978 -0.99997961 -0.0007556550299 -0.006341021303 0.0003781410648 0.9842247585 -0.176922248 0.006374682347 -0.1769210384 -0.9842044044 5.919400398e-06 -0.1039729261 0
0.1857824658 0.07497622971 -0.08117950624 -0.00118161406 0.04721628639 0.5070720964 -0.0001512830119 0.01184821353 0.2546306775 -0.9999762951 -0.0008458903387 -0.00683328622 0.0004233225615 0.9829947431 -0.1836332099 0.00687241799 -0.1836317496 -0.9829710832 6.406717632e-06 -0.1079687433 0
0.1935175457 0.07809787593 -0.08455942678 -0.00128183701 0.04916815243 0.5068237555 -0.000164136747 0.01234064572 0.2545992984 -0.9999721005 -0.0009556387412 -0.007408445801 0.0004782807465 0.9815566066 -0.1911711256 0.007454499455 -0.1911693353 -0.9815287646 6.978808493e-06 -0.1124640376 0
0.2012526257 0.08121952215 -0.08793934732 -0.001386111309 0.05111831009 0.5065653757 -0.0001775135452 0.01283296631 0.2545666425 -0.9999673733 -0.001074442844 -0.008006119115 0.0005377812619 0.980061038 -0.1986959302 0.00805997283 -0.1986937529 -0.980028484 7.576394964e-06 -0.1169593319 0
0.2081282523 0.08399431879 -0.09094372113 -0.001482197194 0.05285029472 0.506327286 -0.0001898430319 0.01327048749 0.2545365433 -0.9999626895 -0.001187931207 -0.008556193802 0.0005946265748 0.9786835468 -0.2053732252 0.00861777536 -0.2053706504 -0.9786463252 8.129189415e-06 -0.1209551491 0
0.2158633323 0.08711596501 -0.09432364167 -0.001594112036 0.05479704109 0.5060499739 -0.0002042074439 0.01376258563 0.2545014765 -0.9999568376 -0.001324792317 -0.009196082497 0.0006631879684 0.9770798979 -0.2128718708 0.009267318366 -0.2128687815 -0.9770368461 8.775626544e-06 -0.1254504434 0
0.2235984122 0.09023761123 -0.09770356221 -0.001710065203 0.05674188406 0.5057626553 -0.000219094491 0.01425455982 0.2544651339 -0.9999503243 -0.001471714092 -0.009858148121 0.000736799764 0.9754192535 -0.2203559327 0.009940128412 -0.2203522498 -0.9753697144 9.448309051e-06 -0.1299457377 0
0.2304740389 0.09301240787 -0.100707936 -0.001816520977 0.05846898101 0.5054988701 -0.0002327660489 0.01469176264 0.2544317587 -0.9999439408 -0.00161103604 -0.01046516774 0.0008066135217 0.9738954079 -0.2269957792 0.01055767718 -0.2269914954 -0.9738395127 1.006850572e-05 -0.1339415549 0
0.2382091188 0.09613405409 -0.1040878566 -0.001940088761 0.06041004502 0.5051926834 -0.0002486398575 0.01518349089 0.2543930074 -0.9999360467 -0.001777900878 -0.01116877908 0.0008902409538 0.9721275518 -0.2344509127 0.01127430834 -0.2344458616 -0.9720637983 1.079152475e-05 -0.1384368492 0
0.2459441988 0.09925570031 -0.1074677771 -0.002067680443 0.06234901135 0.5048765259 -0.0002650358268 0.0156750827 0.2543529814 -0.9999273488 -0.001955818122 -0.01189419519 0.0009794215171 0.9703031831 -0.241890003 0.0120140683 -0.2418840789 -0.9702307739 1.154161188e-05 -0.1429321436 0
0.2528198254 0.1020304969 -0.1104721509 -0.002184469062 0.06407072174 0.5045871371 -0.0002800482375 0.01611193515 0.2543163332 -0.9999189004 -0.002123520225 -0.0125572041 0.00106349463 0.968634223 -0.2484886538 0.01269100832 -0.248481856 -0.9685534087 1.223132313e-05 -0.1469279607 0
0.2605549054 0.1051521432 -0.1138520715 -0.002319646791 0.06600554288 0.5042521823 -0.0002974300282 0.0166032574 0.2542739009 -0.9999085402 -0.002323240366 -0.01332342989 0.001163634993 0.9667035977 -0.255896073 0.01347431569 -0.2558881724 -0.9666124798 1.303336728e-05 -0.151423255 0
0.267430532 0.1079269398 -0.1168564453 -0.002443169755 0.06772346254 0.5039461066 -0.0003133184346 0.01703986336 0.2542351143 -0.9998985276 -0.002510857889 -0.01402248757 0.001257722341 0.9649404813 -0.26246578 0.01418988018 -0.2624567833 -0.9648394085 1.376975837e-05 -0.1554190722 0
0.275165612 0.111048586 -0.1202363658 -0.002585913427 0.06965389991 0.5035924042 -0.0003316853846 0.01753090056 0.2541902773 -0.9998863076 -0.002733581613 -0.01482900629 0.001369433636 0.9629042704 -0.2698397501 0.01501654246 -0.2698293787 -0.962791052 1.462488894e-05 -0.1599143665 0
0.2829006919 0.1141702322 -0.1236162864 -0.002732654076 0.0715819201 0.5032287978 -0.0003505736088 0.01802178058 0.2541441679 -0.9998730194 -0.002968965404 -0.01565663787 0.001487516355 0.9608124452 -0.2771952966 0.01586607576 -0.2771833877 -0.9606860243 1.550859959e-05 -0.1644096608 0
0.2897763186 0.1169450289 -0.1266206602 -0.002866440756 0.07329363279 0.5028972898 -0.0003678005913 0.0184579829 0.2541021139 -0.9998602625 -0.003189091202 -0.01640990819 0.001597964276 0.958906521 -0.2837176952 0.01664036958 -0.2837042717 -0.9587674297 1.631838738e-05 -0.168405478 0
0.2975113985 0.1200666751 -0.1300005807 -0.003020714433 0.07521690571 0.5025150174 -0.0003876728896 0.01894855415 0.2540536025 -0.999844792 -0.003449289645 -0.01727698881 0.001728542383 0.9567102064 -0.2910370993 0.01753294278 -0.291021792 -0.956555755 1.725701433e-05 -0.1729007723 0
0.3052464785 0.1231883213 -0.1333805012 -0.003178966969 0.0771375695 0.5021228858 -0.0004080658643 0.01943895563 0.2540038202 -0.999828076 -0.003723098476 -0.01816471852 0.001865977904 0.9544588802 -0.2983366625 0.01844821367 -0.2983192662 -0.9542878385 1.822522198e-05 -0.1773960667 0
0.3121221051 0.125963118 -0.1363848751 -0.00332297084 0.07884258228 0.5017660608 -0.0004266298881 0.01987472204 0.2539585027 -0.9998121198 -0.003978172765 -0.01897101062 0.001994034325 0.9524116956 -0.3048081133 0.01928079172 -0.3047886747 -0.9522248237 1.911097573e-05 -0.1813918838 0
0.3198571851 0.1290847642 -0.1397647956 -0.003488720878 0.08075813714 0.5013553513 -0.0004480057642 0.02036479099 0.2539063213 -0.9997928745 -0.004278574624 -0.01989728153 0.002144876471 0.9500570601 -0.3120688739 0.02023876276 -0.3120469137 -0.9498511021 2.013604838e-05 -0.1858871781 0
0.3275922651 0.1322064104 -0.1431447161 -0.003658430279 0.08267089191 0.5009348309 -0.0004699016725 0.02085467762 0.2538528706 -0.9997721938 -0.004593519254 -0.02084370421 0.002303054767 0.9476480598 -0.3193083944 0.02121924511 -0.3192836582 -0.9474216006 2.119176375e-05 -0.1903824725 0
0.3344678917 0.1349812071 -0.14614909 -0.003812601281 0.08436871445 0.5005528129 -0.0004898010837 0.02128997581 0.2538042937 -0.9997525504 -0.004885936185 -0.02170174102 0.002449948988 0.9454612756 -0.3257253047 0.0221096288 -0.3256978723 -0.9452153513 2.215621032e-05 -0.1943782896 0
0.3422029717 0.1381028533 -0.1495290105 -0.003989770063 0.0862760006 0.5001138091 -0.000512678633 0.02177950615 0.2537484471 -0.9997289696 -0.005229217151 -0.0226857342 0.002622430965 0.9429502287 -0.3329233981 0.02313244699 -0.3328926575 -0.9426809473 2.327085247e-05 -0.198873584 0
0.3499380516 0.1412244995 -0.152908931 -0.004170877344 0.0881802968 0.4996650461 -0.0005360755242 0.02226884158 0.2536913329 -0.9997037509 -0.005587954084 -0.02368934881 0.002802720069 0.9403855072 -0.3400988717 0.02417757718 -0.3400645124 -0.9400912574 2.441725769e-05 -0.2033688783 0
0.3568136782 0.1439992961 -0.1559133048 -0.004335161895 0.08987044152 0.4992579679 -0.0005573085498 0.02270363927 0.2536395011 -0.9996799001 -0.005920058544 -0.02459776856 0.002969661465 0.9380608956 -0.346457699 0.02512525467 -0.3464198449 -0.9377430419 2.546327378e-05 -0.2073646954 0
0.3645487582 0.1471209424 -0.1592932254 -0.004523687858 0.09176891154 0.4987908223 -0.0005816857342 0.02319259467 0.2535799943 -0.999651387 -0.006308837721 -0.02563792125 0.003165136176 0.9353954718 -0.3535891587 0.02621233207 -0.3535470405 -0.9350494125 2.667077493e-05 -0.2118599898 0
0.3714243848 0.149895739 -0.1622975992 -0.004694554473 0.09345377394 0.4983674345 -0.0006037897229 0.02362704766 0.2535260367 -0.999624489 -0.006668134615 -0.0265785076 0.003345829134 0.9329817531 -0.3599081184 0.0271971784 -0.3598618961 -0.9326090978 2.777174863e-05 -0.2158558069 0
0.3791594648 0.1530173852 -0.1656775197 -0.004890471118 0.09534618518 0.4978819756 -0.0006291462719 0.02411560752 0.2534641397 -0.9995924113 -0.007088050117 -0.0276544905 0.003557057469 0.9302165493 -0.3669938947 0.02832593584 -0.3669426807 -0.9298121909 2.904181937e-05 -0.2203511013 0
0.3868945448 0.1561390314 -0.1690574403 -0.005090288771 0.09723529501 0.4973868504 -0.0006550209194 0.02460395169 0.2534009782 -0.9995583338 -0.007524886506 -0.02874914704 0.003776853496 0.9273989057 -0.3740548157 0.02947664754 -0.3739981896 -0.9269608845 3.034562618e-05 -0.2248463956 0
0.3937701714 0.1589138281 -0.1720618141 -0.005271172664 0.09891167985 0.496938641 -0.0006784553297 0.02503785082 0.2533437736 -0.9995262992 -0.007927632516 -0.0297376826 0.003979546608 0.9248505306 -0.3803099516 0.03051786907 -0.380248141 -0.9243808798 3.153323543e-05 -0.2288422127 0
0.4015052514 0.1620354743 -0.1754417346 -0.005478336072 0.1007943771 0.4964253139 -0.0007053078495 0.02552577574 0.2532782256 -0.9994882252 -0.008397244273 -0.03086703753 0.004215951124 0.9219345827 -0.3873226704 0.03170983244 -0.3872545823 -0.9214273574 3.290194639e-05 -0.2333375071 0
0.4092403313 0.1651571205 -0.1788216552 -0.005689376031 0.1026735864 0.4959023812 -0.0007326776547 0.02601347243 0.2532114151 -0.9994479167 -0.008884633321 -0.03201445133 0.00446137132 0.918966997 -0.3943092119 0.03292351696 -0.3942343487 -0.918420013 3.430565435e-05 -0.2378328014 0
0.416115958 0.1679319172 -0.181826029 -0.0058802144 0.1043410143 0.4954295057 -0.0007574403987 0.02644678549 0.2531509688 -0.9994101433 -0.009333027505 -0.03304935753 0.004687214939 0.9162860248 -0.4004971296 0.03402051516 -0.4004158031 -0.9157018014 3.558313678e-05 -0.2418286186 0
0.4238510379 0.1710535634 -0.1852059495 -0.006098552653 0.1062134597 0.4948884886 -0.0007857864968 0.02693403924 0.2530817757 -0.9993653842 -0.00985478758 -0.03423027951 0.004950080922 0.9132216883 -0.4074329942 0.03527499925 -0.4073438735 -0.9125933613 3.705417632e-05 -0.2463239129 0
0.4315861179 0.1741752096 -0.1885858701 -0.006320741664 0.1080822318 0.4943379298 -0.0008146490211 0.02742105224 0.2530113224 -0.9993181445 -0.01039515781 -0.03542861507 0.00522240104 0.9101065565 -0.4143413837 0.03655095894 -0.4142438852 -0.9094317077 3.856152156e-05 -0.2508192072 0
0.4384617445 0.1769500062 -0.1915902439 -0.006521468277 0.109740227 0.4938405524 -0.0008407378923 0.02785374706 0.2529476398 -0.9992740002 -0.01089133876 -0.03650823492 0.00547252103 0.907295151 -0.4204587501 0.03770310319 -0.4203532893 -0.9065768518 3.993223756e-05 -0.2548150244 0
0.4461968245 0.1800716525 -0.1949701644 -0.006750905609 0.1116018865 0.4932720331 -0.0008705750431 0.02834029347 0.252874808 -0.9992218343 -0.01146763012 -0.03773883148 0.005763105778 0.9040848979 -0.4273140344 0.03901938689 -0.4271990061 -0.9033152808 4.150942957e-05 -0.2593103187 0
0.4539319044 0.1831932987 -0.198350085 -0.006984166582 0.1134596888 0.4926940392 -0.0009009277149 0.02882658662 0.2528007182 -0.9991669303 -0.01206333981 -0.03898616654 0.006063573115 0.9008247321 -0.4341405706 0.04035688826 -0.4340152967 -0.9000011354 4.312428111e-05 -0.263805613 0
0.4608075311 0.1859680953 -0.2013544588 -0.007194711805 0.1151077792 0.4921723324 -0.0009283403887 0.02925863109 0.2527338051 -0.9991157542 -0.01260938275 -0.04010876658 0.006339069663 0.8978851592 -0.4401841172 0.04156351629 -0.4400491385 -0.8970112763 4.459170696e-05 -0.2678014302 0
0.468542611 0.1890897415 -0.2047343793 -0.007435168635 0.116958123 0.4915765081 -0.0009596659336 0.02974443406 0.2526573412 -0.9990554274 -0.01324251602 -0.04138705995 0.006658601156 0.894531576 -0.4469551684 0.04294084294 -0.4468085667 -0.8935984494 4.627900324e-05 -0.2722967245 0
0.4754182377 0.1918645382 -0.2077387531 -0.007652094454 0.1185994837 0.4910389909 -0.0009879428574 0.03017603595 0.2525883192 -0.9989992827 -0.01382225151 -0.04253678948 0.006951272127 0.8915094745 -0.452948713 0.04418272187 -0.4527911242 -0.8905212434 4.781159458e-05 -0.2762925417 0
0.4831533176 0.1949861844 -0.2111186737 -0.0078997115 0.1204421444 0.4904254243 -0.001020240082 0.03066133332 0.2525094842 -0.9989331973 -0.01449376395 -0.04384516009 0.007290379691 0.8880636274 -0.4596627504 0.04559953531 -0.4594920288 -0.8870105737 4.957307679e-05 -0.280787836 0
0.4908883976 0.1981078306 -0.2144985942 -0.00815110446 0.122280647 0.4898025015 -0.00105305123 0.03114635679 0.2524293952 -0.9988639244 -0.01518597421 -0.04516908952 0.007640055291 0.884569412 -0.4663459927 0.04703711317 -0.4661612827 -0.8834484526 5.137454983e-05 -0.2852831303 0
0.4977640242 0.2008826273 -0.217502968 -0.008377726338 0.1239113303 0.4892409586 -0.001082647853 0.03157725533 0.2523571529 -0.9987995936 -0.01581885717 -0.04635877003 0.007959862912 0.8814231092 -0.4722604611 0.048332312 -0.472062566 -0.8802391274 5.300983721e-05 -0.2892789475 0
0.5054991042 0.2040042735 -0.2208828886 -0.008636222976 0.1257418087 0.4886004337 -0.001116428784 0.03206174968 0.2522746976 -0.9987240322 -0.0165508657 -0.04771138558 0.008329880312 0.8778384531 -0.4788843946 0.04980884022 -0.4786707837 -0.8765804928 5.488822091e-05 -0.2937742418 0
0.5132341841 0.2071259197 -0.2242628091 -0.008898464952 0.1275679493 0.4879506283 -0.00115072261 0.03254595767 0.2521909908 -0.9986449976 -0.01730430947 -0.04907880977 0.008710865498 0.8742064125 -0.4854763322 0.05130584291 -0.4852460295 -0.8728711253 5.680805701e-05 -0.2982695361 0
0.5201098108 0.2099007163 -0.2272671829 -0.009134704369 0.1291874937 0.4873652542 -0.001181636295 0.03297612091 0.2521155349 -0.9985717471 -0.01799223334 -0.05030651495 0.009058836247 0.8709384347 -0.4913086408 0.05265361709 -0.4910626463 -0.8695315256 5.854979338e-05 -0.3022653533 0
0.5278448907 0.2130223626 -0.2306471035 -0.009403991053 0.1310052719 0.4866979928 -0.001216897922 0.03345977629 0.2520294667 -0.9984858749 -0.01878684146 -0.05170118282 0.009460907448 0.8672178462 -0.4978390287 0.05418901132 -0.4975743782 -0.8657270292 6.054933574e-05 -0.3067606476 0
0.5355799707 0.2161440088 -0.234027024 -0.009676991216 0.1328185343 0.4860215298 -0.001252671372 0.03394313291 0.2519421497 -0.9983962337 -0.01960359363 -0.05310988243 0.009874334582 0.8634508935 -0.504336249 0.05574457831 -0.5040518363 -0.8618725476 6.25918285e-05 -0.3112559419 0
0.5424555973 0.2189188054 -0.2370313978 -0.009922766364 0.1344264824 0.4854125273 -0.001284899364 0.03437252895 0.251863487 -0.9983133041 -0.02034837851 -0.05437361734 0.01025146515 0.8600638601 -0.5100833892 0.05714415309 -0.5097804429 -0.8584045933 6.444386041e-05 -0.3152517591 0
0.5501906773 0.2220404516 -0.2404113184 -0.01020274986 0.1362310477 0.4847187604 -0.001321638544 0.03485530953 0.2517738137 -0.9982162576 -0.02120760619 -0.05580806857 0.01068670021 0.8562103202 -0.5165168749 0.05873753073 -0.516191946 -0.8544564222 6.656892189e-05 -0.3197470534 0
0.5579257573 0.2251620979 -0.2437912389 -0.0104864137 0.1380309207 0.4840158741 -0.001358888429 0.03533777895 0.2516828945 -0.9981151368 -0.02208965715 -0.05725574881 0.01113366735 0.8523114715 -0.5229160515 0.06035076781 -0.5225678928 -0.8504590421 6.873846616e-05 -0.3242423477 0
0.5648013839 0.2279368945 -0.2467956127 -0.01074163952 0.1396268195 0.4833834539 -0.001392427856 0.03576637598 0.2516010321 -0.9980217441 -0.02289304718 -0.05855345224 0.01154092358 0.8488080932 -0.5285750921 0.06180133867 -0.5282051962 -0.8468647267 7.070472846e-05 -0.3282381649 0
0.5725364639 0.2310585407 -0.2501755332 -0.01103222293 0.141417664 0.4826634216 -0.001430641316 0.03624824598 0.251507762 -0.9979126322 -0.02381882803 -0.06002534417 0.01201039749 0.8448246838 -0.5349084071 0.06345178377 -0.5345127847 -0.8427751504 7.295976702e-05 -0.3327334592 0
0.5794120905 0.2338333374 -0.2531799071 -0.01129358049 0.1430054419 0.4820158077 -0.001465036611 0.03667630341 0.2514238117 -0.9978119628 -0.02466144244 -0.06134411268 0.0124378583 0.8412467416 -0.5405082973 0.06493524918 -0.5400886344 -0.8390993269 7.5002886e-05 -0.3367292764 0
0.5871471704 0.2369549836 -0.2565598276 -0.01159104051 0.144787043 0.481278736 -0.00150421219 0.03715755874 0.2513281944 -0.9976944676 -0.02563174181 -0.06283918441 0.01293028309 0.837180131 -0.5467743923 0.06662249668 -0.5463263147 -0.8349185594 7.734536416e-05 -0.3412245707 0
0.5948822504 0.2400766298 -0.2599397481 -0.01189212335 0.1465636642 0.4805326874 -0.001543896524 0.03763848249 0.2512313359 -0.997572373 -0.02662592037 -0.06434610346 0.01343503462 0.8330700323 -0.5530043591 0.06832906052 -0.5525263629 -0.8306899288 7.973492985e-05 -0.345719865 0
0.601757877 0.2428514264 -0.262944122 -0.01216278385 0.1481386541 0.4798620218 -0.001579598248 0.03806568846 0.2511441984 -0.9974598918 -0.02752985127 -0.06569529262 0.01389414806 0.8293804198 -0.5585114787 0.06986212732 -0.5580055793 -0.8268912 8.189896765e-05 -0.3497156822 0
0.609492957 0.2459730727 -0.2663240425 -0.01247067565 0.1499057063 0.4790991014 -0.001620242402 0.03854597425 0.2510449984 -0.9973288003 -0.02856970494 -0.06722377636 0.01442250957 0.8251892508 -0.5646721984 0.07160485575 -0.5641333817 -0.8225729586 8.437899536e-05 -0.3542109765 0
0.617228037 0.2490947189 -0.269703963 -0.01278215385 0.1516676071 0.4783272943 -0.001661394073 0.03902591616 0.2509445604 -0.9971927801 -0.02963403401 -0.06876324087 0.01496354018 0.8209557378 -0.5707957332 0.07336655731 -0.5702223255 -0.8182077045 8.690772532e-05 -0.3587062708 0
0.6241036636 0.2518695155 -0.2727083368 -0.01306202374 0.1532293688 0.4776338089 -0.001698399044 0.03945223905 0.2508542437 -0.9970676421 -0.03060081229 -0.07014062551 0.0154551854 0.8171573933 -0.5762073688 0.07494834424 -0.5756017589 -0.8142882541 8.919682826e-05 -0.362702088 0
0.6318387436 0.2549911617 -0.2760882574 -0.01338024095 0.1549813787 0.4768453033 -0.001740508152 0.03993151979 0.2507514702 -0.9969219955 -0.03171191171 -0.07169999665 0.01602046011 0.8128450012 -0.582259692 0.07674555181 -0.581616161 -0.8098350212 9.181909708e-05 -0.3671973823 0
0.6395738235 0.258112808 -0.2794681779 -0.01370200692 0.1567280677 0.4760480043 -0.001783123493 0.04041044436 0.2506474618 -0.996771083 -0.03284804979 -0.07326945977 0.01659873289 0.8084914407 -0.5882738074 0.0785613784 -0.5875905003 -0.8053356529 9.449171094e-05 -0.3716926766 0
0.6464494502 0.2608876046 -0.2824725517 -0.01399098956 0.1582761662 0.4753319386 -0.001821428412 0.04083585265 0.2505539741 -0.9966324219 -0.03387912183 -0.07467275768 0.01712375463 0.8045873826 -0.593587332 0.08019097619 -0.5928670583 -0.801297734 9.691009738e-05 -0.3756884938 0
0.6541845301 0.2640092508 -0.2858524723 -0.0143194223 0.1600126461 0.47451812 -0.001864998721 0.0413140929 0.2504476363 -0.9964712383 -0.03506306254 -0.07626042838 0.01772687999 0.8001571922 -0.5995283359 0.08204162978 -0.5987646027 -0.7967120694 9.967937858e-05 -0.3801837881 0
0.6619196101 0.267130897 -0.2892323928 -0.01465136496 0.1617436378 0.4736956043 -0.001909073932 0.04179196474 0.250340067 -0.9963044436 -0.03627257145 -0.0778572811 0.01834331865 0.795687039 -0.6054301434 0.08391053761 -0.6046209031 -0.7920811734 0.0001025006742 -0.3846790825 0
0.6687952367 0.2699056937 -0.2922367666 -0.01494936061 0.1632776431 0.4729572054 -0.001948675385 0.04221642701 0.2502434169 -0.9961513732 -0.03736929696 -0.07928415568 0.01890252634 0.7916803635 -0.6106430189 0.0855870095 -0.6097915526 -0.7879271071 0.0001050526309 -0.3886748996 0
0.6765303167 0.2730273399 -0.2956166872 -0.01528789556 0.1649981115 0.4721183548 -0.001993703011 0.04269359143 0.2501335246 -0.9959736485 -0.03862757627 -0.08089747795 0.01954439978 0.7871358855 -0.616469881 0.08749004529 -0.6155688492 -0.7832116469 0.0001079737715 -0.3931701939 0
0.6834059433 0.2758021365 -0.298621061 -0.01559172896 0.1665226723 0.4713654906 -0.002034150297 0.0431174182 0.2500348114 -0.9958106683 -0.03976792188 -0.08233847988 0.02012638021 0.7830638236 -0.6216156184 0.08919664624 -0.6206686399 -0.7789829252 0.0001106154116 -0.3971660111 0
0.6911410233 0.2789237828 -0.3020009815 -0.0159368063 0.1682324142 0.4705104287 -0.002080128622 0.04359386015 0.2499226004 -0.9956215753 -0.0410755688 -0.0839671152 0.02079405458 0.7784465568 -0.6273663726 0.09113334231 -0.626365513 -0.7741840596 0.0001136385001 -0.4016613054 0
0.6988761032 0.282045429 -0.3053809021 -0.01628532673 0.1699363956 0.4696468352 -0.002126609552 0.04406991353 0.2498091635 -0.9954262845 -0.04240958353 -0.08560338399 0.02147553254 0.7737913844 -0.6330763737 0.09308766636 -0.6320192407 -0.7693415144 0.000116716419 -0.4061565998 0
0.7057517299 0.2848202256 -0.3083852759 -0.01659800153 0.1714461643 0.468872063 -0.002168347471 0.04449274249 0.2497073026 -0.9952473884 -0.04361763583 -0.08706398628 0.02209295786 0.769621987 -0.6381174644 0.09483953329 -0.6370082409 -0.76500063 0.0001194988605 -0.4101524169 0
0.7134868098 0.2879418718 -0.3117651964 -0.01695298621 0.1731391117 0.4679924518 -0.002215776405 0.04496805043 0.2495915537 -0.9950400485 -0.0450018761 -0.08871377012 0.02280077415 0.7648964181 -0.6437496363 0.09682678638 -0.6425794119 -0.7600764914 0.000122681981 -0.4146477112 0
0.7212218898 0.2910635181 -0.315145117 -0.01731137203 0.1748261369 0.467104413 -0.002263706494 0.04544295766 0.2494745826 -0.9948261471 -0.04641292043 -0.09037022655 0.02352267118 0.7601342235 -0.6493401622 0.09883127527 -0.6481063209 -0.7551096449 0.0001259216661 -0.4191430056 0
0.7280975164 0.2938383147 -0.3181494908 -0.01763278055 0.1763206985 0.4663079997 -0.002306731327 0.04586475762 0.2493695833 -0.9946304012 -0.04768979957 -0.09184796183 0.02417625312 0.7558707768 -0.6542743137 0.1006274011 -0.6529816627 -0.7506590933 0.000128849362 -0.4231388227 0
0.7358325964 0.2969599609 -0.3215294113 -0.01799755031 0.1779963865 0.4654041423 -0.002355606641 0.04633889651 0.2492503071 -0.9944037578 -0.04915185918 -0.09351610185 0.02492499801 0.7510406276 -0.6597853592 0.1026640689 -0.6584239291 -0.7456125123 0.0001321975457 -0.4276341171 0
0.7435676763 0.3000816071 -0.3249093319 -0.01836567813 0.179665993 0.4644919639 -0.002404981617 0.04681262258 0.2491298124 -0.994170183 -0.05064112264 -0.09518993643 0.02568808593 0.7461751579 -0.6652539034 0.1047175704 -0.6638208421 -0.7405242197 0.0001356040507 -0.4321294114 0
0.750443303 0.3028564038 -0.3279137057 -0.01869570971 0.181144938 0.4636741836 -0.002449289527 0.04723336248 0.2490216842 -0.9939566374 -0.05198785521 -0.0966822933 0.02637849796 0.7418210141 -0.6700789192 0.1065569227 -0.668579723 -0.7359665592 0.0001386815117 -0.4361252285 0
0.7581783829 0.30597805 -0.3312936262 -0.01907013902 0.1828029084 0.4627463909 -0.002499606865 0.04770629738 0.2488988916 -0.9937096165 -0.05352885421 -0.09836594874 0.02716891488 0.7368900789 -0.6754664031 0.1086418343 -0.6738899565 -0.7308004368 0.0001421998539 -0.4406205229 0
0.7659134629 0.3090996962 -0.3346735468 -0.01944788219 0.1844546402 0.4618103868 -0.002550422326 0.04817880741 0.2487748843 -0.9934552886 -0.05509741976 -0.1000543047 0.02797392194 0.7319251529 -0.6808105685 0.110743168 -0.6791537711 -0.7255936231 0.0001457782955 -0.4451158172 0
0.7727890895 0.3118744929 -0.3376779206 -0.01978642333 0.1859175655 0.4609715209 -0.002596009363 0.04859845627 0.248663637 -0.993222979 -0.05651493708 -0.1015587308 0.02870179857 0.7274837264 -0.6855243501 0.1126246894 -0.6837934554 -0.7209314736 0.0001490100878 -0.4491116344 0
0.7805241695 0.3149961391 -0.3410578411 -0.02017038345 0.1875573668 0.4600201119 -0.002647764237 0.04907015238 0.2485373391 -0.9929544905 -0.05813588779 -0.1032550158 0.02953458688 0.7224558686 -0.6907859481 0.1147566465 -0.6889686034 -0.7156487795 0.0001527037452 -0.4536069287 0
0.7873997961 0.3177709357 -0.3440622149 -0.02051442579 0.1890096024 0.4591676146 -0.002694185437 0.04948907117 0.2484240579 -0.9927093843 -0.05960014475 -0.1047659349 0.03028728375 0.7179592471 -0.6954259126 0.1166651568 -0.6935289051 -0.7109197556 0.0001560389409 -0.4576027458 0
0.7951348761 0.3208925819 -0.3474421355 -0.02090454645 0.1906372831 0.4582009405 -0.002746877752 0.04995993855 0.2482954744 -0.9924262628 -0.06127386665 -0.1064688973 0.03114813314 0.712870137 -0.7006039977 0.1188272133 -0.6986141146 -0.7055624794 0.0001598500442 -0.4620980402 0
0.8028699561 0.3240142282 -0.350822056 -0.02129790546 0.1922584707 0.4572262422 -0.002800065549 0.05043036119 0.2481656827 -0.992135202 -0.06297567197 -0.1081748844 0.03202394737 0.707749285 -0.7057374982 0.1210049903 -0.7036512021 -0.7001662503 0.000163724233 -0.4665933345 0
0.8097455827 0.3267890248 -0.3538264298 -0.02165026342 0.1936940331 0.4563531397 -0.002847759092 0.05084813794 0.2480492994 -0.9918697079 -0.06451204082 -0.1096935694 0.03281507101 0.7031711556 -0.7102629773 0.1229538681 -0.7080879341 -0.6953372015 0.0001672214279 -0.4705891516 0
0.8174806627 0.329910671 -0.3572063504 -0.02204969503 0.1953028134 0.4553633941 -0.002901881244 0.05131770924 0.2479172298 -0.9915632846 -0.06626714773 -0.111404299 0.03371934972 0.6979916533 -0.7153115806 0.125160929 -0.7130331808 -0.6898684113 0.0001712165042 -0.475084446 0
0.8252157426 0.3330323172 -0.3605862709 -0.02245231787 0.19690495 0.4543657411 -0.002956497221 0.05178682384 0.2477839562 -0.9912485335 -0.06805059949 -0.1131170225 0.0346387989 0.692781797 -0.7203148863 0.127383274 -0.7179293125 -0.6843617492 0.0001752764979 -0.4795797403 0
0.8320913692 0.3358071139 -0.3635906447 -0.02281287054 0.1983234525 0.4534723331 -0.003005458854 0.05220342788 0.2476644813 -0.9909616541 -0.06965975156 -0.1146408268 0.03546887733 0.688125723 -0.7247240496 0.1293713991 -0.7222399243 -0.6794354515 0.0001789403959 -0.4835755575 0
0.8398264492 0.3389287601 -0.3669705652 -0.02322147604 0.1999128997 0.4524598557 -0.003061006015 0.05267166861 0.2475289376 -0.990630803 -0.07149696195 -0.1163563348 0.03641716431 0.6828598561 -0.7296411495 0.1316221955 -0.7270423656 -0.6738582909 0.0001831247553 -0.4880708518 0
0.8475615292 0.3420504063 -0.3703504858 -0.02363322464 0.2014955553 0.4514395901 -0.003117045302 0.05313944076 0.2473921943 -0.9902912317 -0.07336273956 -0.1180727945 0.03738081134 0.6775650421 -0.7345122795 0.133887831 -0.7317947268 -0.6682443614 0.0001873758829 -0.4925661461 0
0.8544371558 0.344825203 -0.3733548596 -0.02400184838 0.2028966176 0.4505261829 -0.003167270659 0.05355484151 0.2472696387 -0.9899819596 -0.07504524579 -0.1195990418 0.03825033138 0.6728346367 -0.7388034 0.1359140606 -0.7359767406 -0.6632236466 0.0001912112368 -0.4965619633 0
0.8621722358 0.3479468492 -0.3767347801 -0.02441948771 0.2044663066 0.4494913207 -0.003224237877 0.05402171734 0.2471306333 -0.9896255438 -0.07696516478 -0.1213163071 0.03924315901 0.6674864872 -0.7435870923 0.1382072988 -0.7406336158 -0.6575413217 0.0001955902439 -0.5010572576 0
0.8699073157 0.3510684954 -0.3801147007 -0.02484022096 0.2060290584 0.4484487921 -0.003281695475 0.05448811272 0.2469904326 -0.9892600122 -0.0789138338 -0.1230334715 0.04025152004 0.6621108157 -0.748324183 0.1405149224 -0.7452394747 -0.6518233518 0.0002000378886 -0.5055525519 0
0.8767829424 0.353843292 -0.3831190745 -0.02521678949 0.2074123072 0.4475156987 -0.003333180077 0.05490227974 0.2468648075 -0.9889273309 -0.08067016364 -0.1245594589 0.0411609268 0.6573097379 -0.7524956389 0.1425780916 -0.7492904865 -0.6467111061 0.0002040494989 -0.5095483691 0
0.8845180223 0.3569649383 -0.386498995 -0.02564331962 0.2089618202 0.4464588061 -0.003391562271 0.05536775645 0.2467223531 -0.9885442043 -0.08267328174 -0.1262754318 0.04219878039 0.6518834385 -0.7571441379 0.1449124533 -0.7537991186 -0.6409268833 0.0002086285714 -0.5140436634 0
0.891393649 0.3597397349 -0.3895033688 -0.02602501329 0.210333223 0.4455130131 -0.00344386775 0.0557811004 0.2465947272 -0.9881956639 -0.08447808566 -0.1277997765 0.04313448744 0.6470381508 -0.7612365253 0.1469991354 -0.7577632113 -0.6357563761 0.000212758044 -0.5180394806 0
0.8991287289 0.3628613811 -0.3928832894 -0.02645727791 0.2118693218 0.4444419112 -0.003503172312 0.05624564387 0.2464500246 -0.9877944487 -0.08653581309 -0.1295132432 0.0442020207 0.64156301 -0.7657957205 0.1493596615 -0.7621735086 -0.629907322 0.0002174708827 -0.5225347749 0
0.9068638089 0.3659830273 -0.3962632099 -0.0268925529 0.2133982489 0.4433633498 -0.003562964274 0.0567096874 0.2463041342 -0.9873834567 -0.0886225051 -0.1312248488 0.04528533791 0.6360627396 -0.7703073604 0.1517338048 -0.7665313059 -0.6240245264 0.0002222554903 -0.5270300692 0
0.9137394355 0.368757824 -0.3992675837 -0.02728197683 0.2147512354 0.4423984022 -0.003616521343 0.05712174753 0.2461734578 -0.9870098105 -0.09050168352 -0.1327444135 0.04626157505 0.6311529226 -0.7742776343 0.153855454 -0.7703605867 -0.6187673761 0.0002265692601 -0.5310258864 0
0.9214745155 0.3718794702 -0.4026475043 -0.02772288935 0.2162664845 0.4413058717 -0.003677232201 0.05758483562 0.2460253278 -0.9865799716 -0.09264316689 -0.1344514906 0.04737483215 0.6256065664 -0.7786989465 0.1562548718 -0.7746184013 -0.612821954 0.0002314912377 -0.5355211807 0
0.9292095954 0.3750011164 -0.4060274248 -0.02816676042 0.2177744236 0.4402060103 -0.003738428598 0.05804741202 0.2458760145 -0.9861399534 -0.09481369093 -0.1361556325 0.04850400258 0.6200365462 -0.7830721826 0.158667432 -0.7788228588 -0.6068439673 0.0002364869009 -0.540016475 0
0.9360852221 0.3777759131 -0.4090317986 -0.02856378153 0.2191086388 0.4392222377 -0.00379323248 0.05845815822 0.2457422995 -0.9857401677 -0.0967674392 -0.1376676595 0.04952110207 0.6150659637 -0.7869190052 0.1608228287 -0.7825151264 -0.6015031959 0.0002409898894 -0.5440122922 0
0.943820302 0.3808975593 -0.4124117192 -0.02901319134 0.2206026413 0.4381086519 -0.003855344218 0.05891975709 0.2455907556 -0.9852805407 -0.09899285986 -0.1393652386 0.05068044093 0.6094526386 -0.7912009696 0.1632597591 -0.7866180109 -0.5954648235 0.0002461265592 -0.5485075865 0
0.951555382 0.3840192055 -0.4157916397 -0.02946550693 0.2220891981 0.436987866 -0.003917939591 0.0593808326 0.2454380331 -0.9848103305 -0.1012473565 -0.1410588027 0.05185580569 0.603817128 -0.7954343791 0.1657093493 -0.7906667116 -0.5893950821 0.0002513388484 -0.5530028808 0
0.9584310086 0.3867940022 -0.4187960135 -0.0298699897 0.223404294 0.4359856042 -0.003973985397 0.05979023487 0.2453012917 -0.9843833677 -0.1032757653 -0.1425605195 0.05291405657 0.5987895761 -0.7991565217 0.1678972544 -0.7942198435 -0.5839737598 0.0002560360215 -0.556998698 0
0.9661660886 0.3899156484 -0.4221759341 -0.03032774345 0.2248766611 0.4348513431 -0.004037492474 0.06025031083 0.2451463476 -0.9838927842 -0.1055851866 -0.1442454769 0.05411978639 0.5931135641 -0.8032977959 0.1703702965 -0.7981654393 -0.5778459082 0.000261392986 -0.5614939923 0
0.9739011685 0.3930372946 -0.4255558546 -0.03078834926 0.2263414499 0.433710015 -0.004101481239 0.06070985181 0.2449902298 -0.9833912122 -0.1079236781 -0.1459253352 0.05534163773 0.5874168561 -0.8073900794 0.1728555087 -0.8020560559 -0.5716879011 0.0002668275205 -0.5659892866 0
0.9807767952 0.3958120912 -0.4285602284 -0.03120015576 0.2276370859 0.4326896059 -0.004158763968 0.06111788031 0.2448504745 -0.9829360321 -0.1100267328 -0.1474139578 0.05644128553 0.5823361601 -0.8109864228 0.1750746645 -0.8054680097 -0.5661891443 0.0002717238873 -0.5699851038 0
0.9885118751 0.3989337375 -0.431940149 -0.0316660974 0.229087437 0.4315350561 -0.004223660718 0.06157639982 0.2446921443 -0.982413321 -0.1124200993 -0.1490831582 0.05769366645 0.5766017741 -0.8149857882 0.1775823968 -0.8092540487 -0.5599753361 0.0002773067976 -0.5744803981 0
0.9953875018 0.4017085341 -0.4349445228 -0.03208261681 0.2303701684 0.430502969 -0.004281749449 0.06198351401 0.2445504252 -0.9819391278 -0.1145719024 -0.1505617101 0.05882049327 0.5714884103 -0.8184993259 0.1798212972 -0.8125726282 -0.5544276553 0.0002823361354 -0.5784762153 0
1.003122582 0.4048301803 -0.4383244433 -0.03255382645 0.2318059228 0.4293353657 -0.004347551708 0.06244099779 0.2443898888 -0.9813947764 -0.1170200694 -0.1522189088 0.06010349389 0.5657182016 -0.8224053054 0.1823509332 -0.8162531591 -0.548159573 0.0002880698578 -0.5829715096 0
1.010857662 0.4079518265 -0.4417043639 -0.03302779733 0.2332338858 0.4281609205 -0.004413832341 0.06289792748 0.244228187 -0.9808387656 -0.1194972068 -0.1538692091 0.06140273672 0.5599297814 -0.8262616679 0.184891914 -0.8198774649 -0.54186338 0.000293884413 -0.5874668039 0
1.017733288 0.4107266232 -0.4447087377 -0.03345140724 0.2344966102 0.4271112639 -0.004473149483 0.06330361882 0.2440834751 -0.980334632 -0.1217233992 -0.1553300466 0.06257127031 0.5547696528 -0.8296477979 0.1871599461 -0.823051667 -0.5362435157 0.0002991213226 -0.5914626211 0
1.025468368 0.4138482694 -0.4480886582 -0.033930541 0.2359097377 0.4259240256 -0.004540331771 0.06375949104 0.2439195767 -0.9797562146 -0.1242551583 -0.1569662878 0.06390124389 0.5489482598 -0.8334101266 0.1897218777 -0.8265690919 -0.5298954099 0.0003050904419 -0.5959579154 0
1.033203448 0.4169699156 -0.4514685787 -0.03441237991 0.237314949 0.4247300842 -0.004607990372 0.06421479768 0.2437545179 -0.9791657324 -0.1268157726 -0.1585945409 0.06524750985 0.5431101676 -0.8371225169 0.1922946464 -0.8300295812 -0.5235204516 0.0003111423884 -0.6004532097 0
1.040079075 0.4197447123 -0.4544729526 -0.03484293629 0.2385573456 0.4236632151 -0.004668530632 0.06461903669 0.2436068264 -0.9786306173 -0.1291160582 -0.1600348662 0.06645787911 0.5379071575 -0.840380414 0.1945905064 -0.8330575811 -0.5178316342 0.0003165919915 -0.6044490269 0
