0.006196423913 0.005577153307 -0.0004164616512 -2.937454312e-06 0.001580078946 0.5099967364 -3.684300291e-07 0.0003934570309 0.2549995953 -0.9999999999 -6.974189813e-08 -1.710678408e-05 3.572909937e-08 0.9999809939 -0.006165371089 1.710688893e-05 -0.006165371088 -0.9999809938 3.440569331e-08 -0.0005538939961 0
0.0121351941 0.0109224028 -0.0008156063954 -1.126621547e-05 0.003094405757 0.5099874828 -1.420321046e-06 0.0007718773632 0.2549984398 -0.9999999978 -5.273232052e-07 -6.560919333e-05 2.648797846e-07 0.9999271068 -0.01207398705 6.561077776e-05 -0.01207398705 -0.9999271046 7.481416326e-08 -0.001084756506 0
0.01733161801 0.01559949611 -0.001164858047 -2.298035839e-05 0.004419362343 0.509974468 -2.906669752e-06 0.001103623356 0.2549968069 -0.999999991 -1.537506787e-06 -0.0001338223184 7.702752951e-07 0.9998513213 -0.01724341282 0.0001338289337 -0.01724341277 -0.9998513123 7.72147161e-08 -0.001549261202 0
0.0232703882 0.0209447456 -0.001564002791 -4.142632033e-05 0.005933464305 0.5099539738 -5.252273576e-06 0.00148295929 0.25499423 -0.9999999709 -3.722418368e-06 -0.0002412263059 1.863038676e-06 0.9997319961 -0.02315029178 0.0002412478314 -0.02315029156 -0.999731967 4.157488956e-08 -0.002080123712 0
0.02920915838 0.0262899951 -0.001963147535 -6.526719367e-05 0.007447376874 0.5099274857 -8.28694168e-06 0.00186230095 0.254990896 -0.9999999278 -7.361988467e-06 -0.0003800256813 3.683035247e-06 0.9995777938 -0.02905570784 0.0003800791399 -0.02905570714 -0.9995777216 3.189836693e-08 -0.002610986222 0
0.03514792857 0.03163524459 -0.002362292279 -9.450206522e-05 0.008961051732 0.5098950047 -1.200992424e-05 0.00224159037 0.2549868058 -0.9999998486 -1.282696425e-05 -0.0005502019811 6.415546914e-06 0.9993887372 -0.03495928805 0.0005503140847 -0.03495928629 -0.9993885858 1.291627242e-07 -0.003141848731 0
0.04034435248 0.0363123379 -0.00271154393 -0.0001245064668 0.01028528426 0.5098616687 -1.583181445e-05 0.00257341819 0.2549826068 -0.9999997371 -1.939742457e-05 -0.0007248274338 9.700537268e-06 0.9991947433 -0.04012312176 0.0007250220468 -0.04012311825 -0.9991944804 2.36034083e-07 -0.003606353427 0
0.04628312267 0.04165758739 -0.003110688675 -0.0001638519044 0.01179838321 0.5098179545 -2.084433529e-05 0.002952594484 0.2549770998 -0.9999995447 -2.928310095e-05 -0.0009537711768 1.46426344e-05 0.9989404145 -0.04602225545 0.0009541082491 -0.04602224846 -0.9989399593 3.804875709e-07 -0.004137215937 0
0.05222189286 0.04700283688 -0.003509833419 -0.0002085875643 0.01331110559 0.5097682515 -2.654430389e-05 0.003331715525 0.2549708376 -0.9999992622 -4.205798454e-05 -0.001214015531 2.102859776e-05 0.9986513259 -0.05191848265 0.001214561806 -0.05191846988 -0.9986505882 5.477553966e-07 -0.004668078447 0
0.05816066304 0.05234808638 -0.003908978163 -0.000258711733 0.01482340314 0.5097125617 -3.29315838e-05 0.003710784588 0.2549638202 -0.999998865 -5.809115083e-05 -0.001505525886 2.904264534e-05 0.9983275202 -0.05781143171 0.001506366257 -0.05781140982 -0.9983263854 7.373179259e-07 -0.005198940957 0
0.06335708695 0.05702517968 -0.004258229814 -0.0003069891375 0.01614627706 0.5096589237 -3.908417468e-05 0.004042428954 0.2549570606 -0.9999984019 -7.50826709e-05 -0.001786214965 3.753500644e-05 0.9980157488 -0.06296478122 0.00178739823 -0.06296474764 -0.9980141511 9.212771016e-07 -0.005663445653 0
0.06929585714 0.06237042918 -0.004657374558 -0.0003672114236 0.01765764801 0.5095920145 -4.675986727e-05 0.00442140492 0.2549486277 -0.9999977134 -9.821776381e-05 -0.002136241327 4.909688321e-05 0.9976269818 -0.06885058367 0.002137934338 -0.06885053112 -0.9976246958 1.152109054e-06 -0.006194308163 0
0.07523462733 0.06771567867 -0.005056519303 -0.0004328161433 0.01916845545 0.5095191252 -5.512256889e-05 0.004800331583 0.25493944 -0.9999968234 -0.0001256686754 -0.002517411065 6.281420783e-05 0.9972036492 -0.07473204222 0.002519762977 -0.07473196295 -0.9972004736 1.404912198e-06 -0.006725170672 0
0.08117339751 0.07306092816 -0.005455664047 -0.000503800784 0.02067865121 0.5094402587 -6.417217994e-05 0.005179208186 0.2549294976 -0.999995696 -0.0001578017953 -0.002929673507 7.886948912e-05 0.9967458137 -0.08060878728 0.002932860015 -0.08060867141 -0.9967415113 1.679758495e-06 -0.007256033182 0
0.08636982143 0.07773802147 -0.005804915698 -0.0005703234292 0.02199953287 0.5093663495 -7.265398961e-05 0.005510683139 0.254920179 -0.9999944844 -0.000190046529 -0.003315865901 9.497877702e-05 0.9963169577 -0.08574678266 0.003319949305 -0.08574662466 -0.9963114444 1.938425283e-06 -0.007720537878 0
0.09230859161 0.08308327097 -0.006204060442 -0.0006513879332 0.02350845192 0.5092762839 -8.299127658e-05 0.005889462061 0.2549088219 -0.9999928051 -0.0002319432901 -0.003786276228 0.0001159077145 0.995794616 -0.0916136962 0.003791602665 -0.09161347591 -0.9957874245 2.254957013e-06 -0.008251400388 0
0.0982473618 0.08842852046 -0.006603205186 -0.0007378239881 0.02501662091 0.5091802502 -9.401516647e-05 0.006268186186 0.2548967105 -0.9999907691 -0.000279570624 -0.004287610625 0.0001396961359 0.9952379798 -0.09747483761 0.004294444037 -0.09747453679 -0.9952287538 2.5939717e-06 -0.008782262898 0
0.1034437857 0.09310561377 -0.006952456838 -0.0008178592896 0.02633561568 0.509091328 -0.0001042242074 0.006599523112 0.2548854942 -0.9999886579 -0.0003262305565 -0.004751593358 0.0001629983211 0.9947228557 -0.1025983131 0.004759989219 -0.1025979239 -0.9947115202 2.90921525e-06 -0.009246767594 0
0.1093825559 0.09845086326 -0.007351601582 -0.00091435792 0.02784224873 0.5089841145 -0.0001165351581 0.006978138394 0.2548719688 -0.9999858236 -0.0003855794206 -0.005310727636 0.000192633303 0.9941021433 -0.1084476441 0.005321220905 -0.1084471297 -0.9940879763 3.290961614e-06 -0.009777630104 0
0.1153213261 0.1037961128 -0.007750746326 -0.001016218032 0.02934799358 0.5088709441 -0.0001295323593 0.007356692072 0.2548576893 -0.9999824894 -0.000451698553 -0.005900583471 0.0002256437804 0.9934473869 -0.1142901511 0.005913543926 -0.1142894812 -0.9934298891 3.695842695e-06 -0.01030849261 0
0.1212600963 0.1091413622 -0.00814989107 -0.001123435726 0.03085280226 0.5087518213 -0.0001432156759 0.00773518152 0.2548426561 -0.9999785997 -0.0005249472659 -0.006521082532 0.0002622077588 0.992758683 -0.12012547 0.006536920843 -0.1201246091 -0.9927373001 4.12412088e-06 -0.01083935512 0
0.1264565202 0.1138184556 -0.008499142721 -0.001221642877 0.03216870423 0.5086427095 -0.0001557512958 0.008066304965 0.2548288838 -0.999974695 -0.0005951698479 -0.007089091566 0.0002972555258 0.9921282996 -0.1252251921 0.00710781862 -0.1252241305 -0.9921030169 4.518275648e-06 -0.01130385982 0
0.1323952904 0.119163705 -0.008898287466 -0.001338894811 0.03367162843 0.5085124383 -0.0001707206917 0.008444666606 0.2548124375 -0.9999696047 -0.0006827503889 -0.007766821449 0.0003409591769 0.9913762228 -0.1310460555 0.007789313857 -0.1310447205 -0.9913458568 4.991185322e-06 -0.01183472233 0
0.1383340606 0.1245089545 -0.00929743221 -0.001461491973 0.03517347879 0.5083762283 -0.0001863757774 0.008822956031 0.254795238 -0.999963784 -0.0007784860345 -0.008474946827 0.0003887233251 0.9905905046 -0.13685869 0.008501744433 -0.136857028 -0.9905543267 5.488331944e-06 -0.01236558484 0
0.1442728307 0.129854204 -0.009696576954 -0.001589429671 0.03667420747 0.5082340848 -0.0002027163917 0.009201170359 0.2547772853 -0.9999571663 -0.0008827306749 -0.00921337374 0.0004407225268 0.9897712613 -0.1426627357 0.00924506532 -0.1426606855 -0.9897284767 6.010034853e-06 -0.01289644735 0
0.1494692547 0.1345312973 -0.01004582861 -0.00170575222 0.03798638741 0.5081048461 -0.0002175766448 0.009532043999 0.254760959 -0.9999506679 -0.0009812017896 -0.009884277108 0.0004898323665 0.9890270171 -0.1477339481 0.009920773919 -0.1477315017 -0.9889777458 6.486929742e-06 -0.01336095204 0
0.1554080248 0.1398765468 -0.01044497335 -0.001843690061 0.0394848843 0.507951592 -0.0002352021664 0.009910109626 0.2547415946 -0.9999423675 -0.001102349167 -0.01067925225 0.0005502392972 0.9881452439 -0.153520924 0.01072188598 -0.1535179523 -0.9880876882 7.055581592e-06 -0.01389181455 0
0.161346795 0.1452217963 -0.01084411809 -0.00198695381 0.04098212235 0.5077924207 -0.0002535127144 0.01028809169 0.2547214775 -0.9999330639 -0.001233014071 -0.01150423657 0.0006153774691 0.9872303066 -0.1592982833 0.01155374802 -0.1592946999 -0.9871634664 7.649779108e-06 -0.01442267706 0
0.1672855652 0.1505670458 -0.01124326284 -0.002135537981 0.04247805395 0.5076273382 -0.0002725081005 0.01066598718 0.2547006081 -0.9999226798 -0.001373543995 -0.01235912074 0.0006854173712 0.9862823401 -0.1650656712 0.01241630748 -0.1650613795 -0.9862051391 8.26988988e-06 -0.01495353957 0
0.1724819891 0.1552441391 -0.01159251449 -0.002269909076 0.04378588503 0.5074780469 -0.0002896906915 0.01099657237 0.2546817303 -0.9999126446 -0.00150487188 -0.01313158262 0.000750856389 0.9854258851 -0.170103678 0.01319618567 -0.1700986785 -0.9853386729 8.834041521e-06 -0.01541804427 0
0.1784207593 0.1605893886 -0.01199165923 -0.002428453557 0.04527923892 0.5073018981 -0.0003099696179 0.01137429743 0.2546594507 -0.9999000172 -0.001664828986 -0.01404222054 0.0008305425261 0.9844163697 -0.1758514179 0.01411615431 -0.1758454985 -0.9843165623 9.503770228e-06 -0.01594890678 0
0.1843595295 0.1659346381 -0.01239080398 -0.002592301566 0.04677114981 0.5071198569 -0.0003309328025 0.01175192724 0.2546364193 -0.9998860722 -0.001835639875 -0.01498242205 0.0009156140101 0.9833742404 -0.1815881741 0.0150666584 -0.1815812043 -0.983260526 1.020053196e-05 -0.01647976929 0
0.1902982997 0.1712798876 -0.01278994872 -0.002761446836 0.04826157031 0.5069319303 -0.0003525800304 0.01212945875 0.2546126364 -0.999870722 -0.002017644688 -0.01595206267 0.001006236655 0.9822996507 -0.1873135973 0.01604763787 -0.1873054333 -0.9821706308 1.092473707e-05 -0.0170106318 0
0.1954947236 0.1759569809 -0.01313920037 -0.002913789274 0.04956442846 0.5067626722 -0.0003720823094 0.01245971578 0.2545912101 -0.9998560669 -0.002186347252 -0.01682454667 0.001090214515 0.9813328815 -0.1923137728 0.01693094555 -0.1923044349 -0.9811892516 1.158125914e-05 -0.0174751365 0
0.2014334938 0.1813022304 -0.01353834512 -0.003092849306 0.05105192699 0.5065637299 -0.0003950115137 0.01283705473 0.2545660187 -0.9998378361 -0.002390250275 -0.01784903665 0.001191687939 0.9801978592 -0.1980170113 0.01796889773 -0.1980061706 -0.9800360581 1.235806224e-05 -0.01800599901 0
0.207372264 0.1866474799 -0.01393748986 -0.00327718745 0.05253779927 0.5063589233 -0.0004186241034 0.01321428658 0.2545400765 -0.9998179331 -0.002606313491 -0.01890258643 0.001299181841 0.9790308446 -0.203707922 0.01903714186 -0.2036953914 -0.9788492094 1.316354481e-05 -0.01853686152 0
0.2133110342 0.1919927294 -0.01433663461 -0.003466796656 0.05402199815 0.5061482605 -0.0004429198362 0.01359140825 0.2545133837 -0.9997962598 -0.002834868753 -0.01998505667 0.001412856765 0.9778320095 -0.2093861622 0.02013561042 -0.2093717379 -0.9776287806 1.399815544e-05 -0.01906772403 0
0.2185074581 0.1966698227 -0.01468588626 -0.003637022932 0.05531926249 0.5059591328 -0.0004647387974 0.01392129692 0.2544894121 -0.9997757644 -0.003045361124 -0.02095582957 0.001517517797 0.9767570648 -0.2143439606 0.02112150934 -0.2143276979 -0.9765334197 1.475269355e-05 -0.01953222872 0
0.2244462283 0.2020150722 -0.015085031 -0.003836495673 0.05680019702 0.5057375112 -0.000490314746 0.01429820371 0.2544613127 -0.9997504985 -0.003298225397 -0.02209213708 0.001643209763 0.9754990458 -0.2199975262 0.02227646007 -0.2199789385 -0.9752502376 1.564316028e-05 -0.02006309123 0
0.2303849984 0.2073603217 -0.01548417575 -0.004041218086 0.05827932307 0.505510057 -0.000516573102 0.01467499147 0.2544324637 -0.9997231661 -0.003564522825 -0.0232569436 0.001775536081 0.9742097261 -0.2256374461 0.02346143048 -0.2256162755 -0.9739337028 1.656409512e-05 -0.02059395374 0
0.2363237686 0.2127055712 -0.01588332049 -0.004251182344 0.05975659382 0.5052767789 -0.0005435135959 0.01505165711 0.2544028652 -0.9996936591 -0.003844576056 -0.02445009533 0.001914651447 0.9728892954 -0.2312633846 0.02467634569 -0.2312393526 -0.9725838986 1.751598082e-05 -0.02112481625 0
0.2415201925 0.2173826645 -0.01623257214 -0.004439194713 0.06104764703 0.5050678902 -0.0005676458773 0.01538113695 0.2543763519 -0.9996659699 -0.004101158411 -0.02551723131 0.002042066925 0.9717085502 -0.2361743495 0.02576390027 -0.236147568 -0.9713755955 1.837465592e-05 -0.02158932095 0
0.2474589627 0.222727914 -0.01663171688 -0.004658965635 0.0625213131 0.5048237166 -0.0005958646294 0.0157575653 0.254345349 -0.9996320858 -0.004407864576 -0.02676310298 0.002194323102 0.9703303131 -0.2417731755 0.02703475351 -0.2417429506 -0.9699636426 1.938590392e-05 -0.02212018346 0
0.2533977329 0.2280731635 -0.01703086163 -0.004883954786 0.06399298965 0.5045737453 -0.0006247647059 0.01613386265 0.2543135976 -0.9995957027 -0.004729239898 -0.02803685727 0.002353804023 0.9689215351 -0.2473570665 0.02833532569 -0.247323054 -0.9685186711 2.042953536e-05 -0.02265104597 0
0.2585941568 0.2327502568 -0.01738011328 -0.005085094116 0.06527903801 0.5043502721 -0.0006506109389 0.01646301294 0.2542852012 -0.9995617251 -0.005022722369 -0.02917413283 0.00249939299 0.9676639639 -0.2522304622 0.0294976406 -0.2521928335 -0.9672273073 2.136968054e-05 -0.02311555066 0
0.264532927 0.2380955063 -0.01777925802 -0.005319844112 0.06674685887 0.5040894561 -0.0006807876939 0.01683905634 0.2542520471 -0.9995203372 -0.005372442618 -0.03049971166 0.002672818605 0.9661984829 -0.2577854685 0.03085371277 -0.2577433386 -0.9657206738 2.247541941e-05 -0.02364641317 0
0.2704716972 0.2434407558 -0.01817840277 -0.005559787079 0.06821255667 0.5038228706 -0.000711644902 0.01721495986 0.2542181453 -0.9994761054 -0.00573772315 -0.03185268075 0.002853890545 0.9647030675 -0.2633246035 0.03223926251 -0.2632775532 -0.96418129 2.361503601e-05 -0.02417727568 0
0.2764104674 0.2487860053 -0.01857754751 -0.00580491385 0.06967608517 0.5035505257 -0.0007431822465 0.0175907204 0.2541834963 -0.9994289051 -0.006118868464 -0.033232862 0.003042751981 0.9631779373 -0.2688475457 0.03365420224 -0.2687951276 -0.962609253 2.478906353e-05 -0.02470813819 0
0.2816068913 0.2534630986 -0.01892679916 -0.006023644756 0.07095485678 0.5033075075 -0.0007713350933 0.01791939115 0.2541525657 -0.9993850699 -0.006465621852 -0.03446270037 0.003214506703 0.9618192484 -0.2736665861 0.03491631323 -0.2736090808 -0.9612070131 2.584498948e-05 -0.02517264289 0
0.2875456615 0.2588083481 -0.01932594391 -0.006278465763 0.07241419341 0.503024392 -0.0008041468161 0.01829487528 0.2541165166 -0.9993319595 -0.00687732417 -0.03589341217 0.003418352875 0.9602390087 -0.2791583083 0.0363861167 -0.2790945156 -0.959574021 2.708499728e-05 -0.0257035054 0
0.2934844317 0.2641535976 -0.01972508865 -0.006538443119 0.07387122823 0.5027355475 -0.0008376377264 0.01867020754 0.2540797212 -0.9992755093 -0.007305750296 -0.03735080467 0.003630389747 0.9586297082 -0.2846329264 0.03788504807 -0.2845623105 -0.9579086671 2.836098474e-05 -0.02623436791 0
0.2994232019 0.2694988471 -0.0201242334 -0.006803566896 0.07532591532 0.5024409852 -0.0008718074804 0.01904538486 0.25404218 -0.9992155854 -0.00775119314 -0.03883468638 0.003850753136 0.9569915827 -0.2900901279 0.03941301259 -0.2900121198 -0.9562110566 2.967350928e-05 -0.02676523042 0
0.3046196258 0.2741759404 -0.02047348505 -0.00703976392 0.07659680466 0.5021785615 -0.0009022626038 0.01937353547 0.2540087198 -0.9991601959 -0.008155142547 -0.0401546592 0.004050506711 0.9555347657 -0.2948506484 0.04077372194 -0.2947656783 -0.9546992712 3.085238267e-05 -0.02722973511 0
0.310558396 0.2795211899 -0.02087262979 -0.007314509794 0.07804696641 0.5018733087 -0.0009377042396 0.01974841392 0.2539697812 -0.999093391 -0.008633270318 -0.04168768032 0.004286841472 0.9538432427 -0.3002743602 0.0423558619 -0.3001808373 -0.9529414703 3.223493653e-05 -0.02776059762 0
0.3164971661 0.2848664394 -0.02127177454 -0.007594372456 0.07949464903 0.5015623709 -0.0009738236926 0.02012312854 0.2539300978 -0.9990227158 -0.009129239351 -0.04324662142 0.004531882075 0.9521235948 -0.3056797709 0.04396675244 -0.3055770235 -0.9511517268 3.365566136e-05 -0.02829146013 0
0.3224359363 0.2902116888 -0.02167091928 -0.007879341222 0.08093980703 0.50124576 -0.001010620592 0.02049767624 0.2538896701 -0.998948028 -0.009643330162 -0.04483127809 0.004785756477 0.9503760733 -0.3110665777 0.04560629174 -0.3109538959 -0.9493301537 3.511513574e-05 -0.02882232264 0
0.3276323602 0.2948887822 -0.02202017093 -0.008132868949 0.0822022136 0.5009640813 -0.0010433733 0.02082526613 0.2538536856 -0.9988792711 -0.01010824313 -0.04623878432 0.005015242037 0.9488243277 -0.3157645366 0.04706430816 -0.3156425488 -0.9477102575 3.642442121e-05 -0.02928682734 0
0.3335711304 0.3002340316 -0.02241931568 -0.008427382195 0.08364251564 0.5006368662 -0.001081439389 0.02119949254 0.2538118635 -0.9987966687 -0.01065705673 -0.04787109549 0.00528601732 0.9470252345 -0.3211156541 0.04875728318 -0.320982293 -0.9458293159 3.795812769e-05 -0.02981768985 0
0.3395099006 0.3055792811 -0.02281846042 -0.008726969754 0.08508016283 0.5003040133 -0.001120181821 0.02157354318 0.2537692982 -0.9987096327 -0.01122477988 -0.0495285166 0.005565982408 0.9451990121 -0.3264473118 0.05047860418 -0.3263017497 -0.9439168812 3.953227432e-05 -0.03034855236 0
0.3454486708 0.3109245306 -0.02321760516 -0.009031620198 0.08651511009 0.4999655354 -0.001159600197 0.02194741494 0.2537259902 -0.9986180126 -0.01181167992 -0.05121083084 0.005855256904 0.9433459268 -0.3317592173 0.05222816237 -0.3316005828 -0.9419730742 4.114745803e-05 -0.03087941487 0
0.3506450947 0.3156016239 -0.02356685682 -0.009302333352 0.08776843881 0.4996647631 -0.001194645444 0.02227440359 0.2536874869 -0.9985339648 -0.01234115598 -0.05270310313 0.006116101035 0.9417026536 -0.3363907037 0.05378210222 -0.3362198806 -0.9402466045 4.259487957e-05 -0.03134391956 0
0.3565838649 0.3209468734 -0.02396600156 -0.009616445229 0.08919820261 0.4993157731 -0.001235330122 0.02264793169 0.2536427876 -0.9984333369 -0.01296472095 -0.0544314968 0.00642314524 0.9397999314 -0.341664795 0.05558430569 -0.3414791427 -0.9382443072 4.428863166e-05 -0.03187478207 0
0.3625226351 0.3262921229 -0.0243651463 -0.009935586063 0.09062513752 0.4989611958 -0.001276689563 0.02302127207 0.253597347 -0.998327681 -0.01360821162 -0.05618414305 0.006739830166 0.9378711329 -0.3469183084 0.05741442365 -0.3467168219 -0.9362109962 4.602516051e-05 -0.03240564458 0
0.3684614053 0.3316373724 -0.02476429105 -0.01025974369 0.09204919893 0.4986010447 -0.001318723344 0.02339442167 0.2535511654 -0.9982168389 -0.0142718814 -0.05796081317 0.007066266596 0.9359165388 -0.3521509624 0.05927234042 -0.3519325871 -0.9341467999 4.780507895e-05 -0.03293650709 0
0.3736578292 0.3363144657 -0.0251135427 -0.01054748723 0.0932928605 0.498281351 -0.001356055732 0.02372076864 0.2535101491 -0.998115472 -0.01486934203 -0.05953492458 0.007359983055 0.9341853317 -0.3567122043 0.06092072904 -0.3564781462 -0.9323153952 4.939858517e-05 -0.03340101179 0
0.3795965994 0.3416597152 -0.02551268744 -0.01088101787 0.09471141424 0.4979107861 -0.001399352731 0.02409355223 0.2534625796 -0.9979944727 -0.01557151775 -0.06135601277 0.007704993949 0.9321831395 -0.3619049979 0.06283045071 -0.3616519353 -0.9301936423 5.126152358e-05 -0.0339318743 0
0.3855353695 0.3470049647 -0.02591183219 -0.01121952925 0.09612696686 0.4975346874 -0.00144332281 0.0244661362 0.2534142706 -0.9978678217 -0.01629458034 -0.06320045091 0.008060061661 0.9301559782 -0.3670761387 0.06476762887 -0.3668028665 -0.9280413845 5.316963362e-05 -0.03446273681 0
0.3907317935 0.351682058 -0.02626108384 -0.01151980235 0.09736307885 0.4972010729 -0.001482348412 0.02479198101 0.2533713939 -0.997752236 -0.01694458168 -0.06483329993 0.008379075512 0.9283619609 -0.3715829122 0.06648508646 -0.3712909246 -0.9261332423 5.487677713e-05 -0.03492724151 0
0.3966705636 0.3570273075 -0.02666022858 -0.01186761772 0.0987728855 0.4968146371 -0.001527579297 0.02516418243 0.2533216996 -0.9976145407 -0.0177074477 -0.06672087011 0.008753271455 0.9262887783 -0.3767127279 0.06847341419 -0.3763981209 -0.9239241561 5.687127494e-05 -0.03545810402 0
0.4026093338 0.362372557 -0.02705937333 -0.01222037625 0.1001795645 0.4964227093 -0.001573481947 0.02553617542 0.2532712671 -0.9974707132 -0.01849187662 -0.06863109261 0.009137809439 0.9241914817 -0.3818201219 0.07048884176 -0.3814815272 -0.9216849612 5.891275392e-05 -0.03598896652 0
0.408548104 0.3677178065 -0.02745851807 -0.0125780645 0.101583072 0.4960253044 -0.001620055891 0.02590795692 0.2532200971 -0.9973205829 -0.01929809591 -0.0705637194 0.009532783842 0.9220703749 -0.386904833 0.07253124178 -0.3865408222 -0.9194157992 6.100184938e-05 -0.03651982903 0
0.4137445279 0.3723948998 -0.02780776972 -0.01289507492 0.1028085053 0.4956730941 -0.001661358388 0.02623308984 0.2531747187 -0.9971839132 -0.02002158851 -0.0722729493 0.009887019831 0.9201951159 -0.3913351449 0.0743403662 -0.3909476752 -0.9174058127 6.286936992e-05 -0.03698433373 0
0.4196832981 0.3777401493 -0.02820691447 -0.01326196952 0.1042059489 0.4952654606 -0.001709189716 0.02660446656 0.2531221671 -0.9970214996 -0.02086926397 -0.07424690617 0.01030180805 0.9180301949 -0.3963766316 0.0764329903 -0.395960901 -0.9150808504 6.504946848e-05 -0.03751519624 0
0.4256220683 0.3830853988 -0.02860605921 -0.01363375419 0.105600096 0.4948523941 -0.001757690945 0.02697562299 0.2530688794 -0.9968522836 -0.02173936139 -0.07624253924 0.0107272898 0.9158423549 -0.4013947013 0.07855221116 -0.4009491005 -0.9127263385 6.727902553e-05 -0.03804605875 0
0.4315608385 0.3884306483 -0.02900520396 -0.01401041476 0.1069909034 0.4944339102 -0.001806861579 0.02734655609 0.2530148562 -0.9966760883 -0.02263209252 -0.07825959018 0.0111635495 0.913631912 -0.4063891049 0.08069789483 -0.4059119582 -0.9103424257 6.95586868e-05 -0.03857692126 0
0.4367572624 0.3931077416 -0.02935445561 -0.01434398126 0.1082050864 0.4940633055 -0.001850434608 0.02767093696 0.252966983 -0.9965160518 -0.02343196223 -0.08004187407 0.01155418237 0.9116794837 -0.4107396011 0.08259696925 -0.410233424 -0.9082325024 7.159500104e-05 -0.03904142596 0
0.4426960326 0.3984529911 -0.02975360035 -0.01472974537 0.1095895157 0.4936347073 -0.00190085901 0.0280414431 0.2529115823 -0.996326288 -0.02436768768 -0.08209837838 0.01201086904 0.9094275225 -0.4156889707 0.08479190386 -0.415147922 -0.9057938705 7.397035661e-05 -0.03957228847 0
0.4486348028 0.4037982406 -0.03015274509 -0.01512034368 0.1109704818 0.4932007381 -0.001951951347 0.02841171715 0.2528554476 -0.9961290276 -0.02532663221 -0.08417554376 0.01247856157 0.9071538836 -0.4206139763 0.08701290691 -0.4200361809 -0.9033262759 7.639768614e-05 -0.04010315098 0
0.454573573 0.4091434901 -0.03055188984 -0.01551576133 0.112347942 0.4927614144 -0.002003711096 0.02878175606 0.2527985796 -0.9959240879 -0.02630899118 -0.08627310224 0.01295733403 0.9048588943 -0.4255143815 0.08925983802 -0.4248978917 -0.9008298746 7.887764428e-05 -0.04063401349 0
0.4597699969 0.4138205834 -0.03090114149 -0.01586569333 0.1135503103 0.492372627 -0.002049547945 0.02910534484 0.2527482189 -0.9957383215 -0.02718791273 -0.08812498212 0.01338540509 0.9028335243 -0.4297818729 0.09124706024 -0.4291298694 -0.8986220169 8.109129578e-05 -0.04109851818 0
0.4657087671 0.4191658329 -0.03130028623 -0.01627010659 0.1149210824 0.4919233089 -0.002102557653 0.02947493468 0.2526899775 -0.9955184857 -0.0282146853 -0.09026004703 0.01388514255 0.9004993954 -0.4346355274 0.09354222241 -0.4339409757 -0.8960720296 8.36717042e-05 -0.04162938069 0
0.4716475372 0.4245110824 -0.03169943098 -0.01667929546 0.1162882267 0.4914686849 -0.002156233227 0.02984428066 0.2526310044 -0.9952904375 -0.02926540982 -0.09241472139 0.01439615764 0.8981448729 -0.439463921 0.09586289995 -0.4387246552 -0.8934936941 8.630663462e-05 -0.0421602432 0
0.4775863074 0.4298563319 -0.03209857572 -0.01709324441 0.1176517011 0.4910087723 -0.002210574117 0.03021337974 0.2525713002 -0.9950539889 -0.03034026474 -0.09458872819 0.01491851375 0.8957702948 -0.4442668308 0.09820894619 -0.4434806054 -0.8908871733 8.899674928e-05 -0.04269110571 0
0.4827827313 0.4345334252 -0.03244782737 -0.01745934213 0.1188416979 0.4906020242 -0.002258667723 0.03053613651 0.2525184598 -0.9948400566 -0.03130069416 -0.09650662332 0.01538492621 0.8936763546 -0.4484482994 0.1002824304 -0.4476190788 -0.8885834763 9.139638987e-05 -0.04315561041 0
0.4887215015 0.4398786747 -0.03284697212 -0.01788217368 0.1201981784 0.4901322427 -0.002314254571 0.03090476449 0.2524573866 -0.994587346 -0.03242125902 -0.09871612413 0.01592870777 0.8912650919 -0.4532028378 0.102675642 -0.4523222279 -0.8859245536 9.419176599e-05 -0.04368647292 0
0.4946602717 0.4452239242 -0.03324611686 -0.0183097196 0.121550869 0.4896572233 -0.002370505113 0.03127313686 0.2523955841 -0.9943256875 -0.0335664424 -0.1009441488 0.01648399689 0.8888347593 -0.4579312705 0.1050937918 -0.4569967884 -0.883237924 9.704423987e-05 -0.04421733543 0
0.5005990419 0.4505691737 -0.03364526161 -0.01874196365 0.122899728 0.4891769841 -0.002427418772 0.03164125061 0.252333053 -0.9940548883 -0.03473640533 -0.1031904119 0.01705084595 0.8863857044 -0.462633388 0.1075367268 -0.4616424647 -0.8805237573 9.995448021e-05 -0.04474819794 0
0.5057954658 0.455246267 -0.03399451326 -0.01912401824 0.1240768042 0.4887525073 -0.002477761728 0.03196313562 0.252277741 -0.9938102886 -0.03578057294 -0.1051706275 0.01755636064 0.8842276982 -0.4667259924 0.1096945053 -0.4656835066 -0.8781264073 0.0001025488539 -0.04521270263 0
0.511734236 0.4605915165 -0.034393658 -0.01956502692 0.125418368 0.4882625304 -0.002535917153 0.03233075631 0.2522138454 -0.9935218275 -0.03699741553 -0.1074503116 0.01814501578 0.8817444839 -0.4713782171 0.1121834953 -0.4702742353 -0.8753610724 0.0001055692138 -0.04574356514 0
0.5176730062 0.465936766 -0.03479280275 -0.02001068607 0.126755982 0.4877673865 -0.002594733997 0.03269810972 0.252149223 -0.9932236657 -0.03823947498 -0.1097474025 0.01874536539 0.8792435594 -0.4760035446 0.1146968225 -0.4748352407 -0.8725686982 0.0001086492709 -0.04627442765 0
0.5236117764 0.4712820154 -0.03519194749 -0.0204609788 0.1280896053 0.4872670946 -0.002654211658 0.03306519281 0.2520838745 -0.9929156064 -0.03950689442 -0.1120616074 0.0193574506 0.8767252811 -0.4806017796 0.117234328 -0.4793662345 -0.8697494614 0.0001117896992 -0.04680529016 0
0.5288082003 0.4759591088 -0.03554119914 -0.02085877248 0.1292532202 0.4868251311 -0.002706796207 0.03338616643 0.2520260994 -0.99263778 -0.04063679849 -0.1141003435 0.0199026821 0.8745078338 -0.48460286 0.119474353 -0.48330601 -0.8672607334 0.0001145876282 -0.04726979486 0
0.5347469705 0.4813043582 -0.03594034389 -0.02131770696 0.1305792515 0.4863152379 -0.002767511249 0.0337527346 0.2519593912 -0.992310629 -0.04195213734 -0.1164458406 0.02053687214 0.8719579847 -0.4891497826 0.1220567594 -0.4877799617 -0.8643916106 0.0001178430741 -0.04780065737 0
0.5406857407 0.4866496077 -0.03633948863 -0.02178122544 0.1319011757 0.4858002517 -0.002828885334 0.03411902384 0.2518919588 -0.9919730094 -0.04329322144 -0.118807599 0.02118289952 0.8693918178 -0.4936690713 0.1246628789 -0.4922230837 -0.8614961419 0.0001211608364 -0.04833151988 0
0.5458821646 0.491326701 -0.03668874028 -0.0221905506 0.1330544586 0.4853454763 -0.002883127786 0.03443929574 0.2518323619 -0.9916688473 -0.04448788743 -0.1208872412 0.02175790717 0.8671333221 -0.4976006382 0.1269625562 -0.4960853047 -0.8589411387 0.000124115531 -0.04879602457 0
0.5518209348 0.4966719505 -0.03708788503 -0.02266261656 0.1343685738 0.4848209935 -0.002945735876 0.03480505389 0.2517635735 -0.9913110587 -0.04587757655 -0.1232786796 0.02242620704 0.864537542 -0.5020676285 0.1296126927 -0.5004698656 -0.8559967661 0.0001275519671 -0.04932688708 0
0.5577597049 0.5020172 -0.03748702977 -0.02313921553 0.1356784667 0.4842914744 -0.003009001182 0.03517052448 0.2516940629 -0.9909422235 -0.04729335685 -0.1256855124 0.02310642128 0.8619264959 -0.5065064748 0.1322860648 -0.5048227947 -0.8530265781 0.000131052674 -0.04985774959 0
0.5636984751 0.5073624495 -0.03788617451 -0.02362032946 0.1369840979 0.483756939 -0.003072923054 0.03553570453 0.2516238308 -0.9905621393 -0.04873533933 -0.128107435 0.0237985708 0.859300553 -0.5109170066 0.1349825034 -0.5091438169 -0.8500307626 0.0001346183336 -0.0503886121 0
0.568894899 0.5120395428 -0.03823542616 -0.0240449935 0.138122998 0.4832851215 -0.003129392766 0.0358549964 0.2515617864 -0.9902201781 -0.05001865151 -0.130238755 0.02441400641 0.8569909245 -0.5147528645 0.1373606752 -0.512898323 -0.8473885503 0.0001377921039 -0.0508531168 0
0.5748336692 0.5173847923 -0.03863457091 -0.02453452372 0.1394205319 0.4827412353 -0.003194543926 0.03621962365 0.2514902035 -0.9898184538 -0.0515100453 -0.1326881444 0.02512858036 0.8543380514 -0.5191098616 0.1400999032 -0.5171587853 -0.8443451948 0.0001414813906 -0.05138397931 0
0.5807724394 0.5227300418 -0.03903371565 -0.02502851606 0.1407136908 0.4821923916 -0.00326034975 0.03658395178 0.2514179012 -0.9894048947 -0.05302793324 -0.1351517394 0.02585513273 0.8516713523 -0.5234380764 0.142861704 -0.521386561 -0.8412767604 0.0001452375953 -0.05191484182 0
0.5867112096 0.5280752913 -0.0394328604 -0.02552695181 0.1420024359 0.481638611 -0.003326809561 0.03694797782 0.2513448802 -0.9889792958 -0.05457240741 -0.1376292295 0.02659367255 0.8489912027 -0.5277373535 0.145645903 -0.5255813829 -0.8381834411 0.0001490614031 -0.05244570433 0
0.5919076335 0.5327523846 -0.03978211205 -0.02596671327 0.1431264367 0.4811500197 -0.003385497833 0.03726625047 0.2512803979 -0.988596859 -0.05594569996 -0.1398081868 0.02724973313 0.8466353345 -0.5314753639 0.1481003123 -0.5292246112 -0.835456527 0.00015246323 -0.05291020902 0
0.5978464037 0.5380976341 -0.04018125679 -0.02647342947 0.1444068014 0.4805870392 -0.003453182028 0.03762970209 0.2512060314 -0.9881481316 -0.05754025431 -0.1423108894 0.02801076306 0.8439309821 -0.5357199779 0.1509260324 -0.5333569318 -0.8323170767 0.0001564156435 -0.05344107153 0
0.6037851739 0.5434428836 -0.04058040154 -0.02698453442 0.1456826414 0.4800191827 -0.003521518232 0.03799284308 0.2511309484 -0.9876867726 -0.05916163208 -0.1448265876 0.0287837892 0.8412142662 -0.5399352292 0.153773641 -0.537455542 -0.8291533077 0.0001604376346 -0.05397193404 0
0.6097239441 0.5487881331 -0.04097954628 -0.0275000088 0.1469539182 0.4794464716 -0.003590505744 0.03835567049 0.2510551497 -0.9872125755 -0.06080990614 -0.1473549663 0.02956880858 0.8384855675 -0.5441209779 0.1566429581 -0.5415201828 -0.8259654202 0.0001645298914 -0.05450279655 0
0.614920368 0.5534652264 -0.04132879793 -0.02795461786 0.1480625124 0.4789413841 -0.003651403536 0.03867288491 0.2509882393 -0.986786959 -0.0622742628 -0.1495774508 0.030265534 0.8360884266 -0.5477591992 0.1591712758 -0.5450486759 -0.8231563921 0.0001681687973 -0.05496730125 0
0.6208591382 0.5588104759 -0.04172794268 -0.02847823227 0.1493251311 0.4783596291 -0.003721610338 0.03903511637 0.2509111007 -0.9862881321 -0.06397314643 -0.1521287515 0.03107302173 0.8333382899 -0.551889266 0.1620808064 -0.5490489333 -0.8199238264 0.0001723946593 -0.05549816376 0
0.6267979084 0.5641557254 -0.04212708742 -0.02900615966 0.150583078 0.4777730822 -0.003792466395 0.03939702576 0.2508332485 -0.9857758711 -0.065699108 -0.15469182 0.03189247665 0.8305772707 -0.5559894489 0.1650115205 -0.5530144885 -0.8166677253 0.0001766927691 -0.05602902627 0
0.6327366785 0.5695009749 -0.04252623217 -0.02953838007 0.1518363154 0.4771817656 -0.003863970981 0.03975861011 0.2507546837 -0.9852499682 -0.06745220096 -0.1572663369 0.03272388362 0.8278057539 -0.5600596229 0.1679632328 -0.556945091 -0.8133882948 0.000181063817 -0.05655988878 0
0.6379331025 0.5741780682 -0.04287548382 -0.03000757877 0.1529290056 0.4766604684 -0.003927068912 0.04007472747 0.2506853555 -0.9847784491 -0.06900845168 -0.1595281786 0.03346115482 0.8253723685 -0.5635963134 0.1705630596 -0.5603555005 -0.8104998185 0.0001849488595 -0.05702439348 0
0.6438718726 0.5795233177 -0.04327462856 -0.03054779433 0.1541733126 0.4760602689 -0.003999787506 0.04043569446 0.2506054565 -0.9842264071 -0.07081254247 -0.1621232969 0.03431492005 0.8225822086 -0.5676098981 0.1735536397 -0.5642198986 -0.8071772049 0.0001894585298 -0.05755525599 0
0.6498106428 0.5848685672 -0.0436737733 -0.03109224472 0.1554128036 0.4754553644 -0.004073152502 0.04079632797 0.2505248471 -0.983660125 -0.07264389016 -0.1647289401 0.0351805762 0.8197826619 -0.571593137 0.1765646781 -0.5680486357 -0.8038318618 0.0001940431268 -0.0580861185 0
0.655749413 0.5902138167 -0.04407291805 -0.0316409094 0.1566474418 0.4748457776 -0.004147163146 0.04115662505 0.2504435282 -0.9830793946 -0.07450252859 -0.1673447852 0.03605809585 0.8169741163 -0.5755459208 0.1795959844 -0.5718414697 -0.8004640004 0.0001987033429 -0.05861698101 0
0.6609458369 0.59489091 -0.0444221697 -0.03212443177 0.1577237407 0.4743085664 -0.004212451497 0.04147160674 0.2503717927 -0.9825592397 -0.07615124689 -0.1696417641 0.03683563338 0.8145095625 -0.5789795408 0.1822648531 -0.5751305593 -0.797498817 0.000202843608 -0.0590814857 0
0.6668846071 0.6002361595 -0.04482131444 -0.03268094233 0.1589491819 0.4736902625 -0.004287670681 0.04183126515 0.2502891456 -0.9819508574 -0.07806112898 -0.1722758652 0.03773531222 0.8116851917 -0.5828749402 0.1853336446 -0.5788554308 -0.7940893088 0.0002076474781 -0.05961234821 0
0.6728233773 0.605581409 -0.04522045919 -0.03324160728 0.1601696659 0.473067343 -0.004363533313 0.04219057873 0.2502057913 -0.9813274283 -0.07999837077 -0.174919236 0.03864675812 0.8088529404 -0.586739592 0.1884221498 -0.5825437163 -0.7906578982 0.0002125289608 -0.06014321072 0
0.6780198012 0.6102585023 -0.04556971084 -0.03373558039 0.1612334948 0.4725185206 -0.004430440333 0.04250469296 0.2501322769 -0.9807694211 -0.08171591205 -0.1772395337 0.0394538948 0.8063685628 -0.590095866 0.19114061 -0.5857407708 -0.7876376176 0.0002168644705 -0.06060771542 0
0.6839585714 0.6156037518 -0.04596885558 -0.03430397772 0.1624445876 0.4718870101 -0.004507507328 0.04286335213 0.2500475991 -0.9801172185 -0.08370448728 -0.1798994075 0.04038729441 0.8035225874 -0.5939026166 0.1942655514 -0.589359831 -0.7841657256 0.0002218933481 -0.06113857793 0
0.6898973416 0.6209490013 -0.04636800033 -0.03487646827 0.1636506206 0.4712509519 -0.004585215516 0.04322165809 0.2499622165 -0.9794493713 -0.08572044901 -0.1825676138 0.04133233834 0.8006698538 -0.5976783609 0.1974096421 -0.5929416412 -0.7806725583 0.0002270018351 -0.06166944044 0
0.6958361118 0.6262942508 -0.04676714507 -0.03545303049 0.1648515586 0.4706103699 -0.004663564099 0.04357960794 0.2498761301 -0.9787656722 -0.08776379664 -0.1852438256 0.04228897774 0.797810753 -0.6014230165 0.2005726833 -0.5964859751 -0.7771583367 0.0002321906264 -0.06220030295 0
0.7010325357 0.6309713441 -0.04711639672 -0.03596084541 0.1658981722 0.4700461687 -0.004732643803 0.04389251966 0.2498002278 -0.978154269 -0.08957418646 -0.1875918206 0.04313550829 0.7953041241 -0.6046740263 0.2033557326 -0.5995563487 -0.7740662961 0.0002367972403 -0.06266480764 0
0.7069713059 0.6363165936 -0.04751554147 -0.03654498338 0.1670894626 0.4693971698 -0.004812190957 0.04424979398 0.2497128241 -0.9774402892 -0.09166886328 -0.1902821602 0.04411374644 0.7924341391 -0.6083601833 0.2065537662 -0.6030298125 -0.7705131971 0.0002421384771 -0.06319567015 0
0.7129100761 0.6416618431 -0.04791468621 -0.03713313023 0.1682755576 0.4687437168 -0.004892376179 0.04460670385 0.2496247191 -0.9767098628 -0.09379089583 -0.1929795631 0.04510342188 0.7895589115 -0.6120150379 0.2097701724 -0.6064651623 -0.7669396858 0.0002475620185 -0.06372653266 0
0.7188488462 0.6470070926 -0.04831383096 -0.03772526383 0.1694564228 0.4680858345 -0.004973198645 0.04496324639 0.2495359138 -0.9759627836 -0.0959402637 -0.1956837012 0.04610447342 0.7866788327 -0.6156385235 0.2130047479 -0.6098621811 -0.763345988 0.0002530685606 -0.06425739517 0
0.7240452702 0.6516841859 -0.04866308261 -0.03824663362 0.1704853629 0.4675065733 -0.005044440392 0.04527491751 0.2494576353 -0.975295267 -0.09784336414 -0.1980550888 0.04698967497 0.7841550919 -0.6187832919 0.2158497453 -0.6128029602 -0.7601851218 0.0002579554191 -0.06472189987 0
0.7299840403 0.6570294354 -0.04906222735 -0.03884618226 0.1716563302 0.4668404526 -0.005126455453 0.04563076352 0.2493675191 -0.9745164099 -0.1000439129 -0.2007709699 0.04801188077 0.7812669714 -0.6223477956 0.2191178362 -0.6161275314 -0.7565541877 0.000263619465 -0.06525276238 0
0.7359228105 0.6623746848 -0.0494613721 -0.03944965327 0.1728219698 0.4661699739 -0.005209105358 0.04598623391 0.2492767052 -0.9737203101 -0.1022717098 -0.2034926414 0.04904526909 0.778375124 -0.6258807617 0.2224035056 -0.6194131608 -0.7529037236 0.0002693685144 -0.06578362489 0
0.7418615807 0.6677199343 -0.04986051684 -0.04005702398 0.1739822483 0.4654951626 -0.005292389258 0.04634132581 0.2491851945 -0.9729067635 -0.1045267146 -0.2062197747 0.05008976649 0.7754799403 -0.6293821395 0.2257065458 -0.6226596407 -0.7492339601 0.0002752032643 -0.0663144874 0
0.7470580046 0.6723970276 -0.05020976849 -0.04059165439 0.1749930677 0.4649011684 -0.005365782075 0.04665171847 0.2491045517 -0.9721804385 -0.1065221273 -0.2086102381 0.05101275446 0.7729442245 -0.6324198959 0.2286107914 -0.6254680345 -0.7460072679 0.0002803795198 -0.06677899209 0
0.7529967748 0.6777422771 -0.05060891324 -0.04120627545 0.1761432041 0.4642183016 -0.00545025241 0.04700609296 0.2490117369 -0.9713336313 -0.1088280208 -0.211346726 0.05207787234 0.7700438367 -0.6358619227 0.2319458383 -0.6286405582 -0.7423019444 0.0002863768373 -0.0673098546 0
0.758935545 0.6830875266 -0.05100805798 -0.04182473026 0.1772878838 0.4635311754 -0.005535354268 0.04736008072 0.2489182279 -0.9704687942 -0.1111609782 -0.2140877305 0.05315387049 0.7671412335 -0.6392722377 0.2352976529 -0.6317733492 -0.7385779917 0.00029246186 -0.06784071711 0
0.7648743152 0.6884327761 -0.05140720272 -0.04244699563 0.1784270743 0.4628398155 -0.005621086775 0.04771367889 0.2488240258 -0.9695857259 -0.1135209394 -0.2168329231 0.05424066322 0.7642368038 -0.6426508058 0.2386660233 -0.6348662096 -0.7348356451 0.0002986352853 -0.06837157962 0
0.7700707391 0.6931098694 -0.05175645437 -0.04299458534 0.1794193375 0.4622314231 -0.005696619358 0.04802275546 0.248741031 -0.9687979279 -0.1156080062 -0.2192381441 0.05520039204 0.7616942347 -0.645580986 0.241626761 -0.637539553 -0.731546189 0.0003041100986 -0.06883608432 0
0.7760095093 0.6984551189 -0.05215559912 -0.0436239325 0.1805481482 0.4615321951 -0.005783531958 0.04837561547 0.2486455317 -0.9678801357 -0.1180184205 -0.2219903048 0.05630718276 0.7587874264 -0.6488999482 0.245025599 -0.6405570185 -0.7277699924 0.0003104511591 -0.06936694683 0
0.7819482795 0.7038003684 -0.05255474386 -0.04425702278 0.1816713768 0.4608288083 -0.005871072662 0.0487280777 0.248549342 -0.9669435376 -0.1204556381 -0.2247457104 0.05742450429 0.7558799061 -0.652187085 0.2484403779 -0.6435339982 -0.7239760851 0.000316882628 -0.06989780934 0
0.7878870497 0.7091456179 -0.05295388861 -0.04489383245 0.1827889916 0.4601212892 -0.005959240572 0.04908013933 0.2484524629 -0.9659879356 -0.1229195793 -0.2275040334 0.05855225883 0.75297206 -0.6554423772 0.251870882 -0.6464703039 -0.7201647068 0.0003234052029 -0.07042867185 0
0.7930834736 0.7138227112 -0.05330314026 -0.04545407323 0.1837622745 0.4594988409 -0.006036901288 0.04938786239 0.2483671289 -0.9651360397 -0.1250973833 -0.2299197022 0.05954752315 0.7504277304 -0.658264623 0.2548853022 -0.6490060601 -0.7168156085 0.0003291877401 -0.07089317654 0
0.7990222438 0.7191679607 -0.053702285 -0.04609779238 0.1848692782 0.4587836451 -0.006126242767 0.04973916523 0.2482689597 -0.9641442749 -0.1276111995 -0.2326826144 0.06069456522 0.7475203115 -0.6614601678 0.2583447058 -0.651865604 -0.7129721224 0.0003358830197 -0.07142403905 0
