0.006537185708 0.005004607891 -0.0007181752219 -2.780854926e-06 0.00166697294 0.5099963676 -3.48981305e-07 0.0004151361144 0.2549995494 -0.9999999999 -6.967854748e-08 -1.61947894e-05 3.566075248e-08 0.999978846 -0.006504427033 1.619490004e-05 -0.006504427033 -0.9999788459 3.270941406e-08 -0.0009551730452 0
0.01286539795 0.009849234052 -0.001413392618 -1.077057544e-05 0.003280604705 0.5099859311 -1.358916202e-06 0.0008184730879 0.2549982454 -0.999999998 -5.344885442e-07 -6.272263665e-05 2.684373894e-07 0.99991807 -0.01280051645 6.272433952e-05 -0.01280051644 -0.9999180681 6.768238425e-08 -0.001879812182 0
0.01919361018 0.01469386021 -0.002108610015 -2.397169878e-05 0.004894132285 0.5099686874 -3.035478081e-06 0.001222550023 0.2549960805 -0.9999999903 -1.77627829e-06 -0.0001395934761 8.896948454e-07 0.9998176586 -0.01909580098 0.0001396019419 -0.01909580092 -0.9998176488 6.139166364e-08 -0.00280445132 0
0.02552182242 0.01953848637 -0.002803827411 -4.238372185e-05 0.006507504438 0.509944637 -5.378369272e-06 0.001626779256 0.2549930551 -0.9999999695 -4.17705881e-06 -0.0002467963788 2.09041947e-06 0.9996776249 -0.02538988484 0.0002468228728 -0.02538988458 -0.9996775944 1.73506362e-08 -0.003729090457 0
0.03185003466 0.02438311254 -0.003499044808 -6.600594298e-05 0.008120669931 0.5099137808 -8.386602856e-06 0.002030981244 0.2549891705 -0.9999999261 -8.118641502e-06 -0.0003843161035 4.061480377e-06 0.9994979876 -0.03168237242 0.0003843803899 -0.03168237164 -0.9994979137 6.206251331e-08 -0.004653729594 0
0.0381782469 0.0292277387 -0.004194262204 -9.483746195e-05 0.009733577537 0.5098761201 -1.205955668e-05 0.002435118833 0.2549844274 -0.9999998475 -1.398257237e-05 -0.0005521330994 6.993590828e-06 0.9992787705 -0.03797286834 0.0005522658431 -0.03797286641 -0.999278618 1.651034171e-07 -0.005578368732 0
0.04450645914 0.03407236486 -0.004889479601 -0.00012887718 0.01134617604 0.5098316563 -1.639688032e-05 0.00283919054 0.2549788264 -0.9999997183 -2.215006631e-05 -0.0007502235085 1.107726963e-05 0.9990200027 -0.04426097748 0.0007504686751 -0.04426097332 -0.999019721 2.924339048e-07 -0.006503007869 0
0.05083467138 0.03891699102 -0.005584696997 -0.0001681238001 0.01295841424 0.5097803911 -2.139836296e-05 0.003243201524 0.2549723678 -0.9999995207 -3.300194142e-05 -0.0009785591702 1.650280258e-05 0.9987217184 -0.05054630503 0.0009789764222 -0.05054629695 -0.9987212391 4.425758298e-07 -0.007427647006 0
0.05716288361 0.04376161718 -0.006279914394 -0.0002125758265 0.01457024096 0.5097223264 -2.706386131e-05 0.003647156598 0.2549650517 -0.9999992337 -4.691855341e-05 -0.001237107625 2.346020393e-05 0.9983839572 -0.05682845659 0.001237774715 -0.05682844206 -0.998383191 6.14838936e-07 -0.008352286144 0
0.06349109585 0.04860624334 -0.00697513179 -0.0002622315653 0.01618160501 0.5096574644 -3.339326411e-05 0.004051058937 0.2549568782 -0.9999988339 -6.427973009e-05 -0.00152583212 3.213917792e-05 0.9980067639 -0.06310703816 0.00152684728 -0.06310701361 -0.998005598 8.088852e-07 -0.009276925281 0
0.06981930809 0.0534508695 -0.007670349187 -0.0003170891244 0.01779245526 0.5095858076 -4.038647458e-05 0.004454910151 0.2549478475 -0.9999982949 -8.546470588e-05 -0.001844691615 4.272908035e-05 0.9975901884 -0.06938165625 0.001846175939 -0.06938161677 -0.9975884837 1.024568109e-06 -0.01020156442 0
0.07614752033 0.05829549566 -0.008365566583 -0.0003771464135 0.01940274057 0.5095073588 -4.804340125e-05 0.004858710631 0.2549379598 -0.9999975878 -0.0001108520565 -0.002193640787 5.541888021e-05 0.997134286 -0.07565191791 0.00219574061 -0.07565185699 -0.9971318746 1.261854529e-06 -0.01112620356 0
0.08247573257 0.06314012182 -0.00906078398 -0.0004424011441 0.02101240984 0.5094221209 -5.636395314e-05 0.005262459852 0.254927215 -0.9999966809 -0.0001408196337 -0.00257263004 7.039712138e-05 0.996639117 -0.08191743076 0.002575519314 -0.08191733997 -0.9966357991 1.520783442e-06 -0.01205084269 0
0.0888039448 0.06798474798 -0.009756001376 -0.0005128508299 0.02262141199 0.5093300971 -6.534803694e-05 0.005666156625 0.2549156134 -0.9999955396 -0.0001757445003 -0.002981605511 8.785188439e-05 0.9961047472 -0.08817780308 0.002985488167 -0.08817767171 -0.9961002887 1.801442939e-06 -0.01297548183 0
0.09513215704 0.07282937415 -0.01045121877 -0.0005884927867 0.02422969598 0.5092312911 -7.499555549e-05 0.006069799271 0.2549031551 -0.9999941267 -0.0002160028649 -0.003420509078 0.0001079707483 0.9955312472 -0.09443264385 0.00342562139 -0.09443245854 -0.9955253768 2.103956822e-06 -0.01390012097 0
0.1014603693 0.07767400031 -0.01114643617 -0.0006693241324 0.02583721079 0.5091257065 -8.530640676e-05 0.006473385749 0.2548898402 -0.9999924024 -0.0002619700171 -0.003889278372 0.0001309407525 0.994918693 -0.1006815628 0.003895891305 -0.1006813071 -0.9949110998 2.428476466e-06 -0.01482476011 0
0.106997555 0.0819130482 -0.01175475139 -0.0007443060644 0.02724311518 0.5090277626 -9.487245736e-05 0.00682647603 0.2548774871 -0.9999906047 -0.000307168545 -0.004323898473 0.000153524931 0.9943507352 -0.106144203 0.004332075786 -0.1061438695 -0.9943413459 2.730618925e-06 -0.01563381935 0
0.1133257672 0.08675767436 -0.01244996879 -0.0008348590588 0.02884905037 0.5089094793 -0.0001064267631 0.007229950804 0.2548625665 -0.9999881795 -0.0003648477237 -0.004848483145 0.0001823429137 0.9936651772 -0.1123809695 0.004858770805 -0.1123805252 -0.9936533651 3.096882998e-06 -0.01655845849 0
0.1196539795 0.09160230052 -0.01314518618 -0.0009305920563 0.03045406988 0.5087844296 -0.0001186440766 0.007633362254 0.2548467897 -0.999985313 -0.0004293089446 -0.005402730652 0.0002145464263 0.9929408122 -0.1186106968 0.005415512395 -0.1186101139 -0.9929261368 3.485702379e-06 -0.01748309762 0
0.1259821917 0.09644692668 -0.01384040358 -0.00103150141 0.03205812283 0.5086526185 -0.0001315242729 0.008036707606 0.2548301568 -0.9999819549 -0.0005009233268 -0.005986562256 0.0002503200596 0.9921777361 -0.1248329981 0.006002265546 -0.1248322441 -0.9921597067 3.897300385e-06 -0.01840773676 0
0.1323104039 0.1012915528 -0.01453562098 -0.001137583276 0.03366115839 0.5085140508 -0.0001450672207 0.008439983984 0.2548126682 -0.9999780522 -0.000580060757 -0.006599895024 0.0002898476808 0.9913760497 -0.1310474876 0.006618993362 -0.1310465243 -0.9913541231 4.331914655e-06 -0.0193323759 0
0.1386386162 0.106136179 -0.01523083837 -0.001248833614 0.03526312575 0.5083687319 -0.0001592727823 0.008843188441 0.2547943239 -0.9999735492 -0.0006670898253 -0.007242641841 0.0003333123957 0.9905358594 -0.1372537804 0.00726565706 -0.137252564 -0.9905094366 4.789796266e-06 -0.02025701504 0
0.1449668284 0.1109808052 -0.01592605577 -0.001365248186 0.03686397416 0.5082166673 -0.0001741408134 0.009246317965 0.2547751241 -0.9999683876 -0.0007623777614 -0.007914711424 0.0003808965119 0.9896572761 -0.1434514929 0.007942215976 -0.1434499727 -0.9896257002 5.271209058e-06 -0.02118165417 0
0.1512950407 0.1158254313 -0.01662127317 -0.001486822558 0.03846365293 0.5080578628 -0.0001896711632 0.0096493695 0.254755069 -0.9999625063 -0.0008662903717 -0.008616008333 0.0004327815009 0.9887404161 -0.1496402426 0.008648627566 -0.1496383608 -0.9887029697 5.776429104e-06 -0.02210629331 0
0.1576232529 0.1206700575 -0.01731649056 -0.0016135521 0.0400621114 0.5078923244 -0.0002058636743 0.01005233995 0.2547341588 -0.9999558417 -0.0009791919758 -0.009346432992 0.0004891479619 0.9877854008 -0.1558196481 0.009384847408 -0.1558173392 -0.9877413029 6.305744251e-06 -0.02303093245 0
0.1639514651 0.1255146836 -0.01801170796 -0.001745431987 0.04165929895 0.5077200585 -0.0002227181828 0.01045522618 0.2547123938 -0.9999483277 -0.001101445344 -0.0101058817 0.0005501755842 0.9867923563 -0.1619893296 0.01015082921 -0.1619865192 -0.9867407604 6.859453745e-06 -0.02395557159 0
0.1702796774 0.1303593098 -0.01870692536 -0.001882457196 0.04325516505 0.5075410716 -0.0002402345179 0.01085802504 0.2546897741 -0.9999398952 -0.001233411633 -0.01089424664 0.0006160431108 0.9857614139 -0.1681489083 0.01094652479 -0.168145513 -0.9857014051 7.437867889e-06 -0.02488021072 0
0.1766078896 0.135203936 -0.01940214275 -0.002024622509 0.0448496592 0.5073553706 -0.0002584125024 0.01126073336 0.2546663 -0.999930473 -0.001375450327 -0.01171141592 0.0006869283017 0.9846927099 -0.1742980068 0.01177188413 -0.1742939333 -0.9846233024 8.041307733e-06 -0.02580484986 0
0.1829361018 0.1400485621 -0.02009736015 -0.002171922514 0.04644273097 0.5071629624 -0.0002772519524 0.01166334795 0.2546419718 -0.999919987 -0.001527919172 -0.01255727356 0.0007630078977 0.9835863855 -0.1804362493 0.01262685532 -0.1804313933 -0.98350652 8.670104799e-06 -0.026729489 0
0.1892643141 0.1448931883 -0.02079257755 -0.002324351603 0.04803432998 0.5069638544 -0.0002967526773 0.01206586558 0.2546167896 -0.9999083605 -0.001691174116 -0.01343169954 0.0008444575837 0.9824425868 -0.1865632613 0.0135113846 -0.1865575073 -0.9823511281 9.324600812e-06 -0.02765412814 0
0.1955925263 0.1497378145 -0.02148779494 -0.002481903972 0.04962440591 0.5067580543 -0.0003169144799 0.01246828306 0.2545907537 -0.9998955144 -0.001865569245 -0.01433456978 0.0009314519532 0.9812614649 -0.19267867 0.01442541634 -0.1926718898 -0.9811571996 1.000514745e-05 -0.02857876727 0
0.2019207386 0.1545824406 -0.02218301234 -0.002644573624 0.05121290852 0.5065455697 -0.0003377371563 0.01287059714 0.2545638644 -0.9998813671 -0.002051456726 -0.0152657562 0.001024164472 0.9800431757 -0.198782104 0.01536889307 -0.1987741565 -0.9799248093 1.071210608e-05 -0.02950340641 0
0.2082489508 0.1594270668 -0.02287822973 -0.002812354367 0.05279978763 0.5063264089 -0.0003592204959 0.01327280459 0.254536122 -0.9998658342 -0.002249186743 -0.01622512673 0.001122767443 0.97878788 -0.2048731936 0.01634175546 -0.2048639237 -0.9786540348 1.144584755e-05 -0.03042804555 0
0.214577163 0.1642716929 -0.02357344713 -0.002985239815 0.05438499312 0.5061005802 -0.0003813642816 0.01367490217 0.2545075267 -0.9998488291 -0.002459107435 -0.01721254529 0.001227431968 0.9774957433 -0.2109515708 0.01734394233 -0.2109408083 -0.977344956 1.220675194e-05 -0.03135268468 0
0.2209053753 0.1691163191 -0.02426866453 -0.003163223389 0.05596847496 0.5058680921 -0.0004041682894 0.01407688662 0.2544780789 -0.9998302625 -0.002681564842 -0.01822787189 0.00133832792 0.9761669362 -0.2170168692 0.01837539067 -0.2170044282 -0.9759976553 1.299520835e-05 -0.03227732382 0
0.2272335875 0.1739609453 -0.02496388192 -0.003346298314 0.05755018316 0.5056289536 -0.0004276322888 0.0144787547 0.2544477787 -0.9998100428 -0.002916902836 -0.01927096258 0.001455623896 0.9748016338 -0.2230687244 0.0194360356 -0.2230544022 -0.9746122173 1.381161465e-05 -0.03320196296 0
0.2335617998 0.1788055714 -0.02565909932 -0.003534457626 0.05913006784 0.5053831736 -0.0004517560426 0.01488050313 0.2544166266 -0.9997880757 -0.003165463069 -0.02034166948 0.001579487195 0.9734000162 -0.2291067736 0.02052581044 -0.2290903497 -0.9731887293 1.465637729e-05 -0.0341266021 0
0.239890012 0.1836501976 -0.02635431672 -0.003727694164 0.06070807919 0.5051307616 -0.000476539307 0.01528212867 0.2543846229 -0.9997642647 -0.003427584911 -0.02143984087 0.001710083773 0.9719622679 -0.235130656 0.02164464665 -0.2351118913 -0.9717272806 1.552991104e-05 -0.03505124123 0
0.2454271977 0.1878892455 -0.02696263194 -0.003900935273 0.06208726329 0.5049044683 -0.0004987654713 0.01563344763 0.2543559213 -0.9997418396 -0.003668331288 -0.02242314806 0.001830008592 0.9706747485 -0.2403896497 0.02264741247 -0.2403686252 -0.9704174456 1.631818668e-05 -0.03586030048 0
0.2517554099 0.1927338716 -0.02765784934 -0.004103671646 0.06366162812 0.5046396473 -0.0005247846374 0.01603483393 0.2543223215 -0.9997143023 -0.003956787659 -0.02357239291 0.001973672571 0.9691697694 -0.2463860034 0.0238205477 -0.2463621357 -0.9688850704 1.724681246e-05 -0.03678493962 0
0.2580836222 0.1975784978 -0.02835306673 -0.004311463591 0.06523397684 0.5043682225 -0.0005514625759 0.01643608794 0.2542878711 -0.9996846298 -0.004259768084 -0.02474864453 0.00212453919 0.9676292167 -0.2523671638 0.02502253711 -0.2523401542 -0.9673150052 1.82054465e-05 -0.03770957875 0
0.2644118344 0.202423124 -0.02904828413 -0.004524303206 0.06680425995 0.5040902043 -0.000578799017 0.01683720639 0.2542525704 -0.9996527162 -0.004577602538 -0.02595173634 0.002282768896 0.966053293 -0.2583327777 0.02625330513 -0.2583023047 -0.9657073487 1.919453393e-05 -0.03863421789 0
0.2707400467 0.2072677501 -0.02974350153 -0.004742182395 0.06837242803 0.5038056032 -0.0006067936845 0.01723818601 0.2542164197 -0.9996184532 -0.004910618429 -0.02718149798 0.002448520632 0.9644422057 -0.2642824939 0.02751277435 -0.2642482122 -0.9640622021 2.021452725e-05 -0.03955885703 0
0.2770682589 0.2121123763 -0.03043871892 -0.004965092875 0.06993843176 0.5035144301 -0.0006354462953 0.01763902353 0.2541794193 -0.9995817303 -0.005259140546 -0.02843775538 0.002621951802 0.9627961665 -0.2702159637 0.02880086559 -0.270177503 -0.9623796688 2.126588608e-05 -0.04048349617 0
0.2833964711 0.2169570024 -0.03113393632 -0.005193026169 0.07150222192 0.5032166961 -0.0006647565598 0.01803971568 0.2541415697 -0.9995424345 -0.005623490996 -0.02972033071 0.002803218242 0.9611153918 -0.2761328404 0.03011749784 -0.2760898041 -0.9606598547 2.234907699e-05 -0.0414081353 0
0.2897246834 0.2218016286 -0.03182915371 -0.005425973611 0.07306374936 0.5029124123 -0.0006947241819 0.01844025919 0.2541028712 -0.9995004505 -0.006003989155 -0.03102904251 0.002992474182 0.9594001024 -0.2820327795 0.03146258831 -0.2819847438 -0.9589028678 2.346457326e-05 -0.04233277444 0
0.2960528956 0.2266462548 -0.03252437111 -0.005663926345 0.07462296505 0.5026015905 -0.0007253488584 0.01884065078 0.2540633243 -0.999455661 -0.006400951607 -0.03236370561 0.003189872218 0.9576505233 -0.2879154388 0.03283605241 -0.2878619513 -0.9571088186 2.461285476e-05 -0.04325741358 0
0.3023811078 0.2314908809 -0.03321958851 -0.005906875328 0.07617982004 0.5022842425 -0.00075663028 0.01924088719 0.2540229292 -0.9994079462 -0.006814692091 -0.03372413125 0.003395563276 0.9558668843 -0.2937804785 0.03423780377 -0.2937210571 -0.95527782 2.579440769e-05 -0.04418205272 0
0.3087093201 0.2363355071 -0.0339148059 -0.006154811326 0.07773426548 0.5019603802 -0.0007885681303 0.01964096514 0.2539816865 -0.9993571841 -0.007245521446 -0.03511012705 0.003609696584 0.9540494194 -0.2996275612 0.03566775425 -0.2995616927 -0.9534099871 2.700972444e-05 -0.04510669185 0
0.3150375323 0.2411801332 -0.0346100233 -0.006407724916 0.07928625264 0.501630016 -0.0008211620867 0.02004088136 0.2539395966 -0.9993032505 -0.007693747556 -0.03652149708 0.003832419638 0.9521983668 -0.3054563518 0.03712581393 -0.3053834909 -0.9515054374 2.82593034e-05 -0.04603133099 0
0.3213657446 0.2460247594 -0.0353052407 -0.006665606489 0.08083573288 0.5012931625 -0.0008544118195 0.0204406326 0.2538966598 -0.9992460191 -0.0081596753 -0.03795804184 0.00406387817 0.9503139691 -0.3112665177 0.03861189112 -0.3111860856 -0.9495642906 2.954364879e-05 -0.04695597013 0
0.3276939568 0.2508693856 -0.03600045809 -0.006928446246 0.08238265766 0.5009498325 -0.0008883169927 0.02084021557 0.2538528767 -0.9991853614 -0.008643606494 -0.03941955836 0.00430421612 0.9483964731 -0.317057729 0.04012589237 -0.3169691119 -0.9475866688 3.086327044e-05 -0.04788060926 0
0.334022169 0.2557140117 -0.03669567549 -0.007196234205 0.08392697857 0.5006000389 -0.0009228772636 0.02123962702 0.2538082476 -0.9991211467 -0.00914583984 -0.04090584018 0.004553575602 0.9464461299 -0.3228296581 0.04166772247 -0.322732206 -0.9455726964 3.221868369e-05 -0.0488052484 0
0.3403503813 0.2605586379 -0.03739089289 -0.007468960192 0.08546864728 0.5002437951 -0.0009580922829 0.02163886367 0.253762773 -0.9990532423 -0.009666670875 -0.04241667737 0.004812096875 0.9444631947 -0.3285819801 0.04323728448 -0.3284750057 -0.9435224999 3.361040916e-05 -0.04972988754 0
0.3466785935 0.265403264 -0.03808611028 -0.007746613851 0.0870076156 0.4998811147 -0.0009939616945 0.02203792226 0.2537164534 -0.9989815133 -0.01020639192 -0.04395185664 0.005079918313 0.9424479267 -0.3343143728 0.04483447968 -0.3341971499 -0.9414362084 3.503897263e-05 -0.05065452668 0
0.3530068057 0.2702478902 -0.03878132768 -0.008029184638 0.08854383544 0.4995120113 -0.001030485136 0.02243679953 0.2536692892 -0.9989058227 -0.01076529202 -0.04551116129 0.005357176376 0.9404005895 -0.3400265165 0.04645920765 -0.3398982785 -0.939313953 3.650490485e-05 -0.05157916581 0
0.359335018 0.2750925164 -0.03947654508 -0.008316661825 0.09007725882 0.499136499 -0.001067662238 0.02283549222 0.253621281 -0.9988260317 -0.01134365691 -0.04709437127 0.005644005577 0.9383214504 -0.3457180945 0.04811136621 -0.3455780333 -0.9371558672 3.800874143e-05 -0.05250380495 0
0.3656632302 0.2799371425 -0.04017176247 -0.008609034498 0.0916078379 0.4987545921 -0.001105492625 0.02323399707 0.2535724291 -0.9987419993 -0.01194176895 -0.04870126325 0.005940538458 0.936210781 -0.3513887925 0.04979085147 -0.3512360569 -0.9349620866 3.955102261e-05 -0.05342844409 0
0.3719914425 0.2847817687 -0.04086697987 -0.008906291559 0.09313552493 0.498366305 -0.001143975914 0.02363231081 0.2535227341 -0.9986535824 -0.01255990708 -0.0503316106 0.006246905559 0.9340688566 -0.3570382995 0.05149755783 -0.3568719937 -0.9327327493 4.11322932e-05 -0.05435308323 0
0.3783196547 0.2896263949 -0.04156219727 -0.009208421728 0.09466027231 0.4979716525 -0.001183111716 0.0240304302 0.2534721965 -0.9985606363 -0.01319834678 -0.05198518346 0.006563235385 0.9318959565 -0.3626663069 0.05323137795 -0.3624854891 -0.9304679955 4.275310237e-05 -0.05527772236 0
0.3838568404 0.2938654427 -0.04217051249 -0.009476774088 0.0959919775 0.4976211217 -0.001217890498 0.02437862268 0.2534272853 -0.9984754776 -0.01377384902 -0.05345092875 0.006848295989 0.9299694818 -0.3675729367 0.05477062664 -0.3673786112 -0.9284573951 4.420417935e-05 -0.05608678161 0
0.3901850526 0.2987100689 -0.04286572988 -0.009788010289 0.09751108514 0.4972145746 -0.001258248691 0.02477636887 0.2533751693 -0.9983736417 -0.01445108437 -0.05514741877 0.007183645106 0.9277392687 -0.3731598111 0.05655498987 -0.372949079 -0.9261266207 4.590061823e-05 -0.05701142075 0
0.3965132649 0.3035546951 -0.04356094728 -0.01010408614 0.09902711693 0.4968017058 -0.001299258243 0.02517391136 0.2533222121 -0.9982668491 -0.01514939351 -0.05686645574 0.007529314844 0.9254789043 -0.3787243153 0.05836614884 -0.3784960944 -0.9237608452 4.763819775e-05 -0.05793605988 0
0.4028414771 0.3083993212 -0.04425616468 -0.01042498966 0.1005400258 0.4963825309 -0.001340918738 0.02557124689 0.2532684143 -0.9981549477 -0.01586903804 -0.05860779759 0.007885425577 0.9231886828 -0.3842661525 0.06020398965 -0.3840193088 -0.9213602174 4.941748276e-05 -0.05886069902 0
0.4091696894 0.3132439474 -0.04495138207 -0.01075070868 0.1020497647 0.4959570658 -0.001383229756 0.02596837221 0.2532137765 -0.9980377834 -0.01661027584 -0.06037119919 0.008252095517 0.9208689019 -0.3897850285 0.06206839674 -0.3895183747 -0.9189248881 5.123904189e-05 -0.05978533816 0
0.4154979016 0.3180885735 -0.04564659947 -0.01108123084 0.1035562868 0.4955253268 -0.001426190869 0.02636528408 0.2531582992 -0.9979152002 -0.01737336105 -0.06215641238 0.008629440683 0.9185198629 -0.3952806524 0.06395925287 -0.3949929465 -0.9164550105 5.310344735e-05 -0.06070997729 0
0.4218261138 0.3229331997 -0.04634181687 -0.01141654361 0.1050595453 0.49508733 -0.001469801642 0.02676197925 0.253101983 -0.9977870405 -0.01815854402 -0.06396318604 0.009017574877 0.9161418708 -0.4007527365 0.06587643913 -0.4004426797 -0.9139507399 5.501127486e-05 -0.06163461643 0
0.4281543261 0.3277778259 -0.04703703426 -0.01175663429 0.1065594938 0.4946430923 -0.001514061634 0.02715845449 0.2530448285 -0.9976531449 -0.01896607127 -0.06579126608 0.009416609659 0.9137352342 -0.4062009961 0.06781983497 -0.4058672318 -0.9114122339 5.696310352e-05 -0.06255925557 0
0.4344825383 0.332622452 -0.04773225166 -0.01210148999 0.1080560857 0.4941926302 -0.001558970399 0.02755470655 0.2529868361 -0.9975133523 -0.01979618544 -0.06764039553 0.00982665432 0.911300265 -0.4116251496 0.06978931817 -0.4112662617 -0.908839652 5.895951568e-05 -0.06348389471 0
0.4408107506 0.3374670782 -0.04842746906 -0.01245109763 0.1095492748 0.4937359611 -0.001604527482 0.0279507322 0.2529280066 -0.9973674999 -0.02064912525 -0.06951031453 0.01024781586 0.9088372787 -0.417024919 0.07178476489 -0.4166394297 -0.906233156 6.100109686e-05 -0.06440853384 0
0.4471389628 0.3423117044 -0.04912268645 -0.01280544397 0.1110390149 0.4932731021 -0.001650732422 0.0283465282 0.2528683406 -0.9972154233 -0.02152512546 -0.07140076041 0.01068019896 0.9063465942 -0.4224000291 0.07380604965 -0.4219863981 -0.9035929099 6.308843564e-05 -0.06533317298 0
0.453467175 0.3471563305 -0.04981790385 -0.0131645156 0.11252526 0.4928040708 -0.001697584753 0.02874209133 0.2528078385 -0.9970569564 -0.02242441683 -0.07331146773 0.01112390595 0.9038285335 -0.4277502083 0.07585304534 -0.4273068306 -0.9009190796 6.522212356e-05 -0.06625781212 0
0.4597953873 0.3520009567 -0.05051312125 -0.0135282989 0.1140079642 0.4923288849 -0.001745084 0.02913741836 0.252746501 -0.9968919315 -0.02334722605 -0.07524216827 0.01157903682 0.9012834223 -0.4330751881 0.07792562324 -0.4326003926 -0.8982118333 6.740275499e-05 -0.06718245126 0
0.4661235995 0.3568455828 -0.05120833864 -0.01389678011 0.1154870819 0.4918475624 -0.001793229684 0.02953250605 0.2526843288 -0.9967201796 -0.02429377576 -0.07719259116 0.01204568915 0.8987115892 -0.4383747037 0.08002365302 -0.4378667513 -0.8954713413 6.963092709e-05 -0.06810709039 0
0.4724518117 0.361690209 -0.05190355604 -0.01426994527 0.1169625673 0.4913601216 -0.001842021318 0.02992735118 0.2526213225 -0.9965415297 -0.02526428446 -0.07916246282 0.0125239581 0.8961133661 -0.4436484932 0.08214700276 -0.4431055755 -0.8926977758 7.190723968e-05 -0.06903172953 0
0.478780024 0.3665348352 -0.05259877343 -0.01464778026 0.1184343753 0.490866581 -0.001891458408 0.03032195054 0.2525574827 -0.9963558097 -0.02625896646 -0.08115150709 0.01301393643 0.8934890881 -0.4488962987 0.08429553892 -0.4483165357 -0.8898913113 7.423229514e-05 -0.06995636867 0
0.4851082362 0.3713794613 -0.05329399083 -0.01503027079 0.1199024604 0.4903669591 -0.001941540455 0.0307163009 0.2524928101 -0.9961628459 -0.02727803191 -0.08315944523 0.01351571441 0.8908390932 -0.4541178652 0.0864691264 -0.4534993043 -0.8870521243 7.660669838e-05 -0.07088100781 0
0.4914364485 0.3762240875 -0.05398920823 -0.01541740237 0.1213667776 0.4898612749 -0.001992266952 0.03111039904 0.2524273052 -0.9959624632 -0.02832168668 -0.08518599596 0.01402937984 0.8881637227 -0.4593129415 0.08866762851 -0.4586535553 -0.8841803933 7.90310567e-05 -0.07180564694 0
0.4977646607 0.3810687136 -0.05468442562 -0.01580916036 0.1228272819 0.4893495476 -0.002043637387 0.03150424176 0.2523609688 -0.995754485 -0.0293901324 -0.08723087553 0.01455501805 0.8854633205 -0.46448128 0.09089090702 -0.4637789648 -0.8812762988 8.150597975e-05 -0.07273028608 0
0.5040928729 0.3859133398 -0.05537964302 -0.01620552995 0.1242839286 0.4888317964 -0.00209565124 0.03189782585 0.2522938016 -0.9955387335 -0.03048356635 -0.08929379774 0.0150927118 0.8827382338 -0.4696226364 0.0931388221 -0.4688752102 -0.8783400236 8.403207941e-05 -0.07365492522 0
0.5104210852 0.390757966 -0.05607486042 -0.01660649615 0.1257366731 0.488308041 -0.002148307985 0.03229114809 0.2522258042 -0.9953150293 -0.03160218148 -0.09137447398 0.01564254135 0.8799888124 -0.4747367701 0.09541123241 -0.4739419713 -0.8753717522 8.660996977e-05 -0.07457956435 0
0.5167492974 0.3956025921 -0.05677007781 -0.01701204379 0.1271854709 0.4877783011 -0.002201607089 0.03268420527 0.2521569774 -0.9950831921 -0.03274616635 -0.09347261332 0.01620458438 0.8772154091 -0.4798234441 0.09770799504 -0.4789789293 -0.8723716714 8.924026701e-05 -0.07550420349 0
0.5222864831 0.39984164 -0.05737839304 -0.01737064414 0.1284498966 0.4873098854 -0.002248770318 0.03302791037 0.2520960739 -0.9948735199 -0.03376810909 -0.09532257994 0.01670645 0.8747692878 -0.4842515748 0.09973752537 -0.4833615707 -0.8697206552 9.158525309e-05 -0.07631326274 0
0.5286146954 0.4046862662 -0.05807361043 -0.01778474054 0.1298911751 0.4867689789 -0.002303272389 0.03342046196 0.2520256937 -0.994625942 -0.03496015503 -0.09745267037 0.0172915937 0.8719518783 -0.4892861359 0.1020795581 -0.4883417958 -0.8666614416 9.431548113e-05 -0.07723790187 0
0.5349429076 0.4095308923 -0.05876882783 -0.01820337386 0.13132838 0.4862221461 -0.002358415254 0.03381273931 0.2519544859 -0.9943697051 -0.03617808809 -0.09959937473 0.01788915978 0.8691115159 -0.4942925762 0.1044455239 -0.4932913123 -0.8635709662 9.709989876e-05 -0.07816254101 0
0.5412711198 0.4143755185 -0.05946404522 -0.01862652828 0.1327614675 0.4856694077 -0.002414198354 0.03420473921 0.2518824514 -0.9941046239 -0.03742207951 -0.1017623934 0.01849921583 0.8662485637 -0.499270673 0.1068352739 -0.4982098091 -0.8604494235 9.993912969e-05 -0.07908718015 0
0.5475993321 0.4192201447 -0.06015926262 -0.01905418782 0.1341903941 0.4851107845 -0.002470621125 0.03459645848 0.2518095909 -0.993830512 -0.038692296 -0.1039414245 0.01912182679 0.8633633871 -0.5042202075 0.1092486579 -0.5030969768 -0.8572970096 0.0001028337995 -0.08001181929 0
0.5539275443 0.4240647708 -0.06085448002 -0.01948633633 0.1356151162 0.4845462977 -0.002527682997 0.03498789393 0.2517359051 -0.9935471818 -0.0399888997 -0.1061361644 0.0197570549 0.8604563541 -0.5091409642 0.111685524 -0.5079525081 -0.8541139229 0.0001057845354 -0.08093645842 0
0.5602557565 0.428909397 -0.06154969741 -0.01992295749 0.1370355906 0.4839759686 -0.002585383392 0.03537904237 0.2516613948 -0.993254445 -0.04131204812 -0.108346307 0.02040495975 0.8575278353 -0.5140327318 0.114145719 -0.5127760977 -0.8509003634 0.0001087919664 -0.08186109756 0
0.5665839688 0.4337540231 -0.06224491481 -0.02036403483 0.1384517742 0.4833998187 -0.002643721728 0.03576990064 0.2515860607 -0.9929521118 -0.04266189415 -0.1105715446 0.02106559821 0.8545782033 -0.5188953026 0.1166290884 -0.5175674423 -0.8476565333 0.0001118567231 -0.0827857367 0
0.572912181 0.4385986493 -0.06294013221 -0.0208095517 0.1398636241 0.4828178697 -0.002702697415 0.03616046554 0.2515099035 -0.9926399918 -0.04403858603 -0.1128115673 0.02173902443 0.8516078331 -0.5237284729 0.1191354757 -0.5223262405 -0.8443826366 0.0001149794376 -0.08371037584 0
0.5792403933 0.4434432755 -0.0636353496 -0.02125949129 0.1412710975 0.4822301436 -0.002762309856 0.0365507339 0.2514329242 -0.9923178933 -0.04544226727 -0.1150660634 0.02242528983 0.8486171022 -0.5285320428 0.1216647236 -0.5270521931 -0.841078879 0.0001181607437 -0.08463501497 0
0.5855686055 0.4482879016 -0.064330567 -0.02171383664 0.142674152 0.4816366625 -0.002822558447 0.03694070255 0.2513551233 -0.991985624 -0.04687307671 -0.1173347194 0.02312444309 0.8456063898 -0.5333058162 0.1242166729 -0.5317450029 -0.8377454685 0.0001214012765 -0.08555965411 0
0.5918968177 0.4531325278 -0.0650257844 -0.0221725706 0.144072745 0.4810374489 -0.002883442581 0.03733036833 0.2512765018 -0.9916429906 -0.04833114842 -0.1196172199 0.0238365301 0.8425760777 -0.538049601 0.1267911631 -0.5364043749 -0.8343826146 0.0001247016727 -0.08648429325 0
0.59822503 0.4579771539 -0.06572100179 -0.02263567589 0.1454668345 0.4804325254 -0.002944961642 0.03771972807 0.2511970603 -0.9912897988 -0.04981661169 -0.1219132479 0.024561594 0.8395265493 -0.5427632091 0.1293880324 -0.541030016 -0.8309905287 0.0001280625702 -0.08740893239 0
0.6045532422 0.4628217801 -0.06641621919 -0.02310313504 0.1468563785 0.4798219146 -0.003007115006 0.0381087786 0.2511167998 -0.9909258536 -0.05132959104 -0.1242224847 0.02529967513 0.8364581903 -0.5474464562 0.1320071174 -0.5456216354 -0.8275694242 0.0001314846084 -0.08833357152 0
0.6108814545 0.4676664063 -0.06711143659 -0.02357493045 0.1482413352 0.4792056397 -0.003069902047 0.03849751678 0.251035721 -0.9905509594 -0.05287020616 -0.1265446096 0.02605081101 0.8333713881 -0.552099162 0.1346482535 -0.5501789443 -0.8241195163 0.000134968428 -0.08925821066 0
0.6172096667 0.4725110324 -0.06780665398 -0.02405104434 0.149621663 0.4785837239 -0.003133322128 0.03888593944 0.2509538248 -0.9901649194 -0.05443857191 -0.1288793008 0.02681503635 0.8302665322 -0.5567211504 0.1373112746 -0.5547016562 -0.8206410217 0.0001385146709 -0.0901828498 0
0.6235378789 0.4773556586 -0.06850187138 -0.02453145878 0.1509973204 0.4779561905 -0.003197374609 0.03927404343 0.2508711119 -0.9897675367 -0.05603479826 -0.1312262347 0.02759238305 0.8271440138 -0.561312249 0.1399960131 -0.5591894865 -0.8171341594 0.0001421239802 -0.09110748893 0
0.6298660912 0.4822002848 -0.06919708878 -0.02501615567 0.1523682663 0.4773230633 -0.003262058841 0.03966182562 0.2507875832 -0.9893586132 -0.05765899033 -0.1335850862 0.02838288013 0.8240042256 -0.5658722897 0.1427023004 -0.5636421533 -0.8135991498 0.0001457970004 -0.09203212807 0
0.6361943034 0.4870449109 -0.06989230617 -0.02550511677 0.1537344596 0.476684366 -0.003327374171 0.04004928285 0.2507032396 -0.9889379505 -0.05931124832 -0.1359555288 0.02918655379 0.8208475624 -0.5704011083 0.1454299662 -0.5680593764 -0.8100362152 0.0001495343769 -0.09295676721 0
0.6425225156 0.4918895371 -0.07058752357 -0.02599832369 0.1550958596 0.4760401227 -0.003393319939 0.04043641198 0.2506180818 -0.9885053495 -0.0609916675 -0.1383372345 0.03000342735 0.8176744204 -0.5748985447 0.1481788389 -0.572440878 -0.8064455796 0.0001533367564 -0.09388140635 0
0.6488507279 0.4967341632 -0.07128274097 -0.02649575785 0.1564524255 0.4753903576 -0.003459895476 0.04082320988 0.2505321109 -0.9880606105 -0.06270033819 -0.1407298742 0.03083352126 0.8144851971 -0.5793644428 0.1509487458 -0.5767863827 -0.8028274689 0.0001572047865 -0.09480604548 0
0.6551789401 0.5015787894 -0.07197795836 -0.02699740056 0.1578041171 0.4747350951 -0.00352710011 0.04120967342 0.2504453275 -0.9876035334 -0.06443734578 -0.1431331172 0.03167685307 0.811280292 -0.5837986509 0.1537395127 -0.5810956172 -0.7991821106 0.0001611391162 -0.09573068462 0
0.6615071524 0.5064234156 -0.07267317576 -0.02750323295 0.1591508941 0.47407436 -0.003594933161 0.04159579946 0.2503577327 -0.9871339175 -0.06620277065 -0.1455466318 0.03253343747 0.8080601056 -0.5882010211 0.1565509639 -0.5853683105 -0.7955097339 0.0001651403951 -0.09665532376 0
0.6670443381 0.5106624635 -0.07328149098 -0.02794925818 0.160325261 0.473491747 -0.003654802041 0.04193338044 0.2502804223 -0.9867125598 -0.06777088786 -0.1476666212 0.03329382939 0.8052302231 -0.5920268649 0.1590278126 -0.5890767306 -0.7922744223 0.0001686969451 -0.097464383 0
0.6733725503 0.5155070896 -0.07397670838 -0.02846289483 0.1616627155 0.4728208177 -0.00372381152 0.04231886527 0.2501913083 -0.9862188915 -0.0695897944 -0.1500984965 0.0341752918 0.8019824689 -0.596369155 0.1618775697 -0.5932801869 -0.7885520099 0.000172825509 -0.09838902214 0
0.6797007625 0.5203517158 -0.07467192577 -0.02898066608 0.1629951409 0.4721444876 -0.003793447427 0.04270400362 0.2501013854 -0.9857121051 -0.07143732146 -0.152539683 0.03507003276 0.7987205926 -0.6006792053 0.1647474995 -0.5974463357 -0.7848032476 0.0001770228958 -0.09931366128 0
0.6860289748 0.5251963419 -0.07536714317 -0.02950255247 0.1643224979 0.4714627822 -0.003863709058 0.0430887924 0.2500106544 -0.9851919988 -0.07331353 -0.1549898445 0.03597805565 0.7954449999 -0.6049568842 0.1676374215 -0.6015749151 -0.781028371 0.0001812897591 -0.1002383004 0
0.692357187 0.5300409681 -0.07606236057 -0.03002853441 0.1656447473 0.470775727 -0.003934595702 0.04347322849 0.2499191164 -0.9846583699 -0.07521847589 -0.1574486439 0.03689936091 0.7921560972 -0.609202064 0.1705471541 -0.6056656656 -0.7772276177 0.0001856267534 -0.1011629396 0
0.6986853993 0.5348855943 -0.07675757796 -0.03055859215 0.16696185 0.4700833479 -0.004006106641 0.04385730878 0.2498267722 -0.9841110159 -0.07715220997 -0.1599157432 0.03783394606 0.7888542924 -0.6134146215 0.1734765141 -0.6097183299 -0.7734012266 0.0001900345339 -0.1020875787 0
0.7050136115 0.5397302204 -0.07745279536 -0.03109270579 0.1682737675 0.4693856709 -0.004078241153 0.04424103017 0.2497336227 -0.9835497338 -0.07911477799 -0.1623908034 0.03878180563 0.7855399942 -0.6175944374 0.1764253175 -0.6137326531 -0.7695494382 0.0001945137569 -0.1030122178 0
0.7113418237 0.5445748466 -0.07814801276 -0.03163085529 0.169580461 0.4686827221 -0.004150998508 0.04462438956 0.2496396689 -0.9829743206 -0.08110622062 -0.1648734846 0.03974293125 0.782213612 -0.6217413968 0.1793933788 -0.6177083827 -0.7656724949 0.0001990650793 -0.103936857 0
0.717670036 0.5494194727 -0.07884323015 -0.03217302048 0.1708818923 0.4679745278 -0.004224377971 0.04500738386 0.2495449118 -0.9823845732 -0.08312657342 -0.1673634464 0.04071731157 0.7788755564 -0.6258553891 0.1823805114 -0.6216452689 -0.7617706405 0.0002036891588 -0.1048614961 0
0.7239982482 0.5542640989 -0.07953844755 -0.032719181 0.1721780233 0.4672611147 -0.004298378798 0.04539000998 0.2494493523 -0.9817802881 -0.08517586686 -0.1698603474 0.04170493227 0.7755262386 -0.6299363078 0.1853865274 -0.625543064 -0.7578441202 0.000208386654 -0.1057861352 0
0.7303264604 0.5591087251 -0.08023366494 -0.03326931639 0.1734688161 0.4665425095 -0.004373000242 0.04577226484 0.2493529913 -0.9811612621 -0.08725412627 -0.1723638456 0.04270577609 0.7721660704 -0.6339840505 0.1884112377 -0.629401523 -0.753893181 0.0002131582242 -0.1067107744 0
0.7366546727 0.5639533512 -0.08092888234 -0.03382340604 0.174754233 0.4658187392 -0.004448241548 0.04615414535 0.2492558299 -0.9805272917 -0.08936137189 -0.1748735984 0.04371982278 0.7687954646 -0.6379985194 0.1914544523 -0.6332204031 -0.7499180714 0.0002180045295 -0.1076354135 0
0.7429828849 0.5687979774 -0.08162409974 -0.03438142918 0.1760342367 0.4650898307 -0.004524101954 0.04653564843 0.249157869 -0.9798781737 -0.0914976188 -0.1773892626 0.04474704914 0.7654148341 -0.6419796206 0.1945159796 -0.6369994643 -0.7459190413 0.0002229262306 -0.1085600527 0
0.7493110972 0.5736426035 -0.08231931713 -0.03494336491 0.1773087899 0.4643558115 -0.004600580693 0.04691677102 0.2490591096 -0.9792137047 -0.09366287695 -0.1799104945 0.04578742898 0.7620245928 -0.6459272648 0.1975956272 -0.6407384689 -0.7418963422 0.0002279239889 -0.1094846918 0
0.7556393094 0.5784872297 -0.08301453453 -0.0355091922 0.1785778556 0.4636167091 -0.004677676993 0.04729751004 0.2489595528 -0.9785336815 -0.09585715117 -0.18243695 0.04684093315 0.7586251547 -0.6498413665 0.2006932015 -0.6444371818 -0.7378502271 0.0002329984668 -0.1104093309 0
0.7619675216 0.5833318559 -0.08370975193 -0.03607888986 0.1798413971 0.462872551 -0.004755390072 0.04767786243 0.2488591994 -0.9778379011 -0.09808044113 -0.1849682844 0.0479075295 0.7552169344 -0.653721845 0.2038085077 -0.6480953704 -0.7337809503 0.0002381503268 -0.1113339701 0
0.7682957339 0.588176482 -0.08440496932 -0.03665243657 0.1810993779 0.4621233652 -0.004833719146 0.04805782513 0.2487580505 -0.9771261606 -0.1003327413 -0.1875041528 0.04898718293 0.7518003467 -0.6575686235 0.2069413497 -0.6517128047 -0.7296887679 0.0002433802326 -0.1122586092 0
0.7746239461 0.5930211082 -0.08510018672 -0.03722981088 0.1823517617 0.4613691796 -0.004912663421 0.04843739509 0.2486561072 -0.9763982573 -0.1026140412 -0.19004421 0.05007985534 0.7483758067 -0.6613816297 0.2100915308 -0.6552892571 -0.7255739371 0.0002486888481 -0.1131832483 0
0.7809521584 0.5978657343 -0.08579540412 -0.03781099121 0.1835985124 0.4606100225 -0.004992222099 0.04881656925 0.2485533705 -0.9756539888 -0.1049243249 -0.1925881104 0.05118550568 0.7449437297 -0.6651607953 0.2132588527 -0.6588245029 -0.7214367166 0.000254076838 -0.1141078875 0
0.7872803706 0.6027103605 -0.08649062151 -0.03839595581 0.1848395942 0.4598459222 -0.005072394375 0.04919534456 0.2484498414 -0.9748931529 -0.1072635715 -0.1951355083 0.05230408988 0.7415045311 -0.6689060566 0.2164431162 -0.6623183197 -0.7172773667 0.0002595448677 -0.1150325266 0
0.7936085828 0.6075549867 -0.08718583891 -0.03898468285 0.1860749716 0.4590769073 -0.005153179439 0.04957371799 0.2483455209 -0.974115548 -0.1096317549 -0.1976860579 0.05343556094 0.7380586263 -0.672617354 0.2196441212 -0.6657704878 -0.7130961489 0.000265093603 -0.1159571657 0
0.7999367951 0.6123996128 -0.08788105631 -0.03957715031 0.1873046092 0.4583030065 -0.005234576473 0.0499516865 0.2482404101 -0.9733209725 -0.112028844 -0.2002394131 0.05457986885 0.7346064309 -0.6762946322 0.2228616664 -0.6691807901 -0.7088933261 0.0002707237103 -0.1168818049 0
0.8054739808 0.6166386607 -0.08848937153 -0.04009861027 0.1883758061 0.4576218582 -0.005306300237 0.05028207439 0.2481477908 -0.9726116398 -0.11414998 -0.2024756285 0.05559162694 0.7315809261 -0.6794843041 0.2256904275 -0.6721302929 -0.7051983411 0.000275717329 -0.1176908641 0
0.811802193 0.6214832869 -0.08918458892 -0.04069803131 0.1895945872 0.4568388744 -0.00538884249 0.0506592755 0.2480412011 -0.9717847032 -0.1166011648 -0.2050333118 0.05675985886 0.7281180551 -0.6830976623 0.2289384393 -0.6754615209 -0.7009557224 0.0002815018069 -0.1186155033 0
0.8181304053 0.626327913 -0.08987980632 -0.04130112881 0.1908075282 0.4560510883 -0.00547199433 0.05103606297 0.2479338242 -0.9709402194 -0.1190811368 -0.207592806 0.05794076734 0.7246500871 -0.6866768663 0.2322024068 -0.6787502737 -0.6966922622 0.0002873695758 -0.1195401424 0
0.8244586175 0.6311725392 -0.09057502372 -0.04190788028 0.1920145947 0.4552585293 -0.005555754915 0.0514124338 0.2478256611 -0.9700779889 -0.1215898446 -0.2101537655 0.0591342909 0.7211774371 -0.6902218773 0.2354821248 -0.6819963445 -0.6924082285 0.0002933213042 -0.1204647815 0
0.8307868297 0.6360171654 -0.09127024111 -0.04251826309 0.1932157526 0.454461227 -0.005640123398 0.05178838496 0.247716713 -0.9691978125 -0.1241272321 -0.2127158444 0.06034036507 0.7177005193 -0.693732661 0.238777387 -0.6851995293 -0.6881038908 0.0002993576609 -0.1213894207 0
0.837115042 0.6408617915 -0.09196545851 -0.04313225448 0.194410968 0.4536592109 -0.005725098925 0.05216391344 0.2476069809 -0.9682994919 -0.1266932377 -0.2152786973 0.06155892245 0.7142197479 -0.6972091873 0.2420879862 -0.6883596264 -0.6837795198 0.0003054793155 -0.1223140598 0
0.8434432542 0.6457064177 -0.09266067591 -0.04374983157 0.1956002072 0.4528525111 -0.005810680637 0.05253901625 0.247496466 -0.9673828292 -0.1292877948 -0.217841979 0.06278989266 0.7107355364 -0.7006514302 0.2454137142 -0.6914764374 -0.6794353873 0.0003116869378 -0.123238699 0
0.8497714664 0.6505510439 -0.0933558933 -0.04437097136 0.1967834367 0.4520411576 -0.005896867668 0.05291369038 0.2473851694 -0.9664476274 -0.1319108318 -0.2204053448 0.06403320241 0.707248298 -0.7040593683 0.2487543618 -0.694549766 -0.6750717665 0.0003179811981 -0.1241633381 0
0.8560996787 0.65539567 -0.0940511107 -0.04499565071 0.1979606235 0.4512251806 -0.005983659145 0.05328793283 0.2472730922 -0.9654936899 -0.1345622718 -0.22296845 0.06528877545 0.703758445 -0.707432984 0.2521097191 -0.6975794192 -0.6706889319 0.0003243627672 -0.1250879772 0
0.8624278909 0.6602402962 -0.0947463281 -0.04562384637 0.1991317346 0.4504046105 -0.006071054192 0.05366174061 0.2471602355 -0.9645208213 -0.137242033 -0.2255309505 0.0665565326 0.7002663893 -0.7107722645 0.255479575 -0.7005652064 -0.6662871591 0.0003308323164 -0.1260126164 0
0.8687561032 0.6650849223 -0.09544154549 -0.04625553496 0.2002967373 0.4495794778 -0.006159051924 0.05403511075 0.2470466004 -0.9635288266 -0.1399500284 -0.2280925029 0.06783639176 0.696772542 -0.7140772008 0.2588637176 -0.7035069397 -0.6618667248 0.0003373905172 -0.1269372555 0
0.8750843154 0.6699295485 -0.09613676289 -0.04689069298 0.2014555992 0.4487498132 -0.00624765145 0.05440804025 0.2469321882 -0.9625175118 -0.1426861659 -0.2306527641 0.06912826791 0.6932773133 -0.7173477883 0.2622619342 -0.7064044344 -0.6574279071 0.0003440380416 -0.1278618946 0
