0.00593019592 0.004114429231 -0.004335625539 -2.07394117e-06 0.001512193395 0.5099970108 -2.610146558e-07 0.0003765233335 0.2549996294 -0.9999999999 -4.710989646e-08 -1.207797588e-05 2.415695052e-08 0.9999825919 -0.00590049422 1.20780436e-05 -0.00590049422 -0.9999825919 2.628989392e-08 -0.005766381967 0
0.01156470554 0.008023708352 -0.008455071869 -7.887226946e-06 0.002948951225 0.509988632 -9.974982564e-07 0.0007354818144 0.2549985837 -0.9999999989 -3.517979124e-07 -4.593174164e-05 1.767392313e-07 0.999933798 -0.01150650585 4.593274883e-05 -0.01150650584 -0.9999337969 5.929444197e-08 -0.01124524559 0
0.01719921516 0.01193298747 -0.0125745182 -1.74448494e-05 0.004385639711 0.5099748564 -2.214311268e-06 0.001095170022 0.2549968557 -0.9999999948 -1.158306224e-06 -0.0001015876207 5.802288897e-07 0.9998535793 -0.01711198174 0.0001015925671 -0.01711198171 -0.9998535742 6.346538154e-08 -0.0167241092 0
0.02283372479 0.01584226659 -0.01669396453 -3.074653882e-05 0.00582222507 0.5099556845 -3.911678869e-06 0.001455072002 0.2549944453 -0.999999984 -2.71105136e-06 -0.0001790395231 1.356828409e-06 0.9997419434 -0.02271666095 0.0001790549068 -0.02271666082 -0.9997419273 3.706986553e-08 -0.02220297282 0
0.02846823441 0.01975154572 -0.02081341086 -4.779191989e-05 0.007258673522 0.5099311167 -6.088931232e-06 0.001814987619 0.2549913532 -0.9999999613 -5.254357774e-06 -0.000278278974 2.628689029e-06 0.9995989004 -0.02832028259 0.0002783161613 -0.02832028222 -0.9995988616 1.810873111e-08 -0.02768183644 0
0.03410274403 0.02366082484 -0.02493285719 -6.85805116e-05 0.008694951292 0.5099011538 -8.745555852e-06 0.002174861251 0.2549875803 -0.9999999202 -9.032427701e-06 -0.0003992951143 4.517893962e-06 0.9994244635 -0.03392258589 0.0003993717087 -0.03392258499 -0.9994243837 8.995381097e-08 -0.03316070006 0
0.03973725365 0.02757010396 -0.02905230352 -9.311172738e-05 0.01013102461 0.5098657965 -1.188124364e-05 0.002534682698 0.2549831271 -0.999999853 -1.428931102e-05 -0.0005420747025 7.146441629e-06 0.9992186487 -0.03952331022 0.0005422159126 -0.03952330828 -0.9992185017 1.821071064e-07 -0.03863956368 0
0.04537176328 0.03147938308 -0.03317174985 -0.000121384875 0.01156685971 0.5098250459 -1.549580818e-05 0.002894453814 0.2549779938 -0.9999997501 -2.126887515e-05 -0.0007066021156 1.063622889e-05 0.998981475 -0.04512219508 0.000706842122 -0.04512219132 -0.9989812252 2.919352839e-07 -0.0441184273 0
0.0510062729 0.0353886622 -0.03729119618 -0.0001533991568 0.01300242284 0.5097789032 -1.958912869e-05 0.003254178602 0.2549721805 -0.9999996009 -3.021477493e-05 -0.0008928593511 1.510903432e-05 0.9987129642 -0.05071898016 0.0008932426717 -0.05071897341 -0.9987125652 4.186271463e-07 -0.04959729092 0
0.05664078252 0.03929794132 -0.04141064251 -0.0001891536693 0.01443768025 0.5097273696 -2.416111877e-05 0.003613860543 0.2549656874 -0.9999993932 -4.137042258e-05 -0.001100826029 2.068650142e-05 0.9984131409 -0.05631340536 0.001101408883 -0.05631339397 -0.9984125343 5.617681004e-07 -0.05507615454 0
0.06227529214 0.04320722044 -0.04553008884 -0.0002286474037 0.01587259821 0.5096704467 -2.921170982e-05 0.003973502058 0.2549585147 -0.9999991134 -5.497895764e-05 -0.001330479394 2.749012196e-05 0.9980820328 -0.06190521081 0.001331331062 -0.0619051925 -0.9980811463 7.211464313e-07 -0.06055501816 0
0.06790980177 0.04711649956 -0.04964953517 -0.0002718792458 0.01730714298 0.5096081359 -3.474084212e-05 0.004333104569 0.2549506623 -0.9999987464 -7.128321698e-05 -0.001581794319 3.564121924e-05 0.9977196702 -0.06749413688 0.001582998506 -0.06749410865 -0.9977184169 8.966687486e-07 -0.06603388178 0
0.07354431139 0.05102577869 -0.0537689815 -0.0003188479757 0.01874128084 0.5095404391 -4.074845995e-05 0.004692668687 0.2549421304 -0.9999982759 -9.052570479e-05 -0.001854743306 4.526093143e-05 0.9973260864 -0.07307992425 0.001856399494 -0.07307988219 -0.9973243628 1.088315747e-06 -0.0715127454 0
0.07917882101 0.05493505781 -0.05788842783 -0.0003695522682 0.02017497811 0.5094673581 -4.723450873e-05 0.005052194397 0.254932919 -0.9999976839 -0.0001129485627 -0.00214929649 5.64701949e-05 0.9969013177 -0.07866231387 0.002151521298 -0.07866225305 -0.9968990024 1.2961174e-06 -0.07699160901 0
0.08481333063 0.05884433693 -0.06200787416 -0.0004239906929 0.02160820108 0.5093888951 -5.419893336e-05 0.005411681208 0.2549230282 -0.9999969512 -0.0001387935397 -0.002465421643 6.938972757e-05 0.996445403 -0.08424104704 0.002468350176 -0.08424096129 -0.9964423554 1.520138383e-06 -0.08247047263 0
0.09115215396 0.06324227594 -0.06664225128 -0.0004896954591 0.02321996807 0.5092941937 -6.260564907e-05 0.005816056302 0.2549110891 -0.999995933 -0.0001722601035 -0.002846804529 8.61185136e-05 0.9958953221 -0.09051242963 0.002850710994 -0.09051230668 -0.995891257 1.791662631e-06 -0.0886341942 0
0.09678666358 0.06715155506 -0.07076169761 -0.000552063684 0.02465207138 0.5092043013 -7.058643152e-05 0.006175457288 0.254899755 -0.999994831 -0.0002061778 -0.003208652344 0.0001030720952 0.995373365 -0.09608253557 0.003213617166 -0.09608236964 -0.9953681987 2.050475112e-06 -0.09411305782 0
0.1024211732 0.07106083418 -0.07488114394 -0.000618160892 0.02608359522 0.5091090343 -7.904540498e-05 0.006534815886 0.2548877417 -0.9999935191 -0.0002442702235 -0.003591956225 0.0001221115989 0.9948204023 -0.101648179 0.003598180961 -0.1016479589 -0.9948139251 2.32585223e-06 -0.09959192144 0
0.1080556828 0.0749701133 -0.07900059027 -0.0006879852186 0.02751450597 0.5090083954 -8.798250474e-05 0.00689413058 0.2548750494 -0.9999919721 -0.0002867771892 -0.003996674238 0.0001433566664 0.9942364848 -0.107209103 0.004004384471 -0.1072088153 -0.9942284621 2.617936924e-06 -0.1050707851 0
0.1136901924 0.07887939242 -0.0831200366 -0.000761534694 0.02894477002 0.5089023873 -9.7397663e-05 0.007253399735 0.2548616781 -0.9999901638 -0.0003339379673 -0.004422762105 0.000166926636 0.9936216662 -0.1127650508 0.004432208784 -0.1127646799 -0.9936118369 2.926884354e-06 -0.1105496487 0
0.1193247021 0.08278867154 -0.08723948293 -0.0008388072436 0.0303743538 0.508791013 -0.0001072908088 0.007612621618 0.2548476281 -0.9999880661 -0.0003859912534 -0.004870173211 0.0001929405264 0.9929760028 -0.1183157664 0.004881633979 -0.1183152941 -0.9929640783 3.25286075e-06 -0.1160285123 0
0.1249592117 0.08669795067 -0.09135892926 -0.0009198006877 0.03180322375 0.5086742758 -0.0001176618677 0.007971794417 0.2548328993 -0.99998565 -0.0004431751394 -0.00533885861 0.0002215170202 0.9922995541 -0.1238609941 0.005352639131 -0.1238603993 -0.9922852164 3.596042566e-06 -0.1215073759 0
0.1305937213 0.09060722979 -0.09547837559 -0.001004512742 0.03323134633 0.5085521789 -0.0001285107622 0.008330916261 0.2548174919 -0.9999828847 -0.0005057270835 -0.00582876703 0.0002527744475 0.9915923821 -0.1294004788 0.00584520231 -0.1293997375 -0.9915752828 3.956615837e-06 -0.1269862395 0
0.1362282309 0.09451650891 -0.09959782192 -0.001092941017 0.03465868801 0.5084247258 -0.0001398374111 0.008689985231 0.2548014061 -0.9999797383 -0.0005738838813 -0.006339844876 0.0002868307696 0.9908545516 -0.1349339661 0.006359300581 -0.1349330506 -0.9908343106 4.334775679e-06 -0.1324651032 0
0.1418627406 0.09842578803 -0.1037172683 -0.001185083018 0.03608521532 0.50829192 -0.0001516417301 0.009048999364 0.2547846418 -0.9999761774 -0.0006478816363 -0.006872036243 0.0003238035628 0.9900861305 -0.1404612021 0.006894910006 -0.1404600811 -0.9900623343 4.730725884e-06 -0.1379439668 0
0.1474972502 0.1023350672 -0.1078367146 -0.001280936148 0.03751089479 0.5081537652 -0.000163923631 0.009407956665 0.2547671994 -0.9999721672 -0.0007279557309 -0.007425282914 0.0003638100018 0.9892871892 -0.1459819333 0.007452005648 -0.1459805716 -0.9892593898 5.144678585e-06 -0.1434228304 0
0.1531317598 0.1062443463 -0.1119561609 -0.001380497702 0.03893569298 0.5080102655 -0.0001766830226 0.009766855115 0.2547490788 -0.9999676717 -0.000814340797 -0.007999524371 0.0004069668441 0.9884578011 -0.1514959071 0.008030561567 -0.1514942651 -0.9884255145 5.576853975e-06 -0.148901694 0
0.1587662694 0.1101536254 -0.1160756072 -0.001483764874 0.04035957648 0.5078614248 -0.0001899198098 0.01012569267 0.2547302802 -0.9999626533 -0.0009072706871 -0.008594697802 0.0004533904134 0.9875980421 -0.1570028715 0.008630550825 -0.1570009048 -0.9875607472 6.027480052e-06 -0.1543805576 0
0.1644007791 0.1140629045 -0.1201950536 -0.00159073475 0.04178251192 0.5077072473 -0.0002036338943 0.01048446726 0.2547108038 -0.9999570732 -0.001006978445 -0.009210738107 0.0005031965836 0.9867079912 -0.1625025752 0.009251945486 -0.1625002343 -0.9866651283 6.496792392e-06 -0.1598594213 0
0.1700352887 0.1179721836 -0.1243144999 -0.001701404316 0.04320446592 0.5075477374 -0.0002178251741 0.01084317682 0.2546906497 -0.9999508912 -0.001113696279 -0.009847577906 0.0005565007629 0.9857877299 -0.1679947675 0.009894716616 -0.1679919977 -0.9857386993 6.985033957e-06 -0.1653382849 0
0.1756697983 0.1218814628 -0.1284339462 -0.001815770451 0.04462540519 0.5073828996 -0.0002324935439 0.01120181925 0.2546698181 -0.9999440658 -0.001227655529 -0.01050514754 0.0006134178776 0.9848373426 -0.1734791984 0.01055883429 -0.1734759391 -0.9847815035 7.492454879e-06 -0.1708171485 0
0.1813043079 0.1257907419 -0.1325533926 -0.001933829929 0.04604529642 0.5072127385 -0.0002476388946 0.01156039244 0.2546483091 -0.999936554 -0.001349086642 -0.0111833751 0.0006740623563 0.9838569165 -0.178955619 0.01124426758 -0.1789518032 -0.9837935853 8.019312305e-06 -0.1762960121 0
0.1869388175 0.129700021 -0.1366728389 -0.002055579423 0.04746410636 0.5070372589 -0.0002632611138 0.01191889429 0.2546261229 -0.9999283117 -0.001478219142 -0.01188218641 0.0007385481142 0.9828465413 -0.1844237807 0.01195098458 -0.1844193352 -0.9827749909 8.565870205e-06 -0.1817748757 0
0.1925733272 0.1336093001 -0.1407922852 -0.002181015501 0.0488818018 0.5068564657 -0.0002793600855 0.01227732268 0.2546032596 -0.9999192932 -0.0016152816 -0.01260150503 0.0008069885369 0.9818063096 -0.189883436 0.01267895237 -0.1898782804 -0.9817257676 9.132399212e-06 -0.1872537393 0
0.1982078368 0.1375185792 -0.1449117316 -0.002310134626 0.05029834953 0.5066703642 -0.0002959356902 0.01263567548 0.2545797195 -0.9999094517 -0.001760501609 -0.01334125231 0.000879496465 0.9807363167 -0.1953343382 0.01342813707 -0.1953283845 -0.9806459643 9.719176466e-06 -0.192732603 0
0.2038423464 0.1414278584 -0.1490311779 -0.002442933159 0.05171371641 0.5064789594 -0.0003129878047 0.01299395055 0.2545555026 -0.999898739 -0.001914105752 -0.01410134736 0.0009561841781 0.9796366605 -0.2007762413 0.01419850379 -0.200769394 -0.9795356313 1.032648544e-05 -0.1982114666 0
0.209476856 0.1453371375 -0.1531506242 -0.002579407357 0.05312786932 0.5062822569 -0.0003305163027 0.01335214576 0.2545306092 -0.9998871055 -0.002076319577 -0.01488170704 0.00103716338 0.9785074418 -0.2062089005 0.01499001667 -0.2062010554 -0.9783948202 1.095461582e-05 -0.2036903302 0
0.2151113657 0.1492464166 -0.1572700705 -0.002719553374 0.0545407752 0.5060802621 -0.0003485210538 0.01371025897 0.2545050395 -0.9998745004 -0.002247367568 -0.01568224604 0.001122545181 0.9773487638 -0.2116320715 0.01580263884 -0.2116231158 -0.9772235842 1.160386329e-05 -0.2091691938 0
0.2207458753 0.1531556957 -0.1613895169 -0.00286336726 0.05595240099 0.5058729807 -0.0003670019246 0.01406828803 0.2544787937 -0.9998608715 -0.002427473116 -0.01650287682 0.001212440086 0.9761607327 -0.2170455113 0.01663633247 -0.2170353228 -0.9760219778 1.227452947e-05 -0.2146480574 0
0.2263803849 0.1570649748 -0.1655089632 -0.003010844962 0.05736271371 0.5056604186 -0.0003859587777 0.01442623079 0.2544518718 -0.9998461655 -0.002616858493 -0.01734350965 0.001306957975 0.974943457 -0.2224489774 0.01749105875 -0.2224374244 -0.9747900569 1.296692168e-05 -0.2201269211 0
0.2320148945 0.160974254 -0.1696284095 -0.003161982324 0.05877168039 0.5054425818 -0.0004053914727 0.01478408511 0.2544242743 -0.9998303276 -0.002815744824 -0.01820405261 0.001406208092 0.973697048 -0.2278422288 0.01836677787 -0.227829169 -0.973527879 1.368135287e-05 -0.2256057847 0
0.2376494041 0.1648835331 -0.1737478559 -0.003316775089 0.06017926813 0.5052194764 -0.0004252998651 0.01514184882 0.2543960012 -0.9998133018 -0.003024352058 -0.01908441164 0.001510299026 0.9724216198 -0.2332250251 0.01926344907 -0.2332103055 -0.9722355028 1.441814145e-05 -0.2310846483 0
0.2432839138 0.1687928122 -0.1778673022 -0.003475218895 0.06158544404 0.5049911087 -0.0004456838073 0.01549951978 0.2543670527 -0.9997950309 -0.003242898943 -0.01998449048 0.001619338697 0.9711172889 -0.238597127 0.02018103058 -0.2385805836 -0.9709129885 1.517761111e-05 -0.2365635119 0
0.2489184234 0.1727020913 -0.1819867485 -0.003637309278 0.06299017531 0.5047574851 -0.000466543148 0.01585709582 0.2543374292 -0.9997754562 -0.003471602996 -0.02090419073 0.001733434342 0.9697841744 -0.2439582963 0.0211194797 -0.243939753 -0.9695603975 1.596009076e-05 -0.2420423755 0
0.254552933 0.1766113705 -0.1861061949 -0.003803041673 0.06439342916 0.5045186122 -0.0004878777323 0.01621457479 0.2543071308 -0.999754518 -0.003710680479 -0.02184341185 0.0018526925 0.9684223981 -0.2493082959 0.02207875272 -0.2492875643 -0.9681777931 1.676591435e-05 -0.2475212392 0
0.2601874426 0.1805206496 -0.1902256412 -0.003972411411 0.06579517284 0.5042744967 -0.000509687402 0.01657195453 0.2542761576 -0.9997321552 -0.00396034637 -0.02280205119 0.001977218995 0.9670320844 -0.2546468896 0.02305880497 -0.2546237684 -0.9667652394 1.759542072e-05 -0.2530001028 0
0.2658219523 0.1844299287 -0.1943450875 -0.004145413721 0.06719537367 0.5040251456 -0.0005319719952 0.01692923288 0.2542445101 -0.9997083055 -0.004220814339 -0.02378000395 0.002107118922 0.9656133601 -0.2599738426 0.02405959084 -0.259948117 -0.9653228023 1.84489535e-05 -0.2584789664 0
0.2714564619 0.1883392078 -0.1984645338 -0.004322043733 0.06859399901 0.5037705658 -0.0005547313464 0.01728640768 0.2542121884 -0.9996829055 -0.004492296715 -0.02477716324 0.002242496635 0.9641663547 -0.265288921 0.02508106371 -0.265260362 -0.9638505489 1.932686097e-05 -0.26395783 0
0.2770909715 0.1922484869 -0.2025839802 -0.004502296471 0.06999101627 0.5035107645 -0.0005779652868 0.01764347677 0.2541791927 -0.9996558902 -0.004775004468 -0.02579342007 0.002383455729 0.9626912003 -0.2705918921 0.02612317602 -0.2705602562 -0.9623485478 2.022949595e-05 -0.2694366936 0
0.2827254811 0.1961577661 -0.2067034265 -0.00468616686 0.07138639291 0.503245749 -0.0006016736439 0.01800043799 0.2541455233 -0.9996271938 -0.005069147176 -0.02682866339 0.002530099024 0.9611880312 -0.2758825244 0.02718587926 -0.2758475528 -0.9608168689 2.115721564e-05 -0.2749155573 0
0.2883599907 0.2000670452 -0.2108228728 -0.004873649723 0.07278009645 0.5029755268 -0.0006258562418 0.01835728917 0.2541111804 -0.999596749 -0.005374933003 -0.02788278005 0.002682528556 0.9596569846 -0.2811605875 0.02826912395 -0.2811220056 -0.9592555836 2.211038153e-05 -0.2803944209 0
0.2939945004 0.2039763243 -0.2149423192 -0.005064739783 0.07417209443 0.5027001055 -0.0006505129009 0.01871402815 0.2540761644 -0.9995644875 -0.005692568671 -0.02895565487 0.002840845558 0.9580981999 -0.2864258525 0.02937285964 -0.286383369 -0.9576647645 2.308935926e-05 -0.2858732845 0
0.29962901 0.2078856034 -0.2190617655 -0.005259431659 0.07556235449 0.5024194929 -0.0006756434383 0.01907065278 0.2540404754 -0.9995303397 -0.006022259433 -0.0300471706 0.003005150449 0.9565118191 -0.2916780914 0.03049703495 -0.291631398 -0.9560444856 2.409451851e-05 -0.2913521481 0
0.3059678333 0.2122835424 -0.2236961426 -0.00548275849 0.07712427943 0.5020976081 -0.0007044814931 0.0194717161 0.2539995213 -0.9994895804 -0.006407824794 -0.03129725895 0.003197274812 0.9546943347 -0.2975710079 0.03178609869 -0.2975191878 -0.9541865524 2.52570831e-05 -0.2975158697 0
0.3116023429 0.2161928216 -0.2278155889 -0.005685085906 0.07851073912 0.5018059902 -0.0007306183981 0.01982809054 0.2539624032 -0.9994511877 -0.006763807292 -0.03242798812 0.003374633574 0.9530497948 -0.3027948157 0.0329535332 -0.3027380707 -0.952503924 2.631912333e-05 -0.3029947333 0
0.3172368526 0.2201021007 -0.2319350353 -0.00589099768 0.07989536004 0.5015092062 -0.0007572285867 0.02018434387 0.253924613 -0.9994106835 -0.007132476566 -0.03357697882 0.003558288613 0.9513781183 -0.3080048936 0.03414124061 -0.3079428579 -0.9507920761 2.740852513e-05 -0.3084735969 0
0.3228713622 0.2240113798 -0.2360544816 -0.006100488017 0.08127811004 0.5012072642 -0.0007843118614 0.02054047392 0.2538861511 -0.9993679935 -0.007514031548 -0.03474410552 0.003748336834 0.9496794572 -0.3132010192 0.03534916562 -0.3131333068 -0.9490510885 2.852567367e-05 -0.3139524605 0
0.3285058718 0.2279206589 -0.2401739279 -0.006313551024 0.08265895702 0.5009001729 -0.0008118680212 0.02089647855 0.2538470176 -0.9993230422 -0.007908669574 -0.03592924074 0.003944874251 0.9479539659 -0.3183829713 0.03657725197 -0.3183091758 -0.9472810424 2.967095759e-05 -0.3194313242 0
0.3341403814 0.231829938 -0.2442933743 -0.006530180706 0.08403786895 0.5005879409 -0.0008398968616 0.02125235558 0.2538072129 -0.9992757527 -0.008316586357 -0.03713225501 0.004147995978 0.9462018012 -0.3235505302 0.0378254425 -0.323470224 -0.94548202 3.084476892e-05 -0.3249101878 0
0.3397748911 0.2357392172 -0.2484128206 -0.006750370969 0.08541481386 0.500270577 -0.0008683981744 0.02160810286 0.2537667372 -0.9992260474 -0.008737975965 -0.03835301693 0.004357796216 0.9444231221 -0.3287034773 0.03909367908 -0.328616211 -0.9436541051 3.204750294e-05 -0.3303890514 0
0.3454094007 0.2396484963 -0.2525322669 -0.00697411562 0.08678975983 0.4999480901 -0.000897371748 0.02196371823 0.253725591 -0.9991738473 -0.009173030795 -0.03959139317 0.004574368233 0.9426180902 -0.3338415958 0.04038190266 -0.3337468973 -0.9417973829 3.327955814e-05 -0.335867915 0
0.3510439103 0.2435577754 -0.2566517133 -0.007201408366 0.08816267502 0.4996204892 -0.0009268173674 0.02231919953 0.2536837744 -0.9991190722 -0.009621941549 -0.04084724848 0.004797804359 0.9407868693 -0.3389646702 0.04169005326 -0.3388620439 -0.9399119399 3.454133607e-05 -0.3413467786 0
0.3566784199 0.2474670545 -0.2607711596 -0.007432242817 0.08953352764 0.4992877837 -0.000956734814 0.02267454461 0.2536412879 -0.9990616412 -0.01008489721 -0.04212044571 0.005028195968 0.9389296254 -0.3440724862 0.04301806997 -0.3439614126 -0.9379978637 3.583324129e-05 -0.3468256423 0
0.3623129295 0.2513763336 -0.2648906059 -0.007666612481 0.09090228597 0.4989499827 -0.0009871238656 0.0230297513 0.2535981317 -0.9990014719 -0.01056208502 -0.04341084584 0.005265633465 0.9370465269 -0.3491648314 0.04436589096 -0.3490447661 -0.9360552435 3.715568126e-05 -0.3523045059 0
0.3679474392 0.2552856128 -0.2690100522 -0.007904510769 0.09226891835 0.4986070959 -0.001017984297 0.02338481746 0.2535543061 -0.998938481 -0.01105369046 -0.04471830797 0.005510206275 0.9351377445 -0.3542414946 0.04573345348 -0.3541118677 -0.9340841699 3.850906626e-05 -0.3577833695 0
0.3735819488 0.2591948919 -0.2731294986 -0.008145930994 0.0936333932 0.4982591329 -0.001049315878 0.02373974093 0.2535098114 -0.9988725842 -0.01155989721 -0.04604268933 0.005762002827 0.9332034509 -0.3593022662 0.04712069384 -0.3591624813 -0.9320847345 3.989380931e-05 -0.3632622331 0
0.3792164584 0.263104171 -0.2772489449 -0.00839086637 0.09499567899 0.4979061034 -0.001081118377 0.02409451955 0.2534646481 -0.9988036961 -0.01208088714 -0.04738384535 0.006021110545 0.9312438214 -0.3643469382 0.04852754746 -0.3641963719 -0.9300570304 4.131032607e-05 -0.3687410967 0
0.384850968 0.2670134501 -0.2813683912 -0.008639310014 0.09635574426 0.4975480174 -0.001113391557 0.02444915118 0.2534188164 -0.9987317302 -0.0126168403 -0.04874162961 0.006287615832 0.9292590331 -0.369375304 0.04995394882 -0.3692133051 -0.9280011521 4.275903477e-05 -0.3742199603 0
0.3904854777 0.2709227293 -0.2854878376 -0.008891254943 0.09771355764 0.497184885 -0.001146135179 0.02480363365 0.2533723167 -0.998656599 -0.01316793486 -0.05011589389 0.006561604059 0.9272492657 -0.3743871587 0.05139983152 -0.3742130473 -0.9259171953 4.424035616e-05 -0.379698824 0
0.3961199873 0.2748320084 -0.2896072839 -0.009146694079 0.09906908781 0.4968167163 -0.001179349 0.02515796483 0.2533251494 -0.998578214 -0.01373434712 -0.05150648819 0.006843159553 0.9252147007 -0.379382299 0.05286512824 -0.3791953656 -0.923805257 4.575471338e-05 -0.3851776876 0
0.4017544969 0.2787412875 -0.2937267302 -0.009405620246 0.1004223035 0.4964435216 -0.001213032772 0.02551214255 0.2532773147 -0.9984964856 -0.01431625148 -0.05291326074 0.007132365583 0.9231555219 -0.384360523 0.05434977074 -0.3841600282 -0.9216654356 4.730253194e-05 -0.3906565512 0
0.4073890065 0.2826505666 -0.2978461766 -0.009668026171 0.1017731736 0.4960653116 -0.001247186247 0.02586616467 0.2532288131 -0.9984113234 -0.01491382041 -0.05433605801 0.00742930435 0.9210719153 -0.3893216308 0.0558536899 -0.3891068038 -0.9194978307 4.888423963e-05 -0.3961354148 0
0.4130235161 0.2865598457 -0.3019656229 -0.009933904483 0.103121667 0.4956820967 -0.00128180917 0.02622002905 0.2531796448 -0.9983226359 -0.01552722443 -0.05577472473 0.007734056973 0.9189640689 -0.3942654239 0.0573768157 -0.3940354621 -0.9173025431 5.050026644e-05 -0.4016142784 0
0.4186580258 0.2904691249 -0.3060850692 -0.01020324772 0.1044677526 0.4952938878 -0.001316901284 0.02657373353 0.2531298104 -0.9982303306 -0.01615663211 -0.05722910392 0.008046703476 0.9168321727 -0.3991917054 0.05891907722 -0.3989457736 -0.9150796752 5.215104452e-05 -0.4070931421 0
0.4242925354 0.294378404 -0.3102045155 -0.01047604831 0.1058113996 0.4949006957 -0.001352462328 0.02692727597 0.2530793101 -0.998134314 -0.01680221 -0.0586990369 0.008367322782 0.914676419 -0.4041002802 0.06048040264 -0.4038375098 -0.9128293305 5.383700809e-05 -0.4125720057 0
0.429927045 0.2982876831 -0.3143239619 -0.0107522986 0.1071525769 0.4945025315 -0.001388492039 0.02728065423 0.2530281443 -0.9980344918 -0.01746412267 -0.0601843633 0.008695992694 0.9124970019 -0.408990955 0.06206071928 -0.4087104427 -0.9105516136 5.555859339e-05 -0.4180508693 0
0.4355615546 0.3021969622 -0.3184434082 -0.01103199083 0.108491254 0.4940994064 -0.001424990148 0.02763386616 0.2529763134 -0.9979307687 -0.01814253263 -0.06168492107 0.009032789888 0.9102941176 -0.4138635381 0.06365995354 -0.4135643457 -0.9082466308 5.731623864e-05 -0.4235297329 0
0.4411960643 0.3061062413 -0.3225628545 -0.01131511716 0.1098273999 0.4936913317 -0.001461956385 0.02798690962 0.2529238178 -0.9978230483 -0.01883760035 -0.06320054655 0.0093777899 0.9080679643 -0.4187178396 0.06527803097 -0.4183989925 -0.9059144892 5.911038395e-05 -0.4290085965 0
0.4468305739 0.3100155205 -0.3266823009 -0.01160166964 0.1111609842 0.4932783188 -0.001499390475 0.02833978247 0.2528706579 -0.9977112336 -0.01954948424 -0.06473107441 0.009731067116 0.9058187423 -0.4235536712 0.06691487623 -0.4232141582 -0.9035552975 6.094147129e-05 -0.4344874602 0
0.4524650835 0.3139247996 -0.3308017472 -0.01189164023 0.1124919762 0.4928603793 -0.00153729214 0.02869248258 0.2528168341 -0.9975952265 -0.0202783406 -0.06627633774 0.01009269476 0.9035466537 -0.4283708466 0.06857041311 -0.4280096185 -0.9011691655 6.280994443e-05 -0.4399663238 0
0.4580995931 0.3178340787 -0.3349211935 -0.01218502079 0.1138203454 0.492437525 -0.001575661098 0.02904500779 0.2527623468 -0.9974749281 -0.02102432361 -0.06783616801 0.01046274488 0.9012519024 -0.4331691811 0.07024456451 -0.4327851502 -0.8987562044 6.471624887e-05 -0.4454451874 0
0.4637341027 0.3217433578 -0.3390406399 -0.0124818031 0.1151460615 0.4920097677 -0.001614497064 0.02939735598 0.2527071964 -0.9973502385 -0.02178758534 -0.06941039515 0.01084128834 0.8989346945 -0.4379484919 0.0719372525 -0.4375405309 -0.8963165264 6.666083183e-05 -0.450924051 0
0.4693686124 0.3256526369 -0.3431600862 -0.01278197882 0.1164690942 0.4915771194 -0.00165379975 0.02974952501 0.2526513833 -0.997221057 -0.02256827568 -0.07099884751 0.01122839481 0.8965952378 -0.442708598 0.07364839825 -0.4422755392 -0.8938502452 6.864414215e-05 -0.4564029146 0
0.475003122 0.3295619161 -0.3472795325 -0.01308553955 0.1177894132 0.4911395922 -0.001693568864 0.03010151275 0.2525949079 -0.9970872822 -0.02336654238 -0.07260135191 0.01162413276 0.8942337419 -0.4474493204 0.07537792209 -0.4469899546 -0.8913574756 7.066663031e-05 -0.4618817783 0
0.4806376316 0.3334711952 -0.3513989789 -0.01339247677 0.1191069884 0.4906971984 -0.00173380411 0.03045331706 0.2525377707 -0.9969488117 -0.02418253097 -0.07421773366 0.01202856944 0.8918504185 -0.4521704817 0.0771257435 -0.4516835576 -0.8888383337 7.272874832e-05 -0.4673606419 0
0.4862721412 0.3373804743 -0.3555184252 -0.01370278188 0.1204217897 0.4902499504 -0.001774505189 0.03080493581 0.252479972 -0.9968055423 -0.02501638478 -0.07584781658 0.01244177088 0.8894454809 -0.4568719064 0.07889178109 -0.4563561296 -0.8862929368 7.483094973e-05 -0.4728395055 0
0.4919066509 0.3412897534 -0.3596378715 -0.01401644618 0.1217337872 0.4897978608 -0.001815671799 0.03115636688 0.2524215124 -0.99665737 -0.02586824492 -0.077491423 0.01286380186 0.8870191441 -0.4615534212 0.08067595264 -0.4610074532 -0.8837214034 7.697368954e-05 -0.4783183691 0
0.4975411605 0.3451990326 -0.3637573178 -0.01433346088 0.1230429509 0.4893409422 -0.001857303634 0.03150760813 0.2523623922 -0.9965041901 -0.02673825025 -0.0791483738 0.01329472592 0.8845716251 -0.4662148543 0.08247817507 -0.4656373117 -0.8811238532 7.915742421e-05 -0.4837972327 0
0.5031756701 0.3491083117 -0.3678767642 -0.01465381709 0.1243492512 0.4888792074 -0.001899400384 0.03185865743 0.2523026119 -0.9963458969 -0.02762653735 -0.08081848842 0.01373460534 0.8821031425 -0.470856036 0.08429836447 -0.4702454896 -0.8785004071 8.138261159e-05 -0.4892760963 0
0.5088101797 0.3530175908 -0.3719962105 -0.01497750585 0.1256526582 0.4884126694 -0.001941961737 0.03220951267 0.2522421719 -0.9961823842 -0.02853324055 -0.0825015849 0.01418350116 0.8796139166 -0.4754767986 0.08613643609 -0.4748317722 -0.8758511874 8.364971089e-05 -0.49475496 0
0.5151490031 0.3574155298 -0.3766305876 -0.01534562783 0.1271154959 0.487882089 -0.001990398211 0.03260399019 0.252173389 -0.9959920601 -0.02957545891 -0.08441035745 0.01469936069 0.8767890193 -0.480650543 0.08822553491 -0.4799649028 -0.8728401612 8.625086894e-05 -0.5009186815 0
0.5207835127 0.3613248089 -0.380750034 -0.01567636802 0.1284126565 0.4874053876 -0.00203394579 0.03295442598 0.2521115488 -0.9958170994 -0.03052173173 -0.08612042983 0.0151676131 0.8742564532 -0.4852273669 0.09010132105 -0.4845039504 -0.8701365835 8.860856183e-05 -0.5063975452 0
0.5264180223 0.3652340881 -0.3848694803 -0.01601041211 0.1297068318 0.4869239243 -0.002077956971 0.03330466107 0.2520490503 -0.9956365821 -0.03148682546 -0.0878429065 0.01564506432 0.8717038431 -0.4897832601 0.09199471921 -0.489020439 -0.8674076215 9.10096101e-05 -0.5118764088 0
0.5320525319 0.3691433672 -0.3889889266 -0.01634775076 0.1309979922 0.4864377124 -0.002122431429 0.03365469334 0.251985894 -0.9954503988 -0.03247086482 -0.08957759988 0.01613177005 0.8691314162 -0.4943180629 0.09390564124 -0.4935141582 -0.8646534024 9.345447822e-05 -0.5173552724 0
0.5376870415 0.3730526463 -0.3931083729 -0.01668837452 0.1322861086 0.4859467657 -0.002167368831 0.03400452067 0.2519220805 -0.9952584396 -0.03347397216 -0.09132432105 0.01662778467 0.8665394012 -0.4988316178 0.09583399817 -0.4979848987 -0.8618740543 9.594363188e-05 -0.522834136 0
0.5433215512 0.3769619254 -0.3972278193 -0.01703227385 0.1335711518 0.4854510978 -0.002212768844 0.03435414095 0.2518576102 -0.9950605936 -0.03449626744 -0.09308287983 0.01713316125 0.8639280284 -0.5033237691 0.0977797002 -0.5024324525 -0.8590697067 9.847753791e-05 -0.5283129996 0
0.5489560608 0.3808712045 -0.4013472656 -0.01737943914 0.1348530928 0.4849507226 -0.00225863113 0.03470355206 0.2517924835 -0.9948567496 -0.03553786822 -0.09485308476 0.01764795152 0.8612975295 -0.5077943633 0.09974265674 -0.5068566124 -0.8562404901 0.0001010566643 -0.5337918633 0
0.5545905704 0.3847804837 -0.4054667119 -0.01772986067 0.1361319026 0.4844456542 -0.002304955348 0.03505275189 0.251726701 -0.9946467954 -0.03659888964 -0.09663474314 0.01817220588 0.858648138 -0.5122432489 0.1017227764 -0.5112571725 -0.8533865363 0.0001036814802 -0.5392707269 0
0.56022508 0.3886897628 -0.4095861583 -0.01808352865 0.1374075525 0.4839359066 -0.002351741155 0.03540173833 0.2516602631 -0.9944306185 -0.03767944443 -0.09842766103 0.01870597336 0.8559800885 -0.5166702765 0.103719967 -0.5156339278 -0.8505079782 0.0001063524557 -0.5447495905 0
0.5658595897 0.3925990419 -0.4137056046 -0.01844043317 0.1386800136 0.4834214941 -0.002398988202 0.03575050927 0.2515931704 -0.9942081055 -0.03877964284 -0.1002316433 0.01924930167 0.8532936174 -0.5210752986 0.1057341355 -0.5199866746 -0.8476049497 0.0001090700622 -0.5502284541 0
0.5714940993 0.396508321 -0.4178250509 -0.01880056427 0.1399492572 0.4829024311 -0.002446696137 0.0360990626 0.2515254233 -0.9939791425 -0.0398995927 -0.1020464936 0.01980223712 0.8505889623 -0.5254581701 0.1077651881 -0.5243152102 -0.8446775862 0.0001118347719 -0.5557073177 0
0.5771286089 0.4004176001 -0.4219444973 -0.01916391187 0.141215255 0.4823787321 -0.002494864606 0.03644739621 0.2514570223 -0.993743615 -0.04103939932 -0.1038720146 0.02036482467 0.8478663624 -0.5298187478 0.1098130303 -0.528619333 -0.8417260238 0.0001146470582 -0.5611861813 0
0.5827631185 0.4043268793 -0.4260639436 -0.01953046582 0.1424779783 0.4818504118 -0.002543493251 0.03679550801 0.2513879681 -0.9935014079 -0.04219916556 -0.1057080076 0.0209371079 0.845126058 -0.5341568905 0.1118775668 -0.5328988427 -0.8387504 0.0001175073954 -0.566665045 0
0.5883976281 0.4082361584 -0.4301833899 -0.01990021588 0.1437373989 0.4813174848 -0.002592581711 0.03714339589 0.251318261 -0.9932524057 -0.04337899175 -0.1075542728 0.021519129 0.8423682909 -0.5384724595 0.1139587013 -0.53715354 -0.8357508533 0.0001204162587 -0.5721439086 0
0.5940321378 0.4121454375 -0.4343028362 -0.02027315171 0.1449934884 0.4807799661 -0.002642129619 0.03749105775 0.2512479016 -0.9929964922 -0.04457897571 -0.1094106095 0.02211092876 0.8395933043 -0.5427653178 0.1160563371 -0.5413832268 -0.8327275235 0.0001233741245 -0.5776227722 0
0.5996666474 0.4160547166 -0.4384222826 -0.0206492629 0.1462462188 0.4802378707 -0.002692136608 0.03783849149 0.2511768905 -0.9927335505 -0.04579921275 -0.1112768158 0.02271254658 0.8368013426 -0.5470353309 0.1181703763 -0.5455877062 -0.8296805512 0.00012638147 -0.5831016358 0
0.605301157 0.4199639957 -0.4425417289 -0.02102853895 0.1474955621 0.4796912138 -0.002742602305 0.03818569501 0.2511052281 -0.9924634636 -0.0470397956 -0.1131526887 0.02332402045 0.8339926515 -0.5512823663 0.1203007207 -0.5497667823 -0.8266100784 0.0001294387733 -0.5885804994 0
0.6109356666 0.4238732749 -0.4466611752 -0.02141096926 0.1487414902 0.4791400106 -0.002793526336 0.03853266622 0.251032915 -0.9921861137 -0.04830081447 -0.1150380243 0.02394538692 0.8311674778 -0.5555062936 0.122447271 -0.5539202606 -0.823516248 0.0001325465134 -0.5940593631 0
0.6165701763 0.427782554 -0.4507806216 -0.02179654316 0.1499839755 0.4785842764 -0.002844908321 0.03887940303 0.2509599517 -0.9919013826 -0.04958235697 -0.1169326178 0.02457668116 0.8283260698 -0.5597069848 0.1246099272 -0.5580479478 -0.8203992041 0.0001357051702 -0.5995382267 0
0.6222046859 0.4316918331 -0.4549000679 -0.02218524988 0.15122299 0.4780240269 -0.002896747878 0.03922590334 0.2508863389 -0.9916091515 -0.05088450817 -0.118836263 0.02521793689 0.8254686766 -0.563884314 0.1267885887 -0.5621496515 -0.8172590918 0.0001389152246 -0.6050170903 0
0.6278391955 0.4356011122 -0.4590195142 -0.02257707859 0.1524585063 0.4774592776 -0.002949044622 0.03957216507 0.250812077 -0.9913093015 -0.0522073505 -0.1207487531 0.02586918639 0.8225955489 -0.5680381573 0.128983154 -0.5662251809 -0.8140960573 0.0001421771583 -0.6104959539 0
0.6334737051 0.4395103914 -0.4631389606 -0.02297201834 0.1536904969 0.4768900443 -0.003001798163 0.03991818612 0.2507371665 -0.9910017128 -0.05355096383 -0.1226698804 0.02653046051 0.8197069381 -0.5721683934 0.131193521 -0.5702743462 -0.8109102479 0.0001454914536 -0.6159748175 0
0.6391082147 0.4434196705 -0.4672584069 -0.02337005813 0.1549189343 0.4763163429 -0.003055008109 0.04026396442 0.2506616081 -0.9906862655 -0.05491542539 -0.1245994361 0.02720178864 0.8168030969 -0.5762749028 0.1334195867 -0.5742969589 -0.8077018119 0.000148858594 -0.6214536812 0
0.6447427244 0.4473289496 -0.4713778532 -0.02377118685 0.1561437912 0.4757381893 -0.003108674063 0.04060949788 0.2505854024 -0.9903628391 -0.05630080979 -0.1265372106 0.02788319874 0.8138842791 -0.5803575686 0.1356612475 -0.5782928316 -0.8044708987 0.0001522790635 -0.6269325448 0
0.650377234 0.4512382287 -0.4754972995 -0.02417539332 0.1573650406 0.4751555998 -0.003162795628 0.04095478441 0.2505085498 -0.990031313 -0.05770718901 -0.1284829933 0.0285747173 0.8109507395 -0.584416276 0.137918399 -0.5822617783 -0.8012176588 0.0001557533472 -0.6324114084 0
0.6560117436 0.4551475078 -0.4796167459 -0.02458266627 0.1585826553 0.4745685904 -0.003217372399 0.04129982195 0.250431051 -0.9896915659 -0.05913463238 -0.1304365731 0.02927636933 0.8080027339 -0.5884509123 0.140190936 -0.5862036142 -0.7979422436 0.0001592819309 -0.637890272 0
0.6616462532 0.459056787 -0.4837361922 -0.02499299435 0.1597966084 0.4739771777 -0.003272403971 0.0416446084 0.2503529065 -0.9893434763 -0.06058320658 -0.1323977377 0.02998817839 0.8050405191 -0.5924613674 0.1424787529 -0.5901181557 -0.7946448057 0.0001628653009 -0.6433691356 0
0.6672807629 0.4629660661 -0.4878556385 -0.02540636613 0.161006873 0.473381378 -0.003327889935 0.0419891417 0.2502741169 -0.9889869223 -0.0620529756 -0.1343662743 0.03071016658 0.8020643528 -0.5964475331 0.1447817431 -0.5940052207 -0.7913254985 0.0001665039446 -0.6488479993 0
0.6729152725 0.4668753452 -0.4919750849 -0.0258227701 0.1622134225 0.472781208 -0.003383829876 0.04233341977 0.2501946829 -0.9886217818 -0.0635440008 -0.1363419692 0.03144235448 0.7990744937 -0.6004093037 0.1470997993 -0.5978646281 -0.7879844767 0.0001701983501 -0.6543268629 0
0.6785497821 0.4707846243 -0.4960945312 -0.02624219465 0.1634162303 0.4721766843 -0.003440223379 0.04267744054 0.250114605 -0.9882479321 -0.06505634081 -0.1383246079 0.03218476122 0.7960712013 -0.6043465757 0.1494328136 -0.6016961982 -0.7846218958 0.0001739490061 -0.6598057265 0
0.6841842917 0.4746939034 -0.5002139775 -0.02666462811 0.1646152698 0.4715678239 -0.003497070024 0.04302120194 0.2500338838 -0.9878652506 -0.06659005159 -0.1403139753 0.03293740442 0.7930547362 -0.608259248 0.1517806773 -0.6054997526 -0.7812379123 0.0001777564022 -0.6652845901 0
0.6898188014 0.4786031826 -0.5043334239 -0.02709005873 0.1658105147 0.4709546436 -0.003554369388 0.0433647019 0.2499525199 -0.9874736141 -0.06814518641 -0.1423098555 0.03370030024 0.7900253595 -0.6121472217 0.1541432813 -0.6092751143 -0.7778326838 0.0001816210287 -0.6707634537 0
0.695453311 0.4825124617 -0.5084528702 -0.02751847465 0.1670019387 0.4703371605 -0.003612121044 0.04370793836 0.2498705139 -0.9870728993 -0.0697217958 -0.1443120321 0.0344734633 0.7869833334 -0.6160104003 0.1565205154 -0.6130221074 -0.7744063689 0.0001855433765 -0.6762423173 0
0.7010878206 0.4864217408 -0.5125723165 -0.02794986396 0.1681895158 0.4697153919 -0.003670324562 0.04405090926 0.2497878665 -0.9866629826 -0.07131992761 -0.1463202878 0.03525690675 0.7839289207 -0.6198486894 0.158912269 -0.6167405574 -0.7709591271 0.0001895239373 -0.681721181 0
0.7067223302 0.4903310199 -0.5166917628 -0.02838421467 0.1693732199 0.4690893549 -0.003728979509 0.04439361253 0.2497045782 -0.9862437402 -0.07293962692 -0.148334405 0.03605064221 0.7808623851 -0.6236619972 0.1613184307 -0.6204302913 -0.7674911189 0.0001935632036 -0.6872000446 0
0.7123568398 0.494240299 -0.5208112092 -0.02882151468 0.170553025 0.4684590671 -0.003788085449 0.04473604612 0.2496206497 -0.9858150481 -0.07458093612 -0.1503541651 0.03685467982 0.7777839909 -0.627450234 0.1637388884 -0.6240911372 -0.7640025058 0.0001976616683 -0.6926789082 0
0.7179913495 0.4981495782 -0.5249306555 -0.02926175185 0.1717289056 0.4678245458 -0.00384764194 0.04507820796 0.2495360816 -0.9853767819 -0.07624389485 -0.1523793494 0.03766902819 0.774694003 -0.6312133126 0.1661735296 -0.6277229247 -0.7604934502 0.0002018198254 -0.6981577718 0
0.7236258591 0.5020588573 -0.5290501018 -0.02970491394 0.1729008358 0.4671858089 -0.00390764854 0.04542009602 0.2494508745 -0.9849288174 -0.07792853999 -0.1544097381 0.03849369442 0.7715926872 -0.6349511481 0.1686222407 -0.6313254847 -0.7569641156 0.0002060381691 -0.7036366354 0
0.7299646824 0.5064567963 -0.533684479 -0.03020695213 0.1742145036 0.4664622128 -0.003975693428 0.04580439025 0.2493542536 -0.9844131097 -0.07984973022 -0.1566998726 0.03943378387 0.7680904983 -0.6391259369 0.1713937169 -0.6353432199 -0.7529695789 0.0002108563643 -0.709800357 0
0.735599192 0.5103660754 -0.5378039253 -0.03065628867 0.1753779548 0.4658145765 -0.00403665502 0.04614568968 0.2492676909 -0.9839441223 -0.08158056892 -0.1587405899 0.04028039216 0.7649659957 -0.6428098594 0.1738719474 -0.6388831162 -0.749397698 0.0002152042497 -0.7152792206 0
0.7412337017 0.5142753545 -0.5419233716 -0.03110851139 0.1765373763 0.4651627803 -0.004098065313 0.04648670891 0.2491804912 -0.9834650469 -0.08333319156 -0.1607858225 0.04113733068 0.7618309995 -0.6464682886 0.1763638896 -0.6423932653 -0.7458060546 0.0002196138712 -0.7207580843 0
0.7468682113 0.5181846337 -0.5460428179 -0.03156360772 0.177692743 0.4645068423 -0.00415992385 0.04682744589 0.2490926552 -0.9829757584 -0.08510762365 -0.1628353489 0.04200460025 0.7586857778 -0.6501011492 0.1788694272 -0.6458735039 -0.7421948161 0.000224085726 -0.7262369479 0
0.7525027209 0.5220939128 -0.5501622643 -0.03202156503 0.1788440299 0.4638467808 -0.004222230168 0.04716789859 0.2490041836 -0.9824761317 -0.08690388792 -0.1648889472 0.04288220014 0.755530599 -0.6537083684 0.1813884438 -0.6493236698 -0.7385641504 0.000228620312 -0.7317158115 0
0.7581372305 0.5260031919 -0.5542817106 -0.03248237062 0.179991212 0.463182614 -0.004284983805 0.04750806496 0.248915077 -0.9819660417 -0.08872200433 -0.166946395 0.04377012811 0.7523657324 -0.6572898756 0.183920822 -0.6527436025 -0.7349142267 0.0002332181277 -0.7371946751 0
0.7637717401 0.529912471 -0.5584011569 -0.03294601168 0.1811342647 0.4625143603 -0.004348184293 0.04784794296 0.2488253361 -0.9814453633 -0.09056199005 -0.1690074697 0.04466838036 0.7491914475 -0.6608456028 0.1864664438 -0.6561331427 -0.731245215 0.000237879672 -0.7426735387 0
0.7694062498 0.5338217502 -0.5625206033 -0.03341247538 0.1822731633 0.4618420383 -0.004411831161 0.04818753056 0.2487349615 -0.9809139711 -0.09242385948 -0.1710719482 0.04557695159 0.7460080142 -0.6643754843 0.1890251908 -0.6594921325 -0.727557286 0.0002426054447 -0.7481524023 0
0.7750407594 0.5377310293 -0.5666400496 -0.03388174877 0.1834078833 0.4611656667 -0.004475923934 0.04852682573 0.248643954 -0.9803717399 -0.0943076242 -0.1731396071 0.04649583493 0.742815703 -0.6678794568 0.1915969438 -0.6628204157 -0.7238506114 0.0002473959461 -0.753631266 0
0.780675269 0.5416403084 -0.5707594959 -0.03435381883 0.1845384003 0.4604852642 -0.004540462135 0.04886582643 0.2485523141 -0.9798185445 -0.09621329302 -0.1752102228 0.04742502199 0.7396147844 -0.6713574592 0.1941815831 -0.6661178371 -0.720125364 0.0002522516772 -0.7591101296 0
0.7863097786 0.5455495875 -0.5748789423 -0.03482867249 0.1856646901 0.4598008497 -0.004605445284 0.04920453064 0.2484600427 -0.9792542594 -0.09814087195 -0.1772835712 0.04836450281 0.7364055296 -0.674809433 0.1967789883 -0.6693842434 -0.716381717 0.0002571731395 -0.7645889932 0
0.7919442883 0.5494588666 -0.5789983886 -0.03530629659 0.1867867285 0.459112442 -0.004670872895 0.04954293633 0.2483671404 -0.9786787596 -0.1000903642 -0.1793594282 0.04931426594 0.7331882098 -0.6782353221 0.1993890385 -0.6726194823 -0.7126198449 0.0002621608352 -0.7700678568 0
