0.008178520657 0.003443320767 0.002080452085 -2.393698527e-06 0.002085509082 0.5099943145 -3.000002931e-07 0.0005196235739 0.2549992937 -0.9999999999 -7.521579298e-08 -1.394005694e-05 3.822422189e-08 0.9999668898 -0.00813752232 1.394020745e-05 -0.00813752232 -0.9999668897 3.315637629e-08 0.002767001273 0
0.01535704131 0.006465621534 0.003906524169 -8.439772283e-06 0.00391595493 0.509979954 -1.063651067e-06 0.0009775307429 0.2549974958 -0.9999999988 -5.000729725e-07 -4.914857011e-05 2.5095374e-07 0.9998832608 -0.0152795561 4.915047344e-05 -0.01527955609 -0.9998832596 5.228802753e-08 0.005195677145 0
0.02253556197 0.0094879223 0.005732596254 -1.817378789e-05 0.005746281999 0.5099568339 -2.297859615e-06 0.001436027085 0.2549945899 -0.9999999944 -1.581275399e-06 -0.0001058282444 7.918624773e-07 0.9997486251 -0.02242067221 0.0001058370951 -0.02242067217 -0.9997486195 3.10993186e-08 0.007624353018 0
0.02971408263 0.01251022307 0.007558668338 -3.159539105e-05 0.00757643477 0.5099249551 -4.001949022e-06 0.001894569735 0.2549905776 -0.9999999831 -3.625509058e-06 -0.0001839698921 1.814306632e-06 0.9995629947 -0.02956044182 0.0001839966679 -0.02956044165 -0.9995629777 2.363048315e-08 0.01005302889 0
0.03689260328 0.01553252383 0.009384740423 -4.870409323e-05 0.009406357734 0.5098843188 -6.175301443e-06 0.002353043778 0.2549854604 -0.9999999598 -6.939326835e-06 -0.0002835608459 3.471587353e-06 0.9993263855 -0.03669843622 0.0002836244976 -0.03669843573 -0.9993263453 1.042749522e-07 0.01248170476 0
0.04496843902 0.0189326122 0.01143907152 -7.235783815e-05 0.01146467727 0.5098281368 -9.180841411e-06 0.002868733306 0.2549783838 -0.9999999112 -1.256638919e-05 -0.0004212190544 6.285640394e-06 0.9989992906 -0.04472602444 0.0004213595812 -0.04472602311 -0.9989992019 2.227397436e-07 0.01521396512 0
0.05214695968 0.02195491296 0.0132651436 -9.729939104e-05 0.01329392764 0.509768896 -1.235048541e-05 0.00332704967 0.2549709208 -0.9999998394 -1.95950691e-05 -0.0005663318484 9.800602715e-06 0.9986544259 -0.05185882394 0.0005665859841 -0.05185882117 -0.9986542653 3.508574053e-07 0.01764264099 0
0.05932548033 0.02497721373 0.01509121569 -0.0001259256515 0.01512277479 0.5097009034 -1.598877971e-05 0.003785304438 0.2549623544 -0.9999997311 -2.884998658e-05 -0.0007328319563 1.442891997e-05 0.9982586616 -0.05898850986 0.0007332576656 -0.05898850457 -0.9982583927 4.996508185e-07 0.02007131686 0
0.06650400099 0.0279995145 0.01691728777 -0.0001582355776 0.01695116329 0.5096241614 -2.009565205e-05 0.004243502874 0.2549526846 -0.9999995753 -4.063669785e-05 -0.0009206923791 2.032348108e-05 0.9978120324 -0.06611465447 0.0009213646153 -0.0661146451 -0.9978116079 6.687344272e-07 0.02249999274 0
0.07457983673 0.03139960286 0.01897161887 -0.0001989859066 0.01900748308 0.5095273718 -2.527590541e-05 0.004758912275 0.2549404876 -0.9999993284 -5.730303533e-05 -0.001157529538 2.865859763e-05 0.9972488237 -0.07412680208 0.001158592661 -0.07412678548 -0.9972481523 8.829592338e-07 0.02523225309 0
0.08175835739 0.03442190363 0.02079769095 -0.0002391195509 0.02083471288 0.5094320471 -3.037831015e-05 0.005216998335 0.2549284739 -0.9999990302 -7.548269846e-05 -0.001390675162 3.775088264e-05 0.9966942413 -0.08124400293 0.001392210442 -0.08124397664 -0.9966932718 1.094611834e-06 0.02766092897 0
0.08893687804 0.03744420439 0.02262376304 -0.0002829327411 0.02266131084 0.5093279827 -3.594911324e-05 0.005675031775 0.2549153573 -0.9999986421 -9.714657011e-05 -0.0016450744 4.858617669e-05 0.9960889302 -0.08835632831 0.001647223914 -0.08835628826 -0.9960875729 1.326205636e-06 0.03008960484 0
0.0961153987 0.04046650516 0.02444983512 -0.0003304238827 0.02448722161 0.5092151825 -4.198825711e-05 0.006133011464 0.254901138 -0.999998148 -0.000122598491 -0.00192068598 6.131665911e-05 0.9954329433 -0.09546335222 0.001923617762 -0.09546329319 -0.9954310922 1.577738009e-06 0.03251828071 0
0.1032939194 0.04348880593 0.02627590721 -0.0003815912475 0.02631238983 0.5090936505 -4.849568148e-05 0.006590935674 0.2548858161 -0.9999975298 -0.0001521417779 -0.002217465179 7.609429259e-05 0.9947263377 -0.1025646492 0.002221375385 -0.1025645646 -0.994723869 1.8492295e-06 0.03494695658 0
0.1113697551 0.04688889429 0.0283302383 -0.0004435464448 0.02836474766 0.5089464955 -5.63761961e-05 0.007106031396 0.2548672613 -0.9999966624 -0.000190645374 -0.002576583591 9.535502575e-05 0.9938709781 -0.1105462337 0.002581866781 -0.1105461104 -0.9938676428 2.178561391e-06 0.03767921694 0
0.1185482758 0.04991119506 0.03015631039 -0.0005025194349 0.0301881544 0.5088064238 -6.387850076e-05 0.007563830162 0.254849597 -0.9999957157 -0.0002298872838 -0.002918179774 0.000114986328 0.9930570177 -0.1176339508 0.002924961453 -0.1176337824 -0.9930527367 2.4926042e-06 0.04010789281 0
0.1257267964 0.05293349582 0.03198238247 -0.0005651623856 0.03201064587 0.5086576353 -7.184887466e-05 0.008021565765 0.2548308306 -0.9999945806 -0.0002741645872 -0.003280781652 0.0001371380771 0.9921926456 -0.1247146151 0.003289359758 -0.1247143892 -0.9921872309 2.826759758e-06 0.04253656869 0
0.1329053171 0.05595579659 0.03380845455 -0.0006314730176 0.03383216687 0.5085001353 -8.0287242e-05 0.008479235309 0.2548109624 -0.9999932339 -0.0003237779974 -0.003664330341 0.0001619611586 0.9912779371 -0.1317878038 0.003675039813 -0.1317875056 -0.9912711776 3.181096412e-06 0.04496524456 0
0.1400838377 0.05897809736 0.03563452664 -0.0007014489182 0.03565266225 0.5083339297 -8.919352285e-05 0.008936835772 0.2547899924 -0.9999916507 -0.0003790274892 -0.004068763539 0.0001896061528 0.9903129718 -0.1388530947 0.004081978452 -0.1388527068 -0.9903046315 3.555689488e-06 0.04739392043 0
0.1481596735 0.06237818572 0.03768885773 -0.0007845497723 0.03769942498 0.5081365499 -9.977228668e-05 0.009451549827 0.2547650846 -0.9999895544 -0.0004482925481 -0.004548632453 0.0002242669138 0.9891674182 -0.146791582 0.004565164592 -0.1467910688 -0.9891569852 4.001421278e-06 0.05012618079 0
0.1553381941 0.06540048649 0.03951492982 -0.0008623057492 0.03951755795 0.5079518651 -0.0001096725989 0.009908993028 0.2547417742 -0.9999873804 -0.0005165111113 -0.004997222824 0.0002584069507 0.9880959417 -0.153838692 0.005017194986 -0.1538380419 -0.9880833389 4.419337346e-06 0.05255485666 0
0.1625167148 0.06842278725 0.0413410019 -0.0009437185965 0.04133449319 0.5077584946 -0.0001200405473 0.01036635716 0.2547173628 -0.9999848839 -0.000591297963 -0.005466481082 0.0002958373057 0.9869744856 -0.1608765902 0.005490403354 -0.1608757755 -0.9869593914 4.857783545e-06 0.05498353253 0
0.1696952354 0.07144508802 0.04316707399 -0.001028785352 0.04315017574 0.5075564454 -0.0001308760343 0.0108236389 0.2546918506 -0.9999820345 -0.0006729495947 -0.005956330923 0.0003367071176 0.9858031474 -0.1679048578 0.005984761277 -0.1679038469 -0.9857852103 5.316858431e-06 0.0574122084 0
0.1777710712 0.07484517638 0.04522140508 -0.001128849157 0.04519125285 0.5073187755 -0.0001436246847 0.01133797821 0.2546618338 -0.9999783677 -0.0007733811826 -0.006531926032 0.0003869820717 0.9844258942 -0.1757996274 0.006566157249 -0.1757983522 -0.9844042995 5.858104454e-06 0.06014446876 0
0.1849495918 0.07786747715 0.04704747717 -0.00122167003 0.0470040911 0.5070983088 -0.0001554533472 0.01179507372 0.2546339833 -0.9999746617 -0.0008706005247 -0.007065264244 0.0004356541001 0.9831489004 -0.1828060445 0.007105357811 -0.1828044905 -0.9831236098 6.361364878e-06 0.06257314463 0
0.1921281125 0.08088977792 0.04887354925 -0.0013181347 0.0488155052 0.5068691874 -0.0001677492152 0.01225207628 0.2546050327 -0.9999704996 -0.0009756048702 -0.007618933896 0.0004882290324 0.9818223573 -0.189801529 0.007665610933 -0.1897996496 -0.9817929168 6.885593144e-06 0.06500182051 0
0.1993066331 0.08391207868 0.05069962134 -0.001418239661 0.05062544038 0.5066314197 -0.0001805121731 0.01270898246 0.2545749823 -0.9999658454 -0.001088686527 -0.008192844836 0.0005448542759 0.9804463803 -0.1967856664 0.008246882967 -0.1967834092 -0.9804123004 7.430907326e-06 0.06743049638 0
0.2064851538 0.08693437945 0.05252569342 -0.001521981271 0.05243384196 0.5063850143 -0.0001937421009 0.01316578883 0.2545438325 -0.9999606622 -0.001210136682 -0.008786903586 0.000605676775 0.9790210891 -0.2037580433 0.008849139001 -0.20375535 -0.9789818436 7.99742999e-06 0.06985917225 0
0.2145609895 0.09033446781 0.05458002452 -0.001643032812 0.05446639258 0.5060974946 -0.0002091837897 0.01367957237 0.2545074752 -0.9999541506 -0.001357132153 -0.009479181958 0.0006793014649 0.9773588451 -0.2115873967 0.00955171439 -0.2115841347 -0.9773131119 8.66027702e-06 0.07259143261 0
0.2217395102 0.09335676858 0.0564060966 -0.001754489611 0.05627135394 0.5058327642 -0.0002234056104 0.01413615513 0.2544739901 -0.9999477136 -0.001497326862 -0.0101157293 0.000749528821 0.975829178 -0.2185334153 0.01019843976 -0.218529571 -0.9757770331 9.272294731e-06 0.07502010848 0
0.2289180308 0.09637906935 0.05823216869 -0.001869570833 0.05807461119 0.5055594251 -0.000238093998 0.01459262724 0.2544394065 -0.9999406231 -0.001646792377 -0.010772111 0.0008244094644 0.974250598 -0.2254663892 0.01086603191 -0.2254618823 -0.9741913924 9.905932124e-06 0.07744878435 0
0.2360965515 0.09940137011 0.06005824077 -0.001988272293 0.05987610991 0.5052774873 -0.0002532488146 0.01504898521 0.2544037248 -0.9999328364 -0.001805814845 -0.01144821998 0.0009040882523 0.9726232423 -0.2323859101 0.01155445077 -0.2323806524 -0.9725562848 1.056132962e-05 0.07987746023 0
0.2441723872 0.1028014585 0.06211257187 -0.002126133373 0.0619006263 0.5049500419 -0.0002708553342 0.01556224714 0.2543622706 -0.9999231897 -0.001996493249 -0.01223228533 0.0009996418299 0.9707343411 -0.2401537836 0.01235376485 -0.2401475652 -0.9706577829 1.132484215e-05 0.08260972058 0
0.2513509079 0.1058237592 0.06393864395 -0.002252513348 0.06369820777 0.5046498662 -0.0002870008341 0.01601835096 0.2543242564 -0.9999137766 -0.002176768235 -0.01294994435 0.00108999512 0.9690038116 -0.2470433668 0.01308630159 -0.2470361813 -0.9689178881 1.202696523e-05 0.08503839645 0
0.2585294286 0.10884606 0.06576471604 -0.00238249964 0.06549386111 0.5043411248 -0.0003036123036 0.01647432973 0.2542851452 -0.9999035262 -0.002367485658 -0.01368697503 0.001185595622 0.967224962 -0.2539182296 0.01383953167 -0.2539099603 -0.9671288432 1.27513141e-05 0.08746707233 0
0.2657079492 0.1118683608 0.06759078812 -0.002516087526 0.0672875322 0.504023829 -0.0003206895866 0.01693017992 0.2542449372 -0.9998923907 -0.002568925944 -0.01444325692 0.001286585824 0.9653979467 -0.2607779691 0.01461340986 -0.2607684895 -0.9652907558 1.349804627e-05 0.0898957482 0
0.2728864699 0.1148906615 0.0694168602 -0.00265327215 0.06907916701 0.5036979902 -0.0003382325228 0.01738589804 0.254203633 -0.9998803209 -0.002781368027 -0.01521866634 0.001393107598 0.9635229243 -0.2676221843 0.01540788968 -0.2676113568 -0.9634037361 1.426732325e-05 0.09232442407 0
0.2809623056 0.1182907499 0.0714711913 -0.002811897865 0.071092255 0.503321225 -0.0003585247218 0.01789841869 0.2541558558 -0.999865563 -0.003033861304 -0.01611370723 0.001519732386 0.9613563433 -0.2753028724 0.01632624539 -0.2752903501 -0.9612224908 1.515991418e-05 0.09505668443 0
0.2881408263 0.1213130507 0.07329726338 -0.002956708843 0.07287938367 0.5029772722 -0.0003770566184 0.0183538445 0.2541122232 -0.9998513393 -0.003270601342 -0.01692933749 0.001638476901 0.959379851 -0.2821127734 0.0171643437 -0.2820985726 -0.9592318701 1.597765337e-05 0.0974853603 0
0.2953193469 0.1243353514 0.07512333547 -0.003105100549 0.07466430775 0.5026248146 -0.0003960536389 0.01880912727 0.2540674956 -0.9998360198 -0.003519204834 -0.01776368833 0.001763192187 0.9573558735 -0.2889059063 0.01802289042 -0.2888898523 -0.9571926811 1.68184677e-05 0.09991403617 0
0.3024978676 0.1273576522 0.07694940755 -0.003257067591 0.07644697353 0.5022638649 -0.0004155156047 0.01926426349 0.2540216733 -0.9998195504 -0.003779944167 -0.01861662301 0.001894017403 0.9552845862 -0.2956818766 0.01890183399 -0.2956637812 -0.9551050462 1.768253494e-05 0.102342712 0
0.3096763882 0.130379953 0.07877547964 -0.00341260445 0.07822732745 0.5018944363 -0.0004354423332 0.01971924964 0.2539747569 -0.9998018755 -0.00405309004 -0.01948800168 0.002031091011 0.9531661686 -0.3024402913 0.01980112163 -0.3024199524 -0.9529690908 1.857003668e-05 0.1047713879 0
0.317752224 0.1337800413 0.08082981073 -0.003591843422 0.08022739558 0.5014687107 -0.0004584152061 0.0202309253 0.2539206686 -0.9997804797 -0.004375543679 -0.02049017091 0.00219293908 0.950726842 -0.3100220363 0.02083707044 -0.3099989139 -0.9505085428 1.95967187e-05 0.1075036483 0
0.3249307446 0.1368023421 0.08265588282 -0.003754947222 0.08200265926 0.5010813091 -0.0004793289284 0.02068558089 0.2538714285 -0.9997600533 -0.004675944339 -0.02140026455 0.002343746967 0.9485088868 -0.3167418485 0.02177940836 -0.3167160041 -0.948270336 2.053463907e-05 0.1099323241 0
0.3321092653 0.1398246429 0.0844819549 -0.003921602757 0.0837754442 0.5006854716 -0.0005007068142 0.02114007543 0.2538210957 -0.9997382403 -0.004989586192 -0.02232834521 0.002501231258 0.946244388 -0.3234428884 0.02274191752 -0.3234140724 -0.9459842192 2.149658579e-05 0.112361 0
0.3392877859 0.1428469436 0.08630802699 -0.004091803974 0.08554569722 0.5002812124 -0.0005225486626 0.02159440542 0.2537696706 -0.99971498 -0.005316732581 -0.02327426034 0.002665527362 0.9439335416 -0.3301247703 0.02372454011 -0.3300927163 -0.9436503297 2.248275592e-05 0.1147896759 0
0.3473636217 0.146247032 0.08836235808 -0.004287510843 0.08753413932 0.4998163725 -0.0005476750669 0.02210532558 0.2537105123 -0.9996870054 -0.005701239887 -0.02435953877 0.00285867033 0.9412786886 -0.3376185101 0.02485395883 -0.3375824732 -0.9409677755 2.362140191e-05 0.1175219362 0
0.3545421423 0.1492693328 0.09018843017 -0.00446522596 0.08929883586 0.4993942664 -0.0005705021496 0.02255929422 0.2536567677 -0.9996604634 -0.006057949169 -0.0253428318 0.003037887575 0.9388700222 -0.3442584097 0.025879125 -0.34421851 -0.9385328381 2.465971768e-05 0.1199506121 0
0.361720663 0.1522916335 0.09201450225 -0.004646467024 0.09106083492 0.4989637855 -0.0005937925396 0.02301308733 0.2536019324 -0.9996322775 -0.006428973654 -0.02634346312 0.003224334707 0.9364156459 -0.3508779586 0.02692421618 -0.350833873 -0.9360505756 2.572289599e-05 0.122379288 0
0.3688991836 0.1553139343 0.09384057434 -0.004831227459 0.09282008374 0.4985249455 -0.0006175460182 0.0234667014 0.253546007 -0.9996023823 -0.006814568695 -0.02736126781 0.003418143824 0.9339157717 -0.3574767792 0.02798916961 -0.3574281649 -0.9335211371 2.681114873e-05 0.1248079639 0
0.3760777043 0.1583362351 0.09566664642 -0.00501950056 0.09457652968 0.4980777622 -0.0006417623625 0.02392013292 0.2534889918 -0.9995707112 -0.007214987616 -0.02839607798 0.003619446186 0.9313706156 -0.3640544959 0.02907392131 -0.3640009895 -0.9309446744 2.792469124e-05 0.1272366397 0
0.38415354 0.1617363234 0.09772097752 -0.005235498019 0.09654911564 0.4975647285 -0.0006695587356 0.02443002081 0.253423548 -0.9995328742 -0.007683490833 -0.02958035351 0.003855030443 0.9284534627 -0.3714287365 0.03031785094 -0.3713692657 -0.9279901381 2.920792833e-05 0.1299689001 0
0.3913320607 0.1647586242 0.0995470496 -0.005431212694 0.09829943118 0.4970998701 -0.000694757909 0.02488305277 0.2533642191 -0.9994972033 -0.00811624213 -0.0306507296 0.004072687835 0.925812817 -0.3779603697 0.03144445619 -0.3778951634 -0.9253142664 3.037594242e-05 0.132397576 0
0.3985105814 0.167780925 0.1013731217 -0.005630418266 0.1000467801 0.4966267202 -0.000720419223 0.02533589123 0.2533038023 -0.9994595412 -0.008564595461 -0.03173756778 0.004298243061 0.9231275887 -0.3844697388 0.03259065219 -0.3843983645 -0.9225918636 3.156994139e-05 0.1348262518 0
0.405689102 0.1708032257 0.1031991938 -0.00583310751 0.1017911101 0.4961452959 -0.0007465424368 0.02578853268 0.2532422981 -0.9994198167 -0.009028795393 -0.03284068823 0.004531823749 0.9203980094 -0.3909564769 0.03375637011 -0.3908784787 -0.919823093 3.279015463e-05 0.1372549277 0
0.4128676227 0.1738255265 0.1050252659 -0.006039273076 0.1035323693 0.4956556148 -0.0007731273051 0.02624097362 0.2531797072 -0.9993779575 -0.009509084286 -0.0339599083 0.004773556609 0.9176243145 -0.3974202193 0.03494153993 -0.3973351165 -0.917008121 3.403681482e-05 0.1396836036 0
0.4209434584 0.1772256149 0.107079597 -0.006275355316 0.1054875506 0.495094876 -0.0008035867924 0.02674972566 0.253107994 -0.9993282227 -0.0100689395 -0.0352380439 0.005055407038 0.9144514733 -0.4046639913 0.03629801841 -0.4045702899 -0.913786263 3.547121382e-05 0.1424158639 0
0.4281219791 0.1802479156 0.108905669 -0.006488883088 0.107222112 0.4945877082 -0.0008311518425 0.02720172892 0.2530430957 -0.999281582 -0.01058421183 -0.03639085634 0.005314879702 0.9115848306 -0.4110776675 0.03752428573 -0.410975755 -0.9108736778 3.677486123e-05 0.1448445398 0
0.4353004997 0.1832702164 0.1107317411 -0.006705863407 0.1089534407 0.49407234 -0.0008591777528 0.02765352073 0.2529771124 -0.9992325733 -0.01111631585 -0.03755917955 0.005582894429 0.9086748312 -0.4174672233 0.03876977865 -0.4173565367 -0.9079154286 3.81057036e-05 0.1472732157 0
0.4424790204 0.1862925172 0.1125578132 -0.006926288406 0.1106814852 0.4935487901 -0.0008876642601 0.02810509762 0.2529100449 -0.9991811199 -0.01166548442 -0.03874281939 0.005859573991 0.9057217255 -0.4238323033 0.04003442236 -0.4237122519 -0.9049116933 3.946398686e-05 0.1497018916 0
0.4505548561 0.1896926055 0.1146121443 -0.007178374051 0.1126215455 0.4929500403 -0.0009202618052 0.02861286037 0.2528332988 -0.9991202156 -0.01230398342 -0.04009247718 0.006181347275 0.9023482726 -0.4309633232 0.04147994311 -0.4308319939 -0.9014783455 4.102516613e-05 0.1524341519 0
0.4577333768 0.1927149063 0.1164382164 -0.007406092322 0.1143424406 0.4924091674 -0.0009497261881 0.02906396894 0.2527639293 -0.9990633072 -0.01289017641 -0.04130800794 0.006476842707 0.8993044138 -0.4372752243 0.04278502865 -0.4371331772 -0.8983785542 4.244259192e-05 0.1548628278 0
0.4649118974 0.1957372071 0.1182642885 -0.007637229901 0.1160598913 0.4918601731 -0.0009796503181 0.02951485168 0.2526934777 -0.9990037072 -0.01349414613 -0.04253823128 0.006781380183 0.8962182543 -0.4435615555 0.04410902383 -0.4434081062 -0.8952338496 4.388824697e-05 0.1572915037 0
0.4720904181 0.1987595078 0.1200903606 -0.007871778417 0.1177738467 0.4913030772 -0.001010033914 0.0299655051 0.2526219444 -0.9989413343 -0.01411611539 -0.04378294202 0.007095078295 0.8930900591 -0.4498219717 0.04545184913 -0.4496564039 -0.8920444203 4.536238978e-05 0.1597201795 0
0.4792689387 0.2017818086 0.1219164326 -0.008109729375 0.119484256 0.4907378999 -0.001040876691 0.03041592571 0.2525493303 -0.9988761063 -0.01475630445 -0.04504193235 0.007418054591 0.8899200967 -0.4560561303 0.0468134239 -0.4558776952 -0.888810458 4.686528185e-05 0.1621488554 0
0.4873447745 0.205181897 0.1239707637 -0.008381480449 0.1214041647 0.4900924411 -0.00107612332 0.0309223663 0.2524663483 -0.9987992087 -0.01549856652 -0.04647510301 0.007792638246 0.8863043028 -0.4630377496 0.04836750513 -0.4628439016 -0.8851192616 4.859072911e-05 0.1648811158 0
0.4945232951 0.2082041977 0.1257968358 -0.008626632833 0.1231068703 0.4895101591 -0.00110794089 0.03137228066 0.2523914397 -0.9987276364 -0.0161781924 -0.04776373574 0.008135716106 0.8830464923 -0.4692149854 0.04976864962 -0.4690065655 -0.8817913149 5.015559485e-05 0.1673097916 0
0.5017018158 0.2112264985 0.1276229079 -0.008875160328 0.124805872 0.4889198605 -0.001140216722 0.03182195135 0.2523154523 -0.9986529458 -0.01687670987 -0.04906598212 0.008488432578 0.8797477758 -0.4753649099 0.0511882843 -0.4751410608 -0.878419451 5.175004568e-05 0.1697384675 0
0.5088803365 0.2142487993 0.12944898 -0.00912705394 0.1265011195 0.4883215668 -0.001172950513 0.03227137489 0.2522383869 -0.9985750506 -0.01759432847 -0.05038162383 0.008850900744 0.8764084357 -0.4814871912 0.05262632393 -0.4812470191 -0.8750038724 5.337435492e-05 0.1721671434 0
0.5160588571 0.2172711 0.1312750521 -0.009382304551 0.1281925627 0.4877152996 -0.001206141956 0.03272054781 0.2521602444 -0.9984938635 -0.01833125505 -0.05171044008 0.009223232572 0.8730287581 -0.4875815003 0.05408268213 -0.4873240735 -0.8715447842 5.502879868e-05 0.1745958193 0
0.5241346928 0.2206711884 0.1333293832 -0.00967346265 0.1300908268 0.4870237455 -0.001244028978 0.03322556347 0.2520710472 -0.9983984835 -0.01918363062 -0.05322082799 0.009654033997 0.8691787649 -0.4944037563 0.05574287258 -0.4941257562 -0.8676015613 5.692641538e-05 0.1773280796 0
0.5313132135 0.2236934891 0.1351554553 -0.009935816075 0.1317740204 0.4864006079 -0.001278191892 0.03367419232 0.251990618 -0.9983100072 -0.01996226109 -0.05457689585 0.0100476927 0.865714334 -0.5004375443 0.05723786596 -0.5001401803 -0.8640507084 5.864582425e-05 0.1797567555 0
0.5384917342 0.2267157899 0.1369815273 -0.01020149724 0.1334532542 0.4857695662 -0.001312811469 0.03412255973 0.2519091139 -0.9982179605 -0.02076082834 -0.05594543257 0.01045155763 0.86221048 -0.5064423493 0.05875090094 -0.5061245659 -0.8604570038 6.039624803e-05 0.1821854314 0
0.5456702548 0.2297380907 0.1388075994 -0.01047049655 0.1351284789 0.4851306433 -0.001347887385 0.03457066223 0.2518265356 -0.998122252 -0.02157952784 -0.05732620742 0.01086573601 0.858667502 -0.5124178537 0.06028188666 -0.5120785536 -0.8568206633 6.217797395e-05 0.1846141072 0
0.5537460906 0.233138179 0.1408619305 -0.01077707486 0.1370082531 0.4844024634 -0.001387892849 0.03507445658 0.2517323522 -0.9980100885 -0.02252486886 -0.05889391721 0.0113441465 0.8546352631 -0.5191048809 0.0620255878 -0.5187400094 -0.8526790892 6.422019242e-05 0.1873463676 0
0.5609246112 0.2361604798 0.1426880026 -0.01105309276 0.1386747949 0.4837468701 -0.001423937388 0.03552198468 0.251647494 -0.9979062924 -0.02338698545 -0.06029992132 0.01178059162 0.8510101548 -0.5250170799 0.06359441218 -0.5246282163 -0.8489528758 6.606940093e-05 0.1897750435 0
0.5681031319 0.2391827806 0.1445140747 -0.01133239802 0.1403371742 0.4830834687 -0.001460437223 0.03596923707 0.2515615643 -0.9977985441 -0.02426982671 -0.06171742757 0.01222767762 0.8473468779 -0.5308990039 0.06518089639 -0.530484914 -0.8451847175 6.795082582e-05 0.1922037193 0
0.5752816525 0.2422050813 0.1463401468 -0.01161498053 0.1419953422 0.4824122832 -0.001497392012 0.0364162103 0.2514745637 -0.9976867489 -0.02517357624 -0.06314619577 0.01268550681 0.8436457447 -0.5367503474 0.06678494515 -0.5363097506 -0.8413748407 6.986476487e-05 0.1946323952 0
0.5824601732 0.2452273821 0.1481662189 -0.0119008301 0.1436492503 0.4817333379 -0.001534801408 0.03686290094 0.2513864932 -0.9975708113 -0.02609841467 -0.06458598352 0.01315418022 0.8399070701 -0.5425708075 0.06840646211 -0.5421023763 -0.837523474 7.181151835e-05 0.1970610711 0
0.5905360089 0.2486274705 0.1502205499 -0.01222630314 0.1455047448 0.4809602795 -0.001577429939 0.03736508583 0.2512861359 -0.9974353097 -0.02716428681 -0.06621861192 0.01369452429 0.8356565838 -0.5490815368 0.07025142736 -0.548580145 -0.8331413814 7.40412165e-05 0.1997933314 0
0.5977145296 0.2516497712 0.152046622 -0.01251906076 0.1471494403 0.4802649262 -0.001615804203 0.03781116451 0.2511957944 -0.9973102479 -0.02813452526 -0.06768100141 0.01418657156 0.8318391938 -0.5548353781 0.07190973961 -0.5543031699 -0.8292026201 7.60587087e-05 0.2022220073 0
0.6048930502 0.254672072 0.1538726941 -0.01281505278 0.1487897251 0.4795618907 -0.001654631964 0.03825694985 0.2511043856 -0.9971807395 -0.02912639776 -0.06915363898 0.01468977081 0.8279852664 -0.5605574094 0.07358521227 -0.5599929032 -0.8252231001 7.810996928e-05 0.2046506832 0
0.6120715709 0.2576943728 0.1556987662 -0.01311426852 0.1504255516 0.4788511982 -0.001693912856 0.0387024384 0.2510119104 -0.9970466854 -0.03014007246 -0.07063627342 0.0152042179 0.8240951288 -0.5662473404 0.07527774471 -0.5656490031 -0.8212030604 8.019530836e-05 0.207079359 0
0.6201474066 0.2610944611 0.1577530973 -0.01345472613 0.1522604679 0.4780425487 -0.001738645034 0.039203254 0.250906602 -0.9968903169 -0.03130672238 -0.07231587109 0.01579653328 0.8196758526 -0.5726097853 0.07720210887 -0.5719714904 -0.8166323827 8.258243848e-05 0.2098116194 0
0.6273259273 0.2641167619 0.1595791694 -0.01376075626 0.1538866622 0.4773156708 -0.001778887601 0.0396481005 0.2508118634 -0.9967462711 -0.03236727101 -0.07381890537 0.01633519445 0.8157098678 -0.5782305535 0.07893055457 -0.5775549942 -0.8125270434 8.474123479e-05 0.2122402953 0
0.6345044479 0.2671390627 0.1614052415 -0.01406997599 0.1555082498 0.4765812171 -0.001819582134 0.0400926395 0.2507160611 -0.9965973653 -0.03345012734 -0.07533113831 0.0168853947 0.8117087136 -0.5838183345 0.08067573901 -0.58310381 -0.8083819468 8.693509371e-05 0.2146689712 0
0.6416829686 0.2701613634 0.1632313136 -0.01438237416 0.1571251835 0.4758392139 -0.001860728251 0.04053686759 0.250619196 -0.9964434974 -0.03455544664 -0.07685231041 0.0174472245 0.8076727289 -0.5893728509 0.08243755737 -0.5886176044 -0.8041973421 8.916433478e-05 0.217097647 0
0.6488614893 0.2731836642 0.1650573856 -0.01469793951 0.1587374163 0.4750896881 -0.001902325566 0.04098078134 0.2505212691 -0.9962845644 -0.03568338098 -0.07838216024 0.01802077302 0.803602255 -0.5948938288 0.08421590385 -0.5940960462 -0.7999734804 9.142927976e-05 0.2195263229 0
0.656937325 0.2765837526 0.1671117167 -0.01505672212 0.1605455012 0.4742375134 -0.001949661381 0.04147980433 0.2504098332 -0.9960995815 -0.03697952435 -0.08011328593 0.01868013191 0.7989821751 -0.6010645028 0.08623616687 -0.6002166265 -0.7951750278 9.402042363e-05 0.2222585833 0
0.6641158456 0.2796060533 0.1689377888 -0.0153789798 0.16214759 0.4734720921 -0.00199221619 0.04192303879 0.2503096529 -0.9959295404 -0.03815600585 -0.08166069927 0.01927887257 0.7948395576 -0.6065133162 0.08804927973 -0.6056188544 -0.7908685905 9.63623177e-05 0.2246872591 0
0.6712943663 0.2826283541 0.1707638609 -0.01570436873 0.1637448327 0.4726992335 -0.002035220963 0.04236594825 0.2502084136 -0.9957541082 -0.03935555678 -0.08321596129 0.01988960186 0.7906635351 -0.6119277555 0.08987858365 -0.6109847088 -0.7865236969 9.874093512e-05 0.227115935 0
0.678472887 0.2856506549 0.172589933 -0.0160328772 0.165337183 0.4719189654 -0.002078675297 0.04280852931 0.2501061164 -0.9955731791 -0.04057831578 -0.08477880295 0.02051240333 0.7864544598 -0.6173075603 0.09172396879 -0.6163138673 -0.7821406079 0.0001011566065 0.2295446109 0
0.6856514076 0.2886729556 0.1744160051 -0.01636449336 0.1669245951 0.4711313159 -0.002122578784 0.04325077857 0.2500027622 -0.9953866466 -0.04182441822 -0.08634895346 0.02114735916 0.7822126863 -0.6226524734 0.09358532429 -0.6216060098 -0.7777195867 0.0001036096645 0.2319732867 0
0.6937272434 0.292073044 0.1764703362 -0.01674126135 0.168704474 0.4702364226 -0.002172506572 0.04374790815 0.2498852266 -0.9951699666 -0.04325435039 -0.08812376977 0.02187631325 0.7774020515 -0.6286234781 0.09569829959 -0.6275150289 -0.7727009279 0.0001064144602 0.2347055471 0
0.700905764 0.2950953448 0.1782964083 -0.01707944159 0.1702812408 0.4694331823 -0.002217363137 0.04418944106 0.2497796295 -0.9949711708 -0.04455049177 -0.08970854465 0.02253736356 0.7730919836 -0.6338934076 0.09759321976 -0.63272746 -0.7682001854 0.0001089480785 0.237134223 0
0.7080842847 0.2981176455 0.1801224803 -0.01742069185 0.1718529271 0.4686226501 -0.002262667554 0.04463063156 0.2496729786 -0.994766435 -0.04587037796 -0.09129977121 0.02321081601 0.7687503418 -0.6391276633 0.0995037578 -0.6379018894 -0.763662348 0.0001115201362 0.2395628988 0
0.7152628053 0.3011399463 0.1819485524 -0.01776499986 0.1734194878 0.4678048552 -0.002308419398 0.04507147627 0.2495652748 -0.9945556502 -0.04721413043 -0.09289717176 0.02389674698 0.7643774908 -0.6443260021 0.101429799 -0.6430380062 -0.7590876883 0.000114130974 0.2419915747 0
0.7233386411 0.3045400347 0.1840028835 -0.01815598589 0.1751756861 0.4668761914 -0.002360424504 0.04556700902 0.2494428508 -0.9943111504 -0.04875452648 -0.09470127945 0.0246834283 0.7594211859 -0.6501309028 0.1036149823 -0.6487699582 -0.7538975241 0.0001171149481 0.2447238351 0
0.7305171617 0.3075623354 0.1858289556 -0.01850675034 0.1767312061 0.4660430613 -0.002407125701 0.0460071077 0.249332913 -0.9940871469 -0.05014938248 -0.09631087057 0.02539612316 0.7549832368 -0.6552521263 0.1055735823 -0.6538236395 -0.7492455319 0.000119809335 0.2471525109 0
0.7376956824 0.3105846362 0.1876550277 -0.01886053348 0.1782814611 0.4652027612 -0.002454272971 0.04644685002 0.2492219255 -0.9938567501 -0.05156846223 -0.09792575789 0.02612152596 0.7505152329 -0.6603366952 0.1075473209 -0.6588380521 -0.7445575833 0.00012254358 0.2495811868 0
0.744874203 0.313606937 0.1894810998 -0.01921732257 0.1798264066 0.4643553214 -0.00250186587 0.04688623261 0.2491098895 -0.9936198485 -0.05301187296 -0.09954565744 0.02685970713 0.7460175482 -0.6653843806 0.1095360796 -0.6638128947 -0.7398339598 0.0001253180321 0.2520098627 0
0.7520527237 0.3166292377 0.1913071719 -0.01957710482 0.1813659986 0.4635007724 -0.002549903954 0.04732525212 0.2489968059 -0.9933763305 -0.05447971843 -0.1011702838 0.02761073561 0.7414905587 -0.6703949572 0.1115397388 -0.6687478685 -0.7350749452 0.000128133042 0.2544385386 0
0.7601285594 0.3200293261 0.1933615029 -0.01998542148 0.1830915861 0.4625309451 -0.002604478371 0.04781871087 0.2488683361 -0.9930943239 -0.05616037638 -0.1030032813 0.02847108321 0.7363631382 -0.6759872234 0.1138115164 -0.6742516896 -0.7296791061 0.0001313488465 0.2571707989 0
0.7673070801 0.3230516269 0.195187575 -0.0203515211 0.184619657 0.4616613911 -0.002653460969 0.04825694764 0.2487530301 -0.992836372 -0.05768047405 -0.1046369981 0.02924963452 0.7317751344 -0.680918212 0.1158464386 -0.6791009612 -0.7248458368 0.0001342512147 0.2595994748 0
0.7744856007 0.3260739276 0.1970136471 -0.02072057313 0.1861422381 0.4607848246 -0.002702887329 0.04869481083 0.2486366799 -0.9925714508 -0.05922530792 -0.106274541 0.03004123914 0.7271590147 -0.6858114109 0.1178958825 -0.6839094459 -0.7199780765 0.0001371952485 0.2620281507 0
0.7816641214 0.3290962284 0.1988397192 -0.02109256432 0.1876592866 0.4599012771 -0.002752756988 0.04913229707 0.2485192867 -0.9922994463 -0.06079496712 -0.1079156189 0.03084595992 0.7225151635 -0.6906666093 0.1199597248 -0.6886768549 -0.7150761176 0.0001401813062 0.2644568265 0
0.7888426421 0.3321185292 0.2006657913 -0.02146748131 0.1891707593 0.4590107802 -0.002803069478 0.04956940302 0.2484008515 -0.9920202444 -0.06238953721 -0.1095599396 0.0316638582 0.7178439674 -0.6954836005 0.1220378417 -0.6934029018 -0.7101402545 0.0001432097477 0.2668855024 0
0.7969184778 0.3355186175 0.2027201224 -0.02189274342 0.1908644483 0.4580007044 -0.002860199763 0.05006068849 0.2482663679 -0.991697396 -0.06421330674 -0.1114133113 0.03259981944 0.7125566696 -0.7008567931 0.1243926303 -0.6986699106 -0.7045472515 0.0001466678567 0.2696177628 0
0.8040969985 0.3385409183 0.2045461945 -0.02227383296 0.1923639313 0.4570955466 -0.002911451698 0.05049697522 0.2481457224 -0.9914025179 -0.06586108004 -0.1130635473 0.03344591668 0.7078286572 -0.7055919237 0.126500665 -0.7033071237 -0.6995403287 0.000149787567 0.2720464386 0
0.8112755191 0.3415632191 0.2063722666 -0.02265780594 0.1938577059 0.4561835401 -0.002963144976 0.05093287123 0.2480240384 -0.9911000822 -0.06753400828 -0.1147161054 0.03430537336 0.7030745196 -0.710288224 0.1286225815 -0.707902096 -0.6945004348 0.0001529507972 0.2744751145 0
0.8184540398 0.3445855198 0.2081983386 -0.02304464859 0.1953457303 0.4552647176 -0.003015279112 0.05136837319 0.2479013173 -0.990789973 -0.06923216206 -0.1163706886 0.03517824453 0.698294651 -0.7149455025 0.1307582522 -0.7124545516 -0.6894278725 0.0001561579143 0.2769037904 0
0.8265298755 0.3479856082 0.2102526697 -0.02348325946 0.1970128323 0.4542229361 -0.003074456369 0.05185783772 0.2477620176 -0.990431783 -0.07117282067 -0.118234144 0.03617632572 0.6928870349 -0.7201380634 0.1331771627 -0.717524903 -0.6836825703 0.0001598188388 0.2796360507 0
0.8337083962 0.351007909 0.2120787418 -0.02387615401 0.198488499 0.4532897392 -0.003127525701 0.05229249126 0.2476370961 -0.9901049808 -0.07292479638 -0.1198920394 0.03707787854 0.6880538038 -0.7247118006 0.1353416343 -0.7219861059 -0.6785416015 0.000163120442 0.2820647266 0
0.8408869168 0.3540302097 0.2139048139 -0.02427187458 0.1999582856 0.45234983 -0.003181034351 0.05272674036 0.2475111411 -0.9897701402 -0.07470219458 -0.1215510251 0.03799300802 0.683196084 -0.7292459408 0.1375194566 -0.7264039461 -0.6733689228 0.0001664670899 0.2844934025 0
0.8480654375 0.3570525105 0.215730886 -0.024670407 0.2014221512 0.4514032421 -0.003234981816 0.05316058171 0.2473841538 -0.9894271438 -0.07650507068 -0.1232108 0.03892176286 0.6783142763 -0.7337403076 0.1397104987 -0.7307781584 -0.6681648448 0.0001698591564 0.2869220784 0
0.8552439581 0.3600748113 0.2175569581 -0.02507173701 0.202880055 0.4504500095 -0.003289367591 0.05359401199 0.2472561352 -0.9890758739 -0.07833347635 -0.124871062 0.03986419017 0.6734087831 -0.7381947285 0.1419146292 -0.7351084799 -0.6629296801 0.000173297017 0.2893507542 0
0.8633197939 0.3634748996 0.2196112892 -0.02552655938 0.2045130202 0.4493697226 -0.00335107487 0.05408112559 0.2471108833 -0.9886706588 -0.08042100812 -0.1267390618 0.04094082046 0.6678622949 -0.7431579942 0.1444097558 -0.7399273049 -0.657003353 0.0001772198177 0.2920830146 0
0.8704983145 0.3664972004 0.2214373612 -0.02593378647 0.2059581208 0.4484024833 -0.003406390355 0.05451367139 0.2469806776 -0.9883014154 -0.08230381874 -0.1283993522 0.04191245113 0.6629078133 -0.7475269745 0.1466412584 -0.7441634985 -0.6517031754 0.0001807562445 0.2945116905 0
0.8776768352 0.3695195011 0.2232634333 -0.02634376595 0.2073971338 0.4474287066 -0.003462142544 0.05494579581 0.2468494445 -0.9879235288 -0.08421229639 -0.1300591804 0.04289789144 0.6579309134 -0.7518554942 0.1488854331 -0.7483549975 -0.6463728997 0.0001843396488 0.2969403663 0
0.8848553558 0.3725418019 0.2250895054 -0.02675648317 0.2088300193 0.4464484272 -0.003518330914 0.05537749556 0.2467171853 -0.98753688 -0.0861464773 -0.1317182411 0.04389718201 0.6529320037 -0.7561433964 0.151142145 -0.7525015502 -0.6410128462 0.0001879704127 0.2993690422 0
0.8929311916 0.3759418903 0.2271438365 -0.02722404412 0.210434642 0.4453378839 -0.003582063546 0.05586264607 0.2465671687 -0.9870912785 -0.08835319456 -0.1335833858 0.04503798786 0.6472824318 -0.7609185457 0.1536957631 -0.757112387 -0.634947593 0.0001921121091 0.3021013026 0
0.9001097122 0.378964191 0.2289699086 -0.02764252995 0.2118543755 0.444343903 -0.003639177046 0.05629343248 0.2464327333 -0.9866856147 -0.09034209803 -0.1352397983 0.04606683791 0.6422381131 -0.7651196329 0.1559786658 -0.7611626051 -0.6295253326 0.0001958447872 0.3045299784 0
0.9072882329 0.3819864918 0.2307959807 -0.02806370711 0.2132678588 0.4433435297 -0.003696725067 0.05672378397 0.2462972756 -0.9862708161 -0.09235679367 -0.1368944847 0.04710965496 0.6371730691 -0.7692796374 0.1582736797 -0.7651671077 -0.6240743062 0.0001996260283 0.3069586543 0
0.9144667535 0.3850087926 0.2326220528 -0.02848756057 0.2146750531 0.4423367997 -0.00375470707 0.05715369725 0.2461607971 -0.9858467631 -0.09439730211 -0.1385471367 0.04816647305 0.6320877134 -0.7733984183 0.160580667 -0.7691256542 -0.6185948411 0.0002034562207 0.3093873302 0
0.9216452742 0.3880310933 0.2344481249 -0.02891407521 0.2160759198 0.441323749 -0.003813122512 0.05758316907 0.2460232991 -0.9854133358 -0.09646364016 -0.1401974459 0.04923732463 0.6269824608 -0.7774758387 0.1628994891 -0.7730380068 -0.6130872666 0.0002073357541 0.3118160061 0
0.9297211099 0.3914311817 0.2365024559 -0.02939706615 0.2176442838 0.4401765566 -0.003879357297 0.0580657931 0.2458673967 -0.9849143755 -0.09881916098 -0.1420508582 0.0504588454 0.6212157864 -0.7820133322 0.165522137 -0.777383895 -0.6068580575 0.0002117596942 0.3145482664 0
0.9368996306 0.3944534825 0.238328528 -0.02982918514 0.2190315777 0.4391501944 -0.003938691973 0.05849431596 0.2457277363 -0.9844606295 -0.1009404254 -0.1436951618 0.05155961853 0.6160696348 -0.7860024242 0.1678656449 -0.781197309 -0.6012918507 0.0002157453779 0.3169769423 0
0.9440781513 0.3974757832 0.2401546001 -0.03026391746 0.2204124253 0.4381176252 -0.003998458364 0.05892238716 0.2455870605 -0.983997134 -0.1030875473 -0.1453361549 0.05267451617 0.6109048893 -0.7899497526 0.1702205501 -0.7849638041 -0.5956985735 0.0002197816299 0.3194056182 0
0.9512566719 0.400498084 0.2419806722 -0.0307012476 0.2217867892 0.4370788856 -0.00405865591 0.05935000346 0.2454453706 -0.9835237687 -0.1052605278 -0.1469735272 0.0538035641 0.6057219688 -0.7938551965 0.1725867112 -0.7886831542 -0.590078562 0.000223868846 0.321834294 0
0.9584351926 0.4035203848 0.2438067443 -0.03114115998 0.223154632 0.4360340127 -0.004119284046 0.05977716161 0.2453026679 -0.9830404133 -0.1074593641 -0.1486069677 0.05494678647 0.6005212934 -0.7977186389 0.1749639861 -0.7923551358 -0.5844321537 0.0002280074234 0.3242629699 0
0.9665110283 0.4069204731 0.2458610754 -0.03163912849 0.2246856146 0.4348512458 -0.004188004682 0.06025716287 0.2451409184 -0.9824845473 -0.1099639522 -0.1504395012 0.05624988254 0.5946498347 -0.8020146662 0.1776515269 -0.7964292205 -0.5780488143 0.0002327252121 0.3269952303 0
0.973689549 0.4099427739 0.2476871475 -0.03208447601 0.226039478 0.4337934635 -0.004249545932 0.06068333671 0.244996068 -0.9819795631 -0.1122177051 -0.1520635535 0.05742329843 0.5894128281 -0.8057884852 0.1800519437 -0.7999998154 -0.5723474407 0.0002369742575 0.3294239061 0
0.9808680696 0.4129650747 0.2495132196 -0.03253235653 0.2273867058 0.4327296648 -0.004311515984 0.06110904229 0.244850209 -0.9814642124 -0.1144972801 -0.1536827009 0.05861095379 0.5841593843 -0.8095199626 0.1824630258 -0.8035223622 -0.5666207352 0.0002412759145 0.331852582 0
0.9880465903 0.4159873754 0.2513392916 -0.03298275412 0.2287272619 0.4316598876 -0.004373914258 0.06153427639 0.2447033429 -0.9809383748 -0.1168026586 -0.1552966315 0.05981286605 0.5788899264 -0.8132089978 0.1848846286 -0.8069966493 -0.5608690419 0.0002456305862 0.3342812579 0
0.996122426 0.4193874638 0.2533936227 -0.03349244012 0.230227368 0.4304492895 -0.004444623446 0.06201209718 0.2445369164 -0.9803341223 -0.1194270244 -0.1571056794 0.06118207842 0.5729431726 -0.8173083104 0.1876213259 -0.8108472771 -0.5543689486 0.0002505934646 0.3370135182 0
1.003300947 0.4224097646 0.2552196948 -0.03394813317 0.2315536279 0.4293669347 -0.004507929745 0.0624363187 0.2443879147 -0.9797855999 -0.1217871555 -0.1587074885 0.06241433704 0.5676410935 -0.8209068397 0.1900648012 -0.8142183231 -0.5485653048 0.0002550621369 0.3394421941 0
1.010479467 0.4254320653 0.2570457669 -0.03440629295 0.2328731048 0.4282787209 -0.004571662426 0.0628600587 0.2442379103 -0.9792262143 -0.1241730067 -0.1603031055 0.06366089651 0.5623243274 -0.8244626378 0.1925183406 -0.817540467 -0.5427377574 0.0002595850922 0.34187087 0
1.017657988 0.4284543661 0.258871839 -0.03486690317 0.2341857638 0.4271846868 -0.004635820891 0.06328331397 0.2440869045 -0.9786558451 -0.1265845433 -0.1618922182 0.06492176751 0.5569933001 -0.8279756203 0.1949817966 -0.8208135093 -0.5368866565 0.0002641627393 0.3442995458 0
1.024836509 0.4314766669 0.2606979111 -0.03532994749 0.23549157 0.4260848713 -0.004700404539 0.06370608131 0.2439348987 -0.978074372 -0.1290217268 -0.1634745144 0.06619695906 0.551648438 -0.8314457069 0.1974550214 -0.8240372533 -0.5310123536 0.0002687954882 0.3467282217 0
1.032912344 0.4348767552 0.2627522422 -0.03585376139 0.236952368 0.4248407169 -0.004773568618 0.06418110737 0.2437626988 -0.9774067926 -0.1317941613 -0.1652460613 0.06764867624 0.5456194626 -0.8352981855 0.2002488909 -0.8276047977 -0.5243764684 0.0002740737068 0.3494604821 0
1.040090865 0.437899056 0.2645783142 -0.03632192349 0.238243498 0.4237287457 -0.004839053769 0.06460282727 0.243608573 -0.9768013251 -0.1342856988 -0.1668128362 0.06895432148 0.540246619 -0.8386768699 0.2027423803 -0.8307231439 -0.5184540341 0.0002788249146 0.3518891579 0
