0.006601055403 0.004886959347 -0.0007760860837 -2.742013351e-06 0.001683259666 0.5099962962 -3.441457709e-07 0.0004192000174 0.2549995406 -0.9999999999 -6.938058269e-08 -1.596858679e-05 3.550222488e-08 0.9999784306 -0.00656797702 1.596869804e-05 -0.00656797702 -0.9999784305 3.239383966e-08 -0.001032194491 0
0.01220211081 0.009033588693 -0.001434602167 -9.369344287e-06 0.003111478489 0.5099873444 -1.181607488e-06 0.0007761473443 0.2549984225 -0.9999999985 -4.408808592e-07 -5.456274908e-05 2.215782462e-07 0.9999262997 -0.0121406385 5.456408037e-05 -0.01214063849 -0.9999262982 6.42080909e-08 -0.001908020883 0
0.01860331698 0.01377259366 -0.002187191977 -2.177777027e-05 0.004743634034 0.5099705837 -2.757093154e-06 0.001184846689 0.2549963189 -0.999999992 -1.564001265e-06 -0.0001268183237 7.835044077e-07 0.9998287 -0.01850866409 0.0001268255473 -0.01850866404 -0.999828692 6.223466312e-08 -0.00290896533 0
0.02500452316 0.01851159863 -0.002939781787 -3.934236018e-05 0.006375639129 0.5099468583 -4.992031527e-06 0.001593736229 0.2549933347 -0.9999999738 -3.79867976e-06 -0.0002290882935 1.901187901e-06 0.9996905562 -0.02487552745 0.0002291118978 -0.02487552723 -0.9996905299 2.131628561e-08 -0.003909909777 0
0.03060557856 0.02265822797 -0.003598297871 -5.894052135e-05 0.007803479481 0.5099203862 -7.487762664e-06 0.001951500137 0.2549900022 -0.9999999411 -6.966304029e-06 -0.0003431842353 3.485260591e-06 0.9995364355 -0.03044526528 0.0003432372382 -0.03044526468 -0.9995363765 4.377636428e-08 -0.004785736169 0
0.03700678473 0.02739723294 -0.004350887681 -8.617096255e-05 0.009435062983 0.5098836047 -1.095674962e-05 0.002360313455 0.2549853702 -0.9999998741 -1.23150691e-05 -0.0005016881278 6.159851556e-06 0.9993223238 -0.03680887235 0.0005018014495 -0.0368088708 -0.9993221979 1.40567805e-07 -0.005786680616 0
0.04260784014 0.03154386229 -0.005009403765 -0.0001142252942 0.01086245485 0.5098457103 -1.453145447e-05 0.002717969545 0.2549805969 -0.9999997787 -1.879477302e-05 -0.0006649568439 9.399754886e-06 0.99910177 -0.04237514667 0.000665155991 -0.04237514355 -0.9991015488 2.456122469e-07 -0.006662507007 0
0.04900904631 0.03628286726 -0.005761993575 -0.0001511179433 0.01249343486 0.5097958776 -1.923301086e-05 0.003126660283 0.254974319 -0.9999996127 -2.859934087e-05 -0.0008796144605 1.430186049e-05 0.998811788 -0.04873409393 0.000879963055 -0.04873408763 -0.9988114008 3.872481755e-07 -0.007663451455 0
0.05541025249 0.04102187222 -0.006514583385 -0.0001931618338 0.01412401866 0.5097390868 -2.459167662e-05 0.003535293194 0.2549671637 -0.9999993673 -4.132806208e-05 -0.001124178127 2.06656657e-05 0.9984813936 -0.05508998279 0.001124747705 -0.05508997116 -0.998480761 5.511039836e-07 -0.008664395902 0
0.06101130789 0.04516850157 -0.007173099469 -0.0002341746127 0.01555041383 0.5096836889 -2.981945191e-05 0.00389280264 0.2549601831 -0.99999907 -5.516347274e-05 -0.001362676077 2.758244569e-05 0.9981591812 -0.06064856366 0.001363513223 -0.06064854485 -0.9981582514 7.123643453e-07 -0.009540222293 0
0.06741251407 0.04990750654 -0.007925689279 -0.0002858726142 0.0171801154 0.5096138579 -3.640989815e-05 0.004301336201 0.254951383 -0.9999986141 -7.439984382e-05 -0.001663215342 3.719888555e-05 0.9977531329 -0.06699764514 0.001664462932 -0.06699761416 -0.9977517473 9.169182908e-07 -0.01054116674 0
0.07301356947 0.05405413589 -0.008584205362 -0.0003353298585 0.01860565915 0.5095470535 -4.271533534e-05 0.004658761185 0.2549429635 -0.9999980931 -9.451329564e-05 -0.001950628582 4.725329261e-05 0.9973648003 -0.07254965811 0.001952345194 -0.07254961194 -0.9973628939 1.113569221e-06 -0.01141699313 0
0.07941477564 0.05879314085 -0.009336795172 -0.0003966750545 0.02023429689 0.5094641916 -5.053723712e-05 0.005067198942 0.254932519 -0.9999973315 -0.0001215907288 -0.0023069914 6.078818441e-05 0.9968832829 -0.07889053555 0.002309393518 -0.07889046527 -0.9968806153 1.358506701e-06 -0.01241793758 0
0.08581598182 0.06353214582 -0.01008938498 -0.0004631621471 0.02186229304 0.5093743842 -5.901578639e-05 0.005475584741 0.2549211978 -0.999996362 -0.0001533936921 -0.00269305486 7.668424716e-05 0.9963616027 -0.08522646773 0.002696329659 -0.08522636419 -0.9963579661 1.625041897e-06 -0.01341888203 0
0.09141703722 0.06767877517 -0.01074790107 -0.0005255543313 0.0232862228 0.509290108 -6.697310014e-05 0.00583287858 0.2549105725 -0.9999953157 -0.0001853942134 -0.003055180629 9.267813323e-05 0.9958722394 -0.0907660408 0.003059397073 -0.09076589878 -0.9958675573 1.876055173e-06 -0.01429470842 0
0.0978182434 0.07241778013 -0.01150049088 -0.0006016755075 0.02491287694 0.5091872874 -7.668260942e-05 0.006241162755 0.2548976076 -0.9999938605 -0.0002270734225 -0.003496779714 0.0001135081566 0.99527544 -0.09709163516 0.003502305898 -0.09709143598 -0.9952693037 2.183381168e-06 -0.01529565287 0
0.1034192988 0.07656440948 -0.01215900696 -0.0006724932038 0.02633555316 0.5090916305 -8.57168604e-05 0.006598364601 0.2548855443 -0.9999923301 -0.0002682938594 -0.003907404567 0.0001341075728 0.9947204624 -0.1026215559 0.003914308011 -0.1026212928 -0.994712797 2.470303537e-06 -0.01617147926 0
0.109820505 0.08130341445 -0.01291159677 -0.0007582382811 0.02796068412 0.5089758104 -9.665697157e-05 0.007006539639 0.2548709362 -0.9999902494 -0.0003211693049 -0.004404315916 0.0001605296327 0.9940488152 -0.1089354269 0.004413091733 -0.1089350717 -0.994039071 2.818955209e-06 -0.0171724237 0
0.1162217112 0.08604241942 -0.01366418658 -0.0008491114976 0.02958492873 0.5088530635 -0.0001082532446 0.007414652853 0.2548554519 -0.999987772 -0.0003805535252 -0.004930626153 0.0001902018767 0.9933373719 -0.1152424808 0.004941631157 -0.1152420094 -0.993325153 3.189912164e-06 -0.01817336815 0
0.1218227666 0.09018904876 -0.01432270266 -0.0009328295258 0.03100537523 0.5087399815 -0.0001189381483 0.007771699062 0.2548411845 -0.9999852417 -0.0004381467828 -0.00541520447 0.0002189770668 0.992682286 -0.1207552529 0.005428486078 -0.1207546565 -0.9926675397 3.532958141e-06 -0.01904919454 0
0.1282239727 0.09492805373 -0.01507529247 -0.001033308532 0.03262781931 0.5086042595 -0.0001317644006 0.008179688922 0.2548240579 -0.9999818908 -0.0005107379468 -0.005996430245 0.0002552427393 0.991896477 -0.1270484699 0.006012726509 -0.1270476997 -0.9918783842 3.946303498e-06 -0.02005013899 0
0.1338250281 0.09907468308 -0.01573380856 -0.00112542589 0.03404661135 0.5084798321 -0.0001435253405 0.008536622773 0.2548083537 -0.9999785178 -0.0005804576133 -0.006528934169 0.0002900709566 0.9911764736 -0.1325485344 0.006548264752 -0.1325475808 -0.9911550126 4.326786649e-06 -0.02092596538 0
0.1402262343 0.103813688 -0.01648639837 -0.001235497248 0.03566707438 0.5083311533 -0.0001575811142 0.008944479031 0.2547895853 -0.9999741098 -0.0006675572206 -0.007164781582 0.0003335774696 0.9903166561 -0.1388265443 0.0071880772 -0.1388253401 -0.9902907939 4.783336795e-06 -0.02192690983 0
0.1466274405 0.108552693 -0.01723898818 -0.001350678588 0.03728640712 0.5081755723 -0.0001722924309 0.009352259682 0.2547699416 -0.9999690569 -0.0007629238674 -0.007829630837 0.0003812087735 0.9894175249 -0.1450958859 0.007857471078 -0.1450943809 -0.9893866185 5.263292553e-06 -0.02292785428 0
0.1522284959 0.1126993224 -0.01789750426 -0.001455650605 0.03870235582 0.5080337814 -0.0001857024664 0.009709003301 0.2547520354 -0.9999640598 -0.0008534392679 -0.008435089448 0.0004264128199 0.9885986268 -0.1505741451 0.008467423734 -0.1505723303 -0.9885627325 5.702664216e-06 -0.02380368067 0
0.1586297021 0.1174383273 -0.01865009407 -0.001580401204 0.04031943126 0.5078652747 -0.0002016425203 0.01011663382 0.254730751 -0.9999576348 -0.0009652928644 -0.0091540562 0.0004822677865 0.9876260996 -0.1568261927 0.009192168025 -0.1568239635 -0.9875837932 6.227237067e-06 -0.02480462511 0
0.1642307575 0.1215849567 -0.01930861015 -0.001693739167 0.04173332614 0.5077121835 -0.0002161274582 0.01047324125 0.2547114095 -0.9999513397 -0.00107079462 -0.009806711671 0.0005349455145 0.9867431696 -0.1622887278 0.009850483653 -0.1622860769 -0.9866945815 6.706085428e-06 -0.02568045151 0
0.1706319636 0.1263239616 -0.02006119996 -0.001828042343 0.04334796453 0.5075307737 -0.0002332956836 0.01088071055 0.2546884852 -0.9999433157 -0.001200413173 -0.01057943251 0.0005996580089 0.9856976879 -0.1685221306 0.01063041835 -0.1685189221 -0.9856410945 7.276292142e-06 -0.02668139595 0
0.1770331698 0.1310629666 -0.02081378977 -0.001967432966 0.04496122979 0.5073424919 -0.0002511186876 0.01128808926 0.2546646865 -0.9999343403 -0.001340025292 -0.01138066423 0.0006693515995 0.9846134891 -0.1747450402 0.01143971829 -0.1747411842 -0.9845479427 7.871277165e-06 -0.0276823404 0
0.1826342252 0.135209596 -0.02147230586 -0.002093568897 0.04637167043 0.5071721139 -0.000267250798 0.0116444688 0.2546431456 -0.9999256498 -0.001470665858 -0.01210503938 0.0007345591746 0.9836331649 -0.1801811794 0.0121719045 -0.1801766748 -0.9835589513 8.412466037e-06 -0.02855816679 0
0.1890354314 0.1399486009 -0.02222489567 -0.002242484046 0.04798222375 0.5069709669 -0.0002863010223 0.01205166897 0.2546177082 -0.9999146947 -0.001629981631 -0.01295941539 0.0008140701615 0.9824767524 -0.1863833903 0.01303612584 -0.1863780407 -0.9823916151 9.054779785e-06 -0.02955911124 0
0.1946364868 0.1440952303 -0.02288341175 -0.002376945369 0.04939021318 0.5067893434 -0.00030350666 0.0124078873 0.2545947339 -0.9999041561 -0.001778410953 -0.01373010592 0.0008881388928 0.9814334671 -0.1918008364 0.01381628616 -0.1917946477 -0.9813378233 9.637894322e-06 -0.03043493763 0
0.201037693 0.1488342352 -0.02363600156 -0.002535365139 0.05099787579 0.5065753581 -0.0003237834294 0.01281489751 0.2545676588 -0.9998909521 -0.001958679977 -0.01463719455 0.0009780847615 0.9802053655 -0.1979810213 0.0147352381 -0.1979737483 -0.9800965604 1.032872578e-05 -0.03143588208 0
0.2074388991 0.1535732402 -0.02438859137 -0.002698845463 0.05260392372 0.5063545372 -0.0003447140653 0.01322180173 0.2545397106 -0.9998764329 -0.002150630713 -0.01557221092 0.001073845903 0.9789392552 -0.2041489199 0.01568329749 -0.204140416 -0.978815981 1.104594124e-05 -0.03243682653 0
0.2130399545 0.1577198696 -0.02504710746 -0.002846037102 0.05400785131 0.5061557183 -0.0003635645808 0.01357775339 0.2545145399 -0.9998625839 -0.002328445374 -0.0164131542 0.001162542836 0.9778003578 -0.2095354594 0.01653667992 -0.2095257468 -0.9776632854 1.169543477e-05 -0.03331265292 0
0.2194411607 0.1624588745 -0.02579969727 -0.003018989065 0.05561073525 0.5059221036 -0.0003857206425 0.01398445002 0.2544849554 -0.9998453711 -0.002543240785 -0.01740016986 0.001269671476 0.9764634248 -0.2156793173 0.01753915389 -0.2156680595 -0.9763092062 1.246311161e-05 -0.03431359736 0
0.2250422161 0.1666055039 -0.02645821335 -0.003174458419 0.05701181657 0.5057121035 -0.000405643067 0.014340215 0.2544583535 -0.9998290311 -0.00274157827 -0.01828639738 0.001368577646 0.975262819 -0.2210442511 0.01844005357 -0.2210314858 -0.9750923273 1.315733967e-05 -0.03518942376 0
0.2314434223 0.1713445088 -0.02721080316 -0.003356858911 0.05861135889 0.5054657262 -0.0004290237697 0.01474669251 0.2544271338 -0.9998088141 -0.002980434729 -0.01932491393 0.001487672117 0.9738556687 -0.2271627685 0.01949672079 -0.2271480874 -0.9736650473 1.397682008e-05 -0.0361903682 0
0.2378446285 0.1760835138 -0.02796339297 -0.003544288735 0.06020904654 0.5052125556 -0.0004530572783 0.01515304842 0.2543950424 -0.9997868624 -0.003232616159 -0.0203906849 0.001613390167 0.9724113276 -0.2332672437 0.02058219643 -0.2332504238 -0.9721988547 1.482449721e-05 -0.03719131265 0
0.2434456839 0.1802301431 -0.02862190905 -0.003712409861 0.06160546228 0.5049854661 -0.000474621913 0.0155085075 0.2543662477 -0.9997661568 -0.003464472604 -0.02134547142 0.001728957809 0.971117167 -0.2385968538 0.021555566 -0.238577965 -0.9708840879 1.558966368e-05 -0.03806713904 0
0.2498468901 0.1849691481 -0.02937449886 -0.003909250336 0.0631995369 0.5047195841 -0.0004998787749 0.01591462653 0.2543325228 -0.9997406939 -0.00374255194 -0.0224619289 0.001867542856 0.9696035977 -0.2446740189 0.0226948723 -0.244652522 -0.9693451843 1.649130982e-05 -0.03906808349 0
0.2554479455 0.1891157775 -0.03003301495 -0.00408559442 0.06459271403 0.5044813875 -0.0005225134573 0.01626987327 0.2543022993 -0.9997167644 -0.003997586402 -0.02346082247 0.001994622356 0.9682491585 -0.2499791764 0.02371523497 -0.2499551688 -0.9679669422 1.730434038e-05 -0.03994390988 0
0.2618491516 0.1938547824 -0.03078560476 -0.004291819256 0.0661829993 0.5042028295 -0.000548992778 0.01667574382 0.2542669421 -0.9996874399 -0.004302742098 -0.02462740306 0.002146650883 0.9666670453 -0.256027763 0.02490812039 -0.2560006054 -0.9663556672 1.82614341e-05 -0.04094485433 0
0.2682503578 0.1985937874 -0.03153819457 -0.004503037904 0.06777119167 0.5039175261 -0.0005761236959 0.01708147711 0.2542307149 -0.9996559071 -0.0046228148 -0.02582047693 0.00230608177 0.9650486657 -0.2620605939 0.0261294744 -0.2620299648 -0.9647059387 1.92487216e-05 -0.04194579877 0
0.2738514132 0.2027404167 -0.03219671065 -0.004691944405 0.06915910393 0.5036623608 -0.0006003975478 0.01743637853 0.2541983027 -0.9996264209 -0.00491537298 -0.02688601483 0.002451781752 0.963602997 -0.2673261172 0.02722145204 -0.2672921684 -0.9632309636 2.013771371e-05 -0.04282162517 0
0.2802526194 0.2074794217 -0.03294930046 -0.004912504679 0.07074323768 0.5033644393 -0.0006287494688 0.01784184554 0.2541604452 -0.9995904591 -0.005264297238 -0.02812829922 0.002625521755 0.9619171817 -0.2733284512 0.02849597652 -0.2732903635 -0.9615094157 2.118281112e-05 -0.04382256961 0
0.2858536748 0.2116260511 -0.03360781654 -0.005109572359 0.07212752208 0.5030982503 -0.0006540912639 0.0181965089 0.2541266069 -0.999556929 -0.005582599494 -0.029236625 0.002783984854 0.9604128362 -0.2785667486 0.02963435653 -0.278524718 -0.9599717633 2.212308157e-05 -0.044698396 0
0.292254881 0.216365056 -0.03436040635 -0.005339444814 0.07370742235 0.5027877503 -0.0006836631837 0.01860169802 0.2540871204 -0.9995161492 -0.005961511288 -0.03052749347 0.002972585984 0.9586603459 -0.2845373525 0.03096177008 -0.2844904245 -0.9581787762 2.32275881e-05 -0.04569934045 0
0.2986560871 0.221104061 -0.03511299616 -0.005574271298 0.0752849935 0.5024705587 -0.000713885344 0.01900673418 0.2540467656 -0.9994726356 -0.006356874739 -0.03184400889 0.003169335197 0.9568726167 -0.2904905346 0.03231727205 -0.2904382646 -0.9563478491 2.436444851e-05 -0.0467002849 0
0.3042571425 0.2252506903 -0.03577151225 -0.005783801321 0.07666341875 0.5021875362 -0.0007408628955 0.01936101276 0.2540107432 -0.9994322265 -0.006716561125 -0.03301685011 0.003348294625 0.9552796269 -0.295685007 0.03352631068 -0.2956276751 -0.9547147554 2.538611384e-05 -0.04757611129 0
0.3106583487 0.2299896953 -0.03652410206 -0.006027892438 0.07823648954 0.5018578304 -0.0007723034309 0.01976575323 0.2539687616 -0.9993832696 -0.007143618774 -0.03438094199 0.003560731121 0.953426446 -0.3016045974 0.0349342476 -0.30154101 -0.9528130024 2.65849192e-05 -0.04857705574 0
0.3162594041 0.2341363247 -0.03718261814 -0.006245514903 0.07961090114 0.5015638771 -0.0008003465783 0.02011976799 0.2539313164 -0.9993379129 -0.007531516229 -0.03559511455 0.00375364786 0.9517765478 -0.3067691528 0.0361890321 -0.3066996564 -0.9511181182 2.766152798e-05 -0.04945288213 0
0.3226606103 0.2388753296 -0.03793520795 -0.006498838083 0.08117929837 0.501221701 -0.0008330043754 0.02052420116 0.2538877095 -0.9992830866 -0.007991357175 -0.03700609558 0.003982296649 0.9498587497 -0.3126539571 0.03764909313 -0.3125771805 -0.9491459593 2.892398337e-05 -0.05045382658 0
0.3290618165 0.2436143346 -0.03868779776 -0.00675707129 0.08274513246 0.5008728928 -0.0008663109084 0.02092846569 0.2538432363 -0.9992249508 -0.008469121098 -0.03844179504 0.004219802768 0.94790684 -0.3185197262 0.0391368226 -0.3184350745 -0.9471364276 3.022109585e-05 -0.05145477102 0
0.3346628719 0.2477609639 -0.03934631385 -0.006987045406 0.08411309621 0.5005622555 -0.0008959860273 0.02128205622 0.253803612 -0.9991712673 -0.008902103785 -0.03971814731 0.004434999927 0.946171133 -0.3236363977 0.04046120924 -0.3235443396 -0.9453475291 3.13848929e-05 -0.05233059742 0
0.341064078 0.2524999689 -0.04009890366 -0.007254458362 0.0856739925 0.5002010477 -0.0009305080306 0.02168599566 0.2537575159 -0.9991065815 -0.00941428251 -0.04119963678 0.004689501217 0.9441559401 -0.3294655814 0.04200056386 -0.3293644365 -0.9432682655 3.274834293e-05 -0.05333154186 0
0.3466651335 0.2566465982 -0.04075741974 -0.007492449293 0.08703756061 0.4998795817 -0.000961246156 0.02203929667 0.2537164723 -0.9990469663 -0.009877834615 -0.04251573156 0.004919787318 0.9423652533 -0.3345497347 0.04336997509 -0.3344400659 -0.9414185507 3.39709679e-05 -0.05420736825 0
0.3530663396 0.2613856032 -0.04151000955 -0.007769006339 0.08859334771 0.4995060225 -0.0009969824069 0.02244289943 0.2536687548 -0.9989752692 -0.01042546613 -0.04404226525 0.00519177936 0.9402876825 -0.340341181 0.04496061498 -0.3402210806 -0.9392700141 3.540255284e-05 -0.0552083127 0
0.3594675458 0.2661246082 -0.04226259936 -0.008050425234 0.09014634009 0.4991258962 -0.001033365742 0.0228463179 0.2536201734 -0.9988996394 -0.01099242289 -0.04559250986 0.005473298222 0.938177223 -0.3461120357 0.04657846415 -0.3459807291 -0.937084725 3.687122276e-05 -0.05620925715 0
0.3650686012 0.2702712375 -0.04292111544 -0.008300646619 0.09150287779 0.49878791 -0.001065731683 0.02319915528 0.2535769562 -0.9988301297 -0.01150458763 -0.04696824992 0.005727548828 0.9363038034 -0.3511443905 0.04801632245 -0.3510026101 -0.9351425562 3.818714315e-05 -0.05708508354 0
0.3714698074 0.2750102425 -0.04367370525 -0.008591152578 0.09305049964 0.4983955093 -0.001103327307 0.02360221931 0.2535267561 -0.9987467552 -0.01210854717 -0.04856235192 0.006027294398 0.9341324061 -0.3568757761 0.04968491381 -0.3567212229 -0.9328887278 3.972676724e-05 -0.05808602799 0
0.3770708628 0.2791568718 -0.04433222134 -0.00884930834 0.09440226391 0.4980468057 -0.001136753423 0.02395474151 0.2534821233 -0.9986702539 -0.01265352185 -0.04997611888 0.006297697753 0.9322060887 -0.3618731093 0.0511670116 -0.3617066444 -0.9308868032 4.110559055e-05 -0.05896185438 0
0.383472069 0.2838958768 -0.04508481115 -0.009148862649 0.09594434578 0.497642183 -0.001175560004 0.02435743954 0.2534303063 -0.99857864 -0.01329546701 -0.05161327662 0.006616133867 0.9299747265 -0.3675639195 0.05288597677 -0.3673829592 -0.928564933 4.271804603e-05 -0.05996279883 0
0.3898732751 0.2886348818 -0.04583740096 -0.009453226501 0.09748340401 0.4972310638 -0.00121501187 0.02475993765 0.2533776276 -0.9984824251 -0.01395806515 -0.05327306226 0.006944723402 0.9277117896 -0.3732326437 0.05463165348 -0.3730362019 -0.9262069826 4.43701224e-05 -0.06096374327 0
0.3954743305 0.2927815111 -0.04649591704 -0.00972348114 0.09882756201 0.4968660177 -0.001250061276 0.02511195691 0.2533308274 -0.9983943479 -0.01455499242 -0.0547437502 0.007240667461 0.9257060449 -0.378174419 0.05618094628 -0.3779635838 -0.9241142952 4.584862e-05 -0.06183956966 0
0.4018755367 0.2975205161 -0.04724850685 -0.01003683166 0.1003608221 0.4964427598 -0.001290721974 0.02551407131 0.2532765347 -0.9982891107 -0.01525703859 -0.05644532118 0.007588633109 0.9233846843 -0.3838009087 0.05797641035 -0.3835726107 -0.9216890952 4.757646081e-05 -0.06284051411 0
0.4082767429 0.3022595211 -0.04800109666 -0.01035495809 0.1018909213 0.4960130508 -0.001332026797 0.02591597635 0.2532213819 -0.9981788471 -0.015980503 -0.05816882947 0.007947109342 0.9210325867 -0.3894044397 0.05979826629 -0.3891575488 -0.9192282467 4.934550347e-05 -0.06384145856 0
0.4138777983 0.3064061504 -0.04865961274 -0.01063722698 0.103227128 0.4956317764 -0.001368696573 0.02626746894 0.2531724182 -0.9980781243 -0.01663130777 -0.0596947012 0.008269492536 0.9189495221 -0.394288462 0.06141394991 -0.3940243335 -0.9170458829 5.092765225e-05 -0.06471728495 0
0.4202790045 0.3111451554 -0.04941220255 -0.01096427561 0.1047511729 0.4951900158 -0.001411208002 0.02666897258 0.2531156543 -0.9979580268 -0.01739562682 -0.06145867597 0.008647998347 0.9165406006 -0.3998481457 0.06328498091 -0.399563161 -0.9145186119 5.277545343e-05 -0.0657182294 0
0.4258800599 0.3152917847 -0.05007071864 -0.01125433251 0.1060820093 0.4947982217 -0.001448932904 0.02702010892 0.2530652817 -0.9978484626 -0.01808256997 -0.06301957069 0.008988087664 0.9144082822 -0.4046933503 0.0649435132 -0.4043890629 -0.9122783708 5.442738089e-05 -0.06659405579 0
0.432281266 0.3200307897 -0.05082330845 -0.01159025981 0.1075998339 0.4943444683 -0.001492649433 0.02742119966 0.2530069088 -0.9977179872 -0.01888862998 -0.0648231265 0.00938703138 0.9119436105 -0.4102081605 0.06686330618 -0.4098805569 -0.9096852353 5.635592354e-05 -0.06759500024 0
0.4386824722 0.3247697947 -0.05157589826 -0.01193090419 0.1091142735 0.4938843432 -0.001537008052 0.02782206549 0.2529476785 -0.9975817504 -0.01971730559 -0.06664742343 0.009797037292 0.9094496526 -0.4156986258 0.06880893292 -0.4153463101 -0.9070572052 5.832834687e-05 -0.06859594468 0
0.4442835276 0.328916424 -0.05223441434 -0.01223282739 0.1104365945 0.4934765208 -0.001576348207 0.02817263602 0.2528951493 -0.9974576918 -0.02046113823 -0.0682604929 0.0101649533 0.9072436636 -0.4204825902 0.07053245206 -0.4201074586 -0.904729184 6.0090664e-05 -0.06947177108 0
0.4506847338 0.333655429 -0.05298700415 -0.01258228143 0.1119445612 0.4930044961 -0.001621909534 0.02857307133 0.2528343131 -0.9973102211 -0.0213328648 -0.07012297568 0.01059599503 0.9046956473 -0.4259266494 0.0725261865 -0.4255240236 -0.9020361731 6.214691211e-05 -0.07047271552 0
0.4562857892 0.3378020583 -0.05364552024 -0.01289189286 0.1132611468 0.4925862887 -0.001662301357 0.02892326012 0.2527803796 -0.9971760838 -0.0221147294 -0.07176905135 0.01098248143 0.90244285 -0.4306695806 0.07429160847 -0.430241608 -0.8996515524 6.398346484e-05 -0.07134854191 0
0.4626869954 0.3425410633 -0.05439811005 -0.01325011008 0.114762477 0.4921024272 -0.001709063779 0.02932325343 0.2527179398 -0.9970168072 -0.02303032851 -0.0736687863 0.01143493008 0.8998419073 -0.4360662613 0.07633301043 -0.435607789 -0.8968941552 6.612557458e-05 -0.07234948636 0
0.4690882015 0.3472800683 -0.05515069986 -0.01361298159 0.1162602011 0.4916122789 -0.00175646611 0.02972300631 0.2526546455 -0.9968509968 -0.02396965313 -0.07558800104 0.01189894228 0.8972132076 -0.4414372835 0.07839965143 -0.4409466133 -0.8941026668 6.831431665e-05 -0.07335043081 0
0.474689257 0.3514266976 -0.05580921594 -0.01393430135 0.1175677155 0.4911782565 -0.001798467699 0.03007259031 0.2525985626 -0.9967004215 -0.0248111992 -0.07728307854 0.01231451647 0.8948905864 -0.44611567 0.08022856423 -0.44559538 -0.8916322867 7.026818091e-05 -0.0742262572 0
0.4810904631 0.3561657026 -0.05656180575 -0.01430586254 0.1190585543 0.4906763706 -0.001847068567 0.03047188363 0.252533668 -0.9965219083 -0.02579560455 -0.07923807876 0.012800475 0.8922107382 -0.4514378656 0.0823421774 -0.4508820084 -0.8887773514 7.254594443e-05 -0.07522720165 0
0.4866915185 0.3603123319 -0.05722032183 -0.01463476429 0.1203599733 0.4902321069 -0.001890118128 0.0308210605 0.2524761859 -0.9963599577 -0.02667692902 -0.08096404231 0.01323539927 0.8898438786 -0.4560731257 0.08421198784 -0.4554845916 -0.8862517294 7.45786119e-05 -0.07610302804 0
0.4930927247 0.3650513369 -0.05797291164 -0.01501496578 0.1218437657 0.4897185501 -0.00193991581 0.03121988283 0.2524096933 -0.9961681443 -0.02770716868 -0.08295384937 0.01374363619 0.8871140678 -0.461345579 0.08637210652 -0.4607178568 -0.8833339774 7.694747991e-05 -0.07710397249 0
0.4994939309 0.3697903418 -0.05872550145 -0.01539975485 0.1233237346 0.4891987967 -0.001990351076 0.03161844929 0.2523423495 -0.9959689899 -0.02876215188 -0.08496181408 0.0142638852 0.8843581022 -0.4665911364 0.0885568338 -0.4659221884 -0.8803829857 7.936579439e-05 -0.07810491693 0
0.5050949863 0.3739369712 -0.05938401754 -0.01574019711 0.1246155351 0.4887389446 -0.002035004551 0.03196698251 0.2522827258 -0.9957885711 -0.02970571871 -0.08673345366 0.0147290256 0.8819254493 -0.4711587393 0.09048854907 -0.470451987 -0.8777737467 8.152285238e-05 -0.07898074332 0
0.5114961925 0.3786759762 -0.06013660735 -0.01613354858 0.1260882127 0.4882076255 -0.002086633909 0.03236506048 0.2522137875 -0.9955751822 -0.03080763778 -0.08877469212 0.01527203117 0.8791213789 -0.4763531949 0.09271904643 -0.4756011887 -0.8747609318 8.403549677e-05 -0.07998168777 0
0.5170972479 0.3828226055 -0.06079512343 -0.01648146022 0.127373564 0.4877376842 -0.002132331419 0.03271316129 0.2521527699 -0.9953820378 -0.03179257531 -0.09057500163 0.01575721282 0.8766471728 -0.4808757061 0.0946905962 -0.4800822499 -0.8720978869 8.627602047e-05 -0.08085751416 0
0.523498454 0.3875616105 -0.06154771324 -0.01688332187 0.1288387919 0.48719487 -0.002185153041 0.03311073939 0.2520822397 -0.9951537941 -0.03294211279 -0.0926484936 0.01632326621 0.8737962333 -0.4860182031 0.09696637119 -0.4851751848 -0.8690239139 8.88851174e-05 -0.08185845861 0
0.5298996602 0.3923006154 -0.06230030305 -0.01728970054 0.1302999823 0.4866459544 -0.002238609773 0.03350804624 0.2520108616 -0.994917371 -0.03411731593 -0.09473876492 0.01690172518 0.8709208087 -0.4911326466 0.09926608943 -0.4902376502 -0.8659175999 9.15465285e-05 -0.08285940306 0
0.5355007156 0.3964472448 -0.06295881913 -0.0176489752 0.1315751769 0.4861606646 -0.002285904981 0.03385546469 0.2519477106 -0.9947036497 -0.03516681535 -0.09658128331 0.01741811272 0.8683850095 -0.4955845888 0.1012978703 -0.4946420629 -0.8631731987 9.391865654e-05 -0.08373522945 0
0.5419019218 0.4011862498 -0.06371140894 -0.01806378182 0.1330286771 0.4856003649 -0.00234055109 0.03425225425 0.2518747445 -0.9944514041 -0.03639062739 -0.09870221397 0.01802003394 0.8654646467 -0.5006458066 0.1036420918 -0.4996465426 -0.8600067728 9.667980192e-05 -0.0847361739 0
0.5475029772 0.4053328791 -0.06436992503 -0.01843040698 0.1342970746 0.4851051464 -0.00238888616 0.0345992151 0.2518102051 -0.9942235585 -0.03748292927 -0.1005710979 0.01855706176 0.8628900852 -0.5050508255 0.1057125876 -0.503999733 -0.8572100781 9.91401396e-05 -0.08561200029 0
0.5539041834 0.4100718841 -0.06512251484 -0.01885358653 0.135742729 0.484533537 -0.00244471971 0.03499547603 0.2517356534 -0.9939548493 -0.03875595899 -0.1027216296 0.01918269417 0.8599260656 -0.5100580221 0.1081007946 -0.5089451221 -0.8539842392 0.000102003176 -0.08661294474 0
0.5603053895 0.414810889 -0.06587510465 -0.01928120877 0.1371841358 0.4839559267 -0.002501185755 0.0353914504 0.2516602573 -0.9936770948 -0.04005547679 -0.104887511 0.01982106843 0.8569392922 -0.5150360908 0.1105122456 -0.513858549 -0.8507270039 0.0001049214402 -0.08761388918 0
0.5659064449 0.4189575184 -0.06653362073 -0.01965900996 0.1384418481 0.4834456122 -0.002551111941 0.03573769037 0.2515935935 -0.9934264939 -0.04121440935 -0.1067950073 0.02039014806 0.8543074923 -0.5193678373 0.1126412135 -0.5181313357 -0.8478513289 0.0001075207119 -0.08848971557 0
0.5723076511 0.4236965234 -0.06728621054 -0.02009491866 0.1398751729 0.4828568089 -0.002608762376 0.03613311876 0.2515166159 -0.9931312788 -0.04256402022 -0.10898884 0.02105258191 0.8512790592 -0.5242907134 0.1150958377 -0.5229840032 -0.8445357781 0.0001105441973 -0.08949066002 0
0.5779087065 0.4278431527 -0.06794472663 -0.02047994535 0.1411257466 0.4823367345 -0.002659724014 0.03647887606 0.2514485696 -0.9928651123 -0.0437670206 -0.1109203172 0.02164280543 0.848611384 -0.5285738435 0.1172623462 -0.5272031553 -0.8416093959 0.0001132364927 -0.09036648641 0
0.5843099127 0.4325821577 -0.06869731644 -0.02092408275 0.142550837 0.4817368163 -0.002718556796 0.0368737472 0.2513700134 -0.9925517775 -0.04516725706 -0.1131410086 0.02232950409 0.8455426136 -0.5334407951 0.1197596016 -0.531993992 -0.8382362616 0.0001163673853 -0.09136743086 0
0.5907111189 0.4373211626 -0.06944990625 -0.02137258482 0.1439714737 0.4811310026 -0.002778019314 0.03726831652 0.2512906163 -0.9922285074 -0.04659470095 -0.1153755734 0.02302922182 0.8424528759 -0.5382776299 0.1222793688 -0.5367514189 -0.8348327199 0.0001195564592 -0.09236837531 0
0.5963121743 0.441467792 -0.07010842233 -0.02176859123 0.1452108437 0.4805960974 -0.002830565125 0.03761331459 0.2512204548 -0.9919373465 -0.04786614158 -0.1173419498 0.02365219443 0.8397324564 -0.5424850001 0.1245025075 -0.5408865261 -0.8318298453 0.0001223951181 -0.0932442017 0
0.6027133805 0.446206797 -0.07086101214 -0.02222523137 0.1466230145 0.4799792912 -0.002891206776 0.0380073094 0.2511394834 -0.9915949343 -0.04934496773 -0.1196016738 0.02437645734 0.8366044379 -0.5472648379 0.1270640568 -0.5455805061 -0.8283698672 0.0001256949713 -0.09424514615 0
0.6083144359 0.4503534263 -0.07151952822 -0.02262833228 0.1478549112 0.479434803 -0.002944783394 0.03835179985 0.2510679456 -0.9912867299 -0.05066156997 -0.1215895742 0.02502097909 0.8338511156 -0.5514220413 0.1293235084 -0.5496596423 -0.8253179435 0.0001286315285 -0.09512097254 0
0.614715642 0.4550924313 -0.07227211803 -0.02309305007 0.1492584666 0.4788070859 -0.00300660203 0.03874520892 0.2509854027 -0.9909245017 -0.05219223237 -0.123873334 0.02576994743 0.830686175 -0.5561442156 0.1319262741 -0.554289139 -0.8218022929 0.0001320443723 -0.09612191698 0
0.6211168482 0.4598314362 -0.07302470784 -0.02356205086 0.1506573664 0.4781735836 -0.003069047498 0.03913830101 0.2509020229 -0.9905514275 -0.05375071554 -0.1261694499 0.02653215127 0.8275021026 -0.5608353726 0.1345507877 -0.5588838258 -0.8182572669 0.0001355183853 -0.09712286143 0
0.6267179036 0.4639780656 -0.07368322393 -0.02397592608 0.1518775517 0.4776145421 -0.003124200985 0.03948199406 0.2508283797 -0.990215938 -0.05513730083 -0.1281884322 0.0272099666 0.8247006535 -0.5649145509 0.1368649474 -0.5628753949 -0.8151314471 0.0001386088221 -0.09799868782 0
0.6331191098 0.4687170705 -0.07443581374 -0.02445290983 0.1532676095 0.4769702567 -0.003187820062 0.03987448323 0.2507434328 -0.9898220043 -0.05674825504 -0.1305068405 0.02799708644 0.8214817675 -0.5695470735 0.1395297926 -0.5674040371 -0.8115319437 0.0001421992342 -0.09899963227 0
0.6387201652 0.4728636999 -0.07509432982 -0.02487374267 0.154479994 0.4764018172 -0.003243999476 0.04021764384 0.2506684198 -0.9894679629 -0.05818091952 -0.1325448266 0.02869675528 0.8186504633 -0.5735746814 0.1418789861 -0.571337378 -0.8083588026 0.0001453924964 -0.09987545866 0
0.6451213714 0.4776027049 -0.07584691963 -0.02535864632 0.1558610637 0.4757468341 -0.003308789906 0.04060951893 0.250581909 -0.9890524832 -0.05984471833 -0.1348843773 0.02950890534 0.8153981538 -0.5781479701 0.1445835747 -0.5757989758 -0.8047056166 0.0001491015412 -0.1008764031 0
0.6515225775 0.4823417098 -0.07659950944 -0.02584774778 0.1572372803 0.4750861808 -0.003374204123 0.04100106195 0.2504945653 -0.9886252302 -0.06153684258 -0.1372347304 0.03033444517 0.8121285907 -0.5826894316 0.147309116 -0.5802244128 -0.8010241289 0.0001528747727 -0.1018773476 0
0.6571236329 0.4864883392 -0.07725802552 -0.02627914064 0.1584374567 0.4745034773 -0.003431952744 0.04134338721 0.2504174571 -0.9882415712 -0.06304075957 -0.1392998905 0.0310677956 0.8092538842 -0.5866369771 0.1497110181 -0.5840667885 -0.7977797927 0.0001562295057 -0.1027531739 0
0.6635248391 0.4912273441 -0.07801061533 -0.02677606335 0.1598044637 0.4738322595 -0.003498534777 0.04173429907 0.2503285542 -0.9877917121 -0.06478623857 -0.1416696047 0.03191850491 0.8059530506 -0.5911183378 0.1524753837 -0.5884236769 -0.7940458638 0.0001601248101 -0.1037541184 0
0.6691258945 0.4953739735 -0.07866913142 -0.0272142712 0.160996519 0.4732403507 -0.003557304209 0.04207606719 0.250250083 -0.9873879686 -0.06633697216 -0.1437511935 0.03267391015 0.8030516013 -0.5950130597 0.1549109909 -0.5922056499 -0.790756001 0.0001635873417 -0.1046299448 0
0.6755271007 0.5001129785 -0.07942172123 -0.02771894955 0.1623541735 0.4725586569 -0.003625051699 0.04246633678 0.250159624 -0.9869148073 -0.0681360974 -0.146139096 0.03354985621 0.799720914 -0.5994337886 0.1577135704 -0.5964930276 -0.7869704554 0.0001676069718 -0.1056308892 0
0.6819283069 0.5048519834 -0.08017431104 -0.02822773707 0.1637067822 0.4718714127 -0.003693419788 0.04285625929 0.2500683363 -0.9864289327 -0.06996394184 -0.1485362166 0.0344392829 0.7963748872 -0.6038219728 0.1605362782 -0.6007429449 -0.783157722 0.0001716938326 -0.1066318337 0
0.6875293623 0.5089986128 -0.08083282712 -0.02867628195 0.1648861442 0.4712655411 -0.003753750407 0.0431971543 0.2499877806 -0.9859932069 -0.0715869185 -0.1506409942 0.03522859828 0.7934348504 -0.6076348278 0.1630225196 -0.6044306835 -0.7797994658 0.0001753254921 -0.1075076601 0
0.6939305684 0.5137376177 -0.08158541693 -0.0291927226 0.1662291842 0.4705679594 -0.003823280254 0.04358641756 0.2498949418 -0.9854829576 -0.0734687924 -0.15305449 0.03614332846 0.7900611599 -0.6119616193 0.1658824891 -0.6086096452 -0.7759364018 0.0001795401465 -0.1085086045 0
0.6995316239 0.5178842471 -0.08224393302 -0.02964793427 0.1674001126 0.4699530827 -0.003884626339 0.0439267309 0.2498130303 -0.9850255968 -0.07513913956 -0.1551730754 0.03695479508 0.7870975458 -0.6157205507 0.1684010592 -0.6122348921 -0.7725344783 0.0001832846179 -0.1093844309 0
0.70593283 0.5226232521 -0.08299652283 -0.03017195994 0.1687334448 0.4692452556 -0.003955315479 0.04431532387 0.2497186436 -0.9844902704 -0.07707525099 -0.157601755 0.03789484835 0.7836976298 -0.6199854881 0.171297659 -0.6163419755 -0.7686219365 0.000187629336 -0.1103853754 0
0.7123340362 0.527362257 -0.08374911264 -0.03070000278 0.1700615431 0.4685320022 -0.004026621889 0.04470355484 0.2496234328 -0.9839412816 -0.0790403627 -0.1600380434 0.03884840876 0.7802843176 -0.6242172577 0.1742135339 -0.6204103519 -0.7646833592 0.0001920443517 -0.1113863198 0
0.7179350916 0.5315088864 -0.08440762872 -0.03116532004 0.1712193049 0.4679034754 -0.004089520785 0.04504295753 0.249539448 -0.9834495515 -0.08078365999 -0.1621757688 0.03969385212 0.7772870043 -0.6278927544 0.1767805923 -0.6239382286 -0.7612159411 0.0001959656661 -0.1122621462 0
0.7243362978 0.5362478913 -0.08516021853 -0.03170084162 0.1725374846 0.4671801202 -0.00416198263 0.04543050133 0.2494426944 -0.9828744052 -0.08280326366 -0.1646254023 0.04067272884 0.7738496859 -0.6320620166 0.1797321137 -0.627933343 -0.7572292151 0.000200514238 -0.1132630906 0
0.7299373532 0.5403945207 -0.08581873461 -0.03217267204 0.1736865083 0.4665427957 -0.004225891413 0.04576929794 0.2493573612 -0.9823594784 -0.08459429925 -0.1667742776 0.04154031362 0.770832003 -0.6356826452 0.1823300784 -0.6313967276 -0.7537200507 0.0002045534131 -0.114138917 0
0.7363385594 0.5451335256 -0.08657132442 -0.03271560185 0.1749946338 0.4658094338 -0.004299506126 0.04615614359 0.2492590683 -0.9817574686 -0.0866685185 -0.1692360504 0.04254447809 0.7673721332 -0.6397890094 0.1853165946 -0.6353176977 -0.7496860561 0.0002092378263 -0.1151398615 0
0.7427397655 0.5498725306 -0.08732391423 -0.03326245355 0.1762973423 0.4650707744 -0.004373734637 0.04654261242 0.2491599559 -0.9811408426 -0.08877190501 -0.1717038027 0.04356211106 0.7639008327 -0.6438616779 0.1883215056 -0.6391987693 -0.7456272151 0.0002139956243 -0.1161408059 0
0.7483408209 0.55401916 -0.08798243032 -0.03374414989 0.1774327386 0.4644201236 -0.004439187503 0.04688046109 0.2490725611 -0.980589147 -0.09063631073 -0.1738677199 0.04446357543 0.760854395 -0.647397544 0.1909657438 -0.6425617859 -0.7420555477 0.0002182194089 -0.1170166323 0
0.7547420271 0.5587581649 -0.08873502013 -0.03429829989 0.178725188 0.463671606 -0.004514564864 0.047266215 0.2489719147 -0.9799445737 -0.09279443713 -0.1763457537 0.04550641517 0.7573627837 -0.6514067701 0.1940046355 -0.6463673927 -0.737950808 0.0002231165625 -0.1180175768 0
0.7603430825 0.5629047943 -0.08939353621 -0.03478635047 0.1798515498 0.4630123722 -0.004581021809 0.04760343334 0.2488831792 -0.9793681151 -0.09470676081 -0.1785181354 0.04642990385 0.7542992151 -0.6548869812 0.1966783141 -0.6496640082 -0.7343393747 0.0002274632882 -0.1188934032 0
0.7667442887 0.5676437992 -0.09014612602 -0.0353477259 0.1811336082 0.4622540949 -0.004657545348 0.04798846142 0.2487810025 -0.9786948879 -0.09691966549 -0.1810052343 0.04749787324 0.7507887592 -0.6588324454 0.1997505155 -0.65339331 -0.7301896425 0.0002325020959 -0.1198943476 0
0.7731454949 0.5723828042 -0.09089871583 -0.03591292478 0.1824100715 0.4614906531 -0.004734679075 0.04837309795 0.248678011 -0.9780060899 -0.0991617893 -0.1834966695 0.04857920692 0.7472688534 -0.6627437826 0.2028402051 -0.657081578 -0.7260162884 0.0002376173938 -0.1208952921 0
0.7787465503 0.5765294336 -0.09155723191 -0.03641059364 0.183522358 0.4608184274 -0.004802671021 0.04870933129 0.248587226 -0.9773904608 -0.1011476136 -0.1856799595 0.04953631304 0.744181513 -0.6661381459 0.205557877 -0.66027497 -0.7223454321 0.0002421565411 -0.1217711184 0
0.7851477564 0.5812684385 -0.09230982172 -0.03698290448 0.1847882313 0.4600453791 -0.004880946751 0.04909322533 0.2484827098 -0.9766719265 -0.103444509 -0.1881785893 0.05064262077 0.7406450167 -0.6699852865 0.2086798334 -0.6638856775 -0.7181284943 0.0002474170268 -0.1227720629 0
0.7907488118 0.5854150679 -0.09296833781 -0.03748676352 0.1858911955 0.459364792 -0.004949936739 0.04942880425 0.2483905921 -0.97602997 -0.1054782415 -0.1903676399 0.05162152627 0.7375438036 -0.6733233665 0.2114254379 -0.6670108533 -0.7144199086 0.0002520842238 -0.1236478893 0
0.797150018 0.5901540728 -0.09372092762 -0.03806611118 0.1871463508 0.4585822388 -0.005029351697 0.04981194497 0.2482845548 -0.9752809951 -0.1078298612 -0.1928722417 0.0527526822 0.7339921892 -0.6771060631 0.2145789717 -0.6705432031 -0.7101603183 0.0002574922078 -0.1246488337 0
0.8035512242 0.5948930778 -0.09447351743 -0.03864918078 0.1883957381 0.4577946581 -0.005109373094 0.0501946795 0.2481777077 -0.9745154979 -0.1102106362 -0.1953795283 0.05389703239 0.7304331143 -0.6808542982 0.2177490627 -0.6740334422 -0.7058783638 0.0002629798037 -0.1256497782 0
0.8091522796 0.5990397072 -0.09513203351 -0.03916240274 0.1894841924 0.457101424 -0.005179888652 0.05052923661 0.2480835531 -0.9738319774 -0.1123177088 -0.1975753325 0.05490912756 0.7273131334 -0.684105689 0.2205363178 -0.677052685 -0.7021135195 0.0002678472749 -0.1265256046 0
0.8155534858 0.6037787121 -0.09588462332 -0.03975239224 0.1907226688 0.4563044963 -0.005261044944 0.05091120128 0.2479751907 -0.9730349632 -0.11475307 -0.2000867143 0.05607809561 0.7237411999 -0.6877891557 0.2237369158 -0.6804633777 -0.6977903582 0.0002734859202 -0.127526549 0
0.8211545412 0.6079253415 -0.09654313941 -0.04027163539 0.1918015216 0.4556031292 -0.005332552281 0.05124508004 0.2478797119 -0.9723235594 -0.1169078511 -0.2022855661 0.05711165718 0.7206106125 -0.6909837941 0.2265505562 -0.6834126861 -0.6939898745 0.0002784865747 -0.1284023754 0
0.8275557474 0.6126643464 -0.09729572922 -0.04086846747 0.1930289631 0.4547969588 -0.00541484059 0.05162626409 0.247769838 -0.9714943293 -0.1193976655 -0.2047998184 0.0583050685 0.717027294 -0.6946023169 0.2297809547 -0.6867430794 -0.689626461 0.0002842785904 -0.1294033199 0
0.8339569535 0.6174033514 -0.09804831903 -0.04146891702 0.1942504693 0.4539859022 -0.005497731452 0.05200702742 0.2476591595 -0.9706476326 -0.1219164555 -0.2073151012 0.05951143823 0.7134385056 -0.6981861409 0.2330269556 -0.6900303447 -0.6852419729 0.0002901533542 -0.1304042643 0
0.8395580089 0.6215499808 -0.09870683511 -0.04199726025 0.1953143912 0.4532722431 -0.00557075458 0.05233984782 0.2475616568 -0.9698922897 -0.1241441247 -0.2095165452 0.06057759615 0.7102941579 -0.7012934935 0.2358798449 -0.6928711608 -0.6813884745 0.0002953621722 -0.1312800907 0
0.8459592151 0.6262889857 -0.09945942492 -0.04260443215 0.1965246758 0.4524521063 -0.00565477297 0.0527198141 0.2474494728 -0.9690123113 -0.1267170984 -0.2120328219 0.06180810422 0.7066962416 -0.7048121596 0.2391545501 -0.6960770066 -0.6769652148 0.0003013938731 -0.1322810351 0
