0.006334829634 0.004290009976 -0.003249197468 -2.309994237e-06 0.001615373677 0.509996589 -2.905032602e-07 0.0004022618272 0.254999577 -0.9999999999 -5.607786474e-08 -1.345266049e-05 2.871664104e-08 0.9999801353 -0.006303094608 1.345274672e-05 -0.006303094608 -0.9999801352 2.868178492e-08 -0.004321432632 0
0.01243177779 0.008418924235 -0.006376383145 -8.896186328e-06 0.003170043784 0.5099868635 -1.124615508e-06 0.0007908024369 0.2549983622 -0.9999999987 -4.265815963e-07 -5.180725432e-05 2.142631936e-07 0.999923499 -0.0123691588 5.180856747e-05 -0.01236915879 -0.9999234977 6.114523845e-08 -0.008480589583 0
0.01929084446 0.01306395278 -0.009894467032 -2.142066652e-05 0.00491894283 0.5099683692 -2.718681385e-06 0.001228762404 0.2549960405 -0.9999999922 -1.59536947e-06 -0.0001247382377 7.989843758e-07 0.9998158037 -0.01919267118 0.0001247458807 -0.01919267113 -0.9998157959 5.604778657e-08 -0.01315964115 0
0.02538779261 0.01719286704 -0.01302165271 -3.709981615e-05 0.006473379938 0.5099452167 -4.718278049e-06 0.001618221312 0.2549931281 -0.9999999767 -3.637218166e-06 -0.0002160295929 1.820187643e-06 0.9996809927 -0.02525693538 0.0002160525428 -0.02525693518 -0.9996809694 1.701717931e-08 -0.0173187981 0
0.03148474077 0.02132178129 -0.01614883839 -5.705728919e-05 0.008027641557 0.5099157465 -7.265435368e-06 0.002007656804 0.254989418 -0.9999999448 -6.937685055e-06 -0.0003322160669 3.470674068e-06 0.9995094133 -0.03131984402 0.0003322703733 -0.03131984344 -0.9995093581 5.246001656e-08 -0.02147795505 0
0.03758168892 0.02545069555 -0.01927602406 -8.129243639e-05 0.009581685552 0.5098799598 -1.035965377e-05 0.002397034208 0.2549849111 -0.9999998879 -1.179868827e-05 -0.0004732828711 5.901379702e-06 0.9993010835 -0.03738107185 0.0004733931335 -0.03738107045 -0.9993009714 1.420724726e-07 -0.025637112 0
0.04367863707 0.02957960981 -0.02240320974 -0.0001098044694 0.0111354698 0.5098378576 -1.40006478e-05 0.002786351572 0.2549796078 -0.9999997955 -1.852192571e-05 -0.0006392120504 9.263119695e-06 0.9990560248 -0.04344029381 0.000639413248 -0.04344029085 -0.9990558204 2.526201913e-07 -0.02979626896 0
0.04977558523 0.03370852407 -0.02553039542 -0.0001425924606 0.01268895219 0.5097894413 -1.818824546e-05 0.003175613617 0.2549735083 -0.9999996552 -2.740883249e-05 -0.000829982485 1.370656491e-05 0.998774263 -0.04949718506 0.0008303218048 -0.04949717937 -0.9987739183 3.827660423e-07 -0.03395542591 0
0.05587253338 0.03783743833 -0.0286575811 -0.0001796553434 0.01424209061 0.5097347125 -2.292233143e-05 0.003564825074 0.2549666128 -0.9999994526 -3.876053834e-05 -0.001045569893 1.938221858e-05 0.9984558274 -0.05555142101 0.001046108556 -0.05555141087 -0.9984552801 5.318836076e-07 -0.03811458286 0
0.06196948153 0.04196635259 -0.03178476677 -0.0002209919123 0.01579484297 0.509673673 -2.820281835e-05 0.003953989302 0.2549589214 -0.9999991718 -5.287782516e-05 -0.001285946836 2.644039295e-05 0.9981007511 -0.0616026774 0.001286761918 -0.06160266038 -0.9980999231 6.996576896e-07 -0.04227373981 0
0.0688285482 0.04661138113 -0.03530285066 -0.0002726022629 0.01754117552 0.5095974627 -3.479639416e-05 0.004391745005 0.2549493175 -0.9999987397 -7.243951248e-05 -0.001585963918 3.622026387e-05 0.9976575396 -0.06840637596 0.001587204185 -0.0684063472 -0.9976562797 9.105274418e-07 -0.04695279138 0
0.07492549636 0.05074029539 -0.03843003634 -0.0003230157769 0.01909296782 0.5095230198 -4.123774445e-05 0.004780814 0.2549399352 -0.9999982305 -9.343051228e-05 -0.00187891311 4.67143702e-05 0.9972247298 -0.0744502256 0.001880654541 -0.07445018163 -0.9972229608 1.117589185e-06 -0.05111194833 0
0.08102244451 0.05486920965 -0.04155722201 -0.0003776983135 0.02064424262 0.509442273 -4.82252785e-05 0.005169838503 0.2549297575 -0.9999975806 -0.0001181243272 -0.002196545768 5.905923566e-05 0.9967554077 -0.08049008458 0.00219892671 -0.08049001957 -0.9967529892 1.343144788e-06 -0.05527110528 0
0.08711939266 0.05899812391 -0.04468440769 -0.0004366480943 0.02219495789 0.509355225 -5.575892866e-05 0.005558817796 0.2549187842 -0.9999967664 -0.0001468198559 -0.002538821465 7.340413868e-05 0.9962496223 -0.08652563023 0.002542003606 -0.0865255368 -0.9962463901 1.58726297e-06 -0.05943026223 0
0.09321634082 0.06312703816 -0.04781159337 -0.0004998632017 0.02374507164 0.5092618786 -6.383862499e-05 0.005947750711 0.2549070156 -0.9999957623 -0.0001798154324 -0.002905696637 8.98980476e-05 0.9957074263 -0.09255654035 0.002909866814 -0.09255640934 -0.9957031906 1.850042945e-06 -0.06358941918 0
0.09931328897 0.06725595242 -0.05093877905 -0.0005673415797 0.02529454188 0.5091622369 -7.246429444e-05 0.006336635745 0.2548944518 -0.9999945408 -0.0002174087834 -0.003297124588 0.0001086895975 0.9951288762 -0.09858249326 0.003302496586 -0.09858231344 -0.99512342 2.131607431e-06 -0.06774857613 0
0.1054102371 0.07138486668 -0.05406596472 -0.0006390810336 0.02684332666 0.509056303 -8.163586034e-05 0.006725471138 0.2548810929 -0.9999930728 -0.0002598969869 -0.003713055501 0.0001299270673 0.9945140323 -0.1046031678 0.003719871846 -0.1046029256 -0.9945071093 2.432098229e-06 -0.07190773308 0
0.1115071853 0.07551378094 -0.0571931504 -0.0007150792303 0.02839138403 0.5089440805 -9.13532421e-05 0.007114254939 0.2548669389 -0.9999913271 -0.0003075764296 -0.004153436436 0.0001537583563 0.9938629586 -0.1106182435 0.00416197019 -0.1106179228 -0.9938542917 2.751673315e-06 -0.07606689003 0
0.1183662519 0.08015880948 -0.06071123429 -0.0008056646473 0.03013202692 0.5088103179 -0.0001029376114 0.007551572427 0.2548500656 -0.9999889904 -0.0003677890496 -0.004678020499 0.0001838526159 0.9930872795 -0.1173781129 0.004688853036 -0.1173776807 -0.9930762784 3.134221881e-06 -0.0807459416 0
0.1244632001 0.08428772374 -0.06383841996 -0.0008907042937 0.03167839945 0.5086847443 -0.0001138145652 0.007940239481 0.2548342226 -0.9999865432 -0.0004274805726 -0.00517016777 0.000213684977 0.9923594476 -0.1233802296 0.005183407483 -0.1233796741 -0.9923460023 3.494938752e-06 -0.08490509855 0
0.1305601483 0.088416638 -0.06696560564 -0.0009799945 0.0332239137 0.5085528942 -0.0001252370556 0.008328848031 0.2548175851 -0.9999837096 -0.000493284629 -0.005686579613 0.0002465706455 0.9915956104 -0.1293757499 0.005702606451 -0.1293750444 -0.9915793353 3.875319419e-06 -0.0890642555 0
0.1366570964 0.09254555226 -0.07009279132 -0.001073532363 0.03476852788 0.5084147718 -0.0001372049842 0.008717395692 0.2548001531 -0.999980451 -0.0005654943134 -0.006227190305 0.0002826557135 0.9907958474 -0.135364356 0.006246422069 -0.1353634699 -0.9907763185 4.275573217e-06 -0.09322341245 0
0.1427540446 0.09667446652 -0.073219977 -0.00117131484 0.03631220018 0.5082703817 -0.0001497182482 0.009105880025 0.2547819268 -0.9999767269 -0.0006444018159 -0.006791931044 0.0003220857769 0.9899602419 -0.141345731 0.006814825145 -0.1413446291 -0.989936995 4.695919965e-06 -0.09738256941 0
0.1488509927 0.1008033808 -0.07634716267 -0.001273338754 0.03785488886 0.5081197284 -0.0001627767398 0.009494298547 0.2547629064 -0.9999724954 -0.0007302983805 -0.007380729955 0.0003650059121 0.9890888809 -0.1473195588 0.007407785167 -0.1473182008 -0.9890614098 5.136589519e-06 -0.1015417264 0
0.1549479409 0.104932295 -0.07947434835 -0.001379600785 0.0393965522 0.5079628169 -0.0001763803471 0.009882648737 0.254743092 -0.9999677123 -0.0008234742644 -0.007993512105 0.0004115606538 0.9881818551 -0.153285524 0.008025270305 -0.1532838646 -0.9881496101 5.597821404e-06 -0.1057008833 0
0.161044889 0.1090612093 -0.08260153403 -0.00149009748 0.04093714854 0.5077996523 -0.0001905289534 0.01027092805 0.2547224838 -0.999962332 -0.0009242186961 -0.008630199508 0.0004618939724 0.9872392588 -0.1592433122 0.008667247413 -0.1592413 -0.9872016446 6.079864505e-06 -0.1098600403 0
0.1679039557 0.1137062378 -0.08611961792 -0.001619463531 0.04266899216 0.5076086243 -0.0002070974283 0.01070765434 0.2546983509 -0.9999555061 -0.001046961711 -0.009374946078 0.0005232140416 0.9861364425 -0.1659356594 0.009418704256 -0.1659331814 -0.9860920177 6.647360441e-06 -0.1145390918 0
0.1740009038 0.1178351521 -0.08924680359 -0.001738946788 0.0442071829 0.5074321897 -0.0002224037489 0.01109577445 0.2546760564 -0.9999486968 -0.001164744704 -0.01006215934 0.0005820521546 0.9851185892 -0.1718750315 0.01011261074 -0.1718720705 -0.9850673716 7.174494891e-06 -0.1186982488 0
0.180097852 0.1219640664 -0.09237398927 -0.001862653028 0.04574417663 0.5072495193 -0.000238254674 0.01148381557 0.2546529687 -0.999941136 -0.001290993007 -0.01077301459 0.0006451148673 0.9840654841 -0.17780525 0.01083089715 -0.1778017335 -0.9840067252 7.723275747e-06 -0.1228574057 0
0.1861948002 0.1260929806 -0.09550117495 -0.001990578229 0.04727993187 0.507060619 -0.0002546500679 0.01187177509 0.2546290879 -0.9999327706 -0.001425991177 -0.01150742137 0.0007125435855 0.9829772366 -0.1837260043 0.01157352492 -0.1837218521 -0.9829101356 8.293987843e-06 -0.1270165627 0
0.1922917483 0.1302218949 -0.09862836062 -0.002122718233 0.04881440713 0.5068654948 -0.0002715897903 0.01225965035 0.2546044144 -0.999923546 -0.001570022533 -0.01226528622 0.0007844790363 0.9818539599 -0.1896369851 0.01234045419 -0.1896321085 -0.9817776615 8.886924172e-06 -0.1311757196 0
0.1983886965 0.1343508091 -0.1017555463 -0.002259068746 0.05034756101 0.5066641533 -0.000289073696 0.01264743871 0.2545789482 -0.9999134055 -0.001723369119 -0.01304651271 0.0008610612462 0.9806957706 -0.195537884 0.01313164379 -0.1955321854 -0.9806093638 9.502385702e-06 -0.1353348766 0
0.2044856446 0.1384797234 -0.104882732 -0.002399625337 0.05187935213 0.5064566009 -0.0003071016354 0.01303513751 0.2545526896 -0.999902291 -0.001886311661 -0.01385100141 0.0009424295193 0.9795027891 -0.2014283939 0.01394705124 -0.2014217662 -0.9794053052 1.014068118e-05 -0.1394940335 0
0.2105825928 0.1426086376 -0.1080099177 -0.002544383439 0.05340973918 0.5062428443 -0.0003256734542 0.0134227441 0.2545256389 -0.9998901426 -0.002059129529 -0.01467864996 0.001028722415 0.9782751394 -0.2073082087 0.01478663279 -0.2073005346 -0.9781655503 1.080212696e-05 -0.1436531905 0
0.2174416594 0.1472536662 -0.1115280015 -0.002712252558 0.05512969492 0.5059949609 -0.0003472166581 0.01385868797 0.2544942602 -0.9998751628 -0.002265699785 -0.01563730658 0.001131859924 0.9768527528 -0.2139098367 0.01576000145 -0.2139008321 -0.9767282408 1.15743287e-05 -0.1483322421 0
0.2235386076 0.1513825804 -0.1146551872 -0.002865923082 0.05665696134 0.5057680438 -0.000366943687 0.01424608974 0.2544655269 -0.9998606104 -0.002460423891 -0.01651381647 0.001229074178 0.9755518605 -0.2197659136 0.01665080168 -0.2197555772 -0.9754128547 1.228605288e-05 -0.152491399 0
0.2296355557 0.1555114947 -0.1177823729 -0.003023779966 0.05818269489 0.5055349449 -0.000387214083 0.01463339094 0.2544360021 -0.9998448256 -0.002665887176 -0.01741314736 0.001331641017 0.97421671 -0.2256103468 0.01756563086 -0.2255985259 -0.9740619866 1.302196296e-05 -0.156650556 0
0.2357325039 0.159640409 -0.1209095586 -0.003185818082 0.05970685448 0.5052956718 -0.0004080276728 0.01502058889 0.2544056863 -0.9998277417 -0.002882362997 -0.01833518483 0.001439695701 0.9728474399 -0.2314428354 0.01850443988 -0.2314293645 -0.972675709 1.378240478e-05 -0.1608097129 0
0.2418294521 0.1637693232 -0.1240367443 -0.003352032166 0.06122939905 0.5050502323 -0.0004293842781 0.01540768092 0.2543745795 -0.9998092898 -0.003110123154 -0.01927981155 0.001553372635 0.9714441919 -0.2372630797 0.01946717835 -0.2372477799 -0.9712540965 1.456773087e-05 -0.1649688699 0
0.2479264002 0.1678982375 -0.1271639299 -0.00352241682 0.06275028762 0.5047986344 -0.0004512837162 0.01579466433 0.254342682 -0.9997893998 -0.00334943785 -0.02024690734 0.001672805349 0.9700071118 -0.2430707815 0.02045379459 -0.2430534599 -0.9697972252 1.537830033e-05 -0.1691280268 0
0.2540233484 0.1720271517 -0.1302911156 -0.003696966509 0.06426947926 0.5045408861 -0.0004737257997 0.01618153643 0.2543099943 -0.9997679998 -0.003600575654 -0.02123634915 0.001798126476 0.9685363483 -0.2488656439 0.02146423563 -0.2488460927 -0.9683051734 1.621447862e-05 -0.1732871838 0
0.2601202965 0.176156066 -0.1334183013 -0.003875675566 0.06578693311 0.504276996 -0.0004967103365 0.01656829455 0.2542765164 -0.999745016 -0.003863803462 -0.02224801108 0.001929467731 0.9670320539 -0.2546473716 0.02249844724 -0.2546253675 -0.9667780211 1.707663742e-05 -0.1774463407 0
0.2669793632 0.1808010945 -0.1369363852 -0.004081687768 0.06749194068 0.5039727887 -0.0005232160966 0.01700325782 0.2542379098 -0.9997171726 -0.004174716197 -0.02341253037 0.002084585372 0.9652998368 -0.2611357492 0.02369027938 -0.2611106983 -0.965018121 1.807809148e-05 -0.1821253923 0
0.2730763113 0.1849300088 -0.1400635708 -0.004269216046 0.06900556632 0.5036958757 -0.0005473526878 0.01738976477 0.254202754 -0.9996905718 -0.004464513581 -0.02447097919 0.002229152421 0.9637248107 -0.2668885913 0.02477481753 -0.266860558 -0.9634166549 1.899672045e-05 -0.1862845492 0
0.2791732595 0.1890589231 -0.1431907565 -0.00446088511 0.07051732687 0.5034128481 -0.0005720311022 0.01777614932 0.254166809 -0.9996621469 -0.004767223818 -0.0255512366 0.002380145063 0.9621167517 -0.272627385 0.02588294853 -0.2725960926 -0.9617803508 1.994252981e-05 -0.1904437062 0
0.2852702076 0.1931878373 -0.1463179422 -0.004656688739 0.07202718174 0.5031237153 -0.0005972511286 0.01816240878 0.2541300752 -0.9996318176 -0.005083106505 -0.02665316517 0.002537691008 0.9604758262 -0.278351841 0.02701461289 -0.2783169943 -0.9601092966 2.091591521e-05 -0.1946028631 0
0.2913671558 0.1973167516 -0.1494451279 -0.004856620577 0.07353509039 0.5028284866 -0.0006230125511 0.01854854046 0.2540925529 -0.9995995022 -0.005412419371 -0.02777662471 0.002701916942 0.9588022039 -0.2840616718 0.02816974988 -0.2840229559 -0.9584035819 2.191727778e-05 -0.1987620201 0
0.297464104 0.2014456658 -0.1525723136 -0.005060674135 0.07504101237 0.5025271716 -0.0006493151493 0.01893454166 0.2540542424 -0.9995651172 -0.005755418244 -0.02892147228 0.00287294851 0.9570960578 -0.2897565914 0.02934829748 -0.2897136711 -0.9566632982 2.294702389e-05 -0.202921177 0
0.3035610521 0.2055745801 -0.1556994992 -0.00526884279 0.0765449073 0.50221978 -0.0006761586981 0.01932040969 0.254015144 -0.9995285777 -0.006112357015 -0.03008756226 0.00305091029 0.9553575642 -0.2954363154 0.03055019243 -0.2953888345 -0.9548885391 2.400556507e-05 -0.207080334 0
0.3096580003 0.2097034944 -0.1588266849 -0.005481119788 0.07804673486 0.5019063218 -0.0007035429677 0.01970614186 0.2539752581 -0.9994897972 -0.006483487598 -0.03127474631 0.003235925782 0.9535869027 -0.3011005611 0.03177537021 -0.3010481415 -0.9530793998 2.509331782e-05 -0.2112394909 0
0.3165170669 0.2143485229 -0.1623447688 -0.005724833583 0.07973376961 0.5015464426 -0.0007349963094 0.0201399248 0.2539294455 -0.9994433806 -0.006918284234 -0.03263535421 0.003452651949 0.9515566853 -0.3074539864 0.03318144354 -0.3073955301 -0.951003144 2.635248146e-05 -0.2159185425 0
0.3226140151 0.2184774372 -0.1654719545 -0.005945817774 0.08123107049 0.501220127 -0.0007635288268 0.02052535933 0.2538878873 -0.9993995436 -0.007320399626 -0.03386685839 0.003653061563 0.9497182778 -0.3130844102 0.03445587742 -0.3130201344 -0.9491212715 2.750371374e-05 -0.2200776995 0
0.3287109632 0.2226063514 -0.1685991402 -0.006170888345 0.08272617851 0.5008877773 -0.0007926013171 0.02091064959 0.2538455425 -0.9993531853 -0.007737480938 -0.03511897588 0.003860903617 0.9478482842 -0.3186984836 0.03575338447 -0.3186279357 -0.9472053284 2.868548985e-05 -0.2242368564 0
0.3348079114 0.2267352657 -0.1717263258 -0.006400037995 0.08421905367 0.5005494042 -0.0008222135317 0.02129579289 0.2538024117 -0.999304213 -0.008169771562 -0.03639154742 0.004076296934 0.9459468974 -0.3242959313 0.03707389505 -0.3242186332 -0.9452554175 2.989824545e-05 -0.2283960134 0
0.3409048595 0.2308641799 -0.1748535115 -0.006633259292 0.08570965606 0.5002050187 -0.0008523652169 0.02168078654 0.2537584953 -0.9992525325 -0.008617512731 -0.03768441114 0.004299359153 0.9440143133 -0.3298764796 0.03841733827 -0.3297919265 -0.9432716435 3.114242052e-05 -0.2325551703 0
0.3470018077 0.2349930942 -0.1779806972 -0.006870544673 0.08719794584 0.499854632 -0.0008830561148 0.02206562785 0.2537137935 -0.999198048 -0.009080943486 -0.0389974026 0.004530206711 0.9420507309 -0.335439857 0.03978364201 -0.3353475166 -0.9412541128 3.24184592e-05 -0.2367143273 0
0.3530987558 0.2391220084 -0.1811078829 -0.007111886444 0.08868388325 0.4994982554 -0.0009142859626 0.02245031414 0.2536683067 -0.9991406623 -0.009560300644 -0.0403303548 0.004768954827 0.9400563524 -0.3409857935 0.04117273293 -0.3408851052 -0.9392029339 3.372680971e-05 -0.2408734842 0
0.359195704 0.2432509227 -0.1842350685 -0.007357276781 0.09016742865 0.4991359006 -0.0009460544929 0.02283484271 0.2536220354 -0.999080277 -0.01005581876 -0.04168309821 0.005015717477 0.938031383 -0.3465140214 0.04258453646 -0.3464043952 -0.9371182168 3.506792419e-05 -0.2450326412 0
0.3660547707 0.2478959512 -0.1877531524 -0.007638170303 0.09183350872 0.49872112 -0.0009824376448 0.0232672455 0.2535690429 -0.9990086332 -0.01063288314 -0.04322837691 0.005303045635 0.9357169862 -0.3527117795 0.04419986969 -0.3525913548 -0.9347329608 3.661640908e-05 -0.2497116927 0
0.3721517188 0.2520248655 -0.1908803381 -0.007892137268 0.09331183975 0.4983461005 -0.001015349967 0.02365143002 0.2535211058 -0.9989415395 -0.01116351159 -0.04462260229 0.005567211852 0.9336277065 -0.3582014961 0.04565968439 -0.3580707774 -0.9325773488 3.802866564e-05 -0.2538708497 0
0.378248667 0.2561537798 -0.1940075238 -0.00815012751 0.09478765537 0.49796514 -0.001048800106 0.02403544844 0.2534723854 -0.9988711288 -0.01171101904 -0.046036073 0.0058397406 0.9315084967 -0.3636726797 0.04714197083 -0.3635309788 -0.9303885543 3.947512331e-05 -0.2580300066 0
0.3843456151 0.260282694 -0.1971347095 -0.008412132668 0.09626091627 0.497578251 -0.001082787777 0.02441929808 0.2534228822 -0.9987972968 -0.0122756304 -0.04746860928 0.006120740552 0.9293595745 -0.3691250707 0.04864664946 -0.3689716659 -0.9281666948 4.09562493e-05 -0.2621891636 0
0.3904425633 0.2644116083 -0.2002618951 -0.008678144253 0.09773158324 0.4971854458 -0.001117312688 0.02480297625 0.2533725965 -0.9987199376 -0.0128575681 -0.04892002897 0.006410319051 0.9271811603 -0.3745584117 0.05017363951 -0.3743925465 -0.9259118894 4.247251422e-05 -0.2663483205 0
0.3965395114 0.2685405225 -0.2033890808 -0.008948153648 0.09919961716 0.4967867373 -0.001152374543 0.02518648028 0.2533215288 -0.9986389442 -0.01345705213 -0.05039014749 0.006708582092 0.9249734777 -0.379972447 0.05172285899 -0.3797933298 -0.9236242594 4.402439194e-05 -0.2705074775 0
0.4026364596 0.2726694368 -0.2065162665 -0.009222152107 0.100664979 0.4963821383 -0.001187973042 0.02556980749 0.2532696796 -0.9985542081 -0.01407430001 -0.05187877791 0.0070156343 0.9227367529 -0.3853669235 0.05329422477 -0.3851737257 -0.9213039274 4.561235951e-05 -0.2746666344 0
0.4087334077 0.2767983511 -0.2096434522 -0.009500130755 0.1021276299 0.495971662 -0.001224107881 0.02595295521 0.2532170493 -0.9984656196 -0.01470952669 -0.05338573094 0.007331578919 0.9204712151 -0.39074159 0.05488765247 -0.3905334455 -0.918951018 4.723689708e-05 -0.2788257914 0
0.4155924744 0.2814433796 -0.2131615361 -0.009817603093 0.1037698233 0.4955028675 -0.001265400283 0.0263837785 0.253156907 -0.9983612145 -0.01544591138 -0.05510271567 0.007697772577 0.9178883335 -0.3967641007 0.05670652299 -0.3965380576 -0.9162652122 4.910881607e-05 -0.283504843 0
0.4216894226 0.2855722939 -0.2162887217 -0.0101040096 0.1052265846 0.4950799463 -0.00130267381 0.0267665359 0.2531026184 -0.9982640694 -0.01612004509 -0.05664796518 0.008032949953 0.9155623417 -0.402095847 0.05834654683 -0.4018528867 -0.9138434975 5.081267261e-05 -0.2876639999 0
0.4277863707 0.2897012081 -0.2194159074 -0.01039436774 0.1066805138 0.4946511898 -0.001340482695 0.02714910545 0.25304755 -0.9981627206 -0.01681281277 -0.0582109309 0.00837733327 0.9132082711 -0.4074070125 0.06000836139 -0.4071461444 -0.9113896059 5.255461844e-05 -0.2918231569 0
0.4338833189 0.2938301224 -0.2225430931 -0.01068866813 0.1081315726 0.4942166121 -0.001378826614 0.02753148447 0.2529917025 -0.9980570533 -0.01752441867 -0.05979141413 0.008731019886 0.9108263622 -0.4126973554 0.06169187747 -0.4124175464 -0.9089036691 5.433514548e-05 -0.2959823138 0
0.439980267 0.2979590366 -0.2256702788 -0.01098690123 0.1095797224 0.4937762271 -0.001417705237 0.02791367031 0.2529350762 -0.997946951 -0.01825506433 -0.06138921395 0.009094105688 0.9084168584 -0.4179666359 0.06339700469 -0.4176668099 -0.9063858206 5.615474828e-05 -0.3001414708 0
0.4460772152 0.3020879509 -0.2287974644 -0.0112890574 0.111024925 0.4933300492 -0.001457118234 0.02829566029 0.2528776717 -0.9978322965 -0.01900494859 -0.0630041272 0.009466685082 0.9059800054 -0.4232146166 0.06512365153 -0.422893653 -0.9038361955 5.801392394e-05 -0.3043006277 0
0.4521741633 0.3062168652 -0.2319246501 -0.01159512685 0.1124671422 0.4928780927 -0.001497065265 0.02867745174 0.2528194895 -0.997712971 -0.01977426754 -0.06463594862 0.009848850969 0.9035160519 -0.4284410625 0.0668717253 -0.4280977952 -0.9012549307 5.991317207e-05 -0.3084597847 0
0.4582711115 0.3103457794 -0.2350518358 -0.0119050997 0.1139063359 0.4924203723 -0.001537545989 0.029059042 0.2527605301 -0.9975888548 -0.02056321452 -0.06628447074 0.01024069474 0.9010252492 -0.4336457409 0.06864113216 -0.433278957 -0.8986421648 6.185299466e-05 -0.3126189416 0
0.4651301782 0.314990808 -0.2385699197 -0.01225847243 0.1155217675 0.4918985655 -0.001583724301 0.02948808726 0.2526932723 -0.9974433469 -0.02147447863 -0.06815875971 0.01069319889 0.8981913187 -0.4394746984 0.07065709628 -0.4390799492 -0.8956653242 6.408442231e-05 -0.3172979932 0
0.4712271263 0.3191197222 -0.2416971054 -0.01257670654 0.1169544103 0.4914286462 -0.001625337965 0.02986924116 0.2526326629 -0.9973086472 -0.02230576429 -0.06984207247 0.01110590457 0.8956443066 -0.4446323592 0.07247151917 -0.4442113561 -0.8929860861 6.611214306e-05 -0.3214571501 0
0.4773240745 0.3232486365 -0.244824291 -0.01289881229 0.1183839113 0.4909530097 -0.001667484223 0.03025018557 0.2525712779 -0.997168775 -0.02315726399 -0.07154142419 0.01152856377 0.8930712465 -0.4497675409 0.07430697456 -0.4493189176 -0.8902757909 6.818202183e-05 -0.3256163071 0
0.4834210226 0.3273775507 -0.2479514767 -0.01322477929 0.1198102328 0.4904716716 -0.001710162715 0.03063091782 0.2525091179 -0.9970236056 -0.02402915934 -0.07325659889 0.01196126147 0.8904723999 -0.4548800207 0.07616336392 -0.4544023597 -0.8875345838 7.029456983e-05 -0.329775464 0
0.4895179708 0.331506465 -0.2510786624 -0.01355459698 0.1212333373 0.4899846473 -0.001753373074 0.03101143526 0.2524461832 -0.9968730137 -0.02492162905 -0.07498737856 0.01240408103 0.8878480307 -0.4599695786 0.07804058759 -0.4594614095 -0.8847626121 7.245030036e-05 -0.333934621 0
0.4956149189 0.3356353792 -0.2542058481 -0.01388825471 0.1226531874 0.4894919527 -0.00179711493 0.03139173524 0.2523824746 -0.9967168725 -0.02583484889 -0.07673354324 0.01285710424 0.8851984052 -0.4650359967 0.07993854481 -0.4644957954 -0.8819600247 7.464972874e-05 -0.3380937779 0
0.5017118671 0.3397642935 -0.2573330337 -0.01422574171 0.1240697459 0.4889936036 -0.00184138791 0.0317718151 0.2523179925 -0.9965550543 -0.02676899167 -0.07849487103 0.01332041124 0.8825237923 -0.47007906 0.0818571337 -0.4695052472 -0.8791269718 7.689337224e-05 -0.3422529349 0
0.5078088152 0.3438932078 -0.2604602194 -0.01456704706 0.1254829756 0.4884896161 -0.001886191633 0.0321516722 0.2522527375 -0.9963874305 -0.02772422722 -0.08027113808 0.01379408053 0.8798244629 -0.4750985559 0.08379625126 -0.4744894959 -0.8762636056 7.918175001e-05 -0.3464120918 0
0.5146678819 0.3485382363 -0.2639783033 -0.01495556599 0.1270688338 0.4879159109 -0.001937229748 0.03257874188 0.2521784024 -0.9961917525 -0.02882428723 -0.08228701448 0.01433944033 0.8767585139 -0.4807170569 0.08600216705 -0.4800663171 -0.8730062763 8.181029523e-05 -0.3510911434 0
0.5207648301 0.3526671506 -0.267105489 -0.01530494861 0.1284748668 0.4873999961 -0.001983160021 0.03295811683 0.2521115069 -0.9960113596 -0.02982489497 -0.08409427569 0.01483538266 0.8740075724 -0.4856857778 0.08798456106 -0.4849961227 -0.8700790068 8.41954655e-05 -0.3552503004 0
0.5268617782 0.3567960648 -0.2702326747 -0.01565811474 0.1298774556 0.4868784945 -0.002029619823 0.03333726075 0.2520438402 -0.9958247524 -0.03084710663 -0.08591576466 0.01534192196 0.8712327761 -0.4906302836 0.08998715484 -0.4898998936 -0.8671219096 8.662700411e-05 -0.3594094573 0
0.5329587264 0.3609249791 -0.2733598603 -0.01601505298 0.1312765635 0.4863514228 -0.002076608757 0.03371617101 0.2519754029 -0.995631798 -0.03189107946 -0.08775124994 0.01585912985 0.8684344053 -0.4955503725 0.09200984086 -0.4947773668 -0.8641351436 8.910543753e-05 -0.3635686143 0
0.5390556745 0.3650538933 -0.276487046 -0.01637575181 0.132672154 0.485818798 -0.002124126418 0.03409484496 0.2519061957 -0.9954323628 -0.03295696757 -0.08960049833 0.01638707626 0.8656127424 -0.5004458451 0.09405251057 -0.4996282803 -0.8611188691 9.163129387e-05 -0.3677277712 0
0.5451526227 0.3691828076 -0.2796142317 -0.01674019959 0.1340641907 0.4852806373 -0.002172172401 0.03447327998 0.2518362192 -0.9952263123 -0.03404492195 -0.09146327489 0.01692582938 0.8627680719 -0.5053165052 0.09611505431 -0.5044523738 -0.858073248 9.420510285e-05 -0.3718869282 0
0.5512495708 0.3733117219 -0.2827414174 -0.01710838456 0.1354526372 0.4847369582 -0.002220746294 0.03485147343 0.2517654738 -0.9950135108 -0.03515509043 -0.09333934297 0.0174754557 0.8599006804 -0.5101621588 0.09819736135 -0.5092493882 -0.8549984438 9.682739573e-05 -0.3760460851 0
0.557346519 0.3774406361 -0.2858686031 -0.01748029485 0.1368374575 0.484187778 -0.00226984768 0.03522942267 0.2516939604 -0.9947938221 -0.03628761766 -0.09522846423 0.01803601995 0.8570108567 -0.5149826148 0.1002993199 -0.5140190662 -0.8518946214 9.949870533e-05 -0.3802052421 0
0.5642055857 0.3820856647 -0.2893866869 -0.01790313191 0.138391001 0.483563397 -0.002325716734 0.03565432039 0.2516125903 -0.9945382689 -0.03758861247 -0.09736902943 0.01867980734 0.8537333532 -0.5203752745 0.1026873725 -0.5193519594 -0.8483683432 0.0001025631842 -0.3848842936 0
0.5703025338 0.3862145789 -0.2925138726 -0.01828291854 0.139767996 0.4830025863 -0.002375937641 0.03603174197 0.2515394466 -0.9943034881 -0.03876911767 -0.0992850899 0.01926382163 0.8507968283 -0.5251415639 0.1048307147 -0.524062699 -0.8452034126 0.0001053404301 -0.3890434506 0
0.576399482 0.3903434932 -0.2956410583 -0.01866639261 0.1411412527 0.4824363305 -0.002426684711 0.03640891114 0.2514655367 -0.9940613885 -0.03997241289 -0.1012134483 0.01985896482 0.8478387857 -0.5298820764 0.1069933523 -0.5287453069 -0.8420099898 0.0001081683671 -0.3932026075 0
0.5824964301 0.3944724074 -0.298768244 -0.01905354177 0.1425107352 0.4818646479 -0.00247795751 0.03678582528 0.2513908612 -0.9938118304 -0.04119862945 -0.1031538597 0.02046529434 0.8448595223 -0.5345966323 0.1091751692 -0.5333995318 -0.8387882462 0.0001110475338 -0.3973617645 0
0.5885933783 0.3986013217 -0.3018954296 -0.01944435355 0.1438764083 0.481287557 -0.002529755598 0.03716248177 0.2513154207 -0.9935546732 -0.04244789536 -0.1051060777 0.02108286583 0.8418593365 -0.5392850549 0.1113760484 -0.5380251238 -0.8355383546 0.0001139784703 -0.4015209214 0
0.5946903264 0.402730236 -0.3050226153 -0.01983881535 0.1452382366 0.4807050762 -0.002582078532 0.03753887798 0.2512392161 -0.9932897757 -0.04372033531 -0.1070698544 0.02171173312 0.8388385285 -0.5439471699 0.1135958717 -0.5426218346 -0.8322604896 0.000116961718 -0.4056800784 0
0.6007872746 0.4068591502 -0.308149801 -0.02023691447 0.1465961848 0.4801172244 -0.002634925862 0.03791501132 0.2511622478 -0.993016996 -0.04501607068 -0.1090449402 0.02235194822 0.8357974006 -0.5485828065 0.11583452 -0.5471894174 -0.8289548272 0.0001199978193 -0.4098392353 0
0.6076463412 0.4115041788 -0.3116678849 -0.02068910775 0.148119195 0.4794494946 -0.002695005362 0.03833784383 0.2510747465 -0.9927005194 -0.04650176511 -0.1112801176 0.0230858168 0.8323522213 -0.5537660379 0.1183753513 -0.5522928259 -0.8252029512 0.0001234772872 -0.4145182869 0
0.6137432894 0.415633093 -0.3147950706 -0.02109489347 0.1494687819 0.4788502924 -0.002748965525 0.03871340986 0.2509961577 -0.9924105154 -0.04784739096 -0.1132784011 0.02375031033 0.8292689243 -0.5583448522 0.1206536023 -0.5567976997 -0.8218388101 0.0001266275099 -0.4186774439 0
0.6198402376 0.4197620073 -0.3179222562 -0.02150427607 0.1508143796 0.4782457789 -0.002803448655 0.03908870486 0.2509168074 -0.992112181 -0.04921666987 -0.1152872056 0.02442630236 0.8261662622 -0.5628966716 0.1229502994 -0.5612726847 -0.818447431 0.0001298322899 -0.4228366008 0
0.6259371857 0.4238909215 -0.3210494419 -0.02191724238 0.1521559536 0.4776359735 -0.002858454284 0.03946372621 0.2508366963 -0.9918053715 -0.05060970931 -0.1173062758 0.02511383731 0.8230445441 -0.5674213369 0.1252653192 -0.5657175405 -0.8150289959 0.0001330921746 -0.4269957578 0
0.6320341339 0.4280198358 -0.3241766276 -0.02233377911 0.1534934693 0.4770208959 -0.002913981941 0.03983847131 0.250755825 -0.9914899417 -0.05202661329 -0.1193353556 0.0258129577 0.8199040806 -0.5719186916 0.1275985376 -0.5701320287 -0.8115836883 0.0001364077128 -0.4311549147 0
0.638131082 0.43214875 -0.3273038133 -0.02275387286 0.1548268925 0.4764005658 -0.002970031149 0.04021293757 0.2506741943 -0.9911657455 -0.05346748243 -0.1213741873 0.02652370419 0.8167451837 -0.5763885825 0.1299498293 -0.5745159121 -0.8081116931 0.0001397794543 -0.4353140717 0
0.6442280302 0.4362776643 -0.330430999 -0.02317751012 0.1561561889 0.4757750031 -0.003026601428 0.04058712239 0.2505918048 -0.9908326364 -0.05493241387 -0.1234225121 0.02724611555 0.8135681669 -0.5808308592 0.1323190681 -0.5788689556 -0.8046131968 0.00014320795 -0.4394732286 0
0.6503249783 0.4404065786 -0.3335581846 -0.02360467728 0.1574813245 0.4751442281 -0.003083692294 0.04096102317 0.2505086573 -0.9904904675 -0.05642150128 -0.12548007 0.02798022866 0.8103733453 -0.5852453742 0.1347061267 -0.5831909253 -0.8010883872 0.0001466937519 -0.4436323856 0
0.657184045 0.4450516071 -0.3370762685 -0.02408944256 0.1589670865 0.474428401 -0.003148541171 0.04138131881 0.2504142112 -0.9900945143 -0.05812571073 -0.1278055338 0.02882013662 0.8067582828 -0.5901783399 0.1374127084 -0.5880157098 -0.7970917592 0.0001506844663 -0.4483114371 0
0.6632809931 0.4491805214 -0.3402034542 -0.02452406502 0.1602832681 0.4737866171 -0.00320673665 0.04175460742 0.2503294552 -0.9897326025 -0.05966642471 -0.1298818434 0.02957922969 0.8035266783 -0.5945333854 0.1398372076 -0.5922708797 -0.7935116637 0.0001542938812 -0.4524705941 0
0.6693779413 0.4533094356 -0.3433306399 -0.0249621741 0.1615951836 0.4731396847 -0.003265451171 0.0421276039 0.2502439435 -0.9893611681 -0.06123156489 -0.1319665662 0.03035012745 0.8002782624 -0.5988602279 0.1422791232 -0.5964942566 -0.7899058507 0.0001579623338 -0.456629751 0
0.6754748894 0.4574383499 -0.3464578255 -0.02540375573 0.1629027995 0.4724876246 -0.00332468423 0.04250030567 0.2501576767 -0.9889800618 -0.06282121049 -0.1340594377 0.03113285888 0.7970133556 -0.6031587321 0.144738324 -0.6006856137 -0.7862745138 0.0001616903802 -0.460788908 0
0.6815718376 0.4615672641 -0.3495850112 -0.02584879573 0.1642060825 0.4718304577 -0.003384435319 0.04287271016 0.2500706556 -0.9885891343 -0.06443543719 -0.1361601923 0.03192745102 0.7937322797 -0.6074287662 0.147214678 -0.604844726 -0.782617848 0.0001654785776 -0.4649480649 0
0.6876687858 0.4656961784 -0.3527121969 -0.02629727982 0.1655049996 0.4711682051 -0.003444703925 0.04324481478 0.249982881 -0.9881882356 -0.0660743171 -0.1382685634 0.03273392899 0.7904353578 -0.6116702012 0.1497080522 -0.6089713703 -0.7789360496 0.0001693274841 -0.4691072219 0
0.6937657339 0.4698250927 -0.3558393826 -0.02674919359 0.1667995178 0.4705008881 -0.003505489532 0.04361661697 0.2498943536 -0.9877772154 -0.06773791879 -0.1403842835 0.03355231595 0.787122914 -0.6158829113 0.152218313 -0.6130653249 -0.7752293161 0.0001732376587 -0.4732663788 0
0.6998626821 0.4739540069 -0.3589665683 -0.02720452255 0.1680896043 0.469828528 -0.003566791618 0.04398811414 0.2498050741 -0.9873559231 -0.06942630722 -0.1425070842 0.0343826331 0.7837952736 -0.6200667735 0.1547453254 -0.6171263703 -0.7714978466 0.0001772096612 -0.4774255358 0
0.7067217487 0.4785990355 -0.3624846521 -0.02772083166 0.1695356138 0.4690661218 -0.003636373164 0.04440568067 0.2497037368 -0.9868695027 -0.07135544841 -0.1449033631 0.03533102409 0.78003392 -0.6247389874 0.1576080689 -0.621655438 -0.7672706257 0.0001817527662 -0.4821045874 0
0.7128186969 0.4827279497 -0.3656118378 -0.02818336927 0.1708161748 0.4683831171 -0.003698771017 0.04477652117 0.2496128618 -0.9864258802 -0.07309670803 -0.1470403147 0.03618675437 0.776675072 -0.6288611543 0.1601702272 -0.6256458294 -0.7634872589 0.0001858580165 -0.4862637443 0
0.718915645 0.486856864 -0.3687390235 -0.02864927607 0.1720922027 0.4676951373 -0.003761683691 0.04514704864 0.2495212373 -0.9859715126 -0.07486293427 -0.1491835024 0.03705446848 0.7733020507 -0.6329541095 0.1627487102 -0.6296026362 -0.7596797864 0.0001900268503 -0.4904229013 0
0.7250125932 0.4909857782 -0.3718662092 -0.02911853713 0.1733636654 0.4670022044 -0.003825110646 0.04551726052 0.2494288639 -0.985506248 -0.07665417723 -0.1513326545 0.0379341795 0.7699151857 -0.637017743 0.1653433797 -0.6335256459 -0.7558484126 0.0001942598312 -0.4945820582 0
0.7311095413 0.4951146925 -0.3749933949 -0.02959113742 0.1746305308 0.4663043407 -0.003889051339 0.04588715426 0.2493357425 -0.9850299341 -0.07847048339 -0.1534874983 0.03882589855 0.7665148073 -0.6410519478 0.1679540964 -0.637414648 -0.7519933431 0.0001985575236 -0.4987412152 0
0.7372064895 0.4992436068 -0.3781205805 -0.03006706179 0.1758927672 0.4656015685 -0.003953505221 0.0462567273 0.2492418738 -0.9845424186 -0.08031189556 -0.1556477605 0.03972963477 0.7631012468 -0.6450566202 0.17058072 -0.6412694337 -0.7481147849 0.0002029204927 -0.5029003721 0
0.7433034377 0.503372521 -0.3812477662 -0.030546295 0.177150343 0.4648939103 -0.004018471739 0.04662597709 0.2491472588 -0.9840435489 -0.08217845293 -0.1578131672 0.04064539529 0.7596748363 -0.6490316594 0.1732231097 -0.645089796 -0.7442129462 0.0002073493046 -0.5070595291 0
0.7494003858 0.5075014353 -0.3843749519 -0.0310288217 0.1784032266 0.4641813888 -0.004083950335 0.04699490108 0.2490518982 -0.9835331721 -0.08407019104 -0.1599834438 0.04157318526 0.7562359087 -0.652976968 0.1758811235 -0.64887553 -0.7402880365 0.0002118445261 -0.511218686 0
0.7562594525 0.5121464638 -0.3878930358 -0.03157558177 0.1798070732 0.4633740173 -0.004158225149 0.04740954797 0.2489437273 -0.9829450533 -0.08622853476 -0.1624304834 0.04263133178 0.7523525685 -0.6573797853 0.1788898871 -0.653092836 -0.7358451983 0.0002169817374 -0.5158977376 0
0.7623564006 0.5162753781 -0.3910202214 -0.03206505574 0.1810498824 0.4626512371 -0.00422479004 0.0477777712 0.248846785 -0.9824097161 -0.08817388312 -0.1646101941 0.0435846923 0.7488881504 -0.6612616069 0.1815806274 -0.6568043122 -0.7318719637 0.0002216199652 -0.5200568945 0
0.7684533488 0.5204042923 -0.3941474071 -0.03255777461 0.1822879022 0.4619236653 -0.004291865239 0.04814566069 0.2487490997 -0.9818623935 -0.09014449956 -0.1667939128 0.04455008547 0.7454122599 -0.6651134134 0.1842865433 -0.6604805312 -0.7278763205 0.0002263263793 -0.5242160515 0
0.7745502969 0.5245332066 -0.3972745928 -0.03305372261 0.1835211019 0.4611913253 -0.004359450171 0.0485132139 0.2486506722 -0.9813029323 -0.09214040445 -0.1689813628 0.04552750817 0.7419252325 -0.6689351204 0.1870074894 -0.6641212956 -0.7238584832 0.0002311015495 -0.5283752084 0
0.7806472451 0.5286621208 -0.4004017785 -0.03355288389 0.1847494508 0.4604542403 -0.004427544254 0.04888042831 0.2485515034 -0.980731179 -0.09416161446 -0.1711722667 0.04651695529 0.7384274046 -0.6727266466 0.1897433198 -0.66772641 -0.7198186675 0.0002359460469 -0.5325343654 0
0.7867441932 0.5327910351 -0.4035289642 -0.0340552425 0.1859729185 0.4597124341 -0.004496146906 0.04924730139 0.2484515941 -0.9801469803 -0.09620814257 -0.1733663469 0.04751841969 0.7349191127 -0.6764879139 0.1924938875 -0.6712956808 -0.7157570902 0.000240860443 -0.5366935223 0
0.7928411414 0.5369199494 -0.4066561498 -0.03456078239 0.1871914749 0.4589659302 -0.004565257536 0.04961383061 0.2483509452 -0.9795501829 -0.09827999806 -0.1755633252 0.04853189222 0.7314006941 -0.6802188472 0.1952590449 -0.6748289166 -0.7116739694 0.0002458453101 -0.5408526793 0
0.7989380896 0.5410488636 -0.4097833355 -0.03506948739 0.1884050897 0.4582147526 -0.004634875551 0.04998001345 0.2482495576 -0.9789406333 -0.1003771865 -0.1777629233 0.04955736172 0.7278724864 -0.683919375 0.1980386436 -0.6783259276 -0.7075695242 0.0002509012213 -0.5450118362 0
0.8057971562 0.5456938922 -0.4133014194 -0.0356455436 0.1897644626 0.457364121 -0.004713801559 0.05039155198 0.2481346146 -0.9782394563 -0.1027668065 -0.1802402554 0.05072533854 0.7238919725 -0.6880460393 0.2011827681 -0.6822165313 -0.7029268086 0.0002566747556 -0.5496908878 0
0.8118941044 0.5498228064 -0.4164286051 -0.03616092043 0.1909674777 0.4566030915 -0.00478449578 0.0507569904 0.2480316601 -0.9776022993 -0.104917829 -0.1824444945 0.0517762553 0.7203440857 -0.6916817315 0.2039925581 -0.6856359438 -0.6987777821 0.0002618835413 -0.5538500448 0
0.8179910525 0.5539517207 -0.4195557908 -0.03667941131 0.1921654585 0.4558374636 -0.004855695504 0.05112207459 0.2479279695 -0.9769519112 -0.1070941779 -0.1846504813 0.05283912114 0.7167874671 -0.6952868144 0.2068163206 -0.6890185513 -0.6946081237 0.0002671651664 -0.5580092017 0
0.8240880007 0.5580806349 -0.4226829764 -0.03720099967 0.1933583756 0.4550672617 -0.00492740012 0.05148680203 0.2478235439 -0.9762881389 -0.1092958436 -0.1868579364 0.05391391653 0.7132224557 -0.6988612296 0.209653904 -0.6923641724 -0.6904180569 0.0002725202068 -0.5621683587 0
0.8301849488 0.5622095492 -0.4258101621 -0.0377256689 0.1945461998 0.4542925106 -0.004999609012 0.05185117021 0.247718384 -0.9756108294 -0.1115228126 -0.1890665802 0.05500061998 0.7096493907 -0.7024049217 0.2125051559 -0.6956726274 -0.6862078069 0.0002779492392 -0.5663275156 0
0.836281897 0.5663384635 -0.4289373478 -0.03825340226 0.1957289022 0.4535132348 -0.005072321561 0.05221517664 0.2476124909 -0.97491983 -0.1137750676 -0.1912761328 0.05609920795 0.7060686114 -0.7059178386 0.2153699233 -0.6989437388 -0.6819775995 0.0002834528409 -0.5704866726 0
0.8423788451 0.5704673777 -0.4320645335 -0.03878418293 0.1969064541 0.4527294592 -0.005145537143 0.05257881882 0.2475058654 -0.9742149881 -0.1160525877 -0.1934863144 0.05720965486 0.7024804573 -0.7093999313 0.2182480524 -0.7021773308 -0.6777276619 0.0002890315898 -0.5746458295 0
0.8484757933 0.574596292 -0.4351917191 -0.039317994 0.1980788266 0.4519412088 -0.005219255127 0.05294209425 0.2473985084 -0.9734961512 -0.1183553485 -0.195696845 0.05833193314 0.698885268 -0.712851154 0.2211393887 -0.7053732301 -0.6734582222 0.0002946860645 -0.5788049865 0
0.85533486 0.5792413205 -0.438709803 -0.03992213254 0.1993915196 0.4510491095 -0.005302787601 0.05335033763 0.2472768586 -0.9726705418 -0.1209760892 -0.1981837607 0.05960860144 0.6948326934 -0.7166968277 0.2244077356 -0.7089233485 -0.6686320768 0.0003011385859 -0.583484038 0
0.8614318081 0.5833702348 -0.4418369887 -0.04046232663 0.2005527922 0.4502514336 -0.005377571085 0.05371282546 0.2471679503 -0.9719214605 -0.1233323875 -0.2003941036 0.06075592057 0.6912236816 -0.7200823148 0.2273266211 -0.7120385834 -0.6643219574 0.0003069559022 -0.587643195 0
0.8675287563 0.587499149 -0.4449641744 -0.04100549767 0.2017087973 0.4494493618 -0.00545285498 0.05407493877 0.2470583134 -0.9711579096 -0.1257138254 -0.2026039208 0.06191497184 0.6876086957 -0.7234368099 0.2302582265 -0.7151155961 -0.6599930556 0.0003128507567 -0.5918023519 0
