0.006213141151 0.003737763585 -0.004126457696 -1.973971294e-06 0.001584344052 0.5099967187 -2.485392192e-07 0.0003945205738 0.2549995931 -0.9999999999 -4.6994018e-08 -1.149577646e-05 2.407402086e-08 0.9999808911 -0.006182021816 1.14958473e-05 -0.006182021816 -0.9999808911 2.599489114e-08 -0.005488188735 0
0.01217101675 0.007321961968 -0.008083380776 -7.574759943e-06 0.003103557094 0.5099874088 -9.586037045e-07 0.0007741639891 0.2549984305 -0.999999999 -3.555930739e-07 -4.41119617e-05 1.786182054e-07 0.9999266742 -0.01210975854 4.41130333e-05 -0.01210975854 -0.9999266732 5.639402416e-08 -0.01075089643 0
0.01812889235 0.01090616035 -0.01204030386 -1.680553548e-05 0.00462269512 0.5099720648 -2.134525705e-06 0.001154546716 0.254996505 -0.9999999952 -1.17619486e-06 -9.786410698e-05 5.891631327e-07 0.9998373216 -0.01803691571 9.786940153e-05 -0.01803691568 -0.9998373168 5.615219964e-08 -0.01601360413 0
0.02408676796 0.01449035873 -0.01599722694 -2.966603017e-05 0.00614172141 0.5099506873 -3.776309854e-06 0.001535116045 0.2549938165 -0.9999999851 -2.759353241e-06 -0.0001727458617 1.380984458e-06 0.9997128411 -0.02396320968 0.0001727623792 -0.02396320956 -0.9997128261 2.55017951e-08 -0.02127631183 0
0.03004464356 0.01807455712 -0.01995415002 -4.615587099e-05 0.00766059925 0.5099232769 -5.883281644e-06 0.001915680482 0.2549903662 -0.9999999639 -5.355529691e-06 -0.000268748379 2.679310493e-06 0.9995532433 -0.02988835691 0.0002687883818 -0.02988835655 -0.9995532071 3.227398714e-08 -0.02653901952 0
0.03600251916 0.0216587555 -0.0239110731 -6.627457965e-05 0.009179291929 0.5098898343 -8.454975608e-06 0.002296193485 0.2549861549 -0.9999999255 -9.215062946e-06 -0.0003858603163 4.609306653e-06 0.9993585419 -0.03581207395 0.0003859428136 -0.03581207306 -0.9993584675 1.088859623e-07 -0.03180172722 0
0.04196039476 0.02524295388 -0.02786799618 -9.002157261e-05 0.01069776274 0.5098503606 -1.149112267e-05 0.002676649548 0.2549811829 -0.9999998626 -1.458813867e-05 -0.000524067837 7.296059913e-06 0.9991287538 -0.04173407749 0.0005242200674 -0.04173407558 -0.9991286164 2.047041095e-07 -0.03706443492 0
0.04791827036 0.02882715227 -0.03182491926 -0.0001173961611 0.012215975 0.5098048569 -1.499156305e-05 0.003057052602 0.2549754506 -0.9999997663 -2.172475913e-05 -0.0006833546118 1.086456327e-05 0.9988638987 -0.04765408439 0.0006836135253 -0.04765408068 -0.998863665 3.18207036e-07 -0.04232714262 0
0.05387614596 0.03241135065 -0.03578184234 -0.0001483975512 0.013733892 0.5097533244 -1.895619292e-05 0.003437407486 0.2549689582 -0.9999996265 -3.087471293e-05 -0.0008637018206 1.543970024e-05 0.9985639993 -0.05357181169 0.0008641155585 -0.05357180502 -0.9985636259 4.487257668e-07 -0.04758985031 0
0.05983402157 0.03599554903 -0.03973876542 -0.0001830248436 0.01525147707 0.5096957648 -2.338493676e-05 0.003817717939 0.2549617057 -0.9999994319 -4.228754469e-05 -0.001065088154 2.114622929e-05 0.9982290815 -0.05948697665 0.001065717528 -0.05948696538 -0.9982285135 5.959134793e-07 -0.05285255801 0
0.06579189717 0.03957974742 -0.0436956885 -0.0002212770342 0.01676869355 0.5096321797 -2.827773314e-05 0.004197986384 0.2549536933 -0.9999991696 -5.621252483e-05 -0.001287489817 2.81087684e-05 0.997859174 -0.06539929677 0.001288409785 -0.06539927866 -0.9978583438 7.595959938e-07 -0.05811526571 0
0.07174977277 0.0431639458 -0.04765261158 -0.0002631530135 0.01828550477 0.5095625708 -3.363452726e-05 0.004578214121 0.2549449211 -0.9999988255 -7.289861938e-05 -0.001530880531 3.645177957e-05 0.9974543087 -0.07130848982 0.001532181672 -0.07130846188 -0.9974531346 9.397004474e-07 -0.06337797341 0
0.07770764837 0.04674814418 -0.05160953466 -0.0003086515669 0.01980187409 0.5094869403 -3.945526694e-05 0.004958401585 0.2549353891 -0.9999983843 -9.259445973e-05 -0.001795231534 4.629955331e-05 0.9970145203 -0.07721427387 0.001797021521 -0.07721423223 -0.9970129052 1.136217482e-06 -0.0686406811 0
0.08366552397 0.05033234257 -0.05556645775 -0.0003577713751 0.02131776488 0.5094052904 -4.573990024e-05 0.005338548562 0.2549250975 -0.9999978291 -0.0001155483125 -0.00208051159 5.777619324e-05 0.9965398467 -0.08311636729 0.002082916657 -0.08311630705 -0.9965376766 1.349180037e-06 -0.0739033888 0
0.08962339957 0.05391654095 -0.05952338083 -0.0004105110134 0.02283314053 0.5093176233 -5.248837414e-05 0.00571865435 0.2549140462 -0.9999971418 -0.0001420080497 -0.002386686986 7.100560064e-05 0.9960303287 -0.08901448883 0.002389853397 -0.08901440388 -0.9960274718 1.578650942e-06 -0.0791660965 0
0.09558127517 0.05750073933 -0.06348030391 -0.0004668689525 0.02434796444 0.5092239416 -5.970063371e-05 0.006098717888 0.2549022355 -0.999996303 -0.000172221118 -0.002713721539 8.611145907e-05 0.9954860101 -0.0949083576 0.002717817051 -0.09490824041 -0.9954823149 1.824715369e-06 -0.0844288042 0
0.1015391508 0.06108493772 -0.06743722699 -0.000526843558 0.02586220003 0.5091242481 -6.737662159e-05 0.006478737841 0.2548896654 -0.9999952921 -0.0002064345094 -0.0030615766 0.000103217219 0.9949069376 -0.1007976931 0.003066791922 -0.1007975346 -0.9949022323 2.087476086e-06 -0.08969151189 0
0.1074970264 0.0646691361 -0.07139415007 -0.0005904330907 0.02737581075 0.5090185457 -7.551627767e-05 0.006858712666 0.2548763361 -0.9999940868 -0.0002448947312 -0.003430211058 0.0001224460823 0.994293161 -0.1066822153 0.003436761308 -0.1066820045 -0.9942872515 2.367050388e-06 -0.09495421959 0
0.113454902 0.06825333448 -0.07535107315 -0.0006576357068 0.02888876004 0.5089068374 -8.411953885e-05 0.007238640659 0.2548622475 -0.9999926639 -0.0002878477756 -0.003819581342 0.0001439209872 0.993644733 -0.1125616446 0.003827707502 -0.1125613686 -0.9936374022 2.663568033e-06 -0.1002169273 0
0.1194127776 0.07183753286 -0.07930799623 -0.0007284494575 0.0304010114 0.5087891264 -9.318633891e-05 0.007618519997 0.2548473998 -0.9999909987 -0.0003355390902 -0.004229641431 0.0001677645928 0.9929617094 -0.1184357018 0.004239611793 -0.1184353453 -0.9929527152 2.977169829e-06 -0.105479635 0
0.1253706532 0.07542173125 -0.08326491931 -0.0008028722897 0.03191252831 0.5086654162 -0.0001027166084 0.007998348754 0.2548317932 -0.9999890652 -0.0003882135483 -0.004660342854 0.0001940992639 0.9922441489 -0.1243041084 0.004672454467 -0.1243036537 -0.9922332235 3.308006631e-06 -0.1107423427 0
0.1313285288 0.07900592963 -0.08722184239 -0.0008809020454 0.03342327432 0.5085357103 -0.0001127102745 0.008378124932 0.2548154278 -0.999986836 -0.000446115419 -0.005111634698 0.0002230470556 0.991492113 -0.1301665863 0.005126214809 -0.1301660129 -0.9914789615 3.656238614e-06 -0.1160050504 0
0.1372864044 0.08259012801 -0.09117876547 -0.0009625364624 0.03493321298 0.5084000125 -0.0001231672613 0.00875784647 0.2547983036 -0.9999842826 -0.0005094883376 -0.005583463614 0.0002547296982 0.9907056663 -0.1360228578 0.0056008711 -0.1360221422 -0.9906899652 4.022034716e-06 -0.1212677581 0
0.14324428 0.0861743264 -0.09513568855 -0.001047773174 0.03644230785 0.5082583268 -0.0001340874891 0.009137511258 0.2547804209 -0.9999813749 -0.0005785752757 -0.006075773821 0.0002892685823 0.9898848764 -0.1418726462 0.006096400624 -0.1418717614 -0.9898662724 4.405572214e-06 -0.1265304658 0
0.1492021556 0.08975852478 -0.09909261163 -0.001136609709 0.03795052255 0.5081106572 -0.0001454708752 0.009517117146 0.2547617797 -0.9999780819 -0.0006536185125 -0.006588507114 0.0003267847431 0.9890298138 -0.1477156751 0.006612779664 -0.1477145905 -0.9890079226 4.807036387e-06 -0.1317931735 0
0.1551600312 0.09334272316 -0.1030495347 -0.001229043492 0.03945782071 0.5079570081 -0.0001573173331 0.009896661952 0.2547423802 -0.999974371 -0.0007348596044 -0.007121602868 0.000367398846 0.9881405518 -0.1535516688 0.007149983506 -0.1535503499 -0.9881149568 5.226620226e-06 -0.1370558812 0
0.1611179068 0.09692692155 -0.1070064578 -0.001325071844 0.04096416599 0.5077973839 -0.0001696267732 0.01027614347 0.2547222226 -0.9999702085 -0.0008225393562 -0.007674998047 0.0004112311708 0.9872171667 -0.1593803523 0.007707986439 -0.1593787603 -0.9871874177 5.664524204e-06 -0.1423185889 0
0.1670757824 0.1005111199 -0.1109633809 -0.00142469198 0.04246952209 0.5076317891 -0.0001823991022 0.01065555946 0.254701307 -0.9999655591 -0.0009168977918 -0.008248627212 0.0004584015976 0.9862597378 -0.1652014512 0.008286761757 -0.1651995427 -0.9862253498 6.120956058e-06 -0.1475812966 0
0.173033658 0.1040953183 -0.114920304 -0.001527901015 0.04397385273 0.5074602287 -0.0001956342234 0.01103490768 0.2546796335 -0.9999603867 -0.001018174125 -0.008842422523 0.0005090295909 0.9852683472 -0.1710146919 0.008886281759 -0.1710124185 -0.9852287992 6.596130613e-06 -0.1528440043 0
0.1789915336 0.1076795167 -0.118877227 -0.001634695955 0.04547712166 0.5072827076 -0.0002093320367 0.01141418586 0.2546572024 -0.9999546534 -0.00112660673 -0.009456313753 0.0005632341854 0.98424308 -0.1768198016 0.009506517752 -0.1768171096 -0.9841978134 7.090269601e-06 -0.158106712 0
0.1849494092 0.1112637151 -0.1228341501 -0.001745073707 0.04697929269 0.5070992309 -0.0002234924383 0.01179339173 0.2546340138 -0.9999483205 -0.001242433112 -0.01009022829 0.0006211339709 0.983184024 -0.1826165082 0.01014744005 -0.1826133381 -0.9831324418 7.603601504e-06 -0.1633694197 0
0.1909072848 0.1148479135 -0.1267910732 -0.00185903107 0.04848032964 0.5069098039 -0.0002381153214 0.01217252299 0.2546100678 -0.9999413477 -0.001365889881 -0.01074409115 0.0006828470773 0.9820912701 -0.1884045404 0.01080901798 -0.1884008266 -0.9820327355 8.136361412e-06 -0.1686321274 0
0.1968651604 0.1184321118 -0.1307479963 -0.001976564744 0.04998019638 0.5067144322 -0.0002532005751 0.01255157736 0.2545853647 -0.9999336936 -0.00149721272 -0.01141782498 0.0007484911603 0.980964912 -0.1941836276 0.01149121988 -0.1941792981 -0.9808987471 8.68879087e-06 -0.1738948351 0
0.202823036 0.1220163102 -0.1347049194 -0.002097671322 0.0514788568 0.5065131214 -0.0002687480856 0.01293055252 0.2545599047 -0.9999253155 -0.001636636356 -0.01211135008 0.0008181833861 0.9798050461 -0.1999535001 0.01219401309 -0.199948476 -0.9797305308 9.261137742e-06 -0.1791575427 0
0.2087809116 0.1256005086 -0.1386618424 -0.002222347294 0.05297627485 0.5063058773 -0.0002847577351 0.01330944616 0.2545336879 -0.9999161695 -0.001784394534 -0.01282458439 0.0008920404172 0.9786117718 -0.2057138894 0.01291736399 -0.2057080843 -0.9785281425 9.853656078e-06 -0.1844202504 0
0.2147387872 0.129184707 -0.1426187655 -0.002350589049 0.05447241452 0.5060927059 -0.0003012294027 0.01368825596 0.2545067146 -0.9999062103 -0.001940719987 -0.0135574435 0.0009701783977 0.9773851914 -0.2114645273 0.01366123794 -0.2114578473 -0.9772916399 1.046660598e-05 -0.1896829581 0
0.2206966628 0.1327689054 -0.1465756886 -0.002482392872 0.05596723981 0.5058736135 -0.0003181629639 0.01406697961 0.2544789849 -0.9998953915 -0.002105844409 -0.0143098407 0.001052712939 0.9761254099 -0.2172051471 0.01442559936 -0.2171974897 -0.976021082 1.110025348e-05 -0.1949456658 0
0.2266545384 0.1363531038 -0.1505326117 -0.002617754943 0.0574607148 0.5056486063 -0.0003355582906 0.01444561478 0.2544504991 -0.9998836654 -0.002279998423 -0.01508168693 0.001139759104 0.9748325351 -0.2229354826 0.01521041165 -0.2229267369 -0.9747165297 1.175487041e-05 -0.2002083735 0
0.232612414 0.1399373021 -0.1544895348 -0.002756671342 0.05895280359 0.5054176909 -0.0003534152513 0.01482415913 0.2544212574 -0.9998709831 -0.002463411557 -0.01587289084 0.001231431395 0.9735066778 -0.2286552688 0.01601563726 -0.2286453148 -0.9733780455 1.243073426e-05 -0.2054710812 0
0.2385702896 0.1435215005 -0.1584464578 -0.002899138045 0.06044347034 0.5051808739 -0.000371733711 0.01520261033 0.25439126 -0.9998572946 -0.002656312214 -0.01668335876 0.001327843737 0.9721479512 -0.2343642416 0.01684123764 -0.2343529494 -0.9720056933 1.312812809e-05 -0.2107337889 0
0.2445281652 0.1471056989 -0.1624033809 -0.003045150926 0.06193267925 0.5049381623 -0.0003905135314 0.01558096606 0.2543605072 -0.9998425484 -0.002858927644 -0.01751299475 0.001429109466 0.9707564718 -0.240062138 0.01768717328 -0.2400493678 -0.9705995389 1.384734037e-05 -0.2159964966 0
0.2504860408 0.1506898973 -0.166360304 -0.003194705755 0.06342039456 0.5046895631 -0.0004097545703 0.01595922397 0.2543289991 -0.999826692 -0.003071483918 -0.01836170058 0.001535341312 0.9693323584 -0.2457486961 0.0185534037 -0.2457342973 -0.9691596496 1.458866489e-05 -0.2212592043 0
0.2564439164 0.1542740957 -0.1703172271 -0.003347798202 0.06490658056 0.5044350834 -0.0004294566824 0.01633738172 0.254296736 -0.9998096715 -0.003294205899 -0.01922937575 0.001646651386 0.9678757329 -0.2514236548 0.01943988743 -0.2514074658 -0.9676860942 1.535240062e-05 -0.226521912 0
0.262401792 0.1578582941 -0.1742741502 -0.003504423834 0.0663912016 0.5041747306 -0.0004496197188 0.01671543698 0.2542637182 -0.9997914322 -0.003527317212 -0.02011591749 0.001763151166 0.9663867197 -0.2570867544 0.02034658206 -0.2570686017 -0.9661789434 1.613885162e-05 -0.2317846197 0
0.2683596676 0.1614424924 -0.1782310732 -0.003664578116 0.06787422207 0.5039085122 -0.000470243527 0.0170933874 0.2542299459 -0.9997719178 -0.003771040223 -0.02102122082 0.001884951484 0.9648654461 -0.262737736 0.02127344417 -0.2627174342 -0.9646382692 1.694832687e-05 -0.2370473274 0
0.2743175432 0.1650266908 -0.1821879963 -0.003828256411 0.06935560642 0.5036364361 -0.0004913279511 0.01747123065 0.2541954194 -0.9997510709 -0.004025596004 -0.02194517848 0.002012162511 0.9633120419 -0.2683763423 0.02222042943 -0.2683536929 -0.9630641453 1.778114023e-05 -0.2423100351 0
0.2802754188 0.1686108892 -0.1861449194 -0.003995453979 0.07083531914 0.50335851 -0.0005128728317 0.01784896437 0.2541601389 -0.999728833 -0.004291204313 -0.02288768102 0.002144893742 0.9617266399 -0.2740023166 0.02318749249 -0.2739771079 -0.9614566472 1.863761024e-05 -0.2475727428 0
0.2862332944 0.1721950876 -0.1901018425 -0.004166165983 0.07231332478 0.503074742 -0.0005348780061 0.01822658623 0.2541241048 -0.9997051446 -0.004568083563 -0.02384861677 0.002283253984 0.9601093754 -0.2796154039 0.02417458708 -0.2795874102 -0.9598158518 1.951806011e-05 -0.2528354505 0
0.29219117 0.175779286 -0.1940587656 -0.004340387479 0.07378958795 0.5027851402 -0.0005573433078 0.01860409389 0.2540873172 -0.9996799446 -0.004856450795 -0.02482787184 0.002427351341 0.9584603863 -0.2852153501 0.02518166595 -0.2851843313 -0.9581418376 2.04228175e-05 -0.2580981582 0
0.2981490456 0.1793634844 -0.1980156887 -0.004518113426 0.07526407331 0.5024897132 -0.000580268567 0.01898148499 0.2540497765 -0.9996531712 -0.005156521654 -0.02582533019 0.002577293204 0.9567798133 -0.2908019023 0.02620868091 -0.2907676033 -0.9564346846 2.135221449e-05 -0.2633608659 0
0.3041069212 0.1829476827 -0.2019726117 -0.004699338681 0.07673674559 0.5021884694 -0.0006036536104 0.01935875719 0.254011483 -0.999624761 -0.00546851036 -0.02684087359 0.002733186229 0.9550677998 -0.2963748092 0.0272555828 -0.2963369589 -0.9546944747 2.230658746e-05 -0.2686235736 0
0.3100647968 0.1865318811 -0.2059295348 -0.004884057999 0.07820756955 0.5018814176 -0.0006274982612 0.01973590816 0.2539724369 -0.99959465 -0.005792629684 -0.02787438163 0.002895136335 0.9533244916 -0.3019338205 0.02832232151 -0.3018921317 -0.952921291 2.328627695e-05 -0.2738862813 0
0.3160226724 0.1901160795 -0.2098864579 -0.005072266036 0.07967651004 0.5015685666 -0.0006518023392 0.02011293555 0.2539326386 -0.9995627726 -0.006129090918 -0.02892573179 0.00306324868 0.9515500373 -0.3074786871 0.029408846 -0.3074328557 -0.9511152186 2.429162758e-05 -0.279148989 0
0.321980548 0.1937002779 -0.213843381 -0.005263957346 0.08114353195 0.5012499255 -0.0006765656605 0.02048983701 0.2538920883 -0.9995290622 -0.006478103855 -0.02999479939 0.003237627655 0.949744588 -0.3130091616 0.03051510425 -0.3129588658 -0.9492763437 2.532298796e-05 -0.2844116967 0
0.3279384236 0.1972844763 -0.2178003041 -0.005459126385 0.08260860025 0.5009255034 -0.0007017880382 0.0208666102 0.2538507864 -0.9994934512 -0.006839876757 -0.03108145764 0.003418376867 0.9479082975 -0.3185249977 0.03164104333 -0.3184698974 -0.9474047545 2.638071057e-05 -0.2896744044 0
0.3338962992 0.2008686747 -0.2217572271 -0.005657767506 0.08407167995 0.5005953099 -0.0007274692813 0.02124325278 0.2538087331 -0.9994558709 -0.007214616333 -0.03218557764 0.003605599126 0.946041322 -0.3240259506 0.03278660934 -0.3239656869 -0.9455005404 2.746515167e-05 -0.2949371121 0
0.3398541748 0.204452873 -0.2257141502 -0.005859874965 0.08553273614 0.5002593544 -0.0007536091957 0.02161976241 0.2537659289 -0.9994162513 -0.007602527713 -0.0333070284 0.003799396435 0.9441438204 -0.3295117766 0.03395174746 -0.3294459712 -0.9435637927 2.857667118e-05 -0.3001998198 0
0.3458120504 0.2080370714 -0.2296710733 -0.006065442916 0.08699173398 0.4999176467 -0.0007802075839 0.02199613674 0.253722374 -0.9993745215 -0.00800381442 -0.03444567686 0.003999869973 0.942215954 -0.3349822339 0.03513640192 -0.3349104879 -0.941594604 2.971563264e-05 -0.3054625275 0
0.351769926 0.2116212698 -0.2336279964 -0.006274465416 0.08844863867 0.4995701966 -0.0008072642447 0.02237237343 0.2536780687 -0.9993306095 -0.00841867835 -0.03560138788 0.004207120086 0.9402578867 -0.3404370817 0.03634051602 -0.3403589756 -0.9395930686 3.088240307e-05 -0.3107252352 0
0.3577278016 0.2152054682 -0.2375849195 -0.006486936421 0.08990341551 0.4992170142 -0.0008347789735 0.02274847015 0.2536330135 -0.999284442 -0.008847319743 -0.0367740243 0.004421246269 0.9382697849 -0.3458760809 0.03756403215 -0.3457911735 -0.9375592823 3.207735288e-05 -0.3159879429 0
0.3636856772 0.2187896666 -0.2415418425 -0.006702849788 0.09135602985 0.4988581097 -0.0008627515623 0.02312442456 0.2535872086 -0.999235945 -0.009289937159 -0.03796344689 0.00464234716 0.9362518173 -0.3512989939 0.03880689172 -0.3512068217 -0.9354933423 3.330085581e-05 -0.3212506506 0
0.3696435528 0.222373865 -0.2454987656 -0.006922199277 0.0928064471 0.4984934934 -0.0008911817996 0.02350023431 0.2535406544 -0.9991850431 -0.009746727453 -0.03916951445 0.004870520523 0.9342041554 -0.3567055845 0.04006903528 -0.3566056608 -0.9333953477 3.455328883e-05 -0.3265133583 0
0.3756014284 0.2259580633 -0.2494556887 -0.007144978546 0.09425463278 0.498123176 -0.0009200694704 0.02387589707 0.2534933513 -0.9991316602 -0.01021788575 -0.04039208373 0.005105863235 0.9321269728 -0.3620956181 0.0413504024 -0.3619874326 -0.9312653987 3.583503205e-05 -0.331776066 0
0.381559304 0.2295422617 -0.2534126118 -0.007371181157 0.09570055243 0.4977471681 -0.0009494143562 0.02425141049 0.2534452996 -0.9990757188 -0.01070360544 -0.04163100954 0.005348471277 0.9300204458 -0.3674688617 0.04265093175 -0.3673518793 -0.9291035974 3.714646863e-05 -0.3370387737 0
0.3875171796 0.2331264601 -0.2573695349 -0.007600800575 0.0971441717 0.4973654805 -0.0009792162351 0.02462677226 0.2533964997 -0.9990171406 -0.0112040781 -0.04288614468 0.005598439719 0.9278847528 -0.3728250836 0.04397056111 -0.3726987444 -0.9269100472 3.848798473e-05 -0.3423014814 0
0.3934750553 0.2367106585 -0.2613264579 -0.007833830164 0.09858545629 0.4969781244 -0.001009474882 0.02500198002 0.2533469519 -0.9989558463 -0.01171949353 -0.04415734002 0.005855862708 0.9257200749 -0.378164054 0.0453092273 -0.3780277719 -0.9246848531 3.985996938e-05 -0.3475641891 0
0.3986881964 0.2398468321 -0.2647887656 -0.008040523171 0.09984463826 0.4966345465 -0.00103632571 0.02533015865 0.2533029845 -0.9988999225 -0.0121828876 -0.04528269162 0.006087296183 0.9238023491 -0.382821322 0.04649612603 -0.382675838 -0.9227119341 4.10857577e-05 -0.3521690583 0
0.404646072 0.2434310305 -0.2687456887 -0.008279928611 0.1012814532 0.496236592 -0.001067440177 0.02570507137 0.2532520355 -0.9988333179 -0.01272682593 -0.04658359114 0.006358946944 0.9215838204 -0.3881273319 0.04787031288 -0.3879707332 -0.9204276958 4.251592931e-05 -0.357431766 0
0.4106039476 0.2470152288 -0.2727026118 -0.008522724604 0.1027158353 0.4958330015 -0.001099010744 0.02607982338 0.2532003399 -0.9987637634 -0.01328624246 -0.04790011138 0.00663831768 0.9193368401 -0.3934154383 0.04926334994 -0.3932470599 -0.918112124 4.397770347e-05 -0.3626944737 0
0.4165618232 0.2505994272 -0.2766595349 -0.008768904139 0.1041477506 0.4954237867 -0.001131037173 0.02645441235 0.2531478979 -0.9986911758 -0.01386131979 -0.04923209577 0.006925498853 0.9170615983 -0.3986854179 0.05067517051 -0.3985045655 -0.9157653293 4.547147978e-05 -0.3679571814 0
0.4225196988 0.2541836256 -0.280616458 -0.009018460108 0.1055771651 0.4950089594 -0.001163519222 0.02682883595 0.2530947099 -0.9986154708 -0.0144522386 -0.05057938592 0.007220579941 0.9147582872 -0.4039370486 0.05210570703 -0.4037429985 -0.9133874241 4.699766037e-05 -0.3732198891 0
0.4284775744 0.257767824 -0.284573381 -0.009271385306 0.1070040451 0.4945885315 -0.001196456644 0.02720309186 0.2530407765 -0.9985365633 -0.01505917764 -0.05194182153 0.007523649433 0.9124271014 -0.4091701105 0.05355489104 -0.408962108 -0.9109785222 4.855664986e-05 -0.3784825968 0
0.43443545 0.2613520224 -0.2885303041 -0.009527672431 0.1084283568 0.4941625153 -0.001229849192 0.02757717774 0.2529860979 -0.9984543673 -0.0156823137 -0.05331924052 0.007834794815 0.9100682378 -0.4143843851 0.05502265318 -0.4141616443 -0.9085387389 5.014885526e-05 -0.3837453045 0
0.4403933256 0.2649362208 -0.2924872272 -0.009787314086 0.1098500665 0.4937309229 -0.001263696611 0.02795109127 0.2529306746 -0.9983687957 -0.01632182159 -0.05471147895 0.008154102557 0.9076818953 -0.4195796557 0.05650892319 -0.4193413586 -0.9060681909 5.177468596e-05 -0.3890080122 0
0.4463512012 0.2685204191 -0.2964441503 -0.01005030278 0.1112691406 0.4932937669 -0.001297998646 0.02832483012 0.2528745071 -0.9982797605 -0.0169778741 -0.0561183711 0.008481658102 0.9052682753 -0.4247557077 0.05801362994 -0.4245010029 -0.9035669965 5.343455363e-05 -0.3942707199 0
0.4523090768 0.2721046175 -0.3004010734 -0.01031663092 0.1126855457 0.4928510598 -0.001332755038 0.02869839197 0.2528175957 -0.9981871729 -0.01765064203 -0.05753974946 0.00881754586 0.9028275812 -0.4299123277 0.05953670143 -0.4296403304 -0.9010352755 5.512887217e-05 -0.3995334276 0
0.4582669524 0.2756888159 -0.3043579964 -0.01058629082 0.1140992483 0.4924028145 -0.001367965524 0.0290717745 0.2527599409 -0.998090943 -0.01834029411 -0.05897544477 0.009161849189 0.9003600185 -0.4350493047 0.06107806474 -0.434759095 -0.8984731489 5.685805763e-05 -0.4047961353 0
0.464224828 0.2792730143 -0.3083149195 -0.01085927471 0.1155102151 0.4919490439 -0.001403629837 0.02944497538 0.2527015432 -0.9979909803 -0.019046997 -0.06042528601 0.009514650391 0.8978657951 -0.4401664292 0.06263764612 -0.4398570517 -0.8958807395 5.862252822e-05 -0.410058843 0
0.4701827036 0.2828572127 -0.3122718426 -0.01113557471 0.1169184128 0.491489761 -0.001439747707 0.02981799231 0.2526424029 -0.9978871931 -0.01977091529 -0.06188910044 0.009876030697 0.8953451207 -0.4452634937 0.06421537092 -0.4449339566 -0.8932581712 6.042270418e-05 -0.4153215507 0
0.4761405792 0.2864414111 -0.3162287657 -0.01141518285 0.1183238083 0.4910249791 -0.001476318862 0.03019082295 0.2525825206 -0.9977794891 -0.02051221143 -0.06336671363 0.01024607026 0.8927982074 -0.4503402923 0.06581116363 -0.4499895666 -0.8906055697 6.225900776e-05 -0.4205842584 0
0.4820984548 0.2900256094 -0.3201856888 -0.01169809107 0.1197263686 0.4905547116 -0.001513343024 0.03056346499 0.2525218966 -0.9976677749 -0.02127104578 -0.06485794944 0.01062484813 0.8902252691 -0.4553966214 0.06742494787 -0.4550236399 -0.8879230617 6.413186318e-05 -0.4258469661 0
0.4880563304 0.2936098078 -0.3241426119 -0.01198429121 0.1211260607 0.490078972 -0.001550819913 0.03093591612 0.2524605316 -0.9975519564 -0.02204757651 -0.06636263006 0.01101244228 0.887626522 -0.460432279 0.06905664641 -0.4600359354 -0.8852107759 6.604169658e-05 -0.4311096738 0
0.494014206 0.2971940062 -0.3280995349 -0.01227377503 0.1225228516 0.4895977742 -0.001588749247 0.03130817402 0.2523984258 -0.9974319387 -0.02284195966 -0.06788057606 0.01140892955 0.8850021841 -0.4654470652 0.07070618115 -0.4650262133 -0.8824688419 6.798893593e-05 -0.4363723815 0
0.4999720816 0.3007782046 -0.332056458 -0.01256653418 0.1239167087 0.4891111319 -0.001627130737 0.03168023638 0.2523355799 -0.9973076259 -0.02365434904 -0.06941160635 0.01181438567 0.8823524755 -0.4704407818 0.07237347315 -0.4699942347 -0.879697391 6.997401105e-05 -0.4416350892 0
0.5059299572 0.304362403 -0.3360133811 -0.01286256023 0.1253075991 0.4886190591 -0.001665964093 0.03205210089 0.2522719942 -0.9971789215 -0.02448489628 -0.07095553826 0.01222888523 0.8796776184 -0.4754132329 0.07405844261 -0.474939762 -0.8768965558 7.199735351e-05 -0.4468977969 0
0.5118878328 0.3079466014 -0.3399703042 -0.01316184464 0.1266954904 0.4881215701 -0.001705249022 0.03242376525 0.2522076693 -0.997045728 -0.02533375077 -0.07251218751 0.01265250169 0.8769778368 -0.4803642243 0.07576100888 -0.4798625583 -0.8740664704 7.405939661e-05 -0.4521605046 0
0.5178457084 0.3115307997 -0.3439272273 -0.01346437879 0.1280803501 0.4876186792 -0.001744985226 0.03279522713 0.2521426057 -0.9969079473 -0.02620105964 -0.07408136826 0.01308530734 0.8742533566 -0.4852935639 0.07748109047 -0.4847623881 -0.8712072703 7.616057535e-05 -0.4574232123 0
0.523803584 0.3151149981 -0.3478841503 -0.01377015397 0.1294621456 0.4871104008 -0.001785172404 0.03316648425 0.2520768039 -0.9967654803 -0.02708696777 -0.07566289313 0.01352737333 0.8715044059 -0.4902010616 0.07921860508 -0.4896390168 -0.8683190922 7.830132637e-05 -0.4626859199 0
0.5297614596 0.3186991965 -0.3518410734 -0.01407916137 0.1308408448 0.4865967497 -0.001825810253 0.03353753428 0.2520102643 -0.9966182274 -0.02799161775 -0.0772565732 0.01397876963 0.8687312142 -0.4950865293 0.08097346953 -0.4944922111 -0.8654020744 8.048208792e-05 -0.4679486276 0
0.5357193352 0.3222833949 -0.3557979965 -0.01439139211 0.1322164154 0.4860777405 -0.001866898464 0.03390837494 0.2519429875 -0.9964660881 -0.02891514987 -0.07886221806 0.01443956503 0.8659340133 -0.499949781 0.08274559983 -0.4993217387 -0.8624563566 8.270329982e-05 -0.4732113353 0
0.5416772108 0.3258675933 -0.3597549196 -0.01470683717 0.1335888253 0.4855533882 -0.001908436727 0.03427900391 0.251874974 -0.996308961 -0.02985770208 -0.08047963581 0.01490982713 0.8631130367 -0.5047906328 0.08453491118 -0.5041273684 -0.8594820797 8.496540342e-05 -0.478474043 0
0.5476350864 0.3294517917 -0.3637118427 -0.0150254875 0.1349580425 0.485023708 -0.001950424728 0.03464941891 0.2518062243 -0.9961467444 -0.03081941001 -0.08210863307 0.01538962234 0.8602685196 -0.5096089027 0.08634131793 -0.5089088702 -0.856479386 8.726884159e-05 -0.4837367507 0
0.553592962 0.33303599 -0.3676687657 -0.01534733392 0.1363240351 0.484488715 -0.001992862147 0.03501961763 0.251736739 -0.9959793354 -0.03180040691 -0.08374901505 0.01587901584 0.8574006991 -0.514404411 0.08816473364 -0.5136660154 -0.8534484193 8.961405864e-05 -0.4889994584 0
0.5595508376 0.3366201884 -0.3716256888 -0.01567236716 0.1376867713 0.4839484247 -0.002035748665 0.03538959777 0.2516665185 -0.9958066308 -0.03280082369 -0.0854005855 0.01637807162 0.854509814 -0.51917698 0.09000507102 -0.5183985762 -0.8503893246 9.200150035e-05 -0.4942621661 0
0.5655087132 0.3402043868 -0.3755826119 -0.01600057788 0.1390462194 0.4834028526 -0.002079083957 0.03575935704 0.2515955634 -0.9956285265 -0.03382078884 -0.08706314682 0.01688685244 0.8515961049 -0.5239264341 0.091862242 -0.523106326 -0.8473022484 9.443161388e-05 -0.4995248738 0
0.5714665888 0.3437885852 -0.379539535 -0.01633195664 0.1404023479 0.4828520144 -0.002122867693 0.03612889316 0.2515238743 -0.9954449177 -0.03486042844 -0.08873649998 0.01740541982 0.8486598141 -0.5286525998 0.0937361577 -0.5277890397 -0.8441873384 9.690484776e-05 -0.5047875815 0
0.5774244644 0.3473727836 -0.3834964581 -0.0166664939 0.1417551252 0.482295926 -0.002167099544 0.03649820382 0.2514514517 -0.995255699 -0.03591986615 -0.09042044464 0.01793383403 0.8457011855 -0.5333553059 0.09562672843 -0.5324464931 -0.8410447436 9.942165189e-05 -0.5100502892 0
0.58338234 0.350956982 -0.3874533811 -0.01700418005 0.14310452 0.4817346032 -0.002211779174 0.03686728674 0.2513782962 -0.9950607645 -0.0369992232 -0.09211477909 0.01847215411 0.8427204648 -0.5380343834 0.0975338637 -0.5370784632 -0.8378746146 0.0001019824775 -0.5153129969 0
0.5893402157 0.3545411803 -0.3914103042 -0.01734500539 0.144450501 0.4811680623 -0.002256906244 0.03723613964 0.2513044082 -0.9948600073 -0.03809861835 -0.09381930035 0.01902043784 0.8397178992 -0.5426896652 0.09945747223 -0.5416847284 -0.834677103 0.000104587777 -0.5205757046 0
0.5952980913 0.3581253787 -0.3953672273 -0.01768896011 0.1457930371 0.4805963196 -0.002302480413 0.03760476023 0.2512297885 -0.9946533203 -0.03921816789 -0.09553380412 0.01957874171 0.8366937376 -0.5473209866 0.101397462 -0.5462650683 -0.8314523618 0.0001072380043 -0.5258384123 0
0.6012559669 0.3617095771 -0.3993241504 -0.01803603433 0.1471320972 0.4800193914 -0.002348501336 0.03797314622 0.2511544375 -0.9944405955 -0.04035798562 -0.09725808484 0.02014712095 0.8336482303 -0.5519281852 0.1033537401 -0.5508192635 -0.8282005454 0.0001099336143 -0.53110112 0
0.6072138425 0.3652937755 -0.4032810735 -0.01838621808 0.1484676503 0.4794372944 -0.002394968665 0.03834129533 0.2510783558 -0.9942217243 -0.04151818284 -0.09899193571 0.02072562953 0.8305816295 -0.5565111005 0.1053262129 -0.5553470962 -0.8249218094 0.0001126750632 -0.5363638277 0
0.6131717181 0.3688779739 -0.4072379965 -0.0187395013 0.1497996657 0.4788500452 -0.002441882047 0.03870920529 0.2510015441 -0.9939965978 -0.04269886832 -0.1007351487 0.02131432009 0.8274941886 -0.5610695747 0.107314786 -0.5598483496 -0.8216163108 0.0001154628086 -0.5416265354 0
0.6191295937 0.3724621722 -0.4111949196 -0.01909587384 0.1511281126 0.4782576608 -0.002489241127 0.03907687382 0.2509240029 -0.9937651062 -0.04390014831 -0.1024875146 0.02191324401 0.8243861625 -0.5656034519 0.1093193643 -0.5643228083 -0.8182842077 0.0001182973089 -0.5468892431 0
0.6250874693 0.3760463706 -0.4151518427 -0.01945532548 0.1524529605 0.4776601581 -0.002537045547 0.03944429864 0.2508457327 -0.9935271393 -0.04512212649 -0.1042488231 0.02252245134 0.8212578079 -0.5701125784 0.1113398518 -0.5687702582 -0.8149256597 0.0001211790239 -0.5521519508 0
0.6310453449 0.379630569 -0.4191087658 -0.01981784589 0.1537741788 0.4770575543 -0.002585294943 0.03981147748 0.2507667343 -0.9932825864 -0.04636490402 -0.1060188626 0.02314199082 0.8181093827 -0.5745968032 0.1133761518 -0.5731904864 -0.8115408274 0.0001241084146 -0.5574146585 0
0.6370032205 0.3832147674 -0.4230656889 -0.02018342467 0.1550917373 0.4764498667 -0.002633988952 0.04017840806 0.2506870082 -0.9930313362 -0.04762857944 -0.1077974203 0.0237719099 0.8149411461 -0.5790559772 0.1154281669 -0.5775832813 -0.8081298729 0.0001270859429 -0.5626773662 0
0.6429610961 0.3867989658 -0.427022612 -0.02055205133 0.1564056056 0.4758371128 -0.002683127204 0.04054508813 0.2506065549 -0.9927732768 -0.04891324873 -0.1095842827 0.02441225467 0.811753359 -0.5834899537 0.1174957988 -0.5819484327 -0.8046929594 0.0001301120718 -0.5679400739 0
0.6489189717 0.3903831642 -0.430979535 -0.02092371529 0.1577157536 0.47521931 -0.002732709326 0.0409115154 0.2505253752 -0.992508296 -0.05021900524 -0.1113792347 0.02506306991 0.8085462834 -0.5878985884 0.1195789485 -0.5862857317 -0.8012302515 0.0001331872657 -0.5732027816 0
0.6548768473 0.3939673625 -0.4349364581 -0.02129840589 0.1590221513 0.4745964762 -0.002782734944 0.04127768762 0.2504434697 -0.992236281 -0.05154593974 -0.1131820605 0.02572439905 0.8053201827 -0.5922817392 0.1216775165 -0.5905949707 -0.7977419148 0.0001363119897 -0.5784654893 0
0.6608347229 0.3975515609 -0.4388933812 -0.02167611239 0.1603247689 0.4739686291 -0.002833203678 0.04164360253 0.2503608389 -0.9919571185 -0.05289414034 -0.1149925432 0.02639628418 0.8020753218 -0.5966392665 0.1237914022 -0.5948759434 -0.7942281163 0.00013948671 -0.583728197 0
0.6667925985 0.4011357593 -0.4428503043 -0.02205682396 0.1616235765 0.4733357869 -0.002884115145 0.04200925785 0.2502774836 -0.9916706948 -0.05426369253 -0.1168104648 0.02707876603 0.7988119666 -0.6009710329 0.1259205044 -0.599128445 -0.7906890241 0.0001427118941 -0.5889909047 0
0.6727504741 0.4047199577 -0.4468072274 -0.02244052968 0.1629185445 0.4726979676 -0.002935468961 0.04237465134 0.2501934043 -0.9913768958 -0.05565467914 -0.1186356063 0.027771884 0.7955303844 -0.6052769035 0.1280647214 -0.603352272 -0.7871248078 0.0001459880102 -0.5942536124 0
0.6787083497 0.4083041561 -0.4507641504 -0.02282721856 0.1642096434 0.4720551895 -0.002987264735 0.04273978073 0.2501086017 -0.9910756069 -0.05706718033 -0.120467748 0.02847567609 0.7922308438 -0.6095567455 0.1302239503 -0.6075472221 -0.7835356378 0.0001493155276 -0.5995163201 0
0.6846662253 0.4118883545 -0.4547210735 -0.02321687952 0.1654968438 0.471407471 -0.003039502075 0.04310464378 0.2500230764 -0.9907667131 -0.0585012736 -0.1223066688 0.02919017896 0.7889136143 -0.6138104289 0.132398088 -0.6117130947 -0.7799216859 0.0001526949166 -0.6047790278 0
0.6906241009 0.4154725528 -0.4586779966 -0.02360950139 0.1667801164 0.4707548307 -0.003092180586 0.04346923822 0.2499368291 -0.9904500989 -0.05995703376 -0.1241521472 0.02991542787 0.7855789668 -0.6180378257 0.1345870303 -0.6158496902 -0.7762831251 0.0001561266486 -0.6100417355 0
0.6965819765 0.4190567512 -0.4626349197 -0.02400507293 0.168059432 0.4700972873 -0.003145299869 0.04383356182 0.2498498605 -0.9901256486 -0.0614345329 -0.1260039605 0.03065145673 0.7822271734 -0.6222388105 0.1367906725 -0.6199568108 -0.7726201296 0.0001596111957 -0.6153044432 0
0.7025398521 0.4226409496 -0.4665918428 -0.02440358283 0.1693347617 0.4694348596 -0.003198859519 0.04419761231 0.2497621712 -0.9897932461 -0.06293384044 -0.1278618852 0.03139829804 0.7788585071 -0.6264132603 0.1390089092 -0.6240342599 -0.7689328746 0.0001631490311 -0.6205671509 0
0.7084977277 0.426225148 -0.4705487658 -0.02480501965 0.1706060765 0.4687675665 -0.003252859133 0.04456138746 0.2496737619 -0.9894527748 -0.06445502305 -0.1297256969 0.03215598291 0.7754732421 -0.6305610545 0.141241634 -0.6280818424 -0.7652215366 0.000166740629 -0.6258298586 0
0.7144556033 0.4298093464 -0.4745056889 -0.02520937193 0.1718733477 0.4680954272 -0.003307298299 0.04492488502 0.2495846333 -0.9891041179 -0.06599814468 -0.1315951705 0.03292454107 0.7720716537 -0.6346820749 0.1434887403 -0.6320993644 -0.7614862933 0.0001703864644 -0.6310925663 0
0.7204134789 0.4333935448 -0.478462612 -0.02561662809 0.1731365466 0.4674184609 -0.003362176607 0.04528810275 0.249494786 -0.9887471581 -0.06756326655 -0.1334700801 0.03370400085 0.768654018 -0.6387762057 0.1457501204 -0.6360866338 -0.7577273234 0.0001740870133 -0.636355274 0
0.7263713545 0.4369777431 -0.4824195351 -0.02602677648 0.1743956447 0.466736687 -0.003417493639 0.04565103842 0.2494042208 -0.9883817781 -0.06915044714 -0.135350199 0.03449438914 0.7652206122 -0.6428433337 0.1480256661 -0.6400434597 -0.7539448069 0.0001778427524 -0.6416179817 0
0.7323292301 0.4405619415 -0.4863764582 -0.02643980536 0.1756506136 0.4660501249 -0.003473248976 0.04601368978 0.2493129383 -0.98800786 -0.07075974215 -0.1372352998 0.03529573147 0.7617717147 -0.6468833481 0.1503152686 -0.6439696527 -0.7501389248 0.0001816541596 -0.6468806894 0
0.7382871057 0.4441461399 -0.4903333812 -0.02685570294 0.1769014251 0.4653587943 -0.003529442195 0.0463760546 0.2492209392 -0.9876252857 -0.07239120452 -0.1391251543 0.03610805192 0.7583076045 -0.6508961404 0.1526188181 -0.6478650249 -0.7463098591 0.0001855217135 -0.6521433971 0
0.7442449813 0.4477303383 -0.4942903043 -0.02727445732 0.1781480511 0.4646627149 -0.003586072871 0.04673813065 0.2491282243 -0.9872339369 -0.07404488445 -0.1410195337 0.03693137316 0.7548285616 -0.6548816048 0.1549362045 -0.6517293899 -0.7424577933 0.0001894458937 -0.6574061048 0
0.7502028569 0.4513145367 -0.4982472274 -0.02769605653 0.1793904636 0.4639619067 -0.003643140575 0.04709991571 0.2490347943 -0.9868336951 -0.07572082931 -0.1429182085 0.03776571644 0.751334867 -0.6588396378 0.1572673169 -0.6555625627 -0.7385829116 0.0001934271803 -0.6626688124 0
0.7561607325 0.4548987351 -0.5022041505 -0.02812048853 0.1806286347 0.4632563897 -0.003700644872 0.04746140753 0.2489406498 -0.9864244413 -0.07741908372 -0.1448209485 0.03861110159 0.7478268023 -0.6627701385 0.1596120437 -0.6593643599 -0.7346853996 0.0001974660548 -0.6679315201 0
0.7621186081 0.4584829334 -0.5061610736 -0.0285477412 0.1818625367 0.4625461839 -0.003758585327 0.04782260391 0.2488457916 -0.9860060565 -0.07913968949 -0.1467275231 0.03946754699 0.7443046503 -0.6666730085 0.1619702727 -0.6631345996 -0.7307654436 0.0002015629993 -0.6731942278 0
0.7680764837 0.4620671318 -0.5101179966 -0.02897780234 0.1830921421 0.4618313098 -0.003816961501 0.04818350261 0.2487502204 -0.9855784216 -0.08088268561 -0.1486377009 0.04033506961 0.7407686941 -0.6705481519 0.1643418909 -0.6668731012 -0.7268232315 0.0002057184965 -0.6784569355 0
0.7740343593 0.4656513302 -0.5140749197 -0.02941065966 0.1843174234 0.4611117877 -0.003875772952 0.04854410142 0.2486539369 -0.9851414169 -0.08264810828 -0.15055125 0.04121368497 0.7372192179 -0.6743954752 0.166726785 -0.6705796858 -0.7228589518 0.0002099330303 -0.6837196432 0
0.7799922349 0.4692355286 -0.5180318428 -0.02984630082 0.1855383532 0.4603876381 -0.003935019232 0.04890439813 0.2485569419 -0.984694923 -0.08443599088 -0.1524679379 0.04210340715 0.7336565065 -0.6782148875 0.1691248407 -0.6742541761 -0.7188727942 0.0002142070852 -0.6889823509 0
0.7859501105 0.472819727 -0.5219887659 -0.03028471337 0.1867549046 0.4596588817 -0.003994699892 0.0492643905 0.2484592362 -0.98423882 -0.08624636397 -0.1543875318 0.04300424878 0.7300808454 -0.6820063004 0.1715359433 -0.6778963962 -0.7148649496 0.0002185411468 -0.6942450586 0
0.7919079861 0.4764039254 -0.525945689 -0.03072588483 0.1879670503 0.4589255393 -0.00405481448 0.04962407634 0.2483608204 -0.9837729879 -0.08807925526 -0.1563097982 0.04391622105 0.7264925208 -0.6857696281 0.1739599774 -0.6815061717 -0.7108356098 0.0002229357011 -0.6995077663 0
0.7978658617 0.4799881237 -0.5299026121 -0.0311698026 0.1891747636 0.4581876318 -0.00411536254 0.04998345344 0.2482616953 -0.9832973068 -0.08993468965 -0.1582345033 0.04483933371 0.7228918195 -0.6895047872 0.176396827 -0.6850833299 -0.7067849676 0.0002273912353 -0.704770474 0
0.8038237373 0.4835723221 -0.5338595351 -0.03161645403 0.1903780177 0.4574451802 -0.004176343613 0.05034251958 0.2481618618 -0.9828116564 -0.09181268918 -0.1601614127 0.04577359504 0.7192790288 -0.6932116969 0.1788463755 -0.6886276997 -0.7027132169 0.0002319082371 -0.7100331817 0
0.8097816129 0.4871565205 -0.5378164582 -0.03206582638 0.1915767859 0.4566982058 -0.004237757234 0.05070127257 0.2480613204 -0.9823159165 -0.09371327307 -0.1620902918 0.04671901187 0.7156544369 -0.6968902789 0.1813085055 -0.6921391113 -0.6986205526 0.0002364871951 -0.7152958894 0
0.8157394885 0.4907407189 -0.5417733813 -0.03251790686 0.1927710419 0.4559467297 -0.00429960294 0.0510597102 0.2479600721 -0.9818099666 -0.09563645767 -0.1640209054 0.04767558958 0.7120183322 -0.7005404576 0.1837830993 -0.6956173967 -0.6945071705 0.0002411285988 -0.7205585971 0
0.8216973641 0.4943249173 -0.5457303044 -0.03297268258 0.1939607593 0.4551907735 -0.00436188026 0.05141783027 0.2478581176 -0.9812936864 -0.09758225647 -0.165953018 0.04864333208 0.7083710037 -0.7041621598 0.1862700384 -0.6990623894 -0.6903732675 0.0002458329385 -0.7258213048 0
0.8276552397 0.4979091157 -0.5496872275 -0.03343014059 0.195145912 0.4544303586 -0.004424588721 0.05177563058 0.2477554577 -0.9807669554 -0.09955068012 -0.1678863941 0.04962224183 0.704712741 -0.7077553149 0.1887692039 -0.7024739246 -0.6862190415 0.0002506007049 -0.7310840125 0
0.8336131153 0.501493314 -0.5536441505 -0.03389026787 0.1963264738 0.4536655066 -0.004487727848 0.05213310895 0.2476520931 -0.980229653 -0.1015417364 -0.1698207973 0.05061231982 0.701043834 -0.7113198548 0.1912804761 -0.705851839 -0.6820446913 0.00025543239 -0.7363467202 0
