0.007859224191 0.003376479897 0.003294429596 -2.25559531e-06 0.002004089949 0.5099947498 -2.822190109e-07 0.0004992887905 0.254999348 -0.9999999999 -6.809963846e-08 -1.313580577e-05 3.462225984e-08 0.9999694246 -0.007819833662 1.313593666e-05 -0.007819833662 -0.9999694245 3.168979918e-08 0.004381591363 0
0.01557585141 0.006691697281 0.006529085393 -8.85932771e-06 0.003971746989 0.5099793787 -1.115139795e-06 0.0009915020888 0.2549974236 -0.9999999987 -5.32479807e-07 -5.159175435e-05 2.67113796e-07 0.9998799106 -0.01549723725 5.15938107e-05 -0.01549723724 -0.9998799093 5.254894786e-08 0.008683683572 0
0.0224350756 0.009638557178 0.009404334989 -1.838000156e-05 0.005720660031 0.509957218 -2.320679581e-06 0.001429607751 0.2549946382 -0.9999999943 -1.592142898e-06 -0.0001070291366 7.972194642e-07 0.999750862 -0.02232070417 0.0001070380093 -0.02232070412 -0.9997508563 3.184678184e-08 0.01250776554 0
0.03015170281 0.01295377456 0.01263899079 -3.319737307e-05 0.00768799423 0.5099227285 -4.199459329e-06 0.00192252107 0.2549902973 -0.9999999813 -3.865542036e-06 -0.000193296649 1.934248983e-06 0.9995500303 -0.02999561366 0.0001933256207 -0.02999561348 -0.9995500117 2.791705151e-08 0.01680985774 0
0.037010927 0.01590063446 0.01551424038 -5.001820556e-05 0.009436510278 0.5098835757 -6.333370993e-06 0.002360599169 0.2549853669 -0.9999999576 -7.149511086e-06 -0.0002912111431 3.576569464e-06 0.9993220608 -0.0368160138 0.0002912769361 -0.03681601328 -0.9993220183 1.063826141e-07 0.02063393971 0
0.04472755422 0.01921585184 0.01874889618 -7.304697881e-05 0.0114032741 0.509829973 -9.255526327e-06 0.002853351281 0.2549786151 -0.9999999095 -1.261821227e-05 -0.0004252324323 6.311390567e-06 0.9990099848 -0.04448651751 0.000425372786 -0.04448651617 -0.9990098943 2.200429663e-07 0.02493603192 0
0.05244418143 0.02253106923 0.02198355197 -0.0001004216357 0.01336963577 0.5097662547 -1.272966076e-05 0.003346022493 0.2549705881 -0.999999829 -2.033917657e-05 -0.0005845008137 1.017251158e-05 0.9986390584 -0.05215391539 0.00058476611 -0.05215391242 -0.9986388874 3.586432967e-07 0.02923812412 0
0.05930340563 0.02547792912 0.02485880157 -0.0001284021279 0.01511711916 0.5097011263 -1.628106644e-05 0.003783892568 0.2549623824 -0.9999997204 -2.940645723e-05 -0.0007472437258 1.470694281e-05 0.9982599714 -0.05896634035 0.0007476774915 -0.05896633485 -0.9982596918 5.02007331e-07 0.03306220609 0
0.06702003284 0.02879314651 0.02809345737 -0.0001639823667 0.01708253206 0.5096183083 -2.079751148e-05 0.004276434895 0.2549519471 -0.9999995439 -4.243908906e-05 -0.0009541156246 2.122452176e-05 0.9977779917 -0.06662641245 0.000954823136 -0.06662640232 -0.9977775357 6.855376626e-07 0.0373642983 0
0.07387925703 0.03174000641 0.03096870696 -0.0001992544622 0.01882906221 0.5095362077 -2.527528176e-05 0.004714198302 0.2549416011 -0.9999993266 -5.684161504e-05 -0.001159114773 2.842737276e-05 0.9973002643 -0.0734314783 0.001160159434 -0.0734314618 -0.9972995911 8.682534466e-07 0.04118838026 0
0.08159588425 0.03505522379 0.03420336276 -0.0002430349109 0.02079327913 0.5094343026 -3.083375473e-05 0.005206624775 0.2549287581 -0.9999989981 -7.656599992e-05 -0.001413451559 3.829206937e-05 0.9967074075 -0.08108231906 0.001415005788 -0.08108229195 -0.996706406 1.095716323e-06 0.04549047247 0
0.08931251146 0.03837044117 0.03743801855 -0.0002911540497 0.02275676287 0.5093222987 -3.69437865e-05 0.005698990188 0.2549146407 -0.9999985621 -0.0001003905133 -0.001692849815 5.020784164e-05 0.9960559361 -0.08872750245 0.001695080507 -0.08872745986 -0.9960544988 1.346322109e-06 0.04979256468 0
0.09617173565 0.04131730107 0.04031326815 -0.0003375673328 0.02450141029 0.5092142653 -4.283790361e-05 0.006136595929 0.2549010222 -0.999998067 -0.0001253212587 -0.001962200744 6.267744078e-05 0.995427697 -0.09551804122 0.001965199409 -0.09551797957 -0.995425765 1.588502085e-06 0.05361664664 0
0.1038883629 0.04463251846 0.04354792395 -0.0003938760715 0.02646332036 0.5090831989 -4.998956533e-05 0.006628841443 0.2548844981 -0.9999973682 -0.0001579405163 -0.002288790287 7.899339924e-05 0.9946656962 -0.1031510865 0.00229287292 -0.1031509958 -0.994663066 1.882817704e-06 0.05791873885 0
0.1107475871 0.04757937835 0.04642317354 -0.0004475653607 0.02820645932 0.5089582297 -5.680945033e-05 0.007066336719 0.2548687406 -0.9999966017 -0.0001912977866 -0.002599995272 9.56793945e-05 0.9939393278 -0.1099299933 0.002605266918 -0.1099298685 -0.9939359318 2.163895161e-06 0.06174282081 0
0.1184642143 0.05089459574 0.04965782934 -0.0005120551986 0.03016654908 0.5088081207 -6.500245159e-05 0.007558452744 0.2548498105 -0.9999955516 -0.0002340805883 -0.002973557085 0.0001170814751 0.993067076 -0.117549006 0.00298045758 -0.1175488313 -0.993062631 2.502052048e-06 0.06604491302 0
0.1261808415 0.05420981312 0.05289248514 -0.0005808723439 0.03212557541 0.5086479392 -7.374662087e-05 0.008050495436 0.2548296069 -0.9999942752 -0.000282796273 -0.003371887112 0.0001414530822 0.9921365825 -0.1251598248 0.003380767287 -0.1251595853 -0.9921308627 2.863507164e-06 0.07034700523 0
0.1330400657 0.05715667302 0.05576773473 -0.0006456735912 0.03386598361 0.5084971054 -8.198184667e-05 0.008487802226 0.2548105793 -0.9999929262 -0.0003313878688 -0.003746690856 0.0001657642217 0.9912606596 -0.131917691 0.003757663172 -0.1319173789 -0.9912535927 3.204419925e-06 0.07417108719 0
0.1407566929 0.0604718904 0.05900239053 -0.0007226564477 0.03582281305 0.5083179171 -9.176684252e-05 0.008979696369 0.2547879709 -0.9999911382 -0.0003923489575 -0.004191597114 0.000196266174 0.9902204186 -0.1395115914 0.004205342276 -0.1395111777 -0.9902115665 3.610094094e-06 0.0784731794 0
0.1476159171 0.0634187503 0.06187764012 -0.0007947110802 0.03756115918 0.5081502 -0.0001009270813 0.009416865016 0.254766806 -0.9999892823 -0.0004524272956 -0.004607672753 0.0002263286836 0.9892471067 -0.1462535834 0.004624296052 -0.1462530587 -0.9892364018 3.990450135e-06 0.08229726137 0
0.1553325443 0.06673396768 0.06511229592 -0.0008798480284 0.03951554594 0.507952032 -0.0001117525196 0.009908596689 0.2547417937 -0.9999868619 -0.000526986251 -0.00509885656 0.000263640078 0.988097498 -0.1538286871 0.005119233012 -0.1538280104 -0.9880843773 4.440665372e-06 0.08659935357 0
0.1630491715 0.07004918507 0.06834695172 -0.0009692967249 0.04146854017 0.5077438277 -0.0001231286115 0.01040023649 0.2547155091 -0.9999840535 -0.0006092889685 -0.005614408657 0.0003048302921 0.9868901561 -0.1613930819 0.00563913966 -0.1613922197 -0.9868742329 4.914607627e-06 0.09090144578 0
0.1699083957 0.07299604496 0.07122220131 -0.001052423362 0.04320331044 0.507550339 -0.0001337028696 0.01083716917 0.2546910772 -0.9999811996 -0.0006892515669 -0.006093056133 0.0003448528272 0.9857685957 -0.1681075753 0.006122211798 -0.1681065161 -0.9857498251 5.355897091e-06 0.09472552775 0
0.1776250229 0.07631126235 0.07445685711 -0.001150006002 0.04515348691 0.5073232019 -0.0001461187399 0.0113286241 0.2546623902 -0.9999775496 -0.0007872051902 -0.006654368608 0.0003938846405 0.984452544 -0.1756503162 0.006689182945 -0.1756489938 -0.9844301325 5.874960983e-06 0.09902761996 0
0.1844842471 0.07925812225 0.07733210671 -0.001240356406 0.04688564371 0.5071128988 -0.0001576170344 0.01176538577 0.2546358233 -0.9999738812 -0.000881672383 -0.007173527758 0.0004411757829 0.9832345615 -0.1823447351 0.007214028737 -0.1823431373 -0.9832084917 6.356545663e-06 0.1028517019 0
0.1922008743 0.08257333963 0.0805667625 -0.001346058264 0.04883275777 0.5068668631 -0.0001710721981 0.01225664075 0.2546047351 -0.999969237 -0.0009966080377 -0.007780223249 0.0004987193584 0.9818102801 -0.1898639648 0.007827923121 -0.1898620041 -0.9817795796 6.921162017e-06 0.1071537941 0
0.1999175015 0.08588855701 0.0838014183 -0.001456052154 0.05077815166 0.5066108371 -0.0001850773659 0.01274778371 0.2545723761 -0.9999640003 -0.001121069764 -0.008410781757 0.0005610390845 0.9803289085 -0.1973699988 0.008466598038 -0.1973676123 -0.980292988 7.510081765e-06 0.1114558863 0
0.2067767257 0.08883541691 0.08667666789 -0.001557423931 0.05250589134 0.5063748803 -0.000197988012 0.01318425769 0.2545425461 -0.9999588094 -0.00123999779 -0.008991215309 0.0006205944175 0.9789643283 -0.2040305338 0.009055076467 -0.2040277095 -0.9789232347 8.054079315e-06 0.1152799683 0
0.214493353 0.09215063429 0.08991132369 -0.001675512153 0.05444784964 0.5061000136 -0.0002130316536 0.01367517729 0.2545077878 -0.9999523211 -0.001383458169 -0.009666520235 0.0006924428131 0.9773755373 -0.2115102353 0.009740435971 -0.2115068442 -0.9773279791 8.689283086e-06 0.1195820605 0
0.2222099802 0.09546585168 0.09314597949 -0.001797878477 0.05638789057 0.5058151891 -0.0002286248403 0.01416597238 0.2544717598 -0.9999450965 -0.001537505648 -0.01036533224 0.0007696029608 0.9757301091 -0.218975254 0.01045044245 -0.2189712087 -0.9756753548 9.34920004e-06 0.1238841527 0
0.2290692044 0.09841271158 0.09602122908 -0.001910235856 0.05811070669 0.5055536617 -0.0002429466596 0.01460212666 0.2544386693 -0.9999380134 -0.001683618996 -0.01100612623 0.0008427978005 0.9742200948 -0.2255980864 0.01110221057 -0.2255933783 -0.9741582872 9.95666259e-06 0.1277082347 0
0.2367858316 0.101727929 0.09925588488 -0.002040668777 0.06004694019 0.505250061 -0.0002595774062 0.01509267472 0.2544002442 -0.999929251 -0.001858656092 -0.01174897684 0.0009304927787 0.9724681485 -0.2330339767 0.01185863578 -0.2330284221 -0.9723976179 1.066367912e-05 0.1320103269 0
0.2436450558 0.1046747889 0.1021311345 -0.00216018786 0.06176626416 0.5049718638 -0.0002748212171 0.0155286025 0.2543650235 -0.9999207123 -0.002024000121 -0.01242869702 0.00101334207 0.9708637307 -0.2396301099 0.01255158253 -0.2396237047 -0.9707847021 1.131326061e-05 0.1358344089 0
0.251361683 0.1079900062 0.1053657903 -0.002298667706 0.06369844791 0.5046495328 -0.0002924888747 0.01601888798 0.2543242027 -0.9999102096 -0.002221313448 -0.01321508533 0.0011122234 0.9690059044 -0.2470350587 0.01335423801 -0.2470275755 -0.9689164264 1.206795391e-05 0.1401365011 0
0.2590783102 0.1113052236 0.1086004461 -0.002441399313 0.0656283898 0.5043173053 -0.0003107052088 0.01650902813 0.2542821142 -0.9998986995 -0.002430936587 -0.01402431002 0.001217288851 0.9670922953 -0.254422897 0.01418128809 -0.2544141955 -0.9669913693 1.284813313e-05 0.1444385933 0
0.2659375344 0.1142520835 0.1114756957 -0.002571836359 0.06734195699 0.504013695 -0.0003273579622 0.01694458271 0.2542436383 -0.9998875726 -0.002627889478 -0.01476266843 0.001316017719 0.9653446372 -0.2609750936 0.01493687651 -0.2609651808 -0.9652326477 1.356316375e-05 0.1482626752 0
0.2736541616 0.1175673009 0.1147103515 -0.002722582466 0.06926747985 0.5036628126 -0.0003466101371 0.0174344364 0.2541991566 -0.9998739893 -0.002861731456 -0.01561460714 0.001433255424 0.9633261979 -0.2683292423 0.01580984636 -0.2683178097 -0.9632007069 1.439196795e-05 0.1525647674 0
0.2805133858 0.1205141608 0.1175856011 -0.00286013355 0.07097701201 0.5033426434 -0.0003641833088 0.01786972941 0.2541585543 -0.9998609175 -0.003080770548 -0.01639068096 0.00154308799 0.9614856793 -0.2748507001 0.01660615696 -0.2748377655 -0.9613471996 1.515051122e-05 0.1563888494 0
0.288230013 0.1238293782 0.1208202569 -0.003018871433 0.07289787531 0.502973159 -0.0003844705738 0.018359281 0.2541116811 -0.9998450285 -0.00334008398 -0.01728475786 0.001673135225 0.9593631438 -0.2821693798 0.01752482906 -0.2821545713 -0.9592088815 1.602860226e-05 0.1606909416 0
0.2959466402 0.1271445956 0.1240549126 -0.003181830647 0.07481617467 0.5025938489 -0.0004053055099 0.01884866632 0.2540635427 -0.9998278205 -0.003613384411 -0.01820090016 0.001810219877 0.9571858086 -0.2894685663 0.01846760454 -0.2894516734 -0.9570144599 1.693306538e-05 0.1649930338 0
0.3028058644 0.1300914555 0.1269301622 -0.003330221554 0.07651912299 0.5022484485 -0.0004242850424 0.01928353237 0.2540196912 -0.9998113606 -0.003868339003 -0.01903363247 0.001938123106 0.955204574 -0.2959399693 0.01932580893 -0.2959210329 -0.9550168875 1.77593332e-05 0.1688171158 0
0.3105224916 0.1334066729 0.130164818 -0.003501135468 0.07843239645 0.5018506227 -0.0004461538423 0.01977259166 0.2539691642 -0.9997914684 -0.004168997894 -0.01999097614 0.002088979891 0.9529243378 -0.3032009937 0.020313932 -0.3031795275 -0.952716914 1.871415801e-05 0.173119208 0
0.3173817158 0.1363535328 0.1330400676 -0.003656585908 0.08013077121 0.5014887903 -0.0004660519904 0.02020716094 0.2539231904 -0.9997725074 -0.004448812479 -0.02086004675 0.002229401813 0.9508519995 -0.3096376993 0.02121233722 -0.3096137644 -0.9506257695 1.958551839e-05 0.17694329 0
0.325098343 0.1396687501 0.1362747234 -0.003835428768 0.08203878029 0.5010725088 -0.0004889538013 0.02069587855 0.2538702768 -0.999749669 -0.004778043764 -0.02185794296 0.002394651792 0.9484696903 -0.3168588205 0.0222455617 -0.3168318431 -0.9482208172 2.059144778e-05 0.1812453822 0
0.3328149702 0.1429839675 0.1395093792 -0.004018458475 0.0839439061 0.5006464818 -0.0005124021415 0.02118440892 0.2538161006 -0.9997251609 -0.00512288744 -0.02287703583 0.002567770773 0.9460336903 -0.3240581173 0.02330255989 -0.3240277964 -0.9457605288 2.162474388e-05 0.1855474744 0
0.3396741944 0.1459308274 0.1423846288 -0.004184660188 0.08563487702 0.5002596243 -0.0005337037182 0.02161849741 0.2537668844 -0.9997019109 -0.005442791171 -0.0238005342 0.002728398703 0.9438234832 -0.3304387815 0.02426201237 -0.3304052186 -0.9435272896 2.256638278e-05 0.1893715563 0
0.3473908217 0.1492460448 0.1456192846 -0.004375577156 0.08753437545 0.4998152387 -0.0005581836875 0.02210666215 0.2537103249 -0.9996740339 -0.00581803158 -0.02485913272 0.002916847209 0.9412867473 -0.3375955441 0.02536371372 -0.3375580097 -0.9409629494 2.365197947e-05 0.1936736485 0
0.3542500458 0.1521929047 0.1484945342 -0.004548777124 0.08922023917 0.4994120918 -0.0005804018481 0.02254041868 0.2536589912 -0.9996476615 -0.006165476974 -0.02581743049 0.003091370208 0.9389874018 -0.3439376435 0.0263627816 -0.3438962722 -0.9386375007 2.464046898e-05 0.1974977305 0
0.3619666731 0.1555081221 0.15172919 -0.004747552603 0.09111387405 0.4989494144 -0.000605912492 0.02302820214 0.2536000505 -0.9996161252 -0.006572284811 -0.026914815 0.00329575117 0.9363508496 -0.3510501738 0.02750891161 -0.351004119 -0.9359697475 2.577918659e-05 0.2017998227 0
0.3696833003 0.1588233395 0.1549638458 -0.004950476429 0.09300430941 0.4984770811 -0.0006319683871 0.02351577742 0.2535398502 -0.9995825303 -0.00699627254 -0.02803243254 0.003508808444 0.9336618379 -0.3581386055 0.02867844778 -0.358087454 -0.9332475138 2.694636929e-05 0.2061019149 0
0.3765425245 0.1617701994 0.1578390954 -0.005134328808 0.09468195722 0.4980491392 -0.0006555866944 0.02394899935 0.2534852818 -0.9995508704 -0.007387832061 -0.02904268369 0.003705610457 0.9312277857 -0.3644188244 0.0297376191 -0.364362774 -0.9307821673 2.800795763e-05 0.2099259969 0
0.3842591517 0.1650854167 0.1610737512 -0.005345064899 0.09656616974 0.4975586218 -0.0006826717267 0.02443616943 0.2534227039 -0.9995131508 -0.007845142022 -0.03019793372 0.003935507353 0.9284404327 -0.3714604618 0.03095114273 -0.3713984608 -0.9279575476 2.922957301e-05 0.2142280891 0
0.3911183759 0.1680322766 0.1639490008 -0.00553584755 0.09823818219 0.4971145488 -0.0007072043579 0.02486902424 0.2533660233 -0.9994776844 -0.008266822664 -0.03124128869 0.004147537939 0.9259194104 -0.3776983498 0.03204928088 -0.3776306464 -0.9254015012 3.033994016e-05 0.2180521711 0
0.3988350031 0.171347494 0.1671836566 -0.00575436419 0.1001159383 0.4966059211 -0.0007353174716 0.02535577351 0.2533010703 -0.9994355222 -0.008758577895 -0.03243338305 0.004394857396 0.9230347246 -0.3846915418 0.03330648963 -0.3846169321 -0.9224751993 3.161688245e-05 0.2223542633 0
0.4065516303 0.1746627114 0.1704183124 -0.005976986706 0.101990182 0.4960877364 -0.0007639744225 0.02584229368 0.253234861 -0.9993908757 -0.009269016702 -0.03364465513 0.004651633702 0.9200989298 -0.3916584247 0.03458669966 -0.3915763586 -0.9194953592 3.292348714e-05 0.2266563555 0
0.4134108545 0.1776095713 0.173293562 -0.006178312712 0.1036531753 0.4956191222 -0.0007899035695 0.02627456018 0.2531749542 -0.9993490289 -0.0097386726 -0.03473725364 0.004887947568 0.9174466684 -0.3978287555 0.03574390162 -0.3977395743 -0.9168018349 3.411002756e-05 0.2304804374 0
0.4211274817 0.1809247887 0.1765282178 -0.006408665024 0.1055206074 0.4950829453 -0.0008195869094 0.02676063566 0.2531063738 -0.9992994333 -0.0102852353 -0.03598411377 0.005163021635 0.9144151495 -0.4047447066 0.03706731332 -0.4046469427 -0.9137214379 3.54733812e-05 0.2347825297 0
0.4279867059 0.1838716486 0.1794034674 -0.006616846691 0.1071774432 0.4945983737 -0.0008464278924 0.02719249996 0.2530443605 -0.9992530355 -0.0107874798 -0.03710796943 0.005415850589 0.9116782827 -0.4108690514 0.03826277143 -0.410763118 -0.910938868 3.671079076e-05 0.2386066116 0
0.4357033331 0.187186866 0.1826381232 -0.006854894153 0.1090378329 0.4940442853 -0.0008771364643 0.02767811518 0.2529734117 -0.9991981467 -0.01137123751 -0.03838956357 0.005709783559 0.9085521344 -0.4177324712 0.03962905506 -0.4176167072 -0.9077586815 3.813185791e-05 0.2429087038 0
0.4434199603 0.1905020834 0.185872779 -0.0070970011 0.1108944012 0.4934807479 -0.000908387324 0.02816348043 0.2529012101 -0.9991403128 -0.01197511296 -0.03968919191 0.006013924734 0.9053763425 -0.4245674401 0.04101789846 -0.4244411328 -0.9045259846 3.958387893e-05 0.247210796 0
0.4502791845 0.1934489433 0.1887480286 -0.007315606995 0.1125414242 0.4929719124 -0.0009366208441 0.02859470282 0.2528359799 -0.9990863511 -0.01252901531 -0.04085935478 0.006292966297 0.9025119996 -0.4306187284 0.04227128662 -0.4304824206 -0.9016085758 4.090077796e-05 0.251034878 0
0.4579958117 0.1967641606 0.1919826844 -0.007565353888 0.1143905994 0.4923905919 -0.0009688950889 0.029079584 0.2527614143 -0.9990226781 -0.01317168182 -0.04219236222 0.006616806902 0.8992433159 -0.4373987616 0.04370247702 -0.4372504609 -0.8982773113 4.241203935e-05 0.2553369702 0
0.465712439 0.200079378 0.1952173402 -0.007819130336 0.1162357683 0.4917998921 -0.001001710619 0.02956420262 0.2526855982 -0.998955765 -0.01383529717 -0.04354267122 0.006951294881 0.8959259289 -0.4441490847 0.04515594273 -0.4439879666 -0.8948941984 4.395507917e-05 0.2596390624 0
0.4725716631 0.2030262379 0.1980925898 -0.0080480836 0.1178725036 0.4912669717 -0.001031334102 0.02999475078 0.2526171571 -0.9988934816 -0.0144429915 -0.04475726002 0.007257676749 0.8929365241 -0.450124083 0.04646653049 -0.4499508462 -0.8918436509 4.535358496e-05 0.2634631444 0
0.4802882904 0.2063414553 0.2013272456 -0.008309442131 0.1197099316 0.4906586236 -0.001065171078 0.03047886157 0.2525389815 -0.9988201607 -0.01514694103 -0.04613953572 0.007612682452 0.8895280587 -0.4568171186 0.0479617936 -0.4566293934 -0.8883632497 4.695745272e-05 0.2677652366 0
0.4871475146 0.2092883152 0.2042024951 -0.008545117703 0.1213396856 0.4901100561 -0.00109570193 0.03090895143 0.2524684444 -0.998752012 -0.0157909259 -0.04738211815 0.007937535688 0.8864582366 -0.4627405216 0.04930937019 -0.4625391242 -0.8852266063 4.841050051e-05 0.2715893185 0
0.4948641418 0.2126035326 0.2074371509 -0.008814019057 0.1231691469 0.489484151 -0.001130559032 0.03139253888 0.2523879122 -0.9986718994 -0.0165361889 -0.04879540681 0.008313581689 0.8829599186 -0.4693747613 0.05084605814 -0.469157049 -0.8816497841 5.007626616e-05 0.2758914108 0
0.502580769 0.21591875 0.2106718067 -0.009086897394 0.1249942995 0.4888489889 -0.001165955653 0.031875843 0.2523061338 -0.9985880327 -0.01730371198 -0.05022471998 0.008700974776 0.8794145383 -0.4759772714 0.05240452255 -0.475742211 -0.8780222746 5.177524283e-05 0.280193503 0
0.5094399932 0.2188656099 0.2135470563 -0.009332785338 0.1266129895 0.4882766507 -0.001197871934 0.0323052053 0.2522323964 -0.9985102427 -0.01800485575 -0.05150844917 0.009054965036 0.8762238684 -0.4818191985 0.05380801776 -0.481567812 -0.8747554742 5.331357602e-05 0.2840175849 0
0.5171566204 0.2221808273 0.2167817121 -0.009613144289 0.1284298327 0.4876240764 -0.001234286588 0.0327879624 0.2521482664 -0.9984189795 -0.01881514313 -0.05296727161 0.009464177925 0.8725905697 -0.4883606526 0.05540731729 -0.488089836 -0.8710329162 5.507613431e-05 0.2883196771 0
0.5240158446 0.2251276871 0.2196569617 -0.009865663091 0.1300410376 0.487036304 -0.001267107161 0.03321683159 0.2520724401 -0.998334435 -0.01955471007 -0.05427678409 0.009837785398 0.8693223258 -0.494147662 0.05684693444 -0.4938585903 -0.8676820378 5.667148451e-05 0.2921437591 0
0.5317324718 0.2284429045 0.2228916175 -0.01015346058 0.131849349 0.4863664155 -0.001304538429 0.03369902623 0.2519859618 -0.9982353683 -0.02040867882 -0.05576410398 0.0102693145 0.8656024115 -0.5006266138 0.05848667064 -0.5003158513 -0.8638653589 5.849875547e-05 0.2964458513 0
0.539449099 0.2317581219 0.2261262733 -0.0104451787 0.133653054 0.4856874012 -0.001342507316 0.03418091684 0.2518982416 -0.9981320028 -0.02128613556 -0.05726609355 0.01071285537 0.8618371794 -0.5070718991 0.06014764973 -0.5067381736 -0.8599992347 6.036075195e-05 0.3007479435 0
0.5463083232 0.2347049818 0.2290015229 -0.01070776519 0.1352524304 0.4850761948 -0.001376708437 0.03460900533 0.2518192264 -0.9980364182 -0.02208601437 -0.05861327391 0.01111730663 0.8584525672 -0.5127724596 0.06164181538 -0.5124172107 -0.8565213884 6.204527642e-05 0.3045720255 0
0.5540249504 0.2380201992 0.2322361787 -0.01100685536 0.1370472663 0.484380021 -0.001415691691 0.03509030988 0.2517291633 -0.9979246104 -0.02300850535 -0.06014217095 0.01158390202 0.854602769 -0.51915308 0.06334260224 -0.5187723161 -0.852562607 6.397376021e-05 0.3088741177 0
0.5608841746 0.2409670591 0.2351114283 -0.01127597498 0.1386386617 0.4837536079 -0.001450793801 0.03551787058 0.2516480669 -0.997821332 -0.02384879595 -0.0615127974 0.01200905577 0.8511435953 -0.5247955437 0.06487196537 -0.5243908991 -0.8490028345 6.571791038e-05 0.3126981997 0
0.5686008018 0.2442822765 0.2383460841 -0.01158239236 0.1404244099 0.483040379 -0.001490789903 0.03599857367 0.2515556642 -0.9977006535 -0.0248171724 -0.06306753533 0.01249917438 0.8472106072 -0.5311101182 0.06661213627 -0.5306772041 -0.8449523823 6.771407034e-05 0.3170002919 0
0.576317429 0.2475974939 0.2415807399 -0.01189267032 0.1422052589 0.4823181642 -0.001531321591 0.03647895213 0.2514620244 -0.9975751024 -0.02581017659 -0.06463551486 0.01300193234 0.8432341441 -0.5373891773 0.06837298262 -0.5369264502 -0.8408538055 6.974654766e-05 0.3213023841 0
0.5831766532 0.2505443538 0.2444559895 -0.0121717034 0.1437840739 0.481668676 -0.001567799027 0.03690567919 0.2513777513 -0.9974593112 -0.02671370571 -0.06604014214 0.01345954142 0.8396633342 -0.5429404443 0.06995543718 -0.5424498716 -0.8371704567 7.158395968e-05 0.325126466 0
0.5908932804 0.2538595711 0.2476906453 -0.01248923788 0.1455555037 0.4809295706 -0.001609341163 0.03738543271 0.2512817777 -0.9973242187 -0.02775384492 -0.06763229156 0.01398651741 0.8356058399 -0.5491513978 0.07175500053 -0.548627929 -0.8329817618 7.368597368e-05 0.3294285582 0
0.5977525046 0.256806431 0.2505658949 -0.01277470019 0.1471258504 0.4802651176 -0.001646716061 0.03781159745 0.2511954317 -0.9971997478 -0.02869962257 -0.06905790862 0.01446585032 0.8319636417 -0.5546415402 0.073371672 -0.5540873853 -0.8292187692 7.558574634e-05 0.3332526402 0
0.6054691319 0.2601216484 0.2538005507 -0.01309944363 0.1488876462 0.4795092323 -0.001689267028 0.03829071069 0.2510971279 -0.9970546653 -0.02978767881 -0.07067311017 0.01501748391 0.8278265619 -0.5607830762 0.07520950396 -0.5601927147 -0.8249409996 7.775854044e-05 0.3375547324 0
0.6131857591 0.2634368658 0.2570352065 -0.01342798395 0.1506442552 0.4787445092 -0.001732351413 0.03876947876 0.250997592 -0.9969041101 -0.03090140986 -0.07230005668 0.0155823454 0.8236479429 -0.5668873403 0.07706741101 -0.566258924 -0.8206165031 7.996931683e-05 0.3418568246 0
0.6200449833 0.2663837257 0.2599104561 -0.01372319617 0.1522012831 0.4780573619 -0.001771096071 0.03919475716 0.2509080823 -0.9967655845 -0.03191311462 -0.07375583152 0.01609564492 0.8198990791 -0.5722817753 0.07873563223 -0.571617926 -0.8167335226 8.196662659e-05 0.3456809066 0
0.6277616105 0.2696989431 0.2631451119 -0.01405887065 0.1539479327 0.4772760331 -0.001815186736 0.03967286157 0.2508062223 -0.9966043391 -0.03307590389 -0.07540408368 0.01668581316 0.8156431363 -0.5783146703 0.08063110375 -0.5776090882 -0.8123215905 8.42501247e-05 0.3499829988 0
0.6346208347 0.272645803 0.2660203615 -0.01436040213 0.155496014 0.4765741769 -0.001854825106 0.04009754326 0.2507146484 -0.9964561045 -0.03413153466 -0.07687828102 0.01722179075 0.8118262089 -0.5836451117 0.08233250679 -0.5829007161 -0.8083613755 8.631264927e-05 0.3538070808 0
0.6423374619 0.2759610204 0.2692550173 -0.01470316053 0.1572324937 0.4757763593 -0.001899920332 0.04057496875 0.2506104682 -0.9962837022 -0.03534409176 -0.07854667358 0.01783767478 0.8074944534 -0.5896053978 0.08426507052 -0.5888153386 -0.8038631071 8.867016404e-05 0.358109173 0
0.6500540891 0.2792762378 0.2724896731 -0.01504964856 0.1589635046 0.4749698604 -0.001945546677 0.04105202865 0.2505050614 -0.9961052019 -0.03658327377 -0.08022525089 0.01846733441 0.8031231817 -0.5955267521 0.08621707696 -0.5946888422 -0.7993195835 9.106739504e-05 0.3624112652 0
0.6569133133 0.2822230977 0.2753649227 -0.01536075723 0.1604975428 0.474245712 -0.001986548903 0.04147577153 0.2504103375 -0.9959413075 -0.03770727132 -0.08172559973 0.01903868497 0.7992047837 -0.600757224 0.0879684059 -0.5998748831 -0.7952431604 9.323190917e-05 0.3662353471 0
0.6646299405 0.285538315 0.2785995785 -0.01571425035 0.1622180648 0.4734229078 -0.002033177107 0.04195212923 0.2503026168 -0.9957509231 -0.03899724933 -0.08342250128 0.01969466187 0.7947600575 -0.6066041306 0.08995676444 -0.6056696009 -0.7906150233 9.570517504e-05 0.3705374393 0
0.6714891647 0.2884851749 0.2814748281 -0.0160315624 0.1637426877 0.4726843201 -0.002075069072 0.04237524118 0.2502058381 -0.9955762508 -0.0401666842 -0.08493860293 0.02028957468 0.7907770625 -0.6117679058 0.09174018719 -0.6107849661 -0.7864638982 9.793787076e-05 0.3743615213 0
0.6792057919 0.2918003923 0.2847094839 -0.01639200778 0.1654525147 0.4718453336 -0.002122697321 0.04285088151 0.2500958078 -0.9953734986 -0.04150809245 -0.08665261987 0.02097224611 0.7862604536 -0.6175392004 0.09376440242 -0.6164994545 -0.7817523006 0.0001004885151 0.3786636135 0
0.6869224191 0.2951156097 0.2879441396 -0.01675611203 0.1671565966 0.4709978306 -0.002170854257 0.04332613591 0.2499845565 -0.9951640008 -0.04287697485 -0.08837520297 0.02166919826 0.7817064333 -0.6232700041 0.09580739699 -0.6221708907 -0.7769969919 0.0001030806749 0.3829657057 0
0.6937816433 0.2980624696 0.2908193892 -0.01708281958 0.168666467 0.4702373735 -0.002214103832 0.04374825685 0.2498846424 -0.9949720059 -0.04411695711 -0.08991329991 0.02230078108 0.7776273721 -0.6283298062 0.09763904223 -0.6271757045 -0.7727336237 0.00010541998 0.3867897877 0
0.7014982705 0.301377687 0.294054045 -0.01745379332 0.1703595418 0.4693738808 -0.002263257959 0.04422277071 0.2497710881 -0.9947493888 -0.04553818056 -0.09165111859 0.02302497971 0.773003917 -0.6339832763 0.09971711857 -0.6327647418 -0.7678966583 0.0001080916089 0.3910918799 0
0.7083574947 0.3043245469 0.2969292946 -0.01778658257 0.1718595382 0.4685992678 -0.002307393081 0.04464422667 0.249669129 -0.9945455113 -0.04682493896 -0.09320220509 0.02368093614 0.7688638572 -0.6389738511 0.1015797185 -0.637695691 -0.7635612395 0.0001105021689 0.3949159619 0
0.7160741219 0.3076397643 0.3001639504 -0.01816437041 0.1735414042 0.4677199143 -0.002357542485 0.04511798489 0.2495532762 -0.9943092762 -0.04829905968 -0.09495401093 0.02443272553 0.7641725954 -0.6445489014 0.1036923588 -0.6432009369 -0.7586438226 0.0001132546565 0.3992180541 0
0.7237907491 0.3109549816 0.3033986062 -0.01854574295 0.1752172551 0.466832217 -0.002408218014 0.04559133696 0.2494362084 -0.9940656277 -0.04980139927 -0.09671271134 0.02519925662 0.7594461025 -0.6500820063 0.1058230852 -0.648661266 -0.7536843083 0.0001160505203 0.4035201463 0
0.7306499733 0.3139018415 0.3062738558 -0.01888773725 0.1767018055 0.4660361779 -0.002453704164 0.04601174998 0.2493311292 -0.9938427128 -0.0511606173 -0.09828150083 0.02589306676 0.7552155747 -0.654964873 0.1077321273 -0.6534768757 -0.7492407902 0.000118572468 0.4073442282 0
0.7383666006 0.3172170589 0.3095085116 -0.01927583728 0.1783661426 0.4651328214 -0.002505371968 0.04648432338 0.24921177 -0.993584673 -0.05271664367 -0.1000522512 0.02668768931 0.7504238057 -0.6604179579 0.1098966093 -0.6588513241 -0.7442027062 0.0001214513496 0.4116463205 0
0.7460832278 0.3205322763 0.3127431674 -0.01966747555 0.1800243043 0.4642212291 -0.002557564282 0.04695647845 0.2490911995 -0.9933188074 -0.0543012871 -0.1018288621 0.02749731026 0.7455981577 -0.66582827 0.112078744 -0.6641797629 -0.7391235334 0.0001243747612 0.4159484127 0
0.752942452 0.3234791362 0.315618417 -0.0200185556 0.1814929973 0.4634040417 -0.00260439732 0.04737581727 0.2489830099 -0.9930757959 -0.05573398725 -0.1034126992 0.02822963329 0.741280634 -0.6706013044 0.1140331158 -0.6688772266 -0.7345745056 0.0001270110589 0.4197724946 0
0.7606590792 0.3267943536 0.3188530728 -0.02041683246 0.1831393449 0.4624769972 -0.002657578817 0.04784717071 0.2488601552 -0.9927947539 -0.0573730319 -0.1051993912 0.02906781463 0.736392287 -0.6759300717 0.1162481779 -0.6741177455 -0.7294186907 0.0001300196872 0.4240745868 0
0.7675183034 0.3297412135 0.3217283224 -0.02077378721 0.18459745 0.4616461356 -0.002705290213 0.04826579031 0.2487499373 -0.9925380221 -0.05885428172 -0.1067916116 0.02982565476 0.7320197883 -0.6806301932 0.118231574 -0.6787364754 -0.7248021053 0.0001327323796 0.4278986688 0
0.7752349306 0.3330564309 0.3249629782 -0.02117864332 0.1862317895 0.460703777 -0.002759458824 0.04873632715 0.2486248031 -0.9922412846 -0.06054815355 -0.1085870816 0.03069268566 0.727070451 -0.6858764599 0.1204790116 -0.6838877688 -0.7195709329 0.0001358276831 0.432200761 0
0.7829515578 0.3363716483 0.328197634 -0.02158695821 0.1878596941 0.4597533676 -0.002814149173 0.04920642564 0.2484984641 -0.991936026 -0.06227121274 -0.1103866672 0.03157510216 0.7220895228 -0.6910786742 0.122743363 -0.6889913041 -0.7143003918 0.0001389694695 0.4365028532 0
0.789810782 0.3393185082 0.3310728836 -0.02195279468 0.1893012748 0.4589018326 -0.002863200337 0.04962391957 0.2483851525 -0.9916574126 -0.06382740907 -0.1119894546 0.03237244943 0.7176359035 -0.6956656773 0.1247701912 -0.6934873985 -0.7095827136 0.0001418015272 0.4403269352 0
0.7975274092 0.3426337255 0.3343075394 -0.02236759624 0.1909168785 0.4579363246 -0.002918874559 0.05009317864 0.2482565416 -0.9913356563 -0.06560588308 -0.1137958026 0.03328413073 0.7125966329 -0.7007839934 0.1270660585 -0.6984997544 -0.7042388159 0.0001450322507 0.4446290274 0
0.8043866334 0.3455805854 0.337182789 -0.02273917131 0.192347441 0.4570714322 -0.002968799318 0.05050991981 0.2481412128 -0.9910421432 -0.06721149284 -0.1154040102 0.03410760547 0.7080919308 -0.7052960292 0.1291206474 -0.7029142428 -0.6994565216 0.0001479440279 0.4484531094 0
0.8121032606 0.3488958028 0.3404174448 -0.02316039783 0.193950555 0.4560909692 -0.003025455246 0.05097832459 0.2480103351 -0.9907033597 -0.06904572372 -0.1172157888 0.03504880519 0.7029960705 -0.7103295757 0.1314474585 -0.7078341705 -0.6940405987 0.0001512651872 0.4527552016 0
0.8198198878 0.3522110202 0.3436521006 -0.02358500049 0.1955469812 0.4551026477 -0.003082630011 0.05144627108 0.2478782594 -0.9903553461 -0.07090959994 -0.1190298998 0.03600573012 0.6978709659 -0.715317903 0.1337904175 -0.7127046678 -0.6885870901 0.0001546348362 0.4570572938 0
0.826679112 0.3551578801 0.3465273502 -0.02396524507 0.19696037 0.4542175758 -0.003133887087 0.05186183544 0.2477598543 -0.9900381309 -0.07259133217 -0.1206440959 0.03686958403 0.6932911693 -0.719713824 0.1358864716 -0.7169922267 -0.6837082812 0.0001576711321 0.4608813757 0
0.8343957392 0.3584730975 0.349762006 -0.02439617652 0.1985440217 0.4532145232 -0.003192040171 0.05232890497 0.2476255197 -0.9896722734 -0.0745114232 -0.1224615817 0.03785638761 0.6881121861 -0.7246161144 0.1382594847 -0.7217684304 -0.6781848183 0.0001611335388 0.4651834679 0
0.8412549634 0.3614199574 0.3526372556 -0.02478201835 0.1999459737 0.452316423 -0.003244165861 0.05274368322 0.2475051089 -0.9893389582 -0.07624324198 -0.124078176 0.03874689853 0.6834852919 -0.7289352054 0.1403819916 -0.7259716412 -0.6732444375 0.0001642529673 0.4690075499 0
0.8489715906 0.3647351748 0.3558719114 -0.02521921458 0.2015166674 0.4512987883 -0.003303295001 0.053209861 0.2473685207 -0.988954719 -0.07821980422 -0.1258976808 0.03976379805 0.6782542216 -0.7337506738 0.1427844676 -0.7306523613 -0.6676523966 0.0001678096685 0.4733096421 0
0.8566882179 0.3680503922 0.3591065672 -0.02565970123 0.2030804275 0.4502734947 -0.003362939947 0.05367556071 0.2472307415 -0.9885605294 -0.08022635509 -0.1277177029 0.0407967137 0.6729963058 -0.7385198715 0.1452022997 -0.7352820577 -0.6620246127 0.0001714169177 0.4776117343 0
0.863547442 0.3709972521 0.3619818168 -0.02605399243 0.2044645747 0.4493557273 -0.003416390173 0.05408911133 0.2471072726 -0.9882016625 -0.08203517781 -0.1293356244 0.04172835082 0.6683004765 -0.7427201477 0.1473642388 -0.7393542471 -0.6569924493 0.00017466615 0.4814358163 0
0.8712640693 0.3743124694 0.3652164726 -0.02650064422 0.2060151002 0.4483160835 -0.003477007641 0.05455389677 0.246967248 -0.9877882631 -0.08409852563 -0.1311555763 0.0427916665 0.6629932402 -0.7474013893 0.1498106154 -0.7438866859 -0.6512982251 0.0001783700728 0.4857379085 0
0.8781232935 0.3772593293 0.3680917221 -0.02690038621 0.2073874041 0.4473856287 -0.003531321287 0.05496662817 0.2468417856 -0.9874120791 -0.0859579137 -0.1327728251 0.04375040765 0.6582543802 -0.7515231685 0.1519976573 -0.7478719196 -0.6462076324 0.000181705935 0.4895619905 0
0.8858399207 0.3805745467 0.3713263779 -0.02735313689 0.2089245171 0.4463317888 -0.003592908918 0.05543048464 0.2466995211 -0.9869789254 -0.08807822774 -0.1345913315 0.0448443036 0.6528996484 -0.7561157567 0.1544719689 -0.7523059716 -0.6404483866 0.0001855081052 0.4938640827 0
0.8935565479 0.3838897641 0.3745610337 -0.02780908927 0.2104544579 0.4452704965 -0.003655009198 0.05589384339 0.2465560731 -0.9865350925 -0.09022875702 -0.1364085139 0.04595445703 0.6475205149 -0.7606611405 0.1569608204 -0.7566874878 -0.6346552975 0.0001893629305 0.4981661749 0
0.9004157721 0.386836624 0.3774362833 -0.02821705283 0.2118083448 0.4443209049 -0.003710639271 0.05630529668 0.2464275714 -0.986131485 -0.09216573088 -0.1380223616 0.04695494407 0.6427189952 -0.7646617072 0.1591851987 -0.7605378171 -0.6294778004 0.0001928340076 0.5019902568 0
0.9081323993 0.3901518414 0.3806709391 -0.02867900112 0.2133246051 0.4432456563 -0.003773706035 0.0567677041 0.2462818921 -0.9856670614 -0.09437341787 -0.1398359831 0.04809592475 0.6372951804 -0.769117439 0.1617010395 -0.7648192669 -0.6236218909 0.0001967895141 0.506292349 0
0.9149916235 0.3930987013 0.3835461887 -0.02909226406 0.2146662546 0.4422837297 -0.003830194119 0.05717830527 0.2461514096 -0.9852449072 -0.09636123852 -0.1414460484 0.04912387889 0.6324547667 -0.7730380409 0.1639491306 -0.7685801714 -0.6183892001 0.0002003507992 0.510116431 0
0.9227082507 0.3964139187 0.3867808445 -0.02956013984 0.216168662 0.4411946841 -0.003894224914 0.05763974678 0.2460035047 -0.9847593438 -0.09862616414 -0.1432547189 0.05029582945 0.6269881242 -0.7774035128 0.1664913339 -0.772760488 -0.612471929 0.0002044085958 0.5144185232 0
0.9304248779 0.399729136 0.3900155003 -0.03003112572 0.2176636665 0.4400983992 -0.003958765072 0.05810067105 0.2458544239 -0.9842623662 -0.1009214133 -0.1450602039 0.05148422846 0.6214995621 -0.7817209659 0.1690472379 -0.7768868403 -0.6065227685 0.0002085212019 0.5187206154 0
0.9372841021 0.4026759959 0.3928907499 -0.03045237501 0.2189863063 0.4391178832 -0.004016561148 0.05850994398 0.2457209217 -0.9838109012 -0.1029870978 -0.1466620887 0.05255441886 0.6166028618 -0.7855182645 0.17133051 -0.7805091726 -0.6012081901 0.0002122232339 0.5225446974 0
0.9450007293 0.4059912133 0.3961254057 -0.03092918216 0.2204671987 0.4380080486 -0.004082061514 0.05896988013 0.2455696243 -0.9832919421 -0.1053396412 -0.1484604881 0.05377397683 0.6110743255 -0.7897445967 0.1739118051 -0.7845328092 -0.5951999289 0.0002164406168 0.5268467896 0
0.9518599535 0.4089380732 0.3990006553 -0.03135557466 0.2217772201 0.437015561 -0.004140709979 0.0593782683 0.2454341544 -0.982820693 -0.1074562543 -0.1500554526 0.05487191227 0.6061429259 -0.7934606648 0.1762173621 -0.7880633901 -0.5898334804 0.0002202365124 0.5306708716 0
0.9595765807 0.4122532906 0.4022353111 -0.03183813258 0.2232438338 0.4358923407 -0.004207168006 0.05983720186 0.2452806462 -0.9822792009 -0.1098660835 -0.1518453661 0.05612273376 0.6005762924 -0.7975953584 0.1788234053 -0.7919833083 -0.5837676156 0.0002245603148 0.5349729638 0
0.9672932079 0.415568508 0.4054699669 -0.03232370622 0.2247028216 0.4347621009 -0.004274131986 0.0602955988 0.2451259701 -0.9817255561 -0.1123062251 -0.1536302191 0.05739014368 0.5949902522 -0.8016813402 0.1814422879 -0.7958479199 -0.5776718659 0.0002289411265 0.539275056 0
0.9741524321 0.4185153679 0.4083452165 -0.0327578427 0.2259932607 0.4337515881 -0.004334079684 0.06070260898 0.244987501 -0.9812231002 -0.1145006732 -0.1552121887 0.05853067484 0.590009019 -0.8052723251 0.1837808145 -0.7992364815 -0.5722286771 0.0002328834177 0.5430991379 0
0.9818690593 0.4218305853 0.4115798723 -0.03324905777 0.2274377197 0.4326082171 -0.004401997357 0.06115998129 0.2448306234 -0.9806460783 -0.1169980192 -0.1569864091 0.05982947884 0.5843877665 -0.8092659463 0.1864234497 -0.8029958916 -0.5660776409 0.0002373731865 0.5474012302 0
0.9895856866 0.4251458027 0.4148145281 -0.03374323018 0.2288744218 0.4314579624 -0.004470418859 0.06161680532 0.2446725828 -0.9800564568 -0.1195256124 -0.1587544314 0.06114493096 0.5787486388 -0.8132104958 0.1890783936 -0.8066992259 -0.559897955 0.0002419213162 0.5517033224 0
0.9964449107 0.4280926626 0.4176897777 -0.03418496073 0.2301449424 0.4304297735 -0.004531660339 0.06202240761 0.2445311274 -0.9795216463 -0.1217977281 -0.1603204848 0.06232821116 0.5737215045 -0.8166754737 0.1914485271 -0.8099437935 -0.5543811981 0.0002460134734 0.5555274043 0
1.004161538 0.4314078799 0.4209244335 -0.03468466339 0.2315668713 0.4292666464 -0.004601031482 0.06247818508 0.2443708947 -0.9789078036 -0.124382361 -0.162075724 0.06367515232 0.5680500645 -0.8205270253 0.1941262142 -0.8135405045 -0.5481485752 0.0002506731279 0.5598294965 0
1.011020762 0.4343547398 0.4237996831 -0.03513127707 0.2328241901 0.4282270912 -0.004663115891 0.06288285073 0.2442274936 -0.9783512181 -0.1267051149 -0.1636297894 0.06488644351 0.5629950532 -0.8239091695 0.196516268 -0.8166898946 -0.5425854518 0.0002548651702 0.5636535785 0
1.018737389 0.4376699572 0.4270343389 -0.03563643633 0.2342311889 0.4270512631 -0.004733433978 0.06333756734 0.2440650753 -0.9777126029 -0.1293466346 -0.1653708388 0.06626491647 0.5572932036 -0.8276673523 0.1992160311 -0.8201790862 -0.5363014447 0.0002596380445 0.5679556707 0
1.026454017 0.4409851746 0.4302689947 -0.03614445429 0.2356302208 0.425868781 -0.004804252283 0.06379171655 0.2439015024 -0.9770606499 -0.1320181969 -0.1671038065 0.06766009483 0.5515760266 -0.831375967 0.2019272097 -0.823611002 -0.5299908672 0.0002644715491 0.5722577629 0
1.033313241 0.4439320345 0.4331442443 -0.03659840878 0.2368670819 0.4248121391 -0.004867621201 0.06419492518 0.2437551364 -0.9764698144 -0.1344180929 -0.1686371188 0.0689142821 0.5464816565 -0.8346308291 0.2043465764 -0.8266133167 -0.5243595154 0.0002688192855 0.5760818449 0
1.041029868 0.4472472519 0.4363789001 -0.03711176925 0.2382509487 0.4236172216 -0.004939382256 0.06464799177 0.2435893876 -0.9757922475 -0.1371462392 -0.1703537458 0.07034102808 0.540736988 -0.8382455783 0.2070788 -0.8299363945 -0.5179999534 0.0002737686262 0.5803839371 0
