0.006093677217 0.005612093906 0.001224585373 -2.906844571e-06 0.001553878804 0.5099968437 -3.641600768e-07 0.0003869212573 0.2549996087 -0.9999999999 -6.786293979e-08 -1.692852678e-05 3.477833831e-08 0.999981619 -0.006063140169 1.692862707e-05 -0.006063140169 -0.9999816189 3.423090214e-08 0.001628698547 0
0.01264269078 0.01164353893 0.002540675139 -1.251229648e-05 0.003223806786 0.509986414 -1.57630416e-06 0.0008042600304 0.2549983059 -0.9999999973 -6.102519467e-07 -7.286556892e-05 3.063624294e-07 0.999920883 -0.01257886417 7.286748029e-05 -0.01257886416 -0.9999208803 7.818899273e-08 0.003379097935 0
0.01846403617 0.01700482339 0.003710532709 -2.668726153e-05 0.004708082009 0.5099710227 -3.373755759e-06 0.001175948106 0.254996374 -0.9999999879 -1.902373036e-06 -0.0001554073794 9.527513995e-07 0.9998312609 -0.01836980606 0.0001554161023 -0.01836980598 -0.9998312488 7.49004146e-08 0.004935008503 0
0.02428538156 0.02236610786 0.004880390279 -4.616688817e-05 0.006192209797 0.5099498715 -5.848769074e-06 0.001547793156 0.2549937138 -0.9999999639 -4.329461769e-06 -0.0002688276267 2.166572379e-06 0.999708114 -0.02415960904 0.0002688537578 -0.02415960875 -0.9997080779 3.286800642e-08 0.006490919071 0
0.03083439513 0.02839755288 0.006196480045 -7.442127724e-05 0.007861619466 0.5099191925 -9.441858214e-06 0.001966102646 0.2549898518 -0.9999999061 -8.861699734e-06 -0.0004333164002 4.432859895e-06 0.9995295241 -0.03067132929 0.0004333843353 -0.03067132833 -0.9995294302 5.627334875e-08 0.00824131846 0
0.03665574052 0.03375883734 0.007366337614 -0.0001051706311 0.009345279662 0.5098858045 -1.335384186e-05 0.002337875438 0.254985647 -0.9999998124 -1.488727516e-05 -0.0006122997492 7.445554193e-06 0.9993352036 -0.03645752098 0.0006124354477 -0.0364575187 -0.999335016 1.611359484e-07 0.009797229027 0
0.04247708591 0.03912012181 0.008536195184 -0.0001412216973 0.01082864723 0.5098466598 -1.794131568e-05 0.002709589018 0.2549807162 -0.9999996618 -2.316403569e-05 -0.0008221025554 1.158345033e-05 0.9991074314 -0.0422414532 0.000822347255 -0.04224144844 -0.9991070932 2.906611479e-07 0.01135313959 0
0.04902609947 0.04515156683 0.00985228495 -0.0001881146554 0.01249702812 0.5097957429 -2.390936139e-05 0.003127700005 0.2549743014 -0.9999993999 -3.561005743e-05 -0.001094935722 1.7805179e-05 0.9988112445 -0.04874523045 0.001095369932 -0.04874522069 -0.9988106445 4.637020135e-07 0.01310353898 0
0.05484744486 0.0505128513 0.01102214252 -0.0002354271144 0.01397961966 0.5097443705 -2.993157349e-05 0.003499298844 0.2549678284 -0.9999990601 -4.98535013e-05 -0.001370135014 2.49247875e-05 0.9985125052 -0.05452317309 0.001370815117 -0.054523156 -0.9985115654 6.40958048e-07 0.01465944955 0
0.06066879025 0.05587413576 0.01219200009 -0.0002880363914 0.01546177348 0.5096872467 -3.66287489e-05 0.003870848181 0.2549606299 -0.9999985931 -6.746037053e-05 -0.001676055956 3.372480964e-05 0.9981804354 -0.06029773879 0.001677073972 -0.06029771048 -0.9981790288 8.398816632e-07 0.01621536012 0
0.06721780382 0.06190558078 0.01350808986 -0.0003535507115 0.01712861557 0.5096161105 -4.496973333e-05 0.004288783572 0.2549516645 -0.9999978804 -9.17301294e-05 -0.002056889681 4.585372474e-05 0.9977670777 -0.06678964457 0.002058423429 -0.06678959732 -0.9977649586 1.089361937e-06 0.01796575951 0
0.07303914921 0.06726686525 0.01467794743 -0.0004174089153 0.01860968525 0.5095467725 -5.310086608e-05 0.004660230755 0.2549429247 -0.9999970456 -0.0001176613369 -0.002427958132 5.881151834e-05 0.9973643492 -0.07255585053 0.002430095901 -0.07255577896 -0.9973613957 1.333907626e-06 0.01952167008 0
0.0788604946 0.07262814971 0.01584780499 -0.0004865570994 0.02009017231 0.5094716906 -6.190665e-05 0.005031629441 0.2549334598 -0.9999959857 -0.0001480622676 -0.002829611751 7.400111557e-05 0.9969284595 -0.07831756663 0.00283251636 -0.07831746163 -0.9969244465 1.599930981e-06 0.02107758064 0
0.08540950816 0.07865959473 0.01716389476 -0.0005706687434 0.02175496618 0.5093803612 -7.261945235e-05 0.005449393602 0.2549219451 -0.9999944779 -0.0001880448266 -0.003317966242 9.397552719e-05 0.9963985255 -0.08479368857 0.003321961685 -0.08479353214 -0.9963930055 1.924985979e-06 0.02282798003 0
0.09123085356 0.0840208792 0.01833375233 -0.0006510492621 0.02323406142 0.5092930831 -8.285853629e-05 0.005820685048 0.2549109395 -0.9999928127 -0.0002291130425 -0.003784436424 0.0001144894962 0.9958923871 -0.09054468613 0.003789636393 -0.09054446864 -0.9958852032 2.236974454e-06 0.0243838906 0
0.09705219895 0.08938216366 0.0195036099 -0.0007367109833 0.02471242939 0.5092000706 -9.377194816e-05 0.006191923285 0.2548992092 -0.9999907971 -0.0002757493815 -0.00428131683 0.00013778158 0.9953533042 -0.096290087 0.004287974785 -0.09628979074 -0.9953441061 2.570816345e-06 0.02593980117 0
0.1036012125 0.09541360869 0.02081969967 -0.0008393890923 0.02637466646 0.5090885815 -0.0001068554275 0.006609500079 0.2548851463 -0.9999880532 -0.0003353060403 -0.004876577093 0.0001675219443 0.9947075558 -0.1027465341 0.004885219614 -0.1027461236 -0.9946956161 2.97272997e-06 0.02769020056 0
0.1094225579 0.1007748932 0.02198955724 -0.000936262437 0.02785133549 0.5089833953 -0.0001192014018 0.006980618055 0.2548718762 -0.9999851367 -0.0003949337623 -0.005437861666 0.0001972928794 0.9940987352 -0.1084788722 0.005448613373 -0.1084783327 -0.9940838817 3.353618607e-06 0.02924611112 0
0.1152439033 0.1061361776 0.02315941481 -0.00103840627 0.02932713288 0.5088724863 -0.0001322213295 0.007351675721 0.2548578816 -0.999981717 -0.000461218168 -0.006029343335 0.0002303819138 0.993457234 -0.1142045143 0.006042567949 -0.1142038154 -0.9934389644 3.756972024e-06 0.03080202169 0
0.1210652487 0.1114974621 0.02432927238 -0.001145816755 0.0308020125 0.5087558588 -0.000145915078 0.007722670543 0.2548431628 -0.9999777394 -0.0005345052039 -0.006650945887 0.0002669603039 0.9927831466 -0.1199231106 0.006667046512 -0.1199222166 -0.992760904 4.183019901e-06 0.03235793226 0
0.1276142622 0.1175289071 0.02564536214 -0.001272943813 0.03246009767 0.5086178227 -0.000162125798 0.008139961344 0.2548257385 -0.9999725262 -0.0006257525649 -0.00738615277 0.0003124940499 0.9919859713 -0.1263476751 0.007406022312 -0.126346512 -0.9919585222 4.68975479e-06 0.03410833165 0
0.1334356076 0.1228901916 0.02681521971 -0.001391532291 0.03393287405 0.508489058 -0.0001772509458 0.008510813864 0.2548094812 -0.9999671693 -0.0007150629731 -0.008071491523 0.0003570521742 0.9912429735 -0.1320501417 0.008095233425 -0.1320486884 -0.991210175 5.164854254e-06 0.03566424222 0
0.139256953 0.128251476 0.02798507728 -0.001515374158 0.03540458877 0.508354589 -0.0001930494582 0.008881595171 0.2547925 -0.9999610663 -0.0008124486399 -0.008786688146 0.0004056293958 0.9904677152 -0.1377444756 0.008814841244 -0.1377426769 -0.9904288231 5.663453031e-06 0.03722015278 0
0.1458059666 0.1342829211 0.02930116705 -0.001660969902 0.03705894161 0.5081964995 -0.000211627467 0.009298635556 0.2547725313 -0.9999532263 -0.0009320836475 -0.009626859051 0.0004652915379 0.9895571304 -0.1441404498 0.009660677973 -0.1441381871 -0.9895104114 6.252818462e-06 0.03897055217 0
0.151627312 0.1396442055 0.03047102462 -0.001795959533 0.03852824779 0.5080499261 -0.0002288563413 0.009669256265 0.2547540126 -0.9999453156 -0.001047757297 -0.01040519322 0.0005229647295 0.9887137028 -0.1498163556 0.0104447283 -0.1498136046 -0.9886590876 6.802307095e-06 0.04052646274 0
0.1574486574 0.14500549 0.03164088219 -0.001936187366 0.03999634887 0.5078976651 -0.0002467580595 0.01003979697 0.2547347708 -0.9999364439 -0.001172564559 -0.01121308493 0.0005851775853 0.9878383865 -0.1554830527 0.01125902964 -0.1554797325 -0.9877749172 7.376216902e-06 0.04208237331 0
0.1639976709 0.151036935 0.03295697195 -0.002100198403 0.04164646506 0.50771958 -0.0002677015263 0.01045655607 0.2547122595 -0.999925222 -0.001324307736 -0.01215716407 0.0006607980784 0.986815699 -0.1618466543 0.01221121514 -0.1618425851 -0.9867410318 8.051452153e-06 0.0438327727 0
0.1698190163 0.1563982195 0.03412682952 -0.002251539689 0.04311185325 0.5075552519 -0.0002870324304 0.01082691724 0.2546914815 -0.9999140583 -0.001469635262 -0.01302751585 0.0007332023622 0.985873052 -0.1674926498 0.01308962992 -0.167487807 -0.9857872469 8.678324196e-06 0.04538868326 0
0.1756403617 0.1617595039 0.03529668709 -0.002408102072 0.04457589338 0.5073852546 -0.0003070355924 0.01119718939 0.2546699809 -0.9999016927 -0.001625138608 -0.013927088 0.0008106565001 0.9848989335 -0.1731283732 0.01399813172 -0.1731226435 -0.9848007934 9.330643809e-06 0.04694459383 0
0.1821893753 0.167790949 0.03661277686 -0.002590468271 0.04622127033 0.5071872392 -0.0003303424567 0.01161363554 0.2546449293 -0.999886242 -0.001812653714 -0.01497389005 0.0009040288205 0.9837656102 -0.1794558634 0.01505608942 -0.1794489857 -0.9836520603 1.00953561e-05 0.04869499322 0
0.1880107207 0.1731522334 0.03778263443 -0.002758105729 0.04768229435 0.5070052165 -0.0003517734895 0.01198370886 0.2546218939 -0.9998710451 -0.001990873324 -0.01593516704 0.0009927465315 0.9827250953 -0.1850686398 0.01602833677 -0.1850605939 -0.9825963917 1.080292245e-05 0.05025090379 0
0.1938320661 0.1785135179 0.038952492 -0.00293094527 0.04914182789 0.5068175453 -0.0003738761283 0.01235368404 0.2545981366 -0.9998543798 -0.002180292967 -0.01692529089 0.001087012726 0.981653571 -0.1906700944 0.01703048891 -0.190660727 -0.9815082525 1.153705832e-05 0.05180681436 0
0.2003810796 0.1845449629 0.04026858176 -0.003131599784 0.05078196494 0.5065996723 -0.0003995440988 0.01276978513 0.2545705471 -0.9998337632 -0.002407180509 -0.01807350285 0.001199889711 0.980411236 -0.1969577835 0.01819357821 -0.1969467281 -0.9802453672 1.239519095e-05 0.05355721374 0
0.206202425 0.1899062474 0.04143843933 -0.003315471971 0.05223818038 0.5064000217 -0.0004230731536 0.01313954198 0.2545452566 -0.9998136733 -0.002621472244 -0.01912449976 0.001306465817 0.9792743441 -0.2025340766 0.01925906942 -0.2025213246 -0.9790884543 1.318705279e-05 0.05511312431 0
0.2120237704 0.1952675318 0.0426082969 -0.003504525325 0.05369276353 0.5061947454 -0.0004472730969 0.01350919147 0.2545192449 -0.9997918234 -0.002847968419 -0.0202039343 0.001419076313 0.9781069486 -0.2080980136 0.0203542651 -0.2080833634 -0.9778992882 1.4006694e-05 0.05666903488 0
0.218572784 0.2012989769 0.04392438667 -0.003723394622 0.05532716216 0.5059570946 -0.0004752996511 0.01392491515 0.2544891202 -0.9997650155 -0.003117759267 -0.02145211754 0.001553166071 0.9767573808 -0.2143422656 0.02162178173 -0.2143252172 -0.9765230155 1.496249943e-05 0.05841943427 0
0.2243941294 0.2066602613 0.04509424424 -0.003923434161 0.05677812657 0.5057398893 -0.0005009244157 0.01429432671 0.2544615771 -0.999739095 -0.003371239369 -0.02259151807 0.001679104562 0.9755257389 -0.2198788606 0.02277987163 -0.2198594266 -0.9752655587 1.584252511e-05 0.05997534484 0
0.2302154748 0.2120215458 0.04626410181 -0.004128632058 0.05822731755 0.505517083 -0.0005272192856 0.01466362167 0.2544333136 -0.9997110981 -0.003637906727 -0.0237589119 0.001811549486 0.9742641427 -0.2254020818 0.02396744768 -0.2253800032 -0.9739760857 1.67516209e-05 0.0615312554 0
0.2367644883 0.2180529908 0.04758019157 -0.004365635951 0.05985548155 0.5052597414 -0.0005576016697 0.01507893544 0.2544006567 -0.9996769874 -0.003954055856 -0.02510550444 0.00196851139 0.9728092723 -0.2315993192 0.02533862415 -0.2315739302 -0.972487259 1.780963605e-05 0.06328165479 0
0.2425858337 0.2234142753 0.04875004914 -0.004581769562 0.06130075462 0.505025061 -0.0005853196265 0.01544797279 0.2543708636 -0.9996442224 -0.004249771235 -0.02633188335 0.002115271743 0.9714846417 -0.2370930547 0.02658861151 -0.2370644014 -0.9711300198 1.878193959e-05 0.06483756536 0
0.2484071791 0.2287755597 0.04991990671 -0.004803036839 0.06274411383 0.5047848064 -0.0006137068395 0.01581688428 0.2543403511 -0.9996090409 -0.00455963335 -0.02758577684 0.00226899559 0.970130648 -0.2425724169 0.02786784885 -0.2425401731 -0.9697410208 1.978467828e-05 0.06639347593 0
0.2542285245 0.2341368442 0.05108976428 -0.005029429485 0.06418551443 0.5045389866 -0.0006427630232 0.01618566693 0.2543091196 -0.9995713291 -0.004883944028 -0.02886702458 0.002429825852 0.9687474893 -0.2480370899 0.02917625685 -0.2480009055 -0.9683203483 2.081830356e-05 0.0679493865 0
0.2607775381 0.2401682892 0.05240585405 -0.005290237052 0.0658046933 0.5042557987 -0.0006762504946 0.01660038973 0.254273125 -0.9995257341 -0.005266436532 -0.03034092112 0.002619430072 0.9671568262 -0.2541668981 0.03068298282 -0.2541258313 -0.9666843417 2.20186219e-05 0.06969978588 0
0.2665988835 0.2455295737 0.05357571162 -0.005527492685 0.06724178354 0.5039981838 -0.000706727262 0.01696888877 0.2542403665 -0.9994822568 -0.005622440536 -0.03167974868 0.002795828277 0.9657123681 -0.259599317 0.03205310685 -0.2595534823 -0.9651966578 2.311941072e-05 0.07125569645 0
0.2724202288 0.2508908582 0.05474556919 -0.005769846526 0.06867677578 0.5037350331 -0.0007378720643 0.01733724969 0.2542068899 -0.9994358785 -0.005993819179 -0.03304540752 0.002979768524 0.9642393905 -0.2650160728 0.03345214202 -0.2649650392 -0.9636775821 2.425253954e-05 0.07281160702 0
0.2789692424 0.2569223032 0.05606165895 -0.006048577232 0.07028857898 0.5034323841 -0.0007737080871 0.01775148696 0.2541683709 -0.9993800815 -0.006430359464 -0.03461362834 0.00319588537 0.9625484686 -0.2710908184 0.03506050636 -0.2710333854 -0.9619312163 2.556656134e-05 0.07456200641 0
0.2847905878 0.2622835876 0.05723151652 -0.006301734368 0.07171896559 0.5031575031 -0.000806271415 0.01811954455 0.2541333696 -0.9993271259 -0.006835370801 -0.03603572087 0.003396300961 0.9610156058 -0.2764732729 0.03652068746 -0.2764096293 -0.9603457483 2.677000734e-05 0.07611791698 0
0.2906119332 0.2676448721 0.05840137409 -0.006559960697 0.07314711567 0.5028771179 -0.0008395017766 0.01848745476 0.2540976512 -0.9992708762 -0.007256655633 -0.03748408912 0.003604676761 0.9594549085 -0.2818391115 0.03800950267 -0.2817687339 -0.9587291892 2.80073068e-05 0.07767382754 0
0.2971609468 0.2736763171 0.05971746386 -0.006856512531 0.07475105621 0.5025551185 -0.0008776828305 0.01890117387 0.2540566115 -0.9992034954 -0.007750403512 -0.03914468123 0.003848776213 0.9576661369 -0.287855445 0.0397185315 -0.287776826 -0.9568735218 2.944035203e-05 0.07942422693 0
0.3029822921 0.2790376016 0.06088732143 -0.007125478534 0.07617430724 0.5022630721 -0.0009123295203 0.01926876103 0.2540193707 -0.9991398101 -0.008207200845 -0.04064826873 0.004074496562 0.9560470519 -0.293184981 0.0412678855 -0.2930984074 -0.9551912296 3.075124389e-05 0.0809801375 0
0.3088036375 0.2843988861 0.062057179 -0.007399482868 0.07759518413 0.5019655549 -0.000947642177 0.01963619154 0.2539814141 -0.999072416 -0.0086811417 -0.04217754468 0.004308576808 0.9544008564 -0.2984969706 0.04284557927 -0.2984018147 -0.9534781661 3.209755712e-05 0.08253604807 0
0.3153526511 0.2904303311 0.06337326876 -0.007713747339 0.07919077822 0.5016243229 -0.0009881645116 0.02004935992 0.2539378577 -0.9989919938 -0.00923515566 -0.04392844361 0.004582063882 0.9525167795 -0.3044516209 0.04465423775 -0.3043460147 -0.9515143206 3.365513725e-05 0.08428644746 0
0.3211739965 0.2957916155 0.06454312633 -0.00799842382 0.08060646465 0.5013152178 -0.00102489116 0.02041644769 0.2538983812 -0.9989162608 -0.00974642591 -0.04551165795 0.004834317554 0.9508137745 -0.3097253552 0.0462918265 -0.3096097115 -0.949736223 3.507842814e-05 0.08584235802 0
0.3269953419 0.3011529 0.0657129839 -0.008288105942 0.08201964029 0.5010006776 -0.001062282643 0.02078336954 0.25385819 -0.9988363837 -0.01027567933 -0.04711994269 0.005095311342 0.9490844202 -0.3149806361 0.0479574435 -0.3148542102 -0.9479276923 3.653875751e-05 0.08739826859 0
0.3335443554 0.307184345 0.06702907367 -0.008619968124 0.08360640753 0.5006403378 -0.001105142278 0.02119595462 0.2538121212 -0.9987413895 -0.01089291108 -0.04895897571 0.005399522622 0.9471077141 -0.3208704146 0.04986463646 -0.3207309189 -0.9458568579 3.822655702e-05 0.08914866798 0
0.3393657008 0.3125456295 0.06819893124 -0.008920250993 0.0850141034 0.5003142871 -0.001143945278 0.02156251407 0.2537704128 -0.9986522269 -0.01146124463 -0.05061985354 0.005679476329 0.9453232066 -0.3260855387 0.05158946839 -0.3259335437 -0.9439840316 3.976734858e-05 0.09070457855 0
0.3451870462 0.317906914 0.06936878881 -0.009225504996 0.08641915285 0.4999828388 -0.001183411915 0.02192889836 0.253727991 -0.9985584648 -0.01204836914 -0.05230515388 0.005968529955 0.9435131472 -0.3312813271 0.05334200007 -0.3311159583 -0.9420811288 4.134684002e-05 0.09226048912 0
0.3517360598 0.323938359 0.07068487858 -0.009574843577 0.08799661644 0.4996035228 -0.001228604641 0.02234086762 0.2536794143 -0.9984472982 -0.0127316583 -0.05423004342 0.006304730246 0.9414466149 -0.337103132 0.05534657269 -0.3369216172 -0.9399045594 4.317069919e-05 0.09401088851 0
0.3575574052 0.3292996434 0.07185473614 -0.009890623083 0.08939589904 0.4992606458 -0.001269480181 0.02270686987 0.253635478 -0.9983432627 -0.01335954439 -0.05596652924 0.006613485912 0.9395831339 -0.3422569158 0.05715760339 -0.3420600198 -0.9379381383 4.483422661e-05 0.09556679907 0
0.3633787506 0.3346609279 0.07302459371 -0.01021133741 0.09079240067 0.4989124104 -0.001311018095 0.02307268771 0.2535908298 -0.9982341535 -0.01400699587 -0.05772676088 0.006931679966 0.937694933 -0.3473905072 0.05899598858 -0.3471772123 -0.9359420156 4.653815509e-05 0.09712270964 0
0.3699277641 0.3406923729 0.07434068348 -0.01057802475 0.09236008758 0.498514257 -0.001358539474 0.02348400869 0.2535397499 -0.998105147 -0.01475906495 -0.05973512805 0.007301059078 0.9355414996 -0.3531413273 0.06109672706 -0.3529083061 -0.9336610292 4.850405409e-05 0.09887310903 0
0.3757491095 0.3460536574 0.07551054105 -0.01090918553 0.09375053763 0.4981546787 -0.001401483539 0.02384942489 0.2534935901 -0.997984737 -0.01544888717 -0.06154507742 0.007639651021 0.9336016811 -0.3582311221 0.06299285993 -0.3579793751 -0.931602204 5.029567232e-05 0.1004290196 0
0.3815704549 0.3514149419 0.07668039862 -0.01124524305 0.09513807329 0.4977897835 -0.001445088651 0.02421464747 0.2534467197 -0.9978587609 -0.01615901453 -0.06337806815 0.00798799761 0.9316380081 -0.363299895 0.06491598545 -0.363028247 -0.9295140702 5.212942841e-05 0.1019849302 0
0.3873918003 0.3567762263 0.07785025619 -0.01158618473 0.09652265211 0.4974195851 -0.001489354372 0.02457967349 0.2533991392 -0.9977270574 -0.0168896762 -0.06523386912 0.008346195218 0.9296507645 -0.3683473863 0.06686598438 -0.3680546085 -0.9273967572 5.400588503e-05 0.1035408407 0
0.3939408139 0.3628076714 0.07916634596 -0.01197556635 0.09807671625 0.49699679 -0.001539942387 0.02499008914 0.2533447629 -0.9975718421 -0.01773649604 -0.06734861935 0.008761059507 0.9273872987 -0.3740000563 0.06909170468 -0.3736819703 -0.9249800654 5.616864378e-05 0.1052912401 0
0.3997621593 0.3681689558 0.08033620353 -0.01232684436 0.09945487143 0.4966153682 -0.001585610414 0.02535468769 0.253295675 -0.9974274249 -0.01851153693 -0.06925211245 0.009140499594 0.9253509243 -0.3790014752 0.07109840607 -0.3786594644 -0.9228011848 5.813772139e-05 0.1068471507 0
0.4055835047 0.3735302403 0.0815060611 -0.0126829661 0.1008299379 0.496228687 -0.001631937637 0.02571908049 0.2532458785 -0.9972767655 -0.01930780403 -0.07117767637 0.009530076368 0.9232918864 -0.38398082 0.07313159751 -0.3836134789 -0.9205935413 6.015127752e-05 0.1084030613 0
0.4121325182 0.3795616853 0.08282215086 -0.01308937629 0.1023731436 0.4957874021 -0.001684843127 0.02612877279 0.253189011 -0.9970996031 -0.02022924214 -0.07337001591 0.009980574179 0.9209487485 -0.3895558891 0.07545044474 -0.3891582973 -0.9180757322 6.247040981e-05 0.1101534606 0
0.4179538636 0.3849229698 0.08399200843 -0.01345574659 0.1037415076 0.4953895929 -0.001732569585 0.02649271861 0.2531377104 -0.9969351191 -0.02107131895 -0.07534167369 0.01039197506 0.9188425397 -0.3944875081 0.07753950691 -0.3940613997 -0.9158074242 6.458039494e-05 0.1117093712 0
0.423775209 0.3902842542 0.085161866 -0.01382691848 0.1051066523 0.4949865702 -0.00178095376 0.0268564495 0.2530857027 -0.9967638624 -0.02193527616 -0.07733463771 0.01081377419 0.9167146046 -0.3993962895 0.07965465973 -0.3989400675 -0.9135107869 6.67366639e-05 0.1132652818 0
0.4303242226 0.3963156993 0.08647795577 -0.01425020897 0.1066385403 0.4945269564 -0.001836171528 0.0272653862 0.2530263496 -0.9965628878 -0.02293363228 -0.07960187873 0.01130082503 0.9142950888 -0.4048910743 0.08206522979 -0.4043989851 -0.910893385 6.921851605e-05 0.1150156812 0
0.436145568 0.4016769837 0.08764781334 -0.01463153796 0.1079967064 0.4941129049 -0.001885951729 0.02762865065 0.2529728412 -0.9963766632 -0.02384474832 -0.08163928613 0.01174497791 0.9121220044 -0.4097505395 0.08423538779 -0.4092247269 -0.9085370231 7.147507669e-05 0.1165715917 0
0.4419669133 0.4070382682 0.08881767091 -0.01501762463 0.1093515239 0.4936936875 -0.001936388105 0.02799169102 0.2529186275 -0.9961831206 -0.02477836007 -0.08369721122 0.01219976581 0.909928159 -0.4145864339 0.08643122126 -0.4140250938 -0.9061527827 7.377975068e-05 0.1181275023 0
0.4485159269 0.4130697132 0.09013376067 -0.01545764111 0.1108716399 0.4932159125 -0.00199391273 0.02839983997 0.2528567946 -0.9959564169 -0.02585579722 -0.08603658167 0.0127242019 0.9074356589 -0.4199983567 0.08893205452 -0.4193948053 -0.903437373 7.643075426e-05 0.1198779017 0
0.4543372723 0.4184309977 0.09130361824 -0.01585378979 0.1122192054 0.4927857696 -0.002045741786 0.02876239448 0.2528010837 -0.9957467328 -0.02683783307 -0.08813725003 0.01320181966 0.9051987444 -0.4247834097 0.0911819943 -0.4241402645 -0.900994384 7.883963113e-05 0.1214338123 0
0.4601586177 0.4237922821 0.09247347581 -0.01625465055 0.1135632945 0.4923505103 -0.00209822541 0.02912471579 0.2527446692 -0.9955291718 -0.02784293992 -0.09025762479 0.01369028366 0.9029420608 -0.4295441897 0.0934571788 -0.4288594239 -0.8985239842 8.129847239e-05 0.1229897228 0
0.4667076313 0.4298237272 0.09378956558 -0.01671123268 0.1150711886 0.4918547481 -0.002158051242 0.02953204489 0.2526803626 -0.9952747741 -0.02900148051 -0.09266627264 0.01425284752 0.9003800637 -0.4348707822 0.09604676098 -0.4341366778 -0.8957122109 8.412513459e-05 0.1247401222 0
0.4725289766 0.4351850116 0.09495942315 -0.01712205674 0.1164077554 0.4914086705 -0.002211924063 0.02989386098 0.2526224547 -0.9950398703 -0.0300561906 -0.09482764356 0.01476456258 0.898082446 -0.4395792624 0.09837512017 -0.4387989809 -0.893184074 8.669213291e-05 0.1262960328 0
0.478350322 0.4405462961 0.09612928072 -0.01753754558 0.1177407191 0.4909575278 -0.002266449781 0.03025543476 0.2525638449 -0.994796518 -0.03113450595 -0.0970078881 0.01528730894 0.8957660762 -0.4442627994 0.1007282781 -0.4434340754 -0.8906290107 8.931096566e-05 0.1278519434 0
0.4848993356 0.4465777411 0.09744537048 -0.01801052711 0.1192359466 0.490443959 -0.002328570946 0.03066191202 0.2524970707 -0.9945124173 -0.03237602806 -0.09948288582 0.01588865105 0.8931381572 -0.4495017051 0.1034050411 -0.4486156762 -0.8877225763 9.231986056e-05 0.1296023427 0
0.490720681 0.4519390256 0.09861522805 -0.01843587699 0.1205611207 0.4899821091 -0.002384482242 0.03102296127 0.2524369715 -0.9942504953 -0.03350503748 -0.1017023351 0.0164350134 0.8907830395 -0.4541315525 0.1058104099 -0.4531920002 -0.8851108225 9.505084259e-05 0.1311582533 0
0.4965420264 0.45730031 0.09978508562 -0.01886584268 0.1218825668 0.4895152473 -0.0024410447 0.03138375913 0.2523761722 -0.993979542 -0.03465814437 -0.1039398051 0.01699256532 0.8884102099 -0.458735819 0.1082401163 -0.4577402232 -0.8824726428 9.783554591e-05 0.1327141639 0
0.5030910399 0.4633317551 0.1011011754 -0.01935505148 0.123364688 0.4889840587 -0.002505455098 0.03178935265 0.2523069371 -0.9936636892 -0.03598437834 -0.1064781541 0.01763324206 0.8857200259 -0.4638847966 0.1110024395 -0.4628230334 -0.8794733073 0.0001010333067 0.1344645633 0
0.5089123853 0.4686930395 0.102271033 -0.01979477241 0.1246780803 0.4885066046 -0.002563399379 0.03214960673 0.2522446523 -0.9933729163 -0.03718917985 -0.1087529959 0.01821471741 0.8833106821 -0.468434054 0.1134833613 -0.4673106074 -0.8767795179 0.0001039341851 0.1360204738 0
0.5147337307 0.474054324 0.1034408905 -0.02023905854 0.1259876209 0.4880241935 -0.002621993023 0.03250960038 0.2521816695 -0.9930725188 -0.0384185281 -0.1110449865 0.01880751328 0.8808846883 -0.4729571264 0.115988145 -0.4717692048 -0.8740598192 0.0001068906864 0.1375763844 0
0.5205550761 0.4794156085 0.1046107481 -0.02068789336 0.1272932708 0.4875368434 -0.00268123544 0.03286933071 0.2521179892 -0.9927623051 -0.03967255766 -0.1133538432 0.01941166572 0.8784423884 -0.4774538275 0.1185166353 -0.4761985493 -0.87131438 0.0001099034221 0.139132295 0
0.5271040897 0.4854470535 0.1059268379 -0.02119824881 0.1287574275 0.4869826935 -0.002748657906 0.033273709 0.2520455159 -0.9924013411 -0.04111300454 -0.1159711129 0.02010495308 0.8756757412 -0.4824808672 0.1213893283 -0.4811462534 -0.8681952049 0.0001133607303 0.1408826944 0
0.5329254351 0.4908083379 0.1070966954 -0.0216566939 0.1300546799 0.4864849084 -0.002809276983 0.03363287022 0.2519803557 -0.9920696269 -0.04241990805 -0.1183148632 0.02073334483 0.8731999421 -0.4869209274 0.1239676727 -0.4855125256 -0.8653956341 0.0001164949998 0.1424386049 0
0.5387467805 0.4961696224 0.108266553 -0.02211963491 0.13134792 0.4859822416 -0.002870542951 0.03399175911 0.2519144999 -0.9917274914 -0.04375188419 -0.1206745849 0.02137318727 0.8707089243 -0.4913340574 0.1265692288 -0.4898486926 -0.8625708601 0.0001196874222 0.1439945155 0
0.545295794 0.5022010674 0.1095826428 -0.02264579615 0.1327979712 0.4854109296 -0.002940239635 0.03439518001 0.2518395818 -0.9913298893 -0.045280471 -0.1233480018 0.02210672711 0.8678887763 -0.496266425 0.1295235239 -0.4946905608 -0.8593630815 0.0001233491758 0.1457449149 0
0.5511171394 0.5075623519 0.1107525003 -0.02311823365 0.1340825575 0.4848979515 -0.003002878194 0.03475348067 0.2517722505 -0.9909649596 -0.04666610528 -0.1257406989 0.02277097875 0.8653665888 -0.5006217629 0.1321738676 -0.4989618639 -0.8564853339 0.000126667221 0.1473008254 0
0.5569384848 0.5129236364 0.1119223579 -0.02359511273 0.1353630115 0.4843801506 -0.003066161697 0.03511150002 0.2517042258 -0.9905889964 -0.04807715876 -0.128148457 0.02344674678 0.8628302873 -0.5049496464 0.1348469143 -0.5032022279 -0.8535829354 0.0001300453487 0.148856736 0
0.5634874984 0.5189550814 0.1132384477 -0.02413688872 0.1367985359 0.4837918839 -0.003138125756 0.03551393197 0.25162687 -0.9901526034 -0.04969510381 -0.1308748208 0.02422076999 0.8599605218 -0.5097854993 0.1378810225 -0.5079353282 -0.8502884958 0.0001339183312 0.1506071354 0
0.5693088438 0.5243163658 0.1144083052 -0.02462314715 0.1380700831 0.4832638988 -0.003202777647 0.03587134403 0.2515573742 -0.9897525377 -0.05116050377 -0.1333136042 0.0249210563 0.8573954147 -0.5140545144 0.1406017609 -0.512109076 -0.8473343137 0.0001374261926 0.152163046 0
0.5751301892 0.5296776503 0.1155781628 -0.02511379125 0.1393373801 0.4827311517 -0.003268072473 0.03622846583 0.2514871872 -0.9893408197 -0.05265162408 -0.1357665238 0.02563289587 0.8548173137 -0.5182955863 0.1433446796 -0.5162510694 -0.8443560482 0.0001409960758 0.1537189565 0
0.5816792027 0.5357090953 0.1168942526 -0.02567098542 0.140757962 0.4821261437 -0.003342296842 0.03662987736 0.2514074014 -0.988863461 -0.05435998604 -0.1385425837 0.02644753208 0.8519018683 -0.5230332062 0.1464567637 -0.5208725359 -0.8409769424 0.0001450871046 0.1554693559 0
0.5875005481 0.5410703798 0.1180641101 -0.0261708884 0.1420161029 0.4815833432 -0.003408955718 0.03698637289 0.2513357479 -0.9884263203 -0.05590604403 -0.1410245497 0.02718393741 0.8492973568 -0.5272144093 0.1492462492 -0.5249462011 -0.8379481148 0.0001487908515 0.1570252665 0
0.5933218935 0.5464316643 0.1192339677 -0.0266751196 0.1432698769 0.4810358431 -0.003476255457 0.03734256925 0.2512634053 -0.9879769037 -0.05747807752 -0.1435197143 0.02793190375 0.8466809849 -0.5313672163 0.1520573791 -0.5289873159 -0.8348957857 0.0001525585678 0.1585811771 0
0.5998709071 0.5524631093 0.1205500575 -0.02724752997 0.144675107 0.4804143132 -0.003552732851 0.03774292901 0.2511811973 -0.9874563869 -0.05927775332 -0.1463421743 0.02878718014 0.8437238447 -0.5360050114 0.1552455548 -0.5334943504 -0.8314340598 0.0001568744901 0.1603315765 0
0.6056922525 0.5578243937 0.1217199151 -0.02776089633 0.1459194793 0.479856894 -0.003621392168 0.03809848018 0.2511073931 -0.986980218 -0.06090521737 -0.1488643804 0.02955969749 0.8410834839 -0.5400970258 0.1581020984 -0.5374654664 -0.8283324206 0.0001607802169 0.161887487 0
0.6115135978 0.5631856782 0.1228897726 -0.02827853192 0.1471593701 0.4792948392 -0.003690690213 0.0384537233 0.2510329021 -0.9864911458 -0.06255886558 -0.1513988361 0.03034375415 0.8384324082 -0.5441602278 0.1609797373 -0.5414032557 -0.8252078762 0.000164751868 0.1634433976 0
0.6180626114 0.5692171232 0.1242058624 -0.02886595114 0.1485488452 0.4786570126 -0.003769413125 0.03885300005 0.2509482799 -0.9859252653 -0.06445058868 -0.15426436 0.03123959444 0.835437599 -0.5486967339 0.1642420741 -0.545793129 -0.8216656263 0.0001692995565 0.165193797 0
0.6238839568 0.5745784077 0.12537572 -0.02939259497 0.1497790923 0.4780851765 -0.003840066144 0.03920757913 0.2508723322 -0.9854081047 -0.06616006105 -0.1568238295 0.03204812455 0.8327649788 -0.5526982973 0.1671639461 -0.5496592912 -0.8184930535 0.0001734133794 0.1667497075 0
0.6297053022 0.5799396922 0.1265455775 -0.02992344756 0.1510047451 0.4775087706 -0.003911355694 0.0395618413 0.2507957001 -0.9848774108 -0.06789587929 -0.1593945896 0.03286814265 0.8300827984 -0.5566706684 0.1701063515 -0.5534913707 -0.8152981858 0.000177595088 0.1683056181 0
0.6362543158 0.5859711372 0.1278616673 -0.03052566303 0.1523780683 0.476854878 -0.003992316396 0.03996000392 0.2507086719 -0.9842639524 -0.0698802182 -0.1622998061 0.03380436631 0.8270543804 -0.5611045506 0.173440874 -0.5577614248 -0.8116775568 0.0001823814377 0.1700560175 0
0.6420756611 0.5913324216 0.1290315249 -0.03106539377 0.1535938396 0.476268832 -0.004064956183 0.04031358329 0.250630588 -0.98370383 -0.0716721541 -0.1648935326 0.03464871709 0.8243531183 -0.5650145155 0.1764263052 -0.5615202923 -0.8084359716 0.0001867094919 0.1716119281 0
0.6478970065 0.5966937061 0.1302013824 -0.03160927134 0.1548049055 0.4756782834 -0.00413823024 0.04066683694 0.2505518222 -0.9831295433 -0.07349055031 -0.1674975823 0.03550447467 0.8216434588 -0.5688949454 0.1794316954 -0.5652443415 -0.805172715 0.0001911073985 0.1731678386 0
0.6537183519 0.6020549906 0.13137124 -0.0321572756 0.1560112308 0.475083254 -0.00421213783 0.04101976204 0.2504723753 -0.9825408903 -0.07533543345 -0.1701116439 0.03637160675 0.8189257751 -0.5727457386 0.1824568583 -0.5689333417 -0.8018879894 0.0001955757879 0.1747237492 0
0.6602673655 0.6080864356 0.1326873298 -0.03277868783 0.1573626368 0.4744085173 -0.004296040213 0.04141640658 0.2503821843 -0.981861232 -0.07744261396 -0.1730640422 0.03736068226 0.8158592552 -0.5770423339 0.1858835673 -0.5730412876 -0.7981672645 0.0002006877605 0.1764741486 0
0.6660887109 0.6134477201 0.1338571873 -0.03333539382 0.1585587726 0.4738040394 -0.004371291586 0.04176862422 0.2503012925 -0.9812413801 -0.07934384782 -0.175698343 0.03825186389 0.8131257622 -0.5808298285 0.1889501226 -0.5766550517 -0.7948375951 0.000205308021 0.1780300592 0
0.6719100563 0.6188090045 0.1350270449 -0.03389616265 0.1597500593 0.4731951501 -0.004447174149 0.04212050456 0.250219722 -0.9806065313 -0.08127162025 -0.1783416792 0.03915429929 0.810385415 -0.584587393 0.1920358603 -0.5802330592 -0.7914870974 0.0002100007371 0.1795859697 0
0.6784590698 0.6248404496 0.1363431347 -0.03453185815 0.161084418 0.4725049044 -0.004533295554 0.04251596326 0.2501271451 -0.9798741493 -0.08347209396 -0.181325842 0.04018293476 0.8072947984 -0.5887787702 0.1955300059 -0.5842153011 -0.7876931501 0.0002153674369 0.1813363691 0
0.6842804152 0.630201734 0.1375129922 -0.03510119154 0.1622652867 0.4718867156 -0.004610516859 0.04286711754 0.2500441352 -0.9792067631 -0.08545627618 -0.1839873365 0.04110913125 0.8045411316 -0.5924724524 0.1986558695 -0.5877165919 -0.784299084 0.0002202162204 0.1828922797 0
0.6901017606 0.6355630185 0.1386828498 -0.03567452253 0.1634411998 0.4712641861 -0.00468836695 0.04321792577 0.2499604492 -0.9785237509 -0.08746700089 -0.1866568848 0.04204643074 0.8017817836 -0.5961359486 0.2018003136 -0.5911814402 -0.7808848431 0.0002251394359 0.1844481903 0
0.6966507742 0.6415944635 0.1399989396 -0.03632427191 0.1647581365 0.4705586806 -0.004776698926 0.04361216795 0.2498654954 -0.9777364346 -0.08976078152 -0.1896693613 0.04311409614 0.798671194 -0.600221208 0.20535978 -0.595035567 -0.7770199706 0.0002307678114 0.1861985896 0
0.7024721196 0.646955748 0.1411687972 -0.03690602733 0.1659234072 0.4699270038 -0.004855882584 0.04396223161 0.2497803755 -0.9770195516 -0.0918278735 -0.1923549779 0.04407480443 0.7959010209 -0.6038203181 0.208543059 -0.5984222645 -0.773563563 0.0002358512977 0.1877545002 0
0.708293465 0.6523170324 0.1423386547 -0.03749171372 0.1670836177 0.4692910586 -0.004935692565 0.04431194055 0.2496945822 -0.9762864169 -0.09392146403 -0.195047663 0.04504643494 0.7931263408 -0.6073890238 0.2117443056 -0.6017718556 -0.7700876462 0.0002410111956 0.1893104108 0
0.7148424785 0.6583484775 0.1436547445 -0.03815528274 0.1683827648 0.4685705476 -0.005026226444 0.04470493563 0.2495972607 -0.9754419662 -0.09630839715 -0.1980849898 0.04615249467 0.7899999061 -0.6113673982 0.2153669375 -0.6054955335 -0.7661541889 0.0002469082059 0.1910608102 0
0.7206638239 0.6637097619 0.1448246021 -0.03874925053 0.1695321128 0.4679256105 -0.005107364687 0.04505388156 0.2495100391 -0.9746736352 -0.09845821079 -0.2007916471 0.04714711792 0.7872168957 -0.6148712941 0.2186057046 -0.6087655869 -0.7626375326 0.0002522325839 0.1926167207 0
0.7264851693 0.6690710464 0.1459944596 -0.03934708132 0.1706762981 0.4672764788 -0.005189126726 0.04540246411 0.2494221467 -0.9738884311 -0.1006344312 -0.2035043856 0.04815245263 0.7844305518 -0.6183446051 0.2218618152 -0.6119978927 -0.7591020447 0.0002576353555 0.1941726313 0
0.7330341829 0.6751024914 0.1473105494 -0.04002423101 0.1719572951 0.4665412217 -0.005281853626 0.04579418169 0.2493224671 -0.9729846617 -0.1031141943 -0.206563092 0.04929616575 0.7812923971 -0.6222154597 0.2255454191 -0.615588867 -0.7551023843 0.0002638079686 0.1959230307 0
0.7388555283 0.6804637759 0.148480407 -0.04063019734 0.1730904022 0.4658832564 -0.005364938494 0.04614198289 0.2492331523 -0.9721629466 -0.1053463922 -0.2092877037 0.0503240136 0.7785002141 -0.6256236172 0.228837713 -0.6187402964 -0.7515276088 0.0002693794342 0.1974789413 0
0.7446768737 0.6858250603 0.1496502645 -0.04123995737 0.1742182461 0.4652211718 -0.00544864457 0.0464894121 0.2491431695 -0.9713237427 -0.1076048573 -0.2120174088 0.05136233227 0.7757058681 -0.6290010469 0.232146716 -0.6218533596 -0.7479346906 0.0002750312774 0.1990348518 0
0.7512258872 0.6918565054 0.1509663543 -0.0419304441 0.1754807398 0.4644714333 -0.005543555394 0.04687982188 0.2490411415 -0.9703584901 -0.11017696 -0.2150940218 0.05254285289 0.7725601088 -0.6327638792 0.2358890615 -0.625309456 -0.7438712489 0.0002814864681 0.2007852512 0
0.7570472326 0.6972177898 0.1521362119 -0.04254819104 0.1765972943 0.4638006764 -0.005628578736 0.04722645149 0.2489497422 -0.9694814738 -0.1124910556 -0.2178335013 0.0536031418 0.7697624069 -0.6360758918 0.2392328888 -0.6283403532 -0.7402405187 0.0002873112227 0.2023411618 0
0.762868578 0.7025790743 0.1533060694 -0.04316966108 0.1777084873 0.463125877 -0.005714220638 0.04757270052 0.2488576777 -0.96858636 -0.1148312315 -0.2205770873 0.05467363124 0.7669637079 -0.6393570714 0.2425927806 -0.6313322889 -0.7365923457 0.0002932183402 0.2038970724 0
0.7694175916 0.7086105193 0.1546221592 -0.04387323671 0.1789521319 0.4623619263 -0.005811306077 0.04796177239 0.2487533112 -0.9675574844 -0.1174950162 -0.2236681372 0.0558900091 0.7638144428 -0.6430115114 0.2463916015 -0.6346514146 -0.7324675833 0.000299963088 0.2056474717 0
0.775238937 0.7139718038 0.1557920168 -0.04450254232 0.1800518288 0.4616786189 -0.005898259553 0.04830720365 0.2486598362 -0.9666232732 -0.1198903747 -0.2264194023 0.05698186302 0.7610148589 -0.64622709 0.2497849375 -0.6375599444 -0.7287830969 0.0003060473369 0.2072033823 0
0.7810602824 0.7193330882 0.1569618743 -0.04513549919 0.1811460678 0.460991347 -0.005985828879 0.04865224581 0.248565699 -0.965670364 -0.1223115791 -0.2291737893 0.0580836177 0.7582154372 -0.6494117678 0.2531936836 -0.640428941 -0.7250818782 0.0003122159348 0.2087592929 0
0.7868816277 0.7246943727 0.1581317319 -0.04577208408 0.1822348188 0.4603001356 -0.006074013177 0.04899689616 0.2484709004 -0.9646985666 -0.1247585444 -0.2319309837 0.05919517103 0.755416547 -0.652565531 0.2566176286 -0.6432582266 -0.7213641567 0.0003184695176 0.2103152034 0
0.7934306413 0.7307258177 0.1594478217 -0.04649254957 0.1834530662 0.4595178458 -0.006173954492 0.04938415608 0.2483634627 -0.9635824817 -0.127542061 -0.2350357923 0.06045725003 0.7522688894 -0.6560765496 0.2604874697 -0.6463934875 -0.7171622811 0.0003256071733 0.2120656028 0
0.7992519867 0.7360871022 0.1606176792 -0.04713676621 0.1845300552 0.4588183478 -0.006263442656 0.04972796481 0.248267262 -0.96256992 -0.1300434646 -0.2377979108 0.06158927291 0.7494723502 -0.6591645907 0.2639430062 -0.6491378078 -0.7134102578 0.0003320434598 0.2136215134 0
0.8050733321 0.7414483867 0.1617875368 -0.04778453739 0.1856014629 0.4581149903 -0.006353543002 0.05007137326 0.2481704028 -0.9615378825 -0.1325703329 -0.2405618575 0.06273075621 0.74667749 -0.6622216986 0.267413075 -0.6518418771 -0.7096424554 0.0003385667178 0.215177424 0
0.8116223457 0.7474798317 0.1631036266 -0.04851749919 0.1868000884 0.4573191318 -0.006455636517 0.05045722593 0.2480606506 -0.9603533295 -0.1354433675 -0.2436730941 0.06402609063 0.7435357334 -0.6656239726 0.2713340051 -0.6548356339 -0.7053851078 0.0003460101328 0.2169278234 0
0.817443691 0.7528411161 0.1642734842 -0.04917274475 0.1878595383 0.4566076585 -0.006547034742 0.0507997748 0.2479623956 -0.9592792907 -0.138023995 -0.2464398899 0.06518729411 0.7407456509 -0.6686153583 0.2748342395 -0.6574536162 -0.7015845518 0.0003527203163 0.2184837339 0
0.8232650364 0.7582024006 0.1654433417 -0.04983147021 0.1889133158 0.4558924067 -0.006639042302 0.05114191496 0.2478634853 -0.9581851996 -0.1406297444 -0.2492075404 0.06635759105 0.7379583836 -0.671575829 0.2783483309 -0.6600308319 -0.6977689501 0.0003595194578 0.2200396445 0
0.82981405 0.7642338456 0.1667594315 -0.05057666588 0.1900919993 0.4550832645 -0.006743278005 0.05152633075 0.2477514292 -0.9569301521 -0.1435910924 -0.2523217828 0.06768489082 0.7348265222 -0.6748694228 0.2823179758 -0.6628812717 -0.6934587083 0.0003672756163 0.2217900439 0
0.8356353954 0.7695951301 0.1679292891 -0.05124270585 0.1911336279 0.4543600705 -0.006836577329 0.05186759348 0.2476511296 -0.9557928479 -0.1462498239 -0.2550902211 0.06887409791 0.7320464337 -0.6777642493 0.2858607888 -0.6653713309 -0.6896119209 0.0003742659042 0.2233459544 0
0.8414567408 0.7749564146 0.1690991466 -0.05191214993 0.1921694952 0.4536331803 -0.006930483083 0.05220843911 0.2475501778 -0.9546349275 -0.1489332888 -0.2578585479 0.07007200314 0.7292702834 -0.6806282158 0.289416775 -0.6678201324 -0.6857508302 0.0003813471363 0.224901865 0
0.8480057543 0.7809878596 0.1704152364 -0.05266931297 0.1933279246 0.4528110438 -0.007036850754 0.05259138856 0.2474358286 -0.9533074031 -0.1519815841 -0.2609723995 0.07142987856 0.7261522653 -0.6838133225 0.293432731 -0.6705255295 -0.6813903042 0.0003894230201 0.2266522644 0
0.8538270997 0.786349144 0.171585094 -0.05334590927 0.1943514568 0.4520763876 -0.007132042031 0.05293133901 0.2473334942 -0.9521050853 -0.154717157 -0.2637394697 0.07264582417 0.7233856649 -0.6866118001 0.2970159773 -0.6728861577 -0.6774996148 0.0003966996179 0.228208175 0
