0.006629985276 0.004605850771 -0.001667971696 -2.59561298e-06 0.001690637064 0.5099962637 -3.260264299e-07 0.0004210408553 0.2549995365 -0.9999999999 -6.596578491e-08 -1.511599919e-05 3.375233593e-08 0.9999782411 -0.006596764412 1.511610544e-05 -0.006596764412 -0.999978241 3.122629582e-08 -0.002218402355 0
0.01306425416 0.009075737367 -0.003286705062 -1.007813036e-05 0.003331314563 0.5099854928 -1.272759682e-06 0.0008311643535 0.2549981905 -0.9999999983 -5.078638016e-07 -5.869013885e-05 2.550564275e-07 0.9999155174 -0.01299839015 5.869178197e-05 -0.01299839015 -0.9999155156 6.370989244e-08 -0.004371317733 0
0.01949852305 0.01354562396 -0.004905438429 -2.244953847e-05 0.004971889826 0.5099676846 -2.845382645e-06 0.001242027045 0.2549959545 -0.9999999915 -1.689928212e-06 -0.0001307293718 8.464384466e-07 0.9998118173 -0.01939922606 0.0001307375541 -0.019399226 -0.9998118088 5.611650019e-08 -0.00652423311 0
0.02593279194 0.01801551056 -0.006524171795 -3.970938169e-05 0.006612312506 0.5099428395 -5.043545368e-06 0.001653033159 0.2549928289 -0.9999999733 -3.976547858e-06 -0.0002312234153 1.99008167e-06 0.9996671534 -0.02579888324 0.0002312490439 -0.02579888301 -0.9996671267 1.281932156e-08 -0.008677148488 0
0.03156277721 0.02192666133 -0.007940563491 -5.882129368e-05 0.008047517609 0.5099153285 -7.479341113e-06 0.002012639008 0.2549893654 -0.9999999413 -7.169744143e-06 -0.0003424863633 3.586941654e-06 0.9995069829 -0.03139731076 0.0003425426223 -0.03139731015 -0.9995069242 5.411116786e-08 -0.01056094944 0
0.0379970461 0.02639654793 -0.009559296858 -8.524509802e-05 0.009687518516 0.5098772922 -1.084818457e-05 0.002423555572 0.2549845751 -0.9999998768 -1.250888247e-05 -0.0004962913226 6.256745566e-06 0.9992855625 -0.03779371026 0.0004964095105 -0.03779370871 -0.9992854393 1.511184725e-07 -0.01271386482 0
0.04443131499 0.03086643452 -0.01117803022 -0.0001165550249 0.01132722213 0.5098322225 -1.484079201e-05 0.002834405295 0.2549788979 -0.9999997696 -1.999899851e-05 -0.0006784989129 1.000192177e-05 0.9990232415 -0.04418781404 0.0006787198953 -0.04418781064 -0.9990230111 2.716296387e-07 -0.0148667802 0
0.05086558387 0.03533632112 -0.01279676359 -0.0001527499214 0.01296657815 0.509780121 -1.94569632e-05 0.00324519377 0.254972334 -0.9999996043 -3.000346485e-05 -0.0008890831266 1.500408754e-05 0.9987200513 -0.05057923406 0.0008894626981 -0.05057922738 -0.9987196557 4.14166296e-07 -0.01701969558 0
0.05729985276 0.03980620771 -0.01441549696 -0.0001938284545 0.01460553627 0.5097209897 -2.469656455e-05 0.00365592629 0.2549648837 -0.9999993629 -4.2885249e-05 -0.001128013906 2.144463452e-05 0.9983760284 -0.05696758265 0.001128625113 -0.05696757054 -0.9983753914 5.780419826e-07 -0.01917261095 0
0.06373412165 0.04427609431 -0.01603423032 -0.0002397891115 0.0162440462 0.5096548307 -3.055949404e-05 0.004066606396 0.254956547 -0.9999990249 -5.900685491e-05 -0.001395257148 2.950469615e-05 0.9979912141 -0.06335247253 0.001396192605 -0.06335245192 -0.9979902392 7.629193478e-07 -0.02132552633 0
0.06936410692 0.04818724508 -0.01745062202 -0.0002840082277 0.01767733524 0.5095911786 -3.620081199e-05 0.004425910009 0.2549485254 -0.9999986321 -7.605550618e-05 -0.001652290165 3.802793237e-05 0.997621076 -0.06893610983 0.001653602463 -0.06893607836 -0.9976197085 9.417945937e-07 -0.02320932729 0
0.07579837581 0.05265713168 -0.01906935539 -0.0003391181643 0.01931486938 0.5095118495 -4.323224939e-05 0.004836495893 0.2549385271 -0.9999980497 -9.922697754e-05 -0.001972513292 4.961175838e-05 0.9971599061 -0.07531347234 0.001974384297 -0.07531342331 -0.9971579564 1.165735344e-06 -0.02536224266 0
0.0822326447 0.05712701827 -0.02068808875 -0.0003991048748 0.0209518109 0.5094255004 -5.088677327e-05 0.005247031555 0.2549276429 -0.9999972986 -0.0001266773587 -0.002320928346 6.333412524e-05 0.9966580908 -0.08168626531 0.002323519815 -0.08168619164 -0.9966553905 1.410512971e-06 -0.02751515804 0
0.08866691358 0.06159690487 -0.02230682212 -0.0004639661504 0.02258810959 0.5093321345 -5.916430038e-05 0.005657516007 0.2549158728 -0.9999963492 -0.0001587668063 -0.002697485601 7.937485904e-05 0.9961156904 -0.08805410345 0.0027009878 -0.0880539961 -0.9961120411 1.676199776e-06 -0.02966807342 0
0.09510118247 0.06606679146 -0.02392555549 -0.0005336996031 0.02422371528 0.5092317553 -6.80647442e-05 0.006067947726 0.254903217 -0.9999951692 -0.0001958547293 -0.003102131312 9.791336956e-05 0.9955327698 -0.09441660209 0.003106765315 -0.09441644972 -0.9955279414 1.962903229e-06 -0.0318209888 0
0.1007311677 0.06997794223 -0.02534194718 -0.0005987110678 0.02565426236 0.5091381732 -7.636354765e-05 0.00642703073 0.2548914166 -0.9999939205 -0.0002326889046 -0.00347919232 0.0001163242226 0.99498953 -0.09997910644 0.00348502396 -0.09997890333 -0.9949834539 2.23111397e-06 -0.03370478975 0
0.1071654366 0.07444782883 -0.02696068055 -0.0006775727912 0.02728843355 0.5090246541 -8.643171184e-05 0.006837358201 0.2548771003 -0.9999922133 -0.0002801148401 -0.003936345085 0.0001400280435 0.9943308265 -0.1063305591 0.00394381403 -0.1063302823 -0.9943230448 2.557602591e-06 -0.03585770513 0
0.1135997055 0.07891771543 -0.02857941391 -0.000761298827 0.02892176766 0.508904133 -9.712251844e-05 0.007247626727 0.2548618987 -0.9999901699 -0.0003335678637 -0.004421409501 0.0001667428334 0.9936318172 -0.1126755703 0.004430838106 -0.1126751999 -0.993621994 2.9055494e-06 -0.03801062051 0
0.1200339744 0.08338760202 -0.03019814728 -0.000849886093 0.03055421463 0.5087766142 -0.0001084358619 0.007657833745 0.2548458119 -0.9999877488 -0.0003934039414 -0.004934316343 0.0001966460845 0.9928925857 -0.1190137582 0.004946066594 -0.1190132704 -0.9928803442 3.275142574e-06 -0.04016353588 0
0.1264682433 0.08785748862 -0.03181688065 -0.0009433313279 0.03218572447 0.5086421026 -0.0001203716309 0.008067976561 0.2548288401 -0.9999849063 -0.0004599780103 -0.005474992414 0.0002299147162 0.9921132208 -0.1253447419 0.005489468182 -0.1253441088 -0.9920981404 3.666584902e-06 -0.04231645126 0
0.1329025122 0.09232737521 -0.03343561401 -0.001041631092 0.03381624718 0.508500603 -0.0001329297086 0.008478052378 0.2548109833 -0.9999815963 -0.0005336439215 -0.006043360558 0.0002667250432 0.9912938159 -0.1316681416 0.006061009851 -0.1316673303 -0.9912754301 4.080092635e-06 -0.04446936664 0
0.1385324975 0.09623852598 -0.03485200571 -0.001131622776 0.03524210555 0.5083710627 -0.0001444284178 0.0088368115 0.254794633 -0.9999782786 -0.0006041964249 -0.006563335174 0.0003019774985 0.9905440684 -0.137194597 0.00658416521 -0.1371935989 -0.9905223699 4.460192053e-06 -0.04635316759 0
0.1449667663 0.1007084126 -0.03647073908 -0.001239014889 0.03687064286 0.5082164749 -0.0001581529888 0.009246753894 0.2547751176 -0.9999739595 -0.0006921092559 -0.007183404251 0.0003459014863 0.989649857 -0.1435027557 0.007208374575 -0.1435015035 -0.9896238466 4.915698716e-06 -0.04850608297 0
0.1514010352 0.1051782992 -0.03808947244 -0.001351250647 0.03849804959 0.5080549149 -0.0001724994997 0.009656620861 0.2547547178 -0.9999690273 -0.0007881246844 -0.007830921617 0.0003938704172 0.9887159009 -0.1498022433 0.007860619567 -0.1498006879 -0.9886849673 5.393960642e-06 -0.05065899835 0
0.1578353041 0.1096481858 -0.03970820581 -0.001468325919 0.04012427595 0.5078863885 -0.0001874678108 0.01006640938 0.2547334339 -0.9999634267 -0.000892591815 -0.008505794877 0.0004460579626 0.9877423121 -0.156092684 0.00854086055 -0.1560907692 -0.9877057889 5.895239815e-06 -0.05281191373 0
0.164269573 0.1141180724 -0.04132693918 -0.001590236398 0.04174927216 0.507710902 -0.0002030577764 0.01047611638 0.2547112661 -0.9999571002 -0.001005858389 -0.009207927739 0.0005026370352 0.986729207 -0.1623737029 0.009249056188 -0.1623713653 -0.986686371 6.419808946e-06 -0.05496482911 0
0.1707038419 0.118587959 -0.04294567254 -0.001716977596 0.04337298853 0.5075284618 -0.0002192692448 0.01088573878 0.2546882145 -0.9999499881 -0.001128270729 -0.009937220023 0.0005637797573 0.9856767071 -0.1686449263 0.009985163444 -0.1686420945 -0.9856267754 6.96795116e-06 -0.05711774448 0
0.1763338272 0.1224991097 -0.04436206424 -0.001831835182 0.04479265144 0.5073631277 -0.0002339639825 0.01124408654 0.2546673197 -0.9999430716 -0.001243155046 -0.01059754828 0.0006211579443 0.9847235526 -0.1741239188 0.01065211842 -0.174120589 -0.9846667217 7.467143186e-06 -0.05900154544 0
0.1827680961 0.1269689963 -0.04598079761 -0.001967621269 0.04641383429 0.5071676677 -0.0002513403391 0.01165354193 0.2546426118 -0.9999343171 -0.001383643967 -0.011377481 0.0006913185503 0.9835975308 -0.1803757732 0.01144043807 -0.1803717911 -0.9835319687 8.060283119e-06 -0.06115446082 0
0.1892023649 0.1314388829 -0.04759953097 -0.002108224189 0.04803359467 0.5069652739 -0.0002693377292 0.01206290372 0.2546170208 -0.999924592 -0.001534265921 -0.01218426361 0.0007665329754 0.982432489 -0.1866167651 0.01225653617 -0.1866120324 -0.9823572297 8.677865671e-06 -0.06330737619 0
0.1956366338 0.1359087695 -0.04921826434 -0.002253638769 0.04965188309 0.506755954 -0.0002879559778 0.01247216878 0.254590547 -0.9999138279 -0.001695361205 -0.01301778102 0.0008469699871 0.9812285667 -0.1928465261 0.01310036313 -0.1928409338 -0.9811425762 9.320211845e-06 -0.06546029157 0
0.2020709027 0.1403786561 -0.05083699771 -0.00240385966 0.05126865012 0.5065397155 -0.0003071949041 0.01288133393 0.2545631907 -0.9999019536 -0.001867268425 -0.01387791432 0.0009327974123 0.9799859078 -0.1990646889 0.01397186767 -0.1990581166 -0.9798880819 9.987651854e-06 -0.06761320695 0
0.207700888 0.1442898069 -0.0522533894 -0.002539241276 0.05268203443 0.5063448377 -0.0003245379674 0.01323926899 0.2545385302 -0.9998905955 -0.002026821272 -0.01465226795 0.001012449428 0.978866922 -0.2044957799 0.01475709683 -0.2044882418 -0.9787577775 1.05925131e-05 -0.0694970079 0
0.2141351569 0.1487596935 -0.05387212277 -0.002698458966 0.05429581581 0.5061156485 -0.0003449401558 0.01364823825 0.2545095198 -0.9998764409 -0.002219907411 -0.01556197239 0.001108832821 0.9775520363 -0.210691212 0.01568035278 -0.2106824348 -0.9774287893 1.130792524e-05 -0.07164992328 0
0.2205694258 0.1532295801 -0.05549085613 -0.002862466604 0.05590793402 0.5058795644 -0.0003659624681 0.01405709847 0.2544796277 -0.9998609597 -0.002424769075 -0.01649792982 0.001211083613 0.9761988536 -0.216873999 0.01663112954 -0.2168638251 -0.9760601861 1.204942998e-05 -0.07380283866 0
0.2270036947 0.1576994667 -0.0571095895 -0.003031258158 0.05751833987 0.505636594 -0.0003876047003 0.01446584643 0.2544488541 -0.9998440725 -0.002641737807 -0.01746000674 0.001319365701 0.9748075357 -0.2230437797 0.01760936933 -0.2230320372 -0.974652051 1.281739126e-05 -0.07595575404 0
0.2334379635 0.1621693533 -0.05872832287 -0.003204827422 0.05912698426 0.5053867462 -0.0004098666422 0.01487447896 0.2544171993 -0.9998256975 -0.002871143196 -0.01844806595 0.001433841892 0.9733782486 -0.2292001946 0.0186150127 -0.2291866961 -0.9732044696 1.361218121e-05 -0.07810866941 0
0.2398722324 0.1666392399 -0.06034705623 -0.003383168012 0.06073381814 0.5051300302 -0.0004327480774 0.01528299284 0.2543846637 -0.9998057507 -0.003113312825 -0.01946196652 0.001554673874 0.9719111631 -0.235342886 0.01964799855 -0.2353274278 -0.9717175299 1.443418001e-05 -0.08026158479 0
0.2455022177 0.1705503906 -0.06176344793 -0.003543124856 0.0621382741 0.5048997771 -0.0004532773368 0.01564034265 0.2543554728 -0.9997869403 -0.00333593787 -0.02037021395 0.00166574183 0.9705965943 -0.2407062034 0.02057424122 -0.2406888501 -0.9703842425 1.517605355e-05 -0.08214538575 0
0.2519364866 0.1750202772 -0.0633821813 -0.003730393871 0.06374158135 0.5046302089 -0.0004773197184 0.01604862544 0.2543212864 -0.9997638126 -0.003602916166 -0.0214321745 0.001798922709 0.9690591122 -0.2468222049 0.02165832371 -0.2468024635 -0.9688237513 1.605012072e-05 -0.08429830112 0
0.2583707555 0.1794901638 -0.06500091466 -0.003922414889 0.06534293752 0.5043538004 -0.0005019809382 0.01645678037 0.2542862202 -0.9997388597 -0.003883588833 -0.02251955089 0.001938917745 0.9674843471 -0.2529234641 0.02276956373 -0.2529010792 -0.967224168 1.695253267e-05 -0.0864512165 0
0.2648050244 0.1839600504 -0.06661964803 -0.004119180853 0.06694229386 0.5040705616 -0.0005272607567 0.01686480423 0.2542502743 -0.9997119894 -0.004178275172 -0.02363218807 0.002085884019 0.9658724867 -0.2590096302 0.02390789377 -0.2589843267 -0.9655855898 1.788369884e-05 -0.08860413188 0
0.2712392933 0.188429937 -0.0682383814 -0.004320684529 0.06853960172 0.5037805031 -0.0005531589284 0.0172726938 0.2542134493 -0.9996831072 -0.004487292222 -0.0247699274 0.002239977351 0.9642237231 -0.2650803543 0.02507324464 -0.2650518363 -0.9639081162 1.884403578e-05 -0.09075704726 0
0.2776735621 0.1928998236 -0.06985711476 -0.004526918511 0.0701348125 0.5034836354 -0.0005796752018 0.01768044589 0.2541757454 -0.9996521168 -0.004810954704 -0.02593260668 0.002401352275 0.9625382529 -0.2711352895 0.02626554553 -0.2711032394 -0.9621918492 1.983396696e-05 -0.09290996263 0
0.2833035474 0.1968109744 -0.07127350646 -0.004711247621 0.07152886357 0.5032182991 -0.0006033837751 0.01803711366 0.2541420338 -0.9996231933 -0.005106418817 -0.02697027939 0.002548648995 0.9610335132 -0.2764201348 0.02733085933 -0.2763847156 -0.9606583748 2.072477133e-05 -0.09479376359 0
0.2897378163 0.201280861 -0.07289223982 -0.004926330365 0.07312001172 0.5029086939 -0.0006310582902 0.01844459929 0.254102683 -0.9995879825 -0.005458381477 -0.02817927154 0.00272408881 0.9592797623 -0.2824445377 0.02857349494 -0.2824049285 -0.9588696532 2.177135647e-05 -0.09694667897 0
0.2961720852 0.2057507476 -0.07451097319 -0.005146121161 0.07470892363 0.5025923116 -0.0006593501504 0.01885193819 0.2540624544 -0.9995503745 -0.005825881033 -0.02941271763 0.002907247063 0.9574898934 -0.2884521657 0.02984286787 -0.2884079803 -0.9570424443 2.28487903e-05 -0.09909959434 0
0.3026063541 0.2102206342 -0.07612970656 -0.005370611934 0.07629555106 0.5022691638 -0.0006882590808 0.01925912715 0.2540213485 -0.9995102649 -0.006209222752 -0.03067044185 0.003098273027 0.9556641194 -0.2944426798 0.03113890098 -0.2943935063 -0.9551768592 2.395752145e-05 -0.1012525097 0
0.309040623 0.2146905208 -0.07774843992 -0.005599794438 0.07787984587 0.5019392624 -0.0007177848007 0.01966616296 0.2539793655 -0.9994675471 -0.006608709342 -0.03195226493 0.003297314549 0.9538026572 -0.3004157432 0.03246151552 -0.3003611426 -0.9532730113 2.509800463e-05 -0.1034054251 0
0.3146706082 0.2186016715 -0.07916483162 -0.005804171201 0.07926415258 0.5016450681 -0.0007441255405 0.02002219114 0.2539419114 -0.9994279444 -0.006971739926 -0.0330934852 0.003478166265 0.9521447764 -0.3056275956 0.03364054518 -0.3055678643 -0.9515758478 2.612233596e-05 -0.1052892261 0
0.3211048771 0.2230715581 -0.08078356499 -0.006042127877 0.0808439443 0.5013025365 -0.0007748069631 0.02042893113 0.2538982852 -0.9993800426 -0.007402304905 -0.03441999861 0.003692630375 0.9502169987 -0.3115670391 0.035012782 -0.3115009811 -0.9496005707 2.732360021e-05 -0.1074421414 0
0.327539146 0.2275414447 -0.08240229835 -0.006284751622 0.08242126553 0.5009532869 -0.0008061043345 0.02083550874 0.2538537832 -0.9993292156 -0.007849870319 -0.03577007655 0.003915526916 0.9482541801 -0.3174880761 0.03641136483 -0.3174151688 -0.9475873697 2.855795611e-05 -0.1095950568 0
0.3339734149 0.2320113313 -0.08402103172 -0.006532033527 0.08399606851 0.5005973319 -0.0008380173508 0.02124192075 0.2538084058 -0.9992753493 -0.008314728483 -0.03714352664 0.004146997958 0.9462565536 -0.3233903788 0.0378362087 -0.3233100679 -0.945536367 2.982588037e-05 -0.1117479722 0
0.3404076838 0.2364812179 -0.08563976509 -0.006783964515 0.08556830558 0.5002346847 -0.0008705457021 0.02164816396 0.2537621536 -0.9992183277 -0.008797168913 -0.03854015321 0.004387184009 0.9442243562 -0.3292736215 0.03928722702 -0.3291853202 -0.9434476873 3.112785498e-05 -0.1139008876 0
0.3468419527 0.2409511045 -0.08725849845 -0.007040535336 0.08713792918 0.4998653587 -0.0009036890723 0.02205423516 0.2537150269 -0.9991580329 -0.009297478279 -0.03995975728 0.004636223998 0.9421578287 -0.3351374811 0.0407643316 -0.3350405687 -0.9413214576 3.246436707e-05 -0.1160538029 0
0.3524719379 0.2448622553 -0.08867489015 -0.007268833519 0.08850916868 0.4995367302 -0.0009331937761 0.02240940383 0.253673074 -0.9991024958 -0.009750130246 -0.04122060067 0.004861504975 0.9403216483 -0.3402522057 0.04207812649 -0.340147222 -0.9394303053 3.366253344e-05 -0.1179376039 0
0.3589062068 0.2493321419 -0.09029362352 -0.007534078514 0.09007376423 0.4991549179 -0.0009674894344 0.02281514387 0.2536243089 -0.9990357394 -0.01028470643 -0.04268273994 0.005127514928 0.9381914153 -0.3460788592 0.04360389966 -0.3459640054 -0.9372340193 3.506513357e-05 -0.1200905193 0
0.3653404757 0.2538020285 -0.09191235688 -0.007803935813 0.0916356102 0.4987664664 -0.00100239917 0.02322070268 0.2535746707 -0.9989653604 -0.01083795944 -0.04416726662 0.005402769182 0.936027567 -0.3518852141 0.04515549679 -0.3517597653 -0.9350005608 3.6503699e-05 -0.1222434347 0
0.3717747446 0.2582719151 -0.09353109025 -0.008078395517 0.09319465947 0.4983713898 -0.001037922644 0.02362607707 0.2535241599 -0.9988912337 -0.01141016449 -0.04567396927 0.005687400287 0.9338303593 -0.357670957 0.04673282359 -0.3575341496 -0.9327300655 3.797873541e-05 -0.12439635 0
0.3782090135 0.2627418017 -0.09514982362 -0.008357447557 0.094750865 0.4979697027 -0.001074059511 0.02403126382 0.2534727769 -0.9988132324 -0.01200159371 -0.04720263333 0.005981539084 0.9316000522 -0.3634357769 0.04833578421 -0.3632868075 -0.9304226714 3.949075295e-05 -0.1265492654 0
0.3846432824 0.2672116883 -0.09676855698 -0.008641081696 0.0963041799 0.4975614198 -0.00111080942 0.02443625975 0.2534205223 -0.9987312278 -0.01261251611 -0.04875304112 0.006285314683 0.9293369092 -0.3691793655 0.04996428125 -0.3690173892 -0.9280785188 4.104026605e-05 -0.1287021808 0
0.3902732677 0.271122839 -0.09818494868 -0.008893012148 0.09766092245 0.4971987734 -0.001143468196 0.02479047213 0.2533740849 -0.9986560874 -0.01316327278 -0.05012731111 0.00655912368 0.9273299336 -0.374187349 0.05141008623 -0.3740132652 -0.9259973437 4.242725572e-05 -0.1305859817 0
0.3967075365 0.2755927256 -0.09980368204 -0.009185209556 0.09920869143 0.4967781639 -0.001181366593 0.02519510164 0.2533201973 -0.9985662238 -0.01381145892 -0.05171789098 0.006881310136 0.9250059469 -0.3798903076 0.0530861961 -0.3797015168 -0.9235846544 4.404847409e-05 -0.1327388971 0
0.4031418054 0.2800626122 -0.1014224154 -0.00948195871 0.1007534356 0.4963510023 -0.001219876989 0.02559953112 0.2532654396 -0.9984719773 -0.0144798939 -0.05332957171 0.007213494713 0.9226499028 -0.3855711637 0.0547875537 -0.3853666948 -0.9211356222 4.570868996e-05 -0.1348918125 0
0.4095760743 0.2845324988 -0.1030411488 -0.009783248731 0.1022951086 0.4959173043 -0.00125899901 0.0260037574 0.2532098123 -0.9983732125 -0.01516883424 -0.05496212389 0.007555799576 0.9202620793 -0.3912296197 0.05651405566 -0.3910084551 -0.9186503957 4.740843331e-05 -0.1370447279 0
0.4160103432 0.2890023854 -0.1046598821 -0.01008906858 0.103833664 0.4954770857 -0.001298732277 0.02640777727 0.2531533159 -0.9982697923 -0.01587853313 -0.05661531513 0.007908345043 0.9178427576 -0.3968653807 0.05826559706 -0.3966264547 -0.9161291261 4.914823784e-05 -0.1391976433 0
0.4216403285 0.2929135362 -0.1060762738 -0.010360368 0.1051773063 0.4950865582 -0.001333999995 0.02676112284 0.253103169 -0.9981753719 -0.01651674464 -0.05807860306 0.008225315983 0.9157002367 -0.401777825 0.05981865231 -0.4015224447 -0.9138935689 5.070385181e-05 -0.1410814442 0
0.4280745974 0.2973834228 -0.1076950072 -0.01067465093 0.1067098919 0.4946341573 -0.001374878303 0.02716474712 0.2530450446 -0.9980628479 -0.01726603651 -0.05976985613 0.00859738034 0.9132226268 -0.4073702481 0.06161685459 -0.4070949741 -0.9113051329 5.252022203e-05 -0.1432343596 0
0.4345088663 0.3018533094 -0.1093137406 -0.01099343102 0.1082392276 0.4941752828 -0.00141636673 0.02756815584 0.2529860527 -0.9979452654 -0.01803679595 -0.06148106407 0.008980020704 0.9107143472 -0.4129391444 0.06343978622 -0.4126427653 -0.9086811002 5.437820754e-05 -0.145387275 0
0.4409431351 0.306323196 -0.1109324739 -0.01131669659 0.1097652675 0.4937099517 -0.001458464874 0.0279713458 0.2529261939 -0.9978224812 -0.01882926288 -0.06321198341 0.009373350009 0.9081756929 -0.4184842304 0.06528733642 -0.4181654812 -0.90602163 5.627835542e-05 -0.1475401903 0
0.447377404 0.3107930826 -0.1125512073 -0.0116444358 0.111287966 0.4932381808 -0.001501172326 0.02837431384 0.2528654688 -0.9976943504 -0.01964367369 -0.0649623679 0.009777479232 0.9056069621 -0.4240052254 0.06715939294 -0.4236627861 -0.9033268841 5.822121593e-05 -0.1496931057 0
0.4538116729 0.3152629692 -0.1141699407 -0.01197663665 0.1128072776 0.4927599875 -0.001544488671 0.02877705678 0.252803878 -0.9975607266 -0.02048026119 -0.06673196855 0.01019251737 0.9030084561 -0.4295018518 0.069055842 -0.4291343461 -0.9005970262 6.020734246e-05 -0.1518460211 0
0.4594416582 0.3191741199 -0.1155863324 -0.01227096278 0.1141338611 0.4923363138 -0.001582889624 0.02912926969 0.2527492764 -0.9974391836 -0.02123064734 -0.06829593455 0.01056470861 0.9007105782 -0.4342911941 0.07073515388 -0.4339005808 -0.8981797281 6.198113213e-05 -0.153729822 0
0.4658759271 0.3236440065 -0.1172050657 -0.0126114963 0.1156466998 0.491846126 -0.001627346503 0.02953158199 0.252686064 -0.9972948606 -0.02210943106 -0.07010088495 0.01100048773 0.8980570681 -0.4397413919 0.0726770272 -0.439322974 -0.895384484 6.404988435e-05 -0.1558827374 0
0.472310196 0.3281138931 -0.1188237991 -0.01295645606 0.1171560214 0.4913495666 -0.00167241105 0.02993366006 0.2526219876 -0.9971446154 -0.0230110406 -0.07192432067 0.0114474779 0.8953746679 -0.44516644 0.07464295777 -0.4447186707 -0.8925546106 6.616350995e-05 -0.1580356528 0
0.4787444649 0.3325837797 -0.1204425325 -0.01330582943 0.118661781 0.4908466541 -0.001718082825 0.03033550072 0.2525570479 -0.996988296 -0.02393569459 -0.07376598245 0.01190578021 0.8926636916 -0.4505660729 0.07663282612 -0.4500873428 -0.8896902797 6.832257347e-05 -0.1601885682 0
0.4851787337 0.3370536663 -0.1220612658 -0.01365960364 0.1201639336 0.4903374066 -0.001764361386 0.03073710082 0.2524912455 -0.9968257488 -0.02488360792 -0.07562560842 0.01237549372 0.8899244562 -0.4559400282 0.07864651135 -0.4554286643 -0.8867916655 7.05276421e-05 -0.1623414836 0
0.4916130026 0.3415235529 -0.1236799992 -0.01401776573 0.1216624345 0.4898218429 -0.001811246283 0.03113845718 0.252424581 -0.9966568189 -0.02585499167 -0.07750293424 0.01285671535 0.8871572819 -0.4612880467 0.08068389108 -0.4607423104 -0.8838589441 7.277928561e-05 -0.1644943989 0
0.4972429879 0.3454347037 -0.1250963909 -0.01433474671 0.1229705924 0.4893655582 -0.001852767594 0.03148944157 0.252365543 -0.9965036466 -0.02672436857 -0.079159904 0.01328729911 0.8847133396 -0.4659460853 0.08248593795 -0.4653687945 -0.8812649744 7.478812948e-05 -0.1663781999 0
0.5036772568 0.3499045903 -0.1267151243 -0.01470110067 0.1244621266 0.4888382026 -0.001900788137 0.03189033241 0.2522972639 -0.996322327 -0.02774031501 -0.08106969584 0.01379035232 0.8818946529 -0.471244785 0.08456741005 -0.4706296805 -0.878268784 7.712864531e-05 -0.1685311153 0
0.5101115257 0.3543744769 -0.1283338576 -0.01507180443 0.1259498815 0.4883045855 -0.00194941369 0.03229097043 0.2522281246 -0.996134172 -0.02878031735 -0.08299641375 0.01430518043 0.8790489641 -0.4765168208 0.08667221686 -0.4758619674 -0.8752390044 7.951738784e-05 -0.1706840306 0
0.5165457946 0.3588443635 -0.129952591 -0.01544684444 0.127433813 0.4877647266 -0.00199864378 0.03269135248 0.2521581258 -0.9959390215 -0.02984457169 -0.08493978397 0.01483187206 0.8761766048 -0.4817619462 0.08880023047 -0.4810653373 -0.8721758196 8.195493618e-05 -0.172836946 0
0.5229800635 0.3633142501 -0.1315713244 -0.01582620699 0.1289138772 0.4872186455 -0.002048477929 0.0330914754 0.2520872682 -0.9957367144 -0.03093327016 -0.08689953037 0.01537051359 0.8732779091 -0.4869799182 0.09095132156 -0.4862394741 -0.8690794158 8.444187164e-05 -0.1749898614 0
0.5294143323 0.3677841367 -0.1331900577 -0.01620987823 0.1303900302 0.4866663621 -0.002098915654 0.03349133604 0.2520155525 -0.9955270881 -0.0320466009 -0.08887537457 0.01592118924 0.8703532143 -0.4921704969 0.09312535942 -0.4913840633 -0.8659499811 8.69787777e-05 -0.1771427768 0
0.5350443176 0.3716952874 -0.1346064494 -0.01654911401 0.1316784214 0.4861780423 -0.002143543397 0.03384099648 0.2519520979 -0.9953375325 -0.03304111631 -0.09061722289 0.01641296664 0.867773046 -0.4966895964 0.09504636225 -0.4958610948 -0.8631847796 8.924002232e-05 -0.1790265777 0
0.5414785865 0.376165174 -0.1362251828 -0.01694082613 0.1331471234 0.4856141844 -0.002195111498 0.03424035688 0.2518787751 -0.9951137407 -0.03420112566 -0.09262249227 0.01698642539 0.8648005207 -0.5018281785 0.09726306814 -0.500949441 -0.8599939262 9.187220322e-05 -0.1811794931 0
0.5479128554 0.3806350606 -0.1378439162 -0.01733680621 0.1346117893 0.4850441828 -0.002247281749 0.03463944597 0.2518045962 -0.9948821561 -0.0353862857 -0.09464304666 0.01757214781 0.8618029803 -0.5069386973 0.09950233725 -0.5060073457 -0.8567705941 9.455604375e-05 -0.1833324085 0
0.5543471243 0.3851049472 -0.1394626495 -0.0177370398 0.1360723758 0.4844680584 -0.002300053642 0.0350382606 0.2517295619 -0.9946426117 -0.03659676882 -0.09667859915 0.01817020936 0.8587807722 -0.5120209262 0.1017640335 -0.5110345016 -0.8535149791 9.729213522e-05 -0.1854853239 0
0.5607813932 0.3895748338 -0.1410813829 -0.0181415123 0.13752884 0.4838858323 -0.002353426666 0.03543679764 0.251653673 -0.9943949394 -0.03783274328 -0.09872886078 0.0187806832 0.8557342462 -0.5170746424 0.1040480195 -0.5160306032 -0.8502272791 0.0001000810708 -0.1876382392 0
0.5664113784 0.3934859846 -0.1424977746 -0.01849889135 0.1387998309 0.4833713958 -0.002400620768 0.03578528737 0.2515865697 -0.9941714259 -0.0389352609 -0.1005346771 0.01932508552 0.8530488646 -0.5214730824 0.1060646826 -0.5203764791 -0.8473243789 0.0001025652058 -0.1895220402 0
0.5728456473 0.3979558712 -0.144116508 -0.01891127186 0.1402484503 0.4827777863 -0.002455119506 0.03618329549 0.2515090803 -0.9939080574 -0.04021947058 -0.1026117323 0.01995902153 0.8499576942 -0.526472749 0.1083900866 -0.525313537 -0.8439770595 0.0001054548292 -0.1916749556 0
0.5792799162 0.4024257578 -0.1457352413 -0.01932784843 0.1416928246 0.4821781367 -0.002510217868 0.03658101702 0.2514307384 -0.9936360721 -0.04152963202 -0.1047026546 0.02060556724 0.8468432255 -0.5314432821 0.1107373777 -0.5302186729 -0.8405982346 0.0001083990121 -0.193827871 0
0.5857141851 0.4068956444 -0.1473539747 -0.01974860586 0.1431329116 0.4815724689 -0.002565915317 0.03697844884 0.2513515448 -0.993355298 -0.04286589715 -0.1068071474 0.02126478676 0.8437058176 -0.5363844724 0.1131064132 -0.5350915887 -0.8371881097 0.0001113983544 -0.1959807863 0
0.592148454 0.411365531 -0.1489727081 -0.0201735288 0.1445686689 0.480960805 -0.002622211311 0.03737558782 0.2512715003 -0.9930655623 -0.04422841366 -0.1089249119 0.02193674184 0.8405458319 -0.5412961148 0.1154970492 -0.5399319882 -0.8337468919 0.0001144534579 -0.1981337017 0
0.5985827229 0.4158354176 -0.1505914414 -0.02060260176 0.1460000547 0.4803431672 -0.002679105304 0.03777243086 0.2511906056 -0.992766691 -0.04561732491 -0.1110556479 0.02262149184 0.8373636321 -0.5461780073 0.1179091403 -0.5447395774 -0.8302747903 0.0001175649256 -0.2002866171 0
0.6042127081 0.4197465684 -0.1520078331 -0.02098143262 0.1472488983 0.4797978514 -0.002729377659 0.03811942329 0.2511191259 -0.9924975473 -0.04685438361 -0.112930445 0.02323118876 0.8345612724 -0.5504251034 0.1200372048 -0.5489190735 -0.8272115329 0.0001203341715 -0.202170418 0
0.610646977 0.4242164549 -0.1536265665 -0.0214182446 0.1486719749 0.4791690736 -0.002787391405 0.03851570301 0.2510366393 -0.9921810752 -0.04829315635 -0.1150846866 0.02394008089 0.831338409 -0.5552506841 0.1224891284 -0.5536643575 -0.8236820944 0.0001235529534 -0.2043233334 0
0.6170812459 0.4286863415 -0.1552452998 -0.02185916124 0.15009056 0.4785343872 -0.002846001543 0.03891167784 0.2509533047 -0.9918549629 -0.04975871184 -0.1172510262 0.02466192521 0.828094389 -0.5600459556 0.1249620822 -0.5583759966 -0.8201223838 0.0001268298422 -0.2064762488 0
0.6235155148 0.4331562281 -0.1568640332 -0.02230416648 0.1515046126 0.4778938153 -0.002905207504 0.03930734467 0.2508691231 -0.9915190333 -0.05125117655 -0.1194291566 0.02539677172 0.824829584 -0.5648107305 0.127455916 -0.5630537045 -0.8165326174 0.000130165447 -0.2086291642 0
0.6299497837 0.4376261147 -0.1584827666 -0.02275324411 0.1529140914 0.4772473814 -0.002965008713 0.03970270039 0.2507840952 -0.9911731085 -0.05277067253 -0.1216187692 0.02614466797 0.821544368 -0.5695448251 0.1299704783 -0.5676971971 -0.8129130133 0.0001335603782 -0.2107820796 0
0.6363840526 0.4420960013 -0.1601014999 -0.02320637779 0.1543189556 0.476595109 -0.003025404588 0.0400977419 0.2506982219 -0.9908170099 -0.0543173174 -0.1238195537 0.02690565907 0.8182391164 -0.5742480596 0.1325056163 -0.5723061921 -0.8092637915 0.0001370152475 -0.2129349949 0
0.6420140379 0.4460071521 -0.1615178916 -0.02360618402 0.1555443942 0.4760195998 -0.00307873833 0.04044314304 0.2506223899 -0.9904969369 -0.05569299128 -0.1257541595 0.0275823017 0.8153308825 -0.5783379364 0.1347406195 -0.5763105436 -0.8060466009 0.000140087908 -0.2148187959 0
0.6484483067 0.4504770387 -0.163136625 -0.02406687821 0.1569404962 0.4753564442 -0.003140247617 0.04083758707 0.2505349337 -0.9901212785 -0.05729084175 -0.1279750496 0.02836795855 0.8119890831 -0.5829828366 0.1373139207 -0.5808541024 -0.8023424449 0.0001436568148 -0.2169717113 0
0.6548825756 0.4549469253 -0.1647553584 -0.02453158064 0.1583318669 0.4746875189 -0.003202349867 0.04123170801 0.2504466345 -0.9897349288 -0.05891615431 -0.1302062112 0.02916682608 0.8086283383 -0.5875963809 0.1399073513 -0.5853623641 -0.7986093136 0.0001472874257 -0.2191246266 0
0.6613168445 0.4594168119 -0.1663740917 -0.02500027441 0.1597184662 0.4740128481 -0.003265044476 0.04162550277 0.2503574932 -0.9893377067 -0.06056902915 -0.1324473283 0.02997893976 0.8052490303 -0.5921784041 0.1425207537 -0.5898350548 -0.7948474337 0.0001509803576 -0.221277542 0
0.6677511134 0.4638866985 -0.1679928251 -0.02547294247 0.1611002539 0.4733324565 -0.003328330834 0.04201896825 0.2502675106 -0.9889294304 -0.06224956197 -0.1346980835 0.03080433251 0.8018515435 -0.5967287452 0.1451539692 -0.5942719026 -0.791057034 0.0001547362284 -0.2234304574 0
0.6733810987 0.4677978493 -0.1694092168 -0.02588977368 0.16230534 0.4727324404 -0.003384191333 0.04236297804 0.2501880864 -0.9885629774 -0.06374278808 -0.1366751502 0.03153746816 0.7988641333 -0.6006841805 0.1474741598 -0.5981245301 -0.78771722 0.0001580747316 -0.2253142584 0
0.6798153676 0.4722677359 -0.1710279502 -0.02636984711 0.163677999 0.4720413889 -0.003448585558 0.04275581786 0.2500965288 -0.9881334826 -0.06547542155 -0.1389431172 0.03238783922 0.7954336017 -0.6051746964 0.1501440925 -0.6024934477 -0.7838739676 0.0001619502826 -0.2274671737 0
0.6862496365 0.4767376224 -0.1726466835 -0.02685384506 0.1650457327 0.4713446883 -0.003513569748 0.04314831957 0.2500041324 -0.9876924079 -0.06723596257 -0.1412198029 0.03325157 0.7919860041 -0.6096330884 0.1528333749 -0.6068257531 -0.7800028621 0.0001658905555 -0.2296200891 0
0.6926839053 0.481207509 -0.1742654169 -0.02734174995 0.1664085018 0.4706423637 -0.00357914327 0.04354048011 0.2499108983 -0.9872395696 -0.06902448906 -0.1435048852 0.03412868365 0.7885217303 -0.6140592103 0.1555418437 -0.6111211833 -0.7761041387 0.0001698961728 -0.2317730045 0
0.6991181742 0.4856773956 -0.1758841503 -0.02783354404 0.1677662671 0.4699344407 -0.003645305488 0.0439322964 0.2498168272 -0.9867747835 -0.07084107432 -0.145798041 0.03501920071 0.7850411717 -0.61845292 0.1582693342 -0.6153794771 -0.7721780345 0.0001739677581 -0.2339259199 0
0.7055524431 0.4901472822 -0.1775028836 -0.0283292095 0.16911899 0.469220945 -0.003712055757 0.0443237654 0.2497219201 -0.9862978651 -0.07268578699 -0.1480989458 0.0359231392 0.7815447208 -0.6228140794 0.1610156808 -0.6196003759 -0.7682247879 0.0001781059357 -0.2360788352 0
0.7111824284 0.494058433 -0.1789192753 -0.02876607835 0.1702984557 0.4685920853 -0.003770944119 0.04466601347 0.2496381914 -0.9858704636 -0.07432303428 -0.1501183385 0.03672510735 0.7784725991 -0.6266032867 0.1634340707 -0.6232627849 -0.7647436208 0.0001817819594 -0.2379626362 0
0.7176166973 0.4985283196 -0.1805380087 -0.02926895401 0.17164162 0.4678682107 -0.003838795232 0.04505682303 0.2495417193 -0.9853702981 -0.07622065471 -0.1524328951 0.0376542506 0.7749474124 -0.6309030555 0.1662153216 -0.6274128783 -0.7607401311 0.0001860466848 -0.2401155516 0
0.7240509662 0.5029982062 -0.1821567421 -0.02977564893 0.1729796312 0.4671388385 -0.003907232515 0.04544727651 0.2494444139 -0.9848574674 -0.07814657399 -0.1547542628 0.0385968527 0.7714074687 -0.6351698987 0.1690149456 -0.6315248453 -0.7567101941 0.0001903798037 -0.242268467 0
0.7304852351 0.5074680928 -0.1837754754 -0.03028614474 0.1743124514 0.4664039949 -0.003976255302 0.04583737087 0.2493462761 -0.9843317858 -0.08010084269 -0.1570821135 0.03955292167 0.767853165 -0.6394036936 0.1718327727 -0.6355984362 -0.7526540548 0.0001947819448 -0.2444213823 0
0.7369195039 0.5119379794 -0.1853942088 -0.03080042294 0.1756400427 0.4656637067 -0.004045862923 0.04622710305 0.2492473069 -0.9837930672 -0.08208350667 -0.1594161184 0.04052246291 0.7642848994 -0.6436043215 0.1746686316 -0.6396334032 -0.7485719595 0.0001992537373 -0.2465742977 0
0.7433537728 0.516407866 -0.1870129422 -0.03131846488 0.1769623675 0.4649180007 -0.0041160547 0.04661647002 0.2491475073 -0.9832411253 -0.08409460708 -0.1617559477 0.04150547923 0.7607030709 -0.6477716675 0.17752235 -0.6436295014 -0.7444641564 0.0002037958117 -0.2487272131 0
0.7489837581 0.5203190168 -0.1884293339 -0.03177482427 0.1781150522 0.464261085 -0.00417795116 0.04695686415 0.2490595022 -0.9827471822 -0.08587767547 -0.1638078164 0.04237667252 0.7575581595 -0.6513907066 0.1800338676 -0.6470940116 -0.7408489365 0.000207828276 -0.250611014 0
0.755418027 0.5247889034 -0.1900480672 -0.03229987253 0.1794274018 0.4635052936 -0.004249236386 0.04734553818 0.2489581481 -0.9821699437 -0.0879421887 -0.1661576753 0.04338495314 0.7539519792 -0.6554953539 0.1829206043 -0.6510165778 -0.7366936052 0.000212503831 -0.2527639294 0
0.7618522959 0.5292587899 -0.1916668006 -0.03282863022 0.1807343779 0.4627441626 -0.00432110379 0.04773383829 0.2488559663 -0.9815789454 -0.09003523037 -0.1685124068 0.04440670239 0.7503333879 -0.6595664119 0.185824699 -0.6548995834 -0.7325132879 0.000217251485 -0.2549168448 0
0.7682865648 0.5337286765 -0.193285534 -0.03336107818 0.1820359439 0.4619777196 -0.004393552674 0.04812176144 0.2487529579 -0.9809740004 -0.0921568233 -0.1708716785 0.04544191296 0.746702788 -0.6636037816 0.1887459752 -0.6587427923 -0.7283082387 0.0002220718719 -0.2570697602 0
0.7747208337 0.5381985631 -0.1949042673 -0.03389719715 0.1833320631 0.4612059923 -0.004466582333 0.04850930463 0.2486491239 -0.9803549218 -0.09430698557 -0.1732351576 0.04649057494 0.7430605822 -0.6676073679 0.1916842554 -0.662545971 -0.7240787129 0.0002269656264 -0.2592226755 0
0.7803508189 0.5421097139 -0.196320659 -0.03436929737 0.1844616708 0.4605264181 -0.004530959143 0.04884809086 0.2485575927 -0.9798014872 -0.09621182393 -0.175306391 0.04741917871 0.7398644488 -0.6710827213 0.1942690589 -0.6658407334 -0.7203580016 0.0002313083454 -0.2611064765 0
0.7867850878 0.5465796005 -0.1979393924 -0.0349122471 0.1857474796 0.4597448581 -0.004605075835 0.04923491349 0.2484522133 -0.9791554044 -0.09841558584 -0.1776768597 0.04849302615 0.73620157 -0.6750227216 0.1972387397 -0.6695682346 -0.7160832764 0.0002363413776 -0.2632593919 0
0.7932193567 0.5510494871 -0.1995581258 -0.03545881172 0.1870277377 0.4589580945 -0.004679771244 0.0496213475 0.2483460113 -0.9784946508 -0.1006479425 -0.1800505761 0.04958028181 0.7325282468 -0.678928688 0.2002249084 -0.6732550478 -0.7117848177 0.0002414496065 -0.2654123073 0
0.7996536256 0.5555193737 -0.2011768591 -0.03600897148 0.1883024095 0.4581661559 -0.004755044644 0.05000738988 0.2482389875 -0.9778190397 -0.1029088936 -0.1824272055 0.05068092557 0.728844884 -0.682800541 0.2032273836 -0.6769009489 -0.7074628866 0.0002466336701 -0.2675652226 0
0.8060878945 0.5599892603 -0.2027955925 -0.03656270649 0.1895714595 0.4573690708 -0.004830895302 0.05039303763 0.2481311432 -0.9771283842 -0.1051984339 -0.1848064128 0.05179493469 0.7251518871 -0.6866382056 0.2062459828 -0.6805057165 -0.7031177458 0.0002518942069 -0.269718138 0
0.8125221634 0.5644591469 -0.2044143259 -0.03711999676 0.1908348525 0.4565668681 -0.00490732248 0.05077828776 0.2480224792 -0.9764224981 -0.1075165534 -0.187187863 0.05292228379 0.7214496616 -0.6904416106 0.2092805227 -0.6840691314 -0.6987496593 0.0002572318563 -0.2718710534 0
0.8181521486 0.5683702977 -0.2058307176 -0.03761052634 0.1919356532 0.4558607653 -0.004974668603 0.0511150531 0.2479267268 -0.9757922071 -0.1095683404 -0.189273208 0.05391963524 0.7182029631 -0.6937414336 0.2119486764 -0.687153027 -0.6949089696 0.0002619660591 -0.2737548543 0
0.8245864175 0.5728401843 -0.2074494509 -0.03817442837 0.193188345 0.4550490451 -0.005052174749 0.05149954964 0.247816529 -0.9750572611 -0.1119400026 -0.1916579591 0.05507191923 0.7144845283 -0.6974804245 0.2150126071 -0.6906383241 -0.6904985765 0.0002674500205 -0.2759077697 0
0.8310206864 0.5773100709 -0.2090681843 -0.03874182745 0.1944352796 0.454232291 -0.005130255262 0.05188363997 0.2477055146 -0.9743065492 -0.1143401888 -0.1940439882 0.05623745555 0.7107580324 -0.7011849742 0.2180919456 -0.6940816527 -0.6860660045 0.0002730129369 -0.2780606851 0
0.8374549553 0.5817799574 -0.2106869177 -0.03931270312 0.1956764228 0.4534105324 -0.005208909383 0.05226732112 0.2475936849 -0.9735398857 -0.1167688706 -0.1964309595 0.05741620864 0.7070238817 -0.7048550274 0.221186505 -0.6974828038 -0.6816115231 0.0002786554505 -0.2802136005 0
0.8438892242 0.586249844 -0.212305651 -0.03988703479 0.1969117404 0.4525837991 -0.005288136346 0.05265059011 0.2474810407 -0.9727570852 -0.1192260147 -0.198818537 0.05860814026 0.7032824827 -0.7084905331 0.224296097 -0.7008415706 -0.6771354029 0.0002843782041 -0.2823665159 0
0.8503234931 0.5907197306 -0.2139243844 -0.04046480175 0.1981411985 0.4517521207 -0.005367935382 0.05303344398 0.2473675834 -0.9719579627 -0.121711583 -0.2012063849 0.05981320957 0.6995342416 -0.7120914441 0.2274205328 -0.7041577489 -0.6726379159 0.0002901818414 -0.2845194312 0
0.8559534783 0.5946308814 -0.2153407761 -0.04097314948 0.1992121413 0.4510203693 -0.005438228205 0.05336809825 0.2472676419 -0.9712451962 -0.1239097384 -0.2032957097 0.06087838812 0.6962492375 -0.7152138289 0.2301664413 -0.7070243107 -0.6686853022 0.0002953268805 -0.2864032322 0
0.8623877472 0.599100768 -0.2169595094 -0.04155730138 0.2004305224 0.4501795 -0.005519097778 0.05375016577 0.2471526627 -0.9704149726 -0.126448483 -0.2056831596 0.06210797134 0.6924892627 -0.7187497624 0.2333181967 -0.7102600948 -0.6641484901 0.000301283912 -0.2885561476 0
0.8688220161 0.6035706546 -0.2185782428 -0.04214482839 0.2016429479 0.4493337723 -0.005600537175 0.05413180965 0.2470368734 -0.9695678972 -0.1290155159 -0.2080699148 0.06335056018 0.6887236135 -0.7222509887 0.2364842475 -0.713452718 -0.6595911005 0.0003073236813 -0.2907090629 0
0.875256285 0.6080405412 -0.2201969762 -0.04273570935 0.2028493849 0.4484832167 -0.005682545604 0.05451302694 0.2469202751 -0.9687037865 -0.1316107804 -0.21045564 0.06460610361 0.6849526956 -0.7257174768 0.2396644014 -0.7166019866 -0.6550134101 0.0003134468346 -0.2928619783 0
0.8816905539 0.6125104278 -0.2218157095 -0.04332992299 0.2040498006 0.4476278638 -0.005765122266 0.0548938147 0.2468028691 -0.9678224578 -0.1342342154 -0.21284 0.06587454799 0.6811769146 -0.7291491994 0.2428584652 -0.7197077091 -0.6504156974 0.0003196540189 -0.2950148937 0
