0.00508181869 0.004694075924 -0.002817919282 -2.027622783e-06 0.001295858598 0.5099978049 -2.545744888e-07 0.0003225813488 0.2549997281 -0.9999999999 -3.932584733e-08 -1.180825223e-05 2.038154376e-08 0.9999872165 -0.005056369665 1.180830012e-05 -0.005056369665 -0.9999872164 2.556218053e-08 -0.003747832645 0
0.009843940495 0.009092847835 -0.005458563444 -7.60823519e-06 0.002510167261 0.5099917633 -9.592436706e-07 0.0006257459872 0.2549989753 -0.999999999 -2.886736648e-07 -4.430731247e-05 1.453050772e-07 0.9999520334 -0.009794430558 4.430801459e-05 -0.009794430555 -0.9999520324 6.449069364e-08 -0.00725988938 0
0.0146060623 0.01349161975 -0.008099207606 -1.674972116e-05 0.003724423176 0.5099818667 -2.119395343e-06 0.0009295822152 0.2549977358 -0.9999999952 -9.442420047e-07 -9.754110274e-05 4.733331985e-07 0.9998944037 -0.01453208394 9.754452456e-05 -0.01453208392 -0.9998943989 8.209656159e-08 -0.01077194612 0
0.0193681841 0.01789039166 -0.01073985177 -2.945185019e-05 0.00493860083 0.5099681154 -3.73599667e-06 0.001233700137 0.2549960086 -0.9999999853 -2.20248213e-06 -0.0001715050179 1.102679766e-06 0.999814333 -0.01926913272 0.000171515615 -0.01926913262 -0.9998143183 7.074600958e-08 -0.01428400285 0
0.02413030591 0.02228916357 -0.01338049593 -4.571430197e-05 0.006152674709 0.5099505096 -5.808614474e-06 0.001537890162 0.2549937941 -0.9999999646 -4.259772063e-06 -0.0002661926595 2.131511464e-06 0.9997118293 -0.02400537986 0.0002662182081 -0.02400537958 -0.9997117939 3.456014516e-08 -0.01779605959 0
0.02957273083 0.02731633147 -0.01639837497 -6.865900989e-05 0.007540027917 0.5099256696 -8.735022143e-06 0.001885523979 0.2549906673 -0.9999999201 -7.841172459e-06 -0.0003997725094 3.922329013e-06 0.9995672264 -0.0294169995 0.0003998301621 -0.02941699871 -0.9995671465 3.8911312e-08 -0.02180983871 0
0.03433485263 0.03171510338 -0.01903901913 -9.254922873e-05 0.008753793525 0.509899806 -1.178319659e-05 0.002189666342 0.2549874104 -0.9999998548 -1.227150164e-05 -0.0005388382565 6.137450312e-06 0.999416689 -0.03415086574 0.0005389430286 -0.03415086409 -0.9994165438 1.180020948e-07 -0.02532189545 0
0.03909697444 0.03611387529 -0.0216796633 -0.0001199981793 0.009967375196 0.5098700897 -1.528618286e-05 0.002493768774 0.2549836675 -0.9999997558 -1.811732558e-05 -0.0006985959557 9.060102003e-06 0.999243758 -0.03888331168 0.0006987721098 -0.03888330852 -0.9992435139 2.150407671e-07 -0.02883395218 0
0.04385909624 0.0405126472 -0.02432030746 -0.0001510051695 0.01118074743 0.5098365214 -1.924382483e-05 0.002797832126 0.2549794388 -0.9999996133 -2.557446476e-05 -0.0008790317892 1.278809169e-05 0.9990484506 -0.0436141407 0.0008793107553 -0.04361413508 -0.9990480639 3.281343137e-07 -0.03234600892 0
0.04862121805 0.04491141911 -0.02696095162 -0.0001855694174 0.01239388475 0.5097991021 -2.365601288e-05 0.003101858484 0.2549747244 -0.9999994161 -3.483854384e-05 -0.001080130152 1.741910085e-05 0.9988307859 -0.04834315636 0.001080551453 -0.04834314694 -0.9988302021 4.565845763e-07 -0.03585806565 0
0.05338333985 0.04931019102 -0.02960159578 -0.0002236900517 0.01360676166 0.5097578326 -2.8522664e-05 0.003405849808 0.2549695245 -0.9999991515 -4.610496786e-05 -0.001301873651 2.305066953e-05 0.9985907857 -0.05307016236 0.001302485831 -0.05307014734 -0.9985899374 6.000202371e-07 -0.03937012239 0
0.05814546166 0.05370896293 -0.03224223994 -0.000265366111 0.01481935269 0.509712714 -3.38437102e-05 0.003709807549 0.254963839 -0.9999988059 -5.95688985e-05 -0.001544243114 2.978018105e-05 0.9983284737 -0.05779496261 0.001545104653 -0.05779493958 -0.9983272798 7.582416288e-07 -0.04288217913 0
0.06290758346 0.05810773484 -0.03488288411 -0.0003105965446 0.01603163236 0.5096637474 -3.96190918e-05 0.004013732607 0.254957668 -0.9999983641 -7.542523036e-05 -0.001807217581 3.770484673e-05 0.9980438759 -0.06251736122 0.001808397825 -0.06251732709 -0.9980422403 9.311537276e-07 -0.04639423586 0
0.06766970527 0.06250650676 -0.03752352827 -0.0003593802121 0.01724357522 0.5096109341 -4.584875329e-05 0.004317625394 0.2549510117 -0.9999978099 -9.386856726e-05 -0.002090774316 4.692169062e-05 0.9977370203 -0.06723716252 0.002092354392 -0.06723711337 -0.9977348308 1.11872996e-06 -0.0499062926 0
0.07243182707 0.06690527867 -0.04016417243 -0.0004117158837 0.01845515582 0.5095542753 -5.253264087e-05 0.004621485921 0.25494387 -0.9999971256 -0.0001150931986 -0.002394888805 5.75275343e-05 0.9974079376 -0.07195417109 0.002396962539 -0.07195410204 -0.997405064 1.320990953e-06 -0.05341834933 0
0.07719394888 0.07130405058 -0.04280481659 -0.0004676022397 0.01966634872 0.5094937726 -5.96707009e-05 0.004925313875 0.2549362431 -0.9999962924 -0.0001392930757 -0.002719534759 6.961898165e-05 0.9970566601 -0.07666819176 0.002722209592 -0.07666809683 -0.9970529537 1.53799143e-06 -0.05693040607 0
0.08195607068 0.07570282249 -0.04544546075 -0.0005270378712 0.02087712849 0.5094294274 -6.726287886e-05 0.005229108689 0.2549281309 -0.99999529 -0.0001666617882 -0.003064684117 8.329240368e-05 0.9966832228 -0.08137902964 0.003068082017 -0.08137890161 -0.9966785145 1.769811869e-06 -0.0604424628 0
0.0873984956 0.08072999039 -0.0484633398 -0.0005993084327 0.02226033832 0.5093511871 -7.649564447e-05 0.005576261188 0.2549182658 -0.9999939097 -0.0002020683476 -0.00348420839 0.0001009795781 0.9962293502 -0.08675869748 0.003488601847 -0.08675852093 -0.9962232625 2.053026415e-06 -0.06445624193 0
0.09216061741 0.0851287623 -0.05110398396 -0.0006663444943 0.02347014723 0.5092786137 -8.506074107e-05 0.005879982194 0.254909114 -0.9999924711 -0.0002368774831 -0.003873190905 0.000118366287 0.9958085547 -0.09146206027 0.00387862194 -0.09146183011 -0.9958010293 2.316964273e-06 -0.06796829866 0
0.09692273921 0.08952753421 -0.05374462812 -0.0007369248213 0.02467946318 0.5092022033 -9.407977249e-05 0.006183667145 0.2548994773 -0.9999907918 -0.0002754612622 -0.004282577134 0.000137636166 0.9953657227 -0.09616162979 0.004289219288 -0.09616133375 -0.9953565193 2.596091251e-06 -0.0714803554 0
0.101684861 0.09392630612 -0.05638527228 -0.0008110476343 0.02588826077 0.5091219577 -0.0001035526756 0.006487314872 0.2548893556 -0.9999888463 -0.000318011526 -0.004712331712 0.0001588844601 0.9949008983 -0.1008572125 0.00472037681 -0.1008568363 -0.994889751 2.890552488e-06 -0.07499241214 0
0.1064469828 0.09832507803 -0.05902591644 -0.000888711065 0.02709651465 0.5090378791 -0.0001134793847 0.006790924124 0.254878749 -0.9999866081 -0.0003647196335 -0.005162417518 0.0001822061043 0.9944141273 -0.1055486152 0.005172076563 -0.1055481424 -0.9944007438 3.200503846e-06 -0.07850446887 0
0.1112091046 0.1027238499 -0.06166656061 -0.0009699131558 0.02830419947 0.5089499695 -0.0001238598313 0.007094493588 0.2548676575 -0.9999840492 -0.0004157764384 -0.005632795681 0.0002076957077 0.993905458 -0.1102356452 0.005644299755 -0.1102350568 -0.9938895181 3.526110969e-06 -0.08201652561 0
0.1159712264 0.1071226219 -0.06430720477 -0.00105465186 0.0295112899 0.5088582312 -0.000134693944 0.007398021897 0.2548560814 -0.9999811406 -0.0004713722657 -0.006123425585 0.0002354475394 0.9933749406 -0.1149181101 0.006137026736 -0.1149173845 -0.9933560951 3.867548564e-06 -0.08552858234 0
0.1207333482 0.1115213938 -0.06694784893 -0.001142925041 0.03071776062 0.5087626664 -0.0001459816485 0.007701507641 0.2548440205 -0.9999778517 -0.0005316968883 -0.006634264871 0.0002655555131 0.9928226276 -0.1195958179 0.006650237006 -0.1195949308 -0.992800497 4.224999832e-06 -0.08904063908 0
0.12549547 0.1159201657 -0.06958849309 -0.001234730476 0.03192358635 0.5086632776 -0.0001577228679 0.008004949376 0.2548314751 -0.999974151 -0.0005969395045 -0.007165269445 0.0002981131723 0.9922485736 -0.1242685771 0.007183909209 -0.1242675009 -0.992222747 4.598656022e-06 -0.09255269581 0
0.1302575918 0.1203189376 -0.07222913725 -0.001330065849 0.03312874179 0.5085600673 -0.0001699175219 0.008308345627 0.2548184452 -0.9999700055 -0.0006672887145 -0.007716393479 0.0003332136759 0.9916528355 -0.1289361967 0.007738021142 -0.1289349005 -0.9916228691 4.988716042e-06 -0.09606475255 0
0.1350197136 0.1247177095 -0.07486978142 -0.001428928758 0.03433320169 0.508453038 -0.0001825655275 0.008611694895 0.2548049309 -0.9999653814 -0.0007429324977 -0.008287589419 0.0003709497828 0.9910354721 -0.1335984861 0.008312549749 -0.1335969354 -0.9910008882 5.395386152e-06 -0.09957680928 0
0.1404621386 0.1297448774 -0.07788766046 -0.001546231173 0.03570884324 0.5083260461 -0.000197575405 0.008958320293 0.254788893 -0.9999594649 -0.0008361059698 -0.008964899331 0.0004174224716 0.9903035123 -0.1389200463 0.008994123175 -0.1389181573 -0.9902630213 5.880764852e-06 -0.1035905884 0
0.1452242604 0.1341436493 -0.08052830462 -0.001652644585 0.03691172773 0.5082108427 -0.0002111945847 0.009261563743 0.254774341 -0.9999536943 -0.0009237252345 -0.009578938362 0.0004611167056 0.9896400172 -0.1435702745 0.009612320211 -0.1435680434 -0.9895937652 6.32375512e-06 -0.1071026451 0
0.1499863822 0.1385424212 -0.08316894878 -0.001762577406 0.03811383742 0.5080918292 -0.0002252668355 0.009564755379 0.2547593048 -0.9999473297 -0.001017225567 -0.01021288865 0.0005077353056 0.9889550957 -0.1482145769 0.01025085593 -0.1482119559 -0.9889024907 6.784048651e-06 -0.1106147019 0
0.154748504 0.1429411931 -0.08580959294 -0.001876026864 0.03931514714 0.5079690085 -0.0002397920617 0.009867893635 0.2547437847 -0.9999403321 -0.001116792133 -0.01086669555 0.0005573692189 0.9882488156 -0.1528527652 0.01090970378 -0.1528497016 -0.9881892264 7.261879518e-06 -0.1141267586 0
0.1595106258 0.147339965 -0.08845023711 -0.001992990101 0.04051563173 0.5078423838 -0.0002547701648 0.01017097693 0.2547277807 -0.9999326611 -0.001222609357 -0.01154030271 0.000610108918 0.9875212465 -0.1574846515 0.01158883632 -0.1574810875 -0.987454002 7.757487979e-06 -0.1176388154 0
0.1642727476 0.151738737 -0.09109088127 -0.002113464171 0.04171526606 0.5077119582 -0.0002702010431 0.01047400369 0.2547112929 -0.9999242751 -0.001334860906 -0.01223365207 0.0006660443862 0.9867724604 -0.1621100485 0.01228822532 -0.1621059208 -0.986696848 8.271120302e-06 -0.1211508721 0
0.1690348694 0.1561375089 -0.09373152543 -0.002237446038 0.04291402504 0.5075777352 -0.0002860845921 0.01077697231 0.2546943214 -0.9999151314 -0.001453729663 -0.01294668391 0.0007252651033 0.9860025311 -0.1667287696 0.01300784166 -0.1667240093 -0.9859177962 8.803028605e-06 -0.1246629288 0
0.1737969912 0.1605362808 -0.09637216959 -0.00236493258 0.04411188357 0.5074397179 -0.0003024207039 0.0110798812 0.2546768663 -0.9999051861 -0.001579397708 -0.01367933681 0.000787860031 0.9852115347 -0.1713406288 0.01374765541 -0.1713351607 -0.9851168787 9.353470691e-06 -0.1281749856 0
0.178559113 0.1649350527 -0.09901281375 -0.002495920584 0.0453088166 0.5072979099 -0.0003192092678 0.01138272874 0.2546589278 -0.9998943941 -0.001712046292 -0.01443154769 0.0008539175994 0.9843995493 -0.1759454407 0.01450763578 -0.1759391832 -0.984294129 9.922709881e-06 -0.1316870423 0
0.1833212348 0.1693338246 -0.1016534579 -0.002630406751 0.0465047991 0.5071523149 -0.00033645017 0.01168551334 0.254640506 -0.999882709 -0.001851855818 -0.0152032518 0.000923525692 0.983566655 -0.1805430207 0.01528775116 -0.1805358852 -0.9834495812 1.051101489e-05 -0.135199099 0
0.1880833566 0.1737325965 -0.1042941021 -0.002768387695 0.04769980607 0.5070029363 -0.0003541432937 0.01198823337 0.254621601 -0.9998700834 -0.001999005817 -0.01599438271 0.0009967716319 0.9827129339 -0.1851331845 0.01608796907 -0.1851250754 -0.9825832706 1.111865964e-05 -0.1387111558 0
0.1928454784 0.1781313684 -0.1069347462 -0.00290985994 0.04889381253 0.5068497781 -0.0003722885188 0.01229088722 0.2546022128 -0.9998564687 -0.002153674928 -0.01680487238 0.001073742168 0.9818384703 -0.189715749 0.01690825624 -0.1897065629 -0.9816952332 1.174592316e-05 -0.1422232125 0
0.1982879033 0.1831585363 -0.1099526253 -0.003075812993 0.05025713423 0.5066701169 -0.0003935793548 0.01263669422 0.2545794636 -0.9998396339 -0.002339874642 -0.01775476136 0.001166379724 0.9808137949 -0.1949434258 0.01787025805 -0.1949328722 -0.9806537764 1.248718323e-05 -0.1462369916 0
0.2030500251 0.1875573082 -0.1125932694 -0.003224754487 0.05144891277 0.5065088725 -0.0004126929509 0.01293920079 0.2545590408 -0.9998237304 -0.00251125339 -0.01860649721 0.001251620897 0.9798951759 -0.1995090916 0.01873343474 -0.1994972125 -0.9797193071 1.315744934e-05 -0.1497490484 0
0.207812147 0.1919560801 -0.1152339136 -0.00337717579 0.0526396125 0.5063438608 -0.0004322582517 0.01324163607 0.2545381353 -0.9998066774 -0.002690706628 -0.01947736721 0.00134085541 0.9789560922 -0.2040665863 0.01961657061 -0.204053252 -0.9787632301 1.384824269e-05 -0.1532611051 0
0.2125742688 0.1963548521 -0.1178745578 -0.003533073065 0.05382920855 0.506175086 -0.0004522751246 0.01354399844 0.2545167474 -0.9997884216 -0.002878409065 -0.02036729653 0.001434167484 0.9779966362 -0.2086157297 0.0205196289 -0.2086008012 -0.9777855852 1.455986192e-05 -0.1567731618 0
0.2173363906 0.200753624 -0.1205152019 -0.003692442385 0.0550176761 0.5060025524 -0.0004727434341 0.01384628626 0.254494877 -0.9997689084 -0.003074534404 -0.02127620872 0.001531640695 0.9770169026 -0.2131563422 0.02144257205 -0.213139671 -0.9767864131 1.529261003e-05 -0.1602852186 0
0.2220985124 0.2051523959 -0.1231558461 -0.003855279739 0.05620499036 0.5058262642 -0.0004936630413 0.01414849791 0.2544725244 -0.9997480821 -0.003279255326 -0.02220402574 0.00163335796 0.9760169876 -0.2176882449 0.02238536165 -0.2176696725 -0.9757657553 1.60467943e-05 -0.1637972753 0
0.2268606342 0.2095511678 -0.1257964903 -0.004021581028 0.05739112657 0.505646226 -0.0005150338046 0.01445063174 0.2544496898 -0.9997258861 -0.003492743462 -0.02315066793 0.001739401522 0.97499699 -0.22221126 0.02334795847 -0.2221906171 -0.9747236544 1.682272616e-05 -0.167309332 0
0.231622756 0.2139499397 -0.1284371344 -0.004191342067 0.05857605999 0.5054624423 -0.0005368555792 0.01475268613 0.2544263732 -0.9997022624 -0.003715169378 -0.02411605407 0.00184985294 0.9739570099 -0.2267252102 0.02433032247 -0.2267023168 -0.9736601537 1.762072105e-05 -0.1708213888 0
0.2363848778 0.2183487116 -0.1310777786 -0.004364558581 0.05975976595 0.5052749176 -0.0005591282173 0.01505465945 0.2544025749 -0.9996771521 -0.003946702553 -0.02510010134 0.001964793073 0.9728971497 -0.2312299194 0.02533241276 -0.2312045838 -0.9725752975 1.844109829e-05 -0.1743334455 0
0.2411469996 0.2227474835 -0.1337184227 -0.004541226212 0.06094221977 0.5050836568 -0.0005818515678 0.01535655005 0.254378295 -0.9996504952 -0.004187511355 -0.02610272535 0.002084302066 0.9718175138 -0.235725212 0.02635418765 -0.2356972308 -0.9714691308 1.928418102e-05 -0.1778455022 0
0.2459091214 0.2271462554 -0.1363590669 -0.004721340514 0.06212339683 0.5048886646 -0.0006050254769 0.0156583563 0.2543535337 -0.9996222304 -0.004437763023 -0.02712384017 0.00220845934 0.9707182082 -0.2402109134 0.02739560463 -0.2401800709 -0.9703416998 2.0150296e-05 -0.181357559 0
0.2506712432 0.2315450273 -0.1389997111 -0.004904896955 0.06330327254 0.5046899459 -0.0006286497875 0.01596007657 0.254328291 -0.9995922957 -0.00469762365 -0.02816335829 0.002337343576 0.9695993411 -0.2446868501 0.02845662037 -0.2446529176 -0.9691930513 2.103977359e-05 -0.1848696157 0
0.2561136681 0.2365721952 -0.1420175901 -0.005118884679 0.06465007694 0.5044582823 -0.0006562003062 0.01630479233 0.2542988533 -0.9995559584 -0.005006584798 -0.02937379937 0.002490527898 0.968296824 -0.2497900277 0.02969315159 -0.2497522668 -0.9678543909 2.208535498e-05 -0.1888833948 0
0.2608757899 0.2409709671 -0.1446582343 -0.005309801469 0.06582708142 0.5042515952 -0.0006807892201 0.01660632283 0.25427258 -0.9995222307 -0.005287589863 -0.03045245136 0.002629802777 0.9671364119 -0.2542444591 0.03079601496 -0.2542030729 -0.9666604384 2.302602349e-05 -0.1923954516 0
0.2656379117 0.2453697391 -0.1472988784 -0.005504145593 0.06700270751 0.5040411978 -0.0007058280221 0.01690776219 0.2542458259 -0.9994866305 -0.005578718172 -0.03154922167 0.00277404695 0.96595679 -0.2586885858 0.0319183356 -0.258643302 -0.9654454216 2.39911147e-05 -0.1959075083 0
0.2704000335 0.249768511 -0.1499395226 -0.005701912162 0.06817693078 0.5038270952 -0.0007313165428 0.01720910878 0.2542185914 -0.9994490913 -0.005880130838 -0.03266401647 0.0029233359 0.9647580744 -0.2631222379 0.03306006682 -0.2630727695 -0.9642093911 2.498097252e-05 -0.199419565 0
0.2751621553 0.2541672829 -0.1525801668 -0.005903096202 0.06934972684 0.5036092928 -0.0007572546092 0.01751036097 0.2541908764 -0.9994095455 -0.00619198772 -0.03379674045 0.003077744309 0.9635403824 -0.2675452465 0.0342211611 -0.267491291 -0.9629523983 2.599594386e-05 -0.2029316218 0
0.2799242771 0.2585660548 -0.1552208109 -0.006107692653 0.07052107132 0.5033877962 -0.0007836420459 0.01781151711 0.2541626813 -0.9993679245 -0.006514447407 -0.03494729678 0.003237346036 0.9623038337 -0.2719574438 0.03540157014 -0.2718986827 -0.9616744954 2.703637857e-05 -0.2064436785 0
0.2846863989 0.2629648267 -0.1578614551 -0.006315696371 0.07169093992 0.5031626108 -0.0008104786738 0.01811257557 0.2541340063 -0.9993241585 -0.006847667193 -0.03611558718 0.003402214117 0.9610485494 -0.2763586629 0.03660124482 -0.2762947612 -0.9603757357 2.810262928e-05 -0.2099557353 0
0.2894485207 0.2673635986 -0.1605020992 -0.006527102125 0.07285930837 0.5029337424 -0.0008377643113 0.01841353471 0.2541048514 -0.9992781771 -0.007191803063 -0.03730151186 0.00357242074 0.9597746527 -0.2807487378 0.03782013522 -0.2806793436 -0.9590561732 2.919505138e-05 -0.213467792 0
0.2942106426 0.2717623705 -0.1631427434 -0.0067419046 0.07402615242 0.5027011967 -0.0008654987733 0.0187143929 0.254075217 -0.9992299085 -0.007547009673 -0.0385049696 0.003748037245 0.9584822684 -0.2851275037 0.03905819064 -0.2850522475 -0.9577158628 3.031400287e-05 -0.2169798487 0
0.2989727644 0.2761611424 -0.1657833876 -0.006960098396 0.0751914479 0.5024649795 -0.0008936818721 0.01901514849 0.2540451032 -0.9991792801 -0.007913440327 -0.03972585774 0.003929134102 0.957171523 -0.2894947968 0.04031535955 -0.2894132909 -0.9563548603 3.145984431e-05 -0.2204919055 0
0.3037348862 0.2805599143 -0.1684240317 -0.007181678028 0.07635517066 0.5022250969 -0.0009223134166 0.01931579986 0.2540145102 -0.9991262183 -0.008291246965 -0.04096407214 0.004115780905 0.955842545 -0.2938504544 0.04159158965 -0.2937622924 -0.9549732223 3.263293873e-05 -0.2240039622 0
0.3091773111 0.2855870822 -0.1714419108 -0.007439050667 0.07768318283 0.5019464646 -0.00095558405 0.0196592717 0.2539789602 -0.9990625009 -0.008737148816 -0.0424002547 0.00433597548 0.9543015541 -0.2988138937 0.04307341041 -0.2987176024 -0.9533690132 3.400745789e-05 -0.2280177413 0
0.3139394329 0.2899858542 -0.1740825549 -0.0076678668 0.07884345437 0.5016987476 -0.0009851758925 0.01995969421 0.2539473411 -0.9990039724 -0.009139837715 -0.04367523962 0.004534745216 0.9529339463 -0.3031440748 0.04439030609 -0.303040191 -0.9519433509 3.52401849e-05 -0.2315297981 0
0.3187015547 0.2943846261 -0.1767231991 -0.007900050982 0.0800020776 0.5014473845 -0.001015215561 0.02026000736 0.2539152435 -0.9989427729 -0.009554371004 -0.04496721435 0.004739277771 0.9515485203 -0.3074621159 0.0457260934 -0.3073501707 -0.9504972367 3.650132092e-05 -0.2350418548 0
0.3234636765 0.298783398 -0.1793638433 -0.008135597378 0.08115902855 0.5011923813 -0.001045702851 0.02056020951 0.2538826675 -0.9988788251 -0.009980894756 -0.04627606895 0.004949638979 0.9501454117 -0.3117678587 0.04708071677 -0.3116473622 -0.9490307307 3.77912383e-05 -0.2385539115 0
0.3282257983 0.3031821699 -0.1820044874 -0.008374500071 0.08231428332 0.5009337446 -0.001076637557 0.02086029902 0.2538496135 -0.9988120503 -0.01041955358 -0.0476016921 0.005165893732 0.9487247575 -0.316061146 0.04845411984 -0.3159315866 -0.9475438939 3.911031147e-05 -0.2420659683 0
0.3329879201 0.3075809418 -0.1846451316 -0.008616753059 0.08346781803 0.5006714809 -0.00110801947 0.02116027427 0.2538160815 -0.9987423692 -0.01087049062 -0.04894397108 0.005388105974 0.9472866965 -0.3203418221 0.04984624545 -0.3202026657 -0.9460367882 4.045891682e-05 -0.245578025 0
0.3377500419 0.3119797137 -0.1872857757 -0.008862350259 0.08461960888 0.5004055968 -0.001139848375 0.02146013361 0.253782072 -0.9986697017 -0.0113338475 -0.05030279186 0.00561633869 0.945831369 -0.324609732 0.05125703569 -0.3244604217 -0.9445094764 4.183743269e-05 -0.2490900817 0
0.3425121637 0.3163784856 -0.1899264199 -0.0091112855 0.0857696321 0.5001360988 -0.001172124058 0.02175987543 0.253747585 -0.9985939664 -0.01180976435 -0.05167803903 0.005850653893 0.9443589171 -0.3288647221 0.05268643185 -0.3287046776 -0.9429620219 4.324623924e-05 -0.2526021385 0
0.3472742855 0.3207772575 -0.1925670641 -0.009363552533 0.08691786396 0.4998629939 -0.001204846301 0.02205949808 0.2537126209 -0.9985150814 -0.01229837974 -0.05306959588 0.006091112612 0.9428694844 -0.3331066401 0.05413437446 -0.3329352567 -0.9413944892 4.468571845e-05 -0.2561141952 0
0.3520364073 0.3251760294 -0.1952077082 -0.009619145022 0.08806428081 0.4995862888 -0.00123801488 0.02235899994 0.2536771798 -0.9984329638 -0.01279983073 -0.05447734436 0.006337774887 0.9413632161 -0.3373353345 0.05560080327 -0.337151983 -0.9398069435 4.615625399e-05 -0.2596262519 0
0.3567985291 0.3295748014 -0.1978483524 -0.009878056551 0.08920885902 0.4993059905 -0.001271629572 0.02265837938 0.2536412621 -0.9983475299 -0.01331425278 -0.05590116513 0.006590699751 0.939840259 -0.3415506555 0.05708565727 -0.3413546811 -0.9381994508 4.765823121e-05 -0.2631383087 0
0.3615606509 0.3339735733 -0.2004889966 -0.01014028062 0.09035157502 0.4990221061 -0.001305690148 0.02295763476 0.2536048678 -0.9982586949 -0.01384177978 -0.05734093755 0.006849945224 0.9383007613 -0.3457524542 0.05858887468 -0.345543176 -0.936572078 4.919203706e-05 -0.2666503654 0
0.3670030759 0.3390007412 -0.2035068756 -0.010444013 0.09165522575 0.4986932846 -0.001345162206 0.02329948693 0.2535626913 -0.9981528952 -0.01446088429 -0.05900576791 0.007154038351 0.936521274 -0.3505377627 0.06032924297 -0.3503124122 -0.9346879673 5.098443031e-05 -0.2706641445 0
0.3717651977 0.3433995131 -0.2061475198 -0.0107133131 0.09279387221 0.4984017396 -0.001380177469 0.02359847101 0.2535252769 -0.9980564837 -0.01501693673 -0.06047931027 0.007427018579 0.9349468389 -0.3547100897 0.06187159894 -0.3544698858 -0.9330182234 5.258775051e-05 -0.2741762013 0
0.3765273195 0.347798285 -0.2087881639 -0.01098590478 0.09393058274 0.4981066312 -0.00141563788 0.02389732592 0.2534873869 -0.9979563999 -0.01558650443 -0.06196841687 0.007706495046 0.9333563394 -0.3588684349 0.06343211918 -0.3586126106 -0.9313288151 5.422412528e-05 -0.277688258 0
0.3812894413 0.3521970569 -0.2114288081 -0.0112617812 0.09506533399 0.4978079667 -0.001451543201 0.02419605005 0.2534490214 -0.997852556 -0.01616971455 -0.06347296184 0.007992521459 0.9317499301 -0.3630126546 0.06501073876 -0.3627404142 -0.9296198125 5.589394766e-05 -0.2812003147 0
0.3860515631 0.3565958288 -0.2140694522 -0.01154093543 0.09619810268 0.4975057536 -0.001487893186 0.02449464176 0.2534101807 -0.997744863 -0.01676669259 -0.06499281812 0.008285150459 0.9301277669 -0.3671426065 0.066607392 -0.3668531249 -0.9278912868 5.759761197e-05 -0.2847123715 0
0.3908136849 0.3609946007 -0.2167100964 -0.01182336049 0.09732886557 0.4971999995 -0.001524687591 0.02479309943 0.2533708652 -0.9976332315 -0.01737756235 -0.06652785741 0.008584433613 0.9284900074 -0.3712581496 0.06822201246 -0.3709505715 -0.9261433099 5.933551385e-05 -0.2882244282 0
0.3955758067 0.3653933726 -0.2193507406 -0.01210904927 0.09845759948 0.4968907121 -0.001561926165 0.02509142143 0.253331075 -0.9975175711 -0.01800244595 -0.06807795024 0.008890421399 0.9268368104 -0.3753591443 0.06985453297 -0.3750325836 -0.9243759546 6.110805016e-05 -0.291736485 0
0.4003379285 0.3697921445 -0.2219913847 -0.01239799463 0.09958428128 0.4965778991 -0.001599608656 0.02538960616 0.2532908105 -0.9973977908 -0.0186414638 -0.06964296593 0.0092031632 0.9251683364 -0.3794454521 0.07150488559 -0.3790989912 -0.9225892944 6.291561895e-05 -0.2952485417 0
0.4051000503 0.3741909165 -0.2246320289 -0.0126901893 0.1007088879 0.4962615684 -0.001637734809 0.02568765198 0.2532500718 -0.9972737989 -0.01929473456 -0.07122277265 0.009522707297 0.9234847469 -0.383516936 0.07317300165 -0.3831496253 -0.9207834036 6.475861943e-05 -0.2987605984 0
0.4098621721 0.3785896884 -0.2272726731 -0.01298562598 0.1018313964 0.4959417279 -0.001676304365 0.02598555727 0.2532088594 -0.9971455027 -0.01996237517 -0.07281723741 0.009849100853 0.9217862052 -0.3875734604 0.07485881176 -0.3871843173 -0.9189583575 6.663745193e-05 -0.3022726552 0
0.4146242939 0.3829884603 -0.2299133172 -0.01328429725 0.1029517837 0.4956183856 -0.001715317064 0.02628332042 0.2531671734 -0.9970128091 -0.02064450082 -0.07442622607 0.01018238991 0.9200728755 -0.3916148909 0.07656224577 -0.3912028993 -0.9171142318 6.855251782e-05 -0.3057847119 0
0.4193864157 0.3873872322 -0.2325539614 -0.01358619563 0.104070027 0.4952915496 -0.00175477264 0.02658093981 0.2531250141 -0.9968756241 -0.02134122491 -0.07604960338 0.01052261938 0.9183449237 -0.3956410945 0.07828323279 -0.3952052041 -0.9152511033 7.050421952e-05 -0.3092967686 0
0.4248288406 0.3924144001 -0.2355718404 -0.01393516419 0.1053453647 0.4949137553 -0.001800406683 0.02692089814 0.253076253 -0.9967132203 -0.02215549976 -0.07792233549 0.01092000761 0.9163524313 -0.4002236563 0.0802714767 -0.3997591218 -0.9130986445 7.278011346e-05 -0.3133105478 0
0.4295909624 0.396813172 -0.2382124846 -0.01424395222 0.1064589369 0.4945794606 -0.001840810377 0.02721820402 0.2530330806 -0.9965660915 -0.02288387978 -0.079576085 0.01127525529 0.9145937106 -0.4042167898 0.08202983528 -0.403725987 -0.9111950579 7.481168013e-05 -0.3168226045 0
0.4343530842 0.4012119439 -0.2408531287 -0.01455594331 0.1075702935 0.4942416983 -0.001881656099 0.02751536106 0.2529894358 -0.9964141718 -0.02362720299 -0.08124379089 0.01163757706 0.9128208972 -0.4081942876 0.08380551938 -0.4076760539 -0.9092727149 7.688115365e-05 -0.3203346612 0
0.439115206 0.4056107158 -0.2434937729 -0.01487112965 0.1086794118 0.4939004767 -0.001922943571 0.02781236765 0.2529453189 -0.9962573644 -0.0243855753 -0.08292531338 0.01200701304 0.9110341622 -0.4121560226 0.08559845512 -0.4116091582 -0.9073316954 7.898894035e-05 -0.323846718 0
0.4438773278 0.4100094877 -0.2461344171 -0.01518950335 0.1097862694 0.4935558045 -0.001964672513 0.02810922216 0.2529007303 -0.996095572 -0.02515910081 -0.08462051165 0.01238360219 0.9092336778 -0.4161018692 0.0874085679 -0.4155251362 -0.9053720801 8.113544738e-05 -0.3273587747 0
0.4486394497 0.4144082596 -0.2487750612 -0.01551105643 0.1108908437 0.4932076903 -0.002006842642 0.028405923 0.2528556703 -0.9959286968 -0.02594788175 -0.08632924385 0.01276738226 0.9074196176 -0.420031703 0.0892357824 -0.419423825 -0.9033939507 8.332108274e-05 -0.3308708314 0
0.4534015715 0.4188070316 -0.2514157054 -0.01583578084 0.1119931123 0.4928561429 -0.002049453672 0.02870246855 0.252810139 -0.9957566401 -0.02675201847 -0.0880513671 0.01315838984 0.9055921564 -0.4239454011 0.0910800226 -0.4233050624 -0.9013973894 8.554625521e-05 -0.3343828882 0
0.4581636933 0.4232058035 -0.2540563496 -0.01616366846 0.1130930527 0.4925011709 -0.002092505315 0.0289988572 0.2527641369 -0.9955793028 -0.02757160946 -0.08978673752 0.01355666029 0.9037514699 -0.4278428423 0.09294121176 -0.4271686869 -0.8993824793 8.781137435e-05 -0.3378949449 0
0.4629258151 0.4276045754 -0.2566969937 -0.01649471107 0.1141906426 0.4921427833 -0.002135997279 0.02929508734 0.2527176643 -0.9953965852 -0.02840675131 -0.09153521023 0.01396222779 0.9018977352 -0.4317239065 0.09481927244 -0.4310145377 -0.8973493043 9.011685043e-05 -0.3414070016 0
0.4676879369 0.4320033473 -0.2593376379 -0.0168289004 0.1152858599 0.4917809891 -0.002179929269 0.02959115737 0.2526707215 -0.995208387 -0.02925753873 -0.09329663938 0.01437512529 0.9000311305 -0.4355884754 0.0967141265 -0.4348424548 -0.8952979488 9.246309448e-05 -0.3449190584 0
0.4724500587 0.4364021192 -0.261978282 -0.01716622808 0.1163786822 0.4914157973 -0.002224300986 0.02988706567 0.2526233087 -0.9950146074 -0.03012406447 -0.09507087817 0.01479538451 0.8981518351 -0.439436432 0.0986256951 -0.438652279 -0.8932284984 9.485051818e-05 -0.3484311151 0
0.4778924836 0.4414292871 -0.2649961611 -0.01755557748 0.1176246611 0.4909942866 -0.002275549577 0.03022504651 0.2525685477 -0.9947861805 -0.03113376747 -0.09711407533 0.01528473419 0.8959887606 -0.4438136071 0.1008307096 -0.4429840059 -0.8908413655 9.762995547e-05 -0.3524448942 0
0.4826546054 0.445828059 -0.2676368052 -0.01789960169 0.1187122771 0.4906218451 -0.002320862551 0.03052060287 0.252520129 -0.9945800987 -0.03203432162 -0.09891526462 0.01572086965 0.8940828794 -0.4476255791 0.1027778264 -0.4467545266 -0.888733431 0.0001001070107 -0.355956951 0
0.4874167272 0.4502268309 -0.2702774494 -0.01824673747 0.1197974289 0.490246035 -0.002366614299 0.03081599247 0.2524712415 -0.9943681151 -0.03295089308 -0.1007287961 0.01616445853 0.8921648779 -0.4514205811 0.1047414054 -0.4505064587 -0.8866076746 0.0001026265436 -0.3594690077 0
0.492178849 0.4546256028 -0.2729180936 -0.01859697614 0.1208800945 0.4898668657 -0.002412804508 0.03111121371 0.2524218854 -0.9941501268 -0.03388356655 -0.1025545191 0.01661552741 0.8902349396 -0.4551985023 0.1067213649 -0.4542396462 -0.8844641848 0.0001051889686 -0.3629810644 0
0.4969409708 0.4590243747 -0.2755587377 -0.01895030895 0.1219602523 0.4894843467 -0.002459432867 0.03140626499 0.2523720611 -0.9939260302 -0.03483242478 -0.1043922822 0.01707410162 0.8882932494 -0.4589592337 0.1087176225 -0.4579539336 -0.8823030507 0.0001077947005 -0.3664931212 0
0.5017030926 0.4634231467 -0.2781993819 -0.01930672707 0.1230378803 0.4890984875 -0.002506499059 0.0317011447 0.2523217688 -0.9936957216 -0.03579754853 -0.106241933 0.01754020523 0.8863399927 -0.4627026675 0.1107300953 -0.4616491664 -0.8801243623 0.0001104441548 -0.3700051779 0
0.5064652144 0.4678219186 -0.2808400261 -0.01966622159 0.1241129568 0.4887092978 -0.002554002764 0.03199585126 0.252271009 -0.9934590966 -0.03677901655 -0.1081033183 0.01801386104 0.8843753562 -0.4664286979 0.1127586994 -0.4653251909 -0.8779282103 0.0001131377474 -0.3735172346 0
0.5112273362 0.4722206905 -0.2834806702 -0.02002878353 0.1251854604 0.4883167873 -0.002601943661 0.03229038307 0.252219782 -0.9932160502 -0.03777690561 -0.1099762841 0.01849509058 0.8823995274 -0.4701372201 0.1148033505 -0.4689818542 -0.8757146859 0.0001158758948 -0.3770292914 0
0.515989458 0.4766194624 -0.2861213144 -0.02039440383 0.1262553693 0.4879209659 -0.002650321425 0.03258473853 0.2521680881 -0.9929664773 -0.03879129046 -0.1118606755 0.01898391408 0.8804126946 -0.4738281314 0.1168639634 -0.472619004 -0.8734838815 0.0001186590138 -0.3805413481 0
0.5207515798 0.4810182343 -0.2887619585 -0.02076307335 0.1273226621 0.4875218433 -0.002699135727 0.03287891605 0.2521159277 -0.9927102723 -0.03982224381 -0.1137563369 0.01948035049 0.8784150474 -0.4775013304 0.1189404525 -0.476236489 -0.8712358896 0.0001214875221 -0.3840534049 0
0.5255137016 0.4854170062 -0.2914026027 -0.02113478291 0.1283873175 0.4871194296 -0.002748386237 0.03317291404 0.2520633011 -0.9924473291 -0.04086983635 -0.115663112 0.01998441747 0.8764067757 -0.4811567172 0.1210327313 -0.4798341587 -0.8689708039 0.0001243618375 -0.3875654616 0
0.5302758234 0.4898157781 -0.2940432469 -0.0215095232 0.129449314 0.4867137348 -0.002798072621 0.0334667309 0.2520102087 -0.9921775413 -0.04193413673 -0.1175808434 0.02049613138 0.8743880708 -0.4847941937 0.1231407128 -0.4834118635 -0.8666887187 0.0001272823783 -0.3910775183 0
0.5357182484 0.494842946 -0.2970611259 -0.02194149693 0.1306597412 0.4862460789 -0.00285539035 0.03380229778 0.2519489618 -0.9918606943 -0.04317102394 -0.1197857498 0.02109033012 0.8720684501 -0.4889292549 0.1255689498 -0.4874760312 -0.8640599273 0.000130677279 -0.3950912975 0
0.5404803702 0.4992417179 -0.2997017701 -0.02232270008 0.1317159687 0.4858333874 -0.00290600961 0.03409572117 0.2518948724 -0.9915758795 -0.04427134843 -0.1217264265 0.02161847931 0.8700280352 -0.4925280289 0.1277102837 -0.4910104537 -0.861741735 0.0001336982851 -0.3986033542 0
0.545242492 0.5036404898 -0.3023424142 -0.02270690433 0.1327694707 0.4854174469 -0.002957063675 0.03438895844 0.2518403183 -0.9912838834 -0.04538858311 -0.1236775609 0.02215431833 0.8679777927 -0.4961085945 0.1298670425 -0.4945244462 -0.8594068439 0.0001367668342 -0.4021154109 0
0.5500046138 0.5080392618 -0.3049830584 -0.02309410008 0.1338202263 0.4849982677 -0.003008552198 0.03468200802 0.2517853 -0.9909845981 -0.04652278807 -0.1256389927 0.0226978581 0.8659179169 -0.4996708601 0.1320391363 -0.4980178625 -0.8570553512 0.0001398833464 -0.4056274677 0
0.5547667356 0.5124380337 -0.3076237026 -0.02348427769 0.1348682145 0.4845758605 -0.00306047483 0.03497486831 0.2517298177 -0.9906779156 -0.04767402133 -0.1276105611 0.02324910821 0.8638486028 -0.5032147358 0.1342264749 -0.5014905573 -0.8546873547 0.000143048242 -0.4091395244 0
0.5595288574 0.5168368056 -0.3102643467 -0.02387742742 0.1359134145 0.4841502355 -0.00311283122 0.03526753774 0.2516738718 -0.9903637273 -0.04884233878 -0.1295921046 0.02380807693 0.8617700463 -0.5067401333 0.1364289672 -0.504942386 -0.852302953 0.000146261942 -0.4126515811 0
0.5642909792 0.5212355775 -0.3129049909 -0.02427353948 0.1369558053 0.4837214036 -0.003165621012 0.03556001472 0.2516174627 -0.9900419247 -0.05002779426 -0.1315834611 0.02437477119 0.8596824438 -0.510246966 0.1386465216 -0.5083732051 -0.8499022452 0.0001495248674 -0.4161636379 0
0.569053101 0.5256343494 -0.315545635 -0.02467260398 0.1379953663 0.4832893754 -0.003218843847 0.03585229768 0.2515605908 -0.9897123986 -0.05123043946 -0.1335844678 0.02494919658 0.8575859924 -0.513735149 0.1408790458 -0.5117828717 -0.8474853312 0.0001528374396 -0.4196756946 0
0.5738152228 0.5300331213 -0.3181862792 -0.02507461098 0.139032077 0.4828541615 -0.003272499366 0.03614438503 0.2515032565 -0.9893750401 -0.05245032399 -0.1355949613 0.02553135738 0.8554808898 -0.5172045987 0.1431264469 -0.515171244 -0.8450523117 0.0001562000805 -0.4231877513 0
0.5785773446 0.5344318932 -0.3208269234 -0.02547955047 0.1400659166 0.482415773 -0.003326587204 0.0364362752 0.2514454602 -0.9890297396 -0.05368749531 -0.1376147777 0.02612125647 0.8533673345 -0.5206552337 0.1453886315 -0.5185381811 -0.8426032878 0.0001596132122 -0.4266998081 0
0.5833394664 0.5388306651 -0.3234675675 -0.02588741235 0.1410968647 0.4819742207 -0.003381106994 0.03672796662 0.2513872022 -0.9886763875 -0.05494199876 -0.1396437524 0.02671889542 0.8512455254 -0.5240869738 0.1476655052 -0.5218835428 -0.8401383614 0.0001630772571 -0.4302118648 0
0.5881015882 0.543229437 -0.3261082117 -0.02629818647 0.142124901 0.4815295156 -0.003436058367 0.03701945771 0.2513284829 -0.988314874 -0.05621387756 -0.1416817203 0.02732427445 0.8491156621 -0.5274997407 0.1499569736 -0.52520719 -0.8376576351 0.0001665926379 -0.4337239215 0
0.5935440131 0.5482566049 -0.3291260907 -0.02677119549 0.1432962079 0.4810174348 -0.003499387926 0.03735234307 0.2512608109 -0.9878915809 -0.05768878187 -0.1440216261 0.02802561229 0.8466719269 -0.5313767149 0.1525935431 -0.5289788772 -0.834803305 0.0001706736189 -0.4377377007 0
0.5983061349 0.5526553768 -0.3317667349 -0.02718817558 0.1443179361 0.4805660111 -0.003555262859 0.03764339959 0.2512011045 -0.987512208 -0.05899802911 -0.1460783067 0.02864757157 0.844525479 -0.5347485689 0.1549159636 -0.5322555287 -0.8322890702 0.0001743004298 -0.4412497574 0
0.6030682568 0.5570541488 -0.3344073791 -0.02760803553 0.1453366889 0.4801114696 -0.003611568194 0.03793425085 0.2511409382 -0.9871243273 -0.06032477357 -0.1481434583 0.02927726274 0.8423716075 -0.5381012142 0.157252677 -0.5355100341 -0.8297593621 0.000177979907 -0.4447618141 0
0.6078303786 0.5614529207 -0.3370480232 -0.02803076488 0.146352446 0.4796538217 -0.003668303548 0.03822489528 0.2510803122 -0.9867278283 -0.06166904954 -0.1502169135 0.02991468036 0.840210514 -0.5414345796 0.159603586 -0.5387422579 -0.827214286 0.0001817124741 -0.4482738709 0
0.6125925004 0.5658516926 -0.3396886674 -0.02845635312 0.1473651877 0.4791930788 -0.003725468536 0.03851533131 0.2510192271 -0.9863226006 -0.06303088917 -0.1522985047 0.03055981763 0.8380424008 -0.5447485953 0.1619685928 -0.5419520657 -0.8246539477 0.0001854985553 -0.4517859276 0
0.6173546222 0.5702504645 -0.3423293115 -0.02888478967 0.148374894 0.4787292523 -0.003783062771 0.03880555738 0.2509576831 -0.9859085333 -0.06441032247 -0.1543880638 0.0312126664 0.8358674703 -0.5480431932 0.1643475991 -0.5451393239 -0.8220784538 0.0001893385748 -0.4552979843 0
0.622116744 0.5746492364 -0.3449699557 -0.02931606386 0.149381545 0.4782623537 -0.003841085862 0.03909557192 0.2508956808 -0.9854855158 -0.06580737724 -0.1564854221 0.03187321712 0.8336859255 -0.551318307 0.1667405058 -0.5483039 -0.8194879114 0.0001932329571 -0.4588100411 0
0.6268788658 0.5790480083 -0.3476105999 -0.02975016497 0.1503851211 0.4777923947 -0.003899537415 0.03938537339 0.2508332206 -0.985053437 -0.06722207912 -0.1585904108 0.03254145889 0.8314979698 -0.5545738722 0.1691472134 -0.5514456622 -0.8168824284 0.000197182127 -0.4623220978 0
0.6316409876 0.5834467802 -0.350251244 -0.03018708222 0.1513856026 0.477319387 -0.003958417034 0.03967496021 0.2507703028 -0.984612186 -0.06865445159 -0.1607028605 0.03321737941 0.8293038068 -0.5578098258 0.1715676216 -0.5545644799 -0.8142621131 0.0002011865094 -0.4658341546 0
0.6364031094 0.5878455521 -0.3528918882 -0.03062680475 0.15238297 0.4768433423 -0.004017724319 0.03996433083 0.2507069279 -0.984161652 -0.07010451592 -0.1628226013 0.03390096501 0.8271036406 -0.5610261065 0.1740016299 -0.5576602232 -0.8116270746 0.0002052465295 -0.4693462113 0
0.6411652312 0.592244324 -0.3555325323 -0.03106932162 0.1533772037 0.4763642724 -0.004077458868 0.04025348369 0.2506430964 -0.983701724 -0.07157229121 -0.1649494632 0.03459220066 0.8248976756 -0.564222655 0.176449137 -0.5607327633 -0.8089774225 0.0002093626126 -0.472858268 0
0.6466076561 0.5972714919 -0.3585504114 -0.03157846274 0.1545096089 0.4758130749 -0.004146249584 0.04058367547 0.2505695874 -0.9831644465 -0.07327145718 -0.1673886636 0.03539153052 0.8223697347 -0.5678516171 0.1792626863 -0.5642156618 -0.805931496 0.0002141359019 -0.4768720471 0
0.6513697779 0.6016702639 -0.3611910556 -0.03202693041 0.1554970625 0.4753275626 -0.00420689833 0.04087235648 0.2505047787 -0.9826840145 -0.07477723868 -0.1695302106 0.03609910203 0.820152033 -0.5710056896 0.1817387756 -0.5672380517 -0.8032509011 0.0002183735531 -0.4803841039 0
0.6561318997 0.6060690358 -0.3638316997 -0.03247815766 0.156481322 0.4748390628 -0.004267973056 0.04116081485 0.2504395147 -0.9821938395 -0.0763007769 -0.1716783419 0.03681426729 0.8179291765 -0.574139854 0.1842280417 -0.57023684 -0.8005560411 0.0002226686052 -0.4838961606 0
0.6608940215 0.6104678077 -0.3664723439 -0.03293213329 0.1574623681 0.4743475877 -0.004329473349 0.04144904903 0.2503737958 -0.9816938107 -0.07784208189 -0.1738328861 0.03753700554 0.8157013706 -0.5772540578 0.1867303811 -0.5732119018 -0.7978470282 0.0002270214843 -0.4874082174 0
0.6656561433 0.6148665796 -0.369112988 -0.03338884603 0.1584401818 0.4738531493 -0.004391398791 0.04173705749 0.2503076225 -0.9811838172 -0.07940116144 -0.1759936715 0.03826729461 0.8134688208 -0.5803482505 0.1892456896 -0.5761631134 -0.7951239751 0.0002314326167 -0.4909202741 0
0.6704182651 0.6192653515 -0.3717536322 -0.03384828455 0.1594147442 0.4733557599 -0.004453748961 0.04202483866 0.2502409951 -0.9806637482 -0.08097802119 -0.1781605263 0.03900511097 0.8112317328 -0.583422383 0.1917738625 -0.5790903519 -0.7923869951 0.0002359024286 -0.4944323308 0
0.6751803869 0.6236641234 -0.3743942764 -0.03431043746 0.1603860365 0.472855432 -0.004516523436 0.04231239101 0.2501739143 -0.9801334929 -0.08257266456 -0.1803332781 0.03975042968 0.8089903127 -0.5864764082 0.1943147948 -0.5819934957 -0.789636202 0.0002404313467 -0.4979443876 0
