0.007116831208 0.003564464911 -0.001725191053 -2.156247254e-06 0.001814782377 0.5099956948 -2.710783046e-07 0.0004520240624 0.2549994657 -0.9999999999 -5.884596508e-08 -1.255726437e-05 3.007567203e-08 0.9999749282 -0.007081173027 1.255736623e-05 -0.007081173027 -0.9999749281 2.9208179e-08 -0.002294504101 0
0.01410749545 0.007065739094 -0.003419797971 -8.472684515e-06 0.003597336709 0.5099830834 -1.071254512e-06 0.0008977543659 0.2549978884 -0.9999999988 -4.610841251e-07 -4.934057836e-05 2.315244742e-07 0.9999014851 -0.01403638138 4.934218953e-05 -0.01403638137 -0.9999014839 5.5148496e-08 -0.004548331301 0
0.02109815968 0.01056701328 -0.005114404889 -1.894975778e-05 0.005379781093 0.5099621648 -2.404377399e-06 0.001344207878 0.2549952604 -0.9999999939 -1.54354218e-06 -0.0001103481032 7.730862897e-07 0.9997796701 -0.0209907403 0.0001103561903 -0.02099074026 -0.999779664 4.062463554e-08 -0.006802158502 0
0.02896265695 0.01450594673 -0.007020837672 -3.570924105e-05 0.007384831773 0.5099287027 -4.540462461e-06 0.001846572639 0.2549910494 -0.9999999784 -3.9939124e-06 -0.0002079249747 1.998657932e-06 0.9995848235 -0.02881285482 0.0002079537252 -0.02881285461 -0.9995848019 1.834195076e-08 -0.009337714103 0
0.03595332119 0.01800722092 -0.008715444589 -5.502619999e-05 0.009166861644 0.5098901344 -7.004010826e-06 0.002293056089 0.2549861928 -0.9999999487 -7.640411744e-06 -0.0003203723447 3.822276587e-06 0.9993602631 -0.03576401169 0.0003204406425 -0.03576401108 -0.9993602118 9.863241325e-08 -0.0115915413 0
0.04294398543 0.0215084951 -0.01041005151 -7.850208753e-05 0.01094861135 0.5098432623 -9.998729861e-06 0.002739463184 0.254980289 -0.9999998955 -1.301952982e-05 -0.0004570012946 6.512251123e-06 0.9990873832 -0.04271300464 0.0004571403308 -0.04271300316 -0.9990872787 2.03086569e-07 -0.0138453685 0
0.04993464966 0.02500976928 -0.01210465843 -0.0001061360427 0.01273002645 0.5097880882 -1.352441206e-05 0.003185800484 0.2549733384 -0.999999809 -2.046758642e-05 -0.0006177903323 1.023677379e-05 0.9987662102 -0.04965941347 0.0006180445172 -0.04965941031 -0.9987660191 3.295686434e-07 -0.01609919571 0
0.0569253139 0.02851104347 -0.01379926534 -0.000137927052 0.0145110525 0.5097246141 -1.758093169e-05 0.003632075728 0.2549653414 -0.9999996774 -3.032060068e-05 -0.0008027141641 1.516389887e-05 0.9983967752 -0.05660281823 0.0008031434643 -0.05660281214 -0.9983964526 4.771994169e-07 -0.01835302291 0
0.06391597814 0.03201231765 -0.01549387226 -0.0001738739495 0.01629163508 0.5096528423 -2.216819995e-05 0.004078294368 0.254956298 -0.9999994873 -4.291424221e-05 -0.001011743697 2.146152031e-05 0.9979791141 -0.06354279932 0.00101242597 -0.06354278846 -0.9979786015 6.455426884e-07 -0.02060685011 0
0.07090664238 0.03551359184 -0.01718847918 -0.0002139754169 0.01807171979 0.5095727754 -2.728614431e-05 0.004524459532 0.2549462085 -0.9999992235 -5.858378231e-05 -0.001244846045 2.929734929e-05 0.9975132673 -0.07047893751 0.001245879369 -0.07047891925 -0.997512491 8.343852818e-07 -0.02286067731 0
0.07789730662 0.03901486602 -0.0188830861 -0.0002582299837 0.01985125226 0.5094844165 -3.293469869e-05 0.004970572555 0.2549350729 -0.999998869 -7.766404524e-05 -0.001501984531 3.883889185e-05 0.99699928 -0.07741081398 0.001503489533 -0.07741078477 -0.9969981494 1.043636685e-06 -0.02511450451 0
0.08488797085 0.0425161402 -0.02057769301 -0.0003066360268 0.02163017811 0.5093877687 -3.911379841e-05 0.005416633481 0.2549228914 -0.9999984052 -0.0001004893595 -0.00178311869 5.025342659e-05 0.996437202 -0.08433801039 0.001785240871 -0.08433796549 -0.9964356078 1.273279063e-06 -0.02736833171 0
0.09187863509 0.04601741439 -0.02227229993 -0.0003591917712 0.02340844303 0.5092828356 -4.582337759e-05 0.005862641439 0.2549096641 -0.9999978116 -0.0001273935092 -0.002088204282 6.370798232e-05 0.9958270876 -0.09126010889 0.002091116334 -0.09126004221 -0.9958249002 1.523340817e-06 -0.02962215891 0
0.09886929933 0.04951868857 -0.02396690685 -0.0004158952896 0.0251859927 0.5091696211 -5.306336763e-05 0.006308594908 0.2548953911 -0.999997066 -0.0001587096855 -0.002417193287 7.93693158e-05 0.9951689961 -0.0981766922 0.002421097409 -0.098176596 -0.9951660637 1.793881914e-06 -0.03187598611 0
0.1058599636 0.05301996275 -0.02566151377 -0.0004767445029 0.02696277285 0.5090481292 -6.08336964e-05 0.006754491897 0.2548800727 -0.9999961445 -0.0001947704383 -0.002770033921 9.740388948e-05 0.9944629911 -0.1050873436 0.002775164127 -0.1050872083 -0.994459138 2.084985357e-06 -0.03412981331 0
0.1128506278 0.05652123694 -0.02735612069 -0.0005417371797 0.02873872923 0.5089183644 -6.913428771e-05 0.007200330076 0.2548637089 -0.9999950214 -0.0002359076274 -0.003146670637 0.0001179778493 0.9937091411 -0.1119916472 0.00315329506 -0.1119914608 -0.993704166 2.396752033e-06 -0.03638364051 0
0.119841292 0.06002251112 -0.0290507276 -0.0006108709372 0.03051380762 0.5087803316 -7.796506098e-05 0.007646106859 0.2548462999 -0.9999936693 -0.0002824523748 -0.003547044134 0.0001412570025 0.9929075189 -0.1188891874 0.003555467324 -0.1188889358 -0.9929011933 2.729297505e-06 -0.03863746771 0
0.1268319563 0.0635237853 -0.03074533452 -0.0006841432404 0.03228795385 0.5086340357 -8.732593105e-05 0.008091819473 0.2548278459 -0.9999920592 -0.000334735016 -0.003971091366 0.0001674067955 0.9920582023 -0.1257795498 0.003981656581 -0.1257792158 -0.9920502685 3.082749917e-06 -0.04089129491 0
0.1338226205 0.06702505949 -0.03243994144 -0.0007615514029 0.03406111379 0.5084794821 -9.721680805e-05 0.008537465003 0.2548083471 -0.99999016 -0.0003930850522 -0.004418745547 0.0001965922918 0.9911612735 -0.1326623206 0.004431837039 -0.1326618839 -0.9911514432 3.457248611e-06 -0.04314512212 0
0.1408132848 0.07052633367 -0.03413454836 -0.0008430925869 0.03583323333 0.5083166765 -0.0001076375973 0.00898304042 0.2547878036 -0.9999879394 -0.0004578311019 -0.004889936163 0.0002289781501 0.9902168192 -0.1395370866 0.004905981452 -0.1395365234 -0.9902047717 3.852943162e-06 -0.04539894932 0
0.147803949 0.07402760785 -0.03582915528 -0.0009287638029 0.03760425841 0.5081456248 -0.0001185881992 0.009428542612 0.2547662156 -0.9999853629 -0.0005293008536 -0.005384588982 0.0002647286021 0.9892249309 -0.1464034358 0.005404061127 -0.1464027184 -0.9892103114 4.269992698e-06 -0.04765277652 0
0.1547946132 0.07752888204 -0.03752376219 -0.00101856191 0.03937413503 0.5079663334 -0.0001300685094 0.0098739684 0.2547435835 -0.9999823946 -0.0006078210175 -0.005902626058 0.0003040074306 0.9881857045 -0.1532609571 0.005926045921 -0.1532600533 -0.9881681224 4.708565396e-06 -0.04990660372 0
0.1617852775 0.08103015622 -0.03921836911 -0.001112483618 0.04114280922 0.5077788088 -0.0001420784184 0.01031931455 0.2547199073 -0.9999789968 -0.0006937172781 -0.006443965749 0.0003469779478 0.9870992406 -0.16010924 0.006471904243 -0.1601081131 -0.9870782677 5.168838108e-06 -0.05216043092 0
0.1687759417 0.0845314304 -0.04091297603 -0.001210525482 0.04291022706 0.5075830578 -0.0001546178119 0.01076457779 0.2546951873 -0.9999751301 -0.0007873142467 -0.007008522721 0.0003938029734 0.9859656443 -0.1669478754 0.007041603061 -0.1669464834 -0.9859408134 5.650996052e-06 -0.05441425812 0
0.1757666059 0.08803270459 -0.04260758295 -0.00131268391 0.04467633469 0.5073790877 -0.0001676865705 0.0112097548 0.2546694237 -0.9999707533 -0.000888935414 -0.007596207963 0.0004446448127 0.9847850252 -0.1737764551 0.007635107896 -0.1737747504 -0.9847558282 6.155232577e-06 -0.05666808532 0
0.1827572702 0.09153397877 -0.04430218987 -0.001418955158 0.0464410783 0.5071669059 -0.00018128457 0.01165484225 0.2546426168 -0.9999658237 -0.0009989031028 -0.008206928799 0.0004996652352 0.9835574975 -0.1805945721 0.00825238283 -0.1805925007 -0.983523384 6.681748954e-06 -0.05892191252 0
0.1897479344 0.09503525295 -0.04599679678 -0.00152933533 0.04820440413 0.5069465203 -0.000195411681 0.01209983678 0.2546147669 -0.9999602968 -0.001117538421 -0.008840588897 0.0005590254527 0.9822831798 -0.1874018202 0.008893390507 -0.1873993219 -0.9822435552 7.230754202e-06 -0.06117573972 0
0.1967385987 0.09853652714 -0.0476914037 -0.001643820381 0.04996625849 0.5067179387 -0.0002100677691 0.012544735 0.2545858742 -0.9999541264 -0.001245161215 -0.009497088285 0.0006228860979 0.9809621952 -0.1941977949 0.009558092135 -0.1941948019 -0.9809164194 7.802464929e-06 -0.06342956692 0
0.2046030959 0.1024754606 -0.04959783648 -0.001777517449 0.05194651898 0.5064509984 -0.0002271879877 0.01304512617 0.2545521239 -0.999946356 -0.001399876264 -0.01026282105 0.0007003079763 0.9794204653 -0.2018292885 0.010334153 -0.2018256487 -0.9793669449 8.473058903e-06 -0.06596512252 0
0.2115937602 0.1059767348 -0.0512924434 -0.001900711254 0.05370506843 0.5062050289 -0.0002429676836 0.01348980847 0.2545210162 -0.9999386574 -0.001547653398 -0.01096750544 0.0007742626122 0.9780007432 -0.2085999686 0.01104906892 -0.2085956642 -0.9779395518 9.093771811e-06 -0.06821894972 0
0.2185844244 0.109478009 -0.05298705032 -0.00202799633 0.055461979 0.5059508908 -0.0002592759047 0.01393438382 0.2544888667 -0.9999301604 -0.00170540888 -0.01169469339 0.0008532156848 0.9765347679 -0.2153581182 0.01178754834 -0.2153530558 -0.976465112 9.737914498e-06 -0.07047277692 0
0.2255750886 0.1129792831 -0.05468165724 -0.002159368016 0.05721719724 0.5056885934 -0.0002761124961 0.01437884879 0.2544556756 -0.999920812 -0.001873456858 -0.01244427004 0.0009373252119 0.9750226811 -0.2221033382 0.01254954656 -0.2220974146 -0.9749437149 1.040573346e-05 -0.07272660413 0
0.2325657529 0.1164805573 -0.05637626416 -0.002294821497 0.05897066979 0.5054181462 -0.0002934772977 0.01482319996 0.2544214432 -0.9999105575 -0.002052109983 -0.01321611697 0.001026748523 0.9734646286 -0.2288352303 0.01333501746 -0.2288283323 -0.9733754526 1.109748213e-05 -0.07498043133 0
0.2395564171 0.1199818315 -0.05807087107 -0.002434351812 0.06072234336 0.5051395591 -0.0003113701446 0.01526743387 0.25438617 -0.9998993407 -0.002241679356 -0.01401011222 0.001121642238 0.9718607609 -0.235553398 0.01414391351 -0.2355454017 -0.9717604198 1.181342076e-05 -0.07723425853 0
0.2465470814 0.1234831057 -0.05976547799 -0.002577953851 0.06247216471 0.5048528425 -0.0003297908667 0.01571154709 0.2543498561 -0.9998871037 -0.002442474492 -0.01482613028 0.001222162248 0.9702112327 -0.2422574462 0.01497618576 -0.2422482162 -0.9700987144 1.255381631e-05 -0.07948808573 0
0.2535377456 0.1269843799 -0.06146008491 -0.002725622354 0.06422008071 0.5045580067 -0.0003487392891 0.01615553617 0.254312502 -0.9998737869 -0.002654803266 -0.0156640421 0.001328463689 0.9685162031 -0.2489469815 0.01583178384 -0.2489363702 -0.9683904369 1.331894233e-05 -0.08174191293 0
0.2605284098 0.1304856541 -0.06315469183 -0.002877351913 0.06596603827 0.5042550626 -0.0003682152317 0.01659939765 0.2542741081 -0.9998593293 -0.002878971874 -0.01652371518 0.00144070093 0.9667758355 -0.2556216117 0.01671065597 -0.2556094589 -0.9666356907 1.410907889e-05 -0.08399574013 0
0.2675190741 0.1339869282 -0.06484929874 -0.003033136972 0.06770998441 0.5039440212 -0.0003882185095 0.01704312808 0.2542346747 -0.999843668 -0.003115284781 -0.01740501347 0.001559027545 0.9649902976 -0.2622809466 0.01761274897 -0.2622670786 -0.964834582 1.492451239e-05 -0.08624956733 0
0.2745097383 0.1374882024 -0.06654390566 -0.003192971827 0.06945186622 0.503624894 -0.0004087489325 0.017486724 0.2541942021 -0.9998267389 -0.003364044686 -0.01830779749 0.001683596293 0.9631597616 -0.2689245974 0.01853800823 -0.2689088262 -0.9629872198 1.576553554e-05 -0.08850339453 0
0.2815004025 0.1409894766 -0.06823851258 -0.003356850626 0.07119163088 0.5032976927 -0.0004298063056 0.01793018195 0.2541526908 -0.9998084759 -0.003625552469 -0.0192319243 0.001814559102 0.9612844038 -0.2755521772 0.01948637776 -0.2755342998 -0.9610937159 1.663244721e-05 -0.09075722173 0
0.2884910668 0.1444907508 -0.0699331195 -0.003524767369 0.07292922565 0.5029624291 -0.0004513904287 0.01837349848 0.2541101412 -0.9997888116 -0.00390010715 -0.02017724754 0.001952067045 0.9593644048 -0.2821633007 0.02045780018 -0.2821430985 -0.9591541849 1.75255523e-05 -0.09301104893 0
0.295481731 0.147992025 -0.07162772642 -0.00369671591 0.07466459787 0.5026191157 -0.0004735010969 0.01881667013 0.2540665537 -0.999767677 -0.004188005844 -0.02114361741 0.00209627032 0.9573999493 -0.2887575846 0.02145221669 -0.2887348223 -0.9571687442 1.844516168e-05 -0.09526487613 0
0.3024723953 0.1514932992 -0.07332233333 -0.003872689955 0.07639769498 0.5022677649 -0.0004961381001 0.01925969342 0.2540219287 -0.9997450015 -0.004489543721 -0.02213088074 0.002247318232 0.9553912266 -0.295334647 0.02246956711 -0.2953090723 -0.9551375139 1.939159208e-05 -0.09751870333 0
0.3094630595 0.1549945733 -0.07501694025 -0.004052683064 0.07812846453 0.5019083896 -0.0005193012232 0.01970256491 0.2539762666 -0.999720713 -0.004805013955 -0.02313888099 0.002405359171 0.9533384297 -0.3018941083 0.02350978987 -0.3018654506 -0.9530606169 2.036516595e-05 -0.09977253053 0
0.3164537237 0.1584958475 -0.07671154717 -0.00423668865 0.07985685413 0.501541003 -0.0005429902462 0.02014528113 0.2539295678 -0.9996947378 -0.005134707687 -0.02416745824 0.002570540591 0.9512417562 -0.3084355907 0.02457282202 -0.3084035604 -0.950938179 2.136621137e-05 -0.1020263577 0
0.323444388 0.1619971217 -0.07840615409 -0.004424699979 0.08158281151 0.5011656185 -0.0005672049441 0.02058783861 0.2538818329 -0.9996670006 -0.005478913981 -0.02521644928 0.002743008993 0.9491014075 -0.3149587182 0.02565859923 -0.3149230061 -0.9487703286 2.239506196e-05 -0.1042801849 0
0.3304350522 0.1654983959 -0.08010076101 -0.004616710174 0.08330628449 0.5007822498 -0.0005919450867 0.02103023391 0.2538330623 -0.9996374249 -0.005837919779 -0.02628568756 0.002922909904 0.9469175893 -0.321463117 0.02676705578 -0.3214233932 -0.9465571969 2.345205677e-05 -0.1065340121 0
0.3374257164 0.1689996701 -0.08179536792 -0.004812712211 0.085027221 0.500390911 -0.0006172104391 0.02147246355 0.2537832564 -0.9996059324 -0.00621200986 -0.02737500324 0.003110387859 0.9446905115 -0.3279484151 0.02789812461 -0.3279043281 -0.9442989178 2.453754018e-05 -0.1087878393 0
0.3444163807 0.1725009443 -0.08348997484 -0.005012698918 0.08674556906 0.4999916164 -0.0006430007612 0.02191452408 0.2537324158 -0.9995724434 -0.006601466796 -0.02848422325 0.003305586376 0.9424203878 -0.3344142428 0.02905173724 -0.3343654188 -0.941995628 2.565186178e-05 -0.1110416665 0
0.3514070449 0.1760022184 -0.08518458176 -0.005216662983 0.0884612768 0.4995843806 -0.0006693158081 0.02235641203 0.2536805409 -0.9995368768 -0.007006570914 -0.02961317124 0.003508647946 0.9401074361 -0.3408602323 0.03022782388 -0.3408062742 -0.9396474669 2.679537628e-05 -0.1132954937 0
0.3583977092 0.1795034926 -0.08687918868 -0.005424596945 0.09017429248 0.4991692184 -0.0006961553297 0.02279812396 0.2536276322 -0.9994991499 -0.00742760025 -0.03076166766 0.003719714004 0.9377518784 -0.3472860181 0.03142631334 -0.3472265044 -0.9372545766 2.796844343e-05 -0.1155493209 0
0.3653883734 0.1830047668 -0.08857379559 -0.005636493203 0.09188456443 0.4987461451 -0.000723519071 0.0232396564 0.2535736902 -0.9994591785 -0.007864830511 -0.03192952975 0.003938924917 0.9353539404 -0.3536912369 0.0326471331 -0.3536257211 -0.934817102 2.917142789e-05 -0.1178031481 0
0.3723790376 0.186506041 -0.09026840251 -0.005852344007 0.09359204111 0.4983151762 -0.0007514067722 0.02368100589 0.2535187155 -0.9994168773 -0.00831853503 -0.03311657161 0.004166419963 0.9329138521 -0.3600755274 0.03389020927 -0.3600035368 -0.9323351904 3.040469914e-05 -0.1200569753 0
0.3793697019 0.1900073152 -0.09196300943 -0.006072141469 0.09529667111 0.4978763273 -0.0007798181682 0.02412216899 0.2534627085 -0.9993721592 -0.00878898473 -0.03432260414 0.004402337311 0.9304318473 -0.366438531 0.03515546663 -0.3663595656 -0.9298089921 3.166863142e-05 -0.1223108025 0
0.3872341991 0.1939462486 -0.09386944221 -0.006324121092 0.09721091329 0.4973732233 -0.0008124066315 0.02461825038 0.2533984675 -0.9993188523 -0.009338590546 -0.03570185113 0.004677982198 0.9275897846 -0.3735710214 0.03660529921 -0.373483577 -0.9269142732 3.312767661e-05 -0.1248463581 0
0.3942248634 0.1974475228 -0.09556404913 -0.006552278344 0.09890932385 0.4969176832 -0.0008419299767 0.02505900592 0.2533402689 -0.9992687031 -0.009845512054 -0.03694759689 0.004932250533 0.9250195011 -0.379887609 0.03791743568 -0.3797920331 -0.9242944767 3.445802709e-05 -0.1271001853 0
0.4012155276 0.200948797 -0.09725865605 -0.006784356673 0.1006047278 0.4964543143 -0.0008719761567 0.02549956427 0.2532810398 -0.9992158561 -0.01037000938 -0.03821172249 0.005195365601 0.9224080567 -0.3861818031 0.03925150961 -0.3860775048 -0.9216308801 3.582023745e-05 -0.1293540125 0
0.4082061919 0.2044500712 -0.09895326297 -0.007020347598 0.1022970741 0.4959831335 -0.0009025448861 0.025939922 0.2532207808 -0.9991602187 -0.01091234308 -0.03949402615 0.005467460805 0.9197557012 -0.3924532546 0.04060744027 -0.3923396117 -0.9189236447 3.721470041e-05 -0.1316078397 0
0.4151968561 0.2079513454 -0.1006478699 -0.007260242498 0.1039863121 0.4955041579 -0.0009336358745 0.02638007564 0.2531594923 -0.9991016967 -0.01147277108 -0.04079430306 0.005748668347 0.9170626879 -0.3987016168 0.0419851456 -0.3985779747 -0.9161729343 3.864181295e-05 -0.1338616669 0
0.4221875203 0.2114526196 -0.1023424768 -0.007504032611 0.105672391 0.4950174052 -0.0009652488265 0.02682002176 0.2530971752 -0.9990401947 -0.01205154866 -0.04211234544 0.006039119207 0.9143292742 -0.4049265456 0.04338454221 -0.4047922164 -0.9133789154 4.01019762e-05 -0.1361154941 0
0.4291781846 0.2149538937 -0.1040370837 -0.007751709032 0.1073552603 0.494522893 -0.0009973834417 0.02725975692 0.2530338299 -0.9989756158 -0.0126489284 -0.04344794255 0.006338943128 0.9115557211 -0.4111276994 0.04480554544 -0.4109819607 -0.9105417569 4.15955954e-05 -0.1383693213 0
0.4361688488 0.2184551679 -0.1057316906 -0.008003262717 0.1090348695 0.4940206395 -0.001030039415 0.02769927766 0.252969457 -0.9989078619 -0.01326516016 -0.04480088071 0.006648268598 0.9087422931 -0.417304739 0.04624806927 -0.4171468329 -0.9076616307 4.312307973e-05 -0.1406231485 0
0.443159513 0.2219564421 -0.1074262976 -0.008258684481 0.1107111684 0.4935106629 -0.001063216436 0.02813858056 0.2529040572 -0.9988368337 -0.01390049101 -0.04617094332 0.006967222833 0.9058892588 -0.4234573281 0.0477120264 -0.42328646 -0.9047387111 4.46848423e-05 -0.1428769757 0
0.4501501773 0.2254577163 -0.1091209045 -0.008517965001 0.1123841068 0.4929929819 -0.001096914189 0.02857766218 0.252837631 -0.9987624303 -0.01455516524 -0.04755791093 0.007295931759 0.9029968899 -0.4295851327 0.04919732825 -0.4294004704 -0.9017731749 4.628130006e-05 -0.145130803 0
0.4571408415 0.2289589905 -0.1108155114 -0.008781094812 0.1140536346 0.4924676154 -0.001131132354 0.02901651907 0.2527701792 -0.9986845499 -0.01522942427 -0.04896156123 0.007634519995 0.9000654621 -0.4356878218 0.05070388492 -0.4354884942 -0.8987652015 4.791287366e-05 -0.1473846302 0
0.4641315058 0.2324602647 -0.1125101183 -0.009048064312 0.1157197021 0.4919345826 -0.001165870607 0.02945514781 0.2527017025 -0.998603089 -0.01592350667 -0.05038166909 0.007983110834 0.8970952545 -0.4417650668 0.05223160524 -0.4415501628 -0.8957149732 4.957998744e-05 -0.1496384574 0
0.47112217 0.2359615388 -0.1142047252 -0.009318863758 0.1173822594 0.4913939028 -0.001201128617 0.02989354496 0.2526322013 -0.9985179432 -0.01663764807 -0.05181800659 0.008341826233 0.8940865498 -0.4478165422 0.05378039676 -0.4475851094 -0.8926226743 5.128306931e-05 -0.1518922846 0
0.4781128342 0.239462813 -0.1158993321 -0.009593483272 0.1190412569 0.4908455959 -0.001236906049 0.03033170711 0.2525616765 -0.9984290067 -0.01737208116 -0.05327034306 0.008710786788 0.891039634 -0.4538419249 0.05535016573 -0.4535929689 -0.8894884922 5.30225507e-05 -0.1541461118 0
0.4851034985 0.2429640872 -0.1175939391 -0.009871912835 0.1206966453 0.4902896819 -0.001273202563 0.03076963081 0.2524901286 -0.9983361724 -0.01812703562 -0.05473844509 0.009090111723 0.8879547968 -0.4598408949 0.05694081718 -0.4595733776 -0.8863126164 5.479886644e-05 -0.156399939 0
0.4920941627 0.2464653614 -0.119288546 -0.01015414229 0.1223483751 0.4897261809 -0.001310017814 0.03120731265 0.2524175585 -0.9982393323 -0.01890273815 -0.05622207659 0.009479918873 0.8848323313 -0.4658131349 0.05855225482 -0.4655259735 -0.8830952392 5.661245475e-05 -0.1586537662 0
0.4990848269 0.2499666356 -0.1209831529 -0.01044016135 0.1239963972 0.4891551136 -0.001347351453 0.03164474921 0.2523439667 -0.9981383769 -0.01969941235 -0.05772099879 0.009880324665 0.8816725337 -0.4717583305 0.06018438114 -0.4714503965 -0.8798365552 5.84637571e-05 -0.1609075934 0
0.5060754912 0.2534679098 -0.1226777598 -0.01072995959 0.1256406627 0.4885765008 -0.001385203124 0.03208193706 0.252269354 -0.9980331956 -0.02051727876 -0.05923497028 0.01029144411 0.878475704 -0.4776761703 0.06183709736 -0.4773462881 -0.8765367617 6.035321822e-05 -0.1631614206 0
0.5130661554 0.2569691839 -0.1243723667 -0.01102352644 0.1272811226 0.4879903635 -0.001423572469 0.03251887279 0.2521937211 -0.9979236767 -0.02135655477 -0.06076374707 0.01071339077 0.8752421452 -0.4835663456 0.06351030348 -0.4832132913 -0.8731960584 6.228128593e-05 -0.1654152478 0
0.5200568197 0.2604704581 -0.1260669737 -0.0113208512 0.1289177283 0.4873967232 -0.001462459122 0.03295555299 0.2521170688 -0.9978097074 -0.02221745463 -0.06230708256 0.01114627676 0.8719721636 -0.4894285509 0.06520389821 -0.4890510512 -0.8698146475 6.424841117e-05 -0.167669075 0
0.5270474839 0.2639717323 -0.1277615806 -0.01162192304 0.1305504312 0.4867956014 -0.001501862714 0.03339197424 0.2520393977 -0.9976911736 -0.02310018938 -0.06386472766 0.01159021274 0.8686660689 -0.4952624837 0.06691777908 -0.4948592144 -0.8663927336 6.625504789e-05 -0.1699229022 0
0.5340381481 0.2674730065 -0.1294561875 -0.01192673098 0.1321791828 0.4861870201 -0.001541782871 0.03382813313 0.2519607087 -0.9975679601 -0.02400496685 -0.06543643074 0.01204530786 0.8653241738 -0.5010678445 0.06865184237 -0.5006374295 -0.8629305237 6.830165295e-05 -0.1721767294 0
0.5410288124 0.2709742807 -0.1311507944 -0.01223526393 0.1338039351 0.4855710014 -0.001582219213 0.03426402626 0.2518810024 -0.9974399509 -0.02493199161 -0.06702193771 0.0125116698 0.8619467944 -0.5068443367 0.07040598312 -0.5063853467 -0.8594282275 7.038868615e-05 -0.1744305566 0
0.5480194766 0.2744755549 -0.1328454013 -0.01254751065 0.1354246399 0.4849475678 -0.001623171355 0.03469965023 0.2518002797 -0.9973070286 -0.02588146494 -0.06862099203 0.01298940471 0.8585342499 -0.5125916671 0.07218009518 -0.5121026182 -0.8558860568 7.251661008e-05 -0.1766843838 0
0.5550101408 0.277976829 -0.1345400082 -0.01286345977 0.1370412493 0.484316742 -0.00166463891 0.03513500163 0.2517185413 -0.9971690748 -0.0268535848 -0.07023333477 0.01347861721 0.8550868623 -0.5183095454 0.07397407119 -0.5177888981 -0.8523042261 7.468589011e-05 -0.178938211 0
0.5628746381 0.2819157625 -0.136446441 -0.01322331372 0.1388549801 0.4835982555 -0.001711905496 0.03562444192 0.2516253725 -0.9970077139 -0.02797453149 -0.07206277873 0.01404282888 0.8511673081 -0.5247065967 0.07601590259 -0.5241484897 -0.8482275304 7.717634651e-05 -0.1814737666 0
0.5698653024 0.2854170367 -0.1381410479 -0.01354709208 0.1404627286 0.4829517978 -0.001754466986 0.03605920283 0.2515414784 -0.9968586705 -0.02899541715 -0.07370248883 0.0145567716 0.8476469628 -0.5303609401 0.07785172751 -0.5297677719 -0.8445621447 7.943506569e-05 -0.1837275938 0
0.5768559666 0.2889183109 -0.1398356549 -0.01387453645 0.142066233 0.4822980205 -0.001797542641 0.03649368057 0.2514565712 -0.9967042191 -0.03003954622 -0.07535466306 0.01508250887 0.844092801 -0.535984945 0.07970707314 -0.5353549934 -0.8408577844 8.173661244e-05 -0.185981421 0
0.5838466308 0.292419585 -0.1415302618 -0.01420563492 0.1436654462 0.4816369474 -0.00184113205 0.03692787174 0.2513706515 -0.9965442372 -0.03110710264 -0.07701903292 0.01562013886 0.8405051571 -0.5415783343 0.0815818272 -0.540909816 -0.8371146734 8.408146295e-05 -0.1882352482 0
0.5908372951 0.2959208592 -0.1432248687 -0.01454037544 0.1452603211 0.4809686025 -0.001885234799 0.03736177296 0.2512837204 -0.9963786012 -0.03219826687 -0.07869532768 0.01616975814 0.8368843686 -0.5471408342 0.08347587622 -0.5464319035 -0.8333330384 8.647009588e-05 -0.1904890754 0
0.5978279593 0.2994221334 -0.1449194756 -0.01487874585 0.146850811 0.4802930102 -0.00192985047 0.03779538084 0.2511957785 -0.9962071867 -0.03331321587 -0.08038327445 0.01673146169 0.8332307758 -0.5526721745 0.08538910559 -0.5519209218 -0.8295131082 8.890299234e-05 -0.1927429026 0
0.6048186235 0.3029234076 -0.1466140825 -0.01522073384 0.148436869 0.479610195 -0.001974978639 0.03822869201 0.2511068268 -0.9960298682 -0.03445212307 -0.08208259815 0.01730534283 0.8295447218 -0.5581720879 0.08732139951 -0.5573765386 -0.8256551141 9.138063583e-05 -0.1949967298 0
0.6118092878 0.3064246818 -0.1483086895 -0.01556632697 0.1500184489 0.4789201817 -0.002020618876 0.03866170309 0.251016866 -0.9958465193 -0.03561515835 -0.0837930216 0.01789149327 0.8258265524 -0.5636403107 0.08927264105 -0.5627984238 -0.8217592894 9.390351219e-05 -0.197250557 0
0.618799952 0.309925956 -0.1500032964 -0.01591551269 0.1515955041 0.4782229955 -0.002066770747 0.03909441069 0.2509258972 -0.9956570129 -0.03680248798 -0.08551426553 0.01849000305 0.8220766162 -0.5690765826 0.09124271213 -0.5681862493 -0.8178258699 9.647210953e-05 -0.1995043842 0
0.6257906163 0.3134272302 -0.1516979033 -0.0162682783 0.1531679885 0.4775186617 -0.002113433815 0.03952681146 0.250833921 -0.9954612207 -0.03801427463 -0.08724604863 0.01910096055 0.8182952646 -0.5744806466 0.09323149352 -0.573539689 -0.8138550938 9.908691826e-05 -0.2017582114 0
0.6327812805 0.3169285043 -0.1533925102 -0.01662461099 0.1547358564 0.4768072058 -0.002160607635 0.03995890202 0.2507409385 -0.9952590138 -0.03925067735 -0.08898808759 0.01972445249 0.8144828513 -0.5798522492 0.09523886485 -0.578858419 -0.8098472013 0.000101748431 -0.2040120386 0
0.6397719447 0.3204297785 -0.1550871171 -0.01698449782 0.1562990617 0.4760886536 -0.00220829176 0.04039067901 0.2506469506 -0.9950502624 -0.04051185148 -0.09074009711 0.02036056388 0.810639733 -0.5851911403 0.09726470466 -0.5841421172 -0.8058024349 0.0001044571424 -0.2062658658 0
0.646762609 0.3239310527 -0.156781724 -0.01734792571 0.1578575591 0.4753630314 -0.002256485736 0.04082213907 0.250551958 -0.9948348357 -0.04179794871 -0.09250178997 0.02100937803 0.8067662687 -0.5904970734 0.09930889033 -0.5893904641 -0.8017210395 0.0001072135494 -0.208519693 0
0.6537532732 0.3274323269 -0.158476331 -0.01771488148 0.159411303 0.4746303654 -0.002305189105 0.04125327884 0.2504559618 -0.9946126023 -0.04310911699 -0.09427287705 0.02167097657 0.8028628199 -0.5957698055 0.1013712982 -0.5946031419 -0.797603262 0.000110018151 -0.2107735202 0
0.6607439374 0.3309336011 -0.1601709379 -0.01808535179 0.1609602484 0.4738906823 -0.002354401404 0.04168409497 0.2503589628 -0.9943834299 -0.04444550053 -0.09605306739 0.02234543935 0.7989297508 -0.601009097 0.1034518033 -0.5997798353 -0.7934493516 0.0001128714481 -0.2130273474 0
0.6677346017 0.3344348753 -0.1618655448 -0.01845932322 0.1625043502 0.4731440087 -0.002404122165 0.04211458409 0.2502609621 -0.9941471855 -0.04580723979 -0.09784206817 0.02303284455 0.7949674277 -0.6062147119 0.1055502799 -0.6049202308 -0.7892595598 0.0001157739439 -0.2152811746 0
0.6747252659 0.3379361494 -0.1635601517 -0.01883678218 0.1640435636 0.472390372 -0.002454350916 0.04254474288 0.2501619605 -0.9939037353 -0.04719447143 -0.09963958485 0.02373326855 0.7909762196 -0.6113864179 0.107666601 -0.6100240175 -0.7850341401 0.0001187261432 -0.2175350018 0
0.6817159302 0.3414374236 -0.1652547586 -0.01921771499 0.165577844 0.4716297994 -0.002505087179 0.04297456797 0.250061959 -0.9936529447 -0.0486073283 -0.1014453211 0.024446786 0.7869564976 -0.6165239862 0.1098006384 -0.6150908864 -0.7807733482 0.0001217285531 -0.219788829 0
0.6887065944 0.3449386978 -0.1669493655 -0.01960210784 0.167107147 0.4708623184 -0.002556330472 0.04340405604 0.2499609585 -0.9933946785 -0.05004593942 -0.1032589789 0.02517346979 0.7829086352 -0.6216271916 0.111952263 -0.6201205309 -0.776477442 0.0001247816824 -0.2220426562 0
0.6956972586 0.348439972 -0.1686439725 -0.01998994678 0.1686314284 0.4700879569 -0.002608080309 0.04383320374 0.2498589601 -0.9931288007 -0.05151042994 -0.1050802586 0.02591339101 0.7788330082 -0.6266958126 0.1141213446 -0.6251126467 -0.7721466815 0.0001278860418 -0.2242964834 0
0.7026879229 0.3519412462 -0.1703385794 -0.02038121776 0.1701506442 0.469306743 -0.002660336196 0.04426200773 0.2497559647 -0.9928551749 -0.05300092115 -0.1069088588 0.02666661898 0.7747299943 -0.6317296315 0.116307752 -0.6300669315 -0.7677813286 0.0001310421439 -0.2265503106 0
0.7096785871 0.3554425204 -0.1720331863 -0.0207759066 0.1716647506 0.468518705 -0.002713097638 0.0446904647 0.2496519732 -0.9925736636 -0.05451753044 -0.1087444768 0.02743322122 0.7705999739 -0.636728434 0.1185113528 -0.6349830857 -0.7633816478 0.000134250503 -0.2288041378 0
0.7166692513 0.3589437945 -0.1737277932 -0.021173999 0.173173704 0.4677238714 -0.002766364133 0.04511857131 0.2495469868 -0.992284129 -0.05606037126 -0.110586808 0.02821326342 0.766443329 -0.6416920097 0.1207320136 -0.6398608116 -0.7589479051 0.0001375116353 -0.231057965 0
0.7236599156 0.3624450687 -0.1754224001 -0.02157548054 0.174677461 0.4669222711 -0.002820135174 0.04554632423 0.2494410064 -0.9919864326 -0.05762955315 -0.1124355466 0.0290068095 0.7622604438 -0.6466201518 0.1229696001 -0.6446998141 -0.7544803689 0.0001408260588 -0.2333117922 0
0.7306505798 0.3659463429 -0.1771170071 -0.02198033669 0.1761759785 0.4661139329 -0.00287441025 0.04597372016 0.249334033 -0.9916804353 -0.05922518167 -0.1142903852 0.0298139215 0.7580517048 -0.6515126575 0.1252239768 -0.6494998004 -0.7499793097 0.0001441942931 -0.2355656194 0
0.7385150771 0.3698852764 -0.1790234398 -0.02243981531 0.1778554944 0.4651965353 -0.002936071548 0.04645410972 0.2492125023 -0.9913260922 -0.06105200207 -0.1163839854 0.03073821296 0.7532864534 -0.6569738818 0.1277800504 -0.6548527867 -0.7448758867 0.0001480485265 -0.238101175 0
0.7455057413 0.3733865505 -0.1807180468 -0.02285179369 0.1793427355 0.4643739769 -0.00299141598 0.04688073602 0.2491034223 -0.9910019909 -0.06270416201 -0.1182507593 0.03157435027 0.7490240663 -0.6617900034 0.1300696521 -0.6595689018 -0.7403044978 0.0001515328418 -0.2403550022 0
0.7524964056 0.3768878247 -0.1824126537 -0.02326710048 0.1808246035 0.4635447729 -0.003047262819 0.04730699496 0.2489933526 -0.9906691504 -0.06438307275 -0.1201226636 0.0324242356 0.7447370449 -0.6665698785 0.1323756145 -0.6642451008 -0.7357004436 0.0001550726026 -0.2426088294 0
0.7594870698 0.3803890989 -0.1841072606 -0.02368572066 0.1823010562 0.4627089535 -0.003103611534 0.04773288326 0.2488822942 -0.9903274294 -0.06608882334 -0.1219993853 0.0332879234 0.7404257833 -0.6713133199 0.1346977979 -0.6688811006 -0.731064003 0.0001586683355 -0.2448626566 0
0.766477734 0.3838903731 -0.1858018675 -0.0241076391 0.1837720514 0.4618665487 -0.00316046159 0.0481583976 0.2487702482 -0.9899766859 -0.06782149876 -0.1238806103 0.03416546625 0.7360906775 -0.6760201442 0.1370360617 -0.6734766208 -0.7263954563 0.0001623205685 -0.2471164838 0
0.7734683983 0.3873916473 -0.1874964744 -0.02453284053 0.1852375473 0.461017589 -0.003217812445 0.04858353469 0.2486572157 -0.9896167778 -0.06958117994 -0.1257660229 0.03505691483 0.731732125 -0.6806901718 0.1393902645 -0.6780313832 -0.7216950862 0.0001660298314 -0.249370311 0
0.7804590625 0.3908929215 -0.1891910813 -0.02496130961 0.1866975024 0.4601621052 -0.003275663555 0.04900829125 0.2485431978 -0.9892475622 -0.07136794372 -0.1276553067 0.03596231797 0.7273505251 -0.6853232268 0.1417602639 -0.6825451122 -0.7169631772 0.0001697966554 -0.2516241382 0
0.7874497268 0.3943941956 -0.1908856883 -0.02539303083 0.1881518751 0.4593001281 -0.00333401437 0.04943266397 0.2484281955 -0.9888688959 -0.07318186285 -0.1295481439 0.03688172257 0.7229462789 -0.6899191375 0.1441459163 -0.6870175345 -0.7122000155 0.0001736215732 -0.2538779654 0
0.794440391 0.3978954698 -0.1925802952 -0.02582798862 0.1896006243 0.4584316889 -0.003392864334 0.04985664959 0.24831221 -0.9884806355 -0.07502300594 -0.1314442156 0.03781517367 0.7185197888 -0.6944777359 0.1465470774 -0.6914483796 -0.7074058895 0.0001775051194 -0.2561317926 0
0.8014310552 0.401396744 -0.1942749021 -0.02626616726 0.191043709 0.4575568189 -0.003452212889 0.05028024481 0.2481952424 -0.9880826369 -0.0768914375 -0.1333432021 0.03876271437 0.7140714589 -0.698998858 0.1489636018 -0.6958373793 -0.7025810892 0.0001814478295 -0.2583856198 0
0.8084217195 0.4048980182 -0.195969509 -0.02670755093 0.1924810886 0.4566755497 -0.00351205947 0.05070344636 0.2480772938 -0.9876747557 -0.0787872179 -0.1352447824 0.03972438587 0.7096016948 -0.7034823437 0.1513953435 -0.7001842679 -0.6977259068 0.000185450241 -0.260639447 0
0.8154123837 0.4083992924 -0.1976641159 -0.02715212371 0.1939127225 0.4557879131 -0.003572403507 0.05112625098 0.2479583654 -0.9872568474 -0.08071040333 -0.1371486347 0.04070022747 0.7051109035 -0.7079280368 0.1538421551 -0.7044887824 -0.6928406359 0.0001895128925 -0.2628932742 0
0.8224030479 0.4119005666 -0.1993587229 -0.02759986956 0.1953385705 0.4548939412 -0.003633244428 0.05154865539 0.2478384582 -0.9868287669 -0.08266104584 -0.1390544362 0.04169027652 0.7005994934 -0.7123357851 0.1563038886 -0.7087506624 -0.6879255723 0.0001936363244 -0.2651471014 0
0.8293937122 0.4154018407 -0.2010533298 -0.02805077232 0.1967585925 0.4539936661 -0.003694581653 0.05197065633 0.2477175736 -0.986390369 -0.0846391933 -0.1409618635 0.04269456844 0.6960678742 -0.7167054404 0.158780395 -0.7129696498 -0.6829810134 0.0001978210783 -0.2674009286 0
0.8363843764 0.4189031149 -0.2027479367 -0.02850481574 0.1981727487 0.4530871204 -0.0037564146 0.05239225054 0.2475957125 -0.9859415079 -0.08664488937 -0.142870592 0.04371313673 0.691516457 -0.7210368586 0.1612715244 -0.7171454893 -0.6780072585 0.0002020676971 -0.2696547558 0
0.8433750407 0.4224043891 -0.2044425436 -0.02896198345 0.1995809996 0.4521743367 -0.00381874268 0.05281343477 0.2474728762 -0.985482038 -0.08867817352 -0.1447802966 0.04474601293 0.6869456541 -0.7253298992 0.1637771262 -0.7212779283 -0.6730046085 0.0002063767254 -0.271908583 0
0.8503657049 0.4259056633 -0.2061371505 -0.02942225898 0.2009833059 0.4512553479 -0.003881565301 0.05323420577 0.2473490658 -0.9850118131 -0.09073908101 -0.1466906512 0.04579322665 0.6823558789 -0.7295844261 0.1662970486 -0.7253667167 -0.6679733662 0.0002107487091 -0.2741624102 0
0.8573563691 0.4294069375 -0.2078317574 -0.02988562575 0.2023796285 0.4503301872 -0.003944881865 0.05365456029 0.2472242826 -0.984530687 -0.09282764288 -0.1486013293 0.04685480554 0.6777475462 -0.7338003072 0.1688311391 -0.7294116069 -0.6629138361 0.0002151841953 -0.2764162374 0
0.8643470334 0.4329082117 -0.2095263644 -0.03035206706 0.2037699284 0.4493988878 -0.00400869177 0.05407449509 0.2470985278 -0.9840385131 -0.09494388593 -0.1505120035 0.0479307753 0.6731210717 -0.7379774141 0.1713792445 -0.7334123543 -0.6578263245 0.0002196837327 -0.2786700646 0
0.8713376976 0.4364094858 -0.2112209713 -0.03082156613 0.2051541672 0.4484614832 -0.004072994409 0.05449400693 0.2469718025 -0.9835351449 -0.09708783273 -0.1524223458 0.04902115964 0.6684768721 -0.7421156227 0.1739412104 -0.7373687166 -0.6527111391 0.0002242478711 -0.2809238918 0
0.8783283618 0.43991076 -0.2129155782 -0.03129410607 0.2065323065 0.4475180073 -0.004137789172 0.05491309258 0.246844108 -0.9830204354 -0.0992595016 -0.1543320279 0.05012598035 0.6638153652 -0.7462148129 0.1765168819 -0.7412804545 -0.6475685895 0.0002288771618 -0.283177719 0
0.8853190261 0.4434120342 -0.2146101851 -0.03176966986 0.2079043081 0.4465684938 -0.004203075441 0.05533174881 0.2467154456 -0.9824942379 -0.1014589066 -0.1562407207 0.05124525723 0.6591369698 -0.7502748687 0.179106103 -0.7451473313 -0.642398987 0.0002335721575 -0.2854315462 0
0.8923096903 0.4469133084 -0.216304792 -0.0322482404 0.2092701342 0.4456129771 -0.004268852595 0.0557499724 0.2465858163 -0.9819564052 -0.1036860575 -0.1581480946 0.05237900809 0.6544421055 -0.7542956781 0.1817087171 -0.7489691129 -0.6372026445 0.0002383334119 -0.2876853734 0
0.8993003546 0.4504145826 -0.2179993989 -0.0327298005 0.2106297472 0.4446514915 -0.00433512001 0.05616776013 0.2464552216 -0.9814067901 -0.1059409599 -0.1600538199 0.05352724879 0.6497311928 -0.7582771332 0.1843245667 -0.7527455679 -0.6319798763 0.0002431614804 -0.2899392006 0
0.9062910188 0.4539158568 -0.2196940059 -0.03321433283 0.2119831097 0.4436840714 -0.004401877055 0.05658510878 0.2463236626 -0.9808452457 -0.108223615 -0.1619575661 0.0546899932 0.6450046531 -0.76221913 0.1869534934 -0.756476468 -0.6267309986 0.0002480569193 -0.2921930278 0
0.9141555161 0.4578547902 -0.2216004386 -0.03376296277 0.2134981251 0.4425886737 -0.0044775632 0.05705409719 0.2461745077 -0.9801990653 -0.1108247713 -0.1640965032 0.05601543187 0.6396691421 -0.7666065875 0.1899264692 -0.7606189971 -0.6207951978 0.0002536455113 -0.2947285834 0
0.9211461803 0.4613560644 -0.2232950456 -0.03425375318 0.2148380823 0.4416087587 -0.004545358594 0.05747050215 0.2460409039 -0.9796116819 -0.1131663856 -0.1659949456 0.05720903367 0.6349107969 -0.7704644096 0.1925826556 -0.7642523465 -0.615491894 0.000258685966 -0.2969824106 0
0.9281368445 0.4648573386 -0.2249896525 -0.03474746109 0.216171674 0.4406230187 -0.004613641618 0.05788645803 0.2459063398 -0.9790119088 -0.1155357288 -0.1678903746 0.05841716976 0.6301381458 -0.7742824753 0.1952514195 -0.7678394445 -0.6101634786 0.0002637955383 -0.2992362378 0
0.9351275088 0.4683586128 -0.2266842594 -0.03524406879 0.2174988637 0.4396314889 -0.004682411623 0.05830196162 0.2457708167 -0.9783995988 -0.1179327847 -0.1697824588 0.0596398458 0.6253516128 -0.7780606976 0.1979325992 -0.7713800741 -0.6048102739 0.0002689747899 -0.301490065 0
0.942118173 0.471859887 -0.2283788663 -0.03574355844 0.2188196153 0.438634205 -0.004751667954 0.05871700974 0.245634336 -0.9777746049 -0.1203575325 -0.1716708665 0.06087706549 0.6205516224 -0.7817989939 0.2006260326 -0.7748740209 -0.599432604 0.0002742242838 -0.3037438922 0
0.9491088373 0.4753611611 -0.2300734732 -0.03624591215 0.2201338931 0.4376312027 -0.004821409953 0.05913159919 0.2454968989 -0.9771367798 -0.1228099471 -0.173555266 0.06212883053 0.6157385999 -0.7854972852 0.2033315565 -0.7783210735 -0.5940307943 0.0002795445841 -0.3059977194 0
0.9560995015 0.4788624353 -0.2317680802 -0.03675111189 0.2214416615 0.4366225179 -0.004891636957 0.05954572681 0.2453585068 -0.9764859767 -0.1252899992 -0.1754353254 0.06339514061 0.6109129707 -0.789155497 0.2060490074 -0.7817210234 -0.5886051717 0.0002849362561 -0.3082515466 0
0.9630901657 0.4823637095 -0.2334626871 -0.03725913956 0.2227428853 0.435608187 -0.004962348297 0.0599593894 0.2452191609 -0.9758220485 -0.1277976552 -0.1773107129 0.06467599344 0.6060751607 -0.7927735587 0.2087782207 -0.7850736646 -0.5831560646 0.0002903998665 -0.3105053738 0
0.97008083 0.4858649837 -0.235157294 -0.03776997696 0.2240375293 0.4345882461 -0.0050335433 0.06037258381 0.2450788627 -0.9751448486 -0.1303328771 -0.1791810965 0.06597138475 0.6012255963 -0.7963514041 0.2115190313 -0.7883787944 -0.5776838027 0.0002959359831 -0.312759201 0
0.9770714942 0.4893662579 -0.2368519009 -0.03828360579 0.2253255589 0.4335627318 -0.00510522129 0.06078530686 0.2449376135 -0.9744542303 -0.1328956228 -0.1810461445 0.06728130823 0.5963647039 -0.7998889707 0.2142712733 -0.7916362128 -0.5721887172 0.0003015451748 -0.3150130282 0
0.9840621584 0.4928675321 -0.2385465078 -0.03880000766 0.2266069395 0.4325316808 -0.005177381584 0.0611975554 0.2447954146 -0.9737500473 -0.1354858455 -0.1829055251 0.06860575562 0.5914929105 -0.8033862005 0.2170347801 -0.7948457225 -0.5666711407 0.0003072280118 -0.3172668554 0
