0.006074606388 0.005968665252 0.004379851951 -3.08185865e-06 0.001549015267 0.5099968634 -3.853384317e-07 0.0003857080834 0.2549996111 -0.9999999998 -7.182414818e-08 -1.794775018e-05 3.665625585e-08 0.9999817339 -0.006044161023 1.794785646e-05 -0.006044161023 -0.9999817337 3.622702471e-08 0.005825203095 0
0.01241786437 0.01220129682 0.008953404391 -1.287849901e-05 0.00316647544 0.5099868929 -1.619070158e-06 0.0007899125652 0.2549983659 -0.9999999972 -6.170753935e-07 -7.499820451e-05 3.095863115e-07 0.9999236721 -0.01235515717 7.500010413e-05 -0.01235515716 -0.9999236693 8.237486578e-08 0.01190802784 0
0.01812679656 0.01781066523 0.01306960159 -2.744138984e-05 0.004622084369 0.5099720715 -3.461950474e-06 0.001154406551 0.2549965058 -0.9999999872 -1.920577875e-06 -0.0001597991189 9.615902649e-07 0.9998373699 -0.01803424076 0.0001598077669 -0.01803424068 -0.9998373571 8.114669427e-08 0.01738257011 0
0.02447005454 0.02404329679 0.01764315403 -5.000602402e-05 0.006239251977 0.5099491064 -6.323475882e-06 0.001559585471 0.2549936175 -0.9999999576 -4.725411618e-06 -0.0002911814733 2.364212637e-06 0.9997036658 -0.02434297681 0.0002912102169 -0.02434297647 -0.9997036234 3.304734597e-08 0.02346539485 0
0.03017898673 0.0296526652 0.02175935122 -7.605862035e-05 0.007694493718 0.5099225914 -9.630270989e-06 0.001924235404 0.2549902798 -0.9999999019 -8.864358366e-06 -0.000442852237 4.433717622e-06 0.9995493215 -0.03001922417 0.0004429187542 -0.03001922319 -0.9995492234 4.854994207e-08 0.02893993712 0
0.03652224471 0.03588529677 0.02633290366 -0.0001113873833 0.009311137939 0.5098866355 -1.411633828e-05 0.002329339838 0.2549857517 -0.9999997896 -1.570992129e-05 -0.0006484915811 7.856202911e-06 0.9993400687 -0.03632391809 0.0006486342671 -0.03632391555 -0.9993398583 1.677545756e-07 0.03502276187 0
0.0422311769 0.04149466517 0.03044910086 -0.0001489252227 0.0107658048 0.5098484314 -1.888403773e-05 0.002693872519 0.2549809393 -0.9999996239 -2.428598333e-05 -0.0008669457206 1.214346186e-05 0.9991177903 -0.04199572642 0.0008672008002 -0.04199572115 -0.9991174142 3.017687578e-07 0.04049730414 0
0.04857443488 0.04772729674 0.0350226533 -0.0001970120633 0.01238169491 0.5097994911 -2.499255688e-05 0.00309884408 0.2549747735 -0.9999993418 -3.695001607e-05 -0.00114672482 1.84737268e-05 0.9988331349 -0.04829459873 0.001147171233 -0.04829458813 -0.9988324768 4.780480398e-07 0.04658012888 0
0.05428336707 0.05333666515 0.03913885049 -0.0002460287163 0.01383557929 0.5097496044 -3.122001306e-05 0.003463263796 0.2549684876 -0.9999989736 -5.156112425e-05 -0.001431837806 2.57765177e-05 0.9985430777 -0.05396036802 0.001432533986 -0.05396034955 -0.9985420515 6.604572182e-07 0.05205467115 0
0.06062662505 0.05956929671 0.04371240293 -0.0003068653983 0.01545048472 0.5096876879 -3.895012559e-05 0.003868116666 0.254960685 -0.9999984032 -7.181646279e-05 -0.001785597188 3.589923359e-05 0.9981832188 -0.06025164296 0.001786680209 -0.06025161086 -0.9981816223 8.890159363e-07 0.0581374959 0
0.06633555724 0.06517866512 0.04782860013 -0.0003673524696 0.01690337919 0.5096261272 -4.663675163e-05 0.004232433311 0.2549529263 -0.9999977117 -9.405546064e-05 -0.002137206527 4.701196823e-05 0.9978255855 -0.06590977708 0.002138758528 -0.06590972673 -0.9978232978 1.117797113e-06 0.06361203817 0
0.07267881522 0.07141129669 0.05240215256 -0.0004409285736 0.01851706955 0.5095512451 -5.598790001e-05 0.004637173132 0.2549434875 -0.9999967034 -0.0001236685417 -0.002564744601 6.180757218e-05 0.9973907745 -0.0721916837 0.002566980444 -0.07219160423 -0.9973874788 1.397549801e-06 0.06969486291 0
0.07838774741 0.0770206651 0.05651834976 -0.0005128757041 0.01996876685 0.509478021 -6.513322883e-05 0.00500138748 0.2549342564 -0.9999955399 -0.0001551218425 -0.002982649955 7.752040778e-05 0.996965815 -0.07784059133 0.002985674819 -0.07784047537 -0.9969613564 1.672330342e-06 0.07516940518 0
0.08473100539 0.08325329666 0.0610919022 -0.0005991786295 0.02158101197 0.5093901862 -7.610490132e-05 0.005406011386 0.2549231818 -0.9999939126 -0.0001958512142 -0.00348372316 9.786411758e-05 0.9964563557 -0.08411136464 0.003487851397 -0.08411119356 -0.9964502707 2.003275197e-06 0.08125222993 0
0.09043993758 0.08886266507 0.06520809939 -0.0006825734979 0.02303130508 0.5093053111 -8.670846369e-05 0.005770118318 0.2549124788 -0.9999921004 -0.0002380974635 -0.003967686496 0.0001189620721 0.9959643669 -0.08974946036 0.003973043488 -0.08974922338 -0.9959564709 2.324300999e-06 0.0867267722 0
0.09678319556 0.09509529663 0.06978165183 -0.0007815884656 0.02464187509 0.5092045387 -9.930011915e-05 0.006174618529 0.2548997691 -0.9999896425 -0.0002916923024 -0.004542009481 0.0001457229056 0.9953806151 -0.09600734245 0.004549032794 -0.09600700993 -0.9953702629 2.706904043e-06 0.09280959694 0
0.1024921278 0.100704665 0.07389784903 -0.0008764167912 0.02609055725 0.5091080272 -0.0001113614049 0.006538609635 0.2548875947 -0.999986977 -0.0003463010464 -0.005091755246 0.0001729849775 0.9948219407 -0.1016330477 0.005100585466 -0.1016326049 -0.9948089252 3.074725127e-06 0.09828413921 0
0.1088353857 0.1069372966 0.07847140147 -0.0009881268465 0.02769922258 0.5089943343 -0.0001255724471 0.006942975636 0.2548732504 -0.9999834459 -0.0004144996823 -0.005739001081 0.000207024777 0.9941643041 -0.1078762888 0.005750224703 -0.1078756911 -0.9941477607 3.509711746e-06 0.104366964 0
0.1145443179 0.112546665 0.08258759866 -0.001094372392 0.02914608735 0.508886203 -0.000139090891 0.00730684065 0.2548596051 -0.9999796951 -0.0004830300441 -0.006354216408 0.0002412230701 0.993539334 -0.1134880328 0.006367982068 -0.1134872613 -0.9935190438 3.9250665e-06 0.1098415062 0
0.1208875759 0.1187792966 0.0871611511 -0.001218758408 0.03075261879 0.5087596092 -0.0001549206584 0.007711060354 0.2548436269 -0.9999748178 -0.0005675584937 -0.007074016826 0.0002833955338 0.9928082716 -0.1197148926 0.007091087623 -0.1197138826 -0.9927831096 4.413338893e-06 0.115924331 0
0.1265965081 0.124388665 0.0912773483 -0.001336402984 0.03219746006 0.5086398765 -0.0001698956343 0.008074787923 0.2548285115 -0.9999697223 -0.0006515578583 -0.007754351763 0.0003252943879 0.9921174421 -0.1253111136 0.007774875077 -0.1253098419 -0.9920871911 4.877104959e-06 0.1213988732 0
0.1329397661 0.1306212966 0.09585090074 -0.001473443666 0.03380162883 0.5085004034 -0.000187343396 0.008478848306 0.2548109 -0.9999631954 -0.0007541283687 -0.008546297433 0.000376444107 0.9913134642 -0.1315198619 0.008571242573 -0.1315182385 -0.9912766953 5.41970474e-06 0.127481698 0
0.1386486983 0.136230665 0.09996709793 -0.001602467132 0.03524424087 0.5083690898 -0.0002037742139 0.008842426415 0.2547943151 -0.9999564687 -0.0008551310768 -0.009291365202 0.0004267992357 0.9905572573 -0.1370990078 0.009320866853 -0.1370970053 -0.990513772 5.932875243e-06 0.1329562403 0
0.1449919562 0.1424632965 0.1045406504 -0.001752139021 0.03684581861 0.5082167613 -0.0002228391674 0.00924631387 0.2547750713 -0.9999479589 -0.0009774406808 -0.01015500603 0.0004877607405 0.9896809245 -0.1432879261 0.0101902712 -0.1432854224 -0.9896289436 6.530964132e-06 0.139039065 0
0.1507008884 0.1480726649 0.1086568476 -0.001892519292 0.03828599614 0.5080738893 -0.0002407250725 0.009609730088 0.2547570176 -0.9999392876 -0.001096966734 -0.01096438332 0.0005473183757 0.9888598675 -0.1488484559 0.01100552044 -0.1488454199 -0.9887992311 7.094634572e-06 0.1445136073 0
0.1570441464 0.1543052965 0.1132304 -0.002054796769 0.039884755 0.5079087315 -0.0002614063428 0.01001343064 0.2547361424 -0.999928432 -0.001240695818 -0.01189922878 0.0006189151897 0.987911791 -0.1550158381 0.01194771592 -0.1550121086 -0.9878403202 7.749482993e-06 0.150596432 0
0.1627530786 0.1599146649 0.1173465972 -0.002206509819 0.04132229318 0.5077543256 -0.0002807465146 0.01037667226 0.2547166208 -0.9999174762 -0.001380249595 -0.01277245604 0.0006884112349 0.9870264564 -0.1605562223 0.01282835968 -0.1605517653 -0.986944053 8.364842945e-06 0.1560709743 0
0.1690963366 0.1661472965 0.1219201496 -0.002381365114 0.04291800584 0.5075763667 -0.0003030431536 0.01078017168 0.254694115 -0.9999038824 -0.001547060478 -0.01377797555 0.0007714549387 0.9860072968 -0.1667003762 0.01384307999 -0.1666949825 -0.9859113307 9.077822306e-06 0.162153799 0
0.1748052688 0.1717566649 0.1260363468 -0.002544384981 0.04435270034 0.5074104533 -0.0003238367059 0.01114322582 0.2546731263 -0.999890276 -0.001708129465 -0.01471455735 0.0008516141306 0.9850583013 -0.1722190982 0.01478886939 -0.1722127328 -0.9849487621 9.746149452e-06 0.1676283413 0
0.1811485268 0.1779892965 0.1306098993 -0.002731788173 0.04594514007 0.5072197238 -0.000347747692 0.01154650972 0.254648991 -0.9998735227 -0.001899664997 -0.01579018065 0.0009469034358 0.9839687686 -0.1783383461 0.01587582772 -0.1783307422 -0.9838425202 1.051872628e-05 0.173711166 0
0.1868574589 0.1835986649 0.1347260965 -0.002906086964 0.0473767871 0.5070423313 -0.0003699936725 0.01190936339 0.2546265363 -0.9998568737 -0.002083718532 -0.01678958604 0.001038438516 0.9829567731 -0.183833903 0.01688649543 -0.1838250265 -0.9828139223 1.12413816e-05 0.1791857083 0
0.1925663911 0.1892080333 0.1388422937 -0.003085718114 0.04880691963 0.5068595118 -0.0003929272938 0.01227211752 0.2546033875 -0.9998386392 -0.002279166792 -0.01781855454 0.001135607287 0.9819151786 -0.1893179666 0.01792779638 -0.1893076529 -0.9817541478 1.199026927e-05 0.1846602506 0
0.1989096491 0.1954406648 0.1434158461 -0.003291553889 0.05039412413 0.5066500225 -0.0004192153007 0.01267505735 0.2545768528 -0.9998164019 -0.00251008873 -0.01899636652 0.001250369247 0.9807233345 -0.1953974865 0.01912064495 -0.1953853644 -0.980540137 1.285353622e-05 0.1907430753 0
0.2046185813 0.2010500332 0.1475320433 -0.003482419351 0.05182090994 0.5064557693 -0.0004435998259 0.01303759169 0.2545522395 -0.9997945006 -0.002730651177 -0.02008731224 0.001359940675 0.9796197929 -0.2008561971 0.02022639687 -0.2008422389 -0.9794147681 1.365890085e-05 0.1962176176 0
0.2109618393 0.2072826648 0.1521055957 -0.003700719821 0.05340428339 0.5062335941 -0.0004714993373 0.01344028 0.2545240782 -0.9997679399 -0.00299026915 -0.02133364967 0.001488862873 0.9783595392 -0.206906731 0.02149068648 -0.2068904791 -0.9781280489 1.458577118e-05 0.2023004423 0
0.2166707715 0.2128920332 0.1562217929 -0.003902786952 0.05482752019 0.5060279403 -0.0004973336503 0.01380258138 0.2544980014 -0.9997419173 -0.003237364921 -0.02248595555 0.001611516534 0.9771948178 -0.2123386237 0.02266057685 -0.2123200593 -0.9769374037 1.544916258e-05 0.2077749846 0
0.2230140295 0.2191246648 0.1607953454 -0.004133514785 0.0564068382 0.5057931172 -0.0005268433891 0.01420500352 0.2544682147 -0.9997105147 -0.003527243472 -0.0238001138 0.001755345946 0.9758670304 -0.218358553 0.02399595016 -0.2183371189 -0.9755783397 1.644139769e-05 0.2138578094 0
0.2287229616 0.2247340332 0.1649115426 -0.004346749032 0.05782632438 0.5055760981 -0.0005541263075 0.01456705874 0.2544406758 -0.9996798918 -0.003802269311 -0.0250131287 0.001891746631 0.9746419385 -0.2237621797 0.02522964832 -0.2237378701 -0.9743227547 1.736443568e-05 0.2193323516 0
0.2350662196 0.2309666648 0.169485095 -0.004589864778 0.05940136332 0.5053286672 -0.0005852449233 0.01496920003 0.2544092651 -0.9996431016 -0.004123947441 -0.02639436559 0.002051213369 0.9732475397 -0.2297499053 0.02663572791 -0.2297220484 -0.9728917301 1.842387281e-05 0.2254151764 0
0.2407751518 0.2365760332 0.1736012922 -0.004814229687 0.06081689798 0.5051003199 -0.0006139751985 0.01533099587 0.2543802651 -0.9996073755 -0.004428276519 -0.02766740483 0.002202010301 0.9719629278 -0.2351238358 0.02793288516 -0.2350924443 -0.9715715602 1.94082438e-05 0.2308897186 0
0.2471184098 0.2428086647 0.1781748446 -0.005069691788 0.06238743505 0.5048403235 -0.0006467012673 0.01573284161 0.2543472319 -0.9995646255 -0.004783266385 -0.02911494114 0.002377826756 0.9705028854 -0.2410777788 0.02940927362 -0.24104205 -0.9700689794 2.053679232e-05 0.2369725434 0
0.252827342 0.2484180331 0.1822910418 -0.005305149009 0.06379881805 0.504600687 -0.0006768775848 0.01609436484 0.2543167723 -0.9995232695 -0.005118247133 -0.03044728695 0.002543652829 0.9691596447 -0.2464206015 0.03076952335 -0.2463805726 -0.9686845977 2.158424593e-05 0.2424470857 0
0.2591706 0.2546506647 0.1868645943 -0.005572913804 0.0653646313 0.5043281695 -0.0007112096091 0.01649590032 0.254282118 -0.9994739618 -0.005508032767 -0.03196030704 0.00273651283 0.9676349712 -0.2523392043 0.03231580339 -0.252293924 -0.9671108854 2.278388362e-05 0.2485299104 0
0.2648795322 0.2602600331 0.1909807915 -0.0058194231 0.06677166327 0.5040772847 -0.0007428305881 0.0168571377 0.2542502001 -0.9994264262 -0.005874987732 -0.03335120914 0.002917983858 0.966234033 -0.2576495273 0.03373876112 -0.2575990645 -0.9656626833 2.389622946e-05 0.2540044527 0
0.2712227901 0.2664926647 0.1955543439 -0.006099444837 0.06833253164 0.5037922927 -0.000778766997 0.01725834822 0.2542139263 -0.9993699374 -0.006301023783 -0.0349288615 0.003128561848 0.9646457847 -0.2635312545 0.03535449571 -0.2634744904 -0.9640182843 2.516899899e-05 0.2600872774 0
0.2769317223 0.2721020331 0.1996705411 -0.006356964093 0.06973501406 0.5035302026 -0.0008118311908 0.01761928651 0.2541805517 -0.9993156498 -0.006701248512 -0.03637753762 0.003326275834 0.9631881192 -0.2688077063 0.03683975928 -0.2687447494 -0.962506671 2.634810346e-05 0.2655618197 0
0.2832749803 0.2783346647 0.2042440936 -0.006649194937 0.07129071743 0.5032327848 -0.0008493703403 0.01802015735 0.25414266 -0.9992513317 -0.00716495901 -0.03801893553 0.003555226059 0.9615373958 -0.2746510458 0.03852449174 -0.2745805891 -0.9607920501 2.769610884e-05 0.2716446444 0
0.2889839125 0.2839440331 0.2083602907 -0.006917680167 0.07268845263 0.5029595341 -0.0008838762361 0.01838078332 0.2541078301 -0.9991896979 -0.007599720945 -0.03952457199 0.003769762472 0.9600240115 -0.2798922761 0.04007164135 -0.279814477 -0.9592174529 2.894389204e-05 0.2771191867 0
0.2953271705 0.2901766646 0.2129338432 -0.00722207021 0.07423877187 0.5026497413 -0.0009230164088 0.01878129978 0.2540683223 -0.9991168781 -0.008102498094 -0.04122879417 0.004017718195 0.9583119546 -0.2856957396 0.04182489551 -0.2856090811 -0.9574330947 3.03692953e-05 0.2832020114 0
0.3010361027 0.295786033 0.2170500404 -0.007501475568 0.07563156308 0.5023653766 -0.0009589624281 0.0191416002 0.2540320387 -0.9990472823 -0.008573035498 -0.04279054649 0.004249637267 0.9567438978 -0.2909004203 0.04343349387 -0.2908051186 -0.9557959587 3.168772803e-05 0.2886765537 0
0.3073793606 0.3020186646 0.2216235928 -0.007817972838 0.07717628007 0.5020432616 -0.0009997018335 0.01954174758 0.2539909167 -0.9989652648 -0.009116238493 -0.04455663779 0.004517209991 0.9549716903 -0.2966625449 0.04525477421 -0.2965568494 -0.9539423675 3.319274589e-05 0.2947593785 0
0.3130882928 0.307628033 0.22573979 -0.008108250625 0.07856393147 0.5017478316 -0.001037086332 0.01990170922 0.253953181 -0.9988870702 -0.009623759397 -0.0461736313 0.00476705203 0.9533500439 -0.3018293707 0.04692436667 -0.3017135679 -0.9522431553 3.458384675e-05 0.3002339207 0
0.3194315508 0.3138606646 0.2303133425 -0.0084368011 0.08010282917 0.5014134495 -0.001079423106 0.02030147284 0.2539104466 -0.9987951363 -0.01020871326 -0.04800060335 0.005054830747 0.951518909 -0.307548719 0.04881315842 -0.3074207996 -0.950320855 3.617074747e-05 0.3063167455 0
0.325140483 0.319470033 0.2344295397 -0.008737901774 0.0814851459 0.5011070044 -0.001118244374 0.02066108249 0.2538712606 -0.998707686 -0.01075439444 -0.04967193386 0.005323115468 0.9498447916 -0.3126764084 0.05054327309 -0.3125367417 -0.9485600469 3.763658006e-05 0.3117912877 0
0.331483741 0.3257026645 0.2390030921 -0.009078449388 0.08301800837 0.5007604122 -0.001162176581 0.02106044768 0.2538269156 -0.9986050946 -0.01138238891 -0.05155876585 0.005631665923 0.9479559917 -0.3183515699 0.05249904239 -0.3181978613 -0.946569581 3.930768038e-05 0.3178741125 0
0.3371926732 0.331312033 0.2431192893 -0.009390321576 0.08439479659 0.5004430044 -0.001202432841 0.02141969214 0.2537862811 -0.9985077118 -0.01196737486 -0.05328350026 0.005918891795 0.9462305569 -0.3234388657 0.05428919028 -0.323271581 -0.9447476746 4.085035058e-05 0.3233486548 0
0.3435359312 0.3375446645 0.2476928417 -0.009742808235 0.08592140902 0.5000842613 -0.001247958471 0.02181864424 0.2537403277 -0.9983937004 -0.01263966329 -0.05522913969 0.006248755773 0.9442853929 -0.3290684576 0.05631138437 -0.3288849885 -0.9426896055 4.260801277e-05 0.3294314795 0
0.3492448633 0.3431540329 0.2518090389 -0.01006539874 0.08729247595 0.4997559449 -0.001289647884 0.02217751033 0.2536982465 -0.9982856895 -0.01326506528 -0.05700631673 0.006555399385 0.9425098282 -0.3341141279 0.05816105951 -0.3339150517 -0.9408071159 4.422966617e-05 0.3349060218 0
0.3555881213 0.3493866645 0.2563825914 -0.01042976433 0.08881262473 0.499385112 -0.001336764855 0.0225760347 0.2536506868 -0.9981594748 -0.01398286353 -0.05900968014 0.006907094016 0.940509638 -0.3396967956 0.06024910684 -0.3394791605 -0.9386820253 4.607629523e-05 0.3409888465 0
0.3612970535 0.3549960329 0.2604987886 -0.01076301816 0.09017777866 0.4990459431 -0.001379885513 0.02293450925 0.2536071608 -0.9980401217 -0.01464975866 -0.06083831105 0.007233609463 0.9386851639 -0.3446996343 0.06215778643 -0.3444641456 -0.9367394846 4.777911464e-05 0.3464633888 0
0.3676403115 0.3612286645 0.265072341 -0.01113920056 0.0916912514 0.4986630836 -0.00142859167 0.02333259126 0.2535579969 -0.9979009003 -0.0154142441 -0.06289828485 0.007607626548 0.9366313215 -0.3502340526 0.06431109684 -0.3499773831 -0.9345479732 4.971715559e-05 0.3525462135 0
0.3733492437 0.3668380329 0.2691885382 -0.01148306089 0.09305030175 0.4983131199 -0.001473141601 0.02369066112 0.2535130281 -0.9977694731 -0.01612367433 -0.06477735411 0.007954444836 0.9347591906 -0.3551928805 0.06627824143 -0.3549158811 -0.9325459303 5.150335867e-05 0.3580207558 0
0.3796925017 0.3730706644 0.2737620906 -0.01187099599 0.09455688734 0.4979182991 -0.001523434716 0.02408828618 0.2534622622 -0.9976164225 -0.01693598485 -0.06689279539 0.0083512502 0.9326531051 -0.360677754 0.0684962063 -0.3603766891 -0.9302886174 5.353529399e-05 0.3641035805 0
0.3854014339 0.3786800329 0.2778782878 -0.01222540424 0.09590964467 0.4975576003 -0.001569411884 0.0244459382 0.2534158528 -0.9974721724 -0.01768895614 -0.06882126147 0.008718778667 0.9307346009 -0.365591419 0.0705212599 -0.3652673043 -0.9282276382 5.540713101e-05 0.3695781228 0
0.3917446918 0.3849126644 0.2824518403 -0.01262502595 0.09740913329 0.4971508855 -0.001621289658 0.02484309172 0.2533634872 -0.9973044513 -0.01855018911 -0.07099099882 0.009138811528 0.9285777151 -0.3710254832 0.07280325235 -0.3706741393 -0.925905162 5.75354782e-05 0.3756609476 0
0.397453624 0.3905220328 0.2865680375 -0.01298992174 0.09875540938 0.496779513 -0.001668691958 0.02520031281 0.2533156391 -0.9971466134 -0.01934767059 -0.07296779492 0.009527433294 0.9266141511 -0.3758928612 0.0748856426 -0.3755154893 -0.923785829 5.949522987e-05 0.3811354898 0
0.4031625562 0.3961314012 0.2906842347 -0.01335976374 0.1000985501 0.4964031064 -0.00171676857 0.02555732519 0.2532671104 -0.9969820675 -0.02016656328 -0.07496710477 0.009926173238 0.9246297097 -0.3807379297 0.07699498787 -0.3803330248 -0.9216390628 6.149742963e-05 0.3866100321 0
0.4095058142 0.4023640328 0.2952577871 -0.01377648321 0.1015872004 0.4959789904 -0.001770977285 0.02595375728 0.2532123918 -0.9967911564 -0.02110180505 -0.07721466419 0.01038117909 0.9224006591 -0.3860948785 0.07937015599 -0.3856575397 -0.919221758 6.37725146e-05 0.3926928568 0
0.4152147464 0.4079734012 0.2993739843 -0.01415672058 0.1029235847 0.495592004 -0.001820475813 0.02631031943 0.2531624277 -0.9966118669 -0.02196656713 -0.07926068757 0.01080153165 0.9203731458 -0.390892056 0.08153596495 -0.3904237985 -0.9170175265 6.586604132e-05 0.3981673991 0
0.4215580044 0.4142060328 0.3039475367 -0.01458495474 0.1044046249 0.4951561688 -0.001876263188 0.026706244 0.2531061155 -0.9964041303 -0.02295326605 -0.08155952855 0.01128073335 0.9180970021 -0.396195204 0.08397353258 -0.395690589 -0.9145367153 6.824390153e-05 0.4042502239 0
0.4272669366 0.4198154012 0.3080637339 -0.01497552276 0.1057340677 0.4947586684 -0.001927181369 0.02706234287 0.2530547183 -0.996209295 -0.02386477195 -0.0836511396 0.0117230195 0.9160277998 -0.4009434384 0.08619519308 -0.400404224 -0.9122756415 7.043110279e-05 0.4097247661 0
0.4336101945 0.4260480327 0.3126372864 -0.01541519876 0.1072072928 0.4943111884 -0.001984544852 0.02745774542 0.2529968151 -0.9959838338 -0.02490387767 -0.08599999858 0.01222675929 0.9137061143 -0.4061916333 0.08869447128 -0.4056118015 -0.909732025 7.291436014e-05 0.4158075909 0
0.4393191267 0.4316574012 0.3167534836 -0.015816031 0.1085296102 0.4939032415 -0.002036880359 0.02781336796 0.2529439871 -0.9957726367 -0.02586296217 -0.08813604895 0.01269127398 0.911596632 -0.4108899026 0.09097135539 -0.4102714805 -0.907414748 7.519760736e-05 0.4212821331 0
0.4456623847 0.4378900327 0.321327036 -0.01626707405 0.1099948168 0.4934441927 -0.002095817327 0.02820823402 0.2528844954 -0.995528537 -0.02695537992 -0.09053363788 0.01321986498 0.9092309843 -0.4160820259 0.09353163777 -0.415418373 -0.9048090451 7.778890932e-05 0.4273649579 0
0.4513713169 0.4434994011 0.3254432332 -0.01667810234 0.1113098264 0.4930258688 -0.002149567767 0.0285633672 0.2528302391 -0.9953001493 -0.02796283748 -0.09271295761 0.01370687676 0.907082656 -0.420729339 0.09586310196 -0.420022779 -0.9024362198 8.017059613e-05 0.4328395001 0
0.4577145749 0.4497320327 0.3300167856 -0.01714043576 0.1127668124 0.4925553292 -0.002210075526 0.02895768232 0.2527691617 -0.9950364832 -0.02910942726 -0.09515796485 0.01426060246 0.9046746529 -0.4258643066 0.09848366488 -0.4251075319 -0.8997691671 8.287261395e-05 0.4389223249 0
0.4634235071 0.4553414011 0.3341329828 -0.01756159024 0.1140743331 0.4921266994 -0.002265238442 0.02931231317 0.2527134795 -0.994790064 -0.03016601129 -0.0973793632 0.01477035296 0.9024889364 -0.4304597035 0.1008690502 -0.4296553635 -0.8973414642 8.535515463e-05 0.4443968672 0
0.469766765 0.4615740327 0.3387065353 -0.01803513546 0.1155228981 0.491644749 -0.002327314227 0.02970606292 0.2526508192 -0.9945058908 -0.03136758717 -0.09987045453 0.01534946675 0.9000402104 -0.4355364664 0.103549153 -0.4346765397 -0.8946138154 8.817058169e-05 0.4504796919 0
0.4754756972 0.4671834011 0.3428227325 -0.01846634458 0.1168227503 0.4912058861 -0.002383887097 0.03006017846 0.2525937137 -0.9942405876 -0.03247400938 -0.1021327208 0.01588217035 0.8978185863 -0.4400790188 0.1059877852 -0.4391665115 -0.892131921 9.075640966e-05 0.4559542342 0
0.4818189552 0.4734160326 0.3473962849 -0.01895102115 0.1182626954 0.4907126067 -0.00244752807 0.03045334846 0.2525294733 -0.9939349543 -0.03373133875 -0.1046685404 0.01648689509 0.8953307944 -0.4450965635 0.1087266704 -0.4441226918 -0.8893444472 9.368795984e-05 0.4620370589 0
0.4875278874 0.479025401 0.3515124821 -0.01939221167 0.1195547009 0.4902635853 -0.002505508308 0.03080693575 0.252470947 -0.9936499045 -0.03488826857 -0.106970445 0.01704273846 0.8930747646 -0.4495853756 0.1112178603 -0.4485535348 -0.8868090629 9.637952633e-05 0.4675116012 0
0.4938711454 0.4852580326 0.3560860345 -0.01988793731 0.120985829 0.4897590607 -0.002570711561 0.03119951163 0.2524051295 -0.9933218469 -0.03620207145 -0.1095496162 0.01767326605 0.8905495871 -0.4545427248 0.1140147537 -0.4534433184 -0.8839625518 9.942993255e-05 0.4735944259 0
0.4995800776 0.490867401 0.3602022317 -0.02033903434 0.1222698109 0.4892999569 -0.002630096518 0.03155255776 0.2523451851 -0.9930161779 -0.03741013539 -0.1118899113 0.01825240784 0.8882606736 -0.4589769333 0.1165577972 -0.4578137803 -0.881374394 0.0001022297053 0.4790689682 0
0.5059233356 0.4971000326 0.3647757842 -0.02084572492 0.1236919265 0.4887842728 -0.00269685907 0.03194452518 0.2522777935 -0.9926647217 -0.03878108386 -0.1145110381 0.01890889883 0.8856998125 -0.4638731461 0.1194119083 -0.4626357852 -0.8784696503 0.0001054017181 0.4851517929 0
0.5116322677 0.502709401 0.3688919814 -0.02130665192 0.1249677097 0.4883151646 -0.002757646031 0.03229701726 0.2522164337 -0.9923375521 -0.040040865 -0.1168884585 0.0195114693 0.8833795566 -0.4682519211 0.1220060866 -0.4669446307 -0.8758294507 0.0001083121801 0.4906263352 0
0.5179755257 0.5089420326 0.3734655338 -0.02182422148 0.1263806189 0.4877884084 -0.002825964832 0.03268836193 0.252147471 -0.9919617135 -0.04146958254 -0.1195501261 0.02019405252 0.8807847342 -0.473086094 0.1249166088 -0.4716974939 -0.8728672952 0.0001116085665 0.49670916 0
0.5236844579 0.514551401 0.377581731 -0.02229490028 0.1276480298 0.4873093752 -0.002888151021 0.0330402871 0.2520846987 -0.9916121542 -0.04278161997 -0.1219633906 0.02082015324 0.8784346947 -0.4774086389 0.1275611887 -0.4759435053 -0.8701758 0.0001146322149 0.5021837022 0
0.5300277159 0.5207840325 0.3821552834 -0.02282326106 0.1290515405 0.4867716363 -0.002958022948 0.03343099473 0.252014168 -0.991210941 -0.04426868098 -0.1246641665 0.02152892547 0.8758076523 -0.4821799057 0.1305272994 -0.4806258836 -0.86715707 0.0001180557568 0.508266527 0
0.5357366481 0.5263934009 0.3862714806 -0.02330361188 0.1303104069 0.4862827594 -0.003021605522 0.03378234016 0.251949986 -0.9908380955 -0.04563346935 -0.1271119783 0.02217862901 0.8734294045 -0.4864454581 0.1332215334 -0.4848078607 -0.8644150399 0.0001211951019 0.5137410692 0
0.5420799061 0.5326260325 0.3908450331 -0.02384267436 0.1317043289 0.4857341288 -0.003093027384 0.03417239653 0.2518778906 -0.9904105081 -0.04717939855 -0.1298504135 0.02291365468 0.8707719013 -0.4911529907 0.1362423942 -0.4894184306 -0.8613405887 0.0001247485955 0.519823894 0
0.5477888383 0.5382354009 0.3949612303 -0.02433261582 0.1329544803 0.4852354911 -0.003158003438 0.03452314942 0.2518123018 -0.9900134738 -0.04859738764 -0.1323314614 0.02358700438 0.8683670357 -0.4953608225 0.1389855208 -0.4935351915 -0.8585487987 0.0001280061597 0.5252984363 0
0.5541320962 0.5444680325 0.3995347827 -0.02488228868 0.134338625 0.4846760618 -0.003230971971 0.03491254032 0.251738645 -0.9895585061 -0.05020265965 -0.1351060916 0.02434831527 0.8656808467 -0.5000038312 0.1420602779 -0.49807265 -0.8554194952 0.0001316924138 0.531381261 0
0.5598410284 0.5500774009 0.4036509799 -0.0253817378 0.1355798927 0.4841677477 -0.003297338538 0.0352626879 0.2516716523 -0.989136375 -0.05167425392 -0.1376190509 0.02504532495 0.8632509677 -0.504153249 0.1448515219 -0.502123031 -0.8525787344 0.0001350707306 0.5368558033 0
0.5661842864 0.5563100325 0.4082245323 -0.025941928 0.1369540735 0.4835976144 -0.003371850408 0.03565139915 0.2515964374 -0.9886530156 -0.05333929283 -0.1404283969 0.02583291997 0.8605378827 -0.5087309826 0.1479793062 -0.5065860956 -0.8493954631 0.0001388925663 0.542938628 0
0.5718932186 0.5619194009 0.4123407295 -0.02645080026 0.1381862903 0.4830797099 -0.003439604455 0.03600092868 0.2515280439 -0.9882048751 -0.05486485109 -0.1429719305 0.02655357376 0.8580846073 -0.512821328 0.1508178786 -0.5105689521 -0.8465065343 0.0001423941796 0.5484131703 0
0.5782364766 0.5681520324 0.416914282 -0.027021413 0.1395503223 0.482498969 -0.003515656259 0.03638894615 0.2514512743 -0.9876921079 -0.05659003006 -0.1458145 0.02736741867 0.8553464295 -0.5173330745 0.1539978062 -0.5149563614 -0.8432701949 0.0001463544287 0.554495995 0
0.5839454088 0.5737614008 0.4210304792 -0.02753962233 0.1407733228 0.4819715617 -0.003584794692 0.03673784493 0.2513814833 -0.9872170421 -0.05816986509 -0.1483872589 0.0281116708 0.8528713859 -0.5213637243 0.1568829047 -0.5188705675 -0.8403339148 0.000149981892 0.5599705373 0
0.5902886668 0.5799940324 0.4256040316 -0.02812056112 0.1421270233 0.4813803115 -0.003662382957 0.03712515451 0.2513031625 -0.9866738476 -0.05995550598 -0.1512615473 0.02895169809 0.8501099301 -0.5258088111 0.1601140767 -0.5231810815 -0.837045422 0.0001540833967 0.566053362 0
0.5959975989 0.5856034008 0.4297202288 -0.02864801991 0.1433406437 0.4808434906 -0.003732902617 0.03747340986 0.2512319769 -0.9861709376 -0.0615898843 -0.1538621722 0.02971947274 0.8476147567 -0.5297791778 0.1630448859 -0.5270255311 -0.8340626204 0.0001578392721 0.5715279043 0
0.6023408569 0.5918360324 0.4342937813 -0.02923918657 0.1446838316 0.480241831 -0.003812023799 0.03785999749 0.2511521085 -0.9855962939 -0.0634362574 -0.1567666634 0.03058558138 0.8448318481 -0.5341569719 0.1663263892 -0.5312579314 -0.8307229036 0.0001620848837 0.5776107291 0
0.6080497891 0.5974454008 0.4384099784 -0.02977580569 0.1458879101 0.4796956871 -0.003883921466 0.03820759678 0.2510795317 -0.985064619 -0.06512539895 -0.1593937853 0.03137677253 0.8423181916 -0.5380665035 0.1693020807 -0.5350315378 -0.8276944237 0.0001659717414 0.5830852713 0
0.6137587213 0.6030547692 0.4425261756 -0.03031673238 0.1470874126 0.4791451592 -0.003956470732 0.03855488089 0.251006297 -0.9845189971 -0.06684054429 -0.162032978 0.03217900999 0.8397963569 -0.5419470363 0.1722987395 -0.5387712135 -0.8246446046 0.0001699215426 0.5885598136 0
0.6201019793 0.6092874008 0.4470997281 -0.0309227892 0.1484147829 0.4785283451 -0.004037844343 0.03894037904 0.2509241545 -0.9838961414 -0.06877680064 -0.1649791945 0.03308329925 0.836985179 -0.5462245925 0.1756527205 -0.542886325 -0.8212311245 0.0001743847377 0.5946426383 0
0.6258109115 0.6148967692 0.4512159253 -0.03147274218 0.1496045081 0.4779686307 -0.004111766756 0.03928698851 0.2508495335 -0.9833203967 -0.07054694804 -0.1676428511 0.03390874171 0.8344473011 -0.5500435428 0.1786930179 -0.5465535928 -0.8181368929 0.0001784693223 0.6001171806 0
0.6321541695 0.6211294007 0.4557894777 -0.03208877685 0.150920927 0.4773416617 -0.00419466422 0.03967173008 0.2507658525 -0.9826635594 -0.07254438196 -0.1706154791 0.03483871785 0.8316192203 -0.554252412 0.1820950104 -0.5505876725 -0.8146745498 0.0001830837133 0.6062000054 0
0.6378631016 0.6267387691 0.4599056749 -0.03264766332 0.1521007174 0.4767728553 -0.004269956404 0.04001765235 0.2506898485 -0.9820567707 -0.07436963534 -0.1733022111 0.0356871842 0.8290669616 -0.5580093172 0.185178087 -0.554181496 -0.8115367801 0.0001873056687 0.6116745476 0
0.6442063596 0.6329714007 0.4644792274 -0.03327357194 0.1534060109 0.4761358371 -0.004354373936 0.04040162341 0.2506046327 -0.9813649289 -0.07642833612 -0.1762997042 0.03664262905 0.8262238274 -0.5621490058 0.1886271296 -0.5581334038 -0.8080265525 0.000192074134 0.6177573724 0
0.6499152918 0.6385807691 0.4685954245 -0.03384129767 0.154575711 0.4755580344 -0.004431032455 0.04074684597 0.2505272492 -0.9807261766 -0.07830875227 -0.1790081166 0.03751390771 0.8236588544 -0.5658434398 0.191752114 -0.5616527672 -0.8048461318 0.0001964360536 0.6232319146 0
0.6562585498 0.6448134007 0.473168977 -0.03447697475 0.1558697074 0.4749110744 -0.0045169662 0.04113003263 0.2504405026 -0.9799983095 -0.08042875676 -0.182028922 0.03849456925 0.8208025201 -0.5699134944 0.1952472318 -0.565521386 -0.8012890118 0.0002013614777 0.6293147394 0
0.661967482 0.6504227691 0.4772851742 -0.03505344408 0.1570291634 0.474324373 -0.004594987555 0.04147454299 0.2503617431 -0.979326676 -0.08236434523 -0.1847576149 0.03938841817 0.8182265017 -0.5735450675 0.1984132408 -0.5689652947 -0.7980668388 0.0002058659604 0.6347892817 0
0.66831074 0.6566554007 0.4818587266 -0.03569878252 0.1583116931 0.4736675801 -0.004682433592 0.04185693139 0.2502734696 -0.9785617659 -0.08454563777 -0.1878001745 0.04039401053 0.8153588226 -0.5775450756 0.2019534459 -0.5727495312 -0.7944638319 0.0002109512338 0.6408721064 0
0.6740196721 0.6622647691 0.4859749238 -0.03628389838 0.1594607533 0.4730720787 -0.004761814221 0.0422007171 0.2501933377 -0.9778563369 -0.08653636081 -0.1905477435 0.04131015717 0.8127734291 -0.5811134347 0.2051595847 -0.5761170118 -0.7912008174 0.0002156008833 0.6463466487 0
0.6803629301 0.6684974006 0.4905484763 -0.03693878956 0.1607316486 0.4724055635 -0.004850768558 0.04258229343 0.2501035413 -0.97705337 -0.08877887321 -0.1936104951 0.04234036063 0.8098962612 -0.585043024 0.2087438765 -0.5798157964 -0.7875529419 0.0002208489016 0.6524294734 0
0.6860718623 0.674106769 0.4946646735 -0.03753245348 0.1618701634 0.4718013623 -0.004931504839 0.04292534208 0.2500220405 -0.9763132355 -0.09082464578 -0.1963755329 0.04327850205 0.8073031627 -0.5885478526 0.211989239 -0.5831058971 -0.7842500082 0.0002256463262 0.6579040157 0
0.6924151203 0.6803394006 0.4992382259 -0.03819678722 0.163129259 0.4711252369 -0.005021963417 0.04330609258 0.2499307253 -0.9754712032 -0.09312825729 -0.1994569112 0.04433296311 0.8044183611 -0.5924066919 0.2156166045 -0.5867181844 -0.780558295 0.0002310599898 0.6639868404 0
0.6981240525 0.685948769 0.5033544231 -0.03879889936 0.1642570804 0.4705124375 -0.005104051665 0.0436483918 0.2498478595 -0.9746954579 -0.09522894712 -0.2022380081 0.04529276599 0.8018192264 -0.59584771 0.2189002733 -0.5899299753 -0.7772163756 0.0002360078018 0.6694613827 0
0.7044673105 0.6921814006 0.5079279755 -0.03947256399 0.1655042132 0.4698268157 -0.005196010357 0.04402830274 0.2497550296 -0.9738133577 -0.09759348451 -0.2053364462 0.04637109745 0.7989286439 -0.5996355087 0.2225696872 -0.5934547445 -0.7734818683 0.0002415900153 0.6755442074 0
0.7101762427 0.697790769 0.5120441727 -0.04008302317 0.1666211954 0.4692055211 -0.005279446826 0.0443698402 0.2496708024 -0.9730011025 -0.09974891211 -0.2081321912 0.04735219818 0.7963251389 -0.6030124729 0.2258907343 -0.5965873178 -0.7701019078 0.0002466908305 0.6810187497 0
0.7165195006 0.7040234006 0.5166177252 -0.04076590552 0.1678562046 0.4685105179 -0.005372901436 0.0447488979 0.249576462 -0.972077939 -0.1021741498 -0.2112461211 0.04845397928 0.7934306243 -0.6067289809 0.2296011595 -0.6000235725 -0.7663256619 0.0002524445024 0.6871015745 0
0.7222284328 0.709632769 0.5207339224 -0.04138460921 0.1689622039 0.4678808325 -0.005457682321 0.04508966129 0.2494908774 -0.9712282815 -0.1043840886 -0.2140551033 0.04945598411 0.7908244107 -0.6100416847 0.2329586462 -0.6030760429 -0.7629086156 0.0002577009401 0.6925761167 0
0.7285716908 0.7158654005 0.5253074748 -0.04207659463 0.1701849308 0.4671765647 -0.005552628585 0.04546785211 0.2493950308 -0.9702630673 -0.1068697487 -0.2171829574 0.05058076063 0.7879278076 -0.6136866926 0.2367090341 -0.6064228119 -0.7590916983 0.0002636289822 0.6986589415 0
0.734280623 0.7214747689 0.529423672 -0.04270343902 0.1712798054 0.4665385941 -0.005638750019 0.04580782919 0.2493080926 -0.969375123 -0.1091339253 -0.2200037663 0.05160324577 0.7853205417 -0.6169349656 0.2401020114 -0.6093943166 -0.755638532 0.0002690436645 0.7041334837 0
0.740623881 0.7277074005 0.5339972244 -0.04340441143 0.1724900938 0.4658251797 -0.005735183607 0.04618513954 0.2492107442 -0.9683668801 -0.111679678 -0.2231439785 0.05275053024 0.7824236867 -0.6205083045 0.2438913019 -0.6126506541 -0.7517820222 0.0002751489916 0.7102163085 0
0.7463328132 0.7333167689 0.5381134216 -0.0440392914 0.1735737042 0.4651790309 -0.00582264166 0.0465243181 0.2491224562 -0.967439773 -0.1139977719 -0.2259752057 0.05379304207 0.7798170179 -0.6236920131 0.2473188109 -0.6155403533 -0.7482937118 0.000280724543 0.7156908508 0
0.7526760712 0.7395494005 0.5426869741 -0.04474913329 0.1747714 0.4644565896 -0.005920558174 0.04690073443 0.2490236104 -0.9663875332 -0.1166032355 -0.2291262123 0.05496231395 0.7769217394 -0.6271935546 0.2511459331 -0.6187053389 -0.7443986995 0.0002870100726 0.7217736755 0
0.7583850033 0.7451587689 0.5468031713 -0.04539194246 0.1758436086 0.4638023709 -0.006009348859 0.04723910229 0.2489339768 -0.9654203971 -0.1189748801 -0.231966452 0.05602436918 0.7743173088 -0.6303126013 0.254607005 -0.6215124159 -0.7408762311 0.0002927491199 0.7272482178 0
0.7647282613 0.7513914004 0.5513767237 -0.04611053494 0.1770285604 0.4630710237 -0.006108743833 0.0476146111 0.248833638 -0.9643232035 -0.1216396212 -0.2351266929 0.05721507511 0.7714254252 -0.6337422572 0.2584708771 -0.624585155 -0.7369438172 0.0002992177718 0.7333310425 0
0.7704371935 0.7570007689 0.5554929209 -0.04676116567 0.1780892318 0.4624088446 -0.006198863101 0.04795215613 0.2487426628 -0.9633151824 -0.1240644035 -0.237974543 0.05829616103 0.7688248647 -0.6367965806 0.2619645337 -0.6273088165 -0.7333881863 0.0003051229436 0.7388055848 0
0.7767804515 0.7632334004 0.5600664733 -0.04748838847 0.1792612902 0.4616687139 -0.006299732004 0.04832674397 0.2486408356 -0.9621720903 -0.1267879377 -0.2411424629 0.05950771507 0.7659381831 -0.6401543028 0.2658640638 -0.6302884407 -0.7294194823 0.0003117776394 0.7448884095 0
0.7824893837 0.7688427688 0.5641826705 -0.04814673191 0.1803102913 0.4609986852 -0.006391175746 0.04866345409 0.2485485229 -0.9611223398 -0.1292653985 -0.2439965261 0.06060728978 0.7633431135 -0.6431438777 0.2693893176 -0.6329279167 -0.7258316939 0.000317851566 0.7503629518 0
0.7888326417 0.7750754004 0.568756223 -0.04888246341 0.1814693095 0.4602498948 -0.00649351398 0.04903710755 0.248445212 -0.9599324175 -0.1320471903 -0.2471705755 0.06183907375 0.7604634285 -0.6464296581 0.2733234034 -0.6358135839 -0.7218278214 0.0003246952289 0.7564457765 0
0.7945415739 0.7806847688 0.5728724202 -0.0495484095 0.1825065092 0.4595721284 -0.006586278028 0.04937297071 0.248351566 -0.9588401051 -0.1345768251 -0.2500294602 0.06295656644 0.7578754585 -0.649354495 0.2768792581 -0.6383681285 -0.7182088895 0.0003309405418 0.7619203188 0
0.8008848318 0.7869174004 0.5774459726 -0.05029252675 0.1836523428 0.4588148034 -0.006690080928 0.04974567644 0.2482467759 -0.957602435 -0.1374162886 -0.2532080963 0.06420793015 0.7550045501 -0.652568365 0.2808467877 -0.6411590231 -0.7141709802 0.0003379760963 0.7680031436 0
0.806593764 0.7925267688 0.5815621698 -0.05096596425 0.1846776123 0.4581294127 -0.006784161053 0.05008068065 0.2481518008 -0.9564667417 -0.1399975475 -0.2560704175 0.06534274143 0.7524252751 -0.6554285099 0.2844322383 -0.6436279143 -0.7105219277 0.000344395428 0.7734776858 0
0.812937022 0.7987594003 0.5861357222 -0.05171834301 0.1858101195 0.4573636796 -0.006889423888 0.05045242534 0.2480455364 -0.9551804212 -0.1428940467 -0.2592521057 0.06661300312 0.7495649079 -0.6585705404 0.2884320903 -0.6463232475 -0.7064511229 0.0003516257995 0.7795605106 0
0.8186459542 0.8043687688 0.5902519194 -0.05239915954 0.1868233321 0.4566707788 -0.006984815803 0.05078655863 0.2479492366 -0.9540005417 -0.1455263349 -0.262116486 0.06776450527 0.7469959083 -0.6613660747 0.2920461234 -0.6487057876 -0.7027729811 0.0003582217833 0.7850350528 0
0.8243548864 0.8099781372 0.5943681166 -0.05308343183 0.1878307901 0.455974361 -0.00708082758 0.05112027524 0.2478523108 -0.9527994552 -0.1481825744 -0.2649813633 0.06892368649 0.7444323232 -0.6641310425 0.2956733395 -0.6510471879 -0.6990814226 0.0003649023636 0.7905095951 0
0.8306981444 0.8162107687 0.5989416691 -0.0538477563 0.1889434049 0.4551964701 -0.007188233136 0.0514905795 0.2477438825 -0.9514398283 -0.1511618625 -0.268164771 0.07022048933 0.7415906702 -0.6671674158 0.2997187614 -0.653600313 -0.69496424 0.0003724251674 0.7965924199 0
0.8364070766 0.8218201371 0.6030578663 -0.05453923991 0.1899386236 0.454492713 -0.007285550277 0.05182340766 0.2476456384 -0.9501933962 -0.1538681741 -0.2710296935 0.0713953856 0.7390396602 -0.6698679568 0.303373052 -0.6558543784 -0.691245127 0.000379286281 0.8020669621 0
0.8427503345 0.8280527687 0.6076314187 -0.05531151313 0.1910375716 0.4537067323 -0.007394403782 0.05219271818 0.2475357477 -0.9487829571 -0.1569027128 -0.2742123976 0.0727092666 0.7362128369 -0.6728328331 0.3074479839 -0.6583101073 -0.6870979113 0.0003870111407 0.8081497869 0
0.8484592667 0.8336621371 0.6117476159 -0.05601009289 0.19202043 0.452995753 -0.007493021855 0.05252464606 0.2474361897 -0.9474904125 -0.1596583927 -0.2770760108 0.07389918183 0.7336759407 -0.6754691147 0.3111283161 -0.6604762007 -0.6833522951 0.0003940554216 0.8136243291 0
0.8548025247 0.8398947687 0.6163211683 -0.0567901863 0.1931055781 0.4522018133 -0.007603318352 0.0528929497 0.2473248417 -0.9460283183 -0.1627473761 -0.2802565122 0.07522935251 0.7308656463 -0.6783626992 0.3152316062 -0.6628338394 -0.6791762185 0.0004019852636 0.8197071539 0
