0.007494367986 0.002718357156 -0.0013025961 -1.731645849e-06 0.001911053715 0.5099952259 -2.177675922e-07 0.0004760574138 0.2549994073 -0.9999999999 -4.977718953e-08 -1.008451844e-05 2.54226125e-08 0.9999721975 -0.007456817948 1.008460924e-05 -0.007456817947 -0.9999721975 2.839956554e-08 -0.001732452812 0
0.01491650283 0.005410513905 -0.002592637356 -6.859919048e-06 0.003803628415 0.5099810876 -8.67774528e-07 0.000949403246 0.2549976381 -0.9999999992 -3.947404597e-07 -3.994849989e-05 1.981908369e-07 0.9998898618 -0.01484130373 3.99499585e-05 -0.01484130372 -0.999889861 5.026824312e-08 -0.003448207684 0
0.02233863767 0.008102670655 -0.003882678613 -1.538478866e-05 0.005696084564 0.5099575849 -1.95285108e-06 0.001423448921 0.2549946844 -0.999999996 -1.326860235e-06 -8.958778068e-05 6.645446099e-07 0.999752997 -0.02222487362 8.959514153e-05 -0.02222487359 -0.999752993 3.089494482e-08 -0.005163962555 0
0.02883300565 0.01045830781 -0.005011464712 -2.563007253e-05 0.00735184008 0.5099293392 -3.258730036e-06 0.001838294319 0.2549911296 -0.9999999889 -2.85371382e-06 -0.0001492374945 1.428246609e-06 0.9995885183 -0.02868438777 0.000149257943 -0.02868438767 -0.9995885071 1.508420267e-08 -0.006665248068 0
0.03625514049 0.01315046456 -0.006301505969 -4.052260119e-05 0.00924391498 0.5098882813 -5.157970741e-06 0.002312337777 0.2549859595 -0.9999999722 -5.673837941e-06 -0.0002359299552 2.838670042e-06 0.9993494458 -0.03606501242 0.000235981097 -0.03606501209 -0.999349418 9.253568226e-08 -0.008381002939 0
0.04367727533 0.01584262131 -0.007591547226 -5.881046725e-05 0.01113570178 0.5098378626 -7.490830156e-06 0.002786297498 0.254979609 -0.9999999413 -9.920419252e-06 -0.0003423642399 4.962417621e-06 0.9990558893 -0.04344341165 0.000342471987 -0.0434434108 -0.9990558307 1.943001111e-07 -0.01009675781 0
0.05109941017 0.01853477806 -0.008881588482 -8.049298675e-05 0.01302714153 0.5097780851 -1.025713726e-05 0.003260181972 0.2549720786 -0.9999998901 -1.588505631e-05 -0.0004685221664 7.945359102e-06 0.9987078732 -0.05081913031 0.0004687240411 -0.05081912845 -0.9987077633 3.183125696e-07 -0.01181251268 0
0.05759377816 0.02089041521 -0.01001037458 -0.0001022492336 0.01468182028 0.5097181042 -1.303313876e-05 0.003674776585 0.2549645218 -0.9999998227 -2.2742512e-05 -0.0005950730408 1.137484514e-05 0.9983587078 -0.05727032763 0.0005953988231 -0.05727032425 -0.9983585305 4.443647107e-07 -0.01331379819 0
0.065015913 0.02358257196 -0.01130041584 -0.0001302944428 0.01657245045 0.5096407851 -1.661191431e-05 0.004148542825 0.2549547796 -0.9999997121 -3.271359802e-05 -0.0007581520534 1.636161476e-05 0.9979086615 -0.0646397944 0.0007586811011 -0.0646397882 -0.9979083736 6.08060703e-07 -0.01502955307 0
0.07243804784 0.02627472871 -0.0125904571 -0.0001617316321 0.01846256416 0.5095541144 -2.062391736e-05 0.004622252761 0.2549438581 -0.9999995563 -4.523962712e-05 -0.0009408836634 2.262639927e-05 0.9974042511 -0.07200527363 0.0009416988573 -0.07200526298 -0.9974038075 7.924764867e-07 -0.01674530794 0
0.07986018268 0.02896688546 -0.01388049835 -0.0001965596257 0.02035210253 0.5094580954 -2.50690956e-05 0.005095908084 0.2549317575 -0.9999993447 -6.06110569e-05 -0.00114323664 3.031463459e-05 0.9968455185 -0.07936631139 0.001144440797 -0.07936629403 -0.9968448634 9.974963268e-07 -0.01846106281 0
0.08635455067 0.03132252262 -0.01500928445 -0.0002298146185 0.02200493037 0.5093664132 -2.93139254e-05 0.005510311847 0.2549202022 -0.9999991041 -7.662321605e-05 -0.001336364038 3.832373368e-05 0.9963121027 -0.08580321949 0.001338010183 -0.08580319384 -0.9963112072 1.193754713e-06 -0.01996234832 0
0.09377668551 0.03401467937 -0.01629932571 -0.0002709967602 0.02389323135 0.5092528762 -3.457116851e-05 0.00598386437 0.254905891 -0.9999987542 -9.81112503e-05 -0.00157541121 4.907240379e-05 0.9956516449 -0.09315470747 0.001577700287 -0.09315466873 -0.9956503998 1.43732358e-06 -0.02167810319 0
0.1011988203 0.03670683612 -0.01758936696 -0.0003155656201 0.02578078783 0.5091300022 -4.026143595e-05 0.006457360151 0.254890401 -0.9999983107 -0.0001232774271 -0.001833971265 6.166176937e-05 0.9949370108 -0.1005004514 0.001837075326 -0.1005003947 -0.9949353224 1.701476347e-06 -0.02339385806 0
0.1086209552 0.03939899287 -0.01887940822 -0.0003635195317 0.02766754105 0.5089977957 -4.638467065e-05 0.006930797088 0.2548737324 -0.9999977581 -0.0001524104616 -0.002111999982 7.623660376e-05 0.9941682598 -0.1078399991 0.002116119291 -0.1078399184 -0.9941660194 1.98625972e-06 -0.02510961293 0
0.1151153232 0.04175463002 -0.02000819432 -0.0004082545981 0.02931774499 0.5088744635 -5.209762203e-05 0.007345004184 0.2548581807 -0.9999971722 -0.0001813824826 -0.002371208187 9.073194171e-05 0.9934512601 -0.1142566657 0.002376403919 -0.1142565577 -0.9934484344 2.252417402e-06 -0.02661089845 0
0.122537458 0.04444678677 -0.02129823558 -0.0004625505493 0.03120283376 0.5087247724 -5.903250457e-05 0.007818323837 0.2548393027 -0.9999963698 -0.0002187296189 -0.002685609826 0.0001094190039 0.9925812158 -0.1215833792 0.002692279753 -0.1215832317 -0.9925775886 2.576060902e-06 -0.02832665332 0
0.1299595929 0.04713894352 -0.02258827683 -0.0005202260563 0.03308695047 0.5085657641 -6.640017073e-05 0.00829157676 0.2548192465 -0.9999954078 -0.0002608704845 -0.003019334402 0.000130506547 0.9916572506 -0.1289026001 0.003027771736 -0.1289024022 -0.9916526626 2.920545741e-06 -0.03004240819 0
0.1373817277 0.04983110027 -0.02387831809 -0.0005812789626 0.03497003648 0.5083974444 -7.420054923e-05 0.008764759818 0.2547980125 -0.9999942662 -0.0003080914537 -0.003372324783 0.0001541384542 0.9906794413 -0.1362138789 0.003382859164 -0.1362136177 -0.9906737135 3.285964599e-06 -0.03175816306 0
0.1438760957 0.05218673743 -0.02500710419 -0.0006374689872 0.03661684518 0.5082425315 -8.138078076e-05 0.009178735122 0.2547784667 -0.9999931037 -0.00035380167 -0.003696947907 0.0001770164551 0.989779753 -0.1426043799 0.003709617854 -0.1426040509 -0.9897728646 3.622957533e-06 -0.03325944857 0
0.1512982305 0.05487889418 -0.02629714545 -0.000704848266 0.03849784074 0.5080567703 -8.999228907e-05 0.00965177832 0.2547550247 -0.9999915681 -0.0004113172332 -0.004085896143 0.0002058059153 0.9887012087 -0.1498995579 0.004101386727 -0.1498991349 -0.9886927875 4.027904969e-06 -0.03497520344 0
0.1587203654 0.05757105092 -0.0275871867 -0.000775598042 0.04037763727 0.5078617169 -9.90362827e-05 0.01012474204 0.2547304054 -0.9999897896 -0.0004747321865 -0.004493927485 0.0002375518666 0.9875690662 -0.1571855055 0.004512684788 -0.1571849681 -0.9875588699 4.454095532e-06 -0.03669095832 0
0.1652147333 0.05992668808 -0.0287159728 -0.000840266881 0.0420214297 0.5076834283 -0.0001073044821 0.01053851735 0.254707898 -0.999988015 -0.000535282456 -0.004866554119 0.0002678670618 0.9865345479 -0.1635527866 0.004888570705 -0.16355213 -0.9865225809 4.844533072e-06 -0.03819224383 0
0.1726368682 0.06261884483 -0.03000601406 -0.0009173291119 0.04389882053 0.5074709718 -0.0001171591485 0.01101132261 0.254681072 -0.9999857145 -0.0006105220543 -0.005310175195 0.0003055409795 0.9853021657 -0.1708202241 0.005336416633 -0.1708194064 -0.9852879036 5.310885052e-06 -0.0399079987 0
0.180059003 0.06531100158 -0.03129605532 -0.0009977538975 0.04577484442 0.5072492449 -0.0001274460395 0.01148403825 0.2546530695 -0.9999830982 -0.0006924736009 -0.005772669456 0.0003465809554 0.9840164676 -0.1780771499 0.005803715532 -0.1780761408 -0.983999596 5.798844377e-06 -0.04162375357 0
0.1874811379 0.06800315833 -0.03258609657 -0.001081538232 0.04764944307 0.5070182559 -0.0001381650568 0.01195666066 0.2546238907 -0.9999801385 -0.000781417977 -0.006253957545 0.0003911287827 0.9826775606 -0.1853231202 0.006290438563 -0.1853218855 -0.9826577375 6.30854958e-06 -0.04333950844 0
0.1939755059 0.07035879548 -0.03371488267 -0.001157602946 0.04928850195 0.5068085494 -0.0001478985947 0.01237012596 0.2545973945 -0.9999772445 -0.0008652006868 -0.006690436568 0.0004330968547 0.9814624564 -0.1916540091 0.006732231488 -0.1916525455 -0.981439748 6.772493425e-06 -0.04484079396 0
0.2013976407 0.07305095223 -0.03500492393 -0.001247677895 0.05116027133 0.5065602175 -0.0001594275684 0.01284256381 0.254566011 -0.9999735626 -0.0009680102894 -0.007206737853 0.0004846027898 0.9800240858 -0.1988782451 0.007255292864 -0.1988764797 -0.9799977074 7.32336589e-06 -0.04655654883 0
0.2088197755 0.07574310898 -0.03629496519 -0.001341103053 0.0530304482 0.5063026493 -0.0001713883619 0.01331489797 0.254533452 -0.9999694517 -0.001078614741 -0.007741586698 0.0005400221333 0.978532838 -0.2060902555 0.007797688789 -0.2060881404 -0.978502363 7.896414841e-06 -0.0482723037 0
0.2162419104 0.07843526573 -0.03758500644 -0.001437874929 0.0548989745 0.5060358543 -0.0001837808607 0.01378712476 0.254499718 -0.99996488 -0.001197290966 -0.008294891175 0.0005994951724 0.9769888366 -0.2132896006 0.008359385791 -0.2132870827 -0.976953807 8.491800992e-06 -0.04998805857 0
0.2227362784 0.08079090289 -0.03871379254 -0.001525292835 0.05653253543 0.5057948477 -0.0001949783373 0.01420023224 0.254469237 -0.9999604758 -0.001307970889 -0.008794097263 0.0006549693398 0.9755946617 -0.2195782935 0.008866676361 -0.2195753747 -0.9755552454 9.031217898e-06 -0.05148934408 0
0.2301584132 0.08348305964 -0.0400038338 -0.001628329962 0.05839781066 0.5055107798 -0.0002081799605 0.01467224777 0.2544333005 -0.99995495 -0.001442524173 -0.009381747091 0.0007224196861 0.9739520965 -0.2267527106 0.009464468515 -0.226749273 -0.9739071778 9.668938603e-06 -0.05320509895 0
0.237580548 0.08617521639 -0.04129387506 -0.001734703076 0.0602612688 0.5052175147 -0.0002218129369 0.01514414532 0.2543961899 -0.9999488653 -0.001585939039 -0.009987570385 0.0007943246373 0.9722571581 -0.2339132054 0.01008145888 -0.2339091777 -0.9722061822 1.032948902e-05 -0.05492085382 0
0.2450026829 0.08886737314 -0.04258391631 -0.001844408201 0.06212285207 0.5049150634 -0.0002358771359 0.01561592117 0.2543579056 -0.9999421856 -0.001738487877 -0.01061146282 0.0008708227539 0.970509987 -0.2410593429 0.01071760939 -0.2410546469 -0.9704523636 1.101305082e-05 -0.0566366087 0
0.2514970509 0.09122301029 -0.04371270241 -0.001943130259 0.06375015409 0.5046428919 -0.0002485369416 0.01602862229 0.2543234442 -0.9999358234 -0.001879673993 -0.01117210661 0.0009416349977 0.9689384791 -0.2473000951 0.01128992755 -0.2472947442 -0.9688745259 1.163019077e-05 -0.05813789421 0
0.2589191857 0.09391516704 -0.04500274367 -0.002059071765 0.06560806651 0.5043232472 -0.000263409317 0.01650015993 0.2542829601 -0.9999279264 -0.002050078774 -0.01182958646 0.001027117078 0.967093766 -0.2544181456 0.01196189656 -0.2544119592 -0.9670219584 1.235740689e-05 -0.05985364908 0
0.2663413206 0.09660732379 -0.04629278493 -0.002178333167 0.06746393841 0.5039944498 -0.0002787125169 0.01697156519 0.2542413033 -0.9999193242 -0.002230393477 -0.01250481791 0.001117587955 0.9651972485 -0.2615205966 0.01265290967 -0.2615134734 -0.9651168878 1.31081858e-05 -0.06156940395 0
0.2737634554 0.09929948054 -0.04758282618 -0.002300910012 0.0693177123 0.5036565119 -0.0002944463949 0.01744283432 0.2541984743 -0.9999099762 -0.002420885385 -0.01319768441 0.001213184245 0.963249084 -0.2686070184 0.01336292422 -0.2685988486 -0.9631594316 1.388272924e-05 -0.06328515882 0
0.2802578234 0.1016551177 -0.04871161228 -0.002410880856 0.07093799833 0.503353328 -0.0003085667105 0.01785508021 0.2541600376 -0.9999011523 -0.002596123341 -0.01381831486 0.00130114243 0.9615022001 -0.2747941523 0.01399973966 -0.2747849691 -0.9614037799 1.458011149e-05 -0.06478644433 0
0.2876799582 0.1043472744 -0.05000165354 -0.002539661722 0.07278768389 0.5029982859 -0.0003251077008 0.01832608407 0.2541150117 -0.9998902932 -0.00280641299 -0.01454392215 0.001406715215 0.9594576359 -0.2818493676 0.01474526289 -0.2818389059 -0.959348429 1.539977456e-05 -0.06650219921 0
0.2951020931 0.1070394312 -0.05129169479 -0.002671744539 0.07463510674 0.5026341406 -0.0003420789253 0.01879694107 0.2540688148 -0.999878566 -0.003027640308 -0.01528681215 0.001517803146 0.9573619003 -0.2888873278 0.01550965845 -0.2888754494 -0.9572410487 1.624380988e-05 -0.06821795408 0
0.3025242279 0.1097315879 -0.05258173605 -0.002807124377 0.07648020978 0.5022609054 -0.0003594802214 0.0192676475 0.2540214474 -0.9998659262 -0.003260066914 -0.01604685632 0.001634540681 0.9552151668 -0.2959076094 0.01629287914 -0.2958941652 -0.9550817688 1.711243835e-05 -0.06993370895 0
0.3090185959 0.1120872251 -0.05371052215 -0.002928282351 0.07809272712 0.5019268793 -0.000375059018 0.01967938916 0.253979041 -0.9998540818 -0.003472831595 -0.01672586338 0.001741425715 0.9532950806 -0.3020355224 0.01699360178 -0.3020205768 -0.9531499298 1.789283962e-05 -0.07143499446 0
0.3164407307 0.1147793818 -0.05500056341 -0.003069830384 0.07993332689 0.5015366388 -0.0003932662466 0.02014980318 0.25392948 -0.9998396069 -0.003726956576 -0.01751771456 0.001869116592 0.9510532086 -0.3090215215 0.01781198844 -0.3090046993 -0.9508937001 1.880819226e-05 -0.07315074933 0
0.3238628656 0.1174715386 -0.05629060466 -0.003214660578 0.08177144318 0.5011373495 -0.0004119030571 0.02062005589 0.2538787498 -0.9998240852 -0.003993024225 -0.01832633342 0.002002840293 0.9487608612 -0.3159886342 0.01864905815 -0.3159697519 -0.9485859627 1.974879966e-05 -0.0748665042 0
0.3312850004 0.1201636953 -0.05758064592 -0.003362767529 0.08360701928 0.5007290264 -0.0004309692712 0.02109014354 0.2538268509 -0.999807468 -0.004271289943 -0.01915157965 0.002142728908 0.9464182279 -0.3229364437 0.01950475926 -0.3229153047 -0.9462268599 2.071490099e-05 -0.07658225908 0
0.3377793684 0.1225193325 -0.05870943202 -0.003495044733 0.08521102009 0.5003643451 -0.0004480043103 0.0215013319 0.253780481 -0.9997919903 -0.004524978165 -0.01988719718 0.002270291948 0.9443273259 -0.328999616 0.02026873981 -0.3289763306 -0.9441206237 2.15813442e-05 -0.07808354459 0
0.3452015032 0.1252114893 -0.05999947328 -0.003649280611 0.08704168079 0.4999391249 -0.0004678751612 0.02197110001 0.2537263921 -0.9997731845 -0.004826797727 -0.02074323121 0.002422093535 0.9418909322 -0.3359101148 0.02115923156 -0.3358841672 -0.9416656058 2.259590731e-05 -0.07979929946 0
0.3526236381 0.127903646 -0.06128951453 -0.003806777029 0.08886963879 0.4995049156 -0.0004881748801 0.02244069232 0.253671136 -0.9997531375 -0.005141540085 -0.02161547267 0.002580436144 0.9394048209 -0.3428001222 0.0220681998 -0.3427712751 -0.9391596497 2.36366774e-05 -0.08151505433 0
0.3591180061 0.1302592832 -0.06241830063 -0.003947256442 0.09046684073 0.4991176212 -0.0005062887873 0.02285143847 0.2536218299 -0.9997345369 -0.00542773589 -0.02239185984 0.002724453438 0.9371888509 -0.3488117473 0.02287865943 -0.3487801563 -0.9369252743 2.456905081e-05 -0.08301633984 0
0.3665401409 0.1329514399 -0.06370834189 -0.004110850444 0.09228957953 0.4986666011 -0.0005273921071 0.02332069112 0.2535643867 -0.9997120202 -0.005767377223 -0.02329407879 0.002895408986 0.934610076 -0.3556622309 0.023822119 -0.3556272533 -0.9343242282 2.56596542e-05 -0.08473209471 0
0.3739622757 0.1356435967 -0.06499838315 -0.004277687771 0.09410945407 0.4982066394 -0.0005489237253 0.02378975725 0.2535057779 -0.9996881082 -0.006120651243 -0.0242120609 0.003073276006 0.931982185 -0.3624910507 0.02478389072 -0.3624524031 -0.931672697 2.67772142e-05 -0.08644784959 0
0.3813844106 0.1383357534 -0.0662884244 -0.004447762201 0.0959264084 0.4977377531 -0.0005708834362 0.02425863313 0.253446004 -0.9996627456 -0.006487801239 -0.02514564601 0.003258181965 0.9293053949 -0.3692978028 0.02576391524 -0.3692551846 -0.9289708442 2.792199987e-05 -0.08816360446 0
0.3878787786 0.1406913906 -0.0674172105 -0.004599227782 0.09751380403 0.4973201704 -0.0005904491877 0.02466874054 0.2533927466 -0.9996393188 -0.006820629909 -0.02597520423 0.003425848454 0.9269232648 -0.3752352925 0.02663636217 -0.3751889394 -0.9265655746 2.894623561e-05 -0.08966488997 0
0.3953009134 0.1433835473 -0.06870725176 -0.004775354595 0.09932513251 0.4968345981 -0.0006132110026 0.02513724965 0.2533307898 -0.999611083 -0.007214446353 -0.02693760335 0.003624293412 0.9241553877 -0.3819995861 0.02765044679 -0.3819486498 -0.9237698207 3.014280925e-05 -0.09138064484 0
0.4027230483 0.1460757041 -0.06999729302 -0.004954699958 0.1011333805 0.4963401523 -0.0006364002949 0.02560555781 0.2532676697 -0.9995812314 -0.007622827357 -0.02791512912 0.003830139627 0.9213392576 -0.3887406623 0.0286826073 -0.3886847887 -0.9209242331 3.136740537e-05 -0.09309639971 0
0.4101451831 0.1487678608 -0.07128733427 -0.005137257186 0.1029384926 0.4958368516 -0.0006600168428 0.02607366127 0.2532033867 -0.9995497045 -0.00804600854 -0.02890761041 0.004043511638 0.9184751065 -0.3954581251 0.02973278 -0.3953969404 -0.9180289872 3.262030904e-05 -0.09481215458 0
0.4166395511 0.151123498 -0.07241612037 -0.005299624148 0.1045153497 0.4953892144 -0.0006810316278 0.02648308096 0.2531461859 -0.999520697 -0.008428616506 -0.02978816305 0.004236482956 0.9159297677 -0.4013162254 0.03066640582 -0.4012500704 -0.9154550522 3.374004793e-05 -0.0963134401 0
0.4240616859 0.1538156547 -0.07370616163 -0.005488185193 0.1063144329 0.4948693615 -0.0007054486677 0.0269507906 0.2530797245 -0.999485866 -0.008880175891 -0.0308082149 0.004464298752 0.912976217 -0.4079883543 0.03175017584 -0.4079161307 -0.9124671811 3.504681046e-05 -0.09802919497 0
0.4314838208 0.1565078115 -0.07499620289 -0.005679938224 0.1081102212 0.4943407085 -0.0007302923026 0.02741828484 0.2530121023 -0.999449184 -0.00934720126 -0.03184271473 0.004699993962 0.9099753346 -0.4146357444 0.03285176874 -0.4145570169 -0.9094301738 3.638272215e-05 -0.09974494984 0
0.4389059556 0.1591999682 -0.07628624414 -0.005874876099 0.1099026599 0.493803275 -0.0007555622948 0.02788555999 0.2529433197 -0.9994105879 -0.009829920059 -0.03289148068 0.00494369 0.9069273676 -0.4212580086 0.03397111654 -0.4211723193 -0.9063442176 3.774808324e-05 -0.1014607047 0
0.4454003236 0.1615556054 -0.07741503024 -0.006048053601 0.1114682529 0.4933258337 -0.0007780230943 0.02829424308 0.2528821838 -0.9993751959 -0.01026534966 -0.03382070857 0.005163582024 0.9042219697 -0.4270315761 0.03496505616 -0.426939401 -0.9036040022 3.896717081e-05 -0.1029619902 0
0.4528224584 0.1642477621 -0.0787050715 -0.006248943393 0.1132542632 0.4927719911 -0.0008040918515 0.02876109738 0.2528112276 -0.999332838 -0.01077809902 -0.03489572399 0.005422603943 0.9010863985 -0.433605694 0.03611750735 -0.4335056344 -0.9004267825 4.038857187e-05 -0.1046777451 0
0.4602445933 0.1669399189 -0.07999511276 -0.006452996838 0.1150367666 0.4922094264 -0.0008305862601 0.02922772191 0.2527391132 -0.9992883796 -0.0113071834 -0.03598446774 0.005689971054 0.8979044742 -0.4401535861 0.03728751191 -0.4400451145 -0.8972011696 4.184030639e-05 -0.1063935 0
0.4676667281 0.1696320756 -0.08128515401 -0.006660206338 0.1168157085 0.4916381607 -0.0008575060663 0.02969411294 0.2526658411 -0.9992417544 -0.01185282158 -0.03708674763 0.005965801459 0.8946764585 -0.4466748748 0.03847499762 -0.4465574377 -0.8939273625 4.332268895e-05 -0.1081092548 0
0.4741610961 0.1719877128 -0.08241394011 -0.006844097541 0.1183693187 0.4911311823 -0.0008814096536 0.03010201065 0.252600779 -0.9991991268 -0.0123440045 -0.0380621933 0.006214187778 0.8918143439 -0.4523588839 0.03952833005 -0.4522331274 -0.8910234058 4.464516472e-05 -0.1096105403 0
0.4815832309 0.1746798695 -0.08370398137 -0.007057203762 0.1201414369 0.4905436597 -0.0009091263833 0.03056795389 0.2525253385 -0.9991482561 -0.01292126265 -0.03918932631 0.006506202088 0.8885006248 -0.4588292809 0.04074839456 -0.4586934495 -0.8876597815 4.618587273e-05 -0.1113262952 0
0.4890053658 0.1773720263 -0.08499402262 -0.007273443549 0.1219098382 0.4899474979 -0.0009372677594 0.031033653 0.2524487424 -0.9990950222 -0.01351569058 -0.04032942838 0.006807014261 0.8851415869 -0.4652720018 0.04198572665 -0.4651254639 -0.8842485519 4.775815301e-05 -0.1130420501 0
0.4964275006 0.180064183 -0.08628406388 -0.007492808856 0.1236744686 0.4893427193 -0.0009658335127 0.03149910426 0.2523709915 -0.999039355 -0.01412749793 -0.04148229731 0.007116738901 0.881737506 -0.4716866784 0.04324024994 -0.4715287736 -0.8807899275 4.936233374e-05 -0.114757805 0
0.5029218686 0.1824198202 -0.08741284998 -0.007687310991 0.1252153847 0.4888064871 -0.0009911764539 0.03190616789 0.2523020129 -0.9989885945 -0.01467724887 -0.04250136956 0.007395148352 0.8787222052 -0.477276228 0.04435199916 -0.4771078121 -0.8777249203 5.079242077e-05 -0.1162590905 0
0.5103440034 0.1851119769 -0.08870289124 -0.007912514561 0.1269728002 0.4881856127 -0.001020537175 0.03237114448 0.2522220989 -0.9989281733 -0.01532219916 -0.04367762259 0.007721889506 0.8752344242 -0.4836373385 0.04563854648 -0.4834562369 -0.8741780082 5.245731111e-05 -0.1179748453 0
0.5177661383 0.1878041337 -0.08999293249 -0.00814081988 0.128726291 0.4875561869 -0.001050321476 0.0328358626 0.2521410324 -0.9988651129 -0.01598511792 -0.04486604718 0.00805786738 0.8717024126 -0.4899693609 0.04694205958 -0.4897748257 -0.8705843228 5.415506407e-05 -0.1196906002 0
0.5251882731 0.1904962904 -0.09128297375 -0.008372218457 0.1304758038 0.4869182332 -0.001080529073 0.03330031855 0.2520588142 -0.99879934 -0.01666620516 -0.0460664315 0.008403192899 0.86812646 -0.4962719374 0.04826245803 -0.4960631886 -0.8669440859 5.588602066e-05 -0.1214063551 0
0.5316826411 0.1928519276 -0.09241175985 -0.00857722289 0.1320033226 0.4863530467 -0.001107307727 0.03370649957 0.251985929 -0.9987395052 -0.01727721565 -0.04712641011 0.008713107178 0.8649616862 -0.5017622576 0.04943159389 -0.5015404063 -0.8637208683 5.742811554e-05 -0.1229076406 0
0.5391047759 0.1955440843 -0.09370180111 -0.008814398049 0.1337452339 0.4856991673 -0.001138308222 0.03417045404 0.2519015534 -0.9986684458 -0.01799289906 -0.04834863954 0.009076255104 0.8613041363 -0.5080086677 0.0507834319 -0.5077710512 -0.859993955 5.922225915e-05 -0.1246233955 0
0.5465269108 0.1982362411 -0.09499184236 -0.009054641429 0.1354830151 0.4850368289 -0.001169731169 0.03463413575 0.2518160284 -0.9985944585 -0.01872731174 -0.04958220626 0.009449064104 0.8576034965 -0.5142246182 0.05215191818 -0.5139703596 -0.8562211437 6.105060442e-05 -0.1263391503 0
0.5530212788 0.2005918782 -0.09612062846 -0.009267364269 0.1370001444 0.4844503632 -0.001197572557 0.03503963062 0.2517402518 -0.9985272579 -0.01938543611 -0.05067070352 0.009783281281 0.8543303276 -0.5196383154 0.0533629341 -0.5193687479 -0.8528824661 6.267874013e-05 -0.1278404359 0
0.5604434136 0.203284035 -0.09741066972 -0.00951333641 0.1387300403 0.4837722309 -0.001229786793 0.035502791 0.2516525739 -0.9984475742 -0.02015547617 -0.05192492997 0.0101744926 0.850549713 -0.5257962204 0.05476240747 -0.5255082706 -0.8490242259 6.457216769e-05 -0.1295561907 0
0.5678655485 0.2059761917 -0.09870071098 -0.009762350802 0.1404556554 0.4830857113 -0.001262422607 0.03596566806 0.2515637489 -0.9983647408 -0.02094478451 -0.05318985188 0.01057567007 0.8467268878 -0.5319226754 0.05617828356 -0.5316153623 -0.8451207648 6.650082026e-05 -0.1312719456 0
0.5752876833 0.2086683485 -0.09999075223 -0.0100143982 0.1421769378 0.4823908298 -0.001295479688 0.03642825811 0.2514737779 -0.9982786789 -0.0217535434 -0.05446524159 0.01098691781 0.8428621643 -0.5380173413 0.05761047499 -0.5376896459 -0.8411723235 6.846505952e-05 -0.1329877005 0
0.5817820513 0.2110239856 -0.1011195383 -0.01023742032 0.1436794648 0.4817759696 -0.001324749956 0.0368327861 0.2513941138 -0.998200664 -0.02247730415 -0.05558961376 0.01135510139 0.8394464094 -0.5433238329 0.05887695671 -0.5429774365 -0.8376807312 7.021324761e-05 -0.134488986 0
0.5892041861 0.2137161424 -0.1024095796 -0.01049512929 0.1453924835 0.4810654795 -0.001358596057 0.03729482814 0.2513019961 -0.998108334 -0.02332301449 -0.05688400915 0.01178550782 0.8355039793 -0.5493579911 0.06033950039 -0.5489891962 -0.8336486113 7.22451968e-05 -0.1362047409 0
0.596626321 0.2164082991 -0.1036996208 -0.01075584404 0.1471010208 0.4803467026 -0.001392862504 0.03775657265 0.2512087349 -0.9980125452 -0.024188684 -0.05818820541 0.01222627793 0.8315205664 -0.5553594024 0.06181810261 -0.5549670758 -0.8295722193 7.431378848e-05 -0.1379204957 0
0.6040484558 0.2191004559 -0.1049896621 -0.01101955493 0.1488050252 0.4796196655 -0.00142754897 0.03821801595 0.2511143311 -0.9979132158 -0.02507448416 -0.05950196633 0.0126775117 0.8274964954 -0.5613277392 0.06331267212 -0.5609107062 -0.8254518067 7.64193953e-05 -0.1396362506 0
0.6105428238 0.221456093 -0.1061184482 -0.01125275201 0.1502922705 0.4789767534 -0.001458243914 0.03862152889 0.2510307911 -0.9978233336 -0.02586620536 -0.06065916586 0.01308100248 0.8239423385 -0.5665226475 0.06463344611 -0.5660829994 -0.821810535 7.829246031e-05 -0.1411375361 0
0.6179649586 0.2241482498 -0.1074084895 -0.01152205416 0.1519876381 0.4782343015 -0.001493717018 0.0390823976 0.2509342473 -0.9977171433 -0.02679020276 -0.06199021653 0.01355212125 0.8198429195 -0.572428098 0.06615770491 -0.5719614257 -0.8176082715 8.046848445e-05 -0.142853291 0
0.6253870935 0.2268404065 -0.1086985307 -0.01179432401 0.1536783263 0.4774836678 -0.001529609176 0.0395429546 0.2508365634 -0.997607174 -0.02773480788 -0.06333014106 0.01403398497 0.8157037929 -0.5782995499 0.06769766319 -0.577804554 -0.8133627258 8.268261022e-05 -0.1445690459 0
0.6328092283 0.2295325633 -0.109988572 -0.01206955145 0.1553642845 0.4767248802 -0.001565920045 0.04000319624 0.2507377406 -0.9974933413 -0.02870018103 -0.06467869517 0.01452668933 0.8115252955 -0.5841366878 0.0692532259 -0.5836120238 -0.80907416 8.493522064e-05 -0.1462848007 0
0.6393035963 0.2318882004 -0.1111173581 -0.0123127936 0.1568355781 0.4760542744 -0.001598035257 0.04040564613 0.250650337 -0.9973905017 -0.0295620426 -0.0658655654 0.01496677269 0.8078370807 -0.5892157896 0.07062706835 -0.5886640269 -0.8052865829 8.693812729e-05 -0.1477860862 0
0.6467257311 0.2345803572 -0.1124073993 -0.01259353896 0.1585125316 0.4752802742 -0.001635130269 0.04086528667 0.2505493811 -0.9972691955 -0.03056677764 -0.06722963458 0.01548005717 0.8035856805 -0.5949877494 0.07221162988 -0.5944036727 -0.8009180697 8.926393781e-05 -0.1495018411 0
0.654147866 0.2372725139 -0.1136974406 -0.01287721229 0.1601846107 0.4744982017 -0.001672642983 0.04132460139 0.2504472889 -0.9971437797 -0.03159272512 -0.06860161992 0.01600445101 0.7992958937 -0.6007245058 0.07381151729 -0.6001066356 -0.7965073043 9.162934848e-05 -0.151217596 0
0.6615700008 0.2399646707 -0.1149874818 -0.01316380308 0.1618517654 0.4737080859 -0.00171057304 0.04178358666 0.2503440615 -0.9970141675 -0.03264003382 -0.06998126953 0.01654004545 0.7949680682 -0.6064257559 0.07542663183 -0.6057725636 -0.792054559 9.403475214e-05 -0.1529333509 0
0.6680643688 0.2423203079 -0.1161162679 -0.01341695491 0.1633064472 0.4730101596 -0.001744103907 0.04218492566 0.2502528071 -0.9968972455 -0.03357406644 -0.07119455054 0.01701794942 0.7911502931 -0.6113849877 0.07685226972 -0.6106995954 -0.7881241862 9.61725978e-05 -0.1544346364 0
0.6754865036 0.2450124646 -0.1174063092 -0.01370898725 0.1649642351 0.4722050418 -0.0017828155 0.04264328341 0.2501474539 -0.9967595283 -0.03466181781 -0.07258788507 0.01757478683 0.786752093 -0.6170188579 0.07849566575 -0.6162951423 -0.7835934711 9.86540557e-05 -0.1561503912 0
0.6829086385 0.2477046214 -0.1186963505 -0.01400390624 0.1666169564 0.4713919656 -0.001821943383 0.04310130128 0.2500409684 -0.9966173613 -0.03577134111 -0.07398814917 0.0181430806 0.7823168707 -0.6226163686 0.08015399983 -0.6218526553 -0.7790215731 0.0001011766496 -0.1578661461 0
0.6903307733 0.2503967781 -0.1199863917 -0.01430170097 0.1682645622 0.4705709611 -0.00186148718 0.04355897564 0.2499333516 -0.9964706552 -0.03690277321 -0.07539508376 0.01872291739 0.777844985 -0.6281772295 0.08182716963 -0.6273717914 -0.7744087743 0.0001037407816 -0.159581901 0
0.6968251413 0.2527524153 -0.1211151778 -0.01456462171 0.1697019824 0.4698461025 -0.001896428886 0.04395915609 0.2498382598 -0.9963384931 -0.03791085359 -0.07663141838 0.01923981066 0.7739022938 -0.6330126929 0.08330328198 -0.6321692866 -0.7703392476 0.0001060187892 -0.1610831865 0
0.7042472762 0.255444572 -0.1224052191 -0.01486777866 0.171339865 0.4690103147 -0.0019367515 0.04441617663 0.2497285247 -0.9961830333 -0.03908372271 -0.07805015568 0.01984151995 0.769362641 -0.6385040648 0.08500398972 -0.6376155498 -0.7656505289 0.0001086618972 -0.1627989414 0
0.711669411 0.2581367288 -0.1236952603 -0.01517377939 0.172972492 0.4681666867 -0.001977488932 0.04487284328 0.2496176614 -0.9960227743 -0.04027887667 -0.07947480885 0.02045501465 0.7647873717 -0.6439579711 0.08671923387 -0.6430224633 -0.7609217346 0.0001113477124 -0.1645146962 0
0.7190915458 0.2608288855 -0.1249853016 -0.01548261257 0.1745998154 0.4673152499 -0.002018640791 0.04532915242 0.2495056709 -0.9958576245 -0.0414964401 -0.08090511212 0.02108037668 0.7601768551 -0.6493741346 0.08844890857 -0.6483896934 -0.7561531565 0.0001140766458 -0.1662304511 0
0.7255859138 0.2631845227 -0.1261140877 -0.01575515612 0.176019335 0.4665638616 -0.002054988317 0.04572812683 0.2494067555 -0.9957090342 -0.04258028641 -0.08216105215 0.02163736684 0.7561140315 -0.6540821016 0.0899741276 -0.6530532065 -0.7519482468 0.0001165001576 -0.1677317366 0
0.7330080487 0.2658766794 -0.1274041289 -0.01606926929 0.1776365848 0.4656978681 -0.002096916163 0.04618375596 0.2492926547 -0.9955344657 -0.04384019238 -0.08360122734 0.02228519664 0.7514384306 -0.6594267625 0.09173057119 -0.6583451394 -0.7471058691 0.000119311053 -0.1694474915 0
0.7404301835 0.2685688362 -0.1286941702 -0.01638618181 0.1792483935 0.4648241569 -0.002139257293 0.04663901723 0.2491774298 -0.9953547402 -0.04512284822 -0.08504627949 0.02294512241 0.7467286582 -0.6647329031 0.09350113606 -0.6635964434 -0.7422245603 0.0001221662605 -0.1711632464 0
0.7469245515 0.2709244733 -0.1298229563 -0.0166657674 0.1806542254 0.4640533541 -0.002176644486 0.04703706627 0.2490756869 -0.9951931766 -0.04626392232 -0.08631448699 0.02353254056 0.742579874 -0.6693439701 0.09506187831 -0.668157751 -0.7379217161 0.0001247012463 -0.1726645319 0
0.7543466863 0.2736166301 -0.1311129976 -0.01698789706 0.1822557046 0.4631652595 -0.002219759431 0.04749162815 0.2489583577 -0.9950035293 -0.04758953377 -0.08776794924 0.02421535305 0.7378070538 -0.6745771773 0.0968586254 -0.6733320041 -0.7329682251 0.0001276406709 -0.1743802867 0
0.7617688212 0.2763087868 -0.1324030388 -0.01731279213 0.183851607 0.4622695409 -0.002263286486 0.04794581187 0.2488399077 -0.9948084547 -0.04893820855 -0.08922550249 0.02491047971 0.7330011584 -0.6797711157 0.09866917731 -0.6784647032 -0.7279766754 0.0001306256189 -0.1760960416 0
0.769190956 0.2790009436 -0.1336930801 -0.01764044061 0.1854418861 0.4613662312 -0.002307225235 0.04839961384 0.2487203381 -0.9946078576 -0.05031004925 -0.09068687052 0.02561799395 0.7281625739 -0.684925532 0.1004934223 -0.6835555317 -0.7229473751 0.0001336565159 -0.1778117965 0
0.775685324 0.2813565807 -0.1348218662 -0.01792938219 0.1868287308 0.4605696345 -0.002346009027 0.0487963746 0.2486147973 -0.9944277301 -0.05152949129 -0.09196847861 0.02624728734 0.7239023023 -0.6894030292 0.1021007808 -0.6879754126 -0.7185160139 0.0001363465792 -0.179313082 0
0.7831074588 0.2840487375 -0.1361119074 -0.01826216065 0.1884083408 0.4596521817 -0.002390718566 0.04924945116 0.2484931318 -0.994216521 -0.05294503304 -0.09343624989 0.02697822169 0.7190034738 -0.6944826709 0.1039503962 -0.6929868889 -0.7134167695 0.000139464784 -0.1810288369 0
0.7905295937 0.2867408942 -0.1374019487 -0.01859765749 0.1899821945 0.4587272345 -0.00243583858 0.04970213571 0.24837035 -0.9939995139 -0.05438401707 -0.09490703399 0.02772174748 0.7140730786 -0.699522082 0.1058133788 -0.6979555983 -0.708280673 0.0001426301721 -0.1827445917 0
0.7979517285 0.289433051 -0.1386919899 -0.01893586033 0.191550246 0.457794827 -0.002481368637 0.05015442468 0.2482464533 -0.993776612 -0.05584653296 -0.09638054936 0.02847793307 0.7091115113 -0.704521023 0.1076896135 -0.7028812341 -0.7031080414 0.0001458431766 -0.1844603466 0
0.8044460965 0.2917886881 -0.139820776 -0.01923399779 0.1929174956 0.4569728777 -0.002521543459 0.05054985023 0.24813713 -0.9935766608 -0.05714560567 -0.09767189349 0.02915003321 0.7047448811 -0.708861713 0.1093420989 -0.7071555928 -0.6985522694 0.0001486939579 -0.1859616321 0
0.8118682313 0.2944808449 -0.1411108173 -0.0195772407 0.1944745454 0.4560265751 -0.002567841171 0.0510013879 0.2480111459 -0.993342444 -0.05865247339 -0.09914976671 0.02993013563 0.6997259376 -0.7137841405 0.1112428688 -0.7119996486 -0.6933119965 0.0001519974174 -0.187677387 0
0.8192903662 0.2971730016 -0.1424008585 -0.01992315349 0.1960256625 0.4550729116 -0.002614547665 0.05145251977 0.2478840504 -0.9931020521 -0.0601831115 -0.1006295547 0.03072308703 0.6946769689 -0.7186654304 0.1131565558 -0.7167997642 -0.6880361124 0.0001553497496 -0.1893931419 0
0.826712501 0.2998651584 -0.1436908998 -0.02027172344 0.1975708022 0.4541119226 -0.002661662494 0.05190324228 0.2477558446 -0.9928553866 -0.0617375963 -0.1021109712 0.03152895065 0.6895983778 -0.7235053576 0.1150830418 -0.7215556434 -0.6827249424 0.0001587513949 -0.1911088967 0
0.833206869 0.3022207955 -0.1448196859 -0.02057889173 0.198917861 0.4532650757 -0.002703222577 0.0522972859 0.2476427548 -0.9926343306 -0.06311738959 -0.1034083205 0.03224472204 0.6851306294 -0.7277061897 0.1167791228 -0.7256805191 -0.678048981 0.0001617686347 -0.1926101823 0
0.8406290038 0.3049129523 -0.1461097272 -0.02093240914 0.200451673 0.4522904468 -0.002751101815 0.05274723134 0.2475124707 -0.9923756363 -0.06471678052 -0.1048920147 0.03307496175 0.6799975894 -0.7324679688 0.1187292859 -0.730352666 -0.6726725354 0.0001652639365 -0.1943259371 0
0.8480511387 0.307605109 -0.1473997684 -0.02128854652 0.2019793799 0.4513085947 -0.002799388082 0.05319675725 0.24738108 -0.992110384 -0.06634021817 -0.1063765079 0.03391828791 0.6748360966 -0.7371877593 0.1206919042 -0.73497974 -0.6672617523 0.0001688098287 -0.196041692 0
0.8554732735 0.3102972658 -0.1486898097 -0.02164729078 0.2035009378 0.4503195556 -0.002848080917 0.05364586011 0.2472485839 -0.991838474 -0.06798776532 -0.1078615095 0.03477475848 0.6696465613 -0.741865351 0.1226668564 -0.7395614556 -0.6618169654 0.0001724067592 -0.1977574469 0
0.8619676415 0.3126529029 -0.1498185958 -0.02196332007 0.2048272225 0.4494482795 -0.002891020293 0.0540384753 0.2471317442 -0.9915950129 -0.06944919309 -0.1091610738 0.03553499727 0.6650830386 -0.745923465 0.1244049614 -0.7435330264 -0.6570251474 0.0001755962941 -0.1992587324 0
0.8693897764 0.3153450597 -0.151108637 -0.02232691655 0.2063371336 0.448445863 -0.002940474183 0.05448677542 0.2469971791 -0.9913103502 -0.07114210256 -0.1106462421 0.03641626508 0.6598420368 -0.7505213802 0.1264027108 -0.7480289351 -0.6515175109 0.0001792901344 -0.2009744872 0
0.8768119112 0.3180372164 -0.1523986783 -0.02269308171 0.2078407709 0.4474363649 -0.002990333291 0.05493464237 0.2468615124 -0.9910187417 -0.07285928243 -0.1121310779 0.0373108363 0.654574183 -0.755076513 0.1284124416 -0.75247868 -0.6459768424 0.0001830363105 -0.2026902421 0
0.884234046 0.3207293732 -0.1536887195 -0.02306180208 0.2093380915 0.4464198222 -0.00304059714 0.05538207262 0.2467247454 -0.9907200866 -0.07460078179 -0.113615287 0.03821876356 0.6492798947 -0.759588668 0.13043403 -0.7568819867 -0.6404034838 0.0001868352769 -0.204405997 0
0.890728414 0.3230850103 -0.1548175056 -0.02338651783 0.2106430317 0.4455245979 -0.003084909645 0.05577321311 0.2466041728 -0.9904529035 -0.07614457917 -0.1149132237 0.03902419637 0.6446260373 -0.7635013976 0.1322125487 -0.7606965723 -0.6355002493 0.000190203036 -0.2059072825 0
0.8981505489 0.3257771671 -0.1561075469 -0.02375999263 0.2121283937 0.4444949475 -0.003135931086 0.05621981511 0.2464653464 -0.9901407635 -0.07793179745 -0.1163954615 0.03995730323 0.6392833152 -0.7679324559 0.1342560331 -0.7650120769 -0.6298665254 0.0001941022161 -0.2076230374 0
0.9055726837 0.3284693238 -0.1573975882 -0.02413598345 0.2136073169 0.4434583606 -0.003187355875 0.05666597034 0.2463254236 -0.9898212857 -0.07974345643 -0.1178762216 0.04090390969 0.6339153681 -0.772319996 0.1363110144 -0.7692803697 -0.6242011056 0.0001980555037 -0.2093387922 0
0.9129948185 0.3311614806 -0.1586876294 -0.02451447648 0.2150797595 0.4424148752 -0.003239183523 0.05711167532 0.2461844057 -0.9894943683 -0.08157959132 -0.1193552068 0.04186406294 0.6285226198 -0.7766638376 0.1383773658 -0.7735011872 -0.6185043395 0.00020206336 -0.2110545471 0
0.9194891865 0.3335171177 -0.1598164155 -0.02484769955 0.216362798 0.4414961966 -0.003284862794 0.05750129507 0.2460601178 -0.9892021327 -0.08320631217 -0.1206476285 0.0427153457 0.6237839546 -0.7804287137 0.14019465 -0.7771552532 -0.6134942319 0.0002056153619 -0.2125558326 0
0.9269113214 0.3362092745 -0.1611064568 -0.02523084671 0.2178229775 0.4404398801 -0.00333744446 0.0579461464 0.2459170505 -0.9888609913 -0.0850884217 -0.1221224814 0.04370102155 0.6183458515 -0.7846901482 0.142281976 -0.7812863549 -0.6077396407 0.0002097267844 -0.2142715875 0
0.9343334562 0.3389014312 -0.162396498 -0.0256164559 0.2192765575 0.4393767758 -0.003390427549 0.05839053745 0.245772892 -0.9885121166 -0.0869950882 -0.1235947004 0.04470037206 0.612884174 -0.7889073875 0.1443803036 -0.7853692405 -0.6019547192 0.0002138941118 -0.2159873424 0
0.9417555911 0.341593588 -0.1636865393 -0.02600451298 0.220723497 0.4383069228 -0.003443811554 0.05883446475 0.2456276438 -0.9881554063 -0.08892633285 -0.1250639852 0.04571343896 0.6073993515 -0.7930802666 0.1464895033 -0.7894036579 -0.5961398244 0.0002181178119 -0.2177030972 0
0.948249959 0.3439492251 -0.1648153254 -0.02634605978 0.2219840899 0.4373652961 -0.003490851033 0.05922251797 0.245499659 -0.9878367763 -0.09063634753 -0.1263469663 0.04661115594 0.6025814844 -0.79669502 0.1483438692 -0.7928938184 -0.5910274861 0.0002218601619 -0.2192043828 0
0.9556720939 0.3466413819 -0.1661053666 -0.02673866826 0.2234184693 0.4362828952 -0.003544985376 0.05966556638 0.2453523715 -0.9874650972 -0.09261372053 -0.1278099391 0.04765004855 0.5970544274 -0.8007842928 0.1504731027 -0.7968366893 -0.58515736 0.000226190828 -0.2209201376 0
0.9630942287 0.3493335386 -0.1673954079 -0.02713368349 0.2248460923 0.4351938589 -0.003599519157 0.06010814105 0.2452039984 -0.9870852869 -0.09461571218 -0.1292691121 0.04870276953 0.5915054678 -0.8048287531 0.1526128323 -0.8007303845 -0.5792582972 0.0002305792213 -0.2226358925 0
0.9695885967 0.3516891758 -0.168524194 -0.02748128476 0.2260896887 0.4342355405 -0.00364756347 0.06049500258 0.2450732827 -0.9867462018 -0.09638765545 -0.130542534 0.04963527245 0.5866325026 -0.808330778 0.154493602 -0.8040968392 -0.5740731662 0.0002344667926 -0.224137178 0
0.9770107315 0.3543813325 -0.1698142352 -0.02788077363 0.2275045363 0.4331341706 -0.00370284479 0.06093667972 0.2449228781 -0.9863508676 -0.09843582303 -0.1319937679 0.050714018 0.5810436475 -0.8122908149 0.1566526553 -0.8078976844 -0.5681208298 0.0002389647041 -0.2258529329 0
0.9844328664 0.3570734893 -0.1711042765 -0.02828262745 0.2289125138 0.4320262807 -0.003758524039 0.06137787322 0.2447713921 -0.9859471056 -0.1005086195 -0.1334403324 0.05180669202 0.5754341423 -0.8162056203 0.1588218233 -0.8116486711 -0.562140608 0.0002435217107 -0.2275686878 0
0.9918550012 0.359765646 -0.1723943178 -0.02868683153 0.2303135822 0.4309119113 -0.003814600684 0.06181857963 0.2446188261 -0.9855348126 -0.1026060412 -0.1348819243 0.05291332653 0.5698044247 -0.820075056 0.1610009722 -0.8153495679 -0.55613287 0.0002481382914 -0.2292844426 0
0.9983493692 0.3621212832 -0.1735231039 -0.02904242641 0.2315338189 0.4299315549 -0.003863993317 0.06220379548 0.2444844462 -0.9851669767 -0.1044614799 -0.1361389994 0.05389310775 0.5648621865 -0.8234234896 0.1629158092 -0.8185465836 -0.5508538187 0.0002522270465 -0.2307857281 0
1.005771504 0.36481344 -0.1748131451 -0.0294509973 0.2329218285 0.4288051464 -0.003920813633 0.06264357935 0.2443298595 -0.9847384092 -0.1066050515 -0.1375704493 0.05502599942 0.5591957547 -0.8272074995 0.1651133093 -0.8221529486 -0.5447954884 0.0002569566248 -0.232501483 0
