0.008006029411 0.002425906972 -0.003686776544 -1.650854242e-06 0.002041525594 0.5099945518 -2.085072615e-07 0.000508637939 0.2549993233 -1 -5.0776085e-08 -9.614000611e-06 2.580976349e-08 0.9999682717 -0.007965907279 9.614100052e-06 -0.007965907279 -0.9999682716 2.992025844e-08 -0.004903412803 0
0.01501205882 0.004548803944 -0.006913053088 -5.804316143e-06 0.003827996508 0.5099808445 -7.371005882e-07 0.0009555044932 0.2549976076 -0.9999999994 -3.361882225e-07 -3.380122277e-05 1.687175974e-07 0.9998884459 -0.0149363921 3.380247354e-05 -0.01493639209 -0.9998884453 4.85090208e-08 -0.009194360607 0
0.02201808823 0.006671700916 -0.01013932963 -1.2486008e-05 0.005614364849 0.5099587934 -1.59077196e-06 0.001402973256 0.2549948364 -0.9999999974 -1.061447404e-06 -7.270802748e-05 5.315555004e-07 0.9997600329 -0.02190608446 7.271383211e-05 -0.02190608444 -0.9997600303 3.135468756e-08 -0.01348530841 0
0.02902411764 0.008794597887 -0.01336560618 -2.169571497e-05 0.007400582753 0.5099283993 -2.76909013e-06 0.001850503013 0.2549910113 -0.999999992 -2.431761982e-06 -0.0001263285688 1.21694071e-06 0.9995830414 -0.0288746146 0.0001263461113 -0.02887461452 -0.9995830334 1.616789975e-08 -0.01777625621 0
0.03603014706 0.01091749486 -0.01659188272 -3.343314091e-05 0.00918660236 0.5098896632 -4.271624903e-06 0.002297971793 0.2549861336 -0.999999981 -4.652266102e-06 -0.0001946547898 2.327464716e-06 0.999357483 -0.03584161285 0.0001946964655 -0.03584161262 -0.999357464 8.669495702e-08 -0.02206720402 0
0.04303617647 0.01304039183 -0.01981815926 -4.769790844e-05 0.01097237582 0.5098425864 -6.09814558e-06 0.002745366298 0.2549802041 -0.9999999614 -7.927996101e-06 -0.0002776764227 3.965685071e-06 0.9990833727 -0.04280670964 0.0002777612683 -0.04280670909 -0.9990833341 1.781815966e-07 -0.02635815182 0
0.05004220588 0.0151632888 -0.02304443581 -6.448955888e-05 0.01275785528 0.5097871702 -8.248529395e-06 0.00319269366 0.2549732232 -0.9999999295 -1.246386692e-05 -0.0003753809908 6.234117205e-06 0.9987607287 -0.04976953556 0.0003755361128 -0.04976953439 -0.9987606582 2.888899936e-07 -0.03064909962 0
0.05792398897 0.0175515479 -0.02667399692 -8.639990495e-05 0.0147661087 0.5097148612 -1.105473891e-05 0.003695866839 0.2549641133 -0.9999998734 -1.932793985e-05 -0.0005028309554 9.666982236e-06 0.9983397682 -0.05759954056 0.0005031094199 -0.05759953813 -0.9983396416 4.354649142e-07 -0.0354764159 0
0.06493001838 0.01967444487 -0.02990027346 -0.0001085592878 0.01655080462 0.5096417303 -1.389311711e-05 0.004143075944 0.254954899 -0.9999998001 -2.722129938e-05 -0.0006316852543 1.361475748e-05 0.9979140654 -0.06455631507 0.000632124907 -0.06455631076 -0.9979138656 5.849090138e-07 -0.0397673637 0
0.07193604779 0.02179734184 -0.03312655001 -0.0001332435967 0.01833505711 0.5095602667 -1.70551903e-05 0.004590235922 0.2549446338 -0.9999996989 -3.70141169e-05 -0.000775169273 1.851274365e-05 0.9974399067 -0.07150966545 0.0007758316345 -0.07150965827 -0.9974396056 7.521774845e-07 -0.04405831151 0
0.0789420772 0.02392023881 -0.03635282655 -0.0001604520381 0.02011881838 0.5094704728 -2.054092289e-05 0.00503734836 0.254933318 -0.9999995633 -4.891055748e-05 -0.0009332614367 2.446319596e-05 0.9969173234 -0.07845922316 0.0009342219778 -0.07845921173 -0.9969168869 9.371758195e-07 -0.04834925931 0
0.08594810661 0.02604313578 -0.03957910309 -0.0001901837371 0.02190204066 0.5093723516 -2.435028029e-05 0.005484413608 0.2549209515 -0.9999993865 -6.311454412e-05 -0.00110593797 3.156828562e-05 0.9963463504 -0.08540461991 0.001107287534 -0.08540460242 -0.9963457371 1.13986633e-06 -0.05264020711 0
0.09295413602 0.02816603276 -0.04280537964 -0.0002224377378 0.0236846762 0.5092659063 -2.848322747e-05 0.005931431138 0.2549075346 -0.9999991607 -7.982973426e-05 -0.001293172898 3.993009168e-05 0.9957270255 -0.09234548772 0.001295019119 -0.09234546185 -0.9957261866 1.360246934e-06 -0.05693115492 0
0.09996016543 0.03028892973 -0.04603165618 -0.0002572130035 0.02546667726 0.5091511402 -3.293972807e-05 0.0063783998 0.2548930674 -0.9999988777 -9.925949631e-05 -0.001494938053 4.965059288e-05 0.9950593899 -0.09928145896 0.001497406775 -0.09928142175 -0.9950582682 1.598339304e-06 -0.06122210272 0
0.1078419485 0.03267718882 -0.04966121729 -0.0002993474815 0.02747061065 0.5090120871 -3.833999114e-05 0.006881179122 0.2548755364 -0.9999984797 -0.0001246155559 -0.001739254124 6.233705798e-05 0.9942506088 -0.1070781164 0.001742598071 -0.107078062 -0.9942490895 1.887412795e-06 -0.066049419 0
0.1148479779 0.03480008579 -0.05288749384 -0.0003394766221 0.02925110506 0.5088796521 -4.348391359e-05 0.007328038212 0.2548588376 -0.9999980447 -0.0001504875733 -0.001971792472 7.528288208e-05 0.9934804642 -0.1140024634 0.001976093254 -0.1140023889 -0.9934785103 2.163286251e-06 -0.0703403668 0
0.1218540073 0.03692298276 -0.05611377038 -0.000382123265 0.031030816 0.5087389087 -4.895126323e-05 0.007774842442 0.2548410889 -0.9999975224 -0.0001797075682 -0.002218758897 8.990534879e-05 0.992662158 -0.1209207674 0.002224208372 -0.1209206672 -0.9926596824 2.457030731e-06 -0.07463131461 0
0.1288600368 0.03904587974 -0.05934004692 -0.0004272860395 0.03280969582 0.5085898616 -5.474199494e-05 0.008221589436 0.2548222904 -0.9999969019 -0.0002124774693 -0.002480116207 0.0001063059371 0.9917957447 -0.1278326623 0.002486930261 -0.12783253 -0.9917926494 2.76871684e-06 -0.07892226241 0
0.1358660662 0.04116877671 -0.06256632347 -0.0004749634936 0.03458769693 0.5084325154 -6.085606116e-05 0.008668276686 0.2548024423 -0.9999961717 -0.0002489987967 -0.002755825028 0.0001245859843 0.9908812817 -0.1347377828 0.002764244981 -0.1347376103 -0.9908774573 3.098422334e-06 -0.08321321021 0
0.1428720956 0.04329167368 -0.06579260001 -0.0005251540951 0.03636477177 0.5082668754 -6.729341184e-05 0.009114901577 0.2547815447 -0.9999953195 -0.0002894726383 -0.003045843812 0.0001448466773 0.9899188297 -0.1416357638 0.00305613782 -0.141635542 -0.9899141545 3.446231394e-06 -0.08750415802 0
0.149878125 0.04541457065 -0.06901887656 -0.0005778562306 0.0381408728 0.5080929467 -7.405399437e-05 0.009561461417 0.2547595979 -0.9999943325 -0.0003340996268 -0.003350128841 0.0001671890452 0.9889084527 -0.1485262407 0.003362593291 -0.148525959 -0.9889027922 3.812234122e-06 -0.09179510582 0
0.1577599081 0.04780282975 -0.07264843767 -0.0006401460889 0.04013776332 0.5078873764 -8.204594403e-05 0.01006376005 0.2547336538 -0.9999930441 -0.0003895184935 -0.003709444905 0.0001949380407 0.9877145768 -0.1562686045 0.003724742316 -0.1562682406 -0.9877076305 4.245853611e-06 -0.0966224221 0
0.1647659375 0.04992572672 -0.07587471421 -0.0006981795098 0.04191163734 0.5076958532 -8.949320794e-05 0.01051017243 0.2547094779 -0.999991725 -0.0004436348684 -0.004043890663 0.0002220386471 0.9866025857 -0.1631419277 0.004062088432 -0.1631414756 -0.9865943231 4.650842043e-06 -0.1009133699 0
0.1717719669 0.05204862369 -0.07910099076 -0.000758718904 0.04368438925 0.5074960599 -9.726352281e-05 0.010956511 0.2546842534 -0.9999902269 -0.0005025281782 -0.004392452105 0.0002515355367 0.9854428897 -0.1700066115 0.004413943807 -0.1700060549 -0.9854331324 5.074340342e-06 -0.1052043177 0
0.1787779963 0.05417152066 -0.0823272673 -0.000821762326 0.04545597166 0.5072880026 -0.0001053568254 0.01140277286 0.2546579803 -0.9999885342 -0.0005663969331 -0.004755076607 0.0002835290016 0.9842355656 -0.1768622939 0.004780289775 -0.1768616142 -0.9842241199 5.516460046e-06 -0.1094952655 0
0.1857840257 0.05629441763 -0.08555354384 -0.0008873077499 0.04722633724 0.5070716882 -0.0001137730499 0.0118489551 0.2546306591 -0.9999866308 -0.0006354390697 -0.005131709401 0.0003181191344 0.9829806937 -0.1837086135 0.005161106897 -0.18370779 -0.9829673499 5.977317474e-06 -0.1137862133 0
0.1927900551 0.0584173146 -0.08877982039 -0.0009553530696 0.04899543869 0.5068471236 -0.000122512128 0.01229505479 0.2546022899 -0.9999845001 -0.0007098519284 -0.005522293577 0.0003554058208 0.9816783571 -0.1905452096 0.00555637497 -0.1905442188 -0.9816628889 6.457033627e-06 -0.1180771611 0
0.1997960845 0.06054021158 -0.09200609693 -0.001025896099 0.05076322876 0.506614316 -0.0001315739884 0.01274106899 0.2545728729 -0.9999821246 -0.0007898322301 -0.005926770089 0.000395488731 0.9803286423 -0.1973717222 0.005966073022 -0.197370538 -0.9803108062 6.955734098e-06 -0.1223681089 0
0.2076778676 0.06292847067 -0.09563565804 -0.001108239725 0.05275036633 0.5063425639 -0.0001421543156 0.01324272907 0.2545385267 -0.9999791373 -0.000886709019 -0.006398335598 0.0004440481809 0.9787536929 -0.2050390486 0.006444204569 -0.2050376121 -0.9787328797 7.539626496e-06 -0.1271954252 0
0.214683897 0.06505136764 -0.09886193459 -0.001184082762 0.05451521307 0.5060922651 -0.000151901841 0.01368855173 0.254506884 -0.9999761813 -0.0009791703511 -0.00683212757 0.000490402975 0.9773036005 -0.2118429419 0.0068844932 -0.2118412466 -0.9772798422 8.079106201e-06 -0.131486373 0
0.2216899265 0.06717426461 -0.1020882111 -0.00126241616 0.05627860109 0.5058337475 -0.0001619719101 0.01413427959 0.2544741944 -0.9999729224 -0.001077809637 -0.007279613671 0.0005398639887 0.9758064199 -0.2186356317 0.007339141346 -0.2186336415 -0.9757794155 8.63799154e-06 -0.1357773208 0
0.2286959559 0.06929716159 -0.1053144877 -0.001343237403 0.05804048336 0.5055670196 -0.000172364441 0.01457990966 0.254440458 -0.9999693406 -0.001182820801 -0.007740726119 0.0005925299212 0.9742622505 -0.2254167611 0.007808124883 -0.2254144365 -0.9742316793 9.216426359e-06 -0.1400682686 0
0.2357019853 0.07142005856 -0.1085407642 -0.001426543895 0.05980081287 0.5052920897 -0.0001830793494 0.01502543894 0.2544056753 -0.9999654153 -0.001294397035 -0.008215395026 0.0006484992157 0.9726711946 -0.2321859743 0.008291418931 -0.2321832719 -0.9726367157 9.814558778e-06 -0.1443592164 0
0.2427080147 0.07354295553 -0.1117670408 -0.00151233296 0.06155954269 0.5050089668 -0.0001941165481 0.01547086442 0.2543698465 -0.9999611255 -0.001412730771 -0.00870354841 0.0007078700522 0.9710333577 -0.2389429162 0.008788997846 -0.2389397884 -0.9709946092 1.043254116e-05 -0.1486501642 0
0.2497140441 0.0756658525 -0.1149933173 -0.001600601843 0.06331662595 0.50471766 -0.0002054759477 0.0159161831 0.2543329718 -0.9999564493 -0.00153801366 -0.009205112201 0.0007707403391 0.9693488483 -0.2456872327 0.00930083523 -0.2456836276 -0.969305447 1.107053003e-05 -0.152941112 0
0.2575958272 0.07805411159 -0.1186228784 -0.001702864961 0.06529131817 0.5043801691 -0.0002186402878 0.01641703517 0.2542902381 -0.9999506988 -0.001687500919 -0.009785306197 0.0008457738975 0.9673981261 -0.2532590577 0.009893661771 -0.2532548479 -0.967349005 1.181238177e-05 -0.1577684283 0
0.2646018566 0.08017700857 -0.121849155 -0.001796393946 0.0670447471 0.5040715028 -0.0002306840543 0.01686211686 0.2542511421 -0.9999451266 -0.00182818341 -0.01031511168 0.000916404319 0.9656148121 -0.2599753736 0.01043570729 -0.2599705607 -0.9655601502 1.249342308e-05 -0.1620593761 0
0.271607886 0.08229990554 -0.1250754315 -0.001892393628 0.06879638336 0.5037546826 -0.0002430497247 0.01730708229 0.2542110013 -0.9999390961 -0.001976408692 -0.01085808273 0.0009908383204 0.9637851846 -0.2666779635 0.01099192392 -0.2666724804 -0.963724528 1.319498656e-05 -0.1663503239 0
0.2786139154 0.08442280251 -0.128301708 -0.001990860924 0.07054618032 0.5034297187 -0.0002557371984 0.01775192846 0.254169816 -0.999932583 -0.002132364962 -0.01141413675 0.001069172609 0.9619093648 -0.2733664772 0.01156228213 -0.2733602514 -0.9618422358 1.391724554e-05 -0.1706412717 0
0.2856199448 0.08654569948 -0.1315279846 -0.002091792673 0.07229409142 0.5030966217 -0.0002687463725 0.01819665233 0.2541275866 -0.9999255625 -0.002296239523 -0.01198318909 0.00115150358 0.9599874768 -0.2800405657 0.01214675167 -0.2800335188 -0.9599133736 1.466037733e-05 -0.1749322195 0
0.2926259742 0.08866859645 -0.1347542611 -0.002195185635 0.07404007018 0.502755402 -0.0002820771412 0.01864125087 0.2540843134 -0.9999180091 -0.002468218763 -0.01256515306 0.001237927311 0.958019648 -0.2866998808 0.01274530153 -0.2866919287 -0.9579380436 1.542456311e-05 -0.1792231673 0
0.2996320036 0.09079149343 -0.1379805377 -0.002301036491 0.07578407016 0.5024060708 -0.0002957293964 0.01908572107 0.2540399967 -0.9999098967 -0.002648488132 -0.01315993994 0.001328539553 0.9560060085 -0.2933440755 0.01335789995 -0.2933351277 -0.9559163506 1.620998798e-05 -0.1835141151 0
0.3075137867 0.09317975252 -0.1416100988 -0.002423052423 0.07774364718 0.5020033912 -0.0003114723222 0.01958559284 0.2539888937 -0.9999000689 -0.00286143014 -0.01384428951 0.001435603697 0.9536860722 -0.3008002905 0.01406382511 -0.3007901061 -0.9535866615 1.711921364e-05 -0.1883414314 0
0.3145198161 0.09530264949 -0.1448363753 -0.002534114927 0.07948328846 0.5016368604 -0.0003258073647 0.02002978023 0.2539423611 -0.9998906796 -0.003059927376 -0.01446602131 0.001535432913 0.9515755314 -0.3074112075 0.01470616788 -0.3073998128 -0.9514668064 1.795040348e-05 -0.1926323792 0
0.3215258456 0.09742554646 -0.1480626519 -0.002647624447 0.08122080636 0.5012622539 -0.0003404635386 0.02047382979 0.2538947861 -0.999880646 -0.003267287989 -0.01510028579 0.001639747674 0.9494196064 -0.3140059272 0.01536245518 -0.31399321 -0.9493009318 1.880343523e-05 -0.196923327 0
0.328531875 0.09954844343 -0.1512889284 -0.002763577343 0.08295615476 0.5008795837 -0.0003554407248 0.02091773851 0.2538461694 -0.9998699397 -0.00348369333 -0.01574698596 0.001748642304 0.9472184397 -0.3205841072 0.01603265219 -0.3205699478 -0.9470891524 1.967850949e-05 -0.2012142748 0
0.3355379044 0.1016713404 -0.154515205 -0.002881969894 0.08468928761 0.5004888621 -0.0003707388018 0.02136150334 0.2537965112 -0.9998585317 -0.003709323706 -0.01640602286 0.001862210763 0.9449721769 -0.3271454065 0.01671672335 -0.3271296773 -0.9448315857 2.05758305e-05 -0.2055052226 0
0.3425439338 0.1037942374 -0.1577414815 -0.003002798301 0.08642015895 0.5000901016 -0.0003863576452 0.02180512126 0.253745812 -0.9998463922 -0.003944358352 -0.01707729552 0.001980546637 0.9426809666 -0.3336894853 0.01741463236 -0.3336720504 -0.9425283515 2.149560611e-05 -0.2097961704 0
0.3504257169 0.1061824965 -0.1613710426 -0.00314163704 0.08836462887 0.4996319031 -0.0004043121023 0.02230401204 0.2536875316 -0.9998318234 -0.004220235137 -0.01784697462 0.002119489085 0.9400498173 -0.3410305687 0.01821627442 -0.3410110418 -0.9398827782 2.25574573e-05 -0.2146234867 0
0.3574317463 0.1083053934 -0.1645973192 -0.003267628677 0.09009054226 0.4992161028 -0.0004206121503 0.02274730771 0.2536346217 -0.9998180287 -0.004475843965 -0.01854390417 0.002248264709 0.9376635999 -0.3475369315 0.01894346502 -0.3475153814 -0.9374829091 2.352565527e-05 -0.2189144345 0
0.3644377757 0.1104282904 -0.1678235957 -0.003396043801 0.09181405102 0.4987923045 -0.0004372325598 0.02319044701 0.2535806721 -0.9998034062 -0.004741410049 -0.01925274142 0.002382097723 0.9352329179 -0.3540250203 0.01968437532 -0.354001283 -0.9350377623 2.451698016e-05 -0.2232053823 0
0.3714438051 0.1125511874 -0.1710498723 -0.003526878295 0.09353510953 0.4983605218 -0.0004541731958 0.02363342689 0.2535256833 -0.9997879239 -0.005017107988 -0.0199733774 0.002521080098 0.9327579318 -0.3604945004 0.02043896603 -0.3604684027 -0.9325474676 2.553165424e-05 -0.2274963301 0
0.3784498345 0.1146740844 -0.1742761488 -0.003660127962 0.09525367227 0.4979207684 -0.000471433921 0.02407624434 0.2534696557 -0.9997715494 -0.005303111207 -0.02070570122 0.002665303396 0.9302388051 -0.3669450389 0.02120719711 -0.3669163971 -0.9300121571 2.656990319e-05 -0.2317872779 0
0.3854558639 0.1167969813 -0.1775024253 -0.003795788533 0.09696969378 0.4974730585 -0.000489014595 0.02451889634 0.2534125899 -0.9997542494 -0.005599591934 -0.02144960007 0.00281485876 0.9276757042 -0.3733763041 0.02198902779 -0.3733449242 -0.9274319653 2.763195602e-05 -0.2360782257 0
0.3924618933 0.1189198783 -0.1807287019 -0.003933855656 0.09868312872 0.4970174065 -0.0005069150751 0.02496137984 0.2533544863 -0.9997359904 -0.005906721179 -0.02220495926 0.002969836909 0.9250687981 -0.3797879656 0.0227844166 -0.379753643 -0.924807029 2.871804506e-05 -0.2403691735 0
0.4003436764 0.1213081374 -0.184358263 -0.004092052241 0.1006075949 0.4964953228 -0.0005274352025 0.02545896862 0.2532878798 -0.9997142599 -0.006265181221 -0.02306829182 0.003150781648 0.9220838823 -0.386977243 0.02369538263 -0.3869393512 -0.9218006657 2.996891947e-05 -0.2451964898 0
0.4073497058 0.1234310344 -0.1875845395 -0.004235218502 0.1023153832 0.4960228425 -0.0005460147849 0.02590108406 0.2532275725 -0.9996938485 -0.006595500691 -0.02384761482 0.003317582446 0.9193844651 -0.3933461567 0.02451944145 -0.3933048496 -0.919081113 3.110687168e-05 -0.2494874376 0
0.4143557353 0.1255539313 -0.1908108161 -0.004380777234 0.1040204438 0.4955424665 -0.0005649137107 0.02634302155 0.2531662289 -0.9996723692 -0.00693699501 -0.02463802766 0.003490086706 0.9166417898 -0.399694444 0.02535692414 -0.3996494806 -0.9163172589 3.226960695e-05 -0.2537783854 0
0.4213617647 0.1276768283 -0.1940370926 -0.004528723772 0.1057227317 0.4950542102 -0.0005841318263 0.02678477809 0.2531038496 -0.9996497861 -0.00728982995 -0.02543940794 0.003668383319 0.9138560371 -0.4060217807 0.02620778626 -0.4059729077 -0.9135092502 3.34573708e-05 -0.2580693332 0
0.4283677941 0.1297997253 -0.1972633692 -0.004679053377 0.107422202 0.4945580892 -0.0006036689758 0.02722635066 0.2530404351 -0.9996260629 -0.007654169963 -0.02625163143 0.003852560714 0.9110273908 -0.412327844 0.02707198269 -0.4122747953 -0.9106572357 3.467041183e-05 -0.262360281 0
0.4353738235 0.1319226223 -0.2004896457 -0.004831761233 0.1091188101 0.4940541196 -0.0006235250005 0.02766773624 0.2529759859 -0.9996011624 -0.008030178159 -0.02707457209 0.004042706851 0.9081560373 -0.4186123128 0.02794946755 -0.418554809 -0.9077613668 3.590898171e-05 -0.2666512288 0
0.4423798529 0.1340455192 -0.2037159223 -0.00498684245 0.1108125112 0.4935423173 -0.0006436997392 0.0281089318 0.2529105025 -0.9995750471 -0.008418016287 -0.02790810207 0.004238909214 0.9052421657 -0.4248748676 0.02884019431 -0.4248126158 -0.9048217972 3.71733351e-05 -0.2709421766 0
0.450261636 0.1364337783 -0.2073454834 -0.00516413954 0.1127143947 0.4929571977 -0.0006667770791 0.02860504594 0.2528355983 -0.9995441681 -0.008868674273 -0.02885831933 0.004466984267 0.9019134767 -0.4318936519 0.02985803124 -0.4318256906 -0.9014627396 3.862687292e-05 -0.2757694929 0
0.4572676654 0.1385566753 -0.2105717599 -0.005324247563 0.1144017707 0.4924288058 -0.000687628538 0.02904582772 0.2527679192 -0.9995153446 -0.009282181745 -0.02971391889 0.004676344381 0.8989098948 -0.4381085857 0.03077673922 -0.4380352065 -0.8984308266 3.994687537e-05 -0.2800604407 0
0.4642736948 0.1406795723 -0.2137980365 -0.005486713178 0.1160861008 0.4918926333 -0.0007087981904 0.02948641008 0.2526992077 -0.9994851858 -0.009708015637 -0.03057969671 0.004892030972 0.8958644035 -0.4443006173 0.03170853909 -0.4442214818 -0.8953557079 4.129347615e-05 -0.2843513885 0
0.4712797242 0.1428024692 -0.217024313 -0.005651531184 0.1177673408 0.4913486975 -0.0007302858645 0.02992679 0.2526294644 -0.9994536519 -0.01014633188 -0.0314555176 0.005114129494 0.8927772034 -0.4504694338 0.03265338141 -0.4503841883 -0.8922375466 4.266694193e-05 -0.2886423363 0
0.4782857536 0.1449253662 -0.2202505895 -0.005818696304 0.1194454466 0.4907970156 -0.0007520913859 0.03036696448 0.2525586899 -0.9994207029 -0.01059728496 -0.03234124464 0.005342724886 0.8896484974 -0.4566147242 0.03361121604 -0.456522999 -0.8890765083 4.406754218e-05 -0.2929332841 0
0.485291783 0.1470482632 -0.2234768661 -0.005988203189 0.1211203742 0.4902376054 -0.0007742145773 0.0308069305 0.2524868847 -0.9993862981 -0.01106102786 -0.03323673918 0.005577901572 0.8864784914 -0.462736179 0.03458199218 -0.4626375882 -0.8858727605 4.549554916e-05 -0.2972242319 0
0.4922978125 0.1491711602 -0.2267031426 -0.006160046416 0.1227920797 0.4896704847 -0.0007966552594 0.03124668506 0.2524140494 -0.9993503963 -0.01153771209 -0.03414186088 0.005819743454 0.8832673936 -0.4688334906 0.0355656583 -0.4687276315 -0.8826264733 4.695123785e-05 -0.3015151797 0
0.5001795955 0.1515594192 -0.2303327037 -0.006356155857 0.1246688425 0.4890232802 -0.0008222803002 0.03174115244 0.2523308793 -0.9993081655 -0.01208963747 -0.03517145328 0.006099886344 0.8796060542 -0.4756637267 0.03668762525 -0.4755491879 -0.8789237669 4.862232177e-05 -0.306342496 0
0.507185625 0.1536823162 -0.2335589803 -0.006532945463 0.1263335558 0.4884398354 -0.0008453950415 0.03218044768 0.2522558572 -0.9992689436 -0.01259431811 -0.03609655889 0.006356167908 0.8763083406 -0.4817087205 0.03769850848 -0.481586 -0.8755876581 5.01377594e-05 -0.3106334438 0
0.5141916544 0.1558052132 -0.2367852568 -0.006712053986 0.1279949107 0.4878487377 -0.0008688266955 0.03261952208 0.252179807 -0.9992280929 -0.01311240368 -0.03703084213 0.006619373405 0.8729702035 -0.487728621 0.03872211635 -0.4875972608 -0.8722095556 5.168175528e-05 -0.3149243916 0
0.5211976838 0.1579281102 -0.2400115334 -0.006893475698 0.1296528636 0.4872500059 -0.0008925750719 0.03305837264 0.2521027294 -0.9991855702 -0.0136440393 -0.03797415574 0.006889584505 0.869591862 -0.4937231281 0.03975839456 -0.4935826515 -0.8687896387 5.325459527e-05 -0.3192153394 0
0.5282037132 0.1600510071 -0.2432378099 -0.007077204798 0.1313073713 0.4866436593 -0.0009166399779 0.03349699637 0.2520246249 -0.9991413319 -0.01418936852 -0.0389263508 0.00716688232 0.8661735378 -0.4996919433 0.04080728811 -0.4995418544 -0.8653280886 5.48565678e-05 -0.3235062872 0
0.5352097426 0.1621739041 -0.2464640865 -0.007263235413 0.1329583906 0.4860297171 -0.0009410212181 0.03393539027 0.2519454942 -0.9990953337 -0.01474853328 -0.03988727677 0.007451347398 0.8627154552 -0.5056347701 0.04186874137 -0.5054745534 -0.8618250892 5.64879638e-05 -0.327797235 0
0.542215772 0.1642968011 -0.249690363 -0.007451561597 0.1346058786 0.4854081991 -0.0009657185946 0.03437355135 0.251865338 -0.9990475313 -0.0153216739 -0.04085678152 0.007743059719 0.859217841 -0.5115513138 0.04294269802 -0.5113804337 -0.8582808263 5.814907668e-05 -0.3320881828 0
0.5500975551 0.1666850602 -0.2533199241 -0.00766616498 0.1364550279 0.4846999605 -0.0009938807751 0.03486620055 0.2517739373 -0.9989915405 -0.0159833352 -0.04195753719 0.008079997641 0.8552360581 -0.5181756446 0.04416577373 -0.5179921022 -0.8542444419 6.005371809e-05 -0.3369154991 0
0.5571035845 0.1688079571 -0.2565462007 -0.007859349174 0.1380948693 0.4840624099 -0.001019249272 0.03530385697 0.2516916041 -0.9989397536 -0.01658663285 -0.04294475941 0.008387373265 0.8516552037 -0.5240353672 0.04526611006 -0.5238399543 -0.850613121 6.177896465e-05 -0.3412064469 0
0.5641096139 0.1709308541 -0.2597724772 -0.00805480989 0.1397310456 0.4834173463 -0.001044933271 0.03574127122 0.2516082476 -0.9988860199 -0.01720433418 -0.04394007475 0.00870224232 0.8480355425 -0.5298678983 0.04637876952 -0.5296600132 -0.8469411315 6.353486059e-05 -0.3454973947 0
0.5711156433 0.1730537511 -0.2629987538 -0.008252540884 0.1413635142 0.4827647903 -0.001070932562 0.03617844034 0.2515238683 -0.998830293 -0.01783657259 -0.04494332461 0.009024682367 0.8443773115 -0.5356729514 0.04750369309 -0.5354519703 -0.8432286681 6.532170918e-05 -0.3497883425 0
0.5781216727 0.1751766481 -0.2662250303 -0.008452535842 0.1429922329 0.4821047627 -0.001097246934 0.03661536134 0.251438467 -0.9987725261 -0.0184834798 -0.04595434885 0.009354770365 0.8406807503 -0.5414502418 0.04864082108 -0.5412155182 -0.8394759278 6.713981603e-05 -0.3540792903 0
0.5851277022 0.177299545 -0.2694513068 -0.008654788378 0.1446171594 0.4814372846 -0.001123876175 0.03705203123 0.2513520445 -0.9987126716 -0.0191451858 -0.0469729858 0.009692582665 0.8369461006 -0.5471994869 0.04979009315 -0.5469503511 -0.8356831098 6.898948899e-05 -0.3583702381 0
0.5921337316 0.179422442 -0.2726775834 -0.008859292035 0.1462382515 0.4807623774 -0.001150820067 0.03748844705 0.2512646014 -0.9986506819 -0.01982181882 -0.04799907233 0.010038195 0.8331736068 -0.5529204062 0.05095144833 -0.5526561648 -0.8318504153 7.087103819e-05 -0.3626611859 0
0.6000155147 0.1818107011 -0.2763071445 -0.009092041313 0.1480573446 0.4799942533 -0.001181507781 0.03797910743 0.251165009 -0.9985783312 -0.02060103084 -0.0491621192 0.01043642587 0.8288846229 -0.5593222354 0.05227233926 -0.5590401412 -0.8274912223 7.302627208e-05 -0.3674885022 0
0.6070215441 0.1839335981 -0.279533421 -0.009301306841 0.1496701495 0.4793036308 -0.001209119579 0.03841497346 0.2510753997 -0.9985116435 -0.02130980151 -0.05020348765 0.01079886192 0.8250325321 -0.56498204 0.05345916567 -0.5646832858 -0.823574468 7.497659805e-05 -0.37177945 0
0.6140275735 0.186056495 -0.2827596976 -0.009512802858 0.1512789894 0.4786056471 -0.001237045336 0.03885057612 0.2509847722 -0.9984426684 -0.02203388851 -0.05125178639 0.01116933067 0.8211433759 -0.5706126553 0.05465788052 -0.5702964703 -0.8196184796 7.695978355e-05 -0.3760703978 0
0.6210336029 0.188179392 -0.2859859741 -0.009726522617 0.1528838226 0.4779003247 -0.001265284827 0.03928591245 0.2508931271 -0.9983713565 -0.02277341272 -0.05230684627 0.01154790525 0.817217408 -0.5762138093 0.05586842022 -0.5758793969 -0.8156234669 7.897614765e-05 -0.3803613456 0
0.6280396323 0.190302289 -0.2892122507 -0.009942459301 0.1544846079 0.4771876859 -0.001293837822 0.03972097948 0.2508004654 -0.9982976578 -0.02352849315 -0.05336849677 0.01193465817 0.8132548847 -0.5817852322 0.05709072054 -0.5814317694 -0.8115896421 8.102601154e-05 -0.3846522934 0
0.6350456617 0.192425186 -0.2924385272 -0.01016060603 0.1560813039 0.4764677535 -0.001322704088 0.04015577425 0.2507067878 -0.9982215219 -0.02429924702 -0.05443656594 0.01232966127 0.8092560647 -0.5873266564 0.05832471663 -0.5869532932 -0.807517219 8.310969849e-05 -0.3889432412 0
0.6420516911 0.1945480829 -0.2956648038 -0.01038095583 0.1576738696 0.4757405504 -0.001351883392 0.04059029379 0.250612095 -0.9981428982 -0.02508578965 -0.05551088047 0.01273298575 0.8052212085 -0.5928378163 0.05957034301 -0.5924436754 -0.8034064138 8.52275338e-05 -0.393234189 0
0.6499334742 0.196936342 -0.2992943649 -0.01063147399 0.1594605179 0.474913785 -0.001385083992 0.04107879562 0.2505043531 -0.9980514091 -0.02598966381 -0.05672673194 0.01319676023 0.8006392486 -0.5990013682 0.06098549222 -0.5985827686 -0.7987361509 8.765132413e-05 -0.3980615053 0
0.6569395036 0.199059239 -0.3025206414 -0.01085648195 0.1610441707 0.474171209 -0.001414927712 0.0415127205 0.2504075058 -0.9979673285 -0.02681013194 -0.05781373626 0.01361800099 0.796528692 -0.604447345 0.06225561279 -0.6040060097 -0.7945445104 8.984281403e-05 -0.4023524531 0
0.663945533 0.201182136 -0.305746918 -0.01108367081 0.1626235657 0.4734214356 -0.00144508372 0.04194636093 0.2503096458 -0.997880599 -0.0276467371 -0.05890643568 0.01404778132 0.7923829285 -0.6098622422 0.06353715509 -0.6093972043 -0.790315176 9.206948181e-05 -0.4066434009 0
0.6709515624 0.2033050329 -0.3089731945 -0.01131303335 0.1641986622 0.4726644885 -0.001475551773 0.04237971395 0.2502107739 -0.9977911682 -0.02849958682 -0.06000465143 0.01448616966 0.7882022281 -0.6152458034 0.06483005114 -0.6147560664 -0.7860483721 9.433166094e-05 -0.4109343487 0
0.6779575919 0.2054279299 -0.312199471 -0.01154456224 0.1657694201 0.4719003919 -0.001506331622 0.04281277661 0.2501108911 -0.9976989836 -0.02936878667 -0.06110820344 0.01493323375 0.7839868627 -0.6205977744 0.06613423235 -0.6200823118 -0.7817443251 9.662968685e-05 -0.4152252965 0
0.6849636213 0.2075508269 -0.3154257476 -0.01177825013 0.167335799 0.4711291702 -0.001537423018 0.04324554598 0.2500099981 -0.997603992 -0.03025444027 -0.06221691037 0.01538904065 0.7797371066 -0.6259179036 0.0674496295 -0.6253756579 -0.7774032634 9.896389684e-05 -0.4195162443 0
0.6919696507 0.2096737239 -0.3186520241 -0.01201408957 0.1688977591 0.4703508479 -0.001568825709 0.0436780191 0.2499080958 -0.9975061401 -0.0311566493 -0.06333058964 0.01585365674 0.7754532359 -0.6312059415 0.06877617282 -0.6306358237 -0.7730254173 0.0001013346301 -0.4238071921 0
0.6998514338 0.2120619829 -0.3222815852 -0.01228197137 0.1706496324 0.4694667788 -0.001604525513 0.04416419361 0.2497922503 -0.9973925708 -0.03219154741 -0.06458919343 0.0163869613 0.7705934504 -0.6371163172 0.07028176955 -0.6365135022 -0.7680566609 0.0001040457864 -0.4286345084 0
0.7068574632 0.2141848799 -0.3255078618 -0.01252235785 0.17220207 0.4686734502 -0.001636588856 0.04459602747 0.2496882061 -0.9972884618 -0.03312926524 -0.06571282714 0.01687051405 0.766238013 -0.6423353433 0.07163176406 -0.6417022357 -0.7636014216 0.0001064952662 -0.4329254562 0
0.7138634926 0.2163077769 -0.3287341383 -0.0127648722 0.1737499646 0.4678730992 -0.001668962687 0.04502755591 0.2495831552 -0.9971813234 -0.03408384341 -0.06684085483 0.01736307886 0.7618493376 -0.6475215134 0.07299268284 -0.6468569227 -0.7591101302 0.0001089823411 -0.437216404 0
0.720869522 0.2184306739 -0.3319604149 -0.01300950671 0.1752932767 0.4670657513 -0.001701646746 0.045458776 0.2494770986 -0.9970711007 -0.03505537534 -0.06797308897 0.01786471917 0.7574277089 -0.6526745878 0.07436445369 -0.6519772898 -0.754583025 0.0001115073578 -0.4415073518 0
0.7278755514 0.2205535708 -0.3351866914 -0.0132562536 0.1768319673 0.466251432 -0.001734640766 0.04588968481 0.2493700371 -0.9969577386 -0.03604395243 -0.0691093409 0.01837549771 0.7529734136 -0.6577943292 0.07574700384 -0.6570630654 -0.7500203461 0.0001140706647 -0.4457982996 0
0.7348815808 0.2226764678 -0.338412968 -0.01350510502 0.1783659971 0.4654301672 -0.00176794448 0.04632027943 0.2492619716 -0.9968411816 -0.03704966403 -0.07024942083 0.01889547649 0.7484867404 -0.6628805024 0.07714025992 -0.6621139795 -0.7454223356 0.000116672612 -0.4500892474 0
0.7427633639 0.2250647269 -0.3420425291 -0.0137875686 0.1800861614 0.464497975 -0.001805781001 0.04680431916 0.249139199 -0.9967061666 -0.03820167931 -0.07153634867 0.01949152605 0.7434008932 -0.6685620334 0.07872037789 -0.667754254 -0.7402076454 0.0001196464285 -0.4549165637 0
0.7497693933 0.2271876239 -0.3452688056 -0.01404086581 0.1816101584 0.4636620382 -0.001839741913 0.0472342364 0.2490290032 -0.9965826349 -0.03924408905 -0.07268392789 0.02003125789 0.7388463841 -0.6735761051 0.08013613796 -0.6727302001 -0.7355353678 0.0001223316574 -0.4592075115 0
0.7567754227 0.2293105208 -0.3484950822 -0.01429624261 0.1831293738 0.4628192383 -0.001874011665 0.04766383031 0.2489178062 -0.9964557329 -0.04030389923 -0.07383473495 0.02058037902 0.7342604116 -0.6785558901 0.08156237109 -0.6776704536 -0.7308285271 0.0001250566323 -0.4634984593 0
0.7637814521 0.2314334178 -0.3517213587 -0.01455369091 0.1846437692 0.461969602 -0.00190858998 0.04809309798 0.248805609 -0.996325404 -0.04138119064 -0.0749885756 0.02113894841 0.7296432722 -0.6835011633 0.08299900162 -0.6825747523 -0.726087373 0.0001278217104 -0.4677894071 0
0.7707874815 0.2335563148 -0.3549476353 -0.01481320252 0.1861533064 0.4611131563 -0.001943476576 0.0485220365 0.2486924126 -0.996191591 -0.04247604198 -0.07614525457 0.02170702428 0.7249952642 -0.6884117024 0.08444595332 -0.687442836 -0.7213121573 0.0001306272506 -0.4720803549 0
0.777793511 0.2356792118 -0.3581739118 -0.01507476919 0.1876579474 0.4602499284 -0.00197867117 0.04895064297 0.2485782179 -0.9960542368 -0.04358852981 -0.07730457558 0.02228466409 0.7203166879 -0.6932872874 0.08590314944 -0.6922744464 -0.7165031331 0.0001334736134 -0.4763713027 0
0.7847995404 0.2378021087 -0.3614001883 -0.01533838264 0.1891576544 0.4593799457 -0.002014173477 0.04937891448 0.2484630259 -0.9959132837 -0.04471872858 -0.07846634137 0.02287192457 0.7156078453 -0.6981277009 0.08737051264 -0.6970693273 -0.7116605557 0.0001363611609 -0.4806622505 0
0.7926813235 0.2401903678 -0.3650297495 -0.01563738388 0.1908388801 0.4583931755 -0.002054481026 0.04986031593 0.2483322439 -0.9957503375 -0.04601146222 -0.07977600328 0.02354416192 0.710274598 -0.7035308578 0.08903335215 -0.7024193482 -0.7061728694 0.0001396593336 -0.4854895668 0
0.7996873529 0.2423132648 -0.368256026 -0.01590531886 0.1923279773 0.4575089309 -0.002090636263 0.05028786601 0.2482149357 -0.9956015442 -0.0471795341 -0.08094230483 0.02415205111 0.7055024505 -0.7082958215 0.09052206127 -0.7071353364 -0.7012598466 0.0001426356087 -0.4897805146 0
0.8066933823 0.2444361618 -0.3714823025 -0.01617527425 0.1938120233 0.4566180184 -0.002127098303 0.05071507208 0.2480966333 -0.9954489703 -0.0483655357 -0.08211042854 0.02476973323 0.7007009918 -0.7130249508 0.09202069243 -0.7118138065 -0.6963140793 0.0001456542106 -0.4940714624 0
0.8136994117 0.2465590587 -0.3747085791 -0.01644724151 0.1952909811 0.4557204663 -0.002163866851 0.05114193124 0.2479773375 -0.9952925571 -0.04956953255 -0.08328017329 0.02539726185 0.6958705312 -0.7177180386 0.0935291661 -0.7164545103 -0.69133583 0.0001487155081 -0.4983624102 0
0.8207054411 0.2486819557 -0.3779348556 -0.016721212 0.1967648136 0.4548163031 -0.002200941609 0.05156844061 0.2478570494 -0.9951322456 -0.05079158802 -0.08445133706 0.0260346897 0.6910113795 -0.7223748807 0.09504740227 -0.7210572016 -0.6863253626 0.0001518198715 -0.502653358 0
0.8277114705 0.2508048527 -0.3811611322 -0.01699717705 0.198233484 0.4539055574 -0.002238322275 0.05199459729 0.24773577 -0.9949679767 -0.05203176327 -0.08562371698 0.02668206879 0.6861238494 -0.7269952754 0.09657532037 -0.7256216361 -0.6812829432 0.0001549676726 -0.5069443058 0
0.8347174999 0.2529277497 -0.3843874087 -0.01727512791 0.199696956 0.4529882581 -0.002276008546 0.0524203984 0.2476135003 -0.994799691 -0.05329011726 -0.08679710932 0.02733945028 0.6812082551 -0.7315790235 0.09811283934 -0.7301475718 -0.6762088391 0.0001581592848 -0.5112352536 0
0.842599283 0.2553160087 -0.3880169698 -0.01759018533 0.2013371026 0.451948499 -0.002318770513 0.05289899606 0.2474747645 -0.9946054939 -0.05472756534 -0.08811813117 0.0280910232 0.675645059 -0.7366916917 0.09985392263 -0.7351929323 -0.6704629344 0.0001618026831 -0.5160625699 0
0.8496053124 0.2574389057 -0.3912432464 -0.01787232672 0.202789407 0.45101737 -0.002357105176 0.05332403204 0.2473503938 -0.9944284741 -0.05602473479 -0.0892929948 0.02876982618 0.6706708786 -0.741196917 0.101411572 -0.7396362631 -0.6653223965 0.0001650886403 -0.5203535177 0
0.8566113418 0.2595618027 -0.3944695229 -0.01815642622 0.2042363996 0.4500797788 -0.00239574448 0.05374870347 0.2472250361 -0.9942472504 -0.05734025291 -0.09046822904 0.02945878643 0.6656696258 -0.7456648906 0.1029785656 -0.7440403515 -0.6601510209 0.0001684195849 -0.5246444655 0
0.8636173712 0.2616846997 -0.3976957995 -0.01844247482 0.2056780448 0.4491357552 -0.002434688111 0.05417300749 0.2470986923 -0.9940617624 -0.05867416947 -0.09164362692 0.03015795185 0.6606416216 -0.7500954244 0.1045548203 -0.7484049637 -0.6549490819 0.0001717958964 -0.5289354133 0
0.8706234007 0.2638075966 -0.400922076 -0.01873046348 0.2071143069 0.4481853289 -0.002473935753 0.05459694121 0.2469713636 -0.9938719496 -0.06002653198 -0.09281898074 0.03086736954 0.6555871879 -0.7544883329 0.1061402526 -0.7527298682 -0.6497168555 0.000175217956 -0.5332263611 0
0.8776294301 0.2659304936 -0.4041483525 -0.01902038308 0.2085451504 0.4472285302 -0.002513487087 0.05502050179 0.246843051 -0.9936777514 -0.06139738569 -0.09399408209 0.03158708578 0.6505066485 -0.7588434333 0.1077347783 -0.7570148356 -0.6444546192 0.000178686146 -0.5375173089 0
0.8846354595 0.2680533906 -0.4073746291 -0.01931222445 0.2099705401 0.4462653891 -0.002553341793 0.05544368637 0.2467137556 -0.9934791067 -0.0627867736 -0.09516872186 0.03231714604 0.6454003284 -0.7631605454 0.1093383127 -0.7612596384 -0.6391626524 0.0001822008503 -0.5418082567 0
0.8925172426 0.2704416497 -0.4110041902 -0.01964283163 0.211567541 0.4451743123 -0.002598540558 0.05591931601 0.2465671248 -0.9932502405 -0.06437203974 -0.09648937865 0.03315088376 0.639625309 -0.7679716681 0.1111529514 -0.7659867522 -0.633174002 0.0001862109718 -0.546635573 0
0.899523272 0.2725645466 -0.4142304667 -0.01993872608 0.2129812254 0.4441977952 -0.002639038851 0.0563416921 0.2464357444 -0.9930419442 -0.06580094511 -0.09766234024 0.03390307232 0.634465291 -0.7722074697 0.1127753464 -0.7701454604 -0.6278197919 0.0001898258003 -0.5509265208 0
0.9065293014 0.2746874436 -0.4174567433 -0.02023651327 0.2143893471 0.4432150316 -0.002679839497 0.05676368327 0.2463033847 -0.99282901 -0.06724850428 -0.09883418258 0.03466574174 0.6292805173 -0.7764047378 0.1144064829 -0.7742633074 -0.6224367337 0.0001934883522 -0.5552174686 0
0.9135353308 0.2768103406 -0.4206830198 -0.02053618381 0.2157918718 0.4422260526 -0.002720942164 0.05718528668 0.2461700466 -0.9926113762 -0.0687147508 -0.1000046939 0.03543893408 0.6240713188 -0.7805633036 0.1160462741 -0.7783400748 -0.6170251131 0.0001971990172 -0.5595084164 0
0.9205413602 0.2789332376 -0.4239092964 -0.02083772824 0.2171887651 0.4412308893 -0.002762346518 0.05760649948 0.2460357313 -0.9923889812 -0.0701997159 -0.101173662 0.03622269059 0.6188380277 -0.7846830011 0.1176946332 -0.7823755463 -0.6115852172 0.0002009581865 -0.5637993642 0
0.9275473896 0.2810561345 -0.4271355729 -0.02114113702 0.2185799931 0.4402295732 -0.002804052224 0.05802731885 0.24590044 -0.992161763 -0.07170342849 -0.102340874 0.0370170517 0.6135809774 -0.7887636668 0.1193514726 -0.7863695077 -0.6061173347 0.0002047662527 -0.568090312 0
0.934553419 0.2831790315 -0.4303618495 -0.0214464006 0.2199655218 0.4392221359 -0.002846058942 0.05844774194 0.2457641737 -0.9919296594 -0.07322591516 -0.1035061163 0.03782205698 0.6083005025 -0.7928051404 0.1210167045 -0.7903217471 -0.6006217556 0.0002086236097 -0.5723812598 0
0.9424352021 0.2855672906 -0.4339914106 -0.02179202718 0.2215173875 0.4380814918 -0.002893675881 0.05892024073 0.2456097102 -0.991662626 -0.0749611837 -0.1048143934 0.03874045924 0.6023323872 -0.7973047549 0.122900012 -0.7947178847 -0.5944064861 0.0002130225468 -0.5772085761 0
0.9494412315 0.2876901876 -0.4372176871 -0.02210120013 0.222890694 0.4370611527 -0.002936321117 0.05933981235 0.2454713759 -0.9914199345 -0.07652364298 -0.1059747397 0.03956821097 0.5970032524 -0.8012624247 0.124582784 -0.7985807715 -0.5888530218 0.0002169859615 -0.5814995239 0
0.9564472609 0.2898130845 -0.4404439637 -0.02241219759 0.2242581969 0.4360347923 -0.002979266293 0.05975897887 0.2453320703 -0.991172163 -0.07810494441 -0.1071324463 0.04040672513 0.5916517471 -0.8051804188 0.1262736709 -0.8024012885 -0.5832727768 0.0002209999072 -0.5857904717 0
0.9634532904 0.2919359815 -0.4436702402 -0.02272500976 0.2256198631 0.435002443 -0.003022511059 0.06017773747 0.2451917945 -0.9909192487 -0.07970510495 -0.1082872979 0.04125603782 0.5862782109 -0.809058588 0.1279725829 -0.806179233 -0.5776660474 0.0002250647835 -0.5900814195 0
0.9704593198 0.2940588785 -0.4468965168 -0.02303962677 0.2269756598 0.4339641372 -0.003066055065 0.06059608532 0.2450505497 -0.990661129 -0.08132413918 -0.1094390787 0.0421161843 0.5808829846 -0.8128967863 0.1296794301 -0.8099144045 -0.5720331309 0.0002291809915 -0.5943723673 0
0.9774653492 0.2961817755 -0.4501227933 -0.02335603873 0.2283255545 0.4329199078 -0.003109897957 0.06101401963 0.244908337 -0.9903977411 -0.08296205934 -0.1105875725 0.04298719894 0.5754664103 -0.8166948704 0.1313941217 -0.8136066048 -0.5663743263 0.0002333489336 -0.5986633151 0
0.9844713786 0.2983046724 -0.4533490698 -0.02367423566 0.2296695148 0.4318697876 -0.00315403938 0.06143153758 0.2447651577 -0.9901290221 -0.08461887531 -0.1117325628 0.0438691153 0.5700288309 -0.8204526999 0.1331165668 -0.817255638 -0.5606899337 0.0002375690134 -0.6029542629 0
0.9923531617 0.3006929315 -0.456978631 -0.02403432834 0.2311743365 0.4306814021 -0.003204054872 0.06190074411 0.244602927 -0.9898202625 -0.0865053889 -0.1130162189 0.04487434281 0.5638868749 -0.8246319698 0.1350634717 -0.8213089614 -0.554264782 0.0002423794285 -0.6077815792 0
0.9993591911 0.3028158285 -0.4602049075 -0.02435628502 0.2325055795 0.4296188739 -0.003248829479 0.062317368 0.2444576975 -0.9895400057 -0.08820238038 -0.1141530434 0.04577953273 0.5584058034 -0.8283038048 0.1368020892 -0.8248656247 -0.5485270181 0.0002467116477 -0.612072527 0
