0.007699266022 0.004818739625 0.001426058053 -3.153551444e-06 0.001963299338 0.5099949613 -3.955166462e-07 0.0004891031316 0.2549993744 -0.9999999998 -9.326500835e-08 -1.83651931e-05 4.742732787e-08 0.9999706567 -0.007660665407 1.836536868e-05 -0.007660665407 -0.9999706565 3.622650552e-08 0.00189665721 0
0.01439853204 0.00901160925 0.002666896105 -1.102892618e-05 0.003671537392 0.5099823782 -1.390713568e-06 0.000916333079 0.2549978 -0.9999999979 -6.126722567e-07 -6.422665009e-05 3.074924431e-07 0.9998973796 -0.01432585734 6.422883618e-05 -0.01432585733 -0.9998973776 6.160386101e-08 0.00354697182 0
0.02109779807 0.01320447888 0.003907734158 -2.367902801e-05 0.005379660784 0.5099621662 -2.995846863e-06 0.001344182621 0.2549952606 -0.9999999905 -1.928790862e-06 -0.0001378872758 9.65910551e-07 0.9997796822 -0.02099016344 0.0001378973825 -0.02099016338 -0.9997796727 4.52252512e-08 0.00519728643 0
0.02779706409 0.0173973485 0.00514857221 -4.110338288e-05 0.007087616173 0.509934326 -5.210217328e-06 0.001772116074 0.2549917573 -0.9999999713 -4.412146699e-06 -0.0002393359696 2.20793933e-06 0.9996175779 -0.02765317171 0.0002393664521 -0.02765317145 -0.9996175493 9.268656727e-09 0.00684760104 0
0.03533373836 0.02211432683 0.00654451502 -6.641168642e-05 0.009008798758 0.509893889 -8.428572602e-06 0.002253478092 0.2549866656 -0.9999999252 -9.062243986e-06 -0.000386661976 4.533360768e-06 0.9993821536 -0.0351469919 0.000386741589 -0.03514699102 -0.9993820788 1.006490698e-07 0.008704204976 0
0.04203300438 0.02630719645 0.007785353072 -9.397893812e-05 0.01071622006 0.5098498427 -1.193520833e-05 0.002681278933 0.2549811177 -0.9999998502 -1.52553207e-05 -0.0005471043398 7.630193053e-06 0.9991257522 -0.04180587507 0.0005472637971 -0.04180587298 -0.9991256025 2.09346104e-07 0.01035451959 0
0.04873227041 0.03050006608 0.009026191125 -0.0001263178084 0.01242330671 0.5097981725 -1.604946499e-05 0.003109012473 0.2549746086 -0.9999997294 -2.377206773e-05 -0.0007352731006 1.188880027e-05 0.9988250185 -0.04846217414 0.0007355612144 -0.04846216977 -0.9988247479 3.40723807e-07 0.0120048342 0
0.05543153643 0.0346929357 0.01026702918 -0.0001634270853 0.01413000542 0.5097388801 -2.077119081e-05 0.003536685386 0.2549671383 -0.9999995471 -3.498186972e-05 -0.0009511399 1.749384144e-05 0.9984799867 -0.05511547811 0.0009516221971 -0.05511546978 -0.9984795338 4.938281141e-07 0.01365514881 0
0.0629682107 0.03940991403 0.01166297199 -0.0002108754101 0.01604951141 0.5096630684 -2.680911413e-05 0.004017750931 0.2549575858 -0.9999992459 -5.127131639e-05 -0.001227057191 2.563855577e-05 0.998038925 -0.0625963537 0.001227860237 -0.06259633796 -0.998038171 6.9144941e-07 0.01551175274 0
0.06966747673 0.04360278366 0.01290381004 -0.0002581169615 0.01775520884 0.5095875869 -3.282137714e-05 0.004445308675 0.2549480738 -0.9999988701 -6.942830868e-05 -0.001501669109 3.471683321e-05 0.9975998967 -0.06924193014 0.001502872298 -0.06924190404 -0.9975987671 8.894126607e-07 0.01716206735 0
0.07636674275 0.04779565328 0.01414464809 -0.0003101239807 0.01946035188 0.5095044914 -3.944082286e-05 0.004872814766 0.2549376011 -0.9999983689 -9.142966471e-05 -0.00180386356 4.571702092e-05 0.99711671 -0.07588322969 0.001805600476 -0.07588318838 -0.9971150794 1.108257748e-06 0.01881238196 0
0.08390341702 0.05251263161 0.0155405909 -0.0003743256672 0.02137790887 0.5094019115 -4.761337494e-05 0.005353697195 0.2549246714 -0.9999976235 -0.0001212336465 -0.00217674519 6.061802819e-05 0.9965204107 -0.08334907004 0.002179275722 -0.08334900391 -0.9965180351 1.379390887e-06 0.0206689859 0
0.09060268304 0.05670550124 0.01678142895 -0.000436452613 0.02308169715 0.5093026465 -5.55228223e-05 0.005781092101 0.2549121578 -0.9999967692 -0.0001526228173 -0.002537396124 7.6311241e-05 0.9959435765 -0.08997992341 0.002540836361 -0.08997982633 -0.9959403471 1.642589154e-06 0.02231930051 0
0.09730194907 0.06089837086 0.01802226701 -0.0005033383445 0.02478476482 0.5091957781 -6.403920097e-05 0.006208432505 0.2548986841 -0.9999957029 -0.00018900171 -0.002925473483 9.449871906e-05 0.9953227727 -0.0966052233 0.002930048931 -0.09660508464 -0.9953184779 1.926734732e-06 0.02396961512 0
0.1040012151 0.06509124049 0.01926310506 -0.0005749803556 0.02648705875 0.5090813102 -7.316242336e-05 0.006635716379 0.2548842503 -0.9999943925 -0.0002307352925 -0.003340918769 0.0001153628046 0.9946580701 -0.1032245625 0.003346889365 -0.1032243691 -0.9946524659 2.231910849e-06 0.02561992973 0
0.1115378894 0.06980821882 0.02065904787 -0.0006612595096 0.02840114843 0.5089434555 -8.415130116e-05 0.007116340243 0.2548668648 -0.9999925831 -0.0002845394361 -0.003840929811 0.0001422607479 0.9938579012 -0.1106636884 0.003848826624 -0.110663414 -0.9938504894 2.600498734e-06 0.02747653366 0
0.1182371554 0.07400108844 0.02189988592 -0.0007429994811 0.03010162188 0.5088128533 -9.456375312e-05 0.007543495939 0.2548503913 -0.9999906359 -0.0003388595912 -0.004314318891 0.0001694159856 0.9931001712 -0.1172690128 0.004324288559 -0.1172686456 -0.9930908142 2.950719354e-06 0.02912684827 0
0.1249364214 0.07819395807 0.02314072397 -0.0008294867536 0.03180115576 0.5086746661 -0.0001055827425 0.007970587101 0.2548329582 -0.9999883286 -0.0003996692247 -0.004814866543 0.0001998146417 0.9922987954 -0.1238671092 0.004827292142 -0.1238666256 -0.992287134 3.322333562e-06 0.03077716288 0
0.1316356874 0.08238682769 0.02438156203 -0.000920718087 0.03349969709 0.5085288988 -0.0001172081599 0.00839761084 0.2548145657 -0.9999856196 -0.0004673294305 -0.005342497308 0.0002336370264 0.9914538652 -0.1304575738 0.005357806269 -0.130456946 -0.9914394985 3.715482738e-06 0.03242747749 0
0.1391723617 0.08710380602 0.02577750483 -0.00102901971 0.03540930376 0.5083558571 -0.0001310114821 0.008877928232 0.2547927275 -0.9999820368 -0.0005520839437 -0.005968355499 0.0002760034096 0.9904513776 -0.1378622226 0.005987477446 -0.1378613934 -0.9904334336 4.183705656e-06 0.03428408143 0
0.1458716277 0.09129667564 0.02701834289 -0.001130320605 0.03710556018 0.508194001 -0.0001439251701 0.009304798678 0.2547722968 -0.9999783252 -0.0006354955259 -0.006553268692 0.0003176972638 0.9895142199 -0.1444351333 0.006576340438 -0.1444340847 -0.9894925704 4.62313165e-06 0.03593439604 0
0.1525708937 0.09548954527 0.02825918094 -0.001236354293 0.03880065875 0.5080245829 -0.0001574449077 0.009731592123 0.2547509074 -0.9999740669 -0.0007268788348 -0.007165002906 0.0003633745063 0.9885338247 -0.1509991568 0.007192605818 -0.1509978445 -0.9885079248 5.084597118e-06 0.03758471065 0
0.160107568 0.1002065236 0.02965512375 -0.001361294405 0.04070619489 0.5078249566 -0.0001733788649 0.01021163874 0.2547256984 -0.9999685592 -0.0008396572766 -0.007885148396 0.0004197441114 0.987379337 -0.1583725628 0.00791861127 -0.1583708932 -0.9873479406 5.630313883e-06 0.03944131459 0
0.166806834 0.1043993932 0.0308959618 -0.00147737187 0.04239865777 0.5076394908 -0.0001881860082 0.01063825795 0.2547022721 -0.9999629671 -0.0009491616993 -0.008553566003 0.0004744754306 0.9863074388 -0.1649163757 0.008592978085 -0.1649143268 -0.9862704627 6.139220128e-06 0.0410916292 0
0.1735061001 0.1085922628 0.03213679985 -0.001598169129 0.04408979796 0.5074464839 -0.0002035987654 0.01106479008 0.2546778877 -0.9999566616 -0.001067746655 -0.009248503013 0.0005337433208 0.9851926681 -0.1714500566 0.009294622583 -0.1714475625 -0.9851494015 6.670754499e-06 0.04274194381 0
0.1802053661 0.1127851325 0.03337763791 -0.00172368166 0.04577956282 0.507245943 -0.000219616985 0.01149123187 0.2546525455 -0.9999495848 -0.00119576407 -0.009969854626 0.0005977232849 0.9840351515 -0.1779732097 0.01002350138 -0.1779701964 -0.9839848264 7.225121742e-06 0.04439225842 0
0.1877420404 0.1175021108 0.03477358072 -0.001870513621 0.04767883889 0.5070113384 -0.0002383610026 0.01197086679 0.2546228908 -0.9999406265 -0.001351494668 -0.01081281329 0.0006755506578 0.9826820147 -0.185298682 0.01087598733 -0.1852949848 -0.9826227565 7.876342008e-06 0.04624886235 0
0.1944413064 0.1216949804 0.03601441877 -0.00200603028 0.0493655067 0.5067948132 -0.0002556652997 0.01239710562 0.2545955138 -0.9999317084 -0.001500717667 -0.01158992978 0.0007501228809 0.9814341062 -0.1917981556 0.01166258726 -0.1917937513 -0.9813659567 8.479943482e-06 0.04789917696 0
0.2011405724 0.1258878501 0.03725525682 -0.002146246938 0.05105063507 0.5065707784 -0.0002735745475 0.01282324374 0.2545671798 -0.9999218238 -0.001660462998 -0.01239310774 0.0008299504304 0.980143879 -0.1982858734 0.01247627505 -0.1982806578 -0.980065877 9.107066036e-06 0.04954949157 0
0.2078398384 0.1300807197 0.03849609487 -0.002291158347 0.05273417163 0.5063392424 -0.0002920885702 0.0132492778 0.2545378891 -0.999910906 -0.001831076056 -0.01322222602 0.0009152053824 0.9788114798 -0.2047614451 0.0133170004 -0.2047553031 -0.9787225977 9.757944871e-06 0.05119980618 0
0.2153765127 0.134797698 0.03989203768 -0.002459788615 0.0546261824 0.506069809 -0.000313639514 0.01372843757 0.2545037936 -0.9998973022 -0.002036433915 -0.01418583499 0.001017817737 0.9772623105 -0.2120314613 0.01429506994 -0.2120241247 -0.9771598751 1.051888163e-05 0.05305641012 0
0.2220757787 0.1389905676 0.04113287574 -0.002614658139 0.05630616272 0.5058223622 -0.000333438072 0.01415423938 0.2544724707 -0.9998839567 -0.002231279761 -0.01506965631 0.001115173098 0.9758408039 -0.2184799346 0.01519307539 -0.2184713867 -0.9757250759 1.122105549e-05 0.05470672473 0
0.2287750447 0.1431834373 0.04237371379 -0.002774204882 0.05798438795 0.5055674423 -0.0003538408169 0.01457992664 0.2544401918 -0.9998693549 -0.002438061318 -0.01597901417 0.001218487634 0.9743776138 -0.2249150528 0.01611795038 -0.224905139 -0.9742473455 1.194776545e-05 0.05635703934 0
0.2354743108 0.1473763069 0.04361455184 -0.00293842287 0.059660806 0.5053050588 -0.0003748475484 0.01500549596 0.2544069575 -0.9998534213 -0.002657116512 -0.01691377135 0.001327929506 0.9728729062 -0.2313364324 0.01706963774 -0.2313249837 -0.9727267753 1.2699275e-05 0.05800735395 0
0.243010985 0.1520932852 0.04501049465 -0.003128744047 0.06154455139 0.5050009682 -0.000399201817 0.01548411629 0.254368427 -0.9998338069 -0.002918642685 -0.01799555755 0.001458583755 0.9711306964 -0.2385435872 0.01817226183 -0.2385301909 -0.9709650441 1.357470298e-05 0.05986395788 0
0.2497102511 0.1562861548 0.0462513327 -0.003302867813 0.06321695654 0.5047227574 -0.0004214913276 0.01590942381 0.2543331633 -0.999814782 -0.003164892396 -0.01898381523 0.001581599847 0.9695383365 -0.2449345066 0.01918072799 -0.2449191651 -0.969353755 1.437981627e-05 0.06151427249 0
0.2564095171 0.1604790245 0.04749217076 -0.003481643043 0.0648873922 0.5044371147 -0.0004443841605 0.01633460284 0.254296945 -0.999794175 -0.003424458944 -0.0199970188 0.001711262051 0.9679050078 -0.2513104999 0.02021581712 -0.2512929941 -0.9676999286 1.521059428e-05 0.0631645871 0
0.2639461914 0.1651960028 0.04888811356 -0.003688316795 0.06676421368 0.5041068963 -0.0004708594762 0.01681277144 0.254255059 -0.9997689961 -0.003732799316 -0.02116650039 0.001865280066 0.9660187731 -0.2584651828 0.0214120354 -0.2584449578 -0.9657886562 1.6176258e-05 0.06502119104 0
0.2706454574 0.1693888724 0.05012895162 -0.003876953964 0.06843029236 0.5038054964 -0.0004950336153 0.01723766619 0.2542168137 -0.9997447448 -0.004021755597 -0.02223220155 0.002009607572 0.9642990058 -0.2648082116 0.02250348376 -0.2647852959 -0.9640447813 1.706254344e-05 0.06667150565 0
0.2773447234 0.173581742 0.05136978967 -0.004070221121 0.07009424002 0.5034966988 -0.0005198103546 0.01766242186 0.2541776151 -0.9997186412 -0.004325051244 -0.02332235828 0.002161089127 0.9625388631 -0.2711351449 0.02362134962 -0.2711092603 -0.9622586974 1.797541946e-05 0.06832182026 0
0.2840439894 0.1777746117 0.05261062772 -0.004268111039 0.07175600517 0.5031805151 -0.0005451894509 0.01808703507 0.2541374635 -0.9996905946 -0.00464300884 -0.024436806 0.002319884844 0.9607385441 -0.2774456127 0.02476556385 -0.2774164601 -0.9604305152 1.89151946e-05 0.06997213487 0
0.2915806637 0.18249159 0.05400657053 -0.004496253619 0.07362281816 0.5028159943 -0.0005744606285 0.01856455041 0.2540911544 -0.9996566043 -0.005018635402 -0.02571938535 0.002507470524 0.9586654159 -0.2845247491 0.02608421123 -0.2844915352 -0.9583236303 2.00049861e-05 0.07182873881 0
0.2982799297 0.1866844596 0.05524740858 -0.004703942116 0.07527977488 0.5024841547 -0.0006011188987 0.01898884963 0.2540489791 -0.9996241187 -0.005368809999 -0.02688488817 0.002682334847 0.9567804043 -0.2907990079 0.0272841788 -0.2907618163 -0.9564063675 2.100297263e-05 0.07347905342 0
0.3049791957 0.1908773292 0.05648824664 -0.004916229677 0.07693438872 0.5021449667 -0.0006283787276 0.01941299578 0.2540058522 -0.9995893939 -0.005734639348 -0.02807414404 0.002865005682 0.9548558676 -0.2970556577 0.02851026823 -0.2970141175 -0.9544473682 2.202885928e-05 0.07512936803 0
0.3116784618 0.1950701989 0.05772908469 -0.005133108364 0.07858660857 0.5017984432 -0.0006562398475 0.01983698549 0.2539617741 -0.999552331 -0.006116436082 -0.02928697334 0.003055637927 0.9528920233 -0.3032943371 0.02976240371 -0.303248052 -0.9524467535 2.308297776e-05 0.07677968264 0
0.319215136 0.1997871772 0.0591250275 -0.005382574619 0.08044243083 0.501399852 -0.0006883019974 0.02031378268 0.2539110497 -0.999507715 -0.006565429422 -0.0306793557 0.003279806728 0.95063599 -0.3102909239 0.03120209284 -0.3102387947 -0.9501464727 2.430302676e-05 0.07863628657 0
0.3259144021 0.2039800468 0.06036586555 -0.005609182321 0.08208939419 0.5010377837 -0.0007174399454 0.02073742867 0.2538649516 -0.9994653466 -0.006982183217 -0.03194166588 0.003487865156 0.9485893588 -0.3164902262 0.0325093171 -0.3164324218 -0.9480578393 2.541826347e-05 0.08028660118 0
0.3326136681 0.2081729164 0.0616067036 -0.00584035525 0.08373380447 0.5006684212 -0.0007471783101 0.02116090763 0.2538179036 -0.9994203188 -0.007415864762 -0.03322696525 0.003704360338 0.9465041273 -0.3226704429 0.03384234012 -0.3226064816 -0.9459279857 2.656280256e-05 0.08193691579 0
0.3401503424 0.2128898948 0.06300264641 -0.006105870906 0.08558065121 0.5002441866 -0.0007813512923 0.02163711757 0.2537638399 -0.9993663508 -0.007924366157 -0.03470016439 0.003958187729 0.9441123955 -0.3295999354 0.0353727259 -0.3295284344 -0.9434827933 2.788587434e-05 0.08379351973 0
0.3468496084 0.2170827644 0.06424348447 -0.00634671605 0.08721946802 0.4998593701 -0.0008123645659 0.02206023032 0.2537147751 -0.9993153149 -0.008395017913 -0.03603366669 0.004193104714 0.9419459246 -0.3357384296 0.03676029562 -0.3356596474 -0.941265787 2.909385943e-05 0.08544383434 0
0.3535488744 0.221275634 0.06548432252 -0.006592098864 0.08885557371 0.4994673033 -0.0008439773243 0.02248316544 0.2536647619 -0.9992612797 -0.008883531454 -0.03738953984 0.004436919991 0.9397416022 -0.3418567462 0.03817340123 -0.3417701041 -0.9390079805 3.03322665e-05 0.08709414895 0
0.3602481404 0.2254685037 0.06672516057 -0.006842010183 0.09048891792 0.499068001 -0.0008761892572 0.02290591955 0.2536138008 -0.9992041328 -0.009390199869 -0.03876757888 0.004689778212 0.9374996765 -0.3479545409 0.03961195535 -0.3478594266 -0.9367095133 3.16014637e-05 0.08874446356 0
0.3677848147 0.230185482 0.06812110338 -0.007128561768 0.09232306679 0.4986101558 -0.0009131434885 0.02338129735 0.2535553372 -0.9991359804 -0.009982263795 -0.04034410848 0.004985231011 0.9349328769 -0.3547896042 0.04126063683 -0.3546841837 -0.9340753126 3.306657867e-05 0.09060106749 0
0.3744840807 0.2343783516 0.06936194143 -0.00738806496 0.09395037622 0.4981955279 -0.00094662761 0.02380365559 0.2535023636 -0.9990718388 -0.01052847119 -0.04176855424 0.005257778813 0.9326118871 -0.3608426579 0.04275297172 -0.3607273476 -0.9316909166 3.440244818e-05 0.0922513821 0
0.3811833467 0.2385712212 0.07060277948 -0.007652066933 0.09557476758 0.4977737119 -0.0009807098982 0.02422582226 0.2534484437 -0.9990042221 -0.01109373048 -0.04321450384 0.005539811698 0.9302540961 -0.3668741299 0.04427047193 -0.3667482049 -0.9292663125 3.577028757e-05 0.09390169671 0
0.3878826128 0.2427640909 0.07184361754 -0.00792055783 0.09719619102 0.4973447236 -0.001015390019 0.02464779397 0.2533935781 -0.9989330103 -0.01167832252 -0.04468173863 0.005831467901 0.9278597687 -0.3728836865 0.04581304362 -0.3727463836 -0.9268016501 3.717048342e-05 0.09555201132 0
0.395419287 0.2474810692 0.07323956035 -0.008227963273 0.09901668287 0.4968535586 -0.001055119326 0.0251222749 0.2533307244 -0.9988484481 -0.01235944297 -0.04635754377 0.006171254041 0.9251228128 -0.37961783 0.04757828621 -0.3794667646 -0.9239812126 3.878486657e-05 0.09740861526 0
0.4021185531 0.2516739388 0.0744803984 -0.008505959653 0.1006316345 0.4964093827 -0.001091068702 0.02554382113 0.2532738509 -0.9987691906 -0.01298603546 -0.04786926873 0.00648381136 0.9226517431 -0.385579721 0.04917381616 -0.3854155211 -0.9214319356 4.025512259e-05 0.09905892987 0
0.4088178191 0.2558668084 0.07572123645 -0.008788413089 0.1022434632 0.4959580854 -0.001127614827 0.02596516185 0.2532160334 -0.998685952 -0.01363281825 -0.04940157475 0.006806413444 0.9201449901 -0.3915186714 0.05079411439 -0.3913404446 -0.9188430848 4.175896992e-05 0.1007092445 0
0.4163544934 0.2605837868 0.07711717926 -0.009111487651 0.1040529761 0.4954418847 -0.001169442072 0.02643892033 0.253149861 -0.9985873919 -0.01438491596 -0.05114973099 0.007181510979 0.9172825902 -0.3981721682 0.05264643092 -0.3979770393 -0.915883524 4.349145275e-05 0.1025658484 0
0.4230537594 0.2647766564 0.07835801731 -0.009403377134 0.1056580049 0.4949755107 -0.00120725509 0.02685981318 0.2530900393 -0.99849527 -0.01507548834 -0.05272499804 0.007525892383 0.9147009479 -0.4040613033 0.05431902715 -0.4038501028 -0.9132111135 4.506802592e-05 0.104216163 0
0.4297530254 0.268969526 0.07959885537 -0.009699690195 0.107259757 0.4945020688 -0.001245663716 0.02728048999 0.2530292755 -0.9983987649 -0.01578707708 -0.05432011128 0.007880723494 0.9120845129 -0.4099265002 0.0560160735 -0.4096981933 -0.9104996375 4.667946383e-05 0.1058664776 0
0.4364522914 0.2731623956 0.08083969342 -0.01000041578 0.1088581834 0.4940215767 -0.001284667573 0.02770094742 0.25296757 -0.9982977444 -0.01651993964 -0.05593482926 0.008246130296 0.9094335778 -0.4157674457 0.05773746501 -0.4155209491 -0.9077492638 4.832618166e-05 0.1075167922 0
0.4439889657 0.277879374 0.08223563623 -0.01034399245 0.1106523774 0.4934726182 -0.001329257923 0.0281736956 0.2528970267 -0.9981785326 -0.0173701551 -0.05777451625 0.008670008774 0.9064104067 -0.4223091351 0.05970299795 -0.4220408183 -0.9046088103 5.022143137e-05 0.1093733962 0
0.4506882317 0.2820722436 0.08347647428 -0.01065405722 0.1122435751 0.4929772042 -0.001369525368 0.02859367566 0.2528333223 -0.9980674713 -0.01814906383 -0.05943007884 0.009058299048 0.9036871476 -0.4280975198 0.06147576764 -0.4278085444 -0.9017763466 5.194451399e-05 0.1110237108 0
0.4573874977 0.2862651132 0.08471731233 -0.01096849895 0.1138312953 0.4924747968 -0.001410386828 0.02901342582 0.2527686784 -0.9979514717 -0.01895002885 -0.06110447234 0.009457547113 0.9009303266 -0.4338606935 0.06327254489 -0.433549816 -0.8989055246 5.37041969e-05 0.1126740254 0
0.4640867638 0.2904579828 0.08595815039 -0.0112873059 0.1154154896 0.4919654147 -0.001451841903 0.02943294274 0.2527030953 -0.9978303954 -0.01977329334 -0.06279744313 0.009867871459 0.8981402513 -0.4395983555 0.06509321858 -0.439264278 -0.8959965218 5.550090961e-05 0.11432434 0
0.471623438 0.2951749612 0.08735409319 -0.01165116673 0.1171934335 0.4913840466 -0.001499187909 0.02990461629 0.2526281928 -0.997687942 -0.02072641889 -0.06472392143 0.01034287109 0.8949620546 -0.4460223603 0.06716989997 -0.4456605619 -0.8926784797 5.756701263e-05 0.1161809439 0
0.4783227041 0.2993678308 0.08859493125 -0.01197921015 0.1187699754 0.4908599068 -0.001541903056 0.03032362643 0.2525606165 -0.997555611 -0.02159786076 -0.06645551376 0.01077711737 0.8921023507 -0.4517048258 0.06904097797 -0.4513168824 -0.8896889429 5.944385474e-05 0.1178312586 0
0.4850219701 0.3035607004 0.0898357693 -0.01231158114 0.1203428412 0.4903288524 -0.001585210525 0.03074239285 0.2524921033 -0.9974177611 -0.02249233879 -0.06820487249 0.01122279806 0.8892103758 -0.45736086 0.07093559571 -0.4569452945 -0.8866617952 6.135908971e-05 0.1194815732 0
0.4917212361 0.30775357 0.09107660735 -0.01264826733 0.1219119832 0.4897909033 -0.001629109893 0.03116091221 0.2524226537 -0.9972742475 -0.02341008115 -0.06997173243 0.01168002378 0.8862864517 -0.4629901755 0.07285363604 -0.4625454504 -0.8835972239 6.331316014e-05 0.1211318878 0
0.4992579104 0.3124705484 0.09247255016 -0.01303218168 0.1236727578 0.4891774942 -0.001679203648 0.03163144701 0.2523434047 -0.9971058433 -0.02447062879 -0.07198003564 0.01220833788 0.8829592523 -0.4692908642 0.07503928098 -0.4688114196 -0.8801050842 6.555846473e-05 0.1229884917 0
0.5059571764 0.316663418 0.09371338821 -0.01337799584 0.1252338291 0.4886249607 -0.001724359361 0.03204943027 0.2522719678 -0.9969498085 -0.02543854842 -0.07378319288 0.01269045519 0.8799685189 -0.4748624623 0.07700669869 -0.4743503832 -0.8769616196 6.759654345e-05 0.1246388063 0
0.5126564424 0.3208562876 0.09495422627 -0.01372808549 0.1267910285 0.4880655959 -0.001770105606 0.03246715602 0.2521995967 -0.9967876496 -0.02643042123 -0.07560300539 0.01318445059 0.8769468624 -0.4804064641 0.07899716357 -0.4798600143 -0.8737813313 6.967485953e-05 0.1262891209 0
0.5201931167 0.325573266 0.09635016908 -0.01412703067 0.1285381911 0.4874281709 -0.001822275443 0.03293678555 0.2521170637 -0.9965977136 -0.02757517419 -0.07766985887 0.01375452093 0.8735109535 -0.4866101388 0.08126383182 -0.4860228635 -0.8701597358 7.206162725e-05 0.1281457249 0
0.5268923827 0.3297661356 0.09759100713 -0.01448616229 0.1300870067 0.4868543591 -0.001869275071 0.03335395305 0.25204271 -0.9964220408 -0.02861864841 -0.079524144 0.01427409489 0.8704247019 -0.492094593 0.08330286148 -0.4914690338 -0.8669018526 7.422695991e-05 0.1297960395 0
0.5335916487 0.3339590052 0.09883184518 -0.01484952818 0.1316318038 0.4862737818 -0.001916863809 0.03377085265 0.2519674245 -0.9962397705 -0.02968672711 -0.08139421327 0.01480586032 0.8673085845 -0.4975506062 0.08536454897 -0.4968848131 -0.8636077676 7.643395891e-05 0.1314463541 0
0.5402909148 0.3381518748 0.1000726832 -0.01521711482 0.1331725359 0.4856864607 -0.001965041189 0.034187481 0.2518912078 -0.9960507484 -0.03077961058 -0.0832797828 0.01534991325 0.8641629459 -0.5029779152 0.08744876679 -0.5022698663 -0.8602776846 7.868308692e-05 0.1330966687 0
0.547827589 0.3428688532 0.101468626 -0.01563567788 0.1349009428 0.4850176908 -0.002019943764 0.03465585955 0.2518043521 -0.9958298346 -0.03203899821 -0.08541921961 0.01597677709 0.8605892482 -0.509049004 0.08982028211 -0.5082909093 -0.8564885688 8.126429259e-05 0.1349532726 0
0.5545268551 0.3470617228 0.1027094641 -0.01601218804 0.1364328829 0.4844161119 -0.002069370433 0.0350719005 0.2517261593 -0.9956259478 -0.03318523864 -0.08733677365 0.01654725026 0.8573820346 -0.5144144587 0.09195194726 -0.5136095664 -0.8530826763 8.360449243e-05 0.1366035872 0
0.5612261211 0.3512545924 0.1039503021 -0.01639287572 0.1379606136 0.4838078583 -0.002119384246 0.03548765984 0.2516470378 -0.9954148198 -0.03435688392 -0.08926892546 0.01713029749 0.8541463955 -0.5197504093 0.09410573539 -0.5188964633 -0.8496414367 8.598828311e-05 0.1382539019 0
0.5679253871 0.355447462 0.1051911402 -0.01677772678 0.139484089 0.4831929526 -0.002169984715 0.03590313425 0.2515669884 -0.9951962916 -0.03555411768 -0.09121538147 0.01772600609 0.8508826875 -0.5250566073 0.09628151333 -0.5241512729 -0.8461650627 8.841613737e-05 0.1399042165 0
0.5754620614 0.3601644404 0.106587083 -0.01721564296 0.1411928556 0.4824932606 -0.002227610859 0.03637019828 0.2514758245 -0.9949414025 -0.03693181526 -0.09342187407 0.01841141848 0.8471779122 -0.5309902115 0.09875538063 -0.530024175 -0.8422124131 9.120073465e-05 0.1417608204 0
0.5821613274 0.36435731 0.1078279211 -0.01760929354 0.1427071371 0.4818642952 -0.002279456312 0.03678505624 0.2513938058 -0.994706616 -0.03818401542 -0.09539774161 0.01903431249 0.8438557539 -0.5362323764 0.1009774385 -0.535209723 -0.8386620949 9.372380392e-05 0.143411135 0
0.5888605934 0.3685501796 0.1090687591 -0.01800706231 0.1442170212 0.4812287499 -0.002331886848 0.03719961895 0.2513108616 -0.9944639253 -0.03946235122 -0.09738698171 0.01967012671 0.8405066583 -0.5414440353 0.1032210613 -0.540362175 -0.8350773212 9.629242851e-05 0.1450614496 0
0.5963972677 0.3732671579 0.1104647019 -0.01845945633 0.1459103283 0.4805059256 -0.002391569919 0.03766564496 0.2512164442 -0.9941812467 -0.04093192628 -0.09964048446 0.0204009588 0.8367071851 -0.5472703968 0.1057707408 -0.5461187268 -0.8310035419 9.923718404e-05 0.1469180536 0
0.6030965337 0.3774600276 0.11170554 -0.01886592705 0.1474107183 0.4798564765 -0.002445242042 0.03807956928 0.2511315361 -0.9939212157 -0.0422663476 -0.1016571342 0.02106448567 0.8333020715 -0.5524164599 0.1080597266 -0.5511997946 -0.827346289 0.0001019042161 0.1485683682 0
0.6097957997 0.3816528972 0.112946378 -0.01927646932 0.1489065705 0.479200522 -0.002499497621 0.03849318805 0.2510457052 -0.9936527664 -0.0436274105 -0.1036862043 0.02174117003 0.8298711776 -0.5575312997 0.1103698394 -0.5562467777 -0.8236552804 0.0001046183162 0.1502186828 0
0.6164950658 0.3858457668 0.1141872161 -0.01969106791 0.1503978403 0.4785380863 -0.002554336123 0.03890649796 0.2509589522 -0.9933757323 -0.04501526805 -0.105727386 0.02243108319 0.8264148789 -0.5626146944 0.1127009362 -0.5612593639 -0.8199307443 0.0001073799724 0.1518689974 0
0.62403174 0.3905627451 0.1155831589 -0.02016232074 0.1520699863 0.4777851299 -0.002616725545 0.03937109834 0.2508602541 -0.993053599 -0.0466088208 -0.1080378055 0.02322313391 0.8224966467 -0.5682956557 0.1153483231 -0.5668570226 -0.8157008522 0.0001105442906 0.1537256013 0
0.6307310061 0.3947556148 0.1168239969 -0.02058548777 0.1535513717 0.4771090038 -0.002672800966 0.03978374103 0.2507715447 -0.9927577652 -0.04805410541 -0.1101036901 0.02394138464 0.81898762 -0.5733115108 0.1177235309 -0.571795489 -0.8119058375 0.0001134086336 0.1553759159 0
0.6374302721 0.3989484844 0.118064835 -0.02101266257 0.1550280368 0.4764264742 -0.00272945761 0.04019606461 0.250681916 -0.9924528205 -0.04952663496 -0.112180709 0.02467307231 0.8154543767 -0.5782952525 0.120119268 -0.5766985972 -0.8080780219 0.0001163220709 0.1570262305 0
0.6441295381 0.403141354 0.119305673 -0.02144382931 0.1564999379 0.4757375664 -0.00278669492 0.04060806579 0.2505913688 -0.9921385948 -0.05102654449 -0.1142685457 0.02541825879 0.8118973017 -0.5832466748 0.1225353863 -0.5815660438 -0.8042176421 0.0001192850985 0.1586765452 0
0.6516662124 0.4078583323 0.1207016159 -0.02193364361 0.1581500778 0.4749549529 -0.002851780272 0.04107117769 0.2504884065 -0.9917737841 -0.05274683275 -0.1166298964 0.02627280291 0.8078675879 -0.5887781417 0.1252776953 -0.5869989199 -0.7998360876 0.0001226784002 0.1605331491 0
0.6583654784 0.412051202 0.1219424539 -0.02237323999 0.159611711 0.4742525764 -0.002910249626 0.04148248293 0.2503959107 -0.9914392675 -0.05430535276 -0.1187396624 0.02704686913 0.8042611583 -0.5936602195 0.127736626 -0.5917895893 -0.7959073039 0.0001257484621 0.1621834637 0
0.6650647444 0.4162440716 0.123183292 -0.02281677791 0.1610684447 0.4735439022 -0.002969297872 0.04189345557 0.2503024992 -0.9910949332 -0.05589164599 -0.1208592462 0.02783461246 0.8006321134 -0.5985093595 0.130215467 -0.5965436639 -0.7919467086 0.0001288696757 0.1638337783 0
0.6726014187 0.4209610499 0.1245792348 -0.02332044898 0.1627013604 0.4727391487 -0.003036418385 0.04235539815 0.250196318 -0.9906956058 -0.05770956854 -0.1232551108 0.02873723704 0.7965228956 -0.6039250351 0.1330277709 -0.6018478898 -0.7874533191 0.0001324428097 0.1656903822 0
0.6793006847 0.4251539195 0.1258200728 -0.02377230795 0.1641475405 0.4720171794 -0.003096694845 0.04276565317 0.2501009639 -0.9903298323 -0.05935526131 -0.1253944821 0.02955421462 0.7928471022 -0.6087035575 0.1355484105 -0.6065232274 -0.7834259397 0.0001356743932 0.1673406969 0
0.6859999507 0.4293467892 0.1270609109 -0.02422805667 0.1655886878 0.471288995 -0.003157548367 0.0431755654 0.250004697 -0.9899536973 -0.06102907654 -0.1275426558 0.03038502457 0.7891499296 -0.6134485625 0.1380884771 -0.6111610593 -0.7793675205 0.0001389587061 0.1689910115 0
0.6926992168 0.4335396588 0.1283017489 -0.02468767826 0.1670247599 0.4705546227 -0.003218978355 0.04358513159 0.2499075185 -0.9895670253 -0.06273111657 -0.1296993039 0.03122971167 0.7854317771 -0.618159873 0.1406478138 -0.6157610986 -0.7752783126 0.0001422962566 0.1706413261 0
0.700235891 0.4382566371 0.1296976917 -0.02520936069 0.1686342222 0.4697210911 -0.003288775395 0.0440454759 0.2497971039 -0.9891192053 -0.06467977061 -0.1321352524 0.03219662483 0.7812242775 -0.6234196064 0.1435499042 -0.6208906148 -0.7706414662 0.0001461152712 0.17249793 0
0.7069351571 0.4424495068 0.1309385298 -0.02567715553 0.1700593702 0.4689736598 -0.003351428362 0.04445429598 0.2496979911 -0.9887095575 -0.06644210719 -0.1343088132 0.03307093851 0.7774628767 -0.628058746 0.1461496628 -0.6254094033 -0.7664876739 0.0001495676458 0.1741482446 0
0.7136344231 0.4466423764 0.1321793678 -0.02614876967 0.1714793122 0.4682201261 -0.00341465589 0.0448627599 0.2495979695 -0.9882888211 -0.06823295873 -0.1364898145 0.0339592537 0.7736817551 -0.6326636633 0.1487681929 -0.6298895182 -0.7623038893 0.0001530748559 0.1757985592 0
0.7203336891 0.450835246 0.1334202059 -0.02662418567 0.172894007 0.4674605179 -0.00347845736 0.04527086441 0.2494970401 -0.9878568184 -0.07005240851 -0.138677923 0.03486160519 0.769881319 -0.637234198 0.1514053326 -0.6343306824 -0.758090371 0.0001566374158 0.1774488738 0
0.7278703634 0.4555522243 0.1348161487 -0.02716355121 0.174479215 0.4665987326 -0.003550919273 0.04572954836 0.2493824108 -0.987357127 -0.07213357104 -0.1411476235 0.03589356857 0.7655832494 -0.6423347569 0.1543941561 -0.6392800921 -0.7533149464 0.0001607120982 0.1793054778 0
0.7345696294 0.459745094 0.1360569868 -0.02764698768 0.1758826227 0.4658263095 -0.003615938282 0.04613687841 0.2492795558 -0.9869005918 -0.07401404726 -0.143349722 0.03682585159 0.761743126 -0.6468317143 0.1570702984 -0.6436375772 -0.7490391115 0.0001643939907 0.1809557924 0
0.7412688954 0.4639379636 0.1372978248 -0.02813417067 0.1772806551 0.4650479002 -0.003681529257 0.04654383897 0.2491757962 -0.9864322322 -0.07592335182 -0.1455578781 0.03777226388 0.7578849673 -0.6512938142 0.159764537 -0.6479552616 -0.7447343632 0.0001681328493 0.182606107 0
0.7479681615 0.4681308332 0.1385386629 -0.0286250822 0.1786732716 0.4642635336 -0.003747691555 0.04695042683 0.249071133 -0.9859518691 -0.07786154866 -0.1477717535 0.03873283012 0.7540091856 -0.6557209131 0.1624767053 -0.6522328781 -0.7404009677 0.0001719291943 0.1842564216 0
0.7555048357 0.4728478115 0.1399346057 -0.02918179188 0.1802334416 0.4633740363 -0.003822806239 0.04740738867 0.2489523082 -0.9853968886 -0.08007662891 -0.1502687776 0.03983041309 0.7496283811 -0.6606593891 0.1655491172 -0.6569969739 -0.7354919891 0.0001762694458 0.1861130255 0
0.7622041017 0.4770406812 0.1411754437 -0.02968056624 0.1816144161 0.4625771067 -0.003890180434 0.04781317386 0.2488457283 -0.9848904204 -0.08207641248 -0.1524936798 0.04082112712 0.7457165252 -0.6650116538 0.1682988278 -0.6611885711 -0.7310986103 0.000180189682 0.1877633402 0
0.7689033678 0.4812335508 0.1424162818 -0.03018301208 0.1829898497 0.4617743108 -0.003958123903 0.04821857631 0.2487382481 -0.9843713858 -0.08410525756 -0.1547232385 0.04182605626 0.7417883426 -0.6693284962 0.1710659402 -0.6653392822 -0.7266774275 0.0001841690382 0.1894136548 0
0.776440042 0.4859505291 0.1438122246 -0.03075262915 0.1845305401 0.4608641904 -0.004035239936 0.04867419259 0.248616258 -0.983772226 -0.08642250089 -0.1572366325 0.04297361092 0.7373501412 -0.6741424464 0.1741995294 -0.6699596411 -0.7216707028 0.0001887171349 0.1912702587 0
0.7831393081 0.4901433987 0.1450530626 -0.03126281522 0.1858940682 0.4600490274 -0.004104390893 0.04907877111 0.2485068681 -0.9832258876 -0.08851324296 -0.1594749504 0.044008792 0.733388651 -0.678383603 0.1770030514 -0.6740226201 -0.7171913464 0.0001928238671 0.1929205733 0
0.7898385741 0.4943362684 0.1462939007 -0.03177661446 0.1872519324 0.4592280914 -0.004174109023 0.0494829569 0.2483965812 -0.9826664174 -0.09063316923 -0.1617168538 0.04505822502 0.7294121414 -0.6825889571 0.1798234371 -0.6780439194 -0.712685046 0.0001969913652 0.1945708879 0
0.7965378401 0.498529138 0.1475347387 -0.03229400793 0.188604094 0.4584014125 -0.00424439364 0.04988674677 0.2482853984 -0.9820936341 -0.09278230907 -0.1639619986 0.04612191659 0.7254210327 -0.6867583958 0.1826605121 -0.6820232903 -0.7081520803 0.0002012201584 0.1962212025 0
0.8040745144 0.5032461163 0.1489306816 -0.03288034809 0.1901184113 0.4574645724 -0.004324140106 0.05034053317 0.2481592482 -0.9814331138 -0.09523504114 -0.1664912315 0.04733561806 0.7209141093 -0.691405949 0.1858719518 -0.6864496587 -0.7030209695 0.000206051478 0.1980778065 0
0.8107737804 0.5074389859 0.1501715196 -0.0334053159 0.1914583268 0.4566257915 -0.004395626214 0.05074347117 0.2480461652 -0.9808314377 -0.0974463354 -0.1687421182 0.04842961957 0.716893377 -0.6954987117 0.1887439077 -0.6903391179 -0.6984322727 0.0002104122857 0.1997281211 0
0.8174730464 0.5116318556 0.1514123577 -0.03393381799 0.1927924198 0.4557813636 -0.004467676637 0.05114600331 0.2479321898 -0.9802158814 -0.09968690399 -0.1709951667 0.04953788411 0.7128593644 -0.6995552334 0.1916320013 -0.6941858884 -0.6938177919 0.0002148360499 0.2013784357 0
0.8241723125 0.5158247252 0.1526531957 -0.03446583491 0.1941206524 0.4549313198 -0.004540290667 0.05154812644 0.2478173231 -0.9795862631 -0.1019567564 -0.1732500303 0.05066040793 0.7088124952 -0.7035754186 0.1945360538 -0.6979897324 -0.6891778125 0.0002193233043 0.2030287503 0
0.8317089867 0.5205417035 0.1540491385 -0.0350685309 0.1956078623 0.4539683466 -0.00462265425 0.05200002211 0.247687034 -0.9788609079 -0.1045453493 -0.1757884894 0.05194028357 0.7042449277 -0.7080545803 0.1978219654 -0.7022174533 -0.6839277142 0.0002244480225 0.2048853542 0
0.8384082527 0.5247345731 0.1552899766 -0.03560795173 0.1969235169 0.453106473 -0.004696463573 0.05240126558 0.2475702769 -0.9782008047 -0.1068774393 -0.1780460575 0.05309308429 0.7001721471 -0.7119972534 0.2007593335 -0.7059293006 -0.6792345049 0.0002290719717 0.2065356688 0
0.8451075188 0.5289274428 0.1565308146 -0.03615082585 0.1982331943 0.4522390818 -0.004770834258 0.05280209014 0.2474526321 -0.9775260721 -0.1092388115 -0.1803043551 0.05426011622 0.6960878372 -0.7159033194 0.2037120963 -0.7095974951 -0.6745166987 0.0002337610868 0.2081859835 0
0.852644193 0.5336444211 0.1579267574 -0.03676566214 0.1996993909 0.4512567112 -0.004855171373 0.05325251315 0.2473192219 -0.976749285 -0.1119303434 -0.1828453785 0.0555900201 0.6914797375 -0.7202537902 0.2070521284 -0.7136717529 -0.6691801292 0.0002391149052 0.2100425874 0
0.8593434591 0.5378372907 0.1591675955 -0.03731580812 0.2009962447 0.4503777012 -0.004930732523 0.05365243711 0.2471996945 -0.9760428622 -0.1143538996 -0.1851040704 0.05678724303 0.6873723419 -0.7240818135 0.2100369974 -0.7172464355 -0.6644110253 0.0002439442867 0.211692902 0
0.8660427251 0.5420301604 0.1604084335 -0.03786934466 0.202287007 0.4494932739 -0.005006852737 0.05405193235 0.2470792829 -0.975321243 -0.1168066891 -0.1873624035 0.05799864437 0.6832547487 -0.727873001 0.2130366873 -0.7207767655 -0.6596182412 0.00024884052 0.2133432166 0
0.8727419911 0.54622303 0.1616492716 -0.03842625145 0.2035716415 0.4486034617 -0.005083531267 0.05445099573 0.2469579883 -0.9745842467 -0.1192886863 -0.1896200293 0.05922420201 0.6791273847 -0.7316272885 0.2160510126 -0.7242625247 -0.6548020734 0.0002538041468 0.2149935312 0
0.8802786654 0.5509400083 0.1630452144 -0.03905677463 0.2050094863 0.4475960269 -0.005170461039 0.05489942192 0.2468204781 -0.97373652 -0.1221158072 -0.1921585785 0.06061984474 0.6744729527 -0.7358066802 0.2194593905 -0.7281304593 -0.6493563045 0.0002594694587 0.2168501352 0
0.8869779314 0.5551328779 0.1642860525 -0.03962077521 0.2062809809 0.4466948804 -0.005248323487 0.0552975572 0.2466973113 -0.9729662469 -0.1246597632 -0.1944135433 0.06187539947 0.6703262435 -0.739482361 0.2225041962 -0.7315207931 -0.6444914367 0.0002645780993 0.2185004498 0
0.8936771974 0.5593257476 0.1655268905 -0.04018808181 0.2075462367 0.4457884516 -0.005326741883 0.05569525084 0.2465732654 -0.9721800324 -0.1272328154 -0.196666711 0.063145025 0.6661710982 -0.7431209685 0.2255630518 -0.7348658916 -0.6396041205 0.0002697558322 0.2201507644 0
0.9003764635 0.5635186172 0.1667677286 -0.04075867362 0.2088052186 0.4448767737 -0.005405715456 0.05609249974 0.2464483415 -0.9713776966 -0.1298349179 -0.1989177333 0.06442868878 0.6620079439 -0.746722456 0.2286357684 -0.738165548 -0.6346946582 0.0002750032031 0.221801079 0
0.9079131377 0.5682355955 0.1681636714 -0.04140449026 0.2102140307 0.4438449035 -0.005495223372 0.05653886926 0.2463067542 -0.9704555752 -0.1327969444 -0.2014471349 0.06588954679 0.657315354 -0.750729707 0.2321089059 -0.74182309 -0.6291454195 0.0002809904151 0.2236576829 0
0.9146124037 0.5724284651 0.1694045094 -0.04198199363 0.2114595655 0.4429221825 -0.005575374118 0.05693516274 0.2461799687 -0.9696183857 -0.135460605 -0.2036924412 0.06720292209 0.653136599 -0.7542521796 0.2352104448 -0.745025508 -0.6241899062 0.0002863875827 0.2253079975 0
0.9213116698 0.5766213348 0.1706453475 -0.04256271653 0.2126987185 0.4419943175 -0.005656077603 0.05733100177 0.2460523092 -0.9687645149 -0.1381531419 -0.2059345137 0.06853021751 0.6489511694 -0.7577374143 0.2383252481 -0.7481818556 -0.6192132 0.0002918560996 0.2269583121 0
0.928848344 0.5813383131 0.1720412903 -0.04321985168 0.2140850952 0.4409443628 -0.005747528732 0.0577757736 0.2459076489 -0.967783749 -0.1412166801 -0.2084525472 0.07004001009 0.6442351143 -0.7616137568 0.2418450168 -0.7516774353 -0.6135894564 0.0002980941499 0.2288149161 0
0.9355476101 0.5855311827 0.1732821283 -0.0438073454 0.2153105746 0.4400056795 -0.00582940415 0.05817063663 0.2457781362 -0.9668938391 -0.1439703547 -0.2106865941 0.0713967398 0.6400369177 -0.7650197707 0.2449873661 -0.754735239 -0.6085687385 0.0003037161094 0.2304652307 0
0.9422468761 0.5897240523 0.1745229664 -0.04439799187 0.2165295669 0.4390619588 -0.005911829813 0.05856503554 0.2456477533 -0.9659866922 -0.1467526842 -0.2129163221 0.07276724685 0.6358333788 -0.7683884709 0.2481423751 -0.7577463718 -0.6035277936 0.0003094111384 0.2321155453 0
0.9489461421 0.593916922 0.1757638044 -0.04499176952 0.2177420391 0.4381132351 -0.005994804914 0.05895896726 0.2455165015 -0.9650621316 -0.1495635876 -0.2151413846 0.07415148036 0.6316249232 -0.7717198418 0.2513098487 -0.7607106477 -0.5984669334 0.0003151797891 0.2337658599 0
0.9564828164 0.5986339003 0.1771597473 -0.0456634851 0.2190982357 0.4370399842 -0.006088807638 0.05940157817 0.2453678064 -0.9640009669 -0.152759902 -0.2176385725 0.07572508388 0.6268850629 -0.7754230004 0.2548879118 -0.7639892213 -0.5927500504 0.0003217582108 0.2356224638 0
0.9631820824 0.6028267699 0.1784005853 -0.04626384433 0.2202967436 0.4360807447 -0.006172947584 0.05979450689 0.2452347126 -0.963038818 -0.1556312348 -0.2198525729 0.07713830571 0.6226675699 -0.7786750151 0.2580812214 -0.7668533211 -0.5876479108 0.0003276851453 0.2372727785 0
0.9698813484 0.6070196395 0.1796414234 -0.0468672666 0.2214886295 0.4351166111 -0.006257634405 0.06018695883 0.2451007541 -0.9620587069 -0.1585308579 -0.2220608287 0.07856507883 0.6184464866 -0.7818896799 0.2612863811 -0.7696700009 -0.5825268378 0.0003336874331 0.2389230931 0
0.9765806145 0.6112125092 0.1808822614 -0.04747372989 0.2226738612 0.4341476187 -0.00634286727 0.06057893091 0.2449659322 -0.9610604593 -0.1614586708 -0.2242629957 0.08000534203 0.6142222363 -0.785066997 0.2645031926 -0.7724390863 -0.5773871483 0.0003397656299 0.2405734077 0
