0.006458965573 0.005792464915 0.003784760057 -3.180121206e-06 0.00164702589 0.509996454 -3.978772949e-07 0.0004101591746 0.2549995602 -0.9999999998 -7.883377657e-08 -1.851998344e-05 4.018820889e-08 0.9999793493 -0.006426590925 1.852010762e-05 -0.006426590924 -0.9999793491 3.654324959e-08 0.005033730875 0
0.01260030184 0.01130007669 0.00738339887 -1.210249872e-05 0.003213000269 0.5099865049 -1.522171076e-06 0.0008015546333 0.2549983173 -0.9999999975 -5.883591024e-07 -7.047913673e-05 2.952634754e-07 0.9999214124 -0.01253670774 7.048097403e-05 -0.01253670773 -0.9999214099 7.621998841e-08 0.009819920498 0
0.01874163811 0.01680768847 0.01098203768 -2.677445884e-05 0.004778865328 0.5099701448 -3.379775701e-06 0.001193678188 0.2549962637 -0.9999999878 -1.937428813e-06 -0.0001559148673 9.700935206e-07 0.9998261486 -0.01864598 0.0001559238865 -0.01864597993 -0.9998261364 7.200419564e-08 0.01460611012 0
0.02488297438 0.02231530025 0.0145806765 -4.719540253e-05 0.006344567789 0.5099473741 -5.970481091e-06 0.001585964964 0.2549933996 -0.9999999622 -4.535026533e-06 -0.0002748150394 2.269133655e-06 0.9996935729 -0.02475399623 0.0002748430886 -0.02475399592 -0.9996935351 2.615641574e-08 0.01939229974 0
0.03170668135 0.0284348689 0.01857916407 -7.662695298e-05 0.008083981701 0.5099145561 -9.707542225e-06 0.002021813549 0.254989268 -0.9999999004 -9.382700729e-06 -0.0004461540592 4.693089741e-06 0.9995025312 -0.03153870757 0.0004462280297 -0.03153870652 -0.9995024316 6.786205403e-08 0.02471028821 0
0.03784801762 0.03394248068 0.02217780288 -0.0001091816163 0.009649165983 0.5098782556 -1.384278519e-05 0.002414011879 0.2549846963 -0.9999997979 -1.595796774e-05 -0.0006356401474 7.980569155e-06 0.9992912616 -0.03764272183 0.0006357903461 -0.03764271929 -0.9992910594 1.804058572e-07 0.02949647783 0
0.04398935389 0.03945009246 0.0257764417 -0.0001474818986 0.01121402198 0.5098355483 -1.870888075e-05 0.00280614541 0.2549793165 -0.9999996312 -2.505224256e-05 -0.000858522541 1.252712591e-05 0.9990427642 -0.0437442014 0.0008587966228 -0.04374419602 -0.9990423954 3.190155164e-07 0.03428266746 0
0.05013069015 0.04495770424 0.02937508051 -0.0001915262362 0.01277849645 0.5097864361 -2.430559003e-05 0.003198218377 0.254973129 -0.999999378 -3.707299998e-05 -0.001114769587 1.853625661e-05 0.9987570782 -0.04984273599 0.001115231836 -0.04984272565 -0.9987564563 4.820828426e-07 0.03906885708 0
0.05627202642 0.05046531602 0.03297371932 -0.0002413128309 0.0143425362 0.5097309209 -3.063274746e-05 0.003590234893 0.2549661339 -0.9999990125 -5.242714464e-05 -0.001404344898 2.621109565e-05 0.9984342487 -0.05593791573 0.001405078708 -0.0559378973 -0.9984332614 6.688365407e-07 0.0438550467 0
0.06241336269 0.0559729278 0.03657235814 -0.0002968396502 0.01590608802 0.509669005 -3.769022258e-05 0.003982197638 0.2549583314 -0.9999985058 -7.152093177e-05 -0.001727207354 3.575436478e-05 0.9980743263 -0.06202933126 0.001728317712 -0.06202930034 -0.9980728324 8.788827326e-07 0.04864123632 0
0.06855469896 0.06148053958 0.04017099695 -0.0003581044271 0.01746909875 0.5096006909 -4.547790085e-05 0.004374107871 0.2549497216 -0.9999978254 -9.475988804e-05 -0.002083311118 4.736832291e-05 0.9976773678 -0.06811657382 0.002084927072 -0.06811652437 -0.9976751937 1.112034256e-06 0.05342742594 0
0.07469603523 0.06698815136 0.04376963576 -0.0004251046607 0.01903151523 0.5095259814 -5.399567346e-05 0.004765965715 0.2549403047 -0.9999969356 -0.0001225487325 -0.002472605635 6.125471583e-05 0.9972434355 -0.07419923523 0.002474882761 -0.07419915931 -0.9972403721 1.368226616e-06 0.05821361557 0
0.0808373715 0.07249576314 0.04736827458 -0.0004978376158 0.02059328435 0.5094448795 -6.324343192e-05 0.005157770435 0.2549300806 -0.9999957973 -0.0001552912978 -0.002895035646 7.761472617e-05 0.9967725979 -0.08027690802 0.002898158508 -0.08027679534 -0.9967683968 1.647473095e-06 0.06299980519 0
0.08697870777 0.07800337492 0.05096691339 -0.0005763003234 0.02215435303 0.5093573886 -7.32210649e-05 0.005549520659 0.2549190497 -0.9999943682 -0.0001933904512 -0.003350541197 9.66489234e-05 0.996264929 -0.08634918549 0.003354725795 -0.08634902302 -0.9962592996 1.949839503e-06 0.06778599481 0
0.09380241474 0.08412294356 0.05496540096 -0.0006701972862 0.02388798772 0.5092526875 -8.516320818e-05 0.005984732521 0.2549058469 -0.9999923836 -0.0002424939541 -0.003895371995 0.0001211775415 0.9956577526 -0.09308933893 0.003901030928 -0.09308910196 -0.9956501399 2.31304506e-06 0.07310398328 0
0.09994375101 0.08963055534 0.05856403978 -0.0007607453358 0.02544740346 0.5091517207 -9.668129945e-05 0.006376361236 0.2548931129 -0.9999901866 -0.0002932196623 -0.004420485724 0.0001465128587 0.995072598 -0.09914889435 0.00442777662 -0.09914856902 -0.99506279 2.664594826e-06 0.0778901729 0
0.1060850873 0.09513816712 0.06216267859 -0.0008570124065 0.02700595379 0.5090443768 -0.0001089288846 0.006767928691 0.2548795724 -0.999987546 -0.0003505482971 -0.004978458556 0.000175141893 0.9944508795 -0.1052017946 0.004987710799 -0.1052013563 -0.9944384332 3.039673882e-06 0.08267636253 0
0.1122264235 0.1006457789 0.0657613174 -0.0009589945691 0.02856358576 0.5089306603 -0.0001219058277 0.007159432216 0.2548652255 -0.9999844058 -0.0004148779353 -0.005569211347 0.0002072621707 0.9937926949 -0.1112476366 0.005580795743 -0.111247056 -0.9937771115 3.438458625e-06 0.08746255215 0
0.1183677598 0.1061533907 0.06935995622 -0.001066687661 0.03012024648 0.5088105756 -0.0001356119857 0.007550868995 0.2548500724 -0.9999807069 -0.0004866052891 -0.006192660325 0.0002430703515 0.9930981476 -0.1172860185 0.006206991495 -0.1172852609 -0.9930788694 3.861142002e-06 0.09224874177 0
0.1245090961 0.1116610025 0.07295859503 -0.001180087288 0.03167588309 0.5086841279 -0.0001500472078 0.007942236097 0.2548341133 -0.999976387 -0.0005661256293 -0.006848717094 0.0002827621795 0.9923673469 -0.1233165394 0.006866255866 -0.1233155641 -0.992343754 4.307931837e-06 0.09703493139 0
0.1306504324 0.1171686142 0.07655723385 -0.001299188822 0.03323044277 0.5085513221 -0.000165211336 0.008333530502 0.2548173484 -0.9999713805 -0.0006538327076 -0.007537288657 0.0003265324343 0.9916004075 -0.1293387998 0.007558544441 -0.1293375593 -0.9915718149 4.779049644e-06 0.101821121 0
0.1367917686 0.122676226 0.08015587266 -0.001423987403 0.03478387276 0.5084121638 -0.0001811042045 0.008724749116 0.2547997777 -0.9999656185 -0.0007501186803 -0.008258277426 0.0003745748821 0.9907974501 -0.1353524012 0.00828381058 -0.1353508409 -0.990763104 5.274729747e-06 0.1066073106 0
0.1429331049 0.1281838378 0.08375451147 -0.001554477939 0.03633612035 0.5082666586 -0.0001977256397 0.009115888792 0.2547814016 -0.999959029 -0.0008553740315 -0.009011581244 0.0004270822273 0.9899586008 -0.1413569466 0.00904200542 -0.1413550038 -0.9899176759 5.7952186e-06 0.1113935003 0
0.1490744412 0.1336914496 0.08735315029 -0.001690655104 0.03788713288 0.5081148124 -0.0002150754603 0.009506946336 0.2547622202 -0.9999515369 -0.0009699874971 -0.009797093401 0.000484246064 0.9890839912 -0.1473520402 0.009833077881 -0.1473496433 -0.9890355874 6.340774254e-06 0.1161796899 0
0.1558981481 0.1398110182 0.09135163786 -0.001848625805 0.03960896763 0.507938665 -0.0002352070879 0.00994135446 0.2547399634 -0.9999420581 -0.001108781887 -0.01070752444 0.0005534543382 0.9880704292 -0.1540016905 0.01075054256 -0.1539986934 -0.9880125648 6.976674348e-06 0.1214976784 0
0.1620394844 0.14531863 0.09495027667 -0.001996789551 0.04115720013 0.5077734531 -0.0002540939807 0.01033222797 0.2547190826 -0.999932399 -0.001244419657 -0.01156066117 0.0006210724599 0.9871207838 -0.1599755373 0.01161084562 -0.1599719028 -0.9870532805 7.576046021e-06 0.126283868 0
0.1681808207 0.1508262418 0.09854891548 -0.002150621883 0.04270403411 0.5076019203 -0.0002737086452 0.0107230092 0.2546973973 -0.999921583 -0.001390612937 -0.01244564533 0.0006939355218 0.9861358237 -0.1659387106 0.01250385323 -0.1659343347 -0.9860575289 8.201357127e-06 0.1310700576 0
0.1743221569 0.1563338536 0.1021475543 -0.002310116525 0.04424941717 0.5074240736 -0.0002940508677 0.01111369486 0.2546749076 -0.9999095219 -0.00154774248 -0.01336235171 0.0007722300513 0.9851157035 -0.1718908208 0.01342950523 -0.1718855873 -0.985025377 8.852909469e-06 0.1358562472 0
0.1804634932 0.1618414653 0.1057461931 -0.002475266971 0.04579329694 0.5072399204 -0.0003151204269 0.01150428161 0.2546516138 -0.9998961246 -0.001716186911 -0.01431065063 0.0008561412221 0.9840605833 -0.1778314801 0.01438773926 -0.1778252597 -0.9839568944 9.531014755e-06 0.1406424368 0
0.1866048295 0.1673490771 0.1093448319 -0.002646066487 0.04733562116 0.5070494681 -0.0003369170938 0.01189476612 0.2546275161 -0.9998812966 -0.001896322644 -0.01529040798 0.0009458528078 0.9829706286 -0.1837603024 0.01537849077 -0.1837529519 -0.982852153 1.023599437e-05 0.1454286265 0
0.1927461657 0.1728566889 0.1129434707 -0.002822508105 0.04887633761 0.5068527245 -0.0003594406312 0.01228514504 0.2546026148 -0.9998649407 -0.002088523817 -0.01630148526 0.001041547135 0.9818460101 -0.1896769032 0.01640169299 -0.1896682643 -0.9817112274 1.096817914e-05 0.1502148161 0
0.198887502 0.1783643007 0.1165421096 -0.003004584632 0.05041539416 0.5066496977 -0.0003826907943 0.01267541502 0.2545769101 -0.9998469563 -0.002293162212 -0.01734373957 0.001143405036 0.9806869043 -0.1955809 0.017457277 -0.1955707985 -0.9805341943 1.172790912e-05 0.1550010057 0
0.2050288383 0.1838719125 0.1201407484 -0.003192288643 0.05195273874 0.5064403958 -0.0004066673302 0.0130655727 0.2545504024 -0.9998272401 -0.002510607187 -0.01841702368 0.001251605805 0.9794934926 -0.2014719123 0.01854517168 -0.2014601569 -0.9793211331 1.251553339e-05 0.1597871953 0
0.2111701745 0.1893795242 0.1237393872 -0.003385612485 0.05348831938 0.5062248275 -0.0004313699783 0.01345561469 0.2545230919 -0.9998056856 -0.002741225601 -0.01952118601 0.001366327151 0.9782659621 -0.2073495613 0.01966530373 -0.2073359426 -0.9780721255 1.333140985e-05 0.164573385 0
0.2179938815 0.1954990929 0.1277378748 -0.003606998319 0.05519238813 0.5059779682 -0.0004596686512 0.0138888549 0.2544918058 -0.999779447 -0.003013361602 -0.02078405849 0.001501657008 0.9768622573 -0.2138641513 0.02094761232 -0.2138481934 -0.9766422824 1.42715206e-05 0.1698913734 0
0.2241352178 0.2010067047 0.1313365136 -0.003812160087 0.05672407453 0.5057491998 -0.0004859033113 0.01427864159 0.2544628016 -0.9997536487 -0.003272983706 -0.02195289108 0.00163072021 0.9755633358 -0.2197123543 0.0221355506 -0.2196940269 -0.9753176672 1.514825444e-05 0.174677563 0
0.2302765541 0.2065143164 0.1349351524 -0.004022916418 0.05825383579 0.5055141932 -0.0005128632223 0.01466830208 0.2544329955 -0.9997256622 -0.003546903835 -0.02315210291 0.001766846233 0.9742309106 -0.2255460289 0.02335548437 -0.2255250593 -0.9739573753 1.605440818e-05 0.1794637527 0
0.2364178903 0.2120219282 0.1385337912 -0.00423925872 0.05978162025 0.5052729578 -0.0005405480911 0.01505783299 0.254402388 -0.9996953688 -0.003835477832 -0.02438152491 0.001910205795 0.9728651901 -0.231364805 0.02460733144 -0.2313408978 -0.9725614984 1.699037393e-05 0.1842499423 0
0.2425592266 0.21752954 0.14213243 -0.004461178178 0.06130737638 0.5050255035 -0.0005689576168 0.01544723093 0.2543709792 -0.9996626472 -0.004139058677 -0.02564098379 0.002060967803 0.9714663879 -0.2371683147 0.02589100748 -0.2371411505 -0.9711301305 1.795655165e-05 0.1890361319 0
0.2487005629 0.2230371518 0.1457310688 -0.004688665749 0.06283105271 0.5047718405 -0.0005980914907 0.01583649251 0.2543387697 -0.9996273731 -0.004457996425 -0.02693030212 0.002219299305 0.9700347227 -0.2429561924 0.02720642598 -0.2429254268 -0.9696633681 1.895334893e-05 0.1938223215 0
0.2548418991 0.2285447636 0.1493297076 -0.004921712163 0.06435259788 0.5045119789 -0.0006279493962 0.01622561433 0.2543057597 -0.9995894196 -0.004792638131 -0.02824929833 0.002385365451 0.9685704181 -0.2487280747 0.02855349835 -0.2486933367 -0.9681613099 1.998118084e-05 0.1986085112 0
0.2609832354 0.2340523753 0.1529283464 -0.005160307927 0.06587196062 0.5042459295 -0.0006585310087 0.01661459301 0.2542719495 -0.9995486567 -0.005143327784 -0.02959778676 0.002559329443 0.9670737028 -0.2544836009 0.02993213381 -0.2544444919 -0.9666240572 2.104046976e-05 0.2033947008 0
0.2671245717 0.2395599871 0.1565269853 -0.00540444332 0.06738908976 0.5039737031 -0.0006898359959 0.01700342515 0.2542373397 -0.999504952 -0.005510406243 -0.03097557769 0.002741352503 0.9655448105 -0.2602224125 0.03134223949 -0.2601785048 -0.9650517135 2.213164515e-05 0.2081808904 0
0.2732659079 0.2450675989 0.1601256241 -0.0056541084 0.06890393425 0.5036953107 -0.0007218640177 0.01739210735 0.2542019304 -0.9994581699 -0.005894211164 -0.03238247736 0.002931593819 0.9639839796 -0.2659441534 0.03278372039 -0.2658949892 -0.9634443847 2.325514344e-05 0.21296708 0
0.2800896149 0.2511871675 0.1641241116 -0.005937987103 0.07058435326 0.503378768 -0.0007582982884 0.01782379648 0.2541616497 -0.9994024127 -0.006340685134 -0.03397959845 0.003152802788 0.9622125607 -0.2722811926 0.03442204575 -0.2722256118 -0.9616175638 2.454192367e-05 0.2182850685 0
0.2862309512 0.2566947793 0.1677227505 -0.0061992923 0.07209420733 0.5030873961 -0.0007918515639 0.01821215101 0.2541245541 -0.9993486776 -0.006760895546 -0.0354472957 0.003360907166 0.9605851095 -0.2779657384 0.03592944174 -0.2779038281 -0.9599367362 2.573512254e-05 0.2230712581 0
0.2923722874 0.2622023911 0.1713213893 -0.006466094816 0.07360161853 0.5027898944 -0.0008261267653 0.01860034505 0.2540866604 -0.999291427 -0.00719886173 -0.03694347349 0.00357771164 0.958926493 -0.2836321226 0.03746790391 -0.2835633217 -0.9582212682 2.696204449e-05 0.2278574477 0
0.2985136237 0.2677100029 0.1749200281 -0.006738383788 0.07510653624 0.5024862749 -0.0008611235203 0.01898837521 0.254047969 -0.9992305146 -0.007654907498 -0.03846792187 0.003803366626 0.9572369695 -0.2892800003 0.03903732859 -0.2892037111 -0.9564712753 2.822315264e-05 0.2326436374 0
0.30465496 0.2732176147 0.1785186669 -0.007016148133 0.07660890995 0.5021765501 -0.0008968414486 0.01937623808 0.2540084802 -0.9991657916 -0.008129353131 -0.04002042701 0.004038020308 0.9555168021 -0.2949090289 0.04063761007 -0.2948246166 -0.9546868754 2.951891618e-05 0.237429827 0
0.3107962963 0.2787252264 0.1821173057 -0.007299376545 0.07810868924 0.5018607324 -0.0009332801619 0.0197639303 0.2539681945 -0.9990971064 -0.008622515315 -0.04160077129 0.004281818589 0.9537662583 -0.3005188689 0.04226864052 -0.3004256593 -0.9528681888 3.08498102e-05 0.2422160166 0
0.3169376325 0.2842328382 0.1857159445 -0.007588057499 0.07960582385 0.5015388349 -0.0009704392646 0.02015144845 0.2539271124 -0.9990243053 -0.00913470708 -0.0432087333 0.004534905058 0.9519856104 -0.3061091835 0.04393031007 -0.3060064619 -0.951015338 3.221631551e-05 0.2470022062 0
0.3230789688 0.28974045 0.1893145833 -0.007882179247 0.0811002636 0.5012108705 -0.001008318353 0.02053878917 0.2538852343 -0.9989472317 -0.009666237733 -0.04484408788 0.004797420948 0.9501751351 -0.3116796389 0.04562250675 -0.3115666484 -0.9491284478 3.361891855e-05 0.2517883958 0
0.3292203051 0.2952480618 0.1929132222 -0.008181729823 0.08259195846 0.5008768526 -0.001046917015 0.02092594905 0.2538425606 -0.9988657267 -0.01021741281 -0.0465066062 0.005069505102 0.9483351137 -0.3172299042 0.04734511657 -0.3171058443 -0.9472076454 3.505811115e-05 0.2565745855 0
0.3353616413 0.3007556736 0.196511861 -0.008486697042 0.08408085852 0.5005367948 -0.001086234831 0.02131292472 0.2537990918 -0.9987796292 -0.01078853399 -0.04819605575 0.005351293929 0.9464658319 -0.3227596515 0.04909802347 -0.3226236764 -0.9452530601 3.653439043e-05 0.2613607751 0
0.3421853483 0.3068752422 0.2005103485 -0.008831887266 0.0857318535 0.5001518858 -0.001130764227 0.02174267752 0.2537498612 -0.9986783798 -0.01144686872 -0.0501045206 0.005675937476 0.9443548872 -0.3288793559 0.05108108771 -0.3287290924 -0.943041837 3.821880853e-05 0.2666787636 0
0.3483266846 0.312382854 0.2041089874 -0.00914824862 0.08721469006 0.4997991229 -0.001171598847 0.02212925318 0.2537047155 -0.9985820464 -0.01206107146 -0.05185004517 0.005978650758 0.9424247911 -0.3343647243 0.05289756482 -0.334200604 -0.9410163675 3.977503735e-05 0.2714649532 0
0.3544680208 0.3178904658 0.2077076262 -0.009469987312 0.08869457734 0.4994403638 -0.001213151266 0.0225156341 0.2536587762 -0.9984806035 -0.01269613369 -0.05362175464 0.006291477153 0.940466351 -0.3398285743 0.05474396493 -0.3396496 -0.9389575323 4.13699316e-05 0.2762511428 0
0.3606093571 0.3233980775 0.211306265 -0.009797090261 0.09017146595 0.4990756233 -0.001255421034 0.02290181691 0.2536120437 -0.9983738803 -0.0133523407 -0.05541940188 0.006614542691 0.9384798703 -0.3452705907 0.05662016365 -0.3450757134 -0.9368654701 4.300400855e-05 0.2810373324 0
0.3667506934 0.3289056893 0.2149049038 -0.01012954417 0.09164530665 0.4987049161 -0.001298407691 0.02328779823 0.2535645187 -0.9982617037 -0.01402997363 -0.05724273632 0.006947970788 0.9364656565 -0.3506904616 0.05852603458 -0.3504785785 -0.9347403218 4.467779002e-05 0.285823522 0
0.3728920296 0.3344133011 0.2185035426 -0.01046733553 0.09311605034 0.4983282573 -0.001342110771 0.02367357469 0.2535162015 -0.9981438982 -0.01472930945 -0.05909150398 0.007291882207 0.9344240211 -0.3560878785 0.06046144932 -0.3558578315 -0.9325822306 4.639180223e-05 0.2906097117 0
0.3790333659 0.3399209129 0.2221021814 -0.01081045061 0.09458364804 0.4979456623 -0.001386529798 0.02405914291 0.2534670929 -0.9980202866 -0.01545062084 -0.06096544751 0.007646395028 0.9323552797 -0.3614625361 0.06242627746 -0.3612131098 -0.930391342 4.814657567e-05 0.2953959013 0
0.3851747022 0.3454285247 0.2257008202 -0.01115887548 0.09604805092 0.4975571465 -0.00143166429 0.02444449952 0.2534171932 -0.9978906892 -0.01619417623 -0.06286430626 0.008011624609 0.9302597519 -0.3668141325 0.06442038665 -0.3665440527 -0.9281678034 4.994264501e-05 0.3001820909 0
0.3913160384 0.3509361364 0.2292994591 -0.01151259597 0.09750921031 0.4971627257 -0.001477513757 0.02482964116 0.253366503 -0.9977549244 -0.01696023966 -0.06478781628 0.00838768356 0.9281377612 -0.3721423692 0.06644364253 -0.3718503011 -0.9259117647 5.178054888e-05 0.3049682805 0
0.3974573747 0.3564437482 0.2328980979 -0.01187159773 0.09896707767 0.496762416 -0.001524077701 0.02521456447 0.2533150229 -0.9976128084 -0.01774907077 -0.06673571043 0.008774681703 0.925989635 -0.377446951 0.06849590879 -0.3771314974 -0.9236233779 5.366082987e-05 0.3097544702 0
0.4042810817 0.3625633169 0.2368965854 -0.0122766649 0.1005830104 0.4963107404 -0.001576652767 0.02564199686 0.253256897 -0.9974472269 -0.01865256286 -0.06892830701 0.009217639611 0.9235725782 -0.383312833 0.07081006093 -0.3829696786 -0.9210429743 5.580039713e-05 0.3150724586 0
0.410422418 0.3680709286 0.2404952242 -0.01264676785 0.1020337692 0.4958980521 -0.001624723379 0.02602644818 0.2532037511 -0.9972910906 -0.01949029161 -0.07092678717 0.009628079545 0.921370369 -0.3885665236 0.07292311492 -0.3881968209 -0.918686806 5.777193947e-05 0.3198586483 0
0.4165637542 0.3735785404 0.2440938631 -0.01302210602 0.103481086 0.4954795263 -0.00167350687 0.02641067072 0.253149817 -0.997128019 -0.02035156709 -0.07294880016 0.01004978219 0.9191430666 -0.3937956639 0.07506474276 -0.3933978098 -0.9162987764 5.978757051e-05 0.3246448379 0
0.4227050905 0.3790861522 0.2476925019 -0.01340266417 0.1049249127 0.4950551798 -0.001723002708 0.02679466111 0.2530950954 -0.9969578204 -0.02123663028 -0.07499406605 0.01048284559 0.9168910138 -0.3989999734 0.07723480017 -0.3985722951 -0.9138790463 6.184784759e-05 0.3294310275 0
0.4288464268 0.384593764 0.2512911407 -0.01378842685 0.1063652018 0.49462503 -0.001773210356 0.02717841599 0.2530395867 -0.9967803012 -0.02214571752 -0.07706230193 0.01092736485 0.9146145565 -0.4041791753 0.07943314094 -0.4037199279 -0.9114277788 6.395333137e-05 0.3342172171 0
0.434987763 0.3901013758 0.2548897795 -0.01417937842 0.1078019055 0.4941890942 -0.00182412927 0.02756193203 0.2529832917 -0.9965952661 -0.02307906042 -0.07915322193 0.01138343211 0.9123140444 -0.4093329963 0.08165961698 -0.4088403617 -0.9089451389 6.610458573e-05 0.3390034067 0
0.4411290993 0.3956089875 0.2584884183 -0.01457550302 0.1092349764 0.4937473902 -0.001875758895 0.02794520588 0.2529262109 -0.9964025181 -0.02403688584 -0.08126653732 0.01185113648 0.9099898305 -0.414461167 0.08391407828 -0.4139332513 -0.9064312941 6.830217762e-05 0.3437895964 0
0.4472704356 0.4011165993 0.2620870571 -0.01497678458 0.1106643674 0.4932999358 -0.001928098671 0.02832823418 0.2528683449 -0.9962018583 -0.02501941585 -0.08340195651 0.01233056407 0.9076422711 -0.4195634218 0.08619637295 -0.4189982537 -0.9038864136 7.054667704e-05 0.348575786 0
0.4534117718 0.4066242111 0.2656856959 -0.01538320683 0.1120900312 0.4928467492 -0.001981148029 0.02871101361 0.2528096944 -0.9959930863 -0.02602686767 -0.08555918514 0.01282179792 0.9052717258 -0.4246394988 0.08850634723 -0.4240350276 -0.9013106689 7.283865687e-05 0.3533619756 0
0.4602354788 0.4127437797 0.2696841835 -0.01584079626 0.1136696737 0.492336508 -0.002040923287 0.02913602812 0.2527436079 -0.9957513573 -0.02717574593 -0.08798132335 0.01338155733 0.9026112693 -0.4302485683 0.09110525972 -0.429597923 -0.8984127427 7.544168835e-05 0.3586799641 0
0.4663768151 0.4182513915 0.2732828223 -0.01625801673 0.1150873153 0.4918712807 -0.002095468752 0.02951827118 0.2526833032 -0.995524794 -0.02823650172 -0.09018361517 0.01389797434 0.9001933936 -0.4352685382 0.09347315542 -0.4345739914 -0.8957724126 7.783579851e-05 0.3634661537 0
0.4725181513 0.4237590033 0.2768814611 -0.01668032595 0.1165010842 0.4914003792 -0.002150721982 0.02990025497 0.2526222161 -0.9952894847 -0.02932282362 -0.09240678334 0.01442643616 0.8977536712 -0.4402615403 0.09586824048 -0.4395207821 -0.893101765 8.027918901e-05 0.3682523433 0
0.4786594876 0.4292666151 0.2804801 -0.01710770682 0.1179109343 0.4909238224 -0.002206682377 0.03028197618 0.252560347 -0.9950452226 -0.0304349085 -0.09465052257 0.01496701298 0.8952924743 -0.4452273284 0.09829035355 -0.4444379617 -0.8904009797 8.277244375e-05 0.3730385329 0
0.4848008239 0.4347742269 0.2840787388 -0.01754014204 0.1193168191 0.4904416297 -0.002263349329 0.03066343148 0.2524976968 -0.9947917992 -0.03157294813 -0.09691452503 0.01551977183 0.8928101784 -0.4501656607 0.1007393314 -0.4493251989 -0.8876702387 8.531614907e-05 0.3778247226 0
0.4909421602 0.4402818386 0.2876773776 -0.01797761408 0.1207186927 0.4899538207 -0.002320722223 0.03104461755 0.2524342661 -0.994529005 -0.0327371292 -0.09919848045 0.01608477653 0.8903071615 -0.4550762992 0.1032150092 -0.4541821645 -0.8849097261 8.79108937e-05 0.3826109122 0
0.4970834964 0.4457894504 0.2912760164 -0.01842010523 0.1221165093 0.489460415 -0.002378800437 0.03142553107 0.2523700555 -0.994256629 -0.03392763326 -0.1015020761 0.01666208765 0.8877838048 -0.45995901 0.1057172199 -0.4590085312 -0.8821196278 9.055726866e-05 0.3873971018 0
0.5032248327 0.4512970622 0.2948746552 -0.01886759758 0.123510223 0.4889614327 -0.002437583338 0.03180616871 0.2523050658 -0.9939744587 -0.03514463668 -0.1038249969 0.01725176251 0.8852404918 -0.464813563 0.1082457952 -0.4638039739 -0.8793001317 9.325586722e-05 0.3921832914 0
0.509366169 0.456804674 0.298473294 -0.01932007302 0.1248997886 0.4884568939 -0.002497070289 0.03218652717 0.2522392976 -0.9936822806 -0.03638831064 -0.1061669256 0.01785385517 0.8826776089 -0.4696397327 0.1108005645 -0.4685681696 -0.8764514279 9.600728476e-05 0.3969694811 0
0.5155075052 0.4623122858 0.3020719328 -0.01977751325 0.1262851605 0.487946819 -0.002557260645 0.03256660315 0.2521727518 -0.9933798799 -0.03765882105 -0.1085275423 0.01846841636 0.8800955452 -0.4744372972 0.1133813558 -0.4733007972 -0.8735737081 9.881211875e-05 0.4017556707 0
0.5223312122 0.4684318544 0.3060704204 -0.02029158054 0.1278194895 0.4873736014 -0.002624963003 0.03298857445 0.2520979007 -0.9930316269 -0.03910216934 -0.1111719766 0.0191659433 0.8772045654 -0.4797341108 0.1162792098 -0.4785218603 -0.8703424467 0.0001019919791 0.4070736591 0
0.5284725485 0.4739394662 0.3096690592 -0.02075944097 0.1291958605 0.4868519074 -0.002686636167 0.0333680432 0.2520297154 -0.9927069345 -0.04042985557 -0.1135709866 0.01980697866 0.8745832969 -0.4844705773 0.1189143634 -0.4831867998 -0.8674041104 0.0001049115522 0.4118598488 0
0.5346138847 0.479447078 0.313267698 -0.02123220796 0.1305678983 0.4863247422 -0.002749010678 0.03374721918 0.2519607546 -0.992371344 -0.04178486055 -0.1159876765 0.02046061914 0.8719440732 -0.4891777757 0.1215749923 -0.4878191864 -0.8644373677 0.0001078864131 0.4166460384 0
0.540755221 0.4849546897 0.3168663369 -0.02170986241 0.1319355582 0.4857921272 -0.002812085857 0.0341260991 0.2518910191 -0.992024636 -0.04316732829 -0.118421718 0.0211269017 0.869287293 -0.4938555013 0.1242609173 -0.4924187079 -0.8614424186 0.0001109171671 0.421432228 0
0.5468965573 0.4904623015 0.3204649757 -0.02219238502 0.133298796 0.4852540839 -0.00287586102 0.03450467967 0.2518205097 -0.9916665904 -0.04457739741 -0.1208727808 0.02180585994 0.8666133574 -0.498503554 0.1269719574 -0.4969850546 -0.8584194648 0.0001140044214 0.4262184176 0
0.5530378935 0.4959699133 0.3240636145 -0.02267975628 0.1346575676 0.484710634 -0.002940335475 0.0348829576 0.2517492271 -0.9912969859 -0.04601520106 -0.1233405326 0.02249752403 0.8639226692 -0.5031217377 0.1297079301 -0.5015179188 -0.85536871 0.0001171487845 0.4310046073 0
0.5591792298 0.5014775251 0.3276622533 -0.02317195651 0.1360118291 0.4841617996 -0.003005508522 0.03526092961 0.251677172 -0.9909156005 -0.04748086696 -0.1258246393 0.02320192072 0.8612156339 -0.5077098609 0.1324686509 -0.506016995 -0.8522903597 0.000120350867 0.4357907969 0
0.5653205661 0.5069851369 0.3312608921 -0.02366896584 0.1373615367 0.4836076027 -0.003071379453 0.03563859241 0.2516043454 -0.9905222114 -0.04897451731 -0.1283247652 0.0239190733 0.8584926584 -0.5122677361 0.1352539339 -0.5104819803 -0.8491846214 0.0001236112808 0.4405769865 0
0.5714619023 0.5124927486 0.3348595309 -0.02417076419 0.1387066469 0.4830480657 -0.003137947553 0.03601594272 0.2515307479 -0.9901165949 -0.05049626882 -0.1308405724 0.0246490016 0.8557541518 -0.5167951803 0.1380635914 -0.5149125737 -0.8460517042 0.0001269306393 0.4453631761 0
0.5776032386 0.5180003604 0.3384581697 -0.02467733131 0.1400471164 0.4824832113 -0.0032052121 0.03639297728 0.2514563803 -0.9896985266 -0.05204623262 -0.1333717218 0.02539172201 0.853000525 -0.5212920149 0.1408974342 -0.5193084768 -0.8428918193 0.0001303095576 0.4501493657 0
0.5844269456 0.5241199291 0.3424566573 -0.02524575181 0.1415310319 0.4818493864 -0.003280766418 0.03681153027 0.2513728476 -0.9892191286 -0.05380163136 -0.1362016892 0.02623198551 0.849923708 -0.5262523858 0.1440742816 -0.5241517672 -0.8393494661 0.0001341345149 0.4554673542 0
0.5905682819 0.5296275408 0.3460552961 -0.02576231898 0.1428615632 0.4812733812 -0.003349498834 0.0371878875 0.251296857 -0.9887740334 -0.05541149441 -0.138764106 0.02700174948 0.8471395178 -0.5306840331 0.1469585531 -0.5284734655 -0.8361333506 0.0001376411961 0.4602535438 0
0.5967096181 0.5351351526 0.3496539349 -0.02628359072 0.1441873205 0.4806921302 -0.003418925402 0.03756391881 0.251220099 -0.9883157844 -0.05704987987 -0.1413407991 0.02778433408 0.8443414964 -0.535084543 0.1498664107 -0.5327595598 -0.8328909354 0.0001412093592 0.4650397335 0
0.6028509544 0.5406427644 0.3532525737 -0.02680954601 0.1455082613 0.4801056567 -0.003489045366 0.03793962096 0.2511425742 -0.9878441547 -0.05871687586 -0.1439314229 0.02857974128 0.8415300616 -0.5394537551 0.1527976583 -0.5370097615 -0.8296224392 0.0001448396245 0.4698259231 0
0.6089922907 0.5461503762 0.3568512126 -0.02734016364 0.1468243434 0.4795139844 -0.003559857967 0.03831499068 0.2510642836 -0.987358917 -0.06041256487 -0.1465356303 0.02938796947 0.8387056322 -0.5437915131 0.1557520985 -0.5412237841 -0.8263280821 0.000148532614 0.4746121127 0
0.6151336269 0.551657988 0.3604498514 -0.02787542223 0.1481355248 0.4789171372 -0.003631362435 0.03869002473 0.250985228 -0.9868598437 -0.06213702369 -0.149153073 0.03020901353 0.8358686287 -0.5480976656 0.1587295323 -0.5454013438 -0.8230080861 0.0001522889504 0.4793983023 0
0.6212749632 0.5571655997 0.3640484902 -0.02841530022 0.1494417637 0.478315139 -0.003703557995 0.03906471985 0.2509054083 -0.9863467066 -0.06389032344 -0.1517834015 0.03104286475 0.8330194727 -0.5523720654 0.161729759 -0.5495421592 -0.8196626747 0.0001561092579 0.4841844919 0
0.6274162995 0.5626732115 0.367647129 -0.02895977586 0.1507430186 0.4777080141 -0.003776443863 0.03943907282 0.2508248253 -0.9858192774 -0.06567252953 -0.1544262647 0.03188951089 0.8301585871 -0.5566145699 0.1647525765 -0.5536459511 -0.8162920735 0.0001599941616 0.4889706816 0
0.6335576357 0.5681808233 0.3712457678 -0.02950882723 0.1520392482 0.477095787 -0.003850019248 0.03981308039 0.2507434798 -0.9852773274 -0.06748370165 -0.1570813108 0.0327489361 0.8272863958 -0.560825041 0.1677977812 -0.5577124433 -0.8128965096 0.000163944288 0.4937568712 0
0.639698972 0.5736884351 0.3748444066 -0.03006243223 0.1533304113 0.4764784824 -0.003924283352 0.04018673933 0.2506613729 -0.9847206277 -0.06932389375 -0.1597481866 0.03362112097 0.8244033238 -0.565003345 0.1708651679 -0.5617413616 -0.8094762115 0.0001679602642 0.4985430608 0
0.646522679 0.5798080037 0.3788428942 -0.03068286247 0.1547590451 0.4757866633 -0.0040076058 0.04060150312 0.2505692509 -0.984084495 -0.07140264586 -0.1627248256 0.03460515222 0.8211876675 -0.5696080215 0.1742991398 -0.5661735395 -0.8056471517 0.0001725004557 0.5038610493 0
0.6526640152 0.5853156155 0.382441533 -0.03124600731 0.1560393784 0.4751587211 -0.004083321212 0.04097441547 0.2504855392 -0.9834959049 -0.07330425368 -0.1654155113 0.03550419428 0.8182830254 -0.5737179991 0.1774126748 -0.5701222472 -0.8021753961 0.000176657513 0.5086472389 0
0.6588053515 0.5908232273 0.3860401718 -0.0318136359 0.1573145188 0.4745257793 -0.004159722811 0.04134696916 0.2504010687 -0.9828918524 -0.07523501253 -0.1681169219 0.03641591265 0.8153688308 -0.5777954233 0.1805477439 -0.574032545 -0.7986796288 0.0001808823781 0.5134334285 0
0.6649466878 0.5963308391 0.3896388106 -0.0323857254 0.1585844261 0.4738878632 -0.004236809769 0.04171916097 0.2503158404 -0.9822721081 -0.07719495267 -0.1708287005 0.03734027314 0.8124455121 -0.581840179 0.1837041361 -0.5779041695 -0.7951600853 0.0001851756822 0.5182196182 0
0.6710880241 0.6018384508 0.3932374495 -0.03296225284 0.1598490605 0.4732449986 -0.004314581249 0.0420909877 0.2502298553 -0.981636443 -0.07918409857 -0.1735504894 0.03827723796 0.8095134985 -0.585852156 0.1868816387 -0.5817368599 -0.7916170027 0.0001895380576 0.5230058078 0
0.6772293603 0.6073460626 0.3968360883 -0.03354319503 0.1611083823 0.4725972112 -0.004393036408 0.04246244615 0.2501431141 -0.9809846279 -0.0812024689 -0.1762819301 0.0392267657 0.8065732198 -0.5898312487 0.1900800376 -0.585530358 -0.7880506197 0.0001939701371 0.5277919974 0
0.6833706966 0.6128536744 0.4004347271 -0.03412852866 0.1623623519 0.4719445271 -0.004472174395 0.0428335331 0.2500556179 -0.980316434 -0.08325007652 -0.1790226635 0.04018881134 0.803625106 -0.5937773559 0.1932991173 -0.5892844082 -0.7844611766 0.0001984725544 0.532578187 0
0.6895120329 0.6183612862 0.4040333659 -0.0347182302 0.1636109303 0.4712869725 -0.004551994352 0.04320424536 0.2499673677 -0.9796316325 -0.08532692848 -0.1817723299 0.04116332627 0.8006695878 -0.5976903811 0.1965386609 -0.5929987575 -0.7808489152 0.0002030459442 0.5373643766 0
0.6956533691 0.623868898 0.4076320047 -0.035312276 0.1648540783 0.4706245738 -0.004632495412 0.04357457974 0.2498783642 -0.978929995 -0.08743302604 -0.1845305691 0.04215025822 0.797707096 -0.6015702325 0.1997984502 -0.5966731558 -0.7772140789 0.0002076909417 0.5421505663 0
0.7017947054 0.6293765097 0.4112306435 -0.03591064221 0.1660917573 0.4699573575 -0.004713676702 0.04394453306 0.2497886086 -0.9782112932 -0.08956836462 -0.1872970203 0.04314955136 0.7947380619 -0.6054168227 0.2030782656 -0.6003073555 -0.7735569125 0.000212408183 0.5469367559 0
0.7086184124 0.6354960784 0.4152291311 -0.03658053151 0.1674604952 0.4692103885 -0.004804674865 0.04435514149 0.2496879992 -0.9773924452 -0.09197524523 -0.1903800471 0.0442743023 0.7914319864 -0.6096517014 0.2067457236 -0.604297911 -0.7694675046 0.0002177350669 0.5522547444 0
0.7147597486 0.6410036902 0.4188277699 -0.03718793956 0.1686865025 0.46853309 -0.004887289297 0.04472427989 0.2495966589 -0.9766369715 -0.09417227365 -0.1931626483 0.04529949158 0.7884505569 -0.6134278078 0.210067089 -0.6078464462 -0.765764008 0.0002226069146 0.557040934 0
0.7209010849 0.646511302 0.4224264087 -0.03779959281 0.1699069219 0.4678510579 -0.004970581195 0.04509302732 0.2495045694 -0.9758637264 -0.09639849166 -0.1959523368 0.04633684518 0.785463927 -0.6171704109 0.2134077887 -0.6113540301 -0.7620389528 0.0002275529891 0.5618271236 0
0.7270424212 0.6520189137 0.4260250475 -0.03841546674 0.1711217157 0.4671643194 -0.005054549658 0.04546138064 0.2494117318 -0.9750724834 -0.09865387075 -0.1987487506 0.04738629239 0.7824725281 -0.6208794425 0.2167675976 -0.6148204263 -0.75829259 0.0002325739292 0.5666133132 0
0.7331837574 0.6575265255 0.4296236863 -0.03903553667 0.1723308464 0.4664729021 -0.005139193774 0.04582933666 0.2493181471 -0.9742630168 -0.1009383766 -0.2015515273 0.04844775893 0.7794767911 -0.6245548389 0.2201462893 -0.6182454014 -0.7545251719 0.0002376703743 0.5713995028 0
0.7393250937 0.6630341373 0.4332223252 -0.03965977778 0.1735342768 0.4657768337 -0.005224512625 0.04619689225 0.2492238163 -0.9734351014 -0.1032519692 -0.2043603047 0.04952116689 0.776477147 -0.6281965411 0.2235436363 -0.6216287245 -0.7507369523 0.0002428429643 0.5761856925 0
0.74546643 0.6685417491 0.436820964 -0.04028816508 0.1747319701 0.465076142 -0.005310505286 0.04656404423 0.2491287403 -0.9725885128 -0.1055946024 -0.2071747204 0.0506064348 0.7734740264 -0.6318044945 0.2269594095 -0.6249701677 -0.7469281866 0.0002480923398 0.5809718821 0
0.7516077662 0.6740493608 0.4404196028 -0.04092067341 0.1759238894 0.4643708551 -0.005397170825 0.04693078947 0.2490329203 -0.9717230271 -0.1079662247 -0.2099944119 0.05170347757 0.7704678593 -0.6353786494 0.230393379 -0.6282695059 -0.7430991312 0.0002534191418 0.5857580717 0
0.7577491025 0.6795569726 0.4440182416 -0.04155727748 0.1771099983 0.4636610012 -0.005484508302 0.04729712482 0.2489363572 -0.9708384213 -0.1103667785 -0.2128190169 0.05281220656 0.7674590756 -0.6389189605 0.2338453134 -0.6315265169 -0.7392500442 0.0002588240118 0.5905442613 0
0.7638904388 0.6850645844 0.4476168804 -0.04219795181 0.1782902608 0.4629466087 -0.005572516771 0.04766304713 0.2488390521 -0.9699344733 -0.1127962005 -0.2156481733 0.05393252954 0.7644481042 -0.6424253873 0.23731498 -0.6347409811 -0.7353811849 0.0002643075918 0.595330451 0
0.7707141458 0.6911841531 0.451615368 -0.0429145548 0.1795947628 0.462147551 -0.005671089763 0.04806913926 0.2487300664 -0.9689071322 -0.1155293317 -0.2187965782 0.0551908141 0.7611005359 -0.6462816324 0.241190678 -0.6382624443 -0.7310595797 0.0002704935544 0.6006484394 0
0.776855482 0.6966917648 0.4552140068 -0.04356373764 0.180762565 0.461423671 -0.005760511628 0.04843417935 0.2486311984 -0.9679616251 -0.1180194637 -0.2216341545 0.05633529438 0.7580863523 -0.6497164128 0.2446970104 -0.6413863801 -0.7271498364 0.0002761454109 0.605434629 0
0.7829968183 0.7021993766 0.4588126456 -0.04421691057 0.1819244098 0.4606953417 -0.005850601491 0.04879879667 0.2485315916 -0.9669960905 -0.12053823 -0.224475157 0.05749105895 0.7550713117 -0.6531172118 0.248220344 -0.6444671049 -0.723221136 0.0002818779779 0.6102208187 0
0.7891381546 0.7077069884 0.4624112844 -0.0448740475 0.1830802621 0.4599625924 -0.005941358378 0.04916298812 0.2484312472 -0.96601031 -0.1230855436 -0.2273192246 0.05865800101 0.7520558399 -0.6564840078 0.2517604414 -0.6475044112 -0.7192737431 0.0002876918994 0.6150070083 0
0.7952794908 0.7132146002 0.4660099232 -0.04553512221 0.1842300871 0.4592254522 -0.006032781304 0.04952675057 0.2483301663 -0.9650040666 -0.1256613119 -0.2301659968 0.05983601019 0.749040362 -0.6598167837 0.2553170642 -0.6504980944 -0.7153079238 0.0002935878198 0.6197931979 0
0.8014208271 0.718722212 0.4696085621 -0.04620010832 0.1853738503 0.4584839505 -0.006124869278 0.04989008093 0.2482283499 -0.9639771443 -0.1282654363 -0.2330151134 0.06102497265 0.7460253018 -0.6631155268 0.2588899727 -0.6534479528 -0.7113239452 0.0002995663836 0.6245793875 0
0.8075621634 0.7242298237 0.4732072009 -0.0468689793 0.1865115174 0.457738117 -0.006217621303 0.05025297609 0.2481257991 -0.9629293282 -0.1308978128 -0.2358662151 0.06222477101 0.7430110821 -0.6663802291 0.2624789262 -0.6563537876 -0.7073220758 0.0003056282361 0.6293655772 0
0.8137034996 0.7297374355 0.4768058397 -0.04754170849 0.1876430543 0.4569879813 -0.006311036373 0.05061543295 0.2480225151 -0.9618604048 -0.1335583314 -0.2387189429 0.06343528443 0.7399981246 -0.6696108872 0.2660836829 -0.6592154031 -0.703302585 0.0003117740225 0.6341517668 0
0.8198448359 0.7352450473 0.4804044785 -0.04821826907 0.1887684274 0.4562335734 -0.006405113476 0.05097744843 0.247918499 -0.9607701618 -0.1362468768 -0.2415729387 0.06465638859 0.7369868497 -0.6728075021 0.2697039999 -0.6620326064 -0.6992657438 0.0003180043887 0.6389379564 0
0.8259861722 0.7407526591 0.4840031173 -0.04889863408 0.1898876031 0.4554749232 -0.006499851592 0.05133901944 0.2478137518 -0.9596583882 -0.1389633278 -0.244427845 0.0658879557 0.7339776761 -0.6759700794 0.2733396334 -0.6648052079 -0.6952118241 0.0003243199807 0.643724146 0
0.8328098791 0.7468722277 0.4880016049 -0.04965902424 0.1911238229 0.45462704 -0.00660589018 0.05174023997 0.2476965101 -0.9583975775 -0.1420141812 -0.2476005973 0.06726847523 0.7306371224 -0.679444146 0.277396892 -0.6678333382 -0.6906877708 0.0003314380476 0.6490421345 0
0.8389512154 0.7523798395 0.4916002437 -0.0503473317 0.1922298067 0.4538595336 -0.00670202039 0.05210086254 0.2475902234 -0.957239664 -0.144789121 -0.2504562557 0.06852169568 0.7276337546 -0.6825349049 0.2810640546 -0.6705111704 -0.6865986947 0.0003379356839 0.6538283241 0
0.8450925517 0.7578874513 0.4951988825 -0.05103935884 0.1933294908 0.4530878794 -0.006798808397 0.05246103108 0.2474832092 -0.9560595728 -0.1475915536 -0.253311718 0.06978495958 0.7246337821 -0.6855916724 0.2847457684 -0.6731438294 -0.6824933936 0.0003445205579 0.6586145137 0
0.851233888 0.7633950631 0.4987975213 -0.05173507814 0.194422843 0.4523121083 -0.006896253152 0.05282074252 0.2473754688 -0.954857099 -0.1504213351 -0.2561666304 0.07105812509 0.7216376176 -0.6886144725 0.2884417852 -0.675731138 -0.678372144 0.0003511933168 0.6634007034 0
0.8573752242 0.7689026748 0.5023961601 -0.05243446194 0.1955098311 0.451532251 -0.006994353599 0.0531799938 0.2472670031 -0.9536320391 -0.1532783156 -0.2590206401 0.07234104699 0.7186456718 -0.6916033338 0.292151856 -0.6782729218 -0.6742352235 0.0003579546082 0.668186893 0
0.8635165605 0.7744102866 0.5059947989 -0.05313748244 0.1965904234 0.4507483386 -0.007093108677 0.05353878188 0.2471578135 -0.9523841915 -0.1561623401 -0.2618733956 0.07363357673 0.7156583537 -0.6945582893 0.295875731 -0.6807690095 -0.6700829109 0.0003648050797 0.6729730826 0
0.8696578968 0.7799178984 0.5095934378 -0.05384411172 0.1976645885 0.4499604022 -0.007192517315 0.05389710371 0.2470479011 -0.9511133562 -0.1590732479 -0.2647245464 0.07493556238 0.7126760704 -0.6974793762 0.2996131592 -0.6832192331 -0.6659154859 0.0003717453793 0.6777592722 0
0.875799233 0.7854255102 0.5131920766 -0.05455432172 0.1987322951 0.449168473 -0.007292578437 0.05425495624 0.246937267 -0.9498193349 -0.162010873 -0.2675737432 0.07624684874 0.709699227 -0.7003666363 0.3033638888 -0.6856234275 -0.6617332292 0.000378776155 0.6825454618 0
