0.00688238866 0.003742711777 -0.002387638274 -2.189491034e-06 0.001755000132 0.5099959738 -2.753582023e-07 0.0004371027741 0.2549995004 -0.9999999999 -5.777489993e-08 -1.275087264e-05 2.954324941e-08 0.9999765528 -0.006847907366 1.275096931e-05 -0.006847907366 -0.9999765527 2.883301051e-08 -0.003175558904 0
0.01360511856 0.007398599522 -0.00471988773 -8.555897409e-06 0.003469235893 0.5099842668 -1.082025182e-06 0.0008656858488 0.2549980368 -0.9999999988 -4.490201474e-07 -4.982529639e-05 2.254839707e-07 0.9999083766 -0.01353655725 4.982680941e-05 -0.01353655725 -0.9999083754 5.655575136e-08 -0.006277450681 0
0.02032784845 0.01105448727 -0.007052137186 -1.910017372e-05 0.005183370075 0.5099648771 -2.424125411e-06 0.001295002266 0.2549956015 -0.9999999938 -1.498978659e-06 -0.0001112246661 7.507825636e-07 0.9997954655 -0.02022442237 0.0001112322328 -0.02022442232 -0.9997954593 4.567610474e-08 -0.009379342457 0
0.02705057835 0.01471037501 -0.009384386642 -3.382194949e-05 0.006897352489 0.5099378056 -4.301211477e-06 0.001724437599 0.2549921953 -0.9999999806 -3.533024078e-06 -0.0001969399275 1.768128554e-06 0.9996378304 -0.02691111503 0.0001969636795 -0.02691111486 -0.999637811 5.450104747e-09 -0.01248123423 0
0.03461364949 0.01882324873 -0.01200816728 -5.537671479e-05 0.008825338811 0.509898169 -7.051454575e-06 0.002207497367 0.2549872046 -0.999999948 -7.402563424e-06 -0.0003224188076 3.703273212e-06 0.9994070511 -0.03443176031 0.000322482513 -0.03443175971 -0.9994069991 8.438477276e-08 -0.01597086248 0
0.04133637938 0.02247913647 -0.01434041674 -7.89737767e-05 0.01053883211 0.5098547769 -1.006320898e-05 0.002636808269 0.2549817393 -0.9999998942 -1.260743636e-05 -0.0004597589058 6.306062706e-06 0.9991544342 -0.04111467497 0.0004598885001 -0.04111467352 -0.9991543285 1.837135845e-07 -0.01907275426 0
0.04805910928 0.02613502422 -0.01667266619 -0.0001067462344 0.01225201684 0.5098037067 -1.360845742e-05 0.003066052133 0.254975306 -0.9999998068 -1.981207404e-05 -0.0006213634959 9.908766721e-06 0.998857156 -0.04779520673 0.0006216002966 -0.04779520365 -0.9988569628 3.044883376e-07 -0.02217464603 0
0.05478183918 0.02979091196 -0.01900491565 -0.0001386931121 0.01396484286 0.5097449603 -1.768706349e-05 0.003495236028 0.2549679047 -0.9999996738 -2.934097355e-05 -0.0008072087439 1.467365202e-05 0.9985152455 -0.05447296869 0.000807608527 -0.05447296277 -0.9985149193 4.457449037e-07 -0.02527653781 0
0.06150456907 0.03344679971 -0.0213371651 -0.0001748132874 0.01567726004 0.5096785398 -2.229893271e-05 0.00392436533 0.2549595358 -0.9999994817 -4.151830087e-05 -0.001017267239 2.07628257e-05 0.998128736 -0.06114757431 0.001017902407 -0.06114756374 -0.9981282179 6.070054389e-07 -0.02837842959 0
0.06822729897 0.03710268745 -0.02366941456 -0.0002151054912 0.01738921824 0.5096044473 -2.744398983e-05 0.004353443329 0.2549501993 -0.9999992153 -5.666784479e-05 -0.001251508 2.833821293e-05 0.9976976654 -0.06781863734 0.001252469745 -0.06781861958 -0.9976968809 7.88034491e-07 -0.03148032136 0
0.07495002887 0.0407585752 -0.02600166401 -0.0002595683081 0.01910066737 0.5095226857 -3.312216775e-05 0.004782471612 0.2549398953 -0.9999988573 -7.511297069e-05 -0.001509896472 3.756153468e-05 0.9972220758 -0.07448577195 0.001511296942 -0.07448574354 -0.9972209334 9.887302669e-07 -0.03458221314 0
0.08167275876 0.04441446294 -0.02833391347 -0.0003082001758 0.02081155734 0.5094332576 -3.933340191e-05 0.005211450512 0.2549286241 -0.9999983889 -9.71765745e-05 -0.001792394542 4.85942855e-05 0.9967020134 -0.08114859271 0.001794368991 -0.08114854908 -0.9967004029 1.20907035e-06 -0.03768410492 0
0.08839548866 0.04807035069 -0.03066616293 -0.0003609993861 0.02252183808 0.5093361663 -4.607762728e-05 0.005640379462 0.2549163857 -0.9999977896 -0.0001231810367 -0.002098960533 6.159771134e-05 0.9961375292 -0.0878067147 0.002101669481 -0.0878066499 -0.9961353197 1.449082892e-06 -0.04078599669 0
0.09511821856 0.05172623843 -0.03299841238 -0.0004179640839 0.02423145957 0.5092314152 -5.335477665e-05 0.006069257241 0.2549031802 -0.9999970369 -0.0001534481762 -0.002429549216 7.673278735e-05 0.9955286782 -0.09445975347 0.002433180596 -0.09445966 -0.9955257165 1.708830545e-06 -0.04388788847 0
0.1018409485 0.05538212618 -0.03533066184 -0.0004790922683 0.02594037179 0.509119008 -6.116477968e-05 0.00649808216 0.2548890078 -0.9999961066 -0.0001882992047 -0.002784111814 9.416019579e-05 0.9948755198 -0.1011073252 0.002788883117 -0.1011071937 -0.9948716287 1.988401097e-06 -0.04698978025 0
0.1085636784 0.05903801393 -0.03766291129 -0.0005443817919 0.02764852476 0.5089989485 -6.950756228e-05 0.006926852184 0.2548738685 -0.999994973 -0.0002280546809 -0.003162596006 0.0001140403039 0.9941781178 -0.1077490465 0.00316875642 -0.1077488655 -0.9941730941 2.287901802e-06 -0.05009167202 0
0.1152864083 0.06269390167 -0.03999516075 -0.0006138303613 0.02935586851 0.5088712411 -7.838304628e-05 0.007355565023 0.2548577627 -0.9999936083 -0.0002730344644 -0.003564945941 0.0001365331419 0.9934365403 -0.1143845348 0.003572778482 -0.1143842904 -0.9934301532 2.607455817e-06 -0.0531935638 0
0.1220091381 0.06634978942 -0.04232741021 -0.0006874355371 0.03106235313 0.5087358902 -8.779114915e-05 0.007784218193 0.2548406903 -0.9999919832 -0.0003235576703 -0.003991102234 0.0001617983808 0.9926508595 -0.1210134081 0.004000925879 -0.1210130837 -0.9926428493 2.947199907e-06 -0.05629545557 0
0.128731868 0.07000567716 -0.04465965966 -0.0007651947339 0.03276792872 0.5085929006 -9.773178388e-05 0.008212809064 0.2548226516 -0.9999900665 -0.000379942624 -0.004441001984 0.0001899953109 0.9918211522 -0.1276352852 0.004453173789 -0.1276348611 -0.9918112277 3.307282884e-06 -0.05939734735 0
0.1354545979 0.07366156491 -0.04699190912 -0.0008471052208 0.03447254543 0.5084422772 -0.0001082048588 0.008641334893 0.2548036467 -0.9999878255 -0.000442506815 -0.004914578776 0.0002212828191 0.9909474992 -0.1342497855 0.004929495993 -0.1342492386 -0.9909353369 3.687864544e-06 -0.06249923913 0
0.1421773278 0.07731745265 -0.04932415857 -0.0009331641209 0.03617615345 0.5082840254 -0.0001192102778 0.009069792851 0.2547836757 -0.9999852255 -0.0005115668524 -0.005411762694 0.0002558193678 0.9900299857 -0.1408565295 0.005429864874 -0.1408558329 -0.9900152276 4.089114898e-06 -0.0656011309 0
0.1489000577 0.0809733404 -0.05165640803 -0.001023368412 0.03787870299 0.5081181508 -0.0001307479397 0.009498180038 0.254762739 -0.9999822301 -0.0005874384191 -0.005932480325 0.0002937629728 0.9890687013 -0.1474551383 0.005954251424 -0.1474542608 -0.9890509531 4.511213618e-06 -0.06870302268 0
0.1556227876 0.08462922814 -0.05398865749 -0.001117714926 0.03958014432 0.5079446591 -0.0001428177388 0.009926493499 0.2547408367 -0.9999788015 -0.0006704362269 -0.006476654772 0.0003352711813 0.9880637396 -0.1540452339 0.00650262524 -0.1540441399 -0.9880425693 4.954349594e-06 -0.07180491446 0
0.1623455175 0.08828511589 -0.05632090694 -0.00121620035 0.04128042775 0.5077635565 -0.0001554195646 0.01035473024 0.2547179689 -0.9999748998 -0.0007608739716 -0.007044205664 0.0003805010506 0.9870151986 -0.1606264394 0.007074954529 -0.160625088 -0.9869901348 5.418720602e-06 -0.07490680623 0
0.1690682474 0.09194100363 -0.0586531564 -0.001318821226 0.04297950363 0.5075748493 -0.0001685533018 0.01078288722 0.254694136 -0.9999704836 -0.000859064288 -0.007635049164 0.0004296091261 0.9859231804 -0.1671983786 0.00767120611 -0.1671967236 -0.9858937104 5.904533026e-06 -0.07800869801 0
0.1757909773 0.09559689138 -0.06098540585 -0.00142557395 0.04467732236 0.5073785441 -0.0001822188303 0.01121096137 0.2546693381 -0.9999655097 -0.0009653187053 -0.008249097982 0.0004827514202 0.9847877915 -0.1737606765 0.008291345415 -0.1737586657 -0.9847533598 6.412001618e-06 -0.08111058978 0
0.1825137072 0.09925277912 -0.06331765531 -0.001536454775 0.04637383438 0.5071746478 -0.0001964160251 0.01163894963 0.2546435754 -0.9999599332 -0.001079947603 -0.008886261386 0.0005400833903 0.9836091424 -0.1803129591 0.008935336489 -0.1803105339 -0.9835691491 6.941349304e-06 -0.08421248156 0
0.1892364371 0.1029086669 -0.06564990477 -0.001651459807 0.04806899019 0.5069631676 -0.0002111447564 0.01206684887 0.2546168482 -0.9999537077 -0.001203260164 -0.009546445213 0.0006017599178 0.982387348 -0.1868548536 0.009603141998 -0.1868519483 -0.982341147 7.49280699e-06 -0.08731437334 0
0.195959167 0.1065645546 -0.06798215422 -0.001770585009 0.04976274035 0.506744111 -0.0002264048897 0.01249465598 0.2545891567 -0.9999467849 -0.001335564336 -0.01022955188 0.0006679352863 0.9811225272 -0.1933859881 0.01029472322 -0.1933825297 -0.9810694246 8.066613402e-06 -0.09041626511 0
0.2026818969 0.1102204424 -0.07031440368 -0.001893826199 0.05145503547 0.5065174855 -0.0002421962854 0.01292236782 0.2545605012 -0.9999391148 -0.00147716678 -0.0109354804 0.0007387631607 0.9798148032 -0.1999059921 0.01101004007 -0.1999018995 -0.9797540557 8.663014933e-06 -0.09351815689 0
0.210244968 0.1143333161 -0.07293818431 -0.002037387039 0.05335706681 0.5062534947 -0.0002605964506 0.01340342585 0.2545271118 -0.9999295285 -0.001647963997 -0.01175679914 0.0008241962261 0.9782924895 -0.2072272322 0.01184309132 -0.2072223185 -0.9782221894 9.361291312e-06 -0.09700778514 0
0.2169676979 0.1179892038 -0.07527043377 -0.002169360162 0.05504610621 0.5060108123 -0.0002775162942 0.01383092479 0.2544964087 -0.9999200972 -0.001810337372 -0.01251087332 0.0009054179419 0.9768940237 -0.2137223588 0.01260870695 -0.2137166093 -0.976814328 1.00065597e-05 -0.1001096769 0
0.2236904278 0.1216450916 -0.07760268323 -0.002305435277 0.05673353659 0.5057605868 -0.0002949669334 0.01425831861 0.2544647424 -0.9999097519 -0.001982958588 -0.01328743196 0.0009917681448 0.9754530661 -0.2202052047 0.01339792405 -0.2201985096 -0.9753630668 1.067524097e-05 -0.1032115687 0
0.2304131577 0.1253009793 -0.07993493268 -0.002445607608 0.0584193088 0.5055028271 -0.0003129482089 0.01468560413 0.2544321133 -0.999898436 -0.002166128554 -0.01408636017 0.001083397724 0.9739697568 -0.2266754045 0.01421069686 -0.2266676436 -0.9738684898 1.136761164e-05 -0.1063134605 0
0.2371358876 0.1289568671 -0.08226718214 -0.002589872236 0.06010337375 0.5052375421 -0.0003314599564 0.01511277818 0.2543985216 -0.999886091 -0.00236014667 -0.01490753972 0.001180456841 0.97244424 -0.2331325944 0.01504697825 -0.2331236362 -0.9723306838 1.208395515e-05 -0.1094153522 0
0.2438586175 0.1326127548 -0.08459943159 -0.0027382241 0.06178568243 0.5049647412 -0.0003505020068 0.01553983759 0.2543639677 -0.9998726569 -0.002565310788 -0.01575084907 0.001283094913 0.970876664 -0.2395764117 0.01590671975 -0.2395661131 -0.970749738 1.28245618e-05 -0.112517244 0
0.2505813474 0.1362686425 -0.08693168105 -0.002890657994 0.0634661859 0.5046844339 -0.0003700741863 0.01596677917 0.2543284518 -0.999858072 -0.00278191717 -0.01661616335 0.001391460585 0.969267181 -0.2460064952 0.01678987151 -0.2459947007 -0.9691257439 1.358972856e-05 -0.1156191358 0
0.2573040773 0.1399245303 -0.08926393051 -0.00304716857 0.06514483527 0.5043966301 -0.0003901763161 0.01639359973 0.2542919744 -0.999842273 -0.003010260441 -0.01750335445 0.001505701716 0.9676159474 -0.2524224855 0.01769638232 -0.2524090265 -0.9674587957 1.4379759e-05 -0.1187210276 0
0.2640268072 0.143580418 -0.09159617996 -0.003207750339 0.06682158175 0.5041013399 -0.0004108082126 0.01682029609 0.2542545357 -0.9998251952 -0.003250633548 -0.01841229094 0.001625965356 0.9659231236 -0.2588240244 0.01862619963 -0.2588087185 -0.9657489901 1.51949631e-05 -0.1218229193 0
0.2707495371 0.1472363058 -0.09392842942 -0.003372397667 0.06849637661 0.5037985736 -0.0004319696875 0.01724686506 0.254216136 -0.999806772 -0.00350332772 -0.01934283817 0.001752397724 0.9641888738 -0.2652107554 0.01957926954 -0.2651934056 -0.9639964263 1.603565719e-05 -0.1249248111 0
0.277472267 0.1508921935 -0.09626067887 -0.003541104779 0.07016917118 0.5034883419 -0.0004536605474 0.01767330344 0.2541767758 -0.9997869354 -0.003768632427 -0.02029485823 0.001885144192 0.9624133664 -0.2715823236 0.02055553678 -0.2715627177 -0.9622012057 1.69021638e-05 -0.1280267029 0
0.2841949969 0.1545480813 -0.09859292833 -0.00371386576 0.0718399169 0.5031706556 -0.0004758805943 0.01809960805 0.2541364554 -0.9997656157 -0.004046835332 -0.02126821002 0.002024349259 0.9605967735 -0.2779383757 0.02155494476 -0.2779162856 -0.9603634325 1.779481153e-05 -0.1311285947 0
0.2909177268 0.158203969 -0.1009251778 -0.003890674549 0.07350856526 0.5028455259 -0.0004986296253 0.0185257757 0.2540951752 -0.9997427418 -0.004338222255 -0.02226274921 0.002170156538 0.9587392715 -0.2842785602 0.02257743553 -0.2842537409 -0.9584832133 1.871393492e-05 -0.1342304865 0
0.2976404567 0.1618598568 -0.1032574272 -0.004071524949 0.07517506786 0.5025129642 -0.0005219074327 0.01895180318 0.2540529356 -0.9997182409 -0.004643077132 -0.02327832831 0.002322708728 0.9568410402 -0.2906025272 0.02362294982 -0.2905747161 -0.956560657 1.965987435e-05 -0.1373323782 0
0.3043631866 0.1655157445 -0.1055896767 -0.004256410617 0.07683937637 0.5021729821 -0.0005457138038 0.01937768731 0.2540097369 -0.9996920388 -0.00496168197 -0.02431479666 0.002482147601 0.9549022637 -0.2969099286 0.02469142701 -0.2968788448 -0.9545958752 2.063297593e-05 -0.14043427 0
0.3110859165 0.1691716323 -0.1079219262 -0.004445325074 0.07850144253 0.5018255915 -0.0005700485213 0.01980342488 0.2539655795 -0.9996640595 -0.00529431681 -0.02537200046 0.00264861398 0.9529231298 -0.3032004182 0.02578280515 -0.3031657615 -0.9525889817 2.163359136e-05 -0.1435361618 0
0.3178086464 0.17282752 -0.1102541756 -0.004638261695 0.08016121819 0.5014708047 -0.000594911363 0.02022901272 0.2539204639 -0.9996342257 -0.005641259684 -0.02644978277 0.002822247718 0.9509038301 -0.3094736514 0.02689702097 -0.3094351017 -0.9505400928 2.266207778e-05 -0.1466380536 0
0.3245313763 0.1764834077 -0.1125864251 -0.00483521372 0.08181865529 0.501108634 -0.0006203021017 0.02065444762 0.2538743905 -0.9996024586 -0.006002786576 -0.02754798358 0.003003187681 0.94884456 -0.3157292857 0.02803400987 -0.315686502 -0.9484493275 2.371879774e-05 -0.1497399453 0
0.3312541062 0.1801392955 -0.1149186745 -0.005036174244 0.08347370584 0.5007390922 -0.0006462205056 0.02107972639 0.2538273597 -0.9995686777 -0.006379171382 -0.02866643977 0.003191571726 0.9467455188 -0.3219669803 0.02919370594 -0.3219195998 -0.9463168068 2.480411901e-05 -0.1528418371 0
0.3379768361 0.1837951832 -0.117250924 -0.005241136228 0.08512632196 0.5003621923 -0.000672666338 0.02150484584 0.2537793719 -0.9995328012 -0.006770685869 -0.02980498517 0.003387536684 0.9446069096 -0.3281863967 0.03037604193 -0.3281340339 -0.9441426544 2.591841448e-05 -0.1559437289 0
0.344699566 0.187451071 -0.1195831734 -0.005450092488 0.08677645586 0.4999779473 -0.0006996393575 0.02192980278 0.2537304276 -0.9994947458 -0.007177599637 -0.03096345057 0.003591218341 0.942428939 -0.3343871979 0.0315809493 -0.3343294439 -0.9419269964 2.706206208e-05 -0.1590456207 0
0.3514222959 0.1911069587 -0.1219154229 -0.005663035704 0.08842405986 0.4995863708 -0.0007271393176 0.02235459401 0.2536805272 -0.9994544265 -0.00760018008 -0.03214166375 0.003802751418 0.9402118175 -0.3405690493 0.03280835819 -0.3405054706 -0.9396699613 2.823544464e-05 -0.1621475124 0
0.3581450258 0.1947628465 -0.1242476723 -0.005879958417 0.09006908634 0.4991874765 -0.0007551659672 0.02277921634 0.2536296712 -0.9994117573 -0.008038692347 -0.03333944947 0.004022269551 0.9379557593 -0.3467316181 0.03405819745 -0.346661756 -0.9373716798 2.943894978e-05 -0.1652494042 0
0.3648677557 0.1984187342 -0.1265799218 -0.006100853028 0.09171148783 0.4987812783 -0.0007837190504 0.0232036666 0.2535778601 -0.9993666502 -0.0084933993 -0.03455662955 0.004249905275 0.9356609821 -0.3528745739 0.03533039461 -0.3527979432 -0.9350322853 3.06729698e-05 -0.168351296 0
0.3715904856 0.202074622 -0.1289121713 -0.006325711802 0.09335121693 0.4983677906 -0.0008127983064 0.02362794158 0.2535250943 -0.9993190162 -0.008964561481 -0.03579302285 0.004485790004 0.9333277075 -0.358997588 0.03662487591 -0.3589136764 -0.9326519133 3.193790162e-05 -0.1714531878 0
0.3783132155 0.2057305097 -0.1312444207 -0.006554526865 0.09498822635 0.4979470277 -0.0008424034695 0.0240520381 0.2534713743 -0.9992687647 -0.00945243707 -0.03704844529 0.004730054015 0.9309561604 -0.3651003341 0.03794156631 -0.365008601 -0.9302307019 3.32341466e-05 -0.1745550795 0
0.3858762866 0.2098433834 -0.1338682013 -0.00681666283 0.09682655234 0.4974649918 -0.0008763375647 0.02452892942 0.2534097995 -0.9992089885 -0.01002159324 -0.03848330839 0.005015027607 0.9282427073 -0.3719412936 0.03944929472 -0.3718400786 -0.927458198 3.473035657e-05 -0.1780447078 0
0.3925990165 0.2134992712 -0.1362004508 -0.007053858233 0.09845762593 0.4970288185 -0.0009070593769 0.02495263614 0.2533540536 -0.9991528677 -0.01054583107 -0.03977854336 0.005277524837 0.9257905949 -0.377999897 0.04081292438 -0.3778896133 -0.9249506719 3.609449453e-05 -0.1811465996 0
0.3993217464 0.2171551589 -0.1385327003 -0.007294984434 0.1000858328 0.4965854169 -0.0009383062355 0.02537615446 0.2532973551 -0.9990938373 -0.01108757349 -0.04109221367 0.005548800917 0.9233009364 -0.3840372269 0.04219852033 -0.3839172392 -0.9224027528 3.749122766e-05 -0.1842484913 0
0.4060444763 0.2208110467 -0.1408649497 -0.007540032992 0.101711126 0.4961348026 -0.0009700778549 0.02579948119 0.2532397046 -0.9990318011 -0.01164706856 -0.04242412342 0.005828981233 0.9207739714 -0.3900529665 0.04360600224 -0.389922607 -0.9198145884 3.892097474e-05 -0.1873503831 0
0.4127672062 0.2244669344 -0.1431971992 -0.007788995333 0.1033334589 0.4956769914 -0.001002373945 0.02622261315 0.2531811025 -0.9989666614 -0.01222456177 -0.04377407393 0.006118189939 0.9182099429 -0.3960468008 0.0450352885 -0.3959053685 -0.917186329 4.038415851e-05 -0.1904522749 0
0.4194899361 0.2281228221 -0.1455294486 -0.008041862746 0.1049527848 0.4952119991 -0.001035194211 0.02664554716 0.2531215494 -0.9988983192 -0.01282029603 -0.04514186375 0.006416549943 0.9156090977 -0.4020184176 0.04648629626 -0.4018651767 -0.9145181267 4.188120558e-05 -0.1935541667 0
0.426212666 0.2317787099 -0.1478616981 -0.008298626384 0.1065690574 0.4947398423 -0.001068538353 0.02706828005 0.2530610459 -0.9988266743 -0.01343451163 -0.04652728867 0.006724182886 0.9129716856 -0.4079675069 0.04795894138 -0.4078016862 -0.9118101363 4.341254634e-05 -0.1966560585 0
0.4329353959 0.2354345976 -0.1501939475 -0.008559277265 0.1081822301 0.4942605372 -0.001102406066 0.02749080865 0.2529995925 -0.998751625 -0.01406744621 -0.04793014176 0.007041209126 0.9102979599 -0.4138937612 0.04945313848 -0.4137145527 -0.9090625149 4.497861487e-05 -0.1997579502 0
0.4396581258 0.2390904854 -0.152526197 -0.008823806274 0.1097922568 0.4937741007 -0.001136797041 0.02791312977 0.2529371898 -0.9986730684 -0.01471933471 -0.0493502134 0.007367747723 0.9075881774 -0.4197968754 0.05096880095 -0.4196034336 -0.9062754216 4.657984887e-05 -0.202859842 0
0.4463808557 0.2427463731 -0.1548584465 -0.00909220416 0.1113990913 0.4932805499 -0.001171710964 0.02833524026 0.2528738384 -0.9985909004 -0.01539040932 -0.0507872913 0.007703916419 0.904842598 -0.4256765469 0.0525058409 -0.4254679873 -0.9034490182 4.821668955e-05 -0.2059617338 0
0.4531035856 0.2464022609 -0.1571906959 -0.009364461538 0.1130026876 0.4927799019 -0.001207147516 0.02875713693 0.2528095388 -0.9985050154 -0.01608089951 -0.05224116054 0.008049831623 0.902061485 -0.4315324757 0.05406416923 -0.4313078738 -0.9005834684 4.988958155e-05 -0.2090636256 0
0.4598263155 0.2500581486 -0.1595229454 -0.009640568892 0.1146029998 0.4922721743 -0.001243106373 0.02917881663 0.2527442917 -0.9984153068 -0.01679103193 -0.05371160357 0.008405608396 0.8992451049 -0.4373643643 0.05564369559 -0.4371227547 -0.8976789384 5.159897285e-05 -0.2121655173 0
0.4665490454 0.2537140364 -0.1618551948 -0.00992051657 0.1161999822 0.4917573848 -0.001279587207 0.02960027619 0.2526780976 -0.9983216666 -0.01752103039 -0.05519840026 0.008771360431 0.8963937274 -0.4431719178 0.0572443284 -0.4429122926 -0.8947355966 5.334531474e-05 -0.2152674091 0
0.4732717753 0.2573699241 -0.1641874443 -0.01020429479 0.1177935892 0.4912355514 -0.001316589685 0.03002151245 0.2526109572 -0.9982239858 -0.01827111586 -0.05670132794 0.009147200042 0.8935076255 -0.4489548439 0.05886597486 -0.4486761521 -0.8917536137 5.512906166e-05 -0.2183693009 0
0.4799945052 0.2610258119 -0.1665196937 -0.01049189363 0.1193837752 0.4907066924 -0.001354113468 0.03044252224 0.2525428711 -0.9981221538 -0.01904150642 -0.0582201614 0.009533238143 0.8905870753 -0.4547128531 0.06050854097 -0.4544139989 -0.8887331625 5.695067119e-05 -0.2214711927 0
0.4867172351 0.2646816996 -0.1688519432 -0.01078330305 0.1209704949 0.4901708261 -0.001392158213 0.03086330241 0.2524738398 -0.9980160591 -0.01983241718 -0.05975467292 0.009929584235 0.8876323558 -0.4604456583 0.06217193148 -0.4601255004 -0.8856744181 5.881060396e-05 -0.2245730844 0
0.493439965 0.2683375873 -0.1711841926 -0.01107851287 0.1225537031 0.4896279714 -0.001430723574 0.0312838498 0.2524038642 -0.9979055891 -0.02064406033 -0.06130463234 0.01033634639 0.8846437495 -0.4661529753 0.06385604996 -0.4658103254 -0.8825775579 6.070932356e-05 -0.2276749762 0
0.5001626949 0.2719934751 -0.1735164421 -0.01137751278 0.1241333546 0.4890781472 -0.001469809197 0.03170416125 0.2523329447 -0.9977906299 -0.02147664505 -0.06286980704 0.01075363123 0.8816215416 -0.4718345227 0.06556079877 -0.4714681443 -0.8794427614 6.264729647e-05 -0.230776868 0
0.5068854248 0.2756493628 -0.1758486916 -0.01168029233 0.1257094046 0.4885213727 -0.001509414727 0.03212423362 0.2522610821 -0.9976710664 -0.0223303775 -0.06444996201 0.01118154394 0.8785660204 -0.4774900217 0.06728607908 -0.4770986292 -0.8762702104 6.462499201e-05 -0.2338787598 0
0.5136081547 0.2793052506 -0.178180941 -0.01198684096 0.1272818082 0.4879576673 -0.0015495398 0.03254406375 0.252188277 -0.9975467824 -0.02320546079 -0.06604485985 0.01162018819 0.8754774773 -0.4831191964 0.06903179086 -0.4827014536 -0.8730600887 6.664288228e-05 -0.2369806515 0
0.5203308845 0.2829611383 -0.1805131905 -0.01229714796 0.1288505208 0.4873870507 -0.00159018405 0.0329636485 0.2521145301 -0.9974176608 -0.02410209494 -0.06765426081 0.0120696662 0.8723562065 -0.4887217737 0.0707978329 -0.4882762926 -0.8698125826 6.870144206e-05 -0.2400825433 0
0.5270536144 0.2866170261 -0.1828454399 -0.01261120251 0.1304154978 0.4868095428 -0.001631347106 0.03338298473 0.252039842 -0.9972835831 -0.02502047685 -0.06927792283 0.01253007866 0.8692025053 -0.4942974833 0.07258410282 -0.4938228231 -0.8665278803 7.080114877e-05 -0.2431844351 0
0.5337763443 0.2902729138 -0.1851776894 -0.01292899364 0.1319766948 0.4862251639 -0.001673028592 0.03380206928 0.2519642135 -0.99714443 -0.02596080027 -0.07091560156 0.01300152475 0.8660166735 -0.4998460579 0.07439049704 -0.4993407234 -0.8632061723 7.294248242e-05 -0.2462863269 0
0.5404990742 0.2939288016 -0.1875099388 -0.01325051028 0.1335340677 0.4856339341 -0.001715228127 0.03422089902 0.2518876453 -0.997000081 -0.0269232558 -0.07256705042 0.01348410213 0.8627990141 -0.505367233 0.07621691085 -0.5048296738 -0.859847651 7.512592552e-05 -0.2493882187 0
0.5472218041 0.2975846893 -0.1898421883 -0.01357574119 0.1350875723 0.4850358743 -0.001757945326 0.03463947081 0.2518101381 -0.9968504145 -0.02790803081 -0.07423202057 0.01397790689 0.8595498328 -0.5108607472 0.07806323835 -0.5102893559 -0.8564525113 7.735196303e-05 -0.2524901104 0
0.553944534 0.3012405771 -0.1921744377 -0.01390467505 0.1366371647 0.4844310052 -0.001801179797 0.03505778152 0.2517316925 -0.9966953081 -0.02891530945 -0.07591026103 0.01448303357 0.856269438 -0.5163263418 0.0799293725 -0.5157194531 -0.85302095 7.962108235e-05 -0.2555920022 0
0.5615076052 0.3053534508 -0.1947982184 -0.01427913753 0.1383757253 0.4837424146 -0.001850436388 0.03552806508 0.2516423206 -0.996514157 -0.03007562189 -0.07781382838 0.01506495 0.8525420716 -0.522441445 0.0820523138 -0.5217925576 -0.849117156 8.222594765e-05 -0.2590816305 0
0.5682303351 0.3090093385 -0.1971304678 -0.0146159019 0.1399168591 0.4831231461 -0.001894768747 0.03594581059 0.2515618836 -0.9963470792 -0.03113131725 -0.07951942498 0.01559444246 0.8491963846 -0.5278468658 0.08396017644 -0.5271587441 -0.8456088619 8.458824468e-05 -0.2621835222 0
0.574953065 0.3126652263 -0.1994627173 -0.01495633295 0.1414539443 0.4824971351 -0.001939617129 0.03636328523 0.2514805105 -0.996174172 -0.03221007055 -0.08123749374 0.01613554207 0.8458204654 -0.5332235785 0.08588750384 -0.5324943678 -0.8420647748 8.699516146e-05 -0.265285414 0
0.5816757949 0.316321114 -0.2017949668 -0.01530041882 0.1429869378 0.4818644033 -0.001984981124 0.03678048588 0.2513982021 -0.995995309 -0.03331205231 -0.08296777496 0.01668833678 0.8424146333 -0.5385713369 0.08783418427 -0.5377991193 -0.8384851003 8.944719471e-05 -0.2683873058 0
0.5883985248 0.3199770017 -0.2041272162 -0.01564814752 0.1445157963 0.4812249728 -0.002030860317 0.03719740942 0.2513149593 -0.9958103625 -0.03443742969 -0.08471000694 0.01725291293 0.8389792105 -0.5438898982 0.08980010487 -0.5430726911 -0.8348700458 9.194484332e-05 -0.2714891976 0
0.5951212547 0.3236328895 -0.2064594657 -0.01599950693 0.1460404769 0.4805788659 -0.002077254289 0.03761405273 0.2512307827 -0.9956192043 -0.03558636643 -0.08646392598 0.0178293552 0.8355145213 -0.5491790225 0.09178515166 -0.5483147774 -0.831219821 9.448860824e-05 -0.2745910893 0
0.6018439846 0.3272887772 -0.2087917151 -0.01635448482 0.1475609367 0.479926105 -0.002124162616 0.03803041269 0.2511456732 -0.995421705 -0.03675902285 -0.08822926646 0.01841774664 0.8320208929 -0.554438473 0.09378920955 -0.5535250744 -0.8275346374 9.707899249e-05 -0.2776929811 0
0.6085667144 0.330944665 -0.2111239646 -0.01671306883 0.1490771332 0.4792667129 -0.00217158487 0.0384464862 0.2510596315 -0.9952177344 -0.03795555583 -0.09000576079 0.0190181686 0.8284986546 -0.5596680164 0.09581216237 -0.55870328 -0.8238147088 9.97165011e-05 -0.2807948729 0
0.6152894443 0.3346005527 -0.213456214 -0.01707524648 0.1505890237 0.4786007126 -0.002219520616 0.03886227013 0.2509726584 -0.9950071614 -0.03917611876 -0.09179313956 0.01963070078 0.8249481384 -0.5648674221 0.09785389281 -0.5638490939 -0.8200602508 0.0001024016411 -0.2838967647 0
0.6220121742 0.3382564405 -0.2157884635 -0.01744100516 0.1520965661 0.4779281272 -0.002267969418 0.03927776138 0.2508847547 -0.9947898542 -0.04042086156 -0.09359113147 0.02025542119 0.8213696785 -0.5700364631 0.09991428252 -0.5689622178 -0.8162714811 0.0001051349213 -0.2869986564 0
0.6287349041 0.3419123282 -0.2181207129 -0.01781033214 0.1535997181 0.4772489801 -0.002316930832 0.03969295686 0.2507959213 -0.9945656801 -0.0416899306 -0.09539946342 0.02089240611 0.8177636114 -0.5751749154 0.101993212 -0.5740423553 -0.8124486193 0.0001079168526 -0.2901005482 0
0.635457634 0.345568216 -0.2204529624 -0.01818321458 0.1550984378 0.4765632949 -0.00236640441 0.04010785344 0.2507061589 -0.9943345056 -0.04298346872 -0.09721786054 0.02154173015 0.814130276 -0.5802825584 0.1040905608 -0.5790892118 -0.8085918871 0.0001107479476 -0.29320244 0
0.6421803639 0.3492241037 -0.2227852119 -0.01855963951 0.1565926834 0.4758710956 -0.0024163897 0.04052244805 0.2506154685 -0.9940961964 -0.04430161517 -0.09904604622 0.02220346615 0.8104700133 -0.5853591748 0.1062062073 -0.5841024947 -0.8047015081 0.0001136287208 -0.2963043318 0
0.6489030938 0.3528799915 -0.2251174613 -0.01893959383 0.1580824132 0.4751724061 -0.002466886246 0.04093673757 0.2505238507 -0.9938506174 -0.04564450565 -0.1008837421 0.02287768526 0.8067831668 -0.5904045505 0.1083400288 -0.5890819135 -0.8007777078 0.0001165596884 -0.2994062235 0
0.6556258237 0.3565358792 -0.2274497108 -0.01932306433 0.1595675857 0.4744672508 -0.002517893586 0.04135071892 0.2504313066 -0.9935976329 -0.0470122722 -0.1027306683 0.02356445685 0.8030700819 -0.5954184746 0.1104919016 -0.5940271793 -0.7968207138 0.0001195413685 -0.3025081153 0
0.6623485536 0.3601917669 -0.2297819602 -0.0197100377 0.1610481597 0.4737556542 -0.002569411254 0.04176438901 0.2503378368 -0.9933371063 -0.04840504326 -0.1045865431 0.02426384855 0.7993311061 -0.6004007398 0.112661701 -0.5989380056 -0.7928307553 0.0001225742806 -0.3056100071 0
0.6690712835 0.3638476547 -0.2321142097 -0.02010050048 0.1625240941 0.4730376409 -0.002621438778 0.04217774475 0.2502434424 -0.9930689005 -0.04982294361 -0.1064510834 0.02497592622 0.7955665892 -0.6053511421 0.1148493011 -0.6038141075 -0.7888080638 0.0001256589462 -0.3087118989 0
0.6757940134 0.3675035424 -0.2344464591 -0.0204944391 0.1639953479 0.4723132361 -0.002673975683 0.04259078306 0.2501481241 -0.9927928775 -0.05126609434 -0.1083240043 0.02570075394 0.7917768828 -0.6102694807 0.1170545752 -0.6086552024 -0.7847528725 0.0001287958883 -0.3118137906 0
0.6825167433 0.3711594302 -0.2367787086 -0.02089183988 0.1654618804 0.4715824647 -0.002727021489 0.04300350085 0.2500518829 -0.9925088988 -0.05273461286 -0.1102050195 0.02643839403 0.7879623406 -0.6151555585 0.1192773953 -0.6134610097 -0.7806654165 0.0001319856316 -0.3149156824 0
0.6892394732 0.3748153179 -0.239110958 -0.02129268903 0.1669236511 0.4708453522 -0.002780575711 0.04341589505 0.2499547196 -0.9922168252 -0.05422861284 -0.1120938413 0.02718890698 0.7841233183 -0.6200091814 0.1215176327 -0.6182312506 -0.7765459328 0.0001352287022 -0.3180175742 0
0.6959622031 0.3784712057 -0.2414432075 -0.02169697262 0.1683806195 0.4701019242 -0.002834637859 0.0438279626 0.2498566352 -0.9919165169 -0.05574820425 -0.1139901805 0.02795235148 0.7802601735 -0.6248301591 0.1237751574 -0.6229656486 -0.7723946602 0.000138525628 -0.321119466 0
0.702684933 0.3821270934 -0.243775457 -0.02210467663 0.1698327455 0.4693522064 -0.002889207439 0.0442397004 0.2497576305 -0.9916078334 -0.05729349327 -0.1158937465 0.02872878444 0.7763732655 -0.6296183046 0.1260498385 -0.6276639293 -0.7682118393 0.0001418769383 -0.3242213578 0
0.7094076629 0.3857829812 -0.2461077064 -0.02251578691 0.1712799891 0.468596225 -0.002944283952 0.04465110541 0.2496577064 -0.9912906336 -0.05886458235 -0.1178042471 0.0295182609 0.7724629557 -0.6343734345 0.1283415442 -0.6323258203 -0.7639977127 0.000145283164 -0.3273232495 0
0.7161303928 0.3894388689 -0.2484399559 -0.02293028919 0.1727223104 0.467834006 -0.002999866894 0.04506217455 0.2495568639 -0.9909647761 -0.06046157012 -0.1197213891 0.0303208341 0.768529607 -0.6390953686 0.1306501416 -0.6369510512 -0.7597525247 0.0001487448373 -0.3304251413 0
0.7228531227 0.3930947567 -0.2507722053 -0.0233481691 0.1741596698 0.467065576 -0.003055955757 0.04547290476 0.249455104 -0.9906301187 -0.0620845514 -0.1216448779 0.03113655543 0.7645735843 -0.6437839305 0.1329754968 -0.641539354 -0.7554765215 0.0001522624921 -0.3335270331 0
0.7295758526 0.3967506444 -0.2531044548 -0.02376941215 0.1755920279 0.4662909616 -0.003112550029 0.04588329299 0.2493524275 -0.9902865188 -0.06373361722 -0.1235744175 0.03196547443 0.7605952539 -0.6484389472 0.1353174751 -0.6460904626 -0.7511699509 0.0001558366637 -0.3366289249 0
0.7371389237 0.4008635181 -0.2557282354 -0.02424731239 0.1771974037 0.4654121616 -0.003176822061 0.04634456717 0.249235822 -0.9898891016 -0.06562010381 -0.1257520122 0.03291384297 0.756093426 -0.6536355331 0.1379719013 -0.6511656726 -0.7462888324 0.00015992583 -0.3401185531 0
0.7438616536 0.4045194059 -0.2580604849 -0.02467565349 0.178619004 0.4646244948 -0.003234488602 0.04675421855 0.249131201 -0.9895260229 -0.06732488388 -0.1276934219 0.03377096305 0.7520689161 -0.6582187079 0.1403487515 -0.6556368701 -0.7419181373 0.0001636218832 -0.3432204449 0
0.7505843835 0.4081752936 -0.2603927343 -0.02510731173 0.1800354809 0.4638307281 -0.003292658918 0.04716351842 0.2490256664 -0.9891535528 -0.06905600806 -0.1296399502 0.03464142364 0.7480232542 -0.6627678198 0.1427417973 -0.6600700561 -0.737517661 0.0001673761348 -0.3463223367 0
0.7573071134 0.4118311813 -0.2627249838 -0.02554227215 0.181446796 0.4630308892 -0.003351332479 0.04757246373 0.2489192193 -0.9887715468 -0.07081355144 -0.1315912963 0.03552526657 0.7439568131 -0.6672827105 0.1451508999 -0.6644649736 -0.7330876585 0.0001711891257 -0.3494242284 0
0.7640298433 0.4154870691 -0.2650572332 -0.02598051969 0.1828529107 0.4622250056 -0.003410508746 0.04798105144 0.2488118606 -0.9883798597 -0.07259758518 -0.1335471584 0.0364225318 0.7398699674 -0.6717632251 0.1475759197 -0.6688213678 -0.7286283867 0.0001750613982 -0.3525261202 0
0.7707525732 0.4191429568 -0.2673894827 -0.02642203919 0.1842537868 0.4614131053 -0.00347018718 0.04838927852 0.2487035912 -0.9879783463 -0.07440817655 -0.135507234 0.03733325739 0.7357630928 -0.6762092126 0.1500167161 -0.6731389861 -0.7241401041 0.0001789934961 -0.355628012 0
0.7774753031 0.4227988446 -0.2697217322 -0.02686681536 0.1856493863 0.4605952164 -0.003530367233 0.04879714193 0.2485944122 -0.9875668608 -0.07624538886 -0.1374712192 0.0382574795 0.7316365666 -0.6806205255 0.1524731475 -0.6774175781 -0.7196230709 0.0001829859641 -0.3587299038 0
0.784198033 0.4264547323 -0.2720539816 -0.02731483281 0.1870396713 0.4597713672 -0.003591048357 0.04920463866 0.2484843247 -0.9871452571 -0.07810928152 -0.1394388094 0.03919523238 0.7274907673 -0.6849970199 0.1549450715 -0.6816568959 -0.715077549 0.0001870393485 -0.3618317955 0
0.7909207629 0.4301106201 -0.2743862311 -0.02776607606 0.1884246044 0.4589415861 -0.003652229995 0.04961176566 0.2483733296 -0.9867133887 -0.07999990996 -0.141409699 0.04014654839 0.7233260746 -0.6893385557 0.1574323449 -0.6858566936 -0.710503802 0.0001911541968 -0.3649336873 0
0.7976434928 0.4337665078 -0.2767184805 -0.02822052949 0.189804148 0.4581059019 -0.003713911589 0.05001851993 0.2482614279 -0.9862711089 -0.08191732566 -0.1433835815 0.04111145795 0.7191428698 -0.6936449963 0.1599348234 -0.6900167278 -0.705902095 0.0001953310577 -0.3680355791 0
0.8043662227 0.4374223956 -0.27905073 -0.02867817739 0.1911782649 0.4572643434 -0.003776092573 0.05042489844 0.2481486207 -0.9858182707 -0.08386157611 -0.1453601498 0.04208998956 0.7149415349 -0.6979162087 0.1624523619 -0.6941367572 -0.7012726948 0.0001995704812 -0.3711374709 0
0.8110889526 0.4410782833 -0.2813829794 -0.02913900396 0.1925469182 0.4564169398 -0.00383877238 0.05083089819 0.248034909 -0.9853547268 -0.08583270483 -0.1473390958 0.04308216981 0.7107224534 -0.7021520639 0.1649848145 -0.6982165431 -0.6966158697 0.0002038730185 -0.3742393626 0
0.8178116825 0.4447341711 -0.2837152289 -0.02960299326 0.1939100711 0.4555637203 -0.003901950436 0.05123651615 0.2479202939 -0.9848803296 -0.08783075134 -0.1493201107 0.04408802334 0.7064860097 -0.7063524363 0.1675320344 -0.7022558488 -0.6919318899 0.000208239222 -0.3773412544 0
0.8245344124 0.4483900588 -0.2860474783 -0.03007012928 0.195267687 0.4547047144 -0.003965626163 0.05164174933 0.2478047764 -0.9843949314 -0.08985575114 -0.1513028851 0.04510757285 0.7022325894 -0.710517204 0.1700938739 -0.7062544402 -0.6872210269 0.0002126696453 -0.3804431462 0
0.8312571423 0.4520459465 -0.2883797278 -0.03054039589 0.1966197296 0.4538399517 -0.004029798977 0.05204659473 0.2476883576 -0.9838983842 -0.09190773574 -0.1532871088 0.04614083911 0.697962579 -0.714646249 0.1726701844 -0.7102120855 -0.6824835537 0.0002171648432 -0.383545038 0
0.8379798722 0.4557018343 -0.2907119773 -0.03101377684 0.1979661626 0.452969462 -0.004094468294 0.05245104934 0.2475710386 -0.9833905398 -0.09398673261 -0.155272471 0.04718784094 0.693676366 -0.7187394569 0.1752608166 -0.7141285552 -0.677719745 0.0002217253716 -0.3866469298 0
0.8447026021 0.459357722 -0.2930442267 -0.03149025582 0.1993069503 0.4520932756 -0.00415963352 0.05285511018 0.2474528205 -0.9828712501 -0.09609276519 -0.1572586605 0.04824859521 0.6893743387 -0.7227967171 0.1778656203 -0.7180036223 -0.6729298771 0.0002263517878 -0.3897488215 0
0.851425332 0.4630136098 -0.2953764762 -0.03196981638 0.2006420568 0.4512114224 -0.004225294059 0.05325877425 0.2473337042 -0.9823403664 -0.09822585289 -0.1592453653 0.04932311683 0.6850568864 -0.7268179225 0.1804844445 -0.7218370621 -0.6681142276 0.0002310446499 -0.3928507133 0
0.8581480619 0.4666694975 -0.2977087256 -0.03245244197 0.2019714467 0.450323933 -0.004291449311 0.05366203857 0.2472136911 -0.9817977403 -0.1003860111 -0.1612322731 0.05041141875 0.6807243993 -0.7308029701 0.1831171373 -0.7256286523 -0.6632730757 0.0002358045174 -0.3959526051 0
0.8648707918 0.4703253853 -0.3000409751 -0.03293811598 0.2032950848 0.449430838 -0.00435809867 0.05406490015 0.2470927821 -0.9812432232 -0.102573251 -0.1632190711 0.05151351198 0.676377268 -0.7347517604 0.1857635462 -0.7293781731 -0.6584067022 0.0002406319508 -0.3990544969 0
0.8715935217 0.473981273 -0.3023732245 -0.03342682165 0.2046129359 0.4485321681 -0.004425241527 0.05446735602 0.2469709784 -0.9806766662 -0.10478758 -0.165205446 0.05262940555 0.6720158843 -0.7386641977 0.1884235176 -0.7330854072 -0.653515389 0.0002455275118 -0.4021563886 0
0.8783162516 0.4776371608 -0.304705474 -0.03391854215 0.2059249653 0.4476279543 -0.004492877267 0.05486940321 0.246848281 -0.9800979207 -0.1070290013 -0.1671910842 0.05375910651 0.6676406403 -0.7425401901 0.1910968974 -0.7367501397 -0.6485994199 0.0002504917632 -0.4052582804 0
0.8850389815 0.4812930485 -0.3070377235 -0.03441326054 0.2072311383 0.4467182278 -0.004561005271 0.05527103873 0.2467246912 -0.9795068379 -0.1092975138 -0.1691756717 0.05490261997 0.663251929 -0.7463796494 0.1937835306 -0.7403721579 -0.6436590798 0.0002555252689 -0.4083601722 0
0.8917617114 0.4849489363 -0.3093699729 -0.0349109598 0.2085314206 0.4458030198 -0.004629624916 0.05567225964 0.2466002101 -0.978903269 -0.1115931128 -0.1711588943 0.05605994905 0.6588501437 -0.7501824913 0.1964832615 -0.743951252 -0.6386946552 0.0002606285937 -0.411462064 0
0.8984844413 0.488604824 -0.3117022224 -0.03541162278 0.2098257781 0.4448823619 -0.004698735574 0.05607306297 0.2464748388 -0.9782870652 -0.1139157891 -0.1731404375 0.0572310949 0.6544356784 -0.7539486352 0.1991959334 -0.7474872145 -0.6337064339 0.0002658023039 -0.4145639557 0
0.9060475124 0.4927176977 -0.314326003 -0.03597838977 0.2112748059 0.4438401468 -0.00477707119 0.05652346389 0.2463327335 -0.977578548 -0.1165611493 -0.1753672743 0.05856514823 0.6494547397 -0.758141586 0.2022629621 -0.7514133613 -0.6280666005 0.0002717075663 -0.418053584 0
0.9127702423 0.4963735855 -0.3166582525 -0.03648529336 0.2125564606 0.4429080132 -0.004847223144 0.05692337004 0.2462054744 -0.9769350013 -0.1189413164 -0.1773442035 0.05976564952 0.6450146399 -0.7618294963 0.2050026108 -0.7548569915 -0.623028773 0.0002770327294 -0.4211554758 0
0.9194929722 0.5000294732 -0.3189905019 -0.03699510654 0.2138320852 0.4419705292 -0.004917864119 0.05732284938 0.2460773288 -0.9762783551 -0.1213485063 -0.1793184694 0.06097995844 0.6405630943 -0.7654804811 0.2077547066 -0.7582568577 -0.6179680571 0.0002824300535 -0.4242573675 0
0.9262157021 0.503685361 -0.3213227514 -0.03750781177 0.2151016466 0.441027727 -0.004988993469 0.05772189897 0.2459482978 -0.9756084609 -0.1237826932 -0.1812897566 0.06220806798 0.6361004985 -0.7690944754 0.21051909 -0.7616127629 -0.6128847462 0.000287900109 -0.4273592593 0
0.932938432 0.5073412487 -0.3236550008 -0.03802339144 0.2163651116 0.4400796391 -0.005060610543 0.05812051588 0.2458183827 -0.9749251705 -0.126243847 -0.1832577502 0.06344996916 0.6316272486 -0.772671418 0.2132956008 -0.7649245126 -0.6077791349 0.0002934434674 -0.4304611511 0
0.9396611619 0.5109971364 -0.3259872503 -0.03854182784 0.2176224476 0.4391262981 -0.005132714684 0.05851869715 0.2456875846 -0.9742283356 -0.1287319338 -0.185222135 0.06470565101 0.6271437408 -0.7762112516 0.216084078 -0.7681919146 -0.6026515192 0.0002990607011 -0.4335630429 0
0.9463838918 0.5146530242 -0.3283194997 -0.03906310318 0.2188736222 0.4381677366 -0.005205305234 0.05891643987 0.2455559048 -0.9735178083 -0.1312469154 -0.1871825957 0.06597510059 0.6226503714 -0.7797139226 0.2188843599 -0.7714147796 -0.5975021965 0.0003047523837 -0.4366649346 0
