0.00623587245 0.005484262743 0.0007356458729 -2.906918827e-06 0.001590138336 0.5099966947 -3.643284065e-07 0.0003959664305 0.2549995901 -0.9999999999 -6.945927188e-08 -1.692895423e-05 3.557983516e-08 0.9999807511 -0.006204622483 1.692905933e-05 -0.006204622482 -0.999980751 3.404192987e-08 0.0009784090109 0
0.01221972668 0.01074688302 0.001441561156 -1.116238992e-05 0.003115961539 0.5099873078 -1.406233086e-06 0.0007772708276 0.2549984179 -0.9999999979 -5.261067823e-07 -6.500454335e-05 2.642636327e-07 0.9999260876 -0.01215809677 6.500613517e-05 -0.01215809676 -0.9999260855 7.361822925e-08 0.001917276338 0
0.01820358091 0.0160095033 0.002147476439 -2.477084666e-05 0.004641685808 0.5099718343 -3.132069473e-06 0.001159313418 0.254996476 -0.9999999896 -1.740784334e-06 -0.0001442479873 8.719486085e-07 0.9998359859 -0.01811080674 0.0001442558556 -0.01811080668 -0.9998359755 7.287282803e-08 0.002856143664 0
0.02418743513 0.02127212358 0.002853391723 -4.373177056e-05 0.006167262702 0.5099502749 -5.541816491e-06 0.001541538083 0.2549937646 -0.9999999676 -4.084517389e-06 -0.0002546486862 2.044118323e-06 0.9997104591 -0.02406237826 0.0002546732382 -0.024062378 -0.9997104266 3.242195843e-08 0.003795010991 0
0.03017128936 0.02653474386 0.003559307006 -6.80444392e-05 0.007692643787 0.5099226302 -8.634469026e-06 0.001923753386 0.2549902847 -0.9999999215 -7.928127527e-06 -0.0003961918732 3.966127971e-06 0.9995495253 -0.03001243733 0.0003962513413 -0.03001243654 -0.9995494468 4.41507656e-08 0.004733878318 0
0.03615514359 0.03179736413 0.004265222289 -9.770792627e-05 0.009217780636 0.5098889014 -1.240933491e-05 0.002305912757 0.2549860371 -0.9999998381 -1.364216548e-05 -0.0005688586165 6.823162226e-06 0.9993532081 -0.03596061019 0.0005689812639 -0.03596060825 -0.9993530462 1.44921545e-07 0.005672745645 0
0.0428869796 0.03771781195 0.005059376983 -0.0001374738343 0.01093320737 0.5098436856 -1.747102095e-05 0.002735768279 0.2549803416 -0.9999996795 -2.276714718e-05 -0.0008002821624 1.138527458e-05 0.9990900924 -0.04264958501 0.000800524989 -0.04264958045 -0.999089772 2.883903166e-07 0.006728971387 0
0.04887083382 0.04298043222 0.005765292266 -0.0001785038043 0.01245766447 0.5097970325 -2.269444301e-05 0.003117800302 0.254974464 -0.9999994597 -3.368456062e-05 -0.001039004608 1.684308222e-05 0.9988186861 -0.04859250991 0.001039414034 -0.04859250116 -0.9988181458 4.405452105e-07 0.007667838714 0
0.05485468805 0.0482430525 0.00647120755 -0.0002248803843 0.01398172609 0.5097443001 -2.859924657e-05 0.003499778411 0.2549678198 -0.9999991424 -4.762789078e-05 -0.001308764641 2.381305385e-05 0.9985120023 -0.05453238252 0.001309414464 -0.05453236692 -0.9985111449 6.150370415e-07 0.008606706041 0
0.06083854228 0.05350567278 0.007177122833 -0.0002766018076 0.01550534383 0.5096854903 -3.518530915e-05 0.003881705439 0.2549604089 -0.9999987026 -6.496586456e-05 -0.00160952619 3.247922591e-05 0.9981700854 -0.06046883049 0.001610509305 -0.06046880431 -0.9981687883 8.114713154e-07 0.009545573368 0
0.06682239651 0.05876829306 0.007883038116 -0.0003336661038 0.01702846937 0.5096206055 -4.245252529e-05 0.004263582897 0.2549522316 -0.9999981121 -8.606659579e-05 -0.001941249041 4.302524886e-05 0.9977929852 -0.06640148195 0.001942679625 -0.06640144011 -0.9977910977 1.029665827e-06 0.01048444069 0
0.07280625074 0.06403091334 0.008588953399 -0.0003960710989 0.01855105435 0.509549648 -5.040079644e-05 0.004645411199 0.254943288 -0.9999973399 -0.0001112975187 -0.002303888844 5.563434539e-05 0.9973807563 -0.07232996558 0.002305904544 -0.07232990134 -0.9973780969 1.269564586e-06 0.01142330802 0
0.07879010496 0.06929353361 0.009294868683 -0.0004638144156 0.02007305048 0.5094726205 -5.903002546e-05 0.005027189921 0.2549335781 -0.9999963521 -0.0001410253218 -0.002697397122 7.048926863e-05 0.9969334584 -0.07825391062 0.002700161224 -0.0782538153 -0.9969298117 1.531191997e-06 0.01236217535 0
0.08477395919 0.07455615389 0.01000078397 -0.0005368934734 0.02159440947 0.5093895261 -6.834011349e-05 0.005408918009 0.2549231021 -0.999995112 -0.0001756158812 -0.003121721274 8.777226042e-05 0.9964511565 -0.08417294698 0.00312542488 -0.08417280954 -0.9964462704 1.81462709e-06 0.01330104267 0
0.09075781342 0.07981877417 0.01070669925 -0.0006153054885 0.02311508306 0.5093003678 -7.833095806e-05 0.005790593945 0.2549118601 -0.99999358 -0.0002154341948 -0.003576804591 0.0001076650098 0.9959339205 -0.09008670521 0.003581668776 -0.09008651195 -0.9959275034 2.119988337e-06 0.01423991 0
0.09674166765 0.08508139445 0.01141261453 -0.0006990474741 0.02463502303 0.5092051492 -8.900245197e-05 0.006172215858 0.2548998522 -0.9999917136 -0.0002608443164 -0.004062586259 0.0001303486114 0.9953818253 -0.09599481665 0.004068864228 -0.09599455076 -0.9953735432 2.447424393e-06 0.01517877733 0
0.1027255219 0.09034401473 0.01211852982 -0.0007881162406 0.02615418119 0.5091038737 -0.0001003544826 0.006553781616 0.2548870786 -0.9999894676 -0.0003122092897 -0.00457900137 0.0001560035241 0.9947949511 -0.1018969134 0.004586980607 -0.1018965545 -0.9947844248 2.797108223e-06 0.01611764466 0
0.1087093761 0.095606635 0.0128244451 -0.0008825083955 0.02767250936 0.5089965452 -0.0001123869315 0.006935288886 0.2548735393 -0.9999867937 -0.0003698910827 -0.005125980936 0.0001848095299 0.9941733828 -0.1077926284 0.00513598534 -0.1077921522 -0.9941601851 3.169233269e-06 0.01705651198 0
0.1146932303 0.1008692553 0.01353036038 -0.0009822203437 0.02918995942 0.5088831679 -0.0001250996738 0.007316735181 0.2548592345 -0.9999836409 -0.0004342505225 -0.005703451896 0.0002169456924 0.9935172106 -0.1136815955 0.00571584391 -0.1136809731 -0.9935008634 3.564010851e-06 0.01799537931 0
0.1206770846 0.1061318756 0.01423627567 -0.001087248288 0.03070648327 0.508763746 -0.0001384925786 0.007698117895 0.2548441644 -0.9999799555 -0.0005056472299 -0.006311337128 0.0002525903163 0.9928265295 -0.1195634495 0.006326519864 -0.119562647 -0.9928065011 3.981668366e-06 0.01893424664 0
0.1266609388 0.1113944958 0.01494219095 -0.001197588228 0.03222203288 0.5086382842 -0.0001525655081 0.008079434328 0.2548283291 -0.9999756808 -0.0005844395542 -0.006949555466 0.0002919209061 0.9921014397 -0.1254378261 0.006967974809 -0.1254368043 -0.9920771419 4.422447974e-06 0.01987311396 0
0.132644793 0.1166571161 0.01564810623 -0.001313235962 0.03373656022 0.5085067871 -0.0001673183182 0.008460681707 0.2548117288 -0.9999707573 -0.0006709845089 -0.007618021706 0.0003351141253 0.991342046 -0.1313043622 0.007640168418 -0.1313030754 -0.9913128317 4.886605631e-06 0.02081198129 0
0.1386286472 0.1219197364 0.01635402152 -0.001434187087 0.03525001733 0.5083692598 -0.0001827508577 0.008841857199 0.2547943636 -0.999965123 -0.0007656377066 -0.008316646628 0.0003823457562 0.9905484585 -0.1371626958 0.00834305843 -0.1371610918 -0.9905136184 5.374410338e-06 0.02175084862 0
0.1446125015 0.1271823567 0.0170599368 -0.001560436996 0.03676235629 0.5082257075 -0.0001988629691 0.009222957922 0.2547762337 -0.9999587127 -0.000868753295 -0.009045337003 0.0004337906594 0.9897207922 -0.1430124658 0.009076600655 -0.143010485 -0.9896795524 5.886143551e-06 0.02268971594 0
0.1505963557 0.1324449769 0.01776585208 -0.001691980884 0.03827352922 0.5080761358 -0.0002156544877 0.00960398096 0.2547573393 -0.9999514588 -0.0009806838928 -0.009803995611 0.0004896227331 0.9888591667 -0.1488533126 0.009840748977 -0.1488508873 -0.9888106861 6.422098663e-06 0.02362858327 0
0.1565802099 0.1377075972 0.01847176737 -0.001828813741 0.03978348829 0.5079205502 -0.0002331252423 0.009984923363 0.2547376807 -0.9999432907 -0.001101780526 -0.01059252126 0.0005500148734 0.9879637069 -0.1546848776 0.01063545535 -0.1546819316 -0.9879070741 6.982580617e-06 0.0245674506 0
0.1625640642 0.1429702175 0.01917768265 -0.001970930358 0.04129218574 0.5077589567 -0.0002512750546 0.01036578215 0.2547172579 -0.9999341352 -0.001232392563 -0.01141080879 0.0006151389345 0.9870345422 -0.1605068038 0.01146066983 -0.1605032513 -0.9869687733 7.567905507e-06 0.02550631792 0
0.1692959002 0.1488906653 0.01997183734 -0.002137120554 0.04298790292 0.5075699904 -0.0002725050491 0.01079414462 0.2546933692 -0.9999225602 -0.001391137783 -0.01236682104 0.0006942722154 0.9859491117 -0.1670445062 0.01242543814 -0.1670401562 -0.9858717942 8.256498558e-06 0.02656254367 0
0.1752797544 0.1541532856 0.02067775263 -0.00229044695 0.04449376103 0.5073956508 -0.0002920972364 0.01117481577 0.2546713234 -0.9999110509 -0.001543122139 -0.01324798546 0.0007700172276 0.9849487766 -0.1728447699 0.01331530767 -0.1728395966 -0.9848599781 8.895713293e-06 0.02750141099 0
0.1812636086 0.1594159059 0.02138366791 -0.002449039534 0.04599820858 0.5072153234 -0.0003123678805 0.01155539388 0.2546485142 -0.9998983077 -0.001705702309 -0.01415855785 0.0008510240518 0.9839151727 -0.1786342873 0.01423551681 -0.1786281709 -0.9838136646 9.560827218e-06 0.02844027832 0
0.1872474628 0.1646785262 0.02208958319 -0.00261289227 0.04750119802 0.5070290149 -0.0003333167749 0.01193587593 0.2546249418 -0.9998842465 -0.001879220163 -0.01509841689 0.0009374598257 0.9828484494 -0.1844127073 0.01518600771 -0.184405515 -0.9827329196 1.025219923e-05 0.02937914565 0
0.1932313171 0.1699411464 0.02279549848 -0.002781998922 0.04900268187 0.5068367324 -0.0003549437064 0.01231625885 0.2546006064 -0.99986878 -0.002064015597 -0.01606743744 0.001029490444 0.9817487609 -0.1901796799 0.01616672062 -0.1901712658 -0.981617811 1.097019791e-05 0.03031801297 0
0.1992151713 0.1752037667 0.02350141376 -0.002956353056 0.05050261272 0.5066384833 -0.0003772484546 0.0126965396 0.2545755083 -0.9998518188 -0.002260426466 -0.01706549047 0.001127280518 0.9806162659 -0.1959348571 0.01717759388 -0.1959250608 -0.9804684089 1.171520126e-05 0.0312568803 0
0.2051990255 0.180466387 0.02420732904 -0.003135948037 0.05200094321 0.5064342751 -0.0004002307925 0.01307671509 0.2545496478 -0.9998332704 -0.002468788526 -0.01809244316 0.00123099334 0.9794511281 -0.2016778923 0.01821856393 -0.2016665383 -0.9792847856 1.248759649e-05 0.03219574763 0
0.2111828798 0.1857290073 0.02491324433 -0.003320777031 0.05349762608 0.5062241156 -0.0004238904861 0.01345678226 0.2545230251 -0.99981304 -0.002689435371 -0.01914815888 0.001340790843 0.9782535157 -0.2074084407 0.01928956534 -0.2073953373 -0.9780670155 1.328777974e-05 0.03313461495 0
0.217166734 0.1909916275 0.02561915961 -0.003510833008 0.05499261409 0.5060080128 -0.0004482272944 0.01383673803 0.2544956404 -0.9997910301 -0.002922698376 -0.02023249721 0.001456833562 0.9770236015 -0.2131261592 0.02039053077 -0.2131110976 -0.9768151751 1.411615588e-05 0.03407348228 0
0.2231505882 0.1962542478 0.02632507489 -0.003706108736 0.05648586012 0.5057859748 -0.0004732409699 0.01421657933 0.2544674942 -0.9997671407 -0.00316890663 -0.02134531397 0.001579280601 0.975761563 -0.2188307065 0.021521391 -0.21881346 -0.9755293432 1.497313828e-05 0.03501234961 0
0.2291344424 0.2015168681 0.02703099018 -0.003906596788 0.05797731709 0.5055580102 -0.0004989312577 0.01459630306 0.2544385865 -0.9997412691 -0.003428386886 -0.02248646127 0.001708289588 0.9744675821 -0.2245217431 0.02268207494 -0.2245020658 -0.9742096006 1.585914854e-05 0.03595121693 0
0.2351182967 0.2067794884 0.02773690546 -0.004112289538 0.05946693802 0.5053241276 -0.0005252978965 0.01497590614 0.2544089178 -0.9997133103 -0.003701463492 -0.02365578747 0.001844016646 0.9731418455 -0.2301989315 0.02387250962 -0.2301765575 -0.9728560303 1.677461634e-05 0.03689008426 0
0.2411021509 0.2120421087 0.02844282074 -0.004323179164 0.06095467598 0.5050843358 -0.0005523406178 0.01535538548 0.2543784883 -0.9996831567 -0.003988458339 -0.02485313728 0.00198661635 0.9717845443 -0.235861936 0.02509262019 -0.2358365783 -0.9714687173 1.771997916e-05 0.03782895159 0
0.2470860051 0.2173047289 0.02914873603 -0.004539257646 0.06244048415 0.5048386441 -0.0005800591464 0.015734738 0.2543472984 -0.9996506981 -0.0042896908 -0.02607835173 0.002136241693 0.9703958739 -0.2415104228 0.02634232995 -0.2414817724 -0.9700477489 1.869568211e-05 0.03876781891 0
0.2530698594 0.2225673492 0.02985465131 -0.004760516768 0.06392431578 0.5045870618 -0.0006084532001 0.01611396059 0.2543153483 -0.9996158219 -0.004605477671 -0.02733126821 0.00229304405 0.9689760344 -0.2471440605 0.02762156034 -0.2471117849 -0.9685932145 1.970217766e-05 0.03970668624 0
0.2590537136 0.2278299695 0.03056056659 -0.004986948118 0.06540612419 0.5043295984 -0.0006375224899 0.01649305016 0.2542826384 -0.9995784132 -0.004936133115 -0.02861172052 0.00245717314 0.9675252302 -0.2527625192 0.02893023092 -0.2527262618 -0.9671052054 2.07399255e-05 0.04064555357 0
0.2650375678 0.2330925898 0.03126648187 -0.005218543087 0.0668858628 0.5040662637 -0.0006672667201 0.01687200363 0.2542491691 -0.9995383544 -0.005281968605 -0.02991953885 0.002628776994 0.9660436701 -0.2583654717 0.03026825943 -0.2583248502 -0.9655838152 2.180939229e-05 0.04158442089 0
0.271021422 0.23835521 0.03197239716 -0.005455292872 0.06836348511 0.5037970677 -0.0006976855877 0.0172508179 0.2542149406 -0.9994955259 -0.005643292865 -0.03125454986 0.002808001914 0.9645315672 -0.2639525925 0.03163556174 -0.2639071981 -0.9640291396 2.291105146e-05 0.04252328822 0
0.2770052763 0.2436178303 0.03267831244 -0.005697188475 0.06983894472 0.5035220207 -0.0007287787834 0.01762948987 0.2541799533 -0.9994498054 -0.006020411816 -0.03261657666 0.002994992444 0.9629891388 -0.2695235584 0.03303205189 -0.2694729544 -0.9624412763 2.404538301e-05 0.04346215555 0
0.2829891305 0.2488804506 0.03338422772 -0.005944220704 0.07131219532 0.5032411331 -0.0007605459905 0.01800801645 0.2541442075 -0.9994010684 -0.006413628522 -0.03400543889 0.003189891331 0.9614166067 -0.2750780487 0.03445764209 -0.2750217694 -0.9608203252 2.521287335e-05 0.04440102287 0
0.2889729847 0.2541430709 0.03409014301 -0.00619638017 0.07278319068 0.5029544155 -0.0007929868858 0.01838639455 0.2541077037 -0.999349188 -0.006823243129 -0.03542095269 0.003392839492 0.9598141969 -0.2806157447 0.03591224271 -0.2805532942 -0.959166388 2.641401506e-05 0.0453398902 0
0.2957048207 0.2600635187 0.0348842977 -0.006486176284 0.07443530731 0.5026249033 -0.0008302877495 0.01881188858 0.2540657313 -0.9992869042 -0.007304030084 -0.03704502934 0.003630950635 0.9579760591 -0.2868251845 0.03758323099 -0.2867551593 -0.9572664098 2.780614439e-05 0.04639611594 0
0.301688675 0.265326139 0.03559021299 -0.006749199079 0.07590135725 0.5023258337 -0.0008641591274 0.01918994088 0.2540276178 -0.9992279124 -0.007749473192 -0.03851655163 0.003851462837 0.956310928 -0.2923261454 0.03909917285 -0.292248789 -0.9555427254 2.908045792e-05 0.04733498327 0
0.3076725292 0.2705887592 0.03629612827 -0.00701731853 0.07736500813 0.5020209688 -0.0008987031389 0.01956783504 0.2539887474 -0.9991653661 -0.008212232779 -0.04001412892 0.004080452511 0.9546166518 -0.2978093315 0.04064383333 -0.2977240455 -0.9537863867 3.038999996e-05 0.0482738506 0
0.3136563834 0.2758513795 0.03700204355 -0.007290524455 0.07882621413 0.5017103205 -0.0009339194326 0.01994556795 0.2539491205 -0.999099129 -0.008692596401 -0.04153756339 0.004318052665 0.9528934736 -0.3032744342 0.04221711532 -0.3031805845 -0.9519975044 3.173528666e-05 0.04921271792 0
0.3196402376 0.2811139998 0.03770795883 -0.007568806478 0.08028492954 0.5013939003 -0.00096980765 0.02032313655 0.2539087376 -0.9990290629 -0.00919084842 -0.04308665387 0.004564394311 0.9511416401 -0.3087211472 0.04381891989 -0.3086180629 -0.9501761908 3.311683942e-05 0.05015158525 0
0.3256240919 0.2863766201 0.03841387412 -0.007852154033 0.08174110876 0.5010717204 -0.001006367426 0.02070053772 0.2538675989 -0.9989550273 -0.00970726996 -0.04466119592 0.004819606424 0.9493614024 -0.3141491669 0.04544914636 -0.3140361389 -0.9483225604 3.453518475e-05 0.05109045258 0
0.3316079461 0.2916392404 0.0391197894 -0.008140556362 0.08319470628 0.500743793 -0.001043598388 0.02107776839 0.253825705 -0.9988768794 -0.01024213885 -0.04626098187 0.005083815915 0.9475530153 -0.319558192 0.04710769223 -0.319434472 -0.9464367298 3.599085405e-05 0.0520293199 0
0.3375918003 0.2969018606 0.03982570468 -0.008434002518 0.08464567671 0.5004101305 -0.001081500158 0.02145482548 0.2537830562 -0.9987944745 -0.01079572958 -0.0478858008 0.005357147596 0.9457167374 -0.3249479243 0.04879445323 -0.3248127226 -0.9445188175 3.748438352e-05 0.05296818723 0
0.3435756546 0.3021644809 0.04053161997 -0.008732481361 0.08609397477 0.5000707456 -0.001120072349 0.02183170589 0.253739653 -0.9987076658 -0.01136831324 -0.04953543866 0.005639724152 0.9438528315 -0.3303180678 0.05050932331 -0.3301705527 -0.9425689441 3.901631393e-05 0.05390705456 0
0.3495595088 0.3074271012 0.04123753525 -0.009035981566 0.08753955529 0.4997256512 -0.00115931457 0.02220840654 0.2536954959 -0.9986163044 -0.01196015749 -0.05120967821 0.005931666109 0.9419615639 -0.3356683296 0.05225219466 -0.3355076255 -0.9405872322 4.058719052e-05 0.05484592188 0
0.355543363 0.3126897215 0.04194345053 -0.009344491615 0.08898237322 0.4993748603 -0.001199226421 0.02258492435 0.2536505852 -0.9985202395 -0.01257152648 -0.05290829912 0.006233091803 0.9400432047 -0.3409984191 0.05402295771 -0.3408236054 -0.9385738064 4.219756281e-05 0.05578478921 0
0.3615272172 0.3179523417 0.04264936582 -0.009657999805 0.09042238362 0.4990183863 -0.001239807495 0.02296125625 0.2536049215 -0.998419318 -0.01320268082 -0.05463107798 0.00654411735 0.9380980278 -0.3463080489 0.05582150114 -0.3461181582 -0.9365287933 4.38479845e-05 0.05672365654 0
0.3675110715 0.323214962 0.0433552811 -0.009976494242 0.09185954167 0.4986562427 -0.00128105738 0.02333739915 0.2535585051 -0.9983133852 -0.01385387756 -0.05637778834 0.006864856617 0.9361263107 -0.3515969341 0.05764771188 -0.351390951 -0.9344523214 4.553901326e-05 0.05766252386 0
0.3734949257 0.3284775823 0.04406119638 -0.01029996285 0.09329380268 0.4982884432 -0.001322975656 0.02371334997 0.2535113366 -0.9982022843 -0.01452537007 -0.05814820074 0.007195421191 0.9341283346 -0.356864793 0.0595014751 -0.3566416524 -0.9323445212 4.727121066e-05 0.05860139119 0
0.3794787799 0.3337402026 0.04476711167 -0.01062839335 0.09472512206 0.4979150018 -0.001365561896 0.02408910565 0.2534634165 -0.9980858566 -0.01521740808 -0.05994208278 0.007535920355 0.932104384 -0.3621113465 0.06138267427 -0.3618699322 -0.9302055254 4.904514201e-05 0.05954025852 0
0.3854626342 0.3390028229 0.04547302695 -0.01096177331 0.09615345538 0.4975359327 -0.001408815667 0.02446466311 0.2534147452 -0.9979639417 -0.01593023756 -0.0617591991 0.007886461053 0.9300547473 -0.3673363184 0.06329119113 -0.3670754618 -0.9280354683 5.08613762e-05 0.06047912584 0
0.3914464884 0.3442654431 0.04617894223 -0.01130009007 0.09757875829 0.4971512501 -0.001452736529 0.02484001927 0.2533653232 -0.997836377 -0.01666410072 -0.06359931146 0.008247147867 0.927979716 -0.3725394358 0.06522690567 -0.3722579138 -0.9258344865 5.272048563e-05 0.06141799317 0
0.3974303426 0.3495280634 0.04688485752 -0.01164333082 0.09900098661 0.4967609687 -0.001497324035 0.02521517108 0.2533151511 -0.9977029986 -0.01741923597 -0.06546217877 0.008618082988 0.9258795854 -0.3777204284 0.06718969621 -0.3774169626 -0.9236027182 5.462304605e-05 0.0623568605 0
0.4034141968 0.3547906837 0.0475907728 -0.01199148255 0.1004200963 0.4963651034 -0.001542577731 0.02559011546 0.2532642293 -0.9975636404 -0.01819587781 -0.06734755713 0.008999366187 0.9237546538 -0.3828790293 0.06917943935 -0.3825522836 -0.9213403038 5.656963642e-05 0.06329572783 0
0.4093980511 0.360053304 0.04829668808 -0.01234453206 0.1018360433 0.495963669 -0.001588497157 0.02596484935 0.2532125583 -0.9974181347 -0.01899425688 -0.06925519985 0.009391094793 0.921605223 -0.3880149744 0.07119601 -0.3876635542 -0.9190473856 5.856083886e-05 0.06423459515 0
0.4153819053 0.3653159242 0.04900260337 -0.01270246598 0.103248784 0.4955566807 -0.001635081845 0.02633936969 0.2531601387 -0.9972663123 -0.01981459986 -0.07118485752 0.00979336366 0.919431598 -0.3931280029 0.07323928137 -0.3927504529 -0.9167241076 6.059723847e-05 0.06517346248 0
0.4221137413 0.3712363721 0.04979675806 -0.01311096315 0.1048342302 0.4950921997 -0.001688284224 0.02676044599 0.2531002725 -0.9970877486 -0.02076401654 -0.07338172313 0.01025862994 0.9169577343 -0.3988524465 0.07556971737 -0.3984436838 -0.9140743124 6.294294503e-05 0.06622968822 0
0.4280975955 0.3764989923 0.05050267334 -0.0134792312 0.1062400124 0.4946734611 -0.001736281012 0.02713450237 0.2530462639 -0.9969219331 -0.02163176717 -0.07535732216 0.01068360039 0.9147337242 -0.4039159251 0.07766929919 -0.4034777324 -0.9116870074 6.50773445e-05 0.06716855555 0
0.4340814498 0.3817616126 0.05120858863 -0.01385234069 0.1076424522 0.4942492175 -0.001784941558 0.02750833564 0.2529915083 -0.996749261 -0.02252216416 -0.07735413952 0.01111939131 0.9124864936 -0.4089556922 0.07979517477 -0.4084864149 -0.9092698053 6.725878784e-05 0.06810742287 0
0.440065304 0.3870242329 0.05191450391 -0.01423027749 0.1090415064 0.493819485 -0.001834265368 0.02788194275 0.2529360063 -0.9965695562 -0.02343541747 -0.07937191494 0.0115660871 0.9102163605 -0.4139715 0.08194721046 -0.4134694165 -0.9068228583 6.948787146e-05 0.0690462902 0
0.4460491582 0.3922868532 0.05262041919 -0.0146130273 0.1104371318 0.49338428 -0.001884251939 0.02825532065 0.2528797586 -0.9963826412 -0.02437173288 -0.08141038561 0.01202376957 0.9079236457 -0.418963104 0.08412527096 -0.4184264238 -0.9043463201 7.176519428e-05 0.06998515753 0
0.4520330124 0.3975494735 0.05332633448 -0.01500057562 0.1118292855 0.4929436187 -0.001934900762 0.0286284663 0.2528227655 -0.9961883371 -0.02533131201 -0.08346928626 0.01249251788 0.9056086733 -0.423930263 0.08632921935 -0.4233571253 -0.9018403464 7.409135758e-05 0.07092402486 0
0.4580168667 0.4028120937 0.05403224976 -0.01539290781 0.1132179248 0.492497518 -0.001986211323 0.02900137663 0.2527650278 -0.9959864632 -0.02631435223 -0.08554834914 0.01297240857 0.9032717698 -0.4288727393 0.08855891705 -0.4282612109 -0.8993050947 7.646696499e-05 0.07186289218 0
0.4640007209 0.408074714 0.05473816504 -0.01579000901 0.1146030069 0.4920459947 -0.002038183099 0.02937404862 0.2527065461 -0.9957768377 -0.02732104664 -0.08764730414 0.0134635155 0.9009132649 -0.4337902984 0.0908142239 -0.4331383724 -0.8967407246 7.889262233e-05 0.07280175951 0
0.4699845751 0.4133373343 0.05544408033 -0.01619186421 0.1159844894 0.4915890659 -0.002090815561 0.02974647923 0.2526473208 -0.9955592773 -0.02835158405 -0.08976587877 0.01396590984 0.8985334908 -0.4386827091 0.0930949981 -0.437988303 -0.8941473971 8.136893758e-05 0.07374062684 0
0.4759684294 0.4185999546 0.05614999561 -0.01659845821 0.1173623299 0.4911267488 -0.002144108174 0.03011866541 0.2525873526 -0.9953335975 -0.02940614891 -0.09190379825 0.01447966005 0.8961327826 -0.4435497439 0.09540109627 -0.442810698 -0.8915252753 8.389652077e-05 0.07467949416 0
0.4819522836 0.4238625748 0.05685591089 -0.01700977563 0.1187364862 0.490659061 -0.002198060395 0.03049060413 0.2525266422 -0.9950996122 -0.03048492131 -0.0940607855 0.01500483188 0.8937114781 -0.4483911785 0.09773237343 -0.4476052541 -0.8888745241 8.647598392e-05 0.07561836149 0
0.4879361378 0.4291251951 0.05756182618 -0.01742580094 0.1201069163 0.4901860201 -0.002252671676 0.03086229236 0.25246519 -0.9948571343 -0.03158807693 -0.09623656124 0.01554148829 0.8912699174 -0.4532067922 0.100088683 -0.4523716699 -0.8861953102 8.910794095e-05 0.07655722882 0
0.493919992 0.4343878154 0.05826774146 -0.0178465184 0.1214735783 0.4897076439 -0.00230794146 0.03123372707 0.2524029969 -0.9946059754 -0.032715787 -0.09843084401 0.0160896895 0.8888084434 -0.4579963678 0.1024698769 -0.4571096458 -0.8834878019 9.179300763e-05 0.07749609614 0
0.4999038463 0.4396504357 0.05897365674 -0.01827191212 0.1228364304 0.4892239506 -0.002363869186 0.03160490524 0.2523400633 -0.9943459458 -0.03386821829 -0.1006433502 0.01664949292 0.8863274013 -0.4627596915 0.1048758053 -0.4618188838 -0.8807521694 9.453180149e-05 0.07843496347 0
0.5058877005 0.444913056 0.05967957203 -0.01870196604 0.1241954311 0.4887349585 -0.002420454285 0.03197582383 0.2522763899 -0.9940768547 -0.03504553306 -0.1028737941 0.01722095316 0.8838271389 -0.4674965532 0.1073063171 -0.466499088 -0.8779885849 9.732494177e-05 0.0793738308 0
0.5118715547 0.4501756762 0.06038548731 -0.0191366639 0.125550539 0.488240686 -0.002477696179 0.03234647983 0.2522119774 -0.9937985104 -0.03624788903 -0.1051218881 0.01780412201 0.8813080063 -0.4722067464 0.1097612593 -0.471149964 -0.875197222 0.0001001730493 0.08031269812 0
0.5178554089 0.4554382965 0.06109140259 -0.0195759893 0.1269017128 0.4877411517 -0.002535594288 0.03271687023 0.2521468265 -0.9935107197 -0.03747543935 -0.1073873423 0.01839904837 0.8787703557 -0.476890068 0.1122404778 -0.4757712196 -0.8723782561 0.0001030767466 0.08125156545 0
0.5238392632 0.4607009168 0.06179731788 -0.02001992564 0.1282489115 0.4872363746 -0.002594148022 0.033086992 0.2520809377 -0.9932132887 -0.03872833259 -0.1096698651 0.01900577834 0.8762145418 -0.4815463187 0.1147438166 -0.4803625641 -0.8695318646 0.0001060366576 0.08219043278 0
0.5298231174 0.4659635371 0.06250323316 -0.02046845618 0.1295920941 0.4867263736 -0.002653356785 0.03345684214 0.2520143117 -0.9929060225 -0.04000671268 -0.1119691629 0.01962435508 0.8736409214 -0.4861753029 0.1172711183 -0.4849237089 -0.8666582264 0.0001090534077 0.0831293001 0
0.5358069716 0.4712261573 0.06320914844 -0.02092156398 0.13093122 0.4862111681 -0.002713219975 0.03382641763 0.2519469493 -0.992588725 -0.04131071891 -0.1142849402 0.0202548189 0.8710498533 -0.4907768285 0.119822224 -0.4894543672 -0.8637575221 0.0001121276238 0.08406816743 0
0.5425388076 0.4771466052 0.06400330314 -0.02143676023 0.132432837 0.485625365 -0.002781347549 0.03424185803 0.2518702871 -0.9922195296 -0.04280852458 -0.1169095178 0.02097834588 0.8681144958 -0.4959204888 0.1227204715 -0.4945145624 -0.8604621046 0.0001156555888 0.08512439317 0
0.5485226619 0.4824092254 0.06470921842 -0.02189953776 0.1337632077 0.4850991645 -0.002842599365 0.03461083993 0.251801362 -0.9918802608 -0.04416742744 -0.119259325 0.02163419016 0.8654875523 -0.5004630442 0.1253216265 -0.4989794938 -0.8575044926 0.0001188540072 0.0860632605 0
0.5545065161 0.4876718457 0.0654151337 -0.02236683857 0.1350893954 0.4845678209 -0.002904503682 0.0349795378 0.2517317025 -0.9915303426 -0.04555236145 -0.1216246771 0.02230202857 0.8628442956 -0.5049775649 0.1279460794 -0.503413055 -0.85452039 0.0001221118589 0.08700212783 0
0.5604903703 0.492934466 0.06612104899 -0.02283864506 0.1364113601 0.484031354 -0.00296705987 0.03534794865 0.2516613094 -0.9911695755 -0.04696344643 -0.1240052714 0.02298188928 0.8601850927 -0.5094638742 0.1305936652 -0.5078149673 -0.8515099844 0.0001254297759 0.08794099515 0
0.5664742246 0.4981970863 0.06682696427 -0.02331493944 0.1377290619 0.4834897843 -0.003030267294 0.03571606949 0.2515901835 -0.9907977592 -0.04840079743 -0.1264008036 0.02367379749 0.8575103122 -0.5139217992 0.1332642175 -0.5121849541 -0.8484734652 0.0001288083914 0.08887986248 0
0.5724580788 0.5034597065 0.06753287955 -0.02379570375 0.1390424613 0.4829431319 -0.003094125309 0.03608389732 0.2515183253 -0.9904146928 -0.0498645247 -0.1288109681 0.02437777542 0.8548203248 -0.518351171 0.1359575684 -0.5165227406 -0.8454110231 0.0001322483396 0.08981872981 0
0.578441933 0.5087223268 0.06823879484 -0.0242809199 0.1403515185 0.4823914177 -0.003158633267 0.03645142917 0.2514457357 -0.9900201746 -0.05135473365 -0.1312354575 0.02509384229 0.8521155024 -0.5227518241 0.1386735485 -0.5208280541 -0.8423228508 0.000135750256 0.09075759713 0
0.5844257872 0.5139849471 0.06894471012 -0.02477056961 0.1416561945 0.4818346622 -0.00322379051 0.03681866204 0.2513724154 -0.9896140023 -0.05287152488 -0.133673963 0.02582201429 0.8493962189 -0.5271235973 0.1414119871 -0.5251006238 -0.8392091424 0.0001393147769 0.09169646446 0
0.5904096415 0.5192475674 0.0696506254 -0.02526463443 0.14295645 0.4812728866 -0.003289596376 0.03718559296 0.2512983651 -0.989195973 -0.05441499408 -0.1361261744 0.02656230463 0.8466628496 -0.531466333 0.1441727121 -0.5293401813 -0.8360700937 0.0001429425397 0.09263533179 0
0.5963934957 0.5245101877 0.07035654069 -0.02576309577 0.1442522461 0.4807061119 -0.003356050196 0.03755221895 0.2512235855 -0.9887658834 -0.0559852321 -0.1385917802 0.02731472344 0.8439157712 -0.5357798774 0.1469555498 -0.5335464599 -0.8329059019 0.0001466341827 0.09357419911 0
0.6023773499 0.5297728079 0.07106245597 -0.02626593487 0.1455435441 0.4801343595 -0.003423151293 0.03791853705 0.2511480775 -0.9883235296 -0.05758232485 -0.1410704674 0.02807927784 0.8411553619 -0.5400640807 0.1497603254 -0.5377191953 -0.8297167661 0.0001503903451 0.09451306644 0
0.6083612041 0.5350354282 0.07176837125 -0.02677313282 0.1468303054 0.4795576508 -0.003490898985 0.03828454428 0.2510718419 -0.987868707 -0.05920635334 -0.1435619219 0.02885597189 0.8383820013 -0.544318797 0.1525868624 -0.541858125 -0.8265028867 0.0001542116671 0.09545193377 0
0.6143450584 0.5402980485 0.07247428654 -0.02728467052 0.1481124916 0.4789760077 -0.003559292582 0.03865023767 0.2509948792 -0.987401211 -0.06085739366 -0.1460658284 0.02964480658 0.8355960701 -0.5485438844 0.1554349833 -0.545962989 -0.8232644658 0.0001580987894 0.09639080109 0
0.6203289126 0.5455606688 0.07318020182 -0.02780052876 0.1493900645 0.4783894519 -0.003628331389 0.03901561427 0.2509171905 -0.9869208362 -0.06253551691 -0.1485818703 0.03044577984 0.8327979503 -0.5527392047 0.1583045089 -0.550033529 -0.820001707 0.0001620523538 0.09732966842 0
0.6263127668 0.550823289 0.0738861171 -0.02832068812 0.1506629863 0.4777980055 -0.003698014703 0.03938067112 0.2508387763 -0.9864273772 -0.06424078925 -0.1511097298 0.0312588865 0.8299880252 -0.5569046238 0.1611952588 -0.5540694893 -0.8167148153 0.0001660730028 0.09826853575 0
0.6322966211 0.5560859093 0.07459203239 -0.02884512907 0.1519312189 0.4772016907 -0.003768341816 0.03974540526 0.2507596376 -0.9859206282 -0.06597327185 -0.1536490883 0.03208411832 0.827166679 -0.5610400114 0.1641070513 -0.558070616 -0.8134039975 0.0001701613796 0.09920740307 0
0.6382804753 0.5613485296 0.07529794767 -0.02937383189 0.153194725 0.47660053 -0.003839312011 0.04010981374 0.2506797752 -0.9854003829 -0.06773302088 -0.156199626 0.03292146398 0.824334297 -0.5651452415 0.1670397034 -0.5620366577 -0.8100694618 0.000174318128 0.1001462704 0
0.6442643295 0.5666111499 0.07600386295 -0.02990677673 0.1544534671 0.4759945459 -0.003910924568 0.04047389362 0.2505991897 -0.9848664352 -0.06952008753 -0.1587610222 0.03377090904 0.8214912654 -0.5692201916 0.1699930306 -0.565967365 -0.8067114176 0.0001785438928 0.1010851377 0
0.6502481837 0.5718737702 0.07670977824 -0.03044394357 0.1557074079 0.4753837612 -0.003983178757 0.04083764195 0.2505178822 -0.9843185786 -0.07133451793 -0.1613329552 0.03463243595 0.8186379714 -0.5732647435 0.1729668473 -0.5698624908 -0.8033300762 0.000182839319 0.1020240051 0
0.656232038 0.5771363904 0.07741569352 -0.03098531224 0.1569565106 0.4747681988 -0.004056073844 0.04120105579 0.2504358533 -0.9837566063 -0.07317635323 -0.1639151024 0.03550602406 0.8157748028 -0.5772787831 0.1759609665 -0.5737217901 -0.7999256502 0.0001872050527 0.1029628724 0
0.6622158922 0.5823990107 0.0781216088 -0.03153086243 0.1582007382 0.4741478818 -0.004129609086 0.04156413221 0.2503531039 -0.9831803119 -0.07504562949 -0.1665071406 0.03639164961 0.8129021484 -0.5812621999 0.1789752 -0.5775450205 -0.7964983535 0.0001916417402 0.1039017397 0
0.6689477282 0.5883194585 0.0789157635 -0.03214957912 0.1595946216 0.4734443709 -0.004213100489 0.0419721862 0.2502591507 -0.9825146036 -0.07718140427 -0.1694346028 0.03740233326 0.8096595585 -0.5857068079 0.1823900196 -0.5818027416 -0.7926155755 0.0001967186312 0.1049579655 0
0.6749315824 0.5935820788 0.07962167878 -0.03270394688 0.1608283686 0.4728140279 -0.004287993572 0.04233453587 0.250174873 -0.9819071878 -0.07910908936 -0.1720465822 0.0383134452 0.8067680403 -0.5896248036 0.1854463652 -0.5855485301 -0.789140396 0.0002013082446 0.1058968328 0
0.6809154367 0.5988446991 0.08032759406 -0.03326243169 0.162057127 0.4721790036 -0.004363524451 0.04269653896 0.2500898776 -0.9812848039 -0.08106429562 -0.1746674374 0.03923650019 0.8038682552 -0.5935118578 0.1885222288 -0.589257506 -0.7856430238 0.0002059708355 0.1068357001 0
0.6868992909 0.6041073194 0.08103350935 -0.03382501262 0.1632808607 0.4715393218 -0.004439692359 0.04305819256 0.2500041651 -0.980647245 -0.08304703828 -0.1772968422 0.04017146156 0.8009605941 -0.597367877 0.191617417 -0.5929294361 -0.782123679 0.0002107070526 0.1077745674 0
0.6928831451 0.6093699396 0.08173942463 -0.03439166858 0.1644995342 0.4708950066 -0.004516496521 0.04341949376 0.2499177365 -0.9799943049 -0.08505732747 -0.1799344699 0.04111828954 0.7980454485 -0.6011927714 0.1947317352 -0.5965640897 -0.7785825828 0.0002155175451 0.1087134348 0
0.6988669993 0.6146325599 0.08244533991 -0.03496237833 0.1657131117 0.4702460819 -0.004593936156 0.04378043963 0.2498305926 -0.9793257771 -0.08709516827 -0.1825799933 0.0420769412 0.7951232105 -0.6049864554 0.1978649876 -0.6001612382 -0.7750199577 0.0002204029624 0.1096523021 0
0.7048508536 0.6198951802 0.0831512552 -0.03553712052 0.1669215582 0.4695925722 -0.004672010475 0.04414102728 0.2497427344 -0.9786414557 -0.08916056066 -0.1852330846 0.04304737049 0.792194272 -0.6087488475 0.2010169772 -0.6037206555 -0.7714360278 0.0002253639546 0.1105911694 0
0.7108347078 0.6251578005 0.08385717048 -0.03611587361 0.1681248384 0.4689345019 -0.004750718686 0.0445012538 0.2496541628 -0.9779411348 -0.09125349954 -0.1878934158 0.04402952824 0.7892590254 -0.6124798702 0.2041875058 -0.6072421178 -0.7678310184 0.000230401172 0.1115300367 0
0.716818562 0.6304204208 0.08456308576 -0.03669861595 0.1693229174 0.4682718956 -0.004830059987 0.04486111629 0.2495648785 -0.9772246089 -0.09337397473 -0.1905606585 0.04502336212 0.7863178633 -0.6161794501 0.2073763742 -0.6107254037 -0.7642051562 0.0002355152655 0.1124689041 0
0.7228024163 0.635683041 0.08526900105 -0.03728532573 0.1705157607 0.4676047782 -0.004910033571 0.04522061186 0.2494748825 -0.9764916729 -0.09552197094 -0.1932344838 0.04602881669 0.7833711782 -0.6198475177 0.2105833818 -0.6141702942 -0.760558669 0.0002407068863 0.1134077714 0
0.7287862705 0.6409456613 0.08597491633 -0.037875981 0.1717033337 0.4669331745 -0.004990638626 0.04557973761 0.2493841758 -0.9757421221 -0.09769746782 -0.1959145629 0.04704583338 0.7804193626 -0.6234840078 0.2138083271 -0.6175765728 -0.7568917862 0.0002459766857 0.1143466387 0
0.7347701247 0.6462082816 0.08668083161 -0.03847055969 0.1728856023 0.4662571098 -0.00507187433 0.04593849067 0.2492927593 -0.974975752 -0.09990043993 -0.1986005665 0.04807435048 0.7774628091 -0.6270888591 0.2170510072 -0.6209440253 -0.7532047383 0.0002513253157 0.115285506 0
0.7407539789 0.6514709019 0.0873867469 -0.03906903955 0.1740625325 0.4655766091 -0.005153739859 0.04629686814 0.2492006338 -0.974192359 -0.1021308567 -0.2012921654 0.04911430318 0.7745019101 -0.6306620144 0.2203112184 -0.62427244 -0.749497757 0.0002567534284 0.1162243734 0
0.7467378332 0.6567335221 0.08809266218 -0.03967139823 0.1752340904 0.4648916981 -0.00523623438 0.04665486714 0.2491078003 -0.9733917395 -0.1043886826 -0.20398903 0.05016562353 0.7715370578 -0.6342034205 0.2235887556 -0.6275616076 -0.7457710755 0.0002622616763 0.1171632407 0
0.7527216874 0.6619961424 0.08879857746 -0.04027761323 0.1764002426 0.4642024023 -0.005319357053 0.04701248482 0.2490142598 -0.972573691 -0.1066738769 -0.2066908311 0.05122824047 0.7685686441 -0.6377130284 0.2268834129 -0.6308113214 -0.742024928 0.000267850712 0.118102108 0
0.7587055416 0.6672587627 0.08950449275 -0.04088766191 0.1775609557 0.4635087474 -0.005403107033 0.04736971829 0.2489200131 -0.9717380111 -0.1089863938 -0.209397239 0.05230207982 0.7655970607 -0.6411907931 0.230194983 -0.6340213771 -0.73825955 0.0002735211884 0.1190409754 0
0.7646893959 0.672521383 0.09021040803 -0.04150152149 0.1787161966 0.4628107593 -0.005487483469 0.04772656469 0.2488250613 -0.9708844985 -0.1113261825 -0.2121079245 0.05338706431 0.7626226987 -0.6446366735 0.2335232577 -0.6371915729 -0.7344751783 0.000279273759 0.1199798427 0
0.7706732501 0.6777840033 0.09091632331 -0.04211916906 0.1798659324 0.4621084641 -0.005572485503 0.04808302116 0.2487294053 -0.9700129523 -0.1136931871 -0.2148225583 0.05448311355 0.7596459489 -0.6480506328 0.2368680279 -0.6403217094 -0.7306720508 0.000285109077 0.12091871 0
0.7766571043 0.6830466235 0.0916222386 -0.04274058159 0.1810101305 0.461401888 -0.005658112269 0.04843908485 0.2486330461 -0.9691231725 -0.1160873466 -0.2175408112 0.05559014408 0.7566672016 -0.651432638 0.2402290833 -0.6434115899 -0.7268504066 0.0002910277961 0.1218575773 0
0.7826409585 0.6883092438 0.09232815388 -0.0433657359 0.1821487585 0.4606910572 -0.005744362899 0.04879475291 0.2485359846 -0.9682149597 -0.1185085952 -0.2202623544 0.05670806932 0.7536868464 -0.6547826605 0.2436062125 -0.6464610201 -0.7230104859 0.0002970305701 0.1227964447 0
0.7886248128 0.6935718641 0.09303406916 -0.04399460869 0.1832817842 0.4599759984 -0.005831236514 0.04915002248 0.2484382218 -0.9672881154 -0.1209568617 -0.2229868593 0.05783679965 0.7507052722 -0.6581006753 0.2469992033 -0.6494698083 -0.7191525302 0.0003031180531 0.123735312 0
0.7953566488 0.6994923119 0.09382822386 -0.04470650613 0.1845497018 0.4591665365 -0.005929712893 0.04954922089 0.2483274017 -0.9662228992 -0.1237433614 -0.2260550587 0.05911942115 0.7473500277 -0.6617951572 0.2508350117 -0.6528058797 -0.7147910746 0.0003100685398 0.1247915377 0
0.801340503 0.7047549322 0.09453413914 -0.0453432027 0.1856707168 0.4584425817 -0.006017907411 0.04990363425 0.248228152 -0.9652558081 -0.1262487822 -0.2287847676 0.06027080062 0.7443671515 -0.6650450919 0.2542609987 -0.6557276788 -0.7108956012 0.0003163382016 0.1257304051 0
0.8073243572 0.7100175525 0.09524005442 -0.04598354408 0.1867860305 0.4577144825 -0.006106722134 0.05025764027 0.2481282041 -0.9642694711 -0.1287809666 -0.2315164134 0.06143268527 0.741384267 -0.6682629676 0.2577021774 -0.6586082533 -0.7069828544 0.0003226946172 0.1266692724 0
0.8133082115 0.7152801727 0.09594596971 -0.04662750644 0.1878956117 0.4569822661 -0.006196156157 0.05061123611 0.2480275591 -0.9632636935 -0.131339823 -0.2342496694 0.06260497286 0.7384017596 -0.671448776 0.2611583315 -0.6614474222 -0.7030530802 0.0003291384411 0.1276081397 0
0.8192920657 0.720542793 0.09665188499 -0.04727506581 0.1889994293 0.4562459597 -0.006286208573 0.05096441894 0.247926218 -0.9622382818 -0.1339252546 -0.236984209 0.06378755809 0.735420014 -0.6746025129 0.2646292436 -0.6642450069 -0.6991065257 0.0003356703281 0.128547007 0
0.8252759199 0.7258054133 0.09735780027 -0.04792619812 0.1900974527 0.4555055907 -0.006376878465 0.05131718596 0.2478241817 -0.9611930433 -0.1365371597 -0.2397197063 0.06498033266 0.7324394137 -0.6777241781 0.2681146955 -0.6670008315 -0.695143439 0.0003422909328 0.1294858744 0
0.8312597741 0.7310680336 0.09806371556 -0.04858087914 0.1911896513 0.4547611867 -0.006468164911 0.05166953435 0.2477214513 -0.9601277866 -0.1391754319 -0.2424558361 0.06618318523 0.729460341 -0.6808137755 0.2716144682 -0.6697147229 -0.6911640692 0.0003490009101 0.1304247417 0
0.8372436284 0.7363306538 0.09876963084 -0.04923908455 0.1922759949 0.4540127753 -0.006560066985 0.0520214613 0.2476180279 -0.9590423216 -0.1418399596 -0.2451922739 0.0673960015 0.726483177 -0.6838713128 0.2751283415 -0.6723865104 -0.6871686666 0.000355800915 0.131363609 0
0.8432274826 0.7415932741 0.09947554612 -0.04990078989 0.1933564536 0.4532603842 -0.00665258375 0.052372964 0.2475139125 -0.9579364592 -0.1445306264 -0.2479286958 0.06861866415 0.7235083017 -0.6868968018 0.2786560947 -0.675016026 -0.6831574822 0.0003626916024 0.1323024763 0
0.8492113368 0.7468558944 0.1001814614 -0.05056597058 0.1944309975 0.4525040415 -0.006745714267 0.05272403967 0.2474091061 -0.9568100115 -0.1472473109 -0.2506647788 0.06985105292 0.7205360937 -0.689890258 0.2821975058 -0.6776031045 -0.6791307684 0.0003696736272 0.1332413437 0
