0.006096751431 0.004547201087 -0.003502400794 -2.356461337e-06 0.00155466412 0.5099968405 -2.963004969e-07 0.0003871169683 0.2549996083 -0.9999999999 -5.504177899e-08 -1.372327676e-05 2.820750933e-08 0.9999816004 -0.006066209771 1.372335815e-05 -0.00606620977 -0.9999816003 2.884556287e-08 -0.004658193057 0
0.01119350286 0.008348562174 -0.006430331589 -7.943143197e-06 0.002854296849 0.5099893501 -1.003222152e-06 0.0007118032135 0.2549986735 -0.9999999989 -3.428430116e-07 -4.625744292e-05 1.723555815e-07 0.9999379797 -0.01113717701 4.625839232e-05 -0.011137177 -0.9999379787 6.079072252e-08 -0.008552341013 0
0.01629025429 0.01214992326 -0.009358262383 -1.682330646e-05 0.004153871882 0.5099774438 -2.132161737e-06 0.001037121227 0.2549971807 -0.9999999952 -1.057872189e-06 -9.796872637e-05 5.301143483e-07 0.9998686466 -0.0162076985 9.797300352e-05 -0.01620769848 -0.9998686418 6.829472118e-08 -0.01244648897 0
0.02211511307 0.01649433593 -0.01270446901 -3.100461889e-05 0.005638996147 0.5099584299 -3.939502116e-06 0.001409166946 0.2549947906 -0.9999999837 -2.647646973e-06 -0.0001805433732 1.325268477e-06 0.9997579317 -0.02200177412 0.0001805579223 -0.022001774 -0.9997579154 4.402802128e-08 -0.01689694378 0
0.0272118645 0.02029569702 -0.0156323998 -4.694141452e-05 0.006938359095 0.5099370624 -5.97281484e-06 0.001734735129 0.2549921017 -0.9999999626 -4.932923259e-06 -0.0002733303046 2.468115635e-06 0.9996335226 -0.02707065727 0.0002733636727 -0.02707065694 -0.9996334852 9.233578445e-09 -0.02079109173 0
0.03303672328 0.02464010969 -0.01897860642 -6.918654513e-05 0.008423172063 0.5099072367 -8.812454496e-06 0.002106775158 0.2549883464 -0.9999999188 -8.827212246e-06 -0.0004028286916 4.415444531e-06 0.9994598878 -0.03286232835 0.0004029012017 -0.03286232746 -0.9994598066 7.844611127e-08 -0.02524154654 0
0.03813347471 0.02844147078 -0.02190653722 -9.217819812e-05 0.009722202334 0.5098764102 -1.174820341e-05 0.002432264378 0.2549844639 -0.9999998559 -1.357489534e-05 -0.0005366523058 6.789366702e-06 0.9992804502 -0.03792864211 0.0005367810351 -0.03792864029 -0.9992803061 1.618625683e-07 -0.0291356945 0
0.04395833349 0.03278588345 -0.02525274384 -0.0001224846693 0.01120656621 0.5098357762 -1.561862267e-05 0.00280420001 0.2549793454 -0.9999997456 -2.079266967e-05 -0.0007130200522 1.039819875e-05 0.9990439617 -0.04371684512 0.0007132473676 -0.04371684141 -0.9990437073 2.761311287e-07 -0.03358614931 0
0.04905508492 0.03658724454 -0.02818067463 -0.000152528619 0.01250514325 0.5097954942 -1.945598638e-05 0.003129601279 0.2549742706 -0.9999996055 -2.889369062e-05 -0.000887824153 1.4448471e-05 0.9988095637 -0.04877965944 0.0008881766793 -0.04877965303 -0.9988091693 3.918227473e-07 -0.03748029726 0
0.0548799437 0.04093165721 -0.03152688126 -0.0001908930554 0.01398892028 0.5097440563 -2.435658168e-05 0.003501443585 0.2549677897 -0.999999382 -4.045226317e-05 -0.001110987198 2.02271742e-05 0.9985103116 -0.05456333222 0.001111539384 -0.05456332098 -0.9985096937 5.414693257e-07 -0.04193075207 0
0.05997669513 0.04473301829 -0.03445481205 -0.0002279859556 0.0152869236 0.5096943232 -2.90951928e-05 0.003826768566 0.254961523 -0.9999991185 -5.279587982e-05 -0.001326698384 2.639810258e-05 0.9982210427 -0.05962171846 0.001327486025 -0.05962170093 -0.9982201614 6.874295877e-07 -0.04582490003 0
0.06580155391 0.04907743097 -0.03780101867 -0.0002744040846 0.01676997612 0.5096320872 -3.502564011e-05 0.004198527854 0.2549536802 -0.9999987231 -6.971039744e-05 -0.001596563022 3.485379055e-05 0.9978591408 -0.06539980063 0.001597704051 -0.06539977277 -0.9978578642 8.712742098e-07 -0.05027535483 0
0.07089830534 0.05287879205 -0.04072894947 -0.0003185418044 0.01806728529 0.5095729087 -4.066525904e-05 0.004523782283 0.2549462219 -0.9999982792 -8.718375062e-05 -0.001853090717 4.358845509e-05 0.997515111 -0.07045283187 0.001854628335 -0.07045279141 -0.9975133907 1.047005785e-06 -0.05416950279 0
0.07599505677 0.05668015314 -0.04365688026 -0.0003659654722 0.01936422933 0.5095093244 -4.672527595e-05 0.004849004198 0.2549382077 -0.9999977287 -0.0001073538764 -0.002128630299 5.367075415e-05 0.9971455696 -0.07550304748 0.002130659816 -0.07550299024 -0.997143299 1.236624332e-06 -0.05806365075 0
0.08181991555 0.06102456581 -0.04700308688 -0.0004241860804 0.02084597039 0.509431264 -5.416572413e-05 0.005220646202 0.2549283679 -0.9999969485 -0.0001339543583 -0.002466780139 6.6966692e-05 0.9966920374 -0.08127101672 0.002469506729 -0.08127093392 -0.996688987 1.470388095e-06 -0.06251410556 0
0.08691666698 0.0648259269 -0.04993101768 -0.0004786470903 0.02214204382 0.5093582443 -6.11264393e-05 0.005545797148 0.2549191625 -0.9999961146 -0.0001605506057 -0.002782972412 8.025982441e-05 0.9962679343 -0.0863145218 0.002786444025 -0.0863144098 -0.9962640505 1.689926505e-06 -0.06640825351 0
0.09274152576 0.06917033957 -0.0532772243 -0.0005449070192 0.02362272121 0.5092694049 -6.959613264e-05 0.005917356225 0.2549079616 -0.9999949644 -0.0001949985786 -0.003167508998 9.747639823e-05 0.9957521352 -0.09207429515 0.003172008204 -0.09207414026 -0.995747102 1.958072351e-06 -0.07085870832 0
0.09783827719 0.07297170066 -0.05620515509 -0.0006063993066 0.02491780384 0.5091869579 -7.745732457e-05 0.006242432563 0.2548975654 -0.9999937637 -0.0002289009759 -0.003524221221 0.0001144193251 0.9952736317 -0.09711016866 0.003529793066 -0.09710996629 -0.9952673987 2.207895023e-06 -0.07475285628 0
0.103663136 0.07731611333 -0.05955136172 -0.0006806911778 0.02639728026 0.5090873496 -8.695599964e-05 0.006613903617 0.2548850036 -0.999992142 -0.0002722001638 -0.003954983127 0.0001360570336 0.994695762 -0.1028606952 0.003962003653 -0.102860425 -0.9946879086 2.510914755e-06 -0.07920331108 0
0.1087598874 0.08111747441 -0.06247929251 -0.0007492078956 0.02769125203 0.5089954844 -9.571742757e-05 0.006938900249 0.2548734169 -0.9999904803 -0.0003142850927 -0.004352065562 0.0001570866046 0.9941630403 -0.1078880191 0.004360570327 -0.1078876757 -0.9941535268 2.791507267e-06 -0.08309745904 0
0.1145847462 0.08546188709 -0.06582549913 -0.0008315234371 0.02916939034 0.5088851182 -0.0001062447965 0.007310276887 0.2548594947 -0.9999882734 -0.000367434802 -0.004828871973 0.0001836433883 0.9935233197 -0.1136282515 0.004839347887 -0.1136278058 -0.9935116016 3.13001024e-06 -0.08754791385 0
0.1196814976 0.08926324817 -0.06875342993 -0.0009070569564 0.03046213132 0.5087838451 -0.0001159061969 0.007635187827 0.2548467178 -0.9999860461 -0.00041857456 -0.005266157953 0.0002091940879 0.9929365823 -0.1186461112 0.005278623123 -0.1186455572 -0.9929226394 3.441948259e-06 -0.0914420618 0
0.124778249 0.09306460926 -0.07168136072 -0.0009858621527 0.03175425694 0.5086781855 -0.0001259874874 0.007960056564 0.2548333856 -0.9999835159 -0.000474237169 -0.005722143804 0.0002370026108 0.9923247128 -0.1236592422 0.005736868516 -0.12365856 -0.9923082429 3.768732515e-06 -0.09533620976 0
0.1306031078 0.09740902193 -0.07502756735 -0.001079928915 0.03323018497 0.5085520636 -0.0001380230296 0.008331281555 0.2548174689 -0.9999802199 -0.0005436315446 -0.006266114754 0.000271668736 0.9915947243 -0.1293824907 0.006283782735 -0.1293816338 -0.9915749628 4.160570134e-06 -0.09978666457 0
0.1356998592 0.101210383 -0.07795549814 -0.001165738312 0.03452090419 0.5084370129 -0.0001490038614 0.008656054866 0.2548029471 -0.9999769514 -0.000609620054 -0.00676202924 0.0003046308268 0.9909291733 -0.1343848229 0.006782615727 -0.1343837854 -0.9909061481 4.519676238e-06 -0.1036808125 0
0.141524718 0.1055547957 -0.08130170476 -0.001267804525 0.03599515659 0.5083001656 -0.0001620672685 0.009027166815 0.2547856711 -0.9999727383 -0.0006913078456 -0.007351516339 0.0003454315069 0.9901379763 -0.1400952122 0.00737586443 -0.1400939324 -0.9901107447 4.948870035e-06 -0.1081312673 0
0.1466214695 0.1093561568 -0.08422963556 -0.00136060857 0.03728434988 0.5081757367 -0.0001739473164 0.009351837667 0.2547699601 -0.9999686006 -0.0007684826198 -0.007887151373 0.0003839747409 0.9894189969 -0.1450858406 0.007915193346 -0.1450843135 -0.9893876347 5.341042272e-06 -0.1120254153 0
0.1524463282 0.1137005694 -0.08757584218 -0.001470662872 0.03875679015 0.5080281791 -0.0001880382019 0.009722828408 0.2547513254 -0.9999633151 -0.0008634439692 -0.008521907288 0.0004313968202 0.9885668921 -0.1507823392 0.008554667503 -0.1507804841 -0.9885302541 5.808476531e-06 -0.1164758701 0
0.1575430797 0.1175019305 -0.09050377297 -0.001570451236 0.04004433818 0.5078943859 -0.0002008171144 0.01004738956 0.2547344256 -0.9999581673 -0.000952659787 -0.009097038148 0.0004759455388 0.9877947573 -0.1557603638 0.009134393225 -0.1557581777 -0.9877529817 6.234517144e-06 -0.1203700181 0
0.1633679384 0.1218463432 -0.0938499796 -0.001688481378 0.04151483005 0.5077361346 -0.0002159350618 0.01041825074 0.2547144326 -0.9999516422 -0.001061868208 -0.009776796592 0.0005304720243 0.9868820683 -0.1614419457 0.009819975312 -0.1614393251 -0.9868337815 6.741140243e-06 -0.1248204729 0
0.1684646899 0.1256477043 -0.09677791039 -0.001795242954 0.0428006137 0.5075929919 -0.0002296124616 0.01074269482 0.2546963447 -0.9999453328 -0.001163973835 -0.01039118202 0.0005814470881 0.9860570715 -0.1664064713 0.01043999129 -0.1664034162 -0.9860024897 7.201905869e-06 -0.1287146208 0
0.1742895486 0.129992117 -0.100124117 -0.001921235799 0.04426902114 0.5074240644 -0.0002457570245 0.01111341794 0.254674994 -0.9999373891 -0.001288395726 -0.01111565788 0.0006435568679 0.9850841449 -0.1720721164 0.01117155531 -0.1720684964 -0.9850216388 7.748726613e-06 -0.1331650756 0
0.1793863001 0.1337934781 -0.1030520478 -0.002034958705 0.04555292149 0.5072715881 -0.0002603325079 0.01143773748 0.2546557184 -0.9999297564 -0.00140423349 -0.0117690402 0.0007013754106 0.9842065993 -0.1770222529 0.01183174761 -0.1770180728 -0.9841364802 8.245125356e-06 -0.1370592236 0
0.1844830515 0.1375948391 -0.1059799786 -0.002151925948 0.04683590232 0.5071147619 -0.0002753269514 0.01176199631 0.2546358887 -0.999921448 -0.001526765934 -0.0124405283 0.000762529221 0.9833046436 -0.1819653716 0.01251064778 -0.1819605642 -0.9832262389 8.75847751e-06 -0.1409533715 0
0.1903079103 0.1419392518 -0.1093261852 -0.002289571815 0.0483010071 0.5069302105 -0.000292976347 0.01213250139 0.254612548 -0.9999110759 -0.001675233021 -0.01323003487 0.0008366181587 0.9822440429 -0.1876058107 0.01330940639 -0.1876001965 -0.9821552963 9.366198715e-06 -0.1454038263 0
0.1954046617 0.1457406129 -0.112254116 -0.002413481564 0.04958193065 0.506764076 -0.0003088682344 0.01245662459 0.2545915315 -0.9999011888 -0.001812720491 -0.01394011248 0.0009052199939 0.9812900335 -0.1925332456 0.0140283024 -0.19252684 -0.9811914301 9.916603638e-06 -0.1492979743 0
0.2012295205 0.1500850256 -0.1156003226 -0.002559053954 0.0510446166 0.5065688969 -0.0003275430159 0.01282697031 0.2545668348 -0.9998889072 -0.001978751337 -0.01477355348 0.0009880540964 0.980170147 -0.1981552593 0.01487269607 -0.1981478427 -0.980059302 1.056725008e-05 -0.1537484291 0
0.2063262719 0.1538863867 -0.1185282534 -0.002689892423 0.05232336456 0.5063934726 -0.0003443318785 0.01315095026 0.2545446321 -0.9998772547 -0.002132018486 -0.01552192291 0.001064510859 0.9791644456 -0.203066135 0.0156314558 -0.2030577329 -0.9790419882 1.115573223e-05 -0.1576425771 0
0.2121511307 0.1582307993 -0.1218744601 -0.002843375141 0.05378349662 0.5061876875 -0.0003640314954 0.0135211279 0.25451858 -0.9998628446 -0.002316551104 -0.01639894899 0.001156552583 0.9779856977 -0.2086687266 0.01652132934 -0.2086590728 -0.9778488825 1.185049975e-05 -0.1620930319 0
0.2172478821 0.1620321604 -0.1248023909 -0.002981127775 0.05505995095 0.5060029929 -0.0003817168381 0.01384495695 0.2544951918 -0.9998492303 -0.002486414697 -0.01718529659 0.001241266612 0.9769286857 -0.2135621745 0.01731981334 -0.2135513073 -0.9767783081 1.247812689e-05 -0.1659871798 0
0.2230727409 0.1663765731 -0.1281485975 -0.003142503747 0.05651739438 0.5057866248 -0.0004024407094 0.01421495776 0.2544677853 -0.9998324616 -0.002690377851 -0.0181055402 0.001342973064 0.975691523 -0.2191443549 0.01825500321 -0.219131955 -0.9755244442 1.321825959e-05 -0.1704376346 0
0.2281694923 0.1701779342 -0.1310765283 -0.003287155226 0.05779143731 0.5055926804 -0.0004210220108 0.01453862824 0.2544432122 -0.9998166791 -0.002877646359 -0.01892953646 0.001436341898 0.9745836007 -0.2240195129 0.01909306474 -0.2240056347 -0.9744008059 1.388614062e-05 -0.1743317826 0
0.2339943511 0.1745223468 -0.1344227349 -0.003456406505 0.0592460577 0.5053657534 -0.0004427695255 0.01490844342 0.2544144519 -0.9997973104 -0.003101959102 -0.01989261204 0.001548164564 0.9732884919 -0.2295803012 0.02007339907 -0.2295645647 -0.9730864141 1.467292849e-05 -0.1787822374 0
0.2390911026 0.1783237079 -0.1373506657 -0.00360794074 0.06051757177 0.5051625808 -0.0004622462378 0.01523194764 0.2543886947 -0.9997791436 -0.003307432297 -0.02075391175 0.001650580707 0.9721300787 -0.2344363147 0.0209508841 -0.2344187939 -0.9719099184 1.53822115e-05 -0.1826763854 0
0.244187854 0.182125069 -0.1402785965 -0.003762681208 0.0617878656 0.5049551094 -0.0004821406136 0.01555537164 0.2543623852 -0.9997597876 -0.003521672166 -0.02163249722 0.001757351779 0.970948252 -0.2392831036 0.02184671201 -0.2392636407 -0.9707088294 1.611121885e-05 -0.1865705333 0
0.2500127128 0.1864694817 -0.1436248031 -0.003943448647 0.06323810311 0.5047127418 -0.0005053883037 0.01592489868 0.254331641 -0.9997361458 -0.003777472056 -0.02265765829 0.001884815876 0.9695690482 -0.2448107599 0.02289292999 -0.2447888711 -0.9693061035 1.696885833e-05 -0.1910209881 0
0.2551094642 0.1902708428 -0.1465527339 -0.004105046898 0.06450569638 0.5044960757 -0.0005261772391 0.01624814511 0.2543041485 -0.9997140713 -0.004011073031 -0.02357301286 0.002001200338 0.9683373799 -0.2496371643 0.02382794241 -0.2496129602 -0.9680524775 1.774101817e-05 -0.1949151361 0
0.260934323 0.1946152554 -0.1498989405 -0.004293641644 0.06595278082 0.5042432135 -0.0005504469366 0.01661746482 0.2542720528 -0.9996871871 -0.004289445051 -0.02463997889 0.002139868593 0.9669014779 -0.2551410455 0.0249188455 -0.2551139604 -0.9665898398 1.864867656e-05 -0.1993655909 0
0.2660310744 0.1984166165 -0.1528268713 -0.004462079714 0.06721755686 0.5040173768 -0.0005721298187 0.01694052599 0.2542433781 -0.9996621546 -0.004543183733 -0.02559171932 0.002266245545 0.9656204336 -0.2599462298 0.02589287059 -0.2599164053 -0.9652839072 1.946522517e-05 -0.2032597388 0
0.2718559332 0.2027610292 -0.1561730779 -0.004658480803 0.06866135509 0.503754048 -0.000597420808 0.01730962955 0.2542099318 -0.999631749 -0.004845009724 -0.02670004365 0.002416547917 0.9641283758 -0.2654253855 0.02702825829 -0.2653921643 -0.9637616263 2.042433421e-05 -0.2077101937 0
0.2769526846 0.2065623903 -0.1591010087 -0.00483373997 0.06992319758 0.5035190658 -0.0006199969976 0.01763249773 0.2541800758 -0.9996035096 -0.005119652639 -0.02768777157 0.002553290631 0.9627984395 -0.2702085225 0.02804111704 -0.2701720823 -0.9624036272 2.128654042e-05 -0.2116043416 0
0.2827775434 0.210906803 -0.1624472154 -0.005037925574 0.07136357689 0.5032452998 -0.000646308533 0.01800137632 0.25414528 -0.9995692929 -0.005445802708 -0.02883699037 0.002715650289 0.9612507895 -0.2756620122 0.02922078069 -0.2756215938 -0.960821983 2.229856804e-05 -0.2160547964 0
0.2878742948 0.214708164 -0.1653751461 -0.005219986361 0.07262236988 0.5030011982 -0.0006697773645 0.0183240438 0.2541142435 -0.9995375887 -0.005742105921 -0.0298602925 0.002863125986 0.9598724632 -0.2804222832 0.03027228696 -0.2803781065 -0.9594121669 2.320773147e-05 -0.2199489444 0
0.2929710463 0.2185095251 -0.1683030769 -0.005405214361 0.0738797002 0.50275285 -0.0006936625269 0.01864661497 0.2540826564 -0.9995041767 -0.006048772979 -0.03090005031 0.003015734323 0.9584717318 -0.2851716057 0.03134176304 -0.2851233974 -0.9579782577 2.413926126e-05 -0.2238430923 0
0.298795905 0.2228539378 -0.1716492836 -0.00562077597 0.07531482587 0.5024638314 -0.0007214694517 0.01901514765 0.254045883 -0.9994638246 -0.006412146734 -0.03210837322 0.00319652869 0.9568436087 -0.2905857718 0.0325859703 -0.2905326022 -0.9563100761 2.523162909e-05 -0.2282935471 0
0.3038926565 0.2266552989 -0.1745772144 -0.005812775665 0.07656893731 0.502206404 -0.0007462462321 0.0193375068 0.2540131169 -0.9994265531 -0.00674156327 -0.03318307241 0.0033603972 0.9553952559 -0.295311044 0.03369380804 -0.2952532071 -0.9548247331 2.621207431e-05 -0.2321876951 0
0.3097175152 0.2309997116 -0.177923421 -0.006036064271 0.07800031849 0.5019070253 -0.000775071735 0.01970579276 0.2539749965 -0.9993816313 -0.007131354412 -0.03443107355 0.00355426205 0.9537130178 -0.3006972678 0.03498174185 -0.3006337031 -0.9530979248 2.736112381e-05 -0.2366381499 0
0.3148142667 0.2348010727 -0.1808513518 -0.006234814334 0.07925109606 0.5016405471 -0.0008007394029 0.02002793216 0.2539410523 -0.9993402201 -0.00748424907 -0.03554026477 0.003729742097 0.9522175894 -0.3053976938 0.03612773765 -0.3053287546 -0.9515614211 2.839185285e-05 -0.2405322979 0
0.3206391254 0.2391454853 -0.1841975584 -0.006465805138 0.08067860156 0.5013308416 -0.0008305826341 0.02039596258 0.2539015861 -0.9992904036 -0.007901283668 -0.03682742242 0.003937075135 0.95048187 -0.3107550712 0.0374591613 -0.3106795528 -0.9497763035 2.959916246e-05 -0.2449827527 0
0.3257358769 0.2429468464 -0.1871254892 -0.006671283496 0.08192593066 0.5010553423 -0.0008571404326 0.02071787452 0.2538664647 -0.9992445641 -0.008278373332 -0.03797064205 0.004124511285 0.948939929 -0.3154298647 0.03864310455 -0.315348188 -0.9481889215 3.068156886e-05 -0.2488769006 0
0.3315607357 0.2472912591 -0.1904716958 -0.006909950847 0.08334942976 0.5007353442 -0.000888000512 0.02108564059 0.2538256538 -0.9991895179 -0.008723463807 -0.0392964183 0.004345702326 0.9471513814 -0.3207575029 0.04001777335 -0.3206683052 -0.9463458225 3.194874496e-05 -0.2533273554 0
0.3366574871 0.2510926202 -0.1933996266 -0.007122134686 0.08459319624 0.5004508545 -0.000915447658 0.02140731736 0.2537893564 -0.9991389529 -0.009125453242 -0.04047318866 0.004545432139 0.9455635078 -0.3254058877 0.04123944646 -0.325309666 -0.9447078539 3.308424596e-05 -0.2572215034 0
0.3424823459 0.2554370328 -0.1967458332 -0.007368452088 0.08601255873 0.5001205995 -0.0009473236757 0.02177481026 0.253747202 -0.9990783325 -0.009599397956 -0.04183702967 0.004780862872 0.9437228045 -0.3307029054 0.04265710776 -0.3305981244 -0.9428071124 3.441292119e-05 -0.2616719582 0
0.3475790973 0.2592383939 -0.199673764 -0.007587317853 0.08725264887 0.4998271508 -0.0009756593598 0.02209624417 0.2537097296 -0.9990227363 -0.01002697944 -0.04304685925 0.004993216695 0.9420895951 -0.3353241157 0.04391628621 -0.3352113579 -0.9411188582 3.560295636e-05 -0.2655661062 0
0.3526758487 0.263039755 -0.2026016948 -0.007809293583 0.08849098459 0.4995295324 -0.001004409411 0.0224175621 0.2536717092 -0.9989646852 -0.01046673721 -0.04427194441 0.005211572697 0.9404354379 -0.3399323854 0.04519288838 -0.3398111748 -0.939407243 3.681893939e-05 -0.2694602541 0
0.3585007075 0.2673841677 -0.2059479014 -0.008066781367 0.08990404556 0.4991843004 -0.001037773762 0.02278463842 0.2536275867 -0.9988952466 -0.0109844153 -0.04569057912 0.005468561217 0.9385194956 -0.3451829242 0.04667313186 -0.3450514439 -0.937422594 3.824081795e-05 -0.2739107089 0
0.3635974589 0.2711855288 -0.2088758322 -0.008295403146 0.09113853897 0.4988777712 -0.001067411117 0.02310570219 0.2535883929 -0.9988317013 -0.01145075716 -0.04694797805 0.005700012269 0.9368209076 -0.3497629153 0.04798689761 -0.3496218918 -0.9356611515 3.951348408e-05 -0.2778048569 0
0.3694223177 0.2755299414 -0.2122220389 -0.008560472022 0.09254714433 0.4985223747 -0.001101789034 0.02347248365 0.2535429301 -0.9987557986 -0.01199919612 -0.04840324478 0.005972145766 0.934854549 -0.3549807118 0.04950947675 -0.3548281155 -0.9336197406 4.100099161e-05 -0.2822553117 0
0.3745190691 0.2793313025 -0.2151499697 -0.008795714487 0.09377768285 0.4982069687 -0.001132312818 0.02379328556 0.2535025641 -0.9986864335 -0.0124927821 -0.04969243278 0.006217003571 0.933112167 -0.3595316852 0.05086016463 -0.3593683545 -0.9318087945 4.233182989e-05 -0.2861494596 0
0.3803439279 0.2836757152 -0.2184961763 -0.009068335051 0.09518170423 0.4978414472 -0.001167703286 0.02415976336 0.2534557623 -0.9986036902 -0.01307272846 -0.0511837244 0.006504633789 0.9310961289 -0.3647159011 0.05242479959 -0.3645395761 -0.929710997 4.388667861e-05 -0.2905999144 0
0.3854406794 0.2874770763 -0.2214241071 -0.009310172108 0.09640817578 0.4975171993 -0.001199112599 0.02448029572 0.2534142254 -0.9985281721 -0.0135942049 -0.05250416373 0.00676320215 0.9293106056 -0.3692371289 0.05381216138 -0.3690487716 -0.92785088 4.527719611e-05 -0.2944940624 0
0.3912655381 0.291821489 -0.2247703137 -0.009590314126 0.09780748535 0.4971415932 -0.001235514576 0.02484646109 0.2533660859 -0.9984382028 -0.01420638939 -0.05403085834 0.0070666717 0.9272456428 -0.3743869389 0.05541856462 -0.3741840407 -0.9256970813 4.69011182e-05 -0.2989445172 0
0.3963622896 0.29562285 -0.2276982445 -0.009838718957 0.09902977833 0.4968085394 -0.001267808492 0.02516671624 0.2533233792 -0.9983561906 -0.01475638865 -0.05538199847 0.007339246336 0.9254176464 -0.3788777048 0.05684234534 -0.3786613642 -0.9237881354 4.835283889e-05 -0.3028386652 0
0.401459041 0.2994242111 -0.2306261753 -0.01009017937 0.1002500833 0.4964713888 -0.001300514898 0.02548683939 0.253280127 -0.998271029 -0.01531991093 -0.05674727369 0.007618456116 0.9235700621 -0.3833540134 0.05828303242 -0.383123532 -0.9218565221 4.983364712e-05 -0.3067328131 0
0.4072838998 0.3037686238 -0.2339723819 -0.01038129643 0.1016422522 0.4960810677 -0.001338398468 0.02585253065 0.2532300284 -0.9981697467 -0.01598066591 -0.05832473751 0.007945756843 0.9214347448 -0.3884518967 0.05995015961 -0.3882043655 -0.9196213074 5.156204904e-05 -0.3111832679 0
0.4123806512 0.3075699849 -0.2369003127 -0.01063928399 0.1028582159 0.4957351657 -0.001371988071 0.02617236534 0.2531856083 -0.9980775776 -0.01657361245 -0.05971988344 0.008239391607 0.9195456945 -0.3928967144 0.06142687957 -0.3926334564 -0.9176413828 5.310632413e-05 -0.3150774159 0
0.41820551 0.3119143976 -0.2402465193 -0.0109378444 0.1042453602 0.4953348648 -0.001410880446 0.02653772255 0.2531341756 -0.9979680826 -0.01726833806 -0.06133115488 0.008583336373 0.9173633883 -0.397958214 0.06313503302 -0.3976760217 -0.9153511618 5.490814991e-05 -0.3195278707 0
0.4233022614 0.3157157587 -0.2431744501 -0.0112023305 0.1054568723 0.4949802498 -0.001445352255 0.02685726111 0.2530885889 -0.997868547 -0.01789130531 -0.06275559048 0.008891671115 0.9154335769 -0.4023708543 0.06464751447 -0.4020712218 -0.9133232897 5.651745333e-05 -0.3234220187 0
0.4291271202 0.3200601713 -0.2465206567 -0.01150830118 0.1068388664 0.4945700134 -0.001485252289 0.02722227552 0.2530358238 -0.997750425 -0.01862067464 -0.06439999865 0.009252569245 0.9132050957 -0.4073951927 0.06639638027 -0.4070745922 -0.9109784833 5.839449542e-05 -0.3278724735 0
0.4342238716 0.3238615324 -0.2494485875 -0.01177925653 0.1080458171 0.4942067246 -0.001520605287 0.02754151031 0.2529890719 -0.997643157 -0.01927424396 -0.06585313097 0.009575870246 0.9112352426 -0.4117749815 0.06794434523 -0.4114350936 -0.9089030365 6.007040228e-05 -0.3317666214 0
0.4400487304 0.3282059451 -0.2527947942 -0.01209260359 0.1094225358 0.4937865982 -0.001561511801 0.02790617318 0.2529349758 -0.9975159859 -0.02003891267 -0.06752999153 0.009954021012 0.9089614164 -0.4167613958 0.06973360196 -0.4163983495 -0.9065040757 6.202446825e-05 -0.3362170762 0
0.4451454818 0.3320073062 -0.2557227249 -0.01236999817 0.1106248161 0.4934146758 -0.001597744945 0.02822509655 0.25288706 -0.9974006128 -0.02072365003 -0.06901121598 0.01029254568 0.9069522547 -0.4211076717 0.07131676595 -0.4207233509 -0.9043814355 6.376856649e-05 -0.3401112242 0
0.4509703406 0.3363517188 -0.2590689316 -0.01269068691 0.1119961349 0.492984706 -0.001639656733 0.02858939915 0.2528316346 -0.997263963 -0.02152425603 -0.07071983141 0.01068823811 0.9046339295 -0.4260554133 0.07314608478 -0.4256455803 -0.9019287612 6.58014781e-05 -0.344561679 0
0.456067092 0.3401530799 -0.2619968624 -0.01297449001 0.113193636 0.4926041912 -0.001676768954 0.02890800348 0.2527825564 -0.9971401055 -0.02224071173 -0.07222853202 0.01104223479 0.9025862063 -0.4303675281 0.07476415684 -0.4299342868 -0.8997593177 6.76153677e-05 -0.3484558269 0
0.4611638435 0.343954441 -0.2649247932 -0.01326127305 0.11438887 0.4922196811 -0.001714291037 0.0292264563 0.2527329362 -0.997012157 -0.02297215318 -0.07374984091 0.01140353415 0.9005207471 -0.434663483 0.07639841795 -0.4342057856 -0.8975681687 6.946237737e-05 -0.3523499749 0
0.4669887022 0.3482988537 -0.2682709998 -0.01359266513 0.1157520453 0.4917753605 -0.001757674982 0.02959021475 0.2526755641 -0.9968608122 -0.02382658323 -0.07550374169 0.01182545532 0.898138719 -0.4395531823 0.07828588433 -0.4390662084 -0.8950375327 7.161425238e-05 -0.3568004297 0
0.4720854537 0.3521002148 -0.2711989306 -0.01388581038 0.1169423419 0.4913823201 -0.001796074527 0.02990833736 0.2526247836 -0.9967238116 -0.02459052116 -0.07705160333 0.01220257426 0.8960358179 -0.4438140491 0.07995461518 -0.4433002586 -0.8928001681 7.353342039e-05 -0.3606945777 0
0.4779103125 0.3564446274 -0.2745451372 -0.01422445512 0.1182998132 0.4909282753 -0.001840460642 0.03027171406 0.2525660863 -0.996561897 -0.02548238403 -0.07883548426 0.01264270504 0.8936114426 -0.4486632943 0.08188130118 -0.4481174375 -0.8902169481 7.576869025e-05 -0.3651450325 0
0.4830070639 0.3602459885 -0.277473068 -0.01452393015 0.1194850654 0.4905267482 -0.001879736516 0.03058949884 0.252514147 -0.9964154497 -0.02627932888 -0.08040925582 0.0130358689 0.8914718789 -0.4528884579 0.0835841951 -0.4523132609 -0.8879337792 7.776164338e-05 -0.3690391804 0
0.4888319227 0.3645904012 -0.2808192746 -0.01486979008 0.1208367107 0.4900630295 -0.001925123491 0.03095248511 0.2524541262 -0.9962425108 -0.02720919844 -0.08222237626 0.0134944614 0.8890060541 -0.4576965537 0.08554974663 -0.4570863105 -0.88529845 8.008217295e-05 -0.3734896352 0
0.4939286741 0.3683917623 -0.2837472054 -0.01517556176 0.1220168119 0.48965306 -0.001965274535 0.03126992445 0.2524010296 -0.9960862164 -0.02803964399 -0.08382140454 0.01390388596 0.8868306195 -0.4618854124 0.08728649065 -0.4612431361 -0.8829698964 8.215054778e-05 -0.3773837832 0
0.4997535329 0.372736175 -0.287093412 -0.01552859865 0.1233625098 0.4891797186 -0.00201166103 0.03163251162 0.2523396872 -0.9959017923 -0.02900807497 -0.08566301215 0.0143811812 0.8843242571 -0.4666516794 0.08929054649 -0.4659711792 -0.8802829423 8.455821279e-05 -0.381834238 0
0.5048502843 0.376537536 -0.2900213428 -0.01584063317 0.1245373542 0.4887613521 -0.00205268606 0.03194959795 0.2522854349 -0.9957352446 -0.02987249812 -0.08728663385 0.01480707249 0.8821137555 -0.4708036459 0.09106082142 -0.4700882431 -0.8779094318 8.670365514e-05 -0.385728386 0
0.5099470357 0.3803388971 -0.2929492736 -0.01615557859 0.1257097093 0.4883390827 -0.002094118536 0.03226651695 0.2522306438 -0.9955637716 -0.03075293589 -0.0889215027 0.01524071599 0.8798871676 -0.474938199 0.09284663314 -0.4741864921 -0.8755150904 8.888562802e-05 -0.3896225339 0
0.5157718945 0.3846833098 -0.2962954802 -0.01651907086 0.1270464664 0.4878517231 -0.00214196851 0.03262850309 0.2521673662 -0.9953616556 -0.03177888631 -0.09080350695 0.01574585452 0.8773230277 -0.4796419218 0.09490649374 -0.4788469562 -0.8727533157 9.142450596e-05 -0.3940729887 0
0.5208686459 0.3884846709 -0.299223411 -0.0168402283 0.1282134106 0.4874211248 -0.002184273186 0.03294505797 0.2521114218 -0.9951793239 -0.03269397007 -0.09246197874 0.01619624902 0.8750625729 -0.4837387467 0.09672535712 -0.4829043362 -0.87031466 9.368597587e-05 -0.3979671367 0
0.5266935047 0.3928290836 -0.3025696177 -0.01721079984 0.1295439241 0.4869242735 -0.00223311925 0.03330662365 0.2520468271 -0.9949645593 -0.03375976649 -0.09437056654 0.01672063664 0.8724602018 -0.4883990341 0.09882280087 -0.4875176657 -0.8675024955 9.631665874e-05 -0.4024175915 0
0.5317902562 0.3966304446 -0.3054975485 -0.01753813384 0.1307053531 0.4864853939 -0.002276294878 0.03362280686 0.251989731 -0.9947709499 -0.03470993043 -0.09605195435 0.01718796357 0.8701667121 -0.4924575789 0.1006743816 -0.4915334311 -0.8650199738 9.865929216e-05 -0.4063117394 0
0.5376151149 0.4009748573 -0.3088437551 -0.01791574373 0.1320295043 0.4859791058 -0.002326135591 0.03398394345 0.251923821 -0.9945430549 -0.03581605897 -0.09798633545 0.01773180182 0.8675270671 -0.4970738084 0.102809023 -0.4960987782 -0.8621579362 0.0001013836889 -0.4107621942 0
0.5427118664 0.4047762184 -0.3117716859 -0.01824921812 0.1331853145 0.4855319933 -0.002370180895 0.03429974744 0.251865575 -0.9943377437 -0.03680171958 -0.09968994335 0.0182162324 0.8652013854 -0.5010935357 0.1046929809 -0.5000721909 -0.8596320048 0.0001038091599 -0.4146563422 0
0.5485367251 0.4091206311 -0.3151178925 -0.01863382466 0.1345029853 0.4850163243 -0.002421014785 0.03466044632 0.2517983517 -0.994096231 -0.03794864598 -0.1016493173 0.01877971106 0.8625254358 -0.5056651017 0.1068644277 -0.5045887166 -0.8567206202 0.000106629188 -0.419106797 0
0.5536334766 0.4129219922 -0.3180458233 -0.01897340263 0.1356530739 0.4845610283 -0.002465928466 0.03497586355 0.2517389574 -0.9938787896 -0.03897020179 -0.1033744407 0.01928140619 0.8601684154 -0.5096454891 0.1087804164 -0.5085190464 -0.8541517432 0.000109139178 -0.423000945 0
0.5594583353 0.4172664048 -0.3213920299 -0.01936496337 0.1369641472 0.4840360354 -0.002517754032 0.03533611613 0.2516704228 -0.9936231668 -0.04015837118 -0.1053579974 0.01986470319 0.8574571421 -0.5141718031 0.1109882694 -0.5129859206 -0.8511915468 0.0001120567628 -0.4274513998 0
0.5645550868 0.4210677659 -0.3243199607 -0.01971060745 0.138108412 0.4835726061 -0.002563534763 0.03565113908 0.251609882 -0.993393162 -0.04121620257 -0.107103923 0.0203838133 0.8550696463 -0.5181123431 0.1129359368 -0.5168724451 -0.8485801963 0.0001146529599 -0.4313455477 0
0.5696518382 0.424869127 -0.3272478915 -0.02005906937 0.1392499243 0.4831053988 -0.002609719657 0.03596597546 0.2515488068 -0.9931571449 -0.04229108758 -0.1088593101 0.02091109891 0.852668227 -0.5220341183 0.1148982655 -0.5207382823 -0.8459491887 0.0001172899665 -0.4352396957 0
0.575476697 0.4292135397 -0.3305940981 -0.02046075125 0.140551111 0.4825668357 -0.002662996906 0.03632555792 0.2514783527 -0.9928799265 -0.04354050821 -0.1108768496 0.02152375951 0.8499069434 -0.5264930345 0.1171587786 -0.525130852 -0.842918388 0.0001203541335 -0.4396901505 0
0.5805734484 0.4330149008 -0.3335220289 -0.02081522313 0.1416866508 0.4820915704 -0.002710046859 0.03663998901 0.2514161336 -0.9926307034 -0.04465219343 -0.1126519786 0.02206866161 0.8474763321 -0.5303742458 0.1191522591 -0.5289518391 -0.8402456135 0.0001230798348 -0.4435842985 0
0.5863983072 0.4373593134 -0.3368682355 -0.02122375129 0.1429809544 0.481543828 -0.002764311956 0.036999104 0.2513443733 -0.9923381398 -0.04594386535 -0.1146916629 0.02270152781 0.8446821917 -0.5347865328 0.1214481657 -0.5332927491 -0.8371673589 0.00012624634 -0.4480347533 0
0.5914950586 0.4411606745 -0.3397961663 -0.02158419406 0.1441104215 0.4810605571 -0.002812225579 0.03731312231 0.2512810122 -0.9920752678 -0.04709268553 -0.1164858015 0.02326417059 0.8422232749 -0.5386267108 0.1234724315 -0.537068184 -0.8344533087 0.0001290624398 -0.4519289012 0
0.5973199174 0.4455050872 -0.343142373 -0.02199952347 0.1453977277 0.4805036959 -0.002867476922 0.03767176128 0.2512079477 -0.9917668508 -0.04842698058 -0.1185467892 0.02391737815 0.8393972954 -0.5429918411 0.1258033096 -0.5413566366 -0.8313281658 0.0001323332335 -0.456379356 0
0.6024166688 0.4493064483 -0.3460703037 -0.0223658974 0.1465210224 0.4800124727 -0.0029162528 0.03798535933 0.2511434465 -0.9914898834 -0.04961325165 -0.1203591976 0.02449787497 0.836910968 -0.546790532 0.1278579888 -0.5450858253 -0.8285733388 0.0001352414413 -0.460273504 0
0.6082415276 0.453650861 -0.3494165104 -0.02278798231 0.1478012178 0.4794465538 -0.002972488758 0.03834351374 0.2510690801 -0.9911651006 -0.05099052006 -0.1224406394 0.02517154721 0.834054177 -0.5511079958 0.13022341 -0.5493210324 -0.825401882 0.0001386184805 -0.4647239588 0
0.613338279 0.457452222 -0.3523444412 -0.02316024703 0.1489182411 0.4789474324 -0.003022125451 0.03865668407 0.2510034406 -0.9908735879 -0.05221453896 -0.1242705709 0.02577000052 0.8315413421 -0.5548647615 0.132308125 -0.5530032896 -0.8226067844 0.0001416205111 -0.4686181067 0
0.6191631378 0.4617966347 -0.3556906478 -0.02358904094 0.1501912131 0.4783725183 -0.003079344362 0.0390143454 0.2509277745 -0.9905319234 -0.05363510915 -0.1263716096 0.02646424825 0.8286547763 -0.5591340674 0.1347076546 -0.5571844729 -0.8193895966 0.0001451057588 -0.4730685616 0
0.6242598893 0.4655979958 -0.3586185786 -0.02396715547 0.151301867 0.4778655536 -0.003129840402 0.03932708056 0.2508609987 -0.9902254123 -0.05489715363 -0.128218311 0.02708074948 0.8261163448 -0.5628484858 0.1368220222 -0.5608191219 -0.8165547421 0.0001482033327 -0.4769627095 0
0.6293566407 0.4693993569 -0.3615465094 -0.0243479857 0.1524095151 0.4773549478 -0.003180736963 0.0396396101 0.2507936933 -0.9899117462 -0.05617703302 -0.1300725788 0.02770570124 0.823566282 -0.5665430022 0.1389500951 -0.5644313246 -0.8137015122 0.0001513460836 -0.4808568575 0
0.6351814995 0.4737437696 -0.364892716 -0.0247865339 0.153671691 0.4767669555 -0.003239394474 0.03999653285 0.250716125 -0.9895443815 -0.05766166057 -0.132200794 0.02843030035 0.8206379397 -0.5707408256 0.141398851 -0.5685318856 -0.8104183241 0.0001549936003 -0.4853073123 0
0.6402782509 0.4775451306 -0.3678206468 -0.02517315268 0.1547728272 0.4762485886 -0.003291148187 0.04030861632 0.2506476862 -0.9892150475 -0.05897993797 -0.1340707156 0.02907341404 0.8180636295 -0.5743924048 0.1435560046 -0.5720955034 -0.8075261039 0.0001582344266 -0.4892014602 0
0.6461031097 0.4818895433 -0.3711668534 -0.02561829215 0.1560275058 0.4756517589 -0.00335078443 0.04066502503 0.2505688237 -0.9888295143 -0.06050858303 -0.1362163828 0.02981880773 0.8151081055 -0.5785409364 0.14603777 -0.5761401633 -0.8041986583 0.0001619950187 -0.493651915 0
0.6511998611 0.4856909044 -0.3740947842 -0.02601065696 0.1571220339 0.4751256879 -0.003403393766 0.04097665501 0.2504992536 -0.9884840528 -0.0618654883 -0.1381011902 0.03048014726 0.8125104763 -0.5821491961 0.1482236081 -0.5796545413 -0.8012679794 0.0001653356528 -0.497546063 0
0.6570247199 0.4900353171 -0.3774409908 -0.02646233875 0.1583691058 0.4745200864 -0.003464006978 0.04133254123 0.2504190993 -0.9880798246 -0.06343840236 -0.1402634284 0.03124640214 0.8095288352 -0.5862480084 0.1507379268 -0.5836425568 -0.7978968877 0.000169211303 -0.5019965178 0
0.6621214713 0.4938366782 -0.3803689216 -0.02686040644 0.1594569304 0.4739863691 -0.003517470383 0.04164371032 0.2503483998 -0.9877177736 -0.06483414569 -0.142162348 0.03192602014 0.8069088217 -0.5898125827 0.1529520476 -0.5871070491 -0.7949282886 0.000172653482 -0.5058906658 0
0.6679463301 0.4981810908 -0.3837151282 -0.0273185809 0.1606962871 0.4733720625 -0.003579058775 0.04199906558 0.2502669561 -0.9872943213 -0.06645155769 -0.1443402702 0.03271318989 0.8039021351 -0.593861267 0.1554984576 -0.5910376872 -0.7915141704 0.0001766461779 -0.5103411206 0
0.6730430815 0.5019824519 -0.386643059 -0.02772230773 0.1617773137 0.4728307576 -0.003633374667 0.0423097664 0.2501951294 -0.9869152171 -0.06788632949 -0.1462525234 0.03341112765 0.8012606777 -0.5973818066 0.1577404542 -0.5944516571 -0.7885081968 0.000180191643 -0.5142352685 0
0.678139833 0.505783813 -0.3895709898 -0.02812866036 0.1628551358 0.4722859322 -0.003688087841 0.04262024616 0.2501227775 -0.9865279953 -0.06933937415 -0.1481707312 0.03411762555 0.7986095366 -0.6008816819 0.1599953188 -0.5978418346 -0.7854849704 0.0001837859056 -0.5181294165 0
0.6839646917 0.5101282257 -0.3929171965 -0.02859626614 0.1640829825 0.4716589803 -0.003751103195 0.04297480745 0.2500394469 -0.9860753862 -0.07102241648 -0.1503700406 0.03493554031 0.7955680685 -0.6048561452 0.1625879478 -0.6016870156 -0.7820088839 0.0001879538744 -0.5225798713 0
0.6890614432 0.5139295868 -0.3958451273 -0.02900821266 0.1651538694 0.4711066547 -0.003806666495 0.04328480814 0.2499659709 -0.9856704277 -0.07251473286 -0.1523004316 0.03566039785 0.7928968728 -0.6083115033 0.1648700821 -0.6050257537 -0.7789490955 0.000191653985 -0.5264740192 0
0.6948863019 0.5182739994 -0.3991913339 -0.0294821857 0.1663737373 0.4704711658 -0.003870652487 0.04363881771 0.2498813568 -0.9851972808 -0.07424274062 -0.154513214 0.03649930412 0.7898330292 -0.6122349115 0.1674936376 -0.6088117948 -0.7754315443 0.0001959439233 -0.5309244741 0
0.6999830534 0.5220753605 -0.4021192647 -0.02989968088 0.1674375966 0.4699114007 -0.00392706427 0.04394833197 0.2498067589 -0.9847741178 -0.07577446986 -0.1564549986 0.03724253433 0.7871427321 -0.6156454442 0.1698026222 -0.6120984798 -0.7723357563 0.0001997516335 -0.534818622 0
0.7058079121 0.5264197732 -0.4054654713 -0.03037996917 0.1686493805 0.4692674445 -0.003992019009 0.04430178144 0.2497208639 -0.984279898 -0.07754759284 -0.1586803493 0.0381024404 0.7840576049 -0.6195174543 0.1724566219 -0.6158246853 -0.7687773868 0.0002041655455 -0.5392690768 0
0.7109046636 0.5302211343 -0.4083934021 -0.03080296721 0.1697061206 0.4687003014 -0.004049277609 0.04461080195 0.2496451463 -0.9838380616 -0.07911885593 -0.160632734 0.03886404477 0.781349164 -0.6228828702 0.1747920325 -0.6190587133 -0.7656461682 0.0002080826109 -0.5431632248 0
0.7167295224 0.534565547 -0.4117396087 -0.03128951806 0.1709097162 0.4680479485 -0.004115199175 0.04496368293 0.2495579729 -0.9833222324 -0.08093722088 -0.1628697442 0.03974494574 0.77824385 -0.6267031588 0.1774759887 -0.6227243983 -0.7620476344 0.0002126225051 -0.5476136796 0
0.7218262738 0.538366908 -0.4146675395 -0.03171797258 0.1719592463 0.4674734895 -0.004173302899 0.04527220237 0.2494811378 -0.9828612528 -0.0825481186 -0.164831932 0.04052491418 0.7755182268 -0.6300231831 0.1798373961 -0.625905175 -0.7588815605 0.0002166506851 -0.5515078275 0
0.7276511326 0.5427113207 -0.4180137461 -0.03221073264 0.1731545506 0.4668128115 -0.004240189343 0.04562450653 0.2493926886 -0.9823232771 -0.0844118291 -0.1670796889 0.04142679188 0.7723938269 -0.6337914461 0.1825508156 -0.6295096658 -0.7552435239 0.0002213185743 -0.5559582823 0
0.732747884 0.5465126818 -0.4209416769 -0.03264459668 0.1741967809 0.4662310996 -0.004299136473 0.04593251759 0.2493147383 -0.981842684 -0.08606244192 -0.1690508798 0.04222510268 0.7696519865 -0.6370658211 0.1849377857 -0.6326366065 -0.7520431767 0.0002254596318 -0.5598524303 0
0.7378446354 0.5503140429 -0.4238696077 -0.03308096892 0.1752355742 0.4656460247 -0.004358476598 0.04624028892 0.2492362683 -0.9813527769 -0.08773161028 -0.1710259974 0.04303196255 0.7669029092 -0.6403188098 0.1873365352 -0.6357382264 -0.7488270362 0.0002296539698 -0.5637465783 0
0.7436694942 0.5546584556 -0.4272158143 -0.03358273797 0.1764185332 0.4649732678 -0.004426774612 0.046591732 0.2491459527 -0.9807813467 -0.08966196636 -0.1732878583 0.04396454545 0.7637525158 -0.6440102587 0.1900922639 -0.6392517707 -0.7451322734 0.0002345132345 -0.5681970331 0
0.7487662456 0.5584598166 -0.4301437451 -0.03402444983 0.1774498965 0.4643810337 -0.004486955579 0.04689898429 0.249066371 -0.9802711357 -0.09137093101 -0.1752708005 0.04478969476 0.7609886421 -0.6472172509 0.1925159312 -0.6422987153 -0.7418827243 0.0002388230422 -0.572091181 0
0.7545911044 0.5628042293 -0.4334899518 -0.03453229374 0.1786243139 0.4637001317 -0.004556213541 0.04724983002 0.2489747861 -0.979676232 -0.09334678866 -0.1775411433 0.04574315267 0.7578218935 -0.6508560069 0.1952998835 -0.645749452 -0.7381501207 0.0002438152841 -0.5765416358 0
0.7596878558 0.5666055904 -0.4364178825 -0.03497929685 0.1796481596 0.4631008033 -0.00461723357 0.047556556 0.2488940948 -0.9791452464 -0.09509557977 -0.1795311037 0.04658654094 0.755044195 -0.654016787 0.1977480232 -0.6487411612 -0.7348677603 0.000248242333 -0.5804357838 0
