0.00486296841 0.005147986988 -0.002626926905 -2.127927003e-06 0.001240051762 0.5099979899 -2.670326916e-07 0.0003086713095 0.254999751 -0.9999999999 -3.947305727e-08 -1.239239661e-05 2.048942266e-08 0.9999882938 -0.004838613527 1.239244253e-05 -0.004838613527 -0.9999882938 2.714873468e-08 -0.003493812784 0
0.009369764888 0.009918926808 -0.005061453295 -7.899657494e-06 0.002389252977 0.5099925377 -9.952475536e-07 0.0005955216523 0.254999072 -0.9999999989 -2.852668731e-07 -4.600449808e-05 1.436284223e-07 0.9999565433 -0.009322629664 4.600515832e-05 -0.009322629661 -0.9999565423 7.007367203e-08 -0.006731732882 0
0.01387656137 0.01468986663 -0.007495979684 -1.732645727e-05 0.003538402737 0.5099836328 -2.190606456e-06 0.0008830115761 0.2549979573 -0.9999999949 -9.279395775e-07 -0.000100899997 4.651992768e-07 0.9999046892 -0.01380624827 0.0001009031916 -0.01380624824 -0.9999046841 9.300666891e-08 -0.00996965298 0
0.01773952978 0.01877924362 -0.00958271659 -2.831552602e-05 0.004523328531 0.5099732522 -3.588002142e-06 0.001129675046 0.2549966542 -0.9999999864 -1.939339728e-06 -0.0001648897288 9.710828011e-07 0.9998442462 -0.01764888861 0.0001648982737 -0.01764888853 -0.9998442326 8.890216285e-08 -0.01274501306 0
0.02224632625 0.02355018344 -0.01201724298 -4.452959367e-05 0.005672317073 0.5099579358 -5.652965335e-06 0.001417542672 0.2549947284 -0.9999999664 -3.825300325e-06 -0.0002592981335 1.914231534e-06 0.9997550736 -0.02213126181 0.0002593192833 -0.02213126156 -0.99975504 5.880256372e-08 -0.01598293316 0
0.02675312273 0.02832112326 -0.01445176937 -6.439778395e-05 0.006821183456 0.5099391676 -8.185500849e-06 0.001705421116 0.2549923665 -0.9999999297 -6.653147166e-06 -0.0003749722633 3.328230627e-06 0.9996458196 -0.02661269145 0.0003750165137 -0.02661269082 -0.9996457493 1.592249648e-08 -0.01922085326 0
0.03125991921 0.03309206308 -0.01688629576 -8.791958341e-05 0.007969902942 0.5099169481 -1.118516408e-05 0.001993274664 0.254989569 -0.9999998689 -1.061342571e-05 -0.0005119025349 5.308285268e-06 0.9995164962 -0.03109298658 0.0005119850312 -0.03109298522 -0.9995163651 7.497077956e-08 -0.02245877336 0
0.03576671569 0.03786300289 -0.01932082215 -0.0001150943842 0.009118450794 0.5098912778 -1.465165296e-05 0.002281092536 0.2549863361 -0.9999997754 -1.589653377e-05 -0.0006700776043 7.949499943e-06 0.9993671177 -0.03557195635 0.0006702189948 -0.03557195369 -0.999366893 1.675929403e-07 -0.02569669346 0
0.04027351217 0.04263394271 -0.02175534854 -0.000145921484 0.01026680228 0.5098621575 -1.858476562e-05 0.002568872935 0.254982668 -0.9999996389 -2.269269675e-05 -0.0008494843687 1.134686151e-05 0.9991977005 -0.04004941006 0.0008497116569 -0.04004940524 -0.9991973394 2.778610986e-07 -0.02893461355 0
0.04478030864 0.04740488253 -0.02418987493 -0.0001804000862 0.01141493268 0.5098295878 -2.298436194e-05 0.002856616895 0.2549785648 -0.9999994482 -3.119194279e-05 -0.001050107968 1.559522226e-05 0.9990082633 -0.04452515712 0.001050455363 -0.04452514892 -0.9990077115 4.0447972e-07 -0.03217253365 0
0.04928710512 0.05217582235 -0.02662440132 -0.0002185292998 0.01256281727 0.5097935696 -2.785033848e-05 0.00314432602 0.2549740267 -0.9999991902 -4.1584078e-05 -0.001271931785 2.078928308e-05 0.998798827 -0.04899900712 0.001272441553 -0.04899899389 -0.9987980174 5.46868684e-07 -0.03541045375 0
0.05315007353 0.05626519934 -0.02871113822 -0.0002541163273 0.01354650397 0.5097599528 -3.239231354e-05 0.003390907184 0.2549697907 -0.999998905 -5.214190423e-05 -0.00147892625 2.606569749e-05 0.99860341 -0.05283208159 0.001479615562 -0.05283206229 -0.9986023152 6.812282026e-07 -0.03818581383 0
0.05765687001 0.06103613916 -0.03114566461 -0.0002990225622 0.0146938665 0.5097175328 -3.812421658e-05 0.003678554994 0.254964445 -0.9999984839 -6.655211251e-05 -0.001740071834 3.326671914e-05 0.9983568955 -0.05730190396 0.001741026277 -0.05730187497 -0.9983553796 8.521961033e-07 -0.04142373393 0
0.06216366649 0.06580707898 -0.033580191 -0.0003475763433 0.01584091264 0.5096716672 -4.432229368e-05 0.003966170813 0.2549586645 -0.9999979515 -8.339606915e-05 -0.002022360503 4.168302981e-05 0.9980904536 -0.0617692863 0.002023650027 -0.06176924407 -0.9980884056 1.038402652e-06 -0.04466165403 0
0.06667046297 0.0705780188 -0.03601471739 -0.0003997764158 0.0169876177 0.5096223572 -5.098648478e-05 0.004253754829 0.2549524493 -0.9999972901 -0.0001028624924 -0.002325768886 5.140858835e-05 0.9978041138 -0.06623403901 0.00232747476 -0.06623397909 -0.9978014045 1.239838728e-06 -0.04789957413 0
0.07117725945 0.07534895862 -0.03844924378 -0.0004556214309 0.018133957 0.5095696041 -5.811673121e-05 0.004541306901 0.2549457994 -0.9999964802 -0.0001251397587 -0.002650271868 6.253712043e-05 0.9974979075 -0.07069597274 0.00265248752 -0.07069588964 -0.9974943887 1.456542808e-06 -0.05113749423 0
0.07568405592 0.08011989844 -0.04088377017 -0.0005151099457 0.01927990588 0.5095134091 -6.571297423e-05 0.004828826616 0.2549387149 -0.9999955011 -0.0001504158778 -0.002995842592 7.51621018e-05 0.9971718686 -0.07515489839 0.002998674445 -0.07515478545 -0.9971673712 1.688588466e-06 -0.05437541433 0
0.0801908524 0.08489083826 -0.04331829656 -0.000578240423 0.02042543967 0.5094537739 -7.37751541e-05 0.00511631334 0.2549311959 -0.9999943309 -0.0001788784687 -0.003362452461 8.937674157e-05 0.996826033 -0.07961062716 0.003366020775 -0.07961047637 -0.9968203659 1.936076236e-06 -0.05761333442 0
0.08405382081 0.08898021525 -0.04540503346 -0.0006352497318 0.02140697673 0.5093999209 -8.105639516e-05 0.005362703669 0.2549244052 -0.9999931581 -0.0002059530619 -0.003693411988 0.0001028964042 0.9965138747 -0.08342713591 0.003697718365 -0.08342694515 -0.9965070355 2.160591314e-06 -0.06038869451 0
0.08856061729 0.09375115507 -0.04783955985 -0.0007051394553 0.02255167428 0.5093339006 -8.998372173e-05 0.005650126884 0.2549160793 -0.99999157 -0.0002408297156 -0.004099012768 0.0001203095776 0.9961313764 -0.08787642779 0.004104318486 -0.08787618014 -0.99612295 2.437094779e-06 -0.06362661461 0
0.09306741377 0.09852209489 -0.05027408624 -0.0007786662316 0.02369588638 0.5092644447 -9.93768038e-05 0.005937514458 0.2549073191 -0.9999897206 -0.0002794265228 -0.004525561436 0.0001395771033 0.9957291959 -0.0923219851 0.004532030861 -0.09232166775 -0.9957189214 2.729434458e-06 -0.0668645347 0
0.09757421025 0.1032930347 -0.05270861263 -0.0008558281611 0.02483958841 0.5091915548 -0.0001092355732 0.006224865255 0.2548981245 -0.9999875826 -0.0003219293657 -0.004973022718 0.0001607910061 0.9953073776 -0.09676362034 0.004980837251 -0.09676321841 -0.9952949667 3.03777699e-06 -0.0701024548 0
0.1020810067 0.1080639745 -0.05514313902 -0.0009366232506 0.02598275579 0.5091152329 -0.0001195599588 0.006512178065 0.2548884956 -0.9999851278 -0.000368523617 -0.00544135962 0.0001840429635 0.9948659679 -0.1012011464 0.005450718518 -0.1012006427 -0.9948511042 3.36230113e-06 -0.0733403749 0
0.1065878032 0.1128349143 -0.05757766541 -0.001021049413 0.02712536393 0.509035481 -0.0001303498869 0.006799451614 0.2548784326 -0.9999823263 -0.0004193941162 -0.00593053343 0.0002094242893 0.9944050154 -0.1056343764 0.005941654623 -0.1056337514 -0.9943873527 3.703196659e-06 -0.076578295 0
0.1110945997 0.1176058542 -0.0600121918 -0.001109104466 0.02826738828 0.5089523012 -0.0001416052807 0.007086684577 0.2548679355 -0.9999791471 -0.000474725145 -0.006440503723 0.0002370259172 0.9939245708 -0.1100631241 0.006453624631 -0.1100623555 -0.9939037321 4.06066355e-06 -0.0798162151 0
0.1156013962 0.122376794 -0.06244671819 -0.001200786137 0.02940880428 0.5088656955 -0.0001533260602 0.00737387559 0.2548570043 -0.9999755577 -0.0005347004037 -0.006971228364 0.0002669383842 0.9934246871 -0.1144872036 0.00698660671 -0.1144862661 -0.9934002628 4.434911287e-06 -0.08305413519 0
0.1194643646 0.126466171 -0.0645334551 -0.001282255125 0.03038665809 0.508788737 -0.000163742789 0.007620004866 0.2548472893 -0.9999721293 -0.0005899430019 -0.007442620782 0.0002944852082 0.992980785 -0.1182754156 0.00746015518 -0.1182743109 -0.9929529362 4.769216621e-06 -0.08582949528 0
0.123971161 0.1312371108 -0.06696798149 -0.001380665589 0.03152687927 0.508695775 -0.0001763276339 0.007907114235 0.2548355523 -0.9999676881 -0.0006590285434 -0.008011771621 0.0003289280141 0.9924449475 -0.1226903337 0.008032098697 -0.1226890047 -0.9924126629 5.175214888e-06 -0.08906741538 0
0.1284779575 0.1360080506 -0.06940250788 -0.001482695655 0.03266642209 0.5085993939 -0.0001893776194 0.00819417758 0.2548233814 -0.9999627372 -0.000733279754 -0.008601547053 0.0003659380064 0.9918898337 -0.127100055 0.008624986973 -0.1270984665 -0.9918526047 5.598640556e-06 -0.09230533547 0
0.132984754 0.1407789904 -0.07183703426 -0.001588342689 0.03380526208 0.508499596 -0.0002028926534 0.008481193431 0.2548107769 -0.9999572392 -0.0008128778664 -0.0092118984 0.0004056040403 0.9913155045 -0.1315043953 0.009238794722 -0.1315025084 -0.9912727853 6.039735498e-06 -0.09554325557 0
0.1374915505 0.1455499303 -0.07427156065 -0.001697603962 0.03494337478 0.508396384 -0.0002168726409 0.008768160299 0.2547977387 -0.9999511555 -0.0008980034164 -0.0098427753 0.0004480144961 0.9907220233 -0.135903171 0.009873495772 -0.1359009426 -0.9906732296 6.498749153e-06 -0.09878117567 0
0.141998347 0.1503208701 -0.07670608704 -0.001810476653 0.03608073576 0.5082897605 -0.0002313174835 0.009055076682 0.2547842669 -0.9999444462 -0.0009888362185 -0.01049412571 0.0004932572624 0.9901094552 -0.140296199 0.01052906306 -0.1402935814 -0.9900539631 6.975938253e-06 -0.1020190958 0
0.1465051434 0.1550918099 -0.07914061343 -0.001926957847 0.03721732061 0.5081797283 -0.0002462270797 0.009341941063 0.2547703617 -0.9999370702 -0.001085555343 -0.01116589592 0.000541419721 0.9894778676 -0.1446832969 0.01120546862 -0.1446802375 -0.9894150122 7.471566569e-06 -0.1052570159 0
0.1510119399 0.1598627497 -0.08157513982 -0.002047044536 0.03835310495 0.5080662902 -0.0002616013249 0.009628751917 0.2547560231 -0.999928985 -0.001188339093 -0.01185803056 0.0005925887302 0.9888273299 -0.1490642828 0.01190268361 -0.1490607239 -0.9887564041 7.985904691e-06 -0.108494936 0
0.1548749083 0.1639521267 -0.08366187673 -0.002152843315 0.03932597877 0.507966349 -0.0002751489901 0.009874546023 0.2547433881 -0.9999214572 -0.001281400976 -0.01246745404 0.0006389062964 0.9882546977 -0.1528144113 0.01251683656 -0.1528103743 -0.9881762587 8.44186735e-06 -0.111270296 0
0.1593817048 0.1687230665 -0.08609640312 -0.002279617627 0.04046021181 0.5078465935 -0.0002913858659 0.01016125339 0.2547282449 -0.999911938 -0.001395917934 -0.01319725572 0.0006958874905 0.9875691583 -0.1571835654 0.01325261809 -0.1571789073 -0.9874812197 8.991692479e-06 -0.1145082161 0
0.1638885013 0.1734940063 -0.08853092951 -0.002409988329 0.04159357479 0.5077234408 -0.0003080870736 0.01044790281 0.2547126688 -0.9999015816 -0.001517004515 -0.01394725448 0.0007561203789 0.9868648787 -0.1615460909 0.01400912175 -0.1615407376 -0.9867666059 9.561036156e-06 -0.1177461362 0
0.1683952978 0.1782649462 -0.0909654559 -0.002543952054 0.04272604341 0.507596894 -0.000325252496 0.01073449275 0.2546966596 -0.9998903405 -0.001644835845 -0.01471738856 0.0008196896547 0.9861419361 -0.1659018081 0.01478631529 -0.1658956791 -0.986032448 1.01501933e-05 -0.1209840563 0
0.1729020942 0.183035886 -0.09339998229 -0.002681505346 0.0438575934 0.5074669563 -0.0003428820128 0.01102102163 0.2546802177 -0.9998781664 -0.001779586167 -0.01550759458 0.0008866794117 0.98540041 -0.1702505382 0.01558416556 -0.1702435462 -0.9852787772 1.075946467e-05 -0.1242219764 0
0.1774088907 0.1878068258 -0.09583450868 -0.002822644652 0.04498820052 0.5073336312 -0.0003609755004 0.01130748789 0.254663343 -0.9998650095 -0.001921428822 -0.01631780753 0.000957173129 0.9846403818 -0.1745921028 0.01640263853 -0.1745841535 -0.9845056256 1.138915667e-05 -0.1274598965 0
0.1819156872 0.1925777656 -0.09826903507 -0.002967366331 0.04611784055 0.5071969221 -0.0003795328317 0.01159388996 0.2546460357 -0.999850819 -0.002070536229 -0.01714796078 0.001031253656 0.9838619349 -0.1789263243 0.01724169931 -0.1789173158 -0.9837130262 1.203958124e-05 -0.1306978166 0
0.1864224837 0.1973487054 -0.1007035615 -0.003115666646 0.04724648931 0.5070568324 -0.0003985538768 0.01188022627 0.2546282958 -0.9998355428 -0.002227079854 -0.0179979861 0.001109003195 0.9830651548 -0.1832530259 0.01810131211 -0.1832428484 -0.9829010128 1.27110556e-05 -0.1339357367 0
0.1902854521 0.2014380824 -0.1027902984 -0.003245626606 0.04821309524 0.5069340677 -0.000415226607 0.01212560386 0.2546127462 -0.9998215443 -0.002367307996 -0.01874234287 0.001178627721 0.9823676749 -0.1869555084 0.01885445306 -0.1869442354 -0.9821895756 1.33036032e-05 -0.1367110968 0
0.1947922486 0.2062090222 -0.1052248247 -0.003400562737 0.04933983898 0.5067877096 -0.0004351084784 0.01241181386 0.2545942035 -0.9998041093 -0.002538113334 -0.01962908694 0.001263406968 0.9815370809 -0.1912677774 0.01975213599 -0.1912551094 -0.9813416002 1.401502912e-05 -0.1399490169 0
0.199299045 0.2109799621 -0.1076593511 -0.003559066326 0.05046552249 0.5066379816 -0.0004554536739 0.01269795359 0.2545752287 -0.999785433 -0.00271683938 -0.02053549928 0.001352086404 0.9806884087 -0.1955720251 0.02067026389 -0.1955578275 -0.9804743119 1.474843907e-05 -0.143186937 0
0.2038058415 0.2157509019 -0.1100938775 -0.003721133282 0.05159012171 0.5064848875 -0.0004762620509 0.01298402147 0.2545558219 -0.9997654588 -0.002903653738 -0.0214615055 0.001444745601 0.9798217513 -0.1998680772 0.0216087976 -0.1998522063 -0.9795877477 1.550416928e-05 -0.1464248571 0
0.208312638 0.2205218417 -0.1125284039 -0.003886759424 0.05271361258 0.5063284312 -0.0004975334635 0.01327001591 0.2545359832 -0.9997441287 -0.003098722956 -0.02240702966 0.001541463414 0.9789372039 -0.2041557607 0.02256769711 -0.2041380627 -0.9786819455 1.628256054e-05 -0.1496627772 0
0.2128194345 0.2252927815 -0.1149629303 -0.004055940479 0.0538359711 0.5061686169 -0.0005192677625 0.01355593533 0.2545157128 -0.9997213838 -0.003302212507 -0.02337199422 0.001642317964 0.9780348634 -0.2084349029 0.02354692151 -0.2084152138 -0.9777569438 1.708395804e-05 -0.1529006973 0
0.217326231 0.2300637213 -0.1173974567 -0.004228672083 0.05495717328 0.5060054486 -0.0005414647958 0.01384177814 0.2544950108 -0.9996971639 -0.003514286762 -0.02435632009 0.001747386623 0.9771148286 -0.2127053323 0.02454642906 -0.2126834773 -0.9768127821 1.790871124e-05 -0.1561386174 0
0.2211891994 0.2341530983 -0.1194841936 -0.004379550315 0.05591726522 0.5058629237 -0.0005608590051 0.01408672408 0.2544769229 -0.9996751834 -0.003703021197 -0.02521537694 0.001840857655 0.9763122205 -0.2163586361 0.02541926126 -0.2163347771 -0.9759882814 1.863449968e-05 -0.1589139775 0
0.2256959958 0.2389240382 -0.12191872 -0.004558863904 0.05703625642 0.5056935378 -0.0005839149865 0.01437242041 0.2544554197 -0.9996480606 -0.003931470727 -0.02623544447 0.001953955185 0.9753595937 -0.2206124318 0.02645632377 -0.2205860524 -0.9750086443 1.95035688e-05 -0.1621518976 0
0.2302027923 0.243694978 -0.1243532464 -0.00474171507 0.05815402295 0.5055208102 -0.0006074332491 0.01465803559 0.2544334855 -0.9996192844 -0.00416896835 -0.02727463887 0.002071483641 0.9743895656 -0.2248570287 0.02751354536 -0.2248279211 -0.9740099644 2.039701427e-05 -0.1653898177 0
0.2347095888 0.2484659178 -0.1267877728 -0.004928099097 0.05927054098 0.5053447454 -0.0006314136278 0.01494356803 0.2544111202 -0.9995887905 -0.004415674001 -0.02833287514 0.002193517379 0.9734022424 -0.2290922585 0.02859088093 -0.2290602023 -0.9729922843 2.131520067e-05 -0.1686277378 0
0.2392163853 0.2532368576 -0.1292222992 -0.005118011179 0.06038578669 0.5051653478 -0.0006558559548 0.01522901615 0.254388324 -0.999556513 -0.00467174641 -0.02941006678 0.002320129933 0.9723977321 -0.2333179537 0.02968828455 -0.2332827154 -0.9719556474 2.225849619e-05 -0.1718656579 0
0.2437231818 0.2580077974 -0.1316568256 -0.005311446418 0.0614997363 0.5049826221 -0.0006807600585 0.01551437835 0.2543650971 -0.9995223854 -0.004937343087 -0.03050612576 0.00245139401 0.9713761446 -0.2375339477 0.03080570943 -0.2374952805 -0.9709000978 2.322727249e-05 -0.175103578 0
0.2482299782 0.2627787373 -0.1340913519 -0.005508399828 0.06261236608 0.504796573 -0.0007061257646 0.01579965305 0.2543414398 -0.9994863397 -0.005212620296 -0.03162096258 0.002587381467 0.9703375916 -0.2417400747 0.0319431079 -0.2416977179 -0.9698256807 2.42219046e-05 -0.1783414981 0
0.2527367747 0.2675496771 -0.1365258783 -0.005708866331 0.06372365232 0.5046072054 -0.0007319528953 0.01608483865 0.254317352 -0.9994483071 -0.005497733039 -0.03275448626 0.002728163306 0.9692821867 -0.24593617 0.03310043147 -0.2458898483 -0.9687324419 2.524277076e-05 -0.1815794182 0
0.2565997431 0.2716390541 -0.1386126152 -0.005883486983 0.0646750961 0.5044422526 -0.000754457555 0.01632921133 0.2542963629 -0.9994140732 -0.005750060228 -0.03374088113 0.002852702572 0.9683642284 -0.2495247146 0.03410824446 -0.249474764 -0.9677804347 2.613896807e-05 -0.1843547783 0
0.2611065396 0.2764099939 -0.1410471416 -0.006090464023 0.06578382446 0.5042467348 -0.0007811411342 0.01661422724 0.2542714763 -0.999372164 -0.006053845796 -0.03490886254 0.003002573642 0.9672778343 -0.2537017458 0.0353024402 -0.2536472791 -0.9666523654 2.720956872e-05 -0.1875926984 0
0.2656133361 0.2811809337 -0.143481668 -0.006300939153 0.06689114179 0.5040479127 -0.0008082856123 0.01689914951 0.2542461598 -0.9993280652 -0.006367902614 -0.03609526275 0.003157437095 0.9661749225 -0.2578682799 0.03651641778 -0.2578089778 -0.9655056096 2.830750096e-05 -0.1908306185 0
0.2701201326 0.2859518735 -0.1459161944 -0.00651490695 0.06799702453 0.5038457912 -0.0008358907989 0.01718397655 0.2542204136 -0.9992817036 -0.00669238062 -0.03729998515 0.00331736049 0.9650556133 -0.2620241559 0.03775012543 -0.2619596824 -0.9643402163 2.943315448e-05 -0.1940685386 0
0.274626929 0.2907228133 -0.1483507208 -0.006732361898 0.06910144918 0.5036403757 -0.0008639565007 0.01746870677 0.2541942379 -0.9992330054 -0.007027428389 -0.03852293171 0.00348241046 0.9639200291 -0.2661692138 0.03900351055 -0.2660992161 -0.9631562352 3.058692165e-05 -0.1973064587 0
0.2791337255 0.2954937532 -0.1507852472 -0.006953298396 0.07020439228 0.5034316713 -0.0008924825208 0.01775333858 0.2541676328 -0.9991818954 -0.007373193118 -0.03976400296 0.003652652702 0.9627682936 -0.2703032946 0.04027651967 -0.2702274023 -0.9619537167 3.176919746e-05 -0.2005443788 0
0.283640522 0.300264693 -0.1532197736 -0.007177710751 0.07130583039 0.5032196836 -0.0009214686595 0.01803787038 0.2541405986 -0.9991282977 -0.007729820602 -0.04102309804 0.003828151962 0.9616005324 -0.2744262403 0.04156909852 -0.274344065 -0.9607327121 3.29803794e-05 -0.2037822989 0
0.2881473185 0.3050356328 -0.1556543 -0.007405593182 0.07240574015 0.5030044179 -0.0009509147135 0.01832230059 0.2541131353 -0.9990721353 -0.008097455218 -0.04230011467 0.004008972022 0.9604168729 -0.278537894 0.04288119198 -0.2784490285 -0.9594932735 3.422086736e-05 -0.2070202189 0
0.2920102869 0.3091250098 -0.1577410369 -0.007603678431 0.07334728581 0.5028172996 -0.0009765200871 0.01856601586 0.2540892541 -0.9990218956 -0.008421439772 -0.04340888591 0.004168243202 0.9593897515 -0.2820530631 0.04402133315 -0.2819581245 -0.9584162656 3.530777279e-05 -0.209795579 0
0.2965170834 0.3138959496 -0.1601755633 -0.007837989649 0.07444429531 0.5025959611 -0.00100681972 0.01885025318 0.2540609947 -0.9989607624 -0.008809894328 -0.04471890938 0.004359110626 0.95817691 -0.2861433335 0.04536951894 -0.2860408972 -0.9571427333 3.660375501e-05 -0.2130334991 0
0.3010238798 0.3186668894 -0.1626100896 -0.008075753939 0.0755397099 0.5023713606 -0.001037578669 0.01913438438 0.2540323069 -0.9988968391 -0.009209760533 -0.04604655461 0.004555475662 0.9569485431 -0.2902218695 0.04673705727 -0.290111472 -0.95585092 3.79301983e-05 -0.2162714192 0
0.3055306763 0.3234378292 -0.165044616 -0.008316965177 0.07663350637 0.5021435041 -0.001068796721 0.01941840786 0.2540031909 -0.9988300448 -0.009621177116 -0.04739171405 0.004757398258 0.9557047845 -0.2942885185 0.04812388982 -0.2941696754 -0.9545408809 3.928751099e-05 -0.2195093393 0
0.3100374728 0.3282087691 -0.1674791424 -0.008561617152 0.07772566156 0.5019123972 -0.001100473655 0.01970232204 0.2539736468 -0.9987602979 -0.01004428129 -0.0487542788 0.004964937338 0.9544457695 -0.2983431289 0.04952995745 -0.2982153342 -0.9532126718 4.067610344e-05 -0.2227472594 0
0.3145442693 0.3329797089 -0.1699136688 -0.008809703568 0.07881615236 0.5016780461 -0.00113260925 0.01998612532 0.2539436749 -0.9986875159 -0.01047920876 -0.05013413865 0.005178150788 0.953171635 -0.3023855501 0.05095520021 -0.302248276 -0.9518663495 4.209638791e-05 -0.2259851795 0
0.3190510657 0.3377506487 -0.1723481952 -0.009061218036 0.07990495569 0.5014404568 -0.001165203281 0.02026981613 0.2539132754 -0.9986116151 -0.01092609366 -0.05153118204 0.005397095448 0.9518825197 -0.3064156329 0.05239955731 -0.3062683288 -0.9505019712 4.354877849e-05 -0.2292230996 0
0.3235578622 0.3425215885 -0.1747827216 -0.009316154085 0.08099204855 0.5011996353 -0.001198255519 0.02055339287 0.2538824485 -0.9985325112 -0.01138506857 -0.05294529615 0.005621827097 0.9505785635 -0.3104332291 0.05386296716 -0.3102753211 -0.9491195951 4.503369105e-05 -0.2324610197 0
0.3274208306 0.3466109655 -0.1768694585 -0.009537389026 0.08192246361 0.500990649 -0.001226950528 0.02079636667 0.2538556854 -0.9984620937 -0.01178819764 -0.05417089437 0.005819101695 0.9494491819 -0.3138668332 0.05513243561 -0.3136993614 -0.9479204214 4.633267454e-05 -0.2352363798 0
0.3319276271 0.3513819053 -0.1793039849 -0.009798661966 0.08300631896 0.5007438415 -0.001260853105 0.02107972738 0.2538240653 -0.9983768141 -0.01226997178 -0.05561640746 0.006054724932 0.9481180411 -0.3178608508 0.05663106296 -0.3176816456 -0.946504778 4.787909407e-05 -0.2384742999 0
0.3364344236 0.3561528452 -0.1817385113 -0.01006333751 0.08408839834 0.5004938197 -0.001295213219 0.02136296951 0.2537920185 -0.9982880854 -0.01276420597 -0.05707866177 0.006296288585 0.9467724681 -0.321841965 0.05814856261 -0.3216503828 -0.9450713073 4.945923283e-05 -0.24171222 0
0.3409412201 0.360923785 -0.1841730377 -0.01033140885 0.08516867893 0.5002405902 -0.001330030629 0.02164609147 0.253759545 -0.9981958197 -0.0132710266 -0.05855753956 0.006543844237 0.9454126089 -0.3258100321 0.05968486985 -0.3256054035 -0.9436200705 5.107351286e-05 -0.2449501401 0
0.3454480165 0.3656947248 -0.1866075641 -0.01060286909 0.08624713794 0.4999841593 -0.001365305091 0.02192909167 0.2537266453 -0.9980999284 -0.01379055843 -0.06005292183 0.006797442356 0.944038611 -0.3297649098 0.06123991917 -0.3295465392 -0.9421511295 5.272235762e-05 -0.2481880602 0
0.349954813 0.3704656646 -0.1890420904 -0.01087771124 0.08732375266 0.4997245338 -0.001401036357 0.02221196854 0.2536933194 -0.9980003221 -0.01432292453 -0.06156468836 0.007057132284 0.9426506232 -0.333706457 0.06281364425 -0.3334736217 -0.9406645469 5.440619196e-05 -0.2514259803 0
0.3544616095 0.3752366044 -0.1914766168 -0.01115592825 0.08839850042 0.4994617203 -0.001437224178 0.0224947205 0.2536595677 -0.9978969106 -0.01486824631 -0.0630927177 0.007322962227 0.9412487959 -0.3376345337 0.06440597798 -0.3373864837 -0.939160386 5.612544206e-05 -0.2546639004 0
0.3583245779 0.3793259814 -0.1935633537 -0.01139708066 0.08931820969 0.4992339193 -0.001468605499 0.02273697871 0.2536302989 -0.9978051745 -0.01534606743 -0.06441530808 0.007555739117 0.9400363296 -0.3409906301 0.06578559498 -0.3407289205 -0.937857163 5.762759703e-05 -0.2574392605 0
0.3628313744 0.3840969212 -0.1959978801 -0.0116815462 0.09038943028 0.4989652032 -0.001505640531 0.0230194945 0.2535957568 -0.997694454 -0.01591576606 -0.06597321352 0.007833095917 0.9386092041 -0.3448933235 0.06741230688 -0.3446149305 -0.9363205277 5.941375423e-05 -0.2606771806 0
0.3673381709 0.3888678611 -0.1984324065 -0.01196936592 0.09145871944 0.4986933187 -0.001543131384 0.02330188087 0.2535607896 -0.997579666 -0.01649875785 -0.06754702823 0.008116724104 0.9371686764 -0.3487821537 0.06905743133 -0.3484862449 -0.9347664993 6.123655168e-05 -0.2639151007 0
0.3718449673 0.3936388009 -0.2008669329 -0.01226053243 0.0925260547 0.4984182726 -0.001581077796 0.02358413625 0.2535253975 -0.9974607173 -0.01709515758 -0.06913662621 0.008406667401 0.9357149023 -0.3526569857 0.07072089818 -0.3523426985 -0.9331951443 6.309642017e-05 -0.2671530208 0
0.3763517638 0.3984097407 -0.2033014593 -0.01255503824 0.09359141366 0.4981400721 -0.001619479501 0.02386625904 0.2534895806 -0.9973375139 -0.01770507828 -0.07074188031 0.008702968344 0.9342480388 -0.356517686 0.07240263648 -0.3561841269 -0.9316065296 6.49937916e-05 -0.2703909409 0
0.3808585603 0.4031806805 -0.2057359857 -0.01285287579 0.09465477399 0.4978587244 -0.001658336228 0.02414824769 0.2534533393 -0.997209961 -0.0183286312 -0.07236266226 0.009005668273 0.9327682442 -0.3603641221 0.07410257451 -0.3600103662 -0.9300007229 6.692909887e-05 -0.273628861 0
0.3853653568 0.4079516203 -0.2081705121 -0.01315403743 0.09571611338 0.4975742366 -0.001697647707 0.02443010062 0.2534166737 -0.9970779633 -0.01896592583 -0.07399884264 0.009314807319 0.9312756784 -0.3641961629 0.0758206398 -0.3638212534 -0.9283777928 6.890277589e-05 -0.2768667811 0
0.3898721533 0.4127225602 -0.2106050385 -0.0134585154 0.0967754096 0.497286616 -0.001737413661 0.02471181625 0.2533795842 -0.9969414246 -0.01961706983 -0.07565029096 0.0096304244 0.9297705023 -0.3680136789 0.07755675906 -0.3676166258 -0.9267378084 7.09152575e-05 -0.2801047012 0
0.3937351217 0.4168119371 -0.2126917754 -0.01372213015 0.0976817348 0.4970375963 -0.001771860279 0.02495317632 0.253347456 -0.9968207037 -0.02018629652 -0.07707787039 0.009906137918 0.9284704376 -0.3712741775 0.07905917469 -0.3708573309 -0.9253185868 7.267145733e-05 -0.2828800612 0
0.3982419181 0.421582877 -0.2151263018 -0.01403274624 0.09873717779 0.4967441775 -0.001812469517 0.02523463281 0.2533095799 -0.9966754742 -0.02086344026 -0.07875732348 0.0102338847 0.9269422738 -0.3750643792 0.08082862577 -0.3746234614 -0.9236471163 7.475716139e-05 -0.2861179813 0
0.4027487146 0.4263538168 -0.2175608282 -0.01434665612 0.09979051442 0.4964476473 -0.001853532426 0.02551594751 0.2532712805 -0.9965254252 -0.02155473098 -0.08045166565 0.01056821392 0.9254019667 -0.3788396929 0.08261591728 -0.3783736165 -0.9219587933 7.688291734e-05 -0.2893559014 0
0.4072555111 0.4311247566 -0.2199953545 -0.01466385173 0.1008417227 0.4961480132 -0.001895048718 0.02579711886 0.2532325582 -0.996370458 -0.02226026929 -0.08216076228 0.01090915972 0.9238496819 -0.3825999941 0.084420973 -0.3821076363 -0.9202536898 7.904916333e-05 -0.2925938215 0
0.4117623076 0.4358956964 -0.2224298809 -0.01498432491 0.1018907807 0.4958452831 -0.001937018102 0.02607814528 0.2531934133 -0.9962104732 -0.02298015392 -0.08388447769 0.01125675498 0.9222855864 -0.3863451599 0.08624371594 -0.3858253615 -0.9185318785 8.125633825e-05 -0.2958317416 0
0.4162691041 0.4406666362 -0.2248644073 -0.01530806744 0.1029376664 0.4955394645 -0.001979440284 0.02635902522 0.2531538459 -0.9960453709 -0.02371448173 -0.08562267519 0.01161103132 0.9207098484 -0.3900750684 0.08808406838 -0.3895266338 -0.9167934328 8.350488173e-05 -0.2990696617 0
0.4207759005 0.4454375761 -0.2272989337 -0.01563507102 0.1039823582 0.4952305655 -0.002022314965 0.02663975711 0.2531138564 -0.9958750504 -0.0244633477 -0.08737521709 0.01197201907 0.9191226371 -0.3937895995 0.08994195184 -0.3932112951 -0.9150384269 8.579523411e-05 -0.3023075818 0
0.425282697 0.4502085159 -0.2297334601 -0.01596532726 0.1050248342 0.494918594 -0.002065641847 0.02692033938 0.253073445 -0.9956994107 -0.02522684488 -0.08914196469 0.01233974728 0.9175241229 -0.3974886344 0.09181728709 -0.3968791884 -0.9132669356 8.812783637e-05 -0.3055455019 0
0.4291456654 0.4542978929 -0.231820197 -0.01625098646 0.1059166051 0.4946487503 -0.002103138858 0.02716071819 0.2530384712 -0.9955445515 -0.02589298543 -0.09066752054 0.01266032881 0.9161451017 -0.400646813 0.09343854691 -0.4000096323 -0.9117354507 9.016117194e-05 -0.308320862 0
0.4336524619 0.4590688327 -0.2342547234 -0.0165872608 0.1069549086 0.4943310938 -0.002147304732 0.02744101845 0.2529972771 -0.9953587627 -0.02668389522 -0.09246027894 0.01304064767 0.9145260522 -0.4043167587 0.09534607991 -0.4036459706 -0.9099335445 9.257341041e-05 -0.3115587821 0
0.4381592584 0.4638397725 -0.2366892498 -0.01692676338 0.1079909345 0.4940103878 -0.002191921929 0.02772116463 0.2529556621 -0.9951673625 -0.02748969152 -0.0942668415 0.01342778283 0.9128961926 -0.4079708765 0.09727083424 -0.4072650959 -0.9081153707 9.502916216e-05 -0.3147967022 0
0.4426660549 0.4686107123 -0.2391237762 -0.01726948548 0.1090246614 0.4936866405 -0.002236990138 0.02800115517 0.2529136262 -0.9949702476 -0.02831045992 -0.09608706586 0.01382175832 0.9112556975 -0.4116090532 0.09921272783 -0.4108668538 -0.9062810067 9.752887049e-05 -0.3180346223 0
0.4471728513 0.4733816522 -0.2415583026 -0.01761541833 0.1100560677 0.4933598603 -0.002282509041 0.0282809885 0.2528711699 -0.9947673142 -0.02914628407 -0.09792080877 0.01422259683 0.9096047424 -0.4152311769 0.1011716779 -0.4144510908 -0.9044305307 0.0001000729792 -0.3212725424 0
0.4516796478 0.478152592 -0.243992829 -0.01796455304 0.1110851321 0.4930300554 -0.002328478321 0.02856066307 0.2528282935 -0.9945584579 -0.02999724563 -0.09976792604 0.01463031974 0.9079435038 -0.4188371373 0.1031476008 -0.4180176541 -0.9025640217 0.0001026619327 -0.3245104625 0
0.4561864443 0.4829235318 -0.2464273553 -0.01831688069 0.1121118334 0.4926972344 -0.002374897654 0.02884017733 0.2527849971 -0.994343574 -0.03086342428 -0.1016282726 0.01504494706 0.9062721593 -0.4224268255 0.1051404124 -0.4215663914 -0.9006815593 0.0001052961756 -0.3277483826 0
0.4600494127 0.4870129088 -0.2485140922 -0.01862141028 0.112989966 0.4924095651 -0.002415043614 0.02907963221 0.252747552 -0.9941545106 -0.03161803363 -0.1032332743 0.01540585147 0.9048316699 -0.4254906684 0.1068619143 -0.4245938637 -0.8990553833 0.0001075904825 -0.3305237427 0
0.4645562092 0.4917838486 -0.2509486186 -0.01897964362 0.114012222 0.4920711654 -0.002462297897 0.02935884462 0.2527034767 -0.9939281531 -0.03251267717 -0.1051178019 0.01583334984 0.9031420312 -0.4290498531 0.1088858645 -0.428109095 -0.8971435065 0.0001103100163 -0.3337616628 0
0.4690630057 0.4965547884 -0.253383145 -0.01934104389 0.1150320544 0.4917297741 -0.002510001295 0.02963789227 0.2526589825 -0.9936954661 -0.03342275442 -0.1070151397 0.01626780244 0.9014427989 -0.4325924628 0.1109264587 -0.4316060701 -0.8952159075 0.000113076113 -0.3369995829 0
0.4735698021 0.5013257282 -0.2558176714 -0.01970560182 0.116049442 0.4913853999 -0.002558153475 0.02991677361 0.2526140695 -0.9934563432 -0.03434833732 -0.1089251393 0.01670922409 0.899734154 -0.4361183945 0.1129836098 -0.43508464 -0.8932726683 0.0001158892191 -0.340237503 0
0.4780765986 0.5060966681 -0.2582521978 -0.02007330807 0.1170643639 0.4910380517 -0.002606754099 0.03019548709 0.2525687381 -0.9932106773 -0.03528949575 -0.1108476517 0.01715762822 0.8980162783 -0.4396275466 0.1150572301 -0.4385446561 -0.891313872 0.0001187497814 -0.3434754231 0
0.4825833951 0.5108676079 -0.2606867242 -0.02044415324 0.1180767991 0.4906877384 -0.002655802826 0.03047403117 0.2525229887 -0.9929583614 -0.03624629755 -0.1127825271 0.01761302691 0.8962893547 -0.443119819 0.1171472312 -0.4419859711 -0.889339602 0.0001216582471 -0.3467133432 0
0.4870901916 0.5156385477 -0.2631212506 -0.02081812783 0.1190867268 0.4903344689 -0.002705299313 0.03075240429 0.2524768215 -0.9926992877 -0.03721880852 -0.1147296146 0.01807543084 0.8945535666 -0.4465951133 0.119253524 -0.4454084381 -0.8873499424 0.0001246150638 -0.3499512633 0
0.491596988 0.5204094875 -0.265555777 -0.02119522227 0.1200941262 0.4899782524 -0.002755243213 0.03103060491 0.2524302369 -0.9924333482 -0.03820709239 -0.116688763 0.01854484933 0.8928090986 -0.4500533325 0.1213760185 -0.4488119112 -0.8853449783 0.0001276206794 -0.3531891834 0
0.4954599565 0.5244988645 -0.2676425139 -0.0215209219 0.1209555835 0.4896705851 -0.002798408109 0.03126892411 0.2523899752 -0.9921998534 -0.03906679359 -0.1183775171 0.01895279709 0.8913070719 -0.4530038576 0.1232081263 -0.4517139462 -0.8836143211 0.0001302361009 -0.3559645435 0
0.4999667529 0.5292698043 -0.2700770403 -0.02190378469 0.1219582328 0.4893089195 -0.002849181986 0.03154680027 0.2523426162 -0.9919208755 -0.04008453199 -0.1203586599 0.01943526256 0.8895469755 -0.456430114 0.1253604694 -0.4550817605 -0.8815811613 0.0001333335321 -0.3592024636 0
0.5044735494 0.5340407441 -0.2725115667 -0.02228973955 0.1229582949 0.4889443331 -0.002900402268 0.03182449952 0.2522948407 -0.9916347215 -0.04111821394 -0.1223514269 0.01992476149 0.8877787299 -0.4598390269 0.1275287538 -0.4584301683 -0.8795329429 0.0001364810434 -0.3624403837 0
0.5089803459 0.538811684 -0.274946093 -0.02267877661 0.1239557493 0.4885768351 -0.002952068595 0.03210202031 0.2522466491 -0.991341282 -0.04216789513 -0.1243556638 0.02042129781 0.8860025223 -0.4632305053 0.1297128872 -0.461759027 -0.8774697532 0.0001396790839 -0.3656783038 0
0.5134871424 0.5435826238 -0.2773806194 -0.02307088593 0.1249505757 0.4882064349 -0.003004180604 0.03237936111 0.2521980416 -0.9910404477 -0.04323362915 -0.126371216 0.02092487401 0.8842185407 -0.4666044598 0.1319127764 -0.4650681946 -0.8753916802 0.0001429281026 -0.3689162239 0
0.5179939388 0.5483535636 -0.2798151458 -0.02346605748 0.1259427536 0.4878331421 -0.003056737932 0.03265652037 0.2521490186 -0.9907321088 -0.04431546749 -0.1283979279 0.02143549119 0.8824269735 -0.4699608027 0.1341283276 -0.4683575298 -0.8732988125 0.0001462285491 -0.3721541439 0
0.5225007353 0.5531245034 -0.2822496722 -0.02386428117 0.1269322629 0.4874569661 -0.003109740208 0.03293349657 0.2520995804 -0.9904161553 -0.04541345951 -0.1304356432 0.02195314903 0.8806280099 -0.4732994479 0.1363594462 -0.4716268926 -0.8711912394 0.000149580873 -0.375392064 0
0.5270075318 0.5578954432 -0.2846841986 -0.02426554681 0.1279190833 0.4870779165 -0.003163187062 0.03321028816 0.2520497275 -0.9900924769 -0.04652765246 -0.1324842054 0.02247784577 0.8788218398 -0.4766203105 0.1386060373 -0.4748761434 -0.8690690507 0.0001529855242 -0.3786299841 0
0.5308705002 0.5619848202 -0.2867709355 -0.02461190217 0.1287627741 0.4867507371 -0.003209352215 0.03344739 0.2520066665 -0.9898088063 -0.04749560385 -0.1342486297 0.02293318586 0.8772681023 -0.479452548 0.1405439289 -0.4776451029 -0.8672384676 0.000155945786 -0.3814053442 0
0.5353772967 0.5667557601 -0.2892054619 -0.0250187899 0.1297445477 0.4863663768 -0.003263623717 0.03372383467 0.2519560441 -0.9894704887 -0.0486400023 -0.136316918 0.02347094535 0.8754490538 -0.4827401671 0.1428189997 -0.480856636 -0.8650893763 0.0001594488106 -0.3846432643 0
0.5398840932 0.5715266999 -0.2916399883 -0.0254286901 0.1307235752 0.4859791707 -0.003318338718 0.03400009037 0.2519050078 -0.9891241303 -0.0498007249 -0.1383956018 0.02401573088 0.873623344 -0.486009771 0.1451092674 -0.4840476636 -0.8629259296 0.0001630054489 -0.3878811844 0
0.5443908896 0.5762976397 -0.2940745147 -0.0258415923 0.1316998367 0.4855891289 -0.003373496835 0.03427615555 0.2518535581 -0.9887696202 -0.05097781063 -0.1404845223 0.02456753519 0.8717911648 -0.4892612811 0.1474146343 -0.4872180495 -0.8607482198 0.0001666161513 -0.3911191045 0
0.5488976861 0.5810685795 -0.2965090411 -0.02625748596 0.1326733124 0.4851962612 -0.00342909768 0.03455202868 0.2518016953 -0.9884068473 -0.05217129635 -0.1425835199 0.02512634956 0.8699527086 -0.4924946206 0.1497350021 -0.4903676586 -0.8585563398 0.0001702813686 -0.3943570246 0
0.5534044826 0.5858395193 -0.2989435675 -0.02667636046 0.1336439827 0.4848005777 -0.003485140865 0.03482770824 0.2517494198 -0.9880357003 -0.05338121672 -0.1446924345 0.02569216385 0.8681081682 -0.4957097144 0.1520702719 -0.4934963566 -0.856350383 0.0001740015516 -0.3975949447 0
0.5579112791 0.5906104592 -0.3013780938 -0.02709820512 0.1346118278 0.4844020885 -0.003541625996 0.03510319271 0.2516967318 -0.9876560681 -0.05460760428 -0.1468111055 0.02626496647 0.8662577369 -0.498906489 0.1544203442 -0.4966040101 -0.8541304435 0.0001777771512 -0.4008328648 0
0.5624180756 0.595381399 -0.3038126202 -0.02752300917 0.1355768281 0.4840008037 -0.003598552677 0.03537848055 0.2516436319 -0.9872678392 -0.05585048936 -0.148939372 0.02684474437 0.8644016084 -0.5020848724 0.1567851186 -0.4996904864 -0.851896616 0.0001816086186 -0.4040707849 0
0.566281044 0.599470776 -0.3058993571 -0.02788947415 0.1364016924 0.4836546281 -0.003647698111 0.03561428391 0.25159779 -0.9869281448 -0.05692897153 -0.1507711152 0.02734723767 0.8628062537 -0.5047945098 0.1588236933 -0.5023190826 -0.8499709252 0.0001849375416 -0.406846145 0
0.5707878404 0.6042417158 -0.3083338835 -0.02831974542 0.1373613581 0.4832481788 -0.003705443753 0.03588920257 0.2515439258 -0.9865236549 -0.05820256798 -0.1529167729 0.02793993013 0.8609400599 -0.507938553 0.1612155038 -0.5053658817 -0.8477115588 0.0001888739602 -0.4100840651 0
0.5752946369 0.6090126556 -0.3107684099 -0.02875294493 0.1383181236 0.4828389634 -0.003763629797 0.03616392025 0.2514896507 -0.9861102497 -0.05949273668 -0.1550715634 0.02853955263 0.8590687244 -0.5110640085 0.1636217266 -0.5083911301 -0.8454385782 0.0001928675359 -0.4133219852 0
0.5798014334 0.6137835954 -0.3132029363 -0.02918906164 0.1392719697 0.4824269923 -0.003822255835 0.03643843546 0.251434965 -0.9856878176 -0.06079949958 -0.1572353238 0.02914608651 0.8571924422 -0.5141708108 0.1660422592 -0.5113946987 -0.8431520802 0.0001969187199 -0.4165599053 0
0.5843082299 0.6185545352 -0.3156374627 -0.02962808444 0.1402228773 0.4820122761 -0.003881321456 0.03671274666 0.251379869 -0.9852562471 -0.06212287644 -0.1594078911 0.02975951169 0.8553114088 -0.5172588959 0.1684769984 -0.5143764596 -0.8408521623 0.0002010279638 -0.4197978254 0
0.5888150264 0.6233254751 -0.3180719891 -0.03007000214 0.1411708271 0.4815948252 -0.003940826247 0.03698685234 0.2513243633 -0.9848154266 -0.06346288483 -0.1615891017 0.03037980661 0.8534258198 -0.5203282016 0.1709258404 -0.5173362855 -0.8385389226 0.000205195719 -0.4230357455 0
0.5933218228 0.6280964149 -0.3205065155 -0.03051480348 0.1421158003 0.4811746503 -0.00400076979 0.037260751 0.2512684481 -0.9843652445 -0.06481954012 -0.1637787918 0.03100694825 0.8515358711 -0.5233786673 0.1733886806 -0.5202740503 -0.8362124599 0.0002094224372 -0.4262736656 0
0.5971847913 0.6321857919 -0.3225932524 -0.03089834834 0.1429233938 0.4808123404 -0.004052498861 0.03749535535 0.2512201952 -0.9839718386 -0.06599564714 -0.1656622933 0.03154992914 0.8499125938 -0.5259783122 0.1755107485 -0.5227744805 -0.8342078996 0.0002130926105 -0.4290490257 0
0.6016915877 0.6369567317 -0.3250277788 -0.03134847492 0.1438627887 0.4803871351 -0.004113256112 0.03776886552 0.2511635206 -0.983503975 -0.06738325141 -0.1678672947 0.03218972008 0.848015069 -0.5289936339 0.1779993065 -0.5256709429 -0.8318571432 0.0002174300295 -0.4322869458 0
0.6061983842 0.6417276715 -0.3274623052 -0.03180145259 0.1447991532 0.4799592366 -0.004174450906 0.03804216434 0.2511064378 -0.9830264314 -0.06878753442 -0.1700803054 0.03283628394 0.8461137453 -0.5319899515 0.1805015613 -0.5285449887 -0.8294934486 0.0002218277019 -0.4355248659 0
0.6107051807 0.6464986113 -0.3298968316 -0.03225726983 0.1457324685 0.4795286557 -0.004236082815 0.03831525031 0.251048947 -0.9825390966 -0.07020850305 -0.1723011601 0.03348959206 0.8442088194 -0.5349672106 0.183017406 -0.5313964954 -0.8271169166 0.0002262860792 -0.438762786 0
0.6152119772 0.6512695511 -0.3323313579 -0.03271591503 0.1466627161 0.4790954034 -0.004298151405 0.03858812193 0.2509910486 -0.9820418594 -0.07164616199 -0.1745296934 0.03414961434 0.842300488 -0.5379253589 0.1855467334 -0.5342253414 -0.8247276486 0.0002308056133 -0.4420007061 0
