0.006593250645 0.004943025941 0.0004277041694 -2.770192358e-06 0.001681269401 0.509996305 -3.473620994e-07 0.0004187033657 0.2549995417 -0.9999999999 -7.001022368e-08 -1.61326921e-05 3.582514517e-08 0.9999784816 -0.006560210888 1.613280423e-05 -0.006560210887 -0.9999784815 3.262937528e-08 0.0005688465453 0
0.0129855371 0.009735387017 0.0008423717915 -1.074549297e-05 0.003311239277 0.5099856671 -1.354714948e-06 0.0008261401122 0.2549982124 -0.999999998 -5.382276494e-07 -6.25765347e-05 2.70309099e-07 0.9999165327 -0.01292004786 6.257826554e-05 -0.01292004785 -0.9999165307 6.695311848e-08 0.001120354483 0
0.01937782355 0.01452774809 0.001257039414 -2.392817005e-05 0.004941103479 0.5099680834 -3.027640047e-06 0.001234316206 0.2549960046 -0.9999999903 -1.790075078e-06 -0.0001393398237 8.965996291e-07 0.9998141415 -0.01927906844 0.0001393484372 -0.01927906838 -0.9998141318 5.968600504e-08 0.00167186242 0
0.02577011 0.01932010917 0.001671707036 -4.231771877e-05 0.006570809993 0.5099435545 -5.365793295e-06 0.001642638971 0.2549929189 -0.9999999696 -4.211134192e-06 -0.0002464114978 2.107469736e-06 0.9996713214 -0.02563687089 0.0002464384679 -0.02563687063 -0.999671291 1.48301997e-08 0.002223370358 0
0.03136336065 0.02351342511 0.002034541205 -6.267928704e-05 0.007996632956 0.5099163953 -7.956587897e-06 0.001999898177 0.2549894997 -0.9999999334 -7.591646522e-06 -0.0003649495383 3.797976055e-06 0.9995132042 -0.03119863309 0.0003650087314 -0.0311986324 -0.9995131375 5.411492931e-08 0.002705939803 0
0.0377556471 0.02830578619 0.002449208827 -9.082966516e-05 0.009625903639 0.5098788469 -1.15396824e-05 0.002408133183 0.2549847709 -0.9999998601 -1.324349067e-05 -0.0005288044189 6.624080772e-06 0.9992946347 -0.03755306935 0.0005289287523 -0.0375530676 -0.9992944948 1.547084816e-07 0.00325744774 0
0.04414793355 0.03309814726 0.002863876449 -0.0001241843529 0.01125486714 0.5098343568 -1.578609721e-05 0.00281630106 0.2549791667 -0.9999997385 -2.117174397e-05 -0.0007229115662 1.05882035e-05 0.9990357046 -0.04390513358 0.0007231440142 -0.04390512975 -0.9990354431 2.797974006e-07 0.003808955678 0
0.05054022 0.03789050834 0.003278544072 -0.0001627420729 0.01288347149 0.5097829266 -2.069561401e-05 0.003224407056 0.2549726873 -0.9999995509 -3.176084067e-05 -0.0009472430121 1.588245085e-05 0.998736448 -0.050254425 0.0009476422441 -0.05025441748 -0.9987359989 4.278049358e-07 0.004360463615 0
0.05693250645 0.04268286941 0.003693211694 -0.0002065013486 0.01451166472 0.5097245584 -2.626808652e-05 0.00363245626 0.2549653331 -0.9999992768 -4.53947577e-05 -0.001201766435 2.269866386e-05 0.998396904 -0.0566005432 0.001202409256 -0.05660052954 -0.998396181 5.979951439e-07 0.004911971553 0
0.06332479291 0.04747523049 0.004107879316 -0.0002554605044 0.01613939489 0.5096592542 -3.250340251e-05 0.004040452069 0.254957104 -0.9999988933 -6.245694865e-05 -0.001486445163 3.122837965e-05 0.9980171174 -0.06294308817 0.00148742895 -0.06294306493 -0.998016011 7.9000057e-07 0.00546347949 0
0.06971707936 0.05226759156 0.004522546938 -0.0003096176655 0.01776661007 0.5095870168 -3.94014651e-05 0.00444839625 0.2549480002 -0.9999983743 -8.333027786e-05 -0.001801238182 4.166279314e-05 0.997597138 -0.06928166043 0.001802683316 -0.06928162285 -0.9975955128 1.003651999e-06 0.006014987427 0
0.07531033 0.05646090751 0.004885381107 -0.0003612675447 0.01918996012 0.5095181236 -4.598085753e-05 0.004805305458 0.254939317 -0.9999977866 -0.0001050212499 -0.002101349659 5.250536788e-05 0.9971967286 -0.07482433864 0.002103317151 -0.07482428336 -0.997194516 1.208309667e-06 0.006497556873 0
0.08170261645 0.06125326858 0.005300048729 -0.0004251652199 0.02081606985 0.5094328938 -5.412132503e-05 0.005213153372 0.2549285736 -0.9999969344 -0.0001340700717 -0.002472481335 6.702506614e-05 0.9967015406 -0.08115438721 0.00247520633 -0.08115430414 -0.9966984761 1.46246165e-06 0.00704906481 0
0.08809490291 0.06604562966 0.005714716352 -0.0004942544023 0.02244151544 0.5093407392 -6.292427668e-05 0.005620948672 0.2549169559 -0.9999958571 -0.0001680268891 -0.002873585255 8.399689564e-05 0.9961663325 -0.08747931769 0.002877267763 -0.08747919665 -0.9961621914 1.738283564e-06 0.007600572748 0
0.09448718936 0.07083799073 0.006129383974 -0.0005685324465 0.02406624509 0.5092416635 -7.238961655e-05 0.006028689737 0.2549044639 -0.9999945183 -0.0002072716622 -0.003304603641 0.0001036103649 0.9955911746 -0.09379873299 0.00330947604 -0.0937985612 -0.9955856956 2.035874935e-06 0.008152080685 0
0.1008794758 0.07563035181 0.006544051596 -0.0006479965087 0.02569020698 0.5091356704 -8.251724394e-05 0.006436374553 0.254891098 -0.9999928788 -0.0002521834424 -0.003765474409 0.0001260544545 0.9949761425 -0.1001122367 0.003771803851 -0.1001119985 -0.9949690253 2.355362781e-06 0.008703588622 0
0.1072717623 0.08042271289 0.006958719218 -0.0007326435466 0.02731334936 0.5090227641 -9.330705277e-05 0.00684400082 0.2548768581 -0.9999908967 -0.0003031403065 -0.004256131181 0.0001515175793 0.9943213169 -0.1064194334 0.00426422198 -0.1064191095 -0.9943122193 2.696896079e-06 0.00925509656 0
0.1128650129 0.08461602883 0.007321553387 -0.0008109588217 0.02873288602 0.5089183033 -0.0001032912434 0.007200623798 0.2548636814 -0.9999888464 -0.0003529828489 -0.00470983424 0.0001764220262 0.9937157688 -0.1119327464 0.004719746892 -0.1119323289 -0.993704623 3.013953064e-06 0.009737666005 0
0.1192572994 0.0894083899 0.007736221009 -0.0009053150485 0.03035435242 0.5087924463 -0.0001153223361 0.007608133363 0.2548478033 -0.9999860997 -0.0004162896132 -0.005256145944 0.0002080515495 0.9929865661 -0.1182270541 0.005268499006 -0.1182265043 -0.9929726767 3.397285423e-06 0.01028917394 0
0.1256495858 0.09420075098 0.008150888632 -0.0010048444 0.03197485069 0.5086596892 -0.000128015272 0.00801557672 0.2548310517 -0.9999828751 -0.0004867224175 -0.005832028977 0.0002432383083 0.9922178309 -0.1245139225 0.005847246859 -0.1245132088 -0.9922007209 3.803186446e-06 0.01084068188 0
0.1320418723 0.09899311205 0.008565556254 -0.001109543066 0.03359432922 0.508520037 -0.0001413699214 0.008422950969 0.2548134269 -0.9999791203 -0.0005646549508 -0.006437400419 0.0002821681696 0.9914096641 -0.1307929596 0.00645595388 -0.1307920451 -0.9913888044 4.231865654e-06 0.01139218982 0
0.1384341587 0.1037854731 0.008980223876 -0.00121940704 0.03521273644 0.508373495 -0.000155386148 0.008830253129 0.2547949289 -0.9999747803 -0.0006504596122 -0.007072173108 0.0003250262516 0.9905621717 -0.1370637746 0.007094581603 -0.1370626165 -0.9905369786 4.683545082e-06 0.01194369775 0
0.1448264452 0.1085778342 0.009394891498 -0.001334432116 0.03683002081 0.5082200689 -0.000170063809 0.009237480157 0.254775558 -0.9999697976 -0.0007445074471 -0.007736255658 0.0003719968866 0.9896754649 -0.1433259776 0.007763089672 -0.1433245267 -0.9896452973 5.158458603e-06 0.01249520569 0
0.1512187316 0.1133701953 0.00980955912 -0.001454613891 0.03844613087 0.5080597646 -0.0001854027551 0.009644628959 0.2547553144 -0.9999641118 -0.000847168083 -0.00842955247 0.0004232635836 0.9887496598 -0.1495791801 0.008461435844 -0.1495773799 -0.9887138168 5.65685142e-06 0.01304671363 0
0.1568119823 0.1175635112 0.01017239329 -0.001563999438 0.03985922343 0.5079138608 -0.000199366671 0.01000081753 0.2547368855 -0.9999585108 -0.0009443507772 -0.009060073657 0.0004717896654 0.9879076028 -0.1550430446 0.009096930667 -0.1550408864 -0.9878661698 6.112406562e-06 0.01352928307 0
0.1632042687 0.1223558723 0.01058706091 -0.001693837473 0.04147299306 0.5077406764 -0.0002159451012 0.01040781118 0.254715006 -0.9999513354 -0.001064151471 -0.009807874947 0.0005316030713 0.9869088196 -0.1612783281 0.009851102858 -0.1612756934 -0.9868602264 6.655521631e-06 0.01408079101 0
0.1695965552 0.1271482334 0.01100172853 -0.001828818454 0.04308544066 0.5075606322 -0.0002331843503 0.01081471751 0.2546922545 -0.9999432692 -0.001193619173 -0.01058459234 0.0005962352097 0.9858713008 -0.1675035009 0.01063498121 -0.1675003092 -0.9858146599 7.222880465e-06 0.01463229895 0
0.1759888416 0.1319405945 0.01141639616 -0.001968937214 0.04469651495 0.5073737349 -0.0002510842435 0.0112215333 0.254668631 -0.9999342419 -0.001333117418 -0.01139011405 0.0006658660528 0.9847951821 -0.1737181794 0.01144851618 -0.1737143403 -0.9847295362 7.814768686e-06 0.01518380689 0
0.1823811281 0.1367329555 0.01183106378 -0.002114188394 0.04630616472 0.5071799917 -0.0002696445989 0.01162825532 0.254644136 -0.9999241804 -0.001483008014 -0.0122243242 0.0007406745708 0.9836806046 -0.1799219816 0.01229165636 -0.1799173942 -0.983604924 8.431481653e-06 0.01573531482 0
0.1887734145 0.1415253166 0.0122457314 -0.002264566435 0.04791433882 0.5069794101 -0.0002888652284 0.01203488033 0.2546187695 -0.9999130093 -0.001643650983 -0.01308710276 0.0008208386964 0.9825277142 -0.1861145266 0.01316434848 -0.1861090788 -0.9824408943 9.07332424e-06 0.01628682276 0
0.1943666652 0.1457186325 0.01260856557 -0.002400348332 0.04932024047 0.5067982976 -0.0003062247572 0.01239059506 0.2545958592 -0.999902263 -0.001793315502 -0.01386537155 0.0008955146396 0.981487625 -0.1915234712 0.0139521526 -0.1915171689 -0.9813900914 9.655797395e-06 0.01676939221 0
0.2007589516 0.1505109936 0.01302323319 -0.002560323579 0.05092551002 0.5065849147 -0.0003266828697 0.01279702936 0.2545688596 -0.9998887988 -0.001975083048 -0.01478137815 0.0009861963469 0.9802633084 -0.1976938885 0.01488010449 -0.1976864821 -0.9801523541 1.034561193e-05 0.01732090014 0
0.2071512381 0.1553033547 0.01343790081 -0.002725408621 0.05252915719 0.5063647162 -0.0003478006778 0.01320335723 0.2545409893 -0.9998739936 -0.002168627505 -0.01572558536 0.001082739111 0.979001126 -0.2038519631 0.01583744475 -0.2038433032 -0.9788754176 1.106148363e-05 0.01787240808 0
0.2135435245 0.1600957158 0.01385256844 -0.002895597144 0.05413113108 0.5061377104 -0.0003695779672 0.01360957541 0.2545122487 -0.999857762 -0.002374301379 -0.01669785742 0.001185316504 0.9777012429 -0.2099973205 0.01682411288 -0.2099872431 -0.9775593624 1.18037522e-05 0.01842391602 0
0.219935811 0.1648880768 0.01426723606 -0.003070882638 0.05573138086 0.505903906 -0.0003920145172 0.01401568058 0.2544826381 -0.9998400162 -0.00259245509 -0.01769805453 0.001294100886 0.976363829 -0.2161295878 0.01784004654 -0.2161179136 -0.9762042717 1.257276589e-05 0.01897542396 0
0.2263280974 0.1696804379 0.01468190368 -0.0032512584 0.05732985577 0.5056633119 -0.0004151101003 0.01442166945 0.2544521577 -0.9998206659 -0.002823436909 -0.0187260329 0.001409263372 0.9749890591 -0.2222483941 0.01888518151 -0.2222349272 -0.9748102313 1.336888126e-05 0.01952693189 0
0.2327203839 0.174472799 0.0150965713 -0.003436717532 0.05892650514 0.5054159375 -0.0004388644822 0.01482753873 0.2544208078 -0.9997996181 -0.003067592898 -0.01978164476 0.001530973791 0.9735771127 -0.2283533702 0.01995945177 -0.2283378975 -0.9733773291 1.419246299e-05 0.02007843983 0
0.2383136345 0.1786661149 0.01545940547 -0.003603158656 0.06032203604 0.5051939301 -0.0004601897983 0.01518257363 0.2543926637 -0.9997797341 -0.003292306649 -0.02072785407 0.00164297427 0.9723113083 -0.2336835905 0.02092328495 -0.2336661733 -0.9720917321 1.493592075e-05 0.02056100928 0
0.244705921 0.183458476 0.01587407309 -0.003798129843 0.0619151262 0.504933868 -0.0004851787738 0.01558820975 0.2543596845 -0.9997552451 -0.003562089008 -0.02183486675 0.001777415209 0.9708301569 -0.2397616467 0.02205199944 -0.2397417735 -0.9705862102 1.581201239e-05 0.02111251721 0
0.2510982074 0.1882508371 0.01628874072 -0.003998163492 0.06350624555 0.5046670533 -0.000510825838 0.01599371675 0.2543258368 -0.9997287783 -0.003846027621 -0.02296906619 0.001918884897 0.9693123721 -0.2458248221 0.02320964909 -0.245802224 -0.9690420934 1.671666251e-05 0.02166402515 0
0.2574904939 0.1930431982 0.01670340834 -0.004203251956 0.06509534373 0.5043934962 -0.0005371307306 0.01639909133 0.254291121 -0.9997002314 -0.004144459428 -0.02413028946 0.002067547874 0.9677581519 -0.251872755 0.02439616075 -0.2518471419 -0.9674594795 1.765026558e-05 0.02221553309 0
0.2638827803 0.1978355592 0.01711807596 -0.004413387397 0.06668237046 0.5041132072 -0.0005640931852 0.01680433017 0.2542555373 -0.9996694998 -0.004457718873 -0.02531836978 0.002223567233 0.9661676989 -0.2579050858 0.02561145944 -0.2578761452 -0.9658384683 1.861322333e-05 0.02276704103 0
0.2702750668 0.2026279203 0.01753274358 -0.004628561783 0.06826727555 0.5038261971 -0.0005917129283 0.01720942996 0.2542190862 -0.9996364767 -0.004786137845 -0.02653313653 0.002387104582 0.9645412206 -0.2639214571 0.02685546836 -0.2638888529 -0.9641791624 1.960594457e-05 0.02331854896 0
0.2758683174 0.2068212363 0.01789557775 -0.004820966421 0.06965228771 0.5035695583 -0.0006164191656 0.01756377561 0.2541864802 -0.9996056158 -0.005086198914 -0.02761781162 0.002536492758 0.9630886665 -0.2691724108 0.02796746578 -0.2691363058 -0.9626959384 2.049931765e-05 0.02380111841 0
0.2822606039 0.2116135973 0.01831024537 -0.005045566516 0.07123307975 0.5032699757 -0.0006452705649 0.01796860574 0.2541484036 -0.9995679994 -0.005443927402 -0.02888214234 0.002714556628 0.9613952153 -0.2751579021 0.0292650931 -0.275117436 -0.9609651142 2.154897117e-05 0.02435262635 0
0.2886528903 0.2164059584 0.018724913 -0.005275181399 0.07281160636 0.5029637041 -0.0006747784298 0.01837328729 0.2541094607 -0.999527771 -0.005817754845 -0.03017264788 0.002900594561 0.9596663605 -0.2811264184 0.03059119976 -0.281081181 -0.9591963033 2.262960133e-05 0.02490413428 0
0.2950451768 0.2211983195 0.01913958062 -0.005509802299 0.0743878177 0.5026507552 -0.0007049424613 0.01877781694 0.2540696518 -0.9994848146 -0.006208002691 -0.03148914306 0.003094762111 0.9579023268 -0.2870776109 0.03194570199 -0.2870271641 -0.9573896172 2.374164273e-05 0.02545564222 0
0.3014374632 0.2259906806 0.01955424824 -0.005749420254 0.07596166404 0.502331141 -0.0007357623535 0.01918219137 0.2540289774 -0.9994390119 -0.006614989557 -0.03283143897 0.003297213191 0.956103344 -0.2930111329 0.03332851417 -0.2929550094 -0.9555451704 2.488553622e-05 0.02600715016 0
0.3078297497 0.2307830416 0.01996891586 -0.005994026112 0.07753309576 0.5020048737 -0.0007672377941 0.01958640727 0.2539874378 -0.9993902426 -0.007039031172 -0.03419934308 0.003508100041 0.9542696458 -0.2989266405 0.03473954894 -0.2988643425 -0.9536630791 2.606172875e-05 0.0265586581 0
0.3142220361 0.2355754027 0.02038358348 -0.00624361053 0.07910206331 0.5016719658 -0.000799368464 0.01999046132 0.2539450335 -0.9993383839 -0.007480440323 -0.03559265918 0.003727573195 0.9524014705 -0.3048237919 0.03617871713 -0.3047547899 -0.9517434625 2.727067317e-05 0.02711016603 0
0.3198152868 0.2397687187 0.02074641765 -0.006466073384 0.08047284968 0.5013752339 -0.0008280200371 0.02034387325 0.2539072207 -0.9992903753 -0.007881163751 -0.03683249958 0.003926772672 0.950738726 -0.3099684749 0.03746099603 -0.3098931465 -0.9500331108 2.835572674e-05 0.02759273548 0
0.3262075732 0.2445610797 0.02116108528 -0.006724966768 0.0820370638 0.5010299092 -0.0008613783788 0.02074761491 0.2538631962 -0.999232386 -0.008355969623 -0.03827292188 0.004162744807 0.9488065638 -0.3158302961 0.03895266786 -0.3157471808 -0.9480434629 2.962732154e-05 0.02814424342 0
0.3325998597 0.2493534408 0.0215757529 -0.006988810804 0.08359867196 0.5006779811 -0.0008953909956 0.02115118519 0.2538183082 -0.9991709425 -0.00884902542 -0.03973817218 0.004407726245 0.9468406341 -0.3216727928 0.04047220687 -0.3215812626 -0.9460166447 3.093300181e-05 0.02869575135 0
0.3389921461 0.2541458019 0.02199042052 -0.007257595422 0.08515762503 0.500319463 -0.0009300575426 0.0215545808 0.2537725572 -0.9991059139 -0.009360632021 -0.04122804051 0.004661860616 0.9448411916 -0.327495633 0.04201951703 -0.3273950231 -0.9439527843 3.227324191e-05 0.02924725929 0
0.3453844326 0.258938163 0.02240508814 -0.007531310362 0.08671387403 0.4999543685 -0.0009653776684 0.02195779841 0.2537259437 -0.999037167 -0.0098910871 -0.04274231341 0.004925289694 0.9428084958 -0.3332984875 0.04359450058 -0.333188095 -0.9418520122 3.364852139e-05 0.02979876723 0
0.351776719 0.263730524 0.02281975576 -0.007809945179 0.08826737005 0.4995827117 -0.001001351015 0.02236083472 0.2536784681 -0.9989645665 -0.01044068508 -0.04428077398 0.005198153369 0.9407428099 -0.3390810299 0.04519705799 -0.3389601123 -0.939714461 3.505932481e-05 0.03035027517 0
0.3573699697 0.26792384 0.02318258993 -0.008057778127 0.08962438244 0.49925214 -0.001033363252 0.02271334017 0.2536362202 -0.9988977721 -0.01093751541 -0.04564659532 0.005444756913 0.9389084828 -0.3441238374 0.04662183533 -0.3439930692 -0.9378140396 3.632330322e-05 0.03083284461 0
0.3637622561 0.2727162011 0.02359725756 -0.008345608911 0.09117258531 0.4988682172 -0.0010705604 0.02311602763 0.2535871295 -0.9988175745 -0.01152378834 -0.04722981131 0.005735680805 0.9367816649 -0.3498674239 0.04827581941 -0.3497246268 -0.9356078936 3.780203705e-05 0.03138435255 0
0.3701545426 0.2775085621 0.02401192518 -0.008638328504 0.09271789532 0.4984777734 -0.001108409702 0.02351852429 0.2535371782 -0.9987331233 -0.01213003203 -0.04883657249 0.006036430699 0.934622637 -0.3555897747 0.04995708152 -0.3554340849 -0.9333653633 3.931771476e-05 0.03193586049 0
0.376546829 0.2823009232 0.0244265928 -0.008935925742 0.09426026407 0.4980808236 -0.001146910775 0.02392082684 0.2534863667 -0.9986442752 -0.01275652782 -0.05046664893 0.006347138898 0.9324316784 -0.3612905742 0.05166551543 -0.3611210825 -0.9310865901 4.08708391e-05 0.03248736842 0
0.3829391155 0.2870932843 0.02484126042 -0.009238389276 0.09579964324 0.4976773829 -0.001186063228 0.02432293198 0.2534346956 -0.9985508852 -0.01340355354 -0.05211980743 0.006667935678 0.930209072 -0.3669695096 0.05340101317 -0.3667852602 -0.9287717183 4.246191724e-05 0.03303887636 0
0.3893314019 0.2918856454 0.02525592804 -0.009545707572 0.09733598467 0.4972674667 -0.001225866666 0.02472483641 0.2533821654 -0.9984528065 -0.01407138346 -0.05379581153 0.006998949258 0.927955105 -0.3726262711 0.05516346508 -0.3724262603 -0.926420894 4.409146053e-05 0.0335903843 0
0.3957236884 0.2966780064 0.02567059567 -0.009857868915 0.09886924033 0.4968510905 -0.001266320684 0.02512653684 0.2533287765 -0.9983498901 -0.01476028827 -0.05549442158 0.007340305775 0.9256700681 -0.3782605516 0.05695275979 -0.3780437261 -0.9240342658 4.575998448e-05 0.03414189224 0
0.401316939 0.3008713224 0.02603342984 -0.01013497355 0.1002082701 0.4964814748 -0.001302251306 0.02547785478 0.2532813575 -0.9982557514 -0.01538057799 -0.05699905851 0.007647574722 0.9236454056 -0.3831718667 0.0585403233 -0.3829394242 -0.9219167142 4.725232755e-05 0.03462446168 0
0.4077092255 0.3056636834 0.02644809746 -0.01045618339 0.1017356109 0.4960530293 -0.001343924051 0.02587916383 0.2532263603 -0.9981433566 -0.01610971506 -0.05873939779 0.008008656856 0.9213029102 -0.3887631788 0.06037964216 -0.3885118078 -0.919463362 4.899534349e-05 0.03517596962 0
0.4141015119 0.3104560445 0.02686276508 -0.01078220157 0.1032597285 0.4956181703 -0.00138624618 0.02628025941 0.2531705061 -0.9980256857 -0.01686068476 -0.06050163652 0.00838043272 0.9189302024 -0.3943311445 0.06224547421 -0.3940596408 -0.9169746455 5.077884397e-05 0.03572747756 0
0.4204937984 0.3152484056 0.0272774327 -0.01111301567 0.1047805754 0.4951769142 -0.001429217264 0.02668113822 0.2531137955 -0.9979025828 -0.01763374339 -0.06228552298 0.008763020124 0.9165275876 -0.3998754689 0.06413770152 -0.3995825725 -0.914450722 5.260335933e-05 0.03627898549 0
0.4268860849 0.3200407667 0.02769210032 -0.0114486131 0.1062981043 0.4947292779 -0.001472836866 0.02708179699 0.253056229 -0.9977738901 -0.01842914342 -0.06409080244 0.009156534664 0.914095375 -0.40539586 0.06605620454 -0.4050802539 -0.9118917511 5.446942346e-05 0.03683049343 0
0.4332783713 0.3248331278 0.02810676795 -0.01178898106 0.1078122679 0.4942752784 -0.001517104545 0.02748223243 0.2529978073 -0.9976394481 -0.01924713346 -0.06591721721 0.009561089696 0.9116338771 -0.4108920293 0.06800086202 -0.4105523377 -0.9092978944 5.637757365e-05 0.03738200137 0
0.438871622 0.3290264437 0.02846960212 -0.01209070617 0.1091343634 0.4938728226 -0.001556370038 0.02783242766 0.2529459871 -0.9975169684 -0.01998159806 -0.06753246286 0.009924219394 0.9094562919 -0.4156810834 0.06972379558 -0.4153191411 -0.9069997814 5.808215376e-05 0.03786457081 0
0.4452639084 0.3338188048 0.02888426974 -0.01243998381 0.1106420902 0.4934069389 -0.001601851646 0.0282324355 0.2528859634 -0.9973713106 -0.02084260078 -0.06939780153 0.01034977298 0.9069407391 -0.4211310698 0.07171716018 -0.4207422985 -0.9043409574 6.007067514e-05 0.03841607875 0
0.4516561949 0.3386111658 0.02929893736 -0.01279399424 0.1121463167 0.4929347424 -0.001647980024 0.02863221059 0.2528250861 -0.9972194354 -0.02172688631 -0.07128351838 0.01078668027 0.9043968195 -0.4265560227 0.07373632151 -0.4261388686 -0.9016477247 6.210284563e-05 0.03896758669 0
0.4580484813 0.3434035269 0.02971360498 -0.01315272398 0.1136469961 0.4924562511 -0.001694754702 0.02903174964 0.2527633558 -0.997061177 -0.02263468784 -0.07318934455 0.0112350457 0.9018248591 -0.4319556659 0.075781152 -0.4315085103 -0.8989202537 6.417921495e-05 0.03951909463 0
0.4644407678 0.348195888 0.0301282726 -0.01351615939 0.115144082 0.4919714831 -0.001742175208 0.02943104939 0.2527007733 -0.9968963678 -0.02356623452 -0.0751150084 0.01169497137 0.8992251873 -0.4373297271 0.07785152241 -0.4368508844 -0.8961587166 6.630033575e-05 0.04007060256 0
0.4708330542 0.3529882491 0.03054294023 -0.01388428662 0.116637528 0.4914804569 -0.001790241061 0.02983010655 0.2526373391 -0.9967248386 -0.02452175135 -0.07706023556 0.01216655697 0.8965981368 -0.442677937 0.07994730193 -0.4421656531 -0.8933632879 6.846676357e-05 0.0406221105 0
0.4772253407 0.3577806101 0.03095760785 -0.01425709169 0.1181272879 0.4909831913 -0.001838951773 0.03022891787 0.2525730538 -0.9965464187 -0.02550145918 -0.07902474896 0.01264989983 0.8939440436 -0.44800003 0.08206835811 -0.4474524807 -0.8905341443 7.067905672e-05 0.04117361844 0
0.4828185913 0.3619739261 0.03132044202 -0.01458712225 0.1194277678 0.4905429803 -0.001882102244 0.03057767353 0.2525161067 -0.9963845135 -0.02637871814 -0.08075929909 0.01308254409 0.8915997951 -0.4526352311 0.0839449117 -0.4520552717 -0.8880311274 7.265287811e-05 0.04165618788 0
0.4892108778 0.3667662872 0.03173510964 -0.01496865989 0.1209104921 0.4900340667 -0.001932020731 0.03097601509 0.2524502275 -0.9961927086 -0.02740436472 -0.08275921821 0.01358818557 0.8888959132 -0.4579076508 0.08611299912 -0.4572888106 -0.8851392518 7.495268295e-05 0.04220769582 0
0.4956031642 0.3715586482 0.03214977726 -0.01535483411 0.1223893983 0.4895189685 -0.00198258264 0.03137410142 0.2523834993 -0.995993514 -0.02845481375 -0.08477761239 0.01410585046 0.8861659719 -0.4631532092 0.08830597358 -0.4624934527 -0.8822141811 7.729997302e-05 0.04275920376 0
0.5019954507 0.3763510093 0.03256444488 -0.01574563024 0.1238644407 0.4889977055 -0.002033787459 0.03177192927 0.2523159226 -0.9957867537 -0.02953026958 -0.08681419454 0.01463562652 0.8834103192 -0.4683716541 0.09052369652 -0.4676688691 -0.8792560999 7.969531666e-05 0.0433107117 0
0.5083877371 0.3811433704 0.03297911251 -0.01614103342 0.1253355739 0.4884702973 -0.002085634667 0.03216949538 0.2522474981 -0.9955722498 -0.03063093226 -0.08886867508 0.01517759902 0.8806293059 -0.4735627372 0.09276602777 -0.4728147328 -0.8762651953 8.213928456e-05 0.04386221963 0
0.5147800236 0.3859357315 0.03339378013 -0.01654102863 0.1268027527 0.487936764 -0.002138123741 0.03256679651 0.2521782266 -0.9953498234 -0.03175699743 -0.090940762 0.0157318507 0.8778232859 -0.4787262135 0.09503282566 -0.4779307186 -0.8732416563 8.463244977e-05 0.04441372757 0
0.5203732742 0.3901290474 0.0337566143 -0.0168947794 0.1280832547 0.4874649139 -0.002184577793 0.03291421506 0.2521169197 -0.9951485596 -0.03276329287 -0.09276804943 0.01622695679 0.8753477855 -0.4832214195 0.09703623153 -0.4823824428 -0.8705694393 8.685477867e-05 0.04489629702 0
0.5267655607 0.3949214085 0.03417128192 -0.01730334357 0.1295428973 0.486919951 -0.002238268924 0.03331101058 0.2520460618 -0.9949107914 -0.03393749965 -0.09487235301 0.01680444604 0.8724958415 -0.4883324862 0.09934851705 -0.4874415376 -0.8674852273 8.944174107e-05 0.04544780495 0
0.5331578471 0.3997137696 0.03458594954 -0.01771645562 0.1309984562 0.4863689218 -0.002292600372 0.03370753177 0.2519743589 -0.9946645787 -0.03513764668 -0.0969934103 0.01739443805 0.8696199239 -0.4934152628 0.1016848533 -0.4924698303 -0.8643689356 9.207956052e-05 0.04599931289 0
0.5395501336 0.4045061306 0.03500061716 -0.01813409987 0.1324498868 0.4858118474 -0.002347571588 0.03410377541 0.2519018117 -0.9944097377 -0.03636391232 -0.09913092031 0.01799700559 0.8667203971 -0.4984695187 0.1040450925 -0.4974670031 -0.8612207612 9.476881836e-05 0.04655082083 0
0.54594242 0.4092984917 0.03541528479 -0.01855626045 0.1338971446 0.4852487489 -0.002403182013 0.03449973825 0.251828421 -0.9941460834 -0.03761647038 -0.1012845798 0.01861221875 0.8637976284 -0.5034950273 0.1064290856 -0.5024327402 -0.8580409031 9.751009796e-05 0.04710232877 0
0.5523347065 0.4140908528 0.03582995241 -0.01898292134 0.1353401854 0.4846796477 -0.002459431084 0.03489541706 0.2517541874 -0.9938734293 -0.03889549007 -0.1034540834 0.01924014503 0.8608519875 -0.5084915657 0.108836682 -0.5073667277 -0.8548295621 0.0001003039846 0.0476538367 0
0.5587269929 0.4188832139 0.03624462003 -0.01941406636 0.136778965 0.4841045653 -0.002516318231 0.03529080861 0.2516791118 -0.9935915882 -0.040201136 -0.1056391236 0.01988084923 0.8578838469 -0.5134589146 0.1112677294 -0.512268654 -0.8515869413 0.0001031510655 0.04820534464 0
0.5643202436 0.4230765298 0.0366074542 -0.01979498379 0.1380343672 0.4835964789 -0.002566617452 0.03563653803 0.2516127304 -0.993337293 -0.04136554391 -0.1075635354 0.02045199621 0.8552685616 -0.5177812312 0.1134140125 -0.5165312956 -0.8487241498 0.0001056863601 0.04868791409 0
0.57071253 0.4278688909 0.03702212182 -0.02023449232 0.139465039 0.4830102409 -0.002624699431 0.03603138227 0.251536078 -0.9930377176 -0.04272154157 -0.1097768708 0.02111682439 0.8522592458 -0.522693273 0.1158886155 -0.5213722737 -0.845423433 0.0001086347691 0.04923942202 0
0.5771048165 0.432661252 0.03743678944 -0.02067843752 0.1408913239 0.482418085 -0.00268341781 0.03642592997 0.2514585857 -0.9927284106 -0.04410461279 -0.1120048474 0.02179460188 0.8492285142 -0.5275755169 0.1183862241 -0.5261803054 -0.8420920307 0.0001116380703 0.04979092996 0
0.5834971029 0.437453613 0.03785145707 -0.02112680253 0.1423131785 0.4818200337 -0.002742771994 0.03682017793 0.2513802543 -0.9924091808 -0.04551490405 -0.11424715 0.02248538302 0.8461767481 -0.5324277589 0.1209066802 -0.530955087 -0.8387301534 0.0001146968578 0.0503424379 0
0.5898893894 0.4422459741 0.03826612469 -0.02157957037 0.1437305597 0.4812161097 -0.002802761382 0.03721412292 0.2513010847 -0.9920798359 -0.04695255707 -0.1165034614 0.02318921943 0.8431043314 -0.537249799 0.1234498248 -0.5356963168 -0.8353380136 0.000117811727 0.05089394584 0
0.5962816758 0.4470383352 0.03868079231 -0.02203672389 0.1451434243 0.4806063359 -0.002863385365 0.03760776174 0.2512210776 -0.9917401827 -0.04841770879 -0.1187734628 0.02390615996 0.8400116499 -0.5420414409 0.126015497 -0.540403695 -0.8319158256 0.0001209832751 0.05144545377 0
0.6018749265 0.4512316511 0.03904362648 -0.02244031722 0.1463759424 0.4800680033 -0.002916951433 0.03795194203 0.251150385 -0.9914343776 -0.04972237808 -0.1207706918 0.0245442687 0.837289235 -0.5462090404 0.1282788126 -0.5444946483 -0.8288969322 0.0001238053447 0.05192802322 0
0.6082672129 0.4560240122 0.0394582941 -0.02290564706 0.1477802234 0.4794473236 -0.00297876362 0.03834499812 0.2510688099 -0.9910748727 -0.05123944225 -0.1230654958 0.02528590151 0.8341596044 -0.5509431709 0.1308862861 -0.549137755 -0.8254189883 0.0001270847805 0.05247953116 0
0.6146594994 0.4608163733 0.03987296172 -0.02337531234 0.1491798654 0.478820861 -0.003041208618 0.03873773883 0.2509863996 -0.9907044994 -0.052784372 -0.125373063 0.02604076344 0.8310108299 -0.5556463616 0.1335158174 -0.5537461608 -0.8219116229 0.0001304226202 0.05303103909 0
0.6210517858 0.4656087344 0.04028762935 -0.02384929528 0.1505748262 0.4781886392 -0.003104285794 0.03913016096 0.250903155 -0.9903230614 -0.05435728553 -0.1276930677 0.02680889255 0.8278433053 -0.5603184319 0.1361672402 -0.5583195746 -0.8183750579 0.0001338194666 0.05358254703 0
0.6274440723 0.4704010954 0.04070229697 -0.02432757794 0.1519650635 0.4775506823 -0.003167994509 0.0395222613 0.250819077 -0.9899303617 -0.05595829615 -0.1300251828 0.02759032407 0.8246574261 -0.5649592052 0.1388403871 -0.5628577073 -0.8148095166 0.0001372759241 0.05413405497 0
0.6338363587 0.4751934565 0.04111696459 -0.02481014222 0.1533505356 0.4769070144 -0.003232334117 0.03991403667 0.2507341665 -0.9895262024 -0.05758751223 -0.1323690797 0.02838509041 0.8214535897 -0.5695685091 0.1415350892 -0.5673602721 -0.8112152243 0.0001407925979 0.05468556291 0
0.6402286452 0.4799858176 0.04153163221 -0.02529696987 0.1547312009 0.4762576598 -0.003297303964 0.04030548389 0.2506484242 -0.9891103852 -0.05924503723 -0.134724428 0.02919322113 0.8182321952 -0.5741461753 0.144251176 -0.5718269846 -0.8075924083 0.000144370095 0.05523707084 0
0.6458218958 0.4841791335 0.04189446638 -0.02572642689 0.1559353073 0.475684829 -0.003354669058 0.04064772851 0.2505727181 -0.9887368255 -0.06071867131 -0.136794491 0.02991131953 0.8153993868 -0.5781255512 0.1466451594 -0.5757057259 -0.8043992257 0.0001475507769 0.05571964029 0
0.6522141823 0.4889714946 0.042309134 -0.0262211986 0.157306848 0.4750248781 -0.003420818826 0.04103855185 0.2504854187 -0.9882986129 -0.06242953707 -0.139170416 0.03074457818 0.8121461523 -0.5826434572 0.1494008791 -0.5801044563 -0.800723546 0.0001512439573 0.05627114823 0
0.6586064687 0.4937638557 0.04272380163 -0.02672018033 0.1586734633 0.4743593118 -0.003487596925 0.04142903789 0.25039729 -0.9878481686 -0.06416898145 -0.1415568353 0.03159127025 0.8088765161 -0.5871292645 0.1521774867 -0.5844665289 -0.7970200055 0.0001549997122 0.05682265616 0
0.6649987552 0.4985562167 0.04313846925 -0.02722335321 0.1600351122 0.4736881551 -0.003555002676 0.04181918347 0.2503083331 -0.9873852921 -0.06593708859 -0.1439534137 0.03245141419 0.8055908836 -0.5915828209 0.1549748066 -0.5887916683 -0.7932888381 0.0001588186532 0.0573741641 0
0.6713910416 0.5033485778 0.04355313687 -0.02773069824 0.161391754 0.4730114334 -0.003623035397 0.0422089854 0.2502185488 -0.9869097823 -0.06773393757 -0.1463598142 0.03332502553 0.8022896613 -0.5960039782 0.157792662 -0.593079601 -0.7895302798 0.0001627013927 0.05792567204 0
0.6777833281 0.5081409389 0.04396780449 -0.02824219625 0.1627433483 0.4723291723 -0.003691694397 0.04259844053 0.2501279379 -0.9864214379 -0.06955960243 -0.1487756991 0.03421211693 0.7989732573 -0.6003925926 0.160630875 -0.5973300561 -0.785744568 0.0001666485446 0.05847717998 0
0.6833765787 0.5123342548 0.04433063866 -0.02869314857 0.1639218213 0.4717276699 -0.003752284221 0.04293892679 0.2500479762 -0.9859834492 -0.07118075157 -0.150897112 0.03499938748 0.7960592717 -0.6042058248 0.1631308698 -0.6010182497 -0.7824099838 0.0001701556239 0.05895974942 0
0.6897688652 0.5171266159 0.04474530628 -0.02921238124 0.1652638433 0.4710350919 -0.003822115615 0.04332772314 0.2499558181 -0.9854704952 -0.07306062815 -0.1533298655 0.03591177793 0.7927155062 -0.608533048 0.1660067687 -0.6051977122 -0.7785740054 0.0001742252064 0.05951125736 0
0.6961611516 0.521918977 0.04515997391 -0.02973571095 0.1666007028 0.4703370491 -0.00389257127 0.04371616361 0.2498628363 -0.9849441251 -0.07496950523 -0.1557711258 0.03683766854 0.7893577389 -0.612827338 0.1689025059 -0.6093389314 -0.7747115658 0.0001783609714 0.0600627653 0
0.7025534381 0.5267113381 0.04557464153 -0.03026311797 0.1679323601 0.4696335677 -0.003963650474 0.04410424505 0.2497690315 -0.9844041362 -0.07690743717 -0.1582205509 0.03777706064 0.7859863826 -0.6170885675 0.1718178987 -0.6134416456 -0.7708229091 0.0001825635365 0.06061427323 0
0.7089457245 0.5315036991 0.04598930915 -0.03079458239 0.1692587758 0.4689246744 -0.004035352504 0.04449196432 0.2496744048 -0.9838503254 -0.07887447318 -0.1606777979 0.03872995263 0.782601851 -0.621316613 0.1747527626 -0.6175055954 -0.7669082811 0.0001868335202 0.06116578117 0
0.715338011 0.5362960602 0.04640397677 -0.03133008418 0.1705799108 0.4682103958 -0.004107676634 0.04487931826 0.2495789571 -0.9832824894 -0.08087065737 -0.1631425232 0.03969633994 0.7792045587 -0.6255113558 0.1777069123 -0.6215305241 -0.7629679292 0.0001911715422 0.06171728911 0
0.7217302974 0.5410884213 0.0468186444 -0.03186960315 0.1718957261 0.4674907589 -0.004180622131 0.04526630376 0.2494826894 -0.9827004248 -0.0828960287 -0.165614382 0.04067621507 0.7757949215 -0.6296726811 0.1806801611 -0.6255161774 -0.7590021022 0.0001955782229 0.06226879705 0
0.7273235481 0.5452817372 0.04718147856 -0.03234496161 0.1730426702 0.4668567025 -0.004244958575 0.04560461135 0.2493977833 -0.9821792864 -0.0846921979 -0.1677828387 0.04154466188 0.7728016895 -0.633286341 0.1832972733 -0.6289712078 -0.7555113032 0.0001994908785 0.06275136649 0
0.7337158345 0.5500740983 0.04759614619 -0.03289195787 0.1743484069 0.466127092 -0.004319067137 0.04599089755 0.2492999807 -0.9815699946 -0.08677238221 -0.1702671415 0.04254979615 0.7693700285 -0.6373847144 0.1863058256 -0.6328825428 -0.7514983875 0.0002040279697 0.06330287443 0
0.740108121 0.5548664594 0.04801081381 -0.03344291246 0.1756487131 0.4653922017 -0.004393794923 0.0463768063 0.2492013609 -0.9809458887 -0.08888183696 -0.1727575831 0.04356838019 0.7659272218 -0.6414493644 0.1893329335 -0.6367538849 -0.7474607216 0.0002086355083 0.06385438237 0
0.7465004074 0.5596588205 0.04842548143 -0.03399780464 0.1769435509 0.4646520593 -0.004469141175 0.04676233448 0.2491019249 -0.9803067651 -0.09102058113 -0.1752538162 0.04460039501 0.762473688 -0.6454801933 0.1923784058 -0.6405849896 -0.7433985607 0.0002133141181 0.0644058903 0
0.7528926939 0.5644511815 0.04884014905 -0.03455661353 0.1782328823 0.4639066925 -0.00454510513 0.04714747897 0.2490016737 -0.9796524201 -0.09318862849 -0.1777554929 0.04564581869 0.7590098461 -0.6494771071 0.1954420502 -0.6443756148 -0.7393121614 0.0002180644237 0.06495739824 0
0.7592849803 0.5692435426 0.04925481668 -0.03511931809 0.1795166697 0.4631561296 -0.004621686018 0.04753223667 0.2489006084 -0.9789826501 -0.09538598764 -0.180262265 0.04670462629 0.7555361159 -0.6534400167 0.1985236729 -0.648125521 -0.7352017821 0.0002228870505 0.06550890618 0
0.764878231 0.5734368586 0.04961765084 -0.03561486361 0.1806354066 0.4624951466 -0.004689199762 0.04786857991 0.2488115092 -0.978383788 -0.09733272455 -0.1824595961 0.0476420401 0.7524888206 -0.6568796015 0.2012346876 -0.6513731002 -0.7315857331 0.0002271666672 0.06599147562 0
0.7712705174 0.5782292196 0.05003231847 -0.03618481539 0.1819086986 0.461734917 -0.0047669353 0.04825260399 0.24870892 -0.9776845475 -0.09958504843 -0.1849749814 0.04872586506 0.7489976822 -0.6607785273 0.204349494 -0.6550460214 -0.7274310923 0.0002321265846 0.06654298356 0
0.7776628039 0.5830215807 0.05044698609 -0.03675860161 0.1831763397 0.4609695728 -0.004845285523 0.04863623234 0.2486055197 -0.9769692972 -0.1018666799 -0.1874944582 0.04982298576 0.7454978642 -0.664643216 0.2074817159 -0.6586775494 -0.7232532223 0.0002371606253 0.0670944915 0
0.7840550903 0.5878139418 0.05086165371 -0.03733620071 0.1844382934 0.4601991427 -0.004924249635 0.04901946187 0.2485013092 -0.9762378341 -0.1041776075 -0.1900176767 0.05093336575 0.7419897875 -0.6684735952 0.2106311554 -0.6622674545 -0.7190523869 0.0002422694178 0.06764599944 0
0.7904473768 0.5926063029 0.05127632133 -0.03791759099 0.1856945231 0.4594236558 -0.005003826837 0.0494022895 0.2483962896 -0.9754899553 -0.1065178143 -0.1925442868 0.05205696561 0.7384738735 -0.6722695965 0.2137976134 -0.66581551 -0.7148288517 0.0002474535908 0.06819750737 0
0.7968396633 0.5973986639 0.05169098896 -0.0385027506 0.1869449927 0.4586431412 -0.005084016321 0.04978471214 0.2482904619 -0.9747254583 -0.1088872786 -0.1950739383 0.05319374295 0.7349505435 -0.6760311563 0.2169808899 -0.6693214916 -0.7105828835 0.0002527137742 0.06874901531 0
0.8032319497 0.602191025 0.05210565658 -0.03909165759 0.1881896661 0.4578576282 -0.005164817275 0.0501667267 0.2481838273 -0.9739441411 -0.1112859732 -0.1976062808 0.0543436524 0.731420219 -0.6797582149 0.2201807837 -0.6727851778 -0.7063147507 0.0002580505981 0.06930052325 0
0.8088252004 0.606384341 0.05246849075 -0.03961000784 0.1892739725 0.4571662272 -0.005236019062 0.05050065228 0.2480898609 -0.9732465319 -0.1134087836 -0.1998240125 0.05536055767 0.7283257785 -0.682991046 0.2229941632 -0.6757810356 -0.7025621646 0.0002627836843 0.06978309269 0
0.8152174868 0.611176702 0.05288315837 -0.04020588146 0.190507682 0.4563714217 -0.005317964308 0.05088189342 0.2479817162 -0.9724331329 -0.1158621936 -0.2023604561 0.0565349572 0.724783475 -0.6866532698 0.2262246686 -0.6791648301 -0.6982532011 0.0002682659104 0.07033460063 0
0.8216097733 0.6159690631 0.05329782599 -0.04080543854 0.1917354932 0.455571703 -0.005400518653 0.05126271765 0.2478727675 -0.9716023345 -0.1183447269 -0.204898583 0.05772234186 0.7212353883 -0.6902808457 0.2294712072 -0.6825057072 -0.6939228521 0.0002738265929 0.07088610857 0
0.8280020597 0.6207614242 0.05371249361 -0.04140865662 0.1929573712 0.4547671011 -0.00548368126 0.05164312192 0.2477630162 -0.9707539361 -0.1208563362 -0.2074380429 0.05892265476 0.7176819394 -0.693873731 0.2327335738 -0.6858034557 -0.6895713913 0.0002794663643 0.07143761651 0
0.8343943462 0.6255537853 0.05412716124 -0.04201551306 0.194173281 0.4539576462 -0.005567451284 0.05202310315 0.2476524632 -0.9698877377 -0.123396969 -0.2099784855 0.06013583609 0.7141235492 -0.6974318875 0.2360115623 -0.6890578673 -0.6851990937 0.0002851858581 0.07198912444 0
0.8407866326 0.6303461463 0.05454182886 -0.04262598514 0.1953831883 0.4531433686 -0.005651827878 0.05240265831 0.2475411097 -0.9690035398 -0.1259665677 -0.2125195607 0.06136182303 0.7105606382 -0.7009552811 0.2393049655 -0.6922687363 -0.6808062354 0.0002909857081 0.07254063238 0
0.8463798833 0.6345394623 0.05490466303 -0.04316309619 0.1964369062 0.4524269435 -0.005726154302 0.05273441716 0.2474430196 -0.9682149451 -0.1282386783 -0.2147432454 0.0624450146 0.7074397128 -0.7040097109 0.2421991747 -0.6950423686 -0.6769458365 0.0002961269929 0.07302320183 0
0.8527721697 0.6393318234 0.05531933065 -0.04378028586 0.1976354664 0.4516037056 -0.005811665903 0.0531131652 0.2473301682 -0.9672964627 -0.1308624145 -0.217284564 0.06369483254 0.703869457 -0.7074678479 0.2455209188 -0.6981710507 -0.6725151764 0.0003020792214 0.07357470976 0
0.8591644562 0.6441241844 0.05573399827 -0.04440102508 0.1988279261 0.4507757332 -0.005897781597 0.05349147842 0.2472165195 -0.9663594107 -0.133514922 -0.21982551 0.06495725913 0.7002958868 -0.7108911487 0.2488574768 -0.7012556142 -0.6680647572 0.0003081136318 0.0741262177 0
0.8655567426 0.6489165455 0.05614866589 -0.04502529063 0.2000142518 0.4499430571 -0.005984500513 0.05386935377 0.2471020747 -0.9654035923 -0.136196123 -0.2223657348 0.06623222016 0.6967194209 -0.7142795962 0.2522086377 -0.7042958644 -0.6635948601 0.0003142308599 0.07467772564 0
0.8719490291 0.6537089066 0.05656333352 -0.04565305917 0.2011944102 0.4491057087 -0.00607182177 0.05424678822 0.246986835 -0.9644288112 -0.1389059348 -0.2249048896 0.06751963848 0.693140477 -0.7176331776 0.2555741899 -0.7072916092 -0.6591057678 0.0003204315424 0.07522923358 0
0.8783413155 0.6585012677 0.05697800114 -0.04628430721 0.2023683682 0.448263719 -0.006159744484 0.05462377875 0.2468708015 -0.963434872 -0.1416442693 -0.2274426267 0.06881943402 0.6895594725 -0.7209518842 0.2589539206 -0.7102426591 -0.6545977637 0.0003267163162 0.07578074151 0
