0.006840776237 0.004406622829 -0.001000189894 -2.562292779e-06 0.001744388315 0.5099960223 -3.217388116e-07 0.0004344545071 0.2549995065 -0.9999999999 -6.72011196e-08 -1.49219459e-05 3.436663186e-08 0.9999768355 -0.006806497992 1.492205764e-05 -0.006806497991 -0.9999768354 3.120903432e-08 -0.001330252559 0
0.01351594908 0.008706568919 -0.001976166915 -1.000246181e-05 0.003446492775 0.5099844723 -1.262972321e-06 0.000859993849 0.2549980626 -0.9999999983 -5.214923294e-07 -5.824935672e-05 2.618802795e-07 0.9999095743 -0.01344779576 5.82511024e-05 -0.01344779575 -0.9999095726 6.162266058e-08 -0.002628301997 0
0.02019112192 0.01300651501 -0.002952143936 -2.232172725e-05 0.005148488591 0.5099653481 -2.828576585e-06 0.00128626737 0.2549956607 -0.9999999916 -1.740008565e-06 -0.0001299844504 8.715032363e-07 0.9997982107 -0.02008825417 0.0001299931747 -0.02008825412 -0.9997982022 5.053051645e-08 -0.003926351435 0
0.02686629476 0.0173064611 -0.003928120958 -3.95196231e-05 0.006850322109 0.5099386503 -5.018054296e-06 0.001712663146 0.2549923016 -0.9999999735 -4.100025395e-06 -0.0002301164205 2.051866518e-06 0.9996427577 -0.02672745883 0.0002301437964 -0.0267274586 -0.9996427312 6.517740222e-09 -0.005224400874 0
0.03354146761 0.02160640719 -0.004904097979 -6.159549878e-05 0.008551939687 0.5099043801 -7.830492858e-06 0.00213901553 0.2549879867 -0.9999999357 -7.978634095e-06 -0.0003586301826 3.991502826e-06 0.9994432335 -0.0333649955 0.0003586967164 -0.03336499479 -0.9994431692 7.727719022e-08 -0.006522450312 0
0.04021664045 0.02590635328 -0.005880075 -8.854851924e-05 0.01025328769 0.5098625386 -1.126535844e-05 0.00256529643 0.2549827169 -0.999999867 -1.375268076e-05 -0.0005155063766 6.878814071e-06 0.9991996617 -0.04000045015 0.0005156439105 -0.04000044838 -0.9991995287 1.810617671e-07 -0.00782049975 0
0.04689181329 0.03020629937 -0.006856052021 -0.0001203776649 0.01195431249 0.5098131275 -1.532235923e-05 0.002991508294 0.2549764925 -0.9999997543 -2.179870545e-05 -0.0007007213696 1.090203891e-05 0.9989120707 -0.04663340901 0.0007009755823 -0.04663340519 -0.998911825 3.082397194e-07 -0.009118549189 0
0.05356698613 0.03450624546 -0.007832029043 -0.0001570817318 0.01365496048 0.5097561486 -2.000132067e-05 0.003417657814 0.2549693139 -0.9999995815 -3.249288141e-05 -0.0009142472595 1.624922031e-05 0.9985804944 -0.05326345864 0.0009146801636 -0.05326345121 -0.998580076 4.576405933e-07 -0.01041659863 0
0.06024215898 0.03880619155 -0.008808006064 -0.0001986593316 0.01535517807 0.5096916042 -2.530212278e-05 0.003843750326 0.2549611813 -0.9999993307 -4.621095428e-05 -0.001156051879 2.310817316e-05 0.9982049715 -0.05989018596 0.001156744315 -0.05989017259 -0.9982043023 6.286960783e-07 -0.01171464807 0
0.06691733182 0.04310613764 -0.009783983085 -0.0002451088916 0.01705491167 0.5096194966 -3.122467054e-05 0.004269789105 0.2549520948 -0.9999989811 -6.332818146e-05 -0.001426098799 3.166645187e-05 0.9977855462 -0.06651317831 0.001427152928 -0.0665131557 -0.9977845275 8.211292509e-07 -0.0130126975 0
0.07275810806 0.04686859047 -0.01063796298 -0.0002897474098 0.01854173945 0.5095502004 -3.69168591e-05 0.004642530203 0.2549433616 -0.9999985762 -8.138870931e-05 -0.00168552549 4.069614431e-05 0.9973825738 -0.07230490874 0.001686998555 -0.07230487439 -0.9973811504 1.006949609e-06 -0.01414849076 0
0.0794332809 0.05116853656 -0.01161394 -0.000345327015 0.02024042126 0.5094639194 -4.400495517e-05 0.005068471353 0.2549324869 -0.9999979775 -0.0001058888298 -0.002008413732 5.294513284e-05 0.996880968 -0.07891978749 0.002010506149 -0.07891973421 -0.9968789462 1.239223699e-06 -0.0154465402 0
0.08610845374 0.05546848265 -0.01258991702 -0.0004057730329 0.02193846517 0.5093700839 -5.171456004e-05 0.005494359982 0.2549206586 -0.9999972075 -0.0001348637015 -0.002359415863 6.743092288e-05 0.996335615 -0.08552974772 0.002362304914 -0.08552966798 -0.9963328236 1.492763391e-06 -0.01674458964 0
0.09278362658 0.05976842874 -0.01356589404 -0.0004710831774 0.0236358177 0.5092686974 -6.004558972e-05 0.005920194793 0.2549078769 -0.9999962361 -0.0001686861182 -0.002738479004 8.433975458e-05 0.9957465788 -0.0921343789 0.00274237289 -0.09213426309 -0.9957428167 1.767641244e-06 -0.01804263908 0
0.09945879943 0.06406837483 -0.01454187106 -0.0005412549785 0.0253324254 0.5091597638 -6.899795635e-05 0.006345973975 0.254894142 -0.9999950312 -0.0002077280905 -0.003145546044 0.0001038574505 0.9951139283 -0.09873327119 0.003150686355 -0.09873310729 -0.9951089622 2.063960569e-06 -0.01934068852 0
0.1061339723 0.06836832092 -0.01551784809 -0.0006162857823 0.02702823484 0.509043287 -7.85715674e-05 0.006771695347 0.2548794539 -0.9999935579 -0.0002523607863 -0.003580555654 0.0001261693835 0.9944377379 -0.1053260155 0.003587219821 -0.1053257887 -0.9944312998 2.381848329e-06 -0.02063873795 0
0.1128091451 0.07266826701 -0.01649382511 -0.0006961727514 0.02872319263 0.5089192717 -8.876632519e-05 0.007197356449 0.2548638128 -0.9999917794 -0.0003029544703 -0.004043442293 0.0001514604449 0.9937180867 -0.1119122034 0.004051946042 -0.1119118958 -0.9937098718 2.721450732e-06 -0.02193678739 0
0.119484318 0.0769682131 -0.01746980213 -0.0007809128647 0.03041724541 0.5087877224 -9.958212654e-05 0.007622954618 0.2548472189 -0.999989656 -0.0003598784444 -0.00453413622 0.000179915012 0.992955059 -0.1184914275 0.004544836009 -0.1184910175 -0.9929447231 3.082930355e-06 -0.02323483683 0
0.1261594908 0.08126815919 -0.01844577915 -0.0008705029179 0.03211033987 0.5086486441 -0.0001110188626 0.00804848703 0.2548296724 -0.999987146 -0.0004235009879 -0.005052563501 0.0002117169172 0.9921487443 -0.1250632811 0.005065858957 -0.1250627432 -0.9921359016 3.466464255e-06 -0.02453288627 0
0.1328346636 0.08556810528 -0.01942175617 -0.0009649395233 0.03380242273 0.5085020421 -0.0001230764187 0.008473950743 0.2548111734 -0.9999842053 -0.0004941892979 -0.005598646024 0.0002470494153 0.9912992371 -0.1316273585 0.005614982364 -0.1316266626 -0.9912834578 3.872242645e-06 -0.02583093571 0
0.1395098365 0.08986805137 -0.02039773319 -0.00106421911 0.03549344076 0.508347922 -0.0001357546743 0.00889934272 0.2547917221 -0.9999807874 -0.00057230943 -0.006172301506 0.0002860951522 0.9904066368 -0.1381832551 0.006192171956 -0.1381823661 -0.9903874447 4.300467957e-06 -0.02712898515 0
0.1461850093 0.09416799746 -0.02137371021 -0.001168337924 0.03718334076 0.5081862895 -0.0001490535027 0.009324659851 0.2547713188 -0.9999768433 -0.0006582262388 -0.006773443509 0.0003290361335 0.9894710479 -0.1447305671 0.006797391704 -0.1447294443 -0.9894479185 4.75135415e-06 -0.02842703458 0
0.1528601822 0.09846794355 -0.02234968723 -0.00127729203 0.03887206959 0.5080171507 -0.0001629727715 0.009749898968 0.2547499635 -0.999972322 -0.0007523033193 -0.00740198145 0.0003760536926 0.9884925801 -0.1512688921 0.007430603831 -0.1512674888 -0.9884649376 5.225126169e-06 -0.02972508402 0
0.159535355 0.1027678896 -0.02332566426 -0.001391077308 0.04055957416 0.5078405121 -0.0001775123419 0.01017505686 0.2547276566 -0.9999671698 -0.0008549029475 -0.008057820617 0.0004273284596 0.9874713478 -0.1577978285 0.008091768814 -0.1577960913 -0.9874385636 5.722019537e-06 -0.03102313346 0
0.1653761312 0.1065303425 -0.02417964415 -0.00149459912 0.04203509468 0.5076798064 -0.0001907431936 0.01054700082 0.2547073576 -0.9999621003 -0.000951952524 -0.008653997833 0.0004758275619 0.9865427832 -0.1635026317 0.00869318585 -0.1635005529 -0.9865049406 6.175960905e-06 -0.03215892672 0
0.1720513041 0.1108302886 -0.02515562117 -0.001617431109 0.04372016083 0.5074891238 -0.0002064454348 0.01097199761 0.2546832669 -0.9999556131 -0.001071503537 -0.009360757196 0.000535568867 0.9854416936 -0.1700128869 0.009406649834 -0.1700103539 -0.985397379 6.716876963e-06 -0.03345697616 0
0.1787264769 0.1151302346 -0.02613159819 -0.001745081412 0.04540385037 0.5072909614 -0.0002227675451 0.01139690375 0.2546582252 -0.9999483282 -0.001200610765 -0.01009452261 0.0006000824908 0.9842981965 -0.1765126063 0.01014794333 -0.1765095431 -0.9842466157 7.281647432e-06 -0.0347550256 0
0.1854016498 0.1194301807 -0.02710757521 -0.001877545205 0.04708611042 0.5070853265 -0.0002397093623 0.0118217159 0.2546322327 -0.9999401834 -0.001339630824 -0.01085518348 0.0006695460433 0.9831124258 -0.1830013934 0.01091702007 -0.1829977149 -0.9830527224 7.870545919e-06 -0.03605307503 0
0.1920768226 0.1237301268 -0.02808355223 -0.002014817481 0.04876688815 0.5068722271 -0.0002572707179 0.01224643073 0.2546052898 -0.9999311138 -0.001488918722 -0.01164262518 0.00074413628 0.98188452 -0.1894788529 0.01171383205 -0.1894744641 -0.9818157737 8.483855281e-06 -0.03735112447 0
0.1987519955 0.1280300729 -0.02905952926 -0.002156893052 0.05044613081 0.5066516711 -0.0002754514374 0.01267104487 0.2545773967 -0.9999210525 -0.001648827812 -0.01245672903 0.0008240290705 0.9806146226 -0.1959445913 0.01253832953 -0.1959393866 -0.9805358469 9.121867415e-06 -0.03864917391 0
0.2054271683 0.132330019 -0.03003550628 -0.002303766551 0.05212378569 0.5064236668 -0.0002942513402 0.01309555497 0.2545485536 -0.9999099302 -0.001819709726 -0.01329737232 0.0009093993685 0.9793028822 -0.2023982162 0.01339046105 -0.2023920789 -0.9792130218 9.784883073e-06 -0.03994722335 0
0.2121023411 0.1366299651 -0.0310114833 -0.002455432426 0.05379980018 0.5061882229 -0.0003136702395 0.01351995764 0.2545187608 -0.9998976754 -0.002001914323 -0.01416442836 0.001000421181 0.9779494519 -0.208839337 0.01427017341 -0.208832138 -0.9778473809 1.047321167e-05 -0.04124527279 0
0.218777514 0.1409299112 -0.03198746032 -0.002611884947 0.0554741217 0.5059453484 -0.0003337079423 0.0139442495 0.2544880187 -0.9998842144 -0.002195789629 -0.01505776645 0.001097267539 0.9765544898 -0.2152675647 0.01517741172 -0.2152591622 -0.9764390095 1.118717112e-05 -0.04254332223 0
0.2254526868 0.1452298573 -0.03296343734 -0.002773118203 0.05714669778 0.5056950522 -0.0003543642496 0.01436842715 0.2544563276 -0.9998694712 -0.002401681783 -0.01597725193 0.001200110466 0.9751181589 -0.2216825116 0.01611211933 -0.2216727501 -0.9749879956 1.192708764e-05 -0.04384137166 0
0.2321278597 0.1495298034 -0.03393941436 -0.002939126104 0.058817476 0.505437344 -0.0003756389561 0.0147924872 0.2544236877 -0.9998533676 -0.002619934979 -0.01692274619 0.001309120949 0.9736406267 -0.2280837921 0.01707423792 -0.2280725015 -0.9734944296 1.269329557e-05 -0.0451394211 0
0.2388030325 0.1538297495 -0.03491539138 -0.003109902378 0.06048640401 0.5051722335 -0.0003975318506 0.01521642625 0.2543900994 -0.9998358232 -0.002850891412 -0.01789410672 0.001424468907 0.9721220657 -0.2344710221 0.01806370741 -0.234458017 -0.9719584048 1.348613725e-05 -0.04643747054 0
0.2454782054 0.1581296955 -0.03589136841 -0.003285440575 0.06215342955 0.5048997305 -0.0004200427156 0.01564024088 0.254355563 -0.9998167556 -0.003094891219 -0.01889118706 0.001546323164 0.9705626531 -0.2408438192 0.01908046606 -0.2408288978 -0.9703800172 1.430596279e-05 -0.04773551998 0
0.2513189816 0.1618921484 -0.0367453483 -0.003442937554 0.06361047526 0.5046552346 -0.0004402464757 0.01601097394 0.2543245663 -0.9997987552 -0.00331935648 -0.01978461258 0.001658414699 0.9691647988 -0.2464078782 0.01999246566 -0.246391101 -0.9689642546 1.504572642e-05 -0.04887131324 0
0.2579941544 0.1661920945 -0.03772132532 -0.003627386346 0.0652737931 0.504368899 -0.0004639154278 0.01643454611 0.2542882532 -0.9997766014 -0.003588721999 -0.02082950939 0.001792919358 0.9675292831 -0.25275259 0.02106021907 -0.252733471 -0.9673067041 1.591711687e-05 -0.05016936268 0
0.2646693273 0.1704920406 -0.03869730234 -0.003816577519 0.06693505868 0.5040752014 -0.000488201691 0.01685798406 0.2542509931 -0.9997526748 -0.003872096837 -0.02189968346 0.001934409311 0.9658534512 -0.2590817802 0.02215507459 -0.2590600657 -0.9656070811 1.681653977e-05 -0.05146741211 0
0.2713445001 0.1747919866 -0.03967327936 -0.004010503927 0.06859422004 0.5037741529 -0.0005131050241 0.01728128437 0.2542127864 -0.9997268846 -0.004169812644 -0.02299497343 0.002083048856 0.9641374983 -0.265395074 0.02327696389 -0.2653704902 -0.9638654916 1.774437391e-05 -0.05276546155 0
0.278019673 0.1790919327 -0.04064925638 -0.004209158251 0.07025122535 0.5034657649 -0.0005386251797 0.01770444363 0.2541736333 -0.9996991379 -0.004482198749 -0.02411521415 0.002239001054 0.9623816242 -0.2716920984 0.02442581694 -0.2716643506 -0.9620820444 1.870100509e-05 -0.05406351099 0
0.2846948458 0.1833918788 -0.04162523341 -0.00441253299 0.07190602284 0.5031500489 -0.0005647619043 0.01812745842 0.2541335343 -0.9996693395 -0.004809582103 -0.02526023668 0.002402427695 0.9605860332 -0.2779724827 0.02560156202 -0.277941254 -0.9602568507 1.968682597e-05 -0.05536156043 0
0.2913700186 0.1876918249 -0.04260121043 -0.004620620467 0.07355856083 0.502827017 -0.0005915149384 0.01855032532 0.2540924898 -0.9996373923 -0.005152287228 -0.02642986835 0.002573489278 0.9587509344 -0.2842358579 0.02680412576 -0.2842008088 -0.9583900245 2.07022359e-05 -0.05665960987 0
0.2980451915 0.191991771 -0.04357718745 -0.004833412829 0.07520878777 0.5024966813 -0.0006188840162 0.01897304092 0.2540505003 -0.9996031969 -0.005510636161 -0.02762393278 0.002752344976 0.9568765412 -0.2904818576 0.02803343308 -0.2904426241 -0.9564816824 2.174764075e-05 -0.05795765931 0
0.3047203643 0.1962917171 -0.04455316447 -0.005050902045 0.07685665216 0.5021590542 -0.0006468688658 0.0193956018 0.254007566 -0.9995666521 -0.005884948407 -0.02884224987 0.00293915261 0.9549630714 -0.2967101172 0.02928940725 -0.2966663103 -0.9545319434 2.282345278e-05 -0.05925570874 0
0.3113955372 0.2005916632 -0.04552914149 -0.005273079908 0.07850210263 0.5018141486 -0.0006754692094 0.01981800454 0.2539636875 -0.9995276546 -0.006275540879 -0.03008463587 0.003134068622 0.9530107475 -0.3029202747 0.03057196988 -0.302871479 -0.9525409292 2.393009049e-05 -0.06055375818 0
0.31807071 0.2048916093 -0.04650511851 -0.005499938036 0.08014508791 0.5014619774 -0.0007046847628 0.02024024572 0.2539188652 -0.999486099 -0.006682727852 -0.03135090339 0.003337248046 0.9510197962 -0.3091119701 0.03188104092 -0.3090577429 -0.9505087642 2.506797843e-05 -0.06185180762 0
0.3247458829 0.2091915554 -0.04748109553 -0.005731467868 0.08178555682 0.5011025539 -0.0007345152358 0.02066232193 0.2538730995 -0.9994418779 -0.007106820912 -0.03264086141 0.003548844483 0.9489904487 -0.3152848459 0.03321653865 -0.3152247158 -0.9484355751 2.623754711e-05 -0.06314985706 0
0.3314210557 0.2134915015 -0.04845707255 -0.005967660673 0.08342345829 0.5007358917 -0.0007649603322 0.02108422975 0.253826391 -0.999394882 -0.007548128897 -0.03395431534 0.003769010069 0.9469229404 -0.3214385469 0.03457837971 -0.3213720128 -0.9463214914 2.74392328e-05 -0.0644479065 0
0.3380962285 0.2177914475 -0.04943304958 -0.00620850754 0.08505874136 0.5003620045 -0.0007960197496 0.02150596576 0.25377874 -0.9993450001 -0.008006957858 -0.03529106704 0.003997895455 0.9448175114 -0.3275727203 0.0359664791 -0.3274992501 -0.944166645 2.867347742e-05 -0.06574595594 0
0.3439370048 0.2215539004 -0.05028702947 -0.006423059198 0.08648742617 0.5000289377 -0.0008237004325 0.02187484116 0.2537362726 -0.9992988969 -0.008423044303 -0.03647967776 0.004205440404 0.9429443457 -0.3329238278 0.03720253803 -0.332843827 -0.942247822 2.978050157e-05 -0.06688174919 0
0.3506121776 0.2258538465 -0.05126300649 -0.006672607815 0.08811766278 0.4996415421 -0.0008559108654 0.02229624584 0.2536868559 -0.9992432969 -0.008915540049 -0.03785956642 0.004451076163 0.9407684763 -0.3390204447 0.03863963697 -0.3389324227 -0.9400169101 3.107700434e-05 -0.06817979863 0
0.3572873505 0.2301537926 -0.05223898351 -0.006926783911 0.0897451351 0.4992469629 -0.0008887347158 0.0227174689 0.253636498 -0.99918448 -0.009426420646 -0.03926216362 0.004705856302 0.9385553992 -0.3450965338 0.04010274074 -0.3449998628 -0.9377456291 3.240736671e-05 -0.06947784807 0
0.3639625233 0.2344537386 -0.05321496053 -0.007185577906 0.09136979261 0.4988452149 -0.0009221716577 0.02313850694 0.2535851997 -0.9991223276 -0.009955980847 -0.0406872577 0.004969925451 0.9363053706 -0.3511517519 0.04159175801 -0.3510457683 -0.9354341207 3.377205113e-05 -0.07077589751 0
0.3706376962 0.2387536847 -0.05419093755 -0.007448980043 0.0929915849 0.4984363133 -0.0009562213591 0.02355935654 0.2535329613 -0.999056719 -0.01050451237 -0.0421346336 0.005243426622 0.9340186509 -0.3571857588 0.04310659585 -0.3570697621 -0.9330825292 3.517152502e-05 -0.07207394695 0
0.377312869 0.2430536308 -0.05516691458 -0.007716980396 0.09461046169 0.4980202735 -0.0009908834816 0.02398001429 0.2534797834 -0.9989875319 -0.01107230386 -0.04360407288 0.005526501184 0.9316955045 -0.3631982167 0.0446471597 -0.3630714681 -0.9306910015 3.660626065e-05 -0.07337199639 0
0.3839880418 0.2473535769 -0.0561428916 -0.007989568864 0.09622637282 0.4975971112 -0.001026157681 0.0244004768 0.2534256666 -0.9989146419 -0.01165964082 -0.04509535376 0.00581928884 0.9293362 -0.3691887907 0.0462133534 -0.3690505116 -0.9282596867 3.807673499e-05 -0.07467004582 0
0.3906632147 0.251653523 -0.05711886862 -0.008266735177 0.09783926825 0.4971668423 -0.001062043607 0.02482074065 0.2533706113 -0.998837923 -0.01226680558 -0.04660825114 0.006121927598 0.9269410099 -0.3751571486 0.04780507918 -0.3750065194 -0.9257887366 3.958342961e-05 -0.07596809526 0
0.3973383875 0.2559534691 -0.05809484564 -0.008548468893 0.09944909806 0.4967294831 -0.001098540903 0.02524080245 0.2533146181 -0.9987572473 -0.01289407724 -0.04814253664 0.006434553748 0.9245102107 -0.3811029609 0.0494222377 -0.3809391199 -0.9232783055 4.112683052e-05 -0.0772661447 0
0.4040135604 0.2602534152 -0.05907082266 -0.008834759399 0.1010558125 0.4962850499 -0.001135649206 0.02566065879 0.2532576877 -0.9986724851 -0.01354173165 -0.04969797863 0.006757301839 0.9220440829 -0.387025901 0.05106472802 -0.3868479426 -0.9207285501 4.270742811e-05 -0.07856419414 0
0.4106887332 0.2645533613 -0.06004679968 -0.009125595913 0.1026593618 0.4958335596 -0.001173368148 0.02608030628 0.2531998204 -0.998583505 -0.01421004132 -0.05127434229 0.007090304652 0.9195429109 -0.3929256452 0.05273244761 -0.3927326188 -0.9181396294 4.432571696e-05 -0.07986224358 0
0.4173639061 0.2688533074 -0.0610227767 -0.009420967483 0.1042596966 0.4953750291 -0.001211697355 0.02649974151 0.253141017 -0.9984901741 -0.01489927541 -0.05287138959 0.007433693179 0.9170069828 -0.3988018728 0.05442529238 -0.3985927811 -0.9155117052 4.598219579e-05 -0.08116029302 0
0.4240390789 0.2731532535 -0.06199875373 -0.009720862987 0.1058567675 0.4949094758 -0.001250636444 0.02691896109 0.253081278 -0.9983923574 -0.01560969968 -0.05448887938 0.007787596594 0.9144365908 -0.4046542658 0.05614315666 -0.4044280638 -0.9128449415 4.767736732e-05 -0.08245834245 0
0.4298798551 0.2769157063 -0.06285273362 -0.009986973722 0.1072514883 0.4944963694 -0.001285208139 0.02728559866 0.2530282394 -0.9983029808 -0.01624890977 -0.05592076023 0.008105987729 0.912159459 -0.4097553103 0.05766672746 -0.4095132407 -0.9104797934 4.919278066e-05 -0.08359413571 0
0.436555028 0.2812156524 -0.06382871064 -0.01029532104 0.1088423066 0.4940176956 -0.001325289713 0.02770440477 0.2529667478 -0.9981963842 -0.01699976987 -0.0575759189 0.008479948315 0.9095252474 -0.4155621673 0.05943121309 -0.4153008936 -0.9077406561 5.09618694e-05 -0.08489218515 0
0.4432302008 0.2855155985 -0.06480468766 -0.01060815939 0.1104297197 0.4935320499 -0.001365980042 0.02812298548 0.2529043224 -0.998084905 -0.01777256481 -0.05925080956 0.008864784854 0.9068574324 -0.4213442926 0.06122040577 -0.4210626239 -0.9049631642 5.277111744e-05 -0.08619023459 0
0.4499053737 0.2898155445 -0.06578066468 -0.01092547698 0.1120136788 0.4930394508 -0.001407278721 0.0285413374 0.2528409637 -0.997968402 -0.01856754675 -0.0609451792 0.00926061927 0.9041563205 -0.4271013803 0.06303419382 -0.4267980721 -0.9021474913 5.462104197e-05 -0.08748828403 0
0.4565805465 0.2941154906 -0.0667566417 -0.01124726189 0.1135941352 0.4925399167 -0.001449185341 0.02895945716 0.2527766724 -0.9978467325 -0.0193849642 -0.06265877187 0.009667571562 0.9014222217 -0.4328331275 0.06487246403 -0.4325068801 -0.899293813 5.651216371e-05 -0.08878633347 0
0.4632557193 0.2984154367 -0.06773261873 -0.01157350201 0.1151710404 0.4920334663 -0.001491699485 0.02937734137 0.2527114492 -0.9977197521 -0.02022506204 -0.06439132867 0.01008575978 0.8986554498 -0.4385392344 0.06673510165 -0.4381886916 -0.8964023074 5.844500674e-05 -0.0900843829 0
0.4699308922 0.3027153828 -0.06870859575 -0.01190418507 0.1167443458 0.4915201188 -0.001534820731 0.02979498666 0.2526452948 -0.9975873149 -0.02108808144 -0.06614258783 0.01051530001 0.8958563218 -0.4442194044 0.06862199042 -0.443843152 -0.8934731551 6.042009848e-05 -0.09138243234 0
0.476606065 0.3070153289 -0.06968457277 -0.01223929863 0.1183140033 0.4909998935 -0.00157854865 0.03021238964 0.2525782096 -0.9974492736 -0.02197425981 -0.06791228472 0.01095630633 0.8930251584 -0.4498733443 0.07053301257 -0.4494699083 -0.8905065388 6.243796953e-05 -0.09268048178 0
0.4832812379 0.311315275 -0.07066054979 -0.0125788301 0.1198799648 0.4904728098 -0.001622882809 0.03062954694 0.2525101945 -0.9973054793 -0.02288383082 -0.06970015189 0.01140889082 0.8901622836 -0.455500764 0.0724680488 -0.4550686092 -0.8875026438 6.449915364e-05 -0.09397853122 0
0.4899564107 0.3156152211 -0.07163652681 -0.01292276671 0.1214421824 0.4899388877 -0.001667822765 0.0310464552 0.2524412502 -0.9971557817 -0.02381702429 -0.07150591913 0.01187316353 0.887268025 -0.4611013769 0.07442697834 -0.4606389053 -0.8844616576 6.660418759e-05 -0.09527658066 0
0.4966315836 0.3199151672 -0.07261250383 -0.01327109553 0.1230006082 0.4893981472 -0.001713368074 0.03146311103 0.2523713772 -0.9970000288 -0.02477406619 -0.0733293135 0.01234923244 0.8843427133 -0.4666748996 0.07640967892 -0.466180449 -0.8813837699 6.875361112e-05 -0.0965746301 0
0.5033067564 0.3242151133 -0.07358848085 -0.01362380349 0.1245551945 0.4888506086 -0.001759518282 0.03187951108 0.2523005763 -0.9968380676 -0.0257551786 -0.07517005935 0.01283720346 0.8813866826 -0.4722210521 0.07841602677 -0.4716928944 -0.878269173 7.094796683e-05 -0.09787267953 0
0.5099819292 0.3285150594 -0.07456445787 -0.01398087732 0.126105894 0.4882962924 -0.001806272932 0.03229565198 0.2522288483 -0.9966697434 -0.02676057965 -0.07702787839 0.01333718041 0.8784002701 -0.4777395579 0.08044589667 -0.4771758972 -0.8751180611 7.318780014e-05 -0.09917072897 0
0.5158227055 0.3322775122 -0.07541843777 -0.01429688776 0.1274595305 0.4878057225 -0.001847678715 0.03265956004 0.2521653262 -0.9965171175 -0.02766039831 -0.07866725463 0.01378458885 0.8757625043 -0.4825453567 0.08224122869 -0.4819491037 -0.8723310391 7.518539095e-05 -0.1003065222 0
0.5224978783 0.3365774583 -0.07639441479 -0.01466211134 0.1290028147 0.4872387548 -0.001895565434 0.03307520597 0.2520918616 -0.9963364413 -0.02871191468 -0.08055632675 0.01430734936 0.8727200463 -0.4880112915 0.08431485977 -0.487375981 -0.8691119937 7.751197421e-05 -0.1016045717 0
0.5291730512 0.3408774044 -0.07737039181 -0.01503166179 0.1305420766 0.4866650701 -0.001944055243 0.0334905831 0.2520174719 -0.9961489501 -0.02978832459 -0.08246165756 0.01484240244 0.8696481939 -0.4934488038 0.0864116447 -0.4927724369 -0.865857005 7.9885618e-05 -0.1029026211 0
0.535848224 0.3451773505 -0.07834636883 -0.01540552525 0.1320772691 0.48608469 -0.001993147659 0.03390568807 0.2519421579 -0.9959544842 -0.0308898306 -0.08438295888 0.01538984358 0.8665472965 -0.4988576306 0.08853145259 -0.4981381347 -0.8625662761 8.230687788e-05 -0.1042006705 0
0.5425233968 0.3494772965 -0.07932234585 -0.01578368769 0.1336083458 0.4854976362 -0.002042842195 0.03432051754 0.2518659202 -0.9957528826 -0.03201663115 -0.08631994008 0.01594976614 0.8634177066 -0.5042375123 0.09067415114 -0.5034727393 -0.8592400125 8.477631183e-05 -0.10549872 0
0.5491985697 0.3537772426 -0.08029832287 -0.01616613492 0.13513526 0.4849039308 -0.002093138356 0.03473506815 0.2517887597 -0.9955439831 -0.03316892053 -0.08827230812 0.01652226123 0.8602597794 -0.5095881933 0.0928396066 -0.5087759178 -0.8558784218 8.729448024e-05 -0.1067967694 0
0.5558737425 0.3580771887 -0.0812742999 -0.01655285258 0.1366579655 0.484303596 -0.002144035644 0.03514933656 0.2517106771 -0.9953276222 -0.03434688886 -0.0902397676 0.01710741776 0.8570738733 -0.5149094212 0.0950276838 -0.5140473393 -0.8524817138 8.98619458e-05 -0.1080948189 0
0.5625489154 0.3623771348 -0.08225027692 -0.01694382617 0.1381764161 0.4836966544 -0.002195533552 0.03556331942 0.2516316732 -0.9951036353 -0.03555072205 -0.0922220208 0.01770532238 0.8538603491 -0.5202009475 0.09723824617 -0.5192866746 -0.8490501005 9.247927345e-05 -0.1093928683 0
0.5692240882 0.3666770809 -0.08322625394 -0.01733904102 0.139690566 0.4830831286 -0.002247631569 0.03597701341 0.2515517488 -0.9948718566 -0.03678060177 -0.09421876773 0.01831605949 0.8506195709 -0.5254625273 0.09947115573 -0.5244935967 -0.8455837961 9.514703036e-05 -0.1106909177 0
0.5758992611 0.370977027 -0.08420223096 -0.01773848233 0.1412003692 0.4824630419 -0.002300329177 0.03639041519 0.2514709047 -0.9946321193 -0.0380367054 -0.09622970614 0.01893971124 0.8473519052 -0.5306939194 0.1017262731 -0.5296677806 -0.842083017 9.786578582e-05 -0.1119889672 0
0.5825744339 0.3752769731 -0.08517820798 -0.01814213511 0.1427057802 0.4818364172 -0.002353625852 0.03680352142 0.2513891417 -0.9943842552 -0.03931920603 -0.09825453163 0.01957635745 0.8440577213 -0.5358948864 0.1040034575 -0.5348089033 -0.8385479818 0.0001006361112 -0.1132870166 0
0.5892496067 0.3795769192 -0.086154185 -0.01854998424 0.1442067536 0.4812032783 -0.002407521065 0.03721632878 0.2513064606 -0.9941280954 -0.04062827241 -0.1002929376 0.02022607566 0.8407373912 -0.5410651947 0.1063025669 -0.539916644 -0.834978911 0.0001034585799 -0.1145850661 0
0.5959247796 0.3838768653 -0.08713016202 -0.01896201443 0.1457032442 0.4805636487 -0.002462014279 0.03762883394 0.2512228622 -0.9938634698 -0.04196406892 -0.1023446155 0.02088894107 0.8373912893 -0.5462046143 0.1086234576 -0.5449906839 -0.8313760274 0.0001063337674 -0.1158831155 0
0.6025999524 0.3881768114 -0.08810613904 -0.01937821025 0.1471952068 0.4799175524 -0.002517104955 0.03804103357 0.2511383474 -0.9935902072 -0.04332675556 -0.1044092545 0.02156502656 0.8340197927 -0.5513129194 0.1109659849 -0.5500307061 -0.827739556 0.0001092622509 -0.1171811649 0
0.6084407287 0.3919392642 -0.08896011894 -0.01974578646 0.1484969246 0.4793469326 -0.00256579897 0.03840145502 0.2510636459 -0.9933438821 -0.04454128708 -0.1062262 0.02216750146 0.8310491998 -0.5557569878 0.1130333301 -0.5544125732 -0.8245302693 0.0001118688487 -0.1183169582 0
0.6151159015 0.3962392103 -0.08993609596 -0.0201697507 0.1499802767 0.4786887767 -0.002622008404 0.03881307286 0.2509774151 -0.9930539606 -0.04595480851 -0.1083142967 0.0228685628 0.8276311128 -0.560806357 0.1154160307 -0.5593879662 -0.820831434 0.000114898825 -0.1196150076 0
0.6217910744 0.4005391564 -0.09091207298 -0.02059783534 0.1514589725 0.4780242244 -0.002678813709 0.03922437565 0.2508902703 -0.9927549048 -0.0473956553 -0.1104144503 0.02358304057 0.8241887285 -0.5658239832 0.1178199439 -0.564328443 -0.8170996691 0.0001179837675 -0.1209130571 0
0.6284662472 0.4048391025 -0.09188805 -0.02103002436 0.1529329677 0.4773533006 -0.002736214319 0.03963536008 0.2508022124 -0.99244654 -0.04886397014 -0.1125263425 0.02431099845 0.8207224334 -0.5708096554 0.1202449196 -0.5692336952 -0.8133352074 0.0001211242606 -0.1222111065 0
0.63514142 0.4091390485 -0.09286402702 -0.0214663016 0.1544022181 0.4766760302 -0.002794209666 0.04004602283 0.2507132423 -0.9921286904 -0.05035989122 -0.1146496532 0.02505249769 0.8172326159 -0.5757631665 0.1226908064 -0.5741034166 -0.8095382839 0.0001243208905 -0.1235091559 0
0.6418165929 0.4134389946 -0.09384000405 -0.02190665072 0.1558666798 0.4759924388 -0.002852799171 0.04045636062 0.2506233609 -0.9918011798 -0.05188355215 -0.1167840606 0.02580759715 0.8137196667 -0.5806843135 0.1251574517 -0.5789373032 -0.8057091356 0.0001275742448 -0.1248072054 0
0.6484917657 0.4177389407 -0.09481598107 -0.02235105525 0.1573263092 0.4753025517 -0.002911982254 0.04086637014 0.250532569 -0.9914638307 -0.05343508197 -0.1189292412 0.02657635324 0.8101839788 -0.5855728972 0.1276447016 -0.5837350534 -0.8018480016 0.000130884913 -0.1261052548 0
0.6551669386 0.4220388868 -0.09579195809 -0.02279949859 0.1587810628 0.4746063949 -0.002971758325 0.04127604809 0.2504408676 -0.9911164652 -0.05501460513 -0.1210848696 0.02735881994 0.8066259471 -0.5904287225 0.1301524007 -0.5884963675 -0.7979551228 0.0001342534862 -0.1274033043 0
0.6618421114 0.4263388329 -0.09676793511 -0.02325196397 0.1602308971 0.4739039943 -0.003032126791 0.0416853912 0.2503482575 -0.9907589044 -0.05662224144 -0.123250619 0.02815504874 0.8030459688 -0.5952515983 0.1326803925 -0.5932209486 -0.7940307422 0.0001376805567 -0.1287013537 0
0.6685172843 0.430638779 -0.09774391213 -0.02370843447 0.1616757692 0.4731953763 -0.003093087051 0.04209439615 0.2502547398 -0.9903909689 -0.05825810608 -0.125426161 0.02896508869 0.7994444426 -0.6000413376 0.1352285192 -0.5979085016 -0.7900751049 0.0001411667189 -0.1299994031 0
0.6751924571 0.4349387251 -0.09871988915 -0.02416889304 0.1631156362 0.4724805672 -0.0031546385 0.04250305969 0.2501603153 -0.9900124783 -0.05992230956 -0.1276111654 0.02978898636 0.7958217696 -0.6047977574 0.1377966219 -0.6025587339 -0.7860884576 0.0001447125682 -0.1312974526 0
0.6818676299 0.4392386712 -0.09969586617 -0.02463332247 0.1645504553 0.4717595938 -0.003216780526 0.04291137851 0.250064985 -0.989623252 -0.06161495768 -0.1298053008 0.03062678581 0.7921783525 -0.6095206788 0.1403845401 -0.6071713554 -0.7820710492 0.0001483187017 -0.132595502 0
0.6885428028 0.4435386173 -0.1006718432 -0.02510170544 0.1659801841 0.471032483 -0.003279512512 0.04331934936 0.2499687498 -0.9892231083 -0.06333615156 -0.1320082342 0.03147852861 0.7885145959 -0.614209927 0.1429921124 -0.6117460781 -0.7780231306 0.0001519857179 -0.1338935514 0
0.694383579 0.4473010701 -0.1015258231 -0.02551476992 0.167226988 0.4703912478 -0.00333488646 0.04367603582 0.2498838025 -0.9888638838 -0.06486568854 -0.1339427552 0.03223527222 0.7852924434 -0.6182852623 0.1452897328 -0.615717647 -0.7744563724 0.0001552447714 -0.1350293447 0
0.7010587519 0.4516010162 -0.1025018001 -0.0259905185 0.1686470587 0.4696527027 -0.003398722933 0.04408334538 0.2497858733 -0.988442779 -0.06664066176 -0.1361612826 0.03311326208 0.7815916465 -0.6229109165 0.1479337168 -0.6202205416 -0.7703519294 0.0001590275606 -0.1363273941 0
0.7077339247 0.4559009623 -0.1034777771 -0.02647016994 0.1700619182 0.4689080989 -0.003463147558 0.04449029756 0.2496870421 -0.9880102318 -0.06844444503 -0.1383876432 0.03400530077 0.7778716828 -0.627502418 0.1505968836 -0.6246847229 -0.7662177077 0.0001628729608 -0.1376254436 0
0.7144090975 0.4602009084 -0.1044537542 -0.02695370636 0.1714715248 0.4681574641 -0.003528159693 0.0448968891 0.2495873097 -0.9875660587 -0.07027712101 -0.1406214988 0.03491142006 0.7741329631 -0.6320596081 0.1532790671 -0.6291099123 -0.7620539652 0.0001667815757 -0.138923493 0
0.7210842704 0.4645008545 -0.1054297312 -0.02744110972 0.1728758372 0.4674008263 -0.003593758692 0.04530311674 0.2494866772 -0.9871100756 -0.0721387676 -0.1428625102 0.03583164917 0.7703759 -0.6365823322 0.1559800998 -0.6334958334 -0.7578609619 0.0001707540104 -0.1402215425 0
0.7277594432 0.4688008005 -0.1064057082 -0.02793236185 0.174274814 0.4666382137 -0.003659943903 0.04570897722 0.2493851457 -0.986642098 -0.07402945787 -0.1451103369 0.0367660148 0.7666009073 -0.64107044 0.1586998131 -0.6378422126 -0.7536389594 0.0001747908712 -0.1415195919 0
0.7344346161 0.4731007466 -0.1073816852 -0.02842744443 0.1756684143 0.4658696549 -0.003726714668 0.04611446731 0.249282716 -0.9861619408 -0.07594926006 -0.1473646374 0.03771454104 0.7628084006 -0.6455237853 0.1614380372 -0.6421487786 -0.7493882213 0.0001788927656 -0.1428176413 0
0.7411097889 0.4774006927 -0.1083576622 -0.02892633902 0.1770565975 0.4650951783 -0.003794070323 0.04651958375 0.2491793893 -0.9856694189 -0.07789823756 -0.1496250691 0.03867724943 0.7589987964 -0.6499422263 0.1641946013 -0.6464152626 -0.745109013 0.0001830603025 -0.1441156908 0
0.7477849618 0.4817006388 -0.1093336393 -0.02942902703 0.1784393228 0.4643148128 -0.0038620102 0.04692432329 0.2490751666 -0.9851643464 -0.07987644892 -0.1518912883 0.03965415892 0.7551725127 -0.6543256252 0.1669693332 -0.6506413982 -0.7408016015 0.0001872940918 -0.1454137402 0
0.7544601346 0.4860005849 -0.1103096163 -0.02993548973 0.17981655 0.4635285876 -0.003930533621 0.04732868272 0.2489700488 -0.9846465375 -0.0818839478 -0.1541629506 0.0406452859 0.7513299687 -0.6586738487 0.1697620599 -0.6548269216 -0.7364662557 0.0001915947446 -0.1467117897 0
0.7611353074 0.490300531 -0.1112855933 -0.03044570828 0.1811882391 0.4627365318 -0.003999639907 0.04773265878 0.2488640372 -0.9841158058 -0.08392078298 -0.1564397103 0.04165064413 0.7474715847 -0.6629867675 0.1725726068 -0.6589715717 -0.7321032462 0.0001959628732 -0.1480098391 0
0.7678104803 0.4946004771 -0.1122615703 -0.03095966368 0.1825543502 0.4619386751 -0.004069328369 0.04813624826 0.2487571326 -0.9835719648 -0.08598699836 -0.1587212213 0.0426702448 0.7435977822 -0.6672642569 0.1754007987 -0.6630750896 -0.7277128454 0.0002003990911 -0.1493078885 0
0.7744856531 0.4989004232 -0.1132375473 -0.03147733681 0.1839148437 0.4611350469 -0.004139598316 0.04853944793 0.2486493363 -0.9830148279 -0.08808263291 -0.1610071364 0.04370409649 0.7397089836 -0.6715061962 0.178246459 -0.6671372193 -0.7232953272 0.0002049040128 -0.150605938 0
0.781160826 0.5032003693 -0.1142135244 -0.03199870841 0.1852696802 0.4603256774 -0.004210449048 0.04894225457 0.2485406492 -0.9824442079 -0.0902077207 -0.1632971078 0.04475220516 0.7358056123 -0.6757124692 0.1811094101 -0.6711577073 -0.7188509675 0.000209478254 -0.1519039874 0
0.7870016022 0.5069628221 -0.1150675043 -0.03245792722 0.1864504908 0.4596127929 -0.004272919311 0.04929438544 0.2484448182 -0.9819337082 -0.09209135641 -0.1653038861 0.04568099813 0.7323785419 -0.6793636124 0.1836285356 -0.6746412776 -0.7149403524 0.0002135380634 -0.1530397807 0
0.793676775 0.5112627682 -0.1160434813 -0.03298618109 0.187794615 0.4587927394 -0.004344857113 0.04969644648 0.2483344639 -0.9813373034 -0.09427174368 -0.167600523 0.04675584562 0.7284489913 -0.6835027125 0.1865234244 -0.6785830129 -0.7104464137 0.0002182439417 -0.1543378301 0
0.8003519479 0.5155627143 -0.1170194583 -0.03351807734 0.1891329704 0.4579670315 -0.00441737366 0.05009810526 0.248223222 -0.9807268775 -0.09648165465 -0.1699002122 0.04784495268 0.7245060904 -0.6876058358 0.1894350873 -0.6824823919 -0.7059264355 0.0002230209153 -0.1556358795 0
0.8070271207 0.5198626604 -0.1179954353 -0.0340535962 0.1904655183 0.4571356999 -0.004490468231 0.05049935857 0.2481110936 -0.9801022431 -0.09872110425 -0.1722026037 0.04894831512 0.7205502657 -0.691672883 0.1923633426 -0.6863391714 -0.7013806999 0.000227869604 -0.156933929 0
0.8137022936 0.5241626065 -0.1189714123 -0.03459271779 0.1917922207 0.4562987755 -0.004564140099 0.05090020321 0.2479980798 -0.9794632128 -0.1009901025 -0.1745073465 0.05006592614 0.7165819446 -0.6957037586 0.1953080076 -0.6901531105 -0.6968094906 0.0002327906285 -0.1582319784 0
0.8203774664 0.5284625525 -0.1199473894 -0.03513542209 0.1931130395 0.4554562893 -0.004638388531 0.051300636 0.2478841818 -0.9788095993 -0.1032886543 -0.1768140894 0.05119777628 0.7126015549 -0.6996983719 0.1982688983 -0.6939239712 -0.692213093 0.0002377846106 -0.1595300279 0
0.8270526393 0.5327624986 -0.1209233664 -0.03568168896 0.194427937 0.4546082727 -0.004713212789 0.05170065373 0.2477694007 -0.9781412152 -0.1056167597 -0.1791224809 0.05234385347 0.7086095252 -0.7036566363 0.20124583 -0.6976515182 -0.6875917939 0.0002428521729 -0.1608280773 0
0.8337278121 0.5370624447 -0.1218993434 -0.03623149811 0.1957368756 0.4537547571 -0.00478861213 0.05210025323 0.2476537376 -0.9774578733 -0.1079744139 -0.1814321689 0.05350414299 0.7046062845 -0.7075784695 0.204238617 -0.7013355187 -0.6829458818 0.0002479939392 -0.1621261267 0
0.8404029849 0.5413623908 -0.1228753204 -0.03678482917 0.1970398182 0.4528957741 -0.004864585802 0.05249943132 0.2475371938 -0.9767593863 -0.1103616069 -0.1837428012 0.05467862751 0.7005922621 -0.7114637939 0.2072470723 -0.7049757429 -0.6782756468 0.000253210534 -0.1634241762 0
0.8470781578 0.5456623369 -0.1238512975 -0.03734166161 0.1983367278 0.4520313557 -0.004941133052 0.05289818482 0.2474197703 -0.9760455673 -0.1127783238 -0.1860540253 0.05586728702 0.6965678878 -0.7153125358 0.2102710082 -0.7085719634 -0.6735813802 0.000258502583 -0.1647222256 0
0.8537533306 0.549962283 -0.1248272745 -0.03790197479 0.1996275676 0.4511615338 -0.005018253118 0.05329651055 0.2473014683 -0.9753162293 -0.1152245447 -0.1883654885 0.0570700989 0.6925335918 -0.7191246262 0.213310236 -0.7121239559 -0.6688633752 0.0002638707126 -0.166020275 0
0.8604285035 0.5542622291 -0.1258032515 -0.03846574795 0.200912301 0.4502863406 -0.005095945232 0.05369440537 0.247182289 -0.9745711856 -0.1177002449 -0.1906768379 0.05828703788 0.6884898043 -0.7229000004 0.2163645659 -0.7156314986 -0.6641219262 0.0002693155503 -0.1673183245 0
0.8671036763 0.5585621752 -0.1267792285 -0.03903296021 0.202190892 0.4494058087 -0.005174208623 0.05409186609 0.2470622336 -0.9738102499 -0.1202053944 -0.1929877206 0.05951807606 0.6844369558 -0.726638598 0.2194338073 -0.7190943726 -0.6593573292 0.0002748377242 -0.1686163739 0
0.8729444526 0.562324628 -0.1276332084 -0.03953207555 0.203304592 0.4486309894 -0.005243157103 0.05443928565 0.2469564674 -0.9731312483 -0.1224215307 -0.1950090828 0.06060677626 0.6808836192 -0.7298796585 0.222131475 -0.722087575 -0.655169552 0.000279733561 -0.1697521672 0
0.8796196254 0.5666245741 -0.1286091854 -0.04010567941 0.2045715689 0.4477405353 -0.005322489534 0.05483592395 0.2468347725 -0.9723400134 -0.1249818 -0.1973181392 0.06186416602 0.6768149422 -0.7335491524 0.2252281584 -0.7254661148 -0.6503623551 0.000285402437 -0.1710502166 0
0.8862947982 0.5709245202 -0.1295851625 -0.04068266165 0.2058323005 0.4468448365 -0.005402390988 0.05523211911 0.246712205 -0.9715323519 -0.1275714052 -0.1996257143 0.06313556003 0.6727384425 -0.7371817205 0.2283392001 -0.728799372 -0.6455328691 0.0002911504607 -0.1723482661 0
0.8929699711 0.5752244663 -0.1305611395 -0.04126300093 0.2070867515 0.4459439264 -0.005482860671 0.05562786797 0.2465887661 -0.9707080786 -0.130190297 -0.2019314553 0.06442092018 0.6686545507 -0.7407773194 0.2314644058 -0.7320871386 -0.6406813954 0.0002969782636 -0.1736463155 0
0.8996451439 0.5795244124 -0.1315371165 -0.0418466758 0.208334887 0.4450378381 -0.005563897782 0.0560231674 0.2464644569 -0.9698670087 -0.1328384214 -0.2042350097 0.06572020569 0.6645636973 -0.7443359099 0.2346035805 -0.7353292093 -0.6358082368 0.0003028864782 -0.1749443649 0
0.9063203168 0.5838243585 -0.1325130935 -0.04243366468 0.2095766722 0.4441266053 -0.005645501516 0.05641801427 0.2463392789 -0.9690089577 -0.1355157193 -0.206536025 0.06703337317 0.6604663127 -0.7478574575 0.2377565282 -0.7385253818 -0.6309136975 0.0003088757379 -0.1762424144 0
0.9129954896 0.5881243045 -0.1334890705 -0.04302394587 0.2108120727 0.4432102615 -0.00572767106 0.05681240545 0.2462132331 -0.9681337417 -0.1382221267 -0.2088341492 0.06836037661 0.656362827 -0.7513419316 0.2409230522 -0.7416754566 -0.625998083 0.0003149466769 -0.1775404638 0
0.9196706625 0.5924242506 -0.1344650476 -0.04361749758 0.2120410543 0.4422888406 -0.005810405598 0.05720633782 0.2460863209 -0.9672411771 -0.1409575744 -0.2111290304 0.06970116733 0.6522536701 -0.7547893065 0.2441029548 -0.7447792371 -0.6210617001 0.00032109993 -0.1788385133 0
0.9263458353 0.5967241967 -0.1354410246 -0.04421429788 0.213263583 0.4413623766 -0.005893704306 0.05759980825 0.2459585435 -0.966331081 -0.1437219886 -0.2134203172 0.07105569408 0.6481392713 -0.7581995604 0.2472960375 -0.7478365296 -0.616104857 0.0003273361331 -0.1801365627 0
