0.00762249332 0.003629450194 -0.003675871179 -2.351555708e-06 0.001943724252 0.5099950613 -2.963493891e-07 0.000484215009 0.2549993868 -0.9999999999 -6.885024007e-08 -1.369465489e-05 3.501599696e-08 0.9999712388 -0.007584291657 1.369478319e-05 -0.007584291656 -0.9999712388 3.150300772e-08 -0.004888908668 0
0.01424498664 0.006782750389 -0.006869502358 -8.21261382e-06 0.003632396243 0.509982752 -1.04049199e-06 0.0009065317641 0.2549978469 -0.9999999989 -4.513563958e-07 -4.782602819e-05 2.265358253e-07 0.9998995554 -0.01417317955 4.782762148e-05 -0.01417317954 -0.9998995543 5.41879798e-08 -0.009136438136 0
0.02086747996 0.009936050583 -0.01006313354 -1.762345789e-05 0.005320970522 0.5099629876 -2.240240739e-06 0.00132947316 0.2549953639 -0.9999999947 -1.419872502e-06 -0.0001026250403 7.110640769e-07 0.9997844607 -0.02076131254 0.000102632399 -0.02076131251 -0.9997844555 4.089696052e-08 -0.0133839676 0
0.02748997328 0.01308935078 -0.01325676472 -3.058378413e-05 0.007009401668 0.5099357686 -3.895104564e-06 0.001752506242 0.2549919389 -0.9999999841 -3.246738793e-06 -0.0001780840135 1.624777741e-06 0.9996259642 -0.02734833979 0.0001781061966 -0.02734833964 -0.9996259483 6.323958592e-09 -0.01763149707 0
0.03494027827 0.0166368135 -0.01684959979 -4.94063662e-05 0.008908659069 0.5098962378 -6.300056865e-06 0.002228361312 0.2549869615 -0.9999999586 -6.666915369e-06 -0.0002876571913 3.335210217e-06 0.9993957934 -0.03475698698 0.0002877151088 -0.0347569865 -0.999395752 8.388288168e-08 -0.02240996772 0
0.04156277159 0.01979011369 -0.02004323097 -6.990781034e-05 0.01059663527 0.5098531811 -8.920277733e-06 0.002651271055 0.2549815384 -0.9999999171 -1.122149175e-05 -0.0004069798744 5.612853306e-06 0.9991451161 -0.04134050005 0.0004070958559 -0.0413404989 -0.9991450332 1.773410442e-07 -0.02665749719 0
0.04818526491 0.02294341389 -0.02323686215 -9.395704894e-05 0.01228432643 0.5098026734 -1.199440722e-05 0.003074117036 0.2549751759 -0.9999998503 -1.748462639e-05 -0.000546919873 8.744854364e-06 0.9988510899 -0.04792181173 0.0005471294062 -0.04792180934 -0.9988509403 2.904356774e-07 -0.03090502666 0
0.05480775823 0.02609671408 -0.02643049333 -0.0001215533057 0.01397168717 0.5097447164 -1.552233429e-05 0.003496906173 0.2549678742 -0.9999997494 -2.572799124e-05 -0.0007074575772 1.286709299e-05 0.9985137393 -0.05450057182 0.000707808301 -0.05450056727 -0.9985134887 4.223115066e-07 -0.03515255613 0
0.06225806321 0.0296441768 -0.0300233284 -0.0001568377762 0.01586951653 0.5096706127 -2.003358721e-05 0.003972482509 0.2549585373 -0.9999995828 -3.770671191e-05 -0.0009126550647 1.885729747e-05 0.9980824683 -0.0618981912 0.000913238997 -0.06189818259 -0.9980820512 5.92590925e-07 -0.03993102678 0
0.06888055653 0.03279747699 -0.03321695958 -0.0001919683465 0.01755602446 0.5095968322 -2.452559857e-05 0.004395165964 0.2549492402 -0.999999375 -5.105891638e-05 -0.001116884601 2.553442621e-05 0.9976531502 -0.06847036743 0.001117759464 -0.06847035315 -0.9976525254 7.632005892e-07 -0.04417855624 0
0.07550304985 0.03595077719 -0.03641059076 -0.0002306427714 0.01924206021 0.509515609 -2.947120951e-05 0.004817803012 0.2549390043 -0.9999990978 -6.723855826e-05 -0.001341631962 3.362562967e-05 0.9971806067 -0.07503889929 0.001342894881 -0.0750388767 -0.9971797048 9.518313928e-07 -0.04842608571 0
0.08212554317 0.03910407738 -0.03960422194 -0.0002728598027 0.02092757844 0.5094269457 -3.487036869e-05 0.005240394049 0.2549278298 -0.9999987372 -8.651605758e-05 -0.001586865641 4.326623035e-05 0.996664877 -0.08160343776 0.001588633257 -0.08160340337 -0.9966636147 1.158460312e-06 -0.05267361518 0
0.08957584816 0.0426515401 -0.04319705702 -0.0003245867834 0.02282311143 0.5093183098 -4.148649028e-05 0.005715753408 0.2549141364 -0.9999982129 -0.0001122423534 -0.001887198167 5.613218838e-05 0.9960331133 -0.0889833361 0.001889699564 -0.08898328301 -0.996031327 1.412457066e-06 -0.05745208583 0
0.09619834148 0.0458048403 -0.0463906882 -0.0003743271867 0.02450737951 0.5092138461 -4.784926595e-05 0.006138244505 0.2549009675 -0.9999976232 -0.0001389988494 -0.00217584755 6.951375701e-05 0.9954257589 -0.09553823148 0.002179174403 -0.09553815566 -0.9954233833 1.657433891e-06 -0.0616996153 0
0.1028208348 0.04895814049 -0.04958431937 -0.0004276055589 0.02619098855 0.509101952 -5.466542215e-05 0.006560686459 0.2548868602 -0.9999968983 -0.0001696955889 -0.00248486629 8.486641451e-05 0.9947753635 -0.1020880453 0.002489207658 -0.1020879395 -0.9947722636 1.920558323e-06 -0.06594714477 0
0.1094433281 0.05211144068 -0.05277795055 -0.0004844201806 0.02787389329 0.5089826311 -6.193490002e-05 0.006983077452 0.2548718147 -0.9999960192 -0.0002046011588 -0.002814211048 0.0001023246676 0.9940819808 -0.1086324303 0.002819782814 -0.1086322858 -0.9940780026 2.201919256e-06 -0.07019467423 0
0.1168936331 0.0556589034 -0.05637078563 -0.0005525612659 0.02976626298 0.5088395227 -7.065484627e-05 0.007458203845 0.2548537672 -0.9999948202 -0.0002492345312 -0.003208962215 0.0001246492195 0.9932506137 -0.1159879425 0.00321621189 -0.1159877417 -0.9932454378 2.540376157e-06 -0.07497314489 0
0.1235161264 0.0588122036 -0.05956441681 -0.0006168841881 0.031447521 0.5087044331 -7.888742244e-05 0.007880479521 0.2548367284 -0.9999935438 -0.0002939731883 -0.003581342832 0.0001470273683 0.992466078 -0.1225196405 0.003590378764 -0.122519376 -0.9924596272 2.860842543e-06 -0.07922067435 0
0.1301386197 0.06196550379 -0.06275804799 -0.0006847372517 0.03312793351 0.5085619295 -8.757311505e-05 0.008302697299 0.2548187518 -0.999992045 -0.0003437564294 -0.003973895647 0.0001719298526 0.9916387461 -0.1290448278 0.003985028886 -0.1290444845 -0.9916307985 3.199900271e-06 -0.08346820382 0
0.1367611131 0.06511880399 -0.06595167917 -0.0007561182671 0.03480745538 0.5084120167 -9.671185122e-05 0.008724854706 0.2547998376 -0.9999902994 -0.0003988504309 -0.004386565576 0.0001994901063 0.9907686864 -0.1355631595 0.004400141238 -0.1355627195 -0.9907589958 3.557682886e-06 -0.08771573329 0
0.1442114181 0.06866626671 -0.06954451424 -0.0008406360423 0.03669579676 0.5082345142 -0.0001075343626 0.009199706444 0.2547774385 -0.9999880088 -0.0004675097585 -0.004874793253 0.0002338380134 0.9897388859 -0.1428876592 0.004891573818 -0.1428870857 -0.9897269084 3.982747477e-06 -0.09249420394 0
0.1508339114 0.0718195669 -0.07273814542 -0.0009195061665 0.03837327633 0.5080688729 -0.0001176355578 0.009621727008 0.2547565323 -0.9999856524 -0.0005347698072 -0.005330016213 0.0002674876863 0.9887782728 -0.1493902801 0.005350093636 -0.1493895624 -0.9887639431 4.380801689e-06 -0.09674173341 0
0.1574564047 0.07497286709 -0.0759317766 -0.001001896668 0.04004972446 0.5078958381 -0.0001281895452 0.01004367903 0.2547346891 -0.9999829649 -0.0006081679389 -0.005805165908 0.0003042101161 0.9877751683 -0.1558849715 0.005829002974 -0.155884082 -0.9877581565 4.798050364e-06 -0.1009892629 0
0.164078898 0.07812616729 -0.07912540778 -0.001087804888 0.04172509615 0.5077154155 -0.0001391962369 0.01046555981 0.2547119089 -0.999979917 -0.0006879673457 -0.00630017561 0.0003441374084 0.9867296554 -0.1623713913 0.006328276323 -0.1623702985 -0.9867096022 5.234659242e-06 -0.1052367923 0
0.171529203 0.08167363001 -0.08271824285 -0.001188652954 0.04360854666 0.5075036166 -0.0001521197739 0.01094008711 0.2546851615 -0.9999760189 -0.0007857198677 -0.00688071375 0.0003930504487 0.9855028697 -0.1696583014 0.006914267045 -0.1696569373 -0.9854789275 5.749201183e-06 -0.110015263 0
0.1781516963 0.0848269302 -0.08591187403 -0.001282026983 0.04528148173 0.5073075145 -0.000164088153 0.01136180736 0.2546603911 -0.9999721013 -0.000879992128 -0.007417691609 0.0004402250427 0.9843675301 -0.1761260116 0.007456724272 -0.1761243634 -0.9843396801 6.227532924e-06 -0.1142627925 0
0.1847741896 0.0879802304 -0.08910550521 -0.001378909695 0.04695320004 0.5071040435 -0.0001765089374 0.01178344771 0.2546346843 -0.9999677231 -0.0009814827725 -0.007974302909 0.0004910149407 0.9831900634 -0.1825843862 0.008019458812 -0.1825824084 -0.9831578472 6.725787682e-06 -0.1185103219 0
0.191396683 0.09113353059 -0.09229913639 -0.001479297964 0.04862365676 0.5068932102 -0.0001893820237 0.01220500537 0.2546080415 -0.9999628495 -0.001090451442 -0.008550469404 0.0005455506672 0.9819705671 -0.1890330863 0.008602440691 -0.1890307283 -0.9819334915 7.24415935e-06 -0.1227578514 0
0.1988469879 0.09468099331 -0.09589197147 -0.001596420967 0.05050135684 0.506647231 -0.0002044047544 0.01267915537 0.2545769497 -0.9999567301 -0.001222301839 -0.009221930305 0.0006115427729 0.9805485206 -0.1962758893 0.009282458498 -0.1962730361 -0.9805053448 7.851623191e-06 -0.1275363221 0
0.2054694813 0.0978342935 -0.09908560264 -0.001704247653 0.0521689841 0.5064207757 -0.0002182386218 0.01310052792 0.2545483184 -0.9999506835 -0.00134801904 -0.009839379169 0.0006744698274 0.9792400498 -0.2027029107 0.009908361531 -0.2026995505 -0.9791908479 8.413416443e-06 -0.1317838515 0
0.2120919746 0.1009875937 -0.1022792338 -0.001815569405 0.05383521002 0.5061869801 -0.0002325244439 0.01352180892 0.2545187519 -0.9999440257 -0.001482019398 -0.01047612091 0.0007415478201 0.9778898753 -0.209119205 0.01055441129 -0.2091152683 -0.9778340396 8.995973649e-06 -0.136031381 0
0.2187144679 0.1041408939 -0.105472865 -0.001930382631 0.05549998998 0.5059458519 -0.0002472621018 0.01394299552 0.2544882502 -0.999936717 -0.001624558442 -0.01113206593 0.0008129054451 0.9764981086 -0.2155244374 0.01122057337 -0.2155198477 -0.9764349922 9.599514626e-06 -0.1402789105 0
0.2261647729 0.1076883566 -0.1090657001 -0.002063716299 0.05737108357 0.5056658274 -0.0002643818991 0.01441671404 0.2544528185 -0.9999276657 -0.001795438037 -0.01189284292 0.000898457892 0.9748827984 -0.2227166859 0.011994002 -0.2227112611 -0.9748106678 1.030386179e-05 -0.1450573811 0
0.2327872662 0.1108416568 -0.1122593313 -0.002185936477 0.05903264296 0.5054091432 -0.0002800792965 0.01483769054 0.2544203306 -0.9999188368 -0.001956965247 -0.01258928493 0.000979334825 0.9734030336 -0.2290973048 0.01270278361 -0.2290910397 -0.9733221126 1.095275044e-05 -0.1493049106 0
0.2394097595 0.113994957 -0.1154529624 -0.002311636187 0.06069261729 0.5051451513 -0.000296228134 0.01525856369 0.2543869085 -0.9999092254 -0.002127822557 -0.01330463266 0.001064890393 0.9718820466 -0.2354658223 0.01343156311 -0.2354586159 -0.9717915586 1.162334805e-05 -0.15355244 0
0.2460322529 0.1171482572 -0.1186465936 -0.002440811379 0.06235096217 0.5048738604 -0.0003128282776 0.01567933061 0.2543525525 -0.9998987871 -0.002308260829 -0.01403878531 0.001155251211 0.9703199628 -0.2418219079 0.01418030167 -0.2418136507 -0.9702190873 1.231589859e-05 -0.1577999695 0
0.2534825578 0.1206957199 -0.1222394287 -0.002590282565 0.06421459725 0.5045599442 -0.0003320427186 0.01615256285 0.2543127859 -0.9998859985 -0.002523016926 -0.01488705584 0.001262807868 0.9685136554 -0.2489572344 0.01504644019 -0.2489476524 -0.9684000573 1.312156951e-05 -0.1625784402 0
0.2601050512 0.1238490201 -0.1254330599 -0.002726829188 0.0658693324 0.5042731719 -0.0003496014242 0.0165730945 0.2542764461 -0.9998736495 -0.00272464211 -0.01566082204 0.001363797769 0.9668646725 -0.2552858108 0.01583745805 -0.2552749135 -0.9667387928 1.386160552e-05 -0.1668259696 0
0.2667275445 0.1270023203 -0.128626691 -0.002866837909 0.06752229974 0.5039791286 -0.0003676109919 0.01699351092 0.2542391733 -0.9998603268 -0.002936624239 -0.01645306094 0.001469985051 0.965175006 -0.2616009305 0.01664830682 -0.2615885776 -0.9650358801 1.462439252e-05 -0.1710734991 0
0.2733500378 0.1301556205 -0.1318203222 -0.003010304215 0.06917345514 0.5036778238 -0.0003860712719 0.01741380924 0.2542009677 -0.9998459808 -0.003159208967 -0.01726366074 0.001581494012 0.9634447953 -0.2679022682 0.01747894333 -0.2678883085 -0.9632914101 1.5410197e-05 -0.1753210286 0
0.2808003428 0.1337030832 -0.1354131573 -0.003175830945 0.07102878422 0.5033301881 -0.0004073776376 0.01788650009 0.254156872 -0.9998285557 -0.003422594346 -0.01819738996 0.001713456658 0.9614500225 -0.2749743956 0.0184370068 -0.2749584333 -0.961279323 1.63220786e-05 -0.1800994992 0
0.2874228361 0.1368563834 -0.1386067885 -0.003326629132 0.07267594293 0.503013485 -0.0004267951668 0.01830653786 0.2541166856 -0.9998118664 -0.00366851907 -0.01904662352 0.001836684141 0.9596341321 -0.2812453718 0.01930954404 -0.2812274427 -0.9594468547 1.715770367e-05 -0.1843470287 0
0.2940453294 0.1400096836 -0.1418004197 -0.003480870089 0.07432115217 0.5026895514 -0.000446662916 0.01872644851 0.2540755674 -0.9997939921 -0.003925805257 -0.01991385173 0.00196561781 0.9577781532 -0.2875015574 0.02020172726 -0.2874814728 -0.9575731267 1.801721216e-05 -0.1885945581 0
0.3006678227 0.1431629838 -0.1449940508 -0.003638548847 0.07596436805 0.5023583979 -0.0004669807202 0.01914622914 0.2540335179 -0.9997748787 -0.004194692818 -0.02079895203 0.002100379404 0.9558822387 -0.2937426326 0.02111350894 -0.2937201905 -0.9556582388 1.890089144e-05 -0.1928420876 0
0.3081181277 0.1467104465 -0.1485868859 -0.003820040368 0.07781054872 0.5019772333 -0.0004903759955 0.01961832336 0.2539850994 -0.9997518264 -0.004511355416 -0.0218158967 0.002259103124 0.9537017933 -0.3007453838 0.02216262912 -0.3007200311 -0.9534549181 1.992428635e-05 -0.1976205583 0
0.314740621 0.1498637467 -0.1517805171 -0.003985007452 0.07944938341 0.501630773 -0.0005116496005 0.02003781813 0.2539410721 -0.9997298952 -0.004805685714 -0.0227385565 0.002406650258 0.9517215369 -0.3069532934 0.02311589499 -0.3069251076 -0.9514529067 2.086030482e-05 -0.2018680877 0
0.3213631144 0.1530170469 -0.1549741483 -0.004153396098 0.08108608814 0.5012771267 -0.0005333727199 0.02045717388 0.2538961145 -0.9997065487 -0.00511235748 -0.02367868883 0.002560401462 0.9497018424 -0.3131451019 0.02408860411 -0.313113836 -0.9494100615 2.182142299e-05 -0.2061156172 0
0.3279856077 0.1561703471 -0.1581677795 -0.004325200885 0.08272061933 0.500916306 -0.0005555451731 0.02087638769 0.2538502271 -0.999681728 -0.005431604356 -0.02463616059 0.002720475683 0.9476428759 -0.3193204954 0.02508070467 -0.3192858867 -0.9473264911 2.280794766e-05 -0.2103631467 0
0.3354359127 0.1597178098 -0.1617606145 -0.004522557732 0.08455681474 0.5005018214 -0.0005810260474 0.02134783 0.2537974929 -0.9996519681 -0.005806077139 -0.02573387339 0.002908264352 0.9452798067 -0.3262478031 0.02621993078 -0.3262090993 -0.9449339335 2.394854434e-05 -0.2151416173 0
0.342058406 0.16287111 -0.1649542457 -0.004701603312 0.0861865829 0.5001257937 -0.0006041527178 0.02176673265 0.253749631 -0.9996238147 -0.006152814564 -0.02672773802 0.00308216666 0.9431379522 -0.3323872793 0.02725306139 -0.3323446195 -0.9427641935 2.499009674e-05 -0.2193891468 0
0.3486808993 0.1660244102 -0.1681478769 -0.004884047381 0.08781404191 0.4997426286 -0.0006277281333 0.02218548435 0.2537008405 -0.9995939965 -0.006512846805 -0.02773850997 0.003262759048 0.9409573642 -0.3385093695 0.02830541489 -0.3384624376 -0.9405540824 2.605804278e-05 -0.2236366763 0
0.3553033926 0.1691777104 -0.1713415081 -0.005069884067 0.08943914853 0.4993523384 -0.0006517520977 0.02260408223 0.2536511218 -0.9995624503 -0.006886400726 -0.02876604586 0.003450157442 0.9387382216 -0.344613766 0.02937693522 -0.3445622278 -0.9383037178 2.715270713e-05 -0.2278842057 0
0.3627536976 0.1727251731 -0.1749343431 -0.005282998125 0.09126452791 0.4989047608 -0.0006793149651 0.02307481737 0.2535940794 -0.9995248152 -0.007323091786 -0.0299418802 0.003669259297 0.936195828 -0.3514596821 0.03060523484 -0.3514025383 -0.9357240916 2.841655082e-05 -0.2326626764 0
0.3693761909 0.1758784733 -0.1781279743 -0.005476024127 0.09288449255 0.4984993718 -0.0007042914281 0.02349307878 0.2535423898 -0.999489382 -0.007726124653 -0.03100455221 0.003871501851 0.9338953647 -0.3575254665 0.03171729392 -0.3574629417 -0.9333885893 2.956908834e-05 -0.2369102058 0
0.3759986843 0.1790317735 -0.1813216055 -0.005672423694 0.09450197025 0.4980868976 -0.0007297158033 0.02391117734 0.2534897734 -0.9994520163 -0.008143376939 -0.03208352436 0.004080907684 0.9315569255 -0.3635726072 0.03284833809 -0.3635043052 -0.9310132151 3.0749385e-05 -0.2411577353 0
0.3826211776 0.1821850737 -0.1845152367 -0.005872190508 0.09611691814 0.4976673517 -0.0007555878793 0.02432911018 0.2534362306 -0.9994126504 -0.008575068232 -0.03317864325 0.00429758948 0.9291807018 -0.3696008037 0.03399830713 -0.369526307 -0.9285980958 3.195778193e-05 -0.2454052648 0
0.3900714826 0.1857325364 -0.1881080718 -0.006100945079 0.09793065734 0.4971869262 -0.000785228839 0.02479908295 0.2533748883 -0.9993658875 -0.009078251111 -0.03442975837 0.0045501928 0.9264625281 -0.3763595086 0.03531456711 -0.3762775164 -0.9258337389 3.335124674e-05 -0.2501837354 0
0.3966939759 0.1888858366 -0.1913017029 -0.006307845819 0.09954008743 0.4967523977 -0.0008120515599 0.02521665406 0.2533193785 -0.9993220421 -0.009541345961 -0.03555866895 0.004782706402 0.9240066618 -0.3823464589 0.03650454684 -0.3822573108 -0.9233345907 3.462050669e-05 -0.2544312649 0
0.4033164692 0.1920391368 -0.1944953341 -0.006518093367 0.1011468543 0.4963108404 -0.0008393212966 0.02563405045 0.2532629438 -0.9992759786 -0.01001955405 -0.03670323168 0.005022842762 0.9215136286 -0.3883135374 0.03771325668 -0.3882167446 -0.9207961063 3.591895706e-05 -0.2586787944 0
0.4099389625 0.195192437 -0.1976889653 -0.00673168096 0.1027509155 0.4958622683 -0.0008670378225 0.02605126924 0.2532055846 -0.9992276251 -0.01051308721 -0.03786328345 0.005270711103 0.9189836323 -0.3942604509 0.03894063226 -0.3941555005 -0.918218421 3.724695414e-05 -0.2629263238 0
0.4173892675 0.1987398997 -0.2012818004 -0.006975950845 0.1045521974 0.4953492579 -0.0008987526794 0.0265204245 0.2531399511 -0.9991703995 -0.01108689149 -0.03918664992 0.005558939998 0.9160934614 -0.4009262627 0.04034365973 -0.4008114903 -0.9152718385 3.877671644e-05 -0.2677047945 0
0.4240117608 0.2018931999 -0.2044754315 -0.0071966131 0.1061503684 0.4948858278 -0.0009274178619 0.02693725634 0.2530806291 -0.9991169369 -0.01161368478 -0.04037906389 0.005823597461 0.9134856083 -0.4068293611 0.0416104817 -0.4067052565 -0.9126113094 4.016869893e-05 -0.271952324 0
0.4306342542 0.2050465001 -0.2076690627 -0.007420593586 0.1077457015 0.4944154288 -0.0009565291006 0.02735390159 0.2530203842 -0.9990609533 -0.01215645238 -0.04158644245 0.006096322557 0.9108414476 -0.4127113909 0.04289576181 -0.41257736 -0.9099120153 4.159136352e-05 -0.2761998534 0
0.4372567475 0.2081998003 -0.2108626939 -0.007647885105 0.1093381547 0.493938076 -0.0009860861535 0.02777035739 0.2529592169 -0.999002373 -0.01271539786 -0.04280861313 0.006377220837 0.908161195 -0.4185720667 0.04419943162 -0.4184274879 -0.9071741 4.304508033e-05 -0.2804473829 0
0.4447070525 0.211747263 -0.214455529 -0.007907536683 0.1111261698 0.4933927614 -0.001019870419 0.02823864013 0.2528893018 -0.9989332704 -0.01336380002 -0.04420101872 0.006703131153 0.9051030418 -0.4251394497 0.04568795509 -0.4249822261 -0.9040479623 4.471809377e-05 -0.2852258535 0
0.4513295458 0.2149005632 -0.2176491602 -0.008141839761 0.1127123638 0.4929006831 -0.001050374006 0.0286546838 0.2528261762 -0.9988689155 -0.01395779007 -0.0454540398 0.007001743694 0.9023468229 -0.4309538105 0.04703047122 -0.4307846229 -0.9012284635 4.623903991e-05 -0.289473383 0
0.4579520391 0.2180538634 -0.2208427913 -0.008379430697 0.1142955471 0.4924016997 -0.001081322626 0.02907052906 0.2527621298 -0.9988017204 -0.01456858081 -0.04672129972 0.007308853279 0.8995552043 -0.4367459389 0.04839115682 -0.4365640743 -0.898370806 4.77922151e-05 -0.2937209125 0
0.4645745324 0.2212071636 -0.2240364225 -0.008620301858 0.115875678 0.4918958272 -0.001112716022 0.02948617303 0.2526971632 -0.9987316052 -0.01519636714 -0.04800261694 0.007624561582 0.8967284132 -0.442515558 0.0497699394 -0.4423202725 -0.8954751419 4.937800217e-05 -0.2979684419 0
0.4720248374 0.2247546263 -0.2276292576 -0.008895193172 0.1176496249 0.4913185064 -0.001148564913 0.02995352833 0.2526229765 -0.9986491346 -0.0159231817 -0.04946067288 0.007990136936 0.8935065176 -0.4489791317 0.05134260988 -0.4487678189 -0.8921722822 5.120147437e-05 -0.3027469126 0
0.4786473307 0.2279079265 -0.2308228888 -0.009143008996 0.1192231315 0.4907980489 -0.001180902587 0.03036873506 0.2525560563 -0.9985725451 -0.01658772087 -0.05077124934 0.008324450677 0.890605752 -0.4547000087 0.05275960352 -0.4544735877 -0.8891963688 5.285784593e-05 -0.3069944421 0
0.485269824 0.2310612267 -0.2340165199 -0.009394080524 0.1207934564 0.4902707539 -0.001213684207 0.03078373157 0.2524882176 -0.99849278 -0.01726985059 -0.05209530207 0.008667674578 0.8876705418 -0.4603975246 0.05419446148 -0.4601551494 -0.8861829376 5.454804414e-05 -0.3112419715 0
0.4918923174 0.2342145269 -0.2372101511 -0.009648399696 0.1223605581 0.4897366383 -0.001246909503 0.03119851499 0.2524194611 -0.9984097559 -0.01796975665 -0.05343264083 0.009019906244 0.8847011252 -0.4660714112 0.05564710731 -0.4658122013 -0.883132149 5.627246342e-05 -0.315489501 0
0.4993426224 0.2377619896 -0.2408029862 -0.009938380547 0.1241196439 0.4891276267 -0.001284817946 0.03166488807 0.2523410135 -0.998312353 -0.01877862763 -0.05495278839 0.009427054186 0.8813199446 -0.4724259582 0.05730249957 -0.4721467129 -0.8796555605 5.825383452e-05 -0.3202679717 0
0.5059651157 0.2409152898 -0.2439966174 -0.01019957373 0.1256797605 0.4885790744 -0.001318985128 0.0320792092 0.2522703084 -0.9982221219 -0.01951691482 -0.05631771895 0.009798746778 0.8782786432 -0.4780487522 0.05879268657 -0.4777506828 -0.8765259295 6.005229531e-05 -0.3245155011 0
0.512587609 0.24406859 -0.2471902486 -0.01046398871 0.127236526 0.4880237557 -0.001353595108 0.03249330833 0.2521986873 -0.9981283648 -0.02027354413 -0.0576953279 0.01017974555 0.8752038975 -0.483647093 0.06030041653 -0.4833292058 -0.8733594555 6.18862267e-05 -0.3287630306 0
0.5192101023 0.2472218902 -0.2503838797 -0.010731617 0.1287898998 0.4874616885 -0.001388647599 0.0329071826 0.2521261507 -0.9980309946 -0.02104869178 -0.05908541666 0.01057014385 0.8720959566 -0.4892207217 0.06182560915 -0.4888819848 -0.8701563072 6.375603375e-05 -0.3330105601 0
0.5266604073 0.2507693529 -0.2539767148 -0.01103652905 0.1305333407 0.4868213188 -0.001428610227 0.03337251883 0.2520434535 -0.9979170247 -0.02194308449 -0.06066393401 0.01102069217 0.868560158 -0.4954611956 0.06356222298 -0.4950977207 -0.8665091406 6.59029568e-05 -0.3377890307 0
0.5332829006 0.2539226531 -0.257170346 -0.01131095699 0.1320793725 0.4862449711 -0.00146460208 0.03378590583 0.2519689737 -0.9978116834 -0.02275815791 -0.0620798741 0.01143136954 0.8653825162 -0.5009814612 0.06512425285 -0.5005948132 -0.8632286283 6.785035569e-05 -0.3420365602 0
0.5399053939 0.2570759533 -0.2603639772 -0.01158857109 0.1336218862 0.485661932 -0.00150103552 0.03419905908 0.2518935804 -0.9977024512 -0.02359228498 -0.0635076609 0.01185173126 0.862172474 -0.5064762201 0.06670348844 -0.5060652419 -0.8599119813 6.98349116e-05 -0.3462840896 0
0.5465278873 0.2602292535 -0.2635576084 -0.01186936243 0.1351608415 0.48507222 -0.001537910244 0.03461197573 0.2518172742 -0.9975892375 -0.02444563201 -0.0649470879 0.01228186621 0.8589302911 -0.5119452225 0.06829984563 -0.5115087156 -0.8565593762 7.185703937e-05 -0.3505316191 0
0.5539781922 0.2637767162 -0.2671504434 -0.01218903929 0.1368878631 0.4844008416 -0.001579921399 0.03507622063 0.2517303394 -0.9974569993 -0.02542882512 -0.0665800974 0.0127775594 0.855244743 -0.5180667558 0.07011610723 -0.5176000428 -0.8527449367 7.417736262e-05 -0.3553100898 0
0.5606006856 0.2669300164 -0.2703440746 -0.01247655228 0.1384191241 0.483797013 -0.001617732827 0.0354886251 0.2516520956 -0.9973350207 -0.02632355534 -0.0680435656 0.01322875263 0.8519351333 -0.5234802085 0.07174856437 -0.5229852761 -0.8493165161 7.628071816e-05 -0.3595576192 0
0.5672231789 0.2700833166 -0.2735377058 -0.01276721405 0.1399467019 0.4831865713 -0.001655984568 0.0359007841 0.251572941 -0.9972087726 -0.02723800913 -0.0695180167 0.01368998977 0.8485942092 -0.5288671405 0.0733978744 -0.528342653 -0.8458527017 7.842295618e-05 -0.3638051487 0
0.5738456722 0.2732366168 -0.276731337 -0.01306101531 0.141470557 0.4825695363 -0.001694676304 0.03631269482 0.2514928762 -0.9970781612 -0.02817234242 -0.07100323661 0.0141613551 0.8452222398 -0.5342273124 0.07506394946 -0.5336718883 -0.8423536782 8.060450048e-05 -0.3680526782 0
0.5812959772 0.2767840795 -0.280324172 -0.01339528266 0.1431803949 0.4818675152 -0.001738730036 0.03677579406 0.2514017163 -0.99692589 -0.02924742051 -0.07268671232 0.01470385092 0.841392004 -0.5402252237 0.07695821283 -0.5396332865 -0.8383754228 8.310625145e-05 -0.3728311488 0
0.5879184705 0.2799373797 -0.2835178032 -0.01369572393 0.144696208 0.4812365348 -0.001778355686 0.03718716776 0.2513197198 -0.9967856918 -0.03022450387 -0.07419409718 0.01519701328 0.8379549686 -0.5455277458 0.07865961783 -0.5449017802 -0.8348022008 8.537273817e-05 -0.3770786783 0
0.5945409638 0.2830906799 -0.2867114344 -0.01399927496 0.1462081753 0.4805990235 -0.001818420311 0.03759828432 0.2512368153 -0.9966408323 -0.0312219375 -0.07571157062 0.01570055981 0.8344877444 -0.5508027749 0.08037750761 -0.5501412501 -0.8311943583 8.767986873e-05 -0.3813262078 0
0.6011634572 0.2862439801 -0.2899050656 -0.014305926 0.1477162575 0.4799550016 -0.001858923579 0.03800914093 0.2511530035 -0.996491215 -0.03223986665 -0.07723891146 0.01621457001 0.8309906102 -0.5560500818 0.08211179065 -0.5553514173 -0.8275520873 9.002807521e-05 -0.3855737372 0
0.6086137621 0.2897914428 -0.2934979007 -0.01465460171 0.1494081578 0.4792227203 -0.00190501365 0.03847104037 0.2510576316 -0.9963170869 -0.03340971297 -0.07896868696 0.01680543632 0.8270209323 -0.5619198829 0.08408233911 -0.561177484 -0.8234136213 9.271944652e-05 -0.3903522079 0
0.6152362555 0.292944743 -0.2966915318 -0.01496780761 0.1509078553 0.478564932 -0.00194644791 0.03888133521 0.2509718942 -0.9961570344 -0.0344716653 -0.08051625399 0.0173419404 0.8234611748 -0.5671075301 0.08585115007 -0.5663244634 -0.8196988363 9.515638269e-05 -0.3945997373 0
0.6218587488 0.2960980432 -0.299885163 -0.01528408254 0.1524035465 0.4779006982 -0.001988319745 0.03929136128 0.2508852517 -0.9959919171 -0.03555454994 -0.08207298656 0.01788914895 0.8198723923 -0.5722667548 0.08763606275 -0.5714412781 -0.8159502352 9.763575722e-05 -0.3988472668 0
0.6293090538 0.2996455059 -0.3034779981 -0.01564354769 0.1540813624 0.4771457572 -0.002035948168 0.03975231584 0.250786698 -0.995799982 -0.03679798281 -0.08383498257 0.01851764655 0.8158006763 -0.5780366367 0.0896632177 -0.577161299 -0.8116928867 0.0001004763283 -0.4036257375 0
0.6359315471 0.3027988061 -0.3066716293 -0.01596631062 0.1555684125 0.4764678975 -0.002078748692 0.04016176144 0.2506981348 -0.9956237704 -0.03792579084 -0.08541043329 0.01908784816 0.8121511732 -0.5831347408 0.09148202981 -0.5822131107 -0.8078730915 0.0001030473467 -0.4078732669 0
0.6425540404 0.3059521063 -0.3098652604 -0.01629211064 0.1570513364 0.4757836593 -0.002121985693 0.0405709295 0.2506086688 -0.9954421807 -0.03907494152 -0.08699433225 0.01966898322 0.8084735508 -0.5882037477 0.09331664373 -0.5872339114 -0.80402011 0.0001056621835 -0.4121207964 0
0.6491765337 0.3091054065 -0.3130588916 -0.01662093736 0.1585300961 0.4750930645 -0.002165658808 0.04097981719 0.2505183009 -0.9952551112 -0.04024556048 -0.08858644676 0.02026112244 0.804768103 -0.5932434469 0.09516696173 -0.5922234336 -0.8001341476 0.000108321284 -0.4163683259 0
0.6566268387 0.3126528693 -0.3166517267 -0.01699447217 0.1601886759 0.4743085747 -0.002215311905 0.04143947724 0.2504155598 -0.9950379807 -0.04158832099 -0.09038710414 0.02094051896 0.8005665828 -0.5988778182 0.09726721803 -0.5977989277 -0.795723275 0.0001113662374 -0.4211467965 0
0.663249332 0.3158061694 -0.3198453579 -0.01732969559 0.1616584608 0.4736045456 -0.002259910554 0.04184775987 0.2503232777 -0.9948389266 -0.04280496449 -0.09199589745 0.0215562712 0.7968029914 -0.6038545521 0.09915057894 -0.6027211029 -0.7917679173 0.000114120884 -0.425394326 0
0.6698718254 0.3189594696 -0.3230389891 -0.01766791255 0.1631239633 0.4728942297 -0.002304944171 0.04225575338 0.2502300961 -0.9946340715 -0.04404345086 -0.09361216983 0.02218324058 0.793012506 -0.608801338 0.1010493332 -0.6076111748 -0.7877802311 0.0001169211961 -0.4296418554 0
0.6764943187 0.3221127698 -0.3262326202 -0.01800911225 0.1645851462 0.4721776494 -0.00235041238 0.04266345499 0.2501360157 -0.9944233112 -0.04530389415 -0.09523568268 0.02282149265 0.7891954288 -0.6137179765 0.1029633797 -0.6124688828 -0.783760429 0.0001197676259 -0.4338893849 0
0.6839446237 0.3256602326 -0.3298254553 -0.01839651364 0.166223767 0.4713640373 -0.002402083117 0.04312176691 0.250029102 -0.9941790173 -0.04674827656 -0.09707049046 0.02355309254 0.7848698097 -0.6192129147 0.105134834 -0.6178947973 -0.7792000296 0.0001230255491 -0.4386678556 0
0.690567117 0.3288135327 -0.3330190865 -0.01874401537 0.1676756468 0.4706342216 -0.002448473573 0.04352883895 0.2499331144 -0.9939553609 -0.0480557439 -0.09870859096 0.02421553211 0.7809972358 -0.6240648409 0.1070810369 -0.6226828753 -0.775112694 0.0001259714865 -0.442915385 0
0.6971896103 0.3319668329 -0.3362127177 -0.01909446547 0.1691230908 0.4698982139 -0.002495297426 0.04393561036 0.2498362306 -0.9937254709 -0.04938550607 -0.1003531777 0.02488945092 0.7770990257 -0.6288860147 0.1090422107 -0.6274377866 -0.7709939171 0.0001289649639 -0.4471629145 0
0.7038121036 0.3351201331 -0.3394063488 -0.01944785279 0.1705660622 0.4691560374 -0.002542554287 0.04434207836 0.2497384513 -0.993489241 -0.05073766523 -0.1020040066 0.02557490919 0.7731754888 -0.6336762482 0.111018251 -0.6321592781 -0.7668439183 0.0001320064396 -0.451410444 0
0.7112624086 0.3386675959 -0.3429991839 -0.01984891035 0.1721840133 0.4683137449 -0.002596235344 0.04479898874 0.2496273803 -0.9932157713 -0.05228573913 -0.1038683452 0.02635991633 0.7687316239 -0.6390280473 0.1132589354 -0.6374306957 -0.7621381251 0.0001354860454 -0.4561889146 0
0.7178849019 0.3418208961 -0.3461928151 -0.02020850167 0.173617359 0.467558539 -0.002644411035 0.04520480276 0.2495277011 -0.9929657142 -0.05368581774 -0.1055316229 0.02707008996 0.764755303 -0.6437519217 0.1152662166 -0.6420803372 -0.7579225158 0.000138631046 -0.4604364441 0
0.7245073952 0.3449741962 -0.3493864463 -0.02057099467 0.1750461182 0.466797239 -0.002693018491 0.04561030469 0.249427129 -0.9927089821 -0.05510859371 -0.1072003723 0.02779198281 0.7607546335 -0.6484442869 0.1172880327 -0.6466957789 -0.7536763808 0.0001418254866 -0.4646839736 0
0.7311298886 0.3481274964 -0.3525800775 -0.02093637779 0.1764702546 0.4660298692 -0.002742057307 0.04601549176 0.2493256649 -0.9924454667 -0.05655415706 -0.1088743444 0.02852564965 0.7567299318 -0.6531049668 0.1193242761 -0.651276775 -0.7493999463 0.0001450698315 -0.468931503 0
0.7385801935 0.3516749592 -0.3561729125 -0.02135087389 0.1780668376 0.4651593534 -0.002797741078 0.04647094739 0.2492104527 -0.9921407686 -0.05820776212 -0.1107634943 0.02936516495 0.7521738124 -0.658310142 0.1216321599 -0.6563889185 -0.7445530239 0.0001487799506 -0.4737099737 0
0.7452026869 0.3548282594 -0.3593665437 -0.02172235974 0.1794810315 0.4643791668 -0.002847695176 0.04687545618 0.2491070961 -0.9918624776 -0.05970203393 -0.1124477328 0.03012402733 0.7480991001 -0.6629029185 0.1236987002 -0.6608959098 -0.7402129613 0.0001521318901 -0.4779575031 0
0.7518251802 0.3579815595 -0.3625601749 -0.02209669902 0.1808904908 0.4635929875 -0.002898079347 0.04727964144 0.2490028502 -0.9915770624 -0.06121935516 -0.1141364087 0.03089482628 0.7440013546 -0.6674634777 0.1257793264 -0.665367699 -0.7358433163 0.0001555351937 -0.4822050326 0
0.7584476735 0.3611348597 -0.3657538061 -0.02247387982 0.18229518 0.4628008404 -0.00294889317 0.04768350044 0.248897716 -0.9912844131 -0.06275980347 -0.1158292685 0.03167761104 0.7398808986 -0.6719916553 0.1278739275 -0.6698040481 -0.7314443217 0.0001589903314 -0.4864525621 0
0.7658979785 0.3646823225 -0.3693466411 -0.02290158976 0.1838697097 0.4619025732 -0.003006571764 0.04813744837 0.2487783792 -0.990946398 -0.06452054466 -0.11773842 0.03257263023 0.7352186434 -0.6770469482 0.1302469193 -0.6747522847 -0.7264606626 0.0001629399062 -0.4912310327 0
0.7725204718 0.3678356227 -0.3725402723 -0.0232847688 0.1852641456 0.4610978288 -0.00305829719 0.04854060488 0.2486713601 -0.9906380092 -0.06611038192 -0.1194393244 0.03338104208 0.7310510063 -0.681505783 0.1323708459 -0.6791125412 -0.72200008 0.0001665067579 -0.4954785622 0
0.7791429651 0.3709889228 -0.3757339035 -0.02367075154 0.1866537016 0.4602871962 -0.003110450935 0.0489434265 0.2485634555 -0.99032204 -0.06772356927 -0.1211436143 0.03420158481 0.7268616768 -0.6859317418 0.1345083964 -0.6834366255 -0.7175108851 0.0001701269209 -0.4997260917 0
0.7857654585 0.374142223 -0.3789275347 -0.02405952571 0.1880383432 0.459470701 -0.003163032563 0.0493459105 0.2484546662 -0.989998379 -0.06936017176 -0.1228510321 0.035034302 0.7226509835 -0.6903246727 0.136659457 -0.6877243071 -0.7129933171 0.0001738008706 -0.5039736211 0
0.7932157634 0.3776896858 -0.3825203698 -0.02450021787 0.1895901475 0.4585451688 -0.003222697805 0.049798298 0.248331222 -0.9896249271 -0.07122941499 -0.1247752943 0.03598571362 0.7178888281 -0.6952270556 0.1390954063 -0.6925041523 -0.7078774379 0.0001779989494 -0.5087520918 0
0.7998382568 0.380842986 -0.3857140009 -0.02489488265 0.190964231 0.4577163023 -0.003276187228 0.05020005542 0.2482205559 -0.9892845494 -0.07291597653 -0.1264885001 0.03684443993 0.713633834 -0.6995493107 0.1412747944 -0.6967137226 -0.7033003776 0.0001817887799 -0.5129996213 0
0.8064607501 0.3839962862 -0.3889076321 -0.02529229993 0.1923332926 0.4568816551 -0.003330103154 0.05060146664 0.2481090081 -0.9889361294 -0.07462613657 -0.1282040236 0.03771546798 0.7093585116 -0.7038380819 0.1434673322 -0.7008861832 -0.6986957012 0.0001856338907 -0.5172471507 0
0.8130832434 0.3871495863 -0.3921012633 -0.02569245709 0.1936972982 0.4560412536 -0.003384445134 0.05100252892 0.2479965794 -0.9885795543 -0.07635994735 -0.129921604 0.03859883561 0.7050631947 -0.7080932293 0.1456729029 -0.7050213117 -0.6940636537 0.0001895347624 -0.5214946802 0
0.8205335484 0.3906970491 -0.3956940984 -0.02614589307 0.1952257187 0.4550889571 -0.003446088565 0.05145330351 0.2478690456 -0.9881685187 -0.07833881558 -0.1318560145 0.03960741916 0.7002074807 -0.7128399093 0.1481696019 -0.7096284337 -0.6888201907 0.0001939904948 -0.5262731508 0
0.8271560417 0.3938503493 -0.3988877296 -0.02655183016 0.1965788681 0.4542364168 -0.003501334402 0.05185361524 0.2477547484 -0.9877942384 -0.08012304346 -0.1335770957 0.04051712764 0.6958707895 -0.7170231563 0.1504024765 -0.7136835029 -0.6841308009 0.0001980114596 -0.5305206803 0
0.833778535 0.3970036495 -0.4020813607 -0.02696046712 0.1979268562 0.4533782062 -0.003557004867 0.0522535695 0.2476395734 -0.9874114488 -0.08193106522 -0.1352994133 0.04143928491 0.6915151546 -0.7211723626 0.1526480146 -0.7177005584 -0.6794148159 0.000202089695 -0.5347682098 0
0.8404010283 0.4001569496 -0.4052749919 -0.02737179098 0.1992696499 0.4525143527 -0.003613099494 0.05265316359 0.2475235216 -0.9870200362 -0.08376292016 -0.1370227036 0.04237392299 0.6871409147 -0.725287401 0.1549060966 -0.7216793863 -0.674672487 0.0002062256863 -0.5390157392 0
0.8478513333 0.4037044124 -0.408867827 -0.02783772577 0.2007740425 0.4515358064 -0.003676712376 0.05310227301 0.2473919164 -0.9865692478 -0.08585228997 -0.1389622383 0.04344034736 0.6821980788 -0.7298758234 0.1574612828 -0.7261096099 -0.6693061921 0.0002109483192 -0.5437942099 0
0.8544738267 0.4068577126 -0.4120614582 -0.02825471587 0.2021056883 0.4506600528 -0.003733706794 0.05350109268 0.2472740046 -0.9861591322 -0.0877349065 -0.1406867161 0.04440160703 0.6777854319 -0.7339178466 0.1597456203 -0.730006503 -0.6645087225 0.0002152086597 -0.5480417394 0
0.86109632 0.4100110128 -0.4152550893 -0.02867435182 0.2034320367 0.4497787424 -0.003791123903 0.05389954368 0.2471552191 -0.9857400366 -0.08964145865 -0.1424113378 0.04537543842 0.6733552445 -0.7379253243 0.1620421236 -0.7338645131 -0.6596857029 0.0002195282811 -0.5522892688 0
0.8677188133 0.413164313 -0.4184487205 -0.02909662032 0.2047530554 0.4488919031 -0.003848963224 0.0542976233 0.2470355608 -0.9853118462 -0.09157197261 -0.1441358369 0.04636186767 0.6689078593 -0.7418981419 0.1643506705 -0.7376834345 -0.6548373902 0.0002239076738 -0.5565367983 0
0.8751691183 0.4167117757 -0.4220415556 -0.02957480244 0.2062327904 0.4478876353 -0.003914536535 0.0547450156 0.2468999033 -0.9848191181 -0.09377247121 -0.1460754196 0.04748668968 0.6638844219 -0.7463259935 0.1669620283 -0.7419327449 -0.6493531267 0.0002289065481 -0.5613152689 0
0.8817916116 0.4198650759 -0.4252351868 -0.03000262057 0.2075423762 0.4469891409 -0.003973271452 0.05514229707 0.2467783939 -0.9843712202 -0.09575397648 -0.1477987716 0.04849996964 0.659401633 -0.7502247925 0.1692957585 -0.7456679303 -0.6444519251 0.0002334145883 -0.5655627984 0
0.8884141049 0.4230183761 -0.428428818 -0.03043302916 0.2088465318 0.446085206 -0.004032427064 0.05553919872 0.2466560149 -0.9839138683 -0.09775950488 -0.1495211654 0.04952591989 0.6549027227 -0.7540885937 0.1716411459 -0.7493633985 -0.6395262418 0.0002379839397 -0.5698103279 0
0.8950365982 0.4261716763 -0.4316224491 -0.03086601459 0.2101452255 0.4451758593 -0.004092002876 0.05593571785 0.2465327674 -0.9834469474 -0.09978906939 -0.1512423327 0.05056456062 0.650388037 -0.7579172953 0.1739980654 -0.7530189526 -0.6345763392 0.0002426150972 -0.5740578574 0
0.9024869032 0.429719139 -0.4352152842 -0.03135618625 0.211599688 0.4441464113 -0.004159527317 0.05638134131 0.2463930771 -0.9829100799 -0.1021010722 -0.1531768453 0.05174822383 0.6452905911 -0.7621825073 0.1766632283 -0.7570834988 -0.6289790773 0.0002478996449 -0.578836328 0
0.9091093965 0.4328724392 -0.4384089154 -0.03179460186 0.2128866707 0.4432256603 -0.004219994403 0.05677703868 0.2462679875 -0.9824224418 -0.1041817419 -0.1548945138 0.05281389228 0.6407435355 -0.7659362992 0.1790442362 -0.7606535916 -0.6239785854 0.0002526637894 -0.5830838575 0
0.9157318899 0.4360257394 -0.4416025466 -0.03223555121 0.2141680936 0.4422995879 -0.004280880126 0.05717234514 0.2461420327 -0.9819248743 -0.1062864676 -0.1566101149 0.05389230497 0.636181791 -0.7696546942 0.1814363821 -0.7641831689 -0.6189547024 0.0002574912943 -0.5873313869 0
0.9223543832 0.4391790396 -0.4447961777 -0.03267902038 0.2154439258 0.4413682235 -0.004342183978 0.05756725801 0.2460152137 -0.9814172616 -0.108415249 -0.1583233791 0.05498347612 0.6316057065 -0.7733376034 0.1838395385 -0.7676720428 -0.6139076957 0.0002623826594 -0.5915789164 0
0.9298046882 0.4427265023 -0.4483890128 -0.03318091769 0.2168725161 0.4403141496 -0.004411649972 0.0580110612 0.2458715108 -0.9808340466 -0.1108388776 -0.1602476716 0.05622630981 0.6264409062 -0.7774383532 0.186556091 -0.7715481412 -0.608202508 0.0002679624013 -0.5963573871 0
0.9364271815 0.4458798025 -0.451582644 -0.0336296948 0.2181363662 0.4393716375 -0.004473840648 0.05840512882 0.2457428591 -0.9803047046 -0.1130187615 -0.1619550728 0.05734463317 0.6218355111 -0.781045575 0.188982219 -0.7749499059 -0.6031072576 0.000272991133 -0.6006049165 0
0.9430496748 0.4490331027 -0.4547762752 -0.03408094767 0.2193945303 0.4384239259 -0.004536447846 0.0587987945 0.2456133466 -0.9797649566 -0.1152226792 -0.1636592927 0.05847574996 0.6172168705 -0.784617054 0.1914189555 -0.7783103937 -0.5979897278 0.0002780852932 -0.604852446 0
0.9496721681 0.4521864029 -0.4579699064 -0.03453466204 0.2206469781 0.4374710448 -0.004599471042 0.05919205558 0.2454829744 -0.9792146868 -0.1174506171 -0.1653600605 0.05961966835 0.6125853358 -0.7881527146 0.1938661709 -0.7816294255 -0.592850191 0.0002832453861 -0.6090999755 0
0.9571224731 0.4557338656 -0.4615627414 -0.03504801513 0.2220491121 0.4363929116 -0.004670868731 0.05963398735 0.2453352795 -0.9785829129 -0.1199857376 -0.167268961 0.06092188676 0.6073598848 -0.7920874283 0.1966316512 -0.7853135635 -0.5870422478 0.0002891299298 -0.6138784461 0
