0.01037042571 0.01296303214 0 -1.142657631e-05 0.002644397826 0.5099908587 -1.438108626e-06 0.0006593114355 0.2549988622 -0.9999999978 -4.569639605e-07 -6.654347492e-05 2.296628854e-07 0.9999467669 -0.01031810438 6.654464761e-05 -0.01031810437 -0.9999467647 9.376223522e-08 0
0.02036554647 0.02545693309 0 -4.406542836e-05 0.005192754417 0.5099647477 -5.579787848e-06 0.001297399029 0.2549955851 -0.9999999671 -3.465190735e-06 -0.0002565985567 1.734249803e-06 0.9997947418 -0.02026016548 0.0002566160931 -0.02026016526 -0.9997947089 8.992026731e-08 0
0.03036066724 0.03795083404 0 -9.79265087e-05 0.007740446364 0.5099216588 -1.243329238e-05 0.001935823353 0.254990162 -0.9999998374 -1.148079487e-05 -0.0005701666498 5.741817049e-06 0.9995439638 -0.03019709295 0.0005702533198 -0.03019709132 -0.9995438012 7.15728615e-08 0
0.040355788 0.05044473499 0 -0.0001730015447 0.01028714761 0.5098615988 -2.199342537e-05 0.002574084906 0.2549825971 -0.9999994925 -2.695617348e-05 -0.001007106294 1.347706419e-05 0.9991946128 -0.04012637086 0.001007376837 -0.04012636407 -0.9991941053 3.387218742e-07 0
0.05035090876 0.06293863595 0 -0.0002692790056 0.01283253228 0.5097845768 -3.425768196e-05 0.003212153454 0.2549728925 -0.9999987705 -5.233763687e-05 -0.001567220418 2.616028743e-05 0.9987469392 -0.05004548753 0.001567875858 -0.050045467 -0.9987457099 7.048369255e-07 0
0.06034602952 0.0754325369 0 -0.000386744105 0.0153762747 0.5096906047 -4.922475586e-05 0.003850039612 0.254961049 -0.9999974641 -9.006341232e-05 -0.002250256467 4.500593589e-05 0.9982012639 -0.05995193692 0.002251608326 -0.05995188617 -0.9981987285 1.163142173e-06 0
0.07034115028 0.08792643785 0 -0.0005253788033 0.0179180495 0.509579697 -6.689368926e-05 0.004487746392 0.2549470676 -0.9999953205 -0.0001425616544 -0.003055906576 7.12211729e-05 0.997557978 -0.06984322001 0.00305840095 -0.06984311082 -0.9975532999 1.712513662e-06 0
0.08033627104 0.1004203388 0 -0.0006851618109 0.02045753162 0.5094518706 -8.726358739e-05 0.005125268222 0.2549309488 -0.9999920421 -0.0002122484632 -0.003983807773 0.0001060044435 0.9968175426 -0.07971684618 0.003988049252 -0.0797166341 -0.9968095875 2.353647266e-06 0
0.0903313918 0.1129142398 0 -0.0008660685925 0.02299439643 0.5093071451 -0.0001103335172 0.005762593897 0.2549126935 -0.9999872862 -0.000301525913 -0.005033542223 0.0001505440492 0.995980488 -0.08957033461 0.005040317616 -0.0895699536 -0.9959677799 3.08814586e-06 0
0.1003265126 0.1254081407 0 -0.001068071371 0.0255283197 0.5091455429 -0.0001361024677 0.006399708748 0.2548923025 -0.9999806659 -0.0004127800908 -0.006204637507 0.000206016732 0.9950474139 -0.09940121562 0.006214939348 -0.09940057205 -0.9950280905 3.918171754e-06 0
0.1103216333 0.1379020417 0 -0.001291139133 0.02805897774 0.5089670887 -0.0001645693323 0.007036595966 0.2548697765 -0.99997175 -0.0005483791491 -0.007496566938 0.0002735862677 0.9940189884 -0.1092070321 0.007511616744 -0.1092059979 -0.9939907573 4.846292054e-06 0
0.1203167541 0.1503959426 0 -0.001535237635 0.03058604739 0.5087718099 -0.000195732901 0.007673237385 0.2548451165 -0.9999600638 -0.0007106713727 -0.008908749914 0.0003544020705 0.9928959478 -0.1189853406 0.008930021164 -0.1189837461 -0.9928560434 5.875400146e-06 0
0.1303118748 0.1628898436 0 -0.001800329407 0.03310920613 0.5085597365 -0.0002295918562 0.008309613956 0.2548183236 -0.9999450891 -0.0009019832606 -0.0104405523 0.00044959781 0.9916790957 -0.1287337133 0.01046979312 -0.1287313384 -0.9916242363 7.00867027e-06 0
0.1403069956 0.1753837445 0 -0.002086373765 0.03562813208 0.508330901 -0.0002661447706 0.008945706042 0.2547893989 -0.9999262653 -0.001124617627 -0.01209128687 0.0005602900415 0.9903693028 -0.1384497384 0.01213054236 -0.1384463045 -0.9902956481 8.249527532e-06 0
0.1503021164 0.1878776455 0 -0.002393326811 0.03814250409 0.5080853386 -0.000305390106 0.009581493605 0.2547583436 -0.9999029892 -0.00138085172 -0.01386021373 0.0006875768512 0.9889675058 -0.1481310224 0.01391184798 -0.148126182 -0.9888706157 9.601625694e-06 0
0.1602972371 0.2003715464 0 -0.002721141447 0.04065200179 0.5078230868 -0.0003473262124 0.01021695633 0.2547251589 -0.999874616 -0.00167293536 -0.01574654085 0.0008325365172 0.9874747066 -0.1577751906 0.0158132585 -0.1577685177 -0.9873495003 1.106882908e-05 0
0.1702923579 0.2128654474 0 -0.00306976738 0.04315630566 0.5075441861 -0.000391951328 0.0108520737 0.2546898463 -0.9998404601 -0.002003089106 -0.01774942457 0.0009962261868 0.9858919719 -0.1673798891 0.01783429202 -0.1673708678 -0.9857326872 1.265519687e-05 0
0.1802874786 0.2253593483 0 -0.003439151136 0.04565509702 0.5072486791 -0.0004392635789 0.01148682507 0.2546524072 -0.9997997951 -0.002373502434 -0.01986797018 0.001179680573 0.9842204321 -0.1769427856 0.01997443633 -0.1769307986 -0.9840205864 1.436496887e-05 0
0.1902825994 0.2378532493 0 -0.003829236062 0.04814805817 0.5069366112 -0.0004892609787 0.01212118969 0.2546128431 -0.9997518552 -0.002786331954 -0.02210123248 0.00138391067 0.9824612804 -0.1864615705 0.02223314899 -0.1864458872 -0.9822136317 1.620255231e-05 0
0.2002777202 0.2503471502 0 -0.004239962343 0.05063487239 0.5066080301 -0.000541941429 0.01275514674 0.2545711558 -0.9996958353 -0.003243699642 -0.02444821646 0.001609902487 0.9806157718 -0.195933959 0.02460985756 -0.195913722 -0.9803122811 1.817250944e-05 0
0.2102728409 0.2628410512 0 -0.00467126701 0.05311522401 0.5062629864 -0.0005973027189 0.01338867536 0.2545273469 -0.9996308923 -0.003747691108 -0.02690787791 0.001858615807 0.9786852222 -0.2053576912 0.02710395966 -0.2053319035 -0.9783170165 2.027954584e-05 0
0.2202679617 0.2753349521 0 -0.005123083954 0.05558879846 0.5059015328 -0.0006553425252 0.01402175464 0.2544814182 -0.9995561456 -0.004300353886 -0.02947912416 0.002130982967 0.9766710073 -0.2147305343 0.02971482318 -0.2146980447 -0.9762283436 2.25284993e-05 0
0.2302630825 0.2878288531 0 -0.005595343934 0.05805528231 0.5055237249 -0.0007160584129 0.01465436367 0.2544333717 -0.9994706778 -0.004903695762 -0.03216081478 0.002427907656 0.9745745615 -0.2240502831 0.03244178639 -0.2240097718 -0.9740467918 2.492432931e-05 0
0.2402582032 0.300322754 0 -0.006087974593 0.06051436337 0.5051296203 -0.0007794478347 0.01528648151 0.2543832093 -0.9993735359 -0.005559683128 -0.03495176235 0.00275026375 0.9723973766 -0.2333147615 0.03528415816 -0.2332647248 -0.971772914 2.747210717e-05 0
0.250253324 0.312816655 0 -0.006600900469 0.06296573068 0.5047192796 -0.0008455081311 0.01591808725 0.2543309332 -0.999263732 -0.006270239374 -0.03785073321 0.003098894158 0.970141001 -0.2425218236 0.0382412181 -0.242460558 -0.9694072865 3.01770066e-05 0
0.2602484447 0.3253105559 0 -0.007134043013 0.06540907461 0.5042927656 -0.0009142365313 0.01654915993 0.2542765454 -0.9991402443 -0.007037243309 -0.04085644835 0.003474609707 0.9678070381 -0.2516693548 0.04131221674 -0.2515949408 -0.9669505088 3.304429498e-05 0
0.2702435655 0.3378044569 0 -0.007687320595 0.0678440869 0.5038501435 -0.0009856301521 0.01717967865 0.2542200482 -0.9990020181 -0.007862527624 -0.04396758418 0.003878188047 0.9653971449 -0.2607552728 0.04449637577 -0.2606655583 -0.9644032037 3.607932506e-05 0
0.2802386863 0.3502983578 0 -0.008260648529 0.07027046069 0.5033914812 -0.001059685999 0.0178096225 0.254161444 -0.9988479667 -0.008747877387 -0.04718277346 0.004310372586 0.9629130312 -0.2697775287 0.04779288816 -0.2696701114 -0.9617660167 3.928752731e-05 0
0.290233807 0.3627922588 0 -0.008853939082 0.07268789061 0.5029168487 -0.001136400967 0.01843897058 0.2541007353 -0.9986769724 -0.00969502858 -0.05050060619 0.004771871457 0.9603564578 -0.2787341085 0.05120091842 -0.278606318 -0.9590396162 4.267440269e-05 0
0.3002289278 0.3752861597 0 -0.009467101491 0.07509607281 0.5024263188 -0.001215771837 0.01906770201 0.2540379244 -0.9984878878 -0.01070566667 -0.05391963051 0.005263356514 0.9577292351 -0.2876230334 0.05471960281 -0.2874719133 -0.9562246933 4.624551599e-05 0
0.3102240485 0.3877800607 0 -0.01010004198 0.07749470499 0.5019199664 -0.001297795282 0.01969579595 0.253973014 -0.9982795368 -0.01178142524 -0.0574383537 0.005785462356 0.9550332219 -0.2964423611 0.05834804951 -0.2962646504 -0.9533219614 5.000648964e-05 0
0.3202191693 0.4002739616 0 -0.01075266378 0.0798834865 0.501397869 -0.001382467861 0.02032323155 0.2539060068 -0.9980507154 -0.01292388462 -0.06105524315 0.006338785388 0.9522703237 -0.3051901872 0.06208533892 -0.3049823007 -0.9503321561 5.396299794e-05 0
0.3302142901 0.4127678626 0 -0.01142486713 0.08226211836 0.5008601063 -0.001469786026 0.02094998802 0.2538369056 -0.9978001934 -0.0141345706 -0.06476872734 0.006923882914 0.9494424913 -0.3138646454 0.06593052384 -0.3136226549 -0.9472560353 5.81207618e-05 0
0.3402094108 0.4252617635 0 -0.01211654934 0.08463030332 0.5003067605 -0.001559746113 0.02157604458 0.2537657132 -0.9975267151 -0.01541495319 -0.06857719694 0.007541272259 0.946551719 -0.3224639089 0.0698826297 -0.3221835231 -0.9440943785 6.24855438e-05 0
0.3502045316 0.4377556645 0 -0.01282760475 0.08698774588 0.4997379162 -0.001652344352 0.02220138048 0.2536924326 -0.9972290008 -0.01676644538 -0.07247900577 0.008191429931 0.9436000432 -0.3309861914 0.07394065488 -0.3306627356 -0.9408479871 6.706314372e-05 0
0.3601996523 0.4502495654 0 -0.01355792479 0.0893341524 0.4991536602 -0.001747576861 0.022825975 0.2536170667 -0.996905748 -0.01819040199 -0.07647247197 0.008874790818 0.940589541 -0.3394297474 0.07810357087 -0.3390581434 -0.9375176839 7.185939439e-05 0
0.3701947731 0.4627434664 0 -0.01430739797 0.09166923109 0.4985540816 -0.001845439648 0.02344980746 0.2535396188 -0.9965556323 -0.01968811856 -0.08055587905 0.009591747415 0.937522328 -0.3477928736 0.08237032259 -0.3473676187 -0.9341043129 7.688015784e-05 0
0.3801898939 0.4752373673 0 -0.01507590996 0.0939926921 0.497939272 -0.00194592861 0.0240728572 0.253460092 -0.9961773094 -0.02126083025 -0.08472747703 0.01034264909 0.9344005569 -0.3560739093 0.08673982867 -0.3555890555 -0.9306087393 8.213132186e-05 0
0.3901850146 0.4877312683 0 -0.01586334353 0.09630424755 0.4973093252 -0.002049039535 0.02469510361 0.2533784896 -0.9957694155 -0.02290971086 -0.08898548357 0.01112780141 0.9312264158 -0.3642712377 0.09121098165 -0.3637203702 -0.927031849 8.761879673e-05 0
0.4001801354 0.5002251692 0 -0.01666957862 0.09860361157 0.4966643371 -0.002154768102 0.02531652611 0.253294815 -0.9953305694 -0.02463587181 -0.09332808514 0.01194746544 0.9280021264 -0.3723832858 0.09578264835 -0.371759502 -0.9233745486 9.334851231e-05 0
0.4101752561 0.5127190702 0 -0.01749449235 0.1008905004 0.4960044061 -0.002263109881 0.02593710416 0.2532090716 -0.9948593733 -0.02644036124 -0.0977534382 0.01280185718 0.9247299421 -0.3804085259 0.1004536701 -0.3797044133 -0.9196377649 9.93264153e-05 0
0.4201703769 0.5252129711 0 -0.01833795907 0.1031646323 0.4953296327 -0.00237406033 0.02655681725 0.253121263 -0.9943544145 -0.02832416317 -0.1022596704 0.01369114692 0.9214121465 -0.388345476 0.105222863 -0.3875530906 -0.9158224452 0.0001055584668 0
0.4301654977 0.5377068721 0 -0.01919985032 0.1054257278 0.4946401197 -0.002487614801 0.02717564493 0.2530313928 -0.9938142665 -0.03028819661 -0.1068448817 0.01461545878 0.9180510513 -0.3961927001 0.1100890184 -0.3953035446 -0.9119295563 0.0001120506399 0
0.4401606184 0.550200773 0 -0.02008003492 0.1076735096 0.4939359721 -0.002603768537 0.02779356676 0.2529394648 -0.9932374908 -0.03233331485 -0.1115071459 0.01557487014 0.9146489943 -0.4039488094 0.1150509029 -0.4029538112 -0.9079600849 0.0001188089178 0
0.4501557392 0.562694674 0 -0.02097837894 0.1099077026 0.4932172968 -0.002722516671 0.02841056238 0.2528454826 -0.9926226377 -0.03446030471 -0.1162445115 0.0165694112 0.9112083381 -0.4116124624 0.120107259 -0.4105019513 -0.9039150371 0.0001258392916 0
0.46015086 0.5751885749 0 -0.02189474577 0.1121280341 0.4924842034 -0.002843854229 0.02902661145 0.2527494503 -0.9919682483 -0.0366698859 -0.1210550032 0.0175990646 0.9077314675 -0.4191823658 0.1252568052 -0.417946052 -0.8997954381 0.0001331477589 0
0.4701459807 0.5876824759 0 -0.02282899612 0.1143342338 0.4917368031 -0.002967776129 0.02964169368 0.2526513717 -0.9912728556 -0.0389627104 -0.1259366229 0.01866376498 0.9042207882 -0.4266572746 0.1304982363 -0.4252842265 -0.895602332 0.0001407403218 0
0.4801411015 0.6001763768 0 -0.02378098804 0.1165260335 0.4909752096 -0.003094277179 0.03025578882 0.2525512509 -0.9905349859 -0.04133936193 -0.1308873516 0.01976339869 0.9006787245 -0.434035993 0.1358302239 -0.4325146151 -0.8913367815 0.0001486229854 0
0.4901362222 0.6126702778 0 -0.02475057696 0.1187031678 0.4901995384 -0.003223352084 0.03086887667 0.2524490921 -0.9897531607 -0.04380035539 -0.1359051499 0.02089780349 0.8971077175 -0.4413173744 0.1412514166 -0.4396353853 -0.8869998677 0.0001568017567 0
0.500131343 0.6251641787 0 -0.02573761571 0.1208653735 0.4894099074 -0.003354995437 0.0314809371 0.2523448994 -0.9889258975 -0.0463461365 -0.1409879597 0.02206676828 0.893510223 -0.4485003223 0.1467604405 -0.4466447324 -0.8825926898 0.000165282643 0
0.5101264638 0.6376580797 0 -0.02674195455 0.1230123902 0.4886064364 -0.003489201727 0.03209194999 0.2522386772 -0.988051712 -0.04897708134 -0.1461337059 0.02327003292 0.8898887098 -0.4555837901 0.1523558993 -0.4535408799 -0.8781163648 0.0001740716509 0
0.5201215845 0.6501519806 0 -0.0277634412 0.1251439597 0.487789247 -0.003625965336 0.0327018953 0.2521304299 -0.9871291187 -0.05169349606 -0.1513402967 0.02450728804 0.8862456573 -0.4625667819 0.1580363749 -0.46032208 -0.8735720273 0.0001831747849 0
0.5301167053 0.6626458816 0 -0.02880192086 0.1272598269 0.4869584633 -0.003765280538 0.03331075303 0.2520201618 -0.9861566334 -0.0544956166 -0.1566056261 0.02577817493 0.8825835541 -0.4694483525 0.1638004275 -0.4669866141 -0.8689608289 0.0001925980466 0
0.540111826 0.6751397825 0 -0.02985723623 0.1293597388 0.486114211 -0.003907141503 0.03391850323 0.2519078777 -0.9851327739 -0.05738360845 -0.1619275743 0.02708228545 0.8789048955 -0.4762276079 0.1696465964 -0.4735327931 -0.8642839384 0.0002023474335 0
0.5501069468 0.6876336835 0 -0.03092922756 0.1314434455 0.4852566179 -0.004051542293 0.03452512601 0.251793582 -0.9840560617 -0.06035756651 -0.1673040096 0.02841916202 0.8752121816 -0.4829037051 0.1755733997 -0.479958958 -0.8595425411 0.0002124289383 0
0.5601020676 0.7001275845 0 -0.03201773268 0.1335106997 0.4843858139 -0.004198476867 0.03513060154 0.2516772794 -0.9829250237 -0.06341751498 -0.1727327894 0.02978829759 0.8715079156 -0.4894758528 0.1815793355 -0.4862634799 -0.8547378388 0.0002228485477 0
0.5700971883 0.7126214854 0 -0.03312258698 0.1355612568 0.4835019304 -0.004347939075 0.03573491002 0.2515589749 -0.9817381936 -0.06656340729 -0.1782117619 0.03118913574 0.8677946012 -0.4959433112 0.1876628814 -0.4924447613 -0.8498710491 0.0002336122419 0
0.5800923091 0.7251153864 0 -0.03424362352 0.1375948753 0.4826051012 -0.004499922667 0.03633803173 0.2514386733 -0.9804941131 -0.06979512614 -0.1837387669 0.03262107072 0.8640747414 -0.5023053922 0.1938224957 -0.4985012353 -0.8449434055 0.0002447259933 0
0.5900874298 0.7376092873 0 -0.035380673 0.1396113162 0.4816954616 -0.004654421283 0.03693994701 0.2513163794 -0.9791913339 -0.07311248355 -0.189311638 0.03408344764 0.8603508358 -0.5085614594 0.2000566173 -0.5044313671 -0.839956157 0.0002561957664 0
0.6000825506 0.7501031883 0 -0.0365335638 0.1416103435 0.480773149 -0.004811428464 0.03754063623 0.2511920985 -0.9778284188 -0.07651522097 -0.1949282029 0.03557556261 0.8566253787 -0.5147109284 0.206363666 -0.5102336538 -0.8349105676 0.0002680275164 0
0.6100776714 0.7625970892 0 -0.03770212204 0.1435917243 0.4798383024 -0.004970937643 0.03814007985 0.2510658354 -0.9764039433 -0.08000300948 -0.2005862856 0.03709666298 0.8529008577 -0.5207532665 0.2127420435 -0.5159066247 -0.829807916 0.0002802271889 0
0.6200727921 0.7750909902 0 -0.03888617157 0.1455552285 0.4788910627 -0.00513294215 0.03873825838 0.2509375956 -0.9749164971 -0.08357545001 -0.2062837073 0.03864594763 0.8491797508 -0.5266879927 0.2191901331 -0.5214488422 -0.8246494955 0.0002928007191 0
0.6300679129 0.7875848911 0 -0.04008553404 0.1475006291 0.4779315728 -0.005297435214 0.03933515238 0.2508073842 -0.9733646855 -0.08723207365 -0.2120182879 0.04022256725 0.8454645251 -0.5325146777 0.2257063007 -0.5268589016 -0.8194366136 0.0003057540311 0
0.6400630336 0.8000787921 0 -0.0413000289 0.1494277021 0.4769599769 -0.005464409959 0.03993074249 0.2506752066 -0.971747131 -0.09097234196 -0.2177878473 0.04182562471 0.8417576345 -0.5382329438 0.2322888946 -0.5321354317 -0.8141705913 0.0003190930371 0
0.6500581544 0.812572693 0 -0.04252947347 0.1513362266 0.4759764212 -0.005633859407 0.0405250094 0.2505410683 -0.9700624746 -0.09479564742 -0.2235902068 0.04345417546 0.8380615181 -0.5438424648 0.2389362467 -0.5372770953 -0.8088527634 0.0003328236369 0
0.6600532752 0.825066594 0 -0.04377368292 0.1532259847 0.4749810537 -0.005805776478 0.04111793388 0.2504049747 -0.9683093775 -0.09870131385 -0.2294231901 0.04510722795 0.8343785975 -0.5493429657 0.245646672 -0.5422825893 -0.8034844777 0.0003469517174 0
0.6700483959 0.8375604949 0 -0.04503247037 0.1550967619 0.4739740237 -0.005980153988 0.04170949673 0.2502669314 -0.966486522 -0.102688597 -0.235284625 0.04678374414 0.8307112757 -0.5547342225 0.25241847 -0.5471506451 -0.7980670947 0.0003614831518 0
0.6800435167 0.8500543959 0 -0.04630564685 0.1569483466 0.4729554825 -0.006156984655 0.04229967887 0.2501269442 -0.9645926137 -0.1067566849 -0.2411723448 0.04848263999 0.8270619348 -0.560016062 0.2592499244 -0.5518800289 -0.7926019874 0.0003764237988 0
0.6900386375 0.8625482968 0 -0.04759302141 0.1587805307 0.4719255829 -0.006336261093 0.04288846124 0.2499850188 -0.962626382 -0.1109046988 -0.247084189 0.05020278606 0.8234329338 -0.5651883613 0.2661393036 -0.556469542 -0.7870905411 0.0003917795024 0
0.7000337582 0.8750421978 0 -0.04889440109 0.1605931092 0.4708844791 -0.006517975817 0.04347582487 0.2498411609 -0.9605865824 -0.1151316938 -0.2530180051 0.0519430081 0.8198266074 -0.5702510479 0.2730848617 -0.5609180215 -0.7815341525 0.0004075560909 0
0.710028879 0.8875360987 0 -0.05020959099 0.1623858803 0.4698323272 -0.006702121241 0.04406175085 0.2496953766 -0.958471997 -0.1194366591 -0.2589716498 0.05370208767 0.8162452635 -0.575204099 0.2800848384 -0.5652243397 -0.7759342299 0.0004237593765 0
0.7200239997 0.9000299997 0 -0.0515383943 0.1641586457 0.4687692846 -0.006888689677 0.04464622036 0.2495476718 -0.9562814367 -0.1238185195 -0.2649429901 0.05547876289 0.8126911817 -0.5800475412 0.2871374595 -0.5693874054 -0.7702921926 0.0004403951546 0
0.7300191205 0.9125239006 0 -0.05288061232 0.1659112103 0.4676955101 -0.007077673342 0.04522921462 0.2493980525 -0.9540137419 -0.1282761357 -0.2709299047 0.05727172908 0.8091666112 -0.58478145 0.2942409375 -0.5734061635 -0.7646094705 0.0004574692033 0
0.7400142413 0.9250178016 0 -0.05423604453 0.1676433826 0.4666111644 -0.007269064349 0.04581071494 0.2492465249 -0.951667784 -0.1328083054 -0.2769302853 0.05907963961 0.8056737695 -0.5894059495 0.3013934722 -0.5772795953 -0.758887504 0.0004749872826 0
0.750009362 0.9375117025 0 -0.05560448859 0.1693549741 0.4655164091 -0.007462854715 0.04639070271 0.2490930952 -0.9492424668 -0.1374137644 -0.2829420374 0.06090110665 0.8022148399 -0.5939212118 0.3085932507 -0.5810067194 -0.7531277432 0.0004929551338 0
0.7600044828 0.9500056035 0 -0.05698574037 0.1710458003 0.4644114077 -0.007659036357 0.04696915938 0.2489377698 -0.9467367278 -0.1420911872 -0.2889630821 0.06273470201 0.7987919705 -0.5983274564 0.3158384483 -0.584586591 -0.747331648 0.0005113784792 0
0.7706242986 0.9632803732 0 -0.05846712361 0.1728193475 0.4632263011 -0.007870090332 0.04758207129 0.2487706663 -0.9439851126 -0.147138249 -0.2953683173 0.06469454384 0.7951970431 -0.602889939 0.3235841825 -0.5882278455 -0.7411351284 0.0005314587477 0
0.7806194193 0.9757742742 0 -0.05987413936 0.1744667761 0.4621006885 -0.00807117804 0.04815731181 0.2486114509 -0.941310298 -0.1519596554 -0.3014020339 0.06654847565 0.7918551701 -0.607072228 0.3309172454 -0.5915011857 -0.7352687427 0.0005508395356 0
0.7906145401 0.9882681751 0 -0.06129332715 0.1760928949 0.4609653383 -0.008274631667 0.04873096491 0.2484503595 -0.9385520293 -0.1568485975 -0.3074387838 0.06840992044 0.7885556963 -0.6111464609 0.3382900695 -0.5946246138 -0.7293705489 0.0005706932153 0
0.8006096609 1.000762076 0 -0.06272447605 0.1776975335 0.4598204192 -0.008480442735 0.04930301233 0.2482873986 -0.935709393 -0.1618035128 -0.3134765623 0.07027729554 0.7853006078 -0.6151130442 0.3457007862 -0.5975973382 -0.7234420418 0.0005910254241 0
0.8106047816 1.013255977 0 -0.06416737357 0.1792805248 0.4586661011 -0.00868860267 0.04987343594 0.2481225748 -0.9327815153 -0.1668227834 -0.3195133856 0.07214898275 0.782091847 -0.6189724285 0.3531475172 -0.6004186055 -0.717484724 0.0006118417768 0
0.8205999024 1.025749878 0 -0.06562180566 0.1808417055 0.4575025555 -0.008899102805 0.05044221765 0.247955895 -0.9297675632 -0.1719047373 -0.3255472925 0.07402332939 0.7789313105 -0.6227251081 0.3606283753 -0.6030877007 -0.7115001055 0.0006331478652 0
0.8305950232 1.038243779 0 -0.06708755678 0.1823809158 0.4563299546 -0.009111934374 0.05100933945 0.247787366 -0.9266667454 -0.17704765 -0.3315763449 0.07589864942 0.7758208482 -0.6263716202 0.3681414645 -0.6056039475 -0.7054897029 0.0006549492571 0
0.8405901439 1.05073768 0 -0.06856440992 0.1838979997 0.4551484721 -0.009327088518 0.05157478344 0.2476169946 -0.9234783138 -0.1822497451 -0.3375986291 0.0777732245 0.7727622613 -0.629912544 0.3756848806 -0.607966708 -0.6994550396 0.0006772514958 0
0.8505852647 1.063231581 0 -0.07005214664 0.1853928047 0.4539582827 -0.009544556284 0.05213853178 0.2474447877 -0.9202015639 -0.1875091965 -0.3436122567 0.0796453052 0.7697573011 -0.6333485002 0.3832567117 -0.6101753835 -0.6933976452 0.0007000600993 0
0.8605803854 1.075725482 0 -0.07155054712 0.1868651821 0.4527595623 -0.009764328626 0.05270056672 0.2472707526 -0.9168358365 -0.1928241295 -0.3496153658 0.08151311215 0.7668076678 -0.6366801498 0.3908550389 -0.6122294142 -0.6873190547 0.0007233805597 0
0.8705755062 1.088219383 0 -0.07305939018 0.1883149869 0.4515524879 -0.009986396402 0.0532608706 0.2470948961 -0.913380518 -0.1981926223 -0.3556061216 0.08337483725 0.7639150088 -0.6399081933 0.3984779364 -0.6141282796 -0.6812208088 0.0007472183426 0
0.880570627 1.100713284 0 -0.07457845333 0.1897420778 0.4503372373 -0.01021075038 0.05381942581 0.2469172256 -0.9098350419 -0.2036127074 -0.361582718 0.08522864494 0.7610809173 -0.6430333704 0.4061234722 -0.6158714986 -0.6751044531 0.0007715788861 0
0.8905657477 1.113207185 0 -0.07610751284 0.1911463174 0.4491139897 -0.01043738123 0.05437621488 0.2467377482 -0.9061988891 -0.2090823732 -0.3675433777 0.08707267343 0.7583069316 -0.6460564581 0.4137897085 -0.6174586292 -0.6689715378 0.0007964676002 0
0.9005608685 1.125701086 0 -0.07764634371 0.192527572 0.447882925 -0.01066627955 0.05493122039 0.2465564714 -0.9024715895 -0.214599566 -0.3734863538 0.08890503601 0.7555945332 -0.6489782708 0.4214747024 -0.6188892693 -0.6628236173 0.0008218898662 0
0.9105559892 1.138194987 0 -0.07919471978 0.1938857115 0.4466442242 -0.01089743581 0.05548442502 0.2463734023 -0.8986527219 -0.2201621909 -0.3794099303 0.09072382237 0.7529451463 -0.6517996585 0.4291765063 -0.6201630563 -0.6566622496 0.0008478510355 0
0.92055111 1.150688888 0 -0.08075241373 0.1952206099 0.445398069 -0.01113084042 0.05603581153 0.2461885487 -0.8947419156 -0.2257681141 -0.3853124228 0.09252709994 0.7503601358 -0.6545215064 0.436893168 -0.6212796675 -0.6504889965 0.0008743564295 0
0.9305462308 1.163182788 0 -0.08231919712 0.1965321449 0.4441446423 -0.0113664837 0.05658536278 0.2460019178 -0.8907388507 -0.2314151641 -0.3911921799 0.09431291526 0.7478408072 -0.6571447337 0.444622732 -0.6222388198 -0.6443054224 0.0009014113384 0
0.9405413515 1.175676689 0 -0.08389484048 0.1978201982 0.4428841276 -0.01160435586 0.05713306171 0.2458135174 -0.8866432591 -0.2371011338 -0.3970475833 0.09607929536 0.7453884048 -0.6596702927 0.4523632391 -0.6230402703 -0.6381130946 0.0009290210203 0
0.9505364723 1.18817059 0 -0.08547911327 0.199084655 0.4416167094 -0.01184444703 0.05767889136 0.2456233552 -0.8824549247 -0.2428237821 -0.4028770491 0.09782424917 0.7430041109 -0.6620991674 0.4601127276 -0.6236838158 -0.6319135826 0.0009571907007 0
0.960531593 1.200664491 0 -0.087071784 0.2003254049 0.4403425728 -0.01208674726 0.05822283485 0.2454314388 -0.8781736846 -0.2485808354 -0.408679028 0.09954576897 0.7406890452 -0.6644323729 0.4678692334 -0.6241692932 -0.6257084576 0.0009859255717 0
0.9705267138 1.213158392 0 -0.0886726202 0.201542341 0.4390619038 -0.0123312465 0.0587648754 0.245237776 -0.8737994292 -0.2543699899 -0.4144520065 0.1012418318 0.7384442634 -0.6666709543 0.4756307906 -0.6244965797 -0.6194992922 0.001015230791 0
0.9805218346 1.225652293 0 -0.09028138854 0.2027353604 0.4377748892 -0.01257793462 0.05930499634 0.2450423747 -0.8693321031 -0.2601889132 -0.4201945074 0.102910401 0.7362707569 -0.6688159851 0.4833954323 -0.6246655922 -0.6132876601 0.001045111481 0
0.9905169553 1.238146194 0 -0.09189785478 0.2039043643 0.4364817162 -0.0128268014 0.05984318106 0.2448452429 -0.8647717053 -0.266035246 -0.4259050899 0.1045494275 0.7341694513 -0.6708685668 0.4911611904 -0.6246762879 -0.6070751357 0.001075572728 0
1.000512076 1.250640095 0 -0.0935217839 0.2050492576 0.4351825729 -0.01307783654 0.06037941307 0.2446463885 -0.86011829 -0.271906604 -0.4315823512 0.1061568517 0.7321412065 -0.6728298274 0.4989260967 -0.6245286643 -0.6008632935 0.001106619583 0
1.010507197 1.263133996 0 -0.09515294008 0.2061699493 0.4338776479 -0.01333102964 0.06091367597 0.2444458196 -0.8553719668 -0.2778005801 -0.4372249262 0.1077306046 0.7301868153 -0.6747009201 0.5066881834 -0.6242227586 -0.5946537079 0.001138257056 0
1.020502318 1.275627897 0 -0.09679108677 0.2072663522 0.4325671306 -0.01358637022 0.06144595345 0.2442435444 -0.8505329011 -0.2837147459 -0.4428314884 0.1092686094 0.7283070034 -0.6764830226 0.5144454832 -0.6237586487 -0.5884479527 0.001170490121 0
1.030497438 1.288121798 0 -0.09843598672 0.2083383834 0.4312512106 -0.01384384773 0.06197622931 0.244039571 -0.8456013144 -0.289646654 -0.4484007503 0.1107687832 0.7265024281 -0.6781773357 0.5221960299 -0.623136452 -0.5822476007 0.001203323713 0
1.040492559 1.300615699 0 -0.100087402 0.2093859636 0.4299300784 -0.01410345152 0.06250448744 0.2438339077 -0.8405774849 -0.2955938396 -0.4539314639 0.1122290385 0.7247736785 -0.6797850821 0.5299378594 -0.6223563263 -0.5760542234 0.001236762725 0
1.05048768 1.3131096 0 -0.1017450942 0.2104090178 0.4286039246 -0.01436517086 0.06303071183 0.2436265628 -0.8354617472 -0.3015538227 -0.4594224211 0.1136472846 0.7231212747 -0.6813075053 0.5376690095 -0.6214184694 -0.5698693904 0.001270812008 0
1.060482801 1.325603501 0 -0.1034088242 0.2114074747 0.4272729407 -0.01462899495 0.06355488657 0.2434175447 -0.8302544929 -0.3075241098 -0.4648724544 0.1150214294 0.7215456672 -0.6827458685 0.5453875207 -0.620323119 -0.5636946694 0.001305476374 0
1.070477921 1.338097402 0 -0.1050783523 0.2123812672 0.4259373182 -0.01489491288 0.06407699585 0.2432068618 -0.8249561709 -0.3135021963 -0.4702804365 0.1163493808 0.720047237 -0.684101453 0.5530914369 -0.6190705528 -0.5575316251 0.001340760588 0
1.080473042 1.350591303 0 -0.1067534385 0.2133303322 0.4245972492 -0.01516291368 0.06459702398 0.2429945227 -0.8195672872 -0.319485568 -0.4756452814 0.1176290483 0.718626295 -0.6853755577 0.5607788056 -0.6176610883 -0.5513818198 0.001376669375 0
1.090468163 1.363085204 0 -0.1084338423 0.2142546105 0.4232529262 -0.0154329863 0.06511495533 0.242780536 -0.8140884048 -0.3254717033 -0.4809659443 0.1188583446 0.7172830817 -0.6865694973 0.5684476785 -0.6160950827 -0.5452468119 0.001413207412 0
1.100463284 1.375579105 0 -0.1101193227 0.2151540472 0.4219045419 -0.0157051196 0.06563077442 0.2425649102 -0.8085201443 -0.3314580756 -0.486241422 0.1200351874 0.7160177674 -0.687684601 0.5760961119 -0.614372933 -0.5391281564 0.001450379331 0
1.110458404 1.388073006 0 -0.1118096384 0.2160285911 0.4205522893 -0.01597930237 0.06614446585 0.242347654 -0.8028631835 -0.3374421544 -0.491470753 0.1211575005 0.7148304517 -0.6887222121 0.5837221674 -0.6124950758 -0.5330274041 0.001488189717 0
1.120453525 1.400566907 0 -0.1135045479 0.2168781951 0.4191963617 -0.01625552331 0.06665601432 0.2421287763 -0.7971182574 -0.3434214082 -0.4966530178 0.1222232159 0.7137211634 -0.6896836858 0.5913239122 -0.6104619868 -0.5269461011 0.001526643107 0
1.130448646 1.413060807 0 -0.1152038092 0.2177028163 0.4178369527 -0.01653377104 0.06716540465 0.2419082858 -0.7912861583 -0.349393306 -0.5017873389 0.1232302751 0.7126898608 -0.6905703886 0.5988994198 -0.6082741816 -0.5208857888 0.00156574399 0
1.140443767 1.425554708 0 -0.1169071802 0.2185024157 0.4164742558 -0.01681403413 0.06767262175 0.2416861914 -0.7853677351 -0.3553553194 -0.5068728811 0.1241766308 0.7117364317 -0.6913836967 0.6064467701 -0.6059322146 -0.5148480031 0.001605496804 0
1.150438888 1.438048609 0 -0.1186144187 0.2192769584 0.415108465 -0.01709630104 0.06817765066 0.2414625021 -0.7793638939 -0.3613049248 -0.5119088515 0.1250602483 0.7108606932 -0.6921249953 0.6139640504 -0.6034366795 -0.5088342743 0.001645905936 0
1.160434008 1.45054251 0 -0.1203252822 0.2200264135 0.4137397742 -0.01738056016 0.06868047651 0.2412372267 -0.773275597 -0.3672396052 -0.5168944994 0.1258791074 0.7100623921 -0.6927956767 0.6214493555 -0.6007882087 -0.5028461264 0.001686975723 0
1.170429129 1.463036411 0 -0.1220395282 0.2207507541 0.4123683774 -0.01766679983 0.06918108454 0.2410103744 -0.7671038631 -0.3731568521 -0.5218291167 0.1266312038 0.7093412051 -0.6933971394 0.6289007883 -0.5979874735 -0.4968850773 0.001728710448 0
1.18042425 1.475530312 0 -0.1237569141 0.2214499574 0.4109944688 -0.01795500828 0.0696794601 0.2407819543 -0.7608497669 -0.3790541677 -0.5267120372 0.1273145505 0.708696739 -0.6939307872 0.6363164602 -0.5950351839 -0.4909526377 0.001771114338 0
1.190419371 1.488024213 0 -0.1254771972 0.2221240045 0.4096182423 -0.01824517369 0.07017558866 0.2405519756 -0.7545144385 -0.384929067 -0.5315426375 0.1279271796 0.708128531 -0.6943980273 0.6436944918 -0.5919320881 -0.4850503111 0.001814191568 0
1.200414491 1.500518114 0 -0.1272001349 0.2227728808 0.4082398921 -0.01853728415 0.07066945578 0.2403204473 -0.7480990633 -0.3907790794 -0.5363203358 0.1284671439 0.7076360493 -0.6948002696 0.6510330133 -0.5886789726 -0.4791795935 0.001857946256 0
1.210409612 1.513012015 0 -0.1289254847 0.2233965755 0.4068596122 -0.0188313277 0.07116104716 0.2400873789 -0.7416048813 -0.3966017508 -0.5410445927 0.1289325181 0.7072186934 -0.6951389254 0.6583301647 -0.585276662 -0.4733419728 0.001902382463 0
1.220404733 1.525505916 0 -0.1306530043 0.2239950819 0.4054775966 -0.01912729229 0.07165034858 0.2398527797 -0.7350331867 -0.4023946456 -0.5457149105 0.1293214008 0.7068757942 -0.6954154059 0.6655840967 -0.5817260186 -0.4675389284 0.001947504191 0
1.230399854 1.537999817 0 -0.1323824513 0.2245683974 0.404094039 -0.0194251658 0.07213734596 0.239616659 -0.7283853273 -0.4081553489 -0.5503308333 0.1296319155 0.7066066155 -0.6956311216 0.6727929707 -0.5780279423 -0.4617719313 0.001993315383 0
1.240394974 1.550493718 0 -0.1341135836 0.2251165231 0.4027091332 -0.01972493604 0.07262202531 0.2393790262 -0.721662704 -0.4138814677 -0.5548919465 0.1298622125 0.7064103537 -0.6957874805 0.6799549598 -0.5741833705 -0.4560424429 0.002039819924 0
1.250390095 1.562987619 0 -0.1358461594 0.2256394645 0.4013230725 -0.02002659075 0.07310437277 0.2391398909 -0.7148667701 -0.4195706336 -0.5593978766 0.1300104702 0.7062861387 -0.6958858872 0.6870682489 -0.5701932775 -0.4503519154 0.002087021634 0
1.260385216 1.57548152 0 -0.1375799371 0.226137231 0.3999360503 -0.02033011762 0.07358437459 0.2388992626 -0.7079990307 -0.425220504 -0.5638482912 0.1300748968 0.7062330349 -0.6959277416 0.694131035 -0.5660586748 -0.444701791 0.002134924274 0
1.270380337 1.587975421 0 -0.1393146755 0.2266098357 0.3985482596 -0.02063550424 0.07406201714 0.2386571508 -0.7010610417 -0.4308287645 -0.5682428982 0.1300537312 0.7062500419 -0.6959144382 0.7011415283 -0.5617806102 -0.4390935018 0.002183531539 0
1.280375457 1.600469322 0 -0.1410501336 0.2270572962 0.3971598931 -0.02094273815 0.07453728689 0.2384135653 -0.6940544097 -0.4363931304 -0.5725814458 0.1299452451 0.7063360948 -0.6958473643 0.708097952 -0.557360168 -0.433528469 0.00223284706 0
1.290370578 1.612963223 0 -0.1427860711 0.2274796335 0.3957711432 -0.02125180682 0.07501017045 0.2381685157 -0.6869807904 -0.4419113485 -0.5768637219 0.129747744 0.7064900658 -0.6957278993 0.714998543 -0.5527984687 -0.4280081033 0.002282874403 0
1.300365699 1.625457124 0 -0.1445222477 0.2278768731 0.3943822018 -0.02156269766 0.07548065453 0.2379220118 -0.6798418883 -0.4473811992 -0.5810895537 0.1294595687 0.7067107645 -0.6955574134 0.7218415525 -0.5480966684 -0.4225338036 0.002333617068 0
1.31036082 1.637951025 0 -0.1462584241 0.2282490441 0.3929932607 -0.021875398 0.07594872596 0.2376740633 -0.6726394558 -0.4528004979 -0.5852588075 0.1290790966 0.7069969395 -0.6953372667 0.7286252462 -0.5432559588 -0.4171069574 0.002385078483 0
1.32035594 1.650444926 0 -0.1479943611 0.2285961796 0.3916045111 -0.02218989513 0.07641437168 0.2374246801 -0.6653752918 -0.4581670968 -0.5893713876 0.1286047433 0.7073472786 -0.6950688077 0.7353479048 -0.5382775668 -0.4117289401 0.002437262013 0
1.330351061 1.662938826 0 -0.1497298202 0.2289183168 0.3902161438 -0.02250617625 0.07687757878 0.2371738721 -0.6580512416 -0.4634788868 -0.5934272364 0.1280349635 0.7077604108 -0.6947533728 0.7420078244 -0.5331627542 -0.4064011147 0.002490170948 0
1.340346182 1.675432727 0 -0.1514645637 0.2292154967 0.3888283491 -0.02282422852 0.07733833444 0.2369216492 -0.6506691951 -0.4687337991 -0.5974263337 0.1273682528 0.7082349066 -0.6943922849 0.7486033174 -0.5279128173 -0.4011248316 0.002543808508 0
1.350341303 1.687926628 0 -0.1531983542 0.2294877641 0.3874413166 -0.02314403901 0.07779662597 0.2366680214 -0.6432310861 -0.4739298065 -0.6013686958 0.1266031483 0.7087692797 -0.6939868522 0.7551327119 -0.5225290869 -0.395901428 0.002598177842 0
1.360336423 1.700420529 0 -0.1549309553 0.229735168 0.3860552358 -0.02346559476 0.07825244079 0.2364129988 -0.6357388915 -0.4790649257 -0.6052543752 0.1257382307 0.7093619879 -0.6935383677 0.7615943534 -0.5170129274 -0.3907322277 0.002653282025 0
1.370331544 1.71291443 0 -0.1566621311 0.2299577609 0.3846702952 -0.02378888272 0.07870576647 0.2361565914 -0.6281946297 -0.4841372181 -0.60908346 0.1247721247 0.7100114346 -0.6930481078 0.7679866041 -0.5113657369 -0.3856185409 0.002709124056 0
1.380326665 1.725408331 0 -0.1583916466 0.2301555995 0.3832866827 -0.02411388981 0.07915659066 0.2358988093 -0.6206003599 -0.4891447917 -0.6128560729 0.1237035007 0.7107159698 -0.6925173313 0.774307844 -0.5055889467 -0.3805616635 0.00276570686 0
1.390321786 1.737902232 0 -0.1601192676 0.2303287441 0.3819045859 -0.02444060287 0.07960490117 0.2356396628 -0.6129581805 -0.4940858028 -0.6165723708 0.1225310757 0.7114738918 -0.6919472789 0.780556471 -0.4996840209 -0.3755628773 0.002823033283 0
1.400316907 1.750396133 0 -0.1618447607 0.2304772589 0.3805241915 -0.02476900869 0.08005068591 0.2353791619 -0.6052702285 -0.498958457 -0.620232544 0.1212536145 0.7122834483 -0.6913391717 0.7867309015 -0.4936524562 -0.3706234491 0.002881106097 0
1.410312027 1.762890034 0 -0.1635678934 0.2306012121 0.3791456853 -0.025099094 0.08049393293 0.2351173171 -0.5975386778 -0.5037610109 -0.6238368156 0.1198699309 0.7131428378 -0.6906942106 0.7928295707 -0.4874957813 -0.3657446308 0.002939927991 0
1.420307148 1.775383935 0 -0.1652884342 0.2307006753 0.3777692526 -0.02543084547 0.08093463038 0.2348541385 -0.589765738 -0.5084917735 -0.6273854402 0.1183788885 0.7140502113 -0.6900135756 0.798850933 -0.4812155566 -0.3609276589 0.002999501574 0
1.430302269 1.787877836 0 -0.1670061525 0.2307757243 0.376395078 -0.02576424972 0.08137276656 0.2345896365 -0.5819536532 -0.5131491074 -0.6308787039 0.1167794018 0.7150036738 -0.6892984243 0.8047934622 -0.4748133739 -0.3561737542 0.003059829378 0
1.44029739 1.800371737 0 -0.1687208186 0.2308264384 0.3750233451 -0.02609929332 0.08180832988 0.2343238215 -0.574104701 -0.5177314301 -0.6343169228 0.1150704376 0.7160012854 -0.6885498919 0.8106556523 -0.4682908557 -0.3514841217 0.003120913847 0
1.45029251 1.812865638 0 -0.1704322041 0.2308529006 0.3736542368 -0.02643596278 0.08224130887 0.234056704 -0.5662211904 -0.5222372154 -0.6377004425 0.1132510152 0.7170410634 -0.6877690898 0.8164360177 -0.4616496553 -0.3468599497 0.003182757345 0
1.460287631 1.825359539 0 -0.1721400814 0.2308551978 0.3722879349 -0.02677424456 0.08267169221 0.2337882943 -0.5583054613 -0.5266649943 -0.6410296372 0.1113202078 0.7181209837 -0.686957105 0.8221330934 -0.4548914558 -0.3423024104 0.00324536215 0
1.470282752 1.83785344 0 -0.1738442242 0.2308334205 0.3709246206 -0.02711412506 0.08309946868 0.233518603 -0.5503598822 -0.5310133565 -0.6443049086 0.1092771435 0.7192389823 -0.6861149993 0.8277454355 -0.4480179702 -0.3378126588 0.003308730456 0
1.480277873 1.850347341 0 -0.1755444075 0.2307876628 0.369564474 -0.02745559063 0.08352462719 0.2332476406 -0.5423868497 -0.5352809513 -0.6475266856 0.1071210057 0.7203929572 -0.6852438087 0.8332716216 -0.4410309405 -0.3333918327 0.003372864368 0
1.490272993 1.862841242 0 -0.177240407 0.2307180226 0.3682076744 -0.02779862759 0.0839471568 0.2329754177 -0.5343887864 -0.5394664886 -0.6506954223 0.1048510342 0.72158077 -0.6843445426 0.8387102513 -0.4339321375 -0.3290410527 0.003437765905 0
1.500268114 1.875335143 0 -0.1789320002 0.2306246012 0.3668543999 -0.02814322217 0.08436704667 0.2327019449 -0.5263681396 -0.5435687403 -0.6538115984 0.1024665257 0.7228002477 -0.6834181831 0.8440599461 -0.4267233606 -0.3247614214 0.003503436995 0
1.510263235 1.887829044 0 -0.1806189655 0.2305075038 0.3655048276 -0.0284893606 0.08478428609 0.2324272329 -0.5183273801 -0.5475865407 -0.6568757169 0.09996683506 0.7240491843 -0.6824656846 0.8493193504 -0.4194064368 -0.3205540234 0.003569879479 0
1.520258356 1.900322945 0 -0.1823010827 0.2303668389 0.3641591338 -0.02883702903 0.08519886451 0.2321512923 -0.5102690003 -0.5515187877 -0.6598883043 0.09735137524 0.7253253428 -0.6814879727 0.854487131 -0.4119832204 -0.3164199251 0.003637095104 0
1.530253476 1.912816846 0 -0.1839781331 0.2302027187 0.3628174936 -0.02918621357 0.08561077146 0.231874134 -0.5021955127 -0.555364444 -0.6628499086 0.0946196185 0.7266264567 -0.6804859442 0.8595619785 -0.4044555931 -0.3123601742 0.003705085526 0
1.540248597 1.925310746 0 -0.1856498991 0.2300152588 0.3614800807 -0.02953690028 0.08601999664 0.2315957685 -0.4941094488 -0.559122537 -0.6657610992 0.09177109676 0.7279502324 -0.6794604661 0.8645426065 -0.3968254626 -0.3083757996 0.003773852309 0
1.550243718 1.937804647 0 -0.1873161647 0.2298045785 0.3601470682 -0.02988907518 0.08642652986 0.2313162068 -0.4860133568 -0.5627921606 -0.6686224652 0.08880540218 0.7292943504 -0.6784123754 0.8694277529 -0.3890947628 -0.3044678112 0.003843396922 0
1.560238839 1.950298548 0 -0.1889767154 0.2295708003 0.3588186277 -0.03024272425 0.08683036106 0.2310354597 -0.477909801 -0.5663724752 -0.6714346144 0.08572218771 0.7306564676 -0.6773424783 0.8742161796 -0.381265453 -0.3006371994 0.003913720738 0
1.570233959 1.962792449 0 -0.190631338 0.2293140504 0.3574949296 -0.03059783343 0.08723148031 0.2307535381 -0.4698013591 -0.5698627086 -0.6741981729 0.08252116751 0.7320342191 -0.6762515501 0.878906673 -0.3733395177 -0.296884935 0.003984825034 0
1.58022908 1.97528635 0 -0.192279821 0.2290344582 0.3561761432 -0.0309543886 0.08762987781 0.2304704527 -0.4616906215 -0.5732621565 -0.6769137833 0.07920211739 0.73342522 -0.6751403345 0.8834980445 -0.3653189655 -0.293211969 0.004056710992 0
