0.006667373287 0.006098646346 0.002632612343 -3.456251788e-06 0.00170016862 0.5099962214 -4.328631556e-07 0.0004234197101 0.2549995313 -0.9999999998 -8.845912011e-08 -2.01280643e-05 4.507133911e-08 0.9999779951 -0.006633947045 2.012820822e-05 -0.006633947045 -0.9999779949 3.900932752e-08 0.003501374416 0
0.01233474657 0.01128259269 0.004870374685 -1.182910805e-05 0.003145287132 0.5099870678 -1.488714219e-06 0.0007846095189 0.2549983878 -0.9999999976 -5.628674348e-07 -6.888713249e-05 2.825927678e-07 0.99992469 -0.01227250695 6.888885239e-05 -0.01227250694 -0.9999246876 7.667283584e-08 0.006477598331 0
0.01800211986 0.01646653904 0.007108137028 -2.519602193e-05 0.00459031287 0.5099724543 -3.182030936e-06 0.001146445213 0.2549965539 -0.9999999892 -1.751132423e-06 -0.0001467240479 8.770275453e-07 0.9998395968 -0.01791035013 0.0001467318763 -0.01791035007 -0.999839586 7.625145532e-08 0.009453822247 0
0.02437791481 0.02229847868 0.009625619663 -4.620266356e-05 0.006215802864 0.5099494887 -5.848857464e-06 0.001553703372 0.2549936657 -0.9999999638 -4.349396927e-06 -0.0002690357308 2.176444674e-06 0.9997058853 -0.02425165714 0.0002690620835 -0.02425165684 -0.9997058491 3.173192921e-08 0.01280207415 0
0.0300452881 0.02748242502 0.01186338201 -7.018015889e-05 0.007660489951 0.5099232752 -8.895579854e-06 0.001915702192 0.2549903659 -0.9999999165 -8.142894253e-06 -0.0004086271277 4.073335372e-06 0.9995532873 -0.02988688445 0.0004086879545 -0.02988688362 -0.9995532038 4.357661673e-08 0.01577829807 0
0.03642108305 0.03331436466 0.01438086464 -0.0001031217828 0.009285490728 0.5098872616 -1.308308679e-05 0.002322889977 0.2549858306 -0.9999998197 -1.450394249e-05 -0.0006003740377 7.25377519e-06 0.9993436805 -0.03622441309 0.0006005053973 -0.03622441091 -0.9993435002 1.550225877e-07 0.01912654997 0
0.04208845633 0.03849831101 0.01661862698 -0.0001377060273 0.01072964676 0.5098494522 -1.748042724e-05 0.002684775137 0.254981068 -0.9999996784 -2.238097138e-05 -0.000801643026 1.119184674e-05 0.9991236729 -0.04185553966 0.0008018772921 -0.04185553518 -0.9991233513 2.789723828e-07 0.02210277389 0
0.04775582962 0.04368225735 0.01885638933 -0.0001772798742 0.01217348635 0.509806188 -2.251293902e-05 0.003046607096 0.2549756174 -0.9999994671 -3.26903338e-05 -0.001031900478 1.634554275e-05 0.9988719879 -0.04748422333 0.001032288757 -0.04748421489 -0.9988714551 4.244980264e-07 0.0250789978 0
0.05413162457 0.04951419699 0.02137387196 -0.0002277628351 0.01379737461 0.5097509972 -2.893355907e-05 0.003453608737 0.2549686635 -0.9999991203 -4.760200747e-05 -0.00132555528 2.379931151e-05 0.9985510216 -0.05381316406 0.001326196194 -0.05381314827 -0.9985501421 6.13060861e-07 0.02842724971 0
0.05979899786 0.05469814334 0.0236116343 -0.0002779347165 0.01524040038 0.5096961466 -3.531535728e-05 0.003815338009 0.2549617516 -0.9999986901 -6.416285286e-05 -0.001617315579 3.20766899e-05 0.9982321435 -0.05943556799 0.001618269952 -0.05943554201 -0.9982308338 8.023239435e-07 0.03140347362 0
0.06617479281 0.06053008298 0.02612911694 -0.0003403361895 0.01686326502 0.5096279259 -4.325365787e-05 0.004222228974 0.2549531539 -0.9999980359 -8.693421403e-05 -0.001980075378 4.345707308e-05 0.9978356909 -0.06575661245 0.001981506382 -0.06575656934 -0.9978337272 1.039357576e-06 0.03475172553 0
0.07184216609 0.06571402933 0.02836687928 -0.0004010980875 0.01830528489 0.5095614977 -5.098429465e-05 0.004583861835 0.2549447811 -0.999997272 -0.0001112150394 -0.002333177876 5.559057399e-05 0.9974498184 -0.07137125933 0.002335165406 -0.07137119433 -0.9974470911 1.271409912e-06 0.03772794945 0
0.07821796104 0.07154596896 0.03088436192 -0.0004754081004 0.01992690989 0.5094802579 -6.043981255e-05 0.00499064433 0.2549345401 -0.9999961675 -0.0001434949683 -0.002764842954 7.171952861e-05 0.9969781269 -0.07768274802 0.002767635033 -0.07768264859 -0.9969742957 1.55649952e-06 0.04107620135 0
0.08388533433 0.07672991531 0.03312212426 -0.000546750305 0.02136773192 0.5094022627 -6.951888609e-05 0.005352179322 0.2549247069 -0.999994931 -0.0001769583434 -0.003179093273 8.843779201e-05 0.9965255008 -0.08328816513 0.003182786052 -0.08328802409 -0.9965204338 1.831333224e-06 0.04405242527 0
0.08955270762 0.08191386166 0.0353598866 -0.0006230676358 0.02280792391 0.5093188284 -7.923237469e-05 0.00571366639 0.2549141866 -0.9999934172 -0.0002152470309 -0.0036220422 0.0001075644543 0.9960415564 -0.08888873074 0.003626837585 -0.08888853521 -0.9960349765 2.126420195e-06 0.04702864918 0
0.09592850257 0.0877458013 0.03787736924 -0.0007148680943 0.02442733397 0.5092184672 -9.091825268e-05 0.006120280009 0.25490153 -0.9999913347 -0.000264489863 -0.004154596201 0.0001321597403 0.995459767 -0.09518316423 0.004160908349 -0.0951828885 -0.9954511061 2.482746279e-06 0.05037690109 0
0.1015958759 0.09292974764 0.04011513158 -0.0008017483828 0.02586604627 0.5091234849 -0.0001019795455 0.006481659527 0.2548895498 -0.9999891005 -0.0003140988106 -0.004658346109 0.000156934279 0.9949094984 -0.1007723444 0.004666285264 -0.1007719771 -0.9948986051 2.821279189e-06 0.053353125 0
0.1079716708 0.09876168728 0.04263261422 -0.0009054245927 0.02748368402 0.5090101404 -0.0001151814373 0.00688814717 0.2548752513 -0.9999860996 -0.0003768899659 -0.005259149934 0.0001882870903 0.9942532816 -0.1070531484 0.005269274338 -0.1070526505 -0.9942393901 3.226852318e-06 0.05670137691 0
0.1136390441 0.1039456336 0.04487037656 -0.001002853958 0.0289207253 0.5089036253 -0.0001275900493 0.007249409929 0.2548618119 -0.9999829472 -0.0004392622944 -0.005823423726 0.0002194256778 0.9936370317 -0.1126294855 0.005835843352 -0.1126288427 -0.9936199911 3.609526525e-06 0.05967760082 0
0.120014839 0.1097775733 0.04738785919 -0.001118389355 0.03053637565 0.5087773157 -0.0001423073807 0.007655760526 0.2548458721 -0.999978792 -0.0005172199224 -0.006492146956 0.000258338272 0.9929067965 -0.1188950242 0.006507591711 -0.1188941799 -0.9928856053 4.065208415e-06 0.06302585273 0
0.1256822123 0.1149615196 0.04962562154 -0.001226352231 0.03197155487 0.5086592848 -0.0001560627749 0.008016896198 0.2548309741 -0.9999745001 -0.0005937889506 -0.007116634365 0.0002965507983 0.9922249494 -0.1244570681 0.007135203405 -0.1244560049 -0.9921994717 4.492852758e-06 0.06600207664 0
0.1313495856 0.120145466 0.05186338388 -0.001339266188 0.03340579182 0.5085358411 -0.0001704517478 0.008377968286 0.2548153898 -0.9999695887 -0.000677531671 -0.007769340833 0.0003383359089 0.9915123776 -0.1300118864 0.007791484773 -0.1300105612 -0.9914819952 4.941978291e-06 0.06897830056 0
0.1377253806 0.1259774056 0.05438086651 -0.001472207498 0.03501812952 0.5083905024 -0.0001873964961 0.00878409528 0.2547970375 -0.9999632521 -0.0007807076964 -0.008537267173 0.0003898073352 0.9906741311 -0.1362520237 0.008564022743 -0.1362503446 -0.9906374216 5.473193756e-06 0.07232655246 0
0.1433927538 0.1311613519 0.05661862886 -0.001595629022 0.03645022407 0.5082555712 -0.000203131362 0.009145023935 0.2547799956 -0.999956833 -0.0008807348189 -0.009249671172 0.0004396974464 0.9898966007 -0.1417904318 0.009281097821 -0.1417883782 -0.9898534826 5.968704803e-06 0.07530277638 0
0.1497685488 0.1369932916 0.05913611149 -0.001740380489 0.03806004457 0.508097321 -0.0002215898687 0.00955098309 0.2547600037 -0.9999486467 -0.001003022569 -0.01008454162 0.000500677039 0.9889855426 -0.1480113032 0.01012192455 -0.1480087514 -0.9889342527 6.552698904e-06 0.07865102828 0
0.1554359221 0.1421772379 0.06137387383 -0.001874289868 0.03948980656 0.5079509239 -0.0002386699538 0.009911756729 0.2547415048 -0.9999404411 -0.00112073849 -0.01085625188 0.0005593635068 0.9881435377 -0.1535318733 0.01089960422 -0.1535288017 -0.988084058 7.095675075e-06 0.0816272522 0
0.1611032954 0.1473611843 0.06361163618 -0.00201312741 0.04091840519 0.5077991392 -0.0002563828337 0.01027245334 0.2547223206 -0.9999312918 -0.001247260671 -0.01165572636 0.0006224262049 0.9872713706 -0.159043558 0.01170573371 -0.1590398852 -0.9872027607 7.661386226e-06 0.08460347612 0
0.1674790903 0.1531931239 0.06612911881 -0.00217520422 0.04252413581 0.5076219479 -0.0002770660024 0.01067814169 0.2546999192 -0.9999197847 -0.001400505944 -0.01258820095 0.0006987897124 0.9862542794 -0.1652331931 0.01264657713 -0.1652287354 -0.986174188 8.325319375e-06 0.08795172802 0
0.1731464636 0.1583770703 0.06836688116 -0.002324497591 0.043950123 0.5074587323 -0.0002961230074 0.01103866586 0.2546792792 -0.9999083974 -0.001546757221 -0.01344634763 0.0007716494555 0.985318422 -0.1707249595 0.01351300409 -0.1707196965 -0.9852269708 8.940239123e-06 0.09092795194 0
0.1795222586 0.1642090099 0.07088436379 -0.002498324029 0.04555280932 0.5072686957 -0.0003183178665 0.01144415346 0.2546552406 -0.9998941873 -0.001722969887 -0.01444456809 0.0008594121142 0.9842300011 -0.1768913972 0.01452155582 -0.1768850937 -0.9841243763 9.66024381e-06 0.09427620384 0
0.1851896318 0.1693929562 0.07312212613 -0.00265804939 0.04697599598 0.5070940752 -0.0003387181822 0.01180449318 0.2546331456 -0.9998802273 -0.001890319144 -0.01536091632 0.0009427375074 0.9832310353 -0.182361845 0.01544805175 -0.1823544843 -0.983111489 1.032565662e-05 0.09725242776 0
0.1915654268 0.1752248959 0.07563960877 -0.002843597703 0.04857542556 0.5068912237 -0.0003624237835 0.01220976646 0.2546074708 -0.999862925 -0.002091030221 -0.01642433537 0.001042645749 0.9820719612 -0.1885035169 0.0165240458 -0.1884948025 -0.9819351635 1.110322077e-05 0.1006006797 0
0.1972328001 0.1804088422 0.07787737111 -0.003013729557 0.04999562311 0.5067052262 -0.0003841665385 0.01256990961 0.2545839218 -0.9998460352 -0.002280830127 -0.01739838294 0.001137095014 0.9810105078 -0.1939512583 0.01751036635 -0.1939411802 -0.9808568732 1.182048643e-05 0.1035769036 0
0.2029001734 0.1855927886 0.08011513345 -0.003188749287 0.05141434892 0.5065138851 -0.0004065407119 0.01292995605 0.254559689 -0.9998276369 -0.002481658219 -0.01839940044 0.001237003676 0.9799198742 -0.1993878379 0.01852475063 -0.1993762309 -0.9797479023 1.256264449e-05 0.1065531275 0
0.2092759683 0.1914247282 0.08263261609 -0.003391481315 0.05300860448 0.5062922474 -0.0004324661354 0.01333488933 0.2545316099 -0.9998050282 -0.002721137778 -0.01955763137 0.001356103522 0.9786582189 -0.2054902711 0.01969940402 -0.2054767285 -0.978463718 1.342773045e-05 0.1099013794 0
0.2149433416 0.1966086746 0.08487037843 -0.003576867029 0.05442406482 0.5060895736 -0.0004561813628 0.01369472128 0.2545059246 -0.9997831354 -0.002946374102 -0.02061555297 0.001468083769 0.9775060804 -0.210902128 0.02077322495 -0.2108866562 -0.9772897684 1.42238701e-05 0.1128776033 0
0.2213191366 0.2024406142 0.08738786107 -0.003791244376 0.05601454135 0.5058552046 -0.0004836149105 0.0140994064 0.2544762121 -0.9997563675 -0.003214051426 -0.02183747968 0.001601120073 0.9761756289 -0.2169759848 0.02201458744 -0.2169580868 -0.9759326547 1.515053725e-05 0.1162258552 0
0.2269865098 0.2076245605 0.08962562341 -0.003986966492 0.05742654902 0.5056412305 -0.0005086701795 0.01445901166 0.2544490754 -0.9997305697 -0.003465004155 -0.02295172664 0.001725801637 0.9749627002 -0.2223617657 0.02314756182 -0.2223414648 -0.9746940358 1.600218885e-05 0.1192020791 0
0.2333623048 0.2134565002 0.09214310604 -0.004212954951 0.05901303625 0.5053941675 -0.00053761068 0.01486343484 0.2544177307 -0.9996991688 -0.003762339958 -0.02423668093 0.001873475818 0.9735642778 -0.228405532 0.02445530602 -0.2283822274 -0.9732643506 1.699219484e-05 0.122550331 0
0.2390296781 0.2186404465 0.09438086839 -0.00441898224 0.06042140464 0.5051689273 -0.0005640049208 0.01522280114 0.2543891438 -0.9996690344 -0.004040297496 -0.02540664417 0.002011475777 0.9722913111 -0.2337638988 0.02564713507 -0.2337376358 -0.9719613892 1.790095196e-05 0.125526555 0
0.2446970514 0.2238243929 0.09661863073 -0.004629847751 0.06182799606 0.5049383976 -0.0005910288796 0.01558205075 0.2543598749 -0.9996367041 -0.004331403112 -0.02660260757 0.002155952974 0.9709903618 -0.2391089063 0.02686655261 -0.239079393 -0.9706282667 1.883715087e-05 0.1285027789 0
0.2510728463 0.2296563325 0.09913611337 -0.004872845358 0.06340823617 0.5046727393 -0.0006221832247 0.01598606369 0.2543261324 -0.9995975802 -0.004674959665 -0.02797896454 0.002326396801 0.9694935685 -0.245105709 0.02827128548 -0.2450721638 -0.9690925492 1.992363988e-05 0.1318510308 0
0.2567402196 0.2348402789 0.1013738757 -0.005093967147 0.06481091508 0.5044309969 -0.0006505444787 0.0163450563 0.254295415 -0.9995602411 -0.004994926794 -0.02922969436 0.002485075541 0.9681337536 -0.2504213641 0.0295490901 -0.2503838771 -0.9676955954 2.091939583e-05 0.1348272547 0
0.2631160145 0.2406722185 0.1038913583 -0.005348483456 0.06638664949 0.5041527458 -0.0006832026078 0.01674877321 0.2542600438 -0.999515214 -0.005371650545 -0.03066728387 0.002671826108 0.9665712048 -0.2563844134 0.03101932099 -0.2563420594 -0.9660882725 2.207385562e-05 0.1381755066 0
0.2687833878 0.2458561649 0.1061291207 -0.005579826263 0.06778523096 0.5038998292 -0.0007128999463 0.01710749655 0.2542278793 -0.9994723843 -0.00572171451 -0.03197209799 0.002845289509 0.9651533658 -0.2616694191 0.03235517569 -0.261622328 -0.9646278557 2.313090468e-05 0.1411517305 0
0.2744507611 0.2510401112 0.108366883 -0.005815966296 0.06918182043 0.503641668 -0.0007432255953 0.01746608893 0.2541950343 -0.9994267982 -0.006086362575 -0.03330211929 0.003025907969 0.9637085225 -0.2669395578 0.03371822711 -0.2668873168 -0.9631377063 2.421741332e-05 0.1441279544 0
0.2808265561 0.2568720508 0.1108843657 -0.006087347631 0.07075055183 0.5033449791 -0.0007780926208 0.01786934543 0.2541572707 -0.9993720784 -0.006514355268 -0.03482832389 0.003237810943 0.9620510417 -0.2728503431 0.03528406935 -0.272791782 -0.9614258568 2.547544882e-05 0.1474762063 0
0.2864939294 0.2620559972 0.113122128 -0.006333653881 0.07214277321 0.5030757036 -0.0008097524706 0.01822765048 0.2541229806 -0.9993202571 -0.006910874486 -0.03621137422 0.003434044517 0.9605494756 -0.2780879579 0.03670464749 -0.2780232811 -0.9598728166 2.662589792e-05 0.1504524302 0
0.2928697243 0.2678879368 0.1156396106 -0.006616450351 0.0737064874 0.5027665351 -0.0008461197197 0.01863057683 0.254083592 -0.999258227 -0.007375387404 -0.03779681711 0.003663823511 0.9588286984 -0.2839614473 0.03833499864 -0.2838892932 -0.9580904431 2.795690638e-05 0.1538006822 0
0.2985370976 0.2730718832 0.117877373 -0.006872883563 0.07509415759 0.5024861883 -0.0008791124191 0.01898858228 0.2540478584 -0.9991996405 -0.00780495419 -0.03923214412 0.003876217648 0.9572713366 -0.2891652869 0.03981272885 -0.289085923 -0.9564749216 2.917315615e-05 0.1567769061 0
0.3049128925 0.2789038228 0.1203948556 -0.007167050102 0.07665264905 0.5021645894 -0.0009169783396 0.01939116468 0.2540068466 -0.9991296935 -0.008307296615 -0.04087596333 0.004124477228 0.9554883251 -0.2950000835 0.04150715894 -0.294911935 -0.9546224942 3.057925617e-05 0.160125158 0
0.3105802658 0.2840877692 0.122632618 -0.007433569416 0.07803558577 0.5018732159 -0.0009513024803 0.01974885826 0.2539696708 -0.9990637931 -0.008771061944 -0.04236278711 0.004353561122 0.9538761283 -0.3001689163 0.04304165151 -0.3000723251 -0.9529449176 3.186321214e-05 0.1631013819 0
0.3162476391 0.2892717155 0.1248703803 -0.007704820537 0.07941623214 0.5015766694 -0.0009862526783 0.02010640085 0.2539318169 -0.9989942559 -0.009251311496 -0.04387356707 0.004590677358 0.9522384687 -0.3053208548 0.04460271666 -0.3052151896 -0.9512382907 3.317970146e-05 0.1660776058 0
0.3226234341 0.2951036551 0.1273878629 -0.008015622118 0.0809666717 0.5012368841 -0.001026319573 0.02050845237 0.2538884212 -0.9989115207 -0.009811602548 -0.04560160359 0.00486717326 0.9503659438 -0.3110962607 0.0463905639 -0.3109795897 -0.9492837354 3.470018213e-05 0.1694258577 0
0.3282908074 0.3002876015 0.1296256253 -0.008296896357 0.08234231807 0.5009293797 -0.001062599039 0.02086566506 0.2538491276 -0.99883383 -0.01032769517 -0.04716268447 0.005121726754 0.9486749216 -0.3162114184 0.04800779113 -0.3160842165 -0.9475157097 3.608725663e-05 0.1724020816 0
0.3346666023 0.3061195411 0.1321431079 -0.00861894897 0.08388703117 0.5005772942 -0.001104160497 0.02126733857 0.2538041132 -0.9987415911 -0.01092892348 -0.04894683741 0.005418115767 0.9467429446 -0.3219447791 0.04985858283 -0.3218048405 -0.9454923407 3.768826894e-05 0.1757503335 0
0.3403339756 0.3113034875 0.1343808703 -0.008910201538 0.08525749738 0.500258881 -0.001141767682 0.02162420912 0.2537633815 -0.9986551542 -0.0114819435 -0.05055737353 0.005690593145 0.9449996002 -0.327021976 0.05153154562 -0.3268698833 -0.9436633823 3.914793484e-05 0.1787265574 0
0.3460013489 0.3164874338 0.1366186326 -0.009206133844 0.08662546379 0.4999353517 -0.001179999123 0.02198091443 0.2537219736 -0.9985643915 -0.01205270826 -0.05219088276 0.005971668518 0.9432320024 -0.3320809071 0.05323058514 -0.3319158355 -0.9418059157 4.064246608e-05 0.1817027814 0
0.3523771438 0.3223193735 0.1391361152 -0.009544638443 0.08816138866 0.4995652799 -0.001223755228 0.02238200702 0.2536745821 -0.9984569425 -0.01271631638 -0.05405579705 0.006298282301 0.9412147641 -0.3377500547 0.05517305083 -0.3375693456 -0.9396823247 4.236605663e-05 0.1850510333 0
0.3580445171 0.3275033198 0.1413738776 -0.009850480354 0.08952391166 0.4992309169 -0.001263312009 0.02273835221 0.2536317388 -0.9983565315 -0.01332555123 -0.05573747149 0.006597964038 0.9393964304 -0.3427693299 0.05692717202 -0.3425737531 -0.9377646404 4.393619517e-05 0.1880272572 0
0.3644203121 0.3333352594 0.1438913602 -0.0102001061 0.09105361253 0.4988486869 -0.001308558179 0.02313903279 0.2535827333 -0.9982378739 -0.01403301192 -0.05765606431 0.006945760581 0.9373227375 -0.3483932291 0.05893134637 -0.3481797815 -0.9355735867 4.574601633e-05 0.1913755091 0
0.3700876853 0.3385192058 0.1461291226 -0.01051580895 0.09241051428 0.4985035433 -0.001349438612 0.02349500564 0.2535384563 -0.9981271808 -0.01468172943 -0.05938499603 0.007264489493 0.9354547834 -0.3533717242 0.06074008664 -0.3531413246 -0.9335961904 4.73938543e-05 0.194351733 0
0.3764634803 0.3443511454 0.1486466052 -0.01087650022 0.09393379163 0.4981092159 -0.001396172916 0.02389526048 0.253487839 -0.9979965928 -0.01543416479 -0.06135623228 0.007633953852 0.9333259075 -0.3589491234 0.06280544109 -0.3586983928 -0.9313382519 4.929227742e-05 0.1976999849 0
0.3821308536 0.3495350918 0.1508843675 -0.01120201379 0.0952848953 0.4977533467 -0.001438375256 0.02425084879 0.2534421302 -0.9978749685 -0.01612334707 -0.0631314892 0.007972151331 0.9314094774 -0.3638857378 0.06466832341 -0.363615763 -0.9293016652 5.101993787e-05 0.2006762088 0
0.3877982269 0.3547190381 0.1531221299 -0.01153212636 0.09663320956 0.4973924496 -0.00148119905 0.02460625194 0.2533957482 -0.997747971 -0.01683190256 -0.06492821697 0.008319650647 0.9294706393 -0.3688022697 0.06655651521 -0.3685118963 -0.9272374089 5.278590478e-05 0.2036524327 0
0.3941740218 0.3605509778 0.1556396125 -0.01190898575 0.09814668056 0.4969804463 -0.001530118146 0.02500585578 0.2533427645 -0.9975984912 -0.01765244248 -0.06697493352 0.008721813981 0.9272629888 -0.3743090695 0.06871084635 -0.3739943059 -0.9248821972 5.481900281e-05 0.2070006846 0
0.3998413951 0.3657349241 0.1578773749 -0.01224883239 0.09948893855 0.4966089074 -0.00157426118 0.02536085648 0.2532949536 -0.9974595803 -0.01840285011 -0.06881657327 0.009089365274 0.9252774089 -0.3791821461 0.0706524528 -0.3788443633 -0.9227595458 5.666796628e-05 0.2099769086 0
0.4062171901 0.3715668637 0.1603948575 -0.01263661244 0.1009954981 0.4961849651 -0.001624663369 0.02576000073 0.2532403635 -0.9972963142 -0.0192709865 -0.07091326254 0.009514298854 0.9230178524 -0.3846394705 0.07286658934 -0.3842742162 -0.9203389522 5.87956644e-05 0.2133251605 0
0.4118845633 0.3767508101 0.1626326198 -0.01298613913 0.1023315256 0.4958028434 -0.001670123758 0.02611458683 0.2531911257 -0.9971448044 -0.02006414993 -0.07279882527 0.009902273506 0.9209867433 -0.3894680522 0.07486109839 -0.3890769186 -0.9181584653 6.072981541e-05 0.2163013844 0
0.4182603583 0.3825827497 0.1651501025 -0.01338477822 0.1038309782 0.4953670294 -0.001722006889 0.02651325783 0.2531349315 -0.996966973 -0.02098088093 -0.07494436224 0.01035038337 0.9186766595 -0.3948747458 0.07713445638 -0.3944527829 -0.9156731282 6.295459236e-05 0.2196496363 0
0.4239277316 0.3877666961 0.1673878648 -0.01374392943 0.1051606021 0.4949743857 -0.001768782695 0.02686741719 0.253084269 -0.996802165 -0.02181767081 -0.07687283708 0.01075913174 0.9166012597 -0.3996578184 0.07918134202 -0.3992068636 -0.9134353809 6.497614618e-05 0.2226258602 0
0.4295951049 0.3929506424 0.1696256272 -0.01410759019 0.1064871529 0.4945768119 -0.001816176833 0.02722137154 0.2530329367 -0.9966308534 -0.02267528247 -0.07882115 0.01117777112 0.9145054529 -0.4044191316 0.08125268952 -0.403937629 -0.9111708908 6.703960377e-05 0.2256020841 0
0.4359708998 0.3987825821 0.1721431098 -0.01452208293 0.1079758019 0.4941236658 -0.00187023378 0.0276193218 0.2529743879 -0.9964301557 -0.02366521033 -0.08103642737 0.01166065104 0.9121236294 -0.4097493307 0.08361204434 -0.4092315269 -0.9085915383 6.941170164e-05 0.228950336 0
0.4416382731 0.4039665284 0.1743808721 -0.0148952838 0.1092956965 0.4937156622 -0.00191894038 0.0279728316 0.252921634 -0.996244494 -0.02456766742 -0.08302612748 0.01210054029 0.9099853986 -0.4144636912 0.08573496983 -0.4139118313 -0.9062706609 7.156586045e-05 0.2319265599 0
0.448014068 0.409798468 0.1768983548 -0.01532047605 0.1107767613 0.4932508188 -0.001974472686 0.02837027492 0.2528614871 -0.9960272433 -0.02560849346 -0.08528737082 0.01260749624 0.9075565753 -0.4197405313 0.08815203682 -0.4191482645 -0.9036282149 7.404127043e-05 0.2352748118 0
0.4536814413 0.4149824144 0.1791361171 -0.01570315781 0.1120898294 0.4928324502 -0.00202448967 0.02872332808 0.2528073138 -0.9958265011 -0.02655658219 -0.08731739614 0.01306893198 0.9053772193 -0.4244069908 0.09032598044 -0.4237768738 -0.9012515623 7.628839882e-05 0.2382510358 0
0.4593488146 0.4201663607 0.1813738795 -0.01609028023 0.1133996264 0.4924092268 -0.00207512257 0.02907616217 0.2527524734 -0.9956184061 -0.02752640665 -0.08936602498 0.01354060351 0.9031789661 -0.4290505882 0.09252373502 -0.4283807326 -0.8988488785 7.858006794e-05 0.2412272597 0
0.4657246096 0.4259983004 0.1838913621 -0.016531084 0.1148691916 0.4919273161 -0.002132820199 0.02947283533 0.2526899811 -0.9953753042 -0.02864364247 -0.09169266872 0.01408354151 0.9006837107 -0.4342470577 0.09502451057 -0.4335301546 -0.8961149186 8.121206888e-05 0.2445755116 0
0.4713919829 0.4311822467 0.1861291244 -0.0169275975 0.1161719139 0.4914938258 -0.002184760326 0.02982519504 0.2526337248 -0.9951510337 -0.02966019054 -0.09378002589 0.01457715489 0.8984462834 -0.4388414092 0.09727243553 -0.4380805279 -0.8936573864 8.360007735e-05 0.2475517355 0
0.4777677778 0.4370141864 0.1886466071 -0.01737893106 0.1176334258 0.4910004033 -0.002243927346 0.03022132775 0.2525696409 -0.9948893095 -0.03083038805 -0.0961496178 0.01514491598 0.8959077154 -0.4439819783 0.0998293211 -0.4431691017 -0.8908620847 8.634175868e-05 0.2508999874 0
0.4834351511 0.4421981327 0.1908843694 -0.01778477275 0.1189289061 0.490556715 -0.002297172484 0.03057320103 0.252511971 -0.9946481056 -0.03189435772 -0.09827459455 0.01566071176 0.8936324671 -0.4485262042 0.1021268236 -0.4476647894 -0.8883503522 8.882841915e-05 0.2538762113 0
0.489810946 0.4480300723 0.193401852 -0.01824656454 0.1203821772 0.490051859 -0.002357806372 0.03096877976 0.2524462982 -0.9943669009 -0.03311828161 -0.1006858773 0.01625355347 0.8910521204 -0.4536098992 0.1047391448 -0.452691173 -0.8854944458 9.168239161e-05 0.2572244632 0
0.4954783193 0.4532140187 0.1956396144 -0.01866167009 0.1216702496 0.489598043 -0.002412354249 0.03132015461 0.2523872171 -0.9941079958 -0.03423033418 -0.1028473473 0.01679174888 0.8887404248 -0.4581031483 0.107085619 -0.4571309894 -0.8829291754 9.427003248e-05 0.2602006871 0
0.5011456926 0.458397965 0.1978773767 -0.01908111244 0.1229547787 0.4891394857 -0.002467514379 0.03167129075 0.2523274729 -0.9938404925 -0.03536523223 -0.1050255959 0.01734055374 0.8864120583 -0.462572122 0.1094549252 -0.4615441075 -0.8803389439 9.690600341e-05 0.2631769111 0
0.5075214876 0.4642299047 0.2003948594 -0.01955815057 0.1243955936 0.4886179616 -0.002530300709 0.03206603027 0.2522594686 -0.9935290582 -0.03666946708 -0.107495864 0.01797069101 0.8837731057 -0.4675704779 0.1121475139 -0.4664766315 -0.8773952857 9.992988812e-05 0.266525163 0
0.5131888609 0.469413851 0.2026326217 -0.01998675956 0.1256724731 0.4881493828 -0.002586760137 0.03241665035 0.2521983169 -0.9932427079 -0.03785335275 -0.1097089191 0.01854217195 0.8814103467 -0.4719872759 0.1145648772 -0.4708321616 -0.8747525161 0.0001026702897 0.2695013869 0
0.5195646558 0.4752457907 0.2051501043 -0.02047407219 0.1271045904 0.487616626 -0.002651006831 0.03281080258 0.2521287308 -0.9929096277 -0.03921302367 -0.1122176902 0.0191979122 0.8787334985 -0.476926492 0.1173111733 -0.4756992509 -0.8717501427 0.0001058129862 0.2728496388 0
0.5252320291 0.480429737 0.2073878667 -0.02091177995 0.1283736575 0.4871381 -0.00270876315 0.03316089464 0.2520661743 -0.9926036409 -0.04044646537 -0.114464385 0.01979222753 0.8763377664 -0.4812903354 0.1197759563 -0.4799960444 -0.8690555319 0.0001086601811 0.2758258627 0
0.531607824 0.4862616766 0.2099053493 -0.02140928993 0.1297968949 0.4865941949 -0.002774467468 0.03355444614 0.2519950092 -0.9922480223 -0.04186219028 -0.1170103382 0.0204737352 0.8736246291 -0.4861695523 0.1225752356 -0.4847964155 -0.8659952351 0.000111924354 0.2791741146 0
0.5372751973 0.491445623 0.2121431117 -0.0218560272 0.1310579883 0.4861057973 -0.002833518214 0.03390399826 0.2519310506 -0.9919216019 -0.04314571802 -0.119289491 0.02109101888 0.8711973601 -0.4904796925 0.1250867882 -0.4890333392 -0.8632494938 0.0001148807167 0.2821503385 0
0.5429425706 0.4966295693 0.214380874 -0.02230698928 0.132315274 0.4856127809 -0.002893177234 0.03425329216 0.2518664331 -0.9915852878 -0.04445298799 -0.1215835054 0.02171915055 0.8687557517 -0.49476431 0.1276201215 -0.4932417012 -0.8604799409 0.0001178892774 0.2851265624 0
0.5493183656 0.502461509 0.2168983566 -0.0228193519 0.133725125 0.4850526381 -0.002961020008 0.03464593588 0.2517929516 -0.9911948859 -0.04595217629 -0.1241817041 0.02243879225 0.8659922045 -0.4995538033 0.1304959721 -0.4979416625 -0.857335933 0.0001213369604 0.2884748143 0
0.5549857389 0.5076454553 0.219136119 -0.02327923907 0.1349742023 0.4845498644 -0.003021969733 0.03499467235 0.251726936 -0.9908369535 -0.04731024102 -0.1265064134 0.02309004451 0.8635211996 -0.5037836715 0.1330750968 -0.5020885171 -0.8545163191 0.0001244582012 0.2914510383 0
0.5613615338 0.513477395 0.2216536016 -0.02380160173 0.13637473 0.483978789 -0.003091263095 0.03538668227 0.2516518831 -0.9904217744 -0.0488668226 -0.1291384622 0.02383574124 0.8607254081 -0.5085111889 0.1360020817 -0.506718665 -0.8513164091 0.0001280339983 0.2947992902 0
0.5670289071 0.5186613413 0.223891364 -0.02427034129 0.1376154411 0.4834663373 -0.003153500926 0.03573484942 0.2515844722 -0.9900414107 -0.05027611536 -0.1314926514 0.02451018682 0.8582264799 -0.5126856347 0.1386263174 -0.5108029185 -0.8484474778 0.0001312703198 0.2977755141 0
0.5726962804 0.5238452877 0.2261291263 -0.02474322115 0.138852161 0.4829493592 -0.003216344009 0.03608274457 0.2515164056 -0.9896502082 -0.05170965403 -0.1338602895 0.02519556491 0.8557149247 -0.5168337752 0.1412715432 -0.5148573389 -0.8455555994 0.0001345616303 0.300751738 0
0.5790720753 0.5296772273 0.2286466089 -0.02528013932 0.1402386573 0.4823623709 -0.003287765203 0.03647379821 0.2514390477 -0.9891969235 -0.05335146963 -0.136539618 0.02597969277 0.8528747435 -0.5214688174 0.1442723195 -0.5193826072 -0.8422750175 0.0001383307494 0.3040999899 0
0.5847394486 0.5348611736 0.2308843713 -0.02576176218 0.1414667817 0.4818358345 -0.003351892469 0.03682110664 0.25136959 -0.9887820848 -0.05483680115 -0.1389349271 0.0266883254 0.8503374547 -0.525560602 0.1469616345 -0.5233728483 -0.8393349389 0.0001417406878 0.3070762138 0
0.5911152436 0.5406931133 0.2334018539 -0.02630847365 0.1428435212 0.4812381397 -0.00342475684 0.0372114936 0.2512906689 -0.9883017461 -0.05653707736 -0.1416446875 0.02749862389 0.8474691675 -0.5301319042 0.1500116138 -0.5278253206 -0.8360005662 0.0001456446246 0.3104244657 0
0.5967826168 0.5458770596 0.2356396163 -0.02679876348 0.1440628959 0.480702128 -0.003490165555 0.03755820353 0.251219823 -0.9878624468 -0.05807453609 -0.1440664239 0.0282305213 0.8449076487 -0.534166737 0.1527443089 -0.53175033 -0.8330130627 0.0001491756131 0.3134006896 0
0.6031584118 0.5517089993 0.2381570989 -0.02735518196 0.145429706 0.480093821 -0.003564469994 0.03794791054 0.2511393419 -0.9873541245 -0.05983362631 -0.1468052111 0.02906698757 0.8420129527 -0.5386736467 0.155842687 -0.5361288321 -0.8296257785 0.0001532170971 0.3167489415 0
0.6088257851 0.5568929456 0.2403948612 -0.0278540614 0.1466401785 0.4795484187 -0.003631157369 0.03829401019 0.2510671108 -0.9868895365 -0.06142350609 -0.1492521211 0.02982213441 0.8394287176 -0.5426509636 0.1586180414 -0.5399875748 -0.826591638 0.0001568715655 0.3197251654 0
0.6144931584 0.562076892 0.2426326236 -0.02835695586 0.1478464095 0.478998627 -0.003698445487 0.03863981858 0.2509942291 -0.9864127607 -0.06303814465 -0.151710441 0.03058820951 0.836834319 -0.5466010281 0.1614132183 -0.5438147799 -0.8235358269 0.0001605849849 0.3227013894 0
0.6208689533 0.5679088316 0.2451501062 -0.02892748947 0.1491983078 0.4783748885 -0.003774861902 0.03902850166 0.25091146 -0.9858615903 -0.06488427178 -0.1544893398 0.0314630919 0.8339038932 -0.5510121331 0.1645812829 -0.5480824101 -0.8200723584 0.0001648337194 0.3260496413 0
0.6265363266 0.5730927779 0.2473878686 -0.02943885738 0.150395415 0.4778158332 -0.003843424479 0.03937368253 0.2508371977 -0.9853583035 -0.06655168925 -0.1569709728 0.03225234706 0.831289021 -0.5549039103 0.1674180389 -0.551841858 -0.8169710913 0.0001686742044 0.3290258652 0
0.6329121216 0.5789247176 0.2499053512 -0.03001887847 0.1517369653 0.4771817225 -0.003921273025 0.03976165305 0.2507528772 -0.9847768399 -0.06845730668 -0.1597753825 0.03315326608 0.8283364246 -0.559249165 0.1706324607 -0.5560327012 -0.8134569433 0.0001730672629 0.3323741171 0
0.6385794948 0.5841086639 0.2521431135 -0.03053863925 0.1529248001 0.4766134916 -0.00399110714 0.04010619469 0.2506772373 -0.984246209 -0.07017769566 -0.1622790534 0.03396562215 0.8257026136 -0.5630821703 0.1735100477 -0.5597234004 -0.810311038 0.0001770372597 0.335350341 0
0.6449552898 0.5899406036 0.2546605962 -0.03112805644 0.154255836 0.4759691085 -0.004070384498 0.04049343951 0.250591369 -0.983633514 -0.07214299681 -0.1651075353 0.03489247414 0.822729577 -0.5673610476 0.1767699789 -0.5638363514 -0.8067471372 0.0001815773971 0.3386985929 0
0.6506226631 0.5951245499 0.2568983585 -0.03165612822 0.1554342515 0.4753917916 -0.004141487173 0.04083733026 0.2505143549 -0.9830747048 -0.07391650854 -0.1676319617 0.03572782599 0.8200783682 -0.5711348286 0.179687638 -0.5674573286 -0.8035574236 0.0001856793574 0.3416748168 0
0.6562900364 0.6003084963 0.2591361209 -0.03218808239 0.1566081839 0.4748102303 -0.004213185772 0.04118091068 0.2504366952 -0.9825023465 -0.07571505974 -0.1701657097 0.03657395556 0.817419507 -0.5748805922 0.1826238889 -0.5710451639 -0.8003473845 0.0001898442679 0.3446510407 0
0.6626658313 0.6061404359 0.2616536035 -0.03279114839 0.1579234593 0.4741509256 -0.004294558169 0.0415670645 0.2503485573 -0.9818420182 -0.07776838455 -0.1730269625 0.03753869441 0.8144195683 -0.5790609753 0.1859491807 -0.5750416029 -0.796712029 0.0001946057156 0.3479992926 0
0.6683332046 0.6113243822 0.2638913658 -0.0333312909 0.1590877591 0.4735604123 -0.004367520852 0.04190997693 0.2502695282 -0.9812402549 -0.07962020557 -0.1755795689 0.03840761776 0.8117455852 -0.5827469088 0.1889243686 -0.5785583183 -0.7934594226 0.0001989062043 0.3509755166 0
0.6747089995 0.6171563219 0.2664088485 -0.03394352118 0.1603921172 0.4728910887 -0.004450313602 0.04229537274 0.2501798515 -0.9805463771 -0.081733492 -0.1784613086 0.0393979078 0.8087295071 -0.5868597696 0.1922930244 -0.5824742232 -0.7897766596 0.0002038215627 0.3543237685 0
0.6803763728 0.6223402682 0.2686466108 -0.03449176708 0.1615466415 0.4722917163 -0.004524537261 0.04263760559 0.2500994563 -0.9799143757 -0.08363863142 -0.1810314768 0.0402894553 0.8060419544 -0.5904855016 0.1953063646 -0.5859188913 -0.7864823436 0.0002082600933 0.3572999924 0
0.6860437461 0.6275242146 0.2708843732 -0.03504379661 0.1626965166 0.4716882075 -0.004599353228 0.04297951464 0.2500184194 -0.9792678568 -0.08556886678 -0.1836094595 0.0411915833 0.8033485538 -0.5940827842 0.1983373843 -0.5893293392 -0.7831686995 0.0002127644385 0.3602762163 0
0.6924195411 0.6333561542 0.2734018558 -0.03566932853 0.1639845302 0.4710043418 -0.004684228305 0.0433637721 0.2499264868 -0.9785229411 -0.08777037535 -0.1865186716 0.04221906684 0.8003119173 -0.5980956323 0.2017681938 -0.5931249415 -0.7794179878 0.0002179111768 0.3636244682 0
0.6980869144 0.6385401006 0.2756396181 -0.03622933433 0.1651244228 0.4703921129 -0.004760300576 0.04370498459 0.2498440889 -0.9778449623 -0.08975392477 -0.189112302 0.04314352202 0.7976072343 -0.6016322268 0.2048361938 -0.5964620128 -0.7760639155 0.0002225571944 0.3666006921 0
0.7044627093 0.6443720402 0.2781571008 -0.03686379025 0.1664011279 0.469698491 -0.00484658718 0.04408845194 0.2497506271 -0.9770641881 -0.09201538673 -0.1920383839 0.04419599548 0.7945587805 -0.6055766328 0.2083081522 -0.6001745687 -0.7722682182 0.000227864705 0.369948944 0
0.7101300826 0.6495559865 0.2803948631 -0.03743168439 0.1675308994 0.4690776381 -0.004923912514 0.04442895637 0.2496668716 -0.9763539217 -0.09405219564 -0.1946463566 0.0451425436 0.7918443717 -0.6090522488 0.2114123232 -0.6034373833 -0.7688746023 0.0002326548684 0.3729251679 0
0.7165058775 0.6553879262 0.2829123457 -0.03807496474 0.168796141 0.4683743689 -0.005011606966 0.04481162069 0.2495718845 -0.9755363599 -0.09637352612 -0.1975878384 0.04621972877 0.7887858518 -0.6129279049 0.2149245149 -0.6070659136 -0.7650349204 0.0002381259355 0.3762734198 0
0.7221732508 0.6605718725 0.2851501081 -0.03865065811 0.1699156546 0.4677449895 -0.005090182068 0.04515140559 0.249486775 -0.9747929819 -0.09846349822 -0.200208846 0.04718810948 0.7860632734 -0.6163422852 0.2180640384 -0.610253611 -0.7616026559 0.0002430627212 0.3792496438 0
0.7278406241 0.6657558189 0.2873878704 -0.03922999054 0.171030294 0.4671116316 -0.00516934414 0.04549084793 0.2494010296 -0.9740337379 -0.1005784431 -0.2028355348 0.04816666685 0.7833373886 -0.6197277691 0.2212199123 -0.613405667 -0.7581525164 0.0002480693633 0.3822258677 0
0.7342164191 0.6715877585 0.2899053531 -0.03988606429 0.1722784004 0.466394376 -0.005259102154 0.04587230793 0.2493038068 -0.9731603984 -0.1029875626 -0.2057969897 0.04927962569 0.7802672447 -0.6235018407 0.2247895849 -0.6169088984 -0.7542499941 0.00025378602 0.3855741196 0
0.7398837924 0.6767717049 0.2921431154 -0.0404730628 0.173382584 0.4657526371 -0.005339509052 0.04621101393 0.2492167127 -0.972366839 -0.1051554532 -0.2084347885 0.05027958546 0.7775354762 -0.6268257705 0.2279795905 -0.6199846078 -0.7507625406 0.0002589429315 0.3885503435 0
0.7462595873 0.6826036445 0.294660598 -0.04113770933 0.1746188527 0.4650260093 -0.005430665576 0.04659163914 0.2491179747 -0.971454437 -0.1076240303 -0.2114080058 0.05141644299 0.7744595858 -0.6305304904 0.2315871892 -0.6234014902 -0.7468185561 0.0002648300377 0.3918985954 0
0.7519269606 0.6877875909 0.2968983604 -0.04173228196 0.175712448 0.46437599 -0.005512313875 0.04692959742 0.2490295356 -0.9706257501 -0.1098446673 -0.2140556058 0.05243748055 0.7717234845 -0.6337926902 0.2348104851 -0.626400042 -0.7432947083 0.0002701397018 0.3948748193 0
0.7583027555 0.6936195305 0.299415843 -0.04240539717 0.1769367313 0.4636401037 -0.005604865025 0.04730937506 0.2489292866 -0.9696733753 -0.1123724543 -0.2170391133 0.05359785704 0.7686435902 -0.637427879 0.2384550585 -0.6297296743 -0.7393103018 0.0002762000524 0.3982230712 0
0.7639701288 0.6988034768 0.3016536054 -0.04300745085 0.1780196079 0.4629819057 -0.005687751246 0.04764657426 0.2488395063 -0.9688087548 -0.1146455969 -0.2196952063 0.05463962195 0.7659047025 -0.640628206 0.2417107947 -0.6326502776 -0.7357509891 0.0002816649543 0.4011992951 0
0.7696375021 0.7039874232 0.3038913677 -0.04361299251 0.1790973957 0.4623198945 -0.005771218799 0.04798341233 0.248749096 -0.9679269475 -0.1169433528 -0.2223548438 0.05569101232 0.7631650373 -0.6437993763 0.2449815003 -0.6355339315 -0.7321753113 0.0002872037699 0.4041755191 0
0.7760132971 0.7098193628 0.3064088503 -0.04429836997 0.1803037891 0.4615706024 -0.005865813692 0.0483619204 0.2486466327 -0.9669141511 -0.1195576656 -0.225350813 0.05688522476 0.7600824088 -0.6473320656 0.2486786994 -0.6387336663 -0.7281333724 0.0002935239733 0.407523771 0
0.7816806703 0.7150033092 0.3086466127 -0.04491125379 0.1813706697 0.4609005643 -0.005950513957 0.04869798278 0.2485548869 -0.9659952376 -0.1219074978 -0.2280170233 0.05795678044 0.7573422217 -0.6504412125 0.2519805797 -0.6415382461 -0.7245236133 0.000299221685 0.4104999949 0
0.7880564653 0.7208352488 0.3111640953 -0.04560483748 0.1825647214 0.4601423008 -0.006046493629 0.04907561185 0.2484509231 -0.9649402525 -0.1245802092 -0.2310196539 0.05917344964 0.7542598684 -0.6539040861 0.2557123616 -0.6446486038 -0.7204438672 0.0003057220466 0.4138482468 0
0.7937238386 0.7260191952 0.3134018577 -0.04622496771 0.1836205689 0.4594643405 -0.006132422999 0.04941088729 0.2483578455 -0.9639834451 -0.1269817749 -0.2336911348 0.0602647569 0.7515206908 -0.6569511476 0.2590445458 -0.64737337 -0.7168009787 0.0003115811439 0.4168244707 0
0.7993912119 0.7312031415 0.31563962 -0.04684847457 0.1846711813 0.4587826888 -0.006218929509 0.04974578851 0.2482641426 -0.963008535 -0.1294075556 -0.2363646464 0.06136520864 0.7487825158 -0.6599689804 0.2623906871 -0.6500603268 -0.713142832 0.000317517049 0.4198006946 0
0.8057670068 0.7370350811 0.3181571026 -0.04755392908 0.1858468289 0.4580114474 -0.006316938178 0.050122102 0.2481579803 -0.9618899094 -0.1321653919 -0.2393744169 0.06261402292 0.7457036864 -0.663329101 0.2661715357 -0.6530377641 -0.7090094444 0.0003242874387 0.4231489465 0
0.8114343801 0.7422190275 0.320394865 -0.04818453959 0.1868862267 0.4573220295 -0.006404668393 0.05045619979 0.2480629514 -0.9608759629 -0.1346423277 -0.2420512913 0.06373357187 0.7429687579 -0.6662848164 0.2695466858 -0.6556438579 -0.7053195842 0.0003303883925 0.4261251704 0
0.8178101751 0.7480509671 0.3229123476 -0.04889793052 0.1880491894 0.4565421116 -0.006504051636 0.05083160313 0.2479552998 -0.9597129895 -0.1374574697 -0.2450641179 0.06500360622 0.7398944311 -0.6695750607 0.2733596697 -0.6585299346 -0.7011510652 0.0003373458637 0.4294734223 0
0.8234775483 0.7532349135 0.32515011 -0.04953554632 0.1890772515 0.4558450352 -0.006593001821 0.05116488633 0.247858949 -0.9586592415 -0.1399851173 -0.2477430639 0.06614177642 0.7371642585 -0.6724686769 0.2767629386 -0.6610544781 -0.6974304645 0.0003436143583 0.4324496463 0
0.8298533433 0.7590668531 0.3276675926 -0.05025676244 0.1902273944 0.4550565623 -0.006693755407 0.05153936699 0.2477498125 -0.9574510654 -0.1428570435 -0.2507574972 0.06743248141 0.7340961264 -0.6756890835 0.2806070522 -0.6638484332 -0.6932279135 0.0003507617149 0.4357978982 0
0.8355207166 0.7642507995 0.3299053549 -0.05090128416 0.1912440018 0.454351936 -0.006783921774 0.05187182448 0.2476521438 -0.9563567613 -0.1454349192 -0.2534372296 0.06858877211 0.7313722081 -0.6785206508 0.2840375422 -0.6662907605 -0.6894775537 0.000357200243 0.4387741221 0
0.8411880899 0.7694347458 0.3321431173 -0.05154902106 0.192255178 0.4536437946 -0.006874659137 0.05220388955 0.2475538565 -0.955243114 -0.1480362529 -0.2561168892 0.06975340981 0.728651748 -0.6813230452 0.2874805297 -0.6686941737 -0.6857135314 0.0003637196496 0.441750346 0
