0.007533233686 0.003324265361 -0.004158269663 -2.128602547e-06 0.001920963737 0.5099951763 -2.684678339e-07 0.0004785319324 0.2549994011 -0.9999999999 -6.158980056e-08 -1.239625619e-05 3.132786537e-08 0.9999719085 -0.007495483664 1.239636961e-05 -0.007495483664 -0.9999719084 3.019543832e-08 -0.005530498651 0
0.01406646737 0.006207250722 -0.007764549325 -7.421609907e-06 0.003586878519 0.5099831816 -9.409896764e-07 0.0008951355934 0.2549979008 -0.9999999991 -4.027692559e-07 -4.321968279e-05 2.021551144e-07 0.9999020569 -0.01399558911 4.322108671e-05 -0.0139955891 -0.999902056 5.263592068e-08 -0.0103268506 0
0.02141635527 0.009450609254 -0.01182161395 -1.720332509e-05 0.005460921217 0.5099610149 -2.189177952e-06 0.001364534604 0.2549951158 -0.999999995 -1.42253974e-06 -0.0001001780911 7.123125511e-07 0.9997729727 -0.02130734683 0.0001001856585 -0.0213073468 -0.9997729677 3.730382018e-08 -0.01572274655 0
0.02794958896 0.01233359461 -0.01542789361 -2.929973919e-05 0.007126590889 0.5099336028 -3.735173077e-06 0.001781865375 0.2549916663 -0.9999999854 -3.162489036e-06 -0.000170606492 1.582542584e-06 0.9996133507 -0.02780555867 0.0001706284619 -0.02780555854 -0.9996133361 9.105559105e-09 -0.0205190985 0
0.03529947685 0.01557695315 -0.01948495823 -4.673447644e-05 0.009000249963 0.5098940934 -5.964774071e-06 0.002251303172 0.2549866914 -0.999999963 -6.371275105e-06 -0.000272099673 3.187258106e-06 0.9993833009 -0.03511435287 0.0002721555926 -0.03511435243 -0.9993832639 8.60752976e-08 -0.02591499444 0
0.04183271054 0.01845993851 -0.02309123789 -6.563262602e-05 0.01066548276 0.5098512676 -8.382184577e-06 0.002668510964 0.2549812974 -0.9999999269 -1.060378492e-05 -0.0003820901128 5.303858865e-06 0.9991339626 -0.04160919007 0.0003822004234 -0.04160918906 -0.9991338896 1.76779777e-07 -0.0307113464 0
0.04918259844 0.02170329704 -0.02714830251 -9.071797659e-05 0.01253854251 0.5097944208 -1.159155086e-05 0.003137796812 0.2549741363 -0.9999998604 -1.723143754e-05 -0.0005280561901 8.618189267e-06 0.9988030254 -0.04891335523 0.0005282669677 -0.04891335295 -0.9988028859 3.009564905e-07 -0.03610724234 0
0.05653248634 0.02494665557 -0.03120536713 -0.0001198523159 0.01441119767 0.5097283985 -1.531937915e-05 0.003607014454 0.2549658184 -0.9999997564 -2.616638378e-05 -0.0006975324314 1.308636012e-05 0.9984187205 -0.05621439603 0.0006979003651 -0.05621439147 -0.998418477 4.475551183e-07 -0.04150313829 0
0.06306572002 0.02782964093 -0.03481164679 -0.0001491477489 0.01607539154 0.5096620111 -1.906818216e-05 0.004024045077 0.2549574537 -0.9999996227 -3.632353389e-05 -0.0008678915808 1.816579787e-05 0.9980323431 -0.06270121045 0.0008684613975 -0.06270120256 -0.9980319659 5.962671867e-07 -0.04629949024 0
0.07041560792 0.03107299946 -0.03886871142 -0.0001859269734 0.01794711767 0.5095786644 -2.377509437e-05 0.00449315001 0.2549469511 -0.9999994137 -5.055456597e-05 -0.001081693632 2.528267303e-05 0.9975473364 -0.06999507862 0.001082579172 -0.06999506493 -0.9975467502 7.840442423e-07 -0.05169538618 0
0.07694884161 0.03395598482 -0.04247499108 -0.0002220157213 0.01961038998 0.5094968824 -2.839408444e-05 0.004910085191 0.2549366447 -0.999999164 -6.596370541e-05 -0.001291398608 3.298891946e-05 0.9970715155 -0.07647477934 0.001292661327 -0.076474758 -0.9970706797 9.690759311e-07 -0.05649173813 0
0.0842987295 0.03719934335 -0.0465320557 -0.00026643475 0.02148097166 0.5093962229 -3.407984229e-05 0.005379084751 0.254923958 -0.9999987959 -8.671482879e-05 -0.001549396071 4.336707018e-05 0.9964859716 -0.08375981509 0.001551214667 -0.08375978143 -0.9964847679 1.197600775e-06 -0.06188763408 0
0.09083196319 0.04008232872 -0.05013833536 -0.0003093118273 0.02314313101 0.5092990577 -3.956881634e-05 0.005795926 0.2549117105 -0.9999983771 -0.0001084624989 -0.001798318959 5.424401073e-05 0.9959208687 -0.09023092816 0.001800770052 -0.09023087928 -0.9959192466 1.418860793e-06 -0.06668398603 0
0.09818185109 0.04332568725 -0.05419539998 -0.000361364524 0.02501235303 0.5091810992 -4.623318967e-05 0.006264817876 0.2548968402 -0.9999977849 -0.0001369542606 -0.002100354441 6.849453766e-05 0.9952349861 -0.09750547509 0.002103700013 -0.09750540297 -0.9952327722 1.688233883e-06 -0.07207988198 0
0.1047150848 0.04620867261 -0.05780167964 -0.0004110240077 0.02667320819 0.5090685642 -5.259193624e-05 0.006681560576 0.2548826519 -0.9999971341 -0.0001661236403 -0.002388343364 8.308462801e-05 0.994580793 -0.1039665299 0.002392671736 -0.1039664304 -0.9945779288 1.945933936e-06 -0.07687623393 0
0.1120649727 0.04945203114 -0.06185874426 -0.0004707031823 0.02854085551 0.5089333231 -6.023467582e-05 0.007150337518 0.2548655987 -0.9999962413 -0.0002035724811 -0.002734232556 0.0001018168856 0.9937948045 -0.1112289356 0.002739909259 -0.1112287959 -0.9937910484 2.256492071e-06 -0.08227212987 0
0.1185982064 0.0523350165 -0.06546502393 -0.000527138213 0.03020021547 0.5088054337 -6.746296146e-05 0.007566973885 0.2548494702 -0.9999952857 -0.0002412428119 -0.00306111175 0.000120660907 0.993051743 -0.1176784654 0.003068231443 -0.1176782799 -0.9930470323 2.550999291e-06 -0.08706848182 0
0.1259480943 0.05557837503 -0.06952208855 -0.0005944356222 0.03206607332 0.5086529287 -7.608378997e-05 0.008035626028 0.2548302346 -0.9999940048 -0.0002888604202 -0.003450643513 0.0001444822287 0.9921659152 -0.1249270822 0.003459697368 -0.1249268318 -0.9921599252 2.903217246e-06 -0.09246437777 0
0.1324813279 0.05846136039 -0.07312836821 -0.0006576384051 0.03372374726 0.5085097027 -8.418135439e-05 0.008452146554 0.2548121666 -0.9999926617 -0.0003361064328 -0.003816213405 0.0001681190442 0.9913342372 -0.1313636245 0.003827295165 -0.1313633021 -0.9913269061 3.235000621e-06 -0.09726072972 0
0.1398312158 0.06170471892 -0.07718543283 -0.0007325447542 0.03558760113 0.5083399548 -9.377996291e-05 0.008920662576 0.2547907493 -0.9999908943 -0.0003950991005 -0.00424914987 0.0001976344685 0.9903488705 -0.1385968099 0.004262900249 -0.1385963877 -0.9903397745 3.62945268e-06 -0.1026566257 0
0.1463644495 0.06458770429 -0.08079171249 -0.0008025065603 0.03724339853 0.5081814119 -0.0001027465169 0.009337056767 0.2547707424 -0.9999890713 -0.0004529904437 -0.004653187178 0.0002266007796 0.9894288581 -0.1450189074 0.004669689856 -0.1450183769 -0.9894179422 3.999060562e-06 -0.1074529776 0
0.1537143374 0.06783106282 -0.08484877711 -0.0008850115045 0.03910503423 0.5079944446 -0.0001133225635 0.009805424489 0.2547471442 -0.9999867077 -0.0005245584251 -0.005129263859 0.0002624127773 0.9883442863 -0.152235025 0.005149334793 -0.1522343474 -0.9883310113 4.436403248e-06 -0.1128488736 0
0.1610642253 0.07107442135 -0.08890584173 -0.0009715346882 0.040965409 0.5077983714 -0.0001244159273 0.01027370858 0.2547223919 -0.9999839804 -0.0006032675884 -0.005628063353 0.0003018012034 0.987207341 -0.1594414462 0.005652251315 -0.1594405906 -0.9871913442 4.896743811e-06 -0.1182447695 0
0.167597459 0.07395740671 -0.0925121214 -0.001051814818 0.0426179685 0.5076164458 -0.0001347108971 0.01068988797 0.2546994209 -0.9999812222 -0.00067949597 -0.006090447617 0.0003399510843 0.9861528422 -0.1658386454 0.006118798918 -0.1658376018 -0.9861340934 5.325415794e-06 -0.1230411215 0
0.1749473469 0.07720076524 -0.09656918602 -0.001145918748 0.04447579817 0.5074031936 -0.0001467811106 0.01115800419 0.254672489 -0.99997771 -0.0007726029996 -0.006631931627 0.0003865519246 0.9849172675 -0.1730255087 0.006665584003 -0.1730242156 -0.9848950151 5.82979118e-06 -0.1284370174 0
0.1814805806 0.0800837506 -0.1001754657 -0.001232931663 0.04612600052 0.5072060106 -0.0001579442048 0.01157402853 0.2546475812 -0.9999741945 -0.0008621557819 -0.00713211344 0.0004313775642 0.9837752805 -0.1794046027 0.007171071615 -0.1794030498 -0.9837495217 6.297968018e-06 -0.1332333694 0
0.1888304685 0.08332710913 -0.1042325303 -0.001334603347 0.04798107182 0.5069756088 -0.0001709908399 0.0120419637 0.2546184707 -0.9999697603 -0.0009708428173 -0.007715950745 0.0004857855841 0.982441495 -0.1865702893 0.007761600611 -0.1865683958 -0.9824113147 6.847210966e-06 -0.1386292653 0
0.1953637022 0.08621009449 -0.10783881 -0.001428337034 0.04962872763 0.5067631956 -0.0001830216629 0.01245782119 0.2545916268 -0.9999653607 -0.001074767183 -0.008253624065 0.0005378141282 0.9812124064 -0.1929298427 0.008305912995 -0.1929275987 -0.9811778399 7.355661266e-06 -0.1434256173 0
0.2027135901 0.08945345303 -0.1118958746 -0.001537562435 0.05148082771 0.5065156761 -0.0001970442573 0.01292556197 0.2545603388 -0.9999598566 -0.001200208087 -0.008879457329 0.0006006205719 0.9797808618 -0.2000727419 0.008940051278 -0.2000700435 -0.9797408092 7.950667727e-06 -0.1488215132 0
0.2092468238 0.09233643839 -0.1155021542 -0.001638003954 0.05312574798 0.5062880621 -0.0002099423828 0.01334124071 0.2545315598 -0.9999544365 -0.001319543583 -0.009454292972 0.0006603759176 0.9784650878 -0.2064113268 0.009523064345 -0.2064081654 -0.9784196342 8.500215169e-06 -0.1536178651 0
0.2165967117 0.09557979692 -0.1195592189 -0.001754767995 0.05497466444 0.506023459 -0.0002249404399 0.01380877363 0.2544980954 -0.9999477038 -0.001462903313 -0.01012173891 0.0007321682416 0.9769362685 -0.2135298366 0.01020066735 -0.2135260806 -0.9768841074 9.141941903e-06 -0.1590137611 0
0.2231299453 0.09846278228 -0.1231654985 -0.001861903482 0.0566166606 0.5057806756 -0.0002387054111 0.01422426159 0.2544673824 -0.9999411176 -0.001598681296 -0.01073338471 0.0008001708008 0.9755342544 -0.2198460332 0.01082224819 -0.2198416767 -0.9754755333 9.733463247e-06 -0.163810113 0
0.2304798332 0.1017061408 -0.1272225631 -0.001986190047 0.05846218154 0.5054990255 -0.0002546783996 0.0146915731 0.2544317429 -0.9999329869 -0.001761115286 -0.01144203428 0.0008815324083 0.9739086777 -0.226938561 0.01154316144 -0.2269334397 -0.9738418606 1.042292569e-05 -0.169206009 0
0.2370130669 0.1045891262 -0.1308288428 -0.002100004717 0.06010106544 0.5052411061 -0.0002693097291 0.01510685821 0.254399097 -0.9999250794 -0.001914358368 -0.01209011524 0.0009582988732 0.9724208975 -0.2332309579 0.01220316835 -0.23322507 -0.9723462086 1.105734898e-05 -0.1740023609 0
0.2443629548 0.1078324847 -0.1348859074 -0.002231796656 0.06194297948 0.5049424478 -0.0002862570834 0.01557393472 0.2543612836 -0.9999153709 -0.002097011907 -0.01283953382 0.001049808851 0.9706991131 -0.240295921 0.0129672275 -0.240289064 -0.9706147623 1.17956193e-05 -0.1793982569 0
0.2508961885 0.1107154701 -0.1384921871 -0.002352274803 0.06357856347 0.504669428 -0.000301754253 0.01598900487 0.254326706 -0.9999059774 -0.002268733412 -0.01352365234 0.001135851961 0.9691260701 -0.246563116 0.01366551002 -0.2465552944 -0.9690323734 1.247392215e-05 -0.1841946088 0
0.2582460764 0.1139588286 -0.1425492517 -0.00249155393 0.06541665977 0.5043538027 -0.000319675373 0.01645583271 0.2542867201 -0.9998945008 -0.002472741033 -0.01431337995 0.001238084818 0.9673086599 -0.2535989424 0.01447254089 -0.253589909 -0.9672035482 1.326212735e-05 -0.1895905048 0
0.2655959643 0.1172021871 -0.1466063163 -0.002634789149 0.06725264975 0.5040292124 -0.0003381117613 0.01692252338 0.2542455846 -0.9998820075 -0.00268850921 -0.01512425282 0.001346225441 0.965440871 -0.2606187106 0.01530224762 -0.2606083202 -0.9653233368 1.407724309e-05 -0.1949864007 0
0.272129198 0.1200851725 -0.150212596 -0.002765426033 0.06888282502 0.5037331716 -0.0003549320852 0.01733724126 0.254208055 -0.9998700022 -0.002890429322 -0.01586266746 0.001447438536 0.9637384636 -0.2668446715 0.01605875842 -0.2668329425 -0.963608996 1.482465539e-05 -0.1997827527 0
0.2794790859 0.123328531 -0.1542696606 -0.002916118638 0.07071467596 0.5033916818 -0.0003743412549 0.01780366235 0.2541647493 -0.9998554296 -0.003129264559 -0.01671309731 0.001567171255 0.9617760008 -0.2738329203 0.01693115154 -0.2738195244 -0.9616320524 1.569153158e-05 -0.2051786486 0
0.2860123196 0.1262115164 -0.1578759403 -0.003053375188 0.07234107899 0.50308064 -0.0003920259718 0.01821813452 0.2541252913 -0.999841481 -0.003352181093 -0.01748644399 0.001678938722 0.9599897298 -0.2800301767 0.0177255185 -0.2800151452 -0.9598319251 1.648550652e-05 -0.2099750006 0
0.2933622075 0.1294548749 -0.1619330049 -0.003211504394 0.0741685816 0.5027222979 -0.0004124072355 0.01868427233 0.2540798169 -0.9998246128 -0.003615188012 -0.01837590769 0.001810825315 0.9579332556 -0.2869853632 0.01864039912 -0.2869683052 -0.9577587 1.740540077e-05 -0.2153708965 0
0.2998954412 0.1323378603 -0.1655392846 -0.003355361681 0.07579102665 0.5023962979 -0.0004309557192 0.0190984866 0.2540384318 -0.9998085242 -0.003860077196 -0.01918371048 0.001933644102 0.9560637237 -0.2931525493 0.01947244115 -0.2931335122 -0.9558731966 1.824707797e-05 -0.2201672485 0
0.3072453291 0.1355812188 -0.1695963492 -0.003520905683 0.07761397231 0.5020211528 -0.0004523083554 0.01956432742 0.2539907904 -0.9997891339 -0.004148347538 -0.02011166036 0.002078240863 0.9539139319 -0.3000731434 0.0204296007 -0.300051665 -0.9537041626 1.922129639e-05 -0.2255631444 0
0.3137785627 0.1384642042 -0.1732026288 -0.003671343871 0.07923227424 0.5016802396 -0.0004717199492 0.01997827162 0.2539474799 -0.9997706995 -0.00441617389 -0.02095342164 0.002212602934 0.9519617697 -0.3062089049 0.02129912811 -0.3061850527 -0.9517337131 2.01118578e-05 -0.2303594964 0
0.3211284506 0.1417075627 -0.1772596935 -0.003844279845 0.08105045502 0.5012883434 -0.0004940432019 0.02044380174 0.2538976731 -0.9997485507 -0.004730785929 -0.02191928576 0.002370460421 0.9497193851 -0.3130933895 0.02229834839 -0.3130666212 -0.9494693646 2.114175324e-05 -0.2357553923 0
0.3276616843 0.1445905481 -0.1808659731 -0.004001278196 0.08266442933 0.5009325639 -0.0005143172184 0.02085746367 0.2538524386 -0.9997275558 -0.005022501735 -0.02279448642 0.00251685253 0.9476852504 -0.3191963842 0.02320516296 -0.3191667913 -0.9474144182 2.208242161e-05 -0.2405517443 0
0.3350115722 0.1478339066 -0.1849230378 -0.004181582304 0.08447763805 0.5005239705 -0.0005376102971 0.02132266938 0.2538004684 -0.9997024022 -0.005364519695 -0.02379766883 0.00268851532 0.9453510285 -0.3260432561 0.02424621617 -0.3260102068 -0.9450552714 2.316939195e-05 -0.2459476402 0
0.3415448059 0.150716892 -0.1885293174 -0.004345119178 0.08608710091 0.5001533739 -0.0005587460185 0.02173603685 0.2537533116 -0.9996786236 -0.005681064496 -0.02470576857 0.002847418794 0.9432356065 -0.332112154 0.02519011117 -0.3320757686 -0.9429162965 2.416142929e-05 -0.2507439922 0
0.3488946938 0.1539602505 -0.192586382 -0.004532766572 0.08789513112 0.4997281396 -0.0005830080985 0.02220090445 0.2536991797 -0.999650209 -0.006051537973 -0.02574564962 0.003033425232 0.9408103332 -0.3389199245 0.02627275999 -0.3388794709 -0.9404628894 2.530691573e-05 -0.2561398881 0
0.3554279275 0.1568432358 -0.1961926617 -0.004702819434 0.08949989939 0.4993427768 -0.0006050047765 0.02261396528 0.2536501024 -0.9996234149 -0.006393838056 -0.02668608718 0.00320531575 0.938614336 -0.3449534087 0.02725352023 -0.3449090417 -0.9382403736 2.635162182e-05 -0.2609362401 0
0.3627778154 0.1600865944 -0.2002497263 -0.004897784259 0.09130254546 0.4989009603 -0.0006302349987 0.02307848106 0.2535938108 -0.9995914737 -0.006793801454 -0.02776202376 0.003406197709 0.9360988274 -0.3517206039 0.02837751784 -0.3516714797 -0.9356932654 2.755710725e-05 -0.266332136 0
0.3701277033 0.1633299529 -0.2043067909 -0.005096612208 0.09310225814 0.4984503893 -0.0006559774072 0.02354280504 0.2535363767 -0.9995575547 -0.007209790578 -0.02885678032 0.003615167988 0.9335358876 -0.3584657265 0.02952330284 -0.3584114471 -0.9330967845 2.87949709e-05 -0.2717280319 0
0.376660937 0.1662129383 -0.2079130706 -0.005276585079 0.09469949383 0.4980425465 -0.0006792893253 0.02395537335 0.2534843654 -0.9995256806 -0.00759324131 -0.02984554311 0.003807827731 0.9312180953 -0.3644425324 0.0305600099 -0.364383317 -0.9307474868 2.992282548e-05 -0.2765243839 0
0.3840108249 0.1694562968 -0.2119701352 -0.005482688979 0.09649350947 0.4975754873 -0.0007059984957 0.02441932457 0.2534247748 -0.9994878104 -0.008040271715 -0.03097532705 0.004032473917 0.9285662256 -0.3711448556 0.03174674801 -0.3710796663 -0.9280582014 3.122303293e-05 -0.2819202798 0
0.3905440586 0.1723392822 -0.2155764149 -0.00566911686 0.09808559059 0.4971530165 -0.0007301693413 0.02483155546 0.2533708476 -0.9994522966 -0.008451758152 -0.0319949163 0.004239297251 0.9261697769 -0.3770829785 0.03281973863 -0.3770120848 -0.925626681 3.240700275e-05 -0.2867166318 0
0.3978939465 0.1755826407 -0.2196334795 -0.00588246833 0.09987370571 0.4966695333 -0.0007578443279 0.02529512024 0.2533091026 -0.9994101857 -0.008930823312 -0.03315902666 0.004480133777 0.9234298678 -0.3837410685 0.03404715929 -0.3836632894 -0.9228452044 3.377113508e-05 -0.2921125277 0
0.4044271801 0.1784656261 -0.2232397592 -0.006075325553 0.1014604518 0.4962324929 -0.000782873245 0.02570700154 0.2532532614 -0.9993707708 -0.009371220986 -0.03420880937 0.004701574755 0.9209555673 -0.3896392413 0.03515618887 -0.3895549042 -0.9203320156 3.501264176e-05 -0.2969088797 0
0.411777068 0.1817089846 -0.2272968238 -0.006295895221 0.1032424638 0.4957326522 -0.0008115130678 0.02617016621 0.2531893642 -0.9993241209 -0.009883297234 -0.03540652292 0.004959108747 0.9181285381 -0.3962516811 0.03642401227 -0.3961594477 -0.9174589818 3.644231615e-05 -0.3023047756 0
0.4183103017 0.1845919699 -0.2309031034 -0.006495155239 0.1048236951 0.4952811022 -0.0008373991701 0.02658168579 0.253131611 -0.9992805356 -0.0103534662 -0.03648584639 0.005195614822 0.9155772155 -0.4021086521 0.03756882798 -0.4020089156 -0.9148646976 3.774281272e-05 -0.3071011276 0
0.4256601896 0.1878353285 -0.2349601681 -0.006722912747 0.1065994023 0.4947649729 -0.0008670028147 0.0270444367 0.2530655641 -0.999229039 -0.01089951218 -0.03771641793 0.005470345866 0.912664014 -0.4086740424 0.03887676508 -0.4085652925 -0.9119007616 3.923968096e-05 -0.3124970235 0
0.4321934233 0.1907183138 -0.2385664477 -0.006928548138 0.1081749401 0.4942989754 -0.0008937451855 0.02745558242 0.253005901 -0.9991810061 -0.01140029653 -0.03882461014 0.00572235769 0.9100365243 -0.4144885753 0.04005710594 -0.41437128 -0.9092259733 4.060065061e-05 -0.3172933755 0
0.4395433112 0.1939616724 -0.2426235124 -0.007163462147 0.1099441419 0.4937666286 -0.0009243116036 0.02791790591 0.2529377066 -0.9991243467 -0.01198125269 -0.04008727289 0.006014777609 0.9070381263 -0.4210055344 0.04140485858 -0.4208779955 -0.9061718107 4.21663977e-05 -0.3226892714 0
0.4460765449 0.1968446577 -0.246229792 -0.007375444621 0.1115138082 0.4932862477 -0.0009519092958 0.02832866565 0.2528761358 -0.9990715811 -0.01251348012 -0.04122364277 0.006282728833 0.9043353492 -0.4267764093 0.04262045549 -0.426639179 -0.9034171283 4.358935249e-05 -0.3274856234 0
0.4534264328 0.2000880163 -0.2502868566 -0.007617482817 0.1132763049 0.4927377565 -0.0009834374048 0.0287905481 0.2528057964 -0.9990094339 -0.01313026818 -0.04251760871 0.006593321464 0.901252758 -0.4332435739 0.04400771642 -0.4330947498 -0.9002734355 4.522569525e-05 -0.3328815193 0
0.4599596665 0.2029710016 -0.2538931363 -0.007835783218 0.1148399226 0.4922430583 -0.001011889441 0.02920090975 0.2527423201 -0.998951643 -0.01369474949 -0.04368144649 0.006877638543 0.8984755975 -0.4389695876 0.04525829227 -0.4388098159 -0.8974394868 4.671217494e-05 -0.3376778713 0
0.4673095544 0.2062143602 -0.2579502009 -0.008084912316 0.1165955154 0.4916784982 -0.001044378124 0.02966233754 0.2526698384 -0.9988836746 -0.01434827193 -0.04500590675 0.007206879515 0.8953098437 -0.4453856134 0.04668474524 -0.4452127703 -0.8942069804 4.842086068e-05 -0.3430737672 0
0.4746594423 0.2094577187 -0.2620072655 -0.008337781616 0.1183473732 0.4911054623 -0.001077374883 0.03012351912 0.2525962234 -0.9988124866 -0.01502160062 -0.0463461766 0.007546182828 0.892100489 -0.4517740282 0.04813181584 -0.4515872772 -0.890927752 5.016856305e-05 -0.3484696632 0
0.481192676 0.212340704 -0.2656135452 -0.008565686378 0.1199013999 0.4905889993 -0.001107131604 0.03053324854 0.2525298373 -0.9987464271 -0.01563694017 -0.04755060956 0.007856338033 0.8892113688 -0.4574291416 0.04943533473 -0.4572292945 -0.8879738284 5.175523684e-05 -0.3532660151 0
0.4885425639 0.2155840626 -0.2696706098 -0.008825593809 0.1216460521 0.490000014 -0.001141087163 0.03099395467 0.252454084 -0.9986688919 -0.01634834516 -0.04892009719 0.00821500076 0.8859204793 -0.4637643994 0.05092109642 -0.4635489575 -0.8846069217 5.357801068e-05 -0.3586619111 0
0.4950757975 0.2184670479 -0.2732768895 -0.009059738922 0.1231935866 0.4894694096 -0.00117169562 0.03140325543 0.2523857983 -0.998597034 -0.01699791115 -0.05015012156 0.008542567076 0.8829593684 -0.4693716845 0.05225885785 -0.4691415828 -0.8815754007 5.523222004e-05 -0.363458263 0
0.5024256854 0.2217104065 -0.2773339541 -0.00932664877 0.1249308373 0.4888645559 -0.001206608778 0.03186347254 0.2523079094 -0.9985127976 -0.01774824405 -0.0515479671 0.008921043136 0.8795880415 -0.4756524911 0.05378297192 -0.4754049612 -0.8781215832 5.713188428e-05 -0.368854159 0
0.5089589191 0.2245933918 -0.2809402338 -0.009567002064 0.1264717059 0.4883198829 -0.001238067887 0.03227233259 0.2522377266 -0.998434823 -0.0184327842 -0.05280280988 0.009266420093 0.8765559269 -0.4812108067 0.05515467091 -0.4809469196 -0.8750131558 5.885525784e-05 -0.3736505109 0
0.516308807 0.2278367504 -0.2849972984 -0.009840877663 0.1282013602 0.4876992439 -0.001273937406 0.03273204712 0.2521577048 -0.9983435233 -0.01922287565 -0.05422813402 0.009665154455 0.8731052854 -0.4874358884 0.0567167899 -0.4871525855 -0.8714732148 6.08336577e-05 -0.3790464069 0
0.5228420407 0.2307197357 -0.2886035781 -0.01008740613 0.1297353903 0.4871405771 -0.001306246053 0.03314045442 0.2520856275 -0.9982591068 -0.01994311884 -0.05550700509 0.01002873354 0.8700031765 -0.4929441118 0.05812211375 -0.4926426137 -0.8682885897 6.262784696e-05 -0.3838427588 0
0.5301919286 0.2339630943 -0.2926606427 -0.01036820987 0.1314572547 0.486504238 -0.001343070662 0.03359965284 0.2520034759 -0.9981603743 -0.02077377806 -0.05695890949 0.01044816202 0.8664743687 -0.4991122161 0.05972188155 -0.4987891524 -0.8646633324 6.468685284e-05 -0.3892386548 0
0.5367251623 0.2368460796 -0.2962669223 -0.01062087965 0.1329842747 0.4859316542 -0.001376227703 0.03400759535 0.2519295066 -0.998069184 -0.02153043392 -0.05826100201 0.01083032648 0.863303297 -0.5045692434 0.06116050988 -0.5042259987 -0.8614032356 6.655353126e-05 -0.3940350067 0
0.5440750502 0.2400894381 -0.300323987 -0.01090857299 0.1346981566 0.4852797023 -0.001414006099 0.03446626414 0.251845228 -0.9979626414 -0.02240244824 -0.05973856973 0.01127087555 0.8596974956 -0.5106791395 0.06279756178 -0.5103120089 -0.8576934883 6.869503775e-05 -0.3994309026 0
0.5506082839 0.2429724235 -0.3039302666 -0.01116734941 0.136217996 0.48469328 -0.001448010358 0.03487372987 0.2517693694 -0.9978643388 -0.02319620674 -0.06106306053 0.01167200026 0.8564585144 -0.5160838862 0.06426916662 -0.5156944339 -0.854358663 7.063589983e-05 -0.4042272546 0
0.5579581718 0.246215782 -0.3079873312 -0.01146189286 0.1379237041 0.4840258048 -0.001486741201 0.03533185553 0.251682967 -0.9977496017 -0.02411034115 -0.06256535648 0.01213408683 0.8527769162 -0.522134365 0.06594312942 -0.5217185282 -0.8505652715 7.286182476e-05 -0.4096231505 0
0.5644914055 0.2490987674 -0.3115936109 -0.01172674043 0.1394361935 0.4834256245 -0.001521591475 0.03573883248 0.2516052219 -0.9976438418 -0.0249418722 -0.06391140643 0.01255453808 0.8494710999 -0.5274857666 0.0674473753 -0.5270453049 -0.847156478 7.487858525e-05 -0.4144195025 0
0.5718412934 0.2523421259 -0.3156506755 -0.01202809358 0.141133538 0.4827427176 -0.001561273393 0.03619640153 0.2515166987 -0.9975205186 -0.02589886892 -0.0654374778 0.01303856935 0.8457149256 -0.5334756418 0.06915786738 -0.5330061099 -0.843280307 7.719086874e-05 -0.4198153984 0
0.5791911813 0.2555854845 -0.3197077401 -0.0123330352 0.1428263782 0.4820516787 -0.001601458255 0.03665367046 0.2514270541 -0.997392489 -0.02687885002 -0.0669757445 0.01353437988 0.8419197718 -0.5394329601 0.07088754116 -0.5389328578 -0.8393606682 7.954966427e-05 -0.4252112944 0
0.5857244149 0.2584684698 -0.3233140198 -0.01260709749 0.1443273011 0.4814306166 -0.001637600034 0.03705987673 0.2513464292 -0.9972746427 -0.02776940005 -0.06835310897 0.01398507794 0.8385138628 -0.5447007615 0.07244104279 -0.5441721808 -0.8358402556 8.168586545e-05 -0.4300076463 0
0.5930743028 0.2617118284 -0.3273710844 -0.01291878525 0.1460114896 0.4807242901 -0.001678733807 0.03751656848 0.2512546687 -0.9971374148 -0.0287933336 -0.06991366065 0.01450343667 0.8346460441 -0.5505957059 0.07420664613 -0.5500335671 -0.8318391964 8.4134028e-05 -0.4354035423 0
0.5996075365 0.2645948137 -0.3309773641 -0.01319882523 0.1475046389 0.4800896818 -0.001715718419 0.03792225573 0.2511721645 -0.9970112114 -0.02972325863 -0.07131039335 0.01497434841 0.8311761096 -0.5558075599 0.07579190718 -0.5552141953 -0.8282468135 8.635054999e-05 -0.4401998942 0
0.6069574244 0.2678381722 -0.3350344287 -0.01351721641 0.1491799889 0.4793681644 -0.001757799647 0.03837835688 0.2510782915 -0.9968643767 -0.03079182736 -0.07289223444 0.01551563711 0.8272369042 -0.5616390026 0.07759303757 -0.5610088838 -0.8241652461 8.88900724e-05 -0.4455957902 0
0.6134906581 0.2707211576 -0.3386407084 -0.01380319569 0.1506651992 0.4787200968 -0.001795625781 0.0387835132 0.2509939111 -0.9967294501 -0.03176172353 -0.07430744325 0.01600709728 0.8237040901 -0.5667939174 0.07920969664 -0.5661296361 -0.8205017118 9.118869536e-05 -0.4503921421 0
0.620840546 0.2739645161 -0.342697773 -0.01412824667 0.1523315254 0.4779834874 -0.001838652971 0.03923901034 0.250897929 -0.9965725936 -0.03287558594 -0.07590956213 0.01657168732 0.8196947978 -0.5725607546 0.08104594347 -0.5718563057 -0.8163405666 9.382158996e-05 -0.4557880381 0
0.6273737797 0.2768475015 -0.3463040527 -0.0144201261 0.1538086327 0.4773220493 -0.001877319288 0.03964362382 0.2508116754 -0.9964285722 -0.03388602769 -0.07734234086 0.01708402138 0.8161002689 -0.5776577596 0.08269363201 -0.5769160148 -0.8126067161 9.620411105e-05 -0.46058439 0
0.6347236676 0.28009086 -0.3503611173 -0.01475179237 0.1554657512 0.4765704488 -0.001921290916 0.04009850359 0.2507135876 -0.9962612725 -0.03504581766 -0.07896371032 0.0176722736 0.8120222108 -0.5833589117 0.08456457668 -0.58257336 -0.8083669418 9.893240899e-05 -0.465980286 0
0.6412569013 0.2829738454 -0.3539673969 -0.01504953198 0.1569345924 0.4758957307 -0.001960796044 0.04050256235 0.2506254639 -0.9961077792 -0.03609735738 -0.08041313912 0.01820579756 0.8083671509 -0.5883970584 0.08624291907 -0.5875708724 -0.8045636263 0.0001014006418 -0.4707766379 0
0.6486067892 0.2862172039 -0.3580244616 -0.01538776814 0.1585823205 0.4751292419 -0.002005710552 0.04095681138 0.2505252741 -0.9959296094 -0.03730368379 -0.08205271689 0.01881806211 0.8042216688 -0.5940314705 0.08814813504 -0.5931576035 -0.8002461894 0.0001042263924 -0.4761725339 0
0.6551400229 0.2891001893 -0.3616307412 -0.01569132718 0.1600427342 0.4744413362 -0.002046053092 0.04136030357 0.2504352834 -0.9957662619 -0.03839685147 -0.08351786275 0.0193730824 0.8005072795 -0.5990098322 0.08985674866 -0.59809178 -0.796374276 0.0001067821664 -0.4809688858 0
0.6624899108 0.2923435478 -0.3656878058 -0.01603608695 0.1616808907 0.473660064 -0.002091908887 0.04181390854 0.2503329951 -0.995576789 -0.03965029785 -0.08517459194 0.02000969856 0.7962957354 -0.6045764747 0.09179580161 -0.6036066233 -0.7919801608 0.0001097074364 -0.4863647818 0
0.6690231444 0.2952265332 -0.3692940855 -0.01634542389 0.1631327164 0.4729590648 -0.002133087409 0.04221682231 0.2502411408 -0.9954032001 -0.0407856008 -0.08665450908 0.02058651188 0.7925232361 -0.6094941474 0.09353429694 -0.6084763389 -0.7880405322 0.0001123525965 -0.4911611337 0
0.6763730323 0.2984698917 -0.3733511501 -0.01669666012 0.1647611218 0.4721631161 -0.002179882867 0.04266976992 0.2501367577 -0.9952019857 -0.04208672494 -0.08832731872 0.02124780792 0.7882470115 -0.6149920158 0.09550674483 -0.6139180373 -0.7835707404 0.0001153794699 -0.4965570297 0
0.6837229202 0.3017132502 -0.3774082147 -0.01705130569 0.1663842926 0.4713594414 -0.002227175125 0.04312236414 0.2500312672 -0.9949943759 -0.04341330721 -0.09000820332 0.02192229887 0.78393711 -0.6204530766 0.09749669081 -0.6193205085 -0.7790612961 0.0001184609825 -0.5019529256 0
0.6902561539 0.3045962356 -0.3810144944 -0.01736939736 0.1678226764 0.4706386028 -0.002269629373 0.04352437043 0.2499365691 -0.9948043638 -0.04461398111 -0.09150885466 0.02253299412 0.7800781341 -0.625276234 0.09928011869 -0.6240894947 -0.7750198453 0.0001212464527 -0.5067492776 0
0.6976060418 0.3078395941 -0.385071559 -0.0177304456 0.1694358241 0.4698204188 -0.002317858743 0.04397628698 0.2498289896 -0.9945843319 -0.04598904376 -0.09320415569 0.02323264534 0.7757057016 -0.6306670348 0.1013027688 -0.6294169305 -0.7704362898 0.0001244327874 -0.5121451735 0
0.7041392755 0.3107225795 -0.3886778387 -0.01805420671 0.1708652201 0.4690867324 -0.002361145224 0.04437768502 0.2497324363 -0.9943830778 -0.0472330327 -0.09471713227 0.02386583979 0.7717917753 -0.6354273186 0.103115063 -0.6341186768 -0.766329425 0.0001273123753 -0.5169415255 0
0.7114891634 0.313965938 -0.3927349033 -0.01842160831 0.1724681689 0.4682541509 -0.002410309996 0.04482891067 0.2496227718 -0.9941501725 -0.04865706699 -0.09642574546 0.02459095102 0.7673582401 -0.6407469208 0.1051699562 -0.6393698626 -0.7616728032 0.0001306056567 -0.5223374214 0
0.7180223971 0.3168489234 -0.396341183 -0.01875099465 0.1738884215 0.467507717 -0.002454427175 0.04522968869 0.2495243669 -0.9939372732 -0.04994479575 -0.0979500602 0.025246906 0.7633906409 -0.6454435088 0.1070107035 -0.6440032971 -0.7575014605 0.0001335812576 -0.5271337734 0
0.725372285 0.3200922819 -0.4003982476 -0.01912469943 0.1754809969 0.4666608515 -0.002504525607 0.04568021023 0.2494126213 -0.9936910384 -0.05141826609 -0.09967086904 0.02599776544 0.7588974489 -0.6506910006 0.1090973713 -0.6491770359 -0.752772834 0.0001369836256 -0.5325296693 0
0.7319055187 0.3229752673 -0.4040045273 -0.01945966603 0.1768919519 0.465901772 -0.002549471919 0.04608035651 0.2493123683 -0.9934660865 -0.05275013542 -0.1012055242 0.02667673196 0.7548774697 -0.6553230941 0.110966152 -0.6537411023 -0.7485379645 0.0001400571484 -0.5373260212 0
0.7392554066 0.3262186258 -0.4080615919 -0.019839623 0.1784739813 0.4650407383 -0.002600502235 0.04653016075 0.2491985457 -0.9932060617 -0.05427347905 -0.1029374005 0.02745361617 0.7503260837 -0.6604975906 0.1130841187 -0.6588362146 -0.7437384113 0.0001435707577 -0.5427219172 0
0.7457886403 0.3291016112 -0.4116678715 -0.02018012416 0.1798754858 0.4642691167 -0.002646276088 0.04692966359 0.2490964482 -0.992968646 -0.05564986545 -0.1044813882 0.02815583483 0.746255032 -0.6650644151 0.1149805069 -0.6633298725 -0.7394409803 0.0001467441242 -0.5475182691 0
0.7531385282 0.3323449697 -0.4157249362 -0.02056628149 0.1814467981 0.4633940322 -0.002698236477 0.04737873737 0.2489805527 -0.9926943665 -0.05722349215 -0.1062231925 0.02895900857 0.7416469309 -0.6701650586 0.1171292896 -0.6683451966 -0.7345715946 0.0001503711443 -0.5529141651 0
0.7596717618 0.3352279551 -0.4193312158 -0.02091227077 0.1828387007 0.4626099738 -0.002744836247 0.04777758508 0.2488766145 -0.9924440721 -0.05864474758 -0.1077754951 0.02968470943 0.7375261284 -0.6746658639 0.119052853 -0.6727674215 -0.7302125819 0.0001536462892 -0.557710517 0
0.7670216497 0.3384713136 -0.4233882804 -0.0213045758 0.1843991263 0.4617209577 -0.002797724868 0.04822591528 0.2487586502 -0.9921550692 -0.06026903943 -0.1095260775 0.03051442555 0.732862807 -0.6796918243 0.1212319619 -0.6777018143 -0.7252744738 0.0001573889035 -0.563106413 0
0.7735548834 0.341354299 -0.4269945601 -0.02165600604 0.185781277 0.4609245693 -0.002845148903 0.0486240962 0.2486528751 -0.9918914776 -0.0617354911 -0.1110856684 0.03126382804 0.7286935891 -0.6841258848 0.1231822619 -0.682051598 -0.720854873 0.0001607677738 -0.5679027649 0
0.7809047713 0.3445976575 -0.4310516247 -0.02205440532 0.1873306481 0.4600217428 -0.002898963879 0.04907166972 0.2485328463 -0.9915872788 -0.06341080217 -0.1128438687 0.03212032736 0.723976557 -0.6890763597 0.1253912002 -0.6869039344 -0.7158491683 0.0001646281798 -0.5732986609 0
0.7882546592 0.347841016 -0.4351086893 -0.02245600905 0.1888740994 0.4591116546 -0.002953268509 0.04951883735 0.2484117264 -0.9912748426 -0.06511325715 -0.1146056291 0.03299109939 0.719231706 -0.6939865564 0.1276157272 -0.6917123802 -0.7108081382 0.0001685518402 -0.5786945568 0
0.7947878929 0.3507240014 -0.438714969 -0.02281566791 0.1902410489 0.4582966191 -0.003001949921 0.04991597598 0.2483031492 -0.9909900979 -0.06664940846 -0.1161743611 0.03377715139 0.7149910534 -0.6983171898 0.1296060564 -0.6959494593 -0.7062978269 0.0001720931435 -0.5834909088 0
0.8021377808 0.3539673599 -0.4427720336 -0.02322328257 0.1917731922 0.4573729093 -0.003057177974 0.05036236695 0.2481799714 -0.9906617365 -0.06840336953 -0.1179419471 0.03467505144 0.7101948284 -0.7031507282 0.1318596399 -0.7006741645 -0.7011909516 0.0001761379825 -0.5888868047 0
0.8086710145 0.3568503453 -0.4463783133 -0.02358825992 0.1931300173 0.4565458214 -0.003106679341 0.05075880943 0.248069567 -0.9903626227 -0.06998543271 -0.1195153325 0.03548531193 0.7059091951 -0.7074128928 0.1338755696 -0.7048363267 -0.696622627 0.0001797879903 -0.5936831567 0
0.8160209024 0.3600937038 -0.4504353779 -0.02400183005 0.1946506891 0.4556086157 -0.003162828859 0.05120441072 0.247944336 -0.9900178552 -0.0717911821 -0.121287561 0.03641054992 0.7010631409 -0.712169042 0.1361576959 -0.7094762143 -0.6914510707 0.0001839562391 -0.5990790526 0
0.8225541361 0.3629766892 -0.4540416576 -0.02437207624 0.1959972452 0.4547695879 -0.003213148424 0.05160014548 0.2478321084 -0.9897039436 -0.07341939526 -0.1228645447 0.0372452 0.6967339059 -0.7163621008 0.1381987664 -0.7135625108 -0.6868257743 0.0001877169405 -0.6038754046 0
0.829904024 0.3662200477 -0.4580987222 -0.02479154558 0.1975062836 0.4538190138 -0.003270217415 0.0520449441 0.2477048285 -0.9893422864 -0.07527718641 -0.1246402248 0.03819797345 0.6918395801 -0.7210401585 0.1405089152 -0.718116523 -0.681590716 0.0001920108434 -0.6092713005 0
0.8364372577 0.3691030331 -0.4617050019 -0.02516701026 0.1988424276 0.4529681602 -0.003321353393 0.0524399596 0.2475907818 -0.9890131457 -0.07695176197 -0.1262197446 0.03905718315 0.6874681335 -0.7251635001 0.1425746612 -0.7221260221 -0.6769095022 0.0001958842389 -0.6140676525 0
0.8437871456 0.3723463916 -0.4657620665 -0.0255923218 0.2003396726 0.4520043469 -0.003379339833 0.05288394258 0.2474614577 -0.9886341123 -0.07886181933 -0.1279976776 0.04003767711 0.6825271059 -0.729762793 0.144912306 -0.7265931208 -0.6716121354 0.0002003060528 -0.6194635484 0
0.8503203792 0.375229377 -0.4693683461 -0.02597295395 0.201665263 0.4511417831 -0.003431290411 0.05327822733 0.247345596 -0.9882893092 -0.08058294384 -0.1295786649 0.04092160533 0.6781148481 -0.7338158318 0.1470022567 -0.7305249085 -0.6668760714 0.0002042941542 -0.6242599004 0
0.8576702671 0.3784727355 -0.4734254108 -0.0264040499 0.2031505564 0.4501648615 -0.003490192242 0.05372138174 0.2472142325 -0.9878924109 -0.08254546267 -0.1313576454 0.04192999224 0.6731287001 -0.7383357156 0.1493668643 -0.7349040752 -0.6615176038 0.0002088461486 -0.6296557963 0
0.8642035008 0.3813557208 -0.4770316904 -0.02678979782 0.2044654533 0.4492907047 -0.003542955576 0.05411492425 0.24709656 -0.9875315101 -0.08431329667 -0.1329390259 0.04283878667 0.6686770415 -0.7423178918 0.1514805432 -0.7387572552 -0.6567277692 0.0002129509789 -0.6344521483 0
0.8715533887 0.3845990794 -0.481088755 -0.02722661965 0.2059386386 0.4483008075 -0.003602770708 0.0545572372 0.2469631616 -0.9871162561 -0.08632844288 -0.134717842 0.04387522634 0.663647365 -0.7467577515 0.1538715748 -0.7430474917 -0.6513094223 0.0002176354357 -0.6398480442 0
0.8780866224 0.3874820647 -0.4846950347 -0.02761743098 0.2072427039 0.4474151763 -0.003656344926 0.05495002602 0.2468436826 -0.9867388202 -0.08814312075 -0.136298536 0.04480902337 0.6591577255 -0.7506685316 0.1560085 -0.7468211856 -0.6464669092 0.0002218590285 -0.6446443962 0
0.8854365103 0.3907254233 -0.4887520993 -0.02805991943 0.2087036264 0.4464124379 -0.003717071238 0.05539148464 0.2467082543 -0.9863047178 -0.09021103074 -0.1380759701 0.04587366286 0.6540861227 -0.7550277817 0.1584254104 -0.7510215137 -0.6409899183 0.0002266782419 -0.6500402921 0
0.8927863982 0.3939687818 -0.4928091639 -0.02850538359 0.2101579949 0.445402956 -0.003778279068 0.05583248578 0.2465717533 -0.9858604368 -0.09230691959 -0.139852178 0.04695328685 0.6489929756 -0.7593441291 0.1608557986 -0.7551738543 -0.6354823852 0.0002315697298 -0.655436188 0
0.8993196319 0.3968517672 -0.4964154436 -0.02890383619 0.2114452303 0.4445000086 -0.003833089774 0.05622409982 0.2464495197 -0.9854568632 -0.09419344105 -0.1414297223 0.04792556112 0.6444480134 -0.7631447429 0.1630273329 -0.7588243234 -0.6305614443 0.0002359789179 -0.66023254 0
0.9066695198 0.4000951257 -0.5004725082 -0.0293548749 0.2128871033 0.4434778941 -0.003895205474 0.05666422702 0.2463109963 -0.9849929773 -0.09634224487 -0.1432026763 0.04903358507 0.6393154086 -0.7673796426 0.165482755 -0.7628852995 -0.6249971821 0.0002410086943 -0.6656284359 0
0.9132027535 0.4029781111 -0.5040787879 -0.02975825557 0.2141631647 0.4425637791 -0.0039508222 0.05705505855 0.2461869672 -0.9845717567 -0.09827583241 -0.1447767824 0.05003115613 0.6347360941 -0.7711076282 0.1676762934 -0.7664541419 -0.6200263777 0.0002455418372 -0.6704247879 0
0.9205526414 0.4062214696 -0.5081358525 -0.0302148077 0.2155923922 0.4415291704 -0.004013843565 0.05749429903 0.2460464264 -0.9840877696 -0.1004776123 -0.1465452531 0.05116769461 0.6295656565 -0.7752605699 0.1701561895 -0.7704228278 -0.6144066549 0.0002507122263 -0.6758206838 0
0.9270858751 0.4091044549 -0.5117421322 -0.03062306181 0.2168571472 0.4406040115 -0.004070264336 0.0578843367 0.2459206063 -0.9836484604 -0.102458307 -0.1481148263 0.05219065853 0.6249534376 -0.7789154871 0.1723712319 -0.7739092299 -0.6093871202 0.0002553713953 -0.6806170358 0
0.934435763 0.4123478135 -0.5157991968 -0.03108506556 0.2182735812 0.4395570487 -0.004134189131 0.05832267773 0.2457780532 -0.9831438749 -0.1047130941 -0.1498775806 0.05335581313 0.6197467998 -0.7829859905 0.1748750367 -0.7777847209 -0.603713218 0.0002606847334 -0.6860129317 0
0.9409689966 0.4152307988 -0.5194054765 -0.03149813784 0.2195268992 0.4386209712 -0.004191411944 0.05871191023 0.2456504467 -0.9826860348 -0.1067409102 -0.1514415234 0.05440425446 0.6151031311 -0.7865674257 0.1771110782 -0.7811878879 -0.5986460973 0.0002654720103 -0.6908092837 0
0.9483188845 0.4184741574 -0.5234625411 -0.0319655307 0.2209303938 0.4375617959 -0.004256237898 0.05914933909 0.2455058864 -0.9821603532 -0.1090487058 -0.153197325 0.05559811378 0.609861933 -0.7905550408 0.1796382208 -0.7849693003 -0.5929193091 0.0002709306451 -0.6962051796 0
0.9548521182 0.4213571427 -0.5270688207 -0.03238336528 0.2221721458 0.4366149264 -0.004314260723 0.05953775513 0.245376498 -0.9816835395 -0.1111236309 -0.1547545375 0.05667210546 0.6051882749 -0.7940626074 0.1818947517 -0.7882884565 -0.5878057576 0.0002758481218 -0.7010015316 0
0.9622020061 0.4246005013 -0.5311258854 -0.03285608404 0.2235625568 0.4355436819 -0.004379985534 0.05997425916 0.2452299358 -0.9811362634 -0.1134844057 -0.1565021479 0.05789474503 0.5999141626 -0.7979669141 0.184444656 -0.7919749284 -0.5820273891 0.0002814544126 -0.7063974275 0
0.9687352398 0.4274834866 -0.534732165 -0.03327862445 0.2247926157 0.4345861484 -0.00443880631 0.06036184751 0.2450987703 -0.9806400331 -0.1156064006 -0.1580515281 0.05899434841 0.5952119811 -0.8014002523 0.1867211618 -0.7952093169 -0.5768685726 0.0002865041916 -0.7111937795 0
0.9760851277 0.4307268452 -0.5387892296 -0.03375660525 0.2261698011 0.4335029794 -0.004505427646 0.06079741406 0.2449502114 -0.9800706641 -0.1180200955 -0.1597897068 0.06024583068 0.5899066066 -0.8052208612 0.1892932466 -0.7988000079 -0.571039941 0.0002922605092 -0.7165896754 0
