0.005011378495 0.005462051763 -0.001112776595 -2.326648351e-06 0.001277895665 0.5099978653 -2.916700342e-07 0.0003181039263 0.2549997356 -0.9999999999 -4.449273701e-08 -1.35496837e-05 2.307028406e-08 0.9999875684 -0.004986276394 1.354973711e-05 -0.004986276394 -0.9999875684 2.947743367e-08 -0.001479992871 0
0.009691320072 0.01056286049 -0.002151957622 -8.701195853e-06 0.002471244299 0.5099920167 -1.095289566e-06 0.0006160167404 0.2549990069 -0.9999999987 -3.250142987e-07 -5.067225942e-05 1.636099229e-07 0.9999535097 -0.009642536507 5.067303761e-05 -0.009642536503 -0.9999535084 7.493328415e-08 -0.002862103637 0
0.01437126165 0.01566366921 -0.003191138649 -1.913363621e-05 0.003664533722 0.5099824451 -2.417144496e-06 0.0009145909326 0.2549978084 -0.9999999938 -1.061273174e-06 -0.0001114236243 5.320080918e-07 0.9998977735 -0.01429833918 0.0001114274083 -0.01429833915 -0.9998977673 9.670934543e-08 -0.004244214403 0
0.01905120323 0.02076447793 -0.004230319676 -3.362366948e-05 0.004857735344 0.5099691506 -4.258423489e-06 0.001213450497 0.2549961387 -0.9999999808 -2.473260267e-06 -0.0001957982617 1.238239256e-06 0.999820367 -0.01895346356 0.0001958099668 -0.01895346344 -0.9998203478 8.541702412e-08 -0.005626325169 0
0.0237311448 0.02586528665 -0.005269500703 -5.217087905e-05 0.006050820578 0.5099521337 -6.618667058e-06 0.001512386734 0.2549939984 -0.9999999538 -4.780867551e-06 -0.0003037885104 2.392209633e-06 0.9997212997 -0.0236076889 0.0003038167097 -0.02360768854 -0.9997212535 4.540310775e-08 -0.007008435936 0
0.02907964946 0.03169478234 -0.006457136163 -7.833497155e-05 0.007414167375 0.5099281284 -9.950769354e-06 0.001854019092 0.2549909768 -0.9999998959 -8.796712539e-06 -0.000456110336 4.400151566e-06 0.9995815725 -0.02892541962 0.0004561739355 -0.02892541861 -0.9995814684 3.858154483e-08 -0.008587991097 0
0.03375959104 0.03679559106 -0.00749631719 -0.000105574185 0.008606906958 0.5099031367 -1.342121034e-05 0.002152910744 0.2549878297 -0.999999811 -1.376330603e-05 -0.0006146696996 6.883205368e-06 0.9994361344 -0.03357697549 0.0006147852386 -0.03357697338 -0.9994359454 1.273969327e-07 -0.009970101863 0
0.03843953262 0.04189639978 -0.008535498217 -0.0001368685062 0.009799440334 0.5098744245 -1.740921276e-05 0.002451761859 0.2549842132 -0.9999996823 -2.031560555e-05 -0.0007968066447 1.015872586e-05 0.9992690834 -0.03822693922 0.0007970008489 -0.03822693517 -0.9992687658 2.375883646e-07 -0.01135221263 0
0.04311947419 0.04699720851 -0.009574679245 -0.0001722170352 0.01099173894 0.5098419926 -2.191458775e-05 0.002750572627 0.2549801276 -0.9999994971 -2.867275051e-05 -0.001002504637 1.433610012e-05 0.9990804404 -0.04287509056 0.001002812121 -0.04287508337 -0.9990799375 3.663370655e-07 -0.0127343234 0
0.04779941577 0.05209801723 -0.01061386027 -0.0002116187559 0.01218377421 0.5098058419 -2.693720094e-05 0.00304934469 0.2549755729 -0.9999992406 -3.905361605e-05 -0.001231745007 1.952453293e-05 0.9988702289 -0.04752120951 0.001232209292 -0.04752119747 -0.9988694697 5.127663698e-07 -0.01411643416 0
0.05247935735 0.05719882595 -0.0116530413 -0.0002550725355 0.0133755176 0.5097659735 -3.247694928e-05 0.003348079681 0.2549705492 -0.9999988968 -5.167678106e-05 -0.001484506947 2.583302472e-05 0.9986384752 -0.05216507624 0.001485181477 -0.05216505704 -0.9986373722 6.764247564e-07 -0.01549854493 0
0.05715929892 0.06229963468 -0.01269222233 -0.0003025771247 0.01456694056 0.5097223885 -3.853374734e-05 0.003646778786 0.2549650567 -0.9999984476 -6.67604961e-05 -0.00176076752 3.337034944e-05 0.9983852081 -0.0568064712 0.001761716675 -0.05680644177 -0.998383656 8.570734856e-07 -0.01688065569 0
0.0618392405 0.0674004434 -0.01373140335 -0.0003541311578 0.01575801457 0.5096750882 -4.510751928e-05 0.003945442671 0.2549590954 -0.9999978736 -8.452265147e-05 -0.00206050166 4.224503258e-05 0.9981104592 -0.06144517507 0.002061801767 -0.06144513145 -0.9981083332 1.054601988e-06 -0.01826276646 0
0.06651918208 0.07250125212 -0.01477058438 -0.0004097331528 0.01694871111 0.5096240739 -5.219819398e-05 0.004244071533 0.2549526653 -0.9999971535 -0.0001051807453 -0.002383682173 5.256532913e-05 0.9978142627 -0.06608096883 0.002385422515 -0.06608090603 -0.9978114169 1.268983317e-06 -0.01964487723 0
0.07119912365 0.07760206085 -0.01580976541 -0.0004693815113 0.01813900166 0.5095693471 -5.980570206e-05 0.004542665176 0.2549457665 -0.9999962645 -0.0001289518518 -0.002730279743 6.443920164e-05 0.9974966556 -0.07071363376 0.002732563567 -0.07071354555 -0.9974929211 1.500248222e-06 -0.02102698799 0
0.07587906523 0.08270286957 -0.01684894643 -0.0005330745186 0.01932885774 0.5095109094 -6.7929974e-05 0.004841223086 0.2549383991 -0.999995182 -0.0001560525892 -0.003100262937 7.79742983e-05 0.9971576774 -0.0753429515 0.003103208452 -0.07534283024 -0.9971528609 1.748469205e-06 -0.02240909876 0
0.08055900681 0.08780367829 -0.01788812746 -0.0006008103438 0.02051825086 0.5094487624 -7.657093892e-05 0.005139744495 0.2549305631 -0.9999938799 -0.0001866990884 -0.003493598203 9.327793108e-05 0.9967973704 -0.07996870401 0.003497339586 -0.07996854047 -0.9967912525 2.013750374e-06 -0.02379120952 0
0.08590751147 0.09363317397 -0.01907576292 -0.0006831706018 0.02187695388 0.5093731977 -8.70789189e-05 0.005480865877 0.254921034 -0.9999920873 -0.0002263419694 -0.003971672755 0.0001130705347 0.9963595318 -0.08525063355 0.003976509803 -0.08525040806 -0.9963516223 2.33798535e-06 -0.02537076469 0
0.09058745305 0.0987339827 -0.02011494395 -0.000759562903 0.02306525912 0.5093031085 -9.682683373e-05 0.00577930561 0.2549121942 -0.999990219 -0.0002653118606 -0.004414925395 0.0001325235505 0.9959536749 -0.08986801392 0.004420904221 -0.08986772 -0.9959438983 2.640284571e-06 -0.02675287545 0
0.09526739462 0.1038347914 -0.02115412498 -0.0008399915121 0.02425301199 0.5092293161 -0.0001070912026 0.006077705306 0.2549028861 -0.9999880383 -0.0003085032551 -0.004881410945 0.0001540799365 0.9955266391 -0.09448114641 0.004888722374 -0.09448076837 -0.9955146834 2.960114259e-06 -0.02813498622 0
0.0999473362 0.1089356001 -0.022193306 -0.0009244541173 0.02544018407 0.5091518225 -0.0001178719428 0.006376063596 0.2548931096 -0.9999855122 -0.0003561299275 -0.005371087142 0.0001778453801 0.9950784778 -0.09908981471 0.005379942066 -0.09908933434 -0.995063998 3.297658213e-06 -0.02951709698 0
0.1046272778 0.1140364089 -0.02323248703 -0.001012948291 0.02662674698 0.50907063 -0.0001291689685 0.006674379033 0.254882865 -0.9999826063 -0.0004084050031 -0.005883909629 0.0002039251206 0.9946092467 -0.103693803 0.005894539992 -0.1036931993 -0.9945918634 3.653113473e-06 -0.03089920775 0
0.1093072194 0.1191372176 -0.02427166806 -0.001105471491 0.02781267234 0.5089857408 -0.0001409821899 0.006972650103 0.2548721523 -0.9999792843 -0.0004655409262 -0.006419831969 0.0002324239282 0.9941190043 -0.1082928959 0.006432491739 -0.1082921447 -0.9940983022 4.026689165e-06 -0.03228131852 0
0.1139871609 0.1242380263 -0.02531084908 -0.001202021056 0.02899793179 0.5088971576 -0.0001533115135 0.007270875241 0.2548609715 -0.9999755086 -0.0005277494296 -0.00697880564 0.0002634460823 0.9936078116 -0.1128868787 0.006993771785 -0.1128859525 -0.9935833377 4.418605595e-06 -0.03366342928 0
0.1186671025 0.129338835 -0.02635003011 -0.001302594214 0.03018249701 0.5088048827 -0.0001661568423 0.007569052838 0.2548493228 -0.9999712397 -0.000595241503 -0.007560780052 0.0002970953501 0.9930757322 -0.117475537 0.007578353501 -0.1174744047 -0.9930469943 4.829093546e-06 -0.03504554005 0
0.1233470441 0.1344396438 -0.02738921114 -0.001407188074 0.03136633966 0.5087089189 -0.000179518075 0.00786718125 0.2548372063 -0.9999664368 -0.0006682273625 -0.008165702544 0.0003334749657 0.9925228325 -0.1220586572 0.008186209153 -0.1220572836 -0.9924892974 5.258393705e-06 -0.03642765081 0
0.1280269857 0.1395404525 -0.02842839217 -0.00151579963 0.03254943148 0.5086092688 -0.0001933951069 0.008165258803 0.2548246219 -0.9999610573 -0.0007469164194 -0.008793518399 0.0003726876083 0.9919491812 -0.1266360261 0.008817309902 -0.1266343718 -0.9919102736 5.706756175e-06 -0.03780976158 0
0.1327069272 0.1446412612 -0.02946757319 -0.001628425761 0.03373174419 0.5085059355 -0.0002077878291 0.008463283797 0.25481157 -0.9999550571 -0.00083151725 -0.009444170842 0.0004148353815 0.9913548496 -0.1312074312 0.009471625808 -0.1312054521 -0.9913099503 6.174440076e-06 -0.03919187235 0
0.1373868688 0.1497420699 -0.03050675422 -0.001745063233 0.03491324956 0.5083989217 -0.0002226961287 0.008761254514 0.2547980504 -0.9999483905 -0.0009222375644 -0.01011760106 0.0004600197924 0.9907399119 -0.1357726606 0.01014912583 -0.1357703077 -0.990688356 6.66171318e-06 -0.04057398311 0
0.1427353735 0.1555715656 -0.03169438968 -0.001883270741 0.03626251662 0.5082721177 -0.000240365355 0.009101723784 0.2547820272 -0.9999398948 -0.001033676428 -0.01091504857 0.0005155068425 0.990011992 -0.1409822327 0.01095175899 -0.1409793857 -0.9899519543 7.24293807e-06 -0.04215353827 0
0.1474153151 0.1606723743 -0.03273357071 -0.002008492509 0.03744219699 0.508157228 -0.0002563780655 0.009399572323 0.2547675061 -0.9999316391 -0.001138205147 -0.01163708076 0.0005675372431 0.9893531589 -0.1455335181 0.01167882961 -0.1455301737 -0.9892848798 7.773128112e-06 -0.04353564904 0
0.1520952566 0.1657731831 -0.03377275173 -0.002137714698 0.03862098143 0.5080386679 -0.0002729059734 0.009697361077 0.2547525178 -0.9999225632 -0.001249500177 -0.01238169262 0.0006229191853 0.9886739685 -0.1500779662 0.01242897963 -0.1500740575 -0.9885966305 8.323801889e-06 -0.04491775981 0
0.1567751982 0.1708739918 -0.03481193276 -0.002270933596 0.03979884181 0.5079164409 -0.0002899489495 0.009995088271 0.2547370624 -0.9999126151 -0.001367765319 -0.01314881694 0.0006817514817 0.9879745053 -0.1546153681 0.01320217345 -0.1546108213 -0.9878872388 8.895259931e-06 -0.04629987057 0
0.1614551398 0.1759748005 -0.03585111379 -0.002408145377 0.04097575004 0.5077905504 -0.0003075068606 0.01029275212 0.25472114 -0.9999017411 -0.001493203353 -0.0139383845 0.000744132242 0.9872548562 -0.1591455155 0.0139983744 -0.15914025 -0.9871567385 9.487810027e-06 -0.04768198134 0
0.1661350814 0.1810756092 -0.03689029482 -0.0025493461 0.04215167805 0.5076610002 -0.0003255795695 0.01059035083 0.2547047507 -0.9998898859 -0.001626016007 -0.01475032408 0.0008101588516 0.9865151107 -0.1636682008 0.01481754471 -0.1636621287 -0.9864051642 1.010176701e-05 -0.04906409211 0
0.1708150229 0.1861764179 -0.03792947584 -0.002694531709 0.0433265978 0.5075277938 -0.0003441669352 0.0108878826 0.2546878948 -0.999876993 -0.001766403928 -0.01558456247 0.0008799279522 0.9857553607 -0.1681832172 0.0156596455 -0.1681762428 -0.9856325516 1.073745252e-05 -0.05044620287 0
0.1754949645 0.1912772267 -0.03896865687 -0.002843698035 0.04450048129 0.5073909352 -0.0003632688124 0.01118534563 0.2546705722 -0.9998630042 -0.001914566655 -0.0164410245 0.000953535421 0.9849757006 -0.172690359 0.01652463683 -0.1726823782 -0.9848389374 1.139519484e-05 -0.05182831364 0
0.1801749061 0.1963780354 -0.0400078379 -0.002996840795 0.04567330056 0.5072504282 -0.0003828850521 0.0114827381 0.2546527831 -0.9998478597 -0.002070702588 -0.017319633 0.001031076351 0.9841762271 -0.177189421 0.01741247765 -0.1771803212 -0.9840243592 1.207532866e-05 -0.0532104244 0
0.1848548477 0.2014788441 -0.04104701892 -0.003153955591 0.04684502765 0.5071062769 -0.000403015501 0.0117800582 0.2546345278 -0.9998314983 -0.002235008957 -0.01822030886 0.00111264503 0.9833570396 -0.1816801989 0.01832312586 -0.1816698582 -0.9831888555 1.277819487e-05 -0.05459253517 0
0.1895347892 0.2065796528 -0.04208619995 -0.003315037912 0.04801563468 0.5069584855 -0.0004236600021 0.01207730413 0.2546158062 -0.9998138575 -0.002407681796 -0.01914297103 0.001198334923 0.9825182398 -0.1861624894 0.01925653824 -0.1861507764 -0.9823324662 1.35041404e-05 -0.05597464594 0
0.1948832939 0.2124091485 -0.04327383541 -0.00350398425 0.04935206402 0.5067851291 -0.0004478829623 0.01241692057 0.2545938395 -0.9997920476 -0.002615516683 -0.02022425751 0.001301431388 0.98153573 -0.1912744548 0.02035111288 -0.1912609993 -0.9813282134 1.436250565e-05 -0.0575542011 0
0.1995632355 0.2175099572 -0.04431301644 -0.003673552693 0.05052017711 0.5066295517 -0.000469628456 0.01271400139 0.2545741195 -0.9997714474 -0.002806772047 -0.02119375119 0.001396263229 0.9806552574 -0.1957378775 0.02133315513 -0.1957227331 -0.980427207 1.513910206e-05 -0.05893631186 0
0.2042431771 0.222610766 -0.04535219747 -0.003847073744 0.05168708268 0.5064703479 -0.0004918874819 0.01301100229 0.2545539337 -0.9997493613 -0.003007001874 -0.02218496382 0.001495504444 0.9797555076 -0.2001921795 0.02233781875 -0.2001751813 -0.9795054459 1.593990534e-05 -0.06031842263 0
0.2089231186 0.2277115747 -0.04639137849 -0.004024542424 0.05285275297 0.5063075221 -0.0005146598664 0.01330792145 0.2545332824 -0.9997257207 -0.003216396934 -0.02319780637 0.001599244874 0.9788365924 -0.2046371615 0.02336505607 -0.2046181328 -0.9785629739 1.676528547e-05 -0.0617005334 0
0.2136030602 0.2328123834 -0.04743055952 -0.004205953639 0.05401716028 0.5061410791 -0.0005379454318 0.01360475704 0.2545121656 -0.9997004556 -0.003435146652 -0.0242321879 0.001707573435 0.9778986255 -0.2090726249 0.02441481837 -0.2090513766 -0.9775998356 1.761561753e-05 -0.06308264416 0
0.2182830018 0.2379131921 -0.04846974055 -0.004391302182 0.05518027694 0.5059710237 -0.0005617439963 0.01390150722 0.2544905837 -0.9996734944 -0.003663439085 -0.02528801561 0.001820578101 0.9769417233 -0.213498372 0.02548705583 -0.2134747024 -0.9766160768 1.849128152e-05 -0.06446475493 0
0.2229629434 0.2430140009 -0.04950892157 -0.004580582736 0.05634207532 0.5057973606 -0.0005860553742 0.01419817017 0.2544685366 -0.9996447645 -0.003901460888 -0.02636519482 0.001938345884 0.9759660042 -0.2179142065 0.02658171759 -0.2178879005 -0.975611744 1.939266226e-05 -0.06584686569 0
0.2276428849 0.2481148096 -0.0505481026 -0.004773789868 0.05750252785 0.505620095 -0.0006108793759 0.01449474404 0.2544460247 -0.9996141914 -0.004149397293 -0.02746362897 0.002060962813 0.9749715893 -0.2223199329 0.02769875171 -0.2222907615 -0.9745868851 2.032014918e-05 -0.06722897646 0
0.2323228265 0.2532156183 -0.05158728363 -0.004970918036 0.05866160697 0.5054392318 -0.0006362158077 0.01479122702 0.254423048 -0.9995816996 -0.004407432076 -0.02858321968 0.002188513921 0.9739586015 -0.2267153567 0.0288381052 -0.2266830764 -0.9735415485 2.127413616e-05 -0.06861108723 0
0.2370027681 0.258316427 -0.05262646466 -0.005171961584 0.05981928518 0.5052547764 -0.0006620644719 0.01508761727 0.2543996067 -0.9995472121 -0.004675747534 -0.02972386672 0.002321083219 0.9729271663 -0.2311002847 0.029999724 -0.2310646368 -0.9724757838 2.225502141e-05 -0.06999319799 0
0.2416827097 0.2634172358 -0.05366564568 -0.005376914745 0.06097553504 0.5050667339 -0.0006884251668 0.01538391294 0.2543757011 -0.9995106505 -0.004954524457 -0.03088546803 0.002458753686 0.9718774114 -0.2354745246 0.03118355301 -0.235435235 -0.9713896418 2.32632073e-05 -0.07137530876 0
0.2463626513 0.2685180445 -0.05470482671 -0.005585771641 0.06213032914 0.5048751097 -0.0007152976867 0.01568011221 0.2543513313 -0.9994719354 -0.005243942101 -0.03206791975 0.002601607242 0.9708094666 -0.2398378853 0.03238953605 -0.2397946635 -0.9702831738 2.429910023e-05 -0.07275741952 0
0.2517111559 0.2743475402 -0.05589246217 -0.00582923763 0.06344827615 0.5046517321 -0.0007466355936 0.01601850527 0.254322912 -0.9994249484 -0.005587962452 -0.03344468864 0.002771318756 0.9695668544 -0.2448110182 0.03379485634 -0.2447629252 -0.9689938174 2.55174313e-05 -0.07433697469 0
0.2563910975 0.2794483489 -0.0569316432 -0.006046439358 0.06459985867 0.5044524517 -0.0007746041704 0.01631449178 0.2542975482 -0.9993813439 -0.005900777966 -0.03467146173 0.002925549787 0.9684603788 -0.2491504283 0.03504811832 -0.249097723 -0.9678439718 2.661408275e-05 -0.07571908545 0
0.2610710391 0.2845491576 -0.05797082422 -0.006267525621 0.0657498996 0.5042496072 -0.0008030838999 0.01661037613 0.2542717207 -0.9993353269 -0.006224787298 -0.03591874716 0.003085214315 0.9673361356 -0.2534783662 0.03632335099 -0.253420703 -0.9666739685 2.773974306e-05 -0.07710119622 0
0.2657509806 0.2896499663 -0.05901000525 -0.006492490079 0.06689837172 0.5040432045 -0.00083207456 0.01690615647 0.2542454299 -0.9992868124 -0.006560163072 -0.0371864337 0.003250389705 0.9661942639 -0.2577946456 0.03762049385 -0.2577316601 -0.9654838631 2.889483381e-05 -0.07848330698 0
0.2704309222 0.2947507751 -0.06004918628 -0.006721326284 0.06804524787 0.5038332496 -0.0008615759244 0.01720183097 0.2542186759 -0.999235714 -0.006907076241 -0.03847440839 0.003421152178 0.9650349046 -0.2620990815 0.03893948537 -0.2620303897 -0.9642737118 3.00797799e-05 -0.07986541775 0
0.2751108638 0.2998515838 -0.06108836731 -0.006954027675 0.06919050094 0.5036197484 -0.000891587763 0.0174973978 0.254191459 -0.9991819443 -0.007265696072 -0.03978255653 0.003597576791 0.9638582009 -0.2663914902 0.04028026296 -0.2663166879 -0.9630435723 3.129500943e-05 -0.08124752852 0
0.2797908054 0.3049523925 -0.06212754833 -0.007190587583 0.07033410387 0.503402707 -0.0009221098417 0.01779285513 0.2541637792 -0.9991254145 -0.00763619011 -0.0411107617 0.003779737423 0.9626642978 -0.2706716891 0.04164276302 -0.2705903514 -0.9617935028 3.25409536e-05 -0.08262963928 0
0.2844707469 0.3100532012 -0.06316672936 -0.007430999229 0.07147602967 0.5031821317 -0.0009531419224 0.01808820112 0.254135637 -0.9990660345 -0.00801872416 -0.04245890581 0.003967706756 0.9614533428 -0.2749394969 0.04302692091 -0.2748511774 -0.9605235626 3.381804656e-05 -0.08401175005 0
0.2891506885 0.3151540099 -0.06420591039 -0.007675255723 0.07261625137 0.5029580288 -0.000984683763 0.01838343393 0.2541070324 -0.9990037133 -0.008413462262 -0.04382686905 0.004161556261 0.960225485 -0.2791947338 0.04443267095 -0.2790989638 -0.959233812 3.512672533e-05 -0.08539386082 0
0.2938306301 0.3202548187 -0.06524509141 -0.007923350066 0.07375474209 0.5027304046 -0.001016735117 0.01867855174 0.2540779656 -0.9989383584 -0.008820566662 -0.04521452996 0.00436135618 0.9589808759 -0.2834372211 0.04585994645 -0.283333509 -0.9579243122 3.646742966e-05 -0.08677597158 0
0.2985105717 0.3253556274 -0.06628427244 -0.008175275152 0.07489147497 0.5024992659 -0.001049295736 0.01897355272 0.254048437 -0.9988698763 -0.009240197795 -0.04662176543 0.00456717551 0.9577196687 -0.2876667814 0.0473086797 -0.2875546122 -0.9565951253 3.784060194e-05 -0.08815808235 0
0.3031905133 0.3304564361 -0.06732345347 -0.008431023763 0.07602642323 0.502264619 -0.001082365364 0.01926843503 0.2540184468 -0.9987981722 -0.009672514257 -0.0480484507 0.004779081986 0.9564420187 -0.2918832389 0.04877880198 -0.291762073 -0.9552463144 3.92466871e-05 -0.08954019311 0
0.3085390179 0.3362859318 -0.06851108893 -0.008727980355 0.07732128743 0.5019921643 -0.00112078217 0.01960529573 0.2539836072 -0.9987121565 -0.01018232424 -0.04970260203 0.005028799659 0.9549619153 -0.2966857792 0.05048504283 -0.2965536388 -0.9536808689 4.089451705e-05 -0.09111974827 0
0.3132189595 0.3413867405 -0.06955026996 -0.008991897428 0.07845232159 0.501750023 -0.00115494166 0.0198999176 0.2539526284 -0.9986332242 -0.01064234891 -0.05117053781 0.005253972152 0.953649563 -0.3008735729 0.05200076256 -0.3007311947 -0.9522902232 4.237263924e-05 -0.09250185904 0
0.3178989011 0.3464875492 -0.07058945098 -0.00925961464 0.07958148731 0.5015043951 -0.001189609335 0.02019441505 0.2539211887 -0.9985507649 -0.01111554512 -0.05265752079 0.005485436291 0.9523212687 -0.3050477196 0.05353764869 -0.3048944832 -0.9508801577 4.388508807e-05 -0.09388396981 0
0.3225788426 0.351588358 -0.07162863201 -0.009531124324 0.08070875806 0.5012552877 -0.001224784925 0.02048878626 0.2538892884 -0.9984646794 -0.01160206361 -0.05416341959 0.005723254422 0.9509771957 -0.3092080492 0.05509562833 -0.3090433068 -0.9494507393 4.543231791e-05 -0.09526608057 0
0.3272587842 0.3566891667 -0.07266781304 -0.009806418709 0.08183410736 0.5010027078 -0.001260468157 0.02078302939 0.2538569276 -0.9983748673 -0.01210205317 -0.05568810128 0.005967487549 0.9496175091 -0.313354393 0.05667462755 -0.3131774685 -0.9480020358 4.701478523e-05 -0.09664819134 0
0.3319387258 0.3617899754 -0.07370699406 -0.01008548991 0.08295750877 0.5007466627 -0.00129665875 0.02107714263 0.2538241067 -0.9982812271 -0.01261566058 -0.05723143138 0.006218195323 0.9482423758 -0.3174865835 0.05827457144 -0.3172967724 -0.9465341159 4.863294843e-05 -0.09803030211 0
0.3366186674 0.3668907841 -0.07474617509 -0.01036832995 0.08407893594 0.5004871598 -0.001333356424 0.02137112415 0.2537908258 -0.9981836563 -0.01314303065 -0.05879327387 0.006475436025 0.9468519648 -0.321604455 0.05989538409 -0.3214010228 -0.9450470494 5.028726783e-05 -0.09941241287 0
0.341298609 0.3719915929 -0.07578535612 -0.01065493073 0.08519836257 0.5002242064 -0.001370560892 0.02166497213 0.2537570852 -0.9980820514 -0.01368430616 -0.06037349126 0.00673926655 0.9454464465 -0.3257078431 0.06153698862 -0.3254900252 -0.9435409066 5.197820551e-05 -0.1007945236 0
0.3459785505 0.3770924016 -0.07682453715 -0.01094528404 0.08631576242 0.4999578101 -0.001408271864 0.02195868473 0.2537228853 -0.9979763079 -0.01423962786 -0.06197194453 0.007009742398 0.9440259933 -0.3297965849 0.06319930713 -0.3295635855 -0.9420157592 5.370622533e-05 -0.1021766344 0
0.3506584921 0.3821932103 -0.07786371817 -0.01123938159 0.08743110933 0.4996879785 -0.001446489045 0.02225226015 0.2536882262 -0.9978663202 -0.0148091344 -0.06358849322 0.007286917655 0.9425907793 -0.3338705192 0.06488226077 -0.3336215105 -0.9404716795 5.547179278e-05 -0.1035587452 0
0.3553384337 0.387294019 -0.0789028992 -0.01153721496 0.08854437718 0.4994147193 -0.001485212138 0.02254569655 0.2536531082 -0.997751982 -0.0153929624 -0.06522299539 0.007570844981 0.9411409803 -0.3379294861 0.06658576969 -0.3376636077 -0.9389087407 5.727537494e-05 -0.1049408559 0
0.3606869383 0.3931235147 -0.08009053466 -0.01188215949 0.08981410412 0.4990982361 -0.001530086197 0.02288087989 0.2536124118 -0.9976158446 -0.01607790329 -0.06711279773 0.007903666833 0.9394664357 -0.342549775 0.06855770303 -0.3422635203 -0.9370995273 5.938376149e-05 -0.1065204111 0
0.3653668799 0.3982243234 -0.08112971569 -0.01218796937 0.09092282927 0.4988176586 -0.001569892364 0.02317401229 0.2535763114 -0.9974918207 -0.01669287025 -0.06878528705 0.008202233493 0.9379859828 -0.3465761379 0.07030498558 -0.3462710558 -0.935496427 6.127038353e-05 -0.1079025219 0
0.3700468215 0.4033251322 -0.08216889671 -0.01249748794 0.09202939376 0.4985336784 -0.00161020348 0.02346699995 0.253539753 -0.9973631054 -0.01732257417 -0.07047527449 0.008507708295 0.9364915084 -0.3505870414 0.07207256614 -0.3502621634 -0.9338747036 6.319649781e-05 -0.1092846326 0
0.3747267631 0.4084259409 -0.08320807774 -0.01281070635 0.09313377176 0.4982463036 -0.00165101923 0.02375984108 0.2535027369 -0.9972295885 -0.01796714278 -0.07218261229 0.008820137849 0.934983195 -0.354582332 0.07386036085 -0.3542366537 -0.9322344342 6.51625773e-05 -0.1106667434 0
0.3794067047 0.4135267496 -0.08424725877 -0.01312761566 0.09423593751 0.4979555424 -0.001692339296 0.02405253384 0.2534652634 -0.9970911588 -0.01862670165 -0.0739071513 0.009139567274 0.9334612269 -0.3585618582 0.07566828489 -0.3581943381 -0.9305756965 6.716909619e-05 -0.1120488542 0
0.3840866462 0.4186275583 -0.0852864398 -0.0134482068 0.09533586534 0.4976614032 -0.001734163356 0.02434507643 0.2534273326 -0.9969477042 -0.01930137416 -0.07564874105 0.009466040184 0.9319257899 -0.3625254698 0.07749625249 -0.3621350288 -0.9288985691 6.921652988e-05 -0.1134309649 0
0.3887665878 0.423728367 -0.08632562082 -0.01377247061 0.09643352963 0.4973638944 -0.001776491084 0.02463746703 0.2533889451 -0.9967991119 -0.01999128142 -0.07740722973 0.009799598674 0.9303770713 -0.3664730183 0.07934417693 -0.366058539 -0.9272031318 7.130535495e-05 -0.1148130757 0
0.3934465294 0.4288291758 -0.08736480185 -0.01410039784 0.09752890482 0.4970630244 -0.001819322149 0.02492970384 0.2533501009 -0.9966452681 -0.02069654236 -0.07918246421 0.01014028331 0.9288152598 -0.3704043571 0.08121197053 -0.3699646824 -0.9254894649 7.343604902e-05 -0.1161951865 0
0.398126471 0.4339299845 -0.08840398288 -0.0144319791 0.09862196547 0.4967588018 -0.001862656218 0.02522178504 0.2533108005 -0.9964860585 -0.0214172736 -0.08097429009 0.01048813312 0.927240546 -0.3743193409 0.08309954469 -0.3738532737 -0.9237576497 7.560909081e-05 -0.1175772972 0
0.4028064125 0.4390307932 -0.0894431639 -0.01476720494 0.09971268616 0.4964512355 -0.001906492952 0.02551370881 0.2532710441 -0.9963213676 -0.02215358952 -0.08278255169 0.01084318556 0.9256531214 -0.3782178263 0.08500680985 -0.3777241286 -0.9220077684 7.782495998e-05 -0.118959408 0
0.4074863541 0.4441316019 -0.09048234493 -0.01510606578 0.1008010416 0.496140334 -0.00195083201 0.02580547337 0.2532308321 -0.9961510796 -0.0229056022 -0.08460709209 0.01120547656 0.9240531793 -0.3820996717 0.08693367552 -0.3815770632 -0.920239904 8.008413718e-05 -0.1203415188 0
0.4121662957 0.4492324107 -0.09152152596 -0.01544855194 0.1018870065 0.4958261063 -0.001995673046 0.02609707689 0.2531901647 -0.9959750775 -0.02367342139 -0.08644775313 0.01157504045 0.9224409143 -0.3859647368 0.08888005029 -0.3854118949 -0.9184541404 8.238710395e-05 -0.1217236295 0
0.4175148004 0.4550619063 -0.09270916142 -0.01584439132 0.1031251498 0.4954629276 -0.002047534162 0.02643013856 0.2531431305 -0.9957667849 -0.02457042169 -0.08857090079 0.01200634668 0.9205834879 -0.3903612295 0.09112824879 -0.3897721594 -0.9163914589 8.507330469e-05 -0.1233031847 0
0.4221947419 0.4601627151 -0.09374834245 -0.01619461298 0.1042059075 0.4951416027 -0.002093449681 0.02672139093 0.2531014885 -0.9955781421 -0.0253724708 -0.09044556785 0.01239160354 0.9189454782 -0.3941898735 0.09311611665 -0.3935675875 -0.9145676262 8.747173167e-05 -0.1246852955 0
0.4268746835 0.4652635238 -0.09478752347 -0.01654842889 0.1052841958 0.4948169801 -0.002139866066 0.02701247661 0.2530593921 -0.9953834137 -0.02619065622 -0.09233585067 0.01278423082 0.9172957659 -0.3980013083 0.09512320029 -0.3973443437 -0.9127261634 8.991546701e-05 -0.1260674062 0
0.4315546251 0.4703643325 -0.0958267045 -0.01690582896 0.1063599898 0.4944890691 -0.002186782955 0.02730339378 0.2530168416 -0.99518248 -0.02702507796 -0.09424158619 0.01318425621 0.9156345511 -0.401795401 0.0971494045 -0.4011022489 -0.9108671578 9.240499553e-05 -0.127449517 0
0.4362345667 0.4754651412 -0.09686588553 -0.01726680299 0.1074332647 0.494157879 -0.002234199981 0.02759414065 0.2529738375 -0.9949752209 -0.02787583368 -0.09616261024 0.01359170579 0.9139620351 -0.4055720207 0.09919463314 -0.4048411248 -0.9089906976 9.494080276e-05 -0.1288316278 0
0.4409145082 0.48056595 -0.09790506655 -0.0176313407 0.1085039957 0.4938234192 -0.002282116775 0.02788471542 0.25293038 -0.9947615155 -0.02874301861 -0.09809875751 0.01400660399 0.9122784205 -0.4093310379 0.1012587892 -0.4085607941 -0.907096872 9.752337486e-05 -0.1302137385 0
0.4455944498 0.4856667587 -0.09894424758 -0.01799943167 0.1095721581 0.4934856994 -0.002330532963 0.0281751163 0.2528864695 -0.9945412421 -0.02962672559 -0.1000498616 0.01442897359 0.910583911 -0.4130723252 0.1033417747 -0.4122610802 -0.9051857706 0.0001001531987 -0.1315958493 0
0.4502743914 0.4907675674 -0.09998342861 -0.01837106542 0.1106377273 0.4931447291 -0.002379448167 0.02846534149 0.2528421063 -0.9943142789 -0.03052704499 -0.1020157551 0.01485883573 0.9088787115 -0.4167957567 0.1054434909 -0.4159418076 -0.9032574843 0.0001028307615 -0.13297796 0
0.454954333 0.4958683761 -0.1010226096 -0.01874623136 0.1117006787 0.4928005181 -0.002428862006 0.02875538919 0.2527972907 -0.9940805031 -0.03144406476 -0.1039962695 0.01529620988 0.9071630281 -0.4205012085 0.107563838 -0.4196028017 -0.9013121044 0.0001055565514 -0.1343600708 0
0.4596342745 0.5009691849 -0.1020617907 -0.01912491878 0.112760988 0.4924530761 -0.002478774096 0.02904525762 0.2527520232 -0.9938397917 -0.03237787039 -0.1059912353 0.01574111383 0.905437068 -0.4241885585 0.1097027155 -0.4232438888 -0.8993497233 0.0001083310568 -0.1357421816 0
0.4643142161 0.5060699936 -0.1031009717 -0.0195071169 0.1138186308 0.4921024131 -0.002529184045 0.02933494498 0.2527063039 -0.9935920209 -0.03332854488 -0.1080004819 0.01619356369 0.9037010394 -0.4278576865 0.1118600218 -0.4268648961 -0.8973704341 0.0001111547667 -0.1371242923 0
0.4689941577 0.5111708023 -0.1041401527 -0.01989281484 0.1148735828 0.491748539 -0.002580091462 0.02962444949 0.2526601334 -0.9933370666 -0.03429616876 -0.1100238377 0.01665357389 0.9019551515 -0.431508474 0.1140356547 -0.4304656519 -0.8953743307 0.0001140281705 -0.1385064031 0
0.4743426624 0.517000298 -0.1053277882 -0.02033788386 0.1160759163 0.4913401926 -0.002638880001 0.02995508559 0.252606815 -0.9930367343 -0.03542287897 -0.1123532998 0.01718857365 0.8999480484 -0.4356581953 0.1165444005 -0.4345557845 -0.8930726022 0.0001173735387 -0.1400859583 0
0.4790226039 0.5221011067 -0.1063669692 -0.02073104426 0.117125021 0.4909794718 -0.002690852078 0.03024419225 0.2525596786 -0.9927659666 -0.03642708252 -0.1144063079 0.01766482527 0.898181743 -0.4392692915 0.1187589558 -0.4381125702 -0.8910407882 0.0001203550796 -0.141468069 0
0.4837025455 0.5272019154 -0.1074061502 -0.02112766962 0.1181713592 0.490615572 -0.002743320361 0.03053311045 0.252512092 -0.9924876222 -0.03744847223 -0.11647288 0.0181486715 0.8964062427 -0.442861687 0.1209915103 -0.4416485707 -0.8889924603 0.0001233878555 -0.1428501798 0
0.4883824871 0.5323027242 -0.1084453313 -0.02152774864 0.1192149069 0.4902485034 -0.002796284442 0.0308218384 0.2524640557 -0.9922015751 -0.03848711821 -0.1185528407 0.01864011969 0.8946217607 -0.4464352711 0.1232419581 -0.4451636183 -0.8869277156 0.0001264723573 -0.1442322906 0
0.4930624287 0.5374035329 -0.1094845123 -0.02193126993 0.1202556404 0.4898782766 -0.002849743907 0.03111037432 0.2524155699 -0.9919076991 -0.03954308802 -0.1206460138 0.01913917546 0.8928285112 -0.449989935 0.1255101925 -0.4486575462 -0.8848466521 0.0001296090766 -0.1456144013 0
0.4977423702 0.5425043416 -0.1105236933 -0.02233822202 0.1212935359 0.4895049021 -0.00290369834 0.03139871643 0.2523666351 -0.9916058674 -0.04061644668 -0.1227522222 0.01964584272 0.8910267093 -0.4535255717 0.1277961058 -0.4521301887 -0.8827493686 0.0001327985052 -0.1469965121 0
0.5024223118 0.5476051503 -0.1115628743 -0.02274859332 0.1223285698 0.4891283905 -0.00295814732 0.03168686295 0.2523172515 -0.9912959529 -0.04170725662 -0.1248712879 0.02016012362 0.8892165709 -0.4570420762 0.1300995896 -0.4555813811 -0.8806359645 0.0001360411349 -0.1483786229 0
0.5071022534 0.552705959 -0.1126020554 -0.02316237216 0.1233607185 0.4887487525 -0.003013090422 0.03197481212 0.2522674197 -0.9909778283 -0.04281557771 -0.1270030321 0.02068201857 0.8873983127 -0.4605393455 0.1324205345 -0.4590109595 -0.8785065402 0.0001393374583 -0.1497607336 0
0.511782195 0.5578067678 -0.1136412364 -0.02357954678 0.1243899585 0.4883659989 -0.003068527219 0.03226256215 0.25221714 -0.9906513659 -0.04394146724 -0.1291472753 0.02121152625 0.8855721521 -0.4640172782 0.1347588305 -0.4624187613 -0.8763611965 0.0001426879678 -0.1511428444 0
0.5164621366 0.5629075765 -0.1146804174 -0.02400010531 0.1254162666 0.4879801406 -0.003124457277 0.03255011128 0.2521664127 -0.9903164378 -0.04508497991 -0.1313038371 0.02174864355 0.8837383075 -0.4674757752 0.1371143667 -0.4658046248 -0.8742000354 0.0001460931561 -0.1525249552 0
0.5211420781 0.5680083852 -0.1157195984 -0.02442403579 0.1264396193 0.4875911886 -0.00318088016 0.03283745773 0.2521152383 -0.9899729158 -0.0462461678 -0.1334725365 0.02229336565 0.8818969976 -0.4709147391 0.1394870313 -0.4691683894 -0.8720231594 0.0001495535164 -0.1539070659 0
0.5264905828 0.5738378809 -0.1169072339 -0.02491264124 0.1276055169 0.4871428979 -0.003245966351 0.03316560324 0.2520562063 -0.9895696313 -0.04759494616 -0.1359656793 0.0229252086 0.8797837841 -0.4748209432 0.142219477 -0.4729854272 -0.8695161908 0.0001535764041 -0.1554866211 0
0.5311705244 0.5789386896 -0.1179464149 -0.02534375666 0.1286224589 0.4867473538 -0.003303443804 0.03345250943 0.2520040751 -0.9892072611 -0.04879417281 -0.1381597747 0.02348620213 0.8779272176 -0.4782177317 0.1446284652 -0.4763013009 -0.8673059886 0.0001571566509 -0.1568687319 0
0.5358504659 0.5840394983 -0.118985596 -0.02577820585 0.1296363731 0.486348751 -0.003361412687 0.0337392074 0.2519514979 -0.9888358927 -0.05001122138 -0.1403654339 0.02405477371 0.8760638782 -0.4815946938 0.1470542253 -0.4795945777 -0.8650803985 0.0001607936202 -0.1582508426 0
0.5405304075 0.5891403071 -0.120024777 -0.02621597649 0.1306472365 0.4859471007 -0.003419872547 0.03402569538 0.2518984754 -0.9884553972 -0.05124613311 -0.1425824731 0.02463091114 0.8741939874 -0.4849517404 0.1494966422 -0.4828651014 -0.8628395261 0.0001644878056 -0.1596329534 0
0.5452103491 0.5942411158 -0.121063958 -0.02665705613 0.1316550265 0.4855424145 -0.003478822931 0.0343119716 0.2518450077 -0.9880656454 -0.05249894661 -0.1448107077 0.02521460047 0.8723177673 -0.4882887841 0.1519556 -0.4861127168 -0.8605834778 0.0001682397011 -0.1610150642 0
0.5498902907 0.5993419245 -0.122103139 -0.02710143226 0.1326597203 0.4851347038 -0.003538263377 0.03459803432 0.2517910954 -0.987666508 -0.05376969781 -0.1470499524 0.02580582595 0.8704354405 -0.4916057397 0.1544309821 -0.4893372697 -0.8583123605 0.0001720498004 -0.1623971749 0
0.5545702322 0.6044427332 -0.1231423201 -0.02754909226 0.1336612952 0.4847239802 -0.003598193423 0.03488388177 0.2517367388 -0.9872578559 -0.05505842003 -0.1493000214 0.02640457005 0.86854723 -0.4949025238 0.1569226711 -0.4925386073 -0.8560262821 0.0001759185976 -0.1637792857 0
0.5592501738 0.609543542 -0.1241815011 -0.02800002344 0.1346597289 0.4843102553 -0.0036586126 0.0351695122 0.2516819384 -0.9868395595 -0.0563651439 -0.1515607286 0.02701081343 0.8666533593 -0.498179055 0.1594305487 -0.4957165777 -0.8537253509 0.0001798465867 -0.1651613965 0
0.5639301154 0.6146443507 -0.1252206821 -0.028454213 0.1356549989 0.4838935409 -0.00371952044 0.03545492385 0.2516266946 -0.9864114893 -0.05768989741 -0.1538318869 0.02762453498 0.8647540524 -0.501435254 0.1619544959 -0.49887103 -0.8514096761 0.0001838342619 -0.1665435072 0
0.568610057 0.6197451594 -0.1262598632 -0.02891164806 0.1366470829 0.4834738487 -0.003780916465 0.03574011498 0.2515710078 -0.9859735161 -0.05903270588 -0.1561133089 0.02824571179 0.8628495336 -0.5046710435 0.1644943931 -0.5020018147 -0.8490793677 0.0001878821172 -0.167925618 0
0.5732899986 0.6248459681 -0.1272990442 -0.02937231565 0.1376359587 0.4830511908 -0.003842800199 0.03602508383 0.2515148785 -0.9855255102 -0.06039359196 -0.1584048068 0.02887431915 0.8609400276 -0.507886348 0.1670501196 -0.5051087832 -0.8467345361 0.000191990647 -0.1693077288 0
0.5779699401 0.6299467769 -0.1283382252 -0.0298362027 0.1386216042 0.482625579 -0.003905171158 0.03630982865 0.2514583071 -0.9850673422 -0.06177257561 -0.1607061922 0.02951033054 0.8590257595 -0.5110810943 0.1696215543 -0.5081917881 -0.8443752927 0.0001961603453 -0.1706898395 0
0.5833184448 0.6357762725 -0.1295258607 -0.03037028467 0.1397440727 0.4821355641 -0.003977048233 0.03663497476 0.2513931132 -0.9845311123 -0.06337073929 -0.1633482117 0.03024623049 0.8568324822 -0.5147069681 0.1725794148 -0.5116856915 -0.8416615108 0.0002010012491 -0.1722693947 0
0.5879983864 0.6408770813 -0.1305650417 -0.0308410262 0.1407227223 0.4817036634 -0.004040461604 0.03691923366 0.2513355958 -0.9840507328 -0.06478855826 -0.1656701481 0.03089801006 0.8549087683 -0.5178574232 0.1751840981 -0.5147168547 -0.8392717625 0.0002053036872 -0.1736515055 0
0.5926783279 0.64597789 -0.1316042227 -0.03131494559 0.1416980729 0.481268847 -0.004104360661 0.03720326306 0.2512776377 -0.9835597848 -0.06622452014 -0.168001377 0.03155709865 0.8529810012 -0.5209871026 0.1778041036 -0.5177235985 -0.8368679563 0.0002096688472 -0.1750336162 0
0.5973582695 0.6510786987 -0.1326434037 -0.0317920294 0.1426701028 0.4808311273 -0.004168744904 0.03748706121 0.2512192393 -0.9830581391 -0.06767863377 -0.1703417084 0.03222346227 0.8510494069 -0.5240959412 0.1804393072 -0.5207057803 -0.8344502063 0.000214097223 -0.176415727 0
0.6020382111 0.6561795074 -0.1336825848 -0.03227226415 0.1436387905 0.4803905167 -0.004233613831 0.03777062639 0.2511604011 -0.9825456669 -0.06915090534 -0.1726909518 0.03289706517 0.8491142114 -0.527183876 0.1830895836 -0.5236632585 -0.8320186273 0.0002185893089 -0.1777978378 0
0.6067181527 0.6612803161 -0.1347217658 -0.03275563622 0.1446041144 0.4799470276 -0.004298966939 0.03805395685 0.2511011235 -0.9820222392 -0.07064133831 -0.1750489163 0.03357786977 0.8471756412 -0.530250846 0.1857548073 -0.5265958928 -0.8295733345 0.0002231455989 -0.1791799485 0
0.6113980943 0.6663811249 -0.1357609468 -0.03324213195 0.1455660533 0.4795006726 -0.004364803716 0.03833705087 0.2510414069 -0.9814877274 -0.07214993349 -0.1774154108 0.03426583668 0.8452339226 -0.5332967922 0.1884348517 -0.5295035441 -0.827114444 0.0002277665869 -0.1805620593 0
0.6160780358 0.6714819336 -0.1368001279 -0.03373173757 0.1465245858 0.4790514643 -0.004431123649 0.03861990671 0.2509812519 -0.9809420032 -0.07367668897 -0.179790244 0.03496092474 0.843289282 -0.5363216578 0.1911295897 -0.5323860745 -0.8246420724 0.0002324527668 -0.18194417 0
0.6207579774 0.6765827423 -0.1378393089 -0.03422443923 0.1474796909 0.4785994153 -0.004497926223 0.03890252264 0.2509206588 -0.9803849383 -0.07522160014 -0.182173224 0.03566309097 0.841341946 -0.5393253877 0.1938388935 -0.5352433472 -0.8221563371 0.0002372046325 -0.1833262808 0
0.625437919 0.681683551 -0.1388784899 -0.034720223 0.1484313476 0.4781445386 -0.004565210916 0.03918489694 0.2508596283 -0.9798164048 -0.07678465974 -0.1845641591 0.03637229058 0.8393921411 -0.5423079292 0.1965626345 -0.5380752267 -0.8196573559 0.0002420226776 -0.1847083916 0
0.6301178606 0.6867843598 -0.1399176709 -0.03521907487 0.1493795349 0.477686847 -0.004632977204 0.03946702789 0.2507981606 -0.9792362751 -0.07836585776 -0.186962857 0.03708847701 0.8374400936 -0.5452692312 0.1993006835 -0.5408815785 -0.8171452475 0.0002469073956 -0.1860905023 0
0.6347978021 0.6918851685 -0.140956852 -0.03572098073 0.150324232 0.4772263533 -0.004701224559 0.03974891375 0.2507362564 -0.9786444217 -0.07996518155 -0.1893691254 0.03781160188 0.83548603 -0.5482092452 0.2020529106 -0.5436622697 -0.814620131 0.0002518592802 -0.1874726131 0
0.6401463068 0.6977146642 -0.1421444874 -0.03629830883 0.1513995855 0.4766966605 -0.004779809915 0.04007076672 0.2506649746 -0.9779534993 -0.08181515514 -0.1921281695 0.03864646191 0.833250636 -0.551543134 0.2052155065 -0.5468086119 -0.811718509 0.0002576014542 -0.1890521683 0
0.6448262484 0.7028154729 -0.1431836685 -0.03680671112 0.1523367341 0.4762302064 -0.004849086331 0.04035212162 0.2506021364 -0.9773360965 -0.08345326466 -0.1945500118 0.03938428364 0.8312930139 -0.5544373754 0.2079976747 -0.5495338731 -0.8091659222 0.0002626989278 -0.190434279 0
0.64950619 0.7079162816 -0.1442228495 -0.03731812257 0.1532703278 0.4757609915 -0.004918842131 0.04063322605 0.2505388631 -0.9767065719 -0.0851094426 -0.196978819 0.04012888011 0.8293340864 -0.5573101884 0.2107936084 -0.552233063 -0.8066007059 0.0002678651177 -0.1918163898 0
0.6541861315 0.7130170903 -0.1452620305 -0.03783252873 0.1542003462 0.4752890289 -0.00498907677 0.04091407828 0.2504751552 -0.9760647997 -0.08678366517 -0.1994143982 0.04088019553 0.8273740793 -0.5601615326 0.213603175 -0.5549060537 -0.8040229818 0.0002731005168 -0.1931985006 0
0.6588660731 0.7181178991 -0.1463012115 -0.0383499151 0.1551267692 0.474814332 -0.005059789701 0.04119467662 0.2504110132 -0.9754106544 -0.08847590586 -0.2018565563 0.04163817233 0.825413218 -0.5629913695 0.2164262411 -0.5575527183 -0.8014328721 0.0002784056178 -0.1945806113 0
