0.006364329977 0.004544322533 -0.002795722872 -2.458325773e-06 0.001622895873 0.5099965571 -3.090017546e-07 0.000404138588 0.254999573 -0.9999999999 -5.99584665e-08 -1.431649338e-05 3.070113437e-08 0.9999799499 -0.006332444427 1.431658601e-05 -0.006332444427 -0.9999799498 2.990008399e-08 -0.00371831142 0
0.01249499281 0.008921799714 -0.00548880044 -9.475503296e-06 0.003186160577 0.5099867295 -1.197278326e-06 0.0007948361403 0.2549983455 -0.9999999985 -4.566723585e-07 -5.518089435e-05 2.293737041e-07 0.9999227193 -0.01243203428 5.518230729e-05 -0.01243203428 -0.9999227178 6.346894039e-08 -0.007300104586 0
0.01862565564 0.0132992769 -0.008181878009 -2.105460748e-05 0.004749334879 0.509970513 -2.670044294e-06 0.001186274369 0.25499631 -0.9999999925 -1.513957444e-06 -0.0001226071649 7.583267934e-07 0.9998282877 -0.01853092573 0.0001226141668 -0.01853092568 -0.9998282801 6.059360399e-08 -0.01088189775 0
0.02475631847 0.01767675408 -0.01087495558 -3.719524408e-05 0.006312374428 0.509947908 -4.727175068e-06 0.001577883098 0.2549934668 -0.9999999765 -3.555797471e-06 -0.0002165864993 1.77954158e-06 0.9996966657 -0.02462877618 0.0002166083761 -0.02462877599 -0.9996966422 2.289151089e-08 -0.01446369092 0
0.0308869813 0.02205423126 -0.01356803315 -5.789686354e-05 0.007875234876 0.5099189154 -7.367811717e-06 0.001969476019 0.254989817 -0.9999999432 -6.906028202e-06 -0.0003371066238 3.454915547e-06 0.9995278683 -0.03072524319 0.0003371596544 -0.03072524261 -0.9995278114 4.656478533e-08 -0.01804548408 0
0.03701764413 0.02643170844 -0.01626111071 -8.315876102e-05 0.009437871885 0.509883536 -1.059138721e-05 0.002361010959 0.2549853615 -0.9999998827 -1.188828874e-05 -0.0004841517988 5.94623496e-06 0.9993219145 -0.03681998449 0.0004842612291 -0.03681998305 -0.9993217972 1.376172752e-07 -0.02162727725 0
0.04314830696 0.03080918562 -0.01895418828 -0.0001129800764 0.01100024112 0.5098417712 -1.43975778e-05 0.002752484312 0.2549801007 -0.9999997835 -1.882597286e-05 -0.0006577028209 9.415147348e-06 0.9990788276 -0.04291265798 0.0006579048357 -0.04291265488 -0.9990786111 2.508284836e-07 -0.02520907041 0
0.04851263694 0.03463947815 -0.02131063115 -0.0001428130806 0.01236705971 0.5097999901 -1.820576698e-05 0.003094976491 0.2549748372 -0.9999996541 -2.675451243e-05 -0.0008312853102 1.337932778e-05 0.9988356873 -0.04824178231 0.0008316081195 -0.04824177674 -0.9988353415 3.66822803e-07 -0.02834313943 0
0.05464329977 0.03901695533 -0.02400370872 -0.000181180446 0.01392880743 0.5097462565 -2.31038909e-05 0.003486346782 0.2549680672 -0.9999994433 -3.822920282e-05 -0.001054470988 1.911631798e-05 0.9985230533 -0.05432965755 0.00105499057 -0.05432964746 -0.9985224967 5.18091281e-07 -0.0319249326 0
0.0607739626 0.04339443251 -0.02669678629 -0.0002241038921 0.01549015998 0.5096861422 -2.858422155e-05 0.003877667869 0.2549604924 -0.9999991483 -5.258726761e-05 -0.001304088033 2.629461625e-05 0.9981733765 -0.06041448302 0.001304882988 -0.06041446586 -0.998172525 6.889559433e-07 -0.03550672577 0
0.06690462543 0.04777190969 -0.02938986386 -0.0002715819575 0.0170510731 0.5096196491 -3.464667576e-05 0.004268941913 0.2549521131 -0.9999987492 -7.015069122e-05 -0.001580103848 3.50750731e-05 0.9977866965 -0.06649591783 0.001581271334 -0.06649589008 -0.997785446 8.792398831e-07 -0.03908851893 0
0.07303528826 0.05214938688 -0.03208294143 -0.000323613026 0.0186115025 0.5095467795 -4.129117759e-05 0.004660169865 0.2549429293 -0.999998224 -9.124097623e-05 -0.001882482391 4.561826651e-05 0.997363057 -0.07257362148 0.00188414008 -0.07257357847 -0.9973612814 1.08888469e-06 -0.0426703121 0
0.07916595109 0.05652686406 -0.03477601899 -0.000380195326 0.02017140395 0.5094675359 -4.851765329e-05 0.005051351756 0.2549329411 -0.9999975486 -0.000116179095 -0.002211184174 5.808447466e-05 0.9969025058 -0.07864725392 0.002213472211 -0.07864718956 -0.9969000552 1.317906388e-06 -0.04625210526 0
0.08529661392 0.06090434124 -0.03746909656 -0.0004413269316 0.02173073321 0.509381921 -5.632602845e-05 0.005442486929 0.2549221486 -0.9999966968 -0.0001452854414 -0.002566166277 7.263364857e-05 0.9964050951 -0.08471647558 0.002569249224 -0.08471638213 -0.9964017932 1.566370974e-06 -0.04983389843 0
0.09142727675 0.06528181842 -0.04016217413 -0.0005070057615 0.02328944609 0.5092899377 -6.471622632e-05 0.005833574222 0.2549105519 -0.9999956405 -0.0001788797828 -0.002947382348 8.942538489e-05 0.995870881 -0.09078094741 0.002951451131 -0.09078081522 -0.9958665234 1.834380194e-06 -0.05341569159 0
0.09755793958 0.0696592956 -0.0428552517 -0.0005772295802 0.02484749839 0.5091915892 -7.368816685e-05 0.006224612099 0.2548981512 -0.9999943491 -0.0002172812114 -0.003354782609 0.0001086188987 0.9952999239 -0.09684033094 0.00336005646 -0.0968401481 -0.9952942759 2.122062952e-06 -0.05699748476 0
0.1036886024 0.07403677278 -0.04554832927 -0.0006519959971 0.02640484596 0.5090868787 -8.324176604e-05 0.006615598739 0.2548849465 -0.9999927903 -0.0002608080971 -0.003788313868 0.0001303729964 0.9946922883 -0.1028942883 0.003795042254 -0.1028940404 -0.9946850829 2.429569915e-06 -0.06057927793 0
0.1098192652 0.07841424996 -0.04824140684 -0.0007313024674 0.02796144466 0.5089758099 -9.337693551e-05 0.007006532111 0.254870938 -0.9999909296 -0.0003097780388 -0.004247919522 0.0001548460484 0.9940480429 -0.1089424823 0.004256384076 -0.1089421519 -0.9940389785 2.757070027e-06 -0.06416107109 0
0.1151835952 0.08224454249 -0.05059784971 -0.0008044177732 0.02932281956 0.5088734118 -0.0001027222052 0.007348553393 0.2548580213 -0.999989025 -0.0003573407973 -0.004671416531 0.0001786145097 0.9934543537 -0.1142296596 0.004681658009 -0.1142292403 -0.9934433868 3.060178225e-06 -0.06729514011 0
0.121314258 0.08662201968 -0.05329092728 -0.0008922294467 0.03087789531 0.5087504314 -0.0001139475647 0.00773938087 0.254842506 -0.9999864979 -0.0004173696117 -0.005179747272 0.0002086108276 0.9927416642 -0.1202661406 0.005192346359 -0.1202655974 -0.9927281731 3.425675048e-06 -0.07087693328 0
0.1274449209 0.09099949686 -0.05598400484 -0.0009845729969 0.03243209547 0.5086211042 -0.0001257542142 0.00813014845 0.2548261873 -0.9999835581 -0.0004837498542 -0.005713970748 0.0002417787435 0.9919925852 -0.1262958927 0.005729312234 -0.1262951977 -0.991976158 3.811734165e-06 -0.07445872644 0
0.1335755837 0.09537697404 -0.05867708241 -0.001081445281 0.03398537606 0.5084854344 -0.0001381420467 0.008520853644 0.2548090652 -0.9999801631 -0.000556795687 -0.006274017222 0.0002782746847 0.9912072011 -0.1323185815 0.006292525466 -0.1323177026 -0.9911873837 4.218578697e-06 -0.07804051961 0
0.1397062465 0.09975445122 -0.06137015998 -0.001182843003 0.03553769307 0.5083434267 -0.0001511109502 0.008911493902 0.2547911401 -0.9999762684 -0.0006368202696 -0.006859813585 0.0003182545114 0.9903856008 -0.1383338734 0.006881954413 -0.1383327737 -0.9903618947 4.646443464e-06 -0.08162231277 0
0.1458369094 0.1041319284 -0.06406323755 -0.001288762712 0.03708900259 0.508195086 -0.0001646608075 0.009302066619 0.254772412 -0.9999718274 -0.0007241357122 -0.007471283371 0.0003618734907 0.9895278768 -0.1443414359 0.00749756596 -0.144340073 -0.9894997371 5.095574458e-06 -0.08520410594 0
0.1519675722 0.1085094056 -0.06675631512 -0.001399200803 0.03863926069 0.5080404173 -0.0001787914965 0.009692569152 0.254752881 -0.9999667914 -0.0008190530278 -0.008108346769 0.0004092862694 0.988634126 -0.1503409371 0.008139325521 -0.1503392632 -0.9886009596 5.566228393e-06 -0.08878589911 0
0.158098235 0.1128868828 -0.06944939269 -0.001514153519 0.04018842352 0.5078794259 -0.0001935028898 0.01008299883 0.2547325475 -0.9999611098 -0.0009218820861 -0.008770920627 0.0004606468476 0.9877044492 -0.1563320465 0.008807197041 -0.156330007 -0.9876656125 6.058672342e-06 -0.09236769227 0
0.1642288979 0.1172643599 -0.07214247025 -0.001633616948 0.04173644726 0.5077121172 -0.0002087948547 0.01047335293 0.2547114115 -0.9999547299 -0.001032931567 -0.009458918473 0.0005161085527 0.9867389513 -0.1623144341 0.009501142997 -0.162311968 -0.9866937485 6.573183402e-06 -0.09594948544 0
0.1703595607 0.1216418371 -0.07483554782 -0.001757587026 0.04328328813 0.5075384969 -0.0002246672536 0.01086362875 0.2546894733 -0.9999475971 -0.001152508911 -0.01017225052 0.0005758240128 0.9857377412 -0.1682877713 0.0102211244 -0.16828481 -0.9856854221 7.110048422e-06 -0.0995312786 0
0.1764902235 0.1260193143 -0.07752862539 -0.001886059536 0.0448289024 0.507358571 -0.0002411199436 0.01125382353 0.254666733 -0.9999396548 -0.00128092028 -0.01091082367 0.0006399451305 0.9847009317 -0.1742517305 0.01096710081 -0.1742481976 -0.98464069 7.669563719e-06 -0.1031130718 0
0.1818545535 0.1298496068 -0.07988506826 -0.002002162951 0.04618027434 0.507195968 -0.0002559919512 0.01159517532 0.2546461775 -0.999931995 -0.001400766558 -0.0115777051 0.0006997839683 0.9837646125 -0.1794622451 0.01164112128 -0.1794581426 -0.9836967314 8.177959889e-06 -0.1062471408 0
0.1879852163 0.134227084 -0.08257814583 -0.00213906562 0.047723471 0.5070042356 -0.000273532284 0.01198521071 0.254621934 -0.9999223749 -0.001546562252 -0.01236334299 0.0007725724829 0.9826613723 -0.1854077411 0.01243572421 -0.1854029004 -0.9825838983 8.780775084e-06 -0.109828934 0
0.1941158792 0.1386045612 -0.0852712234 -0.002280457743 0.0492653156 0.5068062158 -0.0002916524682 0.01237515709 0.254596889 -0.9999117713 -0.001702064614 -0.0131739361 0.0008501990986 0.9815228794 -0.1913429235 0.01325619771 -0.191337242 -0.9814348338 9.407143082e-06 -0.1134107271 0
0.200246542 0.1429820384 -0.08796430097 -0.002426334513 0.05080576457 0.5066019152 -0.0003103523408 0.01276501167 0.2545710428 -0.9999001197 -0.001867574393 -0.01400937866 0.0009328126616 0.980349262 -0.197267469 0.0141024957 -0.197260834 -0.9802496024 1.00573947e-05 -0.1169925203 0
0.2063772048 0.1473595156 -0.09065737854 -0.002576690967 0.05234477443 0.5063913407 -0.0003296317338 0.01315477166 0.2545443956 -0.999887354 -0.002043390838 -0.01486956168 0.001020561167 0.9791406523 -0.2031810558 0.01497457064 -0.2031733436 -0.9790282706 1.073186912e-05 -0.1205743135 0
0.2125078677 0.1517369927 -0.0933504561 -0.002731521992 0.05388230174 0.5061744997 -0.0003494904736 0.01354443424 0.2545169477 -0.9998734058 -0.002229811641 -0.01575437296 0.001113591731 0.9778971864 -0.2090833634 0.01587237351 -0.2090744386 -0.9777709072 1.14309137e-05 -0.1241561066 0
0.2186385305 0.1561144699 -0.09604353367 -0.002890822323 0.05541830312 0.5059513993 -0.0003699283817 0.0139339966 0.2544886993 -0.9998582051 -0.0024271329 -0.01666369708 0.001212050571 0.9766190041 -0.2149740724 0.01679585389 -0.2149637874 -0.9764775826 1.215488376e-05 -0.1277378998 0
0.2247691933 0.1604919471 -0.09873661124 -0.003054586543 0.05695273524 0.5057220473 -0.0003909452743 0.01432345593 0.2544596507 -0.9998416796 -0.002635649071 -0.01759741544 0.001316082972 0.9753062493 -0.2208528652 0.01774495989 -0.2208410593 -0.9751483697 1.290414238e-05 -0.1313196929 0
0.2308998561 0.1648694243 -0.1014296888 -0.003222809085 0.05848555485 0.5054864514 -0.0004125409625 0.01471280941 0.2544298021 -0.9998237555 -0.002855652923 -0.01855540625 0.00142583327 0.9739590696 -0.2267194252 0.0187196382 -0.226705924 -0.973783343 1.367906022e-05 -0.1349014861 0
0.237030519 0.1692469015 -0.1041227664 -0.00339548423 0.06001671873 0.5052446197 -0.000434715252 0.01510205421 0.2543991538 -0.9998043569 -0.003087435497 -0.0195375446 0.001541444822 0.9725776165 -0.2325734374 0.01971983404 -0.2325580521 -0.9723825793 1.448001531e-05 -0.1384832793 0
0.242394849 0.173077194 -0.1064792092 -0.003550222895 0.061355095 0.5050279079 -0.0004545922326 0.01544255204 0.2543716807 -0.9997861124 -0.003300134926 -0.02041662356 0.001647524923 0.9713408522 -0.2376851586 0.02061589362 -0.2376679576 -0.9711276574 1.520251236e-05 -0.1416173483 0
0.2485255118 0.1774546712 -0.1091722868 -0.003731230729 0.06288303817 0.5047744062 -0.0004778508581 0.01583158546 0.2543395338 -0.9997637379 -0.003554780834 -0.02144369088 0.001774509206 0.9698955579 -0.2435148 0.02166378228 -0.2434953187 -0.9696601004 1.605333111e-05 -0.1451991415 0
0.2546561746 0.1818321484 -0.1118653644 -0.003916673884 0.06440920175 0.5045146928 -0.0005016874977 0.01622050207 0.2543065879 -0.9997396602 -0.003822032165 -0.02249452913 0.001907761222 0.9684164469 -0.2493309966 0.02273702306 -0.249309 -0.968157038 1.693131335e-05 -0.1487809346 0
0.2607868374 0.1862096255 -0.114558442 -0.004106546055 0.06593354281 0.5042487766 -0.000526101937 0.01660929904 0.2542728435 -0.9997137962 -0.004102172842 -0.02356900132 0.002047420306 0.9669036851 -0.2551334392 0.02383555569 -0.2551086747 -0.9666185547 1.783686394e-05 -0.1523627278 0
0.2669175003 0.1905871027 -0.1172515195 -0.004300840793 0.06745601845 0.5039766665 -0.0005510939567 0.01699797354 0.2542383007 -0.9996860609 -0.004395484841 -0.02466696737 0.002193624692 0.9653574424 -0.2609218205 0.02495931844 -0.260894017 -0.9650447369 1.877039423e-05 -0.155944521 0
0.2730481631 0.1949645799 -0.1199445971 -0.004499551493 0.06897658586 0.5036983719 -0.0005766633318 0.01738652274 0.25420296 -0.9996563676 -0.004702248156 -0.02578828418 0.002346511498 0.9637778923 -0.2666958347 0.02610824817 -0.2666647019 -0.9634356731 1.973232185e-05 -0.1595263141 0
0.2791788259 0.1993420571 -0.1226376747 -0.004702671406 0.0704952023 0.5034139022 -0.0006028098325 0.0177749438 0.2541668217 -0.9996246276 -0.005022740751 -0.02693280562 0.002506216691 0.9621652119 -0.2724551779 0.02728228035 -0.2724204052 -0.9617914535 2.072307057e-05 -0.1631081073 0
0.2853094888 0.2037195343 -0.1253307522 -0.004910193629 0.07201182511 0.503123267 -0.0006295332238 0.01816323389 0.254129886 -0.9995907505 -0.005357238522 -0.02810038251 0.002672875072 0.960519582 -0.2781995477 0.028481349 -0.2781608035 -0.9601121706 2.174307013e-05 -0.1666899005 0
0.2914401516 0.2080970114 -0.1280238298 -0.005122111114 0.07352641168 0.5028264763 -0.0006568332653 0.01855139017 0.2540921533 -0.9995546442 -0.005706015251 -0.02929086273 0.002846620247 0.9588411871 -0.2839286436 0.02970538676 -0.2838855743 -0.9583979188 2.279275603e-05 -0.1702716936 0
0.2975708144 0.2124744886 -0.1307169074 -0.005338416663 0.07503891951 0.5025235401 -0.0006847097116 0.01893940982 0.254053624 -0.9995162147 -0.006069342568 -0.03050409116 0.003027584607 0.9571302152 -0.2896421669 0.03095432487 -0.289594396 -0.9566487943 2.387256941e-05 -0.1738534868 0
0.3037014773 0.2168519658 -0.1334099849 -0.005559102928 0.07654930616 0.5022144687 -0.0007131623119 0.01932728999 0.2540142984 -0.9994753664 -0.006447489906 -0.03173990975 0.003215899302 0.9553868579 -0.2953398207 0.03222809316 -0.2952869479 -0.9548648954 2.498295689e-05 -0.17743528 0
0.3090658072 0.2206822583 -0.1357664278 -0.00575579108 0.07786912115 0.5019390067 -0.0007385307626 0.01966656851 0.2539792356 -0.9994375633 -0.006790735986 -0.03283965552 0.003386806373 0.9538350075 -0.3003120179 0.0333629527 -0.300254333 -0.9532755367 2.597998136e-05 -0.180569349 0
0.3151964701 0.2250597355 -0.1384595054 -0.005984670875 0.07937541649 0.5016184602 -0.0007680629582 0.02005417953 0.2539384179 -0.9993919156 -0.007197389259 -0.03411739447 0.003589252024 0.9520314562 -0.3059791228 0.0346830836 -0.3059155176 -0.9514267075 2.714891732e-05 -0.1841511421 0
0.3213271329 0.2294372127 -0.1411525829 -0.006217909443 0.0808794691 0.5012918092 -0.0007981705584 0.02044164294 0.2538968049 -0.9993435643 -0.007619624582 -0.03541725295 0.003799417954 0.9501960901 -0.3116295152 0.03602783519 -0.3115595155 -0.9495433973 2.834974035e-05 -0.1877329353 0
0.3274577957 0.2338146899 -0.1438456605 -0.006455498866 0.08238123685 0.5009590649 -0.0008288532924 0.02082895589 0.253854397 -0.999292407 -0.008057702498 -0.03673906167 0.004017430294 0.9483291142 -0.3172629058 0.03739713192 -0.3171860094 -0.9476257119 2.958291674e-05 -0.1913147285 0
0.3335884586 0.2381921671 -0.1465387381 -0.006697431079 0.08388067773 0.5006202385 -0.0008601108843 0.02121611556 0.2538111947 -0.9992383398 -0.008511881161 -0.03808264853 0.004243413822 0.9464307372 -0.3228790071 0.03879089686 -0.3227946834 -0.9456737591 3.084891751e-05 -0.1948965216 0
0.3397191214 0.2425696442 -0.1492318156 -0.006943697871 0.08537774977 0.5002753416 -0.000891943053 0.02160311912 0.2537671982 -0.9991812569 -0.008982416291 -0.03944783861 0.004477491945 0.944501171 -0.3284775337 0.04020905171 -0.3283852223 -0.9436876485 3.214821823e-05 -0.1984783148 0
0.3458497842 0.2469471214 -0.1519248932 -0.007194290885 0.08687241115 0.4999243857 -0.0009243495122 0.02198996374 0.253722408 -0.9991210511 -0.009469561141 -0.04083445419 0.004719786676 0.942540631 -0.3340582023 0.04165151679 -0.3339573121 -0.9416674917 3.348129895e-05 -0.202060108 0
0.3519804471 0.2513245986 -0.1546179708 -0.007449201617 0.08836462008 0.4995673829 -0.0009573299706 0.02237664658 0.2536768245 -0.9990576134 -0.009973566453 -0.0422423148 0.00497041861 0.9405493361 -0.3396207317 0.04311821107 -0.3395106396 -0.9396134021 3.484864397e-05 -0.2056419011 0
0.3581111099 0.2557020758 -0.1573110483 -0.007708421419 0.08985433489 0.4992043452 -0.0009908841315 0.02276316483 0.2536304481 -0.9989908332 -0.01049468042 -0.0436712372 0.005229506905 0.9385275081 -0.3451648428 0.04460905214 -0.345044893 -0.9375254953 3.625074179e-05 -0.2092236943 0
0.3642417727 0.260079553 -0.1600041259 -0.007971941497 0.09134151402 0.4988352849 -0.001025011693 0.02314951565 0.2535832793 -0.9989205983 -0.01103314866 -0.04512103546 0.005497169258 0.9364753726 -0.3506902588 0.04612395625 -0.3505597612 -0.9354038884 3.768808494e-05 -0.2128054875 0
0.3703724355 0.2644570302 -0.1626972035 -0.008239752912 0.09282611599 0.4984602147 -0.001059712349 0.02353569622 0.2535353183 -0.9988467952 -0.01158921414 -0.04659152094 0.005773521889 0.9343931581 -0.356196705 0.04766283828 -0.3560549344 -0.9332487008 3.916116986e-05 -0.2163872806 0
0.3757367655 0.2682873227 -0.1650536464 -0.008477601001 0.09412299609 0.4981271081 -0.001090545293 0.02387346235 0.2534927031 -0.9987791997 -0.01209039569 -0.04789501541 0.006022549403 0.9325467283 -0.3609990699 0.04902896152 -0.3608468122 -0.93133546 4.047983174e-05 -0.2195213497 0
0.3818674283 0.2726647999 -0.1677467239 -0.00875343408 0.0956026544 0.4977408035 -0.001126319654 0.02425931609 0.2534432583 -0.9986983941 -0.01268010166 -0.04940377176 0.006315504304 0.9304087429 -0.3664692149 0.05061256808 -0.3663042262 -0.9291176362 4.202128365e-05 -0.2231031428 0
0.3879980912 0.277042277 -0.1704398015 -0.009033531995 0.09707961683 0.497348526 -0.001162666198 0.02464499147 0.2533930227 -0.9986136846 -0.01328808853 -0.05093265827 0.006617475172 0.9282413536 -0.3719196129 0.05221990039 -0.3717410606 -0.9268665847 4.35999253e-05 -0.226684936 0
0.394128754 0.2814197542 -0.1731328791 -0.009317885252 0.09855384229 0.4969502889 -0.001199584597 0.02503048567 0.2533419967 -0.9985249516 -0.01391458876 -0.05248147611 0.006928572292 0.9260448013 -0.3773499979 0.05385086815 -0.3771570101 -0.9245824321 4.521626716e-05 -0.2302667292 0
0.4002594168 0.2857972314 -0.1758259566 -0.00960648421 0.1000252898 0.4965461056 -0.00123707452 0.02541579586 0.2532901809 -0.9984320739 -0.01455983204 -0.05405002391 0.00724890437 0.9238193299 -0.3827601064 0.05550537973 -0.3825517703 -0.9222653067 4.687082306e-05 -0.2338485223 0
0.4063900797 0.2901747086 -0.1785190342 -0.009899319089 0.1014939184 0.49613599 -0.00127513563 0.02580091923 0.2532375756 -0.998334929 -0.01522404519 -0.05563809775 0.00757857851 0.9215651866 -0.3881496773 0.05718334217 -0.3879250382 -0.9199153385 4.856411008e-05 -0.2374303155 0
0.4125207425 0.2945521858 -0.1812121118 -0.01019637997 0.1029596875 0.4957199558 -0.001313767584 0.02618585297 0.2531841814 -0.9982333929 -0.01590745219 -0.05724549123 0.007917700196 0.9192826215 -0.3935184518 0.0588846612 -0.3932765119 -0.9175326598 5.029664842e-05 -0.2410121086 0
0.4186514053 0.2989296629 -0.1839051893 -0.01049765677 0.1044225562 0.4952980172 -0.001352970034 0.02657059426 0.2531299988 -0.99812734 -0.01661027409 -0.05887199543 0.008266373274 0.9169718876 -0.3988661736 0.06060924124 -0.3986058908 -0.9151174043 5.206896133e-05 -0.2445939018 0
0.4247820682 0.3033071401 -0.1865982669 -0.01080313931 0.105882484 0.4948701885 -0.001392742628 0.02695514029 0.2530750282 -0.9980166436 -0.01733272901 -0.06051739901 0.00862469993 0.914633241 -0.404192589 0.06235698541 -0.4039128754 -0.9126697077 5.3881575e-05 -0.248175695 0
0.430912731 0.3076846173 -0.1892913445 -0.01111281722 0.1073394305 0.4944364841 -0.001433085009 0.02733948825 0.2530192702 -0.9979011753 -0.01807503209 -0.0621814882 0.008992780674 0.9122669408 -0.4094974465 0.0641277955 -0.4091971676 -0.9101897076 5.573501847e-05 -0.2517574881 0
0.4370433938 0.3120620945 -0.191984422 -0.01142668003 0.1087933554 0.4939969189 -0.001473996812 0.02772363533 0.2529627252 -0.9977808056 -0.01883739549 -0.06386404684 0.009370714319 0.9098732487 -0.4147804973 0.06592157204 -0.4144584705 -0.9076775433 5.762982356e-05 -0.2553392813 0
0.4424077238 0.315892387 -0.1943408649 -0.01170473455 0.1100630293 0.4936075031 -0.001510261456 0.02805959703 0.2529126031 -0.9976713585 -0.01952108362 -0.06535126463 0.009709565092 0.9077565064 -0.4193850849 0.06750988699 -0.4190430197 -0.9054531257 5.932212756e-05 -0.2584733503 0
0.4485383866 0.3202698642 -0.1970339425 -0.01202641527 0.1115111802 0.4931569888 -0.001552239932 0.02844335991 0.252854584 -0.9975414445 -0.02032162125 -0.06706786265 0.01010623328 0.9053121705 -0.4246265866 0.06934645297 -0.424260422 -0.9028810352 6.129592829e-05 -0.2620551435 0
0.4546690495 0.3246473414 -0.19972702 -0.01235224995 0.1129561941 0.4927006569 -0.00159478676 0.02882691384 0.2527957793 -0.997406249 -0.02114281204 -0.06880229559 0.01051302884 0.9028412114 -0.4298455806 0.07120569221 -0.4294539887 -0.9002771912 6.331263418e-05 -0.2656369367 0
0.4607997123 0.3290248186 -0.2024200976 -0.01268222756 0.1143980311 0.4922385228 -0.001637901556 0.02921025602 0.2527361898 -0.9972656374 -0.02198485615 -0.07055433829 0.01093004385 0.900343902 -0.4350418282 0.07308750025 -0.4346234281 -0.8976417398 6.537278692e-05 -0.2692187298 0
0.4669303751 0.3334022957 -0.2051131752 -0.01301633693 0.1158366515 0.4917706022 -0.001681583932 0.02959338367 0.2526758158 -0.9971194735 -0.02284795061 -0.07232376336 0.0113573686 0.8978205176 -0.4402150933 0.07499177136 -0.4397684497 -0.8949748292 6.747693058e-05 -0.272800523 0
0.473061038 0.3377797729 -0.2078062528 -0.01335456677 0.1172720155 0.4912969108 -0.001725833496 0.02997629397 0.2526146579 -0.9969676202 -0.02373228923 -0.07411034119 0.01179509156 0.8952713364 -0.4453651424 0.07691839856 -0.4448887644 -0.8922766091 6.962561153e-05 -0.2763823162 0
0.4791917008 0.3421572501 -0.2104993303 -0.01369690563 0.1187040837 0.4908174648 -0.00177064985 0.03035898414 0.2525527168 -0.9968099391 -0.02463806261 -0.07591383997 0.01224329942 0.8926966391 -0.4504917449 0.07886727362 -0.4499840847 -0.8895472313 7.181937834e-05 -0.2799641093 0
0.4853223636 0.3465347273 -0.2131924079 -0.01404334192 0.1201328167 0.4903322803 -0.001816032589 0.03074145139 0.2524899929 -0.9966462906 -0.02556545809 -0.07773402577 0.012702077 0.890096709 -0.4555946727 0.08083828703 -0.4550541242 -0.8867868489 7.405878173e-05 -0.2835459025 0
0.4914530264 0.3509122045 -0.2158854855 -0.01439386394 0.1215581751 0.4898413737 -0.001861981306 0.03112369292 0.2524264868 -0.9964765338 -0.02651465972 -0.07957066251 0.01317150728 0.8874718321 -0.4606737007 0.08283132806 -0.4600985981 -0.8839956171 7.634437452e-05 -0.2871276957 0
0.4975836893 0.3552896817 -0.218578563 -0.01474845984 0.1229801199 0.4893447617 -0.001908495588 0.03150570594 0.2523621991 -0.9963005269 -0.02748584826 -0.08142351204 0.0136516714 0.8848222969 -0.4657286064 0.08484628475 -0.465117223 -0.8811736928 7.867671153e-05 -0.2907094888 0
0.5029480193 0.3591199742 -0.2209350059 -0.01506206367 0.1242214906 0.4889055591 -0.001949659195 0.03183977769 0.2523053067 -0.9961412812 -0.0283538139 -0.08305786615 0.01408068242 0.8824839545 -0.4701316883 0.08662726057 -0.4694870938 -0.8786794561 8.075628895e-05 -0.2938435578 0
0.5090786821 0.3634974514 -0.2236280835 -0.01542426566 0.1256369296 0.4883982947 -0.001997232778 0.03222135475 0.2522395551 -0.9959531686 -0.02936670337 -0.08494046563 0.01458118453 0.8797889707 -0.475140775 0.08868300303 -0.474456493 -0.8758004118 8.31777736e-05 -0.297425351 0
0.5152093449 0.3678749285 -0.226321161 -0.0157905067 0.1270488431 0.4878853736 -0.002045370707 0.0326026953 0.2521730236 -0.9957583915 -0.03040208067 -0.08683858187 0.01509264314 0.8770701714 -0.4801251156 0.09076033238 -0.4793992365 -0.8728911353 8.564760833e-05 -0.3010071442 0
0.5213400077 0.3722524057 -0.2290142386 -0.01616077441 0.1284571925 0.4873668131 -0.002094072551 0.03298379656 0.2521057127 -0.9955568036 -0.03146011344 -0.08875196894 0.01561513198 0.8743278543 -0.4850844987 0.09285913192 -0.4843150467 -0.8699517901 8.816635523e-05 -0.3045889373 0
0.5274706706 0.3766298829 -0.2317073162 -0.01653505628 0.1298619392 0.4868426309 -0.00214333787 0.03336465575 0.2520376232 -0.9953482579 -0.03254096586 -0.09068037897 0.01614872286 0.8715623196 -0.4900187158 0.09497928374 -0.4892036474 -0.8669825414 9.073457815e-05 -0.3081707305 0
0.5336013334 0.3810073601 -0.2344003937 -0.01691333968 0.1312630449 0.4863128444 -0.002193166222 0.03374527009 0.2519687555 -0.9951326059 -0.03364479867 -0.09262356221 0.01669348561 0.8687738697 -0.4949275613 0.09712066872 -0.4940647639 -0.8639835559 9.335284263e-05 -0.3117525237 0
0.5397319962 0.3853848373 -0.2370934713 -0.01729561182 0.1326604713 0.4857774718 -0.002243557157 0.03412563681 0.2518991104 -0.9949096984 -0.03477176907 -0.09458126705 0.0172494881 0.8659628092 -0.4998108325 0.09928316655 -0.4988981231 -0.8609550021 9.602171585e-05 -0.3153343168 0
0.5458626591 0.3897623145 -0.2397865489 -0.01768185982 0.1340541803 0.4852365309 -0.002294510223 0.03450575315 0.2518286884 -0.9946793853 -0.03592203077 -0.09655324005 0.01781679622 0.8631294449 -0.5046683299 0.1014666558 -0.5037034535 -0.8578970502 9.874176659e-05 -0.31891611 0
0.5519933219 0.3941397916 -0.2424796264 -0.01807207061 0.135444134 0.4846900402 -0.00234602496 0.03488561632 0.2517574902 -0.9944415154 -0.03709573392 -0.09853922597 0.01839547387 0.8602740858 -0.5094998565 0.1036710137 -0.5084804851 -0.8548098719 0.0001015135652 -0.3224979032 0
0.5581239847 0.3985172688 -0.245172704 -0.01846623105 0.1368302945 0.4841380179 -0.002398100905 0.03526522358 0.2516855165 -0.9941959365 -0.03829302509 -0.1005389678 0.01898558291 0.8573970431 -0.5143052188 0.1058961164 -0.5132289496 -0.8516936408 0.0001043376834 -0.3260796963 0
0.5642546476 0.402894746 -0.2478657816 -0.01886432783 0.1382126241 0.4835804829 -0.00245073759 0.03564457214 0.2516127678 -0.9939424958 -0.03951404725 -0.102552207 0.0195871832 0.8544986299 -0.5190842261 0.108141839 -0.5179485801 -0.8485485319 0.0001072146947 -0.3296614895 0
0.5696189775 0.4067250385 -0.2502222245 -0.01921588098 0.1394189906 0.4830881322 -0.002497254297 0.03597628776 0.2515484776 -0.993714165 -0.04060201812 -0.1043246585 0.02012305538 0.8519452355 -0.5232440906 0.1101236618 -0.5220543955 -0.8457730117 0.0001097759201 -0.3327955585 0
0.5757496404 0.4111025157 -0.252915302 -0.01962132209 0.1407940364 0.4825203113 -0.002550941087 0.03635514385 0.2514742777 -0.9934455679 -0.04186790865 -0.1063625018 0.020746356 0.8490076036 -0.527973179 0.1124077056 -0.5267192489 -0.8425742344 0.0001127536559 -0.3363773517 0
0.5818803032 0.4154799929 -0.2556083796 -0.02003066059 0.1421651438 0.4819470322 -0.002605187239 0.03673373333 0.2513993049 -0.9931686644 -0.04315792099 -0.1084130894 0.02138130857 0.8460495127 -0.5326753812 0.1147120034 -0.5313545106 -0.8393470917 0.0001157859407 -0.3399591449 0
0.588010966 0.4198574701 -0.2583014572 -0.02044388267 0.1435322758 0.4813683141 -0.002659992266 0.03711205343 0.2513235597 -0.9928832982 -0.04447218398 -0.1104761561 0.02202796497 0.8430712835 -0.5373505185 0.1170364258 -0.5359599199 -0.8360917649 0.0001188733531 -0.343540938 0
0.5941416289 0.4242349473 -0.2609945347 -0.0208609744 0.1448953954 0.4807841766 -0.002715355675 0.03749010141 0.2512470429 -0.9925893123 -0.04581082273 -0.1125514354 0.02268637503 0.8400732386 -0.5419984152 0.1193808422 -0.5405352183 -0.8328084367 0.0001220164732 -0.3471227312 0
0.6002722917 0.4286124244 -0.2636876123 -0.02128192174 0.1462544657 0.4801946392 -0.002771276967 0.03786787452 0.2511697551 -0.9922865491 -0.04717395864 -0.1146386592 0.02335658645 0.8370557026 -0.5466188989 0.1217451207 -0.5450801486 -0.8294972918 0.0001252158819 -0.3507045243 0
0.6064029545 0.4329899016 -0.2663806899 -0.02170671049 0.1476094502 0.479599722 -0.002827755638 0.03824537002 0.251091697 -0.99197485 -0.04856170936 -0.1167375579 0.02403864485 0.8340190015 -0.5512118003 0.1241291287 -0.5495944556 -0.8261585161 0.0001284721618 -0.3542863175 0
0.6125336173 0.4373673788 -0.2690737674 -0.02213532635 0.1489603122 0.4789994449 -0.002884791181 0.03862258516 0.2510128694 -0.9916540558 -0.04997418878 -0.1188478606 0.02473259372 0.8309634632 -0.5557769531 0.1265327322 -0.5540778855 -0.8227922973 0.0001317858963 -0.3578681107 0
0.6186642802 0.441744856 -0.271766845 -0.02256775488 0.1503070155 0.4783938282 -0.00294238308 0.0389995172 0.2509332729 -0.9913240069 -0.05141150699 -0.1209692948 0.02543847444 0.8278894175 -0.5603141943 0.1289557962 -0.5585301866 -0.8193988243 0.0001351576702 -0.3614499038 0
0.624794943 0.4461223332 -0.2744599226 -0.02300398153 0.1516495239 0.4777828921 -0.003000530819 0.03937616341 0.2508529083 -0.9909845426 -0.05287377029 -0.1231015868 0.02615632622 0.8247971955 -0.5648233643 0.1313981844 -0.5629511086 -0.815978288 0.0001385880694 -0.365031697 0
0.6309256058 0.4504998103 -0.2771530001 -0.02344399162 0.1529878012 0.4771666574 -0.003059233873 0.03975252105 0.2507717764 -0.9906355019 -0.05436108118 -0.1252444615 0.02688618615 0.8216871301 -0.5693043064 0.1338597598 -0.5673404032 -0.8125308804 0.0001420776808 -0.3686134902 0
0.6362899358 0.4543301029 -0.279509443 -0.0238320924 0.154155295 0.4766231217 -0.003111054162 0.04008159512 0.2507001569 -0.9903221086 -0.05568310268 -0.1271279407 0.02753469154 0.8189514484 -0.5732018544 0.1360292689 -0.5711548977 -0.8094925082 0.0001451801255 -0.3717475592 0
0.6424205986 0.4587075801 -0.2822025206 -0.02427915642 0.1554855427 0.4759970079 -0.003170797003 0.04045740433 0.2506175881 -0.9899546759 -0.0572176406 -0.129289912 0.02828715921 0.8158088288 -0.5776294586 0.1385264465 -0.5754842277 -0.8059952402 0.0001487823456 -0.3753293524 0
0.6485512615 0.4630850572 -0.2848955981 -0.02472996096 0.1568114566 0.4753656556 -0.003231093626 0.04083291713 0.2505342539 -0.9895772003 -0.05877749928 -0.1314616681 0.0290517296 0.8126493311 -0.5820284028 0.1410424107 -0.5797812262 -0.8024716619 0.0001524454714 -0.3789111455 0
0.6546819243 0.4674625344 -0.2875886757 -0.02518449088 0.1581330015 0.4747290858 -0.003291943488 0.04120813079 0.2504501552 -0.9891895187 -0.06036276624 -0.133642929 0.02982843141 0.8094732936 -0.5863985433 0.1435770201 -0.5840456518 -0.7989219711 0.0001561700938 -0.3824929387 0
0.6608125871 0.4718400116 -0.2902817533 -0.02564273089 0.159450142 0.47408732 -0.00335334604 0.04158304259 0.2503652928 -0.9887914673 -0.06197352509 -0.1358334138 0.03061729111 0.8062810564 -0.5907397393 0.1461301325 -0.5882772648 -0.7953463674 0.000159956805 -0.3860747319 0
0.66694325 0.4762174888 -0.2929748308 -0.02610466559 0.1607628431 0.4734403798 -0.003415300731 0.04195764982 0.2502796674 -0.9883828819 -0.06360985552 -0.1380328404 0.03141833301 0.8030729606 -0.5950518535 0.1487016042 -0.5924758276 -0.7917450515 0.0001638061977 -0.389656525 0
0.6730739128 0.480594966 -0.2956679084 -0.02657027945 0.1620710697 0.472788287 -0.003477807001 0.04233194976 0.2501932797 -0.9879635978 -0.06527183332 -0.1402409255 0.03223157918 0.7998493486 -0.5993347518 0.151291291 -0.5966411042 -0.7881182259 0.0001677188661 -0.3932383182 0
0.6792045756 0.4849724431 -0.298360986 -0.02703955683 0.1633747873 0.4721310634 -0.003540864287 0.0427059397 0.2501061306 -0.9875334499 -0.0669595303 -0.142457385 0.03305704951 0.7966105643 -0.6035883037 0.1538990472 -0.6007728607 -0.7844660943 0.0001716954048 -0.3968201114 0
0.6853352385 0.4893499203 -0.3010540636 -0.02751248198 0.1646739611 0.471468731 -0.003604472023 0.04307961693 0.2500182208 -0.9870922729 -0.06867301433 -0.1446819337 0.03389476165 0.7933569524 -0.6078123816 0.1565247263 -0.6048708649 -0.7807888618 0.0001757364097 -0.4004019045 0
0.6914659013 0.4937273975 -0.3037471411 -0.027989039 0.1659685568 0.4708013123 -0.003668629633 0.04345297875 0.2499295512 -0.9866399008 -0.07041234932 -0.1469142853 0.03474473104 0.7900888588 -0.6120068617 0.159168181 -0.6089348867 -0.7770867352 0.0001798424774 -0.4039836977 0
0.6975965641 0.4981048747 -0.3064402187 -0.02846921191 0.1672585402 0.4701288294 -0.003733336542 0.04382602245 0.2498401224 -0.9861761675 -0.07217759518 -0.149154153 0.03560697086 0.7868066308 -0.6161716233 0.1618292625 -0.6129646976 -0.7733599222 0.0001840142054 -0.4075654909 0
0.7029608941 0.5019351672 -0.3087966616 -0.0288923167 0.1683834652 0.4695362706 -0.003790405225 0.04415217262 0.2497612503 -0.9857609504 -0.0737434844 -0.1511199762 0.03637150496 0.7839233602 -0.6197913189 0.164172051 -0.6164625405 -0.7700788751 0.0001877187997 -0.4106995599 0
0.7090915569 0.5063126444 -0.3114897391 -0.02937922587 0.1696647087 0.4688543536 -0.003856140491 0.04452461258 0.2496704005 -0.9852754661 -0.07555746075 -0.1533731596 0.03725677963 0.7806155689 -0.6239000448 0.1668657794 -0.6204275974 -0.7663063409 0.0001920152542 -0.414281353 0
0.7152222198 0.5106901216 -0.3141828167 -0.02986970427 0.1709412423 0.468167438 -0.003922423366 0.04489672669 0.249578794 -0.9847781413 -0.07739749798 -0.1556330289 0.03815435019 0.7772946466 -0.6279787241 0.1695767022 -0.6243577978 -0.7625097261 0.0001963790915 -0.4178631462 0
0.7213528826 0.5150675988 -0.3168758943 -0.03036373547 0.1722130326 0.4674755466 -0.003989253252 0.04526851223 0.2494864316 -0.984268809 -0.07926364048 -0.1578992939 0.03906422113 0.7739609439 -0.6320272494 0.1723046672 -0.628252921 -0.758689244 0.0002008109124 -0.4214449394 0
0.7274835454 0.5194450759 -0.3195689718 -0.03086130291 0.173480046 0.4667787027 -0.004056629547 0.04563996654 0.2493933141 -0.9837473016 -0.08115592861 -0.1601716637 0.03998639469 0.7706148124 -0.6360455165 0.1750495211 -0.6321127479 -0.7548451093 0.0002053113183 -0.4250267325 0
0.7336142083 0.5238225531 -0.3222620494 -0.03136238989 0.1747422494 0.4660769297 -0.004124551643 0.04601108692 0.2492994424 -0.9832134517 -0.08307439869 -0.1624498467 0.04092087085 0.7672566048 -0.6400334247 0.1778111098 -0.6359370619 -0.750977538 0.0002098809117 -0.4286085257 0
0.7397448711 0.5282000303 -0.324955127 -0.03186697964 0.1759996098 0.465370251 -0.00419301893 0.0463818707 0.2492048173 -0.9826670915 -0.085019083 -0.1647335507 0.04186764731 0.763886674 -0.6439908768 0.1805892779 -0.6397256481 -0.7470867472 0.0002145202954 -0.4321903189 0
0.7458755339 0.5325775075 -0.3276482045 -0.03237505526 0.1772520942 0.4646586904 -0.004262030789 0.0467523152 0.2491094397 -0.9821080534 -0.08699000975 -0.1670224827 0.0428267195 0.760505374 -0.6479177789 0.1833838696 -0.6434782936 -0.7431729557 0.0002192300735 -0.435772112 0
0.7520061967 0.5369549847 -0.3303412821 -0.03288659972 0.1784996702 0.4639422717 -0.004331586599 0.04712241775 0.2490133104 -0.9815361692 -0.08898720311 -0.1693163494 0.04379808059 0.7571130594 -0.6518140406 0.1861947277 -0.6471947875 -0.7392363833 0.0002240108503 -0.4393539052 0
0.7581368596 0.5413324618 -0.3330343597 -0.03340159591 0.179742305 0.4632210189 -0.004401685733 0.04749217567 0.2489164303 -0.9809512712 -0.09101068317 -0.1716148568 0.04478172146 0.7537100852 -0.6556795749 0.1890216944 -0.6508749212 -0.7352772511 0.0002288632312 -0.4429356984 0
0.7642675224 0.545709939 -0.3357274372 -0.03392002659 0.1809799666 0.462494956 -0.004472327559 0.04786158631 0.2488188003 -0.9803531913 -0.09306046594 -0.1739177105 0.04577763071 0.7502968072 -0.6595142983 0.1918646108 -0.6545184878 -0.7312957817 0.0002337878223 -0.4465174915 0
0.7696318524 0.5495402316 -0.3380838801 -0.03437645715 0.1820588155 0.4618557243 -0.004534583834 0.04818453364 0.2487327595 -0.979818926 -0.09487561178 -0.1759360411 0.04665910452 0.7473020165 -0.6628443438 0.1943651209 -0.6576764512 -0.7277938481 0.0002381565512 -0.4496515606 0
0.7757625152 0.5539177087 -0.3407769577 -0.03490128065 0.1832870657 0.4611207083 -0.004606241488 0.04855328594 0.2486337258 -0.9791956772 -0.09697474109 -0.178246249 0.04767797833 0.7438703792 -0.6666210838 0.1972375118 -0.6612509044 -0.7237711001 0.0002432181719 -0.4532333537 0
0.781893178 0.5582951859 -0.3434700353 -0.03542948848 0.1845102507 0.4603809525 -0.00467843999 0.04892168331 0.2485339447 -0.9785587636 -0.09910019641 -0.1805599545 0.04870907504 0.7404294632 -0.6703667921 0.200125391 -0.6647882077 -0.7197266612 0.0002483537488 -0.4568151469 0
0.7880238409 0.5626726631 -0.3461631128 -0.03596106297 0.1857283389 0.4596364817 -0.00475117869 0.04928972309 0.248433417 -0.9779080174 -0.1012519779 -0.1828768616 0.0497523744 0.7369796261 -0.6740813986 0.203028596 -0.6682881622 -0.7156607587 0.0002535638905 -0.46039694 0
0.7941545037 0.5670501403 -0.3488561904 -0.03649598637 0.1869412991 0.4588873207 -0.004824456932 0.04965740264 0.2483321439 -0.9772432707 -0.1034300817 -0.1851966741 0.05080785389 0.7335212254 -0.6777648367 0.2059469638 -0.6717505713 -0.7115736209 0.0002588492064 -0.4639787332 0
0.8002851665 0.5714276175 -0.351549268 -0.03703424081 0.1881490999 0.4581334947 -0.004898274056 0.05002471931 0.248230126 -0.9765643559 -0.1056344998 -0.1875190956 0.05187548866 0.7300546191 -0.6814170432 0.2088803305 -0.6751752406 -0.7074654776 0.0002642103064 -0.4675605264 0
0.8064158294 0.5758050946 -0.3542423455 -0.0375758083 0.1893517105 0.4573750286 -0.004972629395 0.05039167045 0.2481273645 -0.9758711056 -0.1078652201 -0.1898438295 0.0529552516 0.7265801654 -0.6850379585 0.2118285312 -0.6785619776 -0.7033365595 0.000269647801 -0.4711423195 0
0.8125464922 0.5801825718 -0.3569354231 -0.03812067076 0.1905490999 0.456611948 -0.00504752228 0.05075825344 0.2480238601 -0.9751633524 -0.1101222263 -0.1921705789 0.05404711331 0.7230982227 -0.6886275262 0.2147914003 -0.6819105921 -0.6991870985 0.0002751623016 -0.4747241127 0
0.818677155 0.584560049 -0.3596285007 -0.03866881001 0.1917412377 0.4558442782 -0.005122952035 0.05112446563 0.2479196138 -0.9744409293 -0.1124054982 -0.1944990468 0.0551510421 0.7196091494 -0.6921856938 0.2177687714 -0.6852208959 -0.6950173279 0.0002807544198 -0.4783059059 0
0.8248078179 0.5889375262 -0.3623215782 -0.03922020776 0.1929280933 0.4550720449 -0.00519891798 0.0514903044 0.2478146266 -0.9737036695 -0.1147150114 -0.1968289363 0.05626700398 0.716113304 -0.695712412 0.2207604771 -0.688492703 -0.6908274818 0.0002864247683 -0.481887699 0
0.8301721478 0.5927678187 -0.3646780211 -0.03970533932 0.1939622352 0.4543926175 -0.005265827487 0.05181010494 0.2477221558 -0.9730462654 -0.1167573391 -0.1988685222 0.05725331305 0.7130491659 -0.6987724559 0.2233898465 -0.6913238104 -0.6871450834 0.0002914509783 -0.4850217681 0
0.8363028107 0.5971452959 -0.3673710987 -0.04026279711 0.1951391055 0.4536118971 -0.005342796939 0.05217523646 0.2476157818 -0.9722807379 -0.1191159745 -0.2012002765 0.05839173741 0.7095415893 -0.7022400858 0.2264079761 -0.6945229425 -0.6829182313 0.0002972696612 -0.4886035612 0
0.8424334735 0.6015227731 -0.3700641762 -0.04082346024 0.1963106074 0.4528266876 -0.005420300599 0.05253998701 0.2475086697 -0.9714998956 -0.1215007582 -0.2035325982 0.05954208442 0.7060282713 -0.7056761441 0.2294399551 -0.6976830554 -0.6786719835 0.0003031683383 -0.4921853544 0
0.8485641363 0.6059002503 -0.3727572538 -0.04138731003 0.1974767111 0.4520370152 -0.005498337767 0.05290435399 0.2474008204 -0.9707035729 -0.1239116499 -0.2058651905 0.06070431124 0.7025095704 -0.709080595 0.232485613 -0.7008039716 -0.6744065785 0.0003091476243 -0.4957671476 0
