0.007308675727 0.003303740689 0.001197453431 -2.052400795e-06 0.001863702319 0.5099954596 -2.572544712e-07 0.0004642357771 0.2549994364 -0.9999999999 -5.752912077e-08 -1.195249153e-05 2.939157804e-08 0.9999735583 -0.007272055155 1.195259384e-05 -0.007272055155 -0.9999735582 2.91966392e-08 0.001592613063 0
0.01541983023 0.00697022586 0.002526384985 -9.135643649e-06 0.00393196288 0.5099797897 -1.152423895e-06 0.000981539896 0.2549974752 -0.9999999986 -5.435184929e-07 -5.320090847e-05 2.727541423e-07 0.9998823045 -0.01534200615 5.320298563e-05 -0.01534200615 -0.9998823031 5.347070886e-08 0.00336009203 0
0.02262974535 0.01022932379 0.003707657478 -1.96757876e-05 0.005770288489 0.5099564724 -2.490061024e-06 0.001442043226 0.2549945444 -0.9999999934 -1.71911427e-06 -0.0001145744264 8.608851132e-07 0.9997465209 -0.02251430532 0.0001145840888 -0.02251430527 -0.9997465143 3.128721493e-08 0.004931184446 0
0.02983966046 0.01348842172 0.00488892997 -3.420980928e-05 0.007608433478 0.5099243196 -4.337046257e-06 0.001902590091 0.2549904976 -0.9999999802 -3.942083417e-06 -0.0001991923576 1.972720708e-06 0.9995592971 -0.02968520915 0.0001992215945 -0.02968520896 -0.9995592772 2.549603274e-08 0.006502276861 0
0.03704957558 0.01674751965 0.006070202463 -5.273716277e-05 0.009446340314 0.5098833326 -6.692713075e-06 0.002363066811 0.2549853362 -0.9999999528 -7.545879813e-06 -0.0003070407469 3.775010264e-06 0.9993206505 -0.03685427333 0.0003071102568 -0.03685427275 -0.9993206033 1.08863752e-07 0.008073369276 0
0.0442594907 0.02000661758 0.007251474956 -7.525715213e-05 0.01128395147 0.5098335129 -9.556712477e-06 0.002823463742 0.254979061 -0.999999904 -1.286375712e-05 -0.000438101807 6.434416762e-06 0.9990306035 -0.04402105373 0.0004382433888 -0.04402105232 -0.9990305075 2.162540632e-07 0.009644461691 0
0.05146940581 0.02326571551 0.008432747448 -0.0001017689315 0.01312120944 0.5097748624 -1.292885823e-05 0.003283789049 0.2549716724 -0.9999998244 -2.022872046e-05 -0.0005923539212 1.011749597e-05 0.9986891833 -0.05118510645 0.0005926128629 -0.05118510345 -0.9986890076 3.458872784e-07 0.01121555411 0
0.05867932093 0.02652481344 0.009614019941 -0.0001322715051 0.01495805672 0.5097073833 -1.680903685e-05 0.003744050948 0.2549631707 -0.9999997033 -2.99734781e-05 -0.0007697716455 1.499067564e-05 0.9982964216 -0.05834598791 0.0007702091114 -0.05834598214 -0.998296125 4.969417802e-07 0.01278664652 0
0.06588923604 0.02978391137 0.01079529243 -0.0001667637272 0.01679443584 0.5096310782 -2.119716695e-05 0.004204254939 0.254953556 -0.9999995283 -4.243039321e-05 -0.0009703257126 2.122023463e-05 0.9978523554 -0.06550325484 0.0009710211267 -0.06550324453 -0.9978518838 6.690002326e-07 0.01435773894 0
0.07309915116 0.0330430093 0.01197656493 -0.0002052443023 0.01863028933 0.5095459498 -2.609318088e-05 0.004664404026 0.2549428285 -0.9999992855 -5.793143565e-05 -0.001193983035 2.897228218e-05 0.997357026 -0.07265646435 0.001195036463 -0.07265644703 -0.9973563118 8.618491184e-07 0.01592883135 0
0.08030906628 0.03630210723 0.01315783742 -0.0002477117853 0.02046555976 0.5094520014 -3.149701602e-05 0.005124499359 0.2549309883 -0.9999989592 -7.680813378e-05 -0.001440706712 3.841273708e-05 0.9968104798 -0.079805174 0.001442241235 -0.07980514628 -0.9968094394 1.075385925e-06 0.01749992377 0
0.08842022078 0.0399685924 0.01448676897 -0.0003002513124 0.02252947056 0.5093357713 -3.81832584e-05 0.005642042114 0.2549163383 -0.9999984709 -0.0001024915441 -0.001745791506 5.125773974e-05 0.9961344591 -0.08784154331 0.001748046093 -0.08784149847 -0.9961329306 1.34029811e-06 0.01926740273 0
0.0956301359 0.04322769033 0.01566804147 -0.0003511854922 0.02436331137 0.5092230925 -4.466600582e-05 0.006102021541 0.2549021342 -0.999997908 -0.0001296399915 -0.002041391264 6.483597171e-05 0.9954792528 -0.09497922388 0.002044475756 -0.09497915754 -0.9954771618 1.597721398e-06 0.02083849515 0
0.102840051 0.04648678826 0.01684931396 -0.0004061010987 0.02619638979 0.5091016059 -5.165637387e-05 0.006561943978 0.2548868179 -0.9999972024 -0.0001611967459 -0.002359917519 8.061965147e-05 0.9947730053 -0.1021110252 0.002364042207 -0.1021109298 -0.9947702093 1.875832613e-06 0.02240958756 0
0.1100499661 0.04974588619 0.01803058645 -0.0004649960697 0.0280286485 0.5089713159 -5.915429191e-05 0.007021807177 0.2548703895 -0.9999963319 -0.0001974910067 -0.002701317685 9.877369319e-05 0.9940157825 -0.1092365071 0.00270672564 -0.1092363732 -0.9940121168 2.174682716e-06 0.02398067998 0
0.1172598812 0.05300498412 0.01921185894 -0.0005278681933 0.02986003021 0.5088322275 -6.715968517e-05 0.007481608562 0.2548528492 -0.9999952727 -0.000238851286 -0.003065535392 0.0001194627145 0.9932076551 -0.11635523 0.003072504815 -0.1163550461 -0.9932029314 2.49433672e-06 0.02555177239 0
0.1244697964 0.05626408205 0.02039313144 -0.0005947151089 0.03169047766 0.5086843459 -7.56724745e-05 0.007941345321 0.2548341972 -0.9999939993 -0.000285605361 -0.003452510491 0.0001428510161 0.9923486988 -0.1234667551 0.00346135706 -0.1234665074 -0.9923427032 2.834870941e-06 0.02712286481 0
0.1316797115 0.05952317998 0.02157440393 -0.0006655343061 0.03351993365 0.5085276767 -8.469257619e-05 0.008401014458 0.2548144336 -0.9999924846 -0.0003380802259 -0.003862179062 0.0001691025607 0.9914389937 -0.1305706444 0.003873258276 -0.1305703162 -0.9914314855 3.196371223e-06 0.02869395723 0
0.1388896266 0.06278227791 0.02275567642 -0.0007403231259 0.035348341 0.5083622257 -9.421990186e-05 0.008860612843 0.2547935587 -0.9999907001 -0.000396602045 -0.004294473425 0.0001983809531 0.9904786248 -0.1376664606 0.004308182932 -0.1376660322 -0.9904693348 3.578931749e-06 0.03026504964 0
0.1460995417 0.06604137584 0.02393694891 -0.0008190787601 0.03717564258 0.5081879991 -0.0001042543584 0.009320137242 0.2547715727 -0.9999886154 -0.0004614961048 -0.004749322144 0.0002308494195 0.9894676819 -0.1447537673 0.004766104073 -0.1447532157 -0.9894563107 3.982654252e-06 0.03183614206 0
0.1533094568 0.06930047377 0.02511822141 -0.000901798252 0.03900178131 0.5080050035 -0.0001147958479 0.009779584338 0.2547484757 -0.9999861989 -0.0005330867667 -0.005226650042 0.0002666707868 0.9884062593 -0.151832129 0.005246993315 -0.1518314273 -0.9883924761 4.407647438e-06 0.03340723447 0
0.1605193719 0.0725595717 0.0262994939 -0.0009884784959 0.04082670017 0.5078132458 -0.0001258442676 0.01023895075 0.2547242681 -0.9999834171 -0.0006116974202 -0.005726378204 0.0003060074626 0.9872944562 -0.1589011112 0.005750820855 -0.1589002285 -0.9872778968 4.854026591e-06 0.03497832689 0
0.1686305264 0.07622605687 0.02762842545 -0.001090724049 0.04287820479 0.5075870538 -0.0001388795458 0.01075563725 0.2546957071 -0.9999798073 -0.0007089268365 -0.006315244666 0.0003546647661 0.9859835865 -0.166841965 0.006345006332 -0.1668408358 -0.9859634255 5.381917641e-06 0.03674580585 0
0.1758404416 0.0794851548 0.02880969795 -0.001185809902 0.04470034227 0.5073767009 -0.0001510048291 0.01121482076 0.2546691401 -0.9999761313 -0.0008035240122 -0.006862294389 0.0004020086826 0.9847650752 -0.1738895774 0.006897472301 -0.1738881856 -0.9847412471 5.874153103e-06 0.03831689827 0
0.1830503567 0.08274425273 0.02999097044 -0.001284845845 0.04652108198 0.5071576094 -0.0001636366904 0.01167391275 0.2546414631 -0.9999719757 -0.0009061449877 -0.007431473822 0.0004533725042 0.9834965231 -0.180926459 0.007472774269 -0.1809247579 -0.9834685504 6.388174253e-06 0.03988799068 0
0.1902602718 0.08600335066 0.03117224293 -0.001387828161 0.04834036711 0.5069297875 -0.0001767750068 0.01213290968 0.2546126765 -0.9999673004 -0.001017108646 -0.008022688763 0.0005089166941 0.9821780486 -0.1879521794 0.008070876581 -0.1879501164 -0.9821454142 6.924121002e-06 0.0414590831 0
0.1974701869 0.08926244859 0.03235351542 -0.001494752985 0.05015814091 0.5066932438 -0.0001904196506 0.01259180798 0.2545827805 -0.9999620643 -0.001136732658 -0.008635841334 0.0005688011923 0.9808097749 -0.1949663098 0.008691742166 -0.1949638257 -0.9807719206 7.482138849e-06 0.04303017551 0
0.204680102 0.09252154652 0.03353478792 -0.001605616305 0.05197434671 0.5064479873 -0.0002045704894 0.0130506041 0.2545517755 -0.9999562244 -0.001265333437 -0.009270829991 0.0006331853958 0.9793918294 -0.2019684223 0.009335332543 -0.2019654512 -0.9793481547 8.062378794e-06 0.04460126793 0
0.2118900171 0.09578064445 0.03471606041 -0.001720413959 0.05378892788 0.506194027 -0.0002192273855 0.01350929445 0.2545196618 -0.9999497361 -0.00140322609 -0.009927549543 0.0007022281387 0.9779243444 -0.2089580905 0.01000160782 -0.2089545589 -0.9778742047 8.664997243e-06 0.04617236034 0
0.2190999323 0.09903974238 0.0358973329 -0.001839141639 0.05560182787 0.5059313726 -0.0002343901967 0.01396787542 0.2544864395 -0.9999425535 -0.001550724375 -0.01060589116 0.0007760876721 0.9764074566 -0.2159348891 0.01069052671 -0.2159307155 -0.976350162 9.29015594e-06 0.04774345276 0
0.2263098474 0.1022988403 0.03707860539 -0.001961794892 0.05741299021 0.5056600339 -0.0002500587756 0.01442634341 0.2544521092 -0.9999346291 -0.001708140653 -0.01130574239 0.0008549216442 0.9748413076 -0.2228983943 0.0114020465 -0.2228934887 -0.974776121 9.938021883e-06 0.04931454517 0
0.2335197625 0.1055579382 0.03825987789 -0.002088369115 0.05922235847 0.505380021 -0.0002662329701 0.01488469482 0.2544166711 -0.9999259138 -0.001875785842 -0.01202698717 0.0009388870811 0.9732260431 -0.2298481836 0.0121361231 -0.229842447 -0.9731521793 1.060876727e-05 0.05088563759 0
0.241630917 0.1092244234 0.03958880944 -0.002235445981 0.06125568317 0.5050546513 -0.0002850331117 0.01540019627 0.2543754796 -0.9999151006 -0.002076998646 -0.01286381041 0.001039676592 0.9713503499 -0.2376497778 0.01298886501 -0.2376429757 -0.9712657234 1.139092491e-05 0.05265311656 0
0.2488408321 0.1124835213 0.04077008193 -0.002370336316 0.06306105209 0.5047562411 -0.0003022812116 0.01585828789 0.2543376886 -0.9999045349 -0.002267405771 -0.01363011475 0.00113506481 0.9696312204 -0.244569025 0.01377072202 -0.2445611483 -0.9695360808 1.211088421e-05 0.05422420897 0
0.2560507472 0.1157426193 0.04195135443 -0.002509132294 0.06486445117 0.5044491908 -0.00032003442 0.01631625158 0.254298791 -0.9998930152 -0.002469003635 -0.01441742688 0.00123607097 0.9678634608 -0.2514732458 0.01457498903 -0.2514641629 -0.9677568623 1.285429388e-05 0.05579530139 0
0.2632606623 0.1190017172 0.04313262692 -0.002651828711 0.06666582432 0.5041335117 -0.0003382925644 0.01677408371 0.2542587871 -0.9998804863 -0.002682096729 -0.01522561601 0.001342849325 0.9660472356 -0.2583620239 0.01540161619 -0.2583515918 -0.9659281781 1.362134689e-05 0.0573663938 0
0.2704705775 0.1222608151 0.04431389941 -0.002798420214 0.06846511552 0.5038092157 -0.0003570554675 0.01723178065 0.2542176774 -0.9998668916 -0.002906987871 -0.01605454784 0.001455553402 0.9641827137 -0.2652349448 0.01625055227 -0.2652230081 -0.9640501416 1.441224112e-05 0.05893748622 0
0.2776804926 0.1255199131 0.0454951719 -0.002948901306 0.07026226889 0.5034763151 -0.0003763229473 0.01768933874 0.2541754622 -0.9998521727 -0.003143978161 -0.01690408456 0.001574335989 0.9622700687 -0.2720915956 0.01712174464 -0.2720779858 -0.9621228692 1.522717928e-05 0.06050857863 0
0.2848904077 0.128779011 0.0466764444 -0.003103266345 0.07205722857 0.5031348221 -0.0003960948165 0.01814675436 0.2541321419 -0.9998362701 -0.003393366938 -0.01777408487 0.001699349112 0.9603094783 -0.2789315651 0.01801513932 -0.2789161001 -0.9601464804 1.606636888e-05 0.06207967105 0
0.2921003228 0.1320381089 0.04785771689 -0.003261509542 0.07384993886 0.5027847498 -0.0004163708833 0.01860402385 0.254087717 -0.9998191225 -0.003655451734 -0.018664404 0.001830744018 0.958301125 -0.285754444 0.01893068093 -0.2857369271 -0.9581210977 1.693002212e-05 0.06365076346 0
0.2993102379 0.1352972069 0.04903898938 -0.003423624965 0.0756403441 0.5024261112 -0.0004371509507 0.01906114358 0.2540421879 -0.9998006674 -0.003930528231 -0.01957489372 0.001968671154 0.9562451953 -0.2925598244 0.01986831272 -0.2925400442 -0.9560468465 1.781835589e-05 0.06522185588 0
0.306520153 0.1385563048 0.05022026187 -0.003589606537 0.07742838875 0.5020589197 -0.0004584348171 0.01951810989 0.2539955551 -0.9997808407 -0.00421889022 -0.02050540238 0.00211328015 0.9541418802 -0.2993473007 0.02082797658 -0.2993250297 -0.9539238555 1.873159173e-05 0.06679294829 0
0.3146313076 0.14222279 0.05154919343 -0.003780949309 0.07943704832 0.5016356231 -0.0004829811064 0.02003200908 0.2539417744 -0.9997568147 -0.004559541084 -0.02157596028 0.002284137415 0.9517192539 -0.3069613077 0.02193385952 -0.3069359417 -0.9514773952 1.978902943e-05 0.06856042726 0
0.3218412227 0.1454818879 0.05273046592 -0.003955125611 0.08121989276 0.5012503028 -0.0005053348533 0.0204886373 0.2538927976 -0.9997338543 -0.004877101315 -0.02254849007 0.00244343834 0.949515899 -0.3137093991 0.02294014234 -0.3136810025 -0.9492512726 2.075593835e-05 0.07013151968 0
0.3290511378 0.1487409858 0.05391173841 -0.004133148141 0.08300020368 0.5008564738 -0.0005281917371 0.02094510071 0.2538427186 -0.9997093131 -0.00520885245 -0.02354054295 0.002609883242 0.9472657836 -0.3204383305 0.02396826684 -0.3204066214 -0.9469768314 2.17484707e-05 0.07170261209 0
0.3362610529 0.1520000837 0.05509301091 -0.00431501023 0.08477792597 0.5004541508 -0.000551551536 0.02140139567 0.2537915378 -0.9996831211 -0.005555080012 -0.02455195331 0.002783618183 0.9449691164 -0.3271477043 0.0250181693 -0.3271123814 -0.9446542125 2.276686646e-05 0.07327370451 0
0.343470968 0.1552591817 0.0562742834 -0.004500705062 0.08655300461 0.5000433488 -0.0005754140232 0.02185751855 0.2537392557 -0.9996552071 -0.005916067412 -0.02558255223 0.002964788307 0.9426261105 -0.3338371248 0.02608978464 -0.333797867 -0.9422835598 2.381136993e-05 0.07484479692 0
0.3506808831 0.1585182796 0.05745555589 -0.004690225683 0.0883253847 0.4996240832 -0.000599778967 0.02231346569 0.2536858728 -0.9996254985 -0.006292095907 -0.02663216747 0.003153537832 0.940236983 -0.3405061983 0.02718304645 -0.3404626638 -0.9398650204 2.488222972e-05 0.07641588934 0
0.3578907982 0.1617773775 0.05863682838 -0.004883564992 0.09009501143 0.4991963697 -0.0006246461308 0.02276923345 0.2536313897 -0.9995939211 -0.006683444556 -0.0277006235 0.003350010024 0.9378019553 -0.3471545334 0.02829788696 -0.3471063586 -0.9373987441 2.597969866e-05 0.07798698175 0
0.3651007134 0.1650364755 0.05981810088 -0.005080715748 0.09186183014 0.4987602244 -0.0006500152734 0.0232248182 0.2535758069 -0.9995603995 -0.007090390182 -0.02878774155 0.003554347183 0.9353212531 -0.3537817408 0.02943423708 -0.3537285399 -0.9348848837 2.710403375e-05 0.07955807417 0
0.3723106285 0.1682955734 0.06099937337 -0.005281670569 0.09362578627 0.4983156636 -0.0006758861483 0.02368021629 0.2535191249 -0.9995248571 -0.007513207327 -0.02989333959 0.003766690624 0.932795106 -0.3603874335 0.03059202638 -0.360328797 -0.9323235951 2.825549612e-05 0.08112916658 0
0.3795205436 0.1715546713 0.06218064586 -0.005486421929 0.09538682537 0.497862704 -0.0007022585046 0.02413542409 0.2534613443 -0.9994872157 -0.007952168215 -0.03101723239 0.003987180659 0.9302237479 -0.3669712266 0.03177118309 -0.3669067209 -0.9297150371 2.943435094e-05 0.082700259 0
0.3867304587 0.1748137693 0.06336191836 -0.005694962162 0.09714489313 0.4974013624 -0.000729132086 0.02459043795 0.2534024656 -0.9994473958 -0.008407542706 -0.03215923153 0.004215956581 0.9276074167 -0.3735327377 0.03297163413 -0.3734619039 -0.9270593712 3.064086743e-05 0.08427135141 0
0.3948416132 0.1784802544 0.06469084991 -0.005934089088 0.09911910019 0.4968723556 -0.000759963661 0.02510209221 0.2533349154 -0.999399894 -0.008939791322 -0.03346538465 0.004483405817 0.9246105887 -0.3808873303 0.03434750225 -0.3808087964 -0.9240156436 3.203160307e-05 0.08603883038 0
0.4020515283 0.1817393524 0.0658721224 -0.006150654582 0.100870674 0.4963932602 -0.0007879014739 0.02555668189 0.2532737053 -0.9993551753 -0.009430929737 -0.03464521975 0.004730246979 0.9218994981 -0.3874002326 0.03559295507 -0.3873143078 -0.9212604238 3.329781242e-05 0.08760992279 0
0.4092614434 0.1849984503 0.06705339489 -0.006370984088 0.1026191076 0.4959058379 -0.0008163396808 0.02601106629 0.2532113991 -0.9993080214 -0.00993930942 -0.0358425521 0.004985802545 0.9191442038 -0.3938896728 0.03685946535 -0.3937958134 -0.9184586203 3.459254995e-05 0.08918101521 0
0.4164713586 0.1882575482 0.06823466739 -0.006595069361 0.1043643471 0.4954101069 -0.0008452780054 0.02646524176 0.2531479973 -0.9992583476 -0.01046519007 -0.03705718041 0.005250207415 0.9163449605 -0.4003552781 0.0381469546 -0.4002529116 -0.9156104066 3.591610085e-05 0.09075210763 0
0.4236812737 0.1915166461 0.06941593988 -0.006822902017 0.1061063388 0.4949060858 -0.0008747161671 0.02691920468 0.2530835005 -0.9992060677 -0.01100882883 -0.03828890029 0.00552359538 0.9135020264 -0.4067966786 0.039455343 -0.406685202 -0.9127159593 3.726875403e-05 0.09232320004 0
0.4308911888 0.1947757441 0.07059721237 -0.007054473533 0.1078450293 0.4943937935 -0.0009046538799 0.02737295143 0.2530179094 -0.9991510945 -0.01157048023 -0.03953750435 0.005806099106 0.9106156638 -0.4132135066 0.04078454948 -0.4130922861 -0.9097754579 3.86508021e-05 0.09389429246 0
0.4381011039 0.198034842 0.07177848487 -0.007289775247 0.1095803651 0.493873249 -0.0009350908534 0.02782647838 0.2529512246 -0.9990933394 -0.01215039618 -0.0408027822 0.006097850115 0.907686139 -0.4196053971 0.04213449165 -0.4194737667 -0.9067890845 4.00625413e-05 0.09546538487 0
0.445311019 0.2012939399 0.07295975736 -0.00752879836 0.111312293 0.4933444719 -0.000966026792 0.0282797819 0.2528834468 -0.9990327125 -0.01274882587 -0.04208452045 0.006398978771 0.904713722 -0.4259719877 0.04350508583 -0.4258292483 -0.9037570242 4.150427146e-05 0.09703647729 0
0.4525209341 0.2045530379 0.07414102985 -0.007771533933 0.1130407599 0.492807482 -0.0009974613956 0.02873285838 0.2528145766 -0.9989691227 -0.01336601583 -0.04338250277 0.006709614263 0.9016986866 -0.4323129186 0.04489624708 -0.4321583369 -0.9006794651 4.297629593e-05 0.0986075697 0
0.4597308493 0.2078121358 0.07532230234 -0.008017972891 0.1147657128 0.4922622992 -0.001029394359 0.02918570419 0.2527446148 -0.9989024778 -0.01400220978 -0.04469650992 0.00702988459 0.8986413105 -0.4386278329 0.04630788918 -0.4384606404 -0.8975565978 4.447892154e-05 0.1001786621 0
0.4678420038 0.211478621 0.0766512339 -0.008299631947 0.1167020188 0.4916392011 -0.001065914252 0.02969487552 0.2526646036 -0.998823734 -0.01474094361 -0.04619364593 0.007401863167 0.8951515025 -0.4457005722 0.04792035856 -0.4455182288 -0.8939894558 4.620633972e-05 0.1019461411 0
0.4750519189 0.2147377189 0.07783250639 -0.008553909842 0.1184193293 0.4910766767 -0.001098905195 0.03014721917 0.2525923242 -0.9987502852 -0.01541831759 -0.04754096469 0.007743026976 0.8920050912 -0.4519590278 0.04937523037 -0.4517623189 -0.8907709548 4.777502712e-05 0.1035172335 0
0.482261834 0.2179968168 0.07901377888 -0.008811861882 0.1201329612 0.4905060242 -0.001132393513 0.03059932086 0.2525189554 -0.9986734852 -0.01611543912 -0.04890360462 0.008094217755 0.8888172308 -0.4581903686 0.05085030542 -0.4579784087 -0.8875077597 4.937529638e-05 0.1050883259 0
0.4894717491 0.2212559148 0.08019505138 -0.009073478428 0.1218428623 0.4899272649 -0.001166378881 0.03105117699 0.2524444977 -0.998593237 -0.0168325402 -0.05028133472 0.00845555842 0.8855882142 -0.4643942489 0.05234549228 -0.464166113 -0.8842000729 5.100746815e-05 0.1066594183 0
0.4966816642 0.2245150127 0.08137632387 -0.009338749707 0.1235489803 0.4893404205 -0.00120086097 0.03150278394 0.2523689519 -0.9985094422 -0.0175698499 -0.05167392123 0.008827170611 0.8823183379 -0.470570326 0.05386069829 -0.4703250483 -0.8808480993 5.267186633e-05 0.1082305107 0
0.5038915793 0.2277741106 0.08255759636 -0.009607665811 0.1252512631 0.4887455129 -0.001235839444 0.03195413812 0.2522923189 -0.9984220015 -0.01832759429 -0.05308112767 0.009209174684 0.8790079019 -0.4767182601 0.05539582952 -0.4764548328 -0.8774520468 5.436881796e-05 0.1098016032 0
0.5111014945 0.2310332085 0.08373886885 -0.009880216698 0.126949659 0.4881425642 -0.001271313964 0.03240523592 0.2522145993 -0.9983308144 -0.01910599646 -0.05450271481 0.009601689688 0.8756572099 -0.4828377142 0.05695079084 -0.4825550866 -0.8740121257 5.609865323e-05 0.1113726956 0
0.5183114096 0.2342923065 0.08492014135 -0.01015639219 0.1286441162 0.487531597 -0.001307284186 0.03285607375 0.2521357939 -0.9982357792 -0.01990527643 -0.05593844078 0.01000483336 0.8722665691 -0.4889283544 0.05852548587 -0.4886254316 -0.8705285493 5.786170542e-05 0.112943788 0
0.5255213247 0.2375514044 0.08610141384 -0.01043618198 0.1303345831 0.4869126342 -0.001343749761 0.033306648 0.2520559035 -0.9981367931 -0.02072565116 -0.05738806104 0.01041872209 0.86883629 -0.4949898499 0.060119817 -0.4946654916 -0.8670015334 5.965831082e-05 0.1145148804 0
0.5327312398 0.2408105023 0.08728268633 -0.01071957563 0.1320210083 0.4862856987 -0.001380710335 0.03375695509 0.2519749289 -0.9980337525 -0.0215673345 -0.05885132845 0.01084347094 0.8653666866 -0.5010218726 0.06173368542 -0.5006748922 -0.8634312968 6.148880875e-05 0.1160859728 0
0.5399411549 0.2440696003 0.08846395882 -0.01100656255 0.1337033407 0.485650814 -0.001418165549 0.03420699142 0.2518928708 -0.9979265525 -0.02243053713 -0.06032799329 0.01127919359 0.8618580765 -0.5070240977 0.06336699111 -0.506653261 -0.8598180607 6.335354144e-05 0.1176570652 0
0.5480523094 0.2477360854 0.08979289038 -0.01133370459 0.1355910089 0.4849270965 -0.001460893461 0.03471295419 0.2517992614 -0.9978008488 -0.02342762065 -0.06200494113 0.01178263849 0.8578646645 -0.5137405832 0.06522756752 -0.5133413718 -0.8557020512 6.549271682e-05 0.1194245442 0
0.5552622245 0.2509951834 0.09097416287 -0.01162829151 0.1372644747 0.4842753987 -0.001499398573 0.03516240325 0.2517149037 -0.9976844571 -0.02433723685 -0.06350923474 0.01224205167 0.8542742343 -0.5196784244 0.06690183978 -0.51925257 -0.851998188 6.743134794e-05 0.1209956366 0
0.5624721397 0.2542542813 0.09215543536 -0.01192643781 0.1389336887 0.4836158268 -0.001538397173 0.03561157036 0.2516294651 -0.9975635717 -0.02526901015 -0.06502612912 0.01271278499 0.8506458109 -0.525585473 0.06859522898 -0.5251315849 -0.8482520339 6.940530184e-05 0.122566729 0
0.5696820548 0.2575133792 0.09333670786 -0.01222813237 0.1405986004 0.4829484053 -0.001577888883 0.03606045193 0.2515429465 -0.9974380836 -0.02622313794 -0.06655536423 0.01319494639 0.8469797253 -0.5314614175 0.07030763017 -0.5309780522 -0.8444638212 7.141493247e-05 0.1241378214 0
0.5768919699 0.2607724772 0.09451798035 -0.01253336395 0.1422591594 0.482273159 -0.001617873319 0.03650904438 0.2514553487 -0.9973078825 -0.02719981431 -0.06809667764 0.01368864234 0.8432763119 -0.537305949 0.07203893722 -0.5367916094 -0.8406337845 7.346059648e-05 0.1257089139 0
0.584101885 0.2640315751 0.09569925284 -0.01284212116 0.1439153157 0.4815901131 -0.001658350095 0.03695734416 0.2513666725 -0.9971728577 -0.02819923 -0.06964980455 0.01419397789 0.839535908 -0.5431187624 0.07378904281 -0.5425718962 -0.8367621613 7.554265323e-05 0.1272800063 0
0.5913118001 0.267290673 0.09688052533 -0.01315439251 0.1455670193 0.4808992932 -0.001699318816 0.03740534767 0.2512769189 -0.9970328971 -0.02922157236 -0.07121447781 0.01471105661 0.8357588543 -0.5488995557 0.07555783847 -0.5483185544 -0.8328491916 7.76614647e-05 0.1288510987 0
0.5985217152 0.2705497709 0.09806179783 -0.01347016635 0.1472142203 0.4802007248 -0.001740779085 0.03785305137 0.2511860887 -0.9968878878 -0.03026702538 -0.07279042796 0.01523998061 0.8319454945 -0.55464803 0.07734521459 -0.5540312278 -0.8288951179 7.98173955e-05 0.1304221911 0
0.6057316304 0.2738088689 0.09924307032 -0.01378943093 0.1488568692 0.4794944342 -0.001782730501 0.03830045168 0.2510941827 -0.996737716 -0.03133576959 -0.07437738328 0.01578085051 0.8280961752 -0.5603638901 0.07915106036 -0.5597095623 -0.8249001852 8.201081278e-05 0.1319932835 0
0.6129415455 0.2770679668 0.1004243428 -0.01411217434 0.1504949167 0.4787804474 -0.001825172656 0.03874754504 0.251001202 -0.9965822669 -0.03242798209 -0.0759750698 0.01633376541 0.8242112462 -0.5660468441 0.08097526388 -0.565353206 -0.8208646411 8.424208624e-05 0.1335643759 0
0.6210527 0.280734452 0.1017532744 -0.01447940402 0.1523321586 0.4779680463 -0.001873506153 0.03925015375 0.2508953152 -0.9964009349 -0.03368498909 -0.07778495034 0.01697031371 0.8197985757 -0.572400475 0.08304929525 -0.5716604034 -0.8162764224 8.679798236e-05 0.1353318549 0
0.6282626151 0.2839935499 0.1029345469 -0.01480949992 0.1539602647 0.4772377941 -0.001916989755 0.03969658305 0.2508000536 -0.9962338868 -0.03482764371 -0.07940452104 0.01754914645 0.8158391508 -0.5780125495 0.08491213215 -0.5772291704 -0.8121554129 8.911093903e-05 0.1369029473 0
0.6354725302 0.2872526478 0.1041158194 -0.01514303668 0.1555836161 0.4764999299 -0.001960962793 0.04014269431 0.2507037201 -0.9960611974 -0.03599429742 -0.0810339528 0.01814032413 0.8118452282 -0.5835908276 0.08679296972 -0.5827621607 -0.8079945819 9.146292305e-05 0.1384740397 0
0.6426824453 0.2905117458 0.1052970918 -0.0154800019 0.1572021644 0.4757544811 -0.002005424841 0.04058848397 0.2506063156 -0.9958827484 -0.03718511273 -0.08267296283 0.01874393957 0.8078171695 -0.5891350316 0.08869169139 -0.5882590314 -0.8037941875 9.385431415e-05 0.1400451322 0
0.6498923604 0.2937708437 0.1064783643 -0.01582038304 0.158815861 0.4750014755 -0.002050375467 0.04103394849 0.2505078412 -0.9956984207 -0.03840024858 -0.08432126628 0.01936008398 0.8037553392 -0.5946448872 0.09060817947 -0.5937194418 -0.7995544898 9.628549442e-05 0.1416162246 0
0.6571022756 0.2970299416 0.1076596368 -0.01616416743 0.1604246578 0.474240941 -0.002095814235 0.04147908433 0.2504082977 -0.9955080943 -0.03963986028 -0.08597857629 0.01998884705 0.7996601046 -0.6001201239 0.09254231517 -0.5991430535 -0.7952757518 9.875684824e-05 0.143187317 0
0.6643121907 0.3002890396 0.1088409093 -0.01651134231 0.1620285067 0.473472906 -0.002141740705 0.04192388796 0.2503076861 -0.9953116487 -0.04090409947 -0.08764460404 0.02063031684 0.7955318358 -0.6055604745 0.09449397864 -0.6045295302 -0.7909582385 0.0001012687623 0.1447584094 0
0.6715221058 0.3035481375 0.1100221818 -0.01686189475 0.1636273601 0.472697399 -0.00218815443 0.04236835585 0.2502060075 -0.9951089623 -0.04219311414 -0.08931905876 0.02128457984 0.7913709053 -0.6109656757 0.09646304889 -0.6098785382 -0.7866022176 0.0001038216254 0.1463295018 0
0.6787320209 0.3068072354 0.1112034543 -0.01721581173 0.1652211702 0.4719144487 -0.002235054961 0.04281248446 0.2501032628 -0.994899913 -0.04350704857 -0.09100164779 0.02195172091 0.7871776885 -0.6163354677 0.09844940389 -0.6151897459 -0.7822079592 0.0001064158288 0.1479005942 0
0.685941936 0.3100663333 0.1123847268 -0.0175730801 0.1668098898 0.4711240845 -0.002282441842 0.04325627028 0.249999453 -0.9946843777 -0.04484604331 -0.09269207661 0.02263182332 0.7829525632 -0.6216695942 0.1004529205 -0.6204628242 -0.7777757354 0.0001090517657 0.1494716866 0
0.6931518511 0.3133254313 0.1135659993 -0.01793368658 0.1683934716 0.4703263355 -0.002330314613 0.04369970977 0.2498945792 -0.994462233 -0.04621023515 -0.09439004889 0.02332496868 0.7786959099 -0.6269678028 0.1024734746 -0.6256974461 -0.7733058211 0.0001117298316 0.1510427791 0
0.7012630057 0.3169919164 0.1148949308 -0.01834334229 0.1701688014 0.4694200777 -0.002384751694 0.04419816086 0.2497753256 -0.9942042648 -0.0477752349 -0.09630891321 0.02412044715 0.773869966 -0.6328850446 0.1047668071 -0.6315400246 -0.7682324606 0.0001147935082 0.152810258 0
0.7084729208 0.3202510144 0.1160762033 -0.01871099764 0.1717413099 0.4686067349 -0.002433655436 0.04464085275 0.2496681941 -0.993967661 -0.0491934076 -0.0980219233 0.02484157231 0.7695475901 -0.6381061062 0.1068231486 -0.6366918526 -0.7636833766 0.0001175624209 0.1543813504 0
0.7156828359 0.3235101123 0.1172574758 -0.01908194886 0.1733085346 0.4677861008 -0.002483043601 0.04508318734 0.2495600018 -0.9937240569 -0.05063718051 -0.09974153948 0.02557598489 0.765194891 -0.6432904848 0.1088961328 -0.6418042184 -0.7590974756 0.0001203747119 0.1559524429 0
0.722892751 0.3267692102 0.1184387483 -0.01945618217 0.1748704293 0.4669582059 -0.002532915711 0.04552516112 0.2494507498 -0.9934733259 -0.05210667473 -0.1014674583 0.02632375969 0.7608122589 -0.6484379434 0.1109856312 -0.6468768053 -0.7544750417 0.0001232307852 0.1575235353 0
0.7301026661 0.3300283082 0.1196200208 -0.01983368369 0.1764269479 0.466123081 -0.002583271282 0.04596677059 0.2493404391 -0.9932153411 -0.05360200749 -0.1031993748 0.02708496981 0.7564000867 -0.6535482486 0.1130915141 -0.6519092986 -0.7498163614 0.0001261310468 0.1590946277 0
0.7373125812 0.3332874061 0.1208012933 -0.02021443941 0.1779780446 0.465280757 -0.002634109825 0.04640801226 0.2492290708 -0.9929499748 -0.05512329216 -0.1049369822 0.02785968667 0.7519587694 -0.6586211711 0.1152136512 -0.6569013867 -0.7451217235 0.0001290759048 0.1606657201 0
0.7445224963 0.336546504 0.1219825658 -0.02059843522 0.1795236737 0.4644312651 -0.002685430848 0.04684888263 0.2491166461 -0.9926770987 -0.05667063816 -0.1066799725 0.02864798002 0.7474887042 -0.6636564851 0.1173519109 -0.6618527599 -0.7403914189 0.0001320657692 0.1622368125 0
0.7517324115 0.339805602 0.1231638383 -0.02098565688 0.18106379 0.4635746369 -0.002737233851 0.04728937821 0.2490031659 -0.992396584 -0.05824415104 -0.1084280359 0.02944991785 0.7429902906 -0.6686539691 0.1195061607 -0.6667631115 -0.7356257409 0.0001351010517 0.1638079049 0
0.7589423266 0.3430646999 0.1243451108 -0.02137609003 0.1825983482 0.4627109041 -0.002789518334 0.04772949552 0.2488886315 -0.9921083013 -0.05984393235 -0.1101808614 0.03026556647 0.7384639301 -0.673613405 0.121676267 -0.6716321372 -0.7308249848 0.0001381821662 0.1653789973 0
0.7661522417 0.3463237978 0.1255263833 -0.0217697202 0.1841273034 0.4618400987 -0.002842283789 0.04816923106 0.2487730439 -0.9918121208 -0.06147007973 -0.1119381364 0.03109499045 0.7339100264 -0.6785345789 0.1238620953 -0.676459535 -0.7259894482 0.0001413095283 0.1669500898 0
0.7742633962 0.349990283 0.1268553148 -0.02221635744 0.185840625 0.4608520288 -0.0029022192 0.0486634729 0.2486417505 -0.9914693148 -0.06333112764 -0.1139199985 0.03204463646 0.728754467 -0.6840249031 0.1263397762 -0.681840227 -0.7205082691 0.0001448836111 0.1687175687 0
0.7814733113 0.3532493809 0.1280365873 -0.02261673274 0.1873575258 0.4599663015 -0.002956005015 0.04910238567 0.2485239288 -0.9911559176 -0.0650136088 -0.1156856848 0.03290353956 0.7241433832 -0.6888640777 0.1285585629 -0.6865781756 -0.7155998216 0.000148110638 0.1702886611 0
0.7886832264 0.3565084788 0.1292178598 -0.02302025912 0.1888686846 0.4590736032 -0.003010270187 0.04954090583 0.2484050575 -0.9908342133 -0.06672273532 -0.1174548353 0.03377640858 0.7195060305 -0.693664347 0.130792645 -0.6912735701 -0.7106575373 0.0001513852235 0.1718597536 0
0.7958931415 0.3597675768 0.1303991323 -0.02342692165 0.1903740577 0.4581739671 -0.00306501419 0.04997902991 0.2482851378 -0.99050407 -0.06845858829 -0.1192271322 0.03466330091 0.7148428205 -0.6984255133 0.1330418841 -0.6959261195 -0.7056817224 0.0001547077906 0.173430846 0
0.8031030567 0.3630266747 0.1315804048 -0.02383670528 0.1918736012 0.4572674263 -0.003120236492 0.05041675445 0.2481641708 -0.9901653553 -0.07022124473 -0.1210022561 0.03556427214 0.7101541668 -0.7031473828 0.1353061408 -0.7005355353 -0.7006726854 0.0001580787644 0.1750019384 0
0.8103129718 0.3662857726 0.1327616773 -0.02424959484 0.1933672716 0.4563540145 -0.003175936559 0.050854076 0.2480421579 -0.9898179364 -0.0720107776 -0.1227798869 0.03647937609 0.7054404848 -0.707829766 0.1375852748 -0.705101532 -0.6956307367 0.0001614985715 0.1765730308 0
0.8175228869 0.3695448706 0.1339429498 -0.02466557508 0.1948550258 0.4554337653 -0.00323211385 0.05129099111 0.2479191 -0.9894616802 -0.07382725577 -0.1245597032 0.03740866481 0.7007021916 -0.712472477 0.1398791448 -0.7096238264 -0.6905561888 0.0001649676403 0.1781441232 0
0.824732802 0.3728039685 0.1351242223 -0.0250846306 0.1963368207 0.4545067128 -0.00328876782 0.05172749632 0.2477949986 -0.9890964531 -0.07567074402 -0.1263413824 0.03835218856 0.6959397061 -0.7170753344 0.1421876086 -0.7141021384 -0.6854493562 0.0001684864011 0.1797152156 0
0.8319427171 0.3760630664 0.1363054948 -0.02550674592 0.1978126137 0.4535728913 -0.00334589792 0.05216358821 0.2476698547 -0.9887221212 -0.07754130303 -0.1281246011 0.0393099958 0.6911534487 -0.7216381605 0.1445105232 -0.7185361903 -0.6803105555 0.0001720552855 0.1812863081 0
0.8391526322 0.3793221644 0.1374867673 -0.02593190545 0.1992823621 0.4526323353 -0.003403503596 0.05259926331 0.2475436696 -0.9883385501 -0.07943898933 -0.1299090347 0.04028213318 0.6863438415 -0.7261607818 0.1468477445 -0.7229257073 -0.6751401052 0.0001756747272 0.1828574005 0
0.8472637868 0.3829886495 0.1388156988 -0.02641382914 0.2009285514 0.4515662033 -0.003468877748 0.05308889536 0.2474004683 -0.9878958215 -0.08160637711 -0.1319175695 0.04139297253 0.6809056506 -0.7312004628 0.1494940392 -0.7278103422 -0.6692859165 0.0001798075727 0.1846248794 0
0.8544737019 0.3862477475 0.1399969713 -0.02684540533 0.2023853153 0.450611452 -0.003527492162 0.05352367343 0.2472720748 -0.98749217 -0.08356187773 -0.1337035032 0.04239570815 0.6760478335 -0.7356370917 0.1518611804 -0.7321043227 -0.6640492772 0.0001835358954 0.1861959718 0
0.861683617 0.3895068454 0.1411782438 -0.0272799763 0.2038359034 0.4496500757 -0.003586580391 0.05395802401 0.247142644 -0.9870788578 -0.08554465562 -0.1354896319 0.04341290807 0.6711679955 -0.7400330001 0.1542421728 -0.7363529274 -0.6587819961 0.0001873161406 0.1877670643 0
0.8688935321 0.3927659433 0.1423595163 -0.027717526 0.2052802745 0.4486821096 -0.003646141862 0.05439194368 0.2470121772 -0.9866557494 -0.08755475015 -0.1372756273 0.04444461144 0.6662665646 -0.7443880315 0.1566368687 -0.740555893 -0.6534843998 0.0001911487486 0.1893381567 0
0.8761034472 0.3960250412 0.1435407888 -0.0281580383 0.2067183871 0.4477075895 -0.003706175997 0.05482542903 0.2468806756 -0.9862227091 -0.08959219653 -0.1390611608 0.04549085561 0.6613439704 -0.7487020334 0.1590451199 -0.7447129589 -0.6481568165 0.0001950341611 0.1909092491 0
0.8833133623 0.3992841392 0.1447220613 -0.02860149695 0.2081502005 0.4467265514 -0.003766682215 0.05525847665 0.2467481405 -0.9857796008 -0.09165702578 -0.1408459025 0.04655167608 0.6564006438 -0.7529748577 0.161466777 -0.7488238674 -0.6427995764 0.0001989728215 0.1924803415 0
0.8905232774 0.4025432371 0.1459033338 -0.0290478856 0.2095756738 0.4457390315 -0.003827659929 0.05569108312 0.2466145733 -0.9853262885 -0.09374926467 -0.1426295223 0.04762710651 0.6514370168 -0.7572063602 0.16390169 -0.7528883639 -0.6374130117 0.0002029651748 0.1940514339 0
0.8977331926 0.405802335 0.1470846063 -0.02949718781 0.2109947667 0.444745066 -0.003889108547 0.05612324506 0.2464799753 -0.9848626357 -0.09586893581 -0.1444116891 0.04871717872 0.6464535227 -0.761396401 0.1663497078 -0.7569061964 -0.6319974562 0.0002070116675 0.1956225263 0
0.9049431077 0.409061433 0.1482658788 -0.029949387 0.2124074391 0.4437446917 -0.003951027474 0.05655495906 0.2463443477 -0.984388506 -0.09801605754 -0.1461920714 0.04982192268 0.641450596 -0.7655448444 0.1688106789 -0.7608771158 -0.6265532455 0.0002111127476 0.1971936188 0
0.9121530228 0.4123205309 0.1494471513 -0.03040446655 0.2138136509 0.4427379454 -0.004013416109 0.05698622174 0.2462076919 -0.9839037627 -0.100190644 -0.1479703372 0.05094136649 0.6364286723 -0.769651559 0.1712844506 -0.764800876 -0.621080717 0.0002152688646 0.1987647112 0
0.9193629379 0.4155796288 0.1506284237 -0.03086240968 0.2152133627 0.4417248641 -0.004076273847 0.0574170297 0.2460700092 -0.9834082689 -0.102392705 -0.1497461538 0.05207553643 0.6313881881 -0.7737164173 0.1737708696 -0.7686772339 -0.61558021 0.0002194804696 0.2003358036 0
0.9274740924 0.419246114 0.1519573553 -0.03138099759 0.2167802197 0.4405776219 -0.00414754877 0.05790114093 0.2459138905 -0.9828378179 -0.1049028713 -0.1517406053 0.05336911021 0.6256960027 -0.7782391986 0.1765830167 -0.7729811769 -0.6093591211 0.0002242854142 0.2021032826 0
0.9346840075 0.4225052119 0.1531386278 -0.03184496975 0.2181659883 0.4395512029 -0.004211401324 0.05833097141 0.2457740302 -0.9823190249 -0.1071633293 -0.1535101111 0.05453465182 0.6206175317 -0.7822147091 0.1790957987 -0.7767560107 -0.6038002937 0.0002286164355 0.203674375 0
0.9418939227 0.4257643099 0.1543199003 -0.0323117525 0.2195451347 0.4385185662 -0.004275721063 0.05876033663 0.2456331474 -0.9817890534 -0.1094512653 -0.1552761256 0.05571498959 0.615521871 -0.7861479926 0.1816207439 -0.7804827012 -0.5982145589 0.0002330043639 0.2052454674 0
0.9491038378 0.4290234078 0.1555011728 -0.03278132868 0.2209176204 0.4374797498 -0.004340507362 0.05918923322 0.2454912432 -0.9812477663 -0.1117666717 -0.1570383147 0.05691014207 0.6104094608 -0.7900389394 0.1841576958 -0.7841610174 -0.5926022628 0.0002374496564 0.2068165598 0
0.9563137529 0.4322825057 0.1566824453 -0.03325368102 0.222283407 0.4364347919 -0.004405759595 0.05961765782 0.2453483193 -0.9806950264 -0.1141095365 -0.1587963437 0.05812012594 0.6052807426 -0.7938874439 0.1867064971 -0.7877907313 -0.5869637532 0.0002419527716 0.2083876522 0
0.963523668 0.4355416036 0.1578637178 -0.03372879218 0.2236424566 0.4353837308 -0.004471477127 0.06004560708 0.2452043769 -0.9801306967 -0.1164798435 -0.1605498781 0.05934495602 0.6001361582 -0.7976934046 0.18926699 -0.7913716179 -0.5812993797 0.0002465141696 0.2099587446 0
0.9707335831 0.4388007016 0.1590449903 -0.0342066447 0.2249947316 0.4343266051 -0.004537659322 0.06047307765 0.2450594175 -0.9795546401 -0.1188775721 -0.1622985828 0.06058464523 0.5949761504 -0.8014567245 0.1918390156 -0.7949034554 -0.5756094933 0.0002511343117 0.211529837 0
0.9779434982 0.4420597995 0.1602262628 -0.03468722103 0.2263401944 0.4332634537 -0.004604305539 0.06090006617 0.2449134424 -0.9789667193 -0.1213026976 -0.1640421229 0.06183920461 0.5898011624 -0.8051773107 0.1944224146 -0.7983860247 -0.5698944466 0.0002558136609 0.2131009295 0
0.9851534133 0.4453188974 0.1614075352 -0.03517050355 0.2276788081 0.4321943155 -0.004671415131 0.06132656932 0.2447664532 -0.9783667974 -0.1237551909 -0.165780163 0.06310864333 0.5846116382 -0.8088550746 0.1970170268 -0.8018191101 -0.564154594 0.0002605526813 0.2146720219 0
0.9923633285 0.4485779954 0.1625888077 -0.03565647452 0.2290105356 0.4311192299 -0.004738987448 0.06175258376 0.2446184512 -0.9777547374 -0.1262350185 -0.1675123682 0.06439296867 0.5794080222 -0.8124899319 0.1996226915 -0.8052024987 -0.558390291 0.0002653518386 0.2162431143 0
1.000474483 0.4522444805 0.1639177393 -0.03620638321 0.2305004525 0.4299026985 -0.004815558591 0.06223126169 0.2444507402 -0.9770514908 -0.1290574507 -0.1694537068 0.06585563547 0.5735376643 -0.8165277601 0.2025670743 -0.8089491468 -0.5518766695 0.0002708233545 0.2180105933 0
1.007684398 0.4555035785 0.1650990118 -0.03669800785 0.2318174261 0.4288151055 -0.004884112019 0.06265622657 0.244300591 -0.9764131831 -0.1315952335 -0.1711723994 0.06717161042 0.5683055813 -0.8200711804 0.2051956884 -0.8122262374 -0.5460615979 0.0002757518552 0.2195816857 0
1.014894313 0.4587626764 0.1662802843 -0.03719226495 0.2331274002 0.4277216889 -0.004953126111 0.06308069234 0.2441494336 -0.9757623101 -0.1341602187 -0.1728842095 0.06850248257 0.5630607985 -0.8235714584 0.207834848 -0.8154529863 -0.5402231975 0.0002807419568 0.2211527781 0
1.022104228 0.4620217743 0.1674615568 -0.03768913639 0.2344303391 0.4266224888 -0.005022600198 0.06350465571 0.2439972695 -0.9750987353 -0.1367523553 -0.1745888021 0.06984825141 0.5578037621 -0.8270285272 0.2104843896 -0.8186291934 -0.53436183 0.0002857941308 0.2227238705 0
1.029314143 0.4652808723 0.1686428293 -0.038188604 0.2357262076 0.4255175453 -0.005092533606 0.06392811335 0.2438441001 -0.9744223223 -0.1393715878 -0.1762858424 0.07120891454 0.5525349185 -0.8304423245 0.2131441489 -0.8217546619 -0.5284778589 0.0002909088497 0.2242949629 0
