0.01005555125 0.01035721778 0 -8.852448171e-06 0.00256412104 0.5099914054 -1.11383301e-06 0.0006392358457 0.2549989306 -0.9999999987 -3.431131227e-07 -5.155302631e-05 1.726884426e-07 0.9999499494 -0.01000492947 5.155387888e-05 -0.01000492946 -0.9999499481 7.32548668e-08 0
0.02050426423 0.02111939215 0 -3.680660114e-05 0.005228209861 0.5099642654 -4.660836257e-06 0.001306263939 0.2549955245 -0.999999977 -2.913993215e-06 -0.0002143306599 1.458707068e-06 0.9997919223 -0.02039882634 0.0002143455045 -0.02039882619 -0.9997918993 7.137620228e-08 0
0.03025639634 0.03116408823 0 -8.014004523e-05 0.007714168124 0.5099221941 -1.017461907e-05 0.001929180329 0.2549902296 -0.9999998911 -9.363627559e-06 -0.0004666145654 4.683727141e-06 0.9995470205 -0.03009574433 0.0004666850039 -0.03009574323 -0.9995469116 5.402010155e-08 0
0.04000852845 0.0412087843 0 -0.0001401166265 0.01019937045 0.5098639644 -1.781163585e-05 0.002551954003 0.2549828958 -0.9999996671 -2.164671277e-05 -0.0008156978966 1.082446019e-05 0.9992081907 -0.03978682479 0.0008159132734 -0.03978682038 -0.9992078579 2.612232669e-07 0
0.05045724143 0.05197095867 0 -0.0002228379841 0.01286097172 0.5097836524 -2.834818088e-05 0.003219025613 0.2549727774 -0.999999158 -4.341037303e-05 -0.001296981138 2.170283188e-05 0.9987411186 -0.05016151446 0.001297525923 -0.05016150037 -0.9987402767 5.661831634e-07 0
0.06020937354 0.06201565475 0 -0.0003172649771 0.01534383373 0.5096919758 -4.037840035e-05 0.003841466881 0.2549612246 -0.9999982932 -7.373573811e-05 -0.001846111161 3.685763799e-05 0.9982083085 -0.05983453426 0.001847215443 -0.05983450018 -0.9982066021 9.228055283e-07 0
0.07065808652 0.07277782911 0 -0.000436874268 0.01800236832 0.5095758502 -5.562015833e-05 0.004508205832 0.2549465877 -0.9999967638 -0.0001191221469 -0.002541291199 5.953377994e-05 0.9975339504 -0.07018557068 0.002543384905 -0.07018549484 -0.9975307151 1.380646287e-06 0
0.08041021863 0.08282252519 0 -0.000565704033 0.02048184657 0.5094507728 -7.204061784e-05 0.005130342559 0.2549308189 -0.999994574 -0.0001754872849 -0.003289567784 8.768774426e-05 0.9968082879 -0.07983250864 0.003293078021 -0.07983236392 -0.9968028638 1.878762298e-06 0
0.09016235074 0.09286722127 0 -0.0007111198417 0.02295931836 0.5093095924 -9.057961896e-05 0.005752324959 0.2549130156 -0.9999914262 -0.0002472670232 -0.004133565357 0.0001235308491 0.995990049 -0.08946399841 0.004139111459 -0.08946374199 -0.9959814791 2.445956637e-06 0
0.1006110637 0.1036293956 0 -0.0008853084629 0.02561125038 0.5091404772 -0.0001127930599 0.006418552363 0.2548916837 -0.9999867121 -0.0003433693858 -0.005143702713 0.0001715033463 0.9950110923 -0.09976420561 0.005152297229 -0.09976376211 -0.9949978119 3.131535703e-06 0
0.1103631958 0.1136740917 0 -0.001065024481 0.0280837949 0.5089659956 -0.0001357184301 0.007040182048 0.2548696681 -0.9999807707 -0.0004529204199 -0.006184913426 0.0002261689681 0.9940024232 -0.1093578143 0.00619734932 -0.1093571102 -0.9939832067 3.845486432e-06 0
0.1201153279 0.1237187878 0 -0.001261267845 0.03055358916 0.5087754681 -0.0001607602549 0.007661622212 0.2548456199 -0.9999730328 -0.0005835033449 -0.007320740447 0.0002913038422 0.9929025611 -0.1189303129 0.007338178174 -0.1189292383 -0.9928756153 4.632508953e-06 0
0.1305640409 0.1344809622 0 -0.001489842643 0.033196471 0.5085535508 -0.0001899384849 0.008327224992 0.2548175995 -0.9999623751 -0.0007488032446 -0.008642200479 0.0003737189122 0.9916235579 -0.1291610616 0.008666525809 -0.1291594317 -0.9915859683 5.558745422e-06 0
0.140316173 0.1445256582 0 -0.001720245647 0.03565980055 0.5083298586 -0.0002193617671 0.008948228159 0.2547893438 -0.9999498411 -0.0009286795564 -0.009972600598 0.0004633584098 0.9903365709 -0.1386840355 0.01000502411 -0.1386817002 -0.9902864664 6.50263747e-06 0
0.1500683051 0.1545703543 0 -0.001967098992 0.03811963942 0.5080901952 -0.0002508988319 0.009568997977 0.2547590581 -0.9999344172 -0.001135088424 -0.01139617406 0.0005661686254 0.9889601969 -0.1481803242 0.01143856031 -0.1481770583 -0.9888946955 7.525207567e-06 0
0.1605170181 0.1653325287 0 -0.002249806569 0.04075103462 0.5078157218 -0.0002870330537 0.01023383255 0.2547243576 -0.9999142185 -0.001387683729 -0.01302420909 0.0006919137312 0.9873870889 -0.1583232703 0.01307963852 -0.1583187007 -0.9873014292 8.710504543e-06 0
0.1702691502 0.1753772247 0 -0.002530641162 0.0432028793 0.5075430668 -0.0003229453992 0.01085407119 0.2546898701 -0.9998914747 -0.001654634707 -0.01463902169 0.0008247263675 0.9858277608 -0.1677585938 0.01470913316 -0.1677524609 -0.985719409 9.902833105e-06 0
0.1800212824 0.1854219208 0 -0.002827830886 0.04565049719 0.5072545331 -0.0003609682328 0.01147403001 0.2546533558 -0.9998644995 -0.001953471748 -0.01634523331 0.0009733119919 0.9841812644 -0.1771617662 0.01643275289 -0.1771536697 -0.984046006 1.118062319e-05 0
0.1904699953 0.1961840952 0 -0.00316435794 0.04826798343 0.5069278078 -0.0004040476047 0.01213794358 0.2546119856 -0.9998303457 -0.002310976157 -0.01827400547 0.001150948232 0.9823213515 -0.1871989256 0.01838355801 -0.1871881989 -0.9821520366 1.264727979e-05 0
0.2002221274 0.2062287913 0 -0.003495312934 0.05070608751 0.5066064923 -0.0004464382443 0.01275727372 0.2545712767 -0.9997930211 -0.002681268205 -0.02016744441 0.001334807756 0.9804969149 -0.1965299421 0.02030106651 -0.1965161842 -0.9802903937 1.410992958e-05 0
0.2106708404 0.2169909656 0 -0.003867929978 0.05331283408 0.5062447282 -0.000494194392 0.01342047814 0.254525415 -0.9997465651 -0.003119181441 -0.02229520712 0.001552079448 0.9784483626 -0.2064858176 0.02245877563 -0.2064680908 -0.9781955484 1.578057242e-05 0
0.2204229725 0.2270356617 0 -0.004232483503 0.05574040598 0.5058907927 -0.0005409470605 0.01403911309 0.254480517 -0.9996965719 -0.00356806813 -0.02437279454 0.001774619713 0.9764498299 -0.2157372948 0.02456857645 -0.2157150865 -0.9761472156 1.743933303e-05 0
0.2301751046 0.2370803578 0 -0.00461319233 0.05816253062 0.5055211725 -0.0005898032925 0.01465738853 0.2544335988 -0.9996395686 -0.004057394286 -0.02653809227 0.002017013654 0.9743687343 -0.2249477745 0.02677058919 -0.2249202239 -0.9740093575 1.919701971e-05 0
0.2406238176 0.2478425322 0 -0.005038971284 0.06075135211 0.5051077949 -0.0006444818031 0.01531940985 0.2543810891 -0.9995700165 -0.004628358372 -0.02895445541 0.002299601295 0.9720485294 -0.2347687552 0.02923172973 -0.2347343922 -0.9716199211 2.119330043e-05 0
0.2503759497 0.2578872282 0 -0.005453000391 0.0631614456 0.5047058249 -0.000697690406 0.01593689101 0.254329991 -0.999496512 -0.005206495028 -0.03129879949 0.002585478083 0.9697997007 -0.2438890235 0.03162337337 -0.2438471507 -0.969297957 2.31651317e-05 0
0.2601280818 0.2679319243 0 -0.005883041585 0.06556537165 0.5042883091 -0.0007529975955 0.01655396475 0.2542768774 -0.9994140375 -0.005829887678 -0.03372823954 0.002893449239 0.9674715671 -0.2529632281 0.03410585997 -0.2529125921 -0.9668877965 2.524494269e-05 0
0.2705767948 0.2786940987 0 -0.006361511175 0.06813389815 0.5038237756 -0.0008145820908 0.01721464535 0.2542177353 -0.9993149399 -0.006549749565 -0.03642460138 0.0032487243 0.9648904288 -0.2626326448 0.0368659273 -0.2625710591 -0.9642081426 2.759663934e-05 0
0.2803289269 0.2887387947 0 -0.006824557684 0.07052430889 0.5033742158 -0.0008742306909 0.01783082553 0.2541604522 -0.999211683 -0.007271675512 -0.03902736634 0.0036046487 0.9624016865 -0.2716063334 0.0395350363 -0.2715329014 -0.961616797 2.990999562e-05 0
0.2900810591 0.2987834908 0 -0.007303455436 0.07290783958 0.5029092666 -0.0009359722727 0.01844655038 0.2541011591 -0.9990972854 -0.008043422671 -0.04171232036 0.003984739164 0.9598372558 -0.2805290793 0.04229345306 -0.2804420543 -0.9589387457 3.234098332e-05 0
0.300529772 0.3095456652 0 -0.007834086384 0.07545372617 0.5023940909 -0.001004444308 0.01910573258 0.2540354022 -0.9989615016 -0.008927202476 -0.04467911655 0.004419517096 0.9570070832 -0.2900308788 0.04534739538 -0.2899271423 -0.9559737789 3.50798439e-05 0
0.3102819041 0.3195903613 0 -0.008345638189 0.07782227402 0.5018974387 -0.001070515041 0.01972046465 0.2539719512 -0.9988216186 -0.009806658451 -0.04753108211 0.004851663332 0.954289891 -0.298843212 0.04828908447 -0.2987216655 -0.9531177949 3.776489724e-05 0
0.3200340363 0.3296350573 0 -0.008872862979 0.08018323767 0.5013855699 -0.001138672524 0.02033469352 0.253906496 -0.9986682277 -0.01074022407 -0.05046205119 0.005309861364 0.9515009661 -0.3075999301 0.05131838263 -0.3074582235 -0.9501767543 4.057772023e-05 0
0.3304827492 0.3403972317 0 -0.009455068699 0.08270416726 0.5008203217 -0.001214011593 0.02099221983 0.2538341438 -0.9984879693 -0.01180203124 -0.05368880059 0.005830345782 0.9484347739 -0.3169187385 0.0546606103 -0.3167525719 -0.9469319014 4.37370958e-05 0
0.3402348813 0.3504419278 0 -0.01001456044 0.08504869895 0.5002771258 -0.001286484672 0.02160535691 0.2537645438 -0.9983039975 -0.01285188266 -0.05677990613 0.006344300183 0.9455016157 -0.3255555937 0.05786949527 -0.3253636794 -0.9438165063 4.682540995e-05 0
0.3506835943 0.3612041022 0 -0.01063118945 0.0875515041 0.4996784568 -0.001366442383 0.02226167773 0.2536877556 -0.9980890437 -0.01404122638 -0.06017561641 0.006925757119 0.9422841254 -0.3347426786 0.06140272581 -0.3345197617 -0.9403862155 5.028787941e-05 0
0.3604357264 0.3712487982 0 -0.01122266711 0.08987863781 0.4991042067 -0.001443221187 0.02287365638 0.2536140201 -0.9978708489 -0.0152127858 -0.06342192099 0.007497720607 0.939212847 -0.3432535683 0.06478852599 -0.3429982494 -0.9370990598 5.366655252e-05 0
0.3701878585 0.3812934943 0 -0.01182948092 0.0921970296 0.4985150671 -0.001522074909 0.023485052 0.2535382917 -0.9976347832 -0.01644495072 -0.06674131359 0.008098433935 0.9360771596 -0.3517015306 0.0682587336 -0.3514101803 -0.9337299559 5.719080488e-05 0
0.3806365715 0.3920556687 0 -0.01249657636 0.09467106805 0.4978674016 -0.001608860721 0.02413945414 0.2534549454 -0.9973610003 -0.01783369397 -0.07037751379 0.008774473128 0.9326477457 -0.3606815645 0.07206971423 -0.3603472516 -0.9300300073 6.113238171e-05 0
0.3903887036 0.4021003647 0 -0.01313493015 0.09697064753 0.4972476406 -0.001692004452 0.02474959282 0.2533750965 -0.9970850317 -0.01919503588 -0.07384436458 0.009436153241 0.929383502 -0.3689949392 0.07571260525 -0.3686161374 -0.9264932513 6.496954133e-05 0
0.4001408358 0.4121450608 0 -0.01378839649 0.09926080778 0.4966132073 -0.001777215206 0.02535910098 0.2532932622 -0.9967883748 -0.02062041815 -0.07738045079 0.01012789664 0.9260596028 -0.377241352 0.07943778395 -0.3768134954 -0.922876605 6.896329044e-05 0
0.4105895487 0.4229072352 0 -0.01450522251 0.1017038507 0.4959172597 -0.001870803131 0.02601142826 0.2532033824 -0.9964464936 -0.022219862 -0.08124446498 0.01090283884 0.9224339053 -0.3860010601 0.08351953941 -0.3855151982 -0.918913771 7.34202001e-05 0
0.4203416808 0.4329519313 0 -0.01518974851 0.1039738074 0.4952526713 -0.001960286895 0.02661958136 0.2531174438 -0.9961039521 -0.02378117119 -0.08491980006 0.01165802546 0.9189915646 -0.3941048016 0.08741285368 -0.3935593476 -0.915133888 7.774988845e-05 0
0.430093813 0.4429966273 0 -0.01588914701 0.1062336791 0.4945736437 -0.002051829167 0.02722705667 0.2530295279 -0.9957377683 -0.025409599 -0.08866030108 0.01244435032 0.915494575 -0.4021378139 0.09138618525 -0.4015271292 -0.9112763191 8.224738224e-05 0
0.4405425259 0.4537588017 0 -0.01665491365 0.1086435357 0.4938301809 -0.002152191183 0.02787715352 0.2529331414 -0.9953180699 -0.02722987122 -0.09273873974 0.01332173156 0.9116890662 -0.4106648001 0.09573124465 -0.4099775368 -0.9070578527 8.725652845e-05 0
0.450294658 0.4638034978 0 -0.01738485777 0.1108818374 0.4931214973 -0.002247988189 0.02848317607 0.2528411386 -0.9948997558 -0.02900021868 -0.0966098508 0.01417347003 0.9080842463 -0.4185476249 0.09986785621 -0.4177822266 -0.9030417612 9.211336823e-05 0
0.4600467902 0.4738481939 0 -0.01812941819 0.1131094008 0.4923986231 -0.00234583457 0.02908847378 0.2527471673 -0.9944547273 -0.03084038897 -0.1005418607 0.0150571719 0.9044300102 -0.4263562338 0.1040820682 -0.4255058483 -0.8989503302 9.714938778e-05 0
0.4704955031 0.4846103682 0 -0.01894328244 0.115483921 0.4916084636 -0.002452940631 0.02973618534 0.2526443026 -0.9939471045 -0.03289038667 -0.1048206842 0.01603970645 0.9004619066 -0.4346390256 0.1086824788 -0.4336894941 -0.8944839526 0.0001027481966 0
0.4802476352 0.4946550643 0 -0.01971784139 0.1176885743 0.4908564647 -0.002555022197 0.03033993306 0.2525462629 -0.9934434757 -0.03487767807 -0.1088742769 0.01699026441 0.8967108911 -0.4422905253 0.1130548164 -0.4412404395 -0.8902390033 0.0001081672555 0
0.4906963482 0.5054172387 0 -0.02056364137 0.1200380706 0.4900352996 -0.002666658585 0.03098594891 0.2524390464 -0.9928706827 -0.03708698733 -0.1132800199 0.01804482009 0.8926431831 -0.4504026334 0.1178227143 -0.4492356877 -0.8856100185 0.0001141850795 0
0.5004484803 0.5154619347 0 -0.02136781155 0.1222189259 0.4892545519 -0.002772961437 0.03158808135 0.2523369517 -0.992303984 -0.03922444585 -0.117448909 0.01906289929 0.8888030594 -0.457892703 0.1223495371 -0.4566076702 -0.8812150852 0.0001200032825 0
0.5102006125 0.5255066308 0 -0.02218613391 0.1243879787 0.4884600642 -0.002881297005 0.03218941071 0.2522329043 -0.9917052168 -0.0414353763 -0.1216711654 0.02011373804 0.88492271 -0.4653033794 0.126949598 -0.4638910507 -0.8767490477 0.000126019964 0
0.5206493254 0.5362688052 0 -0.02307850419 0.1266986366 0.4875936852 -0.002999622616 0.03283278379 0.2521192618 -0.9910268843 -0.04388641695 -0.1262525128 0.02127606531 0.8807226451 -0.4731542575 0.131958492 -0.4715947463 -0.8718860887 0.0001326909531 0
0.5304014575 0.5463135013 0 -0.02392583696 0.1288425992 0.4867710321 -0.003112157804 0.03343240152 0.2520111799 -0.9903582948 -0.04625132658 -0.1305804839 0.02239494321 0.8767648405 -0.480397628 0.1367074047 -0.4786901182 -0.8672755365 0.0001391308 0
0.5401535897 0.5563581973 0 -0.02478702429 0.1309741427 0.4859349279 -0.003226714947 0.03403116978 0.2519011556 -0.9896543471 -0.04869134197 -0.1349571282 0.0235466936 0.8727725067 -0.4875589244 0.1415267694 -0.4856926031 -0.8625965852 0.0001457807552 0
0.5506023026 0.5671203717 0 -0.02572498557 0.1332439336 0.4850242859 -0.003351694364 0.03467174748 0.2517811208 -0.9888596522 -0.05138948946 -0.1396986349 0.02481716344 0.8684588275 -0.4951397513 0.1467674917 -0.4930906462 -0.8575085528 0.0001531431786 0
0.5603544347 0.5771650678 0 -0.02661455145 0.1353491256 0.4841606297 -0.003470428207 0.03526870833 0.2516670839 -0.9880790186 -0.05398643513 -0.144171141 0.02603689968 0.8644009679 -0.502128516 0.1517298023 -0.4998964208 -0.8526908206 0.0001602404464 0
0.5701065669 0.5872097639 0 -0.0275176595 0.1374412971 0.4832838257 -0.003591172638 0.03586477364 0.2515511153 -0.9872596943 -0.0566597002 -0.148687506 0.02728934288 0.8603143938 -0.5090328433 0.1567596499 -0.5066051936 -0.8478075194 0.000167559503 0
0.5805552798 0.5979719382 0 -0.02850018381 0.1396682423 0.4823299186 -0.003722768456 0.03650240427 0.2514247239 -0.9863376729 -0.05960894743 -0.1535733326 0.02866741011 0.8559062313 -0.516335843 0.1622226084 -0.5136840435 -0.8425037263 0.0001756517964 0
0.5903074119 0.6080166343 0 -0.02943100832 0.141732833 0.4814262055 -0.00384766542 0.037096567 0.2513047657 -0.9854347324 -0.0624412153 -0.1581754812 0.02998720438 0.8517662733 -0.5230630776 0.1673892344 -0.5201877644 -0.8374876321 0.0001834423984 0
0.6000595441 0.6180613304 0 -0.03037504824 0.1437838179 0.4805096619 -0.003974561005 0.03768978839 0.2511828872 -0.9844897474 -0.06535058861 -0.1628165773 0.03133925752 0.8476035025 -0.5297038357 0.1726203586 -0.5265905461 -0.8324089191 0.0001914665023 0
0.610508257 0.6288235047 0 -0.03140106029 0.145965991 0.4795135337 -0.004112733845 0.03832432127 0.2510501765 -0.9834293653 -0.0685535217 -0.1678305637 0.03282344716 0.8431202739 -0.536722298 0.1782955545 -0.5333372465 -0.8268990729 0.0002003272103 0
0.6202603891 0.6388682008 0 -0.03237212523 0.1479881994 0.4785707522 -0.004243756557 0.03891554556 0.2509243326 -0.9823938125 -0.07162307885 -0.1725471871 0.03424162825 0.8389164083 -0.5431820789 0.1836570393 -0.53952701 -0.8216937979 0.0002088471447 0
0.6300125213 0.6489128969 0 -0.03335606486 0.1499962333 0.477615471 -0.004376765328 0.03950578303 0.2507965803 -0.9813128619 -0.07477009485 -0.1772977719 0.03569133499 0.8346956867 -0.5495536728 0.1890798657 -0.5456120816 -0.8164289686 0.0002176123126 0
0.6404612342 0.6596750713 0 -0.03442444346 0.1521317624 0.4765782102 -0.004521473849 0.04013706853 0.2506575897 -0.9801030871 -0.07822787643 -0.1824235128 0.0372792341 0.8301569908 -0.5562819692 0.1949569116 -0.5520142841 -0.8107231542 0.0002272800395 0
0.6502133664 0.6697197673 0 -0.03543468825 0.1541098593 0.4755973901 -0.004658583109 0.04072521506 0.2505258973 -0.9789246412 -0.08153535776 -0.1872392381 0.03879325385 0.8259075452 -0.562469386 0.2005034421 -0.5578787612 -0.8053382255 0.0002365653473 0
0.6606620793 0.6804819417 0 -0.03653098414 0.1562129026 0.4745330251 -0.004807675091 0.04135422652 0.2503826946 -0.9776079187 -0.0851649495 -0.1924309969 0.04044926053 0.8213425503 -0.5689993606 0.2065105676 -0.5640419722 -0.7995061219 0.0002467991511 0
0.6704142114 0.6905266378 0 -0.03756703301 0.1581603003 0.4735271524 -0.004948866185 0.04194021921 0.2502470798 -0.9763273422 -0.08863257627 -0.197304808 0.04202603494 0.8170727362 -0.5750008314 0.2121761844 -0.5696809722 -0.7940055772 0.0002566209952 0
0.6801663436 0.7005713339 0 -0.03861535605 0.16009261 0.4725093631 -0.005092020978 0.04252514971 0.2501095778 -0.9749958153 -0.09217727853 -0.2022041281 0.04363246741 0.8127960765 -0.580911995 0.2178976088 -0.5752094292 -0.7884508511 0.0002667077235 0
0.6906150565 0.7113335082 0 -0.03975204241 0.1621460036 0.4714057841 -0.005247575062 0.04315066572 0.2499601652 -0.9735114319 -0.09606045731 -0.2074798314 0.04538603793 0.8082085497 -0.5871448269 0.2240883742 -0.5810088887 -0.782440459 0.0002778132111 0
0.7003671886 0.7213782043 0 -0.04082540417 0.1640465154 0.4703636853 -0.005394783011 0.04373334974 0.2498187681 -0.97207099 -0.09976407553 -0.2124267393 0.04705242083 0.8039238799 -0.5928679997 0.2299218563 -0.5863049757 -0.7767769406 0.0002884607738 0
0.7101193208 0.7314229004 0 -0.0419106643 0.165931418 0.4693100347 -0.005543940523 0.04431492703 0.2496754974 -0.9705763549 -0.1035439586 -0.2173940846 0.0487469665 0.7996383118 -0.5985000448 0.2358077026 -0.591487294 -0.771062584 0.0002993849439 0
0.7205680337 0.7421850747 0 -0.04308650453 0.1679334469 0.4681684422 -0.005705910188 0.04493680104 0.249519919 -0.9689136416 -0.1076780573 -0.2227370448 0.0505931806 0.7950478211 -0.6044330337 0.242170777 -0.5969123873 -0.7648849042 0.0003114006931 0
0.7303201658 0.7522297708 0 -0.04419601218 0.1697854915 0.4670912503 -0.005859090971 0.04551603998 0.2493727816 -0.9673034537 -0.1116147297 -0.2277414777 0.05234428827 0.7907665055 -0.6098757327 0.2481614475 -0.6018558681 -0.7590687782 0.0003229099619 0
0.740072298 0.7622744669 0 -0.04531703018 0.1716214246 0.4660028833 -0.0060142066 0.04609412803 0.2492237845 -0.9656359113 -0.1156264252 -0.2327612867 0.05412178339 0.7864901767 -0.6152268155 0.2542009429 -0.6066825626 -0.7532052502 0.0003347075406 0
0.7505210109 0.7730366413 0 -0.04653074743 0.1735704361 0.4648245171 -0.006182543418 0.04671221471 0.2490620864 -0.963784468 -0.1200073583 -0.2381548513 0.05605479943 0.7819160852 -0.6208583535 0.2607246799 -0.6117233603 -0.7468715898 0.0003476720612 0
0.7602731431 0.7830813373 0 -0.04767519694 0.175372491 0.463713401 -0.006341651236 0.04728787334 0.248909252 -0.961994927 -0.1241728289 -0.2432012933 0.05788489305 0.7776561098 -0.6260194199 0.266861574 -0.616305187 -0.7409135016 0.0003600789511 0
0.7700252752 0.7931260334 0 -0.04883075707 0.1771579518 0.462591498 -0.00650267861 0.04786233731 0.2487545725 -0.9601449737 -0.1284116558 -0.2482580837 0.05973932398 0.7734069127 -0.6310887106 0.2730436644 -0.6207674235 -0.7349115343 0.0003727858241 0
0.7804739881 0.8038882078 0 -0.05008103593 0.1790523575 0.461377635 -0.006677332259 0.04847649262 0.2485868024 -0.9580947405 -0.1330339388 -0.2536857097 0.06175239617 0.7688682752 -0.636418272 0.2797161235 -0.6254146997 -0.7284334861 0.0003867375294 0
0.7902261203 0.8139329039 0 -0.05125918779 0.1808029609 0.4602337983 -0.006842319555 0.04904843693 0.2484283164 -0.9561165789 -0.1374226538 -0.2587587712 0.0636548996 0.7646473057 -0.6412975531 0.2859880089 -0.6296264861 -0.7223443408 0.0004000778568 0
0.8006748332 0.8246950782 0 -0.05253336314 0.1826596757 0.4589967348 -0.007021204036 0.04965986022 0.2482564791 -0.9539268017 -0.1422039189 -0.2642001182 0.06571770945 0.7601431355 -0.6464236972 0.2927538893 -0.6340035166 -0.7157755942 0.0004147169662 0
0.8104269653 0.8347397743 0 -0.05373352753 0.1843747851 0.4578315267 -0.007190128829 0.0502292245 0.2480942077 -0.9518163993 -0.1467394174 -0.2692825383 0.06766492321 0.7559582421 -0.6511133499 0.2991103479 -0.6379613465 -0.7096043406 0.0004287069832 0
0.8201790975 0.8447844704 0 -0.0549441084 0.1860725374 0.4566562054 -0.0073609463 0.05079732177 0.2479301167 -0.9496407543 -0.1513445524 -0.2743670247 0.06963244569 0.7517935298 -0.6557116829 0.3055057451 -0.6417953841 -0.7033952834 0.0004430164412 0
0.8306278104 0.8555466447 0 -0.05625256117 0.1878721358 0.4553858629 -0.007546059165 0.05140457557 0.2477522915 -0.9472362955 -0.1563549289 -0.279815183 0.07176205626 0.7473557497 -0.66053735 0.3123997562 -0.6457650654 -0.6967021406 0.0004587067659 0
0.8403799425 0.8655913408 0 -0.05748427752 0.1895334861 0.4541900218 -0.007720779906 0.05197000403 0.2475844476 -0.9449226927 -0.1611015444 -0.2848989246 0.07376885832 0.7432384671 -0.6649471682 0.3188718558 -0.6493403371 -0.6904186166 0.0004736899033 0
0.8501320747 0.8756360369 0 -0.05872598185 0.1911770515 0.4529844836 -0.007897376521 0.05253412284 0.2474148001 -0.942541169 -0.1659150388 -0.2899799039 0.07579322202 0.7391467559 -0.6692663601 0.3253790593 -0.6527896086 -0.684101012 0.0004890040366 0
0.8605807876 0.8863982113 0 -0.060067302 0.1929181257 0.4516822311 -0.008088662473 0.05313706686 0.2472310393 -0.9399132177 -0.1711454533 -0.2954189857 0.07798059456 0.734793101 -0.6737938302 0.3323885831 -0.6563446752 -0.6772957236 0.0005057836006 0
0.8703329198 0.8964429073 0 -0.061329244 0.1945244251 0.4504570447 -0.008269126976 0.053698429 0.2470576725 -0.937388369 -0.1760943144 -0.3004893311 0.08003829419 0.7307597805 -0.6779262605 0.3389644777 -0.6595308451 -0.6709114302 0.0005217952889 0
0.8800850519 0.9064876034 0 -0.06260073574 0.1961125333 0.4492225867 -0.008451449995 0.0542584393 0.2468825185 -0.9347931 -0.1811069124 -0.3055521994 0.08211056645 0.7267572178 -0.6819690618 0.3455715774 -0.6625890375 -0.6644968414 0.0005381494687 0
0.8905337648 0.9172497778 0 -0.06397348122 0.1977937461 0.4478898241 -0.008648851914 0.05485693471 0.2466928764 -0.9319334328 -0.1865470274 -0.3109666918 0.08434586622 0.7225047522 -0.6862016161 0.3526837843 -0.6657229826 -0.6575918633 0.0005560561009 0
0.900285897 0.9272944739 0 -0.06526429323 0.1993437691 0.4466366085 -0.008835006296 0.05541410145 0.2465140378 -0.9291898614 -0.1916880988 -0.3160092945 0.0864450422 0.71857109 -0.6900600288 0.3593514382 -0.6685142193 -0.6511184857 0.00057313158 0
0.9100380291 0.9373391699 0 -0.06656420758 0.2008752164 0.4453745558 -0.009023001288 0.05596987462 0.2463334289 -0.9263735676 -0.1968893971 -0.3210398395 0.08855557233 0.7146731404 -0.6938301039 0.3660463411 -0.6711757354 -0.6446186535 0.0005905609785 0
0.920486742 0.9481013443 0 -0.06796690611 0.2024953027 0.4440127125 -0.009226460248 0.05656378413 0.2461379613 -0.923274611 -0.2025276643 -0.3264146716 0.0908282096 0.7105381663 -0.6977719904 0.3732482136 -0.6738828232 -0.6376266239 0.0006096322851 0
0.9302388742 0.9581460404 0 -0.06928520492 0.2039878915 0.4427328108 -0.009418248947 0.05711662781 0.2459537034 -0.9203054652 -0.2078497986 -0.331415618 0.09295874993 0.7067191194 -0.701360647 0.3799954229 -0.6762740181 -0.6310760105 0.0006278065778 0
0.9406875871 0.9689082147 0 -0.07070725876 0.2055660756 0.441352176 -0.009625758718 0.05770736778 0.2457543395 -0.9170412055 -0.2136146007 -0.3367554452 0.09525022997 0.7026721646 -0.7051093694 0.387250334 -0.6786903797 -0.624032489 0.0006476844704 0
0.9504397192 0.9789529108 0 -0.07204330113 0.2070193106 0.4400550474 -0.009821315097 0.05825722459 0.2455664573 -0.9139163991 -0.2190520199 -0.3417206872 0.09739588597 0.6989384526 -0.7085189347 0.3940442321 -0.6808092626 -0.6174365482 0.0006666194766 0
0.9601918514 0.9889976069 0 -0.07338767775 0.2084533764 0.4387498274 -0.01001868089 0.05880561906 0.2453768345 -0.9107155062 -0.2245430156 -0.3466665559 0.09954703184 0.6952481594 -0.7118429499 0.4008586475 -0.6827960391 -0.6108206887 0.0006859273616 0
0.9706405643 0.9997597813 0 -0.07483715713 0.2099684807 0.4373425659 -0.01023214505 0.05939154682 0.2451717423 -0.9072008899 -0.2304840885 -0.351942652 0.1018565544 0.6913440502 -0.7153101751 0.4081810722 -0.6847776933 -0.6037116225 0.0007070323181 0
0.9803926965 1.009804477 0 -0.07619831342 0.2113624978 0.4360210549 -0.01043323901 0.05993687021 0.2449785327 -0.9038405824 -0.2360815765 -0.3568440709 0.1040152187 0.6877481266 -0.7184590097 0.4150337769 -0.6864896238 -0.5970585904 0.0007271242197 0
0.9901448286 1.019849173 0 -0.0775673349 0.2127370218 0.4346919079 -0.01063612305 0.06048069086 0.2447836007 -0.9004024992 -0.2417282409 -0.3617219886 0.1061756124 0.6841998311 -0.7215243104 0.4219029259 -0.6880683459 -0.5903895938 0.0007476002027 0
1.000593542 1.030611348 0 -0.07904269631 0.2141879804 0.4332595181 -0.01085547795 0.06106167346 0.2445728406 -0.8966319695 -0.2478311084 -0.366920772 0.1084908044 0.6804524173 -0.7247166709 0.4292794621 -0.6896116657 -0.5832279948 0.0007699690878 0
1.010345674 1.040656044 0 -0.08042751845 0.2155218088 0.4319150306 -0.01106204953 0.06160233988 0.2443743602 -0.8930312364 -0.2535748428 -0.3717458942 0.1106507444 0.677006883 -0.7276112239 0.4361784308 -0.6909135109 -0.5765300486 0.0007912521895 0
1.020097806 1.05070074 0 -0.08181972972 0.2168358434 0.4305633692 -0.01127039133 0.06214146369 0.2441741762 -0.8893512962 -0.2593630616 -0.3765435887 0.112808481 0.6736128647 -0.7304245034 0.4430897409 -0.6920812892 -0.5698201214 0.0008129304734 0
1.030546519 1.061462914 0 -0.08331940663 0.2182216671 0.4291073722 -0.01149557159 0.06271736989 0.2439578101 -0.8853201445 -0.2656122852 -0.3816521396 0.1151164027 0.6700349382 -0.7333494361 0.4505068874 -0.6931834501 -0.5626190975 0.0008365998161 0
1.040298651 1.07150761 0 -0.0847264257 0.2194944077 0.4277413343 -0.01170755925 0.06325325741 0.2437541172 -0.8814748674 -0.2714875712 -0.3863891261 0.1172653753 0.6667513848 -0.7359968904 0.4574394931 -0.6940728273 -0.5558884966 0.000859108099 0
1.050050783 1.081552306 0 -0.08614035147 0.2207470775 0.4263685908 -0.01192129674 0.06378756297 0.24354874 -0.8775492232 -0.2774023815 -0.3910949751 0.1194080578 0.6635228932 -0.7385655597 0.4643803145 -0.6948275246 -0.5491499199 0.0008820225523 0
1.060499496 1.092314481 0 -0.08766275635 0.2220668546 0.4248905278 -0.01215223529 0.06435826331 0.2433268313 -0.8732536334 -0.2837816421 -0.3961010873 0.1216952628 0.6601261201 -0.7412312517 0.4718244957 -0.6954865097 -0.5419226514 0.0009070285117 0
1.070251628 1.102359177 0 -0.08909048447 0.2232776813 0.423504384 -0.01236957589 0.06488925165 0.2431179857 -0.8691605405 -0.2897729887 -0.4007387801 0.123820572 0.6570150684 -0.743639473 0.4787780497 -0.6959617913 -0.5351717147 0.0009307956004 0
1.08000376 1.112403873 0 -0.09052463111 0.224468184 0.4221120086 -0.01258864543 0.06541861923 0.2429074756 -0.864986204 -0.2957986578 -0.4053418569 0.1259353696 0.6539622633 -0.7459716086 0.4857356787 -0.6963020266 -0.5284168224 0.0009549797244 0
1.090452473 1.123166047 0 -0.09206815747 0.2257210815 0.4206134393 -0.01282527352 0.06598398604 0.2426800893 -0.8604232932 -0.3022908405 -0.4102340847 0.1281879686 0.6507571222 -0.7483869404 0.4931932697 -0.6965166298 -0.5211765374 0.0009813580535 0
1.100204605 1.133210743 0 -0.09351508974 0.2268692416 0.4192086507 -0.01304790237 0.06650995663 0.2424661521 -0.8560799951 -0.3083820422 -0.4147620498 0.1302765254 0.6478279664 -0.7505644229 0.5001550448 -0.6965769462 -0.5144176214 0.001006417182 0
1.110653318 1.143972918 0 -0.09507194518 0.2280766036 0.4176971406 -0.01328832794 0.06707165525 0.2422351092 -0.8513356567 -0.3149403592 -0.419571412 0.1324977509 0.6447573583 -0.7528162425 0.507613973 -0.6964915786 -0.5071760398 0.001033741028 0
1.12040545 1.154017614 0 -0.09653097167 0.2291821126 0.41628061 -0.01351448599 0.0675941757 0.2420177734 -0.8468227257 -0.3210894345 -0.4240198654 0.1345539621 0.6419555906 -0.7548431963 0.5145740981 -0.6962719259 -0.5004187274 0.001059690084 0
1.130157582 1.16406231 0 -0.09799558804 0.2302669278 0.4148586524 -0.01374233686 0.06811501171 0.2417988072 -0.8422277477 -0.3272636562 -0.4284284308 0.1365923477 0.6392165488 -0.7567990052 0.5215313524 -0.6959171668 -0.493664203 0.001086074059 0
1.140606295 1.174824484 0 -0.09957083826 0.2314061933 0.4133292832 -0.01398833317 0.06867116722 0.2415623991 -0.837213446 -0.333904705 -0.4331065617 0.1387549027 0.63635231 -0.75881672 0.528980834 -0.6953872199 -0.4864317955 0.001114829127 0
1.150358428 1.18486918 0 -0.1010465162 0.2324479421 0.4118965862 -0.01421966773 0.06918847531 0.2413400773 -0.8324483705 -0.3401251354 -0.4374295403 0.1407517394 0.6337455125 -0.7606284068 0.535927848 -0.6947528465 -0.4796872148 0.001142124896 0
1.16011056 1.194913876 0 -0.1025272835 0.2334688088 0.4104589481 -0.01445267291 0.06970406171 0.2411161462 -0.8276011791 -0.3463650011 -0.4417098305 0.1427262705 0.6312035833 -0.7623721192 0.5428678477 -0.6939836615 -0.4729494449 0.001169866061 0
1.170559273 1.205676051 0 -0.1041192815 0.2345393583 0.408913319 -0.01470416685 0.07025455151 0.2408744419 -0.8223166886 -0.3530699909 -0.4462475157 0.1448154149 0.6285527625 -0.7641661602 0.550294248 -0.6930101055 -0.465739449 0.001200086826 0
1.180311405 1.215720747 0 -0.1056100698 0.2355167943 0.4074659516 -0.01494060919 0.07076653343 0.2406471991 -0.8172995829 -0.359344087 -0.450436698 0.1467390533 0.6261470903 -0.7657724672 0.5572154359 -0.6919621727 -0.4590199446 0.001228761316 0
1.190063537 1.225765443 0 -0.1071054436 0.2364731845 0.4060141324 -0.01517869945 0.071276757 0.2404183684 -0.8122006085 -0.365631771 -0.4545806634 0.1486358494 0.6238080162 -0.7673141099 0.5641254788 -0.69077997 -0.4523112615 0.00125789151 0
1.20051225 1.236527617 0 -0.1087125311 0.2374744797 0.4044538533 -0.01543561634 0.07182146048 0.2401714385 -0.8066467429 -0.3723814632 -0.4589695828 0.1506366565 0.6213763047 -0.7688953672 0.5715152052 -0.689364587 -0.4451368738 0.001289611895 0
1.210264382 1.246572313 0 -0.110216879 0.2383871259 0.4029933213 -0.01567709627 0.07232800428 0.2399393409 -0.8013786977 -0.3786911491 -0.4630174904 0.1524731218 0.619176636 -0.7703065887 0.5783978993 -0.6879050131 -0.4384547445 0.001319696582 0
1.220016514 1.256617009 0 -0.1117253057 0.2392785874 0.4015288294 -0.01592020095 0.0728327537 0.2397056773 -0.7960293519 -0.3850084702 -0.4670179319 0.1542781739 0.6170448735 -0.7716565746 0.5852653381 -0.6863119567 -0.431787427 0.0013502471 0
1.230465227 1.267379184 0 -0.1133458152 0.2402101712 0.3999555192 -0.01618246456 0.07337155225 0.2394535937 -0.7902079815 -0.3917832795 -0.4712506848 0.1561756046 0.6148365758 -0.7730363287 0.5926048655 -0.6844573376 -0.4246617789 0.001383500426 0
1.240217359 1.27742388 0 -0.114862164 0.2410576266 0.398483336 -0.01642891044 0.07387254789 0.239216709 -0.7846910772 -0.398110188 -0.475150704 0.1579108409 0.6128464865 -0.7742631015 0.5994364684 -0.6825887944 -0.4180292551 0.001415026212 0
1.250666072 1.288186054 0 -0.1164907804 0.2419419787 0.396902155 -0.01669473616 0.07440729812 0.238961191 -0.7786908895 -0.4048907515 -0.4792744287 0.1597300395 0.6107905852 -0.7755134915 0.6067345491 -0.680439814 -0.4109438483 0.001449331874 0
1.260418204 1.29823075 0 -0.1180143395 0.2427452803 0.3954229713 -0.01694449003 0.07490449082 0.2387211165 -0.7730078275 -0.4112188027 -0.4830714181 0.1613890605 0.6089431953 -0.7766220162 0.6135246286 -0.6782973398 -0.4043516402 0.001481846703 0
1.270170336 1.308275446 0 -0.1195411244 0.2435272203 0.3939406559 -0.01719582883 0.0753998302 0.2384795136 -0.7672451437 -0.4175443723 -0.4868178167 0.1630090013 0.6071649412 -0.7776752533 0.6202926366 -0.6760232476 -0.3977808614 0.001514843873 0
1.280619049 1.319037621 0 -0.1211803561 0.2443412785 0.3923491689 -0.01746687024 0.07592848156 0.2382189655 -0.7609829761 -0.4243167665 -0.4907750928 0.164699598 0.6053364992 -0.7787437095 0.6275180893 -0.6734411662 -0.3907659698 0.0015507368 0
1.290371181 1.329082317 0 -0.1227132937 0.2450788889 0.3908608799 -0.01772146699 0.0764199462 0.23797422 -0.7550567774 -0.4306309002 -0.4944150996 0.1662338671 0.6037017148 -0.7796861811 0.6342362055 -0.6708958692 -0.3842436314 0.001584743065 0
1.300123314 1.339127013 0 -0.1242489461 0.2457950653 0.3893699552 -0.01797762429 0.07690952319 0.2377279689 -0.749052396 -0.436936473 -0.4980030387 0.1677245073 0.6021362208 -0.7805770053 0.6409282313 -0.6682203904 -0.3777466243 0.001619241238 0
1.310572027 1.349889187 0 -0.1258971113 0.2465385914 0.3877697948 -0.01825380116 0.0774319627 0.2374624664 -0.7425329844 -0.4436806962 -0.5017890064 0.1692715359 0.6005357466 -0.7814755045 0.6480678315 -0.6652099344 -0.3708150872 0.001656752915 0
1.320324159 1.359933883 0 -0.1274378574 0.2472103139 0.3862739249 -0.01851316545 0.07791759452 0.2372131208 -0.7363684066 -0.4499622449 -0.5052677982 0.1706671295 0.5991135921 -0.7822631492 0.6547016883 -0.6622664735 -0.3643745565 0.00169227976 0
1.330076291 1.369978579 0 -0.1289808067 0.2478605548 0.3847759158 -0.01877406549 0.078401305 0.2369622931 -0.7301274107 -0.4562291648 -0.5086933391 0.1720145966 0.597760448 -0.7830028259 0.6613054836 -0.6591945054 -0.3579632124 0.001728307843 0
1.340525004 1.380740754 0 -0.1306362224 0.2485333922 0.3831687161 -0.01905529617 0.07891742187 0.236691913 -0.7233565615 -0.4629252531 -0.512304104 0.1734032591 0.5963870205 -0.783743473 0.6683461638 -0.655761185 -0.3511277168 0.001767468972 0
1.350277136 1.39078545 0 -0.132183206 0.2491391065 0.3816667903 -0.01931935135 0.07939711813 0.2364380396 -0.7169593594 -0.4691556177 -0.5156183505 0.1746464348 0.5951761871 -0.7843876141 0.6748836194 -0.6524249479 -0.3447807819 0.001804544797 0
1.360029268 1.400830146 0 -0.1337318817 0.2497233166 0.3801632217 -0.01958491703 0.07987486007 0.2361827077 -0.7104878264 -0.4753653293 -0.5188784561 0.1758370607 0.5940336515 -0.7849874833 0.6813870975 -0.6489621133 -0.3384668357 0.001842130937 0
1.370477981 1.41159232 0 -0.1353928657 0.2503253906 0.3785506158 -0.01987111846 0.0803845457 0.2359075284 -0.7034724076 -0.4819934617 -0.5223110898 0.1770528038 0.5928849261 -0.7855824394 0.6883159713 -0.645112213 -0.3317398926 0.001882971387 0
1.380230113 1.421637016 0 -0.1369445174 0.2508650526 0.3770441579 -0.02013978657 0.08085820577 0.2356492005 -0.6968493227 -0.4881542097 -0.5254583608 0.1781300714 0.5918827801 -0.7860944296 0.6947450605 -0.6413893062 -0.3254981702 0.001921623794 0
1.390678826 1.432399191 0 -0.1386083082 0.2514194014 0.3754288269 -0.02042929276 0.08136349388 0.2353708293 -0.6896733674 -0.4947254404 -0.5287696899 0.1792211356 0.5908835638 -0.7865979904 0.701591356 -0.6372623892 -0.3188514019 0.001963613228 0
1.400430958 1.442443887 0 -0.1401622236 0.25191453 0.3739201712 -0.02070102727 0.08183302728 0.2351095392 -0.6829022391 -0.5008289591 -0.5318034275 0.1801790546 0.5900200135 -0.7870272498 0.7079407038 -0.6332825099 -0.3126871 0.002003344072 0
1.41018309 1.452488583 0 -0.1417169773 0.2523881719 0.3724107017 -0.02097422908 0.08230055264 0.2348468315 -0.6760609843 -0.5069019219 -0.5347821866 0.181077247 0.589222612 -0.7874184048 0.7142496595 -0.6291797479 -0.3065620145 0.002043599816 0
1.420631803 1.463250757 0 -0.143383527 0.2528718145 0.3707926922 -0.0212685639 0.08279923276 0.2345637947 -0.6686542937 -0.5133726148 -0.5379126266 0.181971779 0.5884410269 -0.7877965661 0.7209630414 -0.6246484741 -0.3000442912 0.002087316562 0
1.430383935 1.473295453 0 -0.144939491 0.2533009873 0.3692820476 -0.02154477799 0.08326256621 0.2342981757 -0.6616707356 -0.5193762923 -0.5407773152 0.1827419598 0.5877788336 -0.7881125674 0.7271844427 -0.6202937286 -0.2940042117 0.002128668282 0
1.440136067 1.483340149 0 -0.1464957857 0.2537087165 0.3677710818 -0.02182243306 0.0837238605 0.2340311637 -0.6546199746 -0.5253436609 -0.5435869082 0.1834483022 0.5871809467 -0.7883940996 0.7333617179 -0.6158186209 -0.2880069738 0.002170553216 0
1.45058478 1.494102324 0 -0.1481634244 0.2541217957 0.3661520152 -0.02212150986 0.08421583017 0.2337435429 -0.646992169 -0.5316948879 -0.5465360734 0.1841327729 0.5866109316 -0.7886588216 0.7399298989 -0.6108912843 -0.2816302249 0.002216024633 0
1.460336913 1.50414702 0 -0.1497198807 0.254485171 0.3646408925 -0.02240212226 0.08467286879 0.2334736713 -0.6398054718 -0.5375812109 -0.5492316451 0.1847027438 0.586144014 -0.7888726711 0.7460119669 -0.6061696434 -0.2757254228 0.002259022441 0
1.470089045 1.514191716 0 -0.151276163 0.2548271706 0.3631299389 -0.02268414893 0.08512783781 0.2332024319 -0.6325547936 -0.54342563 -0.551872284 0.1852049212 0.585739155 -0.7890556251 0.7520462554 -0.6013303809 -0.2698670093 0.002302561459 0
1.480537758 1.52495389 0 -0.1529432289 0.2551699093 0.3615114282 -0.02298787981 0.08561299693 0.2329103097 -0.6247164739 -0.5496389821 -0.5546407095 0.1856663187 0.585373314 -0.7892186651 0.7584572139 -0.5960160003 -0.2636429062 0.002349813863 0
1.49028989 1.534998586 0 -0.15449863 0.2554677205 0.3600013301 -0.02327280808 0.08606364802 0.2326362631 -0.6173368337 -0.5553909531 -0.5571679486 0.1860241125 0.5850943578 -0.7893412583 0.7643888168 -0.5909361063 -0.2578841891 0.002394481975 0
1.500042022 1.545043283 0 -0.1560533552 0.255744248 0.3584918881 -0.02355912354 0.08651219982 0.2323608741 -0.609896722 -0.5610956123 -0.5596406904 0.1863103365 0.5848748192 -0.7894364473 0.7702690744 -0.5857415468 -0.2521753227 0.00243969896 0
1.510490735 1.555805457 0 -0.1577181975 0.2560169491 0.3568755364 -0.02386741934 0.08699045067 0.2320643343 -0.6018594358 -0.5671532973 -0.562229808 0.1865362357 0.5847044634 -0.7895092927 0.7765110768 -0.5800498494 -0.2461152573 0.002488757555 0
1.520242867 1.565850153 0 -0.1592710061 0.2562495038 0.3553679553 -0.0241565799 0.08743462379 0.2317861911 -0.5942979202 -0.5727545238 -0.5645903272 0.1866704549 0.584604962 -0.7895512521 0.7822813582 -0.5746210002 -0.2405131655 0.002535119138 0
1.53069158 1.576612327 0 -0.1609334227 0.256475181 0.3537539586 -0.02446790344 0.08790816162 0.2314867198 -0.5861334256 -0.5786975316 -0.5670597626 0.186730841 0.5845609104 -0.7895695885 0.7884029429 -0.568680674 -0.2345700122 0.002585409509 0
1.540443712 1.586657023 0 -0.1624836209 0.2566639362 0.3522489117 -0.02475987058 0.08834791596 0.2312058588 -0.57845592 -0.5841881823 -0.5693091571 0.1867081572 0.5845770549 -0.789563 0.7940584441 -0.5630220552 -0.2290793591 0.002632925723 0
1.550195844 1.596701719 0 -0.164032312 0.2568316155 0.3507453281 -0.02505317875 0.08878552295 0.2309236986 -0.5707244297 -0.5896229635 -0.5715053686 0.1866080357 0.5846473564 -0.7895346159 0.7996568429 -0.5572541875 -0.223644146 0.00268100283 0
1.560644557 1.607463894 0 -0.1656897695 0.2569879389 0.3491361461 -0.02536891529 0.08925199433 0.2306199523 -0.5623823129 -0.5953821476 -0.5737998191 0.1864136169 0.5847814821 -0.7894812104 0.8055905273 -0.5509543687 -0.2178834229 0.00273313895 0
1.570396689 1.61750859 0 -0.1672348299 0.2571121169 0.3476360875 -0.02566497232 0.08968512437 0.2303351285 -0.5545433076 -0.6006961963 -0.5758869678 0.186149718 0.5849603007 -0.7894110014 0.8110671997 -0.5449637845 -0.2125663924 0.002782384904 0
1.580148821 1.627553286 0 -0.1687778929 0.2572153749 0.3461379681 -0.02596234233 0.09011607936 0.2300490318 -0.5466545336 -0.6059496056 -0.5779220505 0.1858051803 0.5851896622 -0.7893221739 0.8164834695 -0.5388674556 -0.2073080061 0.002832198418 0
