0.01059756618 0.005934637058 0 -5.345840828e-06 0.002702346152 0.5099904539 -6.729244629e-07 0.000673796063 0.2549988116 -0.9999999995 -2.18244723e-07 -3.113198969e-05 1.100331232e-07 0.9999444071 -0.01054432166 3.113256022e-05 -0.01054432166 -0.9999444066 4.904319729e-08 0
0.02019513235 0.01130927412 0 -1.941282442e-05 0.005149528841 0.5099653342 -2.457909671e-06 0.001286524066 0.254995659 -0.9999999936 -1.513494276e-06 -0.0001130454028 7.581625027e-07 0.9997981277 -0.02009238045 0.0001130529918 -0.02009238041 -0.9997981214 4.69097137e-08 0
0.03066520454 0.01717251454 0 -4.475812257e-05 0.007818822259 0.5099200748 -5.682731957e-06 0.001955316017 0.2549899631 -0.999999966 -5.300346322e-06 -0.0002606081522 2.652144327e-06 0.999534594 -0.03050566023 0.0002606485542 -0.03050565989 -0.9995345601 3.71275003e-08 0
0.04026277072 0.0225471516 0 -7.715570212e-05 0.01026518473 0.509862222 -9.807766256e-06 0.002568249796 0.2549826771 -0.999999899 -1.199713968e-05 -0.0004491824177 6.001065653e-06 0.9991977818 -0.04004738319 0.0004493025294 -0.04004738185 -0.9991976808 1.683369783e-07 0
0.05073284291 0.02841039203 0 -0.0001224931871 0.01293323042 0.5097812622 -1.558192339e-05 0.003236747198 0.2549724783 -0.9999997455 -2.39988721e-05 -0.0007129854974 1.200254286e-05 0.998726536 -0.05045102648 0.0007132883038 -0.0504510222 -0.9987262816 3.625989148e-07 0
0.06033040908 0.03378502909 0 -0.0001732110803 0.01537812571 0.5096906945 -2.204240295e-05 0.003849412191 0.2549610673 -0.9999994912 -4.035232829e-05 -0.001007971493 2.017989862e-05 0.9981994935 -0.05998142051 0.001008577024 -0.05998141033 -0.9981989848 5.844148229e-07 0
0.07080048128 0.03964826951 0 -0.0002385263632 0.01804421816 0.5095740601 -3.03635336e-05 0.004517652732 0.2549463698 -0.9999990351 -6.520479586e-05 -0.001387666382 3.260694449e-05 0.9975209592 -0.07036998578 0.001388814761 -0.07036996312 -0.9975199945 8.728766487e-07 0
0.08039804745 0.04502290657 0 -0.0003075484739 0.02048699984 0.5094508063 -3.915824042e-05 0.005130099984 0.2549308358 -0.9999983958 -9.545750404e-05 -0.001788674366 4.773422613e-05 0.9968041599 -0.07988406912 0.001790583583 -0.07988402634 -0.9968025562 1.179543286e-06 0
0.09086811964 0.050886147 0 -0.0003928208266 0.02315043422 0.5092985342 -5.002532277e-05 0.005798107166 0.2549116414 -0.9999973827 -0.0001377798864 -0.002283759365 6.889672794e-05 0.9959189467 -0.09025212993 0.00228687415 -0.09025205105 -0.9959163306 1.560132796e-06 0
0.1004656858 0.05626078406 0 -0.000480125251 0.0255904566 0.5091426335 -6.115337919e-05 0.006410335729 0.2548919861 -0.9999960899 -0.0001861563989 -0.002790259435 9.30865724e-05 0.9950130345 -0.09974493709 0.002794912666 -0.09974480681 -0.9950091266 1.951351504e-06 0
0.110063252 0.06163542112 0 -0.0005761639538 0.02802893133 0.5089711358 -7.339705302e-05 0.007022452031 0.2548703603 -0.9999943689 -0.0002446875244 -0.003346984148 0.0001223542273 0.9940169543 -0.1092258194 0.003353685184 -0.1092256139 -0.9940113269 2.383304145e-06 0
0.1205333242 0.06749866154 0 -0.0006908866488 0.03068714737 0.5087662738 -8.802586523e-05 0.007690079265 0.2548445217 -0.9999919027 -0.0003212465505 -0.004011402982 0.000160636784 0.9928277258 -0.1195536743 0.004021038306 -0.1195533506 -0.992819635 2.901323612e-06 0
0.1301308904 0.0728732986 0 -0.0008051646657 0.03312191015 0.508562206 -0.0001026014029 0.008301938089 0.2548187772 -0.9999890018 -0.000404101788 -0.004672581075 0.0002020680948 0.991643795 -0.1290059805 0.004685667577 -0.1290055059 -0.991632807 3.41944113e-06 0
0.1406009626 0.07873653903 0 -0.0009397657943 0.03577572594 0.5083218468 -0.000119773427 0.008969265785 0.2547884466 -0.9999850162 -0.000509467873 -0.005450490728 0.0002547564194 0.9902501956 -0.1392999825 0.005468318376 -0.1392992838 -0.9902352281 4.032325535e-06 0
0.1501985287 0.08411117609 0 -0.001072246869 0.0382061339 0.5080852734 -0.0001366796108 0.009580831967 0.2547585856 -0.9999804925 -0.0006208034918 -0.006215247986 0.0003104305015 0.9888794767 -0.148718809 0.006238456332 -0.1487178372 -0.9888599934 4.638285559e-06 0
0.1606686009 0.08997441651 0 -0.00122668373 0.04085484893 0.5078094933 -0.0001563934173 0.01024781996 0.2547237656 -0.9999744663 -0.0007594912976 -0.007105619742 0.0003797831714 0.9872827568 -0.1589736261 0.007135994934 -0.1589722655 -0.9872572595 5.348050751e-06 0
0.1702661671 0.09534905357 0 -0.001377325836 0.04328026074 0.5075404896 -0.0001756288429 0.01085905552 0.2546897906 -0.9999678075 -0.0009034265817 -0.007972944671 0.0004517609832 0.9857264794 -0.1683541024 0.008011238252 -0.1683522845 -0.9856943382 6.043856961e-06 0
0.1807362393 0.101212294 0 -0.001551549442 0.04592317633 0.507229376 -0.0001978827965 0.01152566147 0.254650484 -0.9999591443 -0.001079907492 -0.008974600681 0.0005400153293 0.9839280708 -0.1785644419 0.009023194612 -0.1785619929 -0.9838872886 6.852848068e-06 0
0.1903338055 0.1065869311 0 -0.001720304801 0.04834295242 0.5069280271 -0.0002194458697 0.012136527 0.2546123978 -0.9999497692 -0.001260519378 -0.009943345701 0.0006303370398 0.9821876299 -0.1879017359 0.01000308493 -0.1878985651 -0.9821374993 7.640789453e-06 0
0.2008038777 0.1124501715 0 -0.001914259898 0.0509793719 0.5065816788 -0.0002442381271 0.01280270745 0.254568608 -0.999937798 -0.001479215675 -0.01105496037 0.0007397062873 0.9801891443 -0.1980623492 0.01112892908 -0.1980582068 -0.9801270804 8.551649753e-06 0
0.2104014438 0.1178248085 0 -0.002101074994 0.0533928747 0.5062480804 -0.0002681270624 0.01341316277 0.2545264138 -0.9999250575 -0.001700533442 -0.01212384317 0.0008503886677 0.9782660992 -0.2073516721 0.01221295322 -0.2073464426 -0.9781913394 9.434279175e-06 0
0.220871516 0.123688049 0 -0.002314700082 0.0560221037 0.505866607 -0.0002954555711 0.01407887361 0.2544781445 -0.9999090332 -0.00196581254 -0.01334394474 0.0009830591054 0.9760693264 -0.2174573604 0.01345209556 -0.2174506969 -0.975978604 1.044993126e-05 0
0.2304690822 0.129062686 0 -0.002519515686 0.05842869782 0.5055008648 -0.0003216683911 0.01468887811 0.2544318458 -0.9998922112 -0.002231812549 -0.01451154979 0.001116092948 0.9739653987 -0.2266939709 0.01463968582 -0.226685732 -0.9738579252 1.143005074e-05 0
0.2400666484 0.1344373231 0 -0.002732917626 0.0608317639 0.50511979 -0.0003489918794 0.01529865257 0.2543835855 -0.9998731644 -0.002520571185 -0.01572583094 0.001260512126 0.9717756174 -0.2359037103 0.01587659117 -0.235893612 -0.9716491845 1.245785604e-05 0
0.2505367206 0.1403005635 0 -0.002975494228 0.06344909704 0.5046866175 -0.0003800654253 0.01596358769 0.2543287016 -0.99984963 -0.002862581799 -0.01710330225 0.001431568698 0.9692893761 -0.2459187996 0.01728201184 -0.2459063054 -0.9691395261 1.363433071e-05 0
0.2601342867 0.1456752006 0 -0.003206798696 0.06584431973 0.5042735738 -0.0004097095239 0.01657285086 0.2542763427 -0.9998253218 -0.003201792836 -0.01841397268 0.001601229253 0.9669215502 -0.2550689157 0.01862154484 -0.2550538457 -0.9667475233 1.476419897e-05 0
0.2706043589 0.151538441 0 -0.003468866109 0.068452753 0.5038055962 -0.0004433133327 0.01723720584 0.25421699 -0.999795577 -0.003600936858 -0.01989566501 0.001800871185 0.9642422113 -0.2650164426 0.0201385475 -0.2649980967 -0.9640386132 1.605382373e-05 0
0.2802019251 0.1569130781 0 -0.003717999812 0.07083950337 0.5033607146 -0.000475275589 0.01784591667 0.2541605367 -0.9997651287 -0.003994423278 -0.02130098655 0.001997688609 0.961698456 -0.274102333 0.02158000662 -0.2740805069 -0.961464601 1.72891239e-05 0
0.2906719973 0.1627763185 0 -0.003999475005 0.07343835227 0.5028580803 -0.0005114068805 0.01850964668 0.2540967201 -0.9997281802 -0.004454833354 -0.0228849343 0.002227986927 0.9588284116 -0.283977311 0.02320779681 -0.2839511076 -0.9585578577 1.86956899e-05 0
0.3002695635 0.1681509555 0 -0.00426635902 0.07581600438 0.5023815017 -0.0005456846501 0.01911776407 0.2540361773 -0.9996906497 -0.004906347466 -0.02438304205 0.002453842008 0.956110997 -0.292994437 0.02475042716 -0.2929636312 -0.9558031843 2.004000085e-05 0
0.3107396357 0.174014196 0 -0.004567152839 0.07840458777 0.5018443699 -0.0005843404349 0.01978082426 0.253967902 -0.9996454355 -0.005432076441 -0.02606714254 0.002716828558 0.9530528069 -0.3027919517 0.0264881524 -0.3027554124 -0.9527001302 2.15675225e-05 0
0.3203372018 0.179388833 0 -0.004851702647 0.08077251887 0.5013362453 -0.0006209308819 0.02038830708 0.2539032748 -0.9995998182 -0.005945294947 -0.02765604704 0.002973564965 0.9501641552 -0.3117358434 0.02813114611 -0.3116933294 -0.9497662381 2.302462256e-05 0
0.330807274 0.1852520735 0 -0.005171719847 0.08335015925 0.500764786 -0.000662107962 0.02105065258 0.2538305466 -0.999545209 -0.006540310531 -0.02943806298 0.003271229792 0.946920544 -0.3214510575 0.02997789634 -0.3214011631 -0.9464684982 2.467732619e-05 0
0.3404048402 0.1906267105 0 -0.005473845361 0.08570775002 0.5002252761 -0.0007010080591 0.02165745971 0.2537618403 -0.9994904394 -0.007118829686 -0.03111565257 0.003560651694 0.9438632271 -0.3303173175 0.03172039297 -0.3302597928 -0.9433569239 2.625118279e-05 0
0.3500024064 0.1960013476 0 -0.005784343184 0.08806017754 0.4996708157 -0.0007410116457 0.02226392916 0.253691185 -0.9994308984 -0.00772982615 -0.03283487524 0.003866331429 0.9407261964 -0.3391449172 0.03351015855 -0.3390788598 -0.9401609416 2.788233459e-05 0
0.3604724786 0.201864588 0 -0.006132590243 0.09062040847 0.499048946 -0.0007859095569 0.02292513603 0.2536118855 -0.9993601928 -0.008434340091 -0.034757258 0.004218810208 0.9372138175 -0.3487297835 0.03551628805 -0.3486532979 -0.9365785985 2.972825501e-05 0
0.3700700447 0.2072392251 0 -0.006460520476 0.09296158687 0.4984633563 -0.0008282179687 0.02353086906 0.2535371598 -0.9992898154 -0.009115795989 -0.03656182568 0.004559765175 0.9339121914 -0.3574733937 0.03740418928 -0.357386235 -0.9332073755 3.148235315e-05 0
0.3805401169 0.2131024655 0 -0.006827728861 0.09550921281 0.497807627 -0.0008756283512 0.02419125017 0.2534534231 -0.9992066354 -0.009899029239 -0.03857601648 0.00495165752 0.9302218332 -0.3669643335 0.03951684343 -0.3668642122 -0.9294348115 3.346477151e-05 0
0.3901376831 0.2184771025 0 -0.007172987772 0.09783853219 0.4971910933 -0.0009202380881 0.02479620575 0.2533746332 -0.9991242108 -0.01065432121 -0.04046352571 0.00532958405 0.9267585417 -0.3756197557 0.04150189161 -0.3755064457 -0.9258901135 3.534620883e-05 0
0.4006077553 0.224340343 0 -0.007559041351 0.10037289 0.4965017119 -0.0009701570196 0.02545571636 0.2532864663 -0.9990272048 -0.01151990532 -0.0425668406 0.005762714944 0.9228934767 -0.3850122359 0.04371996402 -0.3848829984 -0.9219293044 3.747000305e-05 0
0.4102053215 0.22971498 0 -0.007921519769 0.1026897447 0.495854429 -0.001017064391 0.0260598535 0.2532036186 -0.9989314662 -0.01235231348 -0.044534775 0.006179261975 0.9192715885 -0.393575359 0.04580111957 -0.3934300025 -0.9182129876 3.948332728e-05 0
0.4206753937 0.2355782205 0 -0.008326296494 0.105210176 0.4951316134 -0.001069487741 0.02671844894 0.2531110289 -0.9988192225 -0.01330377232 -0.04672440845 0.006655403521 0.9152352388 -0.4028649442 0.04812344862 -0.4027002201 -0.9140660077 4.175353922e-05 0
0.4302729598 0.2409528575 0 -0.008705879851 0.1075139645 0.494453786 -0.001118688867 0.02732172671 0.2530241305 -0.998708849 -0.01421647589 -0.04877014168 0.007112170445 0.9114579583 -0.4113317484 0.05029962164 -0.4111475186 -0.9101800185 4.390344384e-05 0
0.440743032 0.2468160979 0 -0.009129251812 0.1100198157 0.4936977646 -0.001173612299 0.02797936238 0.2529271257 -0.9985798977 -0.01525722091 -0.05104316989 0.007633039546 0.9072538919 -0.4205141049 0.05272499113 -0.4203065464 -0.9058490395 4.632526952e-05 0
0.4503405982 0.252190735 0 -0.009525820181 0.1123099414 0.4929896068 -0.001225103107 0.02858173994 0.2528361838 -0.9984535156 -0.01625329398 -0.05316396874 0.008131574118 0.9033245551 -0.4288806659 0.05499504196 -0.4286497154 -0.901795413 4.861658496e-05 0
0.4608106704 0.2580539754 0 -0.009967653649 0.1148005641 0.4922006185 -0.001282522078 0.0292383713 0.2527347719 -0.9983063302 -0.01738661965 -0.05551735307 0.008698830229 0.8989564818 -0.4379515659 0.0575221817 -0.4376927566 -0.8972827032 5.119536516e-05 0
0.4704082366 0.2634286125 0 -0.0103810818 0.117076435 0.4914623539 -0.00133629831 0.02983980786 0.2526397941 -0.9981625153 -0.01846902701 -0.05771038073 0.009240626536 0.8948785532 -0.4462140583 0.05988492151 -0.4459274269 -0.8930635622 5.363305045e-05 0
0.4800058028 0.2688032495 0 -0.01080252751 0.1193452805 0.4907097723 -0.001391166009 0.03044077999 0.2525428888 -0.9980098451 -0.01959373979 -0.05993692037 0.009803625221 0.8907308199 -0.4544254564 0.06229155637 -0.4541086784 -0.8887660379 5.614252724e-05 0
0.4904758749 0.27466649 0 -0.01127139471 0.1218122152 0.4898725095 -0.001452265274 0.03109584534 0.2524349779 -0.9978327941 -0.02086969955 -0.06240329067 0.01044236598 0.8861273886 -0.4633240855 0.06496669946 -0.4629716048 -0.883989039 5.896339673e-05 0
0.5000734411 0.280041127 0 -0.01170950544 0.12406594 0.4890901688 -0.001509411753 0.03169581633 0.2523340485 -0.9976604964 -0.0220849207 -0.06469768287 0.01105073257 0.881836411 -0.4714259491 0.06746417717 -0.4710380032 -0.879529297 6.162679292e-05 0
0.5105435133 0.2859043675 0 -0.01219647799 0.1265160629 0.488220575 -0.001572994406 0.03234976739 0.2522217522 -0.9974611986 -0.02346109328 -0.06723640725 0.01173971142 0.8770787512 -0.4802031272 0.07023771447 -0.4797733228 -0.8745765959 6.461842082e-05 0
0.5201410795 0.2912790045 0 -0.01265111556 0.1287540879 0.4874087222 -0.001632414936 0.03294869668 0.2521168072 -0.9972677314 -0.0247694998 -0.06959557306 0.01239479867 0.8726482942 -0.4881918921 0.07282472709 -0.4877206438 -0.8699569718 6.744098087e-05 0
0.5306111517 0.2971422449 0 -0.01315603989 0.13118677 0.4865070716 -0.001698475717 0.03360148923 0.2520001349 -0.9970444802 -0.02624873914 -0.07220324229 0.01313545871 0.8677405759 -0.496843791 0.07569520611 -0.4963237821 -0.8648311622 7.060914543e-05 0
0.5402087179 0.302516882 0 -0.01362706098 0.1334085215 0.4856659625 -0.001760165383 0.03419933633 0.251891183 -0.9968282575 -0.02765288537 -0.07462401128 0.01383855911 0.8631745186 -0.504716004 0.07837039882 -0.5041478636 -0.8600540752 7.359621669e-05 0
0.55067879 0.3083801224 0 -0.01414977797 0.1358231401 0.4847325393 -0.001828698826 0.03485092627 0.2517701444 -0.9965792995 -0.02923790969 -0.07729711834 0.01463227678 0.8581210339 -0.5132389187 0.08133631627 -0.5126143149 -0.8547578416 7.694680484e-05 0
0.5602763562 0.3137547595 0 -0.01463703417 0.1380280501 0.483862439 -0.001892652524 0.03544765079 0.2516571947 -0.9963386931 -0.03074022385 -0.07977623238 0.01538462086 0.8534233651 -0.5209912412 0.08409828807 -0.5203110594 -0.8498257936 8.010383118e-05 0
0.5707464284 0.3196179999 0 -0.01517737917 0.1404239889 0.4828975372 -0.001963652959 0.0360979941 0.2515318 -0.9960622303 -0.0324336119 -0.08251117666 0.01623270408 0.8482285235 -0.5293815933 0.08715809069 -0.52863639 -0.8443619096 8.364283185e-05 0
0.5803439946 0.324992637 0 -0.01568071704 0.1426114954 0.4819987196 -0.002029865397 0.03669355576 0.2514148618 -0.9957955724 -0.03403639265 -0.08504529371 0.01703545877 0.8434033373 -0.5370108041 0.09000539513 -0.5362017667 -0.8392774835 8.697534769e-05 0
0.5908140668 0.3308558774 0 -0.01623851994 0.1449881445 0.481002643 -0.00210332695 0.03734260856 0.2512851215 -0.9954897643 -0.0358405801 -0.08783838524 0.01793914516 0.8380716607 -0.5452651452 0.09315748051 -0.5443816164 -0.8336488107 9.070884554e-05 0
0.600411633 0.3362305145 0 -0.01675778108 0.1471576916 0.4800753909 -0.002171792651 0.03793696716 0.2511642047 -0.9951953494 -0.03754599339 -0.09042408336 0.01879341216 0.8331231521 -0.5527681441 0.09608862644 -0.5518116634 -0.8284146691 9.422247035e-05 0
0.6100091991 0.3416051515 0 -0.01728460027 0.1493184547 0.4791346424 -0.002241334009 0.03853073622 0.2510413886 -0.9948870461 -0.03930121791 -0.09303321873 0.0196726855 0.8281171743 -0.5602097207 0.09905933052 -0.5591756074 -0.8231098888 9.782472247e-05 0
0.6204792713 0.3474683919 0 -0.0178678875 0.1516654859 0.478093058 -0.002318422543 0.03917780115 0.2509052441 -0.9945344031 -0.04127334534 -0.09590532854 0.02066068169 0.8225917298 -0.5682569686 0.1023447962 -0.5671325745 -0.8172430395 0.0001018570731 0
0.6300768375 0.352843029 0 -0.01841038682 0.1538074793 0.4771243093 -0.002390208723 0.03977030796 0.2507784644 -0.9941957573 -0.04313415458 -0.09856084867 0.02159297331 0.8174688053 -0.5755679768 0.1053970573 -0.5743554623 -0.8117926233 0.0001056488863 0
0.6405469097 0.3587062694 0 -0.01901068731 0.156133739 0.4760523441 -0.00246974294 0.0404159741 0.2506380017 -0.9938090417 -0.04522247932 -0.1014816042 0.02263932628 0.8118181842 -0.5834712476 0.1087706281 -0.5821564766 -0.8057684452 0.0001098911898 0
0.6501444759 0.3640809065 0 -0.0195686963 0.1582564227 0.4750558995 -0.002543768004 0.04100717875 0.250507269 -0.9934382644 -0.04719069737 -0.1041799067 0.02362556994 0.8065827373 -0.5906488977 0.1119028477 -0.5892345255 -0.8001752475 0.000113878373 0
0.6606145481 0.3699441469 0 -0.02018582149 0.1605613255 0.4739538902 -0.002625741324 0.04165140265 0.2503624997 -0.993015508 -0.04939713182 -0.1071453417 0.02473126027 0.8008118126 -0.5984052186 0.1153627568 -0.5968755014 -0.7939968955 0.0001183370047 0
0.6702121142 0.375318784 0 -0.02075916494 0.1626641662 0.4729300626 -0.002701999147 0.04224126535 0.2502278249 -0.9926107804 -0.05147444006 -0.1098827588 0.0257723196 0.7954683516 -0.6054468508 0.1185732946 -0.6038050047 -0.7882638455 0.000122525436 0
0.6806821864 0.3811820244 0 -0.02139292112 0.1649471341 0.4717983551 -0.002786404787 0.04288400365 0.2500787612 -0.9921499839 -0.05380073957 -0.1128888381 0.02693825067 0.7895820852 -0.6130533919 0.1221177301 -0.6112819407 -0.7819345554 0.0001272068443 0
0.6902797526 0.3865566615 0 -0.02198141912 0.1670296057 0.4707474659 -0.002864889059 0.04347248474 0.2499401555 -0.9917094601 -0.05598867417 -0.1156616407 0.02803491797 0.7841351975 -0.6199564786 0.1254049047 -0.6180592693 -0.7760646555 0.0001316024667 0
0.7007498248 0.3924199019 0 -0.02263160751 0.1692900684 0.4695864152 -0.002951720036 0.04411369424 0.2497868098 -0.9912085959 -0.05843643441 -0.1187042648 0.02926191471 0.778138635 -0.6274105554 0.1290320103 -0.6253682498 -0.7695877419 0.000136513169 0
0.710347391 0.3977945389 0 -0.02323507554 0.1713516515 0.4685087937 -0.003032424264 0.04470075417 0.2496442848 -0.990730405 -0.06073638402 -0.1215086671 0.03041490977 0.7725929819 -0.6341727033 0.1323941003 -0.6319898544 -0.7635840662 0.0001411219875 0
0.7208174632 0.4036577794 0 -0.02390149234 0.1735890467 0.4673187637 -0.003121673393 0.04534039181 0.2494866699 -0.9901874198 -0.0633070385 -0.1245836771 0.03170371743 0.7664912464 -0.6414717792 0.1361019766 -0.6391270516 -0.7569629211 0.0001462685668 0
0.7304150293 0.4090324164 0 -0.02451974132 0.1756292295 0.4662147476 -0.0032045909 0.04592599119 0.2493402373 -0.9896696687 -0.06572024209 -0.1274158413 0.03291368649 0.7608515579 -0.6480907314 0.1395372211 -0.6455894645 -0.7508286138 0.0001510966445 0
0.7400125955 0.4144070535 0 -0.0251449913 0.1776589985 0.4650982298 -0.003288564517 0.04651087814 0.2491919403 -0.9891323225 -0.06818800439 -0.1302599121 0.03415111069 0.7551685868 -0.6546404411 0.143006819 -0.6519745406 -0.744632962 0.000156031745 0
0.7504826677 0.4202702939 0 -0.02583501418 0.1798612807 0.4638660461 -0.003381374721 0.04714811358 0.2490280386 -0.9885232618 -0.07094260485 -0.133375064 0.03553248427 0.7489209147 -0.6617060572 0.1468305263 -0.6588509774 -0.7378049784 0.0001615392018 0
0.7600802339 0.425644931 0 -0.02647475741 0.1818689065 0.4627236475 -0.00346755141 0.04773148195 0.2488758523 -0.9879435213 -0.07352517433 -0.1362411372 0.03682770099 0.7431510153 -0.6681094887 0.1503706061 -0.6650718888 -0.7314834677 0.0001667026258 0
0.7705503061 0.4315081714 0 -0.02718048259 0.1840467624 0.4614634239 -0.0035627611 0.04836703943 0.2487077146 -0.9872871575 -0.07640550886 -0.1393781436 0.03827238206 0.7368111657 -0.6750144672 0.1542701963 -0.6717674481 -0.7245199805 0.0001724625357 0
0.7801478722 0.4368828085 0 -0.02783451903 0.1860317519 0.4602955017 -0.00365113373 0.04894885016 0.2485516516 -0.9866630851 -0.07910374543 -0.1422622715 0.03962585122 0.7309592157 -0.6812697094 0.157878904 -0.6778209369 -0.7180759216 0.0001778604793 0
0.7906179444 0.4427460489 0 -0.02855572591 0.188184648 0.4590076323 -0.003748735029 0.04958268713 0.248379292 -0.9859572968 -0.08211066735 -0.1454168054 0.04113429986 0.7245325379 -0.6880120427 0.161852335 -0.6843321122 -0.7109805777 0.0001838796292 0
0.8002155106 0.4481206859 0 -0.0292238512 0.190146516 0.4578145514 -0.003839296289 0.05016290129 0.2482193654 -0.9852869416 -0.08492527516 -0.148315004 0.04254640482 0.7186034652 -0.6941173267 0.1655277808 -0.6902150081 -0.7044173453 0.0001895183383 0
0.8106855828 0.4539839264 0 -0.02996031454 0.1922739273 0.4564994383 -0.00393928112 0.05079497537 0.2480427981 -0.984529594 -0.08805946711 -0.1514827015 0.04411899717 0.7120953602 -0.7006951634 0.1695729716 -0.6965383896 -0.6971938605 0.0001958035679 0
0.820283149 0.4593585634 0 -0.03064232013 0.1942121967 0.4552815712 -0.004032023516 0.05137355416 0.2478790213 -0.983810994 -0.09099099319 -0.1543909556 0.04559004404 0.7060941374 -0.706648864 0.1733132306 -0.7022476118 -0.6905148918 0.0002016893358 0
0.8307532212 0.4652218039 0 -0.03139381012 0.1963136072 0.4539396248 -0.004134383607 0.05200382313 0.2476982611 -0.9829999421 -0.09425296574 -0.1575674212 0.04722707169 0.6995100521 -0.7130605099 0.1774280628 -0.7083798878 -0.6831670491 0.0002082475356 0
0.8403507873 0.4705964409 0 -0.03208948328 0.1982278092 0.4526973513 -0.004229299465 0.05258072793 0.2475306476 -0.9822311274 -0.09730179888 -0.1604816886 0.04875728878 0.693441691 -0.7188611465 0.1812311762 -0.7139124464 -0.676375842 0.0002143867011 0
0.8508208595 0.4764596813 0 -0.03285576566 0.200302712 0.4513289899 -0.004334026345 0.05320914971 0.2473457095 -0.9813642185 -0.1006918894 -0.1636625002 0.05045895813 0.6867871119 -0.7251050658 0.1854134949 -0.7198504055 -0.6689074896 0.0002212248102 0
0.8604184257 0.4818343184 0 -0.03356488961 0.202192386 0.4500626971 -0.004431107812 0.05378434205 0.2471742734 -0.9805432133 -0.1038582591 -0.166578717 0.05204849546 0.6806566582 -0.7307513036 0.1892774711 -0.725203403 -0.6620076006 0.0002276237559 0
0.8700159919 0.4872089555 0 -0.03428036876 0.204070169 0.4487850558 -0.004529222175 0.05435870183 0.247001014 -0.9796965479 -0.1070808765 -0.1694944243 0.05366643338 0.6744982999 -0.7363232696 0.1931698421 -0.7304695266 -0.6550570073 0.0002341492131 0
0.8804860641 0.4930721959 0 -0.03506807969 0.2061049775 0.4473784291 -0.004637431859 0.05498431632 0.2468099284 -0.9787431159 -0.1106606067 -0.1726735161 0.05546385614 0.6677496328 -0.742316771 0.1974479012 -0.7361145685 -0.6474176923 0.0002414139117 0
0.8900836303 0.4984468329 0 -0.03579668191 0.2079575675 0.4460773537 -0.004737699893 0.05555690703 0.2466328676 -0.977841335 -0.1140008067 -0.1755851352 0.05714119181 0.6615366903 -0.7477326337 0.2013981327 -0.7411970207 -0.6403637784 0.0002482086615 0
0.9005537024 0.5043100734 0 -0.03659858588 0.209964652 0.4446453824 -0.004848254533 0.05618057085 0.2464376429 -0.9768266976 -0.1177087389 -0.1787575333 0.05900339792 0.654731259 -0.7535552916 0.2057381879 -0.7466402288 -0.632613758 0.0002557706658 0
0.9101512686 0.5096847104 0 -0.03734008467 0.2117916099 0.4433212774 -0.00495066794 0.05675135443 0.2462567954 -0.975867823 -0.1211663534 -0.1816609668 0.06074008579 0.6484688371 -0.7588140808 0.209744211 -0.7515363478 -0.6254602177 0.0002628411934 0
0.9206213408 0.5155479509 0 -0.03815593252 0.2137704963 0.4418644062 -0.005063558389 0.05737302612 0.2460574479 -0.9747898241 -0.1250022163 -0.1848221977 0.06266698235 0.641612219 -0.7644649172 0.2141439893 -0.7567748716 -0.6176035505 0.0002707075996 0
0.930218907 0.5209225879 0 -0.03891009761 0.2155713919 0.4405176828 -0.005168108696 0.05794196465 0.2458728287 -0.9737718816 -0.1285769162 -0.1877133431 0.06446289763 0.6353054369 -0.7695658105 0.2182037062 -0.7614820933 -0.6103541301 0.000278060429 0
0.9406889792 0.5267858283 0 -0.03973963612 0.2175216157 0.4390363641 -0.005283325613 0.05856160295 0.2456693751 -0.9726283706 -0.1325402628 -0.1908589306 0.06645430522 0.6284032219 -0.7750440091 0.2226609035 -0.7665131894 -0.6023949307 0.0002862383753 0
0.9502865454 0.5321604654 0 -0.04050623354 0.2192960279 0.4376674401 -0.005390004167 0.05912865869 0.2454809997 -0.9715493924 -0.1362315576 -0.1937336852 0.06830924377 0.6220572071 -0.7799863321 0.226772188 -0.7710290486 -0.5950534269 0.0002938800687 0
0.9607566175 0.5380237058 0 -0.04134920549 0.2212171348 0.4361621331 -0.005507538018 0.05974622252 0.2452734568 -0.9703382272 -0.1403217648 -0.1968591555 0.07036489643 0.6151149912 -0.7852912383 0.2312844701 -0.7758500821 -0.5869958637 0.0003023767339 0
0.9703541837 0.5433983429 0 -0.04212799767 0.2229646516 0.4347714327 -0.005616335993 0.06031135789 0.2450813408 -0.9691962546 -0.1441290029 -0.1997134212 0.07227857481 0.6087348742 -0.7900744652 0.2354451692 -0.780172214 -0.5795661212 0.0003103138905 0
0.9808242559 0.5492615833 0 -0.04298414197 0.2248561972 0.4332426036 -0.005736177051 0.06092680636 0.2448697259 -0.9679153045 -0.1483452721 -0.2028143083 0.0743981201 0.6017582535 -0.795205586 0.240010173 -0.7847806602 -0.5714144138 0.0003191364936 0
0.9904218221 0.5546362204 0 -0.04377488784 0.226576416 0.4318305574 -0.005847085444 0.06148998398 0.2446738853 -0.9667083905 -0.1522676408 -0.2056439967 0.07637017566 0.5953491619 -0.7998293391 0.2442181076 -0.7889068012 -0.5639003236 0.0003273757484 0
1.000019388 0.5600108574 0 -0.04457126447 0.2282834396 0.4304084563 -0.005958999933 0.06205221212 0.2444762691 -0.9654697334 -0.156244738 -0.2084604895 0.07836999947 0.5889280233 -0.8043767317 0.2484478557 -0.7929384372 -0.5563472817 0.0003357618409 0
1.01048946 0.5658740979 0 -0.04544639466 0.2301304938 0.4288457238 -0.006082233426 0.06266445906 0.2442586672 -0.9640817512 -0.1606455243 -0.2115168848 0.08058316596 0.5819107797 -0.8092503926 0.2530864089 -0.7972282358 -0.5480642386 0.0003450795704 0
1.020087027 0.5712487349 0 -0.04625436234 0.2318096415 0.4274029244 -0.006196244705 0.0632246745 0.2440573506 -0.962775302 -0.1647362571 -0.2143027843 0.08264068627 0.5754682295 -0.8136380238 0.2573601266 -0.8010607233 -0.5404326812 0.0003537776338 0
1.030557099 0.5771119753 0 -0.04714200172 0.2336260776 0.4258178541 -0.006321760481 0.0638347056 0.243835721 -0.9613123224 -0.1692603715 -0.2173235962 0.08491650065 0.5684304104 -0.8183373733 0.2620454288 -0.8051321601 -0.5320661595 0.0003634393567 0
1.040154665 0.5824866124 0 -0.04796131106 0.2352769704 0.4243548017 -0.006437859115 0.06439287142 0.2436307207 -0.959936175 -0.173463531 -0.2200748587 0.08703115964 0.5619715452 -0.8225652312 0.2663608778 -0.8087634919 -0.5243600833 0.0003724561119 0
1.050624737 0.5883498528 0 -0.0488611858 0.2370623803 0.4227478825 -0.006565646789 0.06500064648 0.2434050819 -0.9583961296 -0.1781095678 -0.2230556896 0.08936897074 0.554918699 -0.8270903364 0.2710904754 -0.8126144346 -0.5159144646 0.0003824691783 0
1.060222303 0.5937244899 0 -0.0496915842 0.238684649 0.4212650282 -0.00668382317 0.06555672592 0.243196415 -0.9569483988 -0.1824237862 -0.2257682975 0.09154013253 0.548448593 -0.8311585559 0.2754453958 -0.8160427091 -0.5081379054 0.0003918113794 0
1.070692376 0.5995877303 0 -0.05060341703 0.2404386352 0.4196367553 -0.006813872167 0.06616220498 0.2429667856 -0.9553292439 -0.1871901675 -0.2287047811 0.0939392043 0.5413862408 -0.8355096434 0.2802168118 -0.8196711411 -0.4996176127 0.0004021831751 0
1.080289942 0.6049623674 0 -0.05144464879 0.2420319205 0.4181345557 -0.006934116516 0.06671616149 0.2427544696 -0.9538080685 -0.1916139198 -0.2313747485 0.09616615547 0.5349099404 -0.8394185048 0.284608923 -0.8228945628 -0.491774643 0.0004118576089 0
1.090760014 0.6108256078 0 -0.05236815911 0.2437540964 0.4164854302 -0.007066416074 0.06731930476 0.2425208688 -0.9521077875 -0.1964988965 -0.2342625552 0.09862566758 0.5278435697 -0.8435959599 0.2894196586 -0.8262985838 -0.4831841385 0.0004225955551 0
1.10035758 0.6162002449 0 -0.05321996552 0.2453180488 0.4149643473 -0.007188718441 0.06787110199 0.2423049211 -0.9505113323 -0.2010305014 -0.2368859317 0.1009076178 0.5213660879 -0.8473458887 0.2938466603 -0.8293154647 -0.4752788658 0.0004326090401 0
1.110827652 0.6220634853 0 -0.05415486951 0.2470080389 0.4132948759 -0.007323257612 0.06847186993 0.2420673684 -0.9487279388 -0.2060321547 -0.2397207737 0.1034266664 0.5143011471 -0.8513502538 0.2986941961 -0.832493292 -0.4666226483 0.0004437205925 0
1.120425218 0.6274381223 0 -0.05501698895 0.2485423192 0.4117553769 -0.007447607877 0.06902147172 0.2418478071 -0.9470543979 -0.2106697763 -0.2422936498 0.1057627492 0.5078274579 -0.854941819 0.3031537701 -0.8353020521 -0.4586592127 0.0004540799785 0
1.130022785 0.6328127594 0 -0.05588394739 0.2500622915 0.4102072368 -0.007572933944 0.0695700108 0.241626524 -0.9453433606 -0.2153574079 -0.2448410046 0.108124393 0.5013573282 -0.8584578878 0.3076280974 -0.8380107495 -0.4506694325 0.0004646072257 0
1.140492857 0.6386759998 0 -0.05683516768 0.2517040379 0.4085086291 -0.0077107634 0.0701671954 0.2413831654 -0.9434335372 -0.2205276692 -0.2475897978 0.110729621 0.4943043832 -0.8622077057 0.3125253781 -0.8408511901 -0.4419243874 0.0004762847939 0
1.150090423 0.6440506369 0 -0.05771204729 0.2531938554 0.4069427727 -0.007838122094 0.07071348596 0.2411582958 -0.9416428026 -0.2253183238 -0.2500809573 0.1131439785 0.4878453165 -0.8655665124 0.3170288194 -0.843349631 -0.4338826195 0.0004871681239 0
1.160560495 0.6499138773 0 -0.0586739446 0.254802533 0.4052250989 -0.007978163234 0.07130819818 0.2409110348 -0.939645092 -0.2305997875 -0.2527663727 0.1158061486 0.4808070955 -0.8691452542 0.3219565764 -0.8459599724 -0.4250831542 0.0004992379191 0
1.170158061 0.6552885144 0 -0.05956047695 0.2562618818 0.4036420054 -0.008107544014 0.07185220458 0.2406825972 -0.9377729368 -0.2354912533 -0.2551975481 0.1182721681 0.4743639463 -0.8723477177 0.3264867734 -0.8482468485 -0.41699361 0.0005104842565 0
1.180628134 0.6611517548 0 -0.06053275706 0.257837154 0.401905791 -0.008249785251 0.07244440564 0.2404314544 -0.935685479 -0.2408814255 -0.2578154829 0.120990093 0.4673457146 -0.8757564618 0.331442426 -0.8506257237 -0.4081443328 0.0005229538487 0
1.1902257 0.6665263919 0 -0.06142867117 0.2592657308 0.4003059443 -0.008381177411 0.07298609246 0.2401994679 -0.9337302177 -0.2458713428 -0.2601829423 0.1235066497 0.4609232801 -0.8788036398 0.3359970061 -0.8526998374 -0.4000112489 0.0005345701472 0
1.200695772 0.6723896323 0 -0.06241103709 0.2608072725 0.3985517195 -0.008525606973 0.07357574381 0.239944464 -0.9315511954 -0.2513675693 -0.2627293578 0.1262790628 0.4539302374 -0.8820436145 0.3409779592 -0.8548460006 -0.3911167942 0.0005474471379 0
1.210293338 0.6777642693 0 -0.0633160595 0.2622047845 0.396935608 -0.008658999641 0.07411507583 0.239708948 -0.9295111824 -0.2564534323 -0.2650294303 0.1288449601 0.447533252 -0.8849367009 0.3455545371 -0.8567062656 -0.3829444299 0.0005594403795 0
1.22076341 0.6836275098 0 -0.06430821162 0.263712282 0.3951639078 -0.008805605576 0.0747021392 0.2394501042 -0.9272388235 -0.2620529011 -0.2675003572 0.1316705174 0.4405705267 -0.8880092825 0.350558182 -0.8586185928 -0.3740094558 0.0005727324008 0
1.230360976 0.6890021468 0 -0.0652220665 0.2650784472 0.3935320241 -0.008940987713 0.07523908142 0.2392110781 -0.9251124559 -0.2672320609 -0.2697294376 0.1342844877 0.434203657 -0.890749606 0.3551543612 -0.860264035 -0.3658020911 0.0005851095953 0
1.240831049 0.6948653873 0 -0.06622370266 0.2665515986 0.3917433881 -0.009089757889 0.07582351874 0.2389484159 -0.9227450362 -0.272931805 -0.2721209805 0.1371617684 0.4272763011 -0.8936563164 0.3601780775 -0.8619415249 -0.3568312769 0.0005988243093 0
1.250428615 0.7002400243 0 -0.06714611193 0.2678861454 0.3900962287 -0.009227118293 0.07635803639 0.2387058996 -0.9205307561 -0.2782014717 -0.2742755333 0.1398224749 0.4209441409 -0.8962453379 0.3647914508 -0.8633712825 -0.34859321 0.0006115924939 0
1.260026181 0.7056146614 0 -0.06807251349 0.2692054777 0.3884419402 -0.009365420816 0.07689138224 0.2384617212 -0.918273894 -0.2835133977 -0.2763932144 0.1425050411 0.4146301822 -0.8987625522 0.3694121938 -0.864697615 -0.3403419836 0.0006245501692 0
1.270496253 0.7114779018 0 -0.06908761096 0.2706273285 0.3866292661 -0.009517367703 0.07747186838 0.2381934545 -0.9157628983 -0.2893556179 -0.2786604394 0.1454560212 0.4077641893 -0.9014271528 0.374460759 -0.8660263808 -0.3313267989 0.00063890383 0
1.280093819 0.7168525389 0 -0.07002215188 0.2719146611 0.3849604431 -0.009657631631 0.07800273868 0.2379458157 -0.913415908 -0.2947536751 -0.2806985038 0.148183223 0.4014915871 -0.9037954624 0.3790951218 -0.867135962 -0.323051253 0.0006522629462 0
1.290563892 0.7227157793 0 -0.0710459744 0.2733014683 0.3831321886 -0.009811711924 0.07858050552 0.2376737852 -0.9108058002 -0.300688169 -0.2828770392 0.1511820856 0.3946731178 -0.906298575 0.3841572221 -0.8682279396 -0.3140119004 0.0006670584126 0
1.300161458 0.7280904163 0 -0.07198837141 0.2745565568 0.3814493368 -0.009953925651 0.07910886605 0.2374227066 -0.9083672453 -0.3061692309 -0.2848321429 0.1539524201 0.3884462643 -0.9085197588 0.3888027777 -0.8691201883 -0.305716369 0.000680826071 0
1.31063153 0.7339536568 0 -0.07302060892 0.2759080597 0.3796060555 -0.0101101266 0.07968387641 0.237146935 -0.9056564869 -0.3121925166 -0.2869183863 0.1569974902 0.3816800619 -0.9108633918 0.393875762 -0.8699748059 -0.2966575824 0.0006960711035 0
1.320229096 0.7393282938 0 -0.07397057685 0.2771306704 0.3779096842 -0.01025427836 0.08020969321 0.2368924374 -0.9031249837 -0.3177533269 -0.2887872696 0.1598093901 0.3755032596 -0.9129393522 0.3985300775 -0.870649255 -0.2883464098 0.0007102544301 0
1.330699168 0.7451915343 0 -0.07501091725 0.2784466203 0.3760519335 -0.01041258704 0.08078191015 0.2366129474 -0.9003120948 -0.3238617821 -0.2907777124 0.1628989234 0.368793967 -0.9151256475 0.4036112891 -0.871266065 -0.2792729334 0.0007259568155 0
1.340296734 0.7505661713 0 -0.07596816912 0.2796365308 0.3743425551 -0.0105586649 0.08130514947 0.2363550519 -0.8976863147 -0.3294989572 -0.292557204 0.1657507586 0.3626714244 -0.9170584081 0.4082719271 -0.8717223612 -0.2709504723 0.0007405629601 0
1.350766807 0.7564294117 0 -0.0770162984 0.280916691 0.3724708957 -0.01071906821 0.08187453633 0.2360718668 -0.8947698768 -0.335688823 -0.2944484363 0.1688829433 0.3560235794 -0.9190896378 0.413358705 -0.8721010406 -0.2618670578 0.000756730511 0
1.360364373 0.7618040488 0 -0.07798054555 0.2820736901 0.3707490258 -0.01086706008 0.08239516469 0.2358105948 -0.8920485482 -0.341398856 -0.2961354568 0.1717730226 0.3499594061 -0.9208813402 0.4180232247 -0.8723389451 -0.2535376668 0.0007717666464 0
1.370834445 0.7676672892 0 -0.07903614791 0.2833178362 0.3688640216 -0.01102954475 0.08296168506 0.2355237379 -0.8890272062 -0.3476662407 -0.2979241709 0.1749459811 0.3433774363 -0.9227599037 0.4231129048 -0.8724792956 -0.2444490713 0.0007884071999 0
1.380432011 0.7730419263 0 -0.08000710006 0.2844417236 0.3671301785 -0.01117943839 0.08347966921 0.2352591111 -0.8862091167 -0.3534455049 -0.2995157368 0.1778725541 0.3373756391 -0.9244128042 0.4277788635 -0.8724986838 -0.2361171124 0.0008038805211 0
1.390029577 0.7784165633 0 -0.08098115592 0.2855497075 0.365390793 -0.0113302372 0.08399637706 0.2349928875 -0.8833443393 -0.3592565636 -0.3010606247 0.180815945 0.331405059 -0.9260001517 0.4324446464 -0.8724135535 -0.2277854678 0.000819565481 0
1.40049965 0.7842798038 0 -0.08204722346 0.2867402301 0.363487101 -0.01149577398 0.08455859389 0.2347006466 -0.8801655792 -0.3656311409 -0.3026919591 0.1840456043 0.3249283356 -0.9276576913 0.4375337345 -0.8722014937 -0.2186979324 0.0008369196615 0
1.410097216 0.7896544408 0 -0.08302755254 0.287814827 0.3617365133 -0.01164845617 0.08507260884 0.2344311006 -0.8772023611 -0.371505858 -0.3041371651 0.1870227967 0.3190258567 -0.9291097762 0.4421973443 -0.8718978726 -0.2103701702 0.0008530524819 0
1.420567288 0.7955176813 0 -0.08410030356 0.2889688318 0.3598208865 -0.01181604067 0.08563187012 0.2341352475 -0.8739156255 -0.3779477643 -0.3056582519 0.190288307 0.3126254773 -0.9306211212 0.4472827291 -0.8714475305 -0.2012892493 0.0008708991874 0
1.430164854 0.8008923183 0 -0.08508661213 0.2900098694 0.3580596212 -0.01197059361 0.08614315954 0.2338624015 -0.8708529091 -0.383882233 -0.3070010454 0.1932974116 0.3067948329 -0.9319404708 0.4519417233 -0.8709255776 -0.1929697307 0.0008874871144 0
1.440634926 0.8067555587 0 -0.08616572549 0.2911271748 0.3561326331 -0.01214021197 0.08669942982 0.2335629606 -0.8674570801 -0.3903871478 -0.3084089641 0.1965966832 0.3004748068 -0.9333084349 0.4570207418 -0.8702371891 -0.1839001802 0.0009058342597 0
1.450232492 0.8121301958 0 -0.08715771859 0.2921344922 0.3543612168 -0.01229662286 0.08720796133 0.2332868372 -0.8642938736 -0.3963773549 -0.3096467222 0.1996357583 0.294719613 -0.9344976799 0.4616726806 -0.8694971778 -0.1755932622 0.0009228845579 0
1.460702565 0.8179934362 0 -0.0882428719 0.2932149288 0.352423443 -0.01246826105 0.08776120544 0.2329838333 -0.8607879056 -0.4029408442 -0.3109386717 0.2029666449 0.2884838196 -0.9357251877 0.4667426728 -0.8685711035 -0.1665398317 0.0009417400781 0
1.470300131 0.8233680733 0 -0.08924025344 0.2941883764 0.3506424046 -0.01262651695 0.08826694693 0.2327044553 -0.8575232847 -0.408982675 -0.3120688829 0.2060336982 0.2828075715 -0.9367870583 0.47138512 -0.8676134214 -0.1582498646 0.0009592600297 0
1.480770203 0.8292313137 0 -0.09033112314 0.2952317872 0.348694423 -0.01280016076 0.08881712998 0.2323979136 -0.8539062068 -0.4156001964 -0.3132421852 0.2093939999 0.2766597562 -0.9378771413 0.4764434308 -0.8664501463 -0.1492172956 0.0009786318781 0
1.490367769 0.8346059508 0 -0.09133359605 0.2961712267 0.3469042928 -0.01296024859 0.0893200496 0.2321153041 -0.8505393162 -0.4216894388 -0.314262452 0.212486991 0.2710658244 -0.9388144638 0.4810739551 -0.8652752949 -0.140948621 0.0009966287821 0
1.500837841 0.8404691912 0 -0.09242985755 0.2971774672 0.3449466829 -0.01313588366 0.08986713698 0.2318052499 -0.8468102338 -0.428356346 -0.3153145553 0.2158744561 0.2650095948 -0.9397702559 0.4861179354 -0.8638754282 -0.1319416437 0.00101652493 0
1.510435408 0.8458438283 0 -0.09343712386 0.2980827721 0.3431479931 -0.01329779017 0.09036720314 0.2315194323 -0.8433402889 -0.434488695 -0.3162225974 0.2189912981 0.2595012217 -0.9405859489 0.4907341118 -0.8624840229 -0.1236985919 0.0010350061 0
1.520032974 0.8512184653 0 -0.0944465771 0.2989717102 0.341345398 -0.01346056175 0.09086589352 0.2312320888 -0.8398208008 -0.4406401125 -0.3170761956 0.2221187966 0.254034876 -0.9413445288 0.4953425712 -0.860989299 -0.1154693215 0.001053721465 0
1.530503046 0.8570817057 0 -0.09555021259 0.2999227652 0.3393746204 -0.01363911375 0.09140834194 0.2309168891 -0.8359246736 -0.4473713053 -0.3179447362 0.2255421885 0.2481203405 -0.9421077528 0.5003605313 -0.8592410673 -0.1065088114 0.001074407298 0
1.540100612 0.8624563428 0 -0.09656401733 0.3007774022 0.3375642548 -0.01380368415 0.09190413267 0.2306263725 -0.8323011041 -0.4535593054 -0.3186829595 0.2286903734 0.2427441053 -0.9427491779 0.5049510721 -0.8575309067 -0.09831153991 0.001093617767 0
1.550570684 0.8683195832 0 -0.09767223651 0.3016909827 0.3355852919 -0.0139841911 0.09244340093 0.2303077243 -0.8282910946 -0.4603279543 -0.3194245407 0.2321351424 0.2369294784 -0.943386293 0.5099481722 -0.8555481265 -0.08938828179 0.001114847718 0
1.560168251 0.8736942203 0 -0.09869009303 0.3025112203 0.333767691 -0.01415054671 0.0929362611 0.2300140586 -0.8245628407 -0.4665480219 -0.320045411 0.2353018226 0.2316462647 -0.9439136932 0.5145183904 -0.8536234248 -0.08122730219 0.001134560637 0
1.570638323 0.8795574607 0 -0.09980256862 0.3033872253 0.3317811275 -0.01433299367 0.09347231563 0.2296919883 -0.8204383321 -0.4733491592 -0.3206579435 0.2387655572 0.225934647 -0.9444281571 0.5194920134 -0.8514071345 -0.07234596918 0.001156342726 0
