0.006916062432 0.004371919706 0.0001395661399 -2.570091316e-06 0.001763586081 0.5099959343 -3.224282454e-07 0.0004392457533 0.2549994955 -0.9999999999 -6.815146287e-08 -1.496735915e-05 3.484662736e-08 0.9999763228 -0.006881406104 1.496747374e-05 -0.006881406104 -0.9999763227 3.136642653e-08 0.000185622966 0
0.01452242842 0.009180207899 0.0002930626054 -1.133194028e-05 0.003703128155 0.5099820737 -1.430432633e-06 0.0009242429576 0.2549977618 -0.9999999978 -6.349248723e-07 -6.599119128e-05 3.186555579e-07 0.9998956061 -0.01444911251 6.599347631e-05 -0.01444911249 -0.9998956039 6.202199634e-08 0.0003897732652 0
0.02128364262 0.01345424185 0.0004295039082 -2.433942681e-05 0.005427042127 0.5099614968 -3.082602626e-06 0.001356054233 0.2549951764 -0.99999999 -2.000048921e-06 -0.000141732647 1.001589621e-06 0.9997757844 -0.0211750091 0.0001417432194 -0.02117500902 -0.9997757743 4.446057725e-08 0.0005712401979 0
0.02804485683 0.0177282758 0.0005659452109 -4.225856532e-05 0.007150782488 0.50993315 -5.362118573e-06 0.001787944117 0.2549916093 -0.9999999697 -4.576576527e-06 -0.0002460615783 2.290215945e-06 0.9996107314 -0.02789956454 0.0002460934787 -0.02789956426 -0.9996107011 1.173507061e-08 0.0007527071305 0
0.03480607104 0.02200230975 0.0007023865136 -6.508866793e-05 0.008874294098 0.5098970344 -8.268113492e-06 0.002219779596 0.2549870617 -0.9999999282 -8.749020375e-06 -0.0003789619331 4.376779118e-06 0.9994004666 -0.03462235307 0.0003790376444 -0.03462235224 -0.9994003948 9.380783281e-08 0.0009341740631 0
0.04156728525 0.0262763437 0.0008388278163 -9.282885823e-05 0.01059752183 0.5098531514 -1.180010064e-05 0.002651541445 0.2549815345 -0.9999998539 -1.490163324e-05 -0.0005404132633 7.45338659e-06 0.9991450148 -0.04134294915 0.0005405672954 -0.04134294714 -0.9991448686 2.024356903e-07 0.001115640996 0
0.04832849946 0.03055037765 0.000975269119 -0.0001254780714 0.01232041056 0.5098015027 -1.595781348e-05 0.003083234104 0.2549750281 -0.999999733 -2.341834539e-05 -0.0007303907276 1.171197565e-05 0.9988444059 -0.04806092751 0.0007306721998 -0.04806092323 -0.9988441389 3.344367578e-07 0.001297107928 0
0.05508971367 0.0348244116 0.001111710422 -0.000163035054 0.01404290519 0.5097420903 -2.074108969e-05 0.003514864465 0.2549675427 -0.9999995492 -3.468270205e-05 -0.0009488650954 1.734428044e-05 0.9984986753 -0.05477586322 0.0009493403157 -0.05477585498 -0.9984982246 4.887790221e-07 0.001478574861 0
0.06185092787 0.03909844555 0.001248151724 -0.0002054983646 0.01576495063 0.5096749164 -2.614981496e-05 0.003946437636 0.2549590786 -0.9999992838 -4.907780094e-05 -0.001195802751 2.454179898e-05 0.9981078636 -0.06148733175 0.001196557792 -0.06148731706 -0.9981071476 6.649518367e-07 0.001660041794 0
0.06861214208 0.0433724795 0.001384593027 -0.000252866373 0.01748649182 0.5095999836 -3.218389655e-05 0.004377956603 0.2549496359 -0.9999989156 -6.698622984e-05 -0.001471165699 3.349576022e-05 0.9976720169 -0.06819490899 0.001472308969 -0.06819488432 -0.9976709328 8.627048582e-07 0.001841508726 0
0.07537335629 0.04764651345 0.00152103433 -0.0003051372612 0.01920747371 0.5095172948 -3.884325049e-05 0.004809422634 0.2549392147 -0.9999984209 -8.879000426e-05 -0.001774911568 4.439709119e-05 0.9971911863 -0.07489817137 0.001776576381 -0.0748981319 -0.9971896077 1.081931276e-06 0.002022975659 0
0.0821345705 0.05192054739 0.001657475633 -0.0003623090228 0.02092784127 0.5094268532 -4.612779508e-05 0.005240835741 0.2549278151 -0.9999977737 -0.0001148705052 -0.00210699362 5.743638415e-05 0.9966654283 -0.08159669582 0.002109340753 -0.08159663518 -0.9966632028 1.322609565e-06 0.002204442591 0
0.08974093648 0.05672883559 0.001810972098 -0.0004324825902 0.022862452 0.5093158437 -5.507010256e-05 0.005726111084 0.2549138213 -0.9999968277 -0.0001497970609 -0.002514392729 7.489795807e-05 0.9960203255 -0.08912634657 0.002517737129 -0.08912625216 -0.9960171546 1.619056754e-06 0.002408592891 0
0.09650215069 0.06100286954 0.001947413401 -0.0005000611877 0.02458133156 0.5092089392 -6.368289789e-05 0.006157407952 0.2549003431 -0.9999957587 -0.0001862286494 -0.002906514084 9.311152589e-05 0.9953993086 -0.09581340114 0.00291098531 -0.0958132654 -0.9953950695 1.90547518e-06 0.002590059823 0
0.1032633649 0.06527690349 0.002083854704 -0.0005725331772 0.02629942504 0.5090942937 -7.292061275e-05 0.006588647162 0.254885887 -0.9999944402 -0.0002281240066 -0.003326797491 0.000114056138 0.9947335749 -0.1024943999 0.003332658594 -0.1024942095 -0.9947280183 2.213559168e-06 0.002771526756 0
0.1100245791 0.06955093744 0.002220296006 -0.0006498957774 0.02801667753 0.5089719116 -8.278315109e-05 0.007019826318 0.2548704532 -0.9999928359 -0.0002758612403 -0.003775178273 0.0001379206596 0.9940232026 -0.1091689227 0.003782730272 -0.1091686613 -0.9940160433 2.543429215e-06 0.002952993688 0
0.1167857933 0.07382497139 0.002356737309 -0.0007321460192 0.02973303417 0.5088417977 -9.327041137e-05 0.007450942777 0.2548540417 -0.9999909076 -0.0003298175064 -0.004251587428 0.0001648934539 0.9932682752 -0.1158365502 0.004261171834 -0.115836198 -0.9932591896 2.895222685e-06 0.003134460621 0
0.1235470075 0.07809900534 0.002493178612 -0.0008192807464 0.03144844015 0.5087039568 -0.0001043822864 0.007881993712 0.2548366527 -0.9999886142 -0.0003903689476 -0.004755951639 0.0001951623494 0.9924688813 -0.1224968638 0.004767952974 -0.1224963972 -0.992457505 3.269091449e-06 0.003315927554 0
0.1303082217 0.08237303929 0.002629619915 -0.0009112966152 0.03316284066 0.5085583943 -0.000116118663 0.008312976155 0.2548182865 -0.9999859126 -0.0004578906316 -0.005288193282 0.0002289146074 0.9916251147 -0.129149446 0.005303041592 -0.1291488371 -0.9916110405 3.66520032e-06 0.003497394486 0
0.1370694359 0.08664707323 0.002766061217 -0.001008190095 0.03487618098 0.5084051158 -0.0001284794222 0.008743887028 0.2547989432 -0.999982757 -0.0005327564904 -0.005848230443 0.0002663368901 0.9907370747 -0.1357938802 0.005866403792 -0.1357930964 -0.9907198495 4.083725939e-06 0.003678861419 0
0.1438306501 0.09092110718 0.00290250252 -0.001109957467 0.0365884064 0.5082441271 -0.0001414644387 0.009174723168 0.2547786231 -0.9999790996 -0.0006153392588 -0.006435976925 0.0003076152281 0.9898048653 -0.142429751 0.006458003891 -0.142428754 -0.9897839887 4.524855996e-06 0.003860328352 0
0.1505918644 0.09519514113 0.003038943823 -0.001216594828 0.03829946229 0.5080754345 -0.0001550735812 0.009605481347 0.2547573262 -0.9999748897 -0.0007060104139 -0.007051342264 0.0003529349886 0.988828596 -0.1490566439 0.007077804414 -0.1490553897 -0.9888035171 4.988788635e-06 0.004041795284 0
0.1573530786 0.09946917508 0.003175385125 -0.001328098086 0.04000929403 0.5078990444 -0.0001693067124 0.01003615828 0.2547350528 -0.9999700748 -0.0008051401143 -0.007694231739 0.0004024808429 0.9878083814 -0.1556741456 0.0077257661 -0.1556725838 -0.987778497 5.475732015e-06 0.004223262217 0
0.1649594445 0.1042774633 0.003328881591 -0.001459350185 0.04193132359 0.507691413 -0.0001860646672 0.01052056858 0.2547088284 -0.999963866 -0.0009272307503 -0.008450258963 0.0004635004342 0.9866082608 -0.1631070965 0.008488333214 -0.1631051195 -0.9865721809 6.051319898e-06 0.004427412516 0
0.1717206588 0.1085514972 0.003465322894 -0.001581179038 0.04363837299 0.5074986885 -0.0002016232895 0.0109510618 0.2546844809 -0.9999575793 -0.001045557529 -0.009151303392 0.0005226365427 0.9854950661 -0.1697032752 0.009195998877 -0.1697008591 -0.9854527143 6.587895917e-06 0.004608879449 0
0.178481873 0.1128255312 0.003601764196 -0.001707859802 0.04534402798 0.5072982887 -0.0002178054308 0.01138146327 0.2546591576 -0.9999505075 -0.001173490435 -0.009879548695 0.0005865710094 0.984338317 -0.1762887792 0.009931691531 -0.1762858492 -0.9842889113 7.148194067e-06 0.004790346381 0
0.1852430872 0.1170995651 0.003738205499 -0.001839387618 0.04704823418 0.5070902211 -0.0002346109282 0.0118117696 0.2546328588 -0.9999425881 -0.001311393552 -0.01063488276 0.0006554853007 0.9831381491 -0.1828632004 0.01069536457 -0.1828596729 -0.9830808457 7.732460599e-06 0.004971813314 0
0.1920043014 0.1213735991 0.003874646802 -0.001975757441 0.04875093729 0.5068744939 -0.0002520396122 0.01224197735 0.2546055849 -0.9999337564 -0.001459629336 -0.01141718929 0.0007295600249 0.9818947032 -0.1894261323 0.01148696963 -0.1894219136 -0.9818285941 8.340950419e-06 0.005153280246 0
0.1987655156 0.125647633 0.004011088105 -0.002116964041 0.05045208308 0.5066511152 -0.0002700913072 0.01267208307 0.254577336 -0.9999239455 -0.00161855856 -0.01222634785 0.0008089749014 0.9806081248 -0.1959771699 0.01230645657 -0.1959721557 -0.9805322357 8.973926924e-06 0.005334747179 0
0.2055267298 0.129921667 0.004147529407 -0.002263002002 0.05215161735 0.5064200936 -0.0002887658315 0.01310208332 0.2545481125 -0.9999130858 -0.00178854025 -0.01306223384 0.0008939087292 0.9792785647 -0.2025159094 0.01315377346 -0.2025099843 -0.9791918528 9.631661827e-06 0.005516214112 0
0.212287944 0.1341957009 0.00428397071 -0.002413865726 0.05384948601 0.5061814381 -0.000308062997 0.01353197462 0.2545179146 -0.9999011059 -0.001969931629 -0.01392471855 0.0009845393562 0.9779061787 -0.2090419489 0.01402886665 -0.2090349853 -0.9778075301 1.031443499e-05 0.005697681044 0
0.2190491582 0.1384697349 0.004420412013 -0.002569549426 0.05554563502 0.5059351577 -0.0003279826093 0.01396175349 0.2544867427 -0.9998879318 -0.002163088059 -0.01481366916 0.001081043648 0.9764911273 -0.2155548879 0.0149316807 -0.2155467453 -0.9763793553 1.102253429e-05 0.005879147977 0
0.2258103724 0.1427437688 0.004556853315 -0.002730047133 0.05724001041 0.5056812619 -0.0003485244678 0.01439141647 0.2544545971 -0.9998734875 -0.002368362982 -0.01572894878 0.001183597458 0.9750335762 -0.2220543277 0.01586215843 -0.2220448518 -0.9749074191 1.175625542e-05 0.00606061491 0
0.2325715866 0.1470178028 0.004693294618 -0.002895352696 0.0589325583 0.5054197603 -0.0003696883657 0.01482096005 0.2544214781 -0.9998576945 -0.002586107862 -0.01667041644 0.001292375596 0.9735336959 -0.2285398713 0.01682024088 -0.2285288933 -0.9733918144 1.251590181e-05 0.006242081842 0
0.2401779526 0.151826091 0.004846791084 -0.003087060445 0.06083442325 0.5051164925 -0.0003942410168 0.01530404951 0.2543830561 -0.9998382148 -0.002846411344 -0.01776068975 0.001422407295 0.9717959525 -0.2358190056 0.0179310043 -0.2358061165 -0.9716346816 1.340188026e-05 0.006446232141 0
0.2469391668 0.1561001249 0.004983232386 -0.00326256143 0.06252290913 0.5048388625 -0.000416726033 0.01573332778 0.2543478697 -0.9998192855 -0.003091812484 -0.01875732053 0.00154498761 0.9702067113 -0.2422737097 0.01894754315 -0.2422589072 -0.970026604 1.421765955e-05 0.006627699074 0
0.253700381 0.1603741589 0.005119673689 -0.003442849858 0.06420939963 0.5045536592 -0.000439832402 0.01616247572 0.254311711 -0.9997987482 -0.003350768522 -0.0197796729 0.001674331475 0.9685757052 -0.2487132887 0.01999149129 -0.2486963524 -0.9683751673 1.50603603e-05 0.006809166007 0
0.2604615952 0.1646481928 0.005256114992 -0.003627918818 0.06589384118 0.5042608934 -0.000463559891 0.01659148984 0.2542745804 -0.9997765155 -0.003623622158 -0.02082758936 0.001810609074 0.9669031248 -0.255137353 0.0210627826 -0.2551180443 -0.966680476 1.593031617e-05 0.006990632939 0
0.2672228094 0.1689222268 0.005392556295 -0.003817761221 0.06757618033 0.5039605764 -0.0004879082612 0.01702036664 0.2542364782 -0.9997524976 -0.003910713819 -0.02190090846 0.001953989398 0.9651891656 -0.2615455153 0.02216134922 -0.2615235763 -0.9649426375 1.68278678e-05 0.007172099872 0
0.2739840237 0.1731962607 0.005528997597 -0.00401236979 0.0692563637 0.5036527197 -0.0005128772675 0.01744910259 0.2541974049 -0.9997266029 -0.004212381607 -0.02299946483 0.002104640209 0.9634340275 -0.2679373902 0.02328712157 -0.2679125425 -0.9631617619 1.775336266e-05 0.007353566804 0
0.2807452379 0.1774702947 0.0056654389 -0.004211737071 0.07093433801 0.503337335 -0.0005384666584 0.01787769421 0.2541573607 -0.9996987372 -0.004528961243 -0.0241230892 0.002262728012 0.9616379155 -0.2743125944 0.02444002833 -0.2742845382 -0.961337962 1.87071549e-05 0.007535033737 0
0.2875064521 0.1817443286 0.005801880203 -0.004415855424 0.07261005007 0.5030144344 -0.0005646761764 0.01830613797 0.2541163461 -0.9996688044 -0.00486078601 -0.02527160843 0.002428418028 0.9598010391 -0.2806707468 0.02561999647 -0.2806391599 -0.9594713533 1.968960525e-05 0.00771650067 0
0.2942676663 0.1860183626 0.005938321506 -0.004624717033 0.07428344678 0.5026840304 -0.0005915055575 0.01873443038 0.2540743616 -0.9996367065 -0.005208186698 -0.02644484551 0.002601874163 0.9579236125 -0.2870114682 0.02682695126 -0.2869760049 -0.957562054 2.070108085e-05 0.007897967602 0
0.3010288805 0.1902923965 0.006074762808 -0.004838313896 0.07595447515 0.5023461355 -0.0006189545317 0.01916256791 0.2540314075 -0.999602343 -0.005571491553 -0.02764261963 0.002783258982 0.9560058545 -0.2933343819 0.02806081623 -0.293294672 -0.9556101852 2.174195514e-05 0.008079434535 0
0.3077900947 0.1945664305 0.006211204111 -0.005056637834 0.0776230823 0.5020007628 -0.0006470228226 0.01959054707 0.2539874844 -0.9995656115 -0.005951026218 -0.02886474616 0.002972733675 0.9540479886 -0.2996391133 0.02932151324 -0.2995947608 -0.9536158704 2.281260771e-05 0.008260901468 0
0.3153964607 0.1993747187 0.006364700577 -0.005307892178 0.07949730548 0.5016032965 -0.0006793395749 0.02007182994 0.253936913 -0.9995213281 -0.006397804465 -0.03026851255 0.003195761538 0.9517977321 -0.3067097394 0.03077177054 -0.306659657 -0.9513216874 2.405316657e-05 0.008465051767 0
0.3221576749 0.2036487526 0.006501141879 -0.005536233167 0.08116059236 0.5012420774 -0.000708722968 0.02049946089 0.2538909319 -0.9994792154 -0.006812896527 -0.0315417578 0.003402955996 0.9497553997 -0.3129746006 0.03208921836 -0.3129189435 -0.9492375977 2.518838569e-05 0.008646518699 0
0.3289188891 0.2079227866 0.006637583182 -0.005769274507 0.0828212934 0.5008734228 -0.000738724774 0.02092692251 0.2538439832 -0.9994344016 -0.007245218683 -0.03283875437 0.003618734902 0.947673687 -0.3192201243 0.03343324304 -0.3191584087 -0.9471114657 2.635460754e-05 0.008827985632 0
0.3356801033 0.2121968205 0.006774024485 -0.006007007279 0.08447935613 0.5004973467 -0.0007693446911 0.02135421127 0.2537960673 -0.9993867758 -0.007695085285 -0.03415930227 0.003843253495 0.9455528361 -0.3254459458 0.03480375945 -0.3253776573 -0.9449434261 2.755223574e-05 0.009009452565 0
0.3424413175 0.2164708545 0.006910465787 -0.006249422384 0.08613472822 0.5001138634 -0.0008005824108 0.02178132369 0.2537471846 -0.9993362255 -0.008162807812 -0.03550319786 0.004076665497 0.9433930935 -0.3316517028 0.03620068077 -0.3315762955 -0.9427336161 2.878167937e-05 0.009190919497 0
0.3492025317 0.2207448884 0.00704690709 -0.006496510543 0.08778735744 0.4997229877 -0.0008324376188 0.02220825625 0.2536973357 -0.9992826357 -0.008648694819 -0.03687023388 0.00431912309 0.9411947102 -0.3378370357 0.03762391851 -0.3377539305 -0.9404821759 3.004335289e-05 0.00937238643 0
0.3559637459 0.2250189224 0.007183348393 -0.006748262302 0.08943719169 0.4993247345 -0.0008649099944 0.02263500544 0.2536465211 -0.9992258898 -0.009153051888 -0.03826019949 0.004570776886 0.9389579415 -0.3440015874 0.03907338253 -0.3439101711 -0.938189248 3.133767602e-05 0.009553853363 0
0.3627249601 0.2292929563 0.007319789696 -0.00700466803 0.09108417896 0.4989191191 -0.0008979992106 0.02306156778 0.2535947413 -0.9991658692 -0.009676181574 -0.03967288029 0.004831775903 0.9366830469 -0.3501450036 0.04054898102 -0.3500446273 -0.9358549776 3.266507358e-05 0.009735320295 0
0.3694861743 0.2335669903 0.007456230998 -0.007265717916 0.0927282674 0.498506157 -0.0009317049343 0.02348793975 0.2535419968 -0.9991024533 -0.01021838335 -0.04110805833 0.005102267537 0.9343702905 -0.3562669324 0.04205062049 -0.3561569105 -0.9334795126 3.402597541e-05 0.009916787228 0
0.3762473886 0.2378410242 0.007592672301 -0.007531401977 0.09436940525 0.4980858639 -0.0009660268263 0.02391411786 0.2534882881 -0.9990355198 -0.01077995359 -0.0425655122 0.005382397536 0.9320199403 -0.3623670249 0.04357820584 -0.3622466336 -0.9310630035 3.542081621e-05 0.01009825416 0
0.3830086028 0.2421150582 0.007729113604 -0.00780171005 0.0960075409 0.497658256 -0.001000964541 0.02434009861 0.2534336159 -0.9989649443 -0.01136118544 -0.044045017 0.005672309974 0.9296322687 -0.3684449348 0.04513164031 -0.3683134108 -0.9286056033 3.685003546e-05 0.01027972109 0
0.3906149687 0.2469233463 0.007882610069 -0.008111320895 0.09784679081 0.4971684739 -0.001041005132 0.02481908669 0.2533709585 -0.9988810365 -0.01203893397 -0.04573553325 0.006010331745 0.9269018718 -0.3752556408 0.04691002926 -0.3751106292 -0.9257923445 3.84995533e-05 0.01048387139 0
0.397376183 0.2511973803 0.008019051372 -0.008391420456 0.09947837596 0.4967253766 -0.001077250294 0.02524463645 0.2533142404 -0.9988023008 -0.01266290545 -0.04726113399 0.006321502444 0.9244358155 -0.3812852759 0.04851806434 -0.3811273722 -0.9232485709 4.00033071e-05 0.01066533832 0
0.4041373972 0.2554714142 0.008155492675 -0.008676111149 0.1011067984 0.4962750164 -0.00111411016 0.02566997793 0.2532565604 -0.9987195229 -0.01330743374 -0.04880806094 0.006642894743 0.9219333156 -0.3872916647 0.05015163562 -0.3871199734 -0.9206644012 4.15428422e-05 0.01084680526 0
0.4108986114 0.2597454482 0.008291933977 -0.00896538209 0.1027320071 0.4958174106 -0.001151584357 0.02609510765 0.2531979193 -0.998632571 -0.0139727984 -0.05037607532 0.006974645542 0.9193946614 -0.3932744728 0.05181063963 -0.3930880532 -0.9180399992 4.311861658e-05 0.01102827219 0
0.4176598256 0.2640194821 0.00842837528 -0.009259222225 0.1043539511 0.4953525766 -0.001189672508 0.0265200221 0.2531383174 -0.9985413117 -0.01465927559 -0.05196493501 0.007316889938 0.9168201461 -0.3992333688 0.05349497128 -0.3990312334 -0.915375531 4.473109239e-05 0.01120973912 0
0.4244210398 0.2682935161 0.008564816583 -0.009557620327 0.1059725795 0.4948805323 -0.001228374231 0.02694471782 0.2530777555 -0.9984456096 -0.01536713798 -0.05357439468 0.0076697612 0.9142100671 -0.4051680243 0.05520452389 -0.4049491378 -0.9126711655 4.638073589e-05 0.01139120606 0
0.431182254 0.27256755 0.008701257886 -0.009860564994 0.1075878418 0.4944012956 -0.001267689135 0.02736919132 0.2530162341 -0.9983453277 -0.01609665475 -0.05520420577 0.008033390747 0.9115647256 -0.4110781139 0.05693918916 -0.4108413913 -0.909927074 4.806801733e-05 0.01157267299 0
0.4379434682 0.276841584 0.008837699188 -0.01016804465 0.1091996874 0.4939148849 -0.001307616825 0.0277934391 0.2529537539 -0.9982403274 -0.01684809151 -0.05685411656 0.008407908123 0.9088844264 -0.4169633156 0.05869885722 -0.4167076208 -0.9071434302 4.979341086e-05 0.01175413992 0
0.4447046824 0.2811156179 0.008974140491 -0.01048004757 0.1108080659 0.4934213188 -0.001348156899 0.02821745771 0.2528903155 -0.9981304683 -0.01762171026 -0.05852387218 0.008793440971 0.9061694786 -0.4228233101 0.0604834166 -0.4225474547 -0.9043204105 5.155739443e-05 0.01193560685 0
0.4514658966 0.2853896519 0.009110581794 -0.01079656181 0.1124129271 0.492920616 -0.001389308948 0.02864124365 0.2528259196 -0.9980156084 -0.01841776937 -0.06021321465 0.009190115015 0.9034201946 -0.4286577816 0.06229275426 -0.428360523 -0.9014581937 5.33604497e-05 0.01211707379 0
0.4590722626 0.2901979401 0.009264078259 -0.01115801774 0.1142141293 0.4923488187 -0.00143633599 0.02911772041 0.2527523304 -0.9978802346 -0.01934047605 -0.06213681221 0.009649844565 0.900286602 -0.4351906649 0.06435773415 -0.4348677733 -0.898191573 5.543619409e-05 0.01232122408 0
0.4658334768 0.294471974 0.009400519562 -0.01148407824 0.1158113501 0.4918330145 -0.001478787104 0.02954100041 0.2526859019 -0.9977542691 -0.02018506184 -0.06386690628 0.01007060218 0.897465409 -0.4409698659 0.06621934317 -0.4406227445 -0.8952466675 5.732389229e-05 0.01250269102 0
0.472594691 0.298746008 0.009536960865 -0.01181461174 0.1174048976 0.4913101342 -0.001521848878 0.02996403691 0.2526185178 -0.9976228488 -0.02105287138 -0.06561576149 0.01050288123 0.8946108808 -0.4467225777 0.06810536715 -0.4463498051 -0.8922631397 5.925219018e-05 0.01268415795 0
0.4793559052 0.3030200419 0.009673402168 -0.01214960564 0.1189947223 0.490780198 -0.00156552088 0.03038682642 0.252550179 -0.9974858251 -0.02194414754 -0.06738310749 0.01094679928 0.8917233452 -0.4524484978 0.07001568661 -0.4520485925 -0.8892411786 6.122158374e-05 0.01286562488 0
0.4861171194 0.3072940759 0.00980984347 -0.01248904716 0.1205807746 0.4902432259 -0.001609802669 0.0308093655 0.252480886 -0.9973430479 -0.0228591293 -0.06916867103 0.01140247184 0.8888031335 -0.4581473273 0.07195018055 -0.4577187457 -0.8861809755 6.323257216e-05 0.01304709182 0
0.4928783336 0.3115681098 0.009946284773 -0.01283292333 0.1221630052 0.4896992386 -0.001654693799 0.03123165067 0.2524106397 -0.9971943657 -0.02379805176 -0.07097217601 0.01187001238 0.8858505804 -0.4638187707 0.07390872642 -0.4633599054 -0.8830827244 6.528565782e-05 0.01322855875 0
0.4996395479 0.3158421438 0.01008272608 -0.01318122106 0.1237413652 0.4891482566 -0.001700193818 0.03165367849 0.2523394406 -0.9970396255 -0.02476114606 -0.0727933435 0.01234953228 0.8828660242 -0.4694625356 0.07589120018 -0.4689717145 -0.8799466216 6.738134618e-05 0.01341002568 0
0.5064007621 0.3201161777 0.01021916738 -0.01353392706 0.1253158055 0.4885903011 -0.001746302269 0.03207544548 0.2522672896 -0.9968786728 -0.02574863937 -0.0746318918 0.01284114082 0.8798498065 -0.4750783336 0.07789747625 -0.4745538173 -0.8767728655 6.952014571e-05 0.01359149261 0
0.5131619763 0.3243902117 0.01035560868 -0.01389102788 0.1268862773 0.4880253933 -0.001793018687 0.03249694821 0.2521941873 -0.9967113518 -0.02676075482 -0.07648753646 0.01334494517 0.8768022724 -0.4806658794 0.07992742753 -0.4801058604 -0.8735616573 7.170256779e-05 0.01377295955 0
0.5199231905 0.3286642456 0.01049204998 -0.0142525099 0.128452732 0.4874535547 -0.001840342602 0.03291818321 0.2521201345 -0.9965375051 -0.02779771148 -0.07835999037 0.01386105034 0.87372377 -0.4862248914 0.08198092545 -0.4856274919 -0.8703132005 7.392912668e-05 0.01395442648 0
0.5266844047 0.3329382796 0.01062849129 -0.01461835936 0.1300151211 0.4868748072 -0.001888273538 0.03333914705 0.252045132 -0.9963569742 -0.02885972433 -0.08024896373 0.01438955921 0.870614651 -0.4917550916 0.08405783993 -0.4911183623 -0.8670277007 7.620033941e-05 0.01413589341 0
0.5342907707 0.3377465678 0.01078198775 -0.01503514308 0.1317678892 0.4862154854 -0.001942920818 0.03381240295 0.2519596198 -0.996145688 -0.03008470112 -0.08239344052 0.01499908325 0.8670807374 -0.4979417861 0.08642219497 -0.4972583892 -0.8632874947 7.880947627e-05 0.01434004371 0
0.5410519849 0.3420206017 0.01091842905 -0.01541022685 0.1333214791 0.4856221298 -0.001992140061 0.03423277913 0.2518826016 -0.9959504203 -0.03120065321 -0.08431654372 0.01555428153 0.8639077396 -0.5034098547 0.08854843099 -0.5026827396 -0.8599239726 8.117730743e-05 0.01452151064 0
0.5478131991 0.3462946357 0.01105487036 -0.01578963394 0.1348708531 0.4850219351 -0.002041964797 0.03465287338 0.251804636 -0.9957479641 -0.03234230644 -0.08625524421 0.01612219082 0.8607052441 -0.508848266 0.09069766757 -0.5080752484 -0.8565240657 8.359142535e-05 0.01470297758 0
0.5545744133 0.3505686696 0.01119131166 -0.01617334991 0.1364159635 0.4844149241 -0.002092394523 0.03507268227 0.2517257239 -0.9955381555 -0.0335098585 -0.08820924174 0.01670290487 0.8574736151 -0.5142567572 0.09286976857 -0.5134355741 -0.8530879892 8.605235783e-05 0.01488444451 0
0.5613356275 0.3548427036 0.01132775296 -0.01656136016 0.1379567629 0.4838011198 -0.002143428731 0.03549220238 0.251645866 -0.9953208292 -0.03470350276 -0.09017823363 0.01729651518 0.8542132201 -0.5196350692 0.09506459639 -0.5187633771 -0.8496159609 8.856063511e-05 0.01506591144 0
0.5680968417 0.3591167375 0.01146419427 -0.0169536499 0.1394932038 0.4831805456 -0.002195066908 0.03591143027 0.2515650631 -0.9950958189 -0.0359234283 -0.09216191483 0.01790311097 0.8509244294 -0.5249829464 0.09728201202 -0.52405832 -0.8461082008 9.111678983e-05 0.01524737837 0
0.5748580559 0.3633907715 0.01160063557 -0.01735020423 0.1410252391 0.4825532252 -0.002247308535 0.03633036252 0.2514833161 -0.9948629569 -0.03716981983 -0.09415997793 0.01852277917 0.8476076161 -0.5303001374 0.09952187499 -0.5293200673 -0.8425649309 9.372135694e-05 0.01542884531 0
0.5816192701 0.3676648054 0.01173707687 -0.01775100803 0.1425528218 0.4819191824 -0.002300153084 0.0367489957 0.2514006258 -0.9946220746 -0.03844285771 -0.09617211325 0.01915560441 0.8442631562 -0.5355863944 0.1017840434 -0.5345482857 -0.8389863758 9.637487367e-05 0.01561031224 0
0.5883804843 0.3719388394 0.01187351817 -0.01815604608 0.1440759051 0.4812784414 -0.002353600024 0.0371673264 0.251316993 -0.9943730022 -0.03974271784 -0.09819800886 0.01980166898 0.8408914285 -0.5408414735 0.104068374 -0.5397426441 -0.8353727621 9.907787946e-05 0.01579177917 0
0.5951416985 0.3762128733 0.01200995948 -0.01856530297 0.1455944424 0.4806310264 -0.002407648816 0.0375853512 0.2512324186 -0.9941155686 -0.0410695717 -0.1002373506 0.02046105285 0.8374928144 -0.5460651346 0.1063747221 -0.5449028135 -0.8317243187 0.0001018309159 0.0159732461 0
0.6019029128 0.3804869073 0.01214640078 -0.01897876313 0.1471083872 0.4799769622 -0.002462298918 0.03800306669 0.2511469034 -0.9938496021 -0.04242358629 -0.1022898223 0.02113383361 0.834067698 -0.5512571417 0.1087029416 -0.550028467 -0.8280412767 0.0001046345268 0.01615471304 0
0.6095092787 0.3852951955 0.01229989724 -0.01944891046 0.1488060282 0.4792332229 -0.002524498348 0.03847262264 0.2510495754 -0.9935399747 -0.0439795204 -0.1046141508 0.02190681902 0.8301832452 -0.5570600243 0.1113481479 -0.5557531657 -0.823856789 0.0001078497208 0.01635886334 0
0.6162704929 0.3895692294 0.01243633855 -0.0198712502 0.1503100608 0.4785651118 -0.002580424395 0.03888966953 0.250962064 -0.9932552998 -0.0453917854 -0.1066934638 0.02260831499 0.8267030988 -0.5621840007 0.1137223527 -0.5608043976 -0.8201010024 0.0001107626169 0.01654033027 0
0.6230317072 0.3938432634 0.01257277985 -0.02029774359 0.1518093573 0.47789043 -0.002636950011 0.03930639646 0.2508736145 -0.9929615481 -0.0468317038 -0.108784905 0.023323435 0.8231976669 -0.5672756107 0.1161179634 -0.5658201063 -0.8163113535 0.0001137277995 0.0167217972 0
0.6297929214 0.3981172973 0.01270922115 -0.02072837441 0.1533038719 0.477209203 -0.002694074627 0.03972280004 0.2507842279 -0.9926585435 -0.04829942383 -0.1108881498 0.02405224676 0.8196673442 -0.5723346348 0.1185348283 -0.5707999741 -0.8124880824 0.0001167458205 0.01690326413 0
0.6365541356 0.4023913313 0.01284566246 -0.02116312633 0.1547935593 0.4765214568 -0.002751797668 0.04013887688 0.250693905 -0.992346109 -0.04979508908 -0.1130028715 0.02479481557 0.8161125275 -0.5773608574 0.1209727944 -0.5757436857 -0.8086314311 0.0001198172338 0.01708473107 0
0.6433153498 0.4066653652 0.01298210376 -0.02160198283 0.1562783743 0.4758272173 -0.002810118551 0.04055462358 0.2506026469 -0.9920240671 -0.0513188385 -0.1151287418 0.02555120425 0.8125336159 -0.5823540667 0.1234317071 -0.5806509277 -0.8047416441 0.000122942595 0.017266198 0
0.650076564 0.4109393992 0.01311854506 -0.02204492725 0.1577582718 0.4751265111 -0.002869036691 0.04097003675 0.2505104543 -0.9916922389 -0.05287080634 -0.1172654304 0.02632147318 0.8089310108 -0.5873140555 0.1259114108 -0.5855213895 -0.8008189677 0.0001261224613 0.01744766493 0
0.6568377782 0.4152134331 0.01325498636 -0.02249194278 0.1592332072 0.4744193647 -0.002928551494 0.04138511302 0.2504173283 -0.9913504451 -0.05445112219 -0.1194126054 0.02710568028 0.8053051159 -0.5922406203 0.1284117484 -0.5903547624 -0.7968636504 0.0001293573921 0.01762913186 0
0.6635989924 0.4194874671 0.01339142767 -0.02294301248 0.1607031358 0.4737058049 -0.002988662361 0.04179984901 0.2503232697 -0.9909985054 -0.05605991088 -0.121569933 0.02790388095 0.801656337 -0.597133562 0.1309325614 -0.5951507404 -0.7928759427 0.000132647948 0.0178105988 0
0.6703602066 0.423761501 0.01352786897 -0.02339811921 0.1621680132 0.4729858588 -0.003049368686 0.04221424133 0.2502282796 -0.990636239 -0.05769729251 -0.1237370779 0.02871612812 0.7979850817 -0.6019926855 0.1334736903 -0.5999090196 -0.7888560973 0.0001359946917 0.01799206573 0
0.6771214208 0.428035535 0.01366431027 -0.02385724574 0.1636277954 0.4722595537 -0.003110669858 0.04262828662 0.2501323588 -0.990263464 -0.0593633824 -0.1259137032 0.02954247219 0.79429176 -0.6068177999 0.136034974 -0.6046292986 -0.7848043687 0.0001393981873 0.01817353266 0
0.6847277868 0.4328438231 0.01381780674 -0.0243785463 0.1652639052 0.4714348937 -0.003180343936 0.04309366856 0.2500233368 -0.9898313042 -0.06127218631 -0.128373317 0.03048901902 0.7901109097 -0.6122051699 0.1389403075 -0.6098938182 -0.7802083833 0.0001432956606 0.01837768296 0
0.691489001 0.4371178571 0.01395424804 -0.0248461569 0.1667127144 0.4706951674 -0.003242907101 0.04350696522 0.2499254418 -0.9894355923 -0.06299964225 -0.130568962 0.03134547488 0.7863720666 -0.6169574006 0.14154388 -0.6145323572 -0.7760897577 0.0001468216344 0.01855914989 0
0.6982502152 0.441391891 0.01409068934 -0.0253177324 0.1681562917 0.4699491688 -0.003306063165 0.04391990434 0.2498266192 -0.9890287998 -0.06475613585 -0.1327730244 0.03221616889 0.7826124501 -0.6216750529 0.1441670961 -0.6191319696 -0.7719400576 0.0001504061332 0.01874061683 0
0.7050114294 0.445665925 0.01422713065 -0.02579325495 0.1695945939 0.4691969264 -0.003369811491 0.04433248255 0.24972687 -0.9886107424 -0.06654176252 -0.1349851612 0.03310114097 0.7788324779 -0.6263579535 0.1468097898 -0.6236923643 -0.7677595459 0.0001540497277 0.01892208376 0
0.7117726436 0.4499399589 0.01436357195 -0.02627270654 0.1710275781 0.4684384685 -0.003434151438 0.04474469651 0.2496261953 -0.9881812353 -0.0683566128 -0.1372050279 0.03400042852 0.7750325691 -0.6310059331 0.1494717936 -0.6282132522 -0.7635484874 0.0001577529897 0.01910355069 0
0.7185338578 0.4542139929 0.01450001325 -0.02675606901 0.1724552013 0.4676738238 -0.003499082357 0.04515654286 0.2495245961 -0.9877400929 -0.07020077233 -0.1394322788 0.03491406633 0.7712131448 -0.6356188271 0.1521529388 -0.6326943471 -0.7593071489 0.0001615164928 0.01928501762 0
0.7252950721 0.4584880268 0.01463645455 -0.02724332407 0.173877421 0.4669030214 -0.003564603595 0.04556801828 0.2494220734 -0.9872871294 -0.07207432184 -0.1416665668 0.03584208661 0.7673746273 -0.6401964747 0.1548530557 -0.6371353652 -0.7550357989 0.0001653408119 0.01946648456 0
0.7320562863 0.4627620608 0.01477289586 -0.02773445329 0.175294195 0.4661260903 -0.003630714492 0.0459791194 0.2493186282 -0.9868221585 -0.07397733713 -0.1439075438 0.03678451901 0.7635174407 -0.6447387199 0.1575719732 -0.641536025 -0.7507347081 0.0001692265231 0.01964795149 0
0.7388175005 0.4670360947 0.01490933716 -0.02822943809 0.176705481 0.4653430599 -0.003697414383 0.04638984291 0.2492142616 -0.9863449932 -0.07590988905 -0.1461548603 0.03774139054 0.7596420105 -0.6492454107 0.1603095191 -0.6458960479 -0.7464041489 0.0001731742042 0.01982941842 0
0.7455787147 0.4713101287 0.01504577846 -0.02872825974 0.1781112372 0.46455396 -0.003764702596 0.04680018546 0.2491089747 -0.9858554463 -0.0778720435 -0.1484081661 0.03871272563 0.7557487636 -0.6537163997 0.1630655199 -0.6502151576 -0.7420443956 0.000177184434 0.02001088535 0
0.7523399289 0.4755841626 0.01518221976 -0.02923089939 0.1795114219 0.4637588202 -0.003832578452 0.04721014374 0.2490027684 -0.9853533304 -0.07986386138 -0.1506671094 0.03969854609 0.7518381282 -0.6581515436 0.1658398012 -0.6544930806 -0.7376557244 0.0001812577929 0.02019235229 0
0.7599462949 0.4803924508 0.01533571623 -0.02980090905 0.1810799185 0.4628571059 -0.003909640358 0.04767088333 0.2488821889 -0.984773192 -0.08214018302 -0.1532147206 0.04082493241 0.7474184137 -0.663098062 0.1689824996 -0.6592561757 -0.7326842496 0.0001859165047 0.02039650259 0
0.7667075091 0.4846664848 0.01547215753 -0.03031159871 0.1824681266 0.4620492316 -0.003978762682 0.04808001398 0.2487740327 -0.9842437425 -0.08419521517 -0.1554844725 0.04184159468 0.7434722555 -0.66745658 0.1717950418 -0.6634456805 -0.7282350531 0.0001901259452 0.02057796952 0
0.7734687233 0.4889405187 0.01560859884 -0.03082604655 0.1838506347 0.4612354122 -0.004048470494 0.04848874999 0.2486649607 -0.9837011356 -0.08628006889 -0.1577587575 0.04287279351 0.7395100552 -0.671778834 0.1746253115 -0.6675931605 -0.7237578135 0.0001944003363 0.02075943645 0
0.7802299375 0.4932145527 0.01574504014 -0.03134423314 0.185227402 0.4604156783 -0.004118763093 0.04889708805 0.2485549738 -0.9831451827 -0.08839478443 -0.1600372203 0.04391853986 0.7355322458 -0.676064699 0.1774731294 -0.6716983531 -0.7192528143 0.0001987402634 0.02094090338 0
0.7869911517 0.4974885866 0.01588148144 -0.03186613893 0.186598388 0.4595900609 -0.004189639771 0.04930502484 0.2484440732 -0.9825756947 -0.09053939701 -0.162319505 0.04497884203 0.7315392615 -0.6803140545 0.1803383151 -0.6757609981 -0.7147203408 0.000203146313 0.02112237032 0
0.7937523659 0.5017626206 0.01601792274 -0.03239174422 0.1879635527 0.4587585911 -0.004261099815 0.04971255708 0.2483322601 -0.9819924827 -0.09271393677 -0.1646052548 0.04605370565 0.7275315374 -0.6845267842 0.183220687 -0.6797808382 -0.7101606803 0.000207619073 0.02130383725 0
0.8005135801 0.5060366545 0.01615436405 -0.03292102918 0.1893228561 0.4579213004 -0.004333142503 0.05011968146 0.2482195355 -0.9813953572 -0.09491842882 -0.1668941122 0.04714313373 0.7235095096 -0.6887027766 0.1861200627 -0.6837576189 -0.7055741215 0.0002121591324 0.02148530418 0
0.8072747943 0.5103106885 0.01629080535 -0.03345397385 0.1906762585 0.4570782202 -0.004405767112 0.05052639469 0.2481059006 -0.980784129 -0.09715289318 -0.1691857192 0.04824712658 0.719473615 -0.6928419244 0.1890362585 -0.6876910881 -0.7009609549 0.0002167670811 0.02166677111 0
0.8140360085 0.5145847224 0.01642724665 -0.03399055815 0.1920237204 0.4562293825 -0.00447897291 0.05093269349 0.2479913566 -0.9801586086 -0.09941734482 -0.1714797173 0.04936568188 0.7154242911 -0.6969441248 0.1919690896 -0.6915809969 -0.6963214728 0.0002214435106 0.02184823805 0
0.8207972227 0.5188587564 0.01656368795 -0.03453076184 0.1933652027 0.4553748191 -0.00455275916 0.05133857458 0.2478759046 -0.9795186066 -0.1017117936 -0.1737757473 0.05049879461 0.7113619765 -0.7010092797 0.1949183702 -0.6954270986 -0.691655969 0.000226189013 0.02202970498 0
0.827558437 0.5231327903 0.01670012926 -0.03507456458 0.1947006663 0.4545145623 -0.004627125117 0.05174403467 0.2477595457 -0.9788639334 -0.1040362443 -0.1760734497 0.0516464571 0.70728711 -0.7050372951 0.1978839137 -0.6992291498 -0.6869647391 0.0002310041817 0.02221117191 0
0.8351648029 0.5279410785 0.01685362572 -0.03569061914 0.1961958207 0.4535400083 -0.00471147882 0.05219966999 0.2476275595 -0.9781096537 -0.1066871125 -0.1786599156 0.05295495592 0.7026884292 -0.7095243083 0.2012393552 -0.7034535034 -0.6816567248 0.0002365052599 0.02241532221 0
0.8419260171 0.5322151125 0.01699006703 -0.03624200169 0.1975183667 0.4526677608 -0.004787074165 0.05260422462 0.2475092776 -0.9774231754 -0.1090753099 -0.1809599761 0.05413349895 0.6985883504 -0.7134731116 0.204238832 -0.707161151 -0.6769118155 0.0002414704448 0.02259678914 0
0.8486872314 0.5364891464 0.01712650833 -0.03679691886 0.1988347741 0.4517899218 -0.004863246859 0.05300834805 0.2473900925 -0.9767214342 -0.1114934914 -0.183260583 0.05532655051 0.6944770951 -0.7173845114 0.2072539811 -0.7108240048 -0.6721421141 0.0002465071574 0.02277825608 0
0.8554484456 0.5407631804 0.01726294963 -0.03735534978 0.2001450049 0.4509065242 -0.004939996135 0.05341203702 0.2472700055 -0.9760042411 -0.1139416406 -0.1855613753 0.05653409187 0.6903551045 -0.7212584323 0.2102846117 -0.7144418327 -0.6673479226 0.0002516159952 0.02295972301 0
0.8622096598 0.5450372143 0.01739939093 -0.03791727343 0.2014490216 0.4500176014 -0.00501732122 0.05381528829 0.2471490178 -0.9752714068 -0.1164197362 -0.1878619919 0.05775610164 0.6862228199 -0.7250948036 0.2133305316 -0.7180144055 -0.6625295448 0.0002567975571 0.02314118994 0
0.868970874 0.5493112483 0.01753583224 -0.03848266869 0.2027467868 0.4491231868 -0.005095221335 0.05421809859 0.2470271306 -0.9745227428 -0.1189277517 -0.1901620718 0.05899255573 0.6820806828 -0.7288935591 0.216391548 -0.7215414971 -0.6576872858 0.0002620524427 0.02332265687 0
0.8757320882 0.5535852822 0.01767227354 -0.03905151431 0.2040382633 0.448223314 -0.005173695696 0.0546204647 0.2469043451 -0.9737580605 -0.1214656556 -0.1924612536 0.06024342739 0.6779291352 -0.732654637 0.219467467 -0.7250228839 -0.6528214524 0.0002673812528 0.02350412381 0
0.8824933024 0.5578593162 0.01780871484 -0.03962378892 0.2053234143 0.4473180167 -0.005252743513 0.05502238337 0.2467806627 -0.9729771715 -0.1240334112 -0.194759176 0.06150868717 0.6737686189 -0.7363779801 0.2225580938 -0.7284583455 -0.6479323528 0.000272784589 0.02368559074 0
0.8892545166 0.5621333501 0.01794515614 -0.04019947103 0.2066022033 0.446407329 -0.00533236399 0.05542385137 0.2466560845 -0.9721798879 -0.1266309765 -0.1970554777 0.06278830295 0.669599576 -0.7400635356 0.2256632325 -0.7318476642 -0.6430202967 0.000278263054 0.02386705767 0
0.8960157308 0.5664073841 0.01808159745 -0.04077853903 0.2078745939 0.4454912851 -0.005412556324 0.05582486547 0.2465306117 -0.9713660221 -0.1292583048 -0.1993497975 0.06408223993 0.6654224486 -0.7437112554 0.2287826865 -0.7351906253 -0.6380855952 0.0002838172513 0.02404852461 0
0.9036220968 0.5712156723 0.01823509391 -0.04143401064 0.2092983405 0.4444543762 -0.005503455243 0.05627545978 0.2463883873 -0.9704303689 -0.1322495601 -0.2019280888 0.06555499058 0.6607140669 -0.7477696604 0.2323089374 -0.7388957813 -0.632507377 0.0002901569997 0.0242526749 0
0.910383311 0.5754897062 0.01837153522 -0.04202020133 0.2105570153 0.4435270647 -0.005584860086 0.05667549867 0.2462610179 -0.9695806444 -0.1349399554 -0.2042169986 0.06687923235 0.6565212271 -0.7513368397 0.2354581542 -0.7421395333 -0.6275255937 0.0002958741364 0.02443414184 0
0.9171445252 0.5797637402 0.01850797652 -0.0426097096 0.21180918 0.442594505 -0.005666834244 0.0570750736 0.2461327581 -0.9687137537 -0.1376599342 -0.2065027989 0.06821766933 0.6523216833 -0.7548660616 0.2386210658 -0.7453362758 -0.6225221466 0.0003016688975 0.02461560877 0
0.9239057394 0.5840377741 0.01864441782 -0.04320251334 0.2130547994 0.4416567322 -0.005749376892 0.05747418138 0.246003609 -0.9678295109 -0.1404094284 -0.2087851295 0.06957025569 0.6481158772 -0.7583572966 0.2417974719 -0.7484858063 -0.6174973525 0.0003075418903 0.0247970757 0
0.9306669536 0.5883118081 0.01878085912 -0.04379859034 0.2142938387 0.4407137812 -0.005832487198 0.0578728188 0.245873572 -0.9669277305 -0.143188365 -0.2110636304 0.07093694293 0.6439042496 -0.7618105194 0.2449871713 -0.7515879253 -0.6124515298 0.0003134937231 0.02497854264 0
0.9374281678 0.592585842 0.01891730043 -0.04439791829 0.2155262631 0.4397656875 -0.005916164325 0.05827098268 0.2457426484 -0.9660082277 -0.1459966658 -0.2133379422 0.0723176799 0.6396872413 -0.7652257095 0.2481899619 -0.7546424364 -0.6073849981 0.0003195250048 0.02516000957 0
0.944189382 0.596859876 0.01905374173 -0.04500047472 0.2167520383 0.4388124866 -0.006000407431 0.05866866981 0.2456108395 -0.9650708181 -0.1488342477 -0.2156077058 0.07371241278 0.6354652926 -0.7686028507 0.2514056409 -0.7576491461 -0.6022980783 0.0003256363455 0.0253414765 0
0.9509505962 0.6011339099 0.01919018303 -0.0456062371 0.2179711302 0.4378542141 -0.006085215667 0.05906587702 0.2454781467 -0.9641153179 -0.1517010224 -0.2178725626 0.07512108511 0.6312388432 -0.7719419314 0.2546340046 -0.7606078639 -0.5971910926 0.0003318283559 0.02552294343 0
0.9577118105 0.6054079439 0.01932662434 -0.04621518275 0.2191835051 0.4368909059 -0.00617058818 0.05946260113 0.2453445712 -0.9631415441 -0.1545968966 -0.2201321547 0.07654363776 0.6270083323 -0.7752429443 0.2578748485 -0.7635184024 -0.5920643645 0.0003381016476 0.02570441037 0
