0.006360123011 0.005006498031 -0.001863452441 -2.706556317e-06 0.001621822513 0.5099965617 -3.398944825e-07 0.0004038709131 0.2549995736 -0.9999999999 -6.596884212e-08 -1.576210559e-05 3.377908631e-08 0.9999799764 -0.006328253984 1.576220744e-05 -0.006328253984 -0.9999799763 3.204203535e-08 -0.002478391746 0
0.01172024602 0.009225826061 -0.003433914882 -9.190858611e-06 0.002988607326 0.5099883242 -1.159585125e-06 0.0007454039606 0.2549985452 -0.9999999986 -4.153857486e-07 -5.352344591e-05 2.087909967e-07 0.9999320057 -0.0116612167 5.352465052e-05 -0.01166121669 -0.9999320043 6.544505807e-08 -0.004567106793 0
0.01708036903 0.01344515409 -0.005004377323 -1.951963529e-05 0.004355322604 0.5099752028 -2.471319351e-06 0.001087578644 0.2549968992 -0.9999999935 -1.28696916e-06 -0.0001136697956 6.448805219e-07 0.9998555976 -0.01699364221 0.0001136752517 -0.01699364217 -0.9998555912 6.967774261e-08 -0.006655821839 0
0.0232062239 0.01826724327 -0.006799191541 -3.603109629e-05 0.005917156987 0.509954227 -4.573113001e-06 0.00147886382 0.2549942619 -0.999999978 -3.228677805e-06 -0.0002098106474 1.616053918e-06 0.9997334627 -0.02308686992 0.0002098292651 -0.02308686975 -0.9997334407 3.766119731e-08 -0.00904292475 0
0.02856634691 0.0224865713 -0.008369653982 -5.45969236e-05 0.007283616191 0.5099306415 -6.938780718e-06 0.001821249244 0.2549912934 -0.9999999495 -6.022917356e-06 -0.0003179010669 3.013410666e-06 0.9995961465 -0.02841731732 0.0003179438366 -0.02841731684 -0.9995960959 2.07305126e-08 -0.0111316398 0
0.03469220178 0.02730866048 -0.0101644682 -8.052094415e-05 0.008845074497 0.5098977083 -1.02435657e-05 0.002212497712 0.2549871464 -0.9999998901 -1.078786208e-05 -0.0004688091071 5.396059401e-06 0.999404434 -0.03450764024 0.000468902164 -0.03450763897 -0.9994043241 1.077747804e-07 -0.01351874271 0
0.04005232479 0.03152798851 -0.01173493064 -0.000107321442 0.01021113165 0.5098636617 -1.366094071e-05 0.002554788288 0.2549828581 -0.9999998047 -1.65997554e-05 -0.0006247924993 8.302020279e-06 0.999206272 -0.03983498265 0.000624957835 -0.03983498005 -0.9992060767 2.050967451e-07 -0.01560745775 0
0.04617817966 0.03635007769 -0.01352974486 -0.0001426546986 0.01177204708 0.5098187752 -1.816705947e-05 0.002945920548 0.2549772036 -0.9999996549 -2.54384428e-05 -0.0008303963916 1.272112447e-05 0.9989450691 -0.04592111367 0.0008306885424 -0.04592110839 -0.9989447241 3.375809873e-07 -0.01799456066 0
0.05153830267 0.04056940572 -0.0151002073 -0.0001776864311 0.01313755627 0.5097742718 -2.263526161e-05 0.003288115105 0.2549715967 -0.9999994646 -3.536122232e-05 -0.001034199023 1.768197455e-05 0.9986861514 -0.05124422566 0.001034652301 -0.05124421651 -0.9986856161 4.713077148e-07 -0.02008327571 0
0.05689842569 0.04478873375 -0.01667066974 -0.0002165579338 0.01450275983 0.5097248905 -2.759369912e-05 0.00363026945 0.2549653745 -0.9999992047 -4.757589115e-05 -0.001260285706 2.378833488e-05 0.9983989196 -0.05656497882 0.001260959017 -0.05656496382 -0.9983981244 6.212618782e-07 -0.02217199076 0
0.06302428056 0.04961082292 -0.01846548396 -0.0002656828707 0.0160625775 0.5096624835 -3.386068423e-05 0.004021256072 0.2549575104 -0.999998803 -6.464626941e-05 -0.001545927122 3.232168576e-05 0.9980360208 -0.06264263768 0.001546940566 -0.06264261266 -0.9980348241 8.122682178e-07 -0.02455909367 0
0.06838440357 0.05383015096 -0.0200359464 -0.0003127786607 0.01742701923 0.5096026542 -3.986940149e-05 0.004363329415 0.2549499704 -0.999998341 -8.257070242e-05 -0.001819684039 4.128145436e-05 0.9976882152 -0.06795751346 0.001821088621 -0.06795747583 -0.9976865565 9.964816485e-07 -0.02664780871 0
0.07451025844 0.05865224013 -0.02183076062 -0.0003712994804 0.01898588296 0.5095283109 -4.733654895e-05 0.004754225101 0.2549406002 -0.9999976621 -0.0001067876917 -0.002159734934 5.338589802e-05 0.9972561756 -0.07402781506 0.00216171426 -0.07402775729 -0.9972538384 1.226513614e-06 -0.02903491162 0
0.07987038145 0.06287156816 -0.02340122306 -0.0004266135206 0.02034941718 0.5094580414 -5.439527484e-05 0.00509621893 0.2549317425 -0.9999969136 -0.0001315080356 -0.002481032709 6.574113784e-05 0.996847954 -0.07933569376 0.002483645661 -0.079335612 -0.9968448687 1.444889202e-06 -0.03112362667 0
0.08599623632 0.06769365734 -0.02519603728 -0.0004945227218 0.02190716056 0.5093717714 -6.306227903e-05 0.005487022554 0.2549208667 -0.9999958528 -0.0001641107631 -0.002875332383 8.203487393e-05 0.9963469698 -0.08539736023 0.002878843333 -0.08539724195 -0.9963428242 1.714083265e-06 -0.03351072958 0
0.09135635933 0.07191298537 -0.02676649972 -0.0005580479221 0.02326964169 0.5092910706 -7.117074211e-05 0.005828933999 0.2549106918 -0.9999947188 -0.0001967091886 -0.003244019187 9.832527902e-05 0.9958785176 -0.09069712539 0.003248489977 -0.09069696537 -0.9958732388 1.9668922e-06 -0.03559944463 0
0.09671648234 0.0761323134 -0.02833696216 -0.0006254022746 0.02463158163 0.5092055055 -7.976898421e-05 0.006170805267 0.2548999022 -0.999993367 -0.0002333531218 -0.003634762614 0.0001166360312 0.9953820289 -0.09599272318 0.003640377587 -0.0959925104 -0.9953753993 2.2359216e-06 -0.03768815967 0
0.1028423372 0.08095440258 -0.03013177638 -0.0007070650186 0.02618738111 0.5091017633 -9.01951908e-05 0.00656146436 0.2548868189 -0.9999915216 -0.000280485944 -0.004108282964 0.0001401861021 0.994780346 -0.1020394217 0.004115459772 -0.1020391325 -0.9947718726 2.563396382e-06 -0.04007526258 0
0.1082024602 0.08517373061 -0.03170223882 -0.0007826182297 0.02754805476 0.5090057824 -9.984273211e-05 0.006903244839 0.2548747126 -0.9999896129 -0.0003265866273 -0.004546152302 0.0001632184974 0.9942239479 -0.1073252754 0.004554944489 -0.1073249026 -0.9942135675 2.867593865e-06 -0.04216397763 0
0.1143283151 0.08999581979 -0.03349705304 -0.0008736457114 0.02910232409 0.5088901435 -0.0001114679506 0.007293796138 0.2548601247 -0.999987056 -0.0003851392153 -0.005073415741 0.000192469356 0.9935539376 -0.113360205 0.005084371647 -0.1133597142 -0.9935410029 3.235617398e-06 -0.04455108054 0
0.1196884381 0.09421514782 -0.03506751548 -0.0009573880981 0.03046158632 0.5087837594 -0.0001221644556 0.007635478554 0.2548467022 -0.9999844555 -0.0004417663094 -0.005558204154 0.0002207556352 0.9929378826 -0.1186352083 0.005571360501 -0.1186345912 -0.9929223503 3.575631526e-06 -0.04663979559 0
0.1250485611 0.09843447585 -0.03663797792 -0.001044948491 0.03182014025 0.508672525 -0.000133350353 0.007977112511 0.2548326655 -0.999981482 -0.0005036700802 -0.006064811121 0.0002516748528 0.9922940816 -0.1239047708 0.006080483308 -0.1239040027 -0.9922755796 3.932608343e-06 -0.04872851063 0
0.131174416 0.103256565 -0.03843279214 -0.001149689483 0.03337186557 0.5085394648 -0.0001467333841 0.008367489686 0.2548158718 -0.9999775835 -0.0005811747055 -0.006670440172 0.0002903822458 0.9915244162 -0.1299201589 0.006689410608 -0.1299191835 -0.9915020209 4.361570524e-06 -0.05111561354 0
0.136534539 0.1074758931 -0.04000325458 -0.001245422954 0.03472879556 0.5084178475 -0.0001589676931 0.008709013728 0.2548005195 -0.9999736947 -0.0006551624047 -0.007223622875 0.0003273292246 0.9908213774 -0.1351772576 0.007245883024 -0.1351760662 -0.990795099 4.755477486e-06 -0.05320432859 0
0.1426603939 0.1122979822 -0.0417980688 -0.001359497742 0.03627858226 0.5082729299 -0.0001735486744 0.009099260433 0.2547822225 -0.9999686548 -0.0007470801733 -0.007882335149 0.0003732246838 0.9899841899 -0.1411777759 0.007908858295 -0.1411762925 -0.9899528799 5.227123818e-06 -0.0555914315 0
0.1480205169 0.1165173103 -0.04336853124 -0.001463392024 0.03763374369 0.5081409454 -0.000186830976 0.009440665998 0.2547655552 -0.9999636807 -0.0008342051407 -0.008481832411 0.0004167219422 0.9892222319 -0.1464213177 0.008512562604 -0.1464195344 -0.9891859563 5.658815671e-06 -0.05768014655 0
0.1541463717 0.1213393994 -0.04516334546 -0.001586785994 0.03918142664 0.5079841889 -0.0002026094087 0.009830772298 0.2547457556 -0.9999572971 -0.0009417355615 -0.009193316942 0.0004704000653 0.9883179018 -0.1524057205 0.009229445597 -0.1524035369 -0.9882752548 6.174163768e-06 -0.06006724946 0
0.1595064948 0.1255587275 -0.0467338079 -0.001698827776 0.04053467514 0.507841854 -0.000216939249 0.01017205058 0.2547277738 -0.9999510534 -0.001043043447 -0.009838845784 0.0005209655415 0.9874973699 -0.1576346186 0.00988025409 -0.1576320286 -0.9874484919 6.644565369e-06 -0.0621559645 0
0.1648666178 0.1297780555 -0.04830427034 -0.001814666877 0.0418869816 0.5076946951 -0.0002317577755 0.01051326641 0.2547091787 -0.9999441502 -0.001151325559 -0.01050575309 0.0005750053915 0.9866496291 -0.162856313 0.01055299803 -0.1628532584 -0.986593863 7.133366647e-06 -0.06424467955 0
0.1709924726 0.1346001447 -0.05009908456 -0.001951700047 0.04343128098 0.5075206118 -0.0002492914841 0.01090314836 0.2546871765 -0.9999353962 -0.00128390504 -0.01129402257 0.0006411621697 0.9856475729 -0.1688148419 0.01134866816 -0.1688111772 -0.9855830732 7.714812177e-06 -0.06663178246 0
0.1763525956 0.1388194727 -0.051669547 -0.002075665241 0.04478146328 0.5073631296 -0.0002651568198 0.01124422371 0.2546672679 -0.9999269281 -0.001407888499 -0.0120065073 0.0007030208327 0.9847418124 -0.1740203109 0.01206831096 -0.1740160358 -0.9846688657 8.243797439e-06 -0.06872049751 0
0.1824784505 0.1436415619 -0.05346436122 -0.002221976447 0.04632325291 0.5071772597 -0.0002838865775 0.01163393992 0.2546437648 -0.9999162627 -0.001558998886 -0.0128466762 0.0007784028076 0.9836736786 -0.1799596845 0.01291749418 -0.1799546151 -0.9835900949 8.871776701e-06 -0.07110760042 0
0.1878385735 0.1478608899 -0.05503482366 -0.002354051855 0.04767116738 0.5070094746 -0.0003007981812 0.01197486569 0.2546225433 -0.9999060112 -0.001699707762 -0.01360440227 0.0008485853696 0.9827103084 -0.1851478588 0.0136838836 -0.1851420015 -0.9826165023 9.442026432e-06 -0.07319631546 0
0.1931986965 0.152080218 -0.0566052861 -0.002489906305 0.04901797447 0.5068368887 -0.0003181978482 0.01231571851 0.2546007093 -0.9998948488 -0.001848569558 -0.01438311997 0.0009228236416 0.9817202013 -0.1903275986 0.01447203324 -0.1903208585 -0.9816152663 1.003191898e-05 -0.07528503051 0
0.1993245514 0.1569023071 -0.05840010032 -0.002649791066 0.05055578658 0.5066337753 -0.0003386806445 0.01270517269 0.2545750064 -0.9998809097 -0.002028962473 -0.01529868441 0.001012772214 0.9805560364 -0.1962366778 0.0153993742 -0.196228802 -0.9804372068 1.073045978e-05 -0.07767213342 0
0.2046846744 0.1611216352 -0.05997056276 -0.002793730568 0.05190011573 0.5064509184 -0.0003571257217 0.01304586243 0.2545518606 -0.9998676187 -0.002196033769 -0.01612211217 0.001096064527 0.9795089677 -0.2013975691 0.01623402931 -0.2013885787 -0.979376892 1.136330481e-05 -0.07976084847 0
0.2108105293 0.1659437243 -0.06176537698 -0.002962845002 0.05343501426 0.5062360799 -0.0003788029182 0.01343512495 0.2545246589 -0.9998511048 -0.002397809834 -0.01708855495 0.001196641521 0.9782799708 -0.2072845066 0.01721441986 -0.2072740918 -0.9781314403 1.211162251e-05 -0.08214795138 0
0.2161706523 0.1701630524 -0.06333583942 -0.003114851128 0.05477672267 0.5060429753 -0.0003982927768 0.01377564236 0.2545002021 -0.9998354333 -0.002584089462 -0.01795630464 0.001289477936 0.9771764139 -0.2124255007 0.01809540387 -0.2124136968 -0.977012271 1.278863738e-05 -0.08423666642 0
0.2222965072 0.1749851415 -0.06513065363 -0.003293173582 0.0563085446 0.5058164392 -0.0004211636347 0.01416470263 0.2544715025 -0.999816049 -0.002808383849 -0.01897317031 0.001401239639 0.9758831405 -0.2182891031 0.01912863662 -0.2182755346 -0.9756996906 1.358815267e-05 -0.08662376933 0
0.2276566302 0.1792044696 -0.06670111608 -0.00345322687 0.0576474898 0.5056131117 -0.0004416976106 0.01450503842 0.2544457355 -0.9997977316 -0.003014859388 -0.01988483308 0.001504103515 0.974723594 -0.2234091603 0.02005576317 -0.2233938805 -0.9745219036 1.431060559e-05 -0.08871248438 0
0.2330167532 0.1834237976 -0.06827157852 -0.003617028552 0.05898509686 0.5054050224 -0.0004627186039 0.01484528628 0.2544193573 -0.9997780849 -0.003231094348 -0.02081684291 0.00161181032 0.9735380968 -0.2285190938 0.02100435638 -0.2285019348 -0.9733168461 1.50547106e-05 -0.09080119943 0
0.2391426081 0.1882458868 -0.07006639273 -0.003808814481 0.06051211249 0.5051613826 -0.0004873387437 0.0152340307 0.2543884627 -0.9997539244 -0.003490441272 -0.02190678906 0.001740966015 0.9721516159 -0.2343463351 0.0221146925 -0.2343268071 -0.9719063164 1.593200321e-05 -0.09318830234 0
0.2445027311 0.1924652148 -0.07163685518 -0.003980632927 0.06184674814 0.504943109 -0.0005094028157 0.01557408329 0.2543607756 -0.9997312191 -0.003728299022 -0.02288207522 0.00185939637 0.9709109055 -0.2394338243 0.02310913727 -0.2394120159 -0.9706430108 1.672349292e-05 -0.09527701738 0
0.2506285859 0.197287304 -0.07343166939 -0.004181568451 0.06337028698 0.5046878458 -0.0005352146207 0.01596259922 0.2543283856 -0.9997033948 -0.004012906573 -0.02402122051 0.002001074552 0.9694616404 -0.2452348335 0.02427175632 -0.2452101638 -0.9691660629 1.765572358e-05 -0.09766412029 0
0.2559887089 0.201506632 -0.07500213183 -0.004361381672 0.06470180978 0.5044594158 -0.0005583210195 0.01630244723 0.2542993906 -0.9996773333 -0.004273344462 -0.02503932393 0.002130693826 0.9681662766 -0.2502988634 0.02531184228 -0.2502714514 -0.9678447764 1.849598081e-05 -0.09975283534 0
0.2621145638 0.2063287212 -0.07679694605 -0.004571441078 0.06622171043 0.5041925619 -0.0005853236101 0.01669072403 0.2542655064 -0.999645498 -0.004584299267 -0.02622713225 0.002285421891 0.9666548808 -0.2560724864 0.02652649831 -0.2560416483 -0.9663017227 1.948475439e-05 -0.1021399383 0
0.2674746868 0.2105480492 -0.07836740849 -0.004759226069 0.06754997937 0.5039540048 -0.0006094715482 0.01703035812 0.2542352044 -0.9996157704 -0.004868261407 -0.02728757387 0.002426687574 0.9653054476 -0.2611120526 0.02761200544 -0.2610779441 -0.9649227349 2.037520427e-05 -0.1042286533 0
0.2728348098 0.2147673773 -0.07993787094 -0.00495072306 0.06887668172 0.503710732 -0.0006341052586 0.01736988919 0.2542042928 -0.9995842221 -0.005163520766 -0.02836760384 0.002573542513 0.9639309886 -0.2661398619 0.02871863112 -0.2661022121 -0.9635169189 2.128957644e-05 -0.1063173683 0
0.2789606647 0.2195894664 -0.08173268515 -0.005174115222 0.0703909555 0.5034269405 -0.0006628526589 0.01775779595 0.2541682191 -0.9995458459 -0.00551505135 -0.02962576756 0.002748345096 0.9623297075 -0.2718712574 0.03000914017 -0.2718292078 -0.9618775043 2.236428033e-05 -0.1087044713 0
0.2843207877 0.2238087945 -0.08330314759 -0.005373548403 0.07171419804 0.5031735859 -0.0006885266895 0.01809709942 0.2541360021 -0.999510154 -0.005835194546 -0.03074739759 0.002907502492 0.9609020788 -0.2768731503 0.03116084695 -0.2768269233 -0.960414419 2.333100706e-05 -0.1107931863 0
0.2904466426 0.2286308836 -0.08509796181 -0.005605996063 0.07322443777 0.5028782905 -0.0007184625323 0.01848474072 0.2540984371 -0.9994668493 -0.00621568536 -0.03205280568 0.003096615779 0.9592403962 -0.2825743678 0.03250273938 -0.2825229683 -0.9587097289 2.446640821e-05 -0.1131802892 0
0.2958067656 0.2328502117 -0.08666842425 -0.005813339929 0.07454408067 0.5026148863 -0.0007451760083 0.01882380725 0.2540649157 -0.9994266732 -0.006561621485 -0.03321550863 0.003268512288 0.9577602401 -0.2875493685 0.03369928364 -0.287493074 -0.9571896838 2.548700931e-05 -0.1152690043 0
0.3011668886 0.2370695397 -0.08823888669 -0.006024366436 0.07586199602 0.5023468038 -0.0007723742494 0.01916276002 0.2540307861 -0.9993842845 -0.006919901182 -0.03439719318 0.003446500629 0.9562557976 -0.2925114889 0.03491666599 -0.292449935 -0.9556431667 2.653328172e-05 -0.1173577193 0
0.3072927435 0.2418916289 -0.09003370091 -0.006270041402 0.07736603079 0.5020347048 -0.0008040512844 0.01954999269 0.2539910362 -0.9993330308 -0.007344725925 -0.03577077744 0.003657493493 0.9545068853 -0.2981664444 0.03633340418 -0.298098408 -0.9538433954 2.776089465e-05 -0.1197448222 0
0.3126528665 0.2461109569 -0.09160416335 -0.006488939368 0.07868014236 0.5017566226 -0.0008322876236 0.01988869483 0.2539556039 -0.9992856366 -0.007730104359 -0.03699272742 0.003848845006 0.9529508993 -0.3031002636 0.03759524953 -0.3030261192 -0.9522403942 2.88633326e-05 -0.1218335373 0
0.3187787214 0.2509330461 -0.09339897757 -0.006743594438 0.08017975072 0.5014331155 -0.0008651505115 0.02027563574 0.2539143659 -0.9992284528 -0.008186398947 -0.03841200415 0.004075347918 0.9511434763 -0.3087223333 0.03906265134 -0.3086406817 -0.9503762617 3.015604564e-05 -0.1242206402 0
0.3241388444 0.2551523741 -0.09496944001 -0.006970335883 0.08148991998 0.5011450692 -0.0008944239865 0.02061407792 0.2538776322 -0.9991756833 -0.008599746921 -0.03967364601 0.004280476493 0.9495366454 -0.3136269065 0.04036869277 -0.3135382008 -0.9487171155 3.131625077e-05 -0.1263093552 0
0.3302646992 0.2599744633 -0.09676425423 -0.007233938511 0.08298494392 0.5008101954 -0.0009284716073 0.02100071642 0.2538349076 -0.99911214 -0.009088497245 -0.04113794922 0.004522956932 0.9476715228 -0.3192150181 0.04188644779 -0.319117665 -0.9467890163 3.26759117e-05 -0.1286964581 0
0.3356248223 0.2641937913 -0.09833471667 -0.007468494459 0.08429103291 0.5005122217 -0.0009587812205 0.02133888932 0.2537968737 -0.9990536141 -0.00953066914 -0.0424386911 0.004742266693 0.9460145679 -0.3240894139 0.043236409 -0.3239839559 -0.9450740761 3.389551551e-05 -0.1307851732 0
0.3409849453 0.2684131194 -0.09990517911 -0.007706686981 0.08559517072 0.5002096282 -0.0009895740134 0.02167693337 0.2537582334 -0.9989922682 -0.009986579841 -0.04375747203 0.004968329821 0.9443344746 -0.3289494122 0.04460676893 -0.3288353209 -0.9433332221 3.514340496e-05 -0.1328738882 0
0.3471108001 0.2732352085 -0.1016999933 -0.007983351447 0.08708318643 0.4998581609 -0.001025357132 0.02206310906 0.2537133311 -0.9989185944 -0.0105246753 -0.04528656612 0.005235065814 0.9423862456 -0.3344858116 0.04619779158 -0.3343611749 -0.9413120464 3.660466708e-05 -0.1352609911 0
0.3524709231 0.2774545366 -0.1032704558 -0.008229314181 0.08838304267 0.4995456964 -0.001057184536 0.02240087017 0.2536733925 -0.9988509126 -0.01101063224 -0.04664354658 0.005475884558 0.9406571248 -0.3393142914 0.0476116493 -0.3391798043 -0.9395159345 3.791439821e-05 -0.1373497062 0
0.358596778 0.2822766258 -0.10506527 -0.008514841078 0.08986608707 0.4991829705 -0.001094149453 0.02278671717 0.2536270072 -0.9987697659 -0.01158353261 -0.04821593647 0.005759702039 0.9386533035 -0.3448141553 0.04925221406 -0.3446676626 -0.9374318225 3.944730307e-05 -0.1397368091 0
0.363956901 0.2864959538 -0.1066357324 -0.008768542613 0.09116152525 0.4988606748 -0.001127010383 0.02312418604 0.2535857718 -0.9986953398 -0.01210034752 -0.04961048083 0.006015655172 0.9368759288 -0.3496102199 0.05070927047 -0.3494525369 -0.9355808326 4.082057336e-05 -0.1418255241 0
0.3700827559 0.291318043 -0.1084305466 -0.009062895479 0.0926394427 0.4984867367 -0.001165155837 0.02350969373 0.2535379051 -0.9986062474 -0.01270897018 -0.05122543023 0.006316980905 0.9348174115 -0.3550725318 0.05239903031 -0.3549012386 -0.933434225 4.242707481e-05 -0.144212627 0
0.3754428789 0.295537371 -0.1100010091 -0.009324303421 0.09393032693 0.4981546509 -0.001199049174 0.02384686106 0.2534953742 -0.9985246581 -0.01325743665 -0.05265688566 0.006588436422 0.9329925776 -0.3598352993 0.05389897717 -0.3596513458 -0.9315287488 4.386560564e-05 -0.1463013421 0
0.3808030019 0.299756699 -0.1115714715 -0.009589296327 0.09521903968 0.4978180109 -0.001233423907 0.02418388449 0.2534522392 -0.9984395795 -0.0138209402 -0.05410533812 0.00686724922 0.9311458737 -0.3645822306 0.05541883154 -0.3643848839 -0.9295979827 4.533518684e-05 -0.1483900571 0
0.3869288568 0.3045787882 -0.1133662858 -0.009896525659 0.09668915759 0.4974277149 -0.001273298454 0.02456887532 0.2534022027 -0.9983379532 -0.01448357096 -0.05578133571 0.007194999535 0.9290088056 -0.3699876635 0.05718009464 -0.3697740734 -0.9273605402 4.705321913e-05 -0.15077716 0
0.3922889798 0.3087981162 -0.1149367482 -0.0101691757 0.09797311829 0.4970813475 -0.001308703887 0.02490558359 0.2533577744 -0.9982450782 -0.01507985618 -0.05726571146 0.007489834368 0.9271158443 -0.3747000316 0.05874237101 -0.374471373 -0.9253758829 4.859062568e-05 -0.1528658751 0
0.3984148347 0.3136202054 -0.1167315624 -0.0104851363 0.09943772849 0.4966799595 -0.001349755692 0.02529020894 0.2533062607 -0.9981342894 -0.0157803812 -0.0589823701 0.007836091618 0.9249263901 -0.3800654793 0.0605519288 -0.3798185783 -0.9230770886 5.038718368e-05 -0.155252978 0
0.4037749577 0.3178395334 -0.1183020249 -0.01076540868 0.1007168029 0.4963239088 -0.001386190618 0.02562659277 0.2532605405 -0.998033174 -0.01641019493 -0.06050197545 0.008147288721 0.9229880153 -0.3847424403 0.06215629668 -0.3844786459 -0.9210389599 5.199418967e-05 -0.1573416931 0
0.4091350807 0.3220588615 -0.1198724873 -0.01104922599 0.1019935513 0.4959633548 -0.001423105552 0.02596282203 0.2532142179 -0.9979280585 -0.01705590535 -0.06203777938 0.008466234698 0.9210287416 -0.3894025937 0.06378019166 -0.3891210007 -0.9189760247 5.363428794e-05 -0.1594304081 0
0.4152609356 0.3268809506 -0.1216673015 -0.01137791922 0.1034498069 0.4955457916 -0.00146588146 0.02634689218 0.2531605408 -0.9978029004 -0.01781352586 -0.06381261852 0.008840322977 0.918764225 -0.3947076734 0.06565988635 -0.3944045855 -0.9165881312 5.55497105e-05 -0.161817511 0
0.4206210586 0.3311002787 -0.123237764 -0.01166930611 0.1047214734 0.4951756214 -0.001503824053 0.02668278342 0.2531129287 -0.997688876 -0.01849382433 -0.06538260593 0.00917610897 0.91676081 -0.3993312111 0.06732537204 -0.3990082651 -0.9144723608 5.726204428e-05 -0.1639062261 0
0.4267469134 0.3359223679 -0.1250325782 -0.01200662919 0.1061718453 0.494747095 -0.001547773695 0.02706646198 0.2530577787 -0.9975532705 -0.01929137541 -0.06719609554 0.009569622329 0.9144463524 -0.4045939829 0.06925239887 -0.4042470921 -0.9120243384 5.926105873e-05 -0.166293329 0
0.4321070365 0.3401416959 -0.1266030406 -0.01230554851 0.1074382974 0.4943673558 -0.001586742655 0.02740200597 0.2530088787 -0.9974298701 -0.02000695929 -0.06879953409 0.009922559212 0.9123996863 -0.4091801013 0.07095912295 -0.4088111227 -0.9098561803 6.104744686e-05 -0.168382044 0
0.4382328913 0.3449637851 -0.1283978548 -0.01265145845 0.1088826346 0.493927921 -0.001631864533 0.02778528238 0.2529522578 -0.9972832782 -0.02084522612 -0.0706508286 0.01033584592 0.9100363154 -0.4143996561 0.07293307428 -0.4140040836 -0.9073485468 6.313214124e-05 -0.1707691469 0
0.4435930143 0.3491831131 -0.1299683173 -0.01295787209 0.1101437405 0.4935386612 -0.00167185853 0.02812046987 0.2529020715 -0.9971500255 -0.021596772 -0.07228697096 0.01070623224 0.9079473066 -0.4189475684 0.0746806757 -0.4185274996 -0.9051284598 6.499441872e-05 -0.172857862 0
0.4489531373 0.3534024411 -0.1315387797 -0.01326776978 0.1114023067 0.4931449753 -0.001712330414 0.02845548783 0.2528512856 -0.9970120096 -0.02236532574 -0.07393811522 0.01108486025 0.9058388536 -0.4234773869 0.07644722723 -0.4230316342 -0.9028842993 6.689274349e-05 -0.174946577 0
0.4550789922 0.3582245303 -0.1333335939 -0.01362619372 0.1128375216 0.492689643 -0.001759168778 0.02883815536 0.2527925107 -0.9968483083 -0.02326467902 -0.07584329209 0.01152774804 0.9034056448 -0.428631954 0.07848924302 -0.4281553406 -0.9002901994 6.910691585e-05 -0.1773336799 0
0.4604391152 0.3624438583 -0.1349040564 -0.01394352816 0.1140905497 0.4922865097 -0.001800663688 0.02917280331 0.252740441 -0.9966997264 -0.02407014863 -0.07752601775 0.01192424054 0.9012562128 -0.4331224439 0.08029612675 -0.4326174602 -0.8979948024 7.108384831e-05 -0.179422395 0
0.4665649701 0.3672659475 -0.1366988706 -0.01431042826 0.1155193611 0.4918204095 -0.001848670421 0.0295550427 0.2526802001 -0.9965236667 -0.02501205086 -0.07946684236 0.01238769934 0.8987767117 -0.4382316367 0.08238401925 -0.4376926088 -0.8953424225 7.338892505e-05 -0.1818094979 0
0.4719250931 0.3714852755 -0.138269333 -0.01463515902 0.1167667213 0.4914078801 -0.001891186943 0.02988931143 0.2526268484 -0.9963640218 -0.02585505991 -0.08118036677 0.01280232343 0.8965872512 -0.4426820546 0.08423085294 -0.4421117696 -0.8929962747 7.544633572e-05 -0.1838982129 0
0.478050948 0.3763073647 -0.1400641472 -0.01501048858 0.1181889812 0.4909310713 -0.001940360409 0.03027111218 0.2525651434 -0.9961750314 -0.02684021116 -0.08315593682 0.01328665102 0.8940625536 -0.4477450337 0.08636418047 -0.4471372869 -0.8902861759 7.784446199e-05 -0.1862853158 0
0.483411071 0.3805266927 -0.1416346097 -0.01534257432 0.1194305445 0.4905091984 -0.001983897094 0.03060499251 0.2525105117 -0.9960038189 -0.02772136109 -0.08489946373 0.01371966068 0.8918340315 -0.452154654 0.08825057344 -0.4515125539 -0.8878897735 7.998423418e-05 -0.1883740309 0
0.488771194 0.3847460208 -0.1432050721 -0.01567807798 0.1206693586 0.4900829834 -0.002027909348 0.03093868844 0.2524552831 -0.9958270332 -0.02862050958 -0.08665671558 0.01416133344 0.889587616 -0.4565449924 0.09015529135 -0.4558670199 -0.8854700919 8.216308965e-05 -0.1904627459 0
0.4948970489 0.38956811 -0.1449998863 -0.01606568401 0.1220817441 0.4895905789 -0.002078790978 0.03131982687 0.2523914346 -0.9956180242 -0.02967030558 -0.08868158158 0.0146767756 0.8869986502 -0.4615387164 0.09235443791 -0.4608178246 -0.8826763792 8.470159832e-05 -0.1928498488 0
0.5002571719 0.393787438 -0.1465703488 -0.01640848034 0.1233145734 0.4891550995 -0.002123821205 0.03165312095 0.2523349287 -0.9954289171 -0.0306084362 -0.09046764434 0.01513718224 0.8847146195 -0.4658872265 0.09429812699 -0.4651270426 -0.8802071901 8.696559898e-05 -0.1949385639 0
0.5063830267 0.3986095272 -0.148365163 -0.01680439607 0.1247200466 0.4886521386 -0.002175865361 0.03203379488 0.2522696214 -0.9952055287 -0.03170309802 -0.09252496568 0.01567416258 0.8820832368 -0.4708327558 0.09654157822 -0.470025613 -0.8773571945 8.960250727e-05 -0.1973256668 0
0.5117431498 0.4028288552 -0.1499356254 -0.01715444147 0.1259467642 0.4882074501 -0.002221912026 0.03236667795 0.2522118401 -0.9950035774 -0.03268075601 -0.09433901135 0.01615352379 0.8797625954 -0.4751387581 0.09852382729 -0.4742886715 -0.8748390203 9.195356466e-05 -0.1994143818 0
0.5171032728 0.4070481832 -0.1515060879 -0.01750785461 0.1271705865 0.4877584834 -0.002268432494 0.03269936608 0.2521534641 -0.9947954515 -0.03367704014 -0.0961658289 0.01664180211 0.8774252169 -0.4794246961 0.100523928 -0.4785298797 -0.8722981681 9.434590559e-05 -0.2015030969 0
0.5232291276 0.4118702724 -0.1533009021 -0.01791586651 0.1285656601 0.4872401559 -0.002322178466 0.03307933985 0.2520860213 -0.9945498836 -0.0348386007 -0.09826902314 0.01721080929 0.8747337193 -0.4842981606 0.1028314983 -0.4833499687 -0.8693667182 9.713109898e-05 -0.2038901998 0
0.5285892506 0.4160896004 -0.1548713645 -0.01827646313 0.129783186 0.4867820634 -0.002369713058 0.03341160358 0.2520263729 -0.9943281348 -0.03587516953 -0.1001225874 0.01771834079 0.8723612295 -0.4885406285 0.1048695413 -0.487543698 -0.8667776657 9.961331851e-05 -0.2059789148 0
0.5347151055 0.4209116896 -0.1566661788 -0.01869265866 0.1311709922 0.4862533396 -0.002424617106 0.0337910871 0.2519574768 -0.994066691 -0.0370830514 -0.102255861 0.01830946001 0.8696301967 -0.4933640489 0.1072202289 -0.4923090171 -0.8637914414 0.0001025023351 -0.2083660178 0
0.5400752285 0.4251310176 -0.1582366412 -0.01906039293 0.1323820969 0.4857861797 -0.0024731642 0.03412291731 0.2518965578 -0.9938307807 -0.03816039195 -0.1041353148 0.01883643092 0.8672236346 -0.4975624146 0.1092957829 -0.4964543806 -0.8611547363 0.0001050763688 -0.2104547328 0
0.5462010834 0.4299531068 -0.1600314554 -0.01948471921 0.1337624936 0.4852471268 -0.002529224453 0.03450190018 0.251826211 -0.9935528419 -0.03941513796 -0.1062976819 0.01944986687 0.8644542616 -0.5023350797 0.1116890905 -0.5011639218 -0.8581143691 0.0001080714257 -0.2128418357 0
0.5515612064 0.4341724348 -0.1616019179 -0.01985954442 0.1349670531 0.4847709587 -0.002578782394 0.03483328777 0.2517640235 -0.9933022256 -0.04053371311 -0.108202157 0.01999644915 0.8620146795 -0.5064887307 0.1138017166 -0.5052600424 -0.8554305693 0.0001107392179 -0.2149305508 0
0.5569213294 0.4383917629 -0.1631723803 -0.02023766249 0.1361685161 0.4842906075 -0.002628811486 0.0351644657 0.2517012448 -0.9930445584 -0.04167168261 -0.1101180087 0.02055223818 0.8595600516 -0.5106213109 0.1159314904 -0.5093328858 -0.8527249855 0.0001134514318 -0.2170192658 0
0.5630471843 0.4432138521 -0.1649671945 -0.0206738161 0.1375377907 0.4837365295 -0.002686564037 0.03554269549 0.2516287744 -0.9927412937 -0.04299608655 -0.112321237 0.02119874127 0.8567366382 -0.515318296 0.1183863891 -0.5139588207 -0.8496063756 0.0001166060451 -0.2194063687 0
0.5684073073 0.4474331801 -0.166537657 -0.02105895501 0.1387325284 0.4832472592 -0.002737601486 0.03587341748 0.2515647303 -0.9924681119 -0.04417592529 -0.1142608178 0.02177436769 0.8542505556 -0.5194052995 0.1205525768 -0.517981154 -0.8468545332 0.0001194148838 -0.2214950838 0
0.5745331622 0.4522552693 -0.1683324712 -0.02150310461 0.1400940474 0.4826830232 -0.002796505455 0.03625112102 0.251490815 -0.9921467982 -0.04554841305 -0.116490656 0.02244362187 0.8513918105 -0.5240498725 0.1230488306 -0.5225488753 -0.8436833874 0.0001226810465 -0.2238821867 0
0.5798932852 0.4564745973 -0.1699029336 -0.02189521547 0.1412819384 0.4821848959 -0.00284854952 0.03658137802 0.2514255079 -0.9918575441 -0.04677052314 -0.1184530725 0.02303922171 0.8488753549 -0.5280907366 0.125250974 -0.5265198476 -0.8408858683 0.0001255884736 -0.2259709017 0
0.5860191401 0.4612966865 -0.1716977478 -0.02234730471 0.1426355634 0.4816105737 -0.002908602897 0.03695854497 0.2513501502 -0.9915175414 -0.04819154 -0.120708494 0.02373137401 0.8459825208 -0.532682266 0.1277880547 -0.5310283891 -0.8376628576 0.0001289684339 -0.2283580046 0
0.5913792631 0.4655160145 -0.1732682103 -0.02274633778 0.1438164869 0.4811036526 -0.002961651803 0.03728832794 0.2512835821 -0.9912116528 -0.04945629849 -0.1226928433 0.02434706849 0.8434367849 -0.5366764483 0.1300256879 -0.5349471604 -0.8348202537 0.00013197642 -0.2304467197 0
0.5967393861 0.4697353425 -0.1748386727 -0.02314858395 0.1449941179 0.4805926497 -0.003015169018 0.0376178866 0.2512164263 -0.9908978079 -0.0507410815 -0.1246871165 0.02497217776 0.8408777618 -0.5406486661 0.1322797215 -0.5388412869 -0.8319568155 0.0001350320099 -0.2325354347 0
0.6028652409 0.4745574317 -0.1766334869 -0.02361221402 0.146335917 0.4800036663 -0.003076904478 0.03799424789 0.2511389579 -0.9905292265 -0.05223401955 -0.1269781817 0.02569814431 0.8379372033 -0.5451613053 0.1348757087 -0.5432613097 -0.8286589724 0.0001385829564 -0.2349225376 0
0.608225364 0.4787767597 -0.1782039494 -0.0240213079 0.1475064054 0.4794839642 -0.003131423869 0.0383233193 0.2510705446 -0.9901979147 -0.05356195809 -0.1289930476 0.02634349892 0.835350521 -0.5490860835 0.1371645353 -0.5471020231 -0.8257513346 0.0001417420075 -0.2370112527 0
0.6143512188 0.4835988489 -0.1799987636 -0.02449273442 0.1488399738 0.4788850764 -0.003194303615 0.03869911858 0.2509916403 -0.9898090448 -0.05510439989 -0.1313071203 0.02709265319 0.8323789892 -0.5535442226 0.1398000103 -0.5514605366 -0.8224033279 0.0001454123296 -0.2393983556 0
0.6197113418 0.487818177 -0.181569226 -0.02490862417 0.1500032015 0.478356741 -0.003249823321 0.03902769373 0.2509219716 -0.9894596941 -0.05647580813 -0.1333416549 0.02775833724 0.8297657651 -0.5574210705 0.1421231457 -0.5552470245 -0.8194521055 0.0001486768283 -0.2414870706 0
0.6250714648 0.492037505 -0.1831396885 -0.02532766736 0.1511630006 0.4778243996 -0.003305809196 0.03935603422 0.2508517181 -0.9891017283 -0.05786760249 -0.1353850498 0.02843353286 0.8271405395 -0.5612753888 0.1444621242 -0.5590079324 -0.8164807568 0.0001519912172 -0.2435757857 0
0.6311973197 0.4968595942 -0.1849345027 -0.02581042038 0.1524842546 0.4772111229 -0.003370363337 0.03973099065 0.2507707126 -0.9886819143 -0.05948326424 -0.1377309462 0.02921684898 0.8241259019 -0.5656526086 0.1471545038 -0.5632745681 -0.8130604608 0.0001558407376 -0.2459628886 0
0.6365574427 0.5010789222 -0.1865049651 -0.0262361819 0.1536366215 0.4766702467 -0.003427346738 0.04005882172 0.2506992072 -0.9883050643 -0.06091894227 -0.1397926405 0.02991246978 0.8214757889 -0.5694583149 0.1495270679 -0.5669800797 -0.8100464463 0.0001592634976 -0.2480516036 0
0.6426832976 0.5059010114 -0.1882997794 -0.02672658234 0.1549493152 0.4760472549 -0.003493039804 0.04043319084 0.2506167726 -0.9878633373 -0.06258490332 -0.1421589132 0.03071915756 0.8184333576 -0.5737797247 0.1522575452 -0.5711829558 -0.8065777526 0.0001632380128 -0.2504387066 0
0.6480434206 0.5101203394 -0.1898702418 -0.02715900831 0.1560941343 0.4754979124 -0.003551018789 0.04076050355 0.2505440179 -0.9874670231 -0.06406471506 -0.1442379648 0.03143524981 0.8157594951 -0.5775363808 0.154663193 -0.5748322872 -0.8035217099 0.0001667711439 -0.2525274216 0
0.6541692755 0.5149424286 -0.191665056 -0.02765699412 0.1573981363 0.4748652844 -0.003617848538 0.04113427516 0.2504601568 -0.987002719 -0.06578124618 -0.1466235329 0.0322653533 0.8126905752 -0.5818014919 0.1574311905 -0.5789705145 -0.8000053522 0.0001708729423 -0.2549145245 0
0.6595293985 0.5191617566 -0.1932355185 -0.02809602983 0.158535293 0.474307545 -0.003676821128 0.04146106057 0.2503861553 -0.9865863582 -0.06730541536 -0.1487189929 0.03300194779 0.8099941085 -0.585508681 0.1598694131 -0.5825628938 -0.7969079279 0.0001745184492 -0.2570032396 0
0.6648895215 0.5233810846 -0.1948059809 -0.02853813115 0.159668835 0.4737459111 -0.003736256713 0.04178759687 0.2503115727 -0.9861604425 -0.06885035381 -0.1508217837 0.03374811614 0.8072874872 -0.589192649 0.1623226611 -0.5861284345 -0.7937914159 0.0001782170857 -0.2590919546 0
0.6710153764 0.5282031738 -0.1966007951 -0.02904712797 0.1609598538 0.473099295 -0.003804749464 0.04216047368 0.2502256248 -0.9856618182 -0.07064148104 -0.1532336821 0.03461260521 0.8041820941 -0.5933743566 0.1651446267 -0.5901702642 -0.7902064993 0.0001825097175 -0.2614790575 0
0.6763754994 0.5324225018 -0.1981712576 -0.02949575733 0.1620855673 0.4725293681 -0.003865175692 0.04248646962 0.2501497991 -0.9852149981 -0.07223105717 -0.1553514788 0.03537929275 0.8014545605 -0.5970082856 0.1676296908 -0.5936777423 -0.7870495696 0.0001863236789 -0.2635677726 0
0.6825013542 0.537244591 -0.1999660718 -0.0300121825 0.1633675753 0.4718733152 -0.003934799432 0.0428587238 0.2500624319 -0.9846921478 -0.07407329304 -0.1577799773 0.03626723006 0.7983259303 -0.6011325952 0.1704877181 -0.597652789 -0.7834188418 0.000190749262 -0.2659548755 0
0.6878614773 0.5414639191 -0.2015365342 -0.03046728323 0.1644853485 0.4712951672 -0.003996214242 0.04318417051 0.2499853657 -0.9842238364 -0.07570766507 -0.159911817 0.03705442899 0.7955786454 -0.6047161221 0.1730040724 -0.6011014627 -0.7802221623 0.0001946805644 -0.2680435905 0
0.6939873321 0.5462860082 -0.2033313484 -0.03099107152 0.1657582184 0.4706297604 -0.004066966597 0.04355579193 0.2498965822 -0.9836760889 -0.0776011751 -0.1623558124 0.03796579664 0.7924281078 -0.6087826314 0.1758975568 -0.6050088856 -0.7765463913 0.0001992414054 -0.2704306934 0
0.6993474551 0.5505053363 -0.2049018109 -0.03145258615 0.1668679406 0.4700434644 -0.004129367893 0.04388068055 0.249818278 -0.9831856981 -0.07928047445 -0.1645007274 0.03877348343 0.7896622375 -0.6123154152 0.1784446691 -0.6083980252 -0.7733106381 0.0002032920691 -0.2725194085 0
0.7047075782 0.5547246643 -0.2064722733 -0.03191707404 0.167973868 0.4694533912 -0.004192228822 0.0442053057 0.249739397 -0.9826848023 -0.0809807773 -0.1666514119 0.03959071871 0.7868880944 -0.6158244083 0.1810059512 -0.6117591361 -0.7700568843 0.0002073991271 -0.2746081235 0
0.710833433 0.5595467535 -0.2082670875 -0.03245154171 0.169233108 0.4687744176 -0.004264632101 0.04457598078 0.2496485418 -0.9820993218 -0.08294972469 -0.1691161295 0.04053638079 0.7837078428 -0.6198054686 0.18395033 -0.6155658862 -0.7663164593 0.0002121625282 -0.2769952264 0
0.716193556 0.5637660815 -0.20983755 -0.0329223578 0.1703308241 0.4681763052 -0.004328476381 0.04490003489 0.2495684268 -0.9815754829 -0.08469509896 -0.1712784623 0.04137404079 0.7809168326 -0.6232632584 0.1865415776 -0.6188664159 -0.7630246386 0.0002163919176 -0.2790839415 0
0.7223194109 0.5685881707 -0.2116323642 -0.03346402387 0.1715806178 0.467488187 -0.004402002251 0.04527005231 0.2494761628 -0.980963445 -0.08671559742 -0.1737559342 0.04234301187 0.7777179759 -0.6271856338 0.1895198904 -0.6226035296 -0.7592411054 0.0002212962851 -0.2814710444 0
0.7276795339 0.5728074987 -0.2132028266 -0.03394110879 0.1726700145 0.4668821109 -0.004466827704 0.04559352656 0.2493948165 -0.9804160737 -0.08850610804 -0.1759289379 0.04320103399 0.7749112747 -0.6305919338 0.1921405553 -0.6258427799 -0.7559119141 0.0002256500354 -0.2835597594 0
0.7330396569 0.5770268267 -0.2147732891 -0.03442109862 0.1737554923 0.4662723444 -0.004532110284 0.0459167272 0.2493128966 -0.9798575191 -0.09031769689 -0.1781065859 0.04406853255 0.7720976545 -0.6339741134 0.194774759 -0.6290531977 -0.7525655238 0.0002300625164 -0.2856484745 0
0.7391655118 0.5818489159 -0.2165681033 -0.03497319858 0.1749912099 0.4655709712 -0.00460727807 0.04628576189 0.2492185721 -0.9792053124 -0.09241390115 -0.1806007393 0.04507153918 0.7688739458 -0.6378098556 0.1978017 -0.6326867522 -0.7487202155 0.0002351778352 -0.2880355774 0
0.7445256348 0.5860682439 -0.2181385657 -0.03545936879 0.1760682122 0.4649533534 -0.004673538567 0.0466083698 0.249135425 -0.9786223616 -0.09427067259 -0.1827876193 0.04595927929 0.7660463647 -0.6411401655 0.2004645059 -0.6358348901 -0.7453374903 0.00023971766 -0.2901242924 0
0.7506514897 0.5908903331 -0.21993338 -0.03601849714 0.1772941834 0.4642430515 -0.004749822686 0.04697672208 0.2490396996 -0.9779419373 -0.09641851676 -0.1852917613 0.04698536315 0.7628073761 -0.6449164927 0.2035238139 -0.639396885 -0.7414510642 0.0002449796786 -0.2925113953 0
0.7560116127 0.5951096612 -0.2215038424 -0.0365107865 0.1783626053 0.4636176601 -0.004817058839 0.04729872852 0.2489553281 -0.9773340022 -0.09832046883 -0.1874868892 0.04789324295 0.7599670165 -0.6481947016 0.2062146587 -0.642482077 -0.7380327196 0.0002496488849 -0.2946001104 0
0.7621374676 0.5999317503 -0.2232986566 -0.03707687286 0.1795787108 0.4628985189 -0.004894456687 0.0476663884 0.248858205 -0.9766246888 -0.1005199352 -0.1899998942 0.04894227854 0.7567141001 -0.6519113622 0.2093056868 -0.645971759 -0.7341059979 0.0002550599339 -0.2969872133 0
0.7674975906 0.6041510784 -0.2248691191 -0.0375752194 0.1806384483 0.4622654326 -0.004962666202 0.04798778463 0.248772612 -0.9759911823 -0.1024670387 -0.192202284 0.04987018028 0.7538621455 -0.6551372609 0.2120240013 -0.6489933524 -0.730652757 0.0002598605625 -0.2990759283 0
0.7728577136 0.6083704064 -0.2264395815 -0.03807637121 0.181694098 0.4616287826 -0.005031329158 0.04830889311 0.2486864499 -0.9753455421 -0.1044351953 -0.1944077249 0.0508073808 0.7510051854 -0.6583386831 0.2147549384 -0.651985047 -0.7271834809 0.0002647232208 -0.3011646434 0
0.7789835684 0.6131924956 -0.2282343957 -0.03865253357 0.1828955208 0.4608968411 -0.005110355686 0.04867551946 0.2485872829 -0.9745926465 -0.106710277 -0.196931689 0.05188981386 0.7477342896 -0.6619674307 0.2178913045 -0.6553673389 -0.7231991638 0.0002703570705 -0.3035517463 0
0.7843436915 0.6174118236 -0.2298048582 -0.03915965039 0.1839423363 0.4602526133 -0.005179988578 0.04899600498 0.2484999036 -0.9739205768 -0.1087234932 -0.1991429438 0.05284683476 0.7448674718 -0.6651162767 0.220648866 -0.6582945021 -0.7196960653 0.0002753541495 -0.3056404614 0
0.7904695463 0.6222339128 -0.2315996724 -0.03974259358 0.185133605 0.4595120577 -0.005260122251 0.04936191442 0.2483993472 -0.973137143 -0.1110500203 -0.2016729876 0.05395183218 0.741585987 -0.6686848463 0.2238153273 -0.6616026881 -0.7156735166 0.0002811427925 -0.3080275643 0
0.7958296693 0.6264532408 -0.2331701348 -0.04025561166 0.1861714854 0.458860333 -0.005330722703 0.0496817683 0.2483107536 -0.9724380613 -0.1131081997 -0.2038890681 0.05492851643 0.7387104959 -0.6717809624 0.2265989298 -0.6644647007 -0.7121373369 0.0002862763397 -0.3101162793 0
