0.007520270477 0.002458451622 0.001607533017 -1.571493879e-06 0.001917658968 0.5099951929 -1.967991987e-07 0.0004777064804 0.2549994032 -1 -4.533034996e-08 -9.151847355e-06 2.315045736e-08 0.999972005 -0.007482591835 9.151930338e-06 -0.007482591835 -0.999972005 2.791207999e-08 0.002138018913 0
0.01497200816 0.004894499189 0.003200416465 -6.228763681e-06 0.003817783143 0.5099809465 -7.846706602e-07 0.000952946911 0.2549976204 -0.9999999993 -3.597566435e-07 -3.6272983e-05 1.806251534e-07 0.9998890404 -0.01489653824 3.627431729e-05 -0.01489653824 -0.9998890398 4.918620682e-08 0.004256553899 0
0.02242374585 0.007330546757 0.004793299913 -1.397176817e-05 0.005717789993 0.5099572611 -1.766173005e-06 0.00142888535 0.2549946437 -0.9999999967 -1.209588033e-06 -8.13595347e-05 6.058099253e-07 0.9997511104 -0.02230957821 8.136627055e-05 -0.02230957819 -0.9997511071 2.980100603e-08 0.006375088885 0
0.02987548354 0.009766594324 0.006386183362 -2.48002218e-05 0.007617621132 0.5099241375 -3.140767441e-06 0.001904881298 0.2549904747 -0.9999999896 -2.861212177e-06 -0.0001444038013 1.431914876e-06 0.9995582257 -0.02972126072 0.0001444250463 -0.02972126062 -0.9995582153 2.354759781e-08 0.008493623871 0
0.03732722123 0.01220264189 0.00797906681 -3.871372526e-05 0.009517218177 0.5098815768 -4.907919226e-06 0.002380803998 0.2549851152 -0.9999999746 -5.580909733e-06 -0.000225395014 2.792111579e-06 0.9993104016 -0.03713113483 0.0002254468074 -0.03713113452 -0.9993103762 1.032523782e-07 0.01061215886 0
0.04384749171 0.01433418351 0.009372839827 -5.341834516e-05 0.01117912768 0.5098365962 -6.775977353e-06 0.002797167781 0.2549794496 -0.9999999516 -9.046023148e-06 -0.0003109736279 4.525057534e-06 0.9990485032 -0.04361293687 0.0003110722611 -0.04361293617 -0.9990484548 1.922562685e-07 0.01246587697 0
0.05129922939 0.01677023108 0.01096572328 -7.311484471e-05 0.01307812848 0.5097763456 -9.278540385e-06 0.00327294215 0.2549718596 -0.9999999093 -1.448554463e-05 -0.0004255756634 7.245426851e-06 0.9986977234 -0.05101820546 0.0004257604727 -0.05101820392 -0.9986976327 3.144028983e-07 0.01458441196 0
0.05875096708 0.01920627865 0.01255860672 -9.589461242e-05 0.01497672741 0.5097066636 -1.217316729e-05 0.003748650947 0.2549630805 -0.999999844 -2.175777875e-05 -0.0005580766081 1.088242576e-05 0.9982920716 -0.05842037028 0.0005583945507 -0.05842036724 -0.9982919157 4.575271496e-07 0.01670294694 0
0.06620270477 0.02164232622 0.01415149017 -0.0001217568083 0.01687486613 0.5096275525 -1.545979551e-05 0.004224300609 0.2549531125 -0.9999997486 -3.112825601e-05 -0.00070845382 1.556895572e-05 0.9978315797 -0.06581898123 0.0007089664245 -0.06581897571 -0.9978313283 6.211856813e-07 0.01882148193 0
0.07365444246 0.02407837378 0.01574437362 -0.0001507004787 0.01877248634 0.5095390154 -1.913837416e-05 0.004699894737 0.2549419558 -0.9999996148 -4.286222685e-05 -0.000876681599 2.143781733e-05 0.9973162838 -0.07321358854 0.0008774669319 -0.07321357913 -0.9973158987 8.051454257e-07 0.02094001691 0
0.08017471293 0.02620991541 0.01713814664 -0.0001785531261 0.02043243285 0.5094538156 -2.267861571e-05 0.005115995271 0.2549312186 -0.9999994592 -5.527653711e-05 -0.001038501418 2.764726528e-05 0.9968204752 -0.07968023237 0.001039603925 -0.079680218 -0.9968199346 9.826661898e-07 0.02279373503 0
0.08762645062 0.02864596297 0.01873103008 -0.0002132715953 0.02232892375 0.5093476137 -2.709197664e-05 0.005591488189 0.2549178334 -0.9999992284 -7.215586584e-05 -0.001240119106 3.609053256e-05 0.9962025342 -0.0870661218 0.001241692127 -0.08706609938 -0.996201763 1.204413178e-06 0.02491227001 0
0.09507818831 0.03108201054 0.02032391353 -0.0002510681646 0.02422472862 0.5092319961 -3.189715472e-05 0.006066926343 0.2549032599 -0.9999989307 -9.215940251e-05 -0.001459496465 4.609725594e-05 0.995529917 -0.09444671656 0.001461676548 -0.09444668285 -0.9955288482 1.446261931e-06 0.027030805 0
0.102529926 0.03351805811 0.02191679698 -0.0002919414404 0.02611978923 0.5091069669 -3.709410121e-05 0.006542308141 0.2548874981 -0.9999985541 -0.000115550978 -0.001696595977 5.779972477e-05 0.9948026763 -0.1018215684 0.0016995438 -0.1018215193 -0.9948012313 1.708214138e-06 0.02914933999 0
0.1099816637 0.03595410568 0.02350968043 -0.0003358899157 0.02801404742 0.5089725309 -4.268276468e-05 0.007017631466 0.2548705484 -0.9999980859 -0.0001425939708 -0.001951377081 7.133006546e-05 0.9940208693 -0.1091902297 0.001955279411 -0.1091901599 -0.9940189565 1.99028902e-06 0.03126787497 0
0.1165019342 0.0380856473 0.02490345345 -0.0003768661852 0.02967081936 0.5088471867 -4.789413281e-05 0.007433489459 0.2548547429 -0.9999975903 -0.0001694585725 -0.00218878078 8.47722751e-05 0.9932920748 -0.1156323786 0.0021936935 -0.1156322855 -0.9932896668 2.253636211e-06 0.03312159308 0
0.1239536719 0.04052169486 0.02649633689 -0.0004265762033 0.03156341627 0.5086951265 -5.421711626e-05 0.007908696213 0.2548355661 -0.9999969124 -0.0002040561355 -0.002476594983 0.0001020853764 0.9924081244 -0.1229882278 0.002482889485 -0.1229881009 -0.9924050394 2.573534546e-06 0.03524012807 0
0.1314054095 0.04295774243 0.02808922034 -0.0004793564573 0.03345504365 0.5085336745 -6.093165123e-05 0.008383836645 0.2548152017 -0.9999961008 -0.0002430594903 -0.002781957278 0.0001216051905 0.9914697955 -0.1303366023 0.002789906161 -0.1303364324 -0.9914659 2.913671498e-06 0.03735866306 0
0.1388571472 0.04539379 0.02968210379 -0.0005352050014 0.03534564346 0.5083628369 -6.803767353e-05 0.008858907646 0.2547936501 -0.9999951389 -0.0002867299302 -0.003104815371 0.0001434630927 0.9904771615 -0.137677057 0.003114724848 -0.1376768331 -0.9904723056 3.274101941e-06 0.03947719804 0
0.1463088849 0.04782983757 0.03127498724 -0.0005941197768 0.0372351577 0.5081826198 -7.553511545e-05 0.009333905987 0.2547709113 -0.9999940094 -0.0003353281247 -0.003445113955 0.0001677902336 0.9894303003 -0.1450091469 0.00345732578 -0.1450088562 -0.9894243167 3.65488648e-06 0.04159573303 0
0.1537606226 0.05026588513 0.03286787069 -0.000656098612 0.03912352842 0.5079930298 -8.342390567e-05 0.009808828347 0.2547469857 -0.9999926936 -0.0003891140852 -0.003802794717 0.0001947175266 0.988329294 -0.1523324282 0.003817688111 -0.1523320557 -0.9883219972 4.05609085e-06 0.04371426801 0
0.1602808931 0.05239742676 0.0342616437 -0.000712841786 0.04077486921 0.5078194556 -9.064756622e-05 0.01022432042 0.2547250773 -0.9999913745 -0.0004406362659 -0.004129976072 0.0002205145705 0.9873215653 -0.158732725 0.004147557836 -0.1587322666 -0.9873129521 4.423950601e-06 0.04556798613 0
0.1677326308 0.05483347432 0.03585452715 -0.0007805594869 0.04266093975 0.5076123108 -9.926992971e-05 0.01069909111 0.2546989268 -0.9999896569 -0.0005048476589 -0.0045200808 0.0002526691218 0.9861192729 -0.1660382962 0.004541162837 -0.1660377209 -0.9861089458 4.863635559e-06 0.04768652111 0
0.1751843685 0.05726952189 0.0374474106 -0.0008513343756 0.04454570041 0.5073958142 -0.0001082834163 0.01117377593 0.2546715902 -0.9999876951 -0.0005749903672 -0.004927383364 0.0002877987659 0.9848630948 -0.1733337867 0.004952463287 -0.1733330719 -0.9848508107 5.323954687e-06 0.0498050561 0
0.1826361061 0.05970556946 0.03904029405 -0.0009251638438 0.04642909341 0.5071699739 -0.0001176879405 0.01164837132 0.2546430677 -0.9999854668 -0.000651321522 -0.005351813863 0.0003260333784 0.9835531296 -0.1806187558 0.005381434157 -0.1806178757 -0.9835386231 5.804990633e-06 0.05192359109 0
0.1900878438 0.06214161703 0.0406331775 -0.001002045171 0.04831106106 0.506934798 -0.0001274834133 0.01212287375 0.2546133594 -0.9999829492 -0.0007340974271 -0.005793299428 0.0003675025365 0.9821894798 -0.1878927637 0.005828049346 -0.187891689 -0.982172463 6.306829987e-06 0.05404212607 0
0.1966081143 0.06427315865 0.04202695051 -0.001071817585 0.04995656818 0.506721368 -0.0001363750791 0.01253798428 0.2545863924 -0.9999804902 -0.0008120138861 -0.006193530237 0.0004065430165 0.9809523321 -0.1942481838 0.006233290152 -0.194246912 -0.9809328638 6.763075718e-06 0.05589584418 0
0.204059852 0.06670920622 0.04361983396 -0.001154413423 0.05183570795 0.5064687118 -0.0001469033275 0.0130123027 0.2545544618 -0.9999773649 -0.0009075614892 -0.006666787333 0.0004544251075 0.979488315 -0.2015004572 0.006712914346 -0.2014989257 -0.9794657318 7.304168166e-06 0.05801437917 0
0.2115115897 0.06914525378 0.04521271741 -0.001240052671 0.05371325677 0.506206746 -0.0001578222478 0.01348651779 0.2545213465 -0.9999738789 -0.001010285794 -0.007156873521 0.0005059125046 0.9779709318 -0.2087405101 0.007210101839 -0.2087386783 -0.977944875 7.86633411e-06 0.06013291416 0
0.2189633274 0.07158130135 0.04680560086 -0.001328732176 0.0555891572 0.5059354802 -0.0001691317367 0.01396062592 0.2544870466 -0.9999700057 -0.001120439574 -0.007663704504 0.0005611335121 0.9764003013 -0.2159679067 0.007724822377 -0.2159657292 -0.9763703861 8.449674635e-06 0.06225144914 0
0.2264150651 0.07401734892 0.04839848431 -0.001420448669 0.05746335182 0.5056549244 -0.0001808316871 0.01443462345 0.2544515626 -0.9999657177 -0.001238274607 -0.008187193057 0.0006202160754 0.9747765465 -0.2231822121 0.00825704464 -0.2231796388 -0.9747423609 9.054294438e-06 0.06436998413 0
0.2338668027 0.07645339649 0.04999136776 -0.001515198773 0.05933578332 0.5053650889 -0.0001929219883 0.01490850672 0.2544148948 -0.9999609865 -0.001364041642 -0.008727249041 0.0006832877692 0.9730997943 -0.2303829928 0.008806736242 -0.2303799679 -0.9730608983 9.680301779e-06 0.06648851911 0
0.2403870732 0.07858493811 0.05138514077 -0.001600590881 0.06097266954 0.5051038791 -0.0002038211217 0.01532305798 0.2543818397 -0.9999564601 -0.001480790832 -0.009213315422 0.000741847834 0.971589265 -0.2366722412 0.009302020444 -0.2366687714 -0.9715458636 1.024569046e-05 0.06834223723 0
0.2478388109 0.08102098568 0.05297802422 -0.001701019509 0.06284164089 0.5047966734 -0.0002166430195 0.01579671715 0.2543429532 -0.9999508181 -0.001622102495 -0.009784182276 0.0008127416578 0.9698135001 -0.243846498 0.009884376071 -0.2438424571 -0.9697644844 1.091210349e-05 0.07046077221 0
0.2552905486 0.08345703324 0.05457090767 -0.001804471412 0.06470868469 0.5044802196 -0.0002298549292 0.01627025153 0.2543028839 -0.999944646 -0.001772061031 -0.01037134126 0.0008879892126 0.9679851262 -0.2510059897 0.01048410202 -0.2510013052 -0.9679299708 1.160023485e-05 0.0725793072 0
0.2627422863 0.08589308081 0.05616379112 -0.001910942782 0.0665737439 0.5041545294 -0.0002434567258 0.01674365744 0.2542616322 -0.9999379119 -0.001930912885 -0.01097469105 0.0009677165204 0.9661042866 -0.2581502876 0.01110116179 -0.25814488 -0.9660424344 1.23102063e-05 0.07469784219 0
0.270194024 0.08832912838 0.05775667456 -0.002020429696 0.06843676158 0.5038196149 -0.0002574482808 0.0172169312 0.2542191985 -0.999930583 -0.002098903312 -0.01159412745 0.001052049173 0.9641711282 -0.265278964 0.01173551784 -0.2652727468 -0.9641019902 1.304214303e-05 0.07681637717 0
0.2767142945 0.09046067 0.05915044758 -0.002118701268 0.07006518263 0.5035190075 -0.0002700105109 0.01763093444 0.2541810998 -0.9999236557 -0.002253583291 -0.01214924625 0.001129716462 0.9624368156 -0.2715034063 0.01230473741 -0.2714964038 -0.9623607931 1.370070703e-05 0.07867009528 0
0.2841660321 0.09289671757 0.06074333103 -0.002233831376 0.0719242192 0.5031668307 -0.000284732503 0.0181039505 0.254136451 -0.9999151197 -0.002439365286 -0.01279855427 0.001223021097 0.9604059703 -0.2786016447 0.01297141912 -0.2785936498 -0.9603214673 1.447417781e-05 0.08078863027 0
0.2916177698 0.09533276513 0.06233621448 -0.00235196514 0.07378105094 0.5028054659 -0.0002998438628 0.01857682381 0.2540906214 -0.9999058893 -0.002634984017 -0.01346363352 0.001321289649 0.9583232517 -0.2856830401 0.0136552833 -0.2856739436 -0.9582295817 1.526999254e-05 0.08290716526 0
0.2990695075 0.0977688127 0.06392909793 -0.002473098212 0.07563562125 0.5024349264 -0.0003153444475 0.0190495507 0.2540436115 -0.9998959283 -0.002840679808 -0.01414436881 0.00142464593 0.9561888227 -0.2927471703 0.01435628834 -0.2927368543 -0.9560852635 1.608828937e-05 0.08502570024 0
0.3065212452 0.1002048603 0.06552198137 -0.002597226133 0.07748787359 0.5020552258 -0.0003312341104 0.01952212748 0.2539954216 -0.9998851994 -0.003056691625 -0.0148406422 0.001533213262 0.95400285 -0.2997936147 0.01507439158 -0.2997819521 -0.9538886433 1.692920979e-05 0.08714423523 0
0.3139729829 0.1026409078 0.06711486482 -0.002724344334 0.07933775154 0.5016663781 -0.0003475127012 0.01999455045 0.2539460523 -0.9998736646 -0.003283257054 -0.01555233293 0.001647114467 0.9517655044 -0.3068219544 0.01580954934 -0.3068088084 -0.9516398548 1.779289851e-05 0.08926277021 0
0.3204932534 0.1047724495 0.06850863784 -0.002838022049 0.08095440271 0.5013186441 -0.0003620753897 0.02040779148 0.2539018871 -0.9998628799 -0.003490344757 -0.01618761233 0.001751249632 0.9497658224 -0.3129565717 0.01646676727 -0.3129420076 -0.949629478 1.856741952e-05 0.09111648833 0
0.3279449911 0.107208497 0.07010152129 -0.002970734329 0.0827996769 0.5009126844 -0.0003790828025 0.02087991613 0.2538503076 -0.9998497284 -0.00373733361 -0.0169278755 0.001875481106 0.9474326266 -0.3199498408 0.01723378085 -0.3199335093 -0.9472832451 1.94742002e-05 0.09323502331 0
0.3353967287 0.1096445446 0.07169440474 -0.003106423146 0.084642415 0.5004976197 -0.0003964786906 0.02135187637 0.2537975501 -0.9998356566 -0.003995551119 -0.0176831935 0.002005396677 0.9450485709 -0.3269238092 0.01801771754 -0.3269055433 -0.9448852457 2.04041833e-05 0.0953535583 0
0.3428484664 0.1120805922 0.07328728818 -0.003245083506 0.08648256096 0.5000734652 -0.0004142628895 0.02182366851 0.2537436151 -0.9998206232 -0.004265229197 -0.01845343492 0.002141117118 0.9426138413 -0.3338780642 0.01881852964 -0.3338576852 -0.9424356259 2.135752599e-05 0.09747209329 0
0.3503002041 0.1145166397 0.07488017163 -0.003386710308 0.08832005886 0.4996402364 -0.000432435231 0.02229528886 0.253688503 -0.9998045858 -0.004546598213 -0.01923846565 0.002282762646 0.9401286279 -0.3408121947 0.01963616843 -0.340789512 -0.9399345346 2.23343886e-05 0.09959062827 0
0.3568204746 0.1166481814 0.07627394465 -0.003513063077 0.08992565338 0.4992537302 -0.000448654293 0.02270781285 0.2536393149 -0.9997896958 -0.00480256623 -0.01993739192 0.002411656978 0.9379128058 -0.3468627287 0.02036536642 -0.3468378642 -0.9377039766 2.320856551e-05 0.1014443464 0
0.3642722123 0.1190842289 0.0778668281 -0.003660237832 0.09175803576 0.4988035305 -0.0004675539358 0.02317910116 0.2535819974 -0.9997716592 -0.005106471176 -0.02074978177 0.002564734076 0.9353334606 -0.3537580241 0.02121442034 -0.3537304644 -0.935106789 2.422997102e-05 0.1035628814 0
0.37172395 0.1215202765 0.07945971155 -0.00381036376 0.09358760985 0.4983443034 -0.0004868412171 0.02365020709 0.2535235043 -0.9997524924 -0.005422720504 -0.02157656039 0.002724078674 0.9327041992 -0.3606320232 0.02208015515 -0.3606015403 -0.932458576 2.527537477e-05 0.1056814164 0
0.3791756877 0.1239563241 0.08105259499 -0.003963435341 0.09541432016 0.4978760658 -0.0005065159546 0.02412112694 0.2534638364 -0.99973215 -0.005751538314 -0.02241758333 0.002889808723 0.9300252266 -0.3674843219 0.02296251818 -0.3674506738 -0.9297594985 2.63449491e-05 0.1077999513 0
0.3866274253 0.1263923716 0.08264547844 -0.004119446946 0.0972381113 0.4973988347 -0.0005265779623 0.02459185704 0.2534029942 -0.9997105855 -0.006093147015 -0.02327270349 0.003062041558 0.9272967515 -0.3743145182 0.02386145573 -0.3742774481 -0.927009721 2.743886939e-05 0.1099184863 0
0.3931476958 0.1285239132 0.08403925146 -0.004258364334 0.09883149047 0.4969738939 -0.0005444497524 0.02500358732 0.2533487943 -0.9996906771 -0.006402720683 -0.02403238011 0.003218171374 0.9248688953 -0.3802724942 0.0246615794 -0.3802322075 -0.9245622071 2.841616108e-05 0.1117722044 0
0.4005994335 0.1309599608 0.08563213491 -0.004419872944 0.1006496593 0.4964798478 -0.0005652373773 0.02547395171 0.2532857518 -0.9996666935 -0.006768905732 -0.02491352695 0.003402911012 0.9220481789 -0.387060171 0.02559144597 -0.3870159398 -0.9217178203 2.955621318e-05 0.1138907394 0
0.4080511712 0.1333960084 0.08722501836 -0.0045843048 0.1024647504 0.4959768597 -0.000586411717 0.02594411575 0.2532215366 -0.99964135 -0.00714851138 -0.02580833359 0.003594487266 0.9191785812 -0.3938245999 0.02653772709 -0.3937761224 -0.9188232226 3.072113214e-05 0.1160092744 0
0.4155029089 0.1358320559 0.0888179018 -0.00475165386 0.1042767088 0.495464948 -0.0006079725712 0.02641407578 0.2531561494 -0.9996145972 -0.007541753183 -0.02671664289 0.003793014991 0.9162603256 -0.4005653863 0.02750036519 -0.4005123439 -0.9158785904 3.191110488e-05 0.1181278094 0
0.4229546466 0.1382681035 0.09041078525 -0.004921913976 0.1060854798 0.4949441315 -0.0006299197362 0.02688382811 0.2530895908 -0.9995863847 -0.007948844857 -0.02763829516 0.003998608379 0.9132936391 -0.4072821379 0.02847930169 -0.4072241945 -0.9128841026 3.312632124e-05 0.1202463444 0
0.4304063843 0.1407041511 0.0920036687 -0.00509507889 0.1078910087 0.4944144294 -0.0006522530043 0.02735336908 0.2530218615 -0.9995566615 -0.008369998244 -0.02857312819 0.00421138094 0.9102787525 -0.4139744642 0.02947447702 -0.4139112657 -0.9098399416 3.436697396e-05 0.1223648794 0
0.4369266547 0.1428356927 0.09339744172 -0.005248976036 0.1094681441 0.4939436663 -0.0006721111733 0.02776404115 0.2529616385 -0.9995293736 -0.008750207549 -0.02940179002 0.004403534809 0.9076013717 -0.4198099081 0.03035852878 -0.4197418062 -0.9071356987 3.547356456e-05 0.1242185975 0
0.4443783924 0.1452717403 0.09499032517 -0.005427570223 0.1112674473 0.4933973564 -0.0006951678128 0.02823317591 0.2528917158 -0.9994966772 -0.009198290998 -0.03036089108 0.004630071868 0.9044967446 -0.4264553922 0.03138398793 -0.4263813206 -0.903998902 3.676243994e-05 0.1263371325 0
0.4518301301 0.1477077878 0.09658320861 -0.005609050636 0.113063352 0.4928422176 -0.0007186099385 0.02870208874 0.2528206242 -0.9994623188 -0.009661034523 -0.03133269266 0.004864110576 0.901344601 -0.4330753406 0.03242550918 -0.4329948898 -0.9008129727 3.807732172e-05 0.1284556675 0
0.4592818678 0.1501438354 0.09817609206 -0.005793410612 0.114855804 0.4922782704 -0.0007424373289 0.02917077598 0.2527483645 -0.9994262444 -0.01013864244 -0.03231702294 0.005105761718 0.898145186 -0.4396693713 0.03348302913 -0.4395821115 -0.8975781047 3.941841365e-05 0.1305742024 0
0.4667336055 0.152579883 0.09976897551 -0.005980643382 0.1166447495 0.4917055355 -0.0007666497585 0.02963923397 0.2526749373 -0.999388399 -0.01063131706 -0.0333137077 0.005355135347 0.8948987479 -0.4462371046 0.03455648345 -0.446142585 -0.8942944947 4.078592224e-05 0.1326927374 0
0.473253876 0.1547114246 0.1011627485 -0.006146823245 0.118207158 0.4911972003 -0.0007881513071 0.03004894377 0.2526097313 -0.9993537878 -0.01107492423 -0.03419580256 0.005579758081 0.892019739 -0.4519620024 0.0355087758 -0.4518607433 -0.8913815095 4.200432663e-05 0.1345464555 0
0.4807056137 0.1571474722 0.102755632 -0.006339423898 0.1199893836 0.4906080453 -0.0008130850655 0.03051696203 0.252534117 -0.9993124713 -0.01159638705 -0.03521517391 0.005843905422 0.8886858146 -0.4584794125 0.03661193023 -0.4583699889 -0.8880070494 4.342193267e-05 0.1366649905 0
0.4881573513 0.1595835197 0.1043485154 -0.006534877305 0.1217679482 0.4900101639 -0.0008384031954 0.03098474052 0.2524573373 -0.999269222 -0.01213348673 -0.03624638541 0.006116087497 0.8853056012 -0.4649694464 0.03773082863 -0.464851343 -0.8845844298 4.486656438e-05 0.1387835255 0
0.495609089 0.1620195673 0.1059413989 -0.006733176293 0.1235427984 0.4894035781 -0.0008641054572 0.03145227557 0.2523793929 -0.9992239821 -0.01268641749 -0.03728925361 0.006396411435 0.8818793608 -0.4714317331 0.03886540292 -0.4713044111 -0.881113859 4.633843881e-05 0.1409020605 0
0.5030608267 0.1644556149 0.1075342823 -0.006934313589 0.1253138809 0.48878831 -0.0008901916081 0.03191956353 0.2523002846 -0.9991766931 -0.01325537144 -0.0383435927 0.006684983582 0.878407359 -0.4778659045 0.04001558406 -0.4777288005 -0.8775955482 4.783777568e-05 0.1430205955 0
0.5105125644 0.1668916624 0.1091271658 -0.007138281813 0.1270811425 0.4881643822 -0.0009166614014 0.03238660075 0.252220013 -0.9991272958 -0.01384053848 -0.03940921458 0.006981909496 0.8748898648 -0.4842715947 0.04118130206 -0.4841241204 -0.8740297114 4.936479737e-05 0.1451391305 0
0.5170328349 0.1690232041 0.1105209388 -0.007319070377 0.1286243206 0.4876113598 -0.0009401369807 0.03279504977 0.2521488219 -0.9990822967 -0.01436600706 -0.04035073953 0.007248654741 0.8717749535 -0.4898529243 0.04221399465 -0.4896958733 -0.8708707885 5.072382833e-05 0.1469928486 0
0.5244845726 0.1714592516 0.1121138222 -0.007528326351 0.1303842757 0.4869712571 -0.0009673254263 0.03326160701 0.2520663715 -0.9990287845 -0.01498207782 -0.04143700173 0.007561525682 0.868172898 -0.4962042347 0.04340865233 -0.4960356404 -0.8672164277 5.230336745e-05 0.1491113836 0
0.5319363103 0.1738952992 0.1137067057 -0.007740391471 0.1321402581 0.4863225613 -0.0009948967852 0.03372790304 0.2519827602 -0.9989729899 -0.0156148953 -0.04253399329 0.00788304937 0.8645261425 -0.5025260257 0.04461864042 -0.5023452239 -0.8635151724 5.391124513e-05 0.1512299186 0
0.539388048 0.1763313468 0.1152995891 -0.007955257963 0.1338922154 0.4856652964 -0.001022850797 0.03419393419 0.2518979888 -0.9989148509 -0.01626464073 -0.04364151738 0.008213328208 0.860834969 -0.5088179412 0.04584388527 -0.50862424 -0.8597672479 5.554769375e-05 0.1533484535 0
0.5468397856 0.1787673943 0.1168924726 -0.008172917954 0.1356400952 0.4849994862 -0.001051187197 0.03465969684 0.251812058 -0.9988543051 -0.01693149302 -0.04475937498 0.008552463754 0.857099663 -0.5150796278 0.04708431234 -0.5148723066 -0.8559728824 5.721294818e-05 0.1554669885 0
0.5533600561 0.1808989359 0.1182862456 -0.00836565572 0.1371661042 0.4844099118 -0.001076295015 0.03506701604 0.2517359182 -0.9987993035 -0.01752916063 -0.04574581899 0.008856551821 0.8537952947 -0.5205335303 0.04818208087 -0.5203136777 -0.8526148977 5.869386214e-05 0.1573207066 0
0.5608117938 0.1833349835 0.119879129 -0.008588531942 0.1389061983 0.4837281455 -0.001105347668 0.03553226544 0.251647816 -0.9987340737 -0.01822856239 -0.04688250797 0.009212564475 0.849978021 -0.5267375936 0.04945077043 -0.5265026908 -0.8487340796 6.041376925e-05 0.1594392416 0
0.5682635315 0.1857710311 0.1214720125 -0.00881417846 0.1406420654 0.4830379051 -0.001134781931 0.03599723589 0.2515585568 -0.9986662534 -0.01894557232 -0.04802894627 0.009577721068 0.8461174535 -0.532910426 0.05073442273 -0.5326596664 -0.8448074918 6.21631713e-05 0.1615577766 0
0.5757152692 0.1882070786 0.1230648959 -0.009042587009 0.1423736538 0.4823392157 -0.001164597524 0.03646192376 0.2514681416 -0.9985957773 -0.01968036017 -0.04918492659 0.009952119819 0.8422138903 -0.5390516843 0.05203295966 -0.53878423 -0.8408353731 6.394231276e-05 0.1636763116 0
0.5831670069 0.1906431262 0.1246577794 -0.009273749225 0.144100912 0.4816321029 -0.001194794166 0.03692632542 0.2513765712 -0.9985225797 -0.02043309323 -0.05035023954 0.01033585806 0.8382676325 -0.5451610279 0.05334630221 -0.5448760088 -0.8368179653 6.575144046e-05 0.1657948466 0
0.5906187446 0.1930791738 0.1262506628 -0.009507656645 0.1458237888 0.4809165928 -0.001225371571 0.03739043725 0.2512838464 -0.998446594 -0.02120393638 -0.05152467369 0.01072903225 0.8342789845 -0.551238119 0.05467437045 -0.5509346323 -0.8327555128 6.759080365e-05 0.1679133816 0
0.597139015 0.1952107154 0.1276444359 -0.009714570833 0.1473276715 0.4802836535 -0.001252438919 0.03779629451 0.2512017661 -0.9983777668 -0.02189340776 -0.05255961805 0.0110808752 0.830754386 -0.5565288532 0.05584844633 -0.5562084401 -0.8291641105 6.922524674e-05 0.1697670997 0
0.6045907527 0.197646763 0.1292373193 -0.009953602355 0.1490421951 0.479552469 -0.001283729474 0.03825985316 0.2511068794 -0.9982963723 -0.02269864299 -0.05375057753 0.01149199855 0.8266870875 -0.5625445701 0.05720390675 -0.5622039051 -0.8250178678 7.112198149e-05 0.1718856347 0
0.6120424904 0.2000828105 0.1308302027 -0.0101953542 0.1507521907 0.4788129632 -0.001315399952 0.03872311158 0.251010841 -0.9982119953 -0.02352244837 -0.05495003912 0.01191283004 0.8225782911 -0.5685270789 0.05857385814 -0.5681651603 -0.8208272984 7.304968143e-05 0.1740041697 0
0.6194942281 0.2025188581 0.1324230862 -0.01043981752 0.1524576076 0.4780651631 -0.001347450054 0.03918606617 0.2509136518 -0.9981245669 -0.02436497902 -0.05615778367 0.01234346256 0.8184283131 -0.5744760528 0.05995821713 -0.574091843 -0.8165926574 7.500860484e-05 0.1761227046 0
0.6269459658 0.2049549057 0.1340159696 -0.01068698338 0.1541583954 0.4773090961 -0.001379879477 0.03964871332 0.2508153127 -0.9980340177 -0.02522638748 -0.0573735901 0.01278398807 0.8142374727 -0.5803911679 0.0613568995 -0.5799835924 -0.8123142024 7.69990123e-05 0.1782412396 0
0.6334662363 0.2070864473 0.1354097427 -0.01090546333 0.1556427478 0.4766407778 -0.001408566142 0.04005327454 0.2507283235 -0.9979521721 -0.02599572355 -0.05844385874 0.0131776348 0.8105372207 -0.5855388662 0.06259242932 -0.5851099352 -0.8085348178 7.876665217e-05 0.1800949577 0
0.6409179739 0.2095224949 0.1370026261 -0.011157672 0.1573347207 0.4758692851 -0.001441705963 0.04051533551 0.2506278309 -0.9978555821 -0.02689293004 -0.0596741787 0.0136369542 0.8062706343 -0.5913896328 0.06401773793 -0.5909352204 -0.8041749154 8.081680243e-05 0.1822134927 0
0.6483697116 0.2119585424 0.1385955096 -0.01141255697 0.1590219204 0.4750896058 -0.001475224214 0.04097707869 0.2505261912 -0.9977556684 -0.02780943841 -0.06091191441 0.01410642565 0.8019641199 -0.5972056255 0.06545712289 -0.5967245474 -0.7997719547 8.289919843e-05 0.1843320277 0
0.6558214493 0.21439459 0.140188393 -0.0116701089 0.1607042974 0.4743017684 -0.001509120579 0.04143850048 0.2504234053 -0.9976523593 -0.02874539102 -0.06215683758 0.01458613738 0.7976180083 -0.6029865317 0.06691049663 -0.6024775641 -0.7953262036 8.501410939e-05 0.1864505627 0
0.663273187 0.2168306376 0.1417812765 -0.01193031841 0.1623818021 0.4735058016 -0.001543394737 0.04189959728 0.2503194743 -0.9975455826 -0.02970092759 -0.06340871807 0.01507617666 0.793232633 -0.6087320419 0.06837777069 -0.6081939204 -0.7908379326 8.716180673e-05 0.1885690977 0
0.6697934575 0.2189621792 0.1431750495 -0.01216017428 0.1638455831 0.4728026849 -0.001573694279 0.04230278758 0.250227596 -0.9974492513 -0.0305531948 -0.06450963845 0.01551350069 0.7893634855 -0.6137300865 0.06967296794 -0.6131653856 -0.7868760305 8.906815198e-05 0.1904228158 0
0.6772451952 0.2213982268 0.1447679329 -0.01242534102 0.1655138195 0.4719915542 -0.001608675924 0.04276326537 0.2501215204 -0.9973357762 -0.03154581838 -0.06577393758 0.01602313586 0.7849053994 -0.6194084057 0.07116606382 -0.6188120678 -0.7823087729 9.127806281e-05 0.1925413508 0
0.6846969329 0.2238342743 0.1463608164 -0.01269313774 0.1671770425 0.4711723785 -0.001644034423 0.04322340788 0.2500143026 -0.9972186228 -0.03255841242 -0.06704452271 0.01654334391 0.7804090242 -0.6250504561 0.07267280108 -0.6244210956 -0.7776997874 9.352155228e-05 0.1946598858 0
0.6921486706 0.2262703219 0.1479536998 -0.01296355466 0.1688352032 0.4703451878 -0.00167976944 0.04368321152 0.2499059434 -0.9970977169 -0.03359110604 -0.06832115701 0.01707420823 0.7758747041 -0.6306559402 0.07419308805 -0.6299921278 -0.7730493546 9.579890008e-05 0.1967784208 0
0.6996004082 0.2287063695 0.1495465833 -0.01323658191 0.1704882532 0.4695100122 -0.001715880638 0.04414267271 0.2497964441 -0.9969729836 -0.03464402558 -0.069603602 0.01761581119 0.7713027862 -0.6362245635 0.0757268322 -0.6355248252 -0.7683577574 9.811038795e-05 0.1988969557 0
0.7070521459 0.231142417 0.1511394667 -0.01351220953 0.1721361442 0.4686668822 -0.001752367677 0.04460178789 0.2496858056 -0.9968443476 -0.03571729457 -0.07089161754 0.01816823413 0.7666936201 -0.6417560348 0.07727394023 -0.6410188514 -0.7636252814 0.0001004562997 0.2010154907 0
0.7135724164 0.2332739586 0.1525332397 -0.0137555089 0.173573779 0.4679226426 -0.001784601872 0.04500322704 0.2495880633 -0.9967285302 -0.03667319282 -0.07202301075 0.01866054312 0.7626303215 -0.6465653694 0.07863854831 -0.6457941388 -0.7594510577 0.0001025374356 0.2028692088 0
0.7210241541 0.2357100062 0.1541261232 -0.01403598504 0.1752118674 0.4670646813 -0.001821792679 0.04546168384 0.2494752917 -0.996592372 -0.03778494017 -0.07332081831 0.01923346916 0.7579522667 -0.6520264067 0.0802104592 -0.651214757 -0.7546427119 0.0001049486643 0.2049877438 0
0.7284758918 0.2381460538 0.1557190066 -0.01431903238 0.176844659 0.4661988548 -0.001859358327 0.04591978438 0.249361384 -0.9964520919 -0.03891737637 -0.07462349722 0.01981744324 0.7532379837 -0.6574494724 0.08179546114 -0.6565957491 -0.7497943217 0.0001073951444 0.2071062788 0
0.7359276295 0.2405821013 0.1573118901 -0.01460464062 0.1784721064 0.4653251946 -0.00189729846 0.04637752511 0.2492463414 -0.9963076128 -0.0400706139 -0.07593080128 0.02041254266 0.7484878322 -0.6628342878 0.08339345768 -0.6619367877 -0.7449061822 0.0001098771673 0.2092248138 0
0.7433793672 0.2430181489 0.1589047735 -0.01489279933 0.1800941623 0.4644437327 -0.00193561272 0.04683490247 0.2491301648 -0.996158857 -0.04124476239 -0.07724248281 0.02101884366 0.7437021745 -0.6681805773 0.08500435157 -0.6672375478 -0.7399785909 0.0001123950268 0.2113433488 0
0.7498996376 0.2451496905 0.1602985465 -0.01514702215 0.1815090016 0.4636660789 -0.001969444314 0.04723480679 0.249027581 -0.9960251262 -0.04228937977 -0.07839359921 0.02155860494 0.7394858844 -0.6728267632 0.08642438656 -0.6718424183 -0.7356348213 0.0001146277835 0.2131970669 0
0.7573513753 0.2475857381 0.16189143 -0.01543993464 0.1831208218 0.4627700754 -0.002008459084 0.04769149327 0.2489092814 -0.9958681409 -0.04350302156 -0.07971281582 0.02218611063 0.7346346374 -0.6781000855 0.08805919819 -0.6770667889 -0.7306340678 0.0001172136349 0.2153156019 0
0.764803113 0.2500217857 0.1634843134 -0.01573536719 0.184727116 0.4618663633 -0.002047846931 0.0481478062 0.2487898511 -0.9957066534 -0.04473787314 -0.08103568973 0.02282503107 0.7297489393 -0.6833341083 0.08970662327 -0.6822499603 -0.7255947309 0.000119836178 0.2174341369 0
0.7722548507 0.2524578332 0.1650771969 -0.01603330902 0.1863278375 0.4609549753 -0.002087607484 0.04860374203 0.2486692913 -0.9955405844 -0.04599403273 -0.08236196774 0.02347543832 0.7248291617 -0.6885285689 0.09136656157 -0.6873916171 -0.7205171172 0.000122495714 0.2195526719 0
0.7797065884 0.2548938808 0.1666700803 -0.0163337493 0.1879229404 0.4600359447 -0.002127740366 0.04905929722 0.2485476031 -0.9953698542 -0.04727159559 -0.0836913953 0.02413740331 0.7198756786 -0.693683208 0.09303891206 -0.6924914466 -0.7154015357 0.0001251925458 0.2216712068 0
0.7871583261 0.2573299284 0.1682629638 -0.01663667709 0.1895123785 0.459109305 -0.002168245199 0.04951446826 0.2484247877 -0.9951943826 -0.04857065396 -0.08502371654 0.02481099591 0.7148888663 -0.6987977699 0.094723573 -0.6975491383 -0.7102482977 0.0001279269786 0.2237897418 0
0.7936785965 0.25946147 0.1696567368 -0.01690377079 0.1908984542 0.4582922799 -0.002203991744 0.04991242501 0.2483164005 -0.9950368924 -0.04972503331 -0.08619166921 0.02540998176 0.7104983628 -0.7032399372 0.09620766916 -0.7019398105 -0.7057085708 0.0001303506928 0.2256434599 0
0.8011303342 0.2618975176 0.1712496202 -0.01721133288 0.192477148 0.4573514641 -0.002245192952 0.05036686624 0.2481914748 -0.9948523137 -0.05106463393 -0.08752872198 0.0261055605 0.7054500804 -0.7082786766 0.0979151353 -0.7069176665 -0.7004855738 0.0001331564555 0.2277619949 0
0.8085820719 0.2643335651 0.1728425037 -0.01752135057 0.1940500463 0.4564031367 -0.002286765002 0.05082091319 0.2480654252 -0.9946627612 -0.05242597846 -0.08886792573 0.02681296144 0.7003695632 -0.7132766224 0.09963461517 -0.711852507 -0.6952258279 0.0001360007062 0.2298805299 0
0.8160338096 0.2667696127 0.1744353871 -0.01783381257 0.195617104 0.4554473324 -0.002328707502 0.05127456234 0.2479382531 -0.9944681535 -0.0538091474 -0.09020901976 0.02753225011 0.6952571961 -0.7182335319 0.1013660041 -0.7167440316 -0.6899296532 0.0001388837568 0.2319990649 0
0.8234855473 0.2692056603 0.1760282706 -0.01814870753 0.1971782764 0.4544840857 -0.002371020055 0.05172781018 0.2478099596 -0.9942684087 -0.05521421817 -0.09155174222 0.02826349088 0.6901133662 -0.7231491664 0.1031091968 -0.7215919428 -0.6845973719 0.0001418059213 0.2341175999 0
0.8300058178 0.2713372019 0.1774220436 -0.01842622741 0.1985394393 0.4536351674 -0.002408346785 0.05212407008 0.2476967839 -0.9940893533 -0.05646167996 -0.09272775346 0.02891318076 0.6855870115 -0.7274163029 0.1046440899 -0.7257978564 -0.6799022621 0.000144395149 0.235971318 0
0.8374575555 0.2737732495 0.1790149271 -0.01874565326 0.2000894566 0.4526580611 -0.002451352111 0.05257655602 0.2475663912 -0.9938797545 -0.05790801461 -0.09407281946 0.02966700127 0.6803852391 -0.7322539146 0.1064091281 -0.7305631993 -0.6745031573 0.0001473915044 0.238089853 0
0.8449092932 0.276209297 0.1806078105 -0.01906747895 0.201633461 0.4516736137 -0.002494726332 0.05302863059 0.2474348807 -0.9936647813 -0.05937645645 -0.09541875481 0.03043295261 0.6751531282 -0.7370495837 0.1081856633 -0.7352840879 -0.6690688846 0.0001504278861 0.240208388 0
0.8523610308 0.2786453446 0.182200694 -0.01939169278 0.2031714087 0.4506818611 -0.00253846904 0.05348029028 0.2473022536 -0.9934443506 -0.06086707088 -0.0967652934 0.0312110947 0.6698910737 -0.741803085 0.1099735872 -0.7399602348 -0.6635997748 0.0001535046149 0.242326923 0
0.8598127685 0.2810813922 0.1837935774 -0.01971828299 0.2047032559 0.4496828393 -0.002582579822 0.05393153162 0.2471685112 -0.9932183788 -0.06237992015 -0.09811216813 0.03200148632 0.6645994725 -0.7465141968 0.1117727912 -0.7445913555 -0.6580961605 0.0001566220134 0.2444454579 0
0.8672645062 0.2835174397 0.1853864608 -0.02004723774 0.2062289594 0.4486765846 -0.002627058262 0.05438235112 0.2470336549 -0.9929867824 -0.06391506336 -0.09945911089 0.03280418507 0.6592787234 -0.751182701 0.1135831656 -0.7491771683 -0.6525583767 0.0001597804057 0.2465639929 0
0.8737847767 0.2856489813 0.1867802339 -0.02033700342 0.2075588762 0.447790207 -0.002666278161 0.05477646941 0.2469147427 -0.9927794554 -0.06527664573 -0.1006375301 0.03351668655 0.6545994726 -0.7552325219 0.1151763199 -0.7531523683 -0.6476850511 0.000162577883 0.248417711 0
0.8812365144 0.2880850289 0.1883731173 -0.02067035943 0.2090729439 0.446770489 -0.002711444825 0.05522648858 0.2467778011 -0.9925370859 -0.06685373836 -0.1019838746 0.03434261234 0.6492251529 -0.7598205616 0.1170073416 -0.7576524787 -0.6420841093 0.0001658140188 0.250536246 0
0.8886882521 0.2905210765 0.1899660008 -0.02100604545 0.2105807446 0.4457436437 -0.00275697793 0.05567607592 0.2466397492 -0.9922888496 -0.0684532772 -0.1033295112 0.03518100432 0.6438228423 -0.7643653869 0.1188492153 -0.7621064864 -0.6364499724 0.0001690920903 0.252654781 0
0.8961399898 0.2929571241 0.1915588842 -0.0213440493 0.2120822356 0.4447097082 -0.002802877048 0.05612522796 0.2465005884 -0.9920346615 -0.07007530901 -0.1046741682 0.03603191551 0.6383929467 -0.7688667938 0.1207018289 -0.7665141203 -0.6307829832 0.0001724124283 0.254773316 0
0.9035917274 0.2953931716 0.1931517677 -0.02168435875 0.213577375 0.44366872 -0.002849141744 0.05657394123 0.24636032 -0.9917744367 -0.07171987736 -0.1060175733 0.03689539777 0.6329358739 -0.773324582 0.1225650696 -0.7708751123 -0.6250834864 0.0001757753653 0.256891851 0
0.9101119979 0.2975247132 0.1945455407 -0.02198401113 0.2148803786 0.4427520996 -0.0028899229 0.05696620271 0.2462366776 -0.9915417211 -0.07317739348 -0.1071918111 0.03766129678 0.6281389631 -0.7771892111 0.1242040338 -0.7746525106 -0.620070033 0.0001787531423 0.2587455691 0
0.9175637356 0.2999607608 0.1961384241 -0.02232861027 0.2163634957 0.4416979895 -0.002936871878 0.057414084 0.246094336 -0.9912699478 -0.07486432407 -0.1085321318 0.03854848533 0.6226320375 -0.7815646872 0.1260868944 -0.7789253359 -0.614310521 0.0001821968546 0.2608641041 0
0.9250154733 0.3023968084 0.1977313076 -0.02267547934 0.2178401414 0.4406369357 -0.00298418517 0.0578615166 0.2459508907 -0.9909918922 -0.0765738985 -0.1098704132 0.03944838731 0.6170991159 -0.7858959892 0.1279800545 -0.783150764 -0.6085195037 0.000185684131 0.2629826391 0
0.932467211 0.3048328559 0.199324191 -0.02302460581 0.2193102744 0.4395689768 -0.003031862332 0.05830849706 0.2458063431 -0.9907074686 -0.0783061478 -0.1112063797 0.04036104988 0.6115406124 -0.7901829313 0.129883399 -0.7873285379 -0.6026973337 0.0001892153106 0.2651011741 0
0.9399189487 0.3072689035 0.2009170745 -0.02337597702 0.2207738538 0.4384941512 -0.003079902912 0.05875502196 0.2456606945 -0.990416591 -0.08006109975 -0.1125397556 0.04128651901 0.6059569426 -0.7944253313 0.1317968119 -0.7914584032 -0.5968443652 0.0001927907339 0.267219709 0
0.9464392192 0.3094004451 0.2023108475 -0.02368525825 0.222049078 0.4375480767 -0.00312223618 0.05914535483 0.24553235 -0.9901567111 -0.08161532534 -0.1137041169 0.04210684509 0.601050915 -0.7981007525 0.133479216 -0.7950325378 -0.5916980333 0.0001959557919 0.2690734272 0
0.9538909568 0.3118364927 0.2039037309 -0.02404080407 0.2235002603 0.4364604813 -0.003170956946 0.05959101627 0.2453846408 -0.9898534999 -0.08341290826 -0.1150318891 0.04305644618 0.5954211835 -0.802259158 0.1354111931 -0.7990718997 -0.585788279 0.0001996150955 0.2711919621 0
0.9613426945 0.3142725403 0.2054966144 -0.02439855791 0.2249447729 0.4353661316 -0.003220039819 0.06003621229 0.2452358348 -0.9895435866 -0.08523325549 -0.1163562738 0.04401897919 0.5897674887 -0.8063725186 0.1373529023 -0.8030626385 -0.5798487551 0.0002033196307 0.2733104971 0
0.9687944322 0.3167085878 0.2070894978 -0.02475850684 0.2263825761 0.4342650673 -0.003269484336 0.06048093945 0.2450859332 -0.9892268845 -0.08707638209 -0.1176769928 0.04499448533 0.5840902518 -0.8104406666 0.1393042255 -0.8070045114 -0.573879823 0.0002070697442 0.2754290321 0
0.9762461699 0.3191446354 0.2086823813 -0.02512063785 0.2278136302 0.4331573282 -0.00331929003 0.06092519434 0.2449349376 -0.988903307 -0.08894229985 -0.1189937672 0.04598300461 0.5783898952 -0.8144634383 0.1412650439 -0.8108972786 -0.567881846 0.0002108657844 0.2775475671 0
0.9836979076 0.321580683 0.2102752647 -0.02548493788 0.229237896 0.4320429541 -0.003369456433 0.06136897356 0.2447828494 -0.9885727673 -0.09083101724 -0.120306318 0.04698457577 0.572666843 -0.8184406738 0.1432352383 -0.8147407031 -0.5618551889 0.000214708101 0.2796661021 0
0.9902181781 0.3237122246 0.2116690377 -0.02580546934 0.2304785292 0.4310624657 -0.003413647557 0.0617568875 0.244648877 -0.9882777653 -0.09250235191 -0.1214511153 0.04787168669 0.567640889 -0.8218832781 0.1449667553 -0.8180630392 -0.5565586256 0.0002181083655 0.2815198202 0
0.9976699158 0.3261482722 0.2132619212 -0.02617380077 0.2318899617 0.4299357598 -0.003464489009 0.06219976565 0.244494744 -0.9879339368 -0.09443382991 -0.1227549927 0.04889783028 0.5618764292 -0.8257747153 0.146954206 -0.8218133182 -0.5504791834 0.0002220383989 0.2836383552 0
1.005121653 0.3285843197 0.2148548046 -0.02654426321 0.2332944943 0.4288025352 -0.0035156898 0.06264215835 0.2443395226 -0.9875828958 -0.09638811344 -0.1240538413 0.04993713026 0.5560904995 -0.8296201778 0.1489506864 -0.8255135904 -0.54437212 0.0002260157234 0.2857568902 0
1.012573391 0.3310203673 0.2164476881 -0.02691684331 0.2346920888 0.4276628329 -0.003567249447 0.0630840622 0.2441832142 -0.987224555 -0.0983651981 -0.1253473805 0.05098962057 0.5502835283 -0.8334195205 0.150956075 -0.8291636306 -0.5382378072 0.0002300406946 0.2878754252 0
1.020025129 0.3334564149 0.2180405715 -0.02729152764 0.2360827072 0.4265166938 -0.003619167464 0.06352547383 0.2440258205 -0.9868588272 -0.1003650762 -0.1266353294 0.05205533388 0.5444559455 -0.8371726021 0.15297025 -0.8327632166 -0.5320766183 0.0002341136701 0.2899939601 0
1.026545399 0.3355879565 0.2194343446 -0.02762109194 0.2372937461 0.4255085744 -0.00366488932 0.06391130256 0.2438872117 -0.9865326871 -0.1021336586 -0.1277574776 0.05299870477 0.5393402412 -0.8404184919 0.1547397641 -0.835871294 -0.5266638257 0.0002377171842 0.2918476783 0
