0.007636610913 0.004262679846 0.002872587561 -2.76694575e-06 0.001947323371 0.509995043 -3.465200913e-07 0.0004851136883 0.2549993845 -0.9999999999 -8.11628498e-08 -1.611374088e-05 4.127704557e-08 0.9999711323 -0.007598331961 1.611389242e-05 -0.007598331961 -0.9999711321 3.376935879e-08 0.003820541456 0
0.01427322183 0.007967169691 0.005369015122 -9.665831192e-06 0.003639590523 0.5099826836 -1.217026928e-06 0.0009083333121 0.2549978383 -0.9999999984 -5.322758814e-07 -5.628877596e-05 2.671476253e-07 0.9998991575 -0.01420122958 5.629065863e-05 -0.01420122957 -0.9998991559 5.797974179e-08 0.007140790113 0
0.02090983274 0.01167165954 0.007865442683 -2.074386336e-05 0.005331752551 0.5099628373 -2.62065397e-06 0.001332176286 0.254995345 -0.9999999927 -1.674658101e-06 -0.0001207956174 8.386536054e-07 0.9997835876 -0.02080331505 0.0001208043141 -0.02080331499 -0.9997835803 4.356533398e-08 0.01046103877 0
0.02837602002 0.01583921061 0.01067392369 -3.820155213e-05 0.007235248321 0.5099315617 -4.836237413e-06 0.001809098291 0.2549914094 -0.9999999753 -4.186162135e-06 -0.0002224381912 2.094762921e-06 0.9996014761 -0.02822922037 0.0002224677164 -0.02822922014 -0.9996014514 1.321490142e-08 0.01419631851 0
0.03501263093 0.01954370046 0.01317035125 -5.815881585e-05 0.008927024689 0.5098958082 -7.370624563e-06 0.00223297468 0.2549869073 -0.9999999426 -7.864102078e-06 -0.000338614819 3.934056763e-06 0.9993933098 -0.0348283267 0.0003386832782 -0.03482832604 -0.9993932524 9.018463907e-08 0.01751656716 0
0.04164924184 0.0232481903 0.01566677881 -8.229354552e-05 0.01061854322 0.5098525707 -1.043633679e-05 0.002656781247 0.2549814615 -0.9999998852 -1.323681721e-05 -0.0004790824832 6.620749511e-06 0.9991415979 -0.04142544163 0.0004792195789 -0.04142544005 -0.9991414831 1.90385552e-07 0.02083681582 0
0.04911542912 0.02741574138 0.01847525982 -0.0001144374465 0.01252113255 0.5097949848 -1.452009527e-05 0.003133486085 0.2549742072 -0.9999997779 -2.170619786e-05 -0.0006661185909 1.085584009e-05 0.9988064025 -0.04884434621 0.0006663837385 -0.0488443426 -0.9988061805 3.28130039e-07 0.02457209556 0
0.05575204003 0.03112023123 0.02097168738 -0.0001474463337 0.014211941 0.5097358492 -1.87142544e-05 0.003557162159 0.2549667568 -0.9999996313 -3.174475578e-05 -0.0008581329887 1.587550732e-05 0.9984622437 -0.05543597807 0.0008585731909 -0.05543597125 -0.9984618751 4.718289961e-07 0.02789234421 0
0.06238865095 0.03482472107 0.02346811494 -0.0001846295923 0.01590233901 0.5096692352 -2.343928518e-05 0.003980785393 0.2549583634 -0.9999994219 -4.447925213e-05 -0.001074363395 2.224318912e-05 0.9980746306 -0.06202444139 0.001075053649 -0.06202442943 -0.9980740526 6.35064675e-07 0.03121259287 0
0.06902526186 0.03852921092 0.0259645425 -0.0002259859335 0.01759227775 0.5095951451 -2.869511443e-05 0.004404358666 0.2549490271 -0.9999991339 -6.022933816e-05 -0.001314778578 3.011872926e-05 0.9976436011 -0.06860936016 0.001315812732 -0.06860934033 -0.9976427352 8.176014896e-07 0.03453284153 0
0.07649144914 0.04269676199 0.02877302351 -0.000277498165 0.01949284914 0.5095028607 -3.524231006e-05 0.004880820482 0.2549373968 -0.999998694 -8.195021056e-05 -0.001614110654 4.097982872e-05 0.9971068495 -0.07601268921 0.001615670045 -0.07601265608 -0.9971055439 1.045879394e-06 0.03826812127 0
0.08312806005 0.04640125184 0.03126945107 -0.0003277173681 0.02118165 0.5094128928 -4.162586861e-05 0.005304290576 0.2549260572 -0.9999981784 -0.0001051677594 -0.001905798846 5.258931555e-05 0.9965837057 -0.08258882907 0.001907973758 -0.08258877885 -0.9965818849 1.269115866e-06 0.04158836992 0
0.08976467097 0.05010574169 0.03376587863 -0.000382104695 0.02286983921 0.5093154576 -4.854002202e-05 0.005727711439 0.2549137751 -0.9999975236 -0.0001323968497 -0.002221551717 6.620472305e-05 0.9960172916 -0.08916025195 0.00222450846 -0.08916017823 -0.9960148162 1.511473717e-06 0.04490861858 0
0.09723085824 0.05427329276 0.03657435964 -0.0004482702959 0.02476826028 0.5091969217 -5.695258702e-05 0.006203999417 0.2548988312 -0.9999965916 -0.0001682200464 -0.002605481576 8.411751917e-05 0.9953284232 -0.09654699856 0.00260955101 -0.09654688866 -0.9953250165 1.807011717e-06 0.04864389832 0
0.1038674692 0.05797778261 0.0390707872 -0.0005115084483 0.02645498799 0.5090836302 -6.499402608e-05 0.006627310802 0.2548845466 -0.9999955619 -0.0002050274251 -0.002972216108 0.0001025225257 0.9946702488 -0.1031071562 0.002977514731 -0.1031070033 -0.9946658134 2.090102952e-06 0.05196414697 0
0.1105040801 0.06168227245 0.04156721476 -0.0005789083557 0.02814095187 0.508962883 -7.356583743e-05 0.007050567611 0.2548693199 -0.9999943151 -0.0002468367502 -0.003362861246 0.0001234287974 0.9939689913 -0.1096614295 0.003369648272 -0.1096612211 -0.9939633102 2.392446472e-06 0.05528439563 0
0.1179702673 0.06584982353 0.04437569577 -0.0006597049357 0.03003668768 0.5088181355 -8.384298703e-05 0.007526663427 0.2548510639 -0.9999926172 -0.000300243978 -0.003830847254 0.000150134645 0.9931286644 -0.1170274897 0.003839661016 -0.1170272008 -0.9931212873 2.75568341e-06 0.05901967537 0
0.1246068783 0.06955431338 0.04687212333 -0.0007359406386 0.031720867 0.5086815589 -9.354157111e-05 0.007949796446 0.2548338356 -0.9999908119 -0.0003537291714 -0.004272110706 0.0001768796783 0.9923360884 -0.1235680233 0.004283079241 -0.1235676436 -0.9923269082 3.099183447e-06 0.06233992402 0
0.1312434892 0.07325880322 0.04936855089 -0.00081633032 0.03340413061 0.5085375404 -0.0001037702655 0.008372867216 0.2548156656 -0.9999886945 -0.0004131997986 -0.00473709691 0.0002066179319 0.9915006576 -0.1301015115 0.004750592619 -0.1301010194 -0.9914893628 3.462185706e-06 0.06566017268 0
0.1387096765 0.0774263543 0.05217703189 -0.0009117305406 0.03529664721 0.5083666305 -0.0001159110779 0.008848744061 0.2547940991 -0.999985897 -0.0004876484453 -0.005288478674 0.0002438462704 0.990509675 -0.1374428034 0.005305313062 -0.1374421546 -0.990495587 3.8939948e-06 0.06939545242 0
0.1453462874 0.08113084414 0.05467345946 -0.001000938 0.03697780386 0.5082068149 -0.0001272659416 0.009271673493 0.2547739287 -0.9999830014 -0.0005608763709 -0.005803648301 0.0002804645352 0.9895834544 -0.1439600922 0.005823938148 -0.1439592728 -0.9895664755 4.298767722e-06 0.07271570108 0
0.1519828983 0.08483533399 0.05716988702 -0.001094290257 0.03865789328 0.5080395739 -0.0001391506093 0.009694532003 0.2547528171 -0.9999796818 -0.0006410649376 -0.006342319282 0.0003205639188 0.9886146482 -0.1504691818 0.006366570262 -0.1504681577 -0.9885943558 4.723365892e-06 0.07603594973 0
0.1594490856 0.08900288507 0.05997836802 -0.001204261842 0.04054665792 0.5078425593 -0.0001531540075 0.01017015945 0.254727942 -0.9999753914 -0.0007399832831 -0.006976318486 0.0003700299256 0.9874739562 -0.1577816497 0.007005688598 -0.1577803484 -0.987449382 5.224880967e-06 0.07977122947 0
0.1660856965 0.09270737491 0.06247479558 -0.001306410879 0.04222431877 0.5076595588 -0.0001661641452 0.01059285761 0.2547048312 -0.999971038 -0.0008359915447 -0.007564667004 0.0004180412441 0.9864149752 -0.1642720975 0.007599230899 -0.1642705022 -0.9863860572 5.692000325e-06 0.08309147813 0
0.1727223074 0.09641186476 0.06497122314 -0.001412694132 0.04390076125 0.5074691518 -0.0001797037348 0.0110154757 0.25468078 -0.9999661321 -0.0009399260228 -0.00817626221 0.0004700168601 0.9853137182 -0.1707532012 0.008216678697 -0.1707512611 -0.9852799059 6.179326382e-06 0.08641172678 0
0.1801884947 0.1005794158 0.06777970415 -0.001537199883 0.04578524261 0.5072460992 -0.0001955684809 0.01149082163 0.2546525984 -0.9999598966 -0.001066708487 -0.008891983591 0.0005334191224 0.9840244054 -0.1780328201 0.008939837986 -0.1780304236 -0.9839843736 6.751887716e-06 0.09014700652 0
0.1868251056 0.1042839057 0.07027613171 -0.001652255945 0.04745893584 0.5070399757 -0.0002102327434 0.01191325963 0.2546265494 -0.9999536658 -0.001188503163 -0.009552680085 0.0005943278695 0.9828336745 -0.1844928592 0.009607966016 -0.1844899883 -0.9827874293 7.282602152e-06 0.09346725518 0
0.1934617165 0.1079883955 0.07277255927 -0.001771434245 0.04913126003 0.5068264673 -0.0002254260595 0.01233560816 0.2545995606 -0.9999467372 -0.001319178659 -0.01023633566 0.0006596787174 0.9816010174 -0.1909424192 0.01029988466 -0.1909390018 -0.9815478643 7.833957103e-06 0.09678750383 0
0.2009279038 0.1121559466 0.07558104028 -0.001910432053 0.05101092839 0.506577452 -0.0002431507533 0.01281063954 0.2545680752 -0.9999380461 -0.001477181092 -0.01103276813 0.0007386969236 0.9801643134 -0.1981851991 0.01110668103 -0.1981810707 -0.9801024971 8.479089383e-06 0.1005227836 0
0.2075645147 0.1158604364 0.07807746784 -0.00203835623 0.05268018366 0.5063482753 -0.0002594678465 0.01323278786 0.2545390902 -0.9999294666 -0.001627732561 -0.0117648791 0.0008139899829 0.9788429678 -0.2046112942 0.01184902164 -0.2046064388 -0.9787726017 9.074807317e-06 0.1038430322 0
0.2142011256 0.1195649263 0.0805738954 -0.002170389276 0.05434791972 0.5061117374 -0.0002763135486 0.01365483719 0.2545091662 -0.9999200276 -0.001788107156 -0.01251962896 0.0008941969204 0.9774800857 -0.2110257864 0.01261502471 -0.2110201051 -0.9774003153 9.691648657e-06 0.1071632809 0
0.2216673129 0.1237324774 0.08338237641 -0.002323832139 0.05622224718 0.5058368438 -0.0002958966267 0.01412952053 0.2544743797 -0.9999083126 -0.001980642177 -0.01339564689 0.0009904895762 0.9758973597 -0.2182277763 0.01350500757 -0.2182210358 -0.9758059204 1.041104925e-05 0.1108985606 0
0.2283039238 0.1274369672 0.08587880397 -0.002464581178 0.05788659583 0.5055846913 -0.0003138651116 0.0145513493 0.2544424613 -0.9998968621 -0.002162880992 -0.01419813743 0.001081634317 0.9744466585 -0.224616428 0.01432114618 -0.2246086188 -0.9743438167 1.107332993e-05 0.1142188093 0
0.2349405347 0.1311414571 0.08837523153 -0.002609424331 0.05954927569 0.5053252041 -0.0003323617142 0.01497306948 0.2544096049 -0.9998843743 -0.002355871633 -0.01502291448 0.001178158045 0.9729548495 -0.2309923653 0.01516080586 -0.230983356 -0.9728395753 1.175726372e-05 0.1175390579 0
0.2415771456 0.1348459469 0.09087165909 -0.002758356583 0.06121023899 0.5050583913 -0.0003513862675 0.01539467797 0.2543758106 -0.9998707889 -0.002559908196 -0.01586985854 0.001280208084 0.9714220779 -0.2373552351 0.01602393857 -0.2373448829 -0.9712932821 1.24630297e-05 0.1208593066 0
0.2490433329 0.139013498 0.0936801401 -0.002930786696 0.06307671155 0.5047494819 -0.0003734197419 0.01586885018 0.2543366715 -0.9998541163 -0.002803016831 -0.01684901419 0.001401802492 0.969648933 -0.2444974065 0.01702295898 -0.2444853573 -0.9695035477 1.328334153e-05 0.1245945863 0
0.2556799438 0.1427179878 0.09617656766 -0.003088390995 0.06473386899 0.5044671331 -0.0003935656142 0.01629021109 0.2543008854 -0.9998379911 -0.003031495263 -0.01774265167 0.001516081565 0.9680296168 -0.2508313428 0.01793580633 -0.2508176052 -0.9678681913 1.40361162e-05 0.127914835 0
0.2623165547 0.1464224777 0.09867299522 -0.003250067818 0.06638916114 0.5041774883 -0.0004142388846 0.01671145066 0.2542641625 -0.9998205695 -0.003271928376 -0.01865806199 0.001636342287 0.9663698178 -0.2571511182 0.01887196801 -0.2571355084 -0.9661910676 1.481131171e-05 0.1312350836 0
0.269782742 0.1505900288 0.1014814762 -0.003436815211 0.06824907611 0.5038429294 -0.0004381264869 0.01718519629 0.2542217299 -0.9997993374 -0.003557062936 -0.01971375856 0.00177896483 0.9644543557 -0.2642435071 0.0199529511 -0.2642255533 -0.9642544979 1.571045262e-05 0.1349703634 0
0.2764193529 0.1542945186 0.1039779038 -0.003607127397 0.06990024703 0.5035378144 -0.0004599198528 0.01760616774 0.2541830175 -0.999778937 -0.003823851705 -0.02067499152 0.001912413691 0.9627090721 -0.2705320409 0.02093847631 -0.2705117755 -0.96248894 1.653395344e-05 0.138290612 0
0.2830559638 0.1579990084 0.1064743313 -0.00378149416 0.0715494046 0.5032254355 -0.0004822400179 0.01802700818 0.2541433693 -0.999757026 -0.004103487331 -0.02165757205 0.002052291415 0.9609238234 -0.2768053354 0.02194714413 -0.2767825266 -0.9606819223 1.738050645e-05 0.1416108607 0
0.2905221511 0.1621665595 0.1092828124 -0.003982495737 0.07340224149 0.5028653402 -0.0005079796422 0.0185002932 0.254097647 -0.9997304808 -0.004433784208 -0.02278831452 0.002217514243 0.9588678642 -0.2838441504 0.02310948619 -0.2838181823 -0.9585995989 1.836069573e-05 0.1453461404 0
0.297158762 0.1658710494 0.1117792399 -0.004165458273 0.07504696401 0.502537562 -0.0005314185807 0.01892084495 0.2540560116 -0.9997051192 -0.004741652711 -0.02381578139 0.002371521295 0.9569982708 -0.2900839284 0.02416713886 -0.2900548678 -0.9567048255 1.925693959e-05 0.1486663891 0
0.3037953729 0.1695755392 0.1142756675 -0.004352456072 0.07668952589 0.5022025546 -0.000555383673 0.01934125599 0.2540134415 -0.9996780172 -0.00506324242 -0.02486414 0.002532395685 0.9550892675 -0.2963074047 0.02524774948 -0.2962749646 -0.9547689231 2.017690798e-05 0.1519866377 0
0.3112615602 0.1737430903 0.1170841485 -0.004567643941 0.07853476688 0.5018170445 -0.0005829730505 0.01981404638 0.2539644336 -0.9996453518 -0.005441775328 -0.02606832592 0.002721760239 0.9528947625 -0.303288911 0.02649080135 -0.3032523019 -0.952542009 2.124050913e-05 0.1557219175 0
0.3178981711 0.1774475801 0.119580576 -0.004763195032 0.08017258156 0.5014667138 -0.0006080554955 0.02023414815 0.2539198789 -0.9996142954 -0.005793435944 -0.02716057023 0.002897685939 0.9509026333 -0.3094766315 0.02761999079 -0.3094359677 -0.9505190782 2.221163934e-05 0.1590421661 0
0.324534782 0.18115207 0.1220770036 -0.004962760719 0.08180808911 0.5011091909 -0.0006336634026 0.02065409955 0.2538743909 -0.999581254 -0.006159673059 -0.02827322045 0.003080908118 0.9488716858 -0.3156470051 0.02877194071 -0.3156019364 -0.9484553723 2.320720579e-05 0.1623624148 0
0.3320009693 0.1853196211 0.1248854846 -0.005192062216 0.08364521922 0.5006983962 -0.0006631001015 0.02112636125 0.2538221017 -0.9995416086 -0.006589448729 -0.02954914196 0.003295923012 0.9465407156 -0.3225675289 0.03009500817 -0.3225170584 -0.9460851111 2.435672076e-05 0.1660976945 0
0.3386375802 0.1890241109 0.1273819122 -0.005400135839 0.0852756692 0.5003256313 -0.0006898238422 0.0215459828 0.2537746317 -0.9995040774 -0.006987553007 -0.03070461417 0.003495098011 0.9444279382 -0.3286999451 0.03129510374 -0.328644251 -0.9439351528 2.540500192e-05 0.1694179432 0
0.3452741911 0.1927286007 0.1298783397 -0.005612202041 0.08690366642 0.4999457138 -0.0007170723069 0.02196544428 0.2537262297 -0.9994643021 -0.007401068822 -0.03187997711 0.003701988702 0.9422769704 -0.3348139877 0.03251774961 -0.3347526478 -0.941744796 2.647846881e-05 0.1727381918 0
0.3527403784 0.1968961518 0.1326868207 -0.005855539766 0.08873217373 0.4995097731 -0.0007483537327 0.02243714327 0.2536706639 -0.9994167655 -0.007885022775 -0.03322582306 0.003944127652 0.9398117418 -0.3416699194 0.03392009374 -0.3416016926 -0.9392325116 2.771653221e-05 0.1764734716 0
0.3593769893 0.2006006417 0.1351832483 -0.006076065692 0.09035480491 0.4991146998 -0.0007767164137 0.02285625435 0.2536202828 -0.9993719343 -0.00833215771 -0.03444288251 0.004167850964 0.9375803158 -0.3477438432 0.03519042521 -0.34766899 -0.9369567265 2.884434517e-05 0.1797937202 0
0.3660136002 0.2043051315 0.1376796759 -0.006300560841 0.09197483865 0.4987125157 -0.0008056030346 0.0232751957 0.2535689711 -0.9993245855 -0.008795517787 -0.03567928877 0.004399698678 0.9353113624 -0.3537983861 0.03648308419 -0.3537164036 -0.934640942 2.999812943e-05 0.1831139689 0
0.3734797875 0.2084726826 0.1404881569 -0.006557852683 0.09379421445 0.4982515762 -0.0008387264302 0.02374629798 0.2535101336 -0.9992681962 -0.009336510201 -0.03709314704 0.004670398478 0.9327142064 -0.3605861846 0.0379639218 -0.360495546 -0.9319880374 3.132750287e-05 0.1868492486 0
0.3801163984 0.2121771724 0.1429845844 -0.006790756509 0.09540857568 0.4978343279 -0.0008687255518 0.02416486837 0.2534568458 -0.9992151956 -0.009835194582 -0.03837006402 0.004919935692 0.9303662406 -0.3665984896 0.03930377969 -0.3664995597 -0.9295876966 3.253733963e-05 0.1901694973 0
0.3867530093 0.2158816623 0.145481012 -0.007027604872 0.09702019575 0.4974100129 -0.000899247783 0.02458325938 0.253402629 -0.9991593901 -0.01035089513 -0.03966575584 0.00517799495 0.927981445 -0.3725904268 0.04066572985 -0.3724826126 -0.9271477777 3.377396779e-05 0.1934897459 0
0.3933896203 0.2195861521 0.1479774396 -0.007268389592 0.09862902887 0.496978646 -0.0009302928482 0.0250014679 0.2533474835 -0.9991006848 -0.01088386002 -0.04098003366 0.005444701069 0.9255600499 -0.3785616849 0.04204969439 -0.3784443627 -0.9246684203 3.503765681e-05 0.1968099946 0
0.4008558075 0.2237537032 0.1507859206 -0.007543967221 0.100435578 0.4964849474 -0.0009658431475 0.02547173052 0.2532843354 -0.9990310555 -0.01150438765 -0.04248057361 0.005755235018 0.9227925238 -0.3852542477 0.04363286994 -0.3851254434 -0.9218321786 3.649199292e-05 0.2005452743 0
0.4074924184 0.227458193 0.1532823481 -0.007793088928 0.1020383374 0.4960386447 -0.000997998299 0.02588954103 0.2532272183 -0.9989658673 -0.01207485199 -0.04383370707 0.006040724619 0.9202941352 -0.3911805394 0.04506335065 -0.3910407942 -0.9192694881 3.781409607e-05 0.203865523 0
0.4141290294 0.2311626829 0.1557787757 -0.008046120565 0.1036381674 0.4955853373 -0.001030675393 0.02630715941 0.253169174 -0.9988974743 -0.01266334017 -0.04520481865 0.006335243276 0.9177598888 -0.3970851938 0.04651559423 -0.3969337807 -0.9166678096 3.916412331e-05 0.2071857717 0
0.4215952166 0.235330234 0.1585872567 -0.008335443868 0.1054344184 0.4950670133 -0.001068060642 0.0267767466 0.2531027668 -0.9988165764 -0.01334722947 -0.04676855939 0.006677518331 0.9148663047 -0.4037016909 0.04817527821 -0.4035362387 -0.913694504 4.071663427e-05 0.2109210514 0
0.4282318275 0.2390347238 0.1610836842 -0.008596754945 0.1070278734 0.4945988732 -0.00110184588 0.02719394648 0.2530427544 -0.9987410383 -0.0139748046 -0.04817720671 0.006991619663 0.9122566758 -0.4095593666 0.04967349056 -0.4093805837 -0.911010473 4.21269432e-05 0.2142413001 0
0.4348684385 0.2427392137 0.1635801118 -0.008861948221 0.1086182578 0.4941237782 -0.001136152124 0.02761094462 0.2529818166 -0.9986619774 -0.01462113793 -0.04960319797 0.007315119924 0.9096119633 -0.4153944695 0.05119320212 -0.4152015156 -0.9082879265 4.356607036e-05 0.2175615487 0
0.4423346257 0.2469067647 0.1663885928 -0.009164919699 0.110403714 0.4935810034 -0.001175369027 0.02807982254 0.2529121562 -0.9985686929 -0.01537097052 -0.05122790999 0.00769043635 0.9065950429 -0.4219316122 0.05292846763 -0.4217216635 -0.9051792175 4.521989939e-05 0.2212968284 0
0.4489712366 0.2506112546 0.1688850204 -0.009438332105 0.1119874243 0.4930911838 -0.001210781375 0.02849638174 0.2528492539 -0.9984817978 -0.01605792373 -0.052690062 0.008034291747 0.9038766268 -0.4277177735 0.05449357489 -0.4274917387 -0.9023753452 4.672123983e-05 0.2246170771 0
0.4556078476 0.2543157444 0.1713814479 -0.00971559768 0.113567924 0.4925944612 -0.001246713745 0.02891272958 0.2527854279 -0.9983910493 -0.01676434333 -0.05416889821 0.008387903111 0.9011239329 -0.4334804502 0.05607990569 -0.433237365 -0.8995334512 4.825232202e-05 0.2279373258 0
0.4630740348 0.2584832955 0.1741899289 -0.01003211529 0.1153420929 0.4920274185 -0.001287758847 0.02938086445 0.2527125205 -0.9982842164 -0.01758260876 -0.05585226227 0.008797516049 0.8979865088 -0.4399350335 0.05788978358 -0.4396715613 -0.896291075 5.001071568e-05 0.2316726055 0
0.4697106458 0.2621877854 0.1766863565 -0.01031753694 0.116915622 0.4915160842 -0.001324795183 0.02979675296 0.2526467338 -0.9981849184 -0.01833112445 -0.05736583089 0.009172227198 0.8951618563 -0.4456468572 0.05952091166 -0.4453641443 -0.8933689272 5.160600366e-05 0.2349928542 0
0.4763472567 0.2658922752 0.1791827841 -0.01060678146 0.1184858016 0.4909979013 -0.001362350514 0.03021242052 0.2525800254 -0.9980814246 -0.0190997875 -0.05889539928 0.009557038016 0.8923037623 -0.4513343094 0.06117297576 -0.4510312561 -0.8904092728 5.323198485e-05 0.2383131028 0
0.4838134439 0.2700598263 0.1819912651 -0.01093673863 0.1202481949 0.4904067815 -0.001405220198 0.03067977861 0.2525038773 -0.997959839 -0.01998887968 -0.06063500934 0.01000215573 0.8890487748 -0.4577032149 0.06305645526 -0.4573759074 -0.8870350403 5.509828793e-05 0.2420483825 0
0.4904500549 0.2737643161 0.1844876926 -0.01123407346 0.1218111101 0.4898741048 -0.001443877259 0.03109496649 0.2524352122 -0.9978470554 -0.02080105616 -0.06219783021 0.01040878213 0.8861205311 -0.4633379561 0.06475269319 -0.4629878188 -0.8839962491 5.679052529e-05 0.2453686312 0
0.4970866658 0.277468806 0.1869841202 -0.01153519956 0.1233705381 0.4893346359 -0.001483052241 0.03150992384 0.2523656272 -0.9977297218 -0.02163403278 -0.0637759426 0.01082583808 0.883159712 -0.4689474643 0.06646956792 -0.4685732512 -0.8809204872 5.851443386e-05 0.2486888799 0
0.504552853 0.281636357 0.1897926012 -0.01187848527 0.1251206718 0.488719638 -0.00152774273 0.03197647152 0.2522862453 -0.9975921388 -0.02259624652 -0.06556930882 0.01130762024 0.8797902054 -0.4752276635 0.06842559712 -0.4748248141 -0.8774162829 6.049208448e-05 0.2524241596 0
0.511189464 0.2853408469 0.1922890288 -0.01218763324 0.1266725443 0.488165798 -0.00156801711 0.03239092887 0.2522147078 -0.997464751 -0.02347409299 -0.06717914407 0.01174717771 0.8767611074 -0.4807826582 0.07018599757 -0.4803529198 -0.8742625454 6.228435454e-05 0.2557444083 0
0.5178260749 0.2890453367 0.1947854563 -0.01250053965 0.1282207933 0.4876052247 -0.001608808291 0.03280514616 0.2521422524 -0.9973324481 -0.02437336326 -0.06880353963 0.01219748032 0.8737003285 -0.4863115848 0.07196672409 -0.4858535532 -0.8710723939 6.410929903e-05 0.2590646569 0
0.5252922622 0.2932128878 0.1975939373 -0.01285703844 0.1299581881 0.4869665554 -0.001655315647 0.03327084985 0.2520596438 -0.9971775839 -0.02541089095 -0.07064809152 0.01271703642 0.8702194475 -0.4925001424 0.07399421057 -0.4920085364 -0.8674401748 6.620182387e-05 0.2627999367 0
0.5319288731 0.2969173777 0.2000903649 -0.01317789559 0.1314985933 0.4863917383 -0.001697203798 0.03368454686 0.2519852402 -0.9970344395 -0.02635632459 -0.07230263252 0.01319049565 0.86709232 -0.4979728099 0.07581779039 -0.4974497489 -0.8641732523 6.809728735e-05 0.2661201853 0
0.538565484 0.3006218675 0.2025867925 -0.0135024771 0.1330352399 0.485810249 -0.001739607584 0.03409799428 0.2519099208 -0.9968860042 -0.02732377563 -0.07397098063 0.0136750009 0.8639344338 -0.5034186017 0.07766137418 -0.5028625115 -0.8608704929 7.002645234e-05 0.269440434 0
0.5460316713 0.3047894186 0.2053952735 -0.01387206915 0.1347594213 0.4851481231 -0.00178792771 0.0345628205 0.2518240928 -0.9967125378 -0.02843870401 -0.07586407026 0.01423338861 0.8603454198 -0.5095126782 0.07975918562 -0.5089174773 -0.8571122876 7.223746219e-05 0.2731757137 0
0.5526682822 0.3084939084 0.207891701 -0.01420452766 0.1362879388 0.4845525222 -0.001831425941 0.03497572744 0.2517468297 -0.9965524517 -0.02945354716 -0.07756094059 0.01474167381 0.8571231727 -0.5149005242 0.08164492635 -0.5142687579 -0.8537340046 7.423935317e-05 0.2764959624 0
0.5593048931 0.3121983983 0.2103881286 -0.0145406752 0.1378125642 0.4839503123 -0.001875438596 0.03538837528 0.2516686531 -0.996386689 -0.03049097038 -0.07927084374 0.01526129074 0.8538711153 -0.5202607149 0.0835503378 -0.5195906266 -0.8503204818 7.627599548e-05 0.279816211 0
0.565941504 0.3159028881 0.2128845561 -0.01488050022 0.1393332549 0.4833415142 -0.001919965277 0.03580076099 0.2515895636 -0.9962151242 -0.03155114705 -0.08099352763 0.01579232755 0.8505895564 -0.5255930069 0.08547531098 -0.524882779 -0.8468719145 7.834772965e-05 0.2831364597 0
0.5734076913 0.3200704392 0.2156930371 -0.01526718454 0.1410392764 0.4826487674 -0.001970671714 0.03626437781 0.2514994976 -0.9960150208 -0.03277125496 -0.08294650753 0.016403502 0.8468629271 -0.5315581886 0.08766415108 -0.5308005535 -0.8429506326 8.072080311e-05 0.2868717394 0
0.5800443022 0.323774929 0.2181894647 -0.01561478524 0.142551466 0.4820260391 -0.002016289361 0.03667619642 0.2514184707 -0.9958307054 -0.03388034341 -0.08469550435 0.01695909143 0.8435197149 -0.5368304013 0.08963032603 -0.5360285561 -0.8394282529 8.286824802e-05 0.2901919881 0
0.5866809131 0.3274794189 0.2206858923 -0.01596602649 0.1440595894 0.4813967887 -0.002062419763 0.03708774343 0.2513365331 -0.9956401897 -0.03501270589 -0.08645648131 0.01752636581 0.8401479829 -0.5420739741 0.091615715 -0.5412259023 -0.8358714515 8.505186276e-05 0.2935122367 0
0.5941471004 0.33164697 0.2234943733 -0.01636550946 0.1457513158 0.4806811131 -0.00211492885 0.03755040541 0.2512432658 -0.995418287 -0.03631463213 -0.08845157631 0.01817861801 0.8363210918 -0.5479384722 0.09387210292 -0.5470359028 -0.8318291587 8.755209854e-05 0.2972475165 0
0.6007837113 0.3353514598 0.2259908008 -0.01672444666 0.1472506599 0.4800380755 -0.00216214747 0.03796136524 0.2511593957 -0.9952141651 -0.03749697796 -0.0902371447 0.01877099127 0.8328898179 -0.5531204219 0.09589794329 -0.5521671195 -0.8281998893 8.981373632e-05 0.3005677651 0
0.6074203222 0.3390559497 0.2284872284 -0.01708698629 0.1487458077 0.479388584 -0.002209877529 0.03837204402 0.2510746173 -0.9950034358 -0.03870308561 -0.09203387384 0.01937529848 0.8294310296 -0.5582730201 0.09794263922 -0.5572667569 -0.8245368403 9.211264201e-05 0.3038880138 0
0.6148865095 0.3432235007 0.2312957094 -0.01749913391 0.1504227815 0.4786502196 -0.002264184641 0.03883371796 0.250978157 -0.9947583031 -0.04008854495 -0.09406820341 0.02006950372 0.825507411 -0.5640343335 0.1002653148 -0.5629657387 -0.8203757942 9.47439004e-05 0.3076232935 0
0.6215231204 0.3469279906 0.233792137 -0.01786928723 0.1519088751 0.4779870882 -0.002313000074 0.03924378951 0.2508914512 -0.994533094 -0.04134563702 -0.09588776369 0.02069942152 0.8219912415 -0.5691238291 0.1023496892 -0.5679973039 -0.8166416619 9.712318305e-05 0.3109435422 0
0.6281597313 0.3506324804 0.2362885645 -0.01824300367 0.1533906438 0.4773175735 -0.002362325587 0.03965357061 0.2508038395 -0.9943008624 -0.04262694515 -0.09771764759 0.02134150581 0.8184485855 -0.5741832922 0.1044525501 -0.5729963843 -0.8128744112 9.954085078e-05 0.3142637908 0
0.6356259186 0.3548000315 0.2390970455 -0.01866767776 0.1550524131 0.4765567678 -0.002418425939 0.04011422341 0.2507041947 -0.9940310402 -0.04409753444 -0.09978826884 0.02207848157 0.8144318532 -0.5798390269 0.1068402162 -0.5785811645 -0.8085969356 0.0001023070591 0.3179990706 0
0.6422625295 0.3585045213 0.2415934731 -0.01904892313 0.1565248561 0.475873765 -0.002468833887 0.0405233773 0.2506146609 -0.9937834382 -0.04543075604 -0.101639187 0.02274665284 0.8108340234 -0.5848339732 0.1089819605 -0.583510268 -0.804760026 0.0001048074973 0.3213193192 0
0.6488991404 0.3622090112 0.2440899007 -0.01943369116 0.1579928473 0.4751844512 -0.002519750508 0.04093223134 0.2505242237 -0.9935283909 -0.04678861369 -0.1034995749 0.02342720634 0.8072107564 -0.5897982373 0.1111418121 -0.5884059996 -0.8008906775 0.0001073474558 0.3246395679 0
0.6563653277 0.3663765623 0.2468983817 -0.01987074944 0.1596389658 0.4744014593 -0.002577639159 0.04139183 0.2504214033 -0.9932323929 -0.04834580942 -0.1056034863 0.02420771107 0.8031045991 -0.5953461091 0.1135931351 -0.5938734592 -0.7964991614 0.0001102526053 0.3283748476 0
0.6630019386 0.3700810521 0.2493948092 -0.02026295917 0.1610973633 0.4736988137 -0.002629635181 0.04180003692 0.2503290493 -0.9929610693 -0.04975643612 -0.1074830773 0.0249147919 0.7994284097 -0.6002445092 0.1157910532 -0.5986973482 -0.7925616173 0.0001128777652 0.3316950963 0
0.6696385495 0.373785542 0.2518912368 -0.02065864994 0.1625511836 0.4729899318 -0.002682138426 0.04220793464 0.2502357947 -0.9926818705 -0.05119208399 -0.1093712687 0.0256344536 0.7957278525 -0.6051116091 0.1180066891 -0.6034869967 -0.788592332 0.0001155435981 0.3350153449 0
0.6771047368 0.377953093 0.2546997178 -0.02110794611 0.1641812109 0.4721850157 -0.002741810277 0.04266644625 0.2501298077 -0.9923581857 -0.05283723996 -0.1115054138 0.02645918559 0.7915360297 -0.6105494453 0.1205203001 -0.6088340822 -0.7840892281 0.0001185917405 0.3387506247 0
0.6837413477 0.3816575829 0.2571961454 -0.02151098893 0.1656251732 0.4714629626 -0.002795389794 0.04307367699 0.2500346419 -0.9920617903 -0.05432643764 -0.113410945 0.02720577828 0.787784843 -0.6153494022 0.1227731645 -0.6135500627 -0.7800532486 0.0001213452416 0.3420708733 0
0.6903779586 0.3853620727 0.2596925729 -0.02191747003 0.1670644347 0.4707347498 -0.002849475039 0.04348058919 0.2499385781 -0.9917570835 -0.05584100608 -0.1153241927 0.02796513305 0.7840103766 -0.6201174733 0.1250433474 -0.6182309532 -0.7759862433 0.0001241405845 0.345391122 0
0.6978441459 0.3895296238 0.2625010539 -0.02237885377 0.1686779363 0.4699081786 -0.002910924836 0.04393798097 0.249829434 -0.9914041783 -0.05757535126 -0.117485464 0.02883472935 0.7797367139 -0.6254432151 0.1276178425 -0.6234546783 -0.7713740665 0.0001273358295 0.3491264017 0
0.7044807568 0.3932341136 0.2649974815 -0.02279259489 0.1701070789 0.4691669595 -0.002966083128 0.0443442064 0.2497314648 -0.9910813414 -0.05914417419 -0.1194141587 0.02962138147 0.7759139495 -0.6301429336 0.1299243949 -0.6280601163 -0.7672419057 0.0001302213415 0.3524466504 0
0.7111173677 0.3969386035 0.267493909 -0.02320973042 0.171531399 0.4684196592 -0.00302174561 0.04475010401 0.2496326002 -0.9907497512 -0.06073868141 -0.1213496724 0.03042095919 0.7720690112 -0.6348102135 0.1322478569 -0.6326296345 -0.7630794519 0.00013314988 0.355766899 0
0.718583555 0.4011061546 0.2703023901 -0.0236830475 0.1731279467 0.4675717095 -0.003084967941 0.04520634326 0.2495203087 -0.9903660717 -0.06256331795 -0.1235349154 0.03133599465 0.7677173961 -0.6400219177 0.1348817983 -0.6377270819 -0.7583607779 0.000136496392 0.3595021788 0
0.7252201659 0.4048106444 0.2727988176 -0.02410734864 0.1745418909 0.466811572 -0.003141700152 0.04561153437 0.2494195447 -0.9900154065 -0.06421270711 -0.125483956 0.03216319817 0.7638265271 -0.6446197059 0.1372407507 -0.6422194055 -0.7541347437 0.000139517633 0.3628224274 0
0.7318567768 0.4085151343 0.2752952452 -0.02453499922 0.1759508926 0.466045434 -0.00319893497 0.04601638839 0.2493178883 -0.9896555406 -0.06588805749 -0.127438906 0.03300347288 0.7599146064 -0.649184536 0.1396161941 -0.6466749994 -0.7498791659 0.0001425831001 0.3661426761 0
0.7384933877 0.4122196241 0.2777916727 -0.02496598463 0.1773549137 0.4652733216 -0.003256671876 0.04642090236 0.2492153403 -0.9892863301 -0.06758944987 -0.129399472 0.0338568615 0.7559819962 -0.6537162491 0.1420079928 -0.651093609 -0.745594288 0.0001456931801 0.3694629247 0
0.745959575 0.4163871752 0.2806001537 -0.02545481103 0.178928437 0.4643975868 -0.003322225401 0.04687557042 0.2490989094 -0.9888596184 -0.06953474035 -0.1316114549 0.03483264977 0.7515335323 -0.6587746476 0.1447181456 -0.6560200223 -0.7407390827 0.0001492458301 0.3731982045 0
0.7525961859 0.420091665 0.2830965813 -0.0258928339 0.180321749 0.4636128668 -0.003381027514 0.04727935197 0.24899447 -0.9884700698 -0.07129172288 -0.1335829755 0.03571403888 0.7475581666 -0.6632354748 0.1471442439 -0.6603592037 -0.7363927577 0.0001524520039 0.3765184531 0
0.7592327968 0.4237961549 0.2855930089 -0.0263341452 0.1817099628 0.4628222555 -0.003440330074 0.04768278424 0.2488891421 -0.9880707234 -0.07307497531 -0.135559188 0.03660866343 0.7435632528 -0.6676627104 0.1495862669 -0.664660618 -0.7320179039 0.000155704009 0.3798387018 0
0.7666989841 0.4279637059 0.2884014899 -0.02683453235 0.1832655631 0.4619258096 -0.003507642979 0.04813622439 0.2487695872 -0.9876095658 -0.07511261579 -0.1377876647 0.03763098002 0.7390460672 -0.6726030181 0.1523524038 -0.6694542595 -0.7270624042 0.0001594177864 0.3835739815 0
0.773335595 0.4316681958 0.2908979174 -0.02728278139 0.1846428199 0.4611227693 -0.00356800721 0.04853890469 0.2486623743 -0.9871889145 -0.07695190273 -0.1397728578 0.03855384368 0.7350108377 -0.6769583957 0.1548278019 -0.6736746048 -0.7226277594 0.0001627684886 0.3868942302 0
0.779972206 0.4353726856 0.293394345 -0.02773427142 0.1860148628 0.4603139228 -0.003628870202 0.04894122652 0.2485542757 -0.9867580086 -0.07881764981 -0.1417618092 0.03949004582 0.7309572148 -0.6812797417 0.1573186853 -0.6778564215 -0.7181653731 0.0001661662538 0.3902144788 0
0.7874383932 0.4395402367 0.296202826 -0.0282460525 0.1875521333 0.4593970646 -0.003697936561 0.04939340646 0.2484316075 -0.9862607991 -0.08094830909 -0.1440034976 0.04055925297 0.7263753664 -0.6861004111 0.1601392615 -0.682514614 -0.7131123464 0.0001700454891 0.3939497586 0
0.7940750041 0.4432447266 0.2986992536 -0.02870437833 0.1889129755 0.4585759717 -0.003759857595 0.04979495683 0.2483216304 -0.9858076142 -0.08287045465 -0.1459994364 0.04152389343 0.7222838941 -0.6903490006 0.162662577 -0.6866137663 -0.7085918586 0.0001735445828 0.3972700072 0
0.8007116151 0.4469492164 0.3011956811 -0.02916589666 0.1902684899 0.4577491595 -0.003822275661 0.05019613958 0.2482107708 -0.9853437149 -0.08481921261 -0.1479981915 0.04250195675 0.7181751948 -0.6945631528 0.1652009297 -0.69067365 -0.7040444319 0.0001770919844 0.4005902559 0
0.8081778023 0.4511167675 0.3040041621 -0.0296889012 0.1917870308 0.4568121944 -0.003893089394 0.05064702714 0.2480850001 -0.9848088371 -0.08704342588 -0.15024978 0.04361835114 0.7135327839 -0.6992627588 0.1680743699 -0.6951937919 -0.6988967004 0.0001811410533 0.4043255356 0
0.8148144132 0.4548212573 0.3065005897 -0.03015715121 0.1931311048 0.4559733223 -0.00395656178 0.05104741902 0.2479722686 -0.9843216789 -0.0890488652 -0.1522535127 0.04462501217 0.7093887251 -0.7034033303 0.1706441936 -0.6991694618 -0.6942928941 0.0001847924418 0.4076457843 0
0.8214510242 0.4585257472 0.3089970172 -0.0306285442 0.1944697395 0.4551288196 -0.004020529425 0.05144743417 0.2478586577 -0.9838233439 -0.09108103083 -0.1542591124 0.04564516167 0.7052286159 -0.7075090943 0.173228598 -0.7031051451 -0.6896629668 0.0001884933953 0.4109660329 0
0.8289172114 0.4626932983 0.3118054983 -0.03116259816 0.1959691577 0.4541720594 -0.004093084297 0.05189699729 0.2477297957 -0.9832491728 -0.09339919856 -0.1565172639 0.04680897386 0.7005297794 -0.7120863347 0.1761532973 -0.7074847121 -0.6844234055 0.0001927167176 0.4147013127 0
0.8355538224 0.4663977881 0.3143019258 -0.03164061656 0.1972961165 0.4533156872 -0.004158102447 0.05229620224 0.2476143198 -0.9827265947 -0.09548824669 -0.1585258175 0.04785784033 0.6963368214 -0.7161177685 0.178768194 -0.7113346793 -0.679738852 0.0001965243424 0.4180215613 0
0.8421904333 0.4701022779 0.3167983534 -0.03212172743 0.1986175261 0.4524537748 -0.00422361404 0.05269502138 0.2474979678 -0.9821923759 -0.09760409645 -0.1605352828 0.04892024191 0.6921289988 -0.7201140597 0.1813972067 -0.7151439641 -0.6750290098 0.0002003828013 0.42134181 0
0.8496566205 0.474269829 0.3196068344 -0.03266665325 0.2000974358 0.4514775377 -0.004297903665 0.05314322815 0.2473660259 -0.9815772804 -0.1000164834 -0.1627966392 0.05013163587 0.6873779053 -0.724567757 0.1843715319 -0.7193805102 -0.6697005449 0.000204784839 0.4250770897 0
0.8562932315 0.4779743189 0.3221032619 -0.03315428117 0.2014069386 0.45060395 -0.004364461858 0.05354121783 0.2472478158 -0.9810178312 -0.1021893346 -0.1648070229 0.05122283333 0.683139762 -0.7284890438 0.187030041 -0.7231026245 -0.6649378604 0.0002087526786 0.4283973384 0
0.8629298424 0.4816788087 0.3245996895 -0.03364495007 0.2027107845 0.4497249143 -0.004431511633 0.05393881267 0.2471287329 -0.9804462763 -0.1043890238 -0.1668173584 0.05232759347 0.6788879476 -0.7323748887 0.1897021938 -0.7267833834 -0.6601507338 0.000212772633 0.431717587 0
0.8703960296 0.4858463598 0.3274081705 -0.03420056675 0.2041708071 0.4487295244 -0.004507529472 0.0543856313 0.2469937228 -0.9797886214 -0.1068957584 -0.1690785446 0.05358666619 0.6740887924 -0.7367039902 0.1927244837 -0.7308745425 -0.6547363412 0.0002173578887 0.4354528668 0
0.8770326406 0.4895508496 0.3299045981 -0.03469764226 0.2054625195 0.4478390113 -0.004575621847 0.05478237751 0.246872789 -0.9791908472 -0.1091524852 -0.1710877543 0.05472026051 0.6698092001 -0.7405142325 0.1954251207 -0.7344667252 -0.6498981857 0.0002214899574 0.4387731154 0
0.8836692515 0.4932553395 0.3324010256 -0.03519770632 0.2067484694 0.4469431442 -0.004644203903 0.05517871987 0.2467509858 -0.9785805019 -0.1114360477 -0.1730959521 0.05586742598 0.6655171364 -0.7442887691 0.1981389211 -0.7380169025 -0.6450364482 0.000225675433 0.4420933641 0
0.8903058624 0.4969598293 0.3348974532 -0.03570074195 0.2080286236 0.4460419536 -0.00471327502 0.0555746555 0.2466283144 -0.9779574364 -0.1137464368 -0.175102829 0.05702816124 0.6612129861 -0.7480275234 0.2008657298 -0.7415248715 -0.6401514067 0.0002299147311 0.4454136127 0
0.8977720497 0.5011273804 0.3377059342 -0.03627018771 0.209461828 0.4450217888 -0.004791563833 0.05601959336 0.2464892726 -0.9772410979 -0.1163776743 -0.1773586017 0.05835020433 0.6563568498 -0.75219076 0.2039487443 -0.7454206347 -0.6346282274 0.0002347487952 0.4491488925 0
0.9044086606 0.5048318702 0.3402023618 -0.0367794811 0.2107295563 0.4441093873 -0.004861672133 0.05641465519 0.2463647599 -0.9765905079 -0.1187450215 -0.1793616451 0.0595397619 0.6520282958 -0.7558532386 0.2067026768 -0.7488382478 -0.6296945942 0.0002391038516 0.4524691411 0
0.9110452715 0.5085363601 0.3426987893 -0.03729169238 0.2119913861 0.4431917584 -0.004932267535 0.05680930134 0.2462393824 -0.9759267329 -0.1211391412 -0.1813624011 0.06074287235 0.6476888609 -0.7594797186 0.2094691278 -0.7522130336 -0.6247385345 0.0002435140368 0.4557893898 0
0.9185114588 0.5127039112 0.3455072703 -0.03787139623 0.2134038536 0.4421532162 -0.005012268809 0.05725277785 0.2460973006 -0.9751640407 -0.1238644953 -0.183610132 0.06211255963 0.6427944718 -0.7635164026 0.2125961517 -0.7559582355 -0.6191365136 0.0002485419143 0.4595246695 0
0.9251480697 0.516408401 0.3480036979 -0.03838975024 0.2146530415 0.4412245826 -0.005083897185 0.05764653123 0.2459700894 -0.9744717542 -0.1263154165 -0.1856049995 0.06334443599 0.6384331986 -0.7670661858 0.2153886782 -0.7592413756 -0.6141337402 0.0002530706445 0.4628449182 0
0.9317846806 0.5201128909 0.3505001255 -0.03891096756 0.2158962302 0.4402908193 -0.005156010661 0.05803986003 0.245842017 -0.9737658188 -0.1287930167 -0.1875966123 0.06458982905 0.6340622531 -0.7705797903 0.2181932265 -0.7624810935 -0.6091094302 0.0002576558201 0.4661651669 0
0.9392508679 0.5242804419 0.3533086065 -0.0395007376 0.2172876072 0.4392342435 -0.005237717357 0.05848184388 0.2456969077 -0.9729551425 -0.1316121592 -0.1898329009 0.06600703335 0.6291338601 -0.7744892883 0.2213625133 -0.7660736425 -0.6034316963 0.0002628821397 0.4699004466 0
0.9458874788 0.5279849318 0.355805034 -0.0400279807 0.2185179427 0.4382896851 -0.005310859506 0.05887426101 0.2455670093 -0.9722197118 -0.1341463209 -0.1918165699 0.06728109498 0.6247436465 -0.7779258515 0.2241920743 -0.769220476 -0.5983625766 0.000267588669 0.4732206952 0
0.9525240897 0.5316894216 0.3583014616 -0.04055803163 0.2197421806 0.4373400963 -0.00538448471 0.05926624469 0.2454362533 -0.9714701703 -0.1367070291 -0.1937960173 0.06856861786 0.6203449707 -0.7813260919 0.2270331535 -0.7723233167 -0.5932728224 0.0002723529704 0.4765409439 0
0.959990277 0.5358569727 0.3611099426 -0.04115767283 0.2211121213 0.4362658363 -0.005467889639 0.05970670471 0.2452881294 -0.9706098858 -0.1396194939 -0.1960174648 0.07003314429 0.6153868278 -0.7851078976 0.2302429332 -0.7757612062 -0.5875225465 0.0002777823965 0.4802762236 0
0.9666268879 0.5395614626 0.3636063701 -0.04169363075 0.2223232993 0.4353056652 -0.005542539126 0.06009775793 0.2451555552 -0.9698298698 -0.1422364401 -0.1979869154 0.07134919748 0.6109714559 -0.788430829 0.2331079483 -0.7787699758 -0.5823899117 0.0002826708815 0.4835964723 0
0.9732634988 0.5432659524 0.3661027977 -0.04223234016 0.2235282837 0.4343405648 -0.00561766958 0.06048836889 0.2450221272 -0.9690352835 -0.1448797611 -0.1999511793 0.07267863725 0.606548832 -0.7917173297 0.2359839718 -0.7817342063 -0.5772375557 0.0002876184753 0.486916721 0
