0.01022287978 0.006644871857 0 -5.773983803e-06 0.002606802049 0.5099911169 -7.265906103e-07 0.0006499044732 0.2549988945 -0.9999999994 -2.273758265e-07 -3.36253609e-05 1.146568281e-07 0.9999482688 -0.01017151587 3.362593417e-05 -0.01017151587 -0.9999482682 5.13849623e-08 0
0.02028420317 0.01318473206 0 -2.27318864e-05 0.005172219533 0.5099650279 -2.878254879e-06 0.001292212691 0.2549956205 -0.9999999912 -1.780150205e-06 -0.0001323727812 8.916053425e-07 0.9997963462 -0.02018083312 0.0001323817479 -0.02018083306 -0.9997963375 5.036971362e-08 0
0.03034552657 0.01972459227 0 -5.087368469e-05 0.007737264626 0.5099217328 -6.458871617e-06 0.001934894141 0.2549901718 -0.9999999561 -5.961753186e-06 -0.0002962167889 2.982941215e-06 0.9995442604 -0.03018727364 0.0002962617602 -0.0301872732 -0.9995442165 3.669016431e-08 0
0.04040684997 0.02626445248 0 -9.01969473e-05 0.01030175266 0.5098612355 -1.146575731e-05 0.002577440934 0.2549825528 -0.999999862 -1.40749104e-05 -0.0005251011859 7.039969685e-06 0.9991920792 -0.04018941161 0.0005252426081 -0.04018940976 -0.9991919413 1.851721678e-07 0
0.05046817336 0.03280431269 0 -0.0001406982768 0.01286549902 0.5097835411 -1.78976836e-05 0.00321983181 0.2549727651 -0.9999996643 -2.742089348e-05 -0.0008189474649 1.37132163e-05 0.9987398976 -0.05018582242 0.0008192916473 -0.0501858168 -0.9987395619 3.873093565e-07 0
0.06052949676 0.03934417289 0 -0.0002023733103 0.01542831917 0.5096886564 -2.575408758e-05 0.003862087354 0.2549608099 -0.9999993054 -4.729903881e-05 -0.001177654836 2.365216882e-05 0.9981878374 -0.06017508314 0.001178366957 -0.0601750692 -0.998187143 6.394164231e-07 0
0.07059082015 0.0458840331 0 -0.0002752167194 0.01799002865 0.5095765897 -3.503461818e-05 0.004504220302 0.2549466875 -0.9999987154 -7.500626682e-05 -0.00160110026 3.75050195e-05 0.9975360475 -0.07015577293 0.001602417347 -0.07015574286 -0.9975347633 9.402731252e-07 0
0.08065214355 0.05242389331 0 -0.0003592222113 0.02055044311 0.5094473504 -4.573898473e-05 0.005146234634 0.2549303984 -0.9999978115 -0.0001118366022 -0.002089138491 5.59184078e-05 0.9967847035 -0.08012647345 0.002091382364 -0.08012641491 -0.9967825158 1.289530915e-06 0
0.09071346694 0.05896375351 0 -0.0004543825291 0.02310937833 0.50930095 -5.786690362e-05 0.005788128612 0.254911943 -0.9999964983 -0.0001590806952 -0.002641602125 7.953716366e-05 0.9959340078 -0.09008576925 0.002645192298 -0.0900856639 -0.9959305077 1.687236653e-06 0
0.1007747903 0.06550361372 0 -0.0005606894527 0.02566665023 0.5091374008 -7.14180773e-05 0.006429896988 0.2548913219 -0.999994668 -0.0002180253437 -0.003258301656 0.0001090040513 0.9949841895 -0.1000322482 0.003263768198 -0.10003207 -0.9949788605 2.133648614e-06 0
0.1108361137 0.07204347393 0 -0.0006781337995 0.02822207489 0.5089567172 -8.639218523e-05 0.00707153235 0.2548685354 -0.9999922 -0.0002899530171 -0.00393902554 0.0001449595141 0.9939355046 -0.109964502 0.003947021877 -0.1099642153 -0.9939277098 2.629156896e-06 0
0.1200589935 0.07803834578 0 -0.0007955663877 0.03056276781 0.5087760517 -0.0001013681625 0.007659573765 0.2548457461 -0.9999892642 -0.0003683832531 -0.004619067005 0.0001841635543 0.9928875991 -0.1190553721 0.004630072354 -0.1190549446 -0.9928768718 3.126914709e-06 0
0.1301203169 0.08457820599 0 -0.0009343282881 0.0331141385 0.5085625719 -0.000119068564 0.00830092886 0.2548188111 -0.9999851919 -0.0004687618132 -0.005421832842 0.0002343359693 0.9916502316 -0.1289564397 0.005437011648 -0.1289558006 -0.9916354372 3.717941558e-06 0
0.1401816403 0.0911180662 0 -0.001084195341 0.03566312658 0.5083320072 -0.0001381908021 0.008942123072 0.2547897124 -0.9999800595 -0.0005858347726 -0.006287880854 0.0002928492823 0.9903148948 -0.1388391994 0.006308318898 -0.1388382723 -0.9902949759 4.359676271e-06 0
0.1502429637 0.09765792641 0 -0.001245154606 0.03820954894 0.5080843775 -0.0001587344407 0.009583145739 0.2547584507 -0.9999736979 -0.0007208630909 -0.007216913938 0.0003603324033 0.9888819483 -0.1487022615 0.007243869887 -0.1487009508 -0.9888556788 5.052794391e-06 0
0.1603042871 0.1041977866 0 -0.001417192182 0.04075322269 0.5078197043 -0.0001806990119 0.0102239859 0.2547250268 -0.9999659259 -0.0008751010823 -0.008208613374 0.000437410679 0.9873517773 -0.1585442418 0.008243531241 -0.1585424301 -0.9873177513 5.798025032e-06 0
0.1703656105 0.1107376468 0 -0.001600293217 0.04329396521 0.5075380104 -0.0002040840161 0.01086463238 0.2546894414 -0.9999565498 -0.001049795949 -0.009262638935 0.0005247056434 0.9857247933 -0.1683637623 0.009307160446 -0.168361307 -0.9856814126 6.59614788e-06 0
0.1804269339 0.117277507 0 -0.001794441901 0.04583159417 0.5072393202 -0.0002288889218 0.01150507387 0.2546516954 -0.999945364 -0.001246187321 -0.010378629 0.0006228347697 0.9840014339 -0.1781594517 0.01043460587 -0.1781561819 -0.9839468958 7.44799095e-06 0
0.1904882573 0.1238173672 0 -0.001999621476 0.04836592753 0.5069236593 -0.0002551131655 0.0121452989 0.2546117896 -0.999932151 -0.001465506793 -0.01155620067 0.0007324112239 0.9821821619 -0.1879299453 0.01162570677 -0.1879256583 -0.9821144485 8.354428766e-06 0
0.2005495807 0.1303572274 0 -0.002215814229 0.05089678358 0.506591055 -0.0002827561517 0.01278529597 0.2545697249 -0.9999166809 -0.001708977467 -0.01279494992 0.0008540436196 0.9802674662 -0.1976738861 0.01288029335 -0.1976683435 -0.9801843317 9.316380807e-06 0
0.2106109041 0.1368970876 0 -0.002443001501 0.05342398092 0.5062415362 -0.0003118172528 0.01342505349 0.2545255022 -0.9998987122 -0.001977813501 -0.01409445169 0.0009883357743 0.9782578609 -0.2073899245 0.01419818676 -0.2073828485 -0.9781568206 1.033481011e-05 0
0.2206722275 0.1434369479 0 -0.002681163687 0.05594733852 0.5058751328 -0.000342295809 0.01406455981 0.2544791226 -0.9998779917 -0.002273219655 -0.01545426009 0.001135886468 0.9761538853 -0.2170767192 0.0155791991 -0.2170677884 -0.9760322043 1.141072194e-05 0
0.2307335509 0.1499768081 0 -0.002930280234 0.05846667572 0.5054918766 -0.0003741911285 0.01470380327 0.2544305872 -0.9998542544 -0.002596390844 -0.01687390849 0.001297289202 0.9739561038 -0.2267329374 0.0170231335 -0.2267217824 -0.9738107857 1.254516261e-05 0
0.2407948743 0.1565166683 0 -0.00319032965 0.06098181222 0.5050918005 -0.0004075024873 0.01534277217 0.2543798971 -0.9998272236 -0.00294851169 -0.01835290972 0.001473131963 0.9716651058 -0.236357255 0.0185297841 -0.2363434543 -0.9714928814 1.373921819e-05 0
0.250017754 0.1625115401 0 -0.003438293359 0.06328351019 0.5047103179 -0.0004392812058 0.01592824245 0.2543315392 -0.9997993063 -0.003297723386 -0.01976036752 0.001647503697 0.9694836602 -0.2451503994 0.01996579164 -0.2451337546 -0.9692836579 1.48870991e-05 0
0.2600790774 0.1690514003 0 -0.003719233932 0.06579009295 0.5042781016 -0.0004753044996 0.01656665234 0.2542767223 -0.9997651482 -0.003708602734 -0.02135169235 0.001852645489 0.9670157344 -0.2547099077 0.02159204032 -0.2546896458 -0.9667817583 1.619859237e-05 0
0.2701404008 0.1755912605 0 -0.004011039321 0.06829195156 0.5038291703 -0.000512741538 0.01720475345 0.2542197543 -0.9997268247 -0.004151824 -0.02300083323 0.002073908554 0.9644564513 -0.2642337082 0.02328035384 -0.2642092277 -0.9641843751 1.757308475e-05 0
0.2802017242 0.1821311207 0 -0.004313684361 0.07078890741 0.5033635625 -0.0005515914715 0.01784253402 0.2541606363 -0.999684015 -0.004628527289 -0.02470722413 0.002311857017 0.9618064956 -0.2737205151 0.02503049153 -0.2736911431 -0.9614918786 1.901180705e-05 0
0.2902630476 0.188670981 0 -0.004627142959 0.07328078238 0.5028813185 -0.0005918534185 0.01847998231 0.2540993697 -0.9996363871 -0.00513984028 -0.02647027933 0.002567048344 0.959066576 -0.2831690538 0.02684220387 -0.2831340403 -0.9587046528 2.051602428e-05 0
0.300324371 0.1952108412 0 -0.004951388092 0.07576739881 0.5023824799 -0.0006335264652 0.01911708656 0.2540359559 -0.9995835981 -0.00568687781 -0.02828939361 0.002840033115 0.9562374249 -0.2925780604 0.02871523258 -0.2925365732 -0.9558230949 2.208703452e-05 0
0.3103856944 0.2017507014 0 -0.005286391812 0.07824857955 0.5018670895 -0.0006766096659 0.019753835 0.2539703963 -0.9995252945 -0.006270741452 -0.0301639425 0.003131354804 0.9533197979 -0.3019462826 0.03064931064 -0.3018974011 -0.9528476158 2.372616785e-05 0
0.3204470178 0.2082905616 0 -0.005632125249 0.08072414798 0.5013351919 -0.0007211020431 0.02039021589 0.2539026926 -0.999461112 -0.006892519103 -0.03209328243 0.003441549559 0.9503144737 -0.31127248 0.03264416231 -0.3112151896 -0.9497786397 2.543478524e-05 0
0.3305083412 0.2148304218 0 -0.005988558612 0.08319392803 0.5007868329 -0.0007670025871 0.02102621747 0.2538328461 -0.9993906758 -0.007553284575 -0.03407675098 0.003771145977 0.947222254 -0.3205554242 0.03469950322 -0.3204886104 -0.946616604 2.721427755e-05 0
0.3405696646 0.221370282 0 -0.006355661195 0.08565774414 0.5002220597 -0.0008143102562 0.02166182799 0.2537608585 -0.9993136009 -0.008254097196 -0.03611366713 0.004120664895 0.944043963 -0.3297938994 0.03681504033 -0.3297163414 -0.9433619597 2.906606444e-05 0
0.350630988 0.2279101422 0 -0.006733401378 0.08811542137 0.499640921 -0.0008630239768 0.02229703571 0.2536867314 -0.9992294919 -0.008996001404 -0.03820333141 0.004490619175 0.9407804472 -0.3389867025 0.03899047207 -0.3388970671 -0.9400151706 3.09915934e-05 0
0.3606923114 0.2344500024 0 -0.007121746631 0.09056678534 0.4990434667 -0.0009131426437 0.02293182889 0.2536104666 -0.9991379434 -0.009780026363 -0.04034502624 0.004881513493 0.9374325752 -0.3481326439 0.04122548828 -0.3480294786 -0.936576714 3.299233873e-05 0
0.3707536348 0.2409898626 0 -0.007520663517 0.09301166228 0.4984297484 -0.0009646651193 0.0235661958 0.2535320657 -0.9990385402 -0.01060718557 -0.04253801606 0.00529384413 0.9340012373 -0.3572305472 0.04351977034 -0.357112274 -0.9330470799 3.506980054e-05 0
0.3808149582 0.2475297228 0 -0.007930117696 0.09544987905 0.4977998189 -0.001017590234 0.02420012472 0.2534515306 -0.9989308572 -0.01147847646 -0.04478154768 0.005728098773 0.9304873453 -0.3662792501 0.04587299117 -0.3661441585 -0.9294267717 3.722550387e-05 0
0.390037838 0.2535245947 0 -0.008314677331 0.09767891296 0.4972081887 -0.001067336078 0.02478083146 0.2533758334 -0.9988245033 -0.01231676639 -0.04688186004 0.006145834321 0.9271945525 -0.3745296924 0.04808159997 -0.3743775621 -0.9260289416 3.927162078e-05 0
0.4000991614 0.2600644549 0 -0.008744228723 0.1001038828 0.4965473404 -0.001122946202 0.02541388816 0.2532912128 -0.998699728 -0.01327537077 -0.04922009476 0.006623440847 0.9235250572 -0.3834808976 0.05054684192 -0.3833082745 -0.9222362948 4.158163634e-05 0
0.4101604848 0.2666043151 0 -0.009184212122 0.1025216911 0.4958704429 -0.001179955373 0.02604647272 0.2532044635 -0.9985653792 -0.01428092086 -0.05160657587 0.007124342813 0.9197757867 -0.3923795943 0.05307002085 -0.3921843413 -0.918354515 4.397447498e-05 0
0.4202218082 0.2731441753 0 -0.009634589687 0.1049321674 0.4951775543 -0.001238362298 0.02667857347 0.2531155874 -0.9984209953 -0.01533434769 -0.05404048343 0.007648992321 0.9159477338 -0.4012246776 0.05565077704 -0.4010044972 -0.9143841557 4.645175052e-05 0
0.4302831315 0.2796840355 0 -0.01009532269 0.1073351418 0.4944687343 -0.001298165652 0.02731017871 0.2530245865 -0.9982661058 -0.01643656441 -0.05652098114 0.008197831913 0.9120419112 -0.410015058 0.05828874257 -0.4097674847 -0.9103257829 4.901509736e-05 0
0.4403444549 0.2862238957 0 -0.01056637151 0.1097304451 0.4937440438 -0.001359364077 0.0279412768 0.252931463 -0.9981002315 -0.01758846598 -0.05904721659 0.008771294387 0.9080593512 -0.4187496615 0.06098354136 -0.4184720546 -0.9061799751 5.166616967e-05 0
0.4504057783 0.2927637559 0 -0.01104769568 0.112117909 0.4930035451 -0.001421956184 0.02857185608 0.2528362189 -0.9979228845 -0.01879092881 -0.06161832159 0.009369802615 0.9040011053 -0.4274274305 0.06373478925 -0.4271169659 -0.9019473234 5.440664064e-05 0
0.4604671017 0.2993036161 0 -0.01153925383 0.1144973659 0.4922473018 -0.001485940553 0.0292019049 0.2527388565 -0.9977335688 -0.02004481047 -0.06423341243 0.009993769366 0.8998682438 -0.4360473235 0.06654209399 -0.4357009861 -0.8976284312 5.723820173e-05 0
0.4705284251 0.3058434763 0 -0.01204100373 0.1168686487 0.4914753789 -0.001551315733 0.02983141164 0.2526393779 -0.99753178 -0.02135094928 -0.06689159018 0.01064359712 0.8956618556 -0.4446083155 0.06940505538 -0.4442228915 -0.8932239142 6.016256192e-05 0
0.4805897485 0.3123833365 0 -0.01255290228 0.1192315915 0.4906878426 -0.001618080238 0.03046036468 0.2525377854 -0.9973170059 -0.02271016407 -0.06959194102 0.01131967793 0.8913830476 -0.4531093988 0.07232326526 -0.4526814673 -0.8887344004 6.318144708e-05 0
0.4906510719 0.3189231967 0 -0.01307490555 0.1215860289 0.4898847607 -0.001686232555 0.03108875241 0.2524340813 -0.9970887263 -0.02412325381 -0.07233353651 0.01202239318 0.8870329447 -0.4615495824 0.07529630761 -0.4610755074 -0.8841605298 6.629659926e-05 0
0.5007123953 0.325463057 0 -0.01360696871 0.1239317964 0.489066202 -0.001755771136 0.03171656325 0.252328268 -0.9968464137 -0.02559099732 -0.07511543393 0.01275211353 0.8826126891 -0.469927893 0.07832375858 -0.4694038153 -0.8795029545 6.950977606e-05 0
0.5107737187 0.3320029172 0 -0.01414904611 0.1262687303 0.4882322367 -0.001826694403 0.03234378563 0.252220348 -0.9965895329 -0.02711415297 -0.07793667658 0.01350919864 0.87812344 -0.4782433749 0.08140518657 -0.4776652037 -0.8747623385 7.282275002e-05 0
0.5208350421 0.3385427774 0 -0.01470109125 0.1285966679 0.4873829365 -0.001899000746 0.03297040797 0.2521103236 -0.9963175419 -0.02869345838 -0.08079629414 0.01429399709 0.8735663733 -0.4864950905 0.08454015228 -0.4858584947 -0.8699393576 7.623730804e-05 0
0.5300579219 0.3445376492 0 -0.01521584858 0.1307225692 0.4865910022 -0.001966495154 0.03354427482 0.2520076215 -0.9960544739 -0.03019109341 -0.08345048162 0.01503802938 0.8693305042 -0.4940023604 0.08746052068 -0.493308192 -0.8654465235 7.945809601e-05 0
0.5401192453 0.3510775094 0 -0.01578686548 0.1330328117 0.4857125146 -0.002041447781 0.03416971485 0.2518935708 -0.9957519807 -0.03188000395 -0.08638089049 0.01587687821 0.8646467996 -0.5021293028 0.09069684466 -0.5013677067 -0.8604676084 8.307240133e-05 0
0.5501805687 0.3576173696 0 -0.01636770969 0.1353335879 0.4848189082 -0.00211777861 0.03479452121 0.2517774233 -0.9954327568 -0.03362709446 -0.0893467692 0.01674439225 0.8598987985 -0.5101898487 0.09398538172 -0.5093557449 -0.8554083663 8.679357932e-05 0
0.5602418921 0.3641572298 0 -0.01695833144 0.1376247384 0.4839102593 -0.002195485909 0.03541868241 0.2516591816 -0.995096234 -0.03543301859 -0.09234709717 0.01764087515 0.8550877382 -0.5181831332 0.09732566304 -0.517271168 -0.8502695185 9.062346794e-05 0
0.5703032155 0.3706970901 0 -0.01755868012 0.1399061047 0.482986646 -0.002274567915 0.03604218695 0.2515388483 -0.9947418378 -0.0372984079 -0.09538084176 0.01856661875 0.8502148707 -0.5261083105 0.1007172124 -0.5251128473 -0.8450517976 9.45639169e-05 0
0.5803645389 0.3772369503 0 -0.01816870433 0.1421775294 0.4820481472 -0.002355022832 0.03666502336 0.2514164262 -0.994368988 -0.0392238716 -0.09844695873 0.01952190294 0.8452814622 -0.533964554 0.1041595463 -0.5328796651 -0.8397559475 9.861678734e-05 0
0.5904258623 0.3837768105 0 -0.01878835185 0.1444388558 0.4810948433 -0.002436848835 0.0372871802 0.2512919181 -0.9939770986 -0.04120999629 -0.1015443925 0.02050699553 0.840288793 -0.5417510568 0.1076521741 -0.540570514 -0.8343827232 0.0001027839513 0
0.6004871857 0.3903166707 0 -0.01941756964 0.1466899283 0.4801268159 -0.002520044066 0.03790864603 0.2511653269 -0.9935655783 -0.04325734577 -0.1046720766 0.02152215212 0.8352381563 -0.5494670319 0.1111945977 -0.5481842977 -0.8289328907 0.0001070672914 0
0.6105485091 0.3968565309 0 -0.02005630388 0.1489305924 0.4791441479 -0.002604606638 0.03852940942 0.2510366554 -0.9931338305 -0.04536646077 -0.1078289339 0.022567616 0.8301308589 -0.5571117121 0.1147863121 -0.5557199306 -0.8234072269 0.0001114687003 0
0.6206098324 0.4033963911 0 -0.02070449994 0.1511606943 0.4781469232 -0.002690534629 0.03914945897 0.2509059065 -0.9926812535 -0.04753785874 -0.111013877 0.023643618 0.8249682198 -0.5646843504 0.1184268054 -0.5631763385 -0.8178065196 0.0001159900805 0
0.6306711558 0.4099362513 0 -0.0213621024 0.1533800815 0.4771352271 -0.002777826092 0.0397687833 0.2507730833 -0.9922072411 -0.04977203367 -0.1142258089 0.0247503764 0.8197515702 -0.5721842204 0.1221155585 -0.5705524584 -0.8121315673 0.000120633344 0
0.6407324792 0.4164761115 0 -0.02202905508 0.1555886022 0.476109146 -0.002866479043 0.04038737105 0.2506381887 -0.9917111823 -0.05206945581 -0.1174636229 0.02588809684 0.814482253 -0.5796106159 0.1258520456 -0.5778472388 -0.8063831789 0.0001254004117 0
0.6507938026 0.4230159717 0 -0.02270530098 0.1577861061 0.4750687677 -0.002956491471 0.04100521086 0.2505012259 -0.991192462 -0.05443057157 -0.1207262031 0.02705697216 0.8091616223 -0.5869628516 0.1296357339 -0.5850596396 -0.8005621741 0.0001302932134 0
0.6600166824 0.4290108436 0 -0.0233333076 0.1597906787 0.4741026037 -0.003040195382 0.0415708973 0.2503738624 -0.9906965322 -0.05665124187 -0.1237376979 0.02815596387 0.8042404657 -0.5936366861 0.1331451192 -0.5915977604 -0.7951631701 0.0001348903907 0
0.6700780058 0.4355507038 0 -0.02402720346 0.1619666496 0.4730350716 -0.003132807737 0.04218727192 0.2502329441 -0.9901326435 -0.05913559675 -0.1270445965 0.02938504477 0.7988253083 -0.6008449433 0.1370177632 -0.5986494032 -0.7892053121 0.0001400296072 0
0.6801393292 0.442090564 0 -0.02473022199 0.1641311704 0.4719535046 -0.003226773523 0.04280286562 0.2500899669 -0.9895442769 -0.06168480903 -0.1303729585 0.03064576926 0.7933628471 -0.6079771621 0.1409360166 -0.6056157009 -0.7831772865 0.0001453002336 0
0.6902006526 0.4486304242 0 -0.0254423032 0.1662840947 0.4708579951 -0.003322090608 0.04341766711 0.2499449338 -0.988930803 -0.0642992298 -0.133721636 0.03193827928 0.7878544759 -0.6150327399 0.1448993209 -0.6124956603 -0.7770799527 0.0001507042311 0
0.700261976 0.4551702844 0 -0.02616338639 0.1684252772 0.4697486363 -0.003418756828 0.04403166516 0.2497978483 -0.988291589 -0.06697918541 -0.137089474 0.03326270358 0.7823015975 -0.6220110956 0.148907111 -0.6192883006 -0.7709141801 0.0001562435684 0
0.7103232994 0.4617101446 0 -0.0268934101 0.1705545738 0.4686255229 -0.003516769989 0.04464484853 0.2496487137 -0.9876259994 -0.06972497733 -0.1404753106 0.03461915763 0.7767056234 -0.6289116698 0.1529588156 -0.6259926534 -0.7646808476 0.0001619202217 0
0.7203846228 0.4682500048 0 -0.02763231212 0.1726718413 0.4674887506 -0.003616127866 0.045257206 0.2494975333 -0.9869333961 -0.07253688201 -0.1438779773 0.03600774355 0.771067973 -0.635733925 0.157053857 -0.6326077629 -0.7583808438 0.0001677361737 0
0.7304459462 0.474789865 0 -0.02838002954 0.1747769379 0.4663384161 -0.003716828203 0.04586872638 0.2493443107 -0.9862131388 -0.07541515076 -0.1472962997 0.03742855002 0.7653900735 -0.6424773452 0.1611916515 -0.6391326861 -0.752015067 0.0001736934141 0
0.7405072696 0.4813297252 0 -0.02913649871 0.1768697229 0.4651746174 -0.003818868715 0.04647939851 0.2491890493 -0.9854645849 -0.07836000961 -0.1507290976 0.03888165224 0.7596733589 -0.6491414367 0.1653716091 -0.6455664928 -0.7455844246 0.0001797939392 0
0.750568593 0.4878695854 0 -0.02990165525 0.1789500566 0.4639974535 -0.003922247086 0.04708921123 0.2490317527 -0.98468709 -0.08137165922 -0.1541751857 0.04036711188 0.7539192703 -0.6557257278 0.169593134 -0.6519082657 -0.7390898335 0.0001860397515 0
0.7606299164 0.4944094456 0 -0.0306754341 0.1810178007 0.4628070245 -0.004026960968 0.04769815342 0.2488724243 -0.9838800082 -0.08445027473 -0.1576333736 0.04188497701 0.7481292547 -0.662229769 0.1738556243 -0.6581571008 -0.7325322195 0.0001924328598 0
0.7706912398 0.5009493058 0 -0.03145776947 0.1830728179 0.4616034316 -0.004133007984 0.04830621397 0.248711068 -0.9830426924 -0.08759600573 -0.1611024667 0.04343528205 0.7423047649 -0.668653133 0.1781584723 -0.6643121072 -0.7259125175 0.0001989752788 0
0.7807525632 0.5074891661 0 -0.03224859488 0.1851149723 0.4603867771 -0.004240385728 0.0489133818 0.2485476872 -0.9821744941 -0.09080897615 -0.1645812659 0.04501804775 0.736447259 -0.6749954149 0.1825010647 -0.6703724074 -0.7192316712 0.0002056690293 0
0.7908138866 0.5140290263 0 -0.03304784317 0.1871441292 0.4591571644 -0.004349091762 0.04951964585 0.2483822858 -0.9812747642 -0.09408928413 -0.1680685688 0.04663328111 0.7305581997 -0.6812562322 0.1868827823 -0.6763371374 -0.7124906331 0.0002125161374 0
0.8000367663 0.5200238981 0 -0.03378782875 0.1889926575 0.458018725 -0.004449903718 0.05007458452 0.248228896 -0.9804217573 -0.09715544956 -0.1712717037 0.04814242812 0.7251334295 -0.6869234427 0.1909331937 -0.6817201244 -0.7062592919 0.000218929109 0
0.8100980897 0.5265637583 0 -0.03460303065 0.1909965301 0.4567645682 -0.004561148716 0.05067908549 0.2480596323 -0.9794597756 -0.1005650014 -0.1747719326 0.04981986054 0.7191879968 -0.6930271328 0.1953881506 -0.6874993133 -0.6994055796 0.0002260758368 0
0.8201594131 0.5331036185 0 -0.03542645563 0.192987019 0.4554977606 -0.004673714723 0.05128265055 0.2478883591 -0.9784643669 -0.1040420294 -0.1782771406 0.0515297024 0.7132152998 -0.6990483717 0.1998803955 -0.6931804904 -0.6924945019 0.0002333818636 0
0.8302207365 0.5396434787 0 -0.0362580339 0.1949639945 0.4542184094 -0.004787599182 0.05188526873 0.2477150802 -0.9774348812 -0.1075865305 -0.1817861148 0.05327190667 0.7072168153 -0.7049868652 0.204409288 -0.6987628458 -0.6855270442 0.0002408492366 0
0.8402820599 0.5461833389 0 -0.03709769498 0.1969273279 0.4529266231 -0.004902799508 0.05248692909 0.2475397996 -0.9763706691 -0.1111984753 -0.1852976405 0.05504641248 0.7011940224 -0.7108423422 0.2089741825 -0.7042455836 -0.6785041997 0.0002484800083 0
0.8503433833 0.5527231992 0 -0.03794536777 0.1988768919 0.4516225111 -0.005019313086 0.0530876207 0.2473625213 -0.9752710821 -0.1148778086 -0.1888105017 0.05685314511 0.6951484022 -0.7166145539 0.2135744281 -0.7096279223 -0.6714269697 0.0002562762357 0
0.8604047067 0.5592630594 0 -0.03880098052 0.2008125605 0.4503061838 -0.00513713727 0.05368733267 0.2471832493 -0.9741354724 -0.118624449 -0.1923234815 0.05869201598 0.689081437 -0.7223032746 0.218209369 -0.7149090945 -0.664296363 0.000264239981 0
0.8704660301 0.5658029196 0 -0.03966446083 0.2027342091 0.4489777526 -0.005256269387 0.05428605413 0.2470019878 -0.9729631935 -0.1224382893 -0.1958353629 0.06056292264 0.6829946101 -0.7279083012 0.2228783445 -0.7200883473 -0.6571133964 0.0002723733109 0
0.8805273535 0.5723427798 0 -0.0405357357 0.2046417141 0.4476373297 -0.00537670673 0.05488377422 0.2468187408 -0.9717536006 -0.1263191961 -0.1993449283 0.06246574879 0.6768894054 -0.7334294534 0.2275806889 -0.7251649423 -0.6498790937 0.0002806782966 0
0.8905886769 0.57888264 0 -0.04141473149 0.2065349537 0.4462850285 -0.005498446567 0.05548048214 0.2466335125 -0.9705060503 -0.1302670099 -0.202850961 0.06440036429 0.6707673064 -0.7388665737 0.232315732 -0.7301381559 -0.6425944864 0.000289157014 0
0.9006500003 0.5854225002 0 -0.04230137395 0.2084138071 0.4449209632 -0.005621486132 0.05607616707 0.2464463071 -0.9692199016 -0.1342815452 -0.2063522447 0.06636662515 0.6646297964 -0.7442195273 0.2370827985 -0.7350072791 -0.635260613 0.0002978115433 0
0.9107113237 0.5919623604 0 -0.04319558823 0.2102781551 0.4435452489 -0.005745822633 0.05667081826 0.2462571289 -0.9678945155 -0.1383625908 -0.2098475644 0.0683643736 0.6584783575 -0.7494882022 0.241881209 -0.7397716176 -0.6278785189 0.000306643969 0
0.9207726471 0.5985022206 0 -0.04409729888 0.2121278795 0.4421580017 -0.005871453247 0.05726442496 0.2460659822 -0.9665292556 -0.1425099092 -0.2133357068 0.07039343804 0.6523144701 -0.7546725091 0.2467102793 -0.7444304923 -0.6204492567 0.00031565638 0
0.9308339705 0.6050420808 0 -0.04500642988 0.213962864 0.4407593387 -0.005998375122 0.05785697646 0.2458728713 -0.9651234883 -0.1467232371 -0.2168154605 0.07245363314 0.6461396129 -0.7597723815 0.251569321 -0.748983239 -0.6129738855 0.000324850869 0
0.9400568503 0.6110369527 0 -0.04584625308 0.2156318859 0.4394673029 -0.00611585205 0.05839921256 0.2456941312 -0.9637987452 -0.1506431955 -0.2199968329 0.07436932296 0.6404709511 -0.7643730533 0.2560491801 -0.7530628051 -0.6060818665 0.0003334408919 0
0.9501181737 0.6175768129 0 -0.04676939173 0.2174382979 0.4380470896 -0.006245240761 0.05898971172 0.245497268 -0.9623135791 -0.1549822117 -0.2234571313 0.07648861704 0.6342791917 -0.7693109895 0.2609637273 -0.7574103386 -0.598521104 0.0003429902285 0
0.960179497 0.6241166731 0 -0.04769972565 0.2192296377 0.4366158067 -0.006375912247 0.05957912457 0.2452984535 -0.960786076 -0.1593863223 -0.226905523 0.07863842294 0.6280807588 -0.7741644262 0.2659062138 -0.7616498938 -0.5909173587 0.0003527277702 0
0.9702408204 0.6306565333 0 -0.04863717657 0.2210057945 0.4351735745 -0.00650786354 0.0601674405 0.2450976923 -0.9592156158 -0.1638551631 -0.2303408083 0.08081850179 0.6218771186 -0.7789333855 0.2708759351 -0.7657808661 -0.5832717145 0.0003626556253 0
0.9803021438 0.6371963935 0 -0.04958166566 0.2227666584 0.4337205144 -0.006641091645 0.06075464893 0.2448949889 -0.9576015822 -0.1683883446 -0.2337617916 0.08302860118 0.6156697327 -0.7836179117 0.2758721828 -0.7698026667 -0.5755852614 0.0003727759058 0
0.9903634672 0.6437362537 0 -0.05053311356 0.2245121213 0.4322567484 -0.006775593536 0.0613407393 0.244690348 -0.9559433634 -0.1729854518 -0.2371672816 0.0852684552 0.6094600579 -0.7882180716 0.2808942444 -0.7737147222 -0.5678590954 0.0003830907275 0
1.000424791 0.6502761139 0 -0.05149144037 0.2262420765 0.4307823994 -0.006911366161 0.06192570109 0.2444837742 -0.9542403522 -0.1776460442 -0.2405560918 0.08753778452 0.6032495456 -0.7927339541 0.2859414041 -0.7775164749 -0.5600943177 0.0003936022096 0
1.010486114 0.6568159741 0 -0.05245656566 0.2279564185 0.4292975913 -0.007048406436 0.06250952381 0.2442752722 -0.952491946 -0.1823696563 -0.2439270408 0.08983629644 0.5970396415 -0.7971656706 0.2910129424 -0.7812073828 -0.5522920355 0.000404312475 0
1.020547437 0.6633558343 0 -0.05342840849 0.2296550437 0.4278024485 -0.00718671125 0.06309219698 0.2440648467 -0.9506975475 -0.1871557974 -0.247278953 0.09216368497 0.5908317849 -0.8015133543 0.2961081361 -0.7847869198 -0.544453361 0.0004152236499 0
1.030608761 0.6698956945 0 -0.0544068874 0.2313378497 0.4262970963 -0.007326277463 0.06367371016 0.2438525025 -0.9488565646 -0.1920039518 -0.2506106587 0.0945196309 0.5846274085 -0.8057771607 0.3012262591 -0.7882545755 -0.5365794117 0.0004263378639 0
1.040670084 0.6764355547 0 -0.05539192044 0.2330047355 0.4247816609 -0.007467101907 0.06425405296 0.2436382445 -0.9469684107 -0.1969135791 -0.2539209945 0.0969038019 0.5784279375 -0.809957267 0.3063665814 -0.7916098556 -0.5286713103 0.0004376572501 0
1.050731408 0.6829754149 0 -0.05638342515 0.2346556017 0.423256269 -0.007609181383 0.06483321498 0.2434220774 -0.9450325051 -0.2018841141 -0.2572088037 0.09931585259 0.5722347898 -0.8140538722 0.3115283705 -0.7948522818 -0.520730184 0.0004491839445 0
1.060792731 0.6895152752 0 -0.05738131859 0.2362903506 0.4217210483 -0.007752512665 0.06541118588 0.2432040063 -0.9430482731 -0.2069149673 -0.2604729368 0.1017554246 0.5660493748 -0.8180671971 0.3167108904 -0.7979813918 -0.512757165 0.0004609200865 0
1.070015611 0.695510147 0 -0.05830159534 0.2377746294 0.4203052379 -0.007884996574 0.06593993737 0.2430024394 -0.9411864548 -0.2115790467 -0.2634432848 0.1040155589 0.5603874007 -0.8216731252 0.3214791141 -0.8007498162 -0.5054215182 0.0004718640404 0
1.080076934 0.7020500072 0 -0.05931150031 0.2393782185 0.418751538 -0.008030718033 0.06651559648 0.2427807327 -0.939108014 -0.2167237729 -0.2666588538 0.1065068317 0.5542207148 -0.8255275247 0.3266993004 -0.8036605039 -0.4973905524 0.0004840076147 0
1.090138258 0.7085898674 0 -0.06032754941 0.2409654134 0.4171883855 -0.008177681728 0.06709003446 0.2425571364 -0.9369796074 -0.2219269593 -0.2698474386 0.1090245075 0.5480658221 -0.82929941 0.3319380547 -0.8064566196 -0.4893310214 0.0004963668939 0
1.100199581 0.7151297276 0 -0.0613496579 0.2425361222 0.4156159109 -0.008325884322 0.06766324108 0.2423316557 -0.9348006862 -0.2271879219 -0.2730079214 0.1115681782 0.5419240957 -0.8329890852 0.3371946302 -0.8091377649 -0.481244074 0.0005089440289 0
1.110260904 0.7216695878 0 -0.06237774056 0.2440902545 0.4140342453 -0.008475322451 0.06823520616 0.2421042957 -0.9325707092 -0.2325059532 -0.2761391934 0.1141374233 0.5357968986 -0.8365968755 0.3424682774 -0.8117035575 -0.4731308633 0.0005217411738 0
1.120322228 0.728209448 0 -0.06341171177 0.2456277214 0.4124435204 -0.008625992722 0.06880591951 0.2418750616 -0.9302891421 -0.2378803224 -0.2792401552 0.1167318097 0.5296855827 -0.8401231268 0.3477582445 -0.8141536315 -0.4649925458 0.000534760485 0
1.130383551 0.7347493083 0 -0.06445148545 0.2471484357 0.4108438685 -0.008777891713 0.06937537102 0.2416439584 -0.9279554588 -0.2433102754 -0.2823097171 0.1193508924 0.5235914888 -0.8435682055 0.3530637775 -0.8164876378 -0.4568302817 0.0005480041219 0
1.140444875 0.7412891685 0 -0.06549697512 0.2486523118 0.4092354229 -0.008931015975 0.06994355058 0.2414109916 -0.9255691408 -0.2487950353 -0.2853467996 0.1219942141 0.5175159461 -0.8469324986 0.3583841199 -0.8187052436 -0.4486452348 0.0005614742465 0
1.150506198 0.7478290287 0 -0.0665480939 0.2501392653 0.4076183171 -0.009085362033 0.07051044811 0.2411761663 -0.9231296778 -0.2543338023 -0.2883503337 0.1246613056 0.5114602716 -0.8502164133 0.3637185132 -0.8208061327 -0.4404385719 0.000575173023 0
1.160567521 0.7543688889 0 -0.06760475448 0.2516092139 0.4059926854 -0.009240926382 0.0710760536 0.2409394879 -0.920636568 -0.2599257543 -0.2913192611 0.127351686 0.5054257697 -0.8534203767 0.369066197 -0.8227900057 -0.432211463 0.0005891026184 0
1.170628845 0.7609087491 0 -0.06866686919 0.2530620765 0.4043586628 -0.00939770549 0.07164035703 0.2407009618 -0.918089318 -0.265570047 -0.2942525348 0.1300648625 0.4994137319 -0.8565448359 0.3744264088 -0.8246565798 -0.4239650809 0.0006032652018 0
1.180690168 0.7674486093 0 -0.06973434995 0.2544977738 0.4027163847 -0.009555695798 0.07220334845 0.2404605933 -0.9154874435 -0.2712658139 -0.2971491193 0.1328003309 0.4934254363 -0.8595902576 0.3797983846 -0.8264055887 -0.4157006014 0.0006176629448 0
1.190751492 0.7739884695 0 -0.07080710833 0.255916228 0.4010659872 -0.009714893718 0.0727650179 0.240218388 -0.9128304688 -0.2770121669 -0.3000079909 0.1355575756 0.4874621471 -0.8625571279 0.3851813585 -0.8280367833 -0.4074192025 0.000632298021 0
1.200812815 0.7805283297 0 -0.07188505551 0.2573173629 0.3994076069 -0.009875295635 0.0733253555 0.2399743512 -0.9101179278 -0.2828081967 -0.3028281383 0.1383360697 0.4815251145 -0.865445952 0.390574563 -0.8295499309 -0.399122065 0.0006471726064 0
1.210035695 0.7865232016 0 -0.07287765584 0.2585864583 0.3978805295 -0.0100233853 0.07383781987 0.2397490468 -0.9075822282 -0.2881640692 -0.3053784019 0.1409012304 0.4761069558 -0.868025927 0.3955266646 -0.8308330975 -0.3915035399 0.000661019905 0
1.220097018 0.7930630618 0 -0.07396529871 0.2599541908 0.3962072328 -0.01018608467 0.07439557719 0.2395015154 -0.9047619166 -0.2940526936 -0.308121547 0.1437189395 0.4702236889 -0.8707666443 0.4009373277 -0.8321194 -0.3831795447 0.0006763596385 0
1.230158341 0.799602922 0 -0.07505786936 0.2613043911 0.3945263548 -0.01034997735 0.07495197398 0.2392521689 -0.9018847336 -0.2999882223 -0.3108230908 0.1465562986 0.4643702398 -0.873430897 0.4063559753 -0.8332870735 -0.3748432665 0.0006919452386 0
1.240219665 0.8061427822 0 -0.07615527765 0.2626369893 0.3928380344 -0.01051505961 0.07550700046 0.2390010129 -0.8989502512 -0.3059696645 -0.3134820732 0.1494127382 0.4585477991 -0.8760192633 0.4117818348 -0.8343359517 -0.3664958938 0.0007077788885 0
1.250280988 0.8126826424 0 -0.07725743308 0.2639519172 0.3911424106 -0.0106813277 0.07606064692 0.2387480531 -0.8959580517 -0.3119960097 -0.3160975475 0.1522876784 0.4527575414 -0.8785323396 0.4172141328 -0.835265885 -0.3581386167 0.0007238627732 0
1.260342312 0.8192225026 0 -0.07836424489 0.2652491083 0.3894396232 -0.01084877785 0.07661290364 0.2384932952 -0.8929077276 -0.3180662275 -0.3186685816 0.1551805293 0.4470006247 -0.8809707401 0.4226520949 -0.8360767408 -0.3497726265 0.0007401990793 0
1.270403635 0.8257623628 0 -0.07947562198 0.2665284977 0.3877298123 -0.01101740625 0.07716376099 0.238236745 -0.8897988823 -0.3241792681 -0.3211942576 0.1580906906 0.4412781901 -0.8833350964 0.4280949457 -0.8367684035 -0.3413991159 0.000756789995 0
1.280464958 0.832302223 0 -0.08059147297 0.267790022 0.3860131185 -0.01118720908 0.07771320932 0.2379784083 -0.88663113 -0.3303340629 -0.3236736723 0.1610175521 0.4355913614 -0.8856260576 0.4335419094 -0.8373407746 -0.3330192788 0.0007736377096 0
1.290526282 0.8388420832 0 -0.08171170619 0.2690336197 0.3842896828 -0.01135818249 0.07826123907 0.237718291 -0.8834040959 -0.3365295244 -0.3261059378 0.163960494 0.429941245 -0.8878442894 0.4389922093 -0.8377937724 -0.3246343097 0.000790744414 0
1.300587605 0.8453819434 0 -0.0828362297 0.2702592307 0.3825596466 -0.01153032258 0.07880784067 0.2374563989 -0.8801174162 -0.3427645467 -0.3284901814 0.1669188869 0.4243289291 -0.8899904747 0.4444450686 -0.8381273325 -0.3162454041 0.0008081123002 0
1.310648929 0.8519218036 0 -0.08396495128 0.2714667969 0.3808231519 -0.01170362546 0.07935300461 0.237192738 -0.8767707387 -0.3490380062 -0.3308255461 0.169892092 0.4187554839 -0.8920653125 0.4498997098 -0.8383414071 -0.3078537579 0.0008257435612 0
1.320710252 0.8584616638 0 -0.08509777848 0.2726562615 0.3790803408 -0.01187808719 0.07989672143 0.2369273143 -0.8733637228 -0.3553487614 -0.333111191 0.1728794615 0.4132219607 -0.894069518 0.4553553553 -0.8384359659 -0.2994605674 0.000843640391 0
1.330771575 0.865001524 0 -0.08623461858 0.2738275696 0.377331356 -0.01205370381 0.08043898168 0.2366601337 -0.8698960394 -0.3616956534 -0.3353462911 0.1758803384 0.4077293919 -0.8960038223 0.4608112273 -0.8384109954 -0.2910670293 0.0008618049848 0
1.340832899 0.8715413843 0 -0.08737537862 0.274980668 0.3755763406 -0.01223047133 0.08097977596 0.2363912022 -0.8663673715 -0.3680775067 -0.3375300381 0.1788940571 0.4022787907 -0.897868972 0.4662665481 -0.8382664991 -0.28267434 0.0008802395381 0
1.350055779 0.8775362561 0 -0.0884244393 0.2760216339 0.3739624011 -0.01239351583 0.08147420824 0.2361431489 -0.8630789254 -0.3739572333 -0.3394860177 0.1816673382 0.3973201225 -0.8995185926 0.4712661104 -0.8380290615 -0.2749828092 0.0008973769064 0
1.360117102 0.8840761163 0 -0.08957245192 0.2771396874 0.3721962278 -0.01257247802 0.08201216661 0.2358708788 -0.8594325285 -0.3804027493 -0.34156914 0.1847037789 0.3919527192 -0.9012533384 0.4767182009 -0.8376555463 -0.2665950912 0.0009163350217 0
1.370178425 0.8906159765 0 -0.09072411208 0.2782393852 0.3704244429 -0.01275257932 0.08254863181 0.2355968757 -0.8557242917 -0.3868797041 -0.3435986483 0.187751072 0.3866301253 -0.9029211933 0.4821674725 -0.8371626131 -0.2582117109 0.0009355695041 0
1.380239749 0.8971558367 0 -0.09187932601 0.2793206808 0.3686471908 -0.01293381567 0.08308359459 0.2353211459 -0.8519539463 -0.3933868595 -0.3455738014 0.1908085194 0.3813532752 -0.9045229618 0.4876131482 -0.8365503322 -0.2498338636 0.0009550825509 0
1.390301072 0.9036956969 0 -0.09303799969 0.280383529 0.3668646159 -0.01311618295 0.08361704574 0.2350436955 -0.8481212359 -0.3999229619 -0.3474938758 0.1938754156 0.3761230829 -0.9060594626 0.4930544518 -0.8358187908 -0.2414627434 0.0009748763601 0
1.400362396 0.9102355571 0 -0.09420003895 0.2814278866 0.3650768632 -0.01329967702 0.08414897609 0.2347645308 -0.8442259172 -0.4064867434 -0.3493581662 0.1969510474 0.3709404408 -0.907531528 0.4984906075 -0.8349680933 -0.233099544 0.0009949531293 0
1.410423719 0.9167754174 0 -0.09536534945 0.282453712 0.3632840778 -0.0134842937 0.08467937649 0.2344836582 -0.8402677596 -0.4130769215 -0.3511659851 0.2000346943 0.3658062204 -0.9089400036 0.5039208403 -0.8339983609 -0.2247454576 0.001015315056 0
1.420485042 0.9233152776 0 -0.09653383666 0.2834609652 0.3614864051 -0.01367002883 0.08520823787 0.2342010839 -0.8362465459 -0.4196922001 -0.3529166639 0.2031256289 0.3607212713 -0.9102857482 0.509344376 -0.832909732 -0.2164016751 0.001035964339 0
1.430546366 0.9298551378 0 -0.09770540592 0.284449608 0.3596839909 -0.01385687817 0.08573555117 0.2339168144 -0.8321620719 -0.4263312695 -0.3546095525 0.2062231168 0.3556864213 -0.911569633 0.5147604416 -0.8317023616 -0.2080693861 0.001056903173 0
1.440607689 0.936394998 0 -0.09887996242 0.285419604 0.3578769809 -0.01404483748 0.08626130737 0.233630856 -0.8280141469 -0.4329928072 -0.3562440197 0.2093264171 0.3507024759 -0.9127925419 0.5201682648 -0.8303764221 -0.1997497784 0.001078133757 0
1.450669013 0.9429348582 0 -0.1000574112 0.2863709182 0.3560655213 -0.01423390252 0.0867854975 0.2333432153 -0.8238025935 -0.4396754778 -0.3578194532 0.2124347826 0.3457702185 -0.9139553704 0.5255670747 -0.8289321023 -0.1914440382 0.001099658285 0
1.460730336 0.9494747184 0 -0.1012376571 0.2873035177 0.3542497582 -0.01442406897 0.08730811262 0.2330538987 -0.8195272483 -0.4463779341 -0.3593352603 0.2155474598 0.3408904095 -0.9150590261 0.5309561017 -0.8273696082 -0.1831533495 0.001121478954 0
1.470791659 0.9560145786 0 -0.1024206051 0.2882173709 0.3524298383 -0.01461533253 0.08782914386 0.2327629128 -0.8151879611 -0.4530988169 -0.3607908677 0.2186636893 0.3360637868 -0.9161044275 0.5363345775 -0.8256891627 -0.1748788943 0.001143597956 0
1.480014539 0.9620094505 0 -0.1035072663 0.2890385763 0.3507580519 -0.01479161754 0.08830535686 0.2324947148 -0.8111539936 -0.459274643 -0.3620718174 0.2215227005 0.3316867161 -0.9170123312 0.5412549231 -0.8240453414 -0.1673092452 0.00116413766 0
1.490075863 0.9685493107 0 -0.1046951266 0.2899164179 0.3489305745 -0.01498497174 0.0888233276 0.2322005476 -0.8066917828 -0.4660270034 -0.3634105112 0.224643596 0.3269640112 -0.917948686 0.5466110339 -0.8221395061 -0.1590691993 0.001186834599 0
1.500137186 0.9750891709 0 -0.1058854106 0.2907754314 0.3470993683 -0.01517941033 0.08933968874 0.2319047303 -0.8021652723 -0.4727937633 -0.3646874462 0.2277657977 0.3222965116 -0.9188295272 0.5519543617 -0.8201164649 -0.1508488203 0.001209836266 0
1.510198509 0.9816290311 0 -0.1070780228 0.2916155922 0.3452645803 -0.01537492889 0.08985443157 0.2316072696 -0.7975743669 -0.4795735218 -0.3659021269 0.2308885257 0.3176848632 -0.9196558141 0.5572841447 -0.8179765063 -0.1426492803 0.001233144848 0
1.520259833 0.9881688913 0 -0.1082728675 0.2924368773 0.3434263577 -0.01557152298 0.0903675474 0.2313081721 -0.7929189859 -0.4863648685 -0.3670540784 0.234010995 0.3131296884 -0.9204285157 0.5625996232 -0.8157199353 -0.1344717481 0.001256762534 0
1.530321156 0.9947087515 0 -0.1094698491 0.2932392655 0.3415848476 -0.01576918815 0.09087902757 0.2310074447 -0.7881990626 -0.493166384 -0.3681428464 0.2371324166 0.3086315851 -0.92114861 0.5679000393 -0.8133470738 -0.1263173897 0.001280691508 0
1.54038248 1.001248612 0 -0.1106688717 0.2940227372 0.3397401974 -0.01596791991 0.0913888635 0.2307050939 -0.783414545 -0.49997664 -0.3691679971 0.2402519969 0.3041911272 -0.9218170839 0.5731846375 -0.8108582598 -0.1181873674 0.001304933955 0
1.550443803 1.007788472 0 -0.1118698396 0.2947872746 0.3378925545 -0.01616771376 0.09189704662 0.2304011268 -0.7785653954 -0.5067942003 -0.3701291174 0.2433689385 0.2998088642 -0.9224349325 0.5784526643 -0.8082538484 -0.1100828404 0.001329492054 0
1.560505126 1.014328332 0 -0.1130726569 0.2955328615 0.3360420664 -0.01636856516 0.09240356842 0.2300955501 -0.7736515908 -0.5136176208 -0.3710258154 0.2464824405 0.295485321 -0.9230031591 0.5837033687 -0.8055342107 -0.102004964 0.001354367985 0
1.57056645 1.020868192 0 -0.1142772277 0.2962594836 0.3341888804 -0.01657046956 0.09290842042 0.2297883707 -0.7686731227 -0.5204454502 -0.37185772 0.2495916982 0.2912209976 -0.9235227743 0.5889360022 -0.8026997346 -0.09395488986 0.001379563923 0
