0.01041741912 0.01145916103 0 -1.014674339e-05 0.002656388783 0.5099907757 -1.277078499e-06 0.0006623081137 0.2549988518 -0.9999999983 -4.075477913e-07 -5.909033743e-05 2.049408299e-07 0.9999462828 -0.01036492183 5.909138747e-05 -0.01036492182 -0.999946281 8.121363838e-08 0
0.02050751103 0.02255826213 0 -3.932034647e-05 0.005229010291 0.5099642542 -4.979177126e-06 0.001306470046 0.2549955231 -0.9999999738 -3.113544822e-06 -0.0002289681214 1.558475263e-06 0.9997918607 -0.02040184444 0.0002289839862 -0.02040184426 -0.9997918345 7.650371675e-08 0
0.03059760294 0.03365736323 0 -8.752688877e-05 0.007801043559 0.5099204301 -1.11131914e-05 0.001950967692 0.2549900075 -0.9999998701 -1.034192848e-05 -0.0005096196146 5.17274007e-06 0.9995367717 -0.0304342234 0.0005096982929 -0.03043422209 -0.9995366418 6.470112775e-08 0
0.04001502205 0.04401652426 0 -0.0001496858992 0.01020082199 0.5098639219 -1.902828551e-05 0.002552356477 0.2549828902 -0.9999996201 -2.3128141e-05 -0.0008713991633 1.156464208e-05 0.9992079963 -0.03979170806 0.0008716293202 -0.03979170302 -0.9992076164 2.810447324e-07 0
0.05010511396 0.05511562536 0 -0.0002346687391 0.01277089774 0.5097866648 -2.985309239e-05 0.003196523126 0.2549731565 -0.9999990662 -4.539399031e-05 -0.001365834151 2.269317424e-05 0.9987587624 -0.04980897468 0.001366399854 -0.04980895916 -0.9987578288 5.960370691e-07 0
0.06019520587 0.06621472646 0 -0.0003386581481 0.015339537 0.509692129 -4.310199233e-05 0.003840518933 0.2549612431 -0.9999980553 -7.868314027e-05 -0.001970560635 3.932721836e-05 0.9982094696 -0.05981515895 0.001971738731 -0.05981512013 -0.9982075253 9.912335207e-07 0
0.07028529778 0.07731382756 0 -0.0004616400897 0.01790645097 0.5095803272 -5.877419659e-05 0.004484350259 0.2549471506 -0.9999963867 -0.000125198798 -0.002685322226 6.256394254e-05 0.997560441 -0.06980804124 0.002687511106 -0.069807957 -0.9975568287 1.465297918e-06 0
0.08037538969 0.08841292866 0 -0.0006035979645 0.0204713511 0.5094512746 -7.686899158e-05 0.005128014515 0.2549308797 -0.9999938231 -0.0001871350515 -0.003509815981 9.349420349e-05 0.9968120584 -0.07978540852 0.003513557539 -0.07978524384 -0.9968058837 2.018477596e-06 0
0.0904654816 0.09951202976 0 -0.0007645126132 0.02303394915 0.5093049885 -9.738564416e-05 0.00577150324 0.254912431 -0.9999900912 -0.0002666753561 -0.004443692584 0.0001332014999 0.9959647621 -0.0897450555 0.004449694022 -0.08974475814 -0.9959548577 2.651783641e-06 0
0.1005555735 0.1106111309 0 -0.0009443623192 0.02559395721 0.5091414888 -0.0001203233647 0.006414804381 0.2548918052 -0.9999848818 -0.000365991029 -0.005486556552 0.0001827609312 0.9950190501 -0.09968478573 0.005495712026 -0.0996842814 -0.9950039403 3.366681399e-06 0
0.1106456654 0.121710232 0 -0.001143122812 0.02815108777 0.5089607974 -0.0001456812911 0.007057903669 0.2548690032 -0.9999778498 -0.0004872397513 -0.006637966462 0.000243238162 0.9939754786 -0.1096024126 0.006651378543 -0.1096015995 -0.9939533432 4.164955343e-06 0
0.1200630845 0.132069393 0 -0.001345670717 0.03053489357 0.508776663 -0.000171531423 0.00765793375 0.2548457585 -0.9999693071 -0.0006220840548 -0.00781011924 0.0003104648944 0.9929137275 -0.1188370029 0.007828701212 -0.1188357802 -0.992883059 4.987028633e-06 0
0.1301531764 0.1431684941 0 -0.001580913771 0.03308564736 0.5085628057 -0.0002015656698 0.008300597563 0.2548187514 -0.9999576415 -0.0007917973857 -0.009169963408 0.0003950318364 0.9916827501 -0.1287057385 0.009195603398 -0.1287039091 -0.9916404311 5.95246324e-06 0
0.1402432684 0.1542675952 0 -0.001834981729 0.03563268294 0.5083318348 -0.0002340171209 0.008943011265 0.2547895707 -0.9999429379 -0.0009896802255 -0.01063679628 0.0004935783763 0.9903558732 -0.1385460243 0.01067132993 -0.1385433687 -0.9902988729 7.007840227e-06 0
0.1503333603 0.1653666963 0 -0.002107840317 0.03817571475 0.5080837815 -0.0002688845848 0.009585157287 0.2547582175 -0.9999247136 -0.001217822279 -0.01220999853 0.0006071231629 0.9889338758 -0.1483557232 0.01225555207 -0.148351967 -0.9888586832 8.155769617e-06 0
0.1604234522 0.1764657974 0 -0.002399452733 0.0407144578 0.5078186793 -0.0003061667825 0.01022701777 0.2547246928 -0.9999024517 -0.001478292382 -0.01388890643 0.0007366704148 0.9874175927 -0.1581327133 0.01394791694 -0.1581275193 -0.9873201827 9.399025693e-06 0
0.1705135441 0.1875648985 0 -0.002709779651 0.04324862779 0.507536564 -0.0003458623475 0.01086857464 0.2546889979 -0.9998756017 -0.001773137066 -0.01567281226 0.0008832089361 0.9858079131 -0.1678748889 0.01574804754 -0.167867848 -0.9856837143 1.074053616e-05 0
0.180603636 0.1986639996 0 -0.003038779225 0.04577794107 0.5072374734 -0.0003879698256 0.01150980968 0.2546511341 -0.9998435798 -0.002104379155 -0.01756096471 0.001047711142 0.9841057812 -0.1775801616 0.01765554289 -0.1775707833 -0.9839496424 1.218337251e-05 0
0.1900210551 0.2090231606 0 -0.003362653285 0.04813400205 0.5069430425 -0.0004294448612 0.0121079892 0.254613839 -0.9998084829 -0.002448139696 -0.01941659372 0.001218296567 0.9824345913 -0.1866032949 0.01953236425 -0.1865912123 -0.9822434557 1.362426497e-05 0
0.200111147 0.2201222617 0 -0.003727625343 0.05065312416 0.5066112497 -0.0004762109213 0.01274855002 0.254571786 -0.9997646847 -0.002855391369 -0.02150399923 0.00142022057 0.9805565934 -0.1962313688 0.02164620558 -0.196215733 -0.9803217981 1.527220183e-05 0
0.2102012389 0.2312213628 0 -0.004111132849 0.05316656193 0.5062626065 -0.0005253841218 0.01338873506 0.2545275683 -0.9997138142 -0.003304824076 -0.02369320034 0.001642857061 0.9785892192 -0.2058165229 0.02386609782 -0.2057965457 -0.9783037315 1.703122207e-05 0
0.2202913308 0.2423204639 0 -0.004513124125 0.0556740348 0.5058971599 -0.0005769626629 0.01402852584 0.2544811876 -0.9996551614 -0.003798353972 -0.0259832788 0.001887104779 0.9765336198 -0.2153567465 0.02619154646 -0.2153315163 -0.9761897054 1.890488127e-05 0
0.2303814228 0.253419565 0 -0.004933545007 0.05817526315 0.5055149591 -0.0006309446567 0.01466790383 0.2544326456 -0.9995879852 -0.004337866779 -0.02837327521 0.002153841453 0.9743909973 -0.2248500509 0.0286220335 -0.2248185209 -0.9739801907 2.089683936e-05 0
0.2404715147 0.2645186661 0 -0.005372338862 0.06066996827 0.5051160556 -0.0006873281276 0.01530685051 0.2543819439 -0.9995115144 -0.004925216475 -0.03086218954 0.002443922912 0.9721626038 -0.2342944707 0.03115701753 -0.2342554461 -0.9716756796 2.301085357e-05 0
0.2505616066 0.2756177672 0 -0.005829446593 0.06315787244 0.5047005031 -0.000746111012 0.01594534732 0.2543290844 -0.9994249483 -0.00556222402 -0.03344898174 0.002758182199 0.9698497407 -0.2436880647 0.03379593387 -0.2436401898 -0.9692766853 2.525077181e-05 0
0.2606516985 0.2867168683 0 -0.006304806648 0.06563869895 0.5042683576 -0.0008072911589 0.01658337572 0.2542740692 -0.999327457 -0.006250676085 -0.03613257235 0.003097428716 0.9674537578 -0.2530289164 0.03653819469 -0.2529706617 -0.9667837425 2.76205263e-05 0
0.2700691176 0.2970760294 0 -0.006764887266 0.06794750821 0.5038501025 -0.0008665535192 0.01717842992 0.2542207783 -0.9992258515 -0.006941191088 -0.03872360468 0.003437295629 0.9651437463 -0.2616977915 0.03919033927 -0.261628303 -0.9643727228 2.995297515e-05 0
0.2801592095 0.3081751305 0 -0.00727535154 0.0704138706 0.5033860441 -0.0009323619481 0.01781550013 0.2541616007 -0.9991047804 -0.00773403565 -0.04159113442 0.003827054124 0.9625910677 -0.2709313382 0.04213064711 -0.2708479667 -0.9616997388 3.258518233e-05 0
0.2902493014 0.3192742316 0 -0.007803873527 0.07287234991 0.5029055695 -0.001000560824 0.01845204753 0.2541002734 -0.9989701891 -0.008583356219 -0.04455207488 0.004244029745 0.9599594987 -0.2801066744 0.04517244283 -0.2800072978 -0.9589344939 3.535919055e-05 0
0.3003393933 0.3303733327 0 -0.008350382126 0.07532267385 0.5024087435 -0.001071147652 0.01908805361 0.2540367986 -0.9988211401 -0.009490792832 -0.04760519792 0.004688930856 0.9572505701 -0.2892219908 0.04831504885 -0.289104256 -0.9560776042 3.827920779e-05 0
0.3104294852 0.3414724338 0 -0.008914803832 0.07776457133 0.5018956329 -0.001144119849 0.01972349986 0.2539711784 -0.9986566708 -0.01045794537 -0.05074923932 0.005162438178 0.9544658563 -0.2982755074 0.05155776512 -0.298136815 -0.953129706 4.134949939e-05 0
0.3205195771 0.3525715349 0 -0.00949706275 0.08019777253 0.5013663066 -0.001219474745 0.02035836777 0.2539034154 -0.9984757933 -0.01148637246 -0.05398289949 0.005665204037 0.9516069743 -0.3072654747 0.05489986933 -0.3071029627 -0.9500914559 4.457438349e-05 0
0.3306096691 0.363670636 0 -0.01009708061 0.08262200893 0.5008208358 -0.001297209584 0.02099263888 0.253833512 -0.998277496 -0.01257759036 -0.05730484428 0.006197851632 0.9486755824 -0.3161901738 0.058340617 -0.3160007019 -0.9469635309 4.795822679e-05 0
0.3400270882 0.374029797 0 -0.01067304869 0.0848763056 0.5002972285 -0.001371906829 0.02158407051 0.2537663399 -0.9980757893 -0.01365401165 -0.06048377211 0.006722473247 0.9458756946 -0.3244595179 0.06164030399 -0.32424179 -0.9439638418 5.126378786e-05 0
0.3501171801 0.3851288981 0 -0.01130716978 0.08728245365 0.4997207547 -0.001454234749 0.02221713546 0.2536923056 -0.9978408594 -0.01487076233 -0.06397249237 0.007314547777 0.9428089682 -0.3332532772 0.06526956981 -0.3330016664 -0.9406645382 5.496749644e-05 0
0.360207272 0.3962279992 0 -0.01195880662 0.08967885711 0.4991283576 -0.001538934023 0.02284954953 0.2536161385 -0.997585411 -0.01615449737 -0.0675453916 0.007938157398 0.939674825 -0.3419769129 0.06899516917 -0.3416873652 -0.9372776596 5.884321617e-05 0
0.3702973639 0.4073271003 0 -0.01262787172 0.09206525295 0.4985201166 -0.001626001552 0.02348129432 0.2535378414 -0.997308346 -0.01750655649 -0.07120100732 0.008593804033 0.936475075 -0.3506288356 0.07281627219 -0.3502969516 -0.9338039603 6.289546811e-05 0
0.3803874558 0.4184262014 0 -0.01331427526 0.09444137966 0.4978961134 -0.001715434152 0.02411235146 0.2534574171 -0.9970085462 -0.01892823216 -0.07493784644 0.009281957174 0.9332115644 -0.3592074906 0.07673202768 -0.3588285079 -0.9302442141 6.712880448e-05 0
0.3904775477 0.4295253025 0 -0.01401792515 0.09680697724 0.4972564317 -0.00180722855 0.02474270262 0.2533748685 -0.9966848744 -0.02042076866 -0.07875438618 0.01000305328 0.9298861735 -0.3677113586 0.0807415634 -0.3672801336 -0.926599214 7.154780583e-05 0
0.4005676396 0.4406244036 0 -0.01473872699 0.09916178726 0.4966011573 -0.001901381391 0.02537232946 0.2532901987 -0.9963361753 -0.02198536126 -0.08264907494 0.0107574952 0.926500816 -0.3761389561 0.0848439862 -0.375649946 -0.922869772 7.615707846e-05 0
0.4106577315 0.4517235047 0 -0.01547658412 0.1015055529 0.4959303781 -0.001997889229 0.02600121372 0.2532034106 -0.9959612766 -0.0236231553 -0.08662033316 0.01154565162 0.9230574372 -0.3844888366 0.08903838224 -0.3839360807 -0.9190567188 8.096125194e-05 0
0.4200751507 0.4620826657 0 -0.01618055123 0.1036828779 0.495290408 -0.00209008483 0.02658748628 0.2531205001 -0.9955866846 -0.0252187735 -0.09039450663 0.01231197741 0.9197930119 -0.3922106965 0.09303530823 -0.3915926821 -0.9154231823 8.562509342e-05 0
0.4301652426 0.4731817668 0 -0.0169510995 0.1060045691 0.4945899095 -0.002191135579 0.02721488312 0.2530296258 -0.9951577489 -0.02700114898 -0.09450922064 0.0131662312 0.9162430881 -0.400406361 0.09740485198 -0.3997118231 -0.9114509056 9.081927904e-05 0
0.4402553345 0.4842808679 0 -0.01773840661 0.1083144723 0.4938741758 -0.002294530728 0.0278414839 0.2529366427 -0.994699084 -0.02885979039 -0.09869571841 0.01405507895 0.9126410213 -0.4085202822 0.101863571 -0.4077419266 -0.9073975613 9.622205934e-05 0
0.4503454264 0.495379969 0 -0.01854236715 0.1106123373 0.4931433026 -0.002400266497 0.02846727046 0.2528415542 -0.9942094591 -0.0307956394 -0.1029523195 0.01497875008 0.9089888698 -0.4165511633 0.106410472 -0.4156812038 -0.9032640523 0.0001018381352 0
0.4604355183 0.5064790701 0 -0.01936287349 0.1128979158 0.4923973877 -0.002508339018 0.02909222467 0.2527443637 -0.9936876309 -0.03280958415 -0.1072773203 0.01593743745 0.9052887168 -0.4244977472 0.1110445422 -0.4235278863 -0.8990512995 0.0001076722211 0
0.4705256102 0.5175781712 0 -0.02019981586 0.1151709614 0.491636531 -0.00261874434 0.02971632841 0.2526450748 -0.9931323447 -0.03490245864 -0.1116689947 0.01693129699 0.9015426695 -0.4323588166 0.1157647493 -0.4312802261 -0.8947602413 0.0001137290438 0
0.4806157021 0.5286772723 0 -0.02105308232 0.1174312295 0.4908608343 -0.002731478426 0.03033956364 0.252543691 -0.9925423353 -0.03707504211 -0.1161255955 0.01796044732 0.8977528576 -0.4401331946 0.1205700419 -0.4389364965 -0.8903918334 0.0001200133406 0
0.4900331212 0.5390364334 0 -0.02186409173 0.1195290707 0.490123553 -0.002838794333 0.03092045034 0.2524471793 -0.9919592076 -0.03917534135 -0.1203421085 0.01895289975 0.8941781113 -0.4473100634 0.1251308037 -0.4459941679 -0.8862457245 0.0001260881039 0
0.5001232131 0.5501355345 0 -0.0227485928 0.1217639489 0.4893194611 -0.002956018932 0.03154195533 0.2523417559 -0.9912984453 -0.04150403238 -0.1249192042 0.02005047502 0.8903098034 -0.4549136538 0.1300975432 -0.4534598872 -0.8817305484 0.0001328256511 0
0.5102133051 0.5612346356 0 -0.02364907738 0.1239853432 0.4885008387 -0.003075559963 0.03216253902 0.2522342485 -0.9905991984 -0.04391439721 -0.1295559874 0.0211834706 0.8864040936 -0.4624273386 0.1351461754 -0.4608245964 -0.8771409252 0.0001398046185 0
0.520303397 0.5723337367 0 -0.02456542526 0.1261930165 0.4876677952 -0.003197413056 0.03278218348 0.2521246612 -0.9898601706 -0.04640699469 -0.1342506367 0.02235185523 0.8824631858 -0.4698501041 0.1402755758 -0.468086655 -0.8724778772 0.0001470297737 0
0.5303934889 0.5834328378 0 -0.02549751413 0.128386734 0.4868204417 -0.003321573756 0.03340087083 0.2520129978 -0.9890800606 -0.04898232651 -0.1390013144 0.02355555885 0.8784892992 -0.477180979 0.1454846018 -0.4752444453 -0.8677424433 0.0001545058894 0
0.5404835808 0.5945319389 0 -0.02644521968 0.1305662629 0.4859588912 -0.003448037526 0.03401858324 0.2518992624 -0.9882575626 -0.05164083687 -0.1438061676 0.02479447246 0.8744846669 -0.4844190351 0.1507720929 -0.482296373 -0.8629356781 0.0001622377423 0
0.5505736727 0.60563104 0 -0.02740841556 0.1327313725 0.4850832586 -0.003576799742 0.03463530289 0.2517834592 -0.9873913679 -0.05438291212 -0.1486633293 0.02606844787 0.8704515338 -0.4915633868 0.1561368715 -0.4892408672 -0.8580586526 0.0001702301124 0
0.5606637646 0.6167301411 0 -0.02838697341 0.1348818342 0.4841936605 -0.003707855698 0.03525101202 0.2516655921 -0.9864801654 -0.05720888047 -0.1535709194 0.02737729755 0.8663921562 -0.4986131921 0.1615777425 -0.4960763809 -0.853112453 0.0001784877821 0
0.5700811837 0.6270893021 0 -0.02931403904 0.1368755164 0.4833508736 -0.003832239831 0.03582474654 0.2515537247 -0.9855879454 -0.05992238005 -0.1581951651 0.0286301553 0.8625817234 -0.5051070032 0.166723472 -0.5023565257 -0.8484345614 0.0001864385203 0
0.5801712756 0.6381884032 0 -0.03032192541 0.1389970188 0.4824346133 -0.003967716697 0.03643845181 0.25143188 -0.9845860079 -0.06291125514 -0.1631948746 0.03000575013 0.8584780361 -0.5119717927 0.1723080035 -0.5089770482 -0.843357763 0.0001952226695 0
0.5902613675 0.6492875043 0 -0.0313447859 0.1411032157 0.4815047401 -0.004105473017 0.03705109471 0.2513079843 -0.9835352154 -0.0659846485 -0.1682394314 0.03141544127 0.8543547693 -0.5187398174 0.1779650252 -0.515484194 -0.8382150652 0.0002042861541 0
0.6003514595 0.6603866054 0 -0.03238248449 0.143193887 0.4805613777 -0.004245503758 0.03766265765 0.251182042 -0.9824342592 -0.06914265758 -0.1733269143 0.03285888558 0.8502142068 -0.5254104075 0.1836932769 -0.5218765137 -0.8330076137 0.0002136337594 0
0.6104415514 0.6714857065 0 -0.03343488326 0.1452688154 0.4796046516 -0.004387803804 0.03827312308 0.2510540577 -0.981281834 -0.07238532083 -0.1784553939 0.03433570021 0.8460586352 -0.5319829373 0.1894914826 -0.5281525833 -0.8277365685 0.0002232702695 0
0.6205316433 0.6825848076 0 -0.03450184241 0.1473277857 0.4786346887 -0.004532367956 0.03888247351 0.250924036 -0.9800766386 -0.07571261765 -0.1836229342 0.0358454627 0.841890343 -0.5384568256 0.1953583508 -0.5343110048 -0.8224031037 0.0002332004673 0
0.6306217352 0.6936839087 0 -0.03558322029 0.1493705849 0.4776516179 -0.004679190932 0.03949069147 0.2507919817 -0.9788173775 -0.07912446835 -0.1888275934 0.03738771093 0.8377116191 -0.5448315356 0.2012925746 -0.5403504064 -0.8170084074 0.0002434291336 0
0.6400391543 0.7040430697 0 -0.03660538866 0.1512624222 0.4767223739 -0.004818258942 0.04005732448 0.2506669012 -0.9775921505 -0.08238502719 -0.1937170479 0.03885601002 0.8338040829 -0.550691349 0.2068907872 -0.5458786116 -0.811919173 0.0002532493889 0
0.6501292462 0.7151421708 0 -0.03771423429 0.1532733631 0.4757143325 -0.004969433699 0.04066330369 0.2505309306 -0.9762247136 -0.08595990322 -0.1989879485 0.0404596068 0.8296116742 -0.556872957 0.2129514706 -0.5516841171 -0.8064095151 0.0002640686405 0
0.6602193381 0.7262412719 0 -0.03883707267 0.1552675227 0.4746935703 -0.005122851317 0.04126809952 0.2503929415 -0.9747994521 -0.08961875891 -0.2042902499 0.04209410611 0.8254155337 -0.5629540683 0.2190755905 -0.5573667328 -0.8008421884 0.0002752003676 0
0.67030943 0.737340373 0 -0.03997375506 0.1572446979 0.4736602227 -0.005278506192 0.0418716947 0.2502529389 -0.9733151024 -0.09336128275 -0.2096219986 0.04375889101 0.8212179358 -0.5689343208 0.225261783 -0.5629251929 -0.7952184331 0.000286649338 0
0.6803995219 0.7484394741 0 -0.04112413101 0.1592046879 0.4726144264 -0.005436392642 0.04247407201 0.2501109278 -0.9717704116 -0.09718710466 -0.2149812408 0.04545330558 0.8170211477 -0.5748133968 0.2315086698 -0.5683582593 -0.7895395018 0.0002984203153 0
0.6904896138 0.7595385752 0 -0.04228804835 0.1611472945 0.4715563197 -0.005596504901 0.04307521429 0.2499669133 -0.9701641386 -0.1010957962 -0.2203660233 0.04717665514 0.8128274277 -0.5805910231 0.2378148596 -0.5736647216 -0.7838066596 0.000310518058 0
0.7005797058 0.7706376763 0 -0.04346535319 0.1630723222 0.4704860426 -0.005758837124 0.04367510444 0.2498209007 -0.9684950553 -0.1050868707 -0.225774395 0.04892820648 0.8086390234 -0.5862669703 0.2441789476 -0.578843398 -0.7780211836 0.0003229473191 0
0.7106697977 0.7817367774 0 -0.04465589001 0.1649795779 0.4694037364 -0.005923383385 0.04427372539 0.2496728951 -0.9667619477 -0.1091597838 -0.2312044074 0.05070718817 0.8044581709 -0.5918410533 0.2505995161 -0.5838931348 -0.7721843625 0.0003357128461 0
0.7200872168 0.7920959385 0 -0.04577885727 0.166743481 0.468382857 -0.006078952152 0.04483127817 0.2495329633 -0.9650855585 -0.1130344759 -0.2362902283 0.05239160587 0.800564816 -0.5969515014 0.2566417432 -0.5884888977 -0.7666914848 0.0003479349072 0
0.7301773087 0.8031950396 0 -0.0469945288 0.1686158401 0.4672777011 -0.006247761785 0.04542739716 0.24938112 -0.9632252849 -0.1172638532 -0.2417565703 0.05422129128 0.7964048522 -0.6023282851 0.2631674412 -0.5932861874 -0.7607590931 0.0003613639862 0
0.7402674006 0.8142941407 0 -0.04822296669 0.1704698764 0.4661609394 -0.006418767611 0.04602219723 0.2492272997 -0.9612975164 -0.121573142 -0.2472388645 0.05607592646 0.7922589157 -0.6076029138 0.26974539 -0.5979513204 -0.7547792015 0.0003751432195 0
0.7503574925 0.8253932418 0 -0.04946400909 0.1723054073 0.465032719 -0.00659196339 0.04661566153 0.2490715078 -0.9593011042 -0.125961574 -0.2527351841 0.05795459272 0.7881291812 -0.612775374 0.2763741243 -0.6024832576 -0.7487531421 0.0003892773274 0
0.7604475844 0.8364923429 0 -0.05071749261 0.174122253 0.4638931885 -0.006767342804 0.04720777327 0.24891375 -0.9572349187 -0.1304283252 -0.2582436105 0.05985633486 0.7840178038 -0.6178456947 0.2830521675 -0.6068809894 -0.7426822572 0.0004037710227 0
0.7705376763 0.847591444 0 -0.05198325233 0.1759202365 0.4627424979 -0.006944899454 0.04779851571 0.248754032 -0.9550978503 -0.1349725163 -0.263762234 0.06178016163 0.7799269183 -0.6228139479 0.2897780321 -0.6111435363 -0.7365678992 0.0004186290098 0
0.7806277682 0.8586905451 0 -0.05326112185 0.1776991835 0.4615807983 -0.007124626864 0.0483878722 0.2485923595 -0.9528888107 -0.1395932134 -0.2692891553 0.06372504619 0.7758586372 -0.6276802479 0.2965502198 -0.6152699488 -0.7304114301 0.0004338559845 0
0.7900451874 0.8690497061 0 -0.05446457774 0.1793422076 0.4604867475 -0.007294325173 0.04893667315 0.2484397069 -0.9507611654 -0.1439740183 -0.2744534357 0.06555833429 0.7720838124 -0.6321302805 0.3029113915 -0.6189976323 -0.7246286084 0.0004484048709 0
0.8001352793 0.8801488072 0 -0.05576538229 0.1810838669 0.4593041979 -0.007478230729 0.04952330304 0.2482742723 -0.9484099785 -0.1487397777 -0.2799910556 0.06754088888 0.7680651348 -0.6367999505 0.309768851 -0.6228582721 -0.7183946212 0.0004643585024 0
0.8102253712 0.8912479083 0 -0.05707780017 0.1828059948 0.4581110908 -0.007664287596 0.0501084984 0.2481069005 -0.9459837592 -0.1535789934 -0.2855314697 0.06954128866 0.7640751178 -0.6413682433 0.3166681805 -0.6265801681 -0.7121225711 0.0004806948417 0
0.8203154631 0.9023470094 0 -0.0584016594 0.184508428 0.4569075824 -0.007852488991 0.05069224279 0.2479375974 -0.9434815118 -0.1584905223 -0.291072828 0.0715583718 0.7601157734 -0.645835436 0.3236078434 -0.6301624912 -0.7058138553 0.0004974185463 0
0.830405555 0.9134461105 0 -0.05973678659 0.1861910064 0.4556938304 -0.008042828053 0.05127451983 0.2477663692 -0.9409022667 -0.1634731701 -0.2966132956 0.07359094358 0.7561890847 -0.6502018465 0.3305862936 -0.6336044435 -0.6994698791 0.0005145342631 0
0.8404956469 0.9245452116 0 -0.06108300705 0.1878535727 0.4544699936 -0.008235297846 0.0518553132 0.247593222 -0.938245081 -0.1685256915 -0.3021510537 0.07563777696 0.7522970048 -0.6544678321 0.3376019767 -0.6369052581 -0.6930920556 0.0005320466277 0
0.8505857388 0.9356443127 0 -0.06244014478 0.1894959723 0.453236232 -0.008429891355 0.05243460664 0.247418162 -0.9355090395 -0.1736467916 -0.3076843004 0.07769761325 0.748441455 -0.6586337899 0.34465333 -0.6400642 -0.6866818055 0.0005499602643 0
0.8600031579 0.9460034737 0 -0.06371650009 0.1910105503 0.452075909 -0.008613421774 0.05297391298 0.2472530525 -0.9328834729 -0.1784871734 -0.3128430195 0.07963072137 0.7448775668 -0.662432154 0.3512653899 -0.6428839238 -0.680670909 0.0005670457636 0
0.8700932498 0.9571025748 0 -0.06509424075 0.1926135345 0.4508234175 -0.008812100963 0.05355026073 0.2470743124 -0.9299924893 -0.1837370057 -0.3183625017 0.08171201293 0.7410979671 -0.6664059949 0.3583812449 -0.645766611 -0.6742020227 0.0005857482591 0
0.8801833418 0.9682016759 0 -0.06648237514 0.1941959163 0.4495614771 -0.009012882855 0.05412506124 0.2468936782 -0.9270201341 -0.1890513388 -0.3238722931 0.08380243907 0.7373603397 -0.6702811953 0.3655281414 -0.6485054516 -0.6677049177 0.0006048655194 0
0.8902734337 0.979300777 0 -0.06788072242 0.1957575531 0.4482902523 -0.009215760139 0.05469829853 0.2467111563 -0.9239656098 -0.1944286903 -0.3293706671 0.08590062328 0.7336664695 -0.6740583019 0.3727044873 -0.6510998355 -0.6611810412 0.0006244021186 0
0.9003635256 0.9903998781 0 -0.06928910055 0.1972983052 0.4470099086 -0.009420725428 0.05526995665 0.2465267533 -0.9208281508 -0.1998675323 -0.3348559186 0.08800516091 0.7300181042 -0.6777378986 0.3799086842 -0.6535491849 -0.6546318466 0.0006443626168 0
0.9104536175 1.001498979 0 -0.07070732638 0.1988180361 0.4457206124 -0.009627771259 0.05584001974 0.2463404757 -0.9176070245 -0.2053662925 -0.3403263646 0.09011461998 0.7264169523 -0.6813206049 0.3871391272 -0.655852954 -0.6480587927 0.0006647515603 0
0.9205437094 1.01259808 0 -0.07213521563 0.2003166123 0.4444225312 -0.009836890097 0.05640847199 0.2461523304 -0.9143015317 -0.2109233555 -0.3457803453 0.0922275419 0.7228646824 -0.6848070761 0.3943942058 -0.6580106299 -0.6414633437 0.0006855734801 0
0.9306338013 1.023697181 0 -0.07357258296 0.2017939033 0.4431158337 -0.01004807433 0.05697529769 0.2459623239 -0.9109110077 -0.2165370633 -0.3512162244 0.0943424424 0.7193629221 -0.6881980019 0.4016723038 -0.6600217319 -0.6348469688 0.0007068328924 0
0.9400512204 1.034056342 0 -0.07492251271 0.2031533919 0.4418886248 -0.01024703629 0.05750285366 0.2457833115 -0.9076692454 -0.221826132 -0.3562719582 0.09631680363 0.7161415826 -0.6912773011 0.4084845338 -0.6617661224 -0.6286541059 0.0007270736961 0
0.9501413123 1.045155444 0 -0.07637767489 0.2045891733 0.4405657501 -0.01046219177 0.05806649032 0.2455897263 -0.9041125733 -0.2275445002 -0.3616682944 0.09843122878 0.7127419316 -0.6944855881 0.4158025348 -0.6634926068 -0.6220014572 0.0007491916734 0
0.9602314042 1.056254545 0 -0.07784176552 0.2060033048 0.4392347586 -0.0106793899 0.05862845468 0.2453943002 -0.9004691248 -0.2333144168 -0.3670418752 0.1005431382 0.7093973173 -0.6976005473 0.4231387865 -0.6650712963 -0.6153322178 0.0007717602974 0
0.9703214961 1.067353646 0 -0.07931459529 0.2073956683 0.4378958225 -0.01089862278 0.05918873127 0.2451970401 -0.896738377 -0.2391340685 -0.3723911659 0.1026509547 0.7061091953 -0.7006229983 0.4304916546 -0.6665018391 -0.6086478734 0.0007947840193 0
0.9804115881 1.078452747 0 -0.08079597397 0.2087661489 0.4365491146 -0.01111988244 0.05974730472 0.2449979531 -0.8929198449 -0.2450016052 -0.3777146596 0.1047530798 0.7028789754 -0.703553792 0.4378595013 -0.6677839167 -0.6019499129 0.0008182672725 0
0.99050168 1.089551848 0 -0.08228571042 0.2101146347 0.4351948087 -0.01134316084 0.06030415971 0.2447970463 -0.8890130817 -0.2509151416 -0.3830108774 0.1068478945 0.6997080198 -0.7063938097 0.4452406854 -0.6689172435 -0.5952398284 0.0008422144722 0
1.000591772 1.100650949 0 -0.08378361261 0.2114410171 0.4338330794 -0.01156844987 0.06085928101 0.2445943269 -0.8850176799 -0.256872758 -0.3882783697 0.1089337603 0.6965976432 -0.7091439624 0.4526335627 -0.6699015672 -0.5885191146 0.0008666300147 0
1.010009191 1.11101011 0 -0.08518885186 0.2126589389 0.4325555892 -0.01178052644 0.06137581667 0.2444034931 -0.8812083412 -0.2624712479 -0.393167526 0.1108710329 0.6937503979 -0.7116305217 0.4595426786 -0.6706856413 -0.582238179 0.0008898442652 0
1.020099283 1.122109211 0 -0.08670199359 0.213942292 0.4311800058 -0.0120096794 0.06192754322 0.24419729 -0.877040563 -0.268508521 -0.3983754825 0.1129348834 0.6907606855 -0.7142096244 0.4669534912 -0.6713812997 -0.575501162 0.0009151776642 0
1.030189375 1.133208312 0 -0.08822273307 0.2152032417 0.4297975154 -0.01224081878 0.06247749182 0.2439892956 -0.8727831807 -0.2745840579 -0.4035506344 0.1149848754 0.6878351227 -0.7167016969 0.4743711604 -0.6719274061 -0.5687579125 0.0009409921883 0
1.040279467 1.144307413 0 -0.08975087514 0.216441692 0.4284082953 -0.01247393619 0.0630256475 0.2437795175 -0.8684359455 -0.280695817 -0.4086916525 0.1170193034 0.6849748273 -0.7191077587 0.4817940339 -0.6723238389 -0.5620099328 0.0009672921543 0
1.050369559 1.155406514 0 -0.09128622392 0.2176575502 0.4270125237 -0.01270902315 0.06357199541 0.2435679631 -0.8639986502 -0.2868417288 -0.4137972391 0.1190364472 0.6821808646 -0.7214288546 0.4892204582 -0.6725705098 -0.5552587259 0.0009940818577 0
1.060459651 1.166505616 0 -0.09282858283 0.2188507268 0.4256103792 -0.01294607115 0.06411652075 0.24335464 -0.8594711295 -0.2930196974 -0.4188661295 0.1210345729 0.6794542476 -0.7236660539 0.496648779 -0.6726673638 -0.5485057957 0.001021365572 0
1.070549742 1.177604717 0 -0.09437775463 0.2200211357 0.4242020412 -0.01318507158 0.06465920881 0.2431395557 -0.8548532608 -0.299227602 -0.4238970921 0.1230119343 0.6767959357 -0.7258204498 0.5040773417 -0.6726143796 -0.5417526465 0.001049147546 0
1.080639834 1.188703818 0 -0.09593354144 0.221168694 0.4227876896 -0.01342601578 0.06520004496 0.2429227179 -0.8501449644 -0.305463298 -0.4288889285 0.1249667738 0.6742068346 -0.7278931581 0.5115044916 -0.6724115688 -0.5350007825 0.001077432009 0
1.090057253 1.199062979 0 -0.09739140227 0.2222190618 0.4214623616 -0.01365264304 0.06570314169 0.2427187608 -0.8456689357 -0.3113064439 -0.4335116482 0.1267694114 0.671853535 -0.7297549889 0.5184337638 -0.6720871413 -0.5287015293 0.001104287905 0
1.100147345 1.21016208 0 -0.09895941482 0.2233222194 0.4200368956 -0.01389732035 0.06624035628 0.2424985549 -0.8407857474 -0.317589708 -0.4384245709 0.1286756871 0.6694006053 -0.7316730125 0.5258534915 -0.6715948235 -0.5219564144 0.00113355574 0
1.110237437 1.221261181 0 -0.1005334586 0.2244023024 0.4186059467 -0.01414391562 0.06677567648 0.2422766184 -0.8358121483 -0.3238943504 -0.4432950514 0.1305542294 0.6670192255 -0.7335127443 0.5332669556 -0.6709529064 -0.5152169945 0.001163338321 0
1.120327529 1.232360282 0 -0.1021133336 0.2254592406 0.4171696967 -0.0143924199 0.06730908798 0.2420529591 -0.8307482308 -0.3302181475 -0.4481220282 0.1324032464 0.6647100832 -0.7352753808 0.5406725048 -0.6701615331 -0.5084847708 0.001193639777 0
1.130417621 1.243459383 0 -0.1036988392 0.2264929677 0.415728328 -0.01464282419 0.06784057654 0.2418275849 -0.8255941316 -0.3365588593 -0.4529044756 0.13422094 0.6624738096 -0.7369621367 0.5480684894 -0.6692208797 -0.5017612431 0.001224464211 0
1.140507713 1.254558484 0 -0.1052897744 0.2275034203 0.4142820233 -0.01489511944 0.068370128 0.241600504 -0.8203500325 -0.3429142309 -0.4576414038 0.1360055072 0.6603109787 -0.7385742437 0.555453262 -0.668131156 -0.4950479089 0.001255815696 0
1.150597805 1.265657585 0 -0.1068859379 0.2284905384 0.4128309655 -0.01514929651 0.0688977283 0.2413717243 -0.8150161597 -0.3492819937 -0.4623318595 0.1377551413 0.6582221075 -0.7401129497 0.5628251775 -0.6668926046 -0.4883462638 0.001287698281 0
1.160015224 1.276016746 0 -0.1083802295 0.2293907458 0.4114725186 -0.01538821815 0.06938838251 0.2411566711 -0.8099571216 -0.3552344069 -0.4666668805 0.1393550197 0.6563396281 -0.7414839655 0.5696925835 -0.6656025907 -0.4821032582 0.001317938075 0
1.170105316 1.287115848 0 -0.1099859284 0.2303325932 0.4100127923 -0.01564600728 0.06991217095 0.2409246302 -0.8044504964 -0.3616196501 -0.4712649229 0.1410319846 0.6543949959 -0.7428843576 0.5770349887 -0.6640771175 -0.4754284423 0.001350858822 0
1.180195408 1.298214949 0 -0.1115962627 0.2312509496 0.4085488521 -0.01590565106 0.07043396743 0.2406909145 -0.7988550224 -0.3680105664 -0.4758139092 0.1426687058 0.6525255051 -0.7442150936 0.5843597296 -0.6624037199 -0.4687696858 0.001384322372 0
1.1902855 1.30931405 0 -0.1132110295 0.2321457683 0.4070808823 -0.01616714013 0.0709537582 0.2404555323 -0.7931711043 -0.3744048487 -0.4803130319 0.1442633727 0.6507314442 -0.7454774757 0.5916651744 -0.6605827706 -0.462128472 0.001418332656 0
1.200375592 1.320413151 0 -0.1148300259 0.2330170058 0.4056090673 -0.01643046503 0.07147152961 0.240218492 -0.787399192 -0.3808001837 -0.4847615212 0.1458141767 0.6490130427 -0.7466728174 0.5989496959 -0.6586146753 -0.4555062802 0.001452893575 0
1.210465684 1.331512252 0 -0.1164530487 0.233864622 0.4041335921 -0.01669561625 0.07198726809 0.2399798019 -0.7815397812 -0.3871942539 -0.4891586451 0.147319312 0.6473704715 -0.7478024425 0.6062116715 -0.6564998724 -0.4489045855 0.001488008995 0
1.220555776 1.342611353 0 -0.1180798944 0.2346885802 0.4026546415 -0.01696258422 0.07250096015 0.2397394705 -0.7755934129 -0.3935847385 -0.4935037096 0.1487769772 0.6458038425 -0.7488676839 0.6134494835 -0.654238833 -0.4423248587 0.001523682752 0
1.230645867 1.353710454 0 -0.1197103594 0.2354888471 0.4011724006 -0.0172313593 0.07301259242 0.2394975062 -0.7695606738 -0.3999693153 -0.4977960587 0.1501853762 0.644313209 -0.7498698831 0.6206615197 -0.6518320609 -0.4357685652 0.001559918645 0
1.240063287 1.364069615 0 -0.1212352123 0.2362143614 0.3997861706 -0.01748383791 0.07348824572 0.2392702073 -0.7638527485 -0.4059208751 -0.5017541447 0.1514538539 0.6429905113 -0.7507495804 0.6273680807 -0.6494547294 -0.4296717885 0.001594249309 0
1.250153378 1.375168716 0 -0.1228720968 0.2369687429 0.3982980938 -0.0177560792 0.07399585804 0.2390251105 -0.757654858 -0.4122874473 -0.5059428593 0.1527619366 0.6416467334 -0.7516337274 0.6345257338 -0.646767756 -0.4231649359 0.001631582651 0
1.26024347 1.386267817 0 -0.1245120026 0.2376993544 0.3968072704 -0.01803009899 0.07450137177 0.2387784061 -0.7513725793 -0.4186413063 -0.5100771548 0.1540155259 0.6403787666 -0.7524588049 0.6416529162 -0.6439367143 -0.4166857846 0.00166948908 0
1.270333562 1.397366918 0 -0.1261547258 0.2384061759 0.3953138856 -0.01830588741 0.07500477388 0.2385301029 -0.745006677 -0.4249801389 -0.5141565256 0.1552128577 0.6391864322 -0.753226177 0.6487480405 -0.6409622347 -0.410235778 0.001707972257 0
1.280423654 1.40846602 0 -0.1278000624 0.2390891905 0.3938181251 -0.01858343453 0.07550605142 0.2382802095 -0.7385579608 -0.4313016385 -0.5181805044 0.1563521789 0.6380694932 -0.753937211 0.6558095262 -0.63784498 -0.4038163528 0.001747035807 0
1.290513746 1.419565121 0 -0.1294478084 0.2397483848 0.3923201741 -0.01886273035 0.07600519151 0.2380287347 -0.7320272853 -0.4376035056 -0.5221486622 0.1574317485 0.6370276537 -0.7545932765 0.6628358003 -0.6345856446 -0.397428939 0.001786683316 0
1.300603838 1.430664222 0 -0.13109776 0.2403837487 0.3908202182 -0.01914376482 0.07650218138 0.2377756875 -0.7254155494 -0.4438834501 -0.5260606082 0.1584498388 0.63606056 -0.7551957446 0.6698252976 -0.6311849545 -0.3910749594 0.001826918332 0
1.310021257 1.441023383 0 -0.1326395248 0.2409552487 0.3894186138 -0.0194076234 0.07696408745 0.2375380992 -0.7191722926 -0.4497229417 -0.5296607304 0.1593430768 0.6352250138 -0.7557109009 0.6763142742 -0.6278841115 -0.3851759923 0.001865004169 0
1.320111349 1.452122484 0 -0.1342931625 0.2415445242 0.3879153068 -0.01969199056 0.07745688439 0.2372820372 -0.7124065529 -0.4559540499 -0.5334630332 0.1602374627 0.6344012095 -0.7562136344 0.6832282627 -0.6242123114 -0.3788906587 0.001906384941 0
1.330201441 1.463221585 0 -0.1359484081 0.242109959 0.3864105381 -0.01997806656 0.07794749419 0.2370244289 -0.7055626436 -0.4621565851 -0.5372081969 0.1610653887 0.6336507792 -0.7566667896 0.6901009321 -0.6204014675 -0.3726428889 0.001948363393 0
1.340291533 1.474320686 0 -0.1376050581 0.242651556 0.3849044926 -0.02026584113 0.07843590446 0.2367652834 -0.6986416359 -0.4683283078 -0.5408959796 0.1618251902 0.6329731428 -0.7570717326 0.6969307515 -0.6164524286 -0.3664340744 0.001990942912 0
1.350381625 1.485419787 0 -0.1392629095 0.2431693217 0.383397355 -0.02055530393 0.07892210288 0.2365046099 -0.6916446439 -0.474466995 -0.5445261769 0.1625152214 0.6323676633 -0.757429826 0.7037161995 -0.6123660744 -0.3602655985 0.002034126841 0
1.360471717 1.496518888 0 -0.140921759 0.2436632658 0.38188931 -0.02084644459 0.07940607723 0.2362424174 -0.684572824 -0.4805704418 -0.5480986216 0.1631338565 0.6318336477 -0.7577424275 0.7104557646 -0.6081433154 -0.3541388351 0.00207791848 0
1.370561809 1.507617989 0 -0.1425814041 0.2441334012 0.3803805417 -0.02113925265 0.0798878154 0.2359787152 -0.6774273751 -0.4866364629 -0.5516131838 0.1636794904 0.6313703475 -0.7580108896 0.7171479456 -0.603785092 -0.348055149 0.002122321084 0
1.3806519 1.518717091 0 -0.1442416423 0.2445797443 0.3788712343 -0.02143371763 0.08036730536 0.2357135125 -0.6702095373 -0.4926628936 -0.5550697699 0.1641505402 0.6309769586 -0.758236558 0.7237912519 -0.5992923753 -0.3420158953 0.002167337862 0
1.39006932 1.529076252 0 -0.1457915547 0.2449748826 0.377462223 -0.0217100372 0.08081279042 0.2354646444 -0.6634087077 -0.4982499528 -0.5582435589 0.164521519 0.6306721147 -0.7584097531 0.7299462695 -0.5949787125 -0.3364205335 0.002209910435 0
1.400159412 1.540175353 0 -0.1474523667 0.2453752859 0.3759523939 -0.02200767559 0.08128790012 0.2351965671 -0.6560545875 -0.504193789 -0.5615879285 0.1648439715 0.6304114058 -0.7585564742 0.7364908983 -0.5902288392 -0.3304709882 0.002256123544 0
1.410249503 1.551274454 0 -0.14911318 0.2457519638 0.3744425637 -0.0223069398 0.0817607269 0.2349270166 -0.648631952 -0.5100918197 -0.5648742571 0.1650873339 0.6302179374 -0.7586643022 0.7429823437 -0.5853474923 -0.3245697924 0.002302959973 0
1.420339595 1.562373555 0 -0.1507737934 0.2461049456 0.3729329151 -0.02260781912 0.08223125912 0.2346560024 -0.6411422001 -0.5159419765 -0.5681025929 0.1652501203 0.6300906945 -0.758734548 0.7494191597 -0.5803357593 -0.3187182605 0.002350422741 0
1.430429687 1.573472656 0 -0.1524340066 0.2464342639 0.3714236304 -0.02291030281 0.08269948525 0.2343835339 -0.63358677 -0.5217422188 -0.5712730188 0.1653308719 0.6300286099 -0.7587685112 0.7557999125 -0.5751947564 -0.312917696 0.002398514823 0
1.440519779 1.584571757 0 -0.1540936194 0.2467399545 0.3699148915 -0.02321438005 0.08316539382 0.2341096206 -0.6259671378 -0.5274905351 -0.5743856525 0.1653281579 0.630030565 -0.7587674792 0.7621231807 -0.569925629 -0.307169391 0.00244723914 0
1.450609871 1.595670858 0 -0.1557524322 0.2470220565 0.3684068798 -0.02352004 0.08362897351 0.2338342721 -0.6182848176 -0.5331849442 -0.577440646 0.1652405768 0.6300953908 -0.7587327265 0.7683875559 -0.5645295508 -0.301474626 0.002496598561 0
1.46002729 1.606030019 0 -0.1572997602 0.2472641068 0.367000218 -0.02380674094 0.08405953679 0.2335759937 -0.6110594612 -0.5384493699 -0.5802401321 0.1650810553 0.6302115438 -0.7586709795 0.7741799404 -0.5593797333 -0.2962089362 0.002543242846 0
1.470117382 1.61712912 0 -0.1589564626 0.247500727 0.3654941249 -0.02411542981 0.08451858217 0.2332978977 -0.603260374 -0.5440340609 -0.5831842434 0.1648255366 0.6303944207 -0.7585745955 0.7803265109 -0.55374165 -0.290621268 0.002593838078 0
1.480207474 1.628228221 0 -0.1606117829 0.2477138918 0.3639892883 -0.02442566925 0.08497526595 0.2330183947 -0.5954032508 -0.5495592221 -0.5860713526 0.1644812169 0.6306364553 -0.7584481463 0.7864101336 -0.5479802211 -0.2850908259 0.002645076529 0
1.490297566 1.639327322 0 -0.1622655237 0.247903653 0.3624858876 -0.02473744822 0.0854295772 0.2327374943 -0.5874897469 -0.5550230049 -0.5889017416 0.1640468185 0.6309362879 -0.7582928471 0.7924294534 -0.54209673 -0.2796188419 0.002696960856 0
1.500387658 1.650426424 0 -0.1639174884 0.2480700655 0.3609841015 -0.02505075561 0.08588150506 0.2324552065 -0.5795215521 -0.5604235976 -0.5916757236 0.1635210975 0.6312925125 -0.7581098959 0.7983831294 -0.5360924872 -0.2742065349 0.002749493661 0
1.51047775 1.661525525 0 -0.165567481 0.2482131874 0.3594841082 -0.02536558029 0.08633103879 0.2321715409 -0.5715003891 -0.5657592263 -0.5943936432 0.1629028446 0.6317036779 -0.7579004727 0.8042698356 -0.5299688304 -0.2688551104 0.002802677492 0
1.520567842 1.672624626 0 -0.1672153063 0.2483330802 0.3579860851 -0.02568191106 0.08677816774 0.2318865074 -0.5634280137 -0.571028156 -0.5970558755 0.162190886 0.6321682886 -0.7576657386 0.8100882606 -0.5237271235 -0.2635657606 0.002856514834 0
1.530657934 1.683723727 0 -0.1688607698 0.2484298081 0.3564902092 -0.0259997367 0.08722288138 0.2316001159 -0.5553062129 -0.5762286923 -0.5996628254 0.1613840841 0.6326848057 -0.7574068352 0.8158371083 -0.5173687571 -0.2583396636 0.002911008119 0
1.540075353 1.694082888 0 -0.1703942339 0.2484992472 0.355096151 -0.02629771271 0.08763575908 0.2313316006 -0.5476828762 -0.581019361 -0.6020464843 0.1605445281 0.6332123253 -0.7571443757 0.8211387956 -0.5113302781 -0.2535200684 0.002962462413 0
1.550165445 1.705181989 0 -0.1720345826 0.2485513842 0.3536049249 -0.02661839639 0.0880757736 0.2310426116 -0.5394707013 -0.5860830196 -0.6045478117 0.1595512758 0.6338246754 -0.7568419064 0.8267495103 -0.5047504087 -0.2484195486 0.003018230517 0
1.560255536 1.71628109 0 -0.1736720033 0.2485805634 0.3521163607 -0.02694054171 0.08851334248 0.2307522937 -0.5312145182 -0.5910735565 -0.6069952113 0.1584600609 0.6344841786 -0.7565184969 0.8322869366 -0.498058107 -0.2433856555 0.003074661339 0
1.570345628 1.727380191 0 -0.1753063048 0.2485868616 0.350630632 -0.02726413728 0.0889484556 0.230460657 -0.5229162302 -0.595989446 -0.6093891995 0.1572698962 0.6351891365 -0.7561752049 0.8377498409 -0.4912548637 -0.2384195105 0.003131757071 0
1.58043572 1.738479292 0 -0.1769372966 0.2485703585 0.3491479121 -0.02758917164 0.08938110291 0.2301677115 -0.5145777681 -0.6008292077 -0.6117303194 0.155979835 0.6359378129 -0.755813065 0.8431370065 -0.4843421944 -0.2335222197 0.003189519837 0
