0.007001831569 0.004189615938 -0.0003318167981 -2.493465436e-06 0.001785457144 0.5099958328 -3.129686098e-07 0.0004447044805 0.2549994829 -0.9999999999 -6.694383943e-08 -1.452111281e-05 3.4222688e-08 0.9999757319 -0.006966745876 1.45212268e-05 -0.006966745876 -0.9999757318 3.09810791e-08 -0.0004413163414 0
0.01386106765 0.008293908438 -0.0006568759959 -9.771678723e-06 0.003534495398 0.5099836692 -1.233448315e-06 0.0008820231794 0.2549979619 -0.9999999984 -5.22478772e-07 -5.690529812e-05 2.623614754e-07 0.9999048973 -0.01379116855 5.690709187e-05 -0.01379116854 -0.9999048957 5.961344418e-08 -0.0008736450745 0
0.02072030373 0.01239820094 -0.0009819351937 -2.183539501e-05 0.005283420736 0.5099635079 -2.766012638e-06 0.001320070051 0.2549954293 -0.9999999919 -1.74672035e-06 -0.0001271519491 8.74852531e-07 0.9997874941 -0.02061471888 0.0001271609367 -0.02061471882 -0.999787486 4.602178419e-08 -0.001305973808 0
0.02757953981 0.01650249344 -0.001306994391 -3.868415183e-05 0.007032177288 0.5099353497 -4.910075451e-06 0.001758223213 0.2549918862 -0.9999999746 -4.119913499e-06 -0.0002252500781 2.061816131e-06 0.9996235356 -0.02743696531 0.0002252783173 -0.02743696507 -0.9996235102 7.647864034e-09 -0.001738302541 0
0.0352961804 0.0211198225 -0.001672685989 -6.335781063e-05 0.008999257098 0.5098941142 -8.05199307e-06 0.002251082313 0.2549866939 -0.9999999319 -8.636323649e-06 -0.0003688824179 4.320424946e-06 0.9993834575 -0.03510989685 0.0003689582066 -0.03510989605 -0.9993833894 9.782541245e-08 -0.002224672365 0
0.04215541647 0.025224115 -0.001997745187 -9.037240558e-05 0.0107474695 0.5098489665 -1.149302733e-05 0.002689099649 0.2549810074 -0.9999998615 -1.471265424e-05 -0.0005261085677 7.358933223e-06 0.9991206372 -0.04192794042 0.0005262627987 -0.04192793849 -0.9991204987 2.066314179e-07 -0.002657001098 0
0.04901465255 0.0293284075 -0.002322804385 -0.0001221694137 0.01249533858 0.5097958262 -1.554388213e-05 0.003127047101 0.254974313 -0.9999997469 -2.312474052e-05 -0.0007111237901 1.156529349e-05 0.9988113372 -0.0487433328 0.0007114056807 -0.04874332868 -0.9988110841 3.386459516e-07 -0.003089329831 0
0.05587388863 0.0334327 -0.002647863582 -0.000158747616 0.01424280851 0.5097346955 -2.020440444e-05 0.003564931869 0.2549666112 -0.9999995726 -3.425167823e-05 -0.0009238991435 1.712903903e-05 0.9984555925 -0.05555564343 0.0009243751408 -0.05555563552 -0.9984551652 4.92889609e-07 -0.003521658565 0
0.06273312471 0.0375369925 -0.00297292278 -0.0002001056103 0.01598982347 0.5096655766 -2.547448602e-05 0.00400275915 0.254957902 -0.9999993209 -4.847212907e-05 -0.001164401343 2.42394814e-05 0.9980534433 -0.06236444219 0.001165157707 -0.06236442806 -0.9980527644 6.688786768e-07 -0.003953987298 0
0.06959236079 0.041641285 -0.003297981978 -0.0002462418113 0.01773632768 0.5095884721 -3.13540385e-05 0.004440531926 0.2549481856 -0.9999989716 -6.616426008e-05 -0.001432592766 3.30856795e-05 0.9976049353 -0.06916929935 0.001433738149 -0.06916927562 -0.9976039072 8.663779316e-07 -0.004386316031 0
0.07645159687 0.0457455775 -0.003623041176 -0.0002971544505 0.01948226537 0.5095033852 -3.784298143e-05 0.00487825143 0.2549374621 -0.9999985024 -8.770568322e-05 -0.001728431455 4.38564087e-05 0.9971101192 -0.0759697857 0.001730099476 -0.07596974773 -0.9971086221 1.085289138e-06 -0.004818644764 0
0.08331083295 0.04984987 -0.003948100373 -0.0003528415763 0.0212275808 0.5094103189 -4.494123619e-05 0.00531591762 0.2549257317 -0.9999978885 -0.0001134733949 -0.002051871129 5.674012994e-05 0.996569051 -0.08276547255 0.002054222943 -0.08276541421 -0.9965669402 1.325595461e-06 -0.005250973497 0
0.09017006903 0.0539541625 -0.004273159571 -0.0004133010542 0.02297221825 0.5093092769 -5.264872274e-05 0.005753529547 0.2549129945 -0.9999971028 -0.0001438437157 -0.002402861183 7.192495896e-05 0.995981792 -0.08955593184 0.002406088044 -0.0895558452 -0.995978896 1.587332028e-06 -0.00568330223 0
0.09702930511 0.058058455 -0.004598218769 -0.0004785305669 0.02471612202 0.5092002631 -6.096535782e-05 0.006191085608 0.2548992506 -0.999996116 -0.0001791922301 -0.002781346701 8.959863553e-05 0.9953484086 -0.09634073613 0.002785672524 -0.09634061115 -0.9953445266 1.870569546e-06 -0.006115630963 0
0.1038885412 0.0621627475 -0.004923277967 -0.0005485276143 0.02645923647 0.5090832816 -6.989105389e-05 0.006628583733 0.2548845003 -0.9999948965 -0.0002198937265 -0.003187268463 0.0001099484927 0.9946689726 -0.1031194587 0.00319295237 -0.1031192829 -0.9946638721 2.175404761e-06 -0.006547959696 0
0.1107477773 0.06626704001 -0.005248337165 -0.0006232895137 0.02820150597 0.5089583369 -7.942571854e-05 0.007066021507 0.2548687435 -0.9999934103 -0.0002663221371 -0.003620562952 0.0001331614263 0.9939435609 -0.1098916736 0.003627901819 -0.1098914316 -0.9939369757 2.501954698e-06 -0.006980288429 0
0.1176070133 0.07037133251 -0.005573396362 -0.0007028133997 0.02994287493 0.5088254339 -8.956925403e-05 0.007503396263 0.2548519806 -0.9999916212 -0.0003188504781 -0.004081162365 0.0001594238643 0.9931722556 -0.1166569557 0.004090493357 -0.1166566288 -0.9931638832 2.850353047e-06 -0.007412617162 0
0.1244662494 0.07447562501 -0.00589845556 -0.0007870962248 0.03168328781 0.5086845775 -0.0001003215571 0.007940705141 0.2548342117 -0.9999894907 -0.0003778507899 -0.00456899462 0.0001889217359 0.9923551439 -0.1234148806 0.004580697723 -0.1234144468 -0.9923446435 3.220747806e-06 -0.007844945895 0
0.1313254855 0.07857991751 -0.006223514758 -0.0008761347591 0.03342268909 0.5085357732 -0.0001116825188 0.008377945137 0.2548154369 -0.999986978 -0.0004436940775 -0.00508398337 0.000221840442 0.9914923182 -0.130165025 0.005098483908 -0.1301644579 -0.9914793086 3.613299722e-06 -0.008277274628 0
0.1381847216 0.08268421001 -0.006548573956 -0.0009699255906 0.0351610233 0.5083790267 -0.0001236520242 0.008815113136 0.2547956564 -0.9999840401 -0.0005167502511 -0.005626048012 0.0002583648239 0.9905838762 -0.1369069666 0.005643819157 -0.1369062351 -0.9905679331 4.028181196e-06 -0.008709603361 0
0.1450439577 0.08678850251 -0.006873633154 -0.001068465125 0.03689823504 0.508214344 -0.0001362299528 0.009252205935 0.2547748705 -0.9999806317 -0.0005973880671 -0.006195103701 0.0002986791336 0.9896299206 -0.1436402838 0.006216668975 -0.1436393521 -0.9896105747 4.465575505e-06 -0.009141932094 0
0.1519031937 0.09089279501 -0.007198692351 -0.001171749588 0.03863426892 0.5080417314 -0.0001494161778 0.009689220265 0.2547530794 -0.9999767052 -0.0006859750683 -0.006791061359 0.0003429670033 0.9886305592 -0.1503645565 0.006816997125 -0.1503633829 -0.9886072939 4.925676227e-06 -0.009574260827 0
0.1587624298 0.09499708751 -0.007523751549 -0.00127977502 0.04036906963 0.5078611956 -0.0001632105667 0.0101261528 0.2547302832 -0.9999722107 -0.0007828775257 -0.007413827689 0.0003914114157 0.987585905 -0.1570793654 0.007444765632 -0.1570779021 -0.9875581543 5.4086868e-06 -0.01000658956 0
0.1656216659 0.09910138001 -0.007848810747 -0.001392537285 0.04210258189 0.5076727434 -0.0001776129808 0.01056300018 0.2547064823 -0.9999670963 -0.0008884603793 -0.008063305191 0.0004441946734 0.9864960761 -0.1637842925 0.008099934786 -0.1637824851 -0.9864632221 5.914820172e-06 -0.01043891829 0
0.172480902 0.1032056725 -0.008173869945 -0.00151003206 0.04383475049 0.507476382 -0.0001926232754 0.01099975899 0.2546816768 -0.9999613077 -0.00100308718 -0.008739392173 0.0005014983695 0.9853611957 -0.170478921 0.008782463141 -0.1704767076 -0.9853225667 6.444298518e-06 -0.01087124703 0
0.1793401381 0.107309965 -0.008498929143 -0.001632254847 0.04556552028 0.507272119 -0.0002082412999 0.01143642581 0.254655867 -0.9999547883 -0.00112712003 -0.009441982769 0.0005635033577 0.9841813919 -0.1771628355 0.009492307525 -0.1771601463 -0.9841362602 6.997352989e-06 -0.01130357576 0
0.1861993741 0.1114142575 -0.00882398834 -0.001759200962 0.04729483615 0.5070599623 -0.0002244668975 0.01187299719 0.2546290532 -0.9999474794 -0.001260919526 -0.01017096695 0.0006303897223 0.982956798 -0.1838356218 0.01022942303 -0.1838323783 -0.9829043776 7.574223507e-06 -0.01173590449 0
0.1930586102 0.11551855 -0.009149047538 -0.001890865544 0.04902264306 0.5068399199 -0.0002412999054 0.01230946965 0.2546012356 -0.9999393201 -0.001404844703 -0.01092623055 0.0007023367492 0.9816875523 -0.1904968671 0.01099376304 -0.1904929817 -0.9816269969 8.175158571e-06 -0.01216823323 0
0.1999178463 0.1196228425 -0.009474106736 -0.002027243549 0.05074888606 0.5066120002 -0.0002587401547 0.01274583971 0.2545724145 -0.9999302473 -0.00155925297 -0.01170765526 0.0007795228957 0.9803737981 -0.1971461601 0.01178527919 -0.197141535 -0.9803041989 8.800415084e-06 -0.01260056196 0
0.2076344869 0.1242401716 -0.009839798333 -0.002186296309 0.05268897169 0.5063461857 -0.0002790860604 0.01323662925 0.2545387917 -0.9999188672 -0.001745935703 -0.0126178762 0.0008728407943 0.9788428077 -0.2046118176 0.01270815644 -0.2046062303 -0.9787618675 9.533230836e-06 -0.01308693178 0
0.214493723 0.1283444641 -0.01016485753 -0.002332672773 0.05441170913 0.5061015563 -0.0002978161092 0.01367277007 0.2545078392 -0.9999076337 -0.001923799519 -0.01345448175 0.0009617486523 0.9774349713 -0.211234353 0.01355725353 -0.2112277819 -0.9773428391 1.021106083e-05 -0.01351926052 0
0.221352959 0.1324487566 -0.01048991673 -0.002483745741 0.0561327113 0.5058490779 -0.0003171528327 0.01410879751 0.2544758842 -0.9998952755 -0.002113252256 -0.01431685232 0.001056447649 0.9759831062 -0.2178436604 0.01443336461 -0.2178359718 -0.9758786643 1.091406748e-05 -0.01395158925 0
0.2282121951 0.1365530491 -0.01081497593 -0.002639509429 0.05785192351 0.5055887602 -0.0003370960368 0.01454470804 0.254442927 -0.9998817204 -0.002314644031 -0.01520485277 0.001157112518 0.974487376 -0.2244393349 0.01533643425 -0.2244303821 -0.9743694358 1.16425407e-05 -0.01438391798 0
0.2350714312 0.1406573416 -0.01114003512 -0.002799957874 0.05956929117 0.5053206132 -0.0003576455216 0.01498049814 0.2544089679 -0.9998668944 -0.00252832305 -0.01611834394 0.001263917014 0.9729479495 -0.2310209734 0.01626640534 -0.2310105955 -0.9728152491 1.239677801e-05 -0.01481624672 0
0.2419306673 0.1447616341 -0.01146509432 -0.002965084933 0.06128475974 0.5050446471 -0.000378801081 0.01541616427 0.2543740072 -0.9998507211 -0.002754635549 -0.01705718263 0.001377033886 0.9713649999 -0.2375881745 0.01722321904 -0.2375761959 -0.9712162024 1.317708443e-05 -0.01524857545 0
0.2487899034 0.1488659266 -0.01179015352 -0.003134884285 0.06299827478 0.5047608726 -0.0004005625029 0.01585170289 0.2543380454 -0.9998331221 -0.002993925738 -0.01802122168 0.001496634849 0.9697387058 -0.2441405384 0.01820681483 -0.2441267679 -0.969572397 1.398377232e-05 -0.01568090418 0
0.2556491394 0.1529702191 -0.01211521272 -0.00330934943 0.06470978192 0.5044693004 -0.0004229295691 0.01628711044 0.2543010827 -0.9998140168 -0.003246535747 -0.01901030994 0.001622890556 0.9680692503 -0.2506776674 0.0192171305 -0.2506618972 -0.9678839368 1.481716125e-05 -0.01611323291 0
0.2625083755 0.1570745116 -0.01244027192 -0.003488473692 0.06641922689 0.5041699417 -0.0004459020553 0.01672238339 0.2542631196 -0.9997933226 -0.00351280557 -0.02002429231 0.001755970569 0.9663568212 -0.2571991655 0.02025410213 -0.2571811703 -0.9661509287 1.567757789e-05 -0.01654556165 0
0.2693676116 0.1611788041 -0.01276533111 -0.003672250214 0.06812655549 0.503862808 -0.0004694797313 0.01715751818 0.2542241564 -0.9997709549 -0.00379307301 -0.02106300978 0.00189604333 0.9646016113 -0.2637046388 0.02131766412 -0.263684175 -0.9643734822 1.656535582e-05 -0.01697789038 0
0.2762268477 0.1652830966 -0.01309039031 -0.003860671966 0.06983171362 0.503547911 -0.0004936623606 0.01759251126 0.2541841936 -0.9997468269 -0.004087673624 -0.02212629942 0.002043276135 0.962803818 -0.2701936953 0.02240774921 -0.2701704997 -0.9625517097 1.748083542e-05 -0.01741021911 0
0.2830860838 0.1693873891 -0.01341544951 -0.004053731737 0.07153464728 0.5032252628 -0.0005184497008 0.01802735908 0.2541432315 -0.9997208497 -0.004396940672 -0.02321399444 0.002197835106 0.9609636436 -0.2766659451 0.02352428842 -0.2766397342 -0.9606857266 1.842436379e-05 -0.01784254785 0
0.2899453198 0.1734916816 -0.01374050871 -0.004251422141 0.07323530256 0.5028948758 -0.0005438415034 0.01846205809 0.2541012705 -0.9996929327 -0.004721205058 -0.02432592416 0.002359885162 0.9590812949 -0.2831210001 0.02466721115 -0.2830914693 -0.9587756509 1.939629453e-05 -0.01827487658 0
0.2968045559 0.1775959741 -0.0140655679 -0.004453735616 0.07493362563 0.5025567625 -0.0005698375137 0.01889660473 0.2540583111 -0.9996629828 -0.005060795278 -0.02546191412 0.002529589994 0.9571569834 -0.2895584749 0.02583644507 -0.2895252969 -0.9568216033 2.039698766e-05 -0.01870720531 0
0.303663792 0.1817002666 -0.0143906271 -0.004660664423 0.07662956277 0.5022109359 -0.0005964374712 0.01933099545 0.2540143537 -0.9996309054 -0.005416037371 -0.02662178602 0.002707112034 0.9551909252 -0.2959779857 0.02703191625 -0.29594081 -0.9548237076 2.142680948e-05 -0.01913953405 0
0.3105230281 0.1858045591 -0.0147156863 -0.004872200647 0.07832306038 0.5018574092 -0.0006236411092 0.01976522669 0.2539693988 -0.9995966035 -0.005787254859 -0.02780535778 0.002892612433 0.9531833411 -0.3023791512 0.02825354904 -0.3023376027 -0.95278209 2.248613246e-05 -0.01957186278 0
0.3173822642 0.1899088516 -0.0150407455 -0.0050883362 0.08001406494 0.5014961959 -0.0006514481549 0.0201992949 0.2539234467 -0.9995599784 -0.006174768702 -0.0290124436 0.003086251032 0.9511344564 -0.3087615925 0.02950126619 -0.3087152704 -0.9506968797 2.357533506e-05 -0.02000419151 0
0.3242415002 0.1940131441 -0.0153658047 -0.005309062816 0.08170252305 0.50112731 -0.0006798583296 0.02063319654 0.2538764981 -0.9995209292 -0.006578897239 -0.03024285392 0.003288186332 0.9490445009 -0.3151249327 0.03077498875 -0.3150734097 -0.9485682087 2.469480167e-05 -0.02043652025 0
0.3311007363 0.1981174366 -0.01569086389 -0.005534372056 0.0833883814 0.5007507653 -0.0007088713485 0.02106692803 0.2538285532 -0.9994793533 -0.006999956141 -0.03149639549 0.003498575474 0.9469137089 -0.3214687975 0.03207463616 -0.3214116184 -0.9463962116 2.584492243e-05 -0.02086884898 0
0.3379599724 0.2022217291 -0.01601592309 -0.005764255307 0.08507158681 0.5003665765 -0.0007384869206 0.02150048584 0.2537796127 -0.9994351461 -0.007438258359 -0.03277287142 0.003717574208 0.9447423194 -0.327792815 0.0334001262 -0.3277294955 -0.9441810257 2.702609311e-05 -0.02130117771 0
0.3448192085 0.2063260216 -0.01634098229 -0.005998703782 0.0867520862 0.499974758 -0.000768704749 0.02193386642 0.2537296771 -0.999388201 -0.007894114069 -0.03407208114 0.003945336869 0.9425305755 -0.3340966155 0.03475137504 -0.3340266414 -0.9419227913 2.823871505e-05 -0.02173350644 0
0.3516784445 0.2104303141 -0.01666604149 -0.006237708519 0.08842982662 0.499575325 -0.0007995245308 0.02236706621 0.2536787467 -0.9993384096 -0.008367830628 -0.03539382049 0.00418201635 0.9402787249 -0.3403798323 0.03612829718 -0.3403026578 -0.9396216511 2.948319494e-05 -0.02216583518 0
0.3585376806 0.2145346066 -0.01699110068 -0.006481260386 0.09010475522 0.4991682927 -0.000830945957 0.02280008166 0.2536268222 -0.9992856616 -0.008859712519 -0.03673788173 0.004427764078 0.9379870196 -0.3466421007 0.03753080555 -0.3465571476 -0.9372777508 3.075994478e-05 -0.02259816391 0
0.3653969167 0.2186388991 -0.01731615988 -0.006729350076 0.09177681928 0.4987536766 -0.0008629687126 0.02323290923 0.2535739041 -0.999229845 -0.009370061302 -0.03810405355 0.004682729987 0.9356557159 -0.3528830589 0.0389588114 -0.3527897152 -0.9348912385 3.206938171e-05 -0.02303049264 0
0.3722561528 0.2227431916 -0.01764121908 -0.006981968111 0.0934459662 0.4983314926 -0.0008955924765 0.02366554537 0.2535199928 -0.9991708456 -0.009899175568 -0.03949212115 0.004947062493 0.9332850746 -0.3591023477 0.04041222442 -0.3589999664 -0.9324622653 3.341192793e-05 -0.02346282138 0
0.3791153889 0.2268474841 -0.01796627828 -0.00723910484 0.09511214349 0.4979017567 -0.0009288169216 0.02409798654 0.253465089 -0.9991085478 -0.01044735089 -0.04090186622 0.005220908473 0.9308753604 -0.3652996106 0.04189095267 -0.3651875084 -0.9299909848 3.478801058e-05 -0.02389515011 0
0.3868320295 0.2314648131 -0.01833196988 -0.007533772677 0.09698297815 0.4974092976 -0.0009669120092 0.02458424539 0.2534021365 -0.9990343735 -0.01108719611 -0.04251346451 0.005540537636 0.928118063 -0.372244763 0.04358466502 -0.372120861 -0.9271604186 3.637672804e-05 -0.02438151993 0
0.3936912655 0.2355691056 -0.01865702907 -0.00780047881 0.09864267135 0.4969635691 -0.001001411788 0.02501626049 0.2533451254 -0.9989646737 -0.01167684347 -0.04396853361 0.00583508023 0.9256262179 -0.3783940493 0.04511687555 -0.3782588479 -0.9245997575 3.782551559e-05 -0.02481384867 0
0.4005505016 0.2396733981 -0.01898208827 -0.008071672378 0.1002992318 0.496510341 -0.001036511188 0.02544806954 0.2532871235 -0.9988913022 -0.01228645554 -0.04544457583 0.006139585069 0.9230961549 -0.3845202132 0.04667410371 -0.3843729073 -0.9219972864 3.930920483e-05 -0.0252461774 0
0.4074097377 0.2437776906 -0.01930714747 -0.008347343029 0.1019526074 0.4960496306 -0.001072209856 0.02587966902 0.2532281313 -0.9988141357 -0.01291631492 -0.04694135881 0.006454192407 0.9205281559 -0.3906229096 0.04825625098 -0.3904626524 -0.9193531701 4.082824204e-05 -0.02567850613 0
0.4142689738 0.2478819831 -0.01963220667 -0.008627480239 0.1036027466 0.4955814556 -0.001108507434 0.0263110554 0.2531681496 -0.9987330495 -0.01356670095 -0.04845864689 0.006779040832 0.9179225073 -0.3967017964 0.04986321729 -0.396527698 -0.9166675757 4.238307786e-05 -0.02611083487 0
0.4211282098 0.2519862756 -0.01995726586 -0.008912073316 0.1052495975 0.4951058338 -0.001145403559 0.02674222513 0.2531071789 -0.9986479171 -0.01423788966 -0.0499962011 0.007114267242 0.915279499 -0.4027565342 0.05149490099 -0.4025676604 -0.9139406731 4.397416717e-05 -0.0265431636 0
0.4279874459 0.2560905681 -0.02028232506 -0.009201111399 0.1068931087 0.4946227833 -0.001182897861 0.02717317468 0.2530452197 -0.9985586104 -0.01493015373 -0.05155377921 0.007460006822 0.9125994253 -0.408786787 0.05315119885 -0.4085821575 -0.9111726349 4.560196903e-05 -0.02697549233 0
0.434846682 0.2601948606 -0.02060738426 -0.00949458346 0.1085332288 0.4941323226 -0.001220989963 0.02760390054 0.2529822729 -0.9984649994 -0.01564376243 -0.0531311358 0.007816393021 0.9098825842 -0.4147922214 0.05483200611 -0.4145708089 -0.9083636361 4.726694656e-05 -0.02740782107 0
0.4417059181 0.2642991531 -0.02093244346 -0.009792478303 0.1101699065 0.4936344704 -0.001259679485 0.02803439916 0.2529183389 -0.9983669528 -0.0163789816 -0.05472802225 0.008183557529 0.9071292777 -0.4207725073 0.05653721645 -0.4205332359 -0.9055138545 4.896956682e-05 -0.0278401498 0
0.4485651542 0.2684034456 -0.02125750266 -0.01009478457 0.1118030907 0.4931292457 -0.001298966037 0.02846466703 0.2528534184 -0.9982643375 -0.01713607357 -0.05634418681 0.008561630255 0.9043398116 -0.4267273176 0.05826672199 -0.4264690611 -0.9026234703 5.071030076e-05 -0.02827247853 0
0.4554243902 0.2725077381 -0.02158256185 -0.01040149072 0.1134327305 0.4926166677 -0.001338849226 0.02889470063 0.2527875121 -0.9981570188 -0.01791529715 -0.0579793746 0.008950739304 0.9015144956 -0.4326563283 0.06002041334 -0.4323779091 -0.8996926662 5.248962307e-05 -0.02870480727 0
0.4622836263 0.2766120306 -0.02190762105 -0.01071258507 0.1150587751 0.492096756 -0.001379328652 0.02932449643 0.2527206206 -0.9980448605 -0.01871690758 -0.0596333277 0.009351010955 0.8986536431 -0.4385592188 0.06179817956 -0.4382594062 -0.8967216279 5.430801215e-05 -0.029137136 0
0.4691428624 0.2807163231 -0.02223268025 -0.01102805575 0.1166811738 0.4915695305 -0.001420403909 0.02975405092 0.2526527447 -0.9979277248 -0.01954115648 -0.06130578514 0.009762569643 0.8957575712 -0.4444356713 0.06359990819 -0.4441131803 -0.8937105431 5.616594997e-05 -0.02956946473 0
0.4760020985 0.2848206156 -0.02255773945 -0.01134789074 0.1182998762 0.4910350111 -0.001462074585 0.03018336059 0.2525838849 -0.9978054724 -0.02038829179 -0.06299648295 0.01018553793 0.8928266007 -0.4502853717 0.06542548527 -0.4499388611 -0.8906596023 5.806392201e-05 -0.03000179346 0
0.4828613346 0.2889249081 -0.02288279864 -0.01167207785 0.1199148319 0.4904932184 -0.001504340264 0.03061242191 0.2525140421 -0.9976779624 -0.02125855778 -0.0647051542 0.0106200365 0.889861056 -0.4561080089 0.06727479531 -0.4557360801 -0.8875689986 6.000241715e-05 -0.0304341222 0
0.4897205706 0.2930292006 -0.02320785784 -0.01200060473 0.1215259907 0.4899441729 -0.00154720052 0.03104123139 0.2524432169 -0.9975450527 -0.02215219497 -0.06643152907 0.0110661841 0.8868612653 -0.4619032752 0.06914772134 -0.4615044706 -0.8844389274 6.198192762e-05 -0.03086645093 0
0.4965798067 0.2971334931 -0.02353291704 -0.01233345885 0.1231333026 0.4893878955 -0.001590654924 0.0314697855 0.25237141 -0.9974065995 -0.02306944007 -0.06817533484 0.01152409758 0.8838275601 -0.4676708663 0.07104414487 -0.4672436676 -0.8812695867 6.400294888e-05 -0.03129877966 0
0.5034390428 0.3012377856 -0.02385797624 -0.01267062755 0.1247367177 0.4888244075 -0.00163470304 0.03189808076 0.2522986221 -0.9972624575 -0.024010526 -0.06993629594 0.01199389181 0.8807602755 -0.4734104812 0.07296394594 -0.4729533083 -0.8780611771 6.60659796e-05 -0.0317311084 0
0.5102982789 0.3053420781 -0.02418303544 -0.01301209798 0.1263361865 0.4882537302 -0.001679344427 0.03232611366 0.252224854 -0.9971124803 -0.0249756818 -0.07171413403 0.01247567971 0.87765975 -0.4791218224 0.07490700312 -0.4786330312 -0.8748139015 6.817152149e-05 -0.03216343713 0
0.517157515 0.3094463706 -0.02450809463 -0.01335785714 0.1279316593 0.4876758855 -0.001724578637 0.0327538807 0.2521501064 -0.9969565198 -0.02596513263 -0.07350856799 0.0129695722 0.8745263255 -0.4848045958 0.07687319349 -0.4842824773 -0.8715279653 7.032007931e-05 -0.03259576586 0
0.524016751 0.3135506631 -0.02483315383 -0.01370789186 0.1295230868 0.4870908954 -0.001770405216 0.03318137838 0.2520743801 -0.9967944267 -0.02697909969 -0.075319314 0.01347567818 0.8713603474 -0.490458511 0.07886239268 -0.4899012891 -0.8682035763 7.251216077e-05 -0.0330280946 0
0.5308759871 0.3176549557 -0.02515821303 -0.01406218882 0.1311104198 0.486498782 -0.001816823706 0.03360860322 0.2519976759 -0.9966260504 -0.02801780022 -0.07714608555 0.01399410455 0.8681621643 -0.4960832808 0.08087447485 -0.4954891112 -0.8648409449 7.474827642e-05 -0.03346042333 0
0.5377352232 0.3217592482 -0.02548327223 -0.01442073454 0.1326936093 0.4858995679 -0.00186383364 0.03403555171 0.2519199945 -0.9964512389 -0.02908144743 -0.0789885935 0.01452495612 0.864932128 -0.5016786218 0.08290931273 -0.5010455901 -0.8614402838 7.702893966e-05 -0.03389275206 0
0.5445944593 0.3258635407 -0.02580833142 -0.01478351537 0.1342726065 0.485293276 -0.001911434547 0.03446222038 0.2518413367 -0.9962698389 -0.0301702505 -0.08084654613 0.01506833567 0.8616705935 -0.5072442543 0.08496677761 -0.5065703744 -0.858001808 7.935466659e-05 -0.0343250808 0
0.5514536954 0.3299678332 -0.02613339062 -0.01515051753 0.1358473627 0.4846799293 -0.00195962595 0.03488860574 0.2517617033 -0.996081696 -0.03128441451 -0.08271964916 0.01562434387 0.8583779192 -0.5127799018 0.08704673932 -0.5120631145 -0.8545257351 8.172597598e-05 -0.03475740953 0
0.5583129314 0.3340721257 -0.02645844982 -0.01552172703 0.1374178295 0.4840595511 -0.002008407365 0.0353147043 0.251681095 -0.9958866543 -0.03242414043 -0.08460760579 0.01619307931 0.8550544663 -0.5182852919 0.0891490663 -0.517523463 -0.851012285 8.414338922e-05 -0.03518973826 0
0.566029572 0.3386894547 -0.02682414142 -0.01594434925 0.1391794173 0.4833532501 -0.002063991098 0.03579371805 0.2515892466 -0.9956587907 -0.03373713146 -0.08674893902 0.01684823971 0.8512792456 -0.5244423541 0.09154075201 -0.523627207 -0.847015253 8.691874009e-05 -0.03567610809 0
0.5728888081 0.3427937472 -0.02714920062 -0.01632445233 0.140740609 0.4827180087 -0.002114024659 0.03621919565 0.2515065697 -0.9954485665 -0.0349318247 -0.08866746297 0.01744433813 0.8478916019 -0.5298825591 0.09369016188 -0.5290175791 -0.8434231172 8.943586673e-05 -0.03610843682 0
0.5797480442 0.3468980397 -0.02747425981 -0.01670871814 0.1422973608 0.4820758103 -0.002164646684 0.03664437559 0.2514229205 -0.9952309492 -0.03615268095 -0.0905998974 0.01805345808 0.8444743283 -0.5352916789 0.09586151678 -0.5343744871 -0.8397943064 9.200074268e-05 -0.03654076555 0
0.5866072803 0.3510023322 -0.02779931901 -0.01709713208 0.1438496253 0.4814266795 -0.002215856666 0.03706925442 0.2513382999 -0.9950057781 -0.03739988381 -0.09254593565 0.0186756893 0.8410277984 -0.5406694563 0.09805467936 -0.5396975922 -0.8361290503 9.461389943e-05 -0.03697309429 0
0.5934665163 0.3551066247 -0.02812437821 -0.01748967938 0.1453973547 0.4807706408 -0.002267654091 0.03749382866 0.2512527089 -0.9947728916 -0.03867361261 -0.09450526878 0.01931111932 0.8375523886 -0.546015638 0.1002695109 -0.5449865576 -0.8324275808 9.727587081e-05 -0.03740542302 0
0.6003257524 0.3592109172 -0.02844943741 -0.01788634514 0.1469405018 0.4801077192 -0.00232003844 0.03791809486 0.2511661481 -0.9945321269 -0.03997404236 -0.09647758561 0.01995983346 0.8340484783 -0.5513299746 0.1025058712 -0.5502410488 -0.8286901318 9.998719287e-05 -0.03783775175 0
0.6071849885 0.3633152097 -0.0287744966 -0.01828711429 0.1484790196 0.4794379399 -0.002373009187 0.03834204956 0.2510786186 -0.9942833202 -0.04130134369 -0.09846257277 0.02062191482 0.8305164494 -0.5566122204 0.104763619 -0.5554607333 -0.82491694 0.0001027484039 -0.03827008048 0
0.6140442246 0.3674195022 -0.0290995558 -0.01869197163 0.1500128609 0.4787613282 -0.002426565802 0.03876568931 0.2509901212 -0.9940263066 -0.04265568289 -0.1004599147 0.02129744428 0.8269566866 -0.5618621338 0.1070426112 -0.5606452811 -0.8211082439 0.0001055600442 -0.03870240922 0
0.6209034607 0.3715237947 -0.029424615 -0.01910090177 0.1515419791 0.47807791 -0.002480707747 0.03918901065 0.2509006568 -0.9937609204 -0.04403722179 -0.1024692939 0.02198650044 0.8233695772 -0.5670794769 0.1093427039 -0.5657943641 -0.8172642845 0.0001084226565 -0.03913473795 0
0.6277626967 0.3756280872 -0.0297496742 -0.01951388921 0.1530663276 0.4773877111 -0.002535434479 0.03961201014 0.2508102262 -0.9934869947 -0.04544611782 -0.1044903906 0.02268915966 0.8197555111 -0.572264016 0.1116637515 -0.5709076566 -0.8133853049 0.0001113367852 -0.03956706668 0
0.6346219328 0.3797323797 -0.0300747334 -0.01993091828 0.1545858602 0.4766907576 -0.00259074545 0.04003468433 0.2507188305 -0.9932043618 -0.04688252392 -0.1065228832 0.02340549602 0.8161148807 -0.5774155213 0.1140056071 -0.5759848352 -0.8094715505 0.0001143029769 -0.03999939542 0
0.6414811689 0.3838366722 -0.03039979259 -0.02035197315 0.1561005306 0.4759870761 -0.002646640104 0.04045702978 0.2506264705 -0.992912853 -0.04834658854 -0.1085664481 0.02413558127 0.8124480809 -0.5825337668 0.1163681227 -0.5810255788 -0.805523269 0.0001173217803 -0.04043172415 0
0.648340405 0.3879409647 -0.03072485179 -0.02077703785 0.1576102929 0.4752766932 -0.002703117882 0.04087904305 0.2505331472 -0.9926122989 -0.0498384556 -0.1106207596 0.0248794849 0.808755509 -0.5876185309 0.1187511488 -0.5860295683 -0.8015407099 0.0001203937457 -0.04086405288 0
0.6551996411 0.3920452572 -0.03104991099 -0.02120609628 0.1591151014 0.4745596359 -0.002760178217 0.04130072072 0.2504388614 -0.9923025289 -0.05135826449 -0.1126854904 0.02563727404 0.8050375647 -0.5926695957 0.1211545346 -0.5909964874 -0.7975241254 0.0001235194256 -0.04129638162 0
0.6620588771 0.3961495497 -0.03137497019 -0.02163913217 0.1606149107 0.4738359313 -0.002817820536 0.04172205935 0.2503436143 -0.991983372 -0.05290614999 -0.1147603113 0.02640901351 0.8012946498 -0.5976867476 0.1235781281 -0.5959260218 -0.7934737694 0.0001266993742 -0.04172871035 0
0.6689181132 0.4002538422 -0.03170002938 -0.0220761291 0.1621096753 0.4731056068 -0.002876044262 0.04214305552 0.2502474066 -0.9916546559 -0.0544822423 -0.1168448912 0.02719476577 0.7975271686 -0.6026697769 0.1260217761 -0.6008178597 -0.7893898982 0.0001299341475 -0.04216103908 0
0.6757773493 0.4043581347 -0.03202508858 -0.02251707053 0.1635993502 0.4723686902 -0.00293484881 0.04256370581 0.2501502394 -0.9913162081 -0.05608666701 -0.1189388976 0.02799459093 0.7937355275 -0.6076184783 0.1284853239 -0.6056716917 -0.7852727701 0.0001332243032 -0.04259336782 0
0.6826365854 0.4084624272 -0.03235014778 -0.02296193976 0.1650838905 0.4716252093 -0.002994233592 0.04298400679 0.2500521137 -0.9909678549 -0.05771954504 -0.1210419959 0.02880854671 0.789920135 -0.6125326505 0.1309686156 -0.6104872107 -0.7811226455 0.000136570401 -0.04302569655 0
0.6894958214 0.4125667197 -0.03267520698 -0.02341071993 0.1665632516 0.4708751923 -0.00305419801 0.04340395505 0.2499530305 -0.990609422 -0.05938099266 -0.1231538502 0.02963668848 0.7860814017 -0.6174120962 0.1334714943 -0.6152641121 -0.776939787 0.000139973002 -0.04345802528 0
0.6963550575 0.4166710122 -0.03300026618 -0.02386339405 0.168037389 0.4701186676 -0.003114741465 0.04382354719 0.2498529907 -0.9902407345 -0.06107112141 -0.1252741228 0.03047906918 0.7822197402 -0.6222566226 0.1359938016 -0.6200020937 -0.7727244592 0.0001434326692 -0.04389035401 0
0.7032142936 0.4207753047 -0.03332532537 -0.02431994501 0.1695062585 0.4693556638 -0.003175863349 0.0442427798 0.2497519953 -0.9898616169 -0.06279003816 -0.1274024748 0.03133573937 0.7783355651 -0.6270660408 0.1385353779 -0.6247008558 -0.7684769287 0.000146949967 -0.04432268275 0
0.7100735297 0.4248795972 -0.03365038457 -0.02478035552 0.1709698161 0.4685862098 -0.003237563048 0.04466164946 0.2496500455 -0.9894718928 -0.06453784503 -0.1295385655 0.03220674719 0.7744292928 -0.6318401664 0.1410960624 -0.6293601012 -0.7641974641 0.0001505254616 -0.04475501148 0
0.7169327658 0.4289838897 -0.03397544377 -0.02524460816 0.1724280181 0.4678103346 -0.003299839944 0.0450801528 0.2495471422 -0.9890713855 -0.06631463936 -0.1316820529 0.03309213834 0.7705013417 -0.636578819 0.1436756933 -0.6339795352 -0.7598863363 0.0001541597207 -0.04518734021 0
0.7237920018 0.4330881822 -0.03430050297 -0.02571268538 0.1738808208 0.4670280677 -0.003362693413 0.04549828641 0.2494432864 -0.9886599175 -0.06812051376 -0.1338325936 0.03399195611 0.7665521319 -0.6412818226 0.1462741072 -0.6385588655 -0.755543818 0.0001578533135 -0.04561966895 0
0.7306512379 0.4371924747 -0.03462556217 -0.02618456949 0.175328181 0.4662394386 -0.003426122824 0.04591604689 0.2493384792 -0.988237311 -0.069955556 -0.135989843 0.03490624132 0.7625820852 -0.6459490055 0.1488911398 -0.6430978025 -0.7511701837 0.0001616068107 -0.04605199768 0
0.7383678785 0.4418098038 -0.03499125376 -0.02671996732 0.176949902 0.4653446632 -0.003498168549 0.04638557723 0.2492194353 -0.9877483423 -0.07205494637 -0.1384243365 0.03595215299 0.7580914034 -0.6511565609 0.1518573506 -0.6481554666 -0.7462129966 0.0001659018123 -0.0465383675 0
0.7452271146 0.4459140963 -0.03531631296 -0.02719988168 0.178385554 0.4645426137 -0.003562819717 0.04680253361 0.2491126099 -0.9873014732 -0.07395223983 -0.1405946914 0.03689730587 0.7540784864 -0.6557470741 0.154513397 -0.6526076176 -0.7417741621 0.0001697845084 -0.04697069624 0
0.7520863507 0.4500183888 -0.03564137216 -0.02768354672 0.1798156296 0.4637342959 -0.00362804482 0.04721910629 0.2490048364 -0.9868429063 -0.07587894441 -0.1427706697 0.03785703794 0.7500460612 -0.6603012576 0.1571875409 -0.6570184867 -0.7373050828 0.0001737289021 -0.04740302497 0
0.7589455867 0.4541226813 -0.03596643136 -0.0281709442 0.1812400864 0.4629197403 -0.003693843203 0.04763529192 0.248896116 -0.9863724617 -0.07783512797 -0.1449519217 0.03883137986 0.7459945562 -0.6648189574 0.1598796131 -0.6613877947 -0.7328060414 0.0001777355701 -0.0478353537 0
0.7658048228 0.4582269738 -0.03629149055 -0.02866205571 0.1826588823 0.4620989777 -0.003760214207 0.04805108712 0.2487864497 -0.9858899593 -0.07982085345 -0.1471380969 0.03982035978 0.741924401 -0.669300024 0.1625894435 -0.6657152654 -0.7282773224 0.0001818050904 -0.04826768244 0
0.7726640589 0.4623312663 -0.03661654975 -0.02915686271 0.1840719754 0.4612720391 -0.003827157166 0.04846648853 0.2486758387 -0.9853952184 -0.08183617894 -0.1493288433 0.04082400337 0.7378360268 -0.6737443122 0.1653168605 -0.6700006249 -0.7237192123 0.0001859380426 -0.04870001117 0
0.779523295 0.4664355588 -0.03694160895 -0.02965534655 0.185479324 0.4604389556 -0.003894671409 0.04888149279 0.248564284 -0.984888058 -0.0838811576 -0.1515238085 0.04184233382 0.7337298661 -0.6781516812 0.1680616917 -0.6742436021 -0.7191319996 0.0001901350075 -0.0491323399 0
0.7863825311 0.4705398513 -0.03726666815 -0.03015748841 0.1868808868 0.4595997587 -0.003962756258 0.04929609655 0.2484517867 -0.9843682971 -0.08595583769 -0.1537226386 0.04287537179 0.7296063524 -0.6825219945 0.1708237634 -0.6784439287 -0.7145159742 0.0001943965672 -0.04956466864 0
0.7932417671 0.4746441438 -0.03759172734 -0.03066326937 0.1882766226 0.45875448 -0.00403141103 0.04971029644 0.248338348 -0.9838357541 -0.08806026252 -0.1559249794 0.04392313541 0.7254659207 -0.6868551201 0.1736029009 -0.682601339 -0.7098714283 0.0001987233052 -0.04999699737 0
0.8001010032 0.4787484363 -0.03791678654 -0.03117267035 0.1896664904 0.4579031514 -0.004100635037 0.05012408913 0.2482239691 -0.9832902472 -0.09019447046 -0.1581304755 0.04498564033 0.7213090069 -0.6911509305 0.1763989284 -0.68671557 -0.7051986556 0.0002031158061 -0.0504293261 0
0.8069602393 0.4828527288 -0.03824184574 -0.03168567217 0.1910504497 0.4570458049 -0.004170427584 0.05053747128 0.2481086511 -0.9827315946 -0.09235849495 -0.1603387709 0.04606289964 0.7171360479 -0.6954093025 0.1792116691 -0.6907863615 -0.7004979518 0.0002075746559 -0.05086165483 0
0.8138194754 0.4869570213 -0.03856690494 -0.0322022555 0.1924284599 0.4561824729 -0.004240787972 0.05095043955 0.2479923952 -0.9821596141 -0.09455236444 -0.1625495089 0.04715492393 0.7129474819 -0.6996301174 0.1820409449 -0.6948134558 -0.6957696141 0.0002121004418 -0.05129398357 0
0.8206787115 0.4910613138 -0.03889196414 -0.03272240089 0.193800481 0.4553131879 -0.004311715495 0.05136299059 0.2478752025 -0.9815741235 -0.09677610243 -0.1647623321 0.04826172122 0.7087437478 -0.7038132609 0.184886577 -0.6987965984 -0.6910139418 0.0002166937523 -0.0517263123 0
0.8275379475 0.4951656063 -0.03921702333 -0.03324608875 0.1951664729 0.4544379826 -0.004383209441 0.0517751211 0.2477570742 -0.9809749405 -0.09902972742 -0.1669768825 0.04938329702 0.7045252855 -0.7079586232 0.1877483853 -0.7027355372 -0.6862312355 0.000221355177 -0.05215864103 0
0.8343971836 0.4992698988 -0.03954208253 -0.03377329938 0.1965263961 0.4535568899 -0.004455269092 0.05218682774 0.2476380115 -0.9803618825 -0.1013132529 -0.1691928016 0.05051965429 0.7002925355 -0.7120660989 0.1906261888 -0.7066300231 -0.6814217979 0.0002260853067 -0.05259096977 0
0.8412564197 0.5033741913 -0.03986714173 -0.03430401294 0.197880211 0.452669943 -0.004527893727 0.05259810719 0.2475180156 -0.9797347672 -0.1036266875 -0.1714097303 0.05167079344 0.6960459394 -0.7161355873 0.1935198055 -0.7104798096 -0.6765859332 0.0002308847334 -0.0530232985 0
0.8481156558 0.5074784838 -0.04019220093 -0.03483820947 0.1992278786 0.4517771752 -0.004601082617 0.05300895614 0.2473970877 -0.9790934119 -0.1059700347 -0.1736273091 0.05283671233 0.6917859392 -0.7201669919 0.1964290522 -0.7142846534 -0.6717239473 0.0002357540503 -0.05345562723 0
0.8549748919 0.5115827763 -0.04051726013 -0.03537586888 0.20056936 0.4508786201 -0.004674835027 0.05341937129 0.2472752291 -0.9784376343 -0.108343293 -0.1758451783 0.05401740626 0.6875129777 -0.7241602208 0.1993537451 -0.7180443137 -0.6668361477 0.0002406938517 -0.05388795597 0
0.8618341279 0.5156870688 -0.04084231932 -0.03591697098 0.2019046166 0.4499743115 -0.004749150218 0.05382934932 0.2471524409 -0.9777672517 -0.1107464558 -0.1780629776 0.055212868 0.6832274981 -0.7281151866 0.2022936991 -0.7217585526 -0.6619228437 0.000245704733 -0.0543202847 0
0.868693364 0.5197913613 -0.04116737852 -0.03646149543 0.2032336098 0.4490642833 -0.004824027444 0.05423888694 0.2470287244 -0.9770820819 -0.1131795118 -0.1802803465 0.05642308774 0.6789299444 -0.7320318065 0.2052487281 -0.7254271353 -0.656984346 0.0002507872907 -0.05475261343 0
0.8755526001 0.5238956538 -0.04149243772 -0.03700942178 0.2045563017 0.4481485698 -0.004899465955 0.05464798086 0.2469040809 -0.9763819425 -0.1156424444 -0.1824969243 0.05764805313 0.6746207608 -0.735910002 0.2082186454 -0.7290498297 -0.6520209671 0.0002559421225 -0.05518494217 0
0.8824118362 0.5279999463 -0.04181749692 -0.03756072945 0.2058726545 0.4472272053 -0.004975464992 0.05505662778 0.2467785116 -0.9756666514 -0.118135232 -0.18471235 0.05888774924 0.6703003919 -0.7397496993 0.2112032629 -0.7326264066 -0.6470330209 0.000261169827 -0.0556172709 0
0.8892710723 0.5321042388 -0.04214255611 -0.03811539776 0.2071826304 0.4463002244 -0.005052023795 0.05546482442 0.2466520178 -0.9749360266 -0.120657848 -0.1869262627 0.06014215859 0.6659692827 -0.743550829 0.214202392 -0.7361566397 -0.6420208229 0.0002664710042 -0.05604959963 0
0.8961303083 0.5362085313 -0.04246761531 -0.03867340589 0.2084861922 0.4453676618 -0.005129141595 0.0558725675 0.2465246007 -0.9741898863 -0.1232102609 -0.1891383013 0.06141126115 0.6616278785 -0.7473133261 0.2172158429 -0.7396403058 -0.6369846902 0.0002718462549 -0.05648192836 0
0.9029895444 0.5403128238 -0.04279267451 -0.03923473291 0.2097833029 0.4444295526 -0.005206817618 0.05627985375 0.2463962616 -0.9734280489 -0.125792434 -0.1913481046 0.06269503432 0.6572766247 -0.7510371305 0.220243425 -0.7430771846 -0.6319249414 0.0002772961809 -0.0569142571 0
0.9098487805 0.5444171163 -0.04311773371 -0.03979935778 0.2110739256 0.4434859319 -0.005285051085 0.0566866799 0.2462670019 -0.9726503331 -0.1284043257 -0.1935553114 0.06399345293 0.6529159669 -0.7547221861 0.2232849467 -0.7464670585 -0.6268418965 0.0002828213852 -0.05734658583 0
0.9175654211 0.5490344454 -0.0434834253 -0.04043847637 0.2125180756 0.4424178147 -0.005373729078 0.05714380528 0.2461204858 -0.9717561979 -0.1313781686 -0.1960348662 0.06547164513 0.647999541 -0.7588214932 0.2267230813 -0.7502242143 -0.6210960253 0.0002891279732 -0.05783295566 0
0.9244246572 0.5531387379 -0.0438084845 -0.04101003877 0.2137947907 0.4414625998 -0.005453144501 0.05754964288 0.2459892739 -0.9709441398 -0.134053051 -0.1982353572 0.06680109008 0.6436203794 -0.7624240431 0.229793585 -0.7535134947 -0.6159645457 0.0002948151506 -0.05826528439 0
0.9312838932 0.5572430304 -0.0441335437 -0.0415848325 0.2150649047 0.4405019846 -0.005533114897 0.05795501019 0.2458571455 -0.9701156388 -0.1367574896 -0.2004321242 0.06814508535 0.6392332065 -0.765987699 0.2328774242 -0.7567551102 -0.6108107797 0.000300579497 -0.05869761312 0
0.9381431293 0.5613473229 -0.0444586029 -0.04216283605 0.2163283819 0.439536005 -0.005613639463 0.05835990397 0.2457241018 -0.9692705149 -0.1394914218 -0.2026248066 0.06950359524 0.6348384678 -0.7695124236 0.2359744038 -0.7599488556 -0.6056350532 0.0003064216196 -0.05912994185 0
0.9450023654 0.5654516154 -0.0447836621 -0.0427440278 0.217585187 0.4385646972 -0.005694717393 0.05876432097 0.2455901443 -0.9684085885 -0.1422547804 -0.2048130445 0.07087658148 0.6304366085 -0.7729981842 0.2390843281 -0.7630945289 -0.6004376937 0.0003123421264 -0.05956227059 0
0.9518616015 0.5695559079 -0.04510872129 -0.04332838599 0.218835285 0.4375880975 -0.005776347871 0.05916825796 0.2454552742 -0.9675296806 -0.1450474929 -0.206996478 0.07226400325 0.6260280739 -0.7764449527 0.2422070002 -0.7661919313 -0.5952190299 0.0003183416265 -0.05999459932 0
0.9587208376 0.5736602004 -0.04543378049 -0.04391588878 0.2200786409 0.4366062424 -0.005858530081 0.05957171171 0.2453194928 -0.9666336127 -0.147869482 -0.2091747478 0.07366581719 0.6216133086 -0.7798527053 0.2453422226 -0.7692408666 -0.5899793919 0.00032442073 -0.06042692805 0
