0.007247184748 0.004847931766 0.003178832646 -2.986366506e-06 0.001848020403 0.5099955357 -3.738940976e-07 0.0004603213216 0.2549994459 -0.9999999998 -8.311377799e-08 -1.739158861e-05 4.229666508e-08 0.9999740014 -0.007210858367 1.739173577e-05 -0.007210858367 -0.9999740013 3.467880459e-08 0.004227847419 0
0.01427526759 0.009549297502 0.006261560623 -1.158692516e-05 0.003640103757 0.5099826787 -1.459015779e-06 0.0009084634622 0.2549978377 -0.9999999977 -6.382334392e-07 -6.747616589e-05 3.202084158e-07 0.9998991295 -0.01420319994 6.747842449e-05 -0.01420319993 -0.9998991272 6.398666616e-08 0.008327875629 0
0.02052245234 0.01372828927 0.009001763269 -2.394701382e-05 0.005232959488 0.5099642016 -3.025083623e-06 0.001307430057 0.2549955166 -0.9999999903 -1.897482266e-06 -0.0001394483991 9.501408871e-07 0.9997915353 -0.0204177861 0.0001394580714 -0.02041778604 -0.9997915256 5.010898464e-08 0.01197234515 0
0.02755053518 0.018429655 0.01208449125 -4.315611216e-05 0.007024743271 0.5099354858 -5.462916284e-06 0.001756366782 0.2549919033 -0.9999999684 -4.591516829e-06 -0.0002512889324 2.29748829e-06 0.9996243353 -0.02740781343 0.0002513203754 -0.02740781314 -0.9996243037 7.549852433e-09 0.01607237336 0
0.03457861802 0.02313102074 0.01516721922 -6.798040907e-05 0.00881627594 0.5098983759 -8.615496445e-06 0.002205249214 0.2549872306 -0.9999999216 -9.078141533e-06 -0.0003957989194 4.541090981e-06 0.9994082859 -0.03439590112 0.0003958769704 -0.03439590022 -0.9994082076 9.336589119e-08 0.02017240157 0
0.04160670086 0.02783238648 0.0182499472 -9.841883967e-05 0.01060749346 0.5098528734 -1.248222187e-05 0.002654051643 0.2549814995 -0.9999998357 -1.581402786e-05 -0.0005729539981 7.909246795e-06 0.9991434166 -0.04138155489 0.0005731176242 -0.04138155263 -0.9991432523 2.096355864e-07 0.02427242978 0
0.04785388561 0.03201137824 0.02099014985 -0.0001301872722 0.01219937048 0.5098053827 -1.651857658e-05 0.003052923527 0.2549755169 -0.9999997126 -2.405860454e-05 -0.0007578069149 1.203161356e-05 0.9988670215 -0.04758858233 0.0007580932509 -0.04758857777 -0.9988667341 3.34898285e-07 0.0279168993 0
0.05488196846 0.03671274398 0.02407287782 -0.0001712264204 0.01398981805 0.5097440332 -2.173346982e-05 0.003501589786 0.2549677875 -0.9999995028 -3.628753548e-05 -0.0009965390147 1.81459719e-05 0.9985100406 -0.05456829146 0.0009970343608 -0.05456828241 -0.9985095435 4.993513022e-07 0.03201692751 0
0.0619100513 0.04141410971 0.0271556058 -0.0002178752736 0.01577976557 0.5096742977 -2.766187045e-05 0.003950193085 0.2549590005 -0.999999195 -5.208236042e-05 -0.001267814931 2.604297075e-05 0.9981043623 -0.06154414103 0.001268616977 -0.0615441245 -0.9981035574 6.881285485e-07 0.03611695571 0
0.06893813414 0.04611547545 0.03023833378 -0.0002701318308 0.01756914907 0.5095961793 -3.430366576e-05 0.004398736673 0.2549491562 -0.9999987625 -7.189765488e-05 -0.001571588931 3.594976529e-05 0.9976500418 -0.06851563857 0.001572821877 -0.06851561027 -0.9976488046 9.00919014e-07 0.04021698392 0
0.07518531889 0.05029446722 0.03297853642 -0.0003212879993 0.01915918701 0.5095197058 -4.080630043e-05 0.004797393005 0.2549395181 -0.9999982493 -9.32533596e-05 -0.00186885133 4.662635753e-05 0.997205416 -0.07470847407 0.001870595485 -0.07470843042 -0.9972036659 1.110109604e-06 0.04386145344 0
0.08221340173 0.05499583295 0.0360612644 -0.0003841305763 0.02094733075 0.5094257623 -4.879534243e-05 0.005245826045 0.2549276769 -0.9999974975 -0.0001219004339 -0.002233866454 6.09477289e-05 0.9966593904 -0.08167040971 0.002236359637 -0.08167034148 -0.9966568888 1.367956853e-06 0.04796148165 0
0.08924148457 0.05969719869 0.03914399238 -0.0004525737263 0.02273472586 0.5093234465 -5.749748691e-05 0.005694199383 0.2549147788 -0.9999965262 -0.0001558767122 -0.002631216802 7.793267765e-05 0.9960649197 -0.08862657442 0.002634677571 -0.08862647161 -0.9960614474 1.649651498e-06 0.05206150986 0
0.09626956741 0.06439856443 0.04222672035 -0.0005266145139 0.0245213085 0.5092127627 -6.691262825e-05 0.006142511137 0.2549008238 -0.9999952965 -0.0001956333994 -0.003060835387 9.780652159e-05 0.9954220849 -0.0955764786 0.003065521094 -0.09557632842 -0.9954173838 1.955250903e-06 0.05616153807 0
0.1025167522 0.06857755619 0.044966923 -0.0005971252369 0.02610864832 0.5091073561 -7.588011828e-05 0.006540956823 0.2548875324 -0.9999939525 -0.0002361892855 -0.003469749531 0.0001180790975 0.994810145 -0.1017485204 0.003475773944 -0.1017483147 -0.994804101 2.247033411e-06 0.05980600759 0
0.109544835 0.07327892193 0.04804965098 -0.000681730482 0.02789352226 0.5089808795 -8.664172279e-05 0.006989145317 0.2548715818 -0.9999921172 -0.0002880917331 -0.003960117237 0.0001440223974 0.9940762003 -0.1086852666 0.003967969623 -0.1086849802 -0.9940683228 2.598044412e-06 0.0639060358 0
0.1165729178 0.07798028766 0.05113237895 -0.0007719235371 0.02967739954 0.5088460497 -9.811598476e-05 0.00743726424 0.2548545749 -0.9999898932 -0.0003470717561 -0.004482529153 0.0001735020681 0.9932941626 -0.1156143432 0.004492596514 -0.1156139524 -0.9932840634 2.973272822e-06 0.06800606401 0
0.1228201026 0.08215927943 0.0538725816 -0.0008567830212 0.03126218006 0.508719193 -0.0001089135032 0.007835531104 0.2548385711 -0.9999875486 -0.0004058011548 -0.004973725536 0.0002028551485 0.9925587296 -0.1217666912 0.004986127763 -0.121766184 -0.9925462886 3.327255343e-06 0.07165053353 0
0.1298481854 0.08686064517 0.05695530958 -0.0009575200821 0.03304400107 0.5085686009 -0.000121733532 0.008283509485 0.2548195695 -0.9999844481 -0.0004793672223 -0.005556420759 0.0002396218773 0.9916861456 -0.1286799569 0.00557191044 -0.1286792871 -0.9916706081 3.748629863e-06 0.07575056174 0
0.1368762683 0.0915620109 0.06003803755 -0.001063833127 0.03482464162 0.5084096733 -0.0001352658186 0.008731408349 0.2547995123 -0.9999808023 -0.00056129708 -0.006170891086 0.0002805664824 0.990765794 -0.1355841534 0.006190010796 -0.1355832818 -0.9907466162 4.194672406e-06 0.07985058995 0
0.1439043511 0.09626337664 0.06312076553 -0.001175717597 0.03660403819 0.508242417 -0.0001495102099 0.00917922402 0.2547783996 -0.9999765512 -0.0006520330408 -0.006817032927 0.0003259094343 0.9897978004 -0.1424787987 0.00684038508 -0.1424776794 -0.9897743783 4.665562956e-06 0.08395061816 0
0.1501515359 0.1004423684 0.06586096818 -0.001279843833 0.0381846284 0.5080867584 -0.0001627695773 0.009577209517 0.2547587468 -0.999972213 -0.0007404362956 -0.007417881724 0.0003700842522 0.9888974722 -0.1485989654 0.007445552553 -0.1485975815 -0.9888697197 5.105146511e-06 0.08759508768 0
0.1571796187 0.1051437341 0.06894369615 -0.001402238826 0.03996150214 0.5079037898 -0.0001783586095 0.01002485775 0.2547356412 -0.999966643 -0.0008490069699 -0.008123546041 0.0004243335393 0.9878398527 -0.1554742595 0.008156761255 -0.1554725204 -0.9878065411 5.62350159e-06 0.09169511589 0
0.1642077016 0.1098450999 0.07202642413 -0.001530190736 0.04173694874 0.5077125142 -0.0001946592595 0.01047241177 0.2547114808 -0.9999602763 -0.0009676520758 -0.008860552696 0.0004836129292 0.9867349894 -0.162338618 0.008900104671 -0.1623364543 -0.9866953247 6.167284412e-06 0.0957951441 0
0.1712357844 0.1145464656 0.07510915211 -0.001663694079 0.04351090494 0.5075129398 -0.0002116713437 0.01091986769 0.2546862659 -0.9999530407 -0.001096807115 -0.009628777445 0.00054813918 0.9855830325 -0.1691915647 0.009675530185 -0.1691888975 -0.985536149 6.736715011e-06 0.0998951723 0
0.1774829691 0.1187254574 0.07784935476 -0.001787019558 0.0450864526 0.5073285802 -0.0002273902946 0.01131752075 0.2546629677 -0.9999458189 -0.001220785282 -0.01033774709 0.0006100750149 0.9845196621 -0.1752731091 0.01039168611 -0.1752699194 -0.9844655749 7.264592327e-06 0.1035396418 0
0.184511052 0.1234268231 0.08093208273 -0.001930993134 0.04685742123 0.5071133538 -0.000245745669 0.01176478061 0.2546357618 -0.9999367343 -0.001370973679 -0.01116458177 0.0006850996108 0.9832791834 -0.1821032071 0.01122755955 -0.1820993351 -0.9832160363 7.883102336e-06 0.10763967 0
0.1915391348 0.1281281889 0.08401481071 -0.002080500963 0.04862671707 0.5068898542 -0.0002648119015 0.01221193094 0.2546075024 -0.9999265552 -0.001532918885 -0.01202224614 0.0007659911317 0.9819920812 -0.1889205273 0.01209535035 -0.188915861 -0.9819187848 8.527948116e-06 0.1117396982 0
0.1985672177 0.1328295546 0.08709753869 -0.002235536639 0.05039427717 0.506658091 -0.0002845887776 0.01265896773 0.2545781897 -0.9999151977 -0.001707048369 -0.01291059561 0.0008529619561 0.9806585304 -0.1957246005 0.01299499708 -0.1957190149 -0.9805739122 9.199385285e-06 0.1158397265 0
0.2048144024 0.1370085464 0.08983774133 -0.002377981423 0.05196393368 0.5064451499 -0.0003027646327 0.01305623521 0.25455125 -0.9999040426 -0.001872402701 -0.01372587897 0.0009355436899 0.9794343043 -0.2017611667 0.01382137487 -0.2017546474 -0.9793385686 9.818755439e-06 0.119484196 0
0.2118424853 0.1417099121 0.09292046931 -0.002543440268 0.0537280436 0.5061978051 -0.0003238832211 0.01350304659 0.2545199486 -0.9998902196 -0.002070705164 -0.01467177644 0.001034572702 0.9780135165 -0.208538944 0.01478101834 -0.2085312296 -0.9779040075 1.054114884e-05 0.1235842242 0
0.2188705681 0.1464112778 0.09600319729 -0.002714407122 0.05549023632 0.5059422263 -0.0003457117878 0.01394973282 0.254487595 -0.9998749589 -0.002282413822 -0.01564791237 0.001140287479 0.9765468205 -0.2153021296 0.01577232763 -0.2152930511 -0.9764221094 1.129092036e-05 0.1276842524 0
0.2251177528 0.1505902696 0.09874339993 -0.00287099575 0.05705496969 0.5057081416 -0.0003657107906 0.01434667892 0.2544579531 -0.9998601099 -0.002482192036 -0.01654084121 0.001240036561 0.9752047114 -0.2213012272 0.01668001842 -0.2212907806 -0.9750652119 1.198060115e-05 0.1313287219 0
0.2321458357 0.1552916353 0.1018261279 -0.003052346446 0.05881337018 0.50543704 -0.0003888797501 0.01479311773 0.2544236128 -0.9998418709 -0.002720362518 -0.01757364117 0.001358944589 0.9736518481 -0.2280355935 0.01773094769 -0.228023416 -0.9734941886 1.278288082e-05 0.1354287501 0
0.2391739185 0.1599930011 0.1049088559 -0.003239183351 0.06056967276 0.5051577371 -0.0004127579559 0.01523941969 0.2543882213 -0.9998219106 -0.002973140338 -0.01863619041 0.001485133523 0.9720536686 -0.2347540411 0.01881333397 -0.2347399111 -0.9718761406 1.361339431e-05 0.1395287783 0
0.2462020014 0.1646943668 0.1079915839 -0.003431498461 0.06232381507 0.5048702448 -0.0004373451391 0.01568558076 0.254351779 -0.9998001251 -0.003240936092 -0.01972830982 0.001618806548 0.9704103895 -0.2414561151 0.01992710065 -0.2414397903 -0.9702111823 1.447245327e-05 0.1436288065 0
0.2524491861 0.1688733586 0.1107317865 -0.003607037559 0.0638811888 0.504607831 -0.0004597953805 0.01608204681 0.2543185041 -0.9997791418 -0.003491914153 -0.02072375824 0.00174407302 0.9689120155 -0.2473994026 0.02094339584 -0.2473809061 -0.9686919332 1.526028334e-05 0.1472732761 0
0.259477269 0.1735747243 0.1138145145 -0.003809677729 0.06563108084 0.5043049037 -0.0004857209818 0.01652793066 0.2542800781 -0.9997536154 -0.003789187463 -0.0218712261 0.001892431626 0.967184161 -0.2540693161 0.02211621973 -0.2540481071 -0.966938691 1.617413904e-05 0.1513733043 0
0.2665053518 0.17827609 0.1168972425 -0.004017771674 0.06737863305 0.5039938236 -0.0005123547392 0.01697366188 0.2542406025 -0.9997259479 -0.004102648936 -0.02304771879 0.002048852619 0.9654118669 -0.2607215556 0.02332019023 -0.2606973257 -0.965138888 1.711748347e-05 0.1554733325 0
0.2735334346 0.1829774558 0.1199799704 -0.004231310484 0.0691237835 0.5036746039 -0.0005396963528 0.01741923639 0.2542000778 -0.9996960245 -0.004432697892 -0.02425303799 0.002213533041 0.963595373 -0.2673556758 0.02455522213 -0.2673280911 -0.9632926517 1.809065759e-05 0.1595733607 0
0.2797806194 0.1871564475 0.1227201731 -0.004425686371 0.07067296207 0.5033840309 -0.0005645940104 0.01781516779 0.2541631754 -0.9996674369 -0.00474032043 -0.02534846872 0.002367007452 0.9619438046 -0.2732371023 0.02567903386 -0.2732062338 -0.9616126772 1.898102477e-05 0.1632178302 0
0.2868087022 0.1918578133 0.1258029011 -0.004649484796 0.07241340725 0.5030494741 -0.0005932718396 0.01826043522 0.2541206703 -0.9996329291 -0.005102779837 -0.02660767975 0.002547820652 0.9600444981 -0.2798357918 0.02697249698 -0.2798008638 -0.9596790927 2.001149955e-05 0.1673178584 0
0.2938367851 0.196559179 0.128885629 -0.004878701044 0.07415127238 0.5027068182 -0.0006226566142 0.0187055342 0.2540771174 -0.9995958181 -0.005482962734 -0.02789511719 0.002737452932 0.9581017181 -0.2864150907 0.02829676297 -0.2863756884 -0.9576994614 2.10728291e-05 0.1714178866 0
0.3008648679 0.2012605447 0.131968357 -0.005113325305 0.07588649597 0.5023560778 -0.0006527480034 0.01915046066 0.2540325172 -0.9995559783 -0.005881256031 -0.02921056403 0.002936094575 0.9561157273 -0.2929745644 0.02965173809 -0.2929302423 -0.9556739232 2.216538172e-05 0.1755179148 0
0.3071120527 0.2054395365 0.1347085597 -0.005326412153 0.07742664975 0.5020375338 -0.0006800888386 0.01954580273 0.2539919938 -0.9995181708 -0.006250808449 -0.03040318502 0.003120380724 0.9543143432 -0.2987882154 0.03088186344 -0.29873912 -0.9538350217 2.316305459e-05 0.1791623844 0
0.3141401355 0.2101409023 0.1377912876 -0.005571223971 0.07915671647 0.501671564 -0.0007115140136 0.01999039221 0.2539454167 -0.9994728248 -0.006684353956 -0.03177092972 0.003336552694 0.9522474687 -0.305309066 0.03229458127 -0.30525412 -0.9517231647 2.431561266e-05 0.1832624126 0
0.3211682184 0.214842268 0.1408740156 -0.005821414171 0.08088396476 0.5012975541 -0.0007436448031 0.02043479743 0.2538977939 -0.9994243724 -0.007137108427 -0.03316603049 0.003562273282 0.950138174 -0.3118088524 0.03373772524 -0.3117475131 -0.9495658239 2.550049507e-05 0.1873624408 0
0.3281963012 0.2195436337 0.1439567436 -0.006076972051 0.08260833364 0.50091552 -0.0007764808453 0.0208790143 0.2538491259 -0.9993726778 -0.007609445268 -0.03458825218 0.003797725414 0.9479867439 -0.3182871514 0.03521119322 -0.3182188395 -0.9473631522 2.671809555e-05 0.191462469 0
0.3344434859 0.2237226255 0.1466969462 -0.006308631978 0.08413863951 0.500569211 -0.0008062602038 0.02127371235 0.2538049883 -0.9993238934 -0.008046038759 -0.0358750237 0.004015332208 0.9460392229 -0.324027261 0.03654631545 -0.3239522342 -0.945367292 2.782819729e-05 0.1951069385 0
0.3414715688 0.2284239912 0.1497796742 -0.0065742988 0.08585740363 0.5001720651 -0.0008404273753 0.02171756238 0.2537543474 -0.999265695 -0.008556370367 -0.03734781603 0.004269658184 0.9438089994 -0.3304638295 0.03807677579 -0.3303806306 -0.943079423 2.91086947e-05 0.1992069667 0
0.3484996516 0.233125357 0.1528624022 -0.006845301102 0.08757311297 0.4997669431 -0.0008752987102 0.02216121233 0.2537026628 -0.9992038475 -0.009087342344 -0.03884702438 0.004534232867 0.9415374936 -0.3368777061 0.03963725301 -0.3367856415 -0.9407466821 3.042308214e-05 0.2033069949 0
0.3547468364 0.2373043487 0.1556026048 -0.007090661844 0.08909557458 0.4994001527 -0.0009068862847 0.02255539658 0.2536558453 -0.9991456909 -0.009576935327 -0.04020162624 0.004778155729 0.9394839676 -0.3425595478 0.04104945396 -0.3424589856 -0.9386355978 3.162021459e-05 0.2069514644 0
0.3617749192 0.2420057145 0.1586853328 -0.007371710479 0.09080534903 0.4989800124 -0.0009430866287 0.02299865752 0.253602191 -0.9990765511 -0.01014787055 -0.04175003848 0.005062564805 0.9371353228 -0.3489294444 0.04266632662 -0.3488185882 -0.936218552 3.29997596e-05 0.2110514926 0
0.3688030021 0.2467070802 0.1617680608 -0.007658060506 0.09251189453 0.4985519471 -0.0009799899807 0.02344170665 0.2535474949 -0.9990033346 -0.01074047205 -0.04332412471 0.005357722276 0.9347462937 -0.3552754722 0.04431289128 -0.3551535 -0.93375712 3.441441562e-05 0.2151515209 0
0.3758310849 0.2514084459 0.1648507888 -0.007949699685 0.0942151511 0.498115975 -0.001017595925 0.02388453992 0.2534917574 -0.9989258883 -0.01135508717 -0.04492361961 0.005663796878 0.9323172016 -0.3615972303 0.04598903139 -0.3614632728 -0.9312514759 3.58646162e-05 0.2192515491 0
0.3820782697 0.2555874377 0.1675909914 -0.008213364718 0.09572634749 0.4977218215 -0.00105161292 0.02427798499 0.2534413393 -0.998853371 -0.01192016988 -0.04636650573 0.005945162842 0.9301246391 -0.3671958752 0.04750366662 -0.3670504942 -0.9289872638 3.718387801e-05 0.2228960186 0
0.3891063525 0.2602888034 0.1706737194 -0.008514960336 0.09742322851 0.4972709655 -0.001090544823 0.02472039946 0.2533836367 -0.9987675099 -0.01257729942 -0.04801325577 0.006272311139 0.9276207668 -0.3734707098 0.04923534608 -0.3733115649 -0.9263985947 3.870242026e-05 0.2269960468 0
0.3961344353 0.2649901692 0.1737564474 -0.008821808494 0.09911664818 0.4968122575 -0.001130178074 0.02516258635 0.2533248946 -0.9986769642 -0.01325742275 -0.04968462411 0.006610851349 0.9250777882 -0.3797201369 0.05099625256 -0.3795462112 -0.9237662344 4.025778956e-05 0.231096075 0
0.4031625182 0.2696915349 0.1768391753 -0.009133896087 0.1008065471 0.496345717 -0.001170512228 0.02560454162 0.2532651137 -0.998581572 -0.01396087087 -0.05138032902 0.006960943318 0.9224960444 -0.3859437698 0.05278626142 -0.3857539919 -0.9210903693 4.185043983e-05 0.2351961032 0
0.4094097029 0.2738705267 0.179579378 -0.009415695047 0.102305676 0.495924455 -0.001206952854 0.02599719304 0.2532111036 -0.9984925774 -0.01460600359 -0.05290782203 0.007281961313 0.9201688968 -0.3914539237 0.05440170964 -0.3912491099 -0.918675453 4.329779748e-05 0.2388405727 0
0.4164377858 0.2785718924 0.182662106 -0.009737642805 0.1039887633 0.4954431746 -0.001248609689 0.02643869978 0.2531493625 -0.9983875804 -0.01535439737 -0.05464871296 0.007654300991 0.9175148776 -0.3976277921 0.05624634231 -0.3974049469 -0.9159179314 4.496212346e-05 0.2429406009 0
0.4234658686 0.2832732581 0.1857448339 -0.01006479089 0.1056681593 0.4949541201 -0.001290966093 0.02687996323 0.2530865845 -0.9982772561 -0.01612704756 -0.05641310376 0.008038640777 0.9148231061 -0.40377477 0.05811970573 -0.4035326541 -0.9131174606 4.66650694e-05 0.2470406292 0
0.4304939515 0.2879746239 0.1888275619 -0.01039712534 0.1073438054 0.4944573126 -0.001334021591 0.02732097934 0.2530227705 -0.9981614338 -0.01692426788 -0.05820069707 0.008435131114 0.9120939422 -0.4098944854 0.0600216673 -0.4096317978 -0.9102742387 4.840710797e-05 0.2511406574 0
0.4367411362 0.2921536157 0.1915677646 -0.01069687626 0.1088300731 0.4940092142 -0.001372879645 0.02771278276 0.2529651777 -0.9980537254 -0.01765378497 -0.05980890405 0.008797887088 0.9096369225 -0.4153110479 0.06173619935 -0.4150289305 -0.9077112032 4.998879092e-05 0.2547851269 0
0.443769219 0.2968549814 0.1946504925 -0.01103896829 0.1104984764 0.49349782 -0.001417254323 0.02815332069 0.2528994086 -0.9979270448 -0.01849825526 -0.06163949912 0.009217730068 0.9068381277 -0.4213782666 0.06369181071 -0.4210729446 -0.9047877809 5.180597683e-05 0.2588851551 0
0.4507973019 0.3015563471 0.1977332205 -0.01138620512 0.112162961 0.4929787348 -0.001462326672 0.02859359963 0.2528326055 -0.997794361 -0.01936817604 -0.06349241579 0.00965014406 0.9040030072 -0.4274171706 0.06567562581 -0.4270871536 -0.9018221972 5.366364613e-05 0.2629851833 0
0.4578253847 0.3062577129 0.2008159485 -0.01173857192 0.1138234692 0.4924519809 -0.001508096185 0.02903361556 0.2527647692 -0.9976554953 -0.02026384286 -0.06536734177 0.01009526961 0.901131939 -0.4334274034 0.06768750423 -0.4330711318 -0.898814662 5.556228865e-05 0.2670852115 0
0.4640725695 0.3104367046 0.2035561511 -0.01205608136 0.1152960914 0.4919773352 -0.001549365055 0.02942451679 0.2527036035 -0.9975267231 -0.02108184024 -0.06705216421 0.01050171976 0.8985500094 -0.4387454781 0.06949928486 -0.4383645021 -0.8961062508 5.728476741e-05 0.270729681 0
0.4711006523 0.3151380704 0.2066388791 -0.01241809695 0.1169489307 0.4914361573 -0.001596450023 0.02986402496 0.2526338177 -0.9973756851 -0.02202692776 -0.06896779818 0.0109712302 0.8956120877 -0.4447005965 0.07156378162 -0.4442902237 -0.8930200571 5.92621549e-05 0.2748297092 0
0.4781287352 0.3198394361 0.2097216071 -0.01278519851 0.118597627 0.4908873763 -0.001644230646 0.03030325851 0.2525630009 -0.9972179372 -0.02299858786 -0.07090451863 0.01145384339 0.8926393358 -0.4506260375 0.07365592493 -0.4501844968 -0.8898925348 6.128195373e-05 0.2789297374 0
0.4843759199 0.3240184279 0.2124618097 -0.01311576808 0.1200596105 0.490393207 -0.001687285884 0.03069345454 0.2524991878 -0.9970719329 -0.02388481722 -0.07264348634 0.01189393804 0.889967969 -0.4558679068 0.07553869762 -0.4553971121 -0.8870779985 6.311334363e-05 0.282574207 0
0.4914040028 0.3287197936 0.2155445377 -0.01349243362 0.1217003251 0.4898301288 -0.001736379049 0.03113215841 0.2524264258 -0.996901 -0.02490742033 -0.07461914337 0.01240165385 0.8869305086 -0.4617363662 0.07768265653 -0.461230846 -0.8838730178 6.521463508e-05 0.2866742352 0
0.4984320856 0.3334211593 0.2186272657 -0.01387413935 0.1233367319 0.489259516 -0.001786166295 0.03157057608 0.2523526352 -0.9967228131 -0.02595738104 -0.0766149344 0.01292284102 0.8838593715 -0.4675741776 0.07985382886 -0.4670319322 -0.8806273561 6.735980854e-05 0.2907742634 0
0.5054601684 0.3381225251 0.2217099937 -0.014260869 0.1249687742 0.4886813929 -0.001836647061 0.03200870354 0.2522778168 -0.9965371803 -0.02703496117 -0.07863052307 0.01345762174 0.8807549651 -0.4733810135 0.08205206092 -0.4727999602 -0.8773412431 6.954938026e-05 0.2948742916 0
0.5117073532 0.3423015168 0.2244501963 -0.014608833 0.1264157688 0.4881612207 -0.001882100608 0.0323979033 0.2522104494 -0.9963657659 -0.02801620446 -0.08043850314 0.01394449082 0.8779678953 -0.47851638 0.08402863605 -0.4778990135 -0.8743864828 7.1533359e-05 0.2985187611 0
0.518735436 0.3470028826 0.2275329243 -0.01500500718 0.1280394132 0.487568979 -0.001933889801 0.03283547167 0.2521336919 -0.9961655388 -0.02914665062 -0.08249055787 0.01450527169 0.8748017724 -0.484263829 0.08627755486 -0.4836034861 -0.8710245988 7.380821519e-05 0.3026187893 0
0.5257635189 0.3517042483 0.2306156523 -0.01540615713 0.1296585305 0.486969299 -0.001986370853 0.03327273828 0.2520559091 -0.9959573015 -0.03030544332 -0.08456141999 0.01507998322 0.8716035795 -0.4899793816 0.08855307872 -0.4892737274 -0.8676229434 7.612898074e-05 0.3067188175 0
0.5327916017 0.356405614 0.2336983803 -0.01581226576 0.1312730651 0.4863622062 -0.002039543171 0.03370969914 0.2519771018 -0.9957408555 -0.03149282394 -0.08665074049 0.01566873652 0.8683737392 -0.4956627278 0.09085504655 -0.4949093362 -0.8641817572 7.84961853e-05 0.3108188457 0
0.5390387865 0.3605846058 0.2364385829 -0.0161774001 0.1327043146 0.485816366 -0.002087387295 0.0340978489 0.2519061916 -0.9955414059 -0.03257246406 -0.08852312561 0.01620394845 0.8654765468 -0.5006873067 0.09292330836 -0.4998893694 -0.8610899356 8.063978368e-05 0.3144633153 0
0.5460668693 0.3652859715 0.2395213109 -0.01659282783 0.134310041 0.4851953421 -0.002141863703 0.03453422137 0.2518254518 -0.9953089069 -0.03381448371 -0.09064634877 0.01681951786 0.862188095 -0.5063089893 0.09527477983 -0.5054584746 -0.8575747471 8.309616283e-05 0.3185633435 0
0.5530949521 0.3699873373 0.2426040389 -0.01701316375 0.1359110245 0.484566981 -0.00219702963 0.03497027658 0.2517436901 -0.9950676164 -0.03508575833 -0.09278700481 0.0174494335 0.8588692381 -0.5118975962 0.09765221949 -0.5109918016 -0.854020739 8.5600529e-05 0.3226633717 0
0.560123035 0.374688703 0.2456867668 -0.01743838998 0.13750721 0.4839313093 -0.002252884454 0.03540601057 0.2516609075 -0.9948173298 -0.03638650818 -0.09494473299 0.01809379497 0.8555204133 -0.5174528356 0.100055459 -0.5164889588 -0.8504281631 8.815342403e-05 0.3267633999 0
0.5663702197 0.3788676948 0.2484269695 -0.0178204597 0.1389219695 0.4833601523 -0.002303111012 0.03579305679 0.2515864666 -0.9945871338 -0.0375676486 -0.09687675185 0.01867876624 0.8525188777 -0.5223625818 0.1022131937 -0.5213446412 -0.8472025898 9.046384471e-05 0.3304078694 0
0.5733983026 0.3835690605 0.2515096975 -0.0182548737 0.1405089431 0.4827107458 -0.002360265366 0.03622817317 0.2515017582 -0.9943192907 -0.03892465517 -0.09906573296 0.01935067538 0.8491146512 -0.5278540143 0.1046647008 -0.5267724179 -0.8435378593 9.310989416e-05 0.3345078976 0
0.5804263854 0.3882704263 0.2545924254 -0.01869412523 0.1420909612 0.4820541077 -0.002418106782 0.03666295687 0.2514160315 -0.9940418518 -0.04031174195 -0.1012707281 0.0200373011 0.8456817387 -0.5333112632 0.1071415114 -0.5321629077 -0.839835303 9.58060542e-05 0.3386079258 0
0.5866735702 0.392449418 0.2573326281 -0.01908861708 0.1434929956 0.4814643808 -0.00247009764 0.03704914878 0.2513389761 -0.9937870139 -0.04157012105 -0.1032438672 0.02066006075 0.8426065426 -0.5381332329 0.1093642216 -0.5369228431 -0.8365125986 9.824515603e-05 0.3422523953 0
0.593701653 0.3971507838 0.2604153561 -0.01953695506 0.1450655061 0.4807941593 -0.002529235055 0.03748329326 0.2512513289 -0.9934908751 -0.04301456283 -0.105478095 0.02137472139 0.8391206761 -0.5435251716 0.1118883481 -0.5422418632 -0.8327393105 0.0001010374804 0.3463524236 0
0.6007297358 0.4018521495 0.263498084 -0.0199900761 0.1466329054 0.4801167876 -0.002589057632 0.03791709363 0.2511626663 -0.9931845297 -0.0444896425 -0.1077272562 0.02210434366 0.835607433 -0.5488821512 0.1144372667 -0.5475225015 -0.828928961 0.0001038815202 0.3504524518 0
0.6077578187 0.4065535152 0.266580812 -0.02044796095 0.1481951403 0.4794322944 -0.002649564695 0.03835054593 0.2510729894 -0.9928677637 -0.04599554192 -0.1099909717 0.02284900631 0.8320672724 -0.5542039129 0.1170107971 -0.5527643841 -0.8250818196 0.0001067778361 0.35455248 0
0.6140050034 0.410732507 0.2693210147 -0.02085895325 0.1495794149 0.4788179011 -0.002703922833 0.03873554148 0.2509924258 -0.992577272 -0.04736013499 -0.1120150734 0.02352361633 0.8288982393 -0.5589045968 0.1193188942 -0.5573909997 -0.8216314715 0.0001093966804 0.3581969495 0
0.6210330863 0.4154338727 0.2724037426 -0.02132578322 0.1511317499 0.4781200359 -0.002765720954 0.03916832557 0.2509008356 -0.992240235 -0.04892472504 -0.1143052377 0.02429689224 0.8253084983 -0.5641591474 0.1219384152 -0.562558667 -0.8177155796 0.0001123932786 0.3622969777 0
0.6280611691 0.4201352385 0.2754864706 -0.0217973203 0.1526787675 0.4774151339 -0.002828201574 0.03960075023 0.2508082341 -0.9918921528 -0.05052062737 -0.1166088478 0.02508541821 0.8216931833 -0.5693777606 0.124582017 -0.5676865144 -0.8137636895 0.0001154437867 0.3663970059 0
0.635089252 0.4248366042 0.2785691986 -0.0222735445 0.1542204154 0.4767032252 -0.002891363992 0.0400328115 0.2507146222 -0.9915328072 -0.05214800101 -0.1189255155 0.02588926058 0.8180527648 -0.5745601972 0.1272495125 -0.5727741789 -0.8097760811 0.0001185487747 0.3704970341 0
0.6413364367 0.429015596 0.2813094012 -0.02270077344 0.155586219 0.4760645597 -0.002948080163 0.04041655774 0.2506305642 -0.9912037558 -0.0536210996 -0.1209954221 0.02661669646 0.8147961451 -0.5791362477 0.1296405259 -0.5772625223 -0.8062017827 0.0001213549631 0.3741415036 0
0.6483645196 0.4337169617 0.2843921292 -0.02318579581 0.1571175818 0.4753394986 -0.003012528475 0.04084792194 0.2505350468 -0.9908225354 -0.05530833185 -0.1233356874 0.02744963943 0.8111096019 -0.5842497164 0.1323526375 -0.5822733054 -0.8021474784 0.0001245644217 0.3782415319 0
0.6553926024 0.4384183274 0.2874748572 -0.02367544642 0.1586434249 0.4746075187 -0.003077656512 0.04127891143 0.250438522 -0.9904294151 -0.05702746125 -0.1256878767 0.02829807229 0.8073993291 -0.5893263463 0.1350880927 -0.5872428731 -0.7980582781 0.0001278300204 0.3823415601 0
0.6624206852 0.4431196932 0.2905575852 -0.02416970451 0.1601636968 0.4738686511 -0.00314346354 0.04170952232 0.2503409911 -0.9900241728 -0.05877862351 -0.1280515937 0.02916204874 0.8036658073 -0.5943659184 0.137846698 -0.5921708736 -0.7939344711 0.0001311523382 0.3864415883 0
0.66866787 0.4472986849 0.2932977878 -0.02461289613 0.1615103312 0.4732061229 -0.003202528095 0.04209196654 0.2502534532 -0.9896536007 -0.06036220889 -0.1301620311 0.02994311755 0.8003279939 -0.5988142549 0.1403180684 -0.5965161405 -0.7902400482 0.0001341535953 0.3900860578 0
0.6756959528 0.4520000507 0.2963805158 -0.02511579996 0.1630199403 0.4724543308 -0.003269615636 0.0425218516 0.2501540247 -0.9892248523 -0.06217422637 -0.1325464343 0.03083658894 0.7965518767 -0.6037832496 0.1431198674 -0.6013646758 -0.7860516715 0.0001375846362 0.394186086 0
0.6827240357 0.4567014164 0.2994632438 -0.02562325027 0.1645238311 0.4716957421 -0.00333738001 0.04295134677 0.2500535933 -0.9887833354 -0.0640186345 -0.1349412095 0.03174574048 0.7927539116 -0.608714583 0.1459442481 -0.6061706444 -0.7818295379 0.0001410740806 0.3982861142 0
0.6897521185 0.4614027822 0.3025459717 -0.02613522557 0.1660219532 0.470930389 -0.003405820454 0.04338044816 0.24995216 -0.988328825 -0.0658955452 -0.1373459531 0.03267061296 0.788934588 -0.6136080565 0.1487910103 -0.6109337059 -0.7775739465 0.0001446225155 0.4023861424 0
0.6959993033 0.4655817739 0.3052861744 -0.02659409597 0.167348734 0.4702444226 -0.003467223347 0.04376153789 0.249861157 -0.9879137249 -0.067591282 -0.1394915439 0.03350595002 0.7855221002 -0.6179258705 0.1513400923 -0.6151312451 -0.7737633538 0.0001478266789 0.4060306119 0
0.7030273861 0.4702831397 0.3083689024 -0.0271145592 0.1688358232 0.4694663808 -0.003536938707 0.04418988486 0.2497578345 -0.987434054 -0.06952986994 -0.1419140097 0.03446061711 0.7816637748 -0.6227473075 0.1542285798 -0.6198123428 -0.7694453878 0.0001514881488 0.4101306401 0
0.7100554689 0.4749845054 0.3114516303 -0.02763948433 0.1703169997 0.468681669 -0.003607327892 0.04461782683 0.2496535135 -0.9869407352 -0.07150124901 -0.144345269 0.03543110415 0.7777855158 -0.6275303405 0.1571388626 -0.6244495679 -0.7650948405 0.000155210316 0.4142306684 0
0.7163026537 0.4791634972 0.314191833 -0.02810981229 0.1716285974 0.4679785746 -0.003670461099 0.04499787655 0.2495599464 -0.9864905879 -0.0732811854 -0.1465134393 0.03630706274 0.7743218415 -0.6317495413 0.1597439114 -0.628534449 -0.7612005841 0.0001585703454 0.4178751379 0
0.7233307365 0.4838648629 0.317274561 -0.02864310472 0.1730984711 0.4671813545 -0.003742120901 0.04542504294 0.2494537426 -0.9859708678 -0.07531473765 -0.1489601895 0.0373075048 0.7704072869 -0.6364595528 0.1626947997 -0.6330879106 -0.7567893363 0.0001624087863 0.4219751661 0
0.7303588194 0.4885662286 0.3203572889 -0.02918079442 0.1745622904 0.4663775609 -0.003814452221 0.04585179316 0.2493465437 -0.9854368407 -0.07738131747 -0.1514145457 0.0383238376 0.7664742386 -0.6411306615 0.1656668839 -0.63759656 -0.7523464031 0.0001663096468 0.4260751943 0
0.7373869022 0.4932675944 0.3234400169 -0.02972285868 0.1760200068 0.4655672277 -0.003887454247 0.04627812332 0.249238351 -0.9848882775 -0.07948099449 -0.1538760945 0.03935607903 0.7625231982 -0.645762705 0.1686599537 -0.6420600779 -0.7478720989 0.0001702735265 0.4301752225 0
0.743634087 0.4974465861 0.3261802196 -0.03020834754 0.1773105922 0.4648414693 -0.003952907335 0.04665672773 0.2491413463 -0.984388277 -0.08137521066 -0.1560698407 0.04028699411 0.7589964647 -0.6498471549 0.1713379064 -0.6459895058 -0.7438688595 0.0001738503661 0.433819692 0
0.7506621698 0.5021479519 0.3292629475 -0.03075861223 0.1787566495 0.4640188773 -0.004027174003 0.04708225398 0.2490312796 -0.9838116303 -0.08353757217 -0.1585438427 0.04134932181 0.7550128134 -0.6544049856 0.1743700364 -0.6503669162 -0.7393361649 0.0001779349241 0.4379197202 0
0.7576902527 0.5068493176 0.3323456755 -0.03131318485 0.1801964654 0.4631898454 -0.004102108984 0.04750734907 0.2489202225 -0.9832197838 -0.08573319644 -0.1610238359 0.04242759052 0.7510126275 -0.6589233134 0.177422536 -0.6546982911 -0.7347730203 0.000182084243 0.4420197484 0
0.7647183355 0.5115506833 0.3354284035 -0.03187204199 0.1816299926 0.4623544085 -0.004177711436 0.04793200916 0.2488081765 -0.9826125072 -0.08796212843 -0.1635094025 0.04352180475 0.7469964139 -0.6634019974 0.180495189 -0.6589833242 -0.7301797486 0.000186298929 0.4461197767 0
0.7709655202 0.5157296751 0.3381686061 -0.03237238173 0.1828989213 0.4616064494 -0.004245473274 0.04830911651 0.2487077507 -0.9820595657 -0.08997139466 -0.1657231352 0.04450782693 0.7434134019 -0.6673496589 0.1832431792 -0.6627530928 -0.7260718113 0.000190100684 0.4497642462 0
0.7779936031 0.5204310408 0.3412513341 -0.03293926741 0.1843204414 0.4607590107 -0.004322334179 0.04873294448 0.2485938399 -0.9814225143 -0.09226334129 -0.1682180857 0.0456321606 0.7393683014 -0.6717530951 0.1863533054 -0.6669497663 -0.7214225217 0.0001944405007 0.4538642744 0
0.7850216859 0.5251324066 0.3443340621 -0.03351036903 0.1857355376 0.4599052695 -0.004399860079 0.04915632639 0.2484789437 -0.9807693664 -0.09458868964 -0.1707173973 0.04677243343 0.7353086444 -0.6761165114 0.1894829528 -0.6710992306 -0.7167440501 0.0001988474446 0.4579643026 0
0.7920497688 0.5298337723 0.3474167901 -0.03408566254 0.1871441636 0.4590452618 -0.004478050101 0.04957925843 0.2483630634 -0.9800998913 -0.09694745979 -0.1732206487 0.0479286365 0.7312349419 -0.6804397883 0.1926319 -0.675201192 -0.7120367275 0.0002033221278 0.4620643308 0
0.7982969535 0.5340127641 0.3501569927 -0.03460053407 0.1883908067 0.4582755792 -0.004548109169 0.04995481727 0.2482592337 -0.9794909088 -0.09907221337 -0.1754487278 0.04896973612 0.7276024957 -0.6842489117 0.1954469864 -0.6788072663 -0.7078284897 0.0002073569878 0.4657088003 0
0.8053250364 0.5387141298 0.3532397207 -0.0351836793 0.1897870863 0.457403834 -0.004627551242 0.05037688915 0.2481414982 -0.9787899634 -0.1014941457 -0.17795827 0.05015599293 0.7235036605 -0.6884960636 0.1986317795 -0.6828187107 -0.7030675817 0.0002119612988 0.4698088285 0
0.8123531192 0.5434154956 0.3563224487 -0.03577094594 0.1911767639 0.4565259277 -0.004707654879 0.05079850017 0.2480227824 -0.9780720239 -0.1039495217 -0.1804705321 0.05135813463 0.7193922608 -0.6927027624 0.2018352249 -0.6867818227 -0.698278791 0.0002166351263 0.4739088567 0
0.8186003039 0.5475944873 0.3590626513 -0.0362964007 0.1924064542 0.4557404241 -0.00477941277 0.05117287554 0.2479164354 -0.9774194023 -0.1061601506 -0.182705595 0.0524400224 0.7157275509 -0.6964080104 0.2046982073 -0.6902637868 -0.6939989543 0.0002208484984 0.4775533263 0
0.8256283868 0.5522958531 0.3621453793 -0.03689138464 0.193783539 0.4548509812 -0.004860763564 0.05159360568 0.2477958717 -0.9766687335 -0.1086786794 -0.1852218392 0.05367210476 0.711593821 -0.7005380354 0.2079362649 -0.6941348418 -0.6891584224 0.0002256553216 0.4816533545 0
0.8326564696 0.5569972188 0.3652281073 -0.03749041813 0.1951538927 0.4539554846 -0.004942773299 0.052013864 0.2476743316 -0.9759004045 -0.1112306202 -0.1877395793 0.0549199976 0.7074490128 -0.70462734 0.2111923161 -0.6979567633 -0.6842909923 0.0002305334501 0.4857533827 0
0.8396845525 0.5616985845 0.3683108353 -0.03809347598 0.1965174711 0.453053972 -0.005025441054 0.05243364673 0.2475518165 -0.9751141853 -0.1138159494 -0.190258391 0.05618366839 0.7032936413 -0.7086758424 0.2144661304 -0.701729281 -0.6793970085 0.0002354835057 0.4898534109 0
0.8459317372 0.5658775763 0.3710510379 -0.03863288539 0.1977238176 0.4522476076 -0.005099475164 0.05280638463 0.2474420967 -0.9744001189 -0.1161420254 -0.1924978913 0.05732014795 0.6995915265 -0.7122401959 0.2173909125 -0.7050409392 -0.6750247886 0.0002399444423 0.4934978804 0
0.8529598201 0.570578942 0.3741337659 -0.03924347553 0.1990744793 0.4513348349 -0.005183383305 0.05322525873 0.2473177437 -0.9735794802 -0.1187903343 -0.1950175691 0.05861352043 0.6954176087 -0.7162114246 0.2206976461 -0.7087194127 -0.6700815943 0.000245032062 0.4975979086 0
0.8599879029 0.5752803078 0.3772164939 -0.03985801638 0.2004182401 0.4504161563 -0.005267946762 0.05364364636 0.2471924197 -0.9727402881 -0.1214719273 -0.1975370922 0.05992255728 0.6912346172 -0.7201416466 0.2240214701 -0.7123477205 -0.6651128522 0.0002501934131 0.5016979368 0
0.8670159857 0.5799816735 0.3802992218 -0.04047648212 0.2017550573 0.4494916104 -0.005353164583 0.05406154377 0.2470661261 -0.9718823139 -0.1241867558 -0.200056036 0.06124721243 0.6870430677 -0.7240308019 0.2273621491 -0.7159256057 -0.6601189138 0.0002554291225 0.505797965 0
0.8732631705 0.5841606653 0.3830394245 -0.04102950345 0.2029374755 0.4486648975 -0.005429462327 0.05443259355 0.2469530524 -0.971103718 -0.1266277935 -0.2022942677 0.06243775533 0.6833104782 -0.7274533092 0.2303456003 -0.7190634133 -0.6556589908 0.0002601460186 0.5094424346 0
0.8802912533 0.588862031 0.3861221525 -0.04165531195 0.2042610611 0.4477293749 -0.005515913553 0.05484955476 0.2468249313 -0.9702096442 -0.1294052444 -0.2048109594 0.06379177364 0.6791041703 -0.7312647506 0.2337174704 -0.7225453678 -0.6506184254 0.000265523898 0.5135424628 0
0.8873193362 0.5935633967 0.3892048804 -0.04228496994 0.205577581 0.4467880977 -0.005603016357 0.05526601492 0.2466958447 -0.9692961302 -0.1322157539 -0.207325846 0.06516125756 0.6748907936 -0.7350349836 0.2371055093 -0.725976178 -0.6455536898 0.0002709779543 0.517642491 0
0.894347419 0.5982647625 0.3922876084 -0.04291845103 0.2068869937 0.4458411053 -0.00569076976 0.05568197033 0.2465657942 -0.9683629494 -0.1350592483 -0.2098385039 0.06654614747 0.6706708631 -0.7387639702 0.240509477 -0.7293556011 -0.6404651424 0.0002765088193 0.5217425192 0
0.9005946038 0.6024437542 0.3950278111 -0.04348473339 0.2080449161 0.4449945684 -0.00576931817 0.0560512817 0.2464493856 -0.9675167621 -0.1376144253 -0.2120697643 0.06779004325 0.6669147278 -0.7420439716 0.2435484038 -0.7323161993 -0.6359222903 0.0002814901369 0.5253869887 0
0.9076226866 0.60714512 0.398110539 -0.04412536332 0.2093407918 0.4440368892 -0.005858297787 0.0564662735 0.2463175182 -0.9665458167 -0.1405200007 -0.2145770574 0.06920385849 0.6626838215 -0.7456949636 0.2469818012 -0.7355979079 -0.6307897493 0.0002871678133 0.5294870169 0
0.9146507695 0.6118464857 0.401193267 -0.04476973925 0.2106294421 0.4430736101 -0.005947925135 0.0568807498 0.2461846911 -0.9655545534 -0.143458312 -0.2170808998 0.07063288807 0.6584478466 -0.74930463 0.2504304284 -0.7388275482 -0.6256344416 0.0002929241305 0.5335870451 0
0.9216788523 0.6165478515 0.404275995 -0.04541783421 0.2119108266 0.4421047714 -0.006038199207 0.05729470689 0.2460509058 -0.9645427483 -0.1464292606 -0.2195808697 0.07207705893 0.654207316 -0.7528729543 0.2538940414 -0.7420048917 -0.6204567321 0.000298759725 0.5376870733 0
0.927926037 0.6207268432 0.4070161976 -0.04599701883 0.2130437031 0.4412389469 -0.006118984935 0.05766222988 0.2459311823 -0.9636259407 -0.1490974181 -0.2217994734 0.07337341579 0.6504345451 -0.7560100822 0.2569851909 -0.7447851116 -0.6158358135 0.0003040139894 0.5413315428 0
0.9349541199 0.625428209 0.4100989256 -0.0466520645 0.2143112548 0.4402597176 -0.006210477822 0.05807519615 0.2457955911 -0.9625747264 -0.1521297229 -0.2242909794 0.07484597533 0.6461868063 -0.7595002906 0.2604764404 -0.7478630615 -0.6106167908 0.0003100010705 0.5454315711 0
0.9419822027 0.6301295747 0.4131816536 -0.04731075046 0.2155714264 0.4392750464 -0.006302614484 0.05848763256 0.245659046 -0.9615023283 -0.1551943441 -0.2267773978 0.07633344579 0.6419359893 -0.7629491403 0.2639819646 -0.750888075 -0.6053764293 0.000316069274 0.5495315993 0
0.9482293875 0.6343085665 0.4159218562 -0.04789928288 0.2166853517 0.4383952479 -0.006385053353 0.05885379488 0.2455368732 -0.9605311234 -0.1579454819 -0.2289829375 0.07766808976 0.6381553132 -0.7659800677 0.2671097692 -0.7535323623 -0.600700716 0.0003215318533 0.5531760688 0
0.9552574703 0.6390099322 0.4190045842 -0.04856476972 0.217931477 0.43740041 -0.006478403202 0.05926522038 0.2453985306 -0.9594181108 -0.1610708031 -0.2314586034 0.07918348675 0.6339000715 -0.7693508138 0.2706415787 -0.7564568036 -0.5954210613 0.0003277550372 0.557276097 0
0.9622855532 0.6437112979 0.4220873122 -0.04923381694 0.2191701107 0.4364002497 -0.006572393814 0.05967610539 0.2452592387 -0.9582832803 -0.1642280667 -0.2339279736 0.08071353572 0.6296432211 -0.772680231 0.2741869434 -0.7593277002 -0.5901211433 0.0003340611976 0.5613761252 0
