0.0068777615 0.004198942173 -0.001468539635 -2.45473447e-06 0.001753819692 0.5099959792 -3.083840682e-07 0.0004368082694 0.2549995011 -0.9999999999 -6.473015967e-08 -1.42955613e-05 3.310016164e-08 0.9999765844 -0.00684329937 1.429566952e-05 -0.00684329937 -0.9999765843 3.051632857e-08 -0.001953157715 0
0.01359520321 0.008300007514 -0.00290284779 -9.591302875e-06 0.003466703521 0.5099842897 -1.211671712e-06 0.0008650527171 0.2549980397 -0.9999999984 -5.029908629e-07 -5.585496076e-05 2.525862693e-07 0.9999085105 -0.01352666089 5.585665441e-05 -0.01352666089 -0.999908509 5.990131194e-08 -0.003860787561 0
0.02031264493 0.01240107286 -0.004337155945 -2.141077377e-05 0.005179479983 0.5099649297 -2.714493952e-06 0.001294030285 0.2549956081 -0.9999999922 -1.679049364e-06 -0.0001246797042 8.409697462e-07 0.9997957734 -0.02020919293 0.0001246881735 -0.02020919288 -0.9997957656 4.846305944e-08 -0.005768417407 0
0.02703008664 0.0165021382 -0.0057714641 -3.791270788e-05 0.006892096032 0.5099378999 -4.816350948e-06 0.001723126648 0.2549922072 -0.9999999756 -3.95730973e-06 -0.0002207594216 1.980449424e-06 0.9996383855 -0.02689048577 0.0002207860058 -0.02689048555 -0.9996383611 6.031162093e-09 -0.007676047253 0
0.03374752836 0.02060320354 -0.007205772255 -5.90964919e-05 0.00860449863 0.5099032014 -7.516369694e-06 0.002152178008 0.2549878383 -0.9999999408 -7.702004132e-06 -0.0003440796362 3.853135277e-06 0.9994363643 -0.03357012982 0.0003441442579 -0.03357012916 -0.9994363051 7.767575256e-08 -0.009583677099 0
0.04046497007 0.02470426888 -0.00864008041 -8.496133856e-05 0.01031663475 0.5098608355 -1.0814044e-05 0.002581157394 0.2549825024 -0.9999998776 -1.327713605e-05 -0.0004946217668 6.641019058e-06 0.9991897324 -0.04024771572 0.0004947553652 -0.04024771408 -0.99918961 1.797935761e-07 -0.01149130694 0
0.04718241179 0.02880533422 -0.01007438856 -0.0001155062866 0.01202845136 0.5098108036 -1.47090984e-05 0.003010067759 0.2549761999 -0.9999997737 -2.104642347e-05 -0.0006723631298 1.052594495e-05 0.9988985171 -0.04692283435 0.0006726100912 -0.04692283081 -0.9988982909 3.048212421e-07 -0.01339893679 0
0.0538998535 0.03290639956 -0.01150869672 -0.0001507302009 0.01373989548 0.5097531077 -1.920136849e-05 0.003438916017 0.2549689309 -0.9999996147 -3.137324218e-05 -0.0008772769433 1.568958025e-05 0.9985627509 -0.05359507688 0.0008776975291 -0.05359507 -0.9985623657 4.516358477e-07 -0.01530656664 0
0.06061729521 0.0370074649 -0.01294300487 -0.0001906317724 0.0154509141 0.50968775 -2.429074144e-05 0.003867707615 0.2549606959 -0.9999993837 -4.462056909e-05 -0.00110933233 2.231338603e-05 0.9981824711 -0.06026403486 0.001110005102 -0.06026402247 -0.9981818549 6.196902859e-07 -0.01721419648 0
0.06733473693 0.04110853024 -0.01437731303 -0.0002352095182 0.01716145425 0.5096147327 -2.997712794e-05 0.004296445895 0.2549514948 -0.9999990617 -6.115092558e-05 -0.001368494322 3.057858792e-05 0.99775772 -0.0669293002 0.001369518563 -0.06692927925 -0.997756782 8.08717606e-07 -0.01912182633 0
0.07405217864 0.04520959558 -0.01581162118 -0.0002844617818 0.01887146298 0.5095340588 -3.626044865e-05 0.004725132443 0.2549413278 -0.9999986276 -8.132632092e-05 -0.001654723867 4.066614684e-05 0.9972885449 -0.07359046529 0.001656221999 -0.07359043159 -0.9972871729 1.018603935e-06 -0.02102945617 0
0.08076962036 0.04931066092 -0.01724592934 -0.000338386733 0.02058088736 0.5094457311 -4.314062735e-05 0.00515376754 0.254930195 -0.999998058 -0.0001055081959 -0.00196797783 5.275672978e-05 0.9967749979 -0.08024712302 0.001970097827 -0.080247071 -0.9967730566 1.249325797e-06 -0.02293708602 0
0.08664738186 0.0528990931 -0.01850094897 -0.0003894025582 0.02207611275 0.5093621684 -4.965033348e-05 0.005528780544 0.2549196617 -0.9999974282 -0.0001302375672 -0.002264206505 6.512087829e-05 0.9962892903 -0.08606768145 0.002267013938 -0.08606760755 -0.9962867196 1.468324691e-06 -0.02460626214 0
0.09336482357 0.05700015844 -0.01993525713 -0.0004520832612 0.02378429889 0.509259499 -5.764941196e-05 0.005957316856 0.2549067184 -0.9999965335 -0.0001629035684 -0.002628000818 8.145293843e-05 0.9956927039 -0.09271479251 0.002631784811 -0.09271468517 -0.9956892391 1.738235508e-06 -0.02651389198 0
0.1000822653 0.06110122378 -0.02136956528 -0.0005194304231 0.02549174864 0.5091491861 -6.624511979e-05 0.006385798145 0.2548928098 -0.9999954237 -0.0002006115138 -0.003018672871 0.0001003055394 0.9950519231 -0.09935622897 0.003023668249 -0.09935607707 -0.9950473493 2.029176064e-06 -0.02842152183 0
0.106799707 0.06520228912 -0.02280387344 -0.0005914415416 0.02719840919 0.5090312337 -7.543736997e-05 0.006814222266 0.2548779359 -0.9999940667 -0.0002437201092 -0.003436163785 0.0001218579343 0.9943670192 -0.1059915861 0.003442640222 -0.105991376 -0.9943610896 2.341267239e-06 -0.03032915167 0
0.1135171487 0.06930335446 -0.02423818159 -0.0006681139411 0.02890422774 0.5089056462 -8.522607064e-05 0.007242586798 0.2548620969 -0.9999924284 -0.0002925872174 -0.003880410635 0.0001462889407 0.9936380682 -0.11262046 0.003888675034 -0.1126201749 -0.993630502 2.67464832e-06 -0.03223678152 0
0.1202345904 0.0734044198 -0.02567248975 -0.0007494447729 0.03060915152 0.5087724283 -9.561112479e-05 0.007670889112 0.254845293 -0.9999904724 -0.0003475698029 -0.004351346458 0.0001737769119 0.9928651512 -0.1192424474 0.004361745333 -0.1192420675 -0.9928556313 3.029474278e-06 -0.03414441137 0
0.1269520321 0.07750548514 -0.0271067979 -0.0008354310154 0.03231312782 0.508631585 -0.0001065924301 0.008099126426 0.2548275242 -0.9999881604 -0.0004090238756 -0.004848900269 0.0002044997076 0.9920483542 -0.125857146 0.004861822109 -0.1258566475 -0.992036525 3.40591393e-06 -0.03605204121 0
0.1336694739 0.08160655049 -0.02854110606 -0.0009260694742 0.03401610396 0.5084831215 -0.0001181698786 0.008527295834 0.2548087909 -0.9999854514 -0.0004773044359 -0.005372997063 0.0002386346656 0.9911877677 -0.1324641543 0.005388874693 -0.1324635093 -0.9911732335 3.804148688e-06 -0.03795967106 0
0.1403869156 0.08570761583 -0.02997541421 -0.001021356782 0.03571802729 0.5083270433 -0.0001303433571 0.008955394338 0.2547890932 -0.9999823028 -0.0005527654183 -0.005923557831 0.000276358573 0.9902834875 -0.1390630719 0.005942870765 -0.1390622479 -0.9902658095 4.224371657e-06 -0.0398673009 0
0.1471043573 0.08980868117 -0.03140972237 -0.0011212894 0.03741884523 0.5081633562 -0.0001431127464 0.009383418869 0.2547684312 -0.9999786694 -0.000635759637 -0.006500499571 0.0003178476377 0.989335614 -0.1456534991 0.00652377635 -0.1456524584 -0.9893143089 4.66678698e-06 -0.04177493075 0
0.153821799 0.09390974651 -0.03284403052 -0.001225863614 0.03911850521 0.5079920663 -0.0001564779219 0.009811366295 0.2547468052 -0.9999745041 -0.0007266387299 -0.007103735297 0.0003632774596 0.9883442525 -0.1522350376 0.007131555826 -0.1522337368 -0.9883187898 5.131609327e-06 -0.0436825606 0
0.1605392407 0.09801081185 -0.03427833868 -0.001335075543 0.04081695474 0.5078131799 -0.0001704387532 0.01023923344 0.2547242154 -0.9999697576 -0.0008257531042 -0.007733174052 0.0004128230024 0.9873095129 -0.1588072898 0.007766171919 -0.1588056795 -0.9872793134 5.619063498e-06 -0.04559019044 0
0.1672566824 0.1021118772 -0.03571264683 -0.001448921128 0.04251414135 0.5076267037 -0.0001849951042 0.0106670171 0.254700662 -0.9999643784 -0.0009334518813 -0.008388720924 0.0004666585651 0.9862315102 -0.1653698595 0.008427585712 -0.1653678834 -0.9861959435 6.129384092e-06 -0.04749782029 0
0.1739741241 0.1062129425 -0.03714695499 -0.001567396141 0.04421001266 0.5074326446 -0.000200146833 0.01109471402 0.2546761453 -0.9999583128 -0.001050082842 -0.009070277055 0.0005249577542 0.9851103641 -0.1719223516 0.009115756644 -0.1719199462 -0.9850687464 6.662815231e-06 -0.04940545013 0
0.1806915659 0.1103140079 -0.03858126314 -0.001690496184 0.04590451631 0.5072310098 -0.0002158937922 0.01152232094 0.2546506655 -0.9999515052 -0.001175992373 -0.00977773966 0.000587893455 0.9839461988 -0.1784643723 0.009830642513 -0.1784614659 -0.9838977913 7.219610314e-06 -0.05131307998 0
0.1865693274 0.11390244 -0.03983628278 -0.001801999101 0.04738604398 0.5070483709 -0.0002301605359 0.01189640058 0.2546275807 -0.9999448945 -0.001294045742 -0.01041793706 0.0006469009225 0.9828923666 -0.1841797417 0.01047804782 -0.1841763318 -0.9828373667 7.726177858e-06 -0.05298225609 0
0.1932867691 0.1180035054 -0.04127059093 -0.001933758617 0.04907784238 0.5068325521 -0.000247023134 0.01232382987 0.2546002957 -0.9999365381 -0.001438281125 -0.01117368364 0.0007189934336 0.9816478923 -0.1907010712 0.01124290475 -0.1906970027 -0.9815845609 8.32749472e-06 -0.05488988594 0
0.2000042108 0.1221045707 -0.04270489909 -0.002070129558 0.05076812294 0.5066091799 -0.0002644805061 0.01275115966 0.2545720484 -0.9999272676 -0.001592782677 -0.01195501943 0.0007962152324 0.980360783 -0.197210804 0.01203434616 -0.1972059792 -0.9802882108 8.952953832e-06 -0.05679751579 0
0.2067216525 0.1262056361 -0.04413920724 -0.002211106861 0.05245683355 0.5063782627 -0.0002825324822 0.01317838663 0.2545428389 -0.9999170194 -0.00175789087 -0.01276182656 0.0008787361466 0.9790311812 -0.2037085515 0.01285232353 -0.203702862 -0.9789483959 9.602842622e-06 -0.05870514563 0
0.2134390942 0.1303067014 -0.0455735154 -0.002356685292 0.05414392216 0.5061398089 -0.0003011788866 0.01360550743 0.2545126676 -0.9999057273 -0.001933944517 -0.0135939833 0.0009667251473 0.9776592344 -0.2101939266 0.0136967867 -0.2101872527 -0.9775651983 1.027745687e-05 -0.06061277548 0
0.2201565359 0.1344077668 -0.04700782355 -0.002506859446 0.05582933678 0.5058938274 -0.0003204195379 0.01403251873 0.2544815349 -0.9998933234 -0.002121280721 -0.01445136409 0.001060350322 0.9762450945 -0.2166665434 0.01456768387 -0.2166587537 -0.9761387028 1.097710051e-05 -0.06252040532 0
0.2268739776 0.1385088321 -0.04844213171 -0.00266162375 0.0575130255 0.5056403273 -0.000340254249 0.01445941717 0.2544494409 -0.9998797377 -0.002320234821 -0.01533383956 0.001159778846 0.9747889182 -0.2231260178 0.01546496163 -0.223116968 -0.9746689969 1.17020855e-05 -0.06442803517 0
0.2335914194 0.1426098974 -0.04987643986 -0.002820972459 0.05919493647 0.5053793182 -0.0003606828267 0.01488619938 0.254416386 -0.999864898 -0.00253114034 -0.01624127652 0.001265176956 0.9732908667 -0.2295719673 0.01638856497 -0.2295614998 -0.9731561708 1.245273166e-05 -0.06633566502 0
0.2403088611 0.1467109628 -0.05131074802 -0.002984899658 0.06087501793 0.5051108096 -0.0003817050724 0.01531286202 0.2543823706 -0.9998487302 -0.002754328934 -0.01717353803 0.001376709925 0.9717511057 -0.236004011 0.01733843724 -0.2359919537 -0.9716003172 1.322936648e-05 -0.06824329486 0
0.2470263028 0.1508120281 -0.05274505617 -0.003153399266 0.06255321816 0.5048348114 -0.0004033207816 0.01573940171 0.2543473949 -0.9998311581 -0.002990130337 -0.01813048335 0.00149454203 0.9701698058 -0.2424217696 0.0183145202 -0.2424079354 -0.9700015316 1.403232498e-05 -0.07015092471 0
0.2537437445 0.1549130935 -0.05417936433 -0.003326465028 0.06422948557 0.5045513341 -0.0004255297439 0.01616581508 0.2543114594 -0.9998121035 -0.00323887231 -0.01911196803 0.001618836532 0.9685471417 -0.2488248656 0.01931675398 -0.2488090514 -0.9683599119 1.486194959e-05 -0.07205855455 0
0.2604611862 0.1590141588 -0.05561367248 -0.003504090523 0.06590376861 0.504260388 -0.0004483317433 0.01659209876 0.2542745643 -0.9997914864 -0.003500880591 -0.02011784389 0.001749755643 0.9668832929 -0.2552129233 0.02034507712 -0.2551949092 -0.9666755589 1.571858994e-05 -0.0739661844 0
0.2671786279 0.1631152241 -0.05704798064 -0.003686269161 0.06757601581 0.503961984 -0.000471726558 0.01701824937 0.2542367101 -0.9997692244 -0.003776478842 -0.02114795904 0.001887460505 0.9651784434 -0.2615855688 0.02139942656 -0.2615651172 -0.9649485758 1.660260273e-05 -0.07587381425 0
0.2738960696 0.1672162895 -0.05848228879 -0.003872994185 0.06924617582 0.5036561331 -0.0004957139603 0.01744426355 0.254197897 -0.9997452335 -0.004065988601 -0.02220215793 0.002032111158 0.9634327816 -0.2679424302 0.02247973764 -0.2679192847 -0.9631790686 1.751435161e-05 -0.07778144409 0
0.2806135114 0.1713173548 -0.05991659695 -0.004064258667 0.07091419734 0.5033428467 -0.000520293717 0.01787013792 0.2541581255 -0.9997194276 -0.004369729224 -0.02328028134 0.002183866521 0.9616465002 -0.2742831373 0.02358594411 -0.2742570221 -0.9613671458 1.845420698e-05 -0.07968907394 0
0.2864912729 0.174905787 -0.06117161658 -0.00423533329 0.0723719217 0.5030626308 -0.0005422867319 0.01824266064 0.2541225396 -0.9996952894 -0.00464742539 -0.02424313697 0.002322604598 0.9600503382 -0.2798177151 0.0245750638 -0.2797887589 -0.9597470066 1.929993278e-05 -0.08135825005 0
0.2932087146 0.1790068523 -0.06260592474 -0.004435090004 0.07403579564 0.5027354343 -0.0005679765039 0.01866826374 0.2540809721 -0.9996658416 -0.004978701866 -0.02536567709 0.002488105593 0.9581884302 -0.2861271423 0.02572964005 -0.286094643 -0.957855856 2.029350915e-05 -0.0832658799 0
0.2999261563 0.1831079177 -0.06404023289 -0.004639365331 0.07569738413 0.5024008365 -0.0005942579272 0.01909371733 0.2540384474 -0.9996343206 -0.005325114782 -0.02651166382 0.00266116168 0.9562864815 -0.2924193623 0.02690991238 -0.2923829823 -0.9559226162 2.131629333e-05 -0.08517350974 0
0.306643598 0.187208983 -0.06547454105 -0.004848151695 0.07735663627 0.5020588497 -0.0006211307462 0.019519018 0.2539949658 -0.9996006326 -0.005686974589 -0.02768092401 0.002841927173 0.954344702 -0.2986940128 0.02811580843 -0.2986533913 -0.9539474059 2.23686806e-05 -0.08708113959 0
0.3133610397 0.1913100484 -0.0669088492 -0.005061441355 0.07901350119 0.5017094866 -0.0006485946994 0.0199441624 0.2539505278 -0.9995646825 -0.006064589317 -0.02887328094 0.003030555134 0.9523633055 -0.3049507337 0.02934725424 -0.3049054854 -0.951930346 2.345107229e-05 -0.08898876944 0
0.3200784814 0.1954111137 -0.06834315736 -0.005279226406 0.08066792817 0.5013527601 -0.0006766495197 0.02036914713 0.2539051338 -0.9995263727 -0.006458264528 -0.03008855441 0.003227197349 0.9503425106 -0.3111891671 0.0306041743 -0.3111388811 -0.9498715604 2.456387566e-05 -0.09089639928 0
0.3267959231 0.199512179 -0.06977746551 -0.005501498773 0.08231986657 0.5009886836 -0.0007052949342 0.02079396883 0.2538587843 -0.9994856042 -0.006868303266 -0.03132656069 0.003432004306 0.9482825398 -0.3174089572 0.03188649151 -0.3173531963 -0.9477711752 2.570750374e-05 -0.09280402913 0
0.3335133649 0.2036132444 -0.07121177366 -0.005728250219 0.08396926585 0.5006172704 -0.0007345306641 0.02121862412 0.2538114796 -0.999442276 -0.007295006013 -0.03258711262 0.003645125165 0.9461836198 -0.3236097506 0.03319412725 -0.3235480497 -0.9456293192 2.688237524e-05 -0.09471165897 0
0.3402308066 0.2077143097 -0.07264608182 -0.005959472342 0.08561607558 0.5002385344 -0.000764356425 0.02164310961 0.2537632203 -0.9993962851 -0.007738670637 -0.03387001958 0.003866707737 0.9440459817 -0.329791196 0.03452700133 -0.3297230616 -0.943446124 2.808891434e-05 -0.09661928882 0
0.3469482483 0.2118153751 -0.07408038997 -0.006195156572 0.08726024543 0.4998524896 -0.0007947719268 0.02206742194 0.2537140069 -0.9993475271 -0.008199592344 -0.03517508755 0.004096898459 0.9418698606 -0.3359529447 0.035885032 -0.3358778533 -0.9412217232 2.932755063e-05 -0.09852691867 0
0.35366569 0.2159164404 -0.07551469813 -0.006435294177 0.08890172521 0.4994591503 -0.0008257768736 0.02249155774 0.2536638398 -0.9992958954 -0.008678063637 -0.03650211912 0.004335842369 0.9396554958 -0.3420946502 0.03726813598 -0.3420120472 -0.9389562533 3.059871894e-05 -0.1004345485 0
0.3603831317 0.2200175057 -0.07694900628 -0.006679876263 0.09054046478 0.499058531 -0.0008573709638 0.02291551363 0.2536127195 -0.9992412818 -0.009174374264 -0.03785091354 0.004583683084 0.9374031305 -0.3482159685 0.03867622846 -0.3481252673 -0.9366498533 3.190285919e-05 -0.1023421784 0
0.3671005734 0.2241185711 -0.07838331444 -0.006928893769 0.09217641418 0.4986506466 -0.0008895538899 0.02333928623 0.2535606465 -0.9991835763 -0.009688811174 -0.03922126671 0.004840562771 0.9351130122 -0.354316558 0.04010922309 -0.3542171386 -0.9343026645 3.324041633e-05 -0.1042498082 0
0.3738180151 0.2282196364 -0.07981762259 -0.007182337473 0.09380952352 0.4982355122 -0.0009223253389 0.02376287219 0.2535076214 -0.9991226673 -0.01022165847 -0.04061297127 0.00510662213 0.9327853923 -0.3603960797 0.04156703198 -0.3602872875 -0.931914831 3.461184014e-05 -0.106157438 0
0.3805354569 0.2323207018 -0.08125193075 -0.00744019799 0.09543974303 0.4978131431 -0.0009556849919 0.02418626812 0.2534536446 -0.9990584412 -0.01077319736 -0.04202581655 0.005382000368 0.9304205262 -0.3664541971 0.04304956573 -0.3663353419 -0.9294864992 3.601758517e-05 -0.1080650679 0
0.3864132184 0.2359091339 -0.08250695038 -0.007669441607 0.09686377553 0.4974376479 -0.0009853569444 0.02455658105 0.2534056346 -0.9989994319 -0.01127134569 -0.0432792301 0.005630708997 0.9283209185 -0.371737229 0.04436699345 -0.3716089733 -0.9273286046 3.727612704e-05 -0.109734244 0
0.3931306601 0.2400101993 -0.08394125854 -0.007935557786 0.09848844293 0.4970017563 -0.001019818601 0.02497961162 0.2533498749 -0.9989286748 -0.01185867903 -0.04473113523 0.005923930036 0.9258869177 -0.3777543153 0.0458956401 -0.3776146017 -0.9248247417 3.874746545e-05 -0.1116418739 0
0.3998481018 0.2441112646 -0.08537556669 -0.008206062892 0.1001100781 0.4965586757 -0.001054867512 0.02540244251 0.2532931651 -0.998854265 -0.01246549596 -0.04620355753 0.006226861642 0.9234164267 -0.3837490443 0.04744874616 -0.3835970728 -0.9222808153 4.02544572e-05 -0.1135495037 0
0.4065655435 0.24821233 -0.08680987485 -0.008480946915 0.1017286318 0.4961084226 -0.001090503339 0.02582507034 0.2532355057 -0.9987760826 -0.01309206607 -0.04769627399 0.006539637016 0.9209097161 -0.3897210899 0.04902621639 -0.3895560199 -0.9196969813 4.179757407e-05 -0.1154571335 0
0.4132829852 0.2523133953 -0.088244183 -0.00876019968 0.1033440549 0.4956510136 -0.001126725733 0.02624749175 0.2531768974 -0.9986940061 -0.01373865583 -0.04920905846 0.006862387757 0.9183670601 -0.3956701285 0.05062795406 -0.3954910774 -0.9170733983 4.337729204e-05 -0.1173647634 0
0.4200004269 0.2564144606 -0.08967849116 -0.009043810856 0.1049562982 0.4951864656 -0.001163534342 0.02666970339 0.2531173407 -0.9986079123 -0.01440552859 -0.05074168171 0.007195243834 0.9157887367 -0.4015958393 0.05225386093 -0.4014018815 -0.9144102272 4.499409115e-05 -0.1192723932 0
0.4267178686 0.260515526 -0.09111279931 -0.009331769951 0.106565313 0.4947147959 -0.001200928808 0.0270917019 0.2530568361 -0.9985176763 -0.0150929445 -0.05229391146 0.007538333572 0.9131750278 -0.4074979045 0.0539038373 -0.4072880696 -0.9117076311 4.664845538e-05 -0.1211800231 0
0.4334353104 0.2646165913 -0.09254710747 -0.009624066313 0.1081710504 0.4942360218 -0.001238908768 0.02751348392 0.2529953843 -0.9984231718 -0.01580116047 -0.05386551241 0.007891783623 0.9105262188 -0.4133760088 0.05557778199 -0.4131492808 -0.908965776 4.834087259e-05 -0.1230876529 0
0.4401527521 0.2687176567 -0.09398141562 -0.009920689132 0.1097734618 0.4937501611 -0.001277473852 0.02793504611 0.2529329858 -0.9983242708 -0.01653043015 -0.05545624628 0.008255718949 0.9078425988 -0.4192298401 0.05727559233 -0.4189851556 -0.9061848299 5.007183441e-05 -0.1249952828 0
0.4468701938 0.272818722 -0.09541572378 -0.01022162744 0.1113724988 0.4932572318 -0.001316623684 0.02835638511 0.2528696414 -0.9982208439 -0.01728100385 -0.05706587183 0.008630262799 0.9051244606 -0.4250590892 0.05899716422 -0.4247953362 -0.9033649633 5.184183609e-05 -0.1269029126 0
0.4535876355 0.2769197874 -0.09685003193 -0.01052687011 0.1129681129 0.492757252 -0.001356357884 0.02877749757 0.2528053515 -0.9981127601 -0.01805312856 -0.0586941449 0.00901553669 0.9023721005 -0.4308634497 0.06074239207 -0.4305794662 -0.9005063493 5.365137647e-05 -0.1288105425 0
0.4603050772 0.2810208527 -0.09828434009 -0.01083640586 0.1145602559 0.4922502402 -0.001396676064 0.02919838016 0.2527401169 -0.997999887 -0.01884704784 -0.06034081845 0.009411660385 0.8995858183 -0.4366426183 0.06251116886 -0.436337191 -0.897609163 5.550095784e-05 -0.1307181723 0
0.4670225189 0.285121918 -0.09971864824 -0.01115022324 0.1161488798 0.4917362152 -0.001437577834 0.02961902952 0.2526739382 -0.9978820906 -0.01966300184 -0.06200564259 0.00981875187 0.8967659174 -0.4423962946 0.06430338612 -0.4420681573 -0.8946735823 5.739108588e-05 -0.1326258022 0
0.4737399606 0.2892229834 -0.1011529564 -0.01146831067 0.1177339367 0.491215196 -0.001479062794 0.03003944232 0.252606816 -0.9977592354 -0.02050122723 -0.06368836463 0.01023692734 0.8939127045 -0.4481241816 0.06611893395 -0.4477720139 -0.891699787 5.932226955e-05 -0.134533432 0
0.4804574024 0.2933240487 -0.1025872646 -0.01179065639 0.1193153787 0.4906872019 -0.00152113054 0.03045961522 0.252538751 -0.9976311848 -0.02136195716 -0.06538872909 0.01066630118 0.8910264898 -0.4538259849 0.067957701 -0.4534484109 -0.8886879596 6.129502102e-05 -0.1364410619 0
0.4863351639 0.2969124809 -0.1038422842 -0.01207619266 0.1206961377 0.4902195006 -0.001558417565 0.03082706708 0.2524784212 -0.9975147699 -0.02213373719 -0.06689081736 0.01105127796 0.8884742265 -0.4587934373 0.06958558057 -0.4583924591 -0.8860215575 6.305568212e-05 -0.138110238 0
0.4930526056 0.3010135462 -0.1052765923 -0.01240649045 0.1222706736 0.4896784812 -0.001601576929 0.03124678117 0.2524085902 -0.9973766041 -0.02303727916 -0.06862356324 0.01150195062 0.8855269811 -0.4644455522 0.07146757863 -0.4640164324 -0.8829389195 6.510776441e-05 -0.1400178678 0
0.4997700473 0.3051146116 -0.1067109005 -0.01274101188 0.1238414582 0.4891305435 -0.001645317888 0.03166624577 0.2523378183 -0.9972328416 -0.02396397609 -0.07037320191 0.01196414021 0.8825476442 -0.4700707553 0.0733724679 -0.4696119499 -0.8798187867 6.720290401e-05 -0.1419254977 0
0.506487489 0.3092156769 -0.1081452087 -0.01307974459 0.1254084441 0.4885757079 -0.001689640016 0.03208545755 0.2522661062 -0.9970833403 -0.02491404715 -0.07213946747 0.01243795388 0.8795365389 -0.4756687651 0.07530013157 -0.4751786685 -0.8766613503 6.934162473e-05 -0.1438331275 0
0.5132049307 0.3133167423 -0.1095795168 -0.01342267609 0.1269715845 0.4880139947 -0.001734542882 0.03250441319 0.2521934547 -0.9969279568 -0.02588770785 -0.07392209143 0.01292349691 0.8764939912 -0.4812393029 0.07725045144 -0.4807162468 -0.8734668041 7.152445315e-05 -0.1457407574 0
0.5199223724 0.3174178076 -0.111013825 -0.01376979371 0.1285308323 0.4874454248 -0.001780026049 0.03292310936 0.2521198644 -0.9967665462 -0.02688516995 -0.07572080277 0.01342087263 0.8734203305 -0.4867820934 0.07922330789 -0.4862243452 -0.8702353438 7.375191861e-05 -0.1476483872 0
0.5266398141 0.3215188729 -0.1124481331 -0.01412108464 0.1300861409 0.4868700191 -0.001826089074 0.03334154274 0.252045336 -0.9965989626 -0.02790664146 -0.0775353279 0.01393018242 0.8703158892 -0.4922968647 0.08121857994 -0.4917026259 -0.8669671677 7.602455312e-05 -0.149556017 0
0.5333572559 0.3256199383 -0.1138824413 -0.01447653593 0.1316374638 0.4862877988 -0.001872731508 0.03375971001 0.2519698704 -0.9964250587 -0.02895232659 -0.07936539078 0.01445152571 0.8671810028 -0.4977833483 0.08323614523 -0.497150753 -0.8636624763 7.834289127e-05 -0.1514636469 0
0.5400746976 0.3297210036 -0.1153167494 -0.01483613446 0.1331847545 0.4856987855 -0.001919952898 0.03417760787 0.2518934681 -0.9962446858 -0.0300224257 -0.08121071294 0.01498499997 0.8640160097 -0.5032412789 0.08527588004 -0.5025683923 -0.8603214721 8.070747021e-05 -0.1533712767 0
0.5467921393 0.333822069 -0.1167510576 -0.01519986697 0.1347279667 0.4851030008 -0.001967752785 0.03459523298 0.2518161301 -0.9960576944 -0.0311171353 -0.08307101348 0.01553070063 0.8608212514 -0.5086703947 0.08733765928 -0.5079552116 -0.8569443601 8.311882953e-05 -0.1552789066 0
0.553509581 0.3379231343 -0.1181853657 -0.01556772005 0.1362670545 0.4845004667 -0.002016130702 0.03501258205 0.2517378569 -0.9958639335 -0.03223664801 -0.08494600916 0.01608872116 0.8575970723 -0.5140704375 0.0894213565 -0.5133108806 -0.8535313473 8.557751124e-05 -0.1571865364 0
0.5602270227 0.3420241996 -0.1196196739 -0.01593968013 0.137801972 0.4838912055 -0.00206508618 0.03542965178 0.2516586495 -0.995663251 -0.03338115251 -0.08683541441 0.01665915295 0.8543438195 -0.5194411523 0.09152684394 -0.5186350709 -0.8500826431 8.808405969e-05 -0.1590941663 0
0.5669444644 0.346125265 -0.121053982 -0.01631573351 0.1393326734 0.4832752395 -0.002114618741 0.03584643884 0.2515785085 -0.9954554938 -0.03455083352 -0.08873894137 0.01724208537 0.8510618432 -0.5247822878 0.09365399246 -0.5239274558 -0.846598459 9.063902153e-05 -0.1610017961 0
0.5736619061 0.3502263303 -0.1224882902 -0.01669586633 0.1408591131 0.4826525916 -0.002164727903 0.03626293995 0.2514974348 -0.9952405076 -0.03574587175 -0.09065629996 0.01783760575 0.8477514961 -0.5300935961 0.09580267162 -0.529187711 -0.8430790085 9.324294562e-05 -0.162909426 0
0.5803793479 0.3543273957 -0.1239225984 -0.01708006459 0.1423812458 0.4820232845 -0.00221541318 0.0366791518 0.2514154292 -0.9950181369 -0.03696644392 -0.09258719788 0.01844579929 0.8444131339 -0.535374833 0.09797274966 -0.5344155137 -0.8395245077 9.5896383e-05 -0.1648170558 0
0.5862571094 0.3579158278 -0.125177618 -0.01741956186 0.1437095433 0.4814671965 -0.002260235002 0.0370430973 0.2513429104 -0.9948173821 -0.0380555262 -0.09428760863 0.01898843001 0.8414693673 -0.5399710579 0.09988901712 -0.5389629679 -0.8363857384 9.82591919e-05 -0.1664862319 0
0.5929745511 0.3620168932 -0.1266119261 -0.01781134455 0.1452234788 0.4808254663 -0.002311999158 0.03745875792 0.2512591596 -0.9945807433 -0.03932443663 -0.09624309753 0.01962060817 0.8380794442 -0.5451952649 0.1020988583 -0.5441290599 -0.8327661072 0.0001010069593 -0.1683938618 0
0.5996919928 0.3661179585 -0.1280462343 -0.01820715158 0.1467329777 0.4801771444 -0.002364337994 0.03787411981 0.2511744791 -0.9943362675 -0.04061936633 -0.09821127357 0.02026569284 0.834662543 -0.5503887181 0.1043297123 -0.5492617832 -0.829112058 0.0001038058359 -0.1703014916 0
0.6064094345 0.3702190239 -0.1294805425 -0.0186069684 0.1482379955 0.4795222545 -0.002417251001 0.03828917971 0.2510888698 -0.9940837955 -0.04194047614 -0.1001918363 0.02092376104 0.8312190291 -0.5555511874 0.1065814422 -0.554360823 -0.8254238148 0.0001066563807 -0.1722091215 0
0.6131268762 0.3743200892 -0.1309148506 -0.01901078029 0.1497384877 0.4788608208 -0.002470737663 0.03870393431 0.2510023327 -0.9938231669 -0.04328792272 -0.1021844834 0.02159488766 0.8277492709 -0.5606824461 0.10885391 -0.5594258667 -0.821701604 0.0001095591545 -0.1741167513 0
0.6198443179 0.3784211545 -0.1323491588 -0.01941857238 0.1512344099 0.4781928676 -0.002524797461 0.03911838034 0.2509148684 -0.9935542206 -0.04466185856 -0.1041889104 0.02227914543 0.8242536388 -0.5657822714 0.1111469763 -0.5644566036 -0.8179456536 0.0001125147203 -0.1760243812 0
0.6265617596 0.3825222199 -0.1337834669 -0.01983032969 0.152725718 0.4775184195 -0.002579429867 0.03953251453 0.2508264779 -0.9932767945 -0.04606243192 -0.1062048112 0.0229766049 0.8207325058 -0.5708504441 0.1134605005 -0.5694527253 -0.8141561942 0.0001155236427 -0.177932011 0
0.6332792014 0.3866232852 -0.1352177751 -0.02024603705 0.1542123681 0.4768375013 -0.00263463435 0.0399463336 0.250737162 -0.9929907255 -0.04748978682 -0.1082318775 0.02368733443 0.8171862472 -0.5758867489 0.1157943407 -0.5744139253 -0.810333458 0.0001185864881 -0.1798396408 0
0.6399966431 0.3907243506 -0.1366520832 -0.0206656792 0.1556943165 0.4761501381 -0.002690410372 0.04035983429 0.2506469216 -0.9926958497 -0.048944063 -0.1102697994 0.02441140016 0.8136152406 -0.5808909742 0.1181483538 -0.5793398994 -0.8064776795 0.0001217038247 -0.1817472707 0
0.6467140848 0.3948254159 -0.1380863914 -0.02108924069 0.1571715196 0.475456355 -0.002746757391 0.04077301332 0.2505557576 -0.9923920026 -0.05042539592 -0.1123182653 0.02514886605 0.8100198657 -0.585862912 0.1205223955 -0.5842303455 -0.8025890951 0.0001248762226 -0.1836549005 0
0.6534315265 0.3989264812 -0.1395206995 -0.02151670597 0.158643934 0.4747561777 -0.002803674858 0.04118586743 0.2504636709 -0.9920790185 -0.05193391673 -0.1143769616 0.02589979381 0.8064005046 -0.5908023586 0.12291632 -0.5890849638 -0.7986679434 0.0001281042533 -0.1855625304 0
0.6601489682 0.4030275466 -0.1409550077 -0.02194805933 0.1601115166 0.4740496317 -0.002861162219 0.04159839336 0.2503706624 -0.9917567313 -0.05346975222 -0.1164455732 0.0266642429 0.8027575413 -0.5957091136 0.1253299807 -0.5939034564 -0.7947144647 0.0001313884902 -0.1874701602 0
0.6668664099 0.4071286119 -0.1423893158 -0.02238328492 0.1615742244 0.4733367432 -0.002919218914 0.04201058787 0.250276733 -0.9914249739 -0.05503302482 -0.1185237833 0.02744227054 0.799091362 -0.6005829809 0.1277632296 -0.598685528 -0.7907289016 0.0001347295081 -0.1893777901 0
0.6735838516 0.4112296773 -0.143823624 -0.02282236676 0.1630320147 0.4726175382 -0.002977844377 0.04242244769 0.2501818836 -0.9910835787 -0.05662385259 -0.1206112736 0.0282339317 0.7954023549 -0.6054237681 0.1302159173 -0.6034308852 -0.7867114984 0.0001381278835 -0.1912854199 0
0.6803012934 0.4153307426 -0.1452579322 -0.02326528872 0.1644848449 0.4718920432 -0.003037038039 0.04283396958 0.2500861152 -0.9907323772 -0.05824234917 -0.1227077242 0.02903927905 0.7916909101 -0.6102312866 0.1326878935 -0.608139237 -0.7826625015 0.0001415841945 -0.1931930498 0
0.6870187351 0.419431808 -0.1466922403 -0.02371203455 0.1659326726 0.4711602848 -0.003096799322 0.04324515029 0.2499894286 -0.9903712003 -0.05988862377 -0.1248128135 0.029858363 0.7879574198 -0.6150053519 0.1351790066 -0.6128102948 -0.7785821593 0.0001450990207 -0.1951006796 0
0.6928964966 0.4230202401 -0.1479472599 -0.02410606103 0.1671953851 0.4705148793 -0.003149555615 0.04360465099 0.2499040755 -0.9900468542 -0.06135198318 -0.1266615993 0.03058636763 0.784672841 -0.6191550748 0.1373743087 -0.6168666523 -0.7749863435 0.000148222951 -0.1967698557 0
0.6996139383 0.4271213055 -0.1493815681 -0.02455993232 0.1686337197 0.4697714496 -0.003210379616 0.04401518325 0.24980567 -0.9896665155 -0.06305062044 -0.1287820149 0.03143133555 0.7808990784 -0.6238659316 0.1399008908 -0.6214670133 -0.7708479046 0.0001518490604 -0.1986774856 0
0.70633138 0.4312223708 -0.1508158763 -0.02501757997 0.1700669313 0.4690218343 -0.003271769551 0.04442536503 0.2497063492 -0.9892757119 -0.06477732487 -0.1309101373 0.03229017214 0.7771044074 -0.6285428265 0.1424461675 -0.626029263 -0.7666788449 0.0001555353592 -0.2005851154 0
0.7130488217 0.4353234361 -0.1522501844 -0.02547898721 0.1714949782 0.4682660608 -0.003333724822 0.0448351931 0.2496061139 -0.988874272 -0.06653218835 -0.1330456394 0.03316291885 0.7732892272 -0.6331855904 0.1450099826 -0.6305531215 -0.76247942 0.0001592824329 -0.2024927453 0
0.7197662634 0.4394245015 -0.1536844926 -0.02594413712 0.1729178191 0.467504157 -0.003396244825 0.04524466421 0.2495049653 -0.9884620238 -0.06831529821 -0.1351881933 0.03404961481 0.7694539383 -0.6377940581 0.147592179 -0.6350383113 -0.7582498875 0.0001630908679 -0.2044003751 0
0.7264837051 0.4435255668 -0.1551188007 -0.02641301266 0.1743354129 0.4667361507 -0.003459328953 0.04565377516 0.2494029042 -0.9880387949 -0.07012673728 -0.1373374696 0.0349502968 0.765598943 -0.6423680684 0.1501925983 -0.6394845575 -0.7539905067 0.0001669612521 -0.206308005 0
0.7332011469 0.4476266322 -0.1565531089 -0.02688559663 0.1757477187 0.46596207 -0.00352297659 0.04606252272 0.2492999318 -0.9876044124 -0.0719665838 -0.1394931377 0.03586499924 0.7617246449 -0.6469074642 0.152811081 -0.6438915873 -0.7497015388 0.0001708941748 -0.2082156348 0
0.7399185886 0.4517276975 -0.157987417 -0.02736187174 0.1771546957 0.4651819434 -0.003587187117 0.04647090368 0.2491960489 -0.9871587029 -0.07383491148 -0.141654866 0.03679375421 0.7578314493 -0.6514120924 0.1554474666 -0.6482591305 -0.7453832469 0.0001748902266 -0.2101232647 0
0.7466360303 0.4558287629 -0.1594217252 -0.02784182054 0.1785563034 0.4643957993 -0.003651959908 0.04687891483 0.2490912566 -0.9867014928 -0.07573178941 -0.1438223217 0.03773659142 0.7539197628 -0.655881804 0.1581015933 -0.6525869193 -0.7410358958 0.0001789499993 -0.2120308945 0
0.753353472 0.4599298282 -0.1608560333 -0.02832542546 0.1799525017 0.4636036667 -0.003717294333 0.04728655296 0.2489855559 -0.9862326078 -0.07765728208 -0.1459951709 0.03869353821 0.7499899936 -0.6603164542 0.1607732984 -0.6568746883 -0.7366597521 0.000183074086 -0.2139385243 0
0.7600709137 0.4640308935 -0.1622903415 -0.0288126688 0.1813432505 0.4628055744 -0.003783189755 0.04769381486 0.2488789479 -0.9857518734 -0.0796114494 -0.1481730789 0.03966461952 0.7460425508 -0.664715902 0.1634624181 -0.6611221745 -0.7322550842 0.0001872630812 -0.2158461542 0
0.7667883554 0.4681319589 -0.1637246497 -0.02930353273 0.1827285099 0.4620015516 -0.003849645532 0.04810069733 0.2487714336 -0.9852591147 -0.08159434663 -0.1503557098 0.04064985794 0.7420778451 -0.6690800108 0.1661687875 -0.6653291174 -0.7278221621 0.0001915175803 -0.217753784 0
0.7735057971 0.4722330242 -0.1651589578 -0.0297979993 0.1841082403 0.4611916278 -0.003916661018 0.04850719719 0.2486630141 -0.9847541567 -0.08360602438 -0.1525427271 0.04164927363 0.7380962883 -0.673408648 0.1688922405 -0.669495259 -0.7233612578 0.0001958381802 -0.2196614139 0
0.7802232389 0.4763340896 -0.166593266 -0.03029605043 0.1854824025 0.4603758326 -0.00398423556 0.04891331124 0.2485536904 -0.9842368238 -0.08564652863 -0.1547337931 0.04266288439 0.7340982934 -0.6777016851 0.1716326102 -0.673620344 -0.7188726447 0.0002002254789 -0.2215690437 0
0.7869406806 0.4804351549 -0.1680275741 -0.0307976679 0.1868509572 0.4595541958 -0.004052368498 0.04931903629 0.2484434636 -0.9837069405 -0.08771590068 -0.1569285696 0.04369070559 0.7300842743 -0.6819589978 0.1743897285 -0.6777041192 -0.7143565982 0.0002046800756 -0.2234766736 0
0.7928184421 0.4840235871 -0.1692825938 -0.0312394943 0.188043812 0.4588304953 -0.004112442358 0.04967372411 0.2483462752 -0.983232859 -0.08955031077 -0.1588517761 0.0446017164 0.7265591891 -0.6856547467 0.1768158133 -0.6812433387 -0.7103827712 0.0002086335249 -0.2251458497 0
0.7995358838 0.4881246524 -0.1707169019 -0.03174774917 0.189401748 0.4579979866 -0.004181620499 0.05007871122 0.248234358 -0.9826789693 -0.09167390502 -0.1610525951 0.04565621523 0.7225162443 -0.6898447555 0.1796038788 -0.6852489853 -0.7058160348 0.0002132159242 -0.2270534795 0
0.8062533255 0.4922257178 -0.1721512101 -0.03225951736 0.1907539652 0.4571597233 -0.004251355115 0.05048330019 0.2481215408 -0.982112023 -0.09382645979 -0.1632561477 0.04672495528 0.7184584714 -0.6939987057 0.182408204 -0.689212609 -0.7012226656 0.0002178673503 -0.2289611094 0
0.8129707672 0.4963267831 -0.1735855182 -0.03277478016 0.1921004255 0.4563157358 -0.004321645526 0.05088748785 0.2480078248 -0.9815318436 -0.09600799821 -0.165462093 0.04780794256 0.7143862879 -0.698116489 0.1852286171 -0.6931339668 -0.6966029454 0.0002225884068 -0.2308687392 0
0.8196882089 0.5004278484 -0.1750198264 -0.03329351879 0.1934410908 0.455466055 -0.004392491047 0.05129127105 0.2478932109 -0.9809382548 -0.09821853873 -0.1676700894 0.04890518066 0.7103001126 -0.7021980016 0.188064945 -0.6970128182 -0.6919571574 0.0002273796984 -0.2327763691 0
0.8264056506 0.5045289138 -0.1764541345 -0.0338157143 0.1947759233 0.4546107119 -0.004463890989 0.0516946466 0.2477777005 -0.98033108 -0.1004580951 -0.1698797947 0.05001667075 0.7062003645 -0.7062431435 0.1909170138 -0.7008489254 -0.6872855866 0.0002322418307 -0.2346839989 0
0.8331230924 0.5086299791 -0.1778884427 -0.03434134765 0.1961048856 0.4537497377 -0.004535844657 0.05209761137 0.2476612945 -0.9797101427 -0.1027266762 -0.1720908664 0.05114241155 0.7020874639 -0.7102518193 0.1937846486 -0.7046420531 -0.6825885195 0.0002371754105 -0.2365916288 0
0.8398405341 0.5127310445 -0.1793227508 -0.03487039967 0.1974279402 0.4528831638 -0.004608351348 0.05250016219 0.2475439942 -0.9790752662 -0.1050242865 -0.1743029614 0.05228239935 0.6979618312 -0.7142239375 0.1966676736 -0.7083919688 -0.677866244 0.0002421810456 -0.2384992586 0
0.8465579758 0.5168321098 -0.180757059 -0.03540285108 0.1987450501 0.4520110218 -0.004681410357 0.05290229592 0.2474258006 -0.978426274 -0.1073509255 -0.1765157364 0.05343662801 0.6938238878 -0.7181594109 0.1995659119 -0.7120984423 -0.6731190498 0.0002472593448 -0.2404068885 0
0.8532754175 0.5209331751 -0.1821913671 -0.03593868246 0.2000561786 0.4511333435 -0.004755020972 0.05330400941 0.247306715 -0.9777629895 -0.1097065879 -0.1787288478 0.05460508894 0.6896740553 -0.7220581567 0.2024791859 -0.7157612465 -0.6683472281 0.000252410918 -0.2423145183 0
0.8599928592 0.5250342405 -0.1836256753 -0.03647787431 0.201361289 0.4502501608 -0.004829182475 0.05370529953 0.2471867385 -0.9770852362 -0.1120912638 -0.1809419514 0.05578777112 0.685512756 -0.7259200961 0.2054073168 -0.7193801567 -0.6635510714 0.0002576363761 -0.2442221482 0
0.8667103009 0.5291353058 -0.1850599835 -0.03702040697 0.2026603451 0.449361506 -0.004903894145 0.05410616314 0.2470658723 -0.9763928378 -0.1145049386 -0.183154703 0.05698466107 0.6813404126 -0.7297451546 0.2083501251 -0.722954951 -0.6587308739 0.0002629363309 -0.246129778 0
0.8734277427 0.5332363712 -0.1864942916 -0.03756626071 0.2039533106 0.4484674113 -0.004979155253 0.0545065971 0.2469441175 -0.9756856181 -0.1169475929 -0.1853667584 0.05819574287 0.6771574479 -0.7335332619 0.2113074303 -0.7264854102 -0.6538869311 0.0002683113953 -0.2480374078 0
0.8801451844 0.5373374365 -0.1879285998 -0.03811541565 0.2052401499 0.4475679094 -0.005054965066 0.0549065983 0.2468214754 -0.974963401 -0.1194192024 -0.1875777728 0.05942099816 0.6729642853 -0.737284352 0.2142790511 -0.7299713178 -0.6490195402 0.0002737621831 -0.2499450377 0
0.8868626261 0.5414385018 -0.1893629079 -0.03866785181 0.2065208272 0.4466630329 -0.005131322845 0.05530616361 0.2466979471 -0.9742260105 -0.1219197383 -0.1897874018 0.06066040613 0.6687613484 -0.7409983631 0.2172648052 -0.7334124599 -0.6441289996 0.0002792893091 -0.2518526675 0
0.8927403876 0.545026934 -0.1906179276 -0.0391539093 0.2076363375 0.4458668829 -0.005198584821 0.05565542324 0.2465891339 -0.9735682089 -0.1241314095 -0.1917194197 0.06175647951 0.6650760935 -0.7442176611 0.2198887899 -0.7363865717 -0.6398310223 0.0002841886495 -0.2535218436 0
0.8994578293 0.5491279994 -0.1920522357 -0.03971244352 0.2089053662 0.444952018 -0.005275968027 0.05605416286 0.2464639474 -0.9728018951 -0.1266860879 -0.1939255219 0.06302235916 0.6608559717 -0.7478619973 0.2229005499 -0.7397432121 -0.6348978855 0.0002898605699 -0.2554294735 0
0.906175271 0.5532290647 -0.1934865439 -0.04027420091 0.2101681322 0.4440318735 -0.005353897046 0.05645245766 0.2463378782 -0.9720199036 -0.129269583 -0.1961292479 0.06430231805 0.6566272939 -0.7514691004 0.2259259145 -0.7430544878 -0.6299424651 0.0002956106013 -0.2573371033 0
0.9128927127 0.55733013 -0.194920852 -0.04083916104 0.2114246007 0.443106483 -0.005432371118 0.05685030451 0.2462109276 -0.9712220596 -0.1318818475 -0.198330253 0.06559632589 0.652390484 -0.7550389251 0.2289646982 -0.7463201958 -0.6249650649 0.000301439362 -0.2592447332 0
0.9196101544 0.5614311954 -0.1963551602 -0.04140730342 0.2126747374 0.4421758801 -0.005511389479 0.05724770033 0.2460830969 -0.9704081884 -0.1345228295 -0.2005281932 0.06690434995 0.6481459659 -0.7585714303 0.2320167146 -0.7495401358 -0.6199659901 0.0003073474713 -0.261152363 0
0.9263275962 0.5655322607 -0.1977894683 -0.04197860739 0.2139185083 0.4412400986 -0.005590951359 0.05764464203 0.2459543872 -0.9695781159 -0.137192472 -0.2027227241 0.06822635507 0.6438941634 -0.762066579 0.2350817766 -0.7527141104 -0.6149455474 0.0003133355496 -0.2630599929 0
0.9330450379 0.5696333261 -0.1992237765 -0.04255305225 0.2151558795 0.4402991724 -0.005671055981 0.05804112651 0.2458247998 -0.9687316682 -0.1398907136 -0.2049135019 0.06956230365 0.6396355 -0.7655243387 0.2381596963 -0.7558419249 -0.6099040446 0.0003194042179 -0.2649676227 0
