0.006698248971 0.004778932711 -5.110763965e-05 -2.720881684e-06 0.001708043851 0.5099961864 -3.413341439e-07 0.0004253845536 0.2549995269 -0.9999999999 -6.986546467e-08 -1.584551944e-05 3.574145533e-08 0.9999777908 -0.006664683269 1.584563316e-05 -0.006664683269 -0.9999777906 3.227013511e-08 -6.797316073e-05 0
0.01321053351 0.009425187237 -0.0001007963707 -1.058335955e-05 0.003368612116 0.5099851661 -1.334968083e-06 0.000840500005 0.2549981496 -0.9999999981 -5.392994677e-07 -6.163228879e-05 2.708363567e-07 0.9999136151 -0.01314390967 6.163405319e-05 -0.01314390966 -0.9999136132 6.515757635e-08 -0.000134059173 0
0.01972281805 0.01407144176 -0.0001504851017 -2.358922892e-05 0.005029072591 0.5099669369 -2.986253234e-06 0.001256353135 0.2549958605 -0.9999999906 -1.796147316e-06 -0.0001373657761 8.996314397e-07 0.9998074641 -0.01962230332 0.0001373745728 -0.01962230326 -0.9998074546 5.613357392e-08 -0.0002001451853 0
0.02623510259 0.01871769629 -0.0002001738327 -4.173799042e-05 0.006689372146 0.5099414992 -5.294767815e-06 0.001672342476 0.2549926602 -0.9999999705 -4.228405806e-06 -0.0002430348234 2.116110819e-06 0.9996593512 -0.02609945386 0.000243062393 -0.02609945361 -0.9996593217 1.058981061e-08 -0.0002662311975 0
0.03274738712 0.02336395082 -0.0002498625637 -6.502894715e-05 0.008349457655 0.5099088541 -8.259541451e-06 0.002088295634 0.2549885501 -0.9999999283 -8.223872544e-06 -0.0003786238627 4.114146005e-06 0.9994692954 -0.03257495108 0.0003786908176 -0.03257495031 -0.9994692237 7.111545964e-08 -0.0003323172098 0
0.03925967166 0.02801020534 -0.0002995512948 -9.346120482e-05 0.01000927601 0.5098690029 -1.187998695e-05 0.002504180294 0.254983531 -0.9999998519 -1.417008022e-05 -0.0005441129179 7.087458757e-06 0.9992373209 -0.03904838501 0.0005442512531 -0.03904838308 -0.9992371728 1.757761194e-07 -0.0003984032221 0
0.0457719562 0.03265645987 -0.0003492400258 -0.0001270336717 0.01166877409 0.509821947 -1.615577882e-05 0.002919997088 0.2549776034 -0.9999997263 -2.245423094e-05 -0.0007394776081 1.122958395e-05 0.9989634573 -0.04551934592 0.0007397332099 -0.04551934177 -0.9989631837 3.04473117e-07 -0.0004644892343 0
0.05228424074 0.0373027144 -0.0003989287568 -0.0001657450587 0.01332789883 0.5097676884 -2.108672169e-05 0.003335751988 0.2549707676 -0.9999995341 -3.346313057e-05 -0.0009646891514 1.673383249e-05 0.9986477394 -0.05198742446 0.0009651243023 -0.05198741638 -0.9986472736 4.558974986e-07 -0.0005305752466 0
0.05879652528 0.04194896892 -0.0004486174879 -0.0002095938796 0.01498659714 0.509706229 -2.667268177e-05 0.003751450068 0.2549630237 -0.999999255 -4.758312321e-05 -0.001219714369 2.379325423e-05 0.9982902075 -0.05845221163 0.00122041025 -0.05845219711 -0.9982894627 6.294182002e-07 -0.0005966612588 0
0.06530880981 0.04659522345 -0.0004983062189 -0.0002585784507 0.01664481597 0.5096375712 -3.291355396e-05 0.004167094526 0.2549543718 -0.9999988661 -6.520002569e-05 -0.001504515692 3.260060098e-05 0.9978909071 -0.0649132989 0.001505574877 -0.06491327434 -0.9978897735 8.247244699e-07 -0.0006627472711 0
0.07182109435 0.05124147798 -0.0005479949499 -0.0003126968913 0.01830250228 0.5095617177 -3.98092456e-05 0.004582686904 0.2549448122 -0.9999983418 -8.669906214e-05 -0.001819051163 4.334828952e-05 0.9974498892 -0.0713702782 0.001820600117 -0.07137023871 -0.9974482315 1.041680373e-06 -0.0007288332834 0
0.07833337889 0.0558877325 -0.0005976836809 -0.0003719471236 0.01995960306 0.5094786714 -4.735966824e-05 0.004998227477 0.2549343449 -0.9999976538 -0.0001124647987 -0.002163274448 5.622836469e-05 0.9969672099 -0.07782274205 0.002165466009 -0.0778226811 -0.9969648645 1.280253273e-06 -0.0007949192956 0
0.08484566343 0.06053398703 -0.000647372412 -0.0004363268729 0.02161606533 0.5093884354 -5.556473321e-05 0.005413715593 0.2549229701 -0.9999967713 -0.0001428810783 -0.002537134839 7.143246254e-05 0.9964429307 -0.08427028356 0.002540150704 -0.0842701927 -0.9964397033 1.540476045e-06 -0.0008610053079 0
0.09135794797 0.06518024156 -0.000697061143 -0.0005058336677 0.02327183612 0.5092910133 -6.442434917e-05 0.005829149927 0.2549106878 -0.9999956606 -0.0001783309557 -0.002940577266 8.915177353e-05 0.9958771184 -0.09071249648 0.002944630461 -0.090712365 -0.995872781 1.822426065e-06 -0.0009270913202 0
0.0978702325 0.06982649608 -0.000746749874 -0.0005804648394 0.0249268625 0.5091864087 -7.393842064e-05 0.006244528665 0.2548974983 -0.9999942856 -0.0002191966321 -0.003373542302 0.0001095770058 0.9952698451 -0.0971489753 0.003378879652 -0.09714878982 -0.9952641337 2.126212998e-06 -0.0009931773324 0
0.104382517 0.07447275061 -0.000796438605 -0.0006602175232 0.02658109158 0.5090746257 -8.410684715e-05 0.006659849631 0.2548834016 -0.9999926073 -0.000265859391 -0.003835966172 0.0001328983487 0.9946211881 -0.1035793153 0.003842870765 -0.1035790593 -0.9946137998 2.451971402e-06 -0.001059263345 0
0.1108948016 0.07911900514 -0.0008461273361 -0.0007450886576 0.02823447049 0.5089556686 -9.49295227e-05 0.007075110384 0.254868398 -0.9999905843 -0.0003186995327 -0.004327780766 0.0001593054358 0.9939312299 -0.1100031125 0.0043365744 -0.1100027662 -0.9939218206 2.799856103e-06 -0.001125349357 0
0.1174070861 0.08376525966 -0.0008958160671 -0.0008350749848 0.0298869464 0.508829542 -0.0001064063354 0.007490308278 0.2548524875 -0.9999881725 -0.0003780963107 -0.004848913647 0.000188987309 0.9932000585 -0.1164199639 0.004859959277 -0.1164195033 -0.99318824 3.170039183e-06 -0.001191435369 0
0.1239193707 0.08841151419 -0.0009455047981 -0.0009301730507 0.03153846652 0.5086962506 -0.0001185371674 0.007905440515 0.2548356703 -0.999985325 -0.0004444278663 -0.005399288065 0.0002221323819 0.9924277669 -0.1228294673 0.005412992235 -0.1228288642 -0.9924131043 3.562707962e-06 -0.001257521381 0
0.1304316552 0.09305776871 -0.0009951935291 -0.001030379205 0.0331889781 0.5085557996 -0.0001313218944 0.008320504179 0.2548179466 -0.9999819925 -0.0005180711652 -0.005978822963 0.0002589284032 0.9916144535 -0.1292312217 0.005995638234 -0.1292304427 -0.9915964628 3.978063605e-06 -0.001323607394 0
0.1369439397 0.09770402324 -0.00104488226 -0.001135689603 0.03483842844 0.5084081944 -0.0001447603858 0.008735496261 0.2547993166 -0.999978123 -0.0005994019334 -0.006587432995 0.0002995624211 0.9907602215 -0.1356248269 0.006607860357 -0.1356238332 -0.9907383671 4.416320108e-06 -0.001389693406 0
0.1434562243 0.1023502778 -0.001094570991 -0.001246100201 0.03648676487 0.5082534407 -0.0001588525048 0.009150413679 0.2547797805 -0.9999736619 -0.0006887945929 -0.00722502854 0.0003442207472 0.9898651799 -0.142009884 0.007249619816 -0.1420086307 -0.9898388716 4.877703571e-06 -0.001455779418 0
0.1499685088 0.1069965323 -0.001144259722 -0.001361606763 0.03813393478 0.5080915444 -0.0001735981078 0.009565253295 0.2547593384 -0.9999685521 -0.0007866221988 -0.007891515709 0.00039308892 0.9889294424 -0.148385995 0.007920875947 -0.1483844306 -0.9888980334 5.3624516e-06 -0.001521865431 0
0.1564807933 0.1116427868 -0.001193948453 -0.001482204856 0.03977988561 0.5079225116 -0.0001889970449 0.009980011925 0.2547379906 -0.9999627338 -0.0008932563753 -0.008586796367 0.0004463516698 0.9879531279 -0.1547527633 0.008621586222 -0.154750829 -0.987915912 5.870812877e-06 -0.001587951443 0
0.1629930779 0.1162890413 -0.001243637184 -0.001607889853 0.04142456484 0.507746349 -0.0002050491597 0.01039468634 0.2547157373 -0.9999561447 -0.001009067253 -0.009310768142 0.0005041928828 0.9869363608 -0.1611097936 0.009351706243 -0.1611074225 -0.9868925696 6.403046761e-06 -0.001654037455 0
0.1695053624 0.1209352959 -0.001293325915 -0.001738656932 0.04306792003 0.5075630632 -0.000221754289 0.0108092733 0.2546925788 -0.99994872 -0.001134423406 -0.01006332445 0.0005667955652 0.9858792701 -0.1674566917 0.01011118975 -0.1674538083 -0.9858280712 6.959422986e-06 -0.001720123467 0
0.176017647 0.1255815504 -0.001343014646 -0.001874501074 0.04470989876 0.5073726613 -0.0002391122633 0.01122376953 0.2546685151 -0.9999403922 -0.001269691788 -0.01084435449 0.0006343418083 0.9847819902 -0.1737930648 0.01089998862 -0.1737895844 -0.9847224841 7.540221361e-06 -0.00178620948 0
0.1825299315 0.1302278049 -0.001392703377 -0.002015417068 0.04635044869 0.5071751506 -0.0002571229065 0.01163817172 0.2546435467 -0.9999310913 -0.001415237672 -0.0116537433 0.0007070127534 0.9836446606 -0.1801185216 0.01171805289 -0.1801143492 -0.9835758783 8.145731528e-06 -0.001852295492 0
0.189042216 0.1348740595 -0.001442392108 -0.002161399509 0.04798951755 0.5069705386 -0.0002757860358 0.01205247656 0.2546176738 -0.999920745 -0.001571424587 -0.01249137172 0.0007849885559 0.9824674257 -0.1864326723 0.0125653307 -0.1864277021 -0.9823883267 8.776252725e-06 -0.001918381504 0
0.1955545006 0.139520314 -0.001492080839 -0.002312442795 0.04962705311 0.5067588333 -0.0002951014617 0.01246668073 0.2545908966 -0.9999092782 -0.001738614257 -0.01335711648 0.0008684483513 0.9812504349 -0.1927351284 0.0134417684 -0.1927292431 -0.9811599043 9.432093565e-06 -0.001984467516 0
0.2020667851 0.1441665685 -0.00154176957 -0.002468541135 0.05126300322 0.5065400427 -0.0003150689886 0.01288078088 0.2545632153 -0.9998966135 -0.001917166536 -0.01425085014 0.0009575702198 0.9799938429 -0.1990255033 0.01434731043 -0.1990185729 -0.979890689 1.011357182e-05 -0.002050553529 0
0.2085790697 0.148812823 -0.001591458301 -0.00262968854 0.0528973158 0.5063141752 -0.0003356884137 0.01329477368 0.2545346304 -0.999882671 -0.002107439353 -0.01517244118 0.001052531152 0.978697809 -0.2053034116 0.01528189943 -0.205295293 -0.9785807612 1.082101424e-05 -0.002116639541 0
0.2150913542 0.1534590776 -0.001641147032 -0.002795878831 0.05452993883 0.5060812395 -0.0003569595279 0.01370865576 0.254505142 -0.9998673682 -0.002309788644 -0.01612175398 0.001153507015 0.9773624977 -0.2115684699 0.01624547619 -0.2115590057 -0.977230204 1.155475633e-05 -0.002182725553 0
0.2216036387 0.1581053321 -0.001690835763 -0.002967105633 0.05616082037 0.5058412446 -0.0003788821157 0.01412242376 0.2544747505 -0.9998506202 -0.002524568297 -0.01709864885 0.001260672517 0.9759880784 -0.2178202963 0.01723797964 -0.2178093142 -0.9758391029 1.231514218e-05 -0.002248811565 0
0.2281159233 0.1627515866 -0.001740524495 -0.003143362382 0.05778990854 0.5055941996 -0.0004014559546 0.01453607432 0.2544434561 -0.9998323399 -0.002752130088 -0.01810298204 0.001374201174 0.9745747253 -0.2240585109 0.01825934692 -0.2240458224 -0.974407546 1.310252427e-05 -0.002314897578 0
0.2346282078 0.1673978411 -0.001790213226 -0.00332464232 0.05941715156 0.5053401139 -0.0004246808158 0.01494960406 0.2544112593 -0.9998124373 -0.002992823625 -0.0191346058 0.001494265276 0.9731226176 -0.2302827355 0.0193095133 -0.2302681352 -0.9729356241 1.391726326e-05 -0.00238098359 0
0.2411404923 0.1720440957 -0.001839901957 -0.003510938495 0.06104249772 0.5050789974 -0.0004485564638 0.01536300961 0.2543781602 -0.9997908206 -0.003246996282 -0.02019336837 0.001621035853 0.9716319393 -0.2364925936 0.02038841224 -0.2364758584 -0.9714234304 1.475972788e-05 -0.002447069602 0
0.2476527769 0.1766903502 -0.001889590688 -0.003702243767 0.06266589536 0.5048108601 -0.0004730826565 0.01577628759 0.2543441593 -0.999767395 -0.003514993147 -0.021279114 0.001754682642 0.9701028791 -0.2426877109 0.0214959754 -0.2426685986 -0.9698710606 1.563029465e-05 -0.002513155614 0
0.2541650614 0.1813366047 -0.001939279419 -0.003898550802 0.06428729296 0.5045357122 -0.0004982591453 0.01618943462 0.254309257 -0.9997420638 -0.003797156958 -0.02239168299 0.001895374054 0.9685356308 -0.2488677149 0.02263213258 -0.2488459635 -0.9682786133 1.652934779e-05 -0.002579241627 0
0.260677346 0.1859828592 -0.00198896815 -0.004099852076 0.06590663904 0.5042535642 -0.0005240856748 0.01660244731 0.2542734535 -0.9997147277 -0.004093828045 -0.02353091171 0.002043277141 0.9669303926 -0.2550322352 0.02379681181 -0.2550075617 -0.9666461893 1.745727899e-05 -0.002645327639 0
0.2671896305 0.1906291138 -0.002038656881 -0.004306139874 0.06752388222 0.5039644271 -0.0005505619833 0.01701532229 0.2542367492 -0.9996852851 -0.004405344275 -0.02469663263 0.00219855756 0.9652873676 -0.2611809033 0.0249899393 -0.2611530028 -0.9649738919 1.841448725e-05 -0.002711413651 0
0.273701915 0.1952753683 -0.002088345612 -0.004517406291 0.06913897121 0.5036683118 -0.0005776878023 0.01742805616 0.2541991445 -0.9996536322 -0.004732040991 -0.02588867434 0.002361379547 0.9636067637 -0.2673133531 0.02621143945 -0.2672818974 -0.9632618272 1.940137872e-05 -0.002777499664 0
0.2802141996 0.1999216228 -0.002138034343 -0.004733643232 0.07075185483 0.5033652297 -0.0006054628567 0.01784064554 0.2541606398 -0.9996196627 -0.005074250956 -0.02710686158 0.002531905878 0.9618887934 -0.2734292205 0.02746123486 -0.2733938571 -0.9615101037 2.041836651e-05 -0.002843585676 0
0.2867264841 0.2045678774 -0.002187723074 -0.004954842413 0.07236248196 0.5030551924 -0.0006338868651 0.01825308704 0.2541212354 -0.9995832682 -0.005432304295 -0.02835101524 0.002710297842 0.9601336737 -0.2795281434 0.02873924635 -0.2794884949 -0.9597188322 2.146587051e-05 -0.002909671688 0
0.2932387686 0.2092141319 -0.002237411805 -0.005180995358 0.07397080161 0.5027382119 -0.0006629595392 0.01866537729 0.2540809318 -0.9995443379 -0.00580652844 -0.02962095244 0.002896715205 0.9583416263 -0.2856097625 0.03004539294 -0.2855654244 -0.9578881264 2.254431728e-05 -0.0029757577 0
0.2997510532 0.2138603864 -0.002287100536 -0.005412093406 0.07557676286 0.5024143002 -0.0006926805843 0.01907751288 0.2540397294 -0.9995027589 -0.006197248072 -0.03091648652 0.003091316182 0.9565128774 -0.2916737202 0.03137959188 -0.2916242607 -0.9560181022 2.36541398e-05 -0.003041843713 0
0.3062633377 0.2185066409 -0.002336789267 -0.005648127705 0.0771803149 0.5020834697 -0.000723049699 0.01948949044 0.2539976286 -0.9994584159 -0.006604785068 -0.03223742708 0.003294257402 0.954647658 -0.2977196617 0.03274175863 -0.2976646198 -0.9541088781 2.479577738e-05 -0.003107929725 0
0.3127756223 0.2231528955 -0.002386477998 -0.005889089216 0.07878140703 0.5017457332 -0.0007540665755 0.01990130657 0.2539546299 -0.9994111916 -0.007029458444 -0.03358358 0.003505693882 0.9527462032 -0.3037472343 0.0341318069 -0.3036861191 -0.9521605751 2.596967546e-05 -0.003174015737 0
0.3192879068 0.22779915 -0.002436166729 -0.006134968712 0.08037998865 0.5014011035 -0.0007857308994 0.02031295791 0.2539107336 -0.9993609663 -0.007471584298 -0.03495474749 0.00372577899 0.9508087529 -0.309756088 0.03554964859 -0.3096883771 -0.9501733166 2.717628547e-05 -0.003240101749 0
0.3258001913 0.2324454045 -0.00248585546 -0.006385756778 0.08197600927 0.5010495938 -0.0008180423495 0.02072444105 0.2538659402 -0.9993076184 -0.007931475761 -0.03635072811 0.00395466442 0.9488355511 -0.3157458751 0.03699519389 -0.3156710134 -0.9481472285 2.841606464e-05 -0.003306187762 0
0.3323124759 0.237091659 -0.002535544191 -0.006641443815 0.0835694185 0.5006912177 -0.0008510005983 0.02113575261 0.2538202502 -0.999251024 -0.008409442938 -0.03777131678 0.004192500158 0.9468268464 -0.3217162505 0.03846835121 -0.321633649 -0.9460824392 2.968947591e-05 -0.003372273774 0
0.3388247604 0.2417379136 -0.002585232922 -0.006902020035 0.08516016607 0.5003259888 -0.0008846053117 0.02154688923 0.253773664 -0.9991910569 -0.008905792859 -0.03921630486 0.004439434453 0.9447828918 -0.3276668717 0.03996902719 -0.3275759061 -0.9439790795 3.09969877e-05 -0.003438359786 0
0.345337045 0.2463841681 -0.002634921653 -0.007167475464 0.08674820182 0.4999539211 -0.000918856149 0.0219578475 0.2537261821 -0.9991275893 -0.009420829422 -0.04068548012 0.004695613789 0.9427039443 -0.3335973989 0.04149712678 -0.3334974082 -0.9418372827 3.233907382e-05 -0.003504445798 0
0.3518493295 0.2510304226 -0.002684610384 -0.007437799945 0.0883334757 0.4995750288 -0.000953752763 0.02236862406 0.253677805 -0.9990604908 -0.009954853343 -0.04217862683 0.004961182851 0.9405902656 -0.3395074947 0.04305255313 -0.3393977802 -0.9396571846 3.37162133e-05 -0.003570531811 0
0.358361614 0.2556766771 -0.002734299115 -0.007712983134 0.08991593779 0.4991893265 -0.0009892947997 0.02277921552 0.2536285332 -0.9989896294 -0.01050816211 -0.04369552576 0.005236284504 0.9384421212 -0.3453968247 0.04463520771 -0.3452766481 -0.9374389231 3.512889026e-05 -0.003636617823 0
0.3648738986 0.2603229317 -0.002783987846 -0.007993014502 0.09149553828 0.4987968288 -0.001025481899 0.02318961851 0.2535783671 -0.9989148706 -0.01108104991 -0.04523595423 0.005521059755 0.936259781 -0.3512650571 0.04624499023 -0.3511336395 -0.9351826389 3.657759374e-05 -0.003702703835 0
0.3713861831 0.2649691862 -0.002833676577 -0.008277883339 0.09307222749 0.4983975509 -0.001062313694 0.02359982966 0.2535273074 -0.9988360784 -0.0116738076 -0.04679968613 0.005815647729 0.9340435191 -0.3571118631 0.04788179871 -0.3569683833 -0.9328884749 3.806281759e-05 -0.003768789848 0
0.3778984676 0.2696154407 -0.002883365308 -0.008567578748 0.09464595584 0.4979915079 -0.001099789811 0.02400984558 0.2534753544 -0.9987531146 -0.01228672267 -0.04838649197 0.006120185643 0.9317936135 -0.3629369163 0.04954552943 -0.3627805099 -0.9305565765 3.958506034e-05 -0.00383487586 0
0.3844107522 0.2742616952 -0.002933054039 -0.00886208965 0.09621667392 0.4975787155 -0.00113790987 0.02441966291 0.2534225088 -0.9986658388 -0.01292007914 -0.04999613888 0.006434808772 0.9295103464 -0.3687398938 0.05123607698 -0.3685696509 -0.9281870915 4.114482505e-05 -0.003900961872 0
0.3909230367 0.2789079498 -0.00298274277 -0.009161404786 0.0977843324 0.4971591893 -0.001176673485 0.02482927827 0.2533687711 -0.9985741092 -0.01357415758 -0.05162839072 0.006759650428 0.9271940039 -0.374520475 0.05295333426 -0.3743354396 -0.9257801699 4.274261916e-05 -0.003967047884 0
0.3974353213 0.2835542043 -0.003032431501 -0.009465512712 0.09934888212 0.4967329455 -0.001216080263 0.02523868831 0.2533141418 -0.9984777816 -0.01424923499 -0.05328300804 0.007094841927 0.9248448763 -0.3802783428 0.05469719244 -0.3800775106 -0.9233359643 4.437895443e-05 -0.004033133897 0
0.4039476058 0.2882004588 -0.003082120232 -0.009774401802 0.100910274 0.4963000003 -0.001256129804 0.02564788964 0.2532586215 -0.9983767103 -0.01494558481 -0.05495974814 0.007440512567 0.9224632575 -0.3860131828 0.05646754106 -0.3857955002 -0.9208546296 4.605434675e-05 -0.004099219909 0
0.4104598903 0.2928467134 -0.003131808963 -0.01008806025 0.1024684592 0.4958603702 -0.001296821703 0.02605687892 0.2532022107 -0.9982707474 -0.01566347684 -0.05665836513 0.007796789596 0.9200494456 -0.3917246836 0.05826426793 -0.3914890461 -0.9183363229 4.776931606e-05 -0.004165305921 0
0.4169721749 0.2974929679 -0.003181497694 -0.01040647608 0.1040233889 0.4954140722 -0.001338155546 0.02646565277 0.25314491 -0.9981597436 -0.01640317721 -0.05837860995 0.008163798191 0.9176037422 -0.3974125372 0.06008725923 -0.3971577874 -0.9157812038 4.95243862e-05 -0.004231391933 0
0.4234844594 0.3021392224 -0.003231186425 -0.01072963711 0.1055750144 0.4949611231 -0.001380130914 0.02687420784 0.25308672 -0.9980435474 -0.01716494833 -0.0601202304 0.008541661429 0.9151264529 -0.4030764385 0.06193639944 -0.4028013651 -0.9131894342 5.132008483e-05 -0.004297477946 0
0.4299967439 0.3067854769 -0.003280875156 -0.011057531 0.1071232873 0.4945015404 -0.001422747383 0.02728254076 0.2530276413 -0.9979220057 -0.01794904883 -0.06188297121 0.008930500262 0.912617887 -0.4087160854 0.0638115714 -0.4084194216 -0.9105611783 5.315694332e-05 -0.004363563958 0
0.4365090285 0.3114317315 -0.003330563887 -0.01139014524 0.1086681593 0.4940353415 -0.001466004519 0.02769064819 0.2529676745 -0.9977949638 -0.01875573352 -0.06366657403 0.009330433492 0.9100783575 -0.4143311794 0.06571265631 -0.4140116009 -0.9078966026 5.503549658e-05 -0.00442964997 0
0.443021313 0.316077986 -0.003380252618 -0.01172746711 0.110209582 0.4935625443 -0.001509901884 0.02809852677 0.2529068202 -0.9976622651 -0.01958525338 -0.06547077751 0.009741577745 0.9075081809 -0.4199214251 0.06763953371 -0.4195775487 -0.9051958761 5.695628304e-05 -0.004495735982 0
0.4495335976 0.3207242405 -0.003429941349 -0.01206948374 0.1117475075 0.4930831669 -0.001554439034 0.02850617314 0.2528450791 -0.9975237513 -0.02043785547 -0.06729531733 0.01016404745 0.9049076775 -0.4254865301 0.06959208152 -0.4251169124 -0.9024591697 5.891984449e-05 -0.004561821995 0
0.4560458821 0.325370495 -0.00347963008 -0.01241618207 0.1132818878 0.4925972275 -0.001599615517 0.02891358397 0.2527824516 -0.9973792625 -0.02131378288 -0.06913992625 0.01059795481 0.902277171 -0.4310262057 0.07157017603 -0.4306293409 -0.8996866569 6.092672599e-05 -0.004627908007 0
0.4625581666 0.3300167496 -0.003529318811 -0.01276754886 0.1148126752 0.4921047447 -0.001645430874 0.0293207559 0.2527189386 -0.9972286373 -0.02221327475 -0.07100433412 0.01104340978 0.8996169887 -0.4365401663 0.0735736919 -0.4361144851 -0.8968785134 6.29774758e-05 -0.004693994019 0
0.4690704512 0.3346630041 -0.003579007542 -0.01312357072 0.116339822 0.4916057372 -0.001691884641 0.02972768559 0.2526545405 -0.9970717124 -0.02313656618 -0.07288826795 0.01150052004 0.8969274611 -0.4420281298 0.0756025022 -0.4415719973 -0.894034917 6.507264524e-05 -0.004760080031 0
0.4755827357 0.3393092586 -0.003628696273 -0.01348423405 0.1178632808 0.4911002242 -0.001738976347 0.0301343697 0.2525892582 -0.9969083233 -0.02408388818 -0.07479145195 0.01196939099 0.8942089224 -0.4474898176 0.07765647838 -0.4470015319 -0.891156048 6.721278865e-05 -0.004826166044 0
0.4820950202 0.3439555131 -0.003678385005 -0.0138495251 0.1193830044 0.4905882249 -0.001786705515 0.03054080489 0.2525230922 -0.9967383036 -0.02505546765 -0.07671360755 0.01245012569 0.8914617099 -0.4529249543 0.07973549029 -0.4524027447 -0.8882420887 6.939846325e-05 -0.004892252056 0
0.4886073048 0.3486017677 -0.003728073736 -0.01421942992 0.1208989455 0.4900697587 -0.001835071661 0.03094698783 0.2524560432 -0.9965614857 -0.02605152736 -0.07865445347 0.01294282488 0.8886861642 -0.4583332682 0.08183940623 -0.4577752936 -0.8852932238 7.163022911e-05 -0.004958338068 0
0.4951195893 0.3532480222 -0.003777762467 -0.01459393443 0.1224110572 0.4895448456 -0.001884074293 0.03135291518 0.2523881119 -0.9963777004 -0.02707228587 -0.08061370575 0.01344758694 0.8858826294 -0.4637144912 0.08396809288 -0.4631188382 -0.8823096402 7.3908649e-05 -0.005024424081 0
0.5016318739 0.3578942767 -0.003827451198 -0.01497302433 0.1239192926 0.4890135055 -0.001933712916 0.03175858362 0.252319299 -0.9961867768 -0.0281179575 -0.08259107779 0.01396450785 0.8830514524 -0.4690683584 0.08612141537 -0.4684330398 -0.8792915268 7.623428837e-05 -0.005090510093 0
0.5081441584 0.3625405313 -0.003877139929 -0.01535668519 0.1254236052 0.4884757587 -0.001983987026 0.03216398981 0.2522496052 -0.9959885431 -0.02918875232 -0.08458628042 0.0144936812 0.8801929835 -0.4743946089 0.08829923727 -0.4737175619 -0.8762390748 7.860771525e-05 -0.005156596105 0
0.5146564429 0.3671867858 -0.00392682866 -0.01574490236 0.1269239483 0.4879316256 -0.002034896114 0.03256913043 0.2521790312 -0.9957828256 -0.03028487609 -0.0865990219 0.01503519814 0.877307576 -0.4796929851 0.0905014206 -0.4789720696 -0.8731524778 8.102950014e-05 -0.005222682117 0
0.5211687275 0.3718330403 -0.003976517391 -0.01613766107 0.1284202758 0.4873811271 -0.002086439662 0.03297400217 0.2521075777 -0.9955694495 -0.0314065302 -0.088629008 0.0155891474 0.874395586 -0.4849632333 0.09272782582 -0.4841962299 -0.8700319312 8.350021599e-05 -0.00528876813 0
0.527681012 0.3764792948 -0.004026206122 -0.01653494635 0.1299125415 0.486824284 -0.00213861715 0.03337860169 0.2520352454 -0.9953482387 -0.0325539117 -0.09067594203 0.01615561523 0.8714573729 -0.4902051033 0.09497831187 -0.4893897118 -0.8668776328 8.602043812e-05 -0.005354854142 0
0.5341932966 0.3811255494 -0.004075894853 -0.01693674307 0.1314006993 0.4862611176 -0.002191428046 0.03378292569 0.2519620351 -0.9951190158 -0.03372721319 -0.09273952489 0.01673468538 0.8684932988 -0.4954183488 0.09725273616 -0.4945521864 -0.8636897824 8.85907441e-05 -0.005420940154 0
0.5407055811 0.3857718039 -0.004125583584 -0.01734303592 0.1328847035 0.4856916493 -0.002244871816 0.03418697086 0.2518879476 -0.994881602 -0.03492662285 -0.09481945512 0.01732643912 0.8655037286 -0.500602727 0.0995509546 -0.4996833265 -0.860468582 9.121171375e-05 -0.005487026166 0
0.5472178656 0.3904180584 -0.004175272315 -0.01775380945 0.1343645084 0.4851159008 -0.002298947919 0.03459073387 0.2518129834 -0.9946358173 -0.03615232435 -0.09691542895 0.01793095518 0.8624890302 -0.5057579991 0.1018728216 -0.504782807 -0.8572142357 9.388392902e-05 -0.005553112179 0
0.5537301502 0.3950643129 -0.004224961046 -0.018169048 0.1358400687 0.484533894 -0.002353655805 0.03499421144 0.2517371436 -0.9943814807 -0.03740449685 -0.09902714032 0.01854830977 0.859449574 -0.51088393 0.1042181899 -0.5098503048 -0.8539269498 9.660797399e-05 -0.005619198191 0
0.5602424347 0.3997105675 -0.004274649777 -0.01858873578 0.137311339 0.4839456511 -0.002408994919 0.03539740025 0.2516604287 -0.9941184097 -0.03868331498 -0.101154281 0.01917857652 0.8563857333 -0.5159802884 0.1065869111 -0.5148854989 -0.8506069324 9.938443474e-05 -0.005685284203 0
0.5667547192 0.404356822 -0.004324338508 -0.01901285682 0.1387782743 0.4833511944 -0.002464964702 0.03580029701 0.2515828396 -0.9938464211 -0.03998894877 -0.1032965404 0.01982182649 0.8532978838 -0.521046847 0.108978835 -0.5198880702 -0.8472543939 0.0001022138993 -0.005751370215 0
0.5732670038 0.4090030765 -0.004374027239 -0.01944139499 0.1402408296 0.4827505466 -0.002521564585 0.03620289841 0.2515043771 -0.9935653302 -0.04132156363 -0.1054536061 0.02047812815 0.8501864039 -0.5260833821 0.1113938101 -0.5248577017 -0.8438695468 0.0001050969578 -0.005817456228 0
0.5797792883 0.413649331 -0.00442371597 -0.01987433399 0.1416989603 0.4821437306 -0.002578793994 0.03660520116 0.251425042 -0.9932749514 -0.04268132035 -0.1076251633 0.02114754735 0.8470516744 -0.5310896742 0.1138316833 -0.5297940786 -0.8404526055 0.0001080342019 -0.00588354224 0
0.5854775373 0.4177148038 -0.00446719361 -0.02025675273 0.14297116 0.4816077247 -0.002629385679 0.03695696851 0.2513549085 -0.9930131044 -0.04389349511 -0.1095369146 0.02174409941 0.8442900155 -0.5354452015 0.1159834847 -0.5340858833 -0.8374366248 0.0001106492064 -0.005941367501 0
0.5919898218 0.4223610583 -0.004516882341 -0.02069789878 0.1444208745 0.4809894055 -0.002687793881 0.03735870244 0.2512739393 -0.992704807 -0.04530455986 -0.1117347884 0.02243828235 0.8411127282 -0.5403942098 0.1184638746 -0.5389590665 -0.833960092 0.0001136896502 -0.006007453513 0
0.5985021064 0.4270073128 -0.004566571072 -0.0211433979 0.1458660369 0.4803649849 -0.002746829924 0.03776012827 0.2511920999 -0.9923866826 -0.04674320258 -0.113946238 0.02314575749 0.8379132996 -0.5453123657 0.1209667146 -0.5437981016 -0.8304520929 0.0001167859912 -0.006073539525 0
0.6050143909 0.4316535673 -0.004616259803 -0.02159323315 0.1473066032 0.4797344867 -0.002806493208 0.03816124273 0.251109391 -0.9920585417 -0.04820956578 -0.116170941 0.02386658041 0.8346921199 -0.550199465 0.1234918463 -0.548602682 -0.8269128498 0.0001199388279 -0.006139625537 0
0.6115266754 0.4362998219 -0.004665948534 -0.02204738745 0.1487425295 0.4790979348 -0.002866783129 0.03856204254 0.2510258134 -0.991720194 -0.04970378719 -0.1184085735 0.02460080401 0.8314495812 -0.5550553075 0.1260391097 -0.5533725034 -0.8233425868 0.0001231487607 -0.00620571155 0
0.61803896 0.4409460764 -0.004715637265 -0.02250584354 0.1501737722 0.4784553534 -0.002927699076 0.03896252442 0.2509413681 -0.9913714484 -0.05122599974 -0.1206588094 0.02534847851 0.8281860778 -0.5598796971 0.1286083433 -0.5581072635 -0.8197415303 0.0001264163913 -0.006271797562 0
0.6245512445 0.4455923309 -0.004765325996 -0.02296858403 0.1516002881 0.477806767 -0.002989240431 0.0393626851 0.2508560559 -0.9910121128 -0.05277633153 -0.1229213211 0.02610965139 0.8249020061 -0.5646724417 0.1311993844 -0.5628066623 -0.8161099083 0.000129742323 -0.006337883574 0
0.6310635291 0.4502385854 -0.004815014727 -0.02343559133 0.1530220339 0.4771522001 -0.00305140657 0.03976252132 0.2507698776 -0.9906419944 -0.05435490581 -0.1251957794 0.02688436742 0.8215977647 -0.5694333532 0.1338120688 -0.5674704021 -0.812447951 0.0001331271608 -0.006403969587 0
0.6375758136 0.45488484 -0.004864703458 -0.02390684774 0.1544389665 0.4764916775 -0.003114196862 0.04016202981 0.2506828342 -0.9902608997 -0.05596184093 -0.1274818531 0.02767266862 0.818273754 -0.574162248 0.1364462309 -0.5720981873 -0.8087558903 0.0001365715108 -0.006470055599 0
0.6440880981 0.4595310945 -0.004914392189 -0.02438233537 0.1558510433 0.4758252244 -0.003177610671 0.04056120732 0.2505949265 -0.9898686344 -0.05759725035 -0.1297792098 0.02847459426 0.8149303762 -0.5788589461 0.1391017039 -0.5766897248 -0.8050339603 0.0001400759809 -0.006536141611 0
0.6506003827 0.464177349 -0.00496408092 -0.02486203618 0.1572582217 0.4751528661 -0.003241647353 0.04096005059 0.2505061553 -0.9894650036 -0.05926124262 -0.1320875154 0.02929018085 0.8115680355 -0.583523272 0.1417783196 -0.5812447237 -0.8012823967 0.0001436411801 -0.006602227623 0
0.6571126672 0.4688236035 -0.005013769651 -0.02534593198 0.1586604592 0.4744746279 -0.003306306259 0.04135855637 0.2504165217 -0.9890498117 -0.06095392132 -0.1344064341 0.03011946213 0.8081871379 -0.5881550544 0.1444759082 -0.5857628953 -0.7975014372 0.0001472677189 -0.006668313636 0
0.6636249517 0.4734698581 -0.005063458382 -0.02583400443 0.1600577137 0.4737905357 -0.003371586734 0.04175672141 0.2503260265 -0.9886228623 -0.06267538508 -0.136735629 0.03096246904 0.8047880911 -0.5927541261 0.147194299 -0.5902439534 -0.7936913215 0.0001509562091 -0.006734399648 0
0.6701372363 0.4781161126 -0.005113147113 -0.02632623503 0.1614499433 0.4731006153 -0.003437488115 0.04215454247 0.2502346706 -0.9881839587 -0.06442572754 -0.1390747617 0.03181922973 0.8013713042 -0.5973203239 0.1499333196 -0.5946876141 -0.7898522908 0.0001547072637 -0.00680048566 0
0.6766495208 0.4827623671 -0.005162835844 -0.02682260512 0.1628371062 0.4724048929 -0.003504009734 0.0425520163 0.250142455 -0.9877329036 -0.06620503734 -0.1414234924 0.03268976954 0.7979371883 -0.6018534892 0.1526927966 -0.5990935958 -0.7859845885 0.000158521497 -0.006866571672 0
0.6831618054 0.4874086217 -0.005212524575 -0.0273230959 0.1642191609 0.4717033949 -0.003571150917 0.04294913968 0.2500493806 -0.987269499 -0.06801339809 -0.14378148 0.03357411101 0.7944861557 -0.6063534674 0.1554725551 -0.6034616194 -0.7820884596 0.0001623995244 -0.006932657685 0
0.6896740899 0.4920548762 -0.005262213306 -0.02782768842 0.165596066 0.4709961478 -0.003638910983 0.04334590937 0.2499554483 -0.9867935467 -0.06985088837 -0.1461483823 0.03447227381 0.7910186203 -0.6108201083 0.1582724189 -0.6077914081 -0.7781641509 0.0001663419628 -0.006998743697 0
0.6961863744 0.4967011307 -0.005311902037 -0.02833636357 0.1669677806 0.4702831784 -0.003707289243 0.04374232213 0.2498606591 -0.9863048478 -0.07171758168 -0.1485238558 0.03538427483 0.7875349974 -0.6152532657 0.1610922107 -0.6120826875 -0.7742119111 0.00017034943 -0.007064829709 0
0.702698659 0.5013473852 -0.005361590768 -0.0288491021 0.1683342636 0.4695645136 -0.003776285006 0.04413837476 0.249765014 -0.9858032031 -0.07361354649 -0.1509075559 0.03631012809 0.7840357036 -0.6196527981 0.1639317519 -0.6163351858 -0.7702319907 0.000174422545 -0.007130915721 0
0.7092109435 0.5059936398 -0.005411279499 -0.02936588461 0.1696954745 0.4688401808 -0.003845897571 0.04453406402 0.2496685139 -0.9852884133 -0.07553884613 -0.1532991371 0.03724984475 0.7805211567 -0.6240185679 0.1667908624 -0.6205486336 -0.7662246417 0.0001785619277 -0.007197001734 0
0.7157232281 0.5106398943 -0.00546096823 -0.02988669155 0.1710513729 0.4681102072 -0.003916126232 0.0449293867 0.2495711598 -0.9847602782 -0.07749353889 -0.1556982526 0.03820343313 0.7769917758 -0.6283504421 0.1696693612 -0.6247227639 -0.7621901181 0.0001827681996 -0.007263087746 0
0.7222355126 0.5152861488 -0.005510656961 -0.03041150322 0.1724019184 0.4673746206 -0.003986970277 0.04532433959 0.2494729527 -0.9842185979 -0.07947767789 -0.1581045547 0.03917089868 0.7734479812 -0.6326482918 0.1725670658 -0.6288573122 -0.7581286755 0.0001870419827 -0.007329173758 0
0.7287477971 0.5199324033 -0.005560345692 -0.03094029977 0.1737470712 0.4666334486 -0.004058428988 0.04571891948 0.2493738936 -0.9836631719 -0.08149131115 -0.1605176951 0.04015224398 0.769890194 -0.6369119927 0.1754837928 -0.6329520166 -0.7540405713 0.0001913839003 -0.00739525977 0
0.7352600817 0.5245786579 -0.005610034423 -0.03147306123 0.1750867915 0.4658867193 -0.00413050164 0.04611312316 0.2492739834 -0.9830937996 -0.08353448156 -0.1629373241 0.04114746872 0.7663188367 -0.6411414246 0.1784193572 -0.6370066176 -0.7499260644 0.0001957945766 -0.007461345783 0
0.7417723662 0.5292249124 -0.005659723154 -0.03200976746 0.1764210398 0.465134461 -0.004203187501 0.04650694745 0.2491732233 -0.9825102802 -0.08560722684 -0.1653630917 0.04215656973 0.7627343324 -0.6453364718 0.1813735731 -0.6410208584 -0.7457854156 0.000200274637 -0.007527431795 0
0.7482846507 0.5338711669 -0.005709411885 -0.0325503982 0.1777497767 0.464376702 -0.004276485835 0.04690038914 0.2490716143 -0.9819124127 -0.08770957957 -0.1677946468 0.04317954094 0.7591371053 -0.6494970228 0.1843462533 -0.6449944845 -0.7416188872 0.0002048247076 -0.007593517807 0
0.7547969353 0.5385174214 -0.005759100616 -0.03309493301 0.1790729632 0.463613471 -0.004350395899 0.04729344504 0.2489691573 -0.9812999961 -0.08984156714 -0.1702316379 0.04421637338 0.7555275802 -0.6536229707 0.1873372094 -0.6489272443 -0.7374267432 0.0002094454156 -0.00765960382 0
0.7613092198 0.543163676 -0.005808789347 -0.03364335136 0.1803905605 0.4628447967 -0.004424916942 0.04768611197 0.2488658534 -0.9806728293 -0.09200321178 -0.1726737125 0.04526705521 0.7519061829 -0.6577142129 0.190346252 -0.6528188885 -0.7332092492 0.000214137389 -0.007725689832 0
0.7678215044 0.5478099305 -0.005858478078 -0.03419563253 0.18170253 0.4620707082 -0.004500048209 0.04807838675 0.2487617036 -0.9800307111 -0.09419453053 -0.1751205177 0.04633157165 0.7482733396 -0.6617706511 0.1933731904 -0.6566691706 -0.7289666725 0.0002189012568 -0.007791775844 0
0.7743337889 0.552456185 -0.005908166809 -0.03475175571 0.1830088333 0.4612912347 -0.004575788938 0.04847026619 0.2486567091 -0.9793734404 -0.09641553524 -0.1775717002 0.04740990506 0.7446294774 -0.6657921915 0.1964178329 -0.6604778467 -0.7246992818 0.0002237376488 -0.007857861856 0
0.7808460734 0.5571024396 -0.00595785554 -0.0353116999 0.1843094324 0.4605064055 -0.00465213836 0.04886174713 0.2485508708 -0.9787008162 -0.09866623257 -0.1800269061 0.04850203488 0.7409750238 -0.6697787446 0.1994799864 -0.6642446753 -0.7204073475 0.0002286471958 -0.007923947869 0
0.787358358 0.5617486941 -0.006007544271 -0.035875444 0.1856042893 0.4597162504 -0.004729095703 0.04925282639 0.2484441899 -0.9780126374 -0.100946624 -0.1824857809 0.04960793762 0.7373104067 -0.6737302255 0.202559457 -0.6679694179 -0.7160911416 0.0002336305293 -0.007990033881 0
0.7938706425 0.5663949486 -0.006057233002 -0.03644296677 0.1868933664 0.458920799 -0.004806660184 0.04964350081 0.2483366674 -0.9773087031 -0.1032567057 -0.1849479699 0.05072758692 0.7336360545 -0.6776465534 0.2056560496 -0.6716518385 -0.7117509375 0.0002386882816 -0.008056119893 0
0.800382927 0.5710412031 -0.006106921733 -0.03701424681 0.1881766263 0.4581200813 -0.004884831017 0.05003376724 0.2482283044 -0.9765888126 -0.1055964687 -0.1874131181 0.05186095349 0.7299523961 -0.6815276523 0.208769568 -0.6752917038 -0.7073870103 0.000243821086 -0.008122205905 0
0.8068952116 0.5756874577 -0.006156610464 -0.03758926262 0.1894540318 0.4573141275 -0.00496360741 0.05042362252 0.248119102 -0.9758527654 -0.107965899 -0.1898808701 0.05300800512 0.7262598605 -0.6853734504 0.211899815 -0.678888783 -0.7029996363 0.0002490295764 -0.008188291918 0
0.8134074961 0.5803337122 -0.006206299195 -0.03816799253 0.1907255462 0.4565029679 -0.005042988563 0.05081306349 0.2480090614 -0.9751003612 -0.110364977 -0.1923508705 0.0541687067 0.7225588768 -0.6891838802 0.2150465921 -0.6824428484 -0.6985890937 0.0002543143876 -0.00825437793 0
0.8199197807 0.5849799667 -0.006255987926 -0.03875041478 0.1919911327 0.4556866331 -0.005122973671 0.05120208702 0.2478981836 -0.9743314 -0.1127936782 -0.1948227636 0.05534302022 0.7188498746 -0.6929588789 0.2182097 -0.6859536748 -0.6941556619 0.000259676155 -0.008320463942 0
0.8264320652 0.5896262212 -0.006305676657 -0.03933650743 0.1932507548 0.4548651537 -0.005203561923 0.05159068996 0.2477864698 -0.9735456819 -0.1152519728 -0.1972961934 0.05653090475 0.7151332833 -0.696698388 0.2213889383 -0.6894210396 -0.6896996217 0.000265115515 -0.008386549954 0
0.8329443497 0.5942724758 -0.006355365389 -0.03992624845 0.1945043766 0.4540385607 -0.005284752503 0.05197886917 0.247673921 -0.9727430078 -0.1177398257 -0.1997708043 0.05773231644 0.7114095325 -0.7004023535 0.2245841055 -0.6928447233 -0.6852212555 0.0002706331046 -0.008452635967 0
0.8394566343 0.5989187303 -0.00640505412 -0.04051961566 0.195751962 0.4532068852 -0.005366544585 0.05236662153 0.2475605385 -0.9719231785 -0.1202571967 -0.2022462404 0.05894720857 0.7076790515 -0.7040707256 0.2277949993 -0.6962245088 -0.6807208471 0.0002762295613 -0.008518721979 0
0.8459689188 0.6035649848 -0.006454742851 -0.04111658676 0.1969934754 0.4523701584 -0.005448937341 0.05275394391 0.2474463234 -0.9710859955 -0.1228040403 -0.2047221458 0.06017553146 0.7039422698 -0.7077034592 0.2310214162 -0.6995601821 -0.6761986815 0.0002819055237 -0.008584807991 0
0.8524812034 0.6082112393 -0.006504431582 -0.04171713931 0.1982288814 0.4515284118 -0.005531929935 0.05314083319 0.2473312769 -0.9702312607 -0.125380306 -0.207198165 0.06141723259 0.7001996166 -0.7113005135 0.2342631517 -0.7028515318 -0.6716550454 0.0002876616308 -0.008650894003 0
0.8589934879 0.6128574939 -0.006554120313 -0.04232125076 0.199458145 0.450681677 -0.005615521525 0.05352728625 0.2472154 -0.9693587765 -0.1279859377 -0.2096739424 0.0626722565 0.6964515207 -0.7148618521 0.2375200005 -0.7060983494 -0.6670902265 0.0002934985224 -0.008716980016 0
0.8655057724 0.6175037484 -0.006603809044 -0.04292889843 0.2006812311 0.4498299857 -0.005699711263 0.05391329998 0.2470986941 -0.9684683458 -0.1306208745 -0.2121491227 0.06394054484 0.6926984108 -0.7183874431 0.2407917562 -0.7093004292 -0.6625045142 0.0002994168389 -0.008783066028 0
0.872018057 0.6221500029 -0.006653497775 -0.0435400595 0.2018981052 0.4489733699 -0.005784498296 0.05429887128 0.2469811602 -0.9675597721 -0.13328505 -0.214623351 0.06522203638 0.6889407151 -0.721877259 0.2440782115 -0.7124575682 -0.657898199 0.0003054172213 -0.00884915204 0
0.8785303415 0.6267962574 -0.006703186506 -0.04415471104 0.203108733 0.4481118619 -0.005869881764 0.05468399704 0.2468627996 -0.9666328595 -0.135978393 -0.2170962725 0.06651666701 0.6851788614 -0.7253312766 0.2473791582 -0.7155695665 -0.6532715726 0.0003115003114 -0.008915238053 0
0.885042626 0.631442512 -0.006752875237 -0.04477283001 0.2043130803 0.4472454938 -0.005955860799 0.05506867416 0.2467436134 -0.9656874127 -0.1387008266 -0.219567533 0.06782436973 0.6814132771 -0.7287494773 0.2506943872 -0.7186362268 -0.6486249284 0.0003176667515 -0.008981324065 0
0.8915549106 0.6360887665 -0.006802563968 -0.04539439322 0.2055111133 0.4463742982 -0.006042434532 0.05545289956 0.2466236029 -0.9647232372 -0.1414522693 -0.2220367786 0.06914507465 0.6776443887 -0.7321318468 0.2540236883 -0.721657355 -0.6439585606 0.0003239171845 -0.009047410077 0
0.8980671951 0.640735021 -0.006852252699 -0.04601937739 0.2067027985 0.4454983077 -0.006129602082 0.05583667015 0.2465027693 -0.9637401391 -0.144232634 -0.224503656 0.07047870904 0.6738726224 -0.7354783752 0.2573668507 -0.7246327595 -0.639272765 0.000330252254 -0.009113496089 0
