0.00639181001 0.005122907887 0.001327323267 -2.783286245e-06 0.001629902439 0.5099965273 -3.487177428e-07 0.0004058867236 0.2549995693 -0.9999999999 -6.817915404e-08 -1.62089539e-05 3.490761444e-08 0.9999797764 -0.006359780545 1.62090597e-05 -0.006359780545 -0.9999797763 3.274050541e-08 0.001765339945 0
0.01255387859 0.01006168262 0.002606938429 -1.073647812e-05 0.003201169992 0.5099866042 -1.352287745e-06 0.0007985929391 0.2549983298 -0.999999998 -5.198842e-07 -6.252415912e-05 2.61119101e-07 0.9999219897 -0.01249057573 6.252577525e-05 -0.01249057572 -0.9999219878 6.923407194e-08 0.00346722811 0
0.01871594718 0.01500045734 0.003886553591 -2.386287379e-05 0.004772337729 0.5099702265 -3.016583131e-06 0.001192039286 0.254996274 -0.9999999903 -1.724197151e-06 -0.0001389602149 8.636243402e-07 0.9998266216 -0.01862059977 0.0001389682277 -0.01862059971 -0.9998266119 6.561018393e-08 0.005169116276 0
0.02487801576 0.01993923207 0.005166168753 -4.216198211e-05 0.006343356662 0.5099473948 -5.341435648e-06 0.001585652527 0.2549934022 -0.9999999699 -4.050372414e-06 -0.0002455066553 2.027028994e-06 0.9996936848 -0.0247494743 0.0002455316975 -0.02474947405 -0.9996936547 2.378144126e-08 0.006871004441 0
0.03104008434 0.0248780068 0.006445783915 -6.563311838e-05 0.007914177807 0.5099181101 -8.325866766e-06 0.001979247194 0.2549897156 -0.999999927 -7.867471681e-06 -0.0003821488924 3.935822818e-06 0.9995231973 -0.03087682109 0.0003822096053 -0.03087682034 -0.9995231242 5.232965869e-08 0.008572892606 0
0.0379724115 0.03043412837 0.007885350972 -9.821923534e-05 0.009681054198 0.5098774527 -1.247096656e-05 0.002421968977 0.2549845952 -0.9999998364 -1.440302262e-05 -0.0005718218365 7.203701218e-06 0.9992865425 -0.03776778944 0.0005719578362 -0.03776778738 -0.9992863789 1.667343682e-07 0.01048751679 0
0.04413448008 0.0353729031 0.009164966134 -0.0001326777742 0.01125129245 0.509834459 -1.68552072e-05 0.002815432166 0.2549791795 -0.9999997015 -2.261248493e-05 -0.000772350397 1.13082585e-05 0.9990363417 -0.04389063498 0.0007725985915 -0.04389063061 -0.9990360432 2.939086756e-07 0.01218940496 0
0.05029654867 0.04031167782 0.0104445813 -0.0001723049543 0.0128211799 0.5097850165 -2.189777438e-05 0.003208836724 0.2549729505 -0.9999994965 -3.346424912e-05 -0.001002902624 1.67335687e-05 0.9987486783 -0.05001077239 0.001003321243 -0.05001076399 -0.9987481749 4.434847224e-07 0.01389129312 0
0.05645861725 0.04525045255 0.01172419646 -0.0002170992929 0.01439066761 0.509729127 -2.759852478e-05 0.003602187088 0.2549659084 -0.9999992007 -4.732591229e-05 -0.001263446955 2.366324074e-05 0.9984235908 -0.05612782463 0.001264111546 -0.05612780967 -0.9984227917 6.147648223e-07 0.01559318129 0
0.06262068583 0.05018922728 0.01300381162 -0.0002670591142 0.01595970667 0.5096667925 -3.395734694e-05 0.003995486232 0.2549580535 -0.9999987905 -6.456455449e-05 -0.001553947723 3.228057255e-05 0.998061123 -0.06224141509 0.001554953399 -0.06224138997 -0.9980599138 8.073934656e-07 0.01729506945 0
0.06878275441 0.05512800201 0.01428342678 -0.000322182549 0.01752824818 0.5095980155 -4.097414404e-05 0.004388735701 0.2549493857 -0.9999982397 -8.554667559e-05 -0.001874365164 4.276851316e-05 0.9976613233 -0.06835116759 0.001875828845 -0.06835112744 -0.9976595635 1.021202693e-06 0.01899695762 0
0.074944823 0.06006677674 0.01556304194 -0.0003824675349 0.01909624326 0.5095227984 -4.864882493e-05 0.004781935896 0.2549399053 -0.9999975193 -0.0001106381323 -0.002224655419 5.530962482e-05 0.9972242455 -0.07445670651 0.002226718073 -0.07445664485 -0.9972217656 1.256135881e-06 0.02069884579 0
0.08110689158 0.06500555146 0.01684265711 -0.0004479118167 0.02066364305 0.5094411441 -5.698129924e-05 0.005175086358 0.2549296123 -0.9999965978 -0.0001402040754 -0.002604770546 7.008604519e-05 0.9967499481 -0.08055765677 0.002607599419 -0.08055756525 -0.9967465471 1.512207041e-06 0.02240073395 0
0.08726896016 0.06994432619 0.01812227227 -0.000518512946 0.02223039871 0.5093530557 -6.59714746e-05 0.005568185991 0.2549185069 -0.9999954407 -0.0001746088868 -0.003014658524 8.727944963e-05 0.9962384947 -0.08665364393 0.003018449366 -0.08665351196 -0.9962339373 1.789477927e-06 0.02410262212 0
0.09343102875 0.07488310092 0.01940188743 -0.0005942682818 0.02379646144 0.5092585364 -7.561925501e-05 0.00596123323 0.2549065891 -0.9999940111 -0.0002142161171 -0.00345426326 0.0001070710135 0.995689954 -0.0927442942 0.003459242549 -0.09274410862 -0.9956839679 2.088044607e-06 0.02580451028 0
0.09959309733 0.07982187565 0.02068150259 -0.0006751749902 0.02536178247 0.5091575897 -8.592453987e-05 0.00635422616 0.2548938591 -0.9999922693 -0.0002593884229 -0.003923524603 0.0001296413747 0.9951043993 -0.09882923454 0.003929951753 -0.09882897917 -0.9950966729 2.408029278e-06 0.02750639845 0
0.1057551659 0.08476065038 0.02196111775 -0.0007612300447 0.02692631304 0.5090502195 -9.688722335e-05 0.006747162607 0.2548803171 -0.999990173 -0.0003104875045 -0.004422378348 0.000155170596 0.9944819093 -0.1049080927 0.004430547915 -0.1049077479 -0.9944720884 2.749575097e-06 0.02920828661 0
0.1119172345 0.0896994251 0.02324073292 -0.0008524302264 0.02849000445 0.5089364298 -0.000108507194 0.007140040194 0.2548659631 -0.9999876773 -0.000367874044 -0.004950756247 0.0001838381278 0.9938225674 -0.1109804971 0.004961000129 -0.1109800396 -0.9938102532 3.112842831e-06 0.03091017478 0
0.1180793031 0.09463819983 0.02452034808 -0.0009487721242 0.03005280802 0.5088162248 -0.0001207843344 0.007532856395 0.2548507974 -0.9999847344 -0.0004319076426 -0.005508586024 0.0002158227709 0.9931264618 -0.1170460772 0.005521275643 -0.1170454793 -0.9931112079 3.498008584e-06 0.03261206294 0
0.1242413717 0.09957697456 0.02579996324 -0.001050252135 0.03161467509 0.5086896091 -0.0001337185211 0.007925608564 0.2548348199 -0.999981294 -0.0005029467596 -0.006095791378 0.0002513026391 0.992393686 -0.1231044634 0.006111339866 -0.1231036925 -0.9923749959 3.905262237e-06 0.03431395111 0
0.1304034402 0.1045157493 0.0270795784 -0.001156866462 0.03317555709 0.5085565872 -0.0001473096246 0.008318293966 0.254818031 -0.9999773033 -0.0005813486501 -0.006712292005 0.0002904551224 0.9916243379 -0.129155287 0.006731156366 -0.1291543052 -0.9916016625 4.334806328e-06 0.03601583927 0
0.1365655088 0.109454524 0.02835919356 -0.00126861112 0.03473540543 0.5084171643 -0.000161557509 0.00871090979 0.2548004308 -0.9999727068 -0.0006674693036 -0.0073580036 0.00033345685 0.9908185207 -0.1351981802 0.007380686877 -0.1351969438 -0.9907912554 4.786855225e-06 0.03771772744 0
0.1427275774 0.1143932987 0.02963880873 -0.001385481929 0.0362941716 0.5082713456 -0.0001764620319 0.009103453167 0.2547820195 -0.9999674462 -0.000761663383 -0.008032837878 0.0003804836535 0.9899763422 -0.1412327765 0.008059891294 -0.1412312352 -0.9899438248 5.2616345e-06 0.0394196156 0
0.148889646 0.1193320735 0.03091842389 -0.001507474519 0.03785180713 0.5081191364 -0.0001920230448 0.009495921185 0.2547627972 -0.9999614608 -0.0008642841635 -0.008736702586 0.0004317105299 0.9890979152 -0.1472587104 0.008768727684 -0.1472568069 -0.989059423 5.759380423e-06 0.04112150377 0
0.1550517146 0.1242708482 0.03219803905 -0.001634584329 0.03940826359 0.5079605426 -0.0002082403927 0.00988831089 0.2547427642 -0.9999546873 -0.0009756834715 -0.009469501512 0.0004873116057 0.9881833573 -0.1532756176 0.009507152282 -0.1532732869 -0.9881381045 6.28033957e-06 0.04282339194 0
0.1619840417 0.1298269698 0.03363760611 -0.001783693615 0.04115780752 0.5077745002 -0.0002272692331 0.01032965199 0.2547192581 -0.9999460428 -0.001111936902 -0.01032836089 0.000555306993 0.9871114444 -0.1600333964 0.01037319027 -0.1600304968 -0.9870575652 6.894485462e-06 0.04473801612 0
0.1681461103 0.1347657445 0.03491722127 -0.001921661498 0.04271159789 0.5076023588 -0.0002448807486 0.01072186534 0.2546975029 -0.9999373725 -0.001243151788 -0.01112230762 0.0006207772082 0.9861205206 -0.1660299177 0.01117433617 -0.1660264242 -0.9860579905 7.465636517e-06 0.04643990429 0
0.1743081789 0.1397045192 0.03619683643 -0.002064731114 0.04426405819 0.507423852 -0.000263148073 0.01111399099 0.2546749375 -0.9999276995 -0.001384234657 -0.01194486259 0.0006911597554 0.9850938641 -0.1720162819 0.01200492174 -0.1720121009 -0.9850216845 8.060834241e-06 0.04814179245 0
0.1804702475 0.144643294 0.03747645159 -0.002212897115 0.04581514019 0.5072389865 -0.0002820710248 0.01150602588 0.2546515623 -0.9999169499 -0.001535530722 -0.01279591345 0.000766624786 0.9840316123 -0.17799213 0.01286489572 -0.1779871574 -0.9839487112 8.68036455e-06 0.04984368062 0
0.1866323161 0.1495820687 0.03875606675 -0.002366153964 0.04736479575 0.5070477692 -0.0003016494157 0.01189796695 0.2546273774 -0.9999050474 -0.001697383441 -0.01367534396 0.0008473413958 0.9829339071 -0.1839571044 0.01375420501 -0.1839512249 -0.9828391367 9.324522266e-06 0.05154556878 0
0.1927943846 0.1545208434 0.04003568192 -0.00252449593 0.04891297678 0.5068502072 -0.0003218830512 0.01228981113 0.2546023831 -0.999891913 -0.001870134456 -0.01458303404 0.0009334775895 0.9818008953 -0.1899108491 0.0146727947 -0.1899039351 -0.9816930297 9.993610938e-06 0.05324745695 0
0.1989564532 0.1594596181 0.04131529708 -0.002687917097 0.05045963523 0.506646308 -0.0003427717302 0.01268155534 0.2545765796 -0.9998774653 -0.002054123533 -0.01551885977 0.001025200245 0.9806327282 -0.1958530093 0.01562060807 -0.1958449205 -0.9805104608 1.068794263e-05 0.05494934511 0
0.2051185218 0.1643983929 0.04259491224 -0.002856411358 0.05200472313 0.5064360791 -0.0003643152451 0.01307319648 0.2545499672 -0.9998616203 -0.002249688506 -0.01648269342 0.00112267508 0.9794295619 -0.2017832322 0.01659758661 -0.2017738142 -0.9792915031 1.140783773e-05 0.05665123328 0
0.2112805904 0.1693371676 0.0438745274 -0.003029972414 0.05354819259 0.5062195284 -0.0003865133817 0.01346473146 0.2545225462 -0.9998442917 -0.002457165218 -0.01747440345 0.001226066614 0.978191557 -0.2077011663 0.01760367 -0.2076902503 -0.9780362318 1.215362477e-05 0.05835312145 0
0.217442659 0.1742759423 0.04515414256 -0.003208593782 0.05508999576 0.5059966639 -0.0004093659196 0.01385615718 0.2544943168 -0.9998253906 -0.002676887463 -0.01849385455 0.001335538136 0.9769188788 -0.2136064618 0.01863879612 -0.2135938634 -0.9767447245 1.292564024e-05 0.06005500961 0
0.2236047276 0.179214717 0.04643375773 -0.003392268786 0.05663008487 0.5057674942 -0.0004328726317 0.01424747053 0.2544652793 -0.9998048257 -0.002909186926 -0.01954090768 0.001451251668 0.9756116971 -0.2194987708 0.01970290106 -0.219484289 -0.9754170608 1.372422842e-05 0.06175689778 0
0.2297667961 0.1841534918 0.04771337289 -0.003580990566 0.05816841223 0.5055320275 -0.0004570332844 0.01463866839 0.254435434 -0.9997825035 -0.003154393129 -0.02061542002 0.001573367934 0.9742701862 -0.2253777468 0.02079591912 -0.2253611635 -0.9740533228 1.454974119e-05 0.06345878594 0
0.2359288647 0.1890922665 0.04899298805 -0.00377475207 0.05970493021 0.5052902729 -0.0004818476377 0.01502974767 0.2544047812 -0.9997583277 -0.003412833373 -0.02171724508 0.001702046322 0.9728945251 -0.2312430453 0.02191778282 -0.2312241241 -0.9726535947 1.540253786e-05 0.06516067411 0
0.2420909333 0.1940310412 0.05027260321 -0.003973546062 0.06123959127 0.5050422393 -0.0005073154452 0.01542070523 0.2543733212 -0.9997322 -0.003684832682 -0.02284623266 0.001837444852 0.9714848972 -0.2370943238 0.0230684229 -0.2370728086 -0.9712179628 1.628298502e-05 0.06686256227 0
0.2482530019 0.198969816 0.05155221837 -0.004177365116 0.06277234792 0.5047879359 -0.0005334364537 0.01581153796 0.2543410543 -0.9997040194 -0.003970713743 -0.02400222889 0.001979720143 0.9700414902 -0.2429312414 0.0242477683 -0.2429068562 -0.9697465158 1.719145634e-05 0.06856445044 0
0.2544150705 0.2039085907 0.05283183354 -0.00438620162 0.06430315277 0.5045273723 -0.0005602104039 0.01620224275 0.2543079809 -0.9996736829 -0.004270796858 -0.02518507629 0.002129027378 0.9685644964 -0.2487534592 0.02545574623 -0.2487259064 -0.9682393446 1.812833243e-05 0.0702663386 0
0.2605771391 0.2088473654 0.0541114487 -0.004600047776 0.06583195852 0.5042605582 -0.0005876370297 0.01659281646 0.2542741012 -0.9996410848 -0.004585399878 -0.02639461373 0.002285520272 0.9670541126 -0.2545606404 0.02669228209 -0.2545296001 -0.9666965422 1.909400065e-05 0.07196822677 0
0.2667392076 0.2137861401 0.05539106386 -0.004818895598 0.06735871794 0.5039875036 -0.0006157160588 0.01698325598 0.2542394156 -0.9996061175 -0.004914838159 -0.02763067651 0.002449351037 0.9655105398 -0.26035245 0.02795729955 -0.260317579 -0.9651182039 2.008885497e-05 0.07367011493 0
0.2729012762 0.2187249149 0.05667067902 -0.005042736917 0.06888338387 0.5037082186 -0.0006444472122 0.01737355818 0.2542039244 -0.9995686707 -0.005259424499 -0.02889309634 0.002620670354 0.9639339833 -0.2661285554 0.02925072049 -0.2660894856 -0.9635044271 2.111329578e-05 0.0753720031 0
0.2790633448 0.2236636896 0.05795029418 -0.005271563375 0.07040590927 0.5034227138 -0.0006738302045 0.01776371994 0.2541676281 -0.9995286321 -0.005619469089 -0.03018170142 0.002799627335 0.9623246528 -0.2718886257 0.03057246507 -0.2718449636 -0.9618553114 2.216772978e-05 0.07707389126 0
0.285995672 0.2292198112 0.05938986124 -0.005534941297 0.07211613325 0.5030940993 -0.0007076648584 0.01820248017 0.2541258326 -0.999480348 -0.006043379492 -0.03166246324 0.003010266944 0.9604752473 -0.278349129 0.03209318163 -0.2782997968 -0.9599579422 2.339033346e-05 0.07898851545 0
0.2921577406 0.2341585859 0.0606694764 -0.005774332585 0.07363395416 0.5027954128 -0.0007384320313 0.01859233313 0.2540878264 -0.9994344185 -0.006437290563 -0.03300612547 0.003205941724 0.9587969877 -0.2840740368 0.03347484079 -0.2840191855 -0.9582340723 2.450988101e-05 0.08069040362 0
0.2983198091 0.2390973606 0.06194909157 -0.006018681708 0.07514948807 0.5024905404 -0.0007698501095 0.01898203588 0.2540490162 -0.9993855318 -0.006847611821 -0.03437541351 0.003409709697 0.9570866366 -0.2897818903 0.03488456279 -0.2897210387 -0.9564751889 2.566073135e-05 0.08239229178 0
0.3044818777 0.2440361354 0.06322870673 -0.006267979546 0.07666268828 0.5021794935 -0.0008019187811 0.01937158532 0.2540094022 -0.9993335662 -0.00727464213 -0.03577014121 0.003621713179 0.9553444211 -0.2954723679 0.03632226058 -0.2954050043 -0.9546814007 2.684331541e-05 0.08409417995 0
0.3106439463 0.2489749101 0.06450832189 -0.0065222168 0.07817350822 0.5018622838 -0.0008346377275 0.01976097832 0.253968985 -0.9992783982 -0.007718677475 -0.03719011905 0.003842092755 0.9535705725 -0.3011451504 0.0377878454 -0.3010707314 -0.9528528184 2.805806961e-05 0.08579606811 0
0.3168060149 0.2539136848 0.06578793705 -0.006781383983 0.07968190141 0.501538923 -0.0008680066237 0.02015021174 0.2539277649 -0.9992199019 -0.008180010907 -0.03863515413 0.004070987254 0.9517653259 -0.3067999209 0.03928122676 -0.3067178701 -0.9509895548 2.930543572e-05 0.08749795628 0
0.3229680835 0.2588524595 0.06706755221 -0.007045471429 0.08118782146 0.5012094233 -0.0009020251383 0.02053928249 0.2538857424 -0.9991579494 -0.008658932498 -0.04010505022 0.004308533711 0.9499289207 -0.312436365 0.04080231246 -0.3123460718 -0.9490917252 3.058586069e-05 0.08919984444 0
0.3291301521 0.2637912343 0.06834716738 -0.007314469289 0.0826912221 0.5008737969 -0.0009366929333 0.02092818743 0.2538429178 -0.9990924108 -0.009155729285 -0.04159960777 0.004554867347 0.9480616001 -0.3180541708 0.04235100859 -0.317954989 -0.9471594465 3.189979655e-05 0.09090173261 0
0.3352922206 0.268730009 0.06962678254 -0.007588367531 0.08419205714 0.5005320563 -0.0009720096646 0.02131692345 0.2537992916 -0.9990231539 -0.009670685223 -0.04311862396 0.004810121531 0.9461636115 -0.3236530288 0.04392721953 -0.3235442754 -0.9451928381 3.324770023e-05 0.09260362077 0
0.3414542892 0.2736687837 0.0709063977 -0.007867155941 0.08569028052 0.5001842143 -0.001007974981 0.02170548743 0.2537548642 -0.9989500448 -0.01020408113 -0.04466189271 0.005074427752 0.944235206 -0.3292326319 0.04553084796 -0.3291135859 -0.9431920215 3.463003344e-05 0.09430550894 0
0.3476163578 0.2786075585 0.07218601286 -0.008150824126 0.08718584628 0.4998302838 -0.001044588526 0.02209387625 0.253709636 -0.9988729473 -0.01075619466 -0.04622920476 0.005347915594 0.9422766388 -0.3347926758 0.04716179487 -0.3346625767 -0.9411571202 3.604726257e-05 0.09600739711 0
0.3537784264 0.2835463332 0.07346562802 -0.008439361513 0.08867870857 0.4994702781 -0.001081849935 0.02248208681 0.2536636076 -0.9987917233 -0.01132730021 -0.04782034763 0.005630712701 0.9402881687 -0.3403328588 0.04881995956 -0.3401909052 -0.9390882597 3.749985847e-05 0.09770928527 0
0.359940495 0.2884851079 0.07474524318 -0.008732757345 0.09016882165 0.4991042105 -0.001119758839 0.02287011599 0.2536167793 -0.9987062328 -0.01191766893 -0.04943510571 0.005922944756 0.9382700586 -0.3458528817 0.05050523967 -0.34569823 -0.9369855679 3.898829641e-05 0.09941117344 0
0.3661025636 0.2934238826 0.07602485835 -0.00903100069 0.0916561399 0.4987320948 -0.001158314861 0.02325796067 0.2535691516 -0.9986163338 -0.01252756861 -0.05107326027 0.006224735444 0.9362225749 -0.3513524482 0.05221753114 -0.3511842112 -0.9348491746 4.05130559e-05 0.1011130616 0
0.3722646321 0.2983626574 0.07730447351 -0.009334080434 0.0931406178 0.4983539447 -0.001197517617 0.02364561775 0.2535207251 -0.9985218823 -0.0131572637 -0.0527345895 0.006536206432 0.9341459879 -0.3568312644 0.05395672824 -0.3566485099 -0.9326792116 4.207462062e-05 0.1028149498 0
0.3784267007 0.3033014321 0.07858408867 -0.009641985286 0.09462220997 0.4979697743 -0.001237366719 0.02403308412 0.2534715001 -0.9984227327 -0.01380701522 -0.05441886854 0.006857477336 0.9320405715 -0.3622890395 0.05572272361 -0.362090789 -0.930475813 4.367347821e-05 0.1045168379 0
0.3845887693 0.3082402068 0.07986370383 -0.009954703776 0.09610087114 0.497579598 -0.001277861772 0.02442035668 0.2534214772 -0.9983187371 -0.01447708071 -0.05612586953 0.007188665697 0.9299066031 -0.3677254853 0.05751540821 -0.3675107122 -0.9282391148 4.531012023e-05 0.1062187261 0
0.3907508379 0.3131789815 0.08114331899 -0.01027222426 0.09757655615 0.4971834303 -0.001319002371 0.02480743232 0.2533706568 -0.9982097463 -0.01516771424 -0.05785536161 0.007529886955 0.927744364 -0.3731403165 0.05933467135 -0.372907945 -0.9259692551 4.698504204e-05 0.1079206143 0
0.3969129065 0.3181177563 0.08242293416 -0.0105945349 0.09904921998 0.496781286 -0.00136078811 0.02519430794 0.2533190396 -0.9980956088 -0.01587916628 -0.059607111 0.007881254418 0.9255541388 -0.3785332508 0.06118040072 -0.3782821542 -0.9236663739 4.869874264e-05 0.1096225024 0
0.4038452336 0.3236738778 0.08386250121 -0.01096284518 0.1007022996 0.4963217483 -0.001408567692 0.02562930006 0.2532600182 -0.9979608618 -0.01670474174 -0.06160413867 0.008288809014 0.9230570422 -0.3845737802 0.06328833971 -0.3843002061 -0.9210363389 5.067363447e-05 0.1115371266 0
0.4100073022 0.3286126526 0.08514211638 -0.01129529486 0.1021683945 0.4959069536 -0.001451722966 0.02601574033 0.2532067091 -0.9978352775 -0.01746124837 -0.06340239536 0.008662103512 0.9208083076 -0.3899192591 0.0651899294 -0.3896243902 -0.918663762 5.247141295e-05 0.1132390148 0
0.4161693708 0.3335514273 0.08642173154 -0.01163249663 0.1036313284 0.4954862297 -0.00149552206 0.02640197091 0.2531526048 -0.9977040626 -0.01823933292 -0.0652221602 0.009045884299 0.9185324988 -0.3952419773 0.0671176238 -0.3949245186 -0.9162586148 5.430955205e-05 0.1149409029 0
0.4223314394 0.338490202 0.0877013467 -0.01197443792 0.1050910566 0.4950595923 -0.00153996454 0.02678798869 0.2530977056 -0.9975670587 -0.01903923078 -0.06706318767 0.009440255628 0.9162299146 -0.4005416648 0.0690713039 -0.400200264 -0.9138210457 5.618856476e-05 0.1166427911 0
0.428493508 0.3434289768 0.08898096186 -0.01232110603 0.1065475349 0.4946270574 -0.001585049965 0.02717379057 0.2530420123 -0.9974241056 -0.01986117354 -0.06892522946 0.009845319496 0.913900857 -0.4058180543 0.07105084908 -0.4054513008 -0.9113512054 5.810896722e-05 0.1183446793 0
0.4346555765 0.3483677515 0.09026057702 -0.01267248804 0.1080007191 0.494188641 -0.001630777886 0.02755937348 0.2529855253 -0.9972750419 -0.02070538899 -0.07080803458 0.01026117562 0.9115456315 -0.411070882 0.07305613711 -0.4106773047 -0.9088492462 6.007127858e-05 0.1200465674 0
0.4408176451 0.3533065262 0.09154019219 -0.0130285709 0.109450565 0.4937443593 -0.00167714785 0.02794473432 0.2529282452 -0.997119704 -0.02157210107 -0.07271134935 0.01068792139 0.9091645465 -0.4162998868 0.07508704419 -0.4158779531 -0.9063153226 6.207602095e-05 0.1217484556 0
0.4469797137 0.3582453009 0.09281980735 -0.01338934135 0.1108970286 0.493294229 -0.001724159397 0.02832987001 0.2528701725 -0.9969579273 -0.02246152981 -0.07463491745 0.0111256519 0.9067579138 -0.421504811 0.07714344492 -0.4210529248 -0.9037495911 6.412371928e-05 0.1234503438 0
0.4531417823 0.3631840757 0.09409942251 -0.01375478599 0.1123400663 0.4928382667 -0.001771812058 0.02871477746 0.2528113079 -0.9967895453 -0.02337389133 -0.07657847999 0.01157445987 0.9043260481 -0.4266854 0.07922521235 -0.4262019004 -0.9011522101 6.621490129e-05 0.1251522319 0
0.4593038509 0.3681228504 0.09537903767 -0.01412489122 0.1137796342 0.4923764895 -0.001820105362 0.0290994536 0.2527516519 -0.9966143902 -0.02430939776 -0.07854177549 0.01203443564 0.9018692674 -0.4318414025 0.08133221795 -0.431324562 -0.89852334 6.835009737e-05 0.1268541201 0
0.4654659195 0.3730616251 0.09665865283 -0.0144996433 0.1152156889 0.4919089144 -0.001869038828 0.02948389535 0.2526912051 -0.9964322926 -0.02526825724 -0.08052453998 0.01250566716 0.8993878924 -0.4369725705 0.08346433162 -0.4364205933 -0.8958631431 7.05298405e-05 0.1285560083 0
0.471627988 0.3780003999 0.097938268 -0.01487902829 0.1166481869 0.4914355589 -0.00191861197 0.02986809963 0.2526299681 -0.9962430817 -0.02625067384 -0.08252650701 0.01298823996 0.896882247 -0.4420786589 0.08562142172 -0.4414896796 -0.8931717836 7.275466617e-05 0.1302578964 0
0.4777900566 0.3829391746 0.09921788316 -0.01526303209 0.1180770851 0.4909564405 -0.001968824296 0.03025206337 0.2525679415 -0.9960465853 -0.02725684756 -0.08454740767 0.01348223713 0.8943526579 -0.4471594265 0.08780335509 -0.446531508 -0.8904494276 7.502511231e-05 0.1319597846 0
0.4839521252 0.3878779493 0.1004974983 -0.01565164045 0.1195023404 0.490471577 -0.002019675308 0.0306357835 0.252505126 -0.9958426299 -0.0282869743 -0.0865869707 0.0139877393 0.8917994546 -0.4522146349 0.09000999699 -0.4515457672 -0.8876962434 7.73417192e-05 0.1336616728 0
0.4901141938 0.392816724 0.1017771135 -0.01604483892 0.1209239097 0.4899809865 -0.0020711645 0.03101925695 0.2524415221 -0.9956310406 -0.02934124577 -0.08864492246 0.0145048246 0.8892229695 -0.4572440493 0.0922412112 -0.4565321477 -0.8849124008 7.97050294e-05 0.1353635609 0
0.4962762624 0.3977554988 0.1030567286 -0.01644261291 0.1223417504 0.4894846872 -0.002123291361 0.03140248065 0.2523771306 -0.9954116411 -0.03041984952 -0.09072098701 0.01503356868 0.8866235376 -0.4622474385 0.09449685996 -0.4614903415 -0.8820980717 8.21155877e-05 0.1370654491 0
0.502438331 0.4026942735 0.1043363438 -0.01684494765 0.1237558197 0.4889826974 -0.002176055374 0.03178545155 0.2523119519 -0.995184254 -0.03152296887 -0.09281488615 0.01557404465 0.8840014968 -0.4672245743 0.09677680399 -0.4664200426 -0.87925343 8.4573941e-05 0.1387673373 0
0.5086003995 0.4076330482 0.105615959 -0.01725182821 0.1251660753 0.4884750359 -0.002229456014 0.03216816658 0.2522459868 -0.9949487004 -0.03265078288 -0.09492633945 0.0161263231 0.8813571874 -0.4721752322 0.09908090254 -0.4713209465 -0.8763786511 8.708063829e-05 0.1404692254 0
0.5147624681 0.4125718229 0.1068955741 -0.01766323947 0.1265724748 0.4879617215 -0.002283492752 0.03255062269 0.252179236 -0.9947048005 -0.03380346634 -0.09705506431 0.01669047203 0.8786909524 -0.4770991913 0.1014090133 -0.4761927507 -0.8734739127 8.963623058e-05 0.1421711136 0
0.5209245367 0.4175105977 0.1081751893 -0.01807916618 0.127974976 0.4874427731 -0.00233816505 0.03293281682 0.2521117001 -0.9944523731 -0.03498118971 -0.09920077597 0.0172665569 0.8760031373 -0.4819962338 0.1037609927 -0.4810351544 -0.8705393941 9.22412708e-05 0.1438730018 0
0.5278568639 0.4230667192 0.1096147563 -0.01855246189 0.1295480779 0.486852246 -0.002400430402 0.03336246828 0.2520347845 -0.9941579723 -0.03633626567 -0.1016346489 0.01792899767 0.8729539837 -0.4874729668 0.1064353189 -0.4864473436 -0.8672026895 9.523173769e-05 0.1457876259 0
0.5340189324 0.428005494 0.1108943715 -0.01897793249 0.130942156 0.4863213898 -0.002456451455 0.03374409558 0.2519655824 -0.9938868175 -0.03756774493 -0.1038155026 0.01853065177 0.8702214692 -0.4923121057 0.1088375348 -0.4912262809 -0.8642054917 9.794369925e-05 0.1474895141 0
0.540181001 0.4329442687 0.1121739867 -0.01940786978 0.1323322052 0.4857849606 -0.002513106352 0.03412545138 0.2518955974 -0.9936065619 -0.03882476862 -0.10601244 0.01914442947 0.8674684699 -0.4971236712 0.1112631606 -0.4959748895 -0.861179086 0.0001007068486 0.1491914023 0
0.5463430696 0.4378830434 0.1134536018 -0.01984225782 0.1337181839 0.4852429782 -0.002570394528 0.03450653263 0.25182483 -0.9933170201 -0.04010748908 -0.108225168 0.01977038538 0.8646953412 -0.5019074604 0.1137120466 -0.5006928762 -0.858123659 0.000103521746 0.1508932904 0
0.5525051382 0.4428218182 0.114733217 -0.02028108051 0.1351000508 0.4846954628 -0.002628315417 0.0348873363 0.2517532811 -0.9930180052 -0.04141605415 -0.1104533917 0.02040857146 0.8619024404 -0.5066632742 0.1161840414 -0.5053799498 -0.8550393996 0.0001063889536 0.1525951786 0
0.5586672068 0.4477605929 0.1160128322 -0.02072432159 0.1364777648 0.4841424345 -0.002686868441 0.03526785936 0.2516809512 -0.9927093299 -0.04275060722 -0.1126968141 0.02105903696 0.8590901274 -0.5113909169 0.1186789926 -0.5100358208 -0.8519264981 0.0001093090348 0.1542970668 0
0.5648292754 0.4526993676 0.1172924473 -0.02117196463 0.1378512849 0.483583914 -0.002746053021 0.03564809875 0.2516078412 -0.9923908055 -0.04411128712 -0.1149551365 0.02172182847 0.856258764 -0.5160901968 0.121196746 -0.5146602019 -0.8487851468 0.0001122825549 0.1559989549 0
0.5709913439 0.4576381423 0.1185720625 -0.02162399305 0.1392205704 0.4830199218 -0.002805868567 0.03602805147 0.2515339518 -0.9920622428 -0.04549822814 -0.1172280587 0.02239698984 0.853408714 -0.5207609256 0.1237371462 -0.5192528074 -0.8456155395 0.0001153100805 0.1577008431 0
0.5771534125 0.4625769171 0.1198516776 -0.02208039013 0.1405855805 0.482450479 -0.002866314487 0.03640771447 0.2514592837 -0.9917234513 -0.04691156001 -0.1195152783 0.02308456219 0.8505403434 -0.5254029189 0.1263000364 -0.5238133539 -0.842417872 0.0001183921797 0.1594027313 0
0.5833154811 0.4675156918 0.1211312928 -0.02254113895 0.1419462748 0.4818756064 -0.00292739018 0.03678708475 0.2513838376 -0.99137424 -0.04835140785 -0.1218164915 0.02378458393 0.8476540199 -0.530015996 0.1288852583 -0.5283415598 -0.8391923417 0.0001215294221 0.1611046194 0
0.5894775497 0.4724544665 0.122410908 -0.02300622247 0.1433026131 0.4812953256 -0.002989095039 0.03716615926 0.2513076142 -0.9910144171 -0.04981789216 -0.1241313928 0.02449709069 0.8447501133 -0.53459998 0.1314926523 -0.5328371455 -0.8359391478 0.0001247223785 0.1628065076 0
0.5956396183 0.4773932413 0.1236905231 -0.02347562347 0.1446545553 0.4807096578 -0.003051428453 0.03754493501 0.2512306144 -0.99064379 -0.05131112879 -0.1264596752 0.02522211535 0.8418289951 -0.5391546975 0.1341220574 -0.5372998335 -0.832658491 0.0001279716211 0.1645083958 0
0.6018016869 0.482332016 0.1249701383 -0.0239493246 0.1460020614 0.4801186248 -0.003114389801 0.03792340897 0.251152839 -0.9902621652 -0.05283122895 -0.1288010301 0.02595968799 0.8388910386 -0.5436799794 0.1367733113 -0.5417293481 -0.8293505741 0.0001312777235 0.1662102839 0
0.6079637554 0.4872707907 0.1262497535 -0.02442730832 0.1473450917 0.4795222484 -0.003177978459 0.03830157814 0.2510742885 -0.9898693489 -0.05437829914 -0.1311551473 0.02670983593 0.8359366188 -0.5481756599 0.1394462504 -0.546125416 -0.8260156011 0.0001346412603 0.1679121721 0
0.614125824 0.4922095654 0.1275293686 -0.02490955697 0.1486836067 0.4789205508 -0.003242193795 0.03867943951 0.250994964 -0.9894651464 -0.05595244114 -0.1335217154 0.02747258366 0.8329661122 -0.5526415773 0.1421407095 -0.5504877657 -0.822653778 0.0001380628076 0.1696140603 0
0.6202878926 0.4971483402 0.1288089838 -0.02539605271 0.150017567 0.478313554 -0.003307035172 0.03905699007 0.250914866 -0.9890493623 -0.05755375204 -0.1359004213 0.02824795288 0.8299798973 -0.5570775739 0.1448565223 -0.5548161279 -0.8192653125 0.0001415429424 0.1713159484 0
0.6264499612 0.5020871149 0.1300885989 -0.02588677758 0.1513469335 0.4777012807 -0.003372501946 0.03943422682 0.2508339955 -0.988621801 -0.05918232416 -0.1382909509 0.02903596245 0.8269783536 -0.5614834954 0.1475935211 -0.5591102353 -0.8158504135 0.0001450822431 0.1730178366 0
0.6326120298 0.5070258896 0.1313682141 -0.02638171342 0.1526716672 0.4770837533 -0.003438593466 0.03981114677 0.2507523532 -0.988182266 -0.06083824506 -0.1406929885 0.02983662841 0.8239618623 -0.5658591919 0.150351537 -0.5633698229 -0.8124092921 0.0001486812889 0.1747197248 0
0.6387740984 0.5119646643 0.1326478293 -0.02688084197 0.1539917292 0.4764609947 -0.003505309078 0.04018774692 0.25066994 -0.9877305606 -0.06252159751 -0.1431062173 0.03064996394 0.8209308062 -0.570204517 0.1531303997 -0.5675946276 -0.8089421607 0.0001523406603 0.1764216129 0
0.6449361669 0.5169034391 0.1339274444 -0.02738414479 0.155307081 0.4758330279 -0.003572648117 0.04056402429 0.2505867566 -0.9872664875 -0.0642324595 -0.1455303193 0.03147597939 0.817885569 -0.5745193284 0.1559299375 -0.5717843887 -0.8054492333 0.0001560609388 0.1781235011 0
0.6518684941 0.5224595606 0.1353670115 -0.02795532688 0.1567811737 0.4751203687 -0.003649148896 0.04098694678 0.2504922558 -0.9867293757 -0.06619015265 -0.1482700334 0.03242041243 0.8144432062 -0.5793368456 0.1591039157 -0.5764556596 -0.8014891244 0.0001603197803 0.1800381253 0
0.6580305627 0.5273983354 0.1366466266 -0.02846743814 0.1580863891 0.4744814117 -0.003717810493 0.04136252831 0.2504074386 -0.9862383642 -0.06795970932 -0.1507161797 0.03327339396 0.811369115 -0.5835863607 0.1619468128 -0.5805700966 -0.7979420986 0.0001641714215 0.1817400134 0
0.6641926313 0.5323371101 0.1379262418 -0.0289836651 0.1593867748 0.4738373196 -0.003787093409 0.04173777774 0.2503218539 -0.985734366 -0.06975698813 -0.1531721982 0.03413906924 0.8082820506 -0.5878049427 0.1648098409 -0.5846486888 -0.794369956 0.0001680857931 0.1834419016 0
0.6703546998 0.5372758848 0.139205857 -0.02950398874 0.1606822931 0.4731881161 -0.003856996955 0.04211269209 0.2502355025 -0.9852171823 -0.07158204711 -0.1556377663 0.03501743675 0.8051824017 -0.5919924654 0.167692823 -0.5886911843 -0.7907729172 0.0001720634807 0.1851437898 0
0.6765167684 0.5422146596 0.1404854721 -0.03002838985 0.1619729065 0.4725338251 -0.003927520437 0.04248726839 0.2501483852 -0.984686614 -0.0734349394 -0.1581125606 0.03590849211 0.8020705582 -0.5961488068 0.1705955812 -0.5926973337 -0.7871512042 0.0001761050704 0.1868456779 0
0.682678837 0.5471534343 0.1417650873 -0.0305568491 0.1632585776 0.4718744709 -0.003998663156 0.04286150366 0.250060503 -0.9841424621 -0.07531571329 -0.1605962568 0.03681222801 0.7989469108 -0.6002738488 0.1735179364 -0.5966668895 -0.7835050407 0.0001802111495 0.1885475661 0
0.6888409056 0.552092209 0.1430447025 -0.03108934702 0.1645392691 0.4712100776 -0.004070424406 0.04323539496 0.2499718567 -0.9835845269 -0.07722441216 -0.1630885298 0.03772863426 0.7958118513 -0.6043674772 0.176459708 -0.6005996066 -0.7798346517 0.000184382306 0.1902494543 0
0.6950029742 0.5570309837 0.1443243176 -0.03162586398 0.1658149441 0.4705406698 -0.004142803472 0.04360893931 0.2498824471 -0.9830126091 -0.0791610745 -0.1655890535 0.03865769774 0.7926657721 -0.6084295819 0.1794207144 -0.6044952423 -0.7761402639 0.0001886191287 0.1919513424 0
0.7011650428 0.5619697585 0.1456039328 -0.03216638023 0.1670855658 0.4698662721 -0.004215799638 0.04398213376 0.2497922752 -0.9824265089 -0.08112573387 -0.1680975012 0.03959940244 0.7895090665 -0.6124600569 0.1824007728 -0.6083535561 -0.7724221054 0.0001929222071 0.1936532306 0
0.7073271113 0.5669085332 0.1468835479 -0.03271087584 0.1683510977 0.4691869094 -0.004289412179 0.04435497536 0.2497013419 -0.9818260266 -0.08311841892 -0.1706135454 0.04055372943 0.7863421285 -0.6164587999 0.1853996992 -0.6121743097 -0.7686804057 0.0001972921317 0.1953551188 0
0.7134891799 0.5718473079 0.1481631631 -0.03325933079 0.1696115034 0.4685026067 -0.004363640363 0.04472746117 0.249609648 -0.9812109625 -0.08513915336 -0.1731368582 0.04152065685 0.7831653526 -0.6204257131 0.1884173086 -0.6159572672 -0.7649153958 0.0002017294936 0.1970570069 0
0.7196512485 0.5767860827 0.1494427783 -0.03381172489 0.1708667467 0.4678133891 -0.004438483454 0.04509958823 0.2495171945 -0.9805811167 -0.08718795598 -0.1756671108 0.04250015993 0.7799791342 -0.6243607024 0.1914534144 -0.6197021951 -0.7611273083 0.0002062348846 0.1987588951 0
0.7258133171 0.5817248574 0.1507223934 -0.0343680378 0.1721167918 0.4671192821 -0.004513940708 0.04547135361 0.2494239823 -0.9799362897 -0.08926484063 -0.178203974 0.04349221097 0.7767838688 -0.6282636777 0.1945078294 -0.6234088622 -0.757316377 0.0002108088972 0.2004607833 0
0.7319753857 0.5866636321 0.1520020086 -0.03492824907 0.1733616029 0.4664203111 -0.004590011378 0.04584275437 0.2493300122 -0.9792762818 -0.09136981618 -0.180747118 0.04449677933 0.7735799527 -0.6321345533 0.1975803649 -0.6270770395 -0.7534828372 0.0002154521246 0.2021626714 0
0.7381374543 0.5916024068 0.1532816238 -0.03549233811 0.1746011444 0.4657165018 -0.004666694707 0.04621378758 0.2492352853 -0.9786008934 -0.09350288659 -0.1832962127 0.04551383148 0.7703677824 -0.6359732471 0.2006708313 -0.6307065007 -0.7496269255 0.0002201651607 0.2038645596 0
0.7442995228 0.5965411816 0.1545612389 -0.03606028416 0.1758353812 0.4650078802 -0.004743989934 0.04658445031 0.2491398025 -0.9779099254 -0.09566405085 -0.1858509274 0.04654333091 0.7671477548 -0.6397796813 0.2037790376 -0.6342970217 -0.7457488801 0.0002249486 0.2055664478 0
0.7504615914 0.6014799563 0.1558408541 -0.03663206637 0.1770642781 0.4642944723 -0.004821896293 0.04695473964 0.2490435646 -0.9772031785 -0.09785330297 -0.1884109312 0.04758523822 0.763920267 -0.6435537823 0.2069047921 -0.6378483807 -0.7418489403 0.0002298030376 0.2072683359 0
0.75662366 0.606418731 0.1571204692 -0.03720766373 0.1782878003 0.4635763042 -0.004900413009 0.04732465264 0.2489465728 -0.976480454 -0.100070632 -0.1909758928 0.04863951106 0.7606857164 -0.6472954803 0.2100479017 -0.6413603585 -0.7379273471 0.0002347290694 0.2089702241 0
0.7627857286 0.6113575058 0.1584000844 -0.0377870551 0.1795059132 0.4628534023 -0.004979539304 0.04769418641 0.2488488278 -0.9757415531 -0.1023160221 -0.1935454808 0.04970610415 0.7574445004 -0.6510047096 0.2132081723 -0.6448327383 -0.7339843424 0.0002397272914 0.2106721123 0
0.7697180557 0.6169136273 0.1598396515 -0.03844337893 0.1808697815 0.4620345125 -0.005069284044 0.04810945497 0.2487379658 -0.9748907071 -0.1048756016 -0.1964413843 0.05092068781 0.7537906602 -0.655138706 0.2167837467 -0.6486915667 -0.729523172 0.0002454373246 0.2125867364 0
0.7758801243 0.621852402 0.1611192666 -0.03903076178 0.1820762855 0.4613016397 -0.005149703077 0.0484781732 0.2486386238 -0.9741167737 -0.107180546 -0.1990197018 0.05201329776 0.7505366003 -0.6587787402 0.2199798354 -0.652079092 -0.725535478 0.0002505909338 0.2142886246 0
0.7820421929 0.6267911768 0.1623988818 -0.03962187174 0.1832772735 0.4605641167 -0.005230729215 0.04884650311 0.2485385318 -0.9733260457 -0.1095134698 -0.2016016087 0.05311806762 0.7472771172 -0.6623861268 0.2231924721 -0.6554263574 -0.7215271377 0.0002558186005 0.2159905128 0
0.7882042615 0.6317299515 0.1636784969 -0.04021668712 0.1844727115 0.4598219705 -0.005312361653 0.0492144418 0.2484376908 -0.9725183261 -0.1118743367 -0.204186773 0.05423494004 0.7440126084 -0.665960817 0.2264214582 -0.6587331564 -0.7174983985 0.0002611209232 0.2176924009 0
0.7943663301 0.6366687262 0.1649581121 -0.04081518612 0.1856625663 0.4590752282 -0.00539459958 0.04958198637 0.2483361017 -0.9716934182 -0.1142631053 -0.2067748627 0.05536385476 0.740743471 -0.6695027661 0.2296665946 -0.6619992847 -0.7134495093 0.0002664985009 0.2193942891 0
0.8005283987 0.641607501 0.1662377273 -0.04141734681 0.1868468045 0.4583239172 -0.00547744218 0.04994913395 0.2482337656 -0.9708511261 -0.1166797294 -0.2093655458 0.05650474861 0.7374701018 -0.6730119333 0.2329276807 -0.6652245408 -0.70938072 0.0002719519334 0.2210961773 0
0.8066904672 0.6465462757 0.1675173424 -0.04202314712 0.1880253932 0.4575680652 -0.005560888632 0.05031588165 0.2481306835 -0.9699912542 -0.1191241578 -0.2119584906 0.05765755549 0.7341928975 -0.676488282 0.2362045152 -0.6684087255 -0.7052922817 0.0002774818204 0.2227980654 0
0.8128525358 0.6514850504 0.1687969576 -0.04263256487 0.1891982994 0.4568076997 -0.005644938106 0.05068222657 0.2480268563 -0.9691136078 -0.1215963344 -0.2145533654 0.05882220641 0.7309122542 -0.6799317795 0.2394968959 -0.6715516422 -0.701184447 0.0002830887626 0.2244999536 0
0.8190146044 0.6564238251 0.1700765728 -0.04324557774 0.1903654907 0.4560428486 -0.00572958977 0.05104816586 0.2479222852 -0.9682179926 -0.1240961979 -0.2171498387 0.05999862948 0.7276285677 -0.6833423973 0.2428046195 -0.6746530969 -0.6970574694 0.0002887733608 0.2262018418 0
0.825176673 0.6613625999 0.1713561879 -0.0438621633 0.1915269348 0.4552735398 -0.005814842782 0.05141369664 0.2478169712 -0.967304215 -0.1266236826 -0.2197475794 0.06118674989 0.7243422333 -0.6867201109 0.2461274817 -0.677712898 -0.6929116038 0.0002945362164 0.2279037299 0
0.8313387416 0.6663013746 0.1726358031 -0.04448229899 0.1926825995 0.4544998016 -0.005900696297 0.05177881603 0.2477109153 -0.9663720822 -0.1291787173 -0.2223462565 0.06238648996 0.7210536455 -0.6900648999 0.2494652775 -0.6807308567 -0.688747106 0.0003003779312 0.2296056181 0
0.8375008102 0.6712401493 0.1739154182 -0.04510596214 0.193832453 0.4537216623 -0.005987149462 0.05214352119 0.2476041185 -0.965421402 -0.1317612263 -0.2249455396 0.06359776912 0.7177631985 -0.693376748 0.2528178006 -0.6837067866 -0.6845642334 0.0003062991072 0.2313075063 0
0.8436628787 0.6761789241 0.1751950334 -0.04573312993 0.1949764637 0.4529391502 -0.00607420142 0.05250780925 0.2474965819 -0.9644519832 -0.1343711289 -0.2275450984 0.06482050394 0.7144712856 -0.6966556426 0.2561848441 -0.6866405041 -0.680363244 0.0003123003472 0.2330093944 0
0.8498249473 0.6811176988 0.1764746486 -0.04636377946 0.1961146002 0.4521522939 -0.006161851308 0.05287167736 0.2473883066 -0.9634636352 -0.1370083393 -0.2301446035 0.06605460808 0.7111782992 -0.6999015756 0.2595662002 -0.6895318279 -0.6761443973 0.0003183822539 0.2347112826 0
0.8559870159 0.6860564735 0.1777542637 -0.04699788769 0.1972468314 0.4513611223 -0.006250098254 0.05323512267 0.2472792937 -0.9624561685 -0.1396727672 -0.2327437255 0.06729999239 0.7078846312 -0.7031145425 0.2629616601 -0.6923805796 -0.6719079538 0.0003245454307 0.2364131708 0
0.8621490845 0.6909952482 0.1790338789 -0.04763543145 0.1983731263 0.4505656642 -0.006338941384 0.05359814235 0.2471695442 -0.9614293943 -0.142364317 -0.235342136 0.06855656482 0.7045906725 -0.7062945432 0.2663710141 -0.6951865832 -0.6676541749 0.0003307904813 0.2381150589 0
0.8683111531 0.695934023 0.180313494 -0.04827638748 0.1994934544 0.4497659486 -0.006428379815 0.05396073354 0.2470590592 -0.9603831248 -0.1450828886 -0.237939507 0.06982423051 0.7012968128 -0.7094415812 0.2697940518 -0.6979496657 -0.6633833235 0.0003371180096 0.2398169471 0
0.8744732217 0.7008727977 0.1815931092 -0.04892073238 0.2006077852 0.4489620048 -0.006518412661 0.05432289343 0.2469478398 -0.9593171733 -0.1478283769 -0.240535511 0.07110289176 0.6980034412 -0.7125556644 0.2732305617 -0.7006696562 -0.659095663 0.0003435286199 0.2415188352 0
