0.007520274801 0.002923882843 0.0002810326693 -1.869008125e-06 0.00191765967 0.5099951929 -2.345446046e-07 0.0004777067716 0.2549994032 -0.9999999999 -5.39122746e-08 -1.088446853e-05 2.75332832e-08 0.999972005 -0.007482593046 1.088456722e-05 -0.007482593046 -0.9999720049 2.902841117e-08 0.0003737734502 0
0.01497201743 0.005821120377 0.0005595042914 -7.407987258e-06 0.003817782347 0.5099809465 -9.351504206e-07 0.0009529474894 0.2549976204 -0.9999999991 -4.278650618e-07 -4.31401355e-05 2.148204369e-07 0.9998890406 -0.01489652305 4.31417224e-05 -0.01489652305 -0.9998890397 5.114886157e-08 0.0007441407076 0
0.02242376006 0.008718357912 0.0008379759135 -1.661688018e-05 0.005717783003 0.5099572611 -2.104856935e-06 0.001428885942 0.2549946437 -0.9999999953 -1.438581402e-06 -9.676231699e-05 7.204965611e-07 0.9997511119 -0.02230951036 9.677032805e-05 -0.02230951033 -0.9997511072 3.099170499e-08 0.001114507965 0
0.02987550269 0.01161559545 0.001116447536 -2.949533369e-05 0.007617600916 0.5099241375 -3.743023537e-06 0.001904881432 0.2549904747 -0.9999999852 -3.402871501e-06 -0.0001717417235 1.702982324e-06 0.9995582309 -0.0297210859 0.0001717669903 -0.02972108576 -0.9995582162 2.465910392e-08 0.001484875222 0
0.03732724532 0.01451283298 0.001394919158 -4.604285388e-05 0.009517175369 0.509881577 -5.849014233e-06 0.002380803039 0.2549851151 -0.999999964 -6.637409021e-06 -0.0002680653649 3.320644445e-06 0.9993104148 -0.03713078074 0.0002681269632 -0.03713078029 -0.9993103788 1.075648579e-07 0.00185524248 0
0.04477898795 0.01741007052 0.00167339078 -6.62588061e-05 0.01141644566 0.5098295813 -8.422502243e-06 0.002856640617 0.2549785658 -0.9999999255 -1.145868573e-05 -0.0003857165522 5.731777775e-06 0.9990076853 -0.04453812613 0.0003858441484 -0.04453812502 -0.9990076109 2.148819181e-07 0.002225609737 0
0.05129926275 0.01994515336 0.001917053449 -8.69564189e-05 0.01307800993 0.5097763467 -1.105766202e-05 0.003272936878 0.2549718595 -0.9999998718 -1.722755721e-05 -0.0005061406585 8.616786537e-06 0.9986977718 -0.05101725774 0.0005063604506 -0.05101725556 -0.9986976436 3.273722475e-07 0.002549681087 0
0.05875100538 0.02284239089 0.002195525071 -0.0001140484809 0.01497654633 0.5097066654 -1.450730204e-05 0.003748641877 0.2549630805 -0.9999997794 -2.587618853e-05 -0.0006637231444 1.294200629e-05 0.9982921555 -0.05841893534 0.0006641012679 -0.05841893105 -0.998291935 4.764091638e-07 0.002920048345 0
0.06620274801 0.02573962843 0.002473996693 -0.0001448063668 0.01687460412 0.5096275556 -1.842410094e-05 0.004224286496 0.2549531125 -0.9999996444 -3.702004947e-05 -0.0008425646126 1.851523254e-05 0.9978317158 -0.06581691732 0.0008431742386 -0.06581690951 -0.9978313602 6.468687448e-07 0.003290415602 0
0.07365449064 0.02863686596 0.002752468315 -0.0001792288971 0.01877212265 0.5095390203 -2.280799661e-05 0.004699874179 0.2549419558 -0.9999994552 -5.097449908e-05 -0.001042634065 2.549431261e-05 0.9973164931 -0.07321073608 0.00104356803 -0.07321072277 -0.9973159485 8.385235564e-07 0.003660782859 0
0.08110623327 0.0315341035 0.003030939937 -0.0002173147517 0.02066904131 0.5094410629 -2.765893188e-05 0.005175406281 0.2549296106 -0.999999199 -6.805449386e-05 -0.001263896821 3.40369347e-05 0.996746533 -0.08059992445 0.001265269961 -0.08059990291 -0.9967457322 1.05126407e-06 0.004031150117 0
0.0885579759 0.03443134103 0.003309411559 -0.00025906247 0.0225652995 0.5093336871 -3.297685029e-05 0.005650882697 0.2549160769 -0.9999988616 -8.857454262e-05 -0.001506314517 4.430061016e-05 0.9961218856 -0.08798401574 0.001508266001 -0.08798398231 -0.9961207477 1.285048329e-06 0.004401517374 0
0.09600971853 0.03732857857 0.003587883182 -0.0003044704512 0.02446083666 0.509216897 -3.87616938e-05 0.006126302311 0.2549013549 -0.9999984275 -0.0001128486614 -0.001769845117 5.644265559e-05 0.9954426061 -0.09536254373 0.001772540771 -0.09536249367 -0.9954410344 1.53987591e-06 0.004771884631 0
0.1025299933 0.03986366141 0.003831545851 -0.0003472036287 0.02611879262 0.5091069866 -4.420640869e-05 0.006542246456 0.2548874986 -0.999997955 -0.0001374144754 -0.002017717731 6.873130592e-05 0.9948034681 -0.101813826 0.00202122329 -0.1018137565 -0.9948014242 1.780132792e-06 0.005095955982 0
0.109981736 0.04276089894 0.004110017473 -0.0003994697994 0.02801281471 0.5089725571 -5.086657032e-05 0.007017554249 0.254870549 -0.9999972928 -0.00016957194 -0.002320708955 8.481855899e-05 0.9940219185 -0.1091806682 0.002325349546 -0.1091805695 -0.9940192131 2.07450436e-06 0.005466323239 0
0.1174334786 0.04565813648 0.004388489095 -0.000455390849 0.02990594183 0.5088287272 -5.799347277e-05 0.007492798751 0.2548524117 -0.9999964816 -0.0002063831185 -0.00264467181 0.0001032352216 0.9931859219 -0.1165406101 0.002650702824 -0.1165404731 -0.9931824062 2.390044572e-06 0.005836690496 0
0.1248852212 0.04855537401 0.004666960717 -0.0005149646334 0.03179811355 0.5086755025 -6.558704442e-05 0.007967977038 0.2548330867 -0.9999955005 -0.0002481596926 -0.002989550072 0.0001241376878 0.9922955521 -0.1238931877 0.002997262535 -0.1238930014 -0.9922910564 2.72682409e-06 0.006207057754 0
0.1323369639 0.05145261155 0.004945432339 -0.0005781888685 0.03368926947 0.5085128887 -7.36472094e-05 0.008443085981 0.2548125743 -0.9999943274 -0.0002952126324 -0.003355283878 0.0001476820705 0.9913508873 -0.1312379381 0.003365006746 -0.1312376892 -0.9913452202 3.084923322e-06 0.006577425011 0
0.1397887065 0.05434984908 0.005223903961 -0.0006450611303 0.03557934924 0.5083408922 -8.217388751e-05 0.008918122297 0.2547908747 -0.9999929389 -0.000347852152 -0.003741809723 0.0001740241838 0.990352011 -0.138574399 0.003753912186 -0.1385740716 -0.9903449575 3.464431114e-06 0.006947792269 0
0.1472404491 0.05724708662 0.005502375583 -0.000715578855 0.03746829257 0.5081595194 -9.11669941e-05 0.009393082589 0.2547679881 -0.99999131 -0.0004063876645 -0.004149060476 0.0002033195251 0.9892990111 -0.1459021088 0.004163954243 -0.1459016845 -0.9892903315 3.86544388e-06 0.007318159526 0
0.1546921917 0.06014432415 0.005780847205 -0.0007897393393 0.03935603921 0.5079687774 -0.0001006264401 0.009867963365 0.2547439147 -0.9999894147 -0.0004711277376 -0.004576965386 0.0002357232578 0.9881919804 -0.153220607 0.004595106967 -0.153220064 -0.9881814089 4.28806499e-06 0.007688526783 0
0.1612124665 0.06267940699 0.006024509875 -0.0008576157329 0.04100678852 0.5077941982 -0.0001092859259 0.01028341602 0.2547218772 -0.999987516 -0.0005331068787 -0.004968266676 0.0002667480876 0.9871790829 -0.1596163751 0.004989661528 -0.1596157077 -0.9871666167 4.675670301e-06 0.008012598133 0
0.1686642092 0.06557664453 0.006302981497 -0.0009385986195 0.04289212912 0.5075859089 -0.0001196195023 0.01075813807 0.2546955793 -0.9999850457 -0.0006103090587 -0.005434694868 0.00030539703 0.9859710109 -0.1669163632 0.005460322162 -0.1669155268 -0.98595608 5.13910817e-06 0.008382965391 0
0.1761159518 0.06847388206 0.006581453119 -0.001023215717 0.0447761001 0.5073682723 -0.0001304191369 0.01123277023 0.2546680954 -0.9999822262 -0.0006945978222 -0.005921553726 0.0003475984384 0.9847092013 -0.1742058207 0.005952011424 -0.1742047828 -0.9846914579 5.624486922e-06 0.008753332648 0
0.1835676944 0.0713711196 0.006859924741 -0.001111463782 0.0466586414 0.5071412969 -0.0001416847228 0.01170730881 0.2546394257 -0.9999790262 -0.0007862780434 -0.006428758559 0.0003935060161 0.9833937651 -0.1814842909 0.006464698197 -0.1814830142 -0.9833728302 6.131933743e-06 0.009123699906 0
0.1910194371 0.07426835713 0.007138396363 -0.001203339432 0.04853969305 0.5069049912 -0.0001534161489 0.01218175009 0.2546095705 -0.999975413 -0.0008856535362 -0.006956221104 0.0004432730468 0.9820248182 -0.1887513179 0.006998350037 -0.1887497606 -0.9820002805 6.66158149e-06 0.009494067163 0
0.1984711797 0.07716559467 0.007416867985 -0.001298839146 0.05041919512 0.5066593643 -0.0001656132994 0.01265609033 0.2545785301 -0.9999713527 -0.0009930270101 -0.007503849539 0.000497052378 0.9806024809 -0.1960064472 0.007552933171 -0.1960045619 -0.9805738957 7.213568582e-06 0.00986443442 0
0.2059229223 0.0800628322 0.007695339607 -0.001397959266 0.05229708778 0.5064044258 -0.000178276054 0.01313032577 0.2545463049 -0.9999668099 -0.001108700027 -0.008071548493 0.0005549964028 0.9791268786 -0.2032492254 0.008128412503 -0.2032469592 -0.9790937659 7.788038886e-06 0.01023480168 0
0.2124431971 0.08259791504 0.007939002277 -0.00148765625 0.05393887663 0.5061737236 -0.000189737807 0.01354519283 0.2545171362 -0.9999624105 -0.001216958296 -0.008584671506 0.0006092332177 0.9777921344 -0.2095761691 0.008649069733 -0.2095735213 -0.9777546383 8.309260853e-06 0.01055887303 0
0.2198949398 0.08549515258 0.008217473899 -0.001593554282 0.05581359054 0.5059013522 -0.0002032732288 0.01401922157 0.2544826902 -0.9999568636 -0.001349001578 -0.009189733322 0.0006753951375 0.9762170136 -0.2167945712 0.009263630238 -0.2167914262 -0.976173992 8.926293584e-06 0.01092924029 0
0.2273466824 0.08839239011 0.008495945521 -0.001703061426 0.05768652336 0.505619698 -0.0002172738832 0.0144931346 0.2544470604 -0.9999507255 -0.001490204605 -0.009814571806 0.0007461571975 0.9745890135 -0.2239993258 0.009898978681 -0.2239956115 -0.9745398792 9.566252794e-06 0.01129960754 0
0.234798425 0.09128962765 0.008774417143 -0.001816173487 0.0595576155 0.5053287719 -0.0002317396321 0.01496692813 0.254410247 -0.9999439561 -0.001640864081 -0.01045907795 0.0008216698699 0.9729082773 -0.2311899842 0.01055507485 -0.2311856213 -0.9728524034 1.022930276e-05 0.0116699748 0
0.2422501676 0.09418686518 0.009052888765 -0.001932886132 0.06142680748 0.5050285851 -0.0002466703327 0.01544059833 0.2543722504 -0.9999365136 -0.001801275352 -0.01112313927 0.0009020830893 0.9711749527 -0.2383660997 0.01123187724 -0.2383610007 -0.9711116714 1.091561285e-05 0.01204034206 0
0.2497019103 0.09708410272 0.009331360387 -0.00205319489 0.06329403988 0.5047191489 -0.0002620658379 0.01591414138 0.254333071 -0.9999283552 -0.001971732362 -0.0118066398 0.000987546236 0.9693891921 -0.2455272265 0.011929343 -0.2455212954 -0.9693177932 1.162535749e-05 0.01241070931 0
0.2571536529 0.09998134025 0.009609832009 -0.002177095152 0.06515925338 0.5044004754 -0.0002779259959 0.01638755346 0.2542927092 -0.9999194368 -0.002152527611 -0.01250946012 0.001078208119 0.9675511525 -0.2526729207 0.012647428 -0.2526660523 -0.9674708825 1.235871612e-05 0.01278107657 0
0.2636739277 0.1025164231 0.009853494678 -0.002288450311 0.06678961248 0.5041140681 -0.0002921846717 0.01680167857 0.254256423 -0.999910974 -0.002319432853 -0.01314017967 0.001161918391 0.9659001094 -0.2589123955 0.0132926309 -0.2589046134 -0.9658114242 1.301992059e-05 0.01310514792 0
0.2711256703 0.1054136606 0.0101319663 -0.002419071748 0.06865088092 0.5037781076 -0.0003089156284 0.01727483473 0.2542138454 -0.999900507 -0.002520395473 -0.01387889077 0.001262726931 0.9639644854 -0.2660279619 0.01404925347 -0.2660190192 -0.9638653951 1.379805621e-05 0.01347551518 0
0.278577413 0.1083108982 0.01041043792 -0.002553270678 0.07050996038 0.5034329458 -0.0003261107759 0.01774784889 0.2541700864 -0.9998891461 -0.002732528844 -0.01463655921 0.0013691587 0.9619770587 -0.2731268275 0.01482636112 -0.2731165901 -0.9618666785 1.4600349e-05 0.01384588244 0
0.2860291556 0.1112081357 0.01068890954 -0.002691041963 0.07236679187 0.5030785958 -0.0003437699447 0.01822071721 0.2541251468 -0.999876842 -0.002956119473 -0.01541305234 0.001481360133 0.959938004 -0.2802085545 0.01562390467 -0.2801968769 -0.9598154009 1.542699725e-05 0.01421624969 0
0.2934808982 0.1141053732 0.01096738117 -0.002832380328 0.0742213165 0.5027150712 -0.0003618929606 0.01869343584 0.2540790268 -0.9998635446 -0.003191452217 -0.01620823412 0.001599477016 0.9578475002 -0.2872727067 0.01644183365 -0.2872594315 -0.9577116921 1.6278204e-05 0.01458661695 0
0.3009326409 0.1170026108 0.01124585279 -0.002977280363 0.0760734755 0.5023423859 -0.0003804796449 0.01916600095 0.2540317269 -0.9998492023 -0.003438810243 -0.01702196514 0.001723654464 0.9557057308 -0.2943188496 0.01728009631 -0.2943038069 -0.9555556852 1.715417695e-05 0.01495698421 0
0.3083843835 0.1198998483 0.01152432441 -0.00312573652 0.07792321017 0.5019605542 -0.0003995298145 0.01963840868 0.2539832477 -0.9998337623 -0.003698474987 -0.01785410265 0.001854036906 0.9535128835 -0.3013465504 0.01813863958 -0.3013295575 -0.9533475167 1.805512848e-05 0.01532735147 0
0.3149046583 0.1224349311 0.01176798708 -0.003258548326 0.07953969324 0.5016189601 -0.000416578768 0.02005163334 0.2539398612 -0.9998193096 -0.00393599689 -0.0185972073 0.001973324584 0.9515523936 -0.3074803218 0.01890645871 -0.3074614614 -0.9513726902 1.886412175e-05 0.01565142282 0
0.3223564009 0.1253321687 0.0120464587 -0.003413656792 0.08138472447 0.5012200185 -0.0004364974624 0.02052373564 0.2538891719 -0.9998016651 -0.004219489086 -0.01946346068 0.002115728219 0.9492642973 -0.3144722841 0.0198028807 -0.3144510927 -0.9490670978 1.981249644e-05 0.01602179007 0
0.3298081435 0.1282294062 0.01232493032 -0.00357230468 0.08322716324 0.5008119736 -0.0004568790898 0.02099566953 0.2538373047 -0.9997827646 -0.004516087112 -0.02034769171 0.002264748117 0.9469256881 -0.3214445709 0.02071942366 -0.3214208241 -0.9467097545 2.078648566e-05 0.01639215733 0
0.3372598862 0.1311266437 0.01260340195 -0.003734485921 0.08506695126 0.5003948407 -0.0004777234492 0.02146743115 0.25378426 -0.9997625505 -0.004826065309 -0.02124974485 0.002420525899 0.9445367708 -0.3283967566 0.02165602958 -0.3283702145 -0.9443008094 2.178631927e-05 0.01676252459 0
0.3447116288 0.1340238813 0.01288187357 -0.003900194308 0.08690403038 0.499968636 -0.0004990303351 0.02193901666 0.2537300384 -0.9997409643 -0.005149696087 -0.02216946134 0.00258320242 0.9420977546 -0.3353284179 0.02261263919 -0.3352988241 -0.9418404149 2.281223155e-05 0.01713289185 0
0.3521633714 0.1369211188 0.01316034519 -0.004069423502 0.08873834256 0.4995333758 -0.0005207995374 0.02241042222 0.2536746405 -0.999717946 -0.005487249887 -0.02310667917 0.002752917756 0.9396088531 -0.3422391335 0.02358919196 -0.3422062144 -0.9393287267 2.386446113e-05 0.0175032591 0
0.3596151141 0.1398183564 0.01343881681 -0.004242167032 0.09056982986 0.4990890766 -0.0005430308416 0.02288164398 0.2536180667 -0.9996934346 -0.005838995142 -0.02406123312 0.002929811185 0.9370702843 -0.3491284841 0.02458562608 -0.3490919483 -0.9367659039 2.494325091e-05 0.01787362636 0
0.3661353889 0.1423534392 0.01368247948 -0.004396195282 0.09217001852 0.4986929134 -0.0005628621285 0.02329380924 0.2535676005 -0.9996707136 -0.006158623131 -0.02491055655 0.00309059009 0.9348084684 -0.3551388119 0.02547376532 -0.3550988578 -0.9344816148 2.590917384e-05 0.01819769771 0
0.3735871315 0.1452506767 0.0139609511 -0.004575510276 0.09399605346 0.4982317123 -0.0005859592793 0.02376467605 0.2535088237 -0.9996432342 -0.00653769371 -0.02589715934 0.003281315007 0.9321773753 -0.3619869803 0.02650730603 -0.3619428125 -0.9318233541 2.703843349e-05 0.01856806497 0
0.3810388741 0.1481479143 0.01423942273 -0.004758320252 0.09581909767 0.497761522 -0.0006095178897 0.02423534802 0.2534488726 -0.9996140799 -0.006931715938 -0.02690060558 0.003479613869 0.929497265 -0.3688125902 0.02756054342 -0.3687638617 -0.9291144336 2.819497521e-05 0.01893843223 0
0.3884906168 0.1510451518 0.01451789435 -0.004944618219 0.09763909369 0.4972823605 -0.0006335377273 0.02470582133 0.253387748 -0.9995831851 -0.007340950091 -0.02792071781 0.003685622722 0.9267683717 -0.3756152306 0.02863341085 -0.3755615739 -0.9263550248 2.937905808e-05 0.01930879948 0
0.3959423594 0.1539423893 0.01479636597 -0.005134397055 0.09945598421 0.4967942463 -0.0006580185553 0.02517609213 0.2533254505 -0.9995504832 -0.007765654246 -0.02895731549 0.00389947674 0.9239909338 -0.3823944931 0.0297258404 -0.3823355187 -0.9235453024 3.059094524e-05 0.01967916674 0
0.403394102 0.1568396269 0.01507483759 -0.005327649508 0.101269712 0.4962971978 -0.0006829601326 0.02564615659 0.2532619807 -0.9995159064 -0.008206084243 -0.03001021498 0.004121310211 0.9211651941 -0.3891499711 0.03083776296 -0.3890852675 -0.9206854441 3.183090383e-05 0.020049534 0
0.4108458447 0.1597368644 0.01535330921 -0.005524368191 0.1030802201 0.4957912341 -0.0007083622132 0.02611601089 0.2531973391 -0.9994793858 -0.008662493646 -0.0310792296 0.004351256519 0.9182913992 -0.3958812609 0.03196910814 -0.3958103933 -0.9177756309 3.309920495e-05 0.02041990126 0
0.4173661195 0.1622719472 0.01559697188 -0.005699334525 0.1046617287 0.4953412178 -0.0007309665935 0.02652695798 0.2531398172 -0.9994457808 -0.009075157555 -0.03202768776 0.004559218761 0.9157376055 -0.4017509818 0.03297491156 -0.401674345 -0.9151887105 3.423243423e-05 0.02074397261 0
0.4248178621 0.1651691848 0.01587544351 -0.005902532025 0.1064660465 0.4948185905 -0.0007572314393 0.02699640788 0.2530729805 -0.999405426 -0.009562203699 -0.03312640452 0.004804732949 0.9127743865 -0.4084358382 0.03414248024 -0.4083521564 -0.9121857308 3.555462179e-05 0.02111433986 0
0.4322696047 0.1680664223 0.01615391513 -0.006109173791 0.1082669812 0.4942871044 -0.0007839560564 0.0274656366 0.253004974 -0.9993629233 -0.01006594523 -0.03424068286 0.005058738294 0.9097638444 -0.4150953583 0.03532926242 -0.4150041254 -0.9091333341 3.690595282e-05 0.02148470712 0
0.4397213473 0.1709636598 0.01643238675 -0.006319251929 0.1100644765 0.49374678 -0.0008111401812 0.02793464033 0.2529357985 -0.9993181993 -0.01058662655 -0.0353703245 0.005321364542 0.9067062418 -0.4217291478 0.03653518299 -0.421629831 -0.9060317136 3.828671323e-05 0.02185507438 0
0.44717309 0.1738608974 0.01671085837 -0.006532758416 0.1118584759 0.4931976378 -0.0008387835458 0.02840341523 0.2528654545 -0.99927118 -0.0111244896 -0.03651512818 0.005592740467 0.9036018451 -0.4283368147 0.03776016564 -0.4282288539 -0.9028810656 3.969719269e-05 0.02222544164 0
0.4546248326 0.1767581349 0.01698932999 -0.006749685099 0.1136489232 0.4926396988 -0.0008668858779 0.02887195748 0.2527939428 -0.99922179 -0.01167977382 -0.03767488977 0.005872993851 0.9004509247 -0.4349179695 0.03900413284 -0.4348007764 -0.8996815895 4.113768448e-05 0.02259580889 0
0.4620765752 0.1796553725 0.01726780162 -0.006970023695 0.1154357623 0.4920729843 -0.0008954469003 0.02934026327 0.2527212641 -0.999169953 -0.01225271612 -0.03884940221 0.006162251472 0.8972537549 -0.4414722257 0.04026700587 -0.4413451827 -0.8964334877 4.260848552e-05 0.02296617615 0
0.4695283179 0.18255261 0.01754627324 -0.007193765793 0.1172189374 0.491497516 -0.0009244663316 0.02980832878 0.2526474191 -0.9991155915 -0.01284355087 -0.04003845563 0.006460639092 0.894010614 -0.4479991989 0.0415487048 -0.4478616587 -0.8931369659 4.41098963e-05 0.02333654341 0
0.4760485927 0.1850876928 0.01778993591 -0.007392325354 0.1187761661 0.4909868175 -0.0009502341478 0.030217686 0.2525818486 -0.9990658929 -0.01337539093 -0.04109063835 0.006729315791 0.8911353767 -0.4536876201 0.04268557077 -0.4535403392 -0.8902129536 4.544897918e-05 0.02366061476 0
0.4835003353 0.1879849304 0.01806840753 -0.0076224259 0.120552321 0.4903949951 -0.0009801123212 0.03068529071 0.2525058189 -0.9990065861 -0.0140003966 -0.04230638052 0.007045157519 0.8878068034 -0.4601624121 0.04400234873 -0.4600033355 -0.8868262088 4.700860531e-05 0.02403098201 0
0.4909520779 0.1908821679 0.01834687915 -0.00785590505 0.1223246519 0.4897944829 -0.001010448069 0.03115264419 0.2524286251 -0.9989445267 -0.01464395388 -0.04353604455 0.007370485009 0.8844330805 -0.466608832 0.04533771621 -0.4664372207 -0.8833916519 4.859972448e-05 0.02440134927 0
0.4984038206 0.1937794054 0.01862535077 -0.008092753898 0.1240931036 0.4891853038 -0.001041241092 0.03161974262 0.2523502679 -0.9988796334 -0.01530628687 -0.04477940972 0.007705419945 0.8810145009 -0.4730265064 0.0466915887 -0.4728415875 -0.8799095003 5.022265055e-05 0.02477171653 0
0.5058555632 0.196676643 0.0189038224 -0.008332963407 0.1258576209 0.4885674809 -0.001072491088 0.03208658221 0.2522707482 -0.9988118239 -0.01598761692 -0.04603625258 0.008050082923 0.8775513615 -0.4794150645 0.04806388053 -0.4792160306 -0.8763799743 5.187770071e-05 0.02514208379 0
0.5133073058 0.1995738805 0.01918229402 -0.008576524418 0.1276181489 0.487941038 -0.001104197747 0.03255315915 0.2521900667 -0.9987410149 -0.01668816263 -0.04730634702 0.008404593439 0.8740439629 -0.4857741386 0.04945450485 -0.4855601468 -0.8728032973 5.356519542e-05 0.02551245104 0
0.5207590484 0.202471118 0.01946076564 -0.008823427642 0.1293746329 0.4873059989 -0.001136360758 0.03301946964 0.2521082243 -0.998667122 -0.01740813977 -0.04858946424 0.008769069878 0.8704926093 -0.4921033637 0.05086337365 -0.4918735344 -0.8691796957 5.528545842e-05 0.0258828183 0
0.5272793232 0.2050062009 0.01970442831 -0.009042202226 0.1309081959 0.486743307 -0.001164877494 0.03342726977 0.2520356605 -0.9985998692 -0.01805422712 -0.04972269267 0.00909625414 0.86734936 -0.4976166656 0.05211102996 -0.4973722274 -0.8659707316 5.68178257e-05 0.02620688965 0
0.5347310659 0.2079034384 0.01998289993 -0.00929534663 0.1326569501 0.4860922155 -0.001197895306 0.03389307045 0.2519516435 -0.9985199638 -0.01881120996 -0.05102960174 0.009479731833 0.8637164234 -0.5038889507 0.05355386595 -0.5036269237 -0.8622597666 5.860041288e-05 0.02657725691 0
0.5421828085 0.2108006759 0.02026137155 -0.009551805847 0.1344015036 0.4854325981 -0.001231368546 0.03435859378 0.2518664679 -0.9984367271 -0.01958822876 -0.05234886121 0.009873509479 0.8600404267 -0.5101303541 0.055014687 -0.5098497481 -0.8585025443 6.041671673e-05 0.02694762417 0
0.5496345511 0.2136979135 0.02053984318 -0.009811570105 0.1361418023 0.4847644802 -0.001265296884 0.03482383597 0.2517801346 -0.9983500711 -0.02038548813 -0.05368023222 0.01027770102 0.8563216881 -0.5163405226 0.05649340067 -0.5160403069 -0.8546993023 6.226707314e-05 0.02731799142 0
0.5570862938 0.216595151 0.0208183148 -0.01007462951 0.1378777923 0.4840878871 -0.001299679986 0.03528879324 0.2516926445 -0.9982599071 -0.02120318977 -0.05502347339 0.01069241924 0.8525605293 -0.5225191059 0.05798991336 -0.5221982082 -0.8508502814 6.415182103e-05 0.02768835868 0
0.5645380364 0.2194923886 0.02109678642 -0.01034097403 0.1396094198 0.4834028446 -0.001334517513 0.03575346181 0.2516039984 -0.9981661453 -0.02204153235 -0.05637834088 0.01111777569 0.8487572755 -0.5286657568 0.05950413038 -0.5283230623 -0.8469557251 6.607130231e-05 0.02805872594 0
0.571989779 0.2223896261 0.02137525804 -0.01061059353 0.1413366313 0.4827093788 -0.001369809122 0.03621783789 0.2515141972 -0.998068695 -0.02290071154 -0.05774458836 0.01155388077 0.8449122553 -0.5347801312 0.0610359559 -0.5344144817 -0.8430158799 6.802586185e-05 0.0284290932 0
0.5785100538 0.2249247089 0.02161892071 -0.01084918904 0.1428442769 0.4820957072 -0.001401061495 0.03662392407 0.2514346743 -0.9979803285 -0.02366973736 -0.05894919456 0.01194437579 0.8415138621 -0.5401034639 0.06239067152 -0.5397167436 -0.8395315603 6.976514991e-05 0.02875316455 0
0.5859617965 0.2278219465 0.02189739233 -0.01112492136 0.1445630645 0.4813865191 -0.001437203566 0.03708774159 0.2513427098 -0.9978757151 -0.02456850195 -0.06033610718 0.01240092778 0.8375914278 -0.5461564036 0.06395525082 -0.5457444355 -0.8355074728 7.17864208e-05 0.0291235318 0
0.5934135391 0.230719184 0.02217586396 -0.01140389882 0.1462772832 0.4806689845 -0.001473798707 0.03755125577 0.2512495927 -0.9977671481 -0.02548864859 -0.06173367822 0.01286853892 0.8336281908 -0.5521760953 0.06553715694 -0.5517375901 -0.8314388208 7.384377751e-05 0.02949389906 0
0.6008652817 0.2336164215 0.02245433558 -0.0116861108 0.1479868801 0.4799431307 -0.001510846557 0.03801446287 0.2511553242 -0.9976545333 -0.02643036098 -0.06314165213 0.0133473148 0.8296244929 -0.5581622075 0.06713628976 -0.5576958282 -0.8273258619 7.593757595e-05 0.02986426632 0
0.6083170243 0.2365136591 0.0227328072 -0.01197154655 0.1496918025 0.4792089852 -0.001548346752 0.0384773591 0.251059905 -0.997537776 -0.02739381962 -0.06455977106 0.01383735976 0.8255806792 -0.5641144119 0.06875254808 -0.5636187726 -0.8231688565 7.806817481e-05 0.03023463358 0
0.615768767 0.2394108966 0.02301127882 -0.01226019523 0.1513919981 0.4784665761 -0.001586298921 0.03893994073 0.2509633362 -0.9974167807 -0.02837920184 -0.0659877749 0.01433877685 0.8214970977 -0.5700323833 0.07038582962 -0.5695060486 -0.8189680675 8.023593548e-05 0.03060500083 0
0.6232205096 0.2423081341 0.02328975044 -0.01255204585 0.1530874145 0.4777159314 -0.001624702691 0.03940220399 0.2508656187 -0.997291451 -0.02938668174 -0.0674254013 0.01485166788 0.8173740998 -0.5759158002 0.07203603103 -0.5753572837 -0.8147237608 8.244122205e-05 0.03097536809 0
0.6297407844 0.244843217 0.02353341311 -0.01281003302 0.1545669426 0.4770523842 -0.001658676146 0.03980642023 0.2507791744 -0.9971781555 -0.03028648805 -0.06869100999 0.01530993875 0.8137344217 -0.5810351941 0.07349375475 -0.5804472583 -0.8109745054 8.440191898e-05 0.03129943944 0
0.637192527 0.2477404545 0.02381188474 -0.01310785729 0.1562532581 0.4762863753 -0.001697925644 0.04026807643 0.2506793058 -0.9970444362 -0.03133585902 -0.07014596394 0.01584461318 0.8095384763 -0.5868529659 0.07517539858 -0.5862299201 -0.8066493291 8.667855711e-05 0.0316698067 0
0.6446442697 0.250637692 0.02409035636 -0.01340885127 0.1579346454 0.4755122138 -0.001737625643 0.04072940349 0.2505782913 -0.9969061009 -0.03240781002 -0.07160977406 0.01639104689 0.8053041424 -0.5926352772 0.07687365916 -0.5919754826 -0.8022814148 8.899378248e-05 0.03204017396 0
0.6520960123 0.2535349296 0.02436882798 -0.01371300354 0.1596110531 0.4747299292 -0.001777775752 0.04119039766 0.2504761321 -0.9967630505 -0.03350250238 -0.07308216964 0.01694933657 0.8010317834 -0.5983818196 0.07858842902 -0.5976835822 -0.7978710387 9.134796925e-05 0.03241054121 0
0.6595477549 0.2564321671 0.0246472996 -0.01402030253 0.1612824299 0.4739395511 -0.001818375575 0.04165105519 0.250372829 -0.9966151847 -0.03462009412 -0.07456287795 0.01751957757 0.7967217656 -0.6040922882 0.08031959964 -0.6033538575 -0.7934184801 9.374149407e-05 0.03278090847 0
0.6669994976 0.2593294047 0.02492577122 -0.01433073657 0.162948725 0.4731411096 -0.001859424712 0.04211137237 0.2502683831 -0.9964624027 -0.03576073986 -0.07605162418 0.0181018639 0.7923744585 -0.6097663815 0.08206706147 -0.6089859497 -0.7889240207 9.617473608e-05 0.03315127573 0
0.6744512402 0.2622266422 0.02520424285 -0.01464429388 0.1646098873 0.4723346351 -0.001900922759 0.04257134545 0.2501627955 -0.996304603 -0.03692459081 -0.07754813154 0.0186962882 0.7879902345 -0.6154038017 0.08383070392 -0.6145795025 -0.7843879449 9.864807684e-05 0.03352164298 0
0.680971515 0.264761725 0.02544790552 -0.01492120923 0.1660591543 0.4716224043 -0.001937601475 0.0429735367 0.2500694707 -0.9961623318 -0.03796211217 -0.07886372296 0.01922643818 0.78412405 -0.6203062294 0.08538707651 -0.6194419684 -0.7803849658 0.0001008454453 0.03384571434 0
0.6884232576 0.2676589626 0.02572637714 -0.01524059048 0.1677105568 0.4708009504 -0.001979940123 0.04343285456 0.2499617452 -0.9959948478 -0.0391698685 -0.08037402964 0.01984386609 0.7796716204 -0.6258740971 0.087180756 -0.6249623075 -0.7757716352 0.0001033950081 0.03421608159 0
0.6958750002 0.2705562001 0.02600484876 -0.01556306047 0.1693566818 0.4699715523 -0.002022726493 0.04389181762 0.2498528811 -0.9958220503 -0.04040124558 -0.08189129088 0.02047369064 0.7751833602 -0.6314044552 0.08899029249 -0.6304430961 -0.7711175205 0.0001059857801 0.03458644885 0
0.7033267429 0.2734534376 0.02628332038 -0.01588860695 0.1709974794 0.4691342414 -0.002065960164 0.04435042217 0.2497428794 -0.9956438352 -0.0416563812 -0.0834152225 0.02111599911 0.770659653 -0.6368970198 0.09081557147 -0.6358839872 -0.7664229164 0.0001086181519 0.03495681611 0
0.7107784855 0.2763506752 0.026561792 -0.01621721757 0.1726328998 0.4682890495 -0.00210964071 0.04480866448 0.2496317412 -0.9954600977 -0.04293540963 -0.08494553849 0.02177087735 0.7661008846 -0.6423515109 0.09265647743 -0.6412846367 -0.7616881199 0.0001112925168 0.03532718336 0
0.7182302281 0.2792479127 0.02684026363 -0.01654887988 0.1742628936 0.4674360085 -0.002153767701 0.04526654086 0.2495194677 -0.9952707323 -0.04423846157 -0.08648195105 0.02243840981 0.7615074439 -0.6477676518 0.09451289386 -0.6466447026 -0.7569134306 0.0001140092699 0.03569755062 0
0.7256819708 0.2821451502 0.02711873525 -0.0168835813 0.1758874115 0.466575151 -0.002198340702 0.04572404759 0.2494060599 -0.9950756331 -0.04556566417 -0.08802417064 0.0231186795 0.7568797222 -0.6531451697 0.09638470328 -0.6519638459 -0.7520991508 0.0001167688088 0.03606791788 0
0.7331337134 0.2850423878 0.02739720687 -0.01722130915 0.1775064045 0.4657065094 -0.002243359275 0.04618118098 0.249291519 -0.9948746934 -0.04691714098 -0.08957190601 0.02381176799 0.7522181136 -0.6584837957 0.09827178725 -0.6572417298 -0.7472455851 0.0001195715334 0.03643828514 0
0.7396539882 0.2875774706 0.02764086954 -0.01751929357 0.1789184528 0.4649400886 -0.002283115685 0.04658086353 0.2491903672 -0.9946939958 -0.04811969 -0.09093046887 0.02442879887 0.7481117199 -0.6631229813 0.09993542175 -0.6618257701 -0.7429667298 0.0001220596591 0.03676235649 0
0.7471057308 0.2904747081 0.02791934116 -0.01786266138 0.1805269551 0.4640569409 -0.002328968504 0.04703728694 0.2490737048 -0.9944818157 -0.04951700137 -0.0924877555 0.02514613744 0.7433876442 -0.6683879728 0.1018508228 -0.6670253946 -0.7380403328 0.0001249444419 0.03713272374 0
0.7545574735 0.2933719457 0.02819781278 -0.01820901853 0.1821297928 0.4631661046 -0.002375265608 0.0474933264 0.2489559127 -0.9942634852 -0.05093892196 -0.09404971135 0.02587652124 0.7386308284 -0.6736133201 0.1037811525 -0.6721828066 -0.7330755396 0.0001278735718 0.037503091 0
0.7620092161 0.2962691832 0.02847628441 -0.01855835189 0.1837269178 0.4622676135 -0.00242200654 0.0479489782 0.248836992 -0.9940388957 -0.0523855612 -0.09561603891 0.02662002619 0.7338416763 -0.6787987686 0.1057262887 -0.6772976798 -0.7280726645 0.0001308474569 0.03787345826 0
0.7694609587 0.2991664208 0.02875475603 -0.01891064824 0.1853182822 0.4613615014 -0.002469190841 0.04840423869 0.2487169439 -0.9938079376 -0.05385702483 -0.09718643913 0.02737672672 0.729020594 -0.6839440682 0.1076861082 -0.6823696904 -0.723032024 0.0001338665073 0.03824382552 0
0.7769127014 0.3020636583 0.02903322765 -0.01926589426 0.1869038384 0.4604478028 -0.002516818044 0.04885910418 0.2485957695 -0.9935705013 -0.05535341487 -0.09876061146 0.02814669577 0.7241679899 -0.6890489721 0.1096604871 -0.6873985175 -0.717953937 0.0001369311354 0.03861419277 0
0.784364444 0.3049608958 0.02931169927 -0.0196240765 0.1884835389 0.4595265522 -0.002564887682 0.04931357099 0.2484734701 -0.9933264763 -0.05687482964 -0.1003382539 0.02893000479 0.7192842748 -0.6941132378 0.1116493004 -0.6923838428 -0.7128387251 0.0001400417553 0.03898456003 0
0.7908847188 0.3074959787 0.02955536194 -0.01993988393 0.1898609364 0.4587142903 -0.002607311177 0.04971089954 0.2483655363 -0.9931074626 -0.05822667005 -0.1017212992 0.02962639814 0.714985828 -0.6985109464 0.1134012537 -0.6967100693 -0.7083327149 0.0001428016028 0.03930863138 0
0.7983364614 0.3103932162 0.02983383356 -0.02030353498 0.1914295307 0.4577789738 -0.0026562091 0.05016460896 0.2482411309 -0.9928507847 -0.05979525801 -0.1033046294 0.0304349069 0.7100448948 -0.7034983751 0.1154167915 -0.7016129805 -0.7031487679 0.0001459995813 0.03967899864 0
0.805788204 0.3132904537 0.03011230519 -0.02067008301 0.1929921346 0.4568362062 -0.002705548084 0.05061790918 0.248115604 -0.9925871983 -0.06138913232 -0.1048905537 0.03125695262 0.7050740441 -0.7084444899 0.1174463994 -0.7064714904 -0.6979286328 0.000149244754 0.0400493659 0
0.8132399467 0.3161876913 0.03039077681 -0.02103951418 0.1945487016 0.4558860232 -0.002755327643 0.05107079655 0.2479889569 -0.9923165911 -0.06300837665 -0.1064787651 0.03209260086 0.7000736951 -0.7133490635 0.119489949 -0.7112852915 -0.69267264 0.0001525375428 0.04041973315 0
0.8206916893 0.3190849288 0.03066924843 -0.02141181451 0.1960991855 0.4549284606 -0.002805547288 0.05152326741 0.2478611908 -0.9920388508 -0.06465307083 -0.1080689549 0.03294191564 0.6950442692 -0.7182118727 0.1215473109 -0.7160540792 -0.687381122 0.0001558783718 0.04079010041 0
0.8281434319 0.3219821663 0.03094772005 -0.02178696996 0.1976435404 0.4539635546 -0.002856206523 0.05197531812 0.2477323072 -0.9917538641 -0.06632329089 -0.1096608136 0.03380495945 0.6899861899 -0.7230326981 0.1236183549 -0.7207775516 -0.6820544139 0.0001592676666 0.04116046767 0
0.8355951746 0.3248794039 0.03122619167 -0.02216496635 0.1991817207 0.4529913417 -0.002907304851 0.05242694503 0.2476023071 -0.9914615179 -0.06801910896 -0.1112540302 0.03468179322 0.6848998826 -0.7278113245 0.12570295 -0.7254554098 -0.6766928526 0.0001627058552 0.04153083493 0
0.8421154494 0.3274144867 0.03146985434 -0.02249803243 0.2005225276 0.4521346902 -0.002952375684 0.05282176808 0.2474876423 -0.9911995885 -0.06952400194 -0.1126489635 0.03546038158 0.6804265439 -0.7319578401 0.1275379832 -0.7295108851 -0.6719731627 0.0001657547159 0.04185490628 0
0.849567192 0.3303117242 0.03174832596 -0.02288131705 0.2020490083 0.4511488759 -0.003004295949 0.05327259059 0.2473555525 -0.9908931362 -0.07126799734 -0.1142438844 0.03636323035 0.6752884627 -0.7366567774 0.1296476303 -0.7341024211 -0.666547168 0.0001692857394 0.04222527353 0
0.8570189346 0.3332089618 0.03202679759 -0.0232674013 0.2035691846 0.4501558608 -0.003056653847 0.05372297886 0.2472223501 -0.9905789965 -0.07303777663 -0.1158392634 0.0372800356 0.6701233873 -0.7413129195 0.131770447 -0.7386474998 -0.6610873016 0.0001728668968 0.04259564079 0
0.8644706773 0.3361061993 0.03230526921 -0.02365627064 0.2050830118 0.4491556825 -0.003109448864 0.05417292928 0.2470880365 -0.9902570545 -0.07483339691 -0.1174347853 0.03821085217 0.6649317507 -0.7459260672 0.1339062988 -0.7431458333 -0.655593909 0.0001764986229 0.04296600805 0
0.8719224199 0.3390034369 0.03258374083 -0.0240479104 0.2065904456 0.4481483786 -0.003162680479 0.05462243822 0.2469526129 -0.9899271952 -0.07665491136 -0.1190301341 0.03915573336 0.6597139873 -0.750496025 0.1360550507 -0.7475971372 -0.6500673378 0.0001801813543 0.04333637531 0
0.8793741625 0.3419006744 0.03286221245 -0.02444230581 0.2080914418 0.4471339871 -0.003216348167 0.05507150208 0.2468160808 -0.9895893032 -0.07850236922 -0.120624993 0.04011473087 0.6544705334 -0.7550226018 0.1382165665 -0.7520011296 -0.6445079378 0.0001839155298 0.04370674256 0
0.8868259051 0.3447979119 0.03314068408 -0.02483944201 0.2095859568 0.4461125463 -0.003270451402 0.05552011725 0.2466784414 -0.9892432631 -0.08037581578 -0.1222190439 0.0410878948 0.6492018271 -0.7595056107 0.1403907097 -0.7563575318 -0.6389160607 0.0001877015894 0.04407710982 0
0.8933461799 0.3473329948 0.03338434674 -0.02518917274 0.2108883063 0.4452130331 -0.003318148597 0.05591228461 0.2465570997 -0.9889337027 -0.08203643298 -0.1236129253 0.04195107231 0.6445713396 -0.7633923603 0.142303335 -0.7601301282 -0.6339968052 0.0001910573004 0.04440118117 0
0.9007979226 0.3502302323 0.03366281837 -0.02559140754 0.2123705515 0.4441784786 -0.00337306704 0.05636004877 0.246417388 -0.988572072 -0.08395871666 -0.1252046018 0.04295092776 0.6392564709 -0.7677931898 0.1445007827 -0.7643965583 -0.6283449892 0.0001949418358 0.04477154843 0
0.9082496652 0.3531274698 0.03394128999 -0.02599633986 0.2138461909 0.443136986 -0.003428419486 0.05680735389 0.2462765731 -0.9882019592 -0.08590709719 -0.126794552 0.04396508478 0.6339176177 -0.772149937 0.14671046 -0.7686146138 -0.622661719 0.000198879531 0.04514191568 0
0.9157014078 0.3560247074 0.03421976161 -0.02640395445 0.2153151817 0.4420885945 -0.00348420539 0.05725419638 0.2461346563 -0.9878232478 -0.08788160445 -0.1283824549 0.04499358722 0.6285552243 -0.7764624312 0.148932227 -0.7727840278 -0.6169473544 0.0002028708331 0.04551228294 0
0.9231531505 0.3589219449 0.03449823323 -0.02681423599 0.2167774814 0.4410333436 -0.003540424203 0.05770057266 0.2459916392 -0.9874358209 -0.08988226433 -0.1299679889 0.04603647737 0.623169736 -0.7807305059 0.1511659431 -0.7769045364 -0.611202257 0.0002069161908 0.0458826502 0
0.9306048931 0.3618191824 0.03477670485 -0.02722716905 0.2182330478 0.439971273 -0.00359707537 0.05814647915 0.245847523 -0.9870395616 -0.09190909872 -0.1315508318 0.04709379586 0.6177615998 -0.7849539988 0.1534114669 -0.7809758789 -0.6054267903 0.0002110160545 0.04625301746 0
0.9380566357 0.36471642 0.03505517648 -0.0276427381 0.2196818391 0.4389024226 -0.003654158335 0.05859191228 0.2457023093 -0.9866343528 -0.09396212549 -0.1331306607 0.0481655817 0.6123312639 -0.7891327518 0.1556686564 -0.7849977976 -0.5996213199 0.0002151708764 0.04662338471 0
0.9445769105 0.3672515028 0.03529883915 -0.02800851107 0.220943941 0.4379616485 -0.003704459696 0.05898127516 0.2455743481 -0.9862723615 -0.09578002081 -0.1345102842 0.04911529149 0.6075618628 -0.792752339 0.1576531543 -0.7884762333 -0.5945172095 0.0002188517851 0.04694745606 0
0.9520286532 0.3701487403 0.03557731077 -0.02842898042 0.2223799168 0.4368801944 -0.003762350763 0.05942581113 0.2454270804 -0.9858500561 -0.09788219239 -0.1360835894 0.05021430308 0.6020911154 -0.7968467937 0.1599318313 -0.7924047988 -0.5886564738 0.0002231108779 0.04731782332 0
0.9594803958 0.3730459779 0.03585578239 -0.02885204061 0.2238089985 0.4357920766 -0.003820672001 0.05986986349 0.2452787194 -0.9854184636 -0.1000105852 -0.1376529493 0.05132788508 0.5965994642 -0.8008960779 0.1622217613 -0.7962832173 -0.5827667956 0.0002274262379 0.04768819058 0
0.9669321384 0.3759432154 0.03613425401 -0.02927767575 0.2252311453 0.434697336 -0.003879422835 0.06031342869 0.2451292665 -0.9849774663 -0.1021652015 -0.139218039 0.05245607016 0.5910873624 -0.8049000501 0.1645227993 -0.8001112433 -0.5768485476 0.0002317983238 0.04805855784 0
0.974383881 0.378840453 0.03641272563 -0.02970586986 0.2266463166 0.4335960137 -0.003938602687 0.06075650319 0.2449787233 -0.9845269466 -0.1043460395 -0.1407785332 0.05359888933 0.5855552642 -0.8088585733 0.1668347998 -0.8038886345 -0.5709021045 0.0002362275956 0.04842892509 0
0.9818356237 0.3817376905 0.03669119726 -0.03013660688 0.2280544723 0.432488151 -0.003998210974 0.06119908344 0.2448270911 -0.9840667866 -0.1065530931 -0.1423341064 0.05475637195 0.5800036248 -0.8127715146 0.1691576165 -0.8076151519 -0.5649278425 0.000240714515 0.04879929235 0
0.9892873663 0.384634928 0.03696966888 -0.03056987065 0.2294555725 0.4313737895 -0.004058247111 0.06164116591 0.2446743716 -0.9835968684 -0.1087863525 -0.1438844326 0.05592854576 0.5744329007 -0.8166387453 0.1714911024 -0.8112905596 -0.5589261397 0.0002452595455 0.04916965961 0
0.9958076411 0.3871700109 0.03721333155 -0.0309510364 0.2306757162 0.4303934249 -0.004111129235 0.06202757696 0.2445398513 -0.9831775926 -0.1107619404 -0.1452364073 0.05696626972 0.569543221 -0.8199849776 0.1735415384 -0.8144644326 -0.5536524383 0.0002492844819 0.04949373096 0
1.003259384 0.3900672484 0.03749180317 -0.03138899398 0.2320634806 0.4292669908 -0.004171965992 0.06246871657 0.2443850972 -0.98268906 -0.1130442944 -0.1467760159 0.0581660584 0.5639379461 -0.8237661698 0.1758946304 -0.8180433854 -0.5476003091 0.0002539397251 0.04986409822 0
1.010711126 0.3929644859 0.03777027479 -0.03182943137 0.2334440762 0.4281341786 -0.004233228888 0.06290934826 0.2442292601 -0.9821904302 -0.1153528028 -0.1483094391 0.0593806087 0.5583149036 -0.8275013062 0.1782579652 -0.8215705687 -0.5415218357 0.0002586544204 0.05023446547 0
1.018162869 0.3958617235 0.03804874641 -0.03227233207 0.2348174644 0.4269950307 -0.00429491732 0.06334946852 0.2440723416 -0.9816815852 -0.1176874397 -0.1498363501 0.0606099419 0.5526745534 -0.8311902748 0.1806313932 -0.8250457591 -0.5354174028 0.0002634290374 0.05060483273 0
1.025614612 0.398758961 0.03832721804 -0.03271767951 0.2361836066 0.4258495897 -0.00435703068 0.06378907384 0.2439143433 -0.9811624071 -0.1200481752 -0.151356422 0.06185407761 0.547017356 -0.8348329685 0.1830147642 -0.8284687368 -0.5292873966 0.000268264047 0.05097519999 0
