0.006821359643 0.005390374817 0.003505633148 -3.125411433e-06 0.001739435752 0.5099960449 -3.911618418e-07 0.0004332186757 0.2549995093 -0.9999999998 -8.18489504e-08 -1.820135723e-05 4.168860767e-08 0.9999769669 -0.006787168192 1.820149352e-05 -0.006787168192 -0.9999769667 3.568326109e-08 0.004662492087 0
0.01337038924 0.01056554899 0.006871310439 -1.200739337e-05 0.003409366749 0.509984805 -1.511064158e-06 0.0008507019873 0.2549981043 -0.9999999976 -6.194410217e-07 -6.992504991e-05 3.108197275e-07 0.9999115125 -0.01330289984 6.992710278e-05 -0.01330289983 -0.9999115101 7.049063795e-08 0.009138842884 0
0.01991941884 0.01574072316 0.01023698773 -2.665055598e-05 0.005079178979 0.5099662745 -3.365873328e-06 0.001268908882 0.2549957772 -0.999999988 -2.049689586e-06 -0.0001551921287 1.02626618e-06 0.9998036098 -0.01981771396 0.0001552022706 -0.01981771388 -0.9998035978 5.949296097e-08 0.01361519368 0
0.02646844844 0.02091589733 0.01360266502 -4.705428715e-05 0.006748814273 0.5099404542 -5.955054304e-06 0.001687243416 0.2549925287 -0.9999999625 -4.809616821e-06 -0.0002739894713 2.406511838e-06 0.9996532749 -0.02633116127 0.000274021115 -0.02633116094 -0.9996532373 9.437390263e-09 0.01809154448 0
0.03228980808 0.02551605214 0.01659437817 -7.002628583e-05 0.00823273898 0.5099113838 -8.872171558e-06 0.002059064088 0.2549888686 -0.9999999168 -8.73225535e-06 -0.0004077213088 4.368006882e-06 0.9994840395 -0.03211938176 0.0004077914154 -0.03211938087 -0.9994839564 6.932998596e-08 0.02207052297 0
0.03883883768 0.03069122631 0.01996005546 -0.0001013085692 0.009901881391 0.509871797 -1.284589549e-05 0.002477295717 0.2549838829 -0.999999826 -1.519520325e-05 -0.0005897995444 7.599519262e-06 0.9992536207 -0.03862902239 0.0005899463061 -0.03862902015 -0.9992534467 1.806528603e-07 0.02654687376 0
0.04538786728 0.03586640048 0.02332573275 -0.0001383483003 0.01157067888 0.5098249243 -1.755192701e-05 0.002895456832 0.2549779784 -0.9999996754 -2.424861682e-05 -0.0008053411625 1.21259786e-05 0.9989808514 -0.04513599978 0.0008056148857 -0.0451359949 -0.9989805268 3.182128742e-07 0.03102322456 0
0.05193689688 0.04104157465 0.02669141004 -0.0001811439307 0.01323907334 0.5097707677 -2.299003581e-05 0.003313553184 0.2549711553 -0.9999994436 -3.632806226e-05 -0.001054312996 1.816499945e-05 0.9986657719 -0.05163986586 0.001054782278 -0.05163985628 -0.9986652155 4.80507015e-07 0.03549957536 0
0.05848592648 0.04621674882 0.03005708734 -0.0002296936718 0.01490700665 0.5097093295 -2.916006412e-05 0.003731589765 0.2549634139 -0.9999991053 -5.186852781e-05 -0.001336676734 2.593385128e-05 0.9983084291 -0.05814017302 0.001337431296 -0.05814015567 -0.9983075346 6.66807533e-07 0.03997592616 0
0.06503495608 0.05139192299 0.03342276463 -0.000283995494 0.01657442075 0.5096406121 -3.606188752e-05 0.00414956966 0.2549547544 -0.9999986323 -7.130434065e-05 -0.001652388932 3.564940888e-05 0.9979088761 -0.0646364742 0.001653542443 -0.0646364447 -0.9979075086 8.767485961e-07 0.04445227695 0
0.07158398568 0.05656709716 0.03678844192 -0.0003440471278 0.01824125757 0.5095646186 -4.369539583e-05 0.004567494241 0.2549451768 -0.9999979927 -9.50690839e-05 -0.002001401015 4.752810278e-05 0.9974671721 -0.07112832292 0.002003093915 -0.07112827526 -0.9974651653 1.110160112e-06 0.04892862775 0
0.07740534532 0.06116725198 0.03978015507 -0.0004022513363 0.01972235876 0.5094909629 -5.109490508e-05 0.004938936393 0.2549358928 -0.999997256 -0.0001201773299 -0.002339546144 6.007748629e-05 0.9970392133 -0.07689475685 0.002341860253 -0.07689468641 -0.9970364702 1.337293858e-06 0.05290760624 0
0.08395437492 0.06634242615 0.04314583236 -0.0004731566827 0.02138794687 0.5094012342 -6.0110196e-05 0.005356755874 0.2549245815 -0.9999962034 -0.0001532989382 -0.002751307378 7.663082753e-05 0.9965180748 -0.08337697968 0.002754509134 -0.08337687396 -0.9965142797 1.61494511e-06 0.05738395704 0
0.09050340452 0.07151760032 0.04651150965 -0.0005498039345 0.02305279014 0.5093042394 -6.985686229e-05 0.005774517815 0.2549123526 -0.9999948737 -0.0001919971132 -0.003196199444 9.596960126e-05 0.9959549918 -0.08985346426 0.003200522397 -0.08985331039 -0.9959498678 1.916082187e-06 0.06186030783 0
0.09705243412 0.07669277449 0.04987718694 -0.0006321898883 0.02471683064 0.5091999824 -8.033478946e-05 0.006192220164 0.2548992062 -0.9999932223 -0.0002367017584 -0.003674153913 0.0001183080413 0.9953500479 -0.09632376713 0.003679869279 -0.09632354895 -0.9953432737 2.240800111e-06 0.06633665863 0
0.1036014637 0.08186794866 0.05324286423 -0.000720311101 0.02638001048 0.5090884676 -9.154385692e-05 0.00660986049 0.2548851424 -0.999991201 -0.0002878416298 -0.004185097275 0.0001438596963 0.9947033328 -0.1027874457 0.004192516713 -0.1027871434 -0.994694539 2.58922073e-06 0.07081300943 0
0.1101504933 0.08704312283 0.05660854152 -0.0008141638901 0.02804227179 0.5089696997 -0.0001034839373 0.007027436075 0.2548701615 -0.9999887586 -0.000345844254 -0.004728950954 0.0001728373812 0.9940149424 -0.1092440585 0.00473842934 -0.1092436478 -0.9940037086 2.9614873e-06 0.07528936023 0
0.115971853 0.09164327764 0.05960025467 -0.00090239712 0.02951901954 0.5088580432 -0.0001147109233 0.007398557656 0.2548560753 -0.99998619 -0.0004035080546 -0.005239937368 0.0002016429246 0.9933681357 -0.1149769819 0.005251580953 -0.1149764507 -0.9933543359 3.312539701e-06 0.07926833871 0
0.1225208826 0.09681845181 0.06296593196 -0.001007065326 0.03117938814 0.5087255887 -0.0001280314328 0.007816002825 0.2548393624 -0.9999828005 -0.0004756354163 -0.005845722737 0.0002376698357 0.9926013089 -0.1214190472 0.005860223239 -0.1214183482 -0.9925841236 3.730301128e-06 0.08374468951 0
0.1290699122 0.101993626 0.06633160925 -0.001117453126 0.03283867132 0.5085858962 -0.000142082546 0.008233374376 0.2548217328 -0.9999788231 -0.000555852954 -0.006484163097 0.0002777330064 0.9917931187 -0.1278527772 0.006502015683 -0.1278518705 -0.9917719612 4.172415571e-06 0.08822104031 0
0.1356189418 0.1071688002 0.06969728655 -0.001233555907 0.03449681138 0.5084389715 -0.0001568641065 0.008650669005 0.2548031867 -0.9999741938 -0.0006445826384 -0.007155160307 0.0003220419352 0.9909436847 -0.1342777349 0.007176914016 -0.134276574 -0.9909179046 4.639085472e-06 0.09269739111 0
0.1421679714 0.1123439743 0.07306296384 -0.00135536882 0.03615375072 0.5082848209 -0.00017237595 0.009067883331 0.2547837243 -0.9999688452 -0.0007422448132 -0.007858611237 0.0003708051493 0.9900531329 -0.1406934847 0.007884871685 -0.1406920154 -0.9900220127 5.13052547e-06 0.0971737419 0
0.1487170009 0.1175191485 0.07642864113 -0.001482886773 0.03780943175 0.5081234507 -0.0001886179041 0.009485013911 0.254763346 -0.9999627068 -0.0008492581152 -0.008594407781 0.0004242301575 0.9891215952 -0.147099592 0.008625839856 -0.1470977522 -0.9890843474 5.646961775e-06 0.1016500927 0
0.1552660305 0.1226943227 0.07979431842 -0.001616104442 0.03946379697 0.5079548677 -0.0002055897889 0.009902057253 0.2547420517 -0.9999557048 -0.0009660393938 -0.009362436876 0.0004825234016 0.9881492097 -0.1534956241 0.009399767419 -0.1534933426 -0.9881049732 6.188631668e-06 0.1061264435 0
0.1610873902 0.1272944775 0.08278603157 -0.001739300599 0.04093319276 0.5077989666 -0.000221288538 0.01027268635 0.2547223549 -0.9999486937 -0.001078380772 -0.01007209355 0.0005385925481 0.9872506912 -0.159172179 0.01011532954 -0.1591694372 -0.9871994583 6.691499994e-06 0.110105422 0
0.1676364198 0.1324696516 0.08615170886 -0.00188326902 0.04258491586 0.5076167788 -0.0002396386608 0.01068955525 0.2546993315 -0.999939848 -0.001214743337 -0.01090068044 0.0006066406258 0.9862015465 -0.1655480043 0.01095136625 -0.165544659 -0.9861414875 7.281518244e-06 0.1145817728 0
0.1741854494 0.1376448258 0.08951738615 -0.00203292043 0.04423515736 0.5074273994 -0.0002587181489 0.01110632663 0.2546753929 -0.9999299077 -0.001362067342 -0.01176114561 0.0006801469007 0.9851119863 -0.1719125125 0.01182020194 -0.171908462 -0.985042011 7.897514414e-06 0.1190581236 0
0.180734479 0.14282 0.09288306344 -0.002188248581 0.04588386 0.5072308362 -0.0002785267912 0.01152299688 0.2546505395 -0.9999187866 -0.001520761929 -0.01265335693 0.0007593132163 0.9839821718 -0.1782652769 0.01272177668 -0.1782604072 -0.9839011046 8.539765614e-06 0.1235344744 0
0.1872835086 0.1479951742 0.09624874073 -0.002349246985 0.04753096659 0.5070270975 -0.0002990643685 0.01193956237 0.2546247715 -0.9999063956 -0.00169123407 -0.0135771774 0.0008443401187 0.9828122704 -0.1846058726 0.01365602829 -0.1846000564 -0.9827188469 9.208558558e-06 0.1280108252 0
0.1938325382 0.1531703483 0.09961441802 -0.002515908919 0.04917642001 0.5068161918 -0.0003203306533 0.01235601947 0.2545980892 -0.9998926422 -0.00187388848 -0.0145324652 0.0009354268104 0.9816024551 -0.1909338766 0.01462289231 -0.1909269724 -0.9814953195 9.904189365e-06 0.132487176 0
0.2003815678 0.1583455225 0.1029800953 -0.002688227424 0.05082016324 0.5065981278 -0.0003423254106 0.01277236452 0.254570493 -0.999877431 -0.002069127547 -0.01551907373 0.001032771104 0.9803529046 -0.1972488676 0.01562230207 -0.1972407187 -0.9802306068 1.062696335e-05 0.1369635268 0
0.2062029274 0.1629456773 0.1059718085 -0.002846142343 0.05227978657 0.5063982912 -0.0003624876665 0.01314235198 0.2545451959 -0.9998626065 -0.002253561688 -0.01642223074 0.001124711448 0.9792089845 -0.2028509296 0.01653793297 -0.2028415295 -0.9790719129 1.129246989e-05 0.1409425053 0
0.212751957 0.1681208515 0.1093374858 -0.003029125662 0.05392014409 0.5061667312 -0.0003858577568 0.01355847539 0.254515874 -0.9998443701 -0.002473661075 -0.0174675837 0.001234410253 0.9778848877 -0.2091401986 0.0175986281 -0.2091292123 -0.9777296461 1.206737908e-05 0.1454188561 0
0.2193009866 0.1732960257 0.112703163 -0.003217744125 0.05555862709 0.5059280401 -0.0004099555946 0.01397447615 0.2544856391 -0.9998243829 -0.002707493781 -0.01854380707 0.001350929892 0.9765216052 -0.2154152491 0.0186916637 -0.2154024699 -0.9763464537 1.287036345e-05 0.1498952069 0
0.2258500162 0.1784711998 0.1160688403 -0.003411989858 0.05719517887 0.5056822279 -0.0004347809136 0.01439035058 0.2544544914 -0.9998025374 -0.002955452405 -0.01965073579 0.001474462338 0.9751193385 -0.2216756679 0.01981696437 -0.2216608695 -0.9749224312 1.370176238e-05 0.1543715576 0
0.2323990458 0.183646374 0.1194345176 -0.003611854755 0.05882974279 0.5054293048 -0.000460333439 0.01480609499 0.2544224313 -0.9997787234 -0.003217926843 -0.02078820014 0.001605197952 0.9736782944 -0.227921044 0.0209744525 -0.2279039796 -0.9734576768 1.456192354e-05 0.1588479084 0
0.2389480754 0.1888215482 0.1228001949 -0.003817330474 0.06046226234 0.5051692814 -0.0004866128883 0.01522170569 0.2543894592 -0.9997528273 -0.003495304211 -0.02195602575 0.001743325438 0.9721986858 -0.2341509686 0.02216404825 -0.2341313694 -0.9719522914 1.545120278e-05 0.1633242592 0
0.245497105 0.1939967223 0.1261658722 -0.004028408441 0.06209268106 0.5049021685 -0.000513618971 0.01563717899 0.2543555754 -0.9997247331 -0.003787968776 -0.02315403365 0.001889031801 0.9706807309 -0.2403650352 0.02338566956 -0.2403426094 -0.9704063791 1.636996395e-05 0.16780061 0
0.2513184647 0.1985968771 0.1291575854 -0.004220729306 0.06354013296 0.5046587921 -0.0005382341498 0.01600637026 0.2543246914 -0.9996978188 -0.0040612571 -0.02424411948 0.002025060886 0.9692994266 -0.2458750104 0.02449837275 -0.2458498074 -0.9689982982 1.721169109e-05 0.1717795885 0
0.2578674943 0.2037720513 0.1325232627 -0.004442365076 0.06516642984 0.5043783186 -0.0005666119408 0.01642157394 0.2542890866 -0.9996652448 -0.004383835504 -0.02549863386 0.002185586919 0.9677096551 -0.2520580224 0.02578025509 -0.2520293742 -0.967376128 1.818716062e-05 0.1762559393 0
0.2644165239 0.2089472255 0.1358889399 -0.004669577016 0.06679046342 0.5040907886 -0.0005957154806 0.01683662954 0.2542525711 -0.9996301203 -0.004722794511 -0.02678278785 0.002354222107 0.966082199 -0.2582240158 0.02709391355 -0.2581915566 -0.9657137464 1.919320658e-05 0.1807322901 0
0.2709655535 0.2141223997 0.1392546172 -0.004902355646 0.06841217765 0.5037962142 -0.0006255444474 0.01725153335 0.2542151456 -0.9995923179 -0.005078506598 -0.02809638485 0.002531146424 0.9644172982 -0.2643725936 0.02843925752 -0.2643359297 -0.964011268 2.023022237e-05 0.1852086409 0
0.2775145831 0.2192975738 0.1426202945 -0.005140691258 0.07003151661 0.5034946075 -0.0006560985113 0.01766628168 0.2541768102 -0.999551707 -0.005451341034 -0.02943922377 0.002716537935 0.9627151977 -0.2705033615 0.02981619421 -0.2704620695 -0.9622688104 2.129860858e-05 0.1896849917 0
0.2840636127 0.224472748 0.1459859718 -0.005384573912 0.07164842447 0.5031859812 -0.0006873773346 0.01808087083 0.2541375655 -0.9995081546 -0.005841663808 -0.03081109914 0.002910572745 0.960976148 -0.2766159279 0.03122462862 -0.2765695536 -0.9604864937 2.239877285e-05 0.1941613425 0
0.2906126423 0.2296479222 0.1493516491 -0.005633993439 0.07326284551 0.5028703482 -0.0007193805713 0.01849529709 0.254097412 -0.9994615247 -0.006249837561 -0.03221180108 0.003113424968 0.959200405 -0.2827099038 0.03266446362 -0.2826579605 -0.9586644409 2.353112969e-05 0.1986376933 0
0.2964340019 0.234248077 0.1523433623 -0.00586033952 0.07469575379 0.5025839139 -0.0007484357566 0.01886353625 0.2540609573 -0.9994173803 -0.006627935158 -0.03348089649 0.00330127948 0.9575913734 -0.2881108522 0.0339705977 -0.288053523 -0.9570115811 2.456503538e-05 0.2026166718 0
0.3029830315 0.2394232512 0.1557090395 -0.006120189022 0.07630532592 0.5022550821 -0.0007818063582 0.01927764474 0.2540190881 -0.9993645568 -0.007070804701 -0.03493546067 0.003521254619 0.9557470373 -0.2941686615 0.03546947219 -0.2941047507 -0.9551148162 2.575935513e-05 0.2070930226 0
0.3095320611 0.2445984253 0.1590747168 -0.006385544728 0.07791225095 0.5019192823 -0.0008159003292 0.01969157966 0.2539763114 -0.9993082477 -0.007532553393 -0.03641822084 0.003750538566 0.9538667764 -0.3002067727 0.03699945446 -0.3001356919 -0.9531786857 2.698710228e-05 0.2115693734 0
0.3160810907 0.2497735995 0.1624403941 -0.006656395577 0.07951647362 0.5015765286 -0.0008507172929 0.02010533731 0.2539326276 -0.9992483065 -0.008013530188 -0.03792895044 0.003989297276 0.9519508667 -0.3062248077 0.03856043898 -0.3061459304 -0.9512033231 2.824871669e-05 0.2160457242 0
0.3226301203 0.2549487737 0.1658060714 -0.006932730281 0.08111793882 0.5012268352 -0.0008862568642 0.02051891398 0.2538880371 -0.9991845842 -0.008514080354 -0.03946741869 0.00423769451 0.9499995894 -0.312222392 0.04015231808 -0.3121350518 -0.9491888647 2.954464437e-05 0.220522075 0
0.3291791499 0.2601239478 0.1691717487 -0.007214537325 0.08271659154 0.5008702167 -0.0009225186504 0.02093230599 0.2538425405 -0.999116929 -0.009034545405 -0.04103339067 0.004495891793 0.9480132307 -0.3181991536 0.04177498195 -0.3181026428 -0.9471354494 3.087533734e-05 0.2249984258 0
0.3357281795 0.265299122 0.172537426 -0.007501804968 0.08431237691 0.5005066881 -0.0009595022505 0.02134550964 0.2537961383 -0.9990451867 -0.009575263037 -0.04262662733 0.004764048375 0.9459920818 -0.3241547239 0.04342831867 -0.324048292 -0.9450432189 3.224125345e-05 0.2294747766 0
0.3415495391 0.2698992768 0.1755291392 -0.007761728522 0.08572840141 0.5001777625 -0.0009929821985 0.02171264065 0.253754132 -0.9989778577 -0.01007317305 -0.04406553011 0.005010897598 0.9441665376 -0.3294304784 0.0449236092 -0.3293145615 -0.9431509895 3.348534579e-05 0.2334537551 0
0.3480985687 0.275074451 0.1788948164 -0.008059277796 0.08731862147 0.4998012227 -0.001031328103 0.02212547843 0.2537060206 -0.9988979652 -0.01065305313 -0.04570960011 0.005298292477 0.9420804857 -0.3353450261 0.04663457066 -0.3352176471 -0.9409858373 3.491906383e-05 0.2379301059 0
0.3546475983 0.2802496252 0.1822604937 -0.008362252483 0.08890581645 0.4994178172 -0.001070394618 0.02253811718 0.253657005 -0.9988135256 -0.01125413932 -0.04738022146 0.005596093584 0.9399605123 -0.3412373354 0.04837586975 -0.3410976102 -0.938782294 3.638935933e-05 0.2424064567 0
0.3611966279 0.2854247993 0.185626171 -0.008670639966 0.09048993201 0.499027562 -0.001110181313 0.02295055321 0.2536070859 -0.9987243749 -0.01187675384 -0.04907713949 0.005904450959 0.9378069275 -0.3471070502 0.05014738638 -0.3469540453 -0.9365405117 3.789671155e-05 0.2468828075 0
0.3677456575 0.2905999735 0.1889918483 -0.008984427405 0.09207091395 0.4986304733 -0.001150687747 0.02336278284 0.2535562637 -0.9986303468 -0.01252121478 -0.0508000956 0.006223512184 0.935620046 -0.3529538176 0.05194899834 -0.3527865483 -0.9342606451 3.944160497e-05 0.2513591583 0
0.3742946871 0.2957751477 0.1923575256 -0.009303601738 0.09364870823 0.4982265676 -0.001191913473 0.02377480239 0.2535045391 -0.9985312723 -0.01318783606 -0.05254882737 0.006553422345 0.9334001874 -0.3587772885 0.05378058137 -0.358594717 -0.9319428512 4.102452908e-05 0.2558355091 0
0.3801160468 0.3003753025 0.1953492388 -0.009591823851 0.09504847239 0.4978618311 -0.001229162044 0.02414086264 0.2534578045 -0.9984388314 -0.01379924246 -0.05412467924 0.006855898868 0.9313995572 -0.3639338698 0.05543371399 -0.363736781 -0.9298508792 4.246389932e-05 0.2598144875 0
0.3866650764 0.3055504766 0.198714916 -0.009921137 0.09662009859 0.497445095 -0.001271745182 0.02455247531 0.2534043768 -0.9983297562 -0.01450856349 -0.0559213688 0.007206688328 0.9291182963 -0.3697123951 0.05732156267 -0.3694978932 -0.9274618835 4.412001201e-05 0.2642908383 0
0.393214106 0.3107256508 0.2020805933 -0.01025579806 0.09818838182 0.4970215914 -0.001315046274 0.02496386726 0.2533500483 -0.998215134 -0.01524092758 -0.05774305452 0.00756873151 0.9268050069 -0.3754666343 0.05923901183 -0.3752335183 -0.9250354297 4.581559662e-05 0.2687671891 0
0.3997631356 0.315900825 0.2054462706 -0.0105957931 0.09975326864 0.4965913377 -0.001359064841 0.02537503481 0.2532948196 -0.9980947871 -0.01599663174 -0.05958945935 0.007942163452 0.9244600261 -0.3811962516 0.0611859292 -0.3809432608 -0.9225716851 4.755116105e-05 0.2732435399 0
0.4063121652 0.3210759992 0.2088119479 -0.01094110799 0.1013147057 0.496154352 -0.001403800395 0.0257859743 0.2532386914 -0.9979685356 -0.01677596851 -0.06146030261 0.008327116527 0.9220836952 -0.3869009151 0.06316218051 -0.3866267268 -0.9200708196 4.932721759e-05 0.2777198907 0
0.4128611948 0.3262511733 0.2121776252 -0.01129172837 0.1028726399 0.4957106523 -0.001449252444 0.02619668205 0.2531816642 -0.9978361974 -0.01757922588 -0.06335530001 0.008723720404 0.9196763601 -0.3925802966 0.06516762942 -0.3922835243 -0.9175330058 5.114428286e-05 0.2821962415 0
0.4194102244 0.3314263475 0.2155433025 -0.01164763964 0.1044270183 0.4952602571 -0.001495420484 0.02660715439 0.2531237387 -0.9976975882 -0.01840668725 -0.06527416373 0.00913210202 0.9172383709 -0.3982340715 0.06720213761 -0.397913263 -0.9149584186 5.300287766e-05 0.2866725923 0
0.425231584 0.3360265023 0.2185350157 -0.011968435 0.1058056601 0.4948543001 -0.001537059409 0.02697181811 0.2530714957 -0.9975689649 -0.01916275331 -0.06699962087 0.009505095827 0.9150458212 -0.4032378929 0.06903487137 -0.4028944453 -0.9126391688 5.469025044e-05 0.2906515708 0
0.4317806136 0.3412016765 0.2219006929 -0.01233429966 0.1073531779 0.4943913092 -0.00158457848 0.0273818358 0.2530118752 -0.9974180005 -0.02003669005 -0.06896276782 0.0099360608 0.9125508994 -0.4088424278 0.0711238848 -0.4084720151 -0.9099956076 5.662872518e-05 0.2951279216 0
0.4383296432 0.3463768507 0.2252663702 -0.01270541187 0.1088969878 0.4939216777 -0.001632812045 0.02779160749 0.2529513581 -0.9972602213 -0.02093562314 -0.07094893015 0.01037915456 0.9100263579 -0.41442044 0.07324154666 -0.4140214096 -0.907315793 5.861025647e-05 0.2996042724 0
0.4448786728 0.3515520248 0.2286320475 -0.01308175623 0.1104370373 0.493445425 -0.001681759574 0.02820112954 0.2528899454 -0.9970954352 -0.02185981758 -0.07295780676 0.01083449309 0.9074725628 -0.4199716199 0.07538771088 -0.4195422459 -0.9045999099 6.063538035e-05 0.3040806232 0
0.4514277024 0.356727199 0.2319977248 -0.01346331709 0.1119732744 0.4929625711 -0.001731420525 0.02861039829 0.2528276375 -0.996923448 -0.0228095335 -0.07498909322 0.01130218951 0.904889884 -0.4254956619 0.07756222942 -0.4250341433 -0.9018481455 6.270463651e-05 0.308556974 0
0.457976732 0.3619023732 0.2353634021 -0.0138500786 0.113505647 0.4924731358 -0.001781794348 0.02901941008 0.2527644352 -0.9967440637 -0.0237850261 -0.07704248187 0.01178235399 0.9022786954 -0.4309922644 0.07976495229 -0.4304967229 -0.8990606898 6.48185682e-05 0.3130333248 0
0.4645257616 0.3670775473 0.2387290794 -0.01424202471 0.1150341035 0.4919771396 -0.001832880487 0.02942816127 0.2527003392 -0.9965570845 -0.02478654565 -0.07911766186 0.01227509379 0.8996393745 -0.43646113 0.08199572755 -0.4359296079 -0.896237735 6.69777221e-05 0.3175096756 0
0.4703471212 0.3716777021 0.2417207925 -0.0145947606 0.116389402 0.4915307628 -0.001878887927 0.02979127394 0.2526426153 -0.9963843435 -0.02569883338 -0.08098030651 0.01272372612 0.8972700025 -0.441298821 0.08400206469 -0.4407336073 -0.8936987974 6.893537896e-05 0.3214886541 0
0.4768961508 0.3768528763 0.2450864698 -0.01499645525 0.1179103204 0.4910224301 -0.001931318006 0.03019952294 0.2525768332 -0.9961824721 -0.02675017993 -0.08309578876 0.0132405013 0.8945785865 -0.4467144969 0.08628540642 -0.4461093818 -0.890809322 7.118145604e-05 0.3259650049 0
0.4834451804 0.3820280505 0.2484521471 -0.01540328691 0.119427174 0.4905075967 -0.001984458749 0.03060750081 0.2525101594 -0.9959724242 -0.02782824804 -0.08523214691 0.01377014476 0.8918601499 -0.4521015993 0.08859635077 -0.4514543848 -0.8878849166 7.347435324e-05 0.3304413557 0
0.48999421 0.3872032247 0.2518178244 -0.01581523867 0.1209399116 0.489986284 -0.002038309568 0.03101520391 0.2524425947 -0.995753995 -0.02893326817 -0.08738905823 0.014312752 0.8891150848 -0.4574598465 0.09093473834 -0.4567682476 -0.8849257829 7.581462981e-05 0.3349177065 0
0.4965432396 0.3923783988 0.2551835017 -0.01623229347 0.1224484825 0.4894585135 -0.002092869869 0.03142262862 0.2523741399 -0.9955269781 -0.03006546563 -0.08956619706 0.01486841543 0.8863437862 -0.4627889615 0.09330040783 -0.4620506038 -0.8819321252 7.820284799e-05 0.3393940573 0
0.5030922692 0.397553573 0.258549179 -0.01665443398 0.1239528358 0.4889243072 -0.002148139049 0.03182977131 0.2523047957 -0.9952911656 -0.03122506045 -0.09176323486 0.01543722436 0.883546653 -0.4680886712 0.09569319608 -0.4673010888 -0.8789041498 8.063957296e-05 0.3438704081 0
0.5096412988 0.4027287472 0.2619148563 -0.01708164272 0.1254529211 0.4883836872 -0.002204116496 0.03223662834 0.2522345629 -0.9950463479 -0.03241226739 -0.09397984028 0.01601926494 0.8807240871 -0.473358707 0.09811293802 -0.4725193407 -0.8758420657 8.312537273e-05 0.3483467589 0
0.5154626585 0.407328902 0.2649065694 -0.01746562429 0.1267827066 0.4878977699 -0.002254468322 0.0325980363 0.2521713883 -0.9948210017 -0.03349091241 -0.09596631333 0.01654780959 0.8781941164 -0.4780180581 0.1002863127 -0.4771304357 -0.8730917494 8.537663249e-05 0.3523257374 0
0.5220116881 0.4125040762 0.2682722467 -0.01790235782 0.128274593 0.4873450965 -0.002311781915 0.03300434388 0.2520994791 -0.9945585972 -0.03473084263 -0.0982189661 0.01715506721 0.8753246196 -0.4832313256 0.1027565103 -0.4822868223 -0.8699658158 8.795668859e-05 0.3568020882 0
0.5285607177 0.4176792503 0.271637924 -0.01834410783 0.1297620666 0.486786075 -0.002369801967 0.03341035535 0.2520266835 -0.9942865737 -0.03599897528 -0.100490214 0.01777578758 0.8724308696 -0.4884141676 0.1052531744 -0.487409942 -0.86680639 9.058747564e-05 0.361278439 0
0.5351097473 0.4228544245 0.2750036013 -0.01879085602 0.1312450776 0.4862207284 -0.002428527838 0.0338160671 0.2519530024 -0.994004716 -0.03729550417 -0.1027797154 0.01841004442 0.8695132809 -0.4935663325 0.1077761327 -0.4924994413 -0.86361369 9.326957198e-05 0.3657547898 0
0.5416587769 0.4280295987 0.2783692786 -0.01924258387 0.1327235767 0.4856490802 -0.002487958878 0.03422147552 0.2518784365 -0.9937128075 -0.0386206176 -0.1050871258 0.01905790822 0.8665722707 -0.4986875733 0.1103252113 -0.4975549694 -0.8603879359 9.600355838e-05 0.3702311406 0
0.5482078065 0.4332047728 0.2817349559 -0.01969927268 0.1341975143 0.485071154 -0.002548094431 0.034626577 0.2518029868 -0.9934106304 -0.03997449835 -0.1074120988 0.0197194462 0.8636082593 -0.5037776474 0.1129002344 -0.5025761773 -0.8571293502 9.879001803e-05 0.3747074914 0
0.5547568361 0.438379947 0.2851006332 -0.02016090353 0.1356668416 0.4844869738 -0.002608933833 0.03503136794 0.2517266539 -0.9930979653 -0.04135732364 -0.109754285 0.02039472226 0.8606216696 -0.5088363166 0.1155010242 -0.5075627189 -0.8538381579 0.0001016295365 0.3791838421 0
0.5605781957 0.4429801018 0.2880923463 -0.0205753755 0.1369690002 0.4839624718 -0.002663603644 0.0353909185 0.2516580619 -0.9928110581 -0.04261093966 -0.1118503948 0.02100654992 0.8579483128 -0.5133063582 0.1178343238 -0.5119658195 -0.8508854634 0.0001041985711 0.3831628206 0
0.5671272253 0.448155276 0.2914580236 -0.02104628901 0.1384294855 0.4833665447 -0.002725770697 0.03579511304 0.2515800633 -0.9924779803 -0.04404890166 -0.1142241342 0.02170793832 0.8549202394 -0.518305074 0.1204832934 -0.5168859435 -0.8475333017 0.0001071399171 0.3876391714 0
0.5736762549 0.4533304502 0.2948237009 -0.02152208882 0.1398852198 0.4827644342 -0.002788639637 0.03619898667 0.2515011841 -0.9921337749 -0.04551628857 -0.1166140652 0.02242323073 0.851870825 -0.5232717232 0.1231575067 -0.5217704141 -0.8441491951 0.0001101360259 0.3921155222 0
0.5802252845 0.4585056243 0.2981893782 -0.02200275523 0.1413361547 0.4821561651 -0.002852209767 0.03660253578 0.2514214252 -0.9917782181 -0.04701325565 -0.11901983 0.02315247806 0.848800503 -0.5282060855 0.1258567793 -0.5266188943 -0.8407333771 0.0001131874915 0.396591873 0
0.5867743141 0.4636807985 0.3015550555 -0.02248826837 0.1427822422 0.4815417626 -0.002916480386 0.0370057568 0.2513407874 -0.9914110852 -0.04853995241 -0.1214410684 0.02389572781 0.8457097093 -0.5331079457 0.128580925 -0.5314310497 -0.8372860832 0.0001162949098 0.4010682238 0
0.5933233437 0.4688559727 0.3049207328 -0.02297860815 0.1442234345 0.4809212521 -0.002981450783 0.03740864615 0.2512592717 -0.9910321507 -0.0500965226 -0.1238774184 0.02465302408 0.842598882 -0.5379770928 0.1313297558 -0.5362065483 -0.8338075514 0.0001194588789 0.4055445746 0
0.5991447034 0.4734561275 0.3079124459 -0.02341850134 0.1455003463 0.4803645803 -0.003039789136 0.03776648868 0.2511860769 -0.9906852291 -0.05150533113 -0.1260554548 0.02533800142 0.8398172399 -0.5422775943 0.1337937312 -0.5404203961 -0.8306894925 0.0001223192554 0.4095235531 0
0.605693733 0.4786313017 0.3112781232 -0.02391790266 0.1469321624 0.4797326027 -0.003106079374 0.03816874178 0.2511029053 -0.9902833833 -0.05311870061 -0.1285193539 0.02612193819 0.8366697748 -0.5470843922 0.1365886709 -0.5451257575 -0.827152612 0.0001255916808 0.4139999039 0
0.6122427626 0.4838064758 0.3146438005 -0.02442207153 0.1483589464 0.479094592 -0.003173067296 0.0385706529 0.2510188582 -0.9898690787 -0.05476232615 -0.1309973075 0.02692002957 0.8335035547 -0.5518578951 0.1394077435 -0.5497935176 -0.8235851924 0.0001289223951 0.4184762547 0
0.6187917921 0.48898165 0.3180094778 -0.02493098713 0.1497806515 0.4784505744 -0.003240752162 0.03897221846 0.2509339368 -0.9894420863 -0.05643632882 -0.1334889461 0.02773230625 0.830319026 -0.5565979107 0.1422507545 -0.5544233543 -0.8199874798 0.0001323120034 0.4229526055 0
0.6253408217 0.4941568242 0.3213751551 -0.02544462844 0.1511972308 0.4778005765 -0.003309133225 0.03937343491 0.2508481419 -0.989002176 -0.05814082379 -0.1359938986 0.02855879542 0.8271166375 -0.5613042518 0.1451175077 -0.5590149484 -0.8163597224 0.0001357611126 0.4274289563 0
0.6318898513 0.4993319983 0.3247408324 -0.02596297426 0.152608638 0.4771446252 -0.003378209729 0.0397742987 0.2507614745 -0.9885491175 -0.05987592028 -0.1385117918 0.02939952077 0.8238968398 -0.5659767358 0.1480078055 -0.563567983 -0.8127021705 0.0001392703313 0.4319053071 0
0.6384388809 0.5045071725 0.3281065097 -0.02648600319 0.1540148268 0.4764827476 -0.003447980912 0.04017480627 0.2506739355 -0.9880826795 -0.06164172159 -0.1410422514 0.03025450248 0.8206600853 -0.5706151851 0.1509214484 -0.5680821442 -0.8090150764 0.0001428402696 0.4363816579 0
0.6442602406 0.5091073273 0.3310982228 -0.02695483185 0.1552603544 0.4758894588 -0.003510582305 0.04053051109 0.2505953921 -0.9876566484 -0.06323717845 -0.1433017942 0.03102646808 0.8177691019 -0.5747095391 0.1535307892 -0.5720618457 -0.805713064 0.0001460650171 0.4403606364 0
0.6508092702 0.5142825015 0.3344639001 -0.02748664761 0.1566565611 0.4752164617 -0.00358166355 0.04093033615 0.2505062095 -0.987164305 -0.06506123842 -0.1458549627 0.03190842106 0.8145015583 -0.5792832332 0.156487979 -0.5765017318 -0.8019708633 0.0001497513185 0.4448369872 0
0.6573582998 0.5194576757 0.3378295774 -0.02802308362 0.1580474172 0.4745376178 -0.003653437225 0.04132979476 0.2504161581 -0.986657911 -0.06691626798 -0.148419607 0.03280466887 0.8112183744 -0.5838224069 0.1594679289 -0.5809018524 -0.7981998606 0.000153500111 0.449313338 0
0.6639073294 0.5246328498 0.3411952547 -0.02856411777 0.1594328774 0.4738529552 -0.00372590254 0.04172888339 0.2503252389 -0.986137233 -0.06880234706 -0.1509953468 0.03371521789 0.8079200089 -0.5883269017 0.1624704336 -0.5852619039 -0.794400316 0.0001573120109 0.4537896888 0
0.670456359 0.529808024 0.344560932 -0.02910972775 0.1608128969 0.4731625019 -0.003799058693 0.04212759851 0.250233453 -0.9856020373 -0.07071954956 -0.1535818005 0.03464007097 0.8046069222 -0.5927965639 0.1654952858 -0.5895815856 -0.7905724915 0.0001611876356 0.4582660396 0
0.6770053886 0.5349831982 0.3479266093 -0.02965989107 0.1621874307 0.4724662865 -0.003872904876 0.04252593661 0.2501408013 -0.9850520897 -0.07266794331 -0.1561785855 0.03557922736 0.8012795757 -0.5972312451 0.168542277 -0.5938605994 -0.7867166512 0.0001651276042 0.4627423904 0
0.6835544182 0.5401583723 0.3512922866 -0.03021458508 0.1635564345 0.4717643377 -0.003947440274 0.04292389416 0.2500472849 -0.9844871559 -0.07464759005 -0.1587853176 0.03653268274 0.7979384324 -0.6016308015 0.1716111969 -0.5980986503 -0.7828330612 0.0001691325369 0.4672187412 0
0.6893757778 0.5447585272 0.3542839997 -0.03071143149 0.1647686483 0.4711355933 -0.004014271897 0.04327731189 0.2499634341 -0.9839722218 -0.07643355824 -0.1611104524 0.03739219639 0.7949573196 -0.6055119186 0.1743573639 -0.6018311816 -0.7793579014 0.0001727475174 0.4711977197 0
0.6959248074 0.5499337013 0.357649677 -0.03127462098 0.1661270856 0.4704228936 -0.004090106894 0.04367454104 0.2498682872 -0.9833783402 -0.07847238527 -0.1637349223 0.03837263642 0.7915913824 -0.6098447541 0.177467126 -0.6059910627 -0.7754226274 0.0001768768573 0.4756740705 0
0.702473837 0.5551088755 0.3610153543 -0.03184227468 0.1674798656 0.4697045447 -0.004166628707 0.0440713795 0.2497722786 -0.9827687938 -0.08054260933 -0.1663682243 0.03936734272 0.7882129917 -0.6141420781 0.1805982013 -0.6101091442 -0.7714603826 0.0001810729606 0.4801504212 0
0.7090228666 0.5602840497 0.3643810316 -0.03241436921 0.1688269447 0.468980576 -0.004243836492 0.04446782378 0.2496754093 -0.9821433474 -0.08264426838 -0.1690099704 0.04037629694 0.7848226146 -0.6184037664 0.1837503737 -0.6141851419 -0.7674714403 0.0001853364527 0.484626772 0
0.7155718962 0.5654592238 0.3677467089 -0.03299088106 0.1701682798 0.4682510174 -0.004321729397 0.04486387038 0.2495776804 -0.9815017658 -0.08477739421 -0.1716597718 0.04139947711 0.781420719 -0.6226296999 0.1869234258 -0.6182187747 -0.7634560757 0.00018966796 0.4891031228 0
0.7221209258 0.570634398 0.3711123862 -0.0335717865 0.1715038277 0.4675158987 -0.00440030656 0.0452595158 0.2494790931 -0.9808438136 -0.08694201244 -0.1743172391 0.04243685764 0.7780077734 -0.6268197648 0.1901171388 -0.6222097644 -0.7594145657 0.0001940681101 0.4935794736 0
0.7286699554 0.5758095722 0.3744780635 -0.03415706168 0.1728335458 0.4667752503 -0.004479567115 0.04565475657 0.2493796483 -0.9801692556 -0.08913814256 -0.1769819819 0.04348840934 0.7745842474 -0.630973852 0.1933312924 -0.6261578357 -0.7553471891 0.0001985375318 0.4980558244 0
0.7344913151 0.580409727 0.3774697766 -0.03468095524 0.1740105889 0.4661122786 -0.004550593945 0.04600573917 0.249290534 -0.9795555177 -0.09111672353 -0.1793564341 0.04443499226 0.7715326106 -0.6346360865 0.1962052987 -0.629630982 -0.7517102549 0.0002025690142 0.5020348029 0
0.7410403447 0.5855849012 0.3808354539 -0.03527441857 0.1753291794 0.4653612683 -0.004631142957 0.04640020609 0.2491894726 -0.9788489516 -0.09337240737 -0.1820338526 0.04551321915 0.7680903818 -0.6387219366 0.1994574562 -0.6334972446 -0.7475947861 0.0002071710018 0.5065111537 0
0.7475893743 0.5907600753 0.3842011312 -0.03587218168 0.1766418181 0.4646048168 -0.004712372811 0.04679425832 0.249087557 -0.9781251006 -0.09565962462 -0.1847174158 0.0466055124 0.7646389316 -0.6427715228 0.2027294101 -0.6373198103 -0.7434542661 0.0002118440835 0.5109875045 0
0.7541384039 0.5959352495 0.3875668085 -0.03647422001 0.1779484634 0.4638429551 -0.004794282612 0.04718789238 0.2489847884 -0.9773837301 -0.09797837071 -0.1874067313 0.04771182868 0.7611787312 -0.646784756 0.2060209345 -0.6410984153 -0.7392889803 0.0002165888924 0.5154638553 0
0.7606874335 0.6011104237 0.3909324858 -0.03708050887 0.1792490738 0.4630757145 -0.004876871455 0.04758110481 0.2488811677 -0.9766246057 -0.1003286349 -0.1901014062 0.048832121 0.7577102522 -0.6507615521 0.2093318026 -0.644832799 -0.7350992162 0.0002214060623 0.5199402061 0
0.7672364631 0.6062855978 0.3942981631 -0.03769102338 0.1805436082 0.4623031265 -0.004960138429 0.04797389217 0.2487766963 -0.9758474931 -0.1027104001 -0.1928010474 0.04996633877 0.7542339665 -0.654701832 0.2126617858 -0.6485227039 -0.7308852628 0.0002262962283 0.5244165569 0
0.7737854927 0.611460772 0.3976638404 -0.03830573849 0.1818320257 0.4615252227 -0.005044082613 0.048366251 0.2486713751 -0.9750521588 -0.1051236433 -0.1955052614 0.05111442773 0.7507503459 -0.6586055218 0.2160106546 -0.6521678754 -0.7266474107 0.0002312600262 0.5288929077 0
0.7796068523 0.6160609268 0.4006555535 -0.03885565799 0.1829721178 0.4608293159 -0.00511926744 0.04871465186 0.248577044 -0.9743297091 -0.1072951507 -0.1979125279 0.0521465495 0.7476480182 -0.6620446951 0.2190030946 -0.6553702705 -0.7228606042 0.0002357346203 0.5328718862 0
0.7861558819 0.621236101 0.4040212308 -0.03947823868 0.1842488708 0.4600414585 -0.005204488268 0.04910619185 0.2484701211 -0.9734993197 -0.1097677671 -0.2006243054 0.05332067876 0.7441518306 -0.6658790868 0.2223870046 -0.6589302621 -0.7185784089 0.0002408392391 0.537348237 0
0.7927049115 0.6264112752 0.4073869081 -0.04010494673 0.1855193905 0.459248378 -0.005290383609 0.04949729337 0.2483623519 -0.9726500359 -0.1122717597 -0.2033395184 0.05450850211 0.7406496713 -0.6696767038 0.2257891294 -0.6624448025 -0.7142731639 0.000246019332 0.5418245878 0
0.7992539411 0.6315864493 0.4107525854 -0.04073575647 0.1867836371 0.458450107 -0.005376952517 0.049887953 0.2482537377 -0.9717816258 -0.1148070812 -0.206057773 0.05570995119 0.7371420121 -0.6734374918 0.2292092342 -0.6659136491 -0.7099451661 0.0002512755386 0.5463009386 0
0.8058029707 0.6367616235 0.4141182627 -0.04137064206 0.1880415712 0.4576466781 -0.005464194036 0.05027816731 0.2481442795 -0.9708938584 -0.1173736783 -0.2087786754 0.05692495402 0.7336293242 -0.677161402 0.2326470831 -0.6693365628 -0.705594714 0.000256608499 0.5507772894 0
0.8123520003 0.6419367977 0.41748394 -0.04200957752 0.1892931536 0.4568381242 -0.005552107202 0.05066793288 0.2480339786 -0.9699865032 -0.1199714912 -0.211501832 0.05815343503 0.7301120785 -0.6808483904 0.2361024389 -0.6727133075 -0.7012221077 0.0002620188545 0.5552536402 0
0.8189010299 0.6471119718 0.4208496173 -0.04265253671 0.1905383455 0.4560244784 -0.005640691046 0.0510572463 0.2479228363 -0.9690593303 -0.1226004543 -0.2142268495 0.059395315 0.7265907457 -0.6844984184 0.2395750634 -0.6760436501 -0.6968276488 0.000267507247 0.559729991 0
0.8247223895 0.6517121267 0.4238413304 -0.04322741269 0.1916397865 0.4552969898 -0.00571999449 0.05140292034 0.2478233376 -0.9682183544 -0.124963403 -0.2166503316 0.06051038996 0.7234576207 -0.6877118319 0.2426761442 -0.6789648142 -0.6929033627 0.0002724518502 0.5637089695 0
0.8312714191 0.6568873008 0.4272070077 -0.04387790039 0.1928728022 0.4544738169 -0.005809842497 0.05179137042 0.2477106091 -0.967253124 -0.1276510038 -0.2193777915 0.06177735026 0.7199298493 -0.6912919579 0.2461807327 -0.6822068845 -0.688468455 0.0002780894002 0.5681853203 0
0.8378204487 0.662062475 0.430572685 -0.04453233543 0.1940993166 0.4536456488 -0.005900358338 0.05217935852 0.2475970428 -0.9662674166 -0.1303695301 -0.2221059773 0.06305746052 0.7163993466 -0.6948350401 0.2497018947 -0.6854018981 -0.6840125744 0.0002838068461 0.5726616711 0
0.8443694783 0.6672376492 0.4339383623 -0.04519069108 0.1953192919 0.4528125192 -0.005991541014 0.05256688125 0.2474826397 -0.9652610059 -0.1331188921 -0.2248344971 0.06435062756 0.7128665805 -0.6983410594 0.2532393872 -0.6885496344 -0.6795360283 0.0002896048329 0.5771380219 0
0.8509185079 0.6724128233 0.4373040396 -0.04585294046 0.1965326908 0.4519744622 -0.006083389519 0.05295393524 0.2473674012 -0.9642336662 -0.1358989939 -0.2275629593 0.06565675465 0.7093320181 -0.7018100019 0.2567929663 -0.6916498764 -0.6750391254 0.0002954840063 0.5816143727 0
0.8574675375 0.6775879975 0.4406697169 -0.04651905652 0.1977394761 0.4511315121 -0.006175902839 0.0533405171 0.2472513286 -0.963185173 -0.1387097337 -0.230290973 0.06697574148 0.7057961256 -0.7052418586 0.2603623869 -0.6947024103 -0.6705221761 0.0003014450128 0.5860907235 0
0.8632888972 0.6821881523 0.44366143 -0.04711438382 0.1988065922 0.450378143 -0.006258694194 0.05368374633 0.2471474537 -0.96223524 -0.1412338026 -0.232715182 0.06815888619 0.7026523694 -0.7082612611 0.2635483052 -0.6973755522 -0.6664905326 0.0003068129076 0.5900697019 0
0.8698379268 0.6873633265 0.4470271073 -0.04778772934 0.2000007849 0.4495260442 -0.006352460487 0.05406942719 0.247029809 -0.9611461816 -0.1441021143 -0.2354412842 0.06950187744 0.6991152326 -0.7116230608 0.2671469758 -0.7003373988 -0.6619365688 0.0003129302536 0.5945460527 0
0.8763869564 0.6925385007 0.4503927846 -0.04846486263 0.2011882583 0.4486691521 -0.006446888627 0.0544546262 0.2469113339 -0.9600353273 -0.1470007353 -0.2381658125 0.07085741877 0.6955781062 -0.7149477773 0.2707607738 -0.7032509381 -0.6573634622 0.000319131304 0.5990224035 0
0.882935986 0.6977136748 0.4537584619 -0.04914575608 0.2023689766 0.4478075016 -0.006541977572 0.05483934 0.2467920297 -0.958902457 -0.1499295399 -0.2408883788 0.07222539613 0.6920414521 -0.7182354216 0.2743894497 -0.706115969 -0.6527715283 0.0003254167077 0.6034987543 0
0.8894850156 0.702888849 0.4571241392 -0.04983038195 0.2035429041 0.4469411279 -0.006637726274 0.05522356523 0.2466718977 -0.957747352 -0.1528883965 -0.243608596 0.07360569198 0.6885057304 -0.7214860091 0.2780327533 -0.708932294 -0.6481610839 0.0003317871144 0.6079751051 0
0.8960340452 0.7080640232 0.4604898165 -0.05051871236 0.2047100054 0.4460700661 -0.006734133677 0.05560729856 0.2465509392 -0.9565697946 -0.1558771676 -0.2463260779 0.07499818527 0.6849714002 -0.7246995606 0.2816904334 -0.7116997187 -0.6435324469 0.0003382431745 0.6124514559 0
0.9025830748 0.7132391973 0.4638554938 -0.0512107193 0.2058702455 0.4451943518 -0.006831198717 0.05599053666 0.2464291555 -0.9553695688 -0.1588957095 -0.2490404395 0.07640275148 0.6814389188 -0.7278761017 0.2853622375 -0.7144180522 -0.6388859367 0.000344785539 0.6169278067 0
0.9084044344 0.7178393522 0.4668472069 -0.05182890027 0.2068957819 0.4444120621 -0.006918029977 0.05633077429 0.2463202117 -0.9542834975 -0.16160373 -0.2514502753 0.0776612867 0.6783008561 -0.730668648 0.2886377159 -0.7167929848 -0.6347409597 0.0003506739537 0.6209067852 0
