0.006634427906 0.004146915507 -0.002593066147 -2.338547859e-06 0.001691770486 0.5099962587 -2.940262787e-07 0.0004213235722 0.2549995359 -0.9999999999 -5.947273623e-08 -1.361893782e-05 3.04297433e-08 0.9999782119 -0.006601189091 1.361903368e-05 -0.006601189091 -0.9999782118 2.931986364e-08 -0.003448777976 0
0.01307377408 0.008171893229 -0.005109884601 -9.081078373e-06 0.003333746354 0.5099854717 -1.14796429e-06 0.0008317721788 0.2549981879 -0.9999999986 -4.579544931e-07 -5.288381627e-05 2.299913826e-07 0.9999153938 -0.01300789501 5.288529899e-05 -0.013007895 -0.9999153924 5.978018452e-08 -0.006796146519 0
0.01951312026 0.01219687095 -0.007626703055 -2.022938022e-05 0.004975626101 0.5099676361 -2.566477238e-06 0.00124296031 0.2549959484 -0.9999999931 -1.523950024e-06 -0.0001178009454 7.633080601e-07 0.9998115333 -0.01941385833 0.0001178083296 -0.01941385828 -0.9998115264 5.257765494e-08 -0.01014351506 0
0.02514754817 0.01571872646 -0.009828919202 -3.359795415e-05 0.006412154817 0.5099462484 -4.270575136e-06 0.001602875786 0.2549932579 -0.9999999809 -3.262634847e-06 -0.0001956392795 1.632925035e-06 0.9996869964 -0.02501817962 0.0001956596688 -0.02501817946 -0.9996869772 1.795279556e-08 -0.01307246254 0
0.03158689435 0.01974370418 -0.01234573766 -5.300591779e-05 0.008053726751 0.5099151987 -6.746379029e-06 0.002014183237 0.2549893491 -0.9999999524 -6.465930008e-06 -0.0003086272176 3.234874874e-06 0.9995062144 -0.03142176513 0.0003086779929 -0.03142176463 -0.9995061668 5.094543491e-08 -0.01641983108 0
0.03802624053 0.0237686819 -0.01486255611 -7.681813302e-05 0.009695066483 0.5098771028 -9.785149968e-06 0.002425426749 0.2549845514 -0.9999998999 -1.12811881e-05 -0.0004472318084 5.642782786e-06 0.9992844332 -0.03782355718 0.0004473384788 -0.03782355592 -0.9992843332 1.420915362e-07 -0.01976719963 0
0.0444655867 0.02779365963 -0.01737937456 -0.000105033776 0.0113361267 0.5098319621 -1.338658492e-05 0.002836604552 0.2549788653 -0.9999998129 -1.803651454e-05 -0.0006114337587 9.020684352e-06 0.9990216761 -0.0442231906 0.0006116332106 -0.04422318784 -0.999021489 2.552729944e-07 -0.02311456817 0
0.05090493288 0.03181863735 -0.01989619302 -0.0001376518705 0.01297686008 0.5097797781 -1.755050615e-05 0.003247722466 0.2549722911 -0.9999996787 -2.705973095e-05 -0.0008012102117 1.353246641e-05 0.9987179707 -0.05062030046 0.0008015528085 -0.05062029504 -0.9987176494 3.891141767e-07 -0.02646193671 0
0.05734427906 0.03584361507 -0.02241301147 -0.000174671288 0.01461721935 0.5097205528 -2.227679619e-05 0.003658785993 0.254964829 -0.9999994826 -3.867832725e-05 -0.001016534751 1.934184194e-05 0.9983733489 -0.05701452213 0.00101708643 -0.05701451229 -0.9983728316 5.429676451e-07 -0.02980930526 0
0.06297870697 0.03936547058 -0.02461522762 -0.0002106727356 0.01605218964 0.509662956 -2.687354797e-05 0.004018424953 0.2549575714 -0.9999992473 -5.123078393e-05 -0.001225877661 2.561802673e-05 0.9980382691 -0.06260681047 0.001226680215 -0.06260679475 -0.9980375166 6.937473147e-07 -0.03273825273 0
0.06941805315 0.0433904483 -0.02713204607 -0.0002559410622 0.01769172001 0.5095905336 -3.265405077e-05 0.004429395284 0.2549484449 -0.9999988891 -6.859704702e-05 -0.00148902128 3.430093573e-05 0.9976170303 -0.06899463517 0.001490205816 -0.06899460959 -0.9976159196 8.84393708e-07 -0.03608562128 0
0.07585739932 0.04741542602 -0.02964886453 -0.0003056066195 0.01933074037 0.5095110763 -3.899669617e-05 0.004840317805 0.2549384309 -0.999998416 -8.949794217e-05 -0.001777617239 4.475091723e-05 0.9971549909 -0.07537852534 0.001779306124 -0.07537848549 -0.9971534075 1.094538247e-06 -0.03943298982 0
0.0822967455 0.05144040374 -0.03216568298 -0.0003596676894 0.0209692035 0.5094245869 -4.590141473e-05 0.005251192447 0.2549275294 -0.999997806 -0.0001142592218 -0.002091625362 5.713077348e-05 0.9966521996 -0.08175811787 0.002093964636 -0.08175805799 -0.9966500064 1.324193196e-06 -0.04278035836 0
0.08873609168 0.05546538147 -0.03468250143 -0.0004181224017 0.02260706219 0.5093310684 -5.336813589e-05 0.005662018418 0.2549157406 -0.9999970349 -0.0001432060735 -0.002431001935 7.160301073e-05 0.9961087091 -0.08813305014 0.002434163387 -0.08813296288 -0.9961057452 1.573416024e-06 -0.04612772691 0
0.09437051959 0.05898723697 -0.03688471758 -0.0004728728488 0.02403965562 0.5092434761 -6.036247721e-05 0.006021450187 0.2549046977 -0.9999962074 -0.0001722232211 -0.002748729438 8.611013212e-05 0.9955998138 -0.09370700834 0.002752773039 -0.09370688965 -0.995596023 1.807607604e-06 -0.04905667438 0
0.1008098658 0.0630122147 -0.03940153603 -0.0005395600711 0.02567625382 0.5091367868 -6.88827533e-05 0.006432181025 0.2548912455 -0.9999950621 -0.0002098923346 -0.003135541738 0.0001049424524 0.9949801698 -0.1000722271 0.003140806244 -0.100072062 -0.9949752347 2.093781046e-06 -0.05240404293 0
0.1072492119 0.06703719242 -0.04191835449 -0.000610634713 0.027312112 0.5090230782 -7.796481185e-05 0.006842858418 0.2548769063 -0.9999936754 -0.0002526783583 -0.003547577154 0.0001263324846 0.9943200025 -0.1064317462 0.003554319924 -0.1064315213 -0.9943136819 2.399841797e-06 -0.05575141147 0
0.1136885581 0.07106217014 -0.04443517294 -0.0006860943162 0.02894718305 0.5089023545 -8.760856844e-05 0.007253480171 0.2548616804 -0.9999920155 -0.0003009038423 -0.00398477832 0.0001504413526 0.9936193813 -0.1127852053 0.003993290471 -0.1127849043 -0.9936114024 2.725937761e-06 -0.05909878001 0
0.1201279043 0.07508714786 -0.0469519914 -0.0007659362706 0.03058141989 0.5087746196 -9.781393408e-05 0.007664043919 0.2548455677 -0.9999900487 -0.000354890541 -0.004447084362 0.0001774297631 0.9928783796 -0.1191322448 0.004457692823 -0.1191318483 -0.9928684362 3.072231341e-06 -0.06244614856 0
0.1257623322 0.07860900337 -0.04915420754 -0.0008393907111 0.03201065582 0.5086571038 -0.0001072042504 0.008023237656 0.2548307419 -0.9999880482 -0.0004071071993 -0.004872145476 0.0002035327478 0.9921969398 -0.124680356 0.004884886102 -0.1246798575 -0.9921849984 3.391944175e-06 -0.06537509603 0
0.1322016784 0.08263398109 -0.051671026 -0.0009274420121 0.03364320175 0.5085162352 -0.0001184623768 0.008433685833 0.2548129672 -0.9999854087 -0.0004727604329 -0.00538134692 0.0002363518983 0.9913804382 -0.131014392 0.005396900489 -0.1310137522 -0.9913658609 3.776590478e-06 -0.06872246458 0
0.1386410246 0.08665895881 -0.05418784445 -0.001019867317 0.0352747783 0.5083683689 -0.0001302818299 0.00884406857 0.2547943062 -0.999982355 -0.0005450950647 -0.00591545878 0.0002725100758 0.9905237914 -0.1373409786 0.005934266549 -0.1373401672 -0.990506165 4.181970287e-06 -0.07206983312 0
0.1450803707 0.09068393654 -0.0567046629 -0.00111666343 0.03690533854 0.50821351 -0.0001426625021 0.009254383131 0.2547747591 -0.9999788458 -0.0006244293204 -0.006474406679 0.0003121661377 0.9896270894 -0.1436597593 0.006496953603 -0.1436587414 -0.9896059598 4.608291436e-06 -0.07541720166 0
0.1515197169 0.09470891426 -0.05922148136 -0.001217827004 0.03853483557 0.5080516638 -0.0001556042808 0.009664626729 0.2547543262 -0.9999748384 -0.000711080401 -0.007058112777 0.0003554784043 0.9886904264 -0.1499703785 0.007084929528 -0.149969114 -0.9886652966 5.055771946e-06 -0.07876457021 0
0.1571541448 0.09823076977 -0.06142369751 -0.001309925067 0.03995973646 0.5079043211 -0.0001673885274 0.01002352944 0.2547357208 -0.9999708878 -0.0007931507266 -0.007589101254 0.0003964999016 0.9878381429 -0.1554851965 0.007620126885 -0.155483679 -0.9878090702 5.464853548e-06 -0.08169351768 0
0.163593491 0.1022557475 -0.06394051596 -0.001419268082 0.04158711368 0.507729389 -0.0001813820596 0.01043363234 0.2547136273 -0.9999658234 -0.0008943720449 -0.008219007171 0.0004470923015 0.9868268211 -0.1617795575 0.008255427833 -0.1617777031 -0.9867926949 5.9526294e-06 -0.08504088623 0
0.1700328372 0.1062807252 -0.06645733441 -0.001532968095 0.04321329307 0.5075474865 -0.0001959363466 0.01084365605 0.2546906485 -0.9999601265 -0.001003816012 -0.008873428315 0.0005017928649 0.9857758322 -0.1680647399 0.008915917259 -0.1680624912 -0.9857360222 6.462244996e-06 -0.08838825477 0
0.1764721834 0.1103057029 -0.06897415287 -0.001651021173 0.0448382279 0.5073586197 -0.0002110512562 0.01125359767 0.2546667846 -0.9999537468 -0.001121795422 -0.009552273535 0.0005607576017 0.9846852864 -0.1743403918 0.009601557455 -0.1743376845 -0.9846391125 6.993954745e-06 -0.09173562331 0
0.1829115295 0.1143306807 -0.07149097132 -0.001773423237 0.04646187148 0.5071627952 -0.0002267266514 0.01166345427 0.2546420358 -0.9999466319 -0.001248621815 -0.01025544827 0.0006241418663 0.9835552981 -0.1806061626 0.01031230928 -0.1806029248 -0.9835020284 7.548021846e-06 -0.09508299186 0
0.1885459574 0.1178525362 -0.07369318747 -0.001884089247 0.04788146372 0.5069857466 -0.0002409022839 0.01202200674 0.2546196549 -0.999939761 -0.001367096127 -0.01089060706 0.0006833501043 0.9825342962 -0.1860803315 0.01095478464 -0.1860765643 -0.9824741752 8.051384023e-06 -0.09801193933 0
0.1949853036 0.1218775139 -0.07621000592 -0.002014634135 0.04950256055 0.5067768948 -0.0002576282023 0.01243169598 0.2545932476 -0.9999311208 -0.001511345772 -0.01163913298 0.0007554373301 0.9813306758 -0.1923266337 0.01171251027 -0.192322179 -0.9812619408 8.648110283e-06 -0.1013593079 0
0.2014246498 0.1259024916 -0.07872682438 -0.002149515438 0.05112223218 0.5065611054 -0.000274914184 0.0128412917 0.254565956 -0.9999215851 -0.001665330708 -0.0124116977 0.0008323868622 0.9800879646 -0.1985620529 0.01249522702 -0.198556814 -0.9800097249 9.267997716e-06 -0.1047066764 0
0.207863996 0.1299274693 -0.08124364283 -0.002288728496 0.05274043213 0.5063383859 -0.0002927600721 0.01325079092 0.2545377804 -0.9999110946 -0.001829357202 -0.01320819359 0.0009143512907 0.9788062927 -0.2047862429 0.01330289019 -0.2047801133 -0.9787175989 9.911341724e-06 -0.108054045 0
0.2143033422 0.1339524471 -0.08376046128 -0.002432268496 0.05435711397 0.506108744 -0.000311165705 0.01366019066 0.2545087212 -0.9998995879 -0.00200373005 -0.01402850967 0.001001482435 0.9774857945 -0.210998859 0.01413545367 -0.2109917215 -0.9773856365 1.057844558e-05 -0.1114014135 0
0.2199377701 0.1374743026 -0.08596267743 -0.002561411545 0.05577042881 0.5059021349 -0.0003277296684 0.01401833148 0.2544825696 -0.9998886366 -0.002165031991 -0.01476573646 0.001082079253 0.9762986175 -0.2164251338 0.01488433543 -0.2164170097 -0.9761875509 1.118189624e-05 -0.114330361 0
0.2263771162 0.1414992803 -0.08847949588 -0.002713051075 0.05738413927 0.505659535 -0.000347184369 0.01442753662 0.2544518541 -0.9998750535 -0.002359620461 -0.01563040471 0.001179304405 0.9749056959 -0.222615124 0.01576345778 -0.222605742 -0.9747811021 1.189439393e-05 -0.1176777295 0
0.2328164624 0.145524258 -0.09099631434 -0.002869002885 0.05899619847 0.505410036 -0.0003671983211 0.01483663366 0.2544202557 -0.9998602682 -0.002565422971 -0.01651855562 0.001282128245 0.9734743563 -0.2287925563 0.01666733998 -0.2287817656 -0.9733350417 1.263156574e-05 -0.1210250981 0
0.2392558086 0.1495492357 -0.09351313279 -0.003029261587 0.06060656022 0.5051536467 -0.0003877713432 0.01524561961 0.2543877746 -0.9998442125 -0.002782738195 -0.0174300654 0.001390699383 0.9720047485 -0.2349570914 0.01759593041 -0.234944728 -0.9718494523 1.339374388e-05 -0.1243724666 0
0.2456951548 0.1535742134 -0.09602995125 -0.003193821643 0.06221517839 0.5048903759 -0.000408903249 0.01565449144 0.2543544112 -0.9998268163 -0.003011863116 -0.01836480701 0.001505165545 0.9704970263 -0.2411083912 0.01854917606 -0.2410942773 -0.9703244187 1.418126765e-05 -0.1277198352 0
0.2513295827 0.157096069 -0.09823216739 -0.003341335683 0.06362125281 0.5046543761 -0.0004278519753 0.01601215833 0.2543244947 -0.9998104386 -0.003222267216 -0.01920166093 0.00161027464 0.9691466276 -0.246479657 0.01940344825 -0.2464638539 -0.9689577261 1.489141429e-05 -0.1306487826 0
0.2577689289 0.1611210467 -0.1007489858 -0.003513945341 0.06522647768 0.5043782271 -0.0004500312677 0.01642080809 0.2542894777 -0.9997903342 -0.003474329721 -0.0201796085 0.001736188962 0.9675678689 -0.2526052349 0.02040277467 -0.2525873079 -0.967358971 1.572739961e-05 -0.1339961512 0
0.264208275 0.1651460244 -0.1032658043 -0.003690839612 0.06682982674 0.5040952235 -0.0004727688795 0.01682933508 0.2542535793 -0.9997686782 -0.003739045955 -0.02118040461 0.001868417883 0.9659514597 -0.2587166145 0.02142659606 -0.2586963415 -0.965721028 1.658974404e-05 -0.1373435197 0
0.2706476212 0.1691710021 -0.1057826228 -0.003872012386 0.06843125412 0.5038053749 -0.0004960646046 0.01723773628 0.2542167998 -0.9997453938 -0.004016705947 -0.02220390974 0.002007105487 0.9642975687 -0.2648134636 0.02247485399 -0.2647906061 -0.9640439906 1.747881284e-05 -0.1406908883 0
0.2770869674 0.1731959798 -0.1082994412 -0.004057457408 0.07003071405 0.5035086913 -0.000519918232 0.01764600868 0.2541791395 -0.9997204024 -0.004307597829 -0.02324998116 0.00215239486 0.9626063688 -0.2708954522 0.0235474886 -0.2708697536 -0.9623279547 1.839497758e-05 -0.1440382568 0
0.2827213953 0.1767178353 -0.1105016574 -0.004223221349 0.07142859162 0.5032434945 -0.0005412476403 0.018003139 0.2541454645 -0.9996970716 -0.004573207542 -0.02418369048 0.002285050286 0.9610961025 -0.2762047434 0.02450599228 -0.2761763341 -0.9607945092 1.921914568e-05 -0.1469672043 0
0.2891607415 0.1807428131 -0.1130184758 -0.004416659459 0.07302423943 0.5029340232 -0.0005661467476 0.01841116176 0.2541061537 -0.9996686618 -0.004889679029 -0.02527167808 0.002443100081 0.9593354271 -0.282257984 0.02562416703 -0.2822262024 -0.9590056166 2.018713819e-05 -0.1503145728 0
0.2956000877 0.1847677908 -0.1155352943 -0.00461435101 0.07461778858 0.5026177471 -0.0005916031221 0.01881904703 0.2540659631 -0.9996383096 -0.005220199819 -0.02638180416 0.002608157275 0.9575379606 -0.2882954241 0.02676653867 -0.2882599583 -0.9571780132 2.118332881e-05 -0.1536619414 0
0.3020394338 0.1887927685 -0.1180521127 -0.00481628918 0.07620919359 0.502294677 -0.000617616533 0.01922679181 0.2540248931 -0.9996059297 -0.005565050283 -0.02751391387 0.002780360889 0.9557038904 -0.2943167401 0.02793304198 -0.2942772572 -0.955311803 2.22081122e-05 -0.1570093099 0
0.30847878 0.1928177462 -0.1205689312 -0.005022466996 0.07779840905 0.5019648242 -0.0006441867445 0.01963439307 0.253982944 -0.9995714355 -0.005924508688 -0.02866784929 0.002959848841 0.9538334077 -0.3003216104 0.02912361037 -0.3002777557 -0.9534070929 2.326188868e-05 -0.1603566785 0
0.3149181262 0.196842724 -0.1230857496 -0.005232877344 0.07938538966 0.5016281999 -0.0006713135159 0.02004184779 0.2539401164 -0.9995347383 -0.006298851153 -0.02984344943 0.003146757925 0.9519267074 -0.3063097153 0.03033817585 -0.3062611112 -0.9514639914 2.434506401e-05 -0.163704047 0
0.3205525541 0.2003645795 -0.1252879658 -0.005420452691 0.08077212885 0.5013281082 -0.0006955058008 0.02039824809 0.2539019217 -0.9995007503 -0.006638825795 -0.03088974253 0.003316497688 0.9502287909 -0.3115353042 0.03142055131 -0.3114822161 -0.9497323718 2.531728172e-05 -0.1666329945 0
0.3269919003 0.2043895572 -0.1278047842 -0.00563877935 0.08235479726 0.5009788191 -0.0007236754553 0.02080541992 0.2538574477 -0.9994596783 -0.007041812462 -0.03210551956 0.003517686093 0.9482547207 -0.3174911187 0.0326799234 -0.3174325085 -0.9477175872 2.645669205e-05 -0.169980363 0
0.3334312465 0.2084145349 -0.1303216027 -0.005861317274 0.08393510101 0.5006227926 -0.0007524009493 0.02121243654 0.2538120961 -0.9994161397 -0.007460464714 -0.03334248163 0.003726682457 0.9462450138 -0.3234292592 0.03396308956 -0.3233646785 -0.9456647362 2.762669707e-05 -0.1733277316 0
0.3398705926 0.2124395126 -0.1328384211 -0.006088058785 0.08551299513 0.500260041 -0.0007816820224 0.02161929493 0.2537658675 -0.9993700399 -0.007895049971 -0.0346004561 0.003943619017 0.9441998791 -0.3293494135 0.03526997654 -0.3292783875 -0.9435739358 2.882772247e-05 -0.1766751001 0
0.3463099388 0.2164644904 -0.1353552396 -0.006318996062 0.08708843474 0.4998905768 -0.0008115184092 0.02202599207 0.2537187623 -0.9993212823 -0.008345833311 -0.03587926739 0.004168626781 0.9421195293 -0.3352512715 0.03660050973 -0.3351732978 -0.9414453054 3.006019876e-05 -0.1800224687 0
0.3519443667 0.2199863459 -0.1375574557 -0.006524501761 0.08846489573 0.4995617993 -0.000838080566 0.02238171744 0.2536768263 -0.9992763622 -0.008753762796 -0.03701517969 0.004372231526 0.9402705057 -0.3404001464 0.03778406386 -0.3403156589 -0.939551817 3.11647571e-05 -0.1829514161 0
0.3583837129 0.2240113236 -0.1400742742 -0.006763284518 0.09003561249 0.4991797835 -0.0008689574333 0.02278810412 0.2536280785 -0.999222356 -0.009235623684 -0.03833257655 0.004612721549 0.9381247131 -0.3462668703 0.03915872789 -0.3461744154 -0.9373525847 3.245738044e-05 -0.1862987847 0
0.3648230591 0.2280363013 -0.1425910926 -0.007006239755 0.09160374624 0.4987910924 -0.0009003888232 0.02319432091 0.2535784553 -0.9991654062 -0.009734431348 -0.03967028918 0.004861652405 0.9359443365 -0.352114418 0.04055681611 -0.3520134087 -0.9351158777 3.378271811e-05 -0.1896461532 0
0.3712624053 0.232061279 -0.1451079111 -0.007253359096 0.09316925247 0.4983957395 -0.0009323744509 0.02360036477 0.2535279571 -0.9991054103 -0.01025044141 -0.04102813076 0.005119150153 0.933729602 -0.3579424878 0.04197824871 -0.3578323053 -0.9328418236 3.514121813e-05 -0.1929935218 0
0.3777017514 0.2360862568 -0.1476247295 -0.00750463402 0.09473208677 0.4979937382 -0.0009649140265 0.0240062327 0.2534765844 -0.9990422644 -0.01078390698 -0.04240591167 0.005385339526 0.9314807396 -0.36375078 0.04342294454 -0.3636307731 -0.9305305523 3.653333274e-05 -0.1963408903 0
0.3833361793 0.2396081123 -0.1498269457 -0.007727901651 0.09609734014 0.4976365442 -0.0009938403337 0.02436122046 0.2534309164 -0.9989843448 -0.01126520533 -0.04362767521 0.005625482108 0.9294851724 -0.3688165779 0.04470607169 -0.3686874141 -0.9284777638 3.777936614e-05 -0.1992698378 0
0.3897755255 0.24363309 -0.1523437642 -0.007986944839 0.09765504525 0.4972221149 -0.001027417763 0.02476675042 0.2533779054 -0.9989150071 -0.01183207315 -0.04504232144 0.005908299772 0.9271729509 -0.3745869873 0.04619416272 -0.3744466866 -0.9260970674 3.923574126e-05 -0.2026172063 0
0.3962148717 0.2476580677 -0.1548605826 -0.008250118328 0.09920995134 0.4968010778 -0.001061548278 0.0251720958 0.2533240212 -0.9988422121 -0.01241710968 -0.04647634623 0.006200160102 0.9248272808 -0.3803367701 0.04770527629 -0.3801845816 -0.9236795389 4.072705367e-05 -0.2059645749 0
0.4026542179 0.2516830454 -0.1573774011 -0.008517413049 0.1007620144 0.4963734473 -0.00109623157 0.02557725361 0.2532692644 -0.9987658501 -0.01302055784 -0.04792954919 0.006501182505 0.9224484048 -0.3860656358 0.04923932613 -0.3859007717 -0.9212253162 4.225377092e-05 -0.2093119434 0
0.4090935641 0.2557080231 -0.1598942195 -0.008788819795 0.1023111906 0.4959392382 -0.001131467325 0.02598222083 0.2532136356 -0.9986858101 -0.01364265785 -0.04940172724 0.006811484969 0.920036569 -0.391773296 0.05079622466 -0.3915949306 -0.9187345394 4.381636426e-05 -0.212659312 0
0.414727992 0.2592298787 -0.1620964357 -0.009029666496 0.1036643171 0.4955539204 -0.001162751552 0.02633640845 0.2531642453 -0.9986126693 -0.01420248245 -0.05070528684 0.007090703831 0.9178993713 -0.3967498785 0.0521771841 -0.3965589914 -0.9165252358 4.521343623e-05 -0.2155882594 0
0.4211673381 0.2632548564 -0.1646132541 -0.009308757978 0.1052079624 0.4951074169 -0.001199022309 0.02674101024 0.2531069826 -0.9985254283 -0.01486019253 -0.05221248648 0.00741871939 0.9154264106 -0.4024170094 0.05377668333 -0.4022109664 -0.9139663051 4.684457981e-05 -0.218935628 0
0.4276066843 0.2672798341 -0.1671300726 -0.009591934228 0.1067485952 0.4946543784 -0.001235844597 0.02714541282 0.2530488492 -0.9984341817 -0.01553722963 -0.05373806251 0.007756346133 0.9129212157 -0.4080621191 0.0553987722 -0.407839979 -0.9113712348 4.851297395e-05 -0.2222829965 0
0.4340460305 0.2713048118 -0.169646891 -0.009879185497 0.1082861721 0.4941948205 -0.001273218082 0.0275496132 0.2529898457 -0.9983388129 -0.01623382311 -0.0552818016 0.008103696364 0.9103840452 -0.4136849289 0.05704335813 -0.4134457078 -0.908740173 5.021910327e-05 -0.2256303651 0
0.4404853767 0.2753297895 -0.1721637095 -0.01017050189 0.1098206498 0.493728759 -0.001311142425 0.02795360838 0.2529299727 -0.9982392041 -0.01695019946 -0.05684348786 0.008460880873 0.9078151608 -0.4192851623 0.0587103472 -0.4190278327 -0.90607327 5.19634556e-05 -0.2289777336 0
0.4461198046 0.2788516451 -0.1743659256 -0.01042873054 0.1111607414 0.4933156328 -0.001344777831 0.02830693348 0.2528768709 -0.9981484745 -0.0175934327 -0.05822451397 0.008781570432 0.9055415797 -0.4241666316 0.06018726544 -0.4238925789 -0.9037104484 5.352150458e-05 -0.2319066811 0
0.4525591508 0.2828766228 -0.1768827441 -0.01072764192 0.1126892915 0.4928374205 -0.001383734102 0.02871053585 0.252815369 -0.998040593 -0.01834750212 -0.05981926045 0.009157487492 0.902913948 -0.4297237985 0.06189600292 -0.4294295888 -0.900976755 5.533885073e-05 -0.2352540496 0
0.4589984969 0.2869016005 -0.1793995625 -0.01103058922 0.1142146184 0.4923527514 -0.001423240229 0.02911392441 0.252752999 -0.9979281249 -0.01912198913 -0.06143131935 0.009543548774 0.9002553719 -0.4352576089 0.06362686651 -0.4349420823 -0.8982076636 5.719583953e-05 -0.2386014182 0
0.4654378431 0.2909265782 -0.181916381 -0.01133756203 0.1157366793 0.491861642 -0.001463295855 0.0295170962 0.2526897617 -0.9978109473 -0.0199171087 -0.06306046508 0.009939859045 0.897566125 -0.4407677966 0.0653797574 -0.4404297448 -0.8954033322 5.909297047e-05 -0.2419487867 0
0.4718771893 0.2949515559 -0.1844331994 -0.01164854979 0.1172554314 0.4913641094 -0.001503900615 0.02992004821 0.2526256576 -0.9976889357 -0.02073307274 -0.06470646965 0.01034652148 0.8948464838 -0.4462540979 0.06715457551 -0.4458922629 -0.8925639209 6.103074584e-05 -0.2452961553 0
0.4775116172 0.2984734114 -0.1866354156 -0.01192394917 0.1185815917 0.4909235127 -0.001539879952 0.03027244859 0.2525688558 -0.9975781116 -0.0214643045 -0.06616037207 0.01071092299 0.8924420846 -0.4510348121 0.06872544892 -0.4506510947 -0.890050787 6.276003738e-05 -0.2482251027 0
0.4839509634 0.3024983892 -0.189152234 -0.01224243601 0.1200940251 0.4904139826 -0.001581513344 0.03067498049 0.252503128 -0.9974466971 -0.02231991236 -0.06783736404 0.01113726816 0.8896662097 -0.4564756254 0.0705411065 -0.4560656277 -0.8871460396 6.477538436e-05 -0.2515724713 0
0.4903903096 0.3065233669 -0.1916690525 -0.01256490667 0.1216030275 0.4898980791 -0.001623694798 0.03107728405 0.252436535 -0.9973100844 -0.02319695668 -0.06953054605 0.01157425306 0.8868607517 -0.4618918096 0.07237839664 -0.4614541237 -0.8842066836 6.683283483e-05 -0.2549198398 0
0.4968296557 0.3105483446 -0.1941858709 -0.01289135008 0.1231085566 0.4893758198 -0.001666423932 0.03147935629 0.2523690775 -0.9971681444 -0.02409563726 -0.07123968097 0.01202197452 0.8840259983 -0.4672831117 0.07423721444 -0.466816275 -0.8812328871 6.893290125e-05 -0.2582672084 0
0.5032690019 0.3145733223 -0.1967026894 -0.013221755 0.1246105705 0.4888472227 -0.001709700359 0.03188119424 0.2523007562 -0.9970207469 -0.02501615069 -0.07296452939 0.01248052768 0.8811622399 -0.4726492816 0.0761174538 -0.4721517756 -0.8782248198 7.107609856e-05 -0.2616145769 0
0.5089034298 0.3180951778 -0.1989049055 -0.01351410007 0.125921916 0.4883795155 -0.001748015876 0.03223260791 0.2522402668 -0.9968871939 -0.02583966179 -0.07448647182 0.01289072058 0.8786328886 -0.4773238694 0.07778015125 -0.4767982371 -0.875564783 7.298718364e-05 -0.2645435244 0
0.515342776 0.3221201556 -0.201421724 -0.01385190213 0.1274172256 0.487839084 -0.001792317415 0.03263399854 0.2521703273 -0.9967292086 -0.02680163043 -0.07624012997 0.01336983373 0.8757155384 -0.4826422519 0.07970026573 -0.4820829476 -0.8724929222 7.521264751e-05 -0.2678908929 0
0.5217821222 0.3261451333 -0.2039385425 -0.0141936327 0.1289088996 0.4872923676 -0.001837165106 0.03303514634 0.2520995258 -0.9965653849 -0.02778597902 -0.07800880092 0.01386004264 0.8727700335 -0.4879347987 0.08164148988 -0.4873401358 -0.8693872895 7.748273577e-05 -0.2712382615 0
0.5282214684 0.330170111 -0.2064553609 -0.01453928005 0.1303968964 0.4867393849 -0.001882558541 0.03343604834 0.2520278628 -0.9963955883 -0.02879289146 -0.07979223674 0.01436143583 0.8697966749 -0.4932012708 0.08360371285 -0.4925695014 -0.8662480623 7.979797225e-05 -0.27458563 0
0.5346608145 0.3341950887 -0.2089721794 -0.01488883231 0.1318811745 0.486180155 -0.001928497309 0.03383670157 0.2519553391 -0.9962196831 -0.0298225483 -0.08159018737 0.01487410005 0.866795766 -0.498441432 0.08558682264 -0.4977707461 -0.8630754197 8.215888293e-05 -0.2779329986 0
0.5402952424 0.3377169442 -0.2111743955 -0.01519788434 0.133176835 0.4856857192 -0.001969140746 0.03418706675 0.2518911752 -0.9960606475 -0.03074229492 -0.08317510271 0.01533199386 0.8641476115 -0.5030048067 0.08733908845 -0.5022985336 -0.8602720888 8.4262562e-05 -0.280861946 0
0.5467345886 0.341741922 -0.213691214 -0.01555472585 0.1346540295 0.4851148276 -0.002016100886 0.03458724557 0.2518170393 -0.9958729193 -0.03181507239 -0.08499958743 0.01586601891 0.8610958729 -0.508195009 0.08936105493 -0.5074462522 -0.8570372822 8.671053678e-05 -0.2842093146 0
0.5531739348 0.3457668997 -0.2162080324 -0.01591543739 0.136127387 0.4845377445 -0.002063605147 0.03498716712 0.2517420446 -0.9956786864 -0.03291109445 -0.08683785657 0.01641155451 0.8580174708 -0.5133582381 0.09140357953 -0.5125650004 -0.853769586 8.920570949e-05 -0.2875566831 0
0.559613281 0.3497918774 -0.2187248509 -0.01628000661 0.1375968666 0.4839544898 -0.002111653099 0.03538682844 0.2516661917 -0.9954778093 -0.03403052843 -0.08868965219 0.01696868048 0.8549127185 -0.5184942697 0.09346654564 -0.5176544861 -0.8504691869 9.174861394e-05 -0.2909040517 0
0.5660526272 0.3538168551 -0.2212416693 -0.01664842098 0.1390624277 0.4833650834 -0.002160244305 0.03578622658 0.2515894813 -0.9952701472 -0.03517353816 -0.0905547144 0.01753747484 0.8517819315 -0.5236028821 0.09554983549 -0.5227144185 -0.8471362733 9.433978586e-05 -0.2942514202 0
0.5724919733 0.3578418329 -0.2237584878 -0.01702066788 0.1405240296 0.4827695455 -0.002209378325 0.03618535859 0.2515119142 -0.9950555586 -0.03634028399 -0.09243278136 0.01811801376 0.848625428 -0.5286838569 0.09765333015 -0.527744509 -0.8437710355 9.697976281e-05 -0.2975987887 0
0.5781264012 0.3613636884 -0.2259607039 -0.01734951774 0.1417996517 0.4822434362 -0.00225281552 0.03653437848 0.2514433407 -0.9948619996 -0.03738078097 -0.09408655067 0.018635678 0.8458426435 -0.5331068692 0.09951036784 -0.5321211326 -0.8408000874 9.9330202e-05 -0.3005277362 0
0.5845657474 0.3653886661 -0.2284775224 -0.0177289161 0.1432537213 0.4816364571 -0.002302966112 0.03693300356 0.2513641691 -0.9946340387 -0.03859245182 -0.09598828935 0.01923843683 0.8426387865 -0.5381354459 0.1016514219 -0.5370944966 -0.8373747609 0.0001020631436 -0.3038751048 0
0.5910050936 0.3694136438 -0.2309943408 -0.01811210994 0.1447037159 0.4810234059 -0.002353658222 0.03733135406 0.2512841427 -0.994398739 -0.03982829999 -0.0979022697 0.01985314888 0.8394101399 -0.5431357744 0.1038123325 -0.5420371975 -0.8339176675 0.0001048464456 -0.3072224733 0
0.5974444398 0.3734386215 -0.2335111593 -0.01849908611 0.1461495955 0.4804043034 -0.002404891392 0.03772942702 0.2512032624 -0.9941559553 -0.04108847198 -0.09982822279 0.02047988309 0.8361570306 -0.5481076487 0.1059929761 -0.5469489534 -0.8304290044 0.0001076806525 -0.3105698419 0
0.603883786 0.3774635992 -0.2360279777 -0.01888983135 0.1475913204 0.479779171 -0.002456665157 0.03812721952 0.2511215288 -0.9939055416 -0.04237311069 -0.1017658779 0.02111870652 0.8328797876 -0.5530508654 0.1081932283 -0.5518294836 -0.826908971 0.0001105663101 -0.3139172104 0
0.6095182139 0.3809854548 -0.2382301939 -0.01923481474 0.1488493901 0.4792272506 -0.002502410288 0.03847505558 0.2510493126 -0.9936800552 -0.04351734947 -0.1034707115 0.0216876452 0.8299926628 -0.5573525148 0.1101344355 -0.5560741137 -0.8238033662 0.0001131338967 -0.3168461579 0
0.61595756 0.3850104325 -0.2407470123 -0.01963259083 0.1502832179 0.47859087 -0.002555196398 0.0388723143 0.2509659813 -0.993414939 -0.0448482357 -0.1054295725 0.02234930996 0.8266710628 -0.5622414625 0.1123711144 -0.5608953464 -0.8202250563 0.0001161175017 -0.3201935264 0
0.6223969062 0.3890354102 -0.2432638308 -0.02003409716 0.1517127772 0.4779485215 -0.002608521738 0.03926928412 0.2508817989 -0.9931417685 -0.04620397906 -0.1073993481 0.02302324603 0.8233262865 -0.5671011869 0.1146270378 -0.5656845573 -0.8166159586 0.0001191541361 -0.323540895 0
0.6288362524 0.3930603879 -0.2457806492 -0.02043931999 0.1531380289 0.4773002272 -0.002662385826 0.03966596213 0.2507967661 -0.9928603947 -0.0475847082 -0.1093797611 0.02370951299 0.8199586706 -0.5719314972 0.1169020769 -0.5704414729 -0.8129762791 0.0001222443517 -0.3268882635 0
0.6352755986 0.3970853656 -0.2482974677 -0.02084824546 0.1545589339 0.4766460093 -0.002716788172 0.0400623454 0.2507108839 -0.9925706678 -0.04899054802 -0.1113705327 0.02440816848 0.8165685541 -0.5767322062 0.1191961017 -0.5751658218 -0.8093062256 0.0001253887022 -0.330235632 0
0.6409100265 0.4006072212 -0.2504996838 -0.02120908155 0.1557986296 0.4760687269 -0.002764831376 0.04040893668 0.2506350406 -0.9923101863 -0.05024135179 -0.1131207351 0.02502969832 0.8135840126 -0.5809083996 0.1212188448 -0.5792727001 -0.8060701772 0.0001281848525 -0.3331645795 0
0.6473493727 0.4046321989 -0.2530165023 -0.02162491163 0.1572112799 0.4754034627 -0.002820241622 0.04080475945 0.2505475677 -0.992004391 -0.05169459769 -0.115130173 0.02575173083 0.8101526275 -0.5856531128 0.1235481142 -0.5839352608 -0.8023437385 0.0001314322026 -0.3365119481 0
0.6537887188 0.4086571766 -0.2555333208 -0.02204440378 0.1586194723 0.4747323397 -0.002876188693 0.04120027909 0.2504592474 -0.991689808 -0.05317329238 -0.1171491601 0.02648630661 0.8066997266 -0.5903677047 0.12589599 -0.5885644843 -0.7985875328 0.0001347352867 -0.3398593166 0
0.660228065 0.4126821543 -0.2580501392 -0.02246754364 0.1600231682 0.4740553809 -0.002932672083 0.04159549269 0.2503700808 -0.9913662847 -0.05467754611 -0.1191774119 0.02723347565 0.8032256558 -0.5950520008 0.1282623381 -0.5931601064 -0.7948017746 0.0001380946638 -0.3432066852 0
0.6666674112 0.416707132 -0.2605669577 -0.02289431675 0.1614223295 0.4733726094 -0.002989691278 0.04199039735 0.2502800685 -0.9910336681 -0.05620746531 -0.1212146427 0.02799328591 0.7997307631 -0.59970583 0.1306470234 -0.5977218646 -0.7909866799 0.000141510894 -0.3465540537 0
0.6723018391 0.4202289875 -0.2627691738 -0.02327071215 0.162642846 0.4727704346 -0.003040022194 0.04233568321 0.2502006147 -0.9907350483 -0.05756727904 -0.1230043596 0.02866852583 0.796655926 -0.6037528064 0.1327485583 -0.6016854195 -0.7876245783 0.0001445471743 -0.3494830012 0
0.6787411853 0.4242539653 -0.2652859923 -0.02370425819 0.1640334025 0.4720768275 -0.003098044626 0.04273000077 0.2501090191 -0.9903849668 -0.05914559442 -0.1250576511 0.0294521607 0.7931229351 -0.6083490611 0.1351672581 -0.6061829827 -0.7837550662 0.0001480715188 -0.3528303697 0
0.6851805315 0.428278943 -0.2678028107 -0.0241413952 0.1654193156 0.4713774754 -0.003156601362 0.04312400105 0.2500165802 -0.9900253486 -0.06074985974 -0.1271190927 0.03024856349 0.7895701312 -0.612914376 0.137603901 -0.6106459387 -0.7798568484 0.0001516543345 -0.3561777383 0
0.6916198776 0.4323039207 -0.2703196292 -0.02458210827 0.1668005475 0.4706724022 -0.003215691871 0.04351768114 0.2499232989 -0.9896560382 -0.06238016643 -0.1291883934 0.03105777435 0.7859978685 -0.6174485933 0.1400583479 -0.6150740326 -0.7759301474 0.0001552961865 -0.3595251068 0
0.6980592238 0.4363288984 -0.2728364476 -0.02502638233 0.168177061 0.469961632 -0.003275315617 0.04391103815 0.2498291761 -0.9892768797 -0.064036602 -0.1312652614 0.03187983136 0.7824065025 -0.6219515586 0.1425304585 -0.6194670116 -0.7719751874 0.0001589976411 -0.3628724753 0
0.7036936517 0.4398507539 -0.2750386638 -0.02541803134 0.1693776105 0.4693350537 -0.00332792339 0.04425495825 0.249746129 -0.9889369148 -0.06550748277 -0.1330884979 0.03260969748 0.7792486672 -0.625865898 0.1447079342 -0.6232818659 -0.7684915936 0.0001622857528 -0.3658014228 0
0.7101329979 0.4438757317 -0.2775554822 -0.0258689413 0.1707451769 0.468613667 -0.003388545492 0.04464770171 0.2496504307 -0.9885388696 -0.06721313216 -0.1351787635 0.03345593654 0.7756224461 -0.6303098615 0.1472127832 -0.6276083301 -0.7644842578 0.0001661004932 -0.3691487914 0
0.7165723441 0.4479007094 -0.2800723007 -0.02632336833 0.1721079184 0.4678866536 -0.003449699262 0.0450401138 0.2495538933 -0.9881305258 -0.06894514011 -0.1372757504 0.03431511981 0.7719781519 -0.6347221482 0.1497348876 -0.6318989639 -0.7604493164 0.0001699764711 -0.3724961599 0
0.7230116903 0.4519256871 -0.2825891191 -0.02678129693 0.1734657984 0.4671540381 -0.003511384144 0.04543219164 0.2494565177 -0.9877117256 -0.07070357881 -0.1393791626 0.03518727737 0.7683161459 -0.6391026173 0.1522741033 -0.6361535223 -0.7563869999 0.0001739142576 -0.3758435285 0
0.7294510364 0.4559506648 -0.2851059376 -0.02724271148 0.1748187805 0.4664158457 -0.003573599578 0.04582393235 0.2493583048 -0.9872823112 -0.07248851651 -0.1414887027 0.03607243726 0.7646367902 -0.6434511312 0.1548302854 -0.6403717623 -0.75229754 0.0001779144246 -0.379190897 0
0.7350854643 0.4594725203 -0.2873081537 -0.02764929641 0.1759985933 0.4657653723 -0.003628472858 0.04616642665 0.2492716824 -0.986897742 -0.07407212504 -0.1433393427 0.03685763856 0.7614034077 -0.6472297623 0.1570807479 -0.6440327407 -0.7486971802 0.0001814661928 -0.3821198445 0
0.7415248105 0.4634974981 -0.2898249722 -0.02811720461 0.177342294 0.465016791 -0.003691681552 0.0465575275 0.2491719021 -0.9864479985 -0.07590691834 -0.1454595681 0.03776724604 0.7576925023 -0.6515180021 0.1596683479 -0.6481822365 -0.7445574572 0.0001855848689 -0.385467213 0
0.7479641567 0.4675224758 -0.2923417906 -0.02858855322 0.1786809928 0.4642627056 -0.003755419162 0.04694828296 0.249071287 -0.9859871845 -0.0777683845 -0.1475850614 0.03868992473 0.7539652958 -0.6557739111 0.1622724922 -0.6522947272 -0.7403912662 0.0001897675761 -0.3888145816 0
0.7544035029 0.4715474535 -0.2948586091 -0.02906332617 0.1800146541 0.4635031418 -0.003819685108 0.04733869018 0.2489698382 -0.9855151406 -0.07965657621 -0.1497155221 0.03962569453 0.7502221548 -0.6599973657 0.164893032 -0.6563699782 -0.7361988452 0.0001940148906 -0.3921619501 0
0.7608428491 0.4755724312 -0.2973754276 -0.0295415073 0.1813432422 0.4627381255 -0.003884478807 0.0477287463 0.2488675566 -0.9850317072 -0.08157154211 -0.1518506483 0.04057457323 0.7464634475 -0.6641882456 0.1675298179 -0.6604077567 -0.7319804335 0.0001983273898 -0.3955093186 0
0.766477277 0.4790942867 -0.2995776437 -0.02996269876 0.1825015675 0.4620642838 -0.003941605754 0.04806975514 0.2487773777 -0.9845992343 -0.08326913563 -0.1537224733 0.04141560786 0.7431620993 -0.6678284523 0.1698502139 -0.6639098924 -0.7282681921 0.0002021547528 -0.3984382661 0
0.7729166231 0.4831192645 -0.3020944622 -0.03044722624 0.1838205485 0.4612891143 -0.004007387401 0.04845914523 0.2486735371 -0.9840940146 -0.08523442015 -0.155865532 0.04238910631 0.7393752001 -0.671957943 0.1725170545 -0.6678767904 -0.724001698 0.0002065910322 -0.4017856347 0
0.7793559693 0.4871442422 -0.3046112806 -0.03093511478 0.1851343551 0.4605085675 -0.004073695096 0.04884817602 0.2485688663 -0.9835769452 -0.08722659612 -0.1580123849 0.04337575298 0.7355737977 -0.6760545335 0.1751997058 -0.671805559 -0.7197099096 0.0002110941615 -0.4051330032 0
0.7857953155 0.4911692199 -0.3071280991 -0.03142634778 0.1864429528 0.4597226702 -0.004140528238 0.04923684465 0.2484633663 -0.9830478657 -0.08924569643 -0.1601627278 0.04437555744 0.7317582637 -0.6801181172 0.1778980147 -0.6756959739 -0.7153930719 0.0002156647215 -0.4084803718 0
0.7922346617 0.4951941976 -0.3096449175 -0.03192090853 0.1877463067 0.4589314489 -0.004207886219 0.04962514829 0.2483570381 -0.9825066155 -0.09129174991 -0.1623162557 0.04538852713 0.7279289706 -0.6841485915 0.180611827 -0.679547813 -0.7110514312 0.0002203032943 -0.4118277403 0
0.7978690896 0.4987160531 -0.3118471337 -0.03235636576 0.188882413 0.4582347843 -0.004267254504 0.04996461233 0.2482633223 -0.9820229115 -0.09310417625 -0.164202965 0.0462856794 0.7245673457 -0.6876480186 0.1829990088 -0.682886355 -0.7072323443 0.0002244182957 -0.4147566878 0
0.8043084358 0.5027410309 -0.3143639521 -0.03285712062 0.1901758425 0.4574336534 -0.004335594906 0.05035222395 0.2481554439 -0.9814584079 -0.09520083031 -0.1663616405 0.04732334645 0.7207132606 -0.6916161485 0.185741472 -0.6866652736 -0.7028448674 0.000229185965 -0.4181040563 0
0.8107477819 0.5067660086 -0.3168807706 -0.03336115459 0.19146393 0.4566272764 -0.004404458376 0.05073946243 0.24804674 -0.9808812713 -0.09732449756 -0.1685226211 0.04837418816 0.7168464912 -0.6955508939 0.1884989909 -0.69040499 -0.698433304 0.0002340233258 -0.4214514249 0
0.8171871281 0.5107909863 -0.319397589 -0.03386845055 0.1927466417 0.4558156808 -0.004473844288 0.05112632492 0.2479372117 -0.9802913406 -0.09947519089 -0.1706855997 0.04943820366 0.7129674126 -0.699452166 0.1912714081 -0.694105291 -0.693997906 0.0002389309639 -0.4247987934 0
0.8236264743 0.514815964 -0.3219144075 -0.03437899125 0.1940239439 0.4549988941 -0.004543752012 0.05151280862 0.2478268601 -0.9796884549 -0.1016529191 -0.1728502688 0.05051538994 0.7090764006 -0.7033198799 0.1940585653 -0.6977659651 -0.6895389265 0.000243909466 -0.4281461619 0
0.8300658205 0.5188409417 -0.3244312259 -0.03489275938 0.1952958032 0.454176944 -0.004614180912 0.0518989107 0.247715686 -0.979072453 -0.1038576869 -0.1750163208 0.05160574183 0.7051738316 -0.707153954 0.1968603035 -0.7013868035 -0.6850566201 0.0002489594195 -0.4314935305 0
0.8357002484 0.5223627973 -0.3266334421 -0.03534494027 0.1964041891 0.453453524 -0.004676233225 0.05223643475 0.2476177348 -0.9785225656 -0.1058090402 -0.1769125084 0.05257059394 0.7017498994 -0.7104811126 0.1993236595 -0.7045221967 -0.6811156679 0.0002534372039 -0.434422478 0
0.8421395946 0.526387775 -0.3291502605 -0.03586471271 0.1976657537 0.4526219679 -0.004747637604 0.0526218137 0.2475050215 -0.9778815372 -0.1080645054 -0.1790803223 0.05368560992 0.6978266767 -0.7142519055 0.2021523051 -0.7080677877 -0.6765903144 0.0002586227156 -0.4377698465 0
0.8485789407 0.5304127527 -0.331667079 -0.03638766216 0.1989217804 0.4517853292 -0.004819561307 0.05300680293 0.2473914887 -0.97722693 -0.1103470007 -0.1812486324 0.05481376465 0.6938929814 -0.7179888451 0.2049950695 -0.7115729547 -0.6720423734 0.0002638813728 -0.4411172151 0
0.8550182869 0.5344377304 -0.3341838974 -0.03691377086 0.2001722368 0.450943636 -0.004892003681 0.05339139966 0.2472771375 -0.9765585831 -0.1126565147 -0.1834171298 0.05595504461 0.6899491913 -0.7216918639 0.2078517904 -0.7150374977 -0.6674721044 0.0002692137663 -0.4444645836 0
0.8614576331 0.5384627081 -0.3367007159 -0.037443021 0.2014170903 0.4500969171 -0.004964964067 0.05377560106 0.2471619689 -0.9758763358 -0.1149930319 -0.1855855054 0.05710943413 0.6859956848 -0.7253608984 0.2107223048 -0.7184612189 -0.6628797683 0.0002746204881 -0.4478119521 0
0.867092061 0.5419845636 -0.338902932 -0.03790867772 0.2025017158 0.4493519379 -0.005029228817 0.05411145081 0.2470605267 -0.9752678405 -0.1170596202 -0.1874824912 0.05813026493 0.6825286936 -0.7285433787 0.213245191 -0.7214233346 -0.6588435784 0.0002794128078 -0.4507408996 0
0.8735314072 0.5460095414 -0.3414197505 -0.0384437696 0.2037359775 0.448495873 -0.005103158687 0.05449490347 0.2469438283 -0.9745590974 -0.1194467124 -0.1896498052 0.05930918509 0.6785579891 -0.7321485341 0.2161411258 -0.7247699899 -0.6542105743 0.0002849604929 -0.4540882682 0
0.8799707534 0.5500345191 -0.3439365689 -0.03898195107 0.2049645444 0.4476348653 -0.005177604651 0.05487795277 0.2468263156 -0.9738359927 -0.1218607402 -0.1918161083 0.06050115771 0.674578657 -0.7357195427 0.2190503808 -0.7280752678 -0.6495562602 0.0002905842121 -0.4574356367 0
