0.007629558449 0.002507225498 -0.0006331007601 -1.625961752e-06 0.001945526948 0.5099950522 -2.043293418e-07 0.0004846647812 0.2549993857 -1 -4.75860293e-08 -9.469046661e-06 2.429799863e-08 0.9999711854 -0.007591329869 9.469135056e-06 -0.007591329869 -0.9999711854 2.849191277e-08 -0.000842024011 0
0.01520619668 0.004997060352 -0.0012618102 -6.458751278e-06 0.003877497367 0.5099803458 -8.164893765e-07 0.0009678997034 0.254997545 -0.9999999993 -3.788783786e-07 -3.761225402e-05 1.902205657e-07 0.9998855422 -0.01512952609 3.761368125e-05 -0.01512952609 -0.9998855415 4.922982531e-08 -0.001678207566 0
0.02278283491 0.007486895207 -0.00189051964 -1.449826237e-05 0.005809344475 0.5099558814 -1.839055419e-06 0.001451824037 0.2549944701 -0.9999999964 -1.275270776e-06 -8.442510647e-05 6.387013138e-07 0.9997430758 -0.02266676963 8.443232188e-05 -0.0226667696 -0.9997430722 2.797127158e-08 -0.002514391122 0
0.02941239335 0.009665500704 -0.002440640401 -2.416311018e-05 0.007499561243 0.509926471 -3.070002547e-06 0.001875302664 0.2549907685 -0.9999999901 -2.744447356e-06 -0.0001406948759 1.373558788e-06 0.999571814 -0.02926070314 0.0001407149368 -0.02926070304 -0.9995718041 1.95986462e-08 -0.003246051733 0
0.03698903158 0.01215533556 -0.003069349841 -3.821430108e-05 0.009431011559 0.5098837128 -4.860521277e-06 0.002359207188 0.2549853842 -0.9999999752 -5.458957966e-06 -0.0002224884328 2.731174182e-06 0.9993228391 -0.03679488135 0.000222538634 -0.03679488105 -0.9993228143 9.934535562e-08 -0.004082235288 0
0.04456566981 0.01464517041 -0.003698059281 -5.547100169e-05 0.01136216196 0.5098312002 -7.060062763e-06 0.002843025394 0.2549787698 -0.9999999478 -9.54744576e-06 -0.0003229189752 4.775885173e-06 0.9990170869 -0.04432674285 0.0003230247811 -0.04432674207 -0.9990170347 2.035051292e-07 -0.004918418844 0
0.05119522826 0.01682377591 -0.004248180041 -7.319961972e-05 0.01305162426 0.5097772515 -9.320064945e-06 0.003266303115 0.2549719736 -0.9999999091 -1.447289373e-05 -0.0004260699836 7.239166974e-06 0.998702998 -0.05091484852 0.0004262542551 -0.05091484698 -0.9987029071 3.131601729e-07 -0.005650079455 0
0.05877186649 0.01931361077 -0.004876889481 -9.646477993e-05 0.01498204683 0.5097064549 -1.228615908e-05 0.00374998572 0.2549630541 -0.9999998422 -2.189486727e-05 -0.0005613944596 1.095105919e-05 0.9982908589 -0.05844108855 0.0005617145171 -0.05844108547 -0.9982907012 4.588489285e-07 -0.00648626301 0
0.06634850472 0.02180344562 -0.005505598921 -0.000122933227 0.01691199299 0.5096259107 -1.566097393e-05 0.004233607129 0.2549529056 -0.9999997437 -3.149812543e-05 -0.0007152960356 1.575401771e-05 0.9978220266 -0.06596364957 0.0007158158711 -0.06596364393 -0.9978217703 6.258343159e-07 -0.007322446565 0
0.07297806317 0.02398205112 -0.006055719681 -0.0001487200234 0.01860025683 0.5095474407 -1.89491733e-05 0.004656728671 0.2549430174 -0.9999996249 -4.191064527e-05 -0.0008651776387 2.096193292e-05 0.9973653218 -0.07254250047 0.000865938477 -0.0725424914 -0.9973649468 7.892295226e-07 -0.008054107176 0
0.08055470139 0.02647188597 -0.006684429122 -0.0001811918148 0.02052914436 0.5094486282 -2.309019852e-05 0.005140243689 0.2549305648 -0.9999994431 -5.635894812e-05 -0.001053835379 2.818874417e-05 0.9967902958 -0.0800568881 0.001054964802 -0.08005687322 -0.9967897392 9.95611963e-07 -0.008890290732 0
0.08813133962 0.02896172083 -0.007313138562 -0.0002168636601 0.02245737915 0.5093400777 -2.763979937e-05 0.005623702857 0.2549168834 -0.9999992022 -7.379335065e-05 -0.001260983169 3.690969252e-05 0.9961586986 -0.08756623717 0.001262601158 -0.08756621386 -0.9961579012 1.22290024e-06 -0.009726474287 0
0.09476089807 0.03114032632 -0.007863259322 -0.0002507005017 0.02414400096 0.5092371112 -3.195582097e-05 0.006046683082 0.2549039045 -0.9999989338 -9.171747319e-05 -0.001457376386 4.587618648e-05 0.9955596851 -0.09413241332 0.001459538763 -0.09413237982 -0.9955586195 1.438918716e-06 -0.0104581349 0
0.1023375363 0.03363016118 -0.008491968762 -0.0002923686832 0.0260708467 0.5091103138 -3.727136605e-05 0.006530034339 0.2548879199 -0.9999985499 -0.0001155029428 -0.001699091711 5.777565994e-05 0.9948221588 -0.1016310432 0.001702032768 -0.101630994 -0.9948207095 1.705402683e-06 -0.01129431845 0
0.1099141745 0.03611999603 -0.009120678202 -0.0003372326763 0.0279968636 0.5089737914 -4.299533794e-05 0.007013325093 0.2548707071 -0.9999980706 -0.0001430759144 -0.001959182954 7.157110901e-05 0.9940282214 -0.1091232788 0.00196309606 -0.1091232084 -0.9940262932 1.992834691e-06 -0.01213050201 0
0.1174908128 0.03860983089 -0.009749387642 -0.0003852907694 0.02992199047 0.5088275492 -4.912767917e-05 0.007496552723 0.2548522663 -0.9999974813 -0.0001747141686 -0.002237604092 8.740195392e-05 0.9931779373 -0.1166086495 0.0022427122 -0.1166085514 -0.9931754206 2.301265829e-06 -0.01296668556 0
0.1241203712 0.04078843639 -0.0102995084 -0.0004299603227 0.03160569831 0.5086916185 -5.482842035e-05 0.007919322831 0.2548351234 -0.9999968632 -0.0002059503876 -0.002496220167 0.0001030330523 0.9923877712 -0.1231523482 0.002502581642 -0.1231522191 -0.9923846371 2.58841792e-06 -0.01369834618 0
0.1316970094 0.04327827124 -0.01092821784 -0.0004840023157 0.03352899158 0.5085271672 -6.17262868e-05 0.008402424069 0.2548143806 -0.9999960249 -0.0002459577642 -0.002808874471 0.0001230553278 0.9914320273 -0.1306235815 0.002816935995 -0.1306234079 -0.991428056 2.936398713e-06 -0.01453452973 0
0.1392736477 0.04576810609 -0.01155692728 -0.0005412328093 0.03545121912 0.5083530132 -6.903233728e-05 0.008885453253 0.2547924104 -0.9999950288 -0.0002908257757 -0.003139708227 0.0001455126528 0.9904201479 -0.138086601 0.00314978943 -0.1380863714 -0.9904151821 3.305583116e-06 -0.01537071329 0
0.1459032061 0.04794671159 -0.01210704804 -0.0005939233448 0.03713224602 0.5081926744 -7.575991362e-05 0.009308042007 0.2547721797 -0.9999940134 -0.0003342890337 -0.0034440546 0.0001672692432 0.9894887694 -0.1446096372 0.003456194764 -0.1446093476 -0.9894827898 3.646080921e-06 -0.0161023739 0
0.1534798443 0.05043654645 -0.01273575748 -0.000657126297 0.03905231087 0.508000346 -8.383111277e-05 0.009790926829 0.2547479086 -0.9999926708 -0.0003890124331 -0.003808814317 0.0001946655358 0.9883718614 -0.1520559953 0.003823676569 -0.1520556222 -0.9883645417 4.055260585e-06 -0.01693855745 0
0.1610564826 0.0529263813 -0.01336446692 -0.0007235111459 0.04097113468 0.507798335 -9.231027927e-05 0.01027372955 0.2547224107 -0.9999911143 -0.0004493862608 -0.004191576278 0.0002248945233 0.9871990667 -0.1594927965 0.004209594061 -0.159492322 -0.9871901937 4.48591023e-06 -0.01777474101 0
0.167686041 0.0551049868 -0.01391458768 -0.0007842060506 0.04264903959 0.5076136387 -0.0001000641456 0.01069611174 0.254699094 -0.9999895601 -0.0005070633009 -0.004541207175 0.0002537769033 0.9861271016 -0.1659917921 0.004562375815 -0.1659912116 -0.9861166779 4.880422818e-06 -0.01850640162 0
0.1752626792 0.05759482165 -0.01454329712 -0.0008565500355 0.04456537237 0.5073934939 -0.0001093080243 0.01117875069 0.2546712966 -0.9999875438 -0.0005787675082 -0.004957537861 0.0002896883226 0.9848497799 -0.1734094204 0.00498279381 -0.1734086966 -0.9848373448 5.351614941e-06 -0.01934258517 0
0.1828393175 0.06008465651 -0.01517200656 -0.0009320683109 0.04648028921 0.5071636896 -0.0001189596213 0.01166129697 0.2546422732 -0.9999852491 -0.000656905472 -0.005391666994 0.0003288277464 0.9835168578 -0.1808161563 0.005421574502 -0.180815262 -0.983502134 5.844592749e-06 -0.02017876873 0
0.1904159557 0.06257449136 -0.015800716 -0.001010757997 0.0483937294 0.5069242347 -0.0001290188425 0.01214374683 0.2546120241 -0.9999826514 -0.0007417479735 -0.00584351749 0.0003713320662 0.9821284435 -0.1882115368 0.005878690263 -0.1882104414 -0.9821111295 6.359476606e-06 -0.02101495229 0
0.1970455141 0.06475309686 -0.01635083676 -0.001082210663 0.05006673056 0.5067068022 -0.0001381549632 0.0125658084 0.2545845509 -0.9999801099 -0.0008216971418 -0.006253360708 0.0004113909719 0.9808681487 -0.1946728168 0.006293684438 -0.1946715173 -0.9808483012 6.828068386e-06 -0.0217466129 0
0.2046221524 0.06724293171 -0.0169795462 -0.00116683856 0.05197723859 0.5064492771 -0.0001489782119 0.01304806727 0.2545520044 -0.9999768749 -0.0009198372293 -0.006738219926 0.0004605722585 0.9793759943 -0.2020456625 0.006785099962 -0.2020440936 -0.9793529224 7.384368606e-06 -0.02258279645 0
0.2121987906 0.06973276657 -0.01760825564 -0.001254628915 0.05388609576 0.5061821286 -0.0001602087918 0.01353021881 0.2545182331 -0.999973261 -0.001025455046 -0.007240561199 0.0005135100874 0.9778286841 -0.2094058283 0.007294764693 -0.2094039471 -0.9778020113 7.962949686e-06 -0.02341898001 0
0.2188283491 0.07191137207 -0.0181583764 -0.001334037052 0.05555494403 0.5059404873 -0.0001703696021 0.01395201036 0.2544876787 -0.9999697659 -0.001124214614 -0.00769438039 0.0005630187687 0.9764296414 -0.2158352114 0.007755666183 -0.2158330179 -0.9763994869 8.487595425e-06 -0.02415064062 0
0.2264049873 0.07440120692 -0.01878708584 -0.001427747899 0.05746054293 0.5056553226 -0.0001823636296 0.01443395033 0.2544516117 -0.9999653646 -0.001244571906 -0.00822925719 0.0006233650653 0.9747792563 -0.2231703676 0.008299460774 -0.2231677678 -0.9747447186 9.108334625e-06 -0.02498682417 0
0.2339816255 0.07689104177 -0.01941579528 -0.001524611258 0.05936431735 0.5053605646 -0.0001947646627 0.01491577193 0.2544143209 -0.9999605004 -0.001373171554 -0.008781350671 0.0006878564533 0.9730740886 -0.2304915288 0.008861409212 -0.2304884648 -0.973034708 9.75177071e-06 -0.02582300773 0
0.240611184 0.07906964727 -0.01996591604 -0.001611949841 0.06102857595 0.5050947908 -0.0002059493435 0.01533726571 0.2543806879 -0.9999558399 -0.001492664951 -0.009278478272 0.0007477923256 0.9715372369 -0.236885707 0.009367978135 -0.2368821845 -0.9714932175 1.033351684e-05 -0.02655466834 0
0.2481878222 0.08155948213 -0.02059462549 -0.001714714111 0.06292876714 0.5047820762 -0.0002191131829 0.01581885498 0.2543411034 -0.9999500229 -0.001637429073 -0.009862585454 0.0008204175747 0.9697297285 -0.2441794025 0.009963868767 -0.2441752905 -0.9696799208 1.101992864e-05 -0.0273908519 0
0.2557644604 0.08404931698 -0.02122333493 -0.001820619954 0.06482696085 0.5044598017 -0.0002326836695 0.01630031479 0.2543002962 -0.9999436506 -0.001791190725 -0.01046361814 0.0008975730474 0.9678678474 -0.2514577985 0.01057780844 -0.2514530208 -0.9678117008 1.172949312e-05 -0.02822703545 0
0.2623940189 0.08622792248 -0.02177345569 -0.001915861467 0.06648619462 0.5041699791 -0.0002448913191 0.01672148287 0.2542635873 -0.9999375927 -0.001933317615 -0.01100332168 0.0009689049306 0.9661942173 -0.2578134899 0.01112978114 -0.2578080616 -0.9661320465 1.236948615e-05 -0.02895869606 0
0.2699706571 0.08871775733 -0.02240216513 -0.002027646785 0.0683804814 0.5038298132 -0.0002592239095 0.01720268948 0.2542204886 -0.9999300869 -0.002104650203 -0.01163579813 0.001054912953 0.9642307978 -0.2650619846 0.01177745768 -0.265055728 -0.9641611652 1.31229174e-05 -0.02979487962 0
0.2775472953 0.09120759219 -0.02303087457 -0.002142561751 0.07027259842 0.5034801237 -0.0002739627558 0.01768375549 0.2541761684 -0.9999219255 -0.002285725176 -0.0122848834 0.001145832597 0.9622134516 -0.2722938866 0.01244306905 -0.2722867038 -0.9621357082 1.389999572e-05 -0.03063106317 0
0.2851239335 0.09369742704 -0.02365958401 -0.002260601985 0.07216248592 0.5031209239 -0.0002891077146 0.018164677 0.2541306271 -0.9999130717 -0.002476799034 -0.01295046141 0.001241795589 0.9601423421 -0.279508749 0.01312657335 -0.2795005336 -0.9600558029 1.470090194e-05 -0.03146724673 0
0.291753492 0.09587603254 -0.02420970477 -0.002366447355 0.07381426169 0.5027988334 -0.0003026925766 0.01858536175 0.2540897772 -0.9999047271 -0.002652391459 -0.01354627781 0.001330003502 0.9582861506 -0.2858074257 0.0137392836 -0.2857982126 -0.9581913242 1.542138678e-05 -0.03219890734 0
0.2993301302 0.09836586739 -0.02483841421 -0.002490335253 0.07569980813 0.502421839 -0.0003185985949 0.01906600188 0.2540419476 -0.9998944726 -0.002862899716 -0.01424245631 0.00143577606 0.9561146911 -0.2929891398 0.01445622024 -0.2929786704 -0.9560096843 1.626747328e-05 -0.03303509089 0
0.3069067685 0.1008557022 -0.02546712365 -0.002617335172 0.07758295382 0.5020353747 -0.0003349102904 0.01954648635 0.2539928982 -0.9998834146 -0.003084136438 -0.014954777 0.001546967835 0.9538899626 -0.3001525381 0.01519092305 -0.3001406793 -0.9537739819 1.713793243e-05 -0.03387127445 0
0.3135363269 0.1030343077 -0.02601724441 -0.00273100913 0.07922869024 0.5016894616 -0.0003495156811 0.01996677953 0.2539489799 -0.9998730479 -0.003286716555 -0.01559119887 0.00164880807 0.9518997696 -0.3064051405 0.01584832546 -0.3063919486 -0.9517735048 1.791973292e-05 -0.03460293506 0
0.3211129651 0.1055241426 -0.02664595385 -0.002863830956 0.08110717455 0.501285281 -0.0003665875896 0.02044696167 0.2538976448 -0.9998603736 -0.00352874425 -0.01633343949 0.001770510042 0.9495756509 -0.3135330102 0.01661621424 -0.3135181512 -0.9494368174 1.883642786e-05 -0.03543911862 0
0.3286896034 0.1080139775 -0.02727466329 -0.002999750578 0.08298308769 0.5008716737 -0.0003840647075 0.02092697698 0.2538450915 -0.9998467769 -0.003782217654 -0.01709144701 0.001898002636 0.9471987929 -0.3206413016 0.01740173317 -0.3206246115 -0.9470464815 1.977807633e-05 -0.03627530217 0
0.3353191618 0.110192583 -0.02782478405 -0.003121217341 0.08462235608 0.5005020469 -0.00039968945 0.02134685048 0.2537981083 -0.9998340892 -0.00401358971 -0.01776753033 0.002014409478 0.9450759306 -0.3268446536 0.0181034856 -0.3268262176 -0.9449110473 2.062265368e-05 -0.03700696278 0
0.3428958 0.1126824178 -0.02845349349 -0.003262931288 0.08649328916 0.5000708074 -0.000417925873 0.02182654251 0.253743272 -0.999818646 -0.004289186752 -0.01855473122 0.002153104243 0.9426007082 -0.3339150626 0.01892192686 -0.3338944561 -0.9424205287 2.161166025e-05 -0.03784314634 0
0.3504724383 0.1151722527 -0.02908220293 -0.003407727836 0.08836148155 0.4996301873 -0.0004365670049 0.02230605655 0.2536872189 -0.9998021537 -0.004576933581 -0.01935729939 0.002297956261 0.9400733109 -0.3409646455 0.01975785307 -0.3409416691 -0.9398768034 2.262623638e-05 -0.03867932989 0
0.3571019967 0.1173508582 -0.02963232369 -0.00353694918 0.08999385549 0.4992369631 -0.0004532098403 0.02272548226 0.2536371748 -0.9997868266 -0.004838868694 -0.02007203887 0.002429851994 0.9378191992 -0.347115608 0.02050359027 -0.3470903843 -0.9376075234 2.353514017e-05 -0.0394109905 0
0.3646786349 0.119840693 -0.03026103313 -0.003687510656 0.09185675088 0.4987788003 -0.0004726093084 0.02320465207 0.2535788418 -0.9997682434 -0.005150046357 -0.02090302858 0.002586588927 0.9351945284 -0.3541249831 0.02137215804 -0.3540969798 -0.9349644698 2.459826162e-05 -0.04024717406 0
0.3722552732 0.1223305279 -0.03088974257 -0.003841138573 0.09371673702 0.4983113061 -0.0004924129522 0.02368363271 0.2535192936 -0.999748477 -0.005474063889 -0.02174896199 0.002749844675 0.9325182816 -0.3611122995 0.02225805646 -0.3610812778 -0.932268679 2.568760273e-05 -0.04108335761 0
0.3798319114 0.1248203627 -0.03151845201 -0.003997827085 0.09557375555 0.4978344986 -0.0005126205789 0.02416242031 0.2534585309 -0.9997274791 -0.005811157889 -0.02260968624 0.002919743755 0.9297906751 -0.3680771326 0.02316122977 -0.3680428384 -0.9295203207 2.680339744e-05 -0.04191954117 0
0.3864614698 0.1269989682 -0.03206857277 -0.004137435492 0.09719616657 0.4974096662 -0.0005306334895 0.02458119805 0.2534043677 -0.999708057 -0.006117026539 -0.02337483074 0.00307395244 0.9273620617 -0.3741525857 0.02396563253 -0.3741152076 -0.9270725214 2.780160495e-05 -0.04265120178 0
0.3940381081 0.1294888031 -0.03269728221 -0.004299846459 0.09904746384 0.496915445 -0.0005515980498 0.02505961322 0.2533413294 -0.9996846165 -0.006479270246 -0.02426286597 0.003256641065 0.9245387531 -0.3810741245 0.02490104209 -0.3810329554 -0.9242260681 2.896764443e-05 -0.04348738534 0
0.4016147463 0.1319786379 -0.03332599165 -0.00446530057 0.1008956263 0.4964119635 -0.0005729660159 0.02553782418 0.2532770782 -0.9996598003 -0.006855260362 -0.02516523688 0.003446327276 0.9216647294 -0.3879719698 0.02585356011 -0.3879267095 -0.9213275539 3.016083197e-05 -0.04432356889 0
0.4082443048 0.1341572434 -0.03387611241 -0.004612564302 0.1025101515 0.4959638357 -0.0005919937414 0.02595608823 0.2532198641 -0.9996369169 -0.007195708405 -0.02596644252 0.003618138752 0.9191085388 -0.3939878208 0.02670100052 -0.3939387207 -0.918748791 3.122733664e-05 -0.0450552295 0
0.415820943 0.1366470783 -0.03450482185 -0.004783707255 0.1043522803 0.4954430429 -0.000614117529 0.02643390587 0.2531533407 -0.999609381 -0.007598089648 -0.0268952494 0.003821273395 0.9161400529 -0.4008401195 0.02768543437 -0.4007863179 -0.9157531568 3.247210098e-05 -0.04589141306 0
0.4233975812 0.1391369131 -0.03513353129 -0.004957874952 0.1061911083 0.4949130456 -0.000636644113 0.02691150817 0.2530856064 -0.9995803181 -0.008014871364 -0.02783791389 0.004031754119 0.9131215297 -0.4076675325 0.02868680135 -0.4076086774 -0.9127059951 3.374473952e-05 -0.04672759661 0
0.4300271397 0.1413155186 -0.03568365205 -0.005112747718 0.1077973298 0.4944417634 -0.0006566851205 0.0273292305 0.2530253461 -0.9995535928 -0.008391544112 -0.02867397808 0.00422204504 0.9104394669 -0.4136207821 0.02957683835 -0.4135572016 -0.9099976108 3.488136796e-05 -0.04745925722 0
0.4376037779 0.1438053535 -0.03631236149 -0.00529256887 0.1096298138 0.4938945625 -0.0006799663529 0.0278064186 0.2529553432 -0.9995215199 -0.008835927875 -0.02964216103 0.004446622011 0.9073277832 -0.4204004299 0.03060978413 -0.4203310841 -0.9068543548 3.62069738e-05 -0.04829544078 0
0.4451804161 0.1462951883 -0.03694107093 -0.005475395421 0.111458832 0.4933382161 -0.00070364974 0.02828338024 0.2528841313 -0.9994877615 -0.009295349523 -0.0306237011 0.004678887507 0.9041667726 -0.4271540183 0.03165947889 -0.4270784984 -0.9036601317 3.756121065e-05 -0.04913162434 0
0.4527570543 0.1487850232 -0.03756978037 -0.005661220423 0.1132843273 0.4927727454 -0.0007277350509 0.02876011156 0.2528117112 -0.9994522611 -0.009770026719 -0.03161841903 0.004918959173 0.90095669 -0.4338811433 0.03272585652 -0.4337990195 -0.9004151426 3.894434876e-05 -0.04996780789 0
0.4593866128 0.1509636287 -0.03811990113 -0.005826271417 0.1148787011 0.4922704905 -0.0007491392166 0.02917705947 0.252747353 -0.9994197239 -0.01019805307 -0.03249946428 0.005135517268 0.8981078165 -0.439745354 0.03367256935 -0.4396570819 -0.8975342937 4.017851781e-05 -0.0506994685 0
0.466963251 0.1534534635 -0.03874861057 -0.006017699393 0.1166974378 0.4916879697 -0.0007739774988 0.0296533485 0.2526726694 -0.9993808013 -0.01070191362 -0.03351839843 0.005390539867 0.8948064237 -0.4464217805 0.03477004556 -0.446326039 -0.8941946717 4.161658648e-05 -0.05153565206 0
0.4745398892 0.1559432984 -0.03937732001 -0.006212105215 0.1185124883 0.4910963873 -0.0007992170194 0.03012939611 0.2525967796 -0.999339969 -0.01122164349 -0.03454998054 0.005653702487 0.8914567126 -0.4530705962 0.03588400878 -0.4529668909 -0.8908048797 4.308435296e-05 -0.05237183561 0
0.4811694477 0.1581219039 -0.03992744077 -0.006384647272 0.1200975893 0.4905713369 -0.0008216305475 0.03054573668 0.2525293873 -0.999302627 -0.01168958943 -0.03546284139 0.005890737223 0.888486291 -0.4588653505 0.03687219596 -0.4587542525 -0.8877978244 4.439323308e-05 -0.05310349622 0
0.4887460859 0.1606117388 -0.04055615021 -0.006584616566 0.1219055762 0.4899628246 -0.0008476217239 0.0310213212 0.2524512381 -0.9992580519 -0.01223963636 -0.03651762613 0.006169470525 0.8850467124 -0.4654613352 0.03801688243 -0.4653412815 -0.8843145416 4.59174504e-05 -0.05393967978 0
0.4963227242 0.1631015736 -0.04118485965 -0.006787542177 0.1237097149 0.4893453162 -0.000874013421 0.03149665322 0.2523718849 -0.9992113927 -0.01280614794 -0.03758450771 0.006456671001 0.8815596003 -0.4720285823 0.03917785145 -0.4718990079 -0.8807817109 4.747219038e-05 -0.05477586333 0
0.5029522826 0.1652801791 -0.04173498041 -0.006967521138 0.1252851356 0.4887976351 -0.0008974345059 0.03191235857 0.2523014639 -0.9991688075 -0.0133155111 -0.0385277978 0.00671500535 0.8784696053 -0.4777510452 0.04020699867 -0.4776126565 -0.8776500143 4.885785653e-05 -0.05550752395 0
0.5105289208 0.167770014 -0.04236368985 -0.007175968991 0.1270819083 0.4881633224 -0.0009245764829 0.03238720676 0.2522198555 -0.9991180726 -0.01391343824 -0.03961682919 0.007018383447 0.8748941265 -0.4842633681 0.04139829963 -0.4841143291 -0.8740248836 5.047061979e-05 -0.0563437075 0
0.5181055591 0.1702598488 -0.04299239929 -0.007387350715 0.1288746722 0.4875200818 -0.0009521182306 0.03286179137 0.2521370455 -0.9990650729 -0.01452840625 -0.04071738564 0.007330548906 0.87127193 -0.4907458477 0.04260567021 -0.4905855169 -0.8703508531 5.211475791e-05 -0.05717989106 0
0.5247351175 0.1724384543 -0.04354252005 -0.00757471011 0.1304400085 0.4869499418 -0.0009765449859 0.03327683368 0.2520636016 -0.9990167897 -0.0150806361 -0.04168966668 0.007610988318 0.8680644134 -0.4963932382 0.04367524184 -0.4962224789 -0.867096145 5.35793538e-05 -0.05791155167 0
0.5323117557 0.1749282892 -0.04417122949 -0.007791571134 0.1322251064 0.4862900276 -0.001004835577 0.03375091375 0.2519785408 -0.9989593693 -0.01572808161 -0.04281128194 0.00793992503 0.8643554078 -0.5028187413 0.04491253725 -0.502635411 -0.8633310533 5.5283138e-05 -0.05874773522 0
0.539888394 0.177418124 -0.04479993893 -0.00801134267 0.1340060363 0.4856212566 -0.001033525157 0.03422471921 0.2518922807 -0.9988994971 -0.01639312438 -0.04394383042 0.008277962066 0.8606005302 -0.5092133176 0.046165681 -0.5090166922 -0.8595177351 5.701917564e-05 -0.05958391878 0
0.5474650322 0.1799079589 -0.04542864837 -0.008234016385 0.1357827432 0.4849436541 -0.001062613446 0.03469824624 0.2518048222 -0.9988371064 -0.01707595315 -0.04508710167 0.008625206539 0.8568000815 -0.5155765958 0.04743459418 -0.5153659206 -0.8556564306 5.878777832e-05 -0.06042010233 0
0.5540945906 0.1820865644 -0.04597876913 -0.008431229943 0.1373338543 0.4843435277 -0.001088392542 0.03511235096 0.2517273136 -0.9987803958 -0.01768816487 -0.04609609282 0.008936681939 0.8534375459 -0.5211184999 0.04855776627 -0.5208948877 -0.8522386164 6.036226647e-05 -0.06115176294 0
0.5616712289 0.1845763992 -0.04660747857 -0.008659322398 0.1391024952 0.4836494358 -0.001118227643 0.03558534558 0.2516376105 -0.9987131013 -0.01840484236 -0.04725889393 0.00930147587 0.8495524754 -0.5274221024 0.04985603097 -0.5271829411 -0.8482879952 6.219277905e-05 -0.0619879465 0
0.5692478671 0.1870662341 -0.04723618801 -0.008890292462 0.1408667558 0.4829465874 -0.001148460628 0.03605805076 0.2515467116 -0.9986430932 -0.0191398344 -0.04843179988 0.009675780056 0.845622719 -0.5336933543 0.05116983272 -0.5334377976 -0.8442900949 6.405676935e-05 -0.06282413006 0
0.5758774255 0.1892448396 -0.04778630877 -0.009094744929 0.1424068478 0.4823244327 -0.001175240647 0.03647142735 0.2514661947 -0.9985795555 -0.01979811678 -0.04946620932 0.01001117899 0.8421477728 -0.5391538788 0.05233208947 -0.5388832557 -0.8407533462 6.571547704e-05 -0.06355579067 0
0.5834540638 0.1917346744 -0.04841501821 -0.009331086833 0.144162749 0.4816052376 -0.001206218867 0.03694357952 0.251373056 -0.998504272 -0.02056792866 -0.05065746889 0.01040359314 0.8381350807 -0.5453635042 0.05367479942 -0.5450748084 -0.8366674782 6.764311143e-05 -0.06439197422 0
0.591030702 0.1942245093 -0.04904372765 -0.009570280891 0.1459141141 0.4808773632 -0.001237594113 0.03741543126 0.2512787241 -0.9984260737 -0.02135656225 -0.0518581967 0.01080581255 0.8340786161 -0.5515397507 0.05503280596 -0.5512320377 -0.8325350628 6.960516046e-05 -0.06522815778 0
0.5976602605 0.1964031148 -0.04959384841 -0.00978190823 0.1474427953 0.4802333752 -0.001265372899 0.0378280521 0.2511952056 -0.9983552033 -0.02206219102 -0.05291642311 0.01116587711 0.8304935572 -0.5569163085 0.05623354245 -0.5565911526 -0.8288812204 7.135044459e-05 -0.06595981839 0
0.6052368987 0.1988929496 -0.05022255785 -0.01002642557 0.1491855104 0.479489302 -0.001297491742 0.03829933027 0.2510986389 -0.9982713473 -0.0228865748 -0.05413429396 0.0115867521 0.8263558956 -0.5630290232 0.05761999883 -0.5626829822 -0.8246622322 7.337791655e-05 -0.06679600194 0
0.6128135369 0.2013827845 -0.05085126729 -0.01027376874 0.1509235353 0.4787366297 -0.001330006722 0.03877029706 0.2510008817 -0.99818437 -0.02373026539 -0.05536097849 0.01201771929 0.8221754025 -0.5691073554 0.05902150335 -0.5687393797 -0.8203974525 7.544076349e-05 -0.0676321855 0
0.6194430954 0.20356139 -0.05140138805 -0.0104925047 0.1524404178 0.47807101 -0.001358782037 0.03918213458 0.2509143683 -0.9981056469 -0.02448446082 -0.05644137528 0.01240317131 0.8184825981 -0.5743974216 0.06026009465 -0.5740093621 -0.8166284181 7.727503981e-05 -0.06836384611 0
0.6270197336 0.2060512249 -0.05203009749 -0.01074512095 0.1541695053 0.4773022915 -0.001392038918 0.03965250729 0.2508143816 -0.9980126193 -0.02536479004 -0.05768395914 0.01285332438 0.8142226979 -0.5804103637 0.06168957584 -0.579998298 -0.8122785055 7.940513162e-05 -0.06920002967 0
0.6345963718 0.2085410597 -0.05265880693 -0.01100053582 0.15589375 0.4765250568 -0.001425691014 0.0401225577 0.2507132072 -0.9979162583 -0.02626488848 -0.05893468479 0.01331384831 0.8099209341 -0.586387945 0.06313384893 -0.5859507114 -0.8078835813 8.157158131e-05 -0.07003621322 0
0.64217301 0.2110308946 -0.05328751637 -0.01125873964 0.1576130993 0.4757393353 -0.001459737998 0.040592282 0.2506108461 -0.9978164889 -0.02718491159 -0.06019331458 0.01378483802 0.8055776495 -0.5923298311 0.06459282297 -0.5918662274 -0.8034439221 8.377473591e-05 -0.07087239678 0
0.6488025685 0.2132095001 -0.05383763713 -0.01148694812 0.1591134729 0.4750448904 -0.001489852781 0.04100302029 0.2505203075 -0.9977263353 -0.02800639628 -0.06130091118 0.01420561309 0.8017434874 -0.5974994401 0.06588141241 -0.5970117437 -0.7995227435 8.573288046e-05 -0.07160405739 0
0.6563792067 0.2156993349 -0.05446634657 -0.01175035482 0.1608235021 0.4742433363 -0.001524639283 0.04147212295 0.2504157242 -0.9976199708 -0.02896418714 -0.06257371384 0.01469647842 0.7973232863 -0.6033735084 0.06736770237 -0.602857075 -0.7949999621 8.800580113e-05 -0.07244024094 0
0.6639558449 0.2181891698 -0.05509505601 -0.01201652212 0.1625284857 0.4734333817 -0.00155981971 0.04194088862 0.2503099572 -0.997509979 -0.0299423336 -0.06385372648 0.01519807668 0.7928625674 -0.6092109386 0.06886842667 -0.6086644444 -0.7904332571 9.031643879e-05 -0.0732764245 0
0.6705854034 0.2203677753 -0.05564517677 -0.01225167514 0.1640161666 0.4727178043 -0.001590925454 0.04235077918 0.2502164408 -0.9974106999 -0.03081502321 -0.06497945928 0.01564585094 0.7889264798 -0.6142883824 0.07019332683 -0.6137144644 -0.7864015851 9.236946702e-05 -0.07400808511 0
0.6781620416 0.2228576101 -0.05627388621 -0.01252299135 0.1657115501 0.4718921814 -0.001626843562 0.04281890282 0.2501084572 -0.9972936979 -0.03183172304 -0.06627232834 0.01616781746 0.7843907483 -0.6200562519 0.0717208601 -0.6194496713 -0.7817533005 9.475178809e-05 -0.07484426866 0
0.6857386799 0.225347445 -0.05690259565 -0.01279703895 0.1674017394 0.4710582468 -0.001663154598 0.04328667862 0.2499992929 -0.9971728448 -0.03286918538 -0.0675716975 0.0167007752 0.7798155269 -0.6257865675 0.07326255359 -0.6251458715 -0.7770619265 9.717285904e-05 -0.07568045222 0
0.6923682383 0.2275260505 -0.05745271641 -0.01303906306 0.168876354 0.4703217605 -0.001695248801 0.04369569415 0.2499028064 -0.997063877 -0.03379410353 -0.06871378078 0.01717619848 0.7757800995 -0.6307695422 0.0746230749 -0.6300977668 -0.7729218595 9.932336924e-05 -0.07641211283 0
0.6999448765 0.2300158853 -0.05808142585 -0.01331820403 0.1705566664 0.4694723266 -0.001732295621 0.04416280759 0.2497914313 -0.9969355897 -0.03487085929 -0.07002466116 0.01773000041 0.7711318157 -0.6364286055 0.07619105646 -0.6357198644 -0.7681504911 0.0001018180792 -0.07724829639 0
0.7075215148 0.2325057202 -0.05871013529 -0.01360004636 0.1722316381 0.4686146724 -0.001769734343 0.04462956236 0.2496788787 -0.9968032227 -0.03596875992 -0.07134131679 0.01829504287 0.7664450939 -0.6420492266 0.07777291674 -0.6413019307 -0.7633368897 0.0001043525921 -0.07808447994 0
0.715098153 0.234995555 -0.05933884473 -0.01388457941 0.1739012184 0.4677488302 -0.001807564602 0.0450959547 0.2495651497 -0.9966666956 -0.03708793257 -0.07266349218 0.01887141041 0.7617203057 -0.6476311031 0.07936855616 -0.6468436141 -0.7584813585 0.0001069272787 -0.0789206635 0
0.7217277114 0.2371741605 -0.05988896549 -0.01413574461 0.175357639 0.4669845274 -0.001840986971 0.04550374775 0.2494646727 -0.9965437581 -0.03808475595 -0.07382472141 0.01938508774 0.7575551838 -0.6524832273 0.08077596487 -0.6516591862 -0.7541986135 0.0001092133777 -0.07965232411 0
0.7293043497 0.2396639954 -0.06051767493 -0.01442529372 0.1770169749 0.4661034212 -0.001879550365 0.04596945043 0.249348741 -0.996399212 -0.03924414563 -0.07515655181 0.01998291382 0.7527600317 -0.6579916548 0.08239716865 -0.6571242133 -0.7492652901 0.0001118643976 -0.08048850766 0
0.7368809879 0.2421538302 -0.06114638438 -0.01471750241 0.1786707753 0.4652142219 -0.001918504226 0.04643477991 0.2492316362 -0.9962502715 -0.04042515574 -0.07649315809 0.02059230181 0.7479278965 -0.6634604877 0.08403186037 -0.6625478612 -0.744290923 0.0001145566703 -0.08132469122 0
0.7435105463 0.2443324357 -0.06169650514 -0.01497535802 0.1801132707 0.4644295599 -0.001952908861 0.0468416341 0.2491282081 -0.996116279 -0.04147636573 -0.07766640046 0.02113506372 0.7436697407 -0.6682130093 0.08547319906 -0.6672593407 -0.7399049293 0.0001169465474 -0.08205635183 0
0.7510871846 0.2468222706 -0.06232521458 -0.01527252363 0.1817565582 0.4635252765 -0.001992593822 0.04730625373 0.2490089069 -0.9959588764 -0.04269822214 -0.07901125444 0.02176634543 0.7387692939 -0.6736068265 0.08713290256 -0.6726044843 -0.7348544516 0.0001197171941 -0.08289253539 0
0.7586638228 0.2493121054 -0.06295392402 -0.01557231686 0.1833941679 0.4626129972 -0.00203266815 0.04777048939 0.2488884359 -0.9957968411 -0.04394202165 -0.08036012719 0.0224094164 0.7338329693 -0.6789602281 0.08880579579 -0.6779072739 -0.7297638376 0.0001225301912 -0.08372871894 0
0.7652933812 0.2514907109 -0.06350404478 -0.01583678252 0.1848223803 0.4618082207 -0.002068052281 0.0481763777 0.2487820652 -0.995651194 -0.04504842994 -0.0815434782 0.02298183479 0.7294845604 -0.683611082 0.09028031428 -0.6825122087 -0.725276878 0.0001250266076 -0.08446037955 0
0.7728700195 0.2539805458 -0.06413275422 -0.01614147202 0.1864492123 0.4608810419 -0.002108855615 0.04863988339 0.2486594042 -0.9954802461 -0.04633365629 -0.08289916726 0.02364721674 0.724482017 -0.6888879562 0.09197765368 -0.6877346868 -0.7201118745 0.0001279200538 -0.08529656311 0
0.7804466577 0.2564703807 -0.06476146366 -0.0164487564 0.1880702262 0.4599459668 -0.002150047183 0.04910299441 0.2485355769 -0.9953044233 -0.04764112222 -0.08425810554 0.02432460563 0.7194447225 -0.6941236236 0.09368787775 -0.6929138581 -0.7149076631 0.0001308569661 -0.08613274666 0
0.7870762162 0.2586489862 -0.06531158442 -0.01671974975 0.1894838028 0.4591213263 -0.002186407963 0.04950788988 0.2484262723 -0.9951465127 -0.04880347457 -0.08544962936 0.0249272281 0.7150088949 -0.6986708191 0.09519480861 -0.6974098516 -0.710322073 0.0001334627283 -0.08686440727 0
0.7946528544 0.261138821 -0.06594029386 -0.01703186826 0.1910937779 0.4581715408 -0.002228326386 0.04997025087 0.2483002616 -0.99496132 -0.05015289834 -0.08681392993 0.02562732694 0.7099075135 -0.7038285036 0.09692890052 -0.702506946 -0.705045232 0.0001364821981 -0.08770059083 0
0.8022294926 0.2636286559 -0.0665690033 -0.01734654813 0.1926977967 0.457213961 -0.002270631879 0.05043220651 0.2481730882 -0.9947710069 -0.05152483151 -0.08818069852 0.02633964057 0.704772528 -0.70894422 0.0986755653 -0.7075598035 -0.6997301318 0.0001395462672 -0.08853677438 0
0.8098061308 0.2661184907 -0.06719771274 -0.01766377752 0.1942958116 0.456248623 -0.002313324031 0.05089375309 0.2480447533 -0.994575487 -0.05291936162 -0.0895496608 0.02706423895 0.6996043422 -0.7140177108 0.100434693 -0.7125681059 -0.6943771071 0.0001426553336 -0.08937295794 0
0.8164356893 0.2682970962 -0.0677478335 -0.01794343525 0.1956891124 0.4553976165 -0.002350996518 0.05129726789 0.2479315086 -0.994400068 -0.05415817833 -0.0907490857 0.02770839392 0.695055264 -0.7184221774 0.1019840661 -0.7169135734 -0.6896623656 0.0001454129932 -0.09010461855 0
0.8240123275 0.2707869311 -0.06837654294 -0.01826541274 0.1972757426 0.4544178299 -0.002394412531 0.05175803752 0.2478009995 -0.9941945518 -0.05559530217 -0.09212141736 0.02845621052 0.6898259233 -0.7234158138 0.1037662625 -0.7218374872 -0.684239143 0.00014860751 -0.09094080211 0
0.8315889657 0.2732767659 -0.06900525238 -0.01858990518 0.1988562334 0.4534303902 -0.002438213998 0.05221838746 0.2476693327 -0.9939835789 -0.05705525622 -0.09349514705 0.02921650619 0.6845645552 -0.7283665049 0.1055606013 -0.7267159469 -0.6787789714 0.0001518481801 -0.09177698566 0
0.8382185242 0.2754553714 -0.06955537314 -0.01887588952 0.2002340901 0.4525601317 -0.002476856138 0.05262084648 0.2475531755 -0.9937944326 -0.05835150273 -0.09469808796 0.02989205293 0.6799349099 -0.7326629399 0.1071405194 -0.7309470709 -0.6739712818 0.0001547219457 -0.09250864627 0
0.8457951624 0.2779452063 -0.07018408258 -0.01920506455 0.2018029443 0.4515584427 -0.002521379178 0.05308039957 0.2474193414 -0.9935729919 -0.05985446212 -0.0960736858 0.03067592165 0.6746146036 -0.7375324565 0.10895732 -0.7357394783 -0.6684427593 0.000158050249 -0.09334482983 0
0.8533718006 0.2804350411 -0.07081279202 -0.01953671922 0.2033655258 0.4505492081 -0.002566286434 0.05353952239 0.2472843533 -0.9933458416 -0.06138045745 -0.09744987621 0.03147245356 0.6692634613 -0.7423583394 0.1107859359 -0.7404855561 -0.6628782826 0.0001614258782 -0.09418101338 0
0.8600013591 0.2826136466 -0.07136291278 -0.01982894135 0.204727603 0.4496599679 -0.002605895119 0.053940899 0.2471652932 -0.9931423318 -0.06273465122 -0.09865430702 0.03217985524 0.6645562453 -0.7465450112 0.1123955768 -0.7446001345 -0.6579801471 0.000164418699 -0.09491267399 0
0.8675779973 0.2851034815 -0.07199162222 -0.0201652117 0.2062782999 0.4486366877 -0.002651521601 0.05439920514 0.2470281451 -0.992904237 -0.0643040115 -0.1000308468 0.03300029575 0.6591484147 -0.7512884585 0.1142460358 -0.7492585412 -0.6523492023 0.0001678841747 -0.09574885755 0
0.8751546356 0.2875933163 -0.07262033166 -0.02050392564 0.207822593 0.4476059715 -0.002697531034 0.05485707044 0.2468898469 -0.992660177 -0.0658965855 -0.1014071648 0.03383357321 0.6537109563 -0.7559876156 0.1161079772 -0.753869767 -0.6466833166 0.0001713981644 -0.09658504111 0
0.8827312738 0.2900831512 -0.0732490411 -0.02084507046 0.2093604372 0.4465678581 -0.00274392297 0.05531449126 0.2467504 -0.9924100624 -0.06751242847 -0.1027829757 0.03467974562 0.6482442944 -0.7606422615 0.1179812838 -0.7584335217 -0.6409828468 0.0001749610852 -0.09742122466 0
0.8893608322 0.2922617567 -0.07379916186 -0.02114555619 0.2107007255 0.4456534715 -0.00278482933 0.05571436697 0.2466274428 -0.9921861749 -0.0689454197 -0.1039861694 0.03543076898 0.6434373442 -0.764678393 0.1196296574 -0.7623876397 -0.6359668481 0.000178119109 -0.09815288527 0
0.8969374705 0.2947515915 -0.0744278713 -0.02149122434 0.2122263573 0.4446015935 -0.002831937237 0.05617094451 0.2464858458 -0.9919244659 -0.07060502891 -0.1053602576 0.03630127126 0.6379170758 -0.7692489988 0.1215239552 -0.7668616136 -0.6302025023 0.0001817749062 -0.09898906883 0
0.9045141087 0.2972414264 -0.07505658074 -0.02183928634 0.2137454122 0.443542431 -0.002879426338 0.05662706706 0.2463431042 -0.9916564436 -0.07228804676 -0.1067330137 0.03718482808 0.6323688339 -0.7737744804 0.1234292772 -0.7712872981 -0.6244046103 0.0001854808438 -0.09982525238 0
0.9111436671 0.2994200319 -0.0756067015 -0.02214579404 0.2150691553 0.4426097193 -0.002921291636 0.05702579819 0.2462172673 -0.9914166741 -0.07377992278 -0.1079328555 0.0379686908 0.6274915145 -0.777697099 0.1251053829 -0.7751199406 -0.6193042232 0.0001887650034 -0.100556913 0
0.9187203054 0.3019098667 -0.07623541094 -0.02249830927 0.2165757596 0.4415370054 -0.002969494227 0.05748105781 0.2460723832 -0.9911365704 -0.07550694198 -0.1093023351 0.03887686673 0.6218919867 -0.7821374215 0.1270310512 -0.7794543339 -0.6134444176 0.000192566099 -0.1013930965 0
0.9262969436 0.3043997016 -0.07686412038 -0.02285318062 0.2180756611 0.4404571219 -0.003018076673 0.05793585198 0.2459263584 -0.9908498928 -0.07725748085 -0.1106696504 0.03979824613 0.6162657306 -0.7865320394 0.1289673969 -0.7837396449 -0.6075521208 0.0001964185594 -0.1022292801 0
0.932926502 0.3065783071 -0.07741424114 -0.02316561535 0.2193825424 0.4395063741 -0.003060897542 0.05833341222 0.2457976523 -0.9905935857 -0.078808521 -0.1118640472 0.04061532283 0.6113211738 -0.7903396852 0.1306703623 -0.787448817 -0.6023700001 0.0001998319349 -0.1029609407 0
0.9405031403 0.309068142 -0.07804295058 -0.02352486852 0.2208697595 0.4384131565 -0.003110190939 0.05878732389 0.2456494928 -0.9902943363 -0.08060324241 -0.1132265199 0.0415615905 0.6056459795 -0.7946480867 0.1326263989 -0.7916413739 -0.5964177843 0.0002037818631 -0.1037971243 0
0.9480797785 0.3115579768 -0.07867166002 -0.02388643938 0.2223501502 0.4373128861 -0.003159862822 0.05924075971 0.245500197 -0.9899882506 -0.08242156566 -0.1145859901 0.04252119976 0.5999453157 -0.7989102363 0.1345927605 -0.7957840811 -0.5904341497 0.0002077843953 -0.1046333078 0
0.9547093369 0.3137365823 -0.07922178078 -0.02420470447 0.2236398588 0.4363443964 -0.003203635816 0.05963712284 0.2453686321 -0.9897147458 -0.08403197659 -0.1157728333 0.04337183795 0.5949366887 -0.8026015326 0.1363216993 -0.7993678523 -0.5851729923 0.0002113301043 -0.1053649684 0
0.9622859752 0.3162264172 -0.07985049022 -0.02457058445 0.2251073357 0.4352310132 -0.003254016054 0.06008965667 0.2452172095 -0.989395595 -0.08589460918 -0.1171258842 0.04435658432 0.5891894596 -0.806776471 0.1383070861 -0.8034163907 -0.5791314644 0.0002154324415 -0.106201152 0
0.9698626134 0.318716252 -0.08047919966 -0.02493874302 0.2265678649 0.4341106962 -0.003304773377 0.06054170426 0.2450646548 -0.9890693441 -0.08778089667 -0.1184750891 0.04535479954 0.583418033 -0.8109046436 0.1403024402 -0.8074143379 -0.5730596062 0.0002195886366 -0.1070373355 0
0.9774392516 0.3212060869 -0.0811079091 -0.02530916639 0.2280214048 0.4329834873 -0.003355907293 0.06099326201 0.2449109695 -0.9887359011 -0.08969085063 -0.1198201537 0.0463665253 0.5776228541 -0.8149858795 0.1423076359 -0.8113614421 -0.5669578 0.000223799129 -0.1078735191 0
0.9840688101 0.3233846924 -0.08165802986 -0.02563513382 0.2292874864 0.4319915592 -0.003400958001 0.0613879704 0.2447755686 -0.9884381662 -0.09138148067 -0.1209934569 0.04726289997 0.5725329394 -0.818518327 0.1440701562 -0.8147732558 -0.5615944549 0.0002275281974 -0.1086051797 0
0.9916454483 0.3258745272 -0.0822867393 -0.02600976636 0.2307278103 0.4308515417 -0.003452796683 0.06183860002 0.2446197676 -0.9880909894 -0.09333582814 -0.122329963 0.04830006574 0.5666944299 -0.8225111104 0.1460934643 -0.8186243621 -0.5554375333 0.0002318416877 -0.1094413633 0
0.9992220865 0.3283643621 -0.08291544874 -0.02638662371 0.2321610271 0.4297047541 -0.003505010516 0.0622887295 0.2444628403 -0.9877363552 -0.0953138556 -0.1236614795 0.04935085448 0.5608334559 -0.8264564888 0.1481262493 -0.8224239197 -0.5492517734 0.0002362107483 -0.1102775468 0
1.005851645 0.3305429676 -0.0834655695 -0.02671818787 0.2334092298 0.4286957949 -0.003551004963 0.0626821797 0.2443246064 -0.9874198602 -0.09706405294 -0.1248222307 0.05028149845 0.5556870297 -0.8298696861 0.1499126098 -0.8257060582 -0.5438158832 0.000240079612 -0.1110092074 0
1.013428283 0.3330328024 -0.08409427894 -0.02709917877 0.2348290116 0.4275364288 -0.003603920833 0.06313136175 0.2441655717 -0.9870509941 -0.09908647154 -0.1261435935 0.0513579276 0.5497851497 -0.8337257657 0.1519628188 -0.8294083194 -0.5375771027 0.0002445540705 -0.111845391 0
