0.007387489045 0.00200274828 -0.002637702963 -1.257595199e-06 0.001883800509 0.5099953611 -1.586297206e-07 0.0004692531218 0.2549994242 -1 -3.563250922e-08 -7.323811207e-06 1.820198517e-08 0.9999729849 -0.007350480542 7.323875269e-06 -0.007350480542 -0.9999729848 2.641511494e-08 -0.003508144941 0
0.01468747652 0.003981774886 -0.005244163493 -4.970931581e-06 0.003745234237 0.5099816638 -6.306699582e-07 0.0009347811531 0.2549977104 -0.9999999996 -2.816485304e-07 -2.894809835e-05 1.414140222e-07 0.9998932174 -0.01461348073 2.894912306e-05 -0.01461348073 -0.999893217 4.764050759e-08 -0.006974737446 0
0.021987464 0.005960801491 -0.007850624023 -1.114005812e-05 0.00560656084 0.5099589079 -1.418225148e-06 0.001401017055 0.2549948508 -0.9999999979 -9.456720147e-07 -6.487038246e-05 4.736362818e-07 0.9997606993 -0.02187565329 6.487554613e-05 -0.02187565327 -0.9997606972 3.097284175e-08 -0.01044132995 0
0.02928745148 0.007939828097 -0.01045708455 -1.976476308e-05 0.007467727081 0.5099270942 -2.520896808e-06 0.001867323545 0.254990847 -0.9999999934 -2.235398122e-06 -0.0001150848384 1.118730346e-06 0.9995754395 -0.02913658694 0.0001151011098 -0.02913658688 -0.9995754329 1.796499808e-08 -0.01390792245 0
0.03658743896 0.009918854703 -0.01306354508 -3.084475042e-05 0.009328679727 0.5098862237 -3.938253626e-06 0.002333563101 0.2549857004 -0.9999999839 -4.358446283e-06 -0.0001795833227 2.180532798e-06 0.9993374508 -0.03639587051 0.0001796229694 -0.03639587031 -0.9993374347 9.157147797e-08 -0.01737451496 0
0.04388742644 0.01189788131 -0.01567000561 -4.437963985e-05 0.01118936555 0.5098362979 -5.670069988e-06 0.002799722733 0.254979412 -0.9999999666 -7.522335071e-06 -0.0002583553751 3.762846927e-06 0.9990467494 -0.04365309294 0.0002584374709 -0.04365309245 -0.999046716 1.872768703e-07 -0.02084110746 0
0.05118741392 0.01387690791 -0.01827646614 -6.036896682e-05 0.01304973135 0.5097773185 -7.716228346e-06 0.003265811003 0.2549719822 -0.9999999382 -1.193445708e-05 -0.0003513882188 5.969434433e-06 0.9987033551 -0.05090784332 0.0003515401506 -0.05090784227 -0.9987032933 3.033453012e-07 -0.02430769997 0
0.0584874014 0.01585593452 -0.02088292667 -7.881218254e-05 0.01490972391 0.5097092874 -1.007665932e-05 0.003731836964 0.2549634112 -0.9999998947 -1.780205381e-05 -0.0004586667624 8.904007138e-06 0.9983072913 -0.05815971094 0.0004589257355 -0.05815970889 -0.998307186 4.389871562e-07 -0.02777429247 0
0.06578738888 0.01783496113 -0.0234893872 -9.970865401e-05 0.01676929005 0.5096322071 -1.275131477e-05 0.004197806842 0.2549536992 -0.9999998314 -2.533219058e-05 -0.000580173601 1.26702187e-05 0.9978585852 -0.06540828529 0.0005805881438 -0.06540828161 -0.9978584166 5.938010338e-07 -0.03124088498 0
0.07217487793 0.01956660941 -0.02577004016 -0.0001200049412 0.01839601883 0.5095573407 -1.534936987e-05 0.004605487355 0.2549442653 -0.9999997557 -3.344749068e-05 -0.0006981482905 1.672929267e-05 0.9974228081 -0.07174776382 0.000698748811 -0.07174775797 -0.9974225639 7.448238544e-07 -0.03427415342 0
0.07947486541 0.02154563601 -0.02837650069 -0.000145499268 0.02025464213 0.5094633004 -1.86130943e-05 0.005071360205 0.2549324144 -0.9999996409 -4.465227602e-05 -0.000846278226 2.233396846e-05 0.9968754828 -0.07898905774 0.0008471610564 -0.07898904828 -0.9968751239 9.351076379e-07 -0.03774074592 0
0.08677485288 0.02352466262 -0.03098296122 -0.0001734445618 0.0221126862 0.5093602192 -2.219093885e-05 0.005537182475 0.2549194228 -0.9999994897 -5.811370591e-05 -0.00100857355 2.906788845e-05 0.9962756129 -0.08622587968 0.001009828137 -0.08622586499 -0.9962751028 1.144210544e-06 -0.04120733843 0
0.09407484036 0.02550368922 -0.03358942175 -0.0002038398636 0.02397009792 0.5092481008 -2.608286851e-05 0.006002953556 0.2549052908 -0.9999992951 -7.40379263e-05 -0.001185007914 3.703440275e-05 0.9956232392 -0.09345782025 0.001186740841 -0.09345779826 -0.9956225347 1.372121632e-06 -0.04467393093 0
0.1013748278 0.02748271583 -0.03619588228 -0.0002366841303 0.0258268242 0.509126949 -3.028884687e-05 0.006468672126 0.2548900185 -0.9999990496 -9.263078491e-05 -0.001375552667 4.633676299e-05 0.9949184063 -0.1006844704 0.001377889149 -0.1006844385 -0.9949174565 1.618855388e-06 -0.04814052343 0
0.1086748153 0.02946174243 -0.03880234281 -0.0002719762347 0.02768281198 0.5089967679 -3.480883566e-05 0.006934336361 0.254873606 -0.999998745 -0.0001140978063 -0.001580176858 5.707811408e-05 0.9941611623 -0.1079054216 0.001583262234 -0.1079053764 -0.9941599082 1.884443943e-06 -0.05160711594 0
0.1159748028 0.03144076904 -0.04140880334 -0.0003097149658 0.02953800823 0.5088575619 -3.964279441e-05 0.007399944072 0.2548560534 -0.9999983725 -0.0001386441669 -0.001798847243 6.936148598e-05 0.9933515589 -0.1151202656 0.001802848466 -0.115120203 -0.9933499326 2.16893244e-06 -0.05507370844 0
0.1232747903 0.03341979565 -0.04401526387 -0.0003498990286 0.03139235994 0.5087093359 -4.47906803e-05 0.007865492801 0.254837361 -0.9999979226 -0.0001664746701 -0.002031528281 8.328978545e-05 0.9924896513 -0.1223285947 0.002036635408 -0.1223285098 -0.9924875756 2.472376182e-06 -0.05854030095 0
0.1305747778 0.03539882225 -0.0466217244 -0.0003925270442 0.03324581413 0.508552095 -5.025244804e-05 0.008330979895 0.2548175289 -0.9999973854 -0.0001977937216 -0.002278182148 9.896578785e-05 0.9915754983 -0.1295300016 0.00228460982 -0.1295298884 -0.9915728862 2.794838815e-06 -0.06200689345 0
0.1378747652 0.03737784886 -0.04922818493 -0.00043759755 0.03509831788 0.5083858445 -5.602804979e-05 0.008796402547 0.2547965572 -0.9999967502 -0.0002328053043 -0.002538768731 0.0001164921289 0.9906091623 -0.1367240795 0.002546757657 -0.136723931 -0.990605916 3.13639114e-06 -0.06547348596 0
0.1451747527 0.03935687546 -0.05183464546 -0.0004851089995 0.03694981827 0.5082105902 -6.211743513e-05 0.009261757836 0.2547744462 -0.9999960059 -0.0002717129537 -0.002813245638 0.0001359712966 0.9895907093 -0.1439104224 0.002823064072 -0.1439102301 -0.9895867198 3.497110311e-06 -0.06894007846 0
0.1515622418 0.04108852374 -0.05411529842 -0.000528682575 0.0385690165 0.5080498614 -6.770300624e-05 0.009668886093 0.2547541647 -0.9999952558 -0.0003091127859 -0.00306477228 0.0001546979469 0.988656865 -0.1501918083 0.003076434363 -0.1501915699 -0.9886521268 3.828527473e-06 -0.0719733469 0
0.1588622292 0.04306755035 -0.05672175895 -0.0005807663346 0.04041849316 0.5078577413 -7.43805907e-05 0.01013410691 0.254729918 -0.9999942745 -0.0003558724894 -0.003365171368 0.0001781143522 0.9875408825 -0.157362555 0.003379245306 -0.1573622534 -0.9875351649 4.225412348e-06 -0.07543993941 0
0.1661622167 0.04504657695 -0.05932821948 -0.0006352861261 0.04226681459 0.5076566355 -8.137179903e-05 0.01059925154 0.2547045325 -0.9999931484 -0.0004071107081 -0.003679326242 0.0002037773395 0.9863729921 -0.1645244022 0.00369616768 -0.1645240247 -0.9863661509 4.641716942e-06 -0.07890653191 0
0.1734622042 0.04702560356 -0.06193468001 -0.0006922400792 0.04411392807 0.5074465508 -8.867657051e-05 0.01106431681 0.2546780086 -0.999991864 -0.0004630290104 -0.004007185719 0.000231788747 0.9851532736 -0.171676946 0.004027183536 -0.1716764781 -0.9851451511 5.07753907e-06 -0.08237312441 0
0.1807621917 0.04900463017 -0.06454114054 -0.0007516262401 0.04595978088 0.5072274945 -9.629484174e-05 0.01152929952 0.2546503463 -0.9999904072 -0.0005238283974 -0.004348696359 0.0002622502249 0.9838818101 -0.1788197834 0.004372274126 -0.1788192085 -0.9838722345 5.532981323e-06 -0.08583971692 0
0.1880621792 0.05098365677 -0.06714760107 -0.0008134425718 0.04780432038 0.5069994741 -0.0001042265466 0.01199419641 0.2546215461 -0.9999887632 -0.000589709278 -0.004703802469 0.0002952632281 0.9825586884 -0.185952512 0.004731419906 -0.1859518113 -0.9825474734 6.00815094e-06 -0.08930630942 0
0.1953621666 0.05296268338 -0.0697540616 -0.0008776869541 0.04964749397 0.5067624974 -0.0001124716163 0.01245900424 0.2545916081 -0.9999869167 -0.0006608714447 -0.005072446114 0.0003309290076 0.9811839986 -0.1930747301 0.005104600536 -0.1930738827 -0.9811709427 6.5031597e-06 -0.09277290193 0
0.2026621541 0.05494170998 -0.07236052213 -0.0009443571834 0.05148924911 0.5065165725 -0.0001210299794 0.01292371972 0.2545605326 -0.9999848518 -0.0007375140491 -0.005454567117 0.0003693486024 0.9797578344 -0.2001860371 0.005491794881 -0.2001850192 -0.9797427204 7.01812384e-06 -0.09623949443 0
0.2099621416 0.05692073659 -0.07496698266 -0.001013450973 0.05332953331 0.506261708 -0.0001299015616 0.01338833956 0.2545283198 -0.9999825519 -0.0008198355778 -0.005850103072 0.0004106228319 0.9782802932 -0.2072860327 0.005892981013 -0.2072848182 -0.9782628874 7.553163987e-06 -0.09970608694 0
0.2172621291 0.05889976319 -0.07757344319 -0.001084965954 0.05516829412 0.5059979124 -0.000139086286 0.01385286045 0.2544949701 -0.9999800001 -0.0009080338281 -0.006258989343 0.0004548522871 0.9767514755 -0.214374318 0.006308136208 -0.2143728774 -0.9767315275 8.108405087e-06 -0.1031726794 0
0.2236496181 0.06063141147 -0.07985409615 -0.00114952577 0.05677591901 0.5057597722 -0.0001473797318 0.01425923244 0.2544648568 -0.9999775466 -0.0009901829971 -0.006627663761 0.0004960561677 0.9753717792 -0.2205666482 0.006682837539 -0.2205649834 -0.9753493875 8.61091362e-06 -0.1062059479 0
0.2309496056 0.06261043808 -0.08246055668 -0.001225573809 0.05861168235 0.5054792556 -0.0001571513813 0.01472355883 0.2544293762 -0.999974474 -0.001089930723 -0.007061399946 0.0005460969685 0.9737471018 -0.2276319036 0.007124120737 -0.2276299493 -0.9737216507 9.204383101e-06 -0.1096725404 0
0.2382495931 0.06458946469 -0.08506701721 -0.001304035766 0.0604457719 0.5051898349 -0.0001672359368 0.0151877767 0.2543927595 -0.999971097 -0.001196119779 -0.007508288287 0.0005993808527 0.9720714569 -0.2346843059 0.007579303274 -0.2346820232 -0.9720426442 9.818436362e-06 -0.1131391329 0
0.2455495806 0.06656849129 -0.08767347774 -0.00138490895 0.06227813544 0.5048915199 -0.0001776333109 0.01565188271 0.2543550071 -0.9999673963 -0.001308945064 -0.007968255591 0.0006560074525 0.9703449586 -0.2417234596 0.008048359371 -0.2417208058 -0.9703124631 1.045321463e-05 -0.1166057254 0
0.252849568 0.0685475179 -0.09027993827 -0.00146819059 0.06410872084 0.504584321 -0.0001883434136 0.01611587351 0.2543161193 -0.9999633517 -0.00142860067 -0.008441226472 0.0007160761333 0.9685677246 -0.24874897 0.008531262462 -0.2487458983 -0.9685312053 1.11088632e-05 -0.1200723179 0
0.2601495555 0.0705265445 -0.0928863988 -0.001553877829 0.06593747604 0.5042682485 -0.0001993661521 0.01657974574 0.2542760965 -0.9999589429 -0.001555279857 -0.008927123364 0.0007796859857 0.9667398759 -0.2557604434 0.009027985199 -0.255756903 -0.9666989718 1.178553146e-05 -0.1235389104 0
0.267449543 0.07250557111 -0.09549285933 -0.001641967731 0.06776434904 0.5039433134 -0.0002107014309 0.01704349606 0.254234939 -0.9999541488 -0.001689175034 -0.009425866523 0.0008469358178 0.964861537 -0.2627574874 0.009538499449 -0.2627534228 -0.9648158663 1.248337277e-05 -0.1270055029 0
0.2747495305 0.07448459771 -0.09809931986 -0.001732457276 0.06958928791 0.5036095268 -0.0002223491518 0.0175071211 0.2541926472 -0.9999489477 -0.001830477731 -0.009937374042 0.0009179241467 0.9629328357 -0.2697397105 0.0100627763 -0.2697350614 -0.9628819955 1.320254448e-05 -0.1304720954 0
0.282049518 0.07646362432 -0.1007057804 -0.001825343364 0.07141224081 0.5032669002 -0.0002343092137 0.0179706175 0.2541492214 -0.9999433173 -0.001979378577 -0.01046156185 0.0009927491916 0.9609539033 -0.2767067222 0.01060078606 -0.2767014234 -0.9608974688 1.39432079e-05 -0.1339386879 0
0.2893495054 0.07844265093 -0.1033122409 -0.001920622812 0.07323315595 0.5029154452 -0.0002465815132 0.01843398189 0.2541046621 -0.9999372349 -0.002136067274 -0.01099834374 0.001071508865 0.9589248747 -0.2836581332 0.01115249825 -0.2836521142 -0.9588623988 1.47055282e-05 -0.1374052804 0
0.2966494929 0.08042167753 -0.1059187014 -0.002018292353 0.07505198165 0.5025551739 -0.0002591659439 0.01889721093 0.2540589696 -0.999930677 -0.002300732581 -0.01154763136 0.001154300766 0.9568458878 -0.2905935557 0.01171788164 -0.2905867403 -0.9567769007 1.548967444e-05 -0.1408718729 0
0.303036982 0.08215332581 -0.1081993544 -0.002105711198 0.07664169955 0.5022327141 -0.0002704332803 0.01930242264 0.2540180595 -0.9999245301 -0.002451505684 -0.01203844554 0.001230127846 0.954985904 -0.2966486304 0.0122237816 -0.2966410512 -0.9549108157 1.619384231e-05 -0.1439051414 0
0.3103369694 0.08413235242 -0.1108058149 -0.002207853083 0.07845646847 0.5018559458 -0.000283602661 0.01976538879 0.2539702435 -0.999917016 -0.002631632489 -0.01261093582 0.001320742105 0.9528136294 -0.3035530321 0.01281471155 -0.3035444979 -0.9527310853 1.701938114e-05 -0.1473717339 0
0.3176369569 0.08611137902 -0.1134122755 -0.002312375221 0.08026899975 0.5014703976 -0.0002970838522 0.0202282099 0.2539212956 -0.9999089561 -0.002820273084 -0.01319566598 0.001415667368 0.9505918123 -0.3104403362 0.01341921856 -0.3104307532 -0.9505012741 1.786725314e-05 -0.1508383264 0
0.3249369444 0.08809040563 -0.116018736 -0.002419274033 0.08207924203 0.5010760825 -0.0003108767371 0.0206908826 0.2538712161 -0.999900325 -0.003017612335 -0.01379253944 0.001514999944 0.9483206038 -0.3173101593 0.01403726838 -0.3172994271 -0.9482215082 1.873764198e-05 -0.1543049189 0
0.3322369319 0.09006943223 -0.1186251965 -0.002528545858 0.08388714401 0.5006730142 -0.0003249811962 0.02115340352 0.2538200055 -0.9998910965 -0.003223834042 -0.01440145757 0.001618835789 0.9460001584 -0.3241621193 0.01466882602 -0.3241501305 -0.9458919169 1.963073504e-05 -0.1577715114 0
0.3395369194 0.09204845884 -0.1212316571 -0.002640186952 0.08569265448 0.5002612064 -0.0003393971073 0.0216157693 0.2537676644 -0.9998812441 -0.003439120927 -0.01502231963 0.001727270501 0.9436306339 -0.3309958357 0.0153138557 -0.3309824756 -0.943512632 2.054672332e-05 -0.1612381039 0
0.3468369068 0.09402748545 -0.1238381176 -0.002754193493 0.08749572234 0.4998406732 -0.0003541243456 0.02207797656 0.2537141931 -0.9998707406 -0.003663654601 -0.01565502281 0.001840399311 0.9412121914 -0.337810929 0.01597232089 -0.3377960752 -0.9410837883 2.148580147e-05 -0.1647046964 0
0.3541368943 0.09600651205 -0.1264445781 -0.002870561577 0.08929629657 0.4994114291 -0.0003691627834 0.02254002195 0.2536595921 -0.9998595582 -0.00389761555 -0.01629946225 0.001958317074 0.9387449951 -0.3446070213 0.0166441843 -0.3445905436 -0.9386055233 2.244816768e-05 -0.1681712889 0
0.3614368818 0.09798553866 -0.1290510386 -0.00298928722 0.09109432624 0.4989734887 -0.0003845122906 0.02300190209 0.253603862 -0.9998476687 -0.004141183107 -0.01695553104 0.002081118266 0.9362292128 -0.3513837362 0.01732940787 -0.3513654959 -0.9360779775 2.34340237e-05 -0.1716378814 0
0.3687368693 0.09996456526 -0.1316574992 -0.003110366357 0.09288976053 0.498526867 -0.0004001727341 0.02346361362 0.2535470032 -0.9998350432 -0.004394535432 -0.01762312023 0.002208896972 0.9336650153 -0.3581406985 0.01802795281 -0.3581205484 -0.9335012939 2.444357479e-05 -0.1751044739 0
0.3760368568 0.1019435919 -0.1342639597 -0.003233794845 0.09468254871 0.4980715793 -0.0004161439782 0.02392515318 0.2534890162 -0.9998216525 -0.004657849489 -0.01830211884 0.002341746877 0.9310525769 -0.3648775347 0.01873977955 -0.3648553186 -0.9308756185 2.547702966e-05 -0.1785710664 0
0.3824243458 0.1036752401 -0.1365446127 -0.003343718654 0.09624902793 0.497666106 -0.0004303736619 0.02432885659 0.2534373525 -0.9998092845 -0.004896559214 -0.01890551314 0.002462223857 0.9287272599 -0.370755464 0.0193734915 -0.3707313048 -0.9285380808 2.640107793e-05 -0.1816043349 0
0.3897243333 0.1056542668 -0.1391510732 -0.003471540725 0.09803671828 0.4971946119 -0.0004469272824 0.02479006463 0.2533772516 -0.999794378 -0.005179024237 -0.01960559828 0.002604833369 0.9260248504 -0.3774535618 0.02011011236 -0.3774270184 -0.9258209488 2.747992687e-05 -0.1850709274 0
0.3970243208 0.1076332934 -0.1417575337 -0.003601699785 0.09982161725 0.4967144973 -0.0004637912986 0.02525109104 0.253316024 -0.9997786189 -0.005471952904 -0.02031676259 0.002752781154 0.9232747185 -0.3841304678 0.02085989709 -0.3841013562 -0.9230552599 2.858329863e-05 -0.1885375199 0
0.4043243082 0.10961232 -0.1443639943 -0.003734191383 0.1016036745 0.4962257787 -0.0004809655644 0.02571193245 0.2532536703 -0.999761976 -0.005775517339 -0.02103888735 0.002906159293 0.9204770511 -0.3907858143 0.02162280324 -0.3907539402 -0.9202411709 2.971141502e-05 -0.1920041124 0
0.4116242957 0.1115913466 -0.1469704548 -0.003869010984 0.1033828398 0.4957284729 -0.0004984499311 0.0261725855 0.2531901911 -0.9997444172 -0.006089888361 -0.02177185188 0.003065059433 0.9176320379 -0.3974192352 0.02239878759 -0.3973843937 -0.917378841 3.086450114e-05 -0.1954707049 0
0.4189242832 0.1135703732 -0.1495769153 -0.004006153979 0.1051590631 0.4952225969 -0.0005162442473 0.02663304683 0.2531255868 -0.9997259102 -0.006415235468 -0.02251553353 0.003229572779 0.9147398718 -0.4040303661 0.02318780619 -0.403992341 -0.9144684325 3.204278534e-05 -0.1989372974 0
0.4262242707 0.1155493998 -0.1521833758 -0.004145615675 0.1069322944 0.4947081679 -0.0005343483588 0.02709331309 0.2530598582 -0.999706422 -0.00675172681 -0.02326980771 0.00339979009 0.9118007492 -0.4106188443 0.02398981437 -0.4105774081 -0.9115101101 3.324649918e-05 -0.2024038899 0
0.4335242582 0.1175284264 -0.1547898364 -0.004287391304 0.1087024837 0.4941852036 -0.0005527621088 0.02755338092 0.2529930057 -0.9996859193 -0.007099529173 -0.02403454792 0.00357580167 0.9088148691 -0.4171843086 0.02480476669 -0.4171392218 -0.9085040414 3.447587741e-05 -0.2058704824 0
0.4408242456 0.119507453 -0.1573962969 -0.004431476018 0.1104695814 0.4936537218 -0.0005714853379 0.02801324698 0.2529250301 -0.999664368 -0.007458807953 -0.02480962571 0.003757697361 0.9057824341 -0.4237263998 0.025632617 -0.4236774107 -0.9054503966 3.573115793e-05 -0.2093370749 0
0.4481242331 0.1214864796 -0.1600027574 -0.004577864892 0.1122335377 0.4931137407 -0.0005905178838 0.0284729079 0.2528559317 -0.9996417338 -0.007829727138 -0.02559491076 0.003945566538 0.9027036496 -0.4302447601 0.02647331842 -0.4301916043 -0.9023493486 3.701258174e-05 -0.2128036674 0
0.4545117222 0.1232181279 -0.1622834104 -0.004707841355 0.1137743837 0.4926342997 -0.0006074249684 0.0288749403 0.2527945503 -0.999621013 -0.008163958024 -0.02629030442 0.004114922088 0.899971856 -0.4359285788 0.02721943668 -0.4358715501 -0.8995971843 3.815546503e-05 -0.2158369358 0
0.4618117096 0.1251971545 -0.1648898709 -0.004858536978 0.1155323166 0.4920784324 -0.0006270370371 0.02933420758 0.2527233488 -0.9995962537 -0.008557139977 -0.02709437022 0.004314230775 0.8968067309 -0.442401486 0.02808410502 -0.4423397595 -0.896407731 3.948656775e-05 -0.2193035283 0
0.4691116971 0.1271761811 -0.1674963315 -0.005011522163 0.1172869661 0.4915141196 -0.0006469579415 0.0297932601 0.2526510264 -0.9995703097 -0.008962425766 -0.0279082581 0.004519767219 0.8935958643 -0.4488496441 0.02896148564 -0.4487829166 -0.8931713867 4.084452362e-05 -0.2227701208 0
0.4764116846 0.1291552077 -0.170102792 -0.005166791683 0.1190382831 0.4909413807 -0.0006671875092 0.03025209452 0.2525775838 -0.9995431446 -0.009379973726 -0.02873183049 0.00473161891 0.8903394736 -0.4552727024 0.02985152882 -0.4552006567 -0.8898883348 4.222958537e-05 -0.2262367133 0
0.4837116721 0.1311342343 -0.1727092525 -0.005324340234 0.1207862184 0.4903602352 -0.0006877255648 0.03071070749 0.2525030218 -0.9995147217 -0.009809940682 -0.02956494799 0.004949872834 0.8870377792 -0.4616703121 0.03075418418 -0.4615926163 -0.886558761 4.364200864e-05 -0.2297033058 0
0.4910116596 0.1331132609 -0.175315713 -0.005484162433 0.1225307231 0.4897707029 -0.0007085719307 0.03116909568 0.2524273408 -0.9994850036 -0.01025248193 -0.03040746936 0.005174615469 0.8836910045 -0.4680421263 0.03166940058 -0.4679584333 -0.8831828541 4.5082052e-05 -0.2331698984 0
0.498311647 0.1350922875 -0.1779221736 -0.005646252821 0.1242717485 0.4891728041 -0.0007297264262 0.03162725575 0.2523505417 -0.9994539525 -0.01070775121 -0.03125925158 0.005405932774 0.8802993758 -0.4743878 0.0325971262 -0.4742977472 -0.8797608052 4.654997687e-05 -0.2366364909 0
0.5056116345 0.1370713141 -0.1805286341 -0.005810605864 0.1260092459 0.488566559 -0.0007511888681 0.03208518436 0.2522726251 -0.9994215303 -0.01117590071 -0.03212014984 0.005643910185 0.8768631227 -0.4807069902 0.03353730848 -0.480610199 -0.8762928081 4.804604751e-05 -0.2401030834 0
0.512911622 0.1390503407 -0.1831350946 -0.005977215949 0.1277431668 0.4879519884 -0.0007729590706 0.03254287818 0.2521935917 -0.9993876981 -0.01165708102 -0.03299001755 0.005888632609 0.8733824773 -0.4869993556 0.03448989419 -0.4868954311 -0.8727790593 4.957053098e-05 -0.2435696759 0
0.5202116095 0.1410293673 -0.1857415552 -0.006146077388 0.1294734628 0.4873291133 -0.0007950368451 0.03300033387 0.2521134422 -0.9993524169 -0.01215144111 -0.03386870635 0.006140184414 0.8698576749 -0.4932645574 0.03545482938 -0.4931530877 -0.8692197577 5.11236971e-05 -0.2470362684 0
0.527511597 0.1430083939 -0.1883480157 -0.006317184418 0.1312000856 0.4866979549 -0.0008174220005 0.03345754811 0.2520321774 -0.999315647 -0.01265912834 -0.03475606617 0.006398649427 0.8662889537 -0.4995022583 0.03643205939 -0.4993828143 -0.8656151049 5.270581845e-05 -0.2505028609 0
0.533899086 0.1447400422 -0.1906286687 -0.006468740567 0.1327078296 0.4861389134 -0.0008372610075 0.03385740988 0.2519601562 -0.9992822206 -0.01311440167 -0.03553949964 0.006630542781 0.8631304849 -0.5049374238 0.03729717775 -0.5048106363 -0.862423992 5.41141433e-05 -0.2535361293 0
0.5411990735 0.1467190688 -0.1932351292 -0.00664404228 0.1344274357 0.4854922823 -0.0008602219774 0.03431416241 0.251876802 -0.999242551 -0.01364746871 -0.03644270707 0.006902194071 0.8594800678 -0.5111226591 0.03829731084 -0.5109870444 -0.858734858 5.575129973e-05 -0.2570027218 0
0.548499061 0.1486980954 -0.1958415897 -0.006821572592 0.1361432306 0.4848374305 -0.0008834897637 0.03477066393 0.2517923345 -0.9992012762 -0.01419427728 -0.03735414444 0.007180996477 0.8557864327 -0.5172794359 0.03930957776 -0.5171345125 -0.8550009667 5.741820995e-05 -0.2604693143 0
0.5557990484 0.150677122 -0.1984480502 -0.007001325446 0.1378551668 0.4841743805 -0.000907064165 0.03522691111 0.2517067545 -0.9991583549 -0.01475496826 -0.03827365507 0.007467031657 0.8520498288 -0.5234074251 0.0403339212 -0.5232526924 -0.8512225295 5.911515683e-05 -0.2639359068 0
0.5630990359 0.1526561486 -0.2010545108 -0.007183294711 0.1395631966 0.4835031549 -0.000930944977 0.03568290064 0.2516200627 -0.9991137454 -0.0153296808 -0.03920108062 0.00776038069 0.8482705082 -0.5295062997 0.04137028313 -0.5293412376 -0.8473997604 6.08424258e-05 -0.2674024993 0
0.5703990234 0.1546351752 -0.2036609713 -0.007367474183 0.1412672726 0.4828237765 -0.000955131993 0.03613862919 0.25153226 -0.9990674053 -0.0159185523 -0.04013626107 0.008061124076 0.8444487257 -0.535575735 0.04241860487 -0.5353998032 -0.8435328759 6.260030485e-05 -0.2708690918 0
0.5776990109 0.1566142019 -0.2062674318 -0.007553857582 0.1429673476 0.4821362686 -0.0009796250036 0.03659409345 0.251443347 -0.999019292 -0.01652171842 -0.04107903482 0.008369341726 0.8405847391 -0.5416154083 0.04347882703 -0.5414280462 -0.839622095 6.438908449e-05 -0.2743356843 0
0.5849989984 0.1585932285 -0.2088738924 -0.007742438554 0.1446633745 0.4814406545 -0.001004423797 0.03704929011 0.2513533247 -0.9989693624 -0.01713931304 -0.04202923861 0.008685112957 0.8366788087 -0.5476249993 0.04455088958 -0.5474256251 -0.8356676392 6.620905773e-05 -0.2778022768 0
0.5922989858 0.1605722551 -0.2114803529 -0.007933210671 0.1463553064 0.4807369581 -0.001029528158 0.03750421586 0.2512621938 -0.9989175731 -0.01777146823 -0.04298670763 0.009008516483 0.8327311977 -0.5536041899 0.0456347318 -0.5533922003 -0.8316697325 6.806052e-05 -0.2812688694 0
0.5995989733 0.1625512817 -0.2140868134 -0.008126167434 0.1480430963 0.4800252031 -0.001054937869 0.0379588674 0.2511699551 -0.9988638802 -0.01841831429 -0.04395127545 0.009339630415 0.8287421719 -0.559552664 0.0467302923 -0.5593274337 -0.8276286013 6.994376921e-05 -0.2847354619 0
0.6059864624 0.1642829299 -0.2163674664 -0.008296791527 0.1495164783 0.4793958262 -0.001077421676 0.03835645996 0.2510883381 -0.9988153024 -0.01899645671 -0.04480096353 0.009635740983 0.8252180125 -0.5647321351 0.04769847164 -0.5644947888 -0.8240573337 7.161792348e-05 -0.2877687303 0
0.6132864498 0.1662619566 -0.2189739269 -0.008493826723 0.1511963767 0.4786690272 -0.001103403324 0.03881058844 0.2509940246 -0.9987579203 -0.01967119288 -0.04577838768 0.009981520312 0.82115206 -0.5706221723 0.04881583616 -0.570370352 -0.8199357753 7.356158442e-05 -0.2912353228 0
0.6205864373 0.1682409832 -0.2215803874 -0.008693027467 0.1528719995 0.4779342403 -0.001129689683 0.03926443321 0.2508986056 -0.9986985061 -0.02036098422 -0.04676242359 0.01033523117 0.8170454722 -0.5764805975 0.04994473882 -0.576213612 -0.815771657 7.553790199e-05 -0.2947019153 0
0.6278864248 0.1702200098 -0.224186848 -0.008894386976 0.1545433007 0.4771914903 -0.001156280525 0.03971799099 0.2508020821 -0.9986370143 -0.02106595382 -0.04775289891 0.01069694926 0.8128985251 -0.5823071038 0.05108511565 -0.5820242378 -0.8115652146 7.754718323e-05 -0.2981685078 0
0.6351864123 0.1721990364 -0.2267933085 -0.009097898394 0.1562102342 0.4764408027 -0.001183175621 0.04017125846 0.250704455 -0.998573399 -0.02178622289 -0.0487496398 0.01106674965 0.8087114976 -0.5881013864 0.05223690209 -0.5878019004 -0.8073166863 7.958973748e-05 -0.3016351003 0
0.6424863998 0.174178063 -0.229399769 -0.009303554796 0.1578727541 0.4756822029 -0.001210374736 0.04062423235 0.250605725 -0.998507614 -0.02252191072 -0.04975247093 0.01144470675 0.8044846711 -0.5938631431 0.0534000329 -0.5935462725 -0.8030263127 8.166587633e-05 -0.3051016928 0
0.6497863872 0.1761570896 -0.2320062296 -0.009511349181 0.1595308148 0.4749157168 -0.001237877636 0.04107690937 0.2505058931 -0.9984396127 -0.02327313468 -0.05076121555 0.01183089434 0.8002183294 -0.599592074 0.0545744422 -0.5992570287 -0.7986943369 8.377591362e-05 -0.3085682853 0
0.6570863747 0.1781361162 -0.2346126901 -0.00972127448 0.1611843707 0.4741413704 -0.001265684083 0.04152928622 0.2504049601 -0.9983693481 -0.0240400102 -0.05177569547 0.01222538553 0.7959127592 -0.6052878817 0.05576006349 -0.6049338457 -0.7943210041 8.592016542e-05 -0.3120348778 0
0.6643863622 0.1801151428 -0.2372191506 -0.009933323551 0.1628333766 0.4733591901 -0.001293793835 0.04198135964 0.2503029271 -0.9982967729 -0.02482265075 -0.05279573105 0.01262825279 0.7915682494 -0.6109502712 0.05695682961 -0.610576402 -0.7899065622 8.809894997e-05 -0.3155014703 0
0.6716863497 0.1820941694 -0.2398256112 -0.01014748918 0.1644777872 0.4725692026 -0.00132220665 0.04243312633 0.2501997948 -0.9982218393 -0.02562116781 -0.05382114131 0.01303956791 0.7871850915 -0.6165789499 0.05816467279 -0.6161843779 -0.7854512609 9.03125877e-05 -0.3189680628 0
0.6789863372 0.184073196 -0.2424320717 -0.01036376409 0.1661175576 0.4717714346 -0.001350922282 0.04288458303 0.2500955642 -0.9981444993 -0.02643567088 -0.05485174385 0.01345940202 0.7827635795 -0.6221736278 0.05938352461 -0.6217574558 -0.7809553528 9.256140116e-05 -0.3224346553 0
0.6853738262 0.1858048443 -0.2447127246 -0.01055472913 0.167548515 0.4710670265 -0.001376296668 0.04327935077 0.2500034622 -0.9980748147 -0.02716155916 -0.05575763595 0.01383380049 0.7788635272 -0.6270408535 0.06045899624 -0.6266050237 -0.776988323 9.455822322e-05 -0.3254679238 0
0.6926738137 0.1877838709 -0.2473191852 -0.01077493906 0.1691794642 0.4702547434 -0.001405579409 0.0437302174 0.2498971748 -0.9979928318 -0.02800632416 -0.05679747772 0.01426979703 0.7743709023 -0.6325710068 0.06169830274 -0.6321118188 -0.7724169651 9.687386794e-05 -0.3289345163 0
0.6999738012 0.1897628975 -0.2499256457 -0.01099723695 0.1708056449 0.4694347586 -0.001435164244 0.04418076464 0.2497897918 -0.9979083023 -0.02886737877 -0.05784197992 0.01471451325 0.7698407821 -0.6380663393 0.06294841776 -0.637582814 -0.7678057385 9.922562748e-05 -0.3324011088 0
0.7072737886 0.1917419241 -0.2525321062 -0.01122161523 0.1724270126 0.4686070999 -0.001465050918 0.04463098921 0.2496813141 -0.9978211768 -0.02974482463 -0.05889095503 0.01516801762 0.7652734699 -0.6435265709 0.0642092705 -0.6430176993 -0.7631549043 0.0001016138325 -0.3358677013 0
0.7145737761 0.1937209507 -0.2551385668 -0.01144806629 0.1740435233 0.4677717953 -0.001495239172 0.04508088785 0.2495717428 -0.9977314055 -0.03063876131 -0.05994421423 0.01563037792 0.7606692716 -0.6489514239 0.06548078956 -0.648416167 -0.758464726 0.0001040388156 -0.3393342938 0
0.7218737636 0.1956999773 -0.2577450273 -0.01167658244 0.175655133 0.4669288733 -0.001525728745 0.04553045731 0.2494610787 -0.9976389383 -0.03154928633 -0.06100156745 0.01610166122 0.7560284951 -0.6543406232 0.06676290291 -0.6537779112 -0.7537354693 0.0001065009116 -0.3428008863 0
0.7291737511 0.1976790039 -0.2603514878 -0.01190715591 0.177261798 0.4660783625 -0.001556519373 0.04597969433 0.249349323 -0.997543725 -0.03247649507 -0.06206282337 0.01658193387 0.7513514507 -0.6596938964 0.06805553795 -0.6591026284 -0.7489674018 0.0001090004571 -0.3462674788 0
0.7364737386 0.1996580305 -0.2629579484 -0.01213977889 0.1788634747 0.4652202918 -0.001587610789 0.04642859567 0.2492364765 -0.9974457146 -0.03342048086 -0.06312778947 0.01707126154 0.7466384512 -0.6650109737 0.06935862148 -0.6643900169 -0.7441607938 0.0001115377907 -0.3497340713 0
0.743773726 0.2016370571 -0.2655644089 -0.01237444347 0.1804601197 0.4643546903 -0.001619002724 0.04687715806 0.2491225403 -0.9973448563 -0.03438133486 -0.064196272 0.01756970916 0.7418898115 -0.670291588 0.07067207968 -0.6696397774 -0.7393159174 0.0001141132531 -0.3532006638 0
0.7510737135 0.2036160837 -0.2681708694 -0.0126111417 0.1820516899 0.4634815872 -0.001650694906 0.04732537827 0.2490075154 -0.9972410987 -0.03535914613 -0.06526807607 0.01807734094 0.7371058486 -0.6755354748 0.07199583817 -0.6748516124 -0.734433047 0.0001167271867 -0.3566672563 0
0.758373701 0.2055951103 -0.2707773299 -0.01284986555 0.1836381423 0.4626010124 -0.001682687062 0.04777325306 0.2488914029 -0.9971343902 -0.03635400156 -0.06634300561 0.01859422036 0.7322868819 -0.6807423724 0.07332982198 -0.6800252268 -0.7295124592 0.0001193799361 -0.3601338488 0
0.76476119 0.2073267586 -0.2730579829 -0.01306040418 0.1850220562 0.4618244036 -0.001710926053 0.04816485759 0.248788913 -0.9970385588 -0.03723854826 -0.06728597781 0.01905412516 0.7280418248 -0.6852678613 0.07450538639 -0.6845205562 -0.7251762237 0.000121733205 -0.3631671173 0
0.7720611775 0.2093057852 -0.2756644434 -0.01330290419 0.1865987973 0.4609298997 -0.00174347991 0.04861207598 0.2486707639 -0.9969261771 -0.03826558817 -0.06836623521 0.01958851245 0.7231580943 -0.690404708 0.07585833859 -0.689621719 -0.7201856685 0.0001244596687 -0.3666337098 0
0.779361165 0.2112848118 -0.278270904 -0.01354740635 0.1881702981 0.4600280105 -0.001776332938 0.04905893964 0.24855153 -0.9968106945 -0.03930990998 -0.06944904813 0.0201323258 0.7182402903 -0.695503828 0.07722129736 -0.6946838247 -0.7151582027 0.0001272259489 -0.3701003023 0
0.7866611525 0.2132638384 -0.2808773645 -0.01379390239 0.1897365163 0.4591187666 -0.001809484851 0.04950544534 0.2484312126 -0.9966920582 -0.04037159215 -0.07053421622 0.02068562583 0.7132887404 -0.7005649704 0.0785941855 -0.6997065866 -0.7100941111 0.0001300323971 -0.3735668948 0
0.79396114 0.215242865 -0.283483825 -0.01404238395 0.1912974099 0.4582021986 -0.001842935364 0.04995158986 0.2483098127 -0.9965702152 -0.04145071092 -0.07162153808 0.02124847238 0.7083037743 -0.7055878866 0.07997692526 -0.7046897202 -0.7049936805 0.000132879367 -0.3770334873 0
0.8012611274 0.2172218917 -0.2860902856 -0.01429284262 0.192852937 0.4572783378 -0.001876684185 0.05039736998 0.2481873313 -0.9964451123 -0.04254734031 -0.07271081128 0.02182092458 0.7032857239 -0.7105723311 0.08136943834 -0.7096329434 -0.6998571998 0.0001357672137 -0.3805000798 0
0.8085611149 0.2192009183 -0.2886967461 -0.01454526992 0.194403056 0.4563472154 -0.001910731025 0.05084278248 0.2480637696 -0.9963166958 -0.0436615521 -0.07380183237 0.02240304076 0.698234923 -0.7155180613 0.08277164586 -0.7145359761 -0.6946849599 0.0001386962944 -0.3839666723 0
0.8158611024 0.2211799449 -0.2913032066 -0.0147996573 0.1959477254 0.4554088628 -0.001945075587 0.05128782414 0.2479391286 -0.9961849122 -0.04479341582 -0.07489439692 0.02299487852 0.6931517075 -0.7204248371 0.0841834684 -0.7193985406 -0.6894772537 0.000141666968 -0.3874332648 0
0.8231610899 0.2231589715 -0.2939096671 -0.01505599614 0.1974869041 0.4544633119 -0.001979717574 0.05173249175 0.2478134094 -0.9960497072 -0.04594299876 -0.07598829952 0.02359649467 0.6880364152 -0.7252924216 0.08560482602 -0.7242203617 -0.6842343762 0.000144679595 -0.3908998573 0
0.8304610774 0.2251379981 -0.2965161277 -0.01531427779 0.1990205511 0.4535105947 -0.002014656688 0.05217678211 0.2476866133 -0.9959110267 -0.04711036592 -0.07708333384 0.02420794524 0.6828893858 -0.7301205805 0.08703563822 -0.7290011661 -0.6789566242 0.0001477345379 -0.3943664498 0
0.8368485664 0.2268696464 -0.2987967806 -0.01554186106 0.2003579223 0.4526711137 -0.00204547191 0.05256522419 0.247574784 -0.9957867874 -0.04814645018 -0.0780422543 0.02475107526 0.6783599695 -0.7343126964 0.0882952909 -0.7331505106 -0.6743102182 0.0001504426114 -0.3973997182 0
0.8441485539 0.228848673 -0.3014032412 -0.01580376186 0.2018810873 0.4517050466 -0.002080967317 0.05300879857 0.2474459715 -0.9956414431 -0.04934733005 -0.07913885121 0.02538111371 0.6731543557 -0.7390663113 0.08974361159 -0.7378536809 -0.668967884 0.0001535778792 -0.4008663108 0
0.8514485414 0.2308276996 -0.3040097017 -0.01606758016 0.2033986039 0.4507319065 -0.002116758975 0.05345198649 0.2473160852 -0.995492466 -0.0505661683 -0.08023598153 0.02602114335 0.6679179924 -0.7437798434 0.09120115245 -0.7425150625 -0.6635915399 0.0001567565143 -0.4043329033 0
0.8587485288 0.2328067262 -0.3066161622 -0.01633330705 0.2049104317 0.4497517261 -0.002152846572 0.05389478476 0.2471851263 -0.9953398009 -0.05180302106 -0.08133343547 0.02667121718 0.6626512268 -0.7484530699 0.09266783093 -0.7471343913 -0.6581814905 0.0001599788857 -0.4077994958 0
0.8660485163 0.2347857528 -0.3092226228 -0.01660093355 0.2064165308 0.4487645387 -0.002189229796 0.0543371902 0.247053096 -0.9951833925 -0.05305794212 -0.08243100238 0.02733138741 0.6573544076 -0.7530857707 0.09414356397 -0.7517114057 -0.6527380423 0.000163245364 -0.4112660883 0
0.8733485038 0.2367647794 -0.3118290833 -0.01687045062 0.2079168615 0.4477703776 -0.002225908334 0.05477919961 0.2469199955 -0.9950231851 -0.05433098294 -0.08352847085 0.02800170545 0.6520278857 -0.7576777288 0.095628268 -0.7562458466 -0.6472615034 0.0001665563217 -0.4147326808 0
0.8806484913 0.238743806 -0.3144355438 -0.01714184917 0.2094113841 0.4467692764 -0.002262881867 0.05522080982 0.2467858259 -0.994859123 -0.05562219264 -0.08462562862 0.02868222191 0.6466720135 -0.7622287302 0.09712185892 -0.7607374571 -0.6417521842 0.0001699121328 -0.4181992733 0
0.8879484788 0.2407228326 -0.3170420043 -0.01741512001 0.2109000594 0.4457612689 -0.002300150077 0.05566201765 0.2466505884 -0.9946911503 -0.056931618 -0.0857222627 0.02937298658 0.6412871452 -0.7667385637 0.09862425214 -0.7651859828 -0.6362103965 0.0001733131728 -0.4216658658 0
0.8952484662 0.2427018592 -0.3196484649 -0.01769025394 0.2123828483 0.444746389 -0.002337712639 0.05610281992 0.2465142843 -0.9945192109 -0.05825930342 -0.08681815936 0.03007404845 0.6358736367 -0.7712070213 0.1001353626 -0.7695911718 -0.6306364543 0.0001767598191 -0.4251324583 0
0.9025484537 0.2446808858 -0.3222549254 -0.01796724167 0.2138597118 0.4437246711 -0.002375569229 0.05654321347 0.2463769147 -0.9943432483 -0.05960529096 -0.08791310412 0.03078545572 0.6304318457 -0.775633898 0.1016551047 -0.7739527746 -0.6250306732 0.0001802524507 -0.4285990508 0
0.9098484412 0.2466599124 -0.3248613859 -0.01824607384 0.2153306113 0.4426961496 -0.002413719521 0.05698319512 0.246238481 -0.9941632061 -0.06096962028 -0.08900688182 0.03150725573 0.6249621313 -0.7800189916 0.1031833923 -0.7782705441 -0.6193933707 0.0001837914479 -0.4320656433 0
0.9162359302 0.2483915607 -0.3271420389 -0.01849155764 0.2166127258 0.4417906395 -0.002447341693 0.0573678387 0.2461164794 -0.9940022781 -0.06217848379 -0.0899628103 0.03214739265 0.6201535091 -0.7838215169 0.104527586 -0.7820124432 -0.6144351247 0.0001869264053 -0.4350989117 0
0.9235359177 0.2503705873 -0.3297484994 -0.01877382277 0.2180723394 0.4407494549 -0.002486041782 0.05780703955 0.2459760535 -0.9938144338 -0.06357730254 -0.09105381752 0.03288880385 0.6146324125 -0.7881277334 0.1060716629 -0.7862473683 -0.6087395816 0.0001905533696 -0.4385655042 0
0.9308359052 0.2523496139 -0.33235496 -0.01905790517 0.2195258791 0.4397015671 -0.002525034615 0.05824581942 0.245834567 -0.9936223466 -0.0649945638 -0.09214303543 0.03364073939 0.6090844344 -0.792391603 0.1076240352 -0.7904377638 -0.6030134398 0.0001942278024 -0.4420320967 0
0.9381358927 0.2543286405 -0.3349614205 -0.01934379525 0.220973307 0.4386470112 -0.002564319857 0.05868417517 0.2456920211 -0.9934259593 -0.06643029794 -0.09323024637 0.03440324342 0.6035099402 -0.7966129355 0.1091846151 -0.7945833925 -0.5972570236 0.0001979500906 -0.4454986892 0
0.9454358802 0.2563076671 -0.337567881 -0.0196314834 0.2224145857 0.437585823 -0.002603897167 0.05912210365 0.2455484171 -0.9932252147 -0.06788453292 -0.09431523213 0.03517635928 0.5979092968 -0.8007915438 0.110753314 -0.7986840195 -0.591470659 0.0002017206224 -0.4489652817 0
0.9527358676 0.2582866937 -0.3401743415 -0.01992095991 0.2238496778 0.436518038 -0.002643766202 0.05955960173 0.2454037562 -0.9930200554 -0.06935729427 -0.09539777391 0.03596012944 0.5922828726 -0.8049272439 0.1123300433 -0.8027394126 -0.5856546737 0.0002055397876 -0.4524318743 0
0.9600358551 0.2602657203 -0.3427808021 -0.02021221505 0.2252785463 0.4354436922 -0.002683926617 0.05999666626 0.2452580398 -0.9928104239 -0.07084860511 -0.09647765239 0.03675459558 0.5866310375 -0.8090198549 0.1139147135 -0.8067493421 -0.5798093971 0.0002094079774 -0.4558984668 0
0.9673358426 0.2622447469 -0.3453872626 -0.02050523901 0.2267011542 0.4343628218 -0.002724378066 0.06043329411 0.2451112692 -0.9925962624 -0.0723584861 -0.09755464774 0.03755979849 0.5809541627 -0.813069199 0.115507235 -0.810713581 -0.5739351603 0.0002133255849 -0.4593650593 0
0.9746358301 0.2642237735 -0.3479937231 -0.02080002194 0.2281174649 0.4332754632 -0.002765120199 0.06086948216 0.2449634456 -0.9923775133 -0.07388695546 -0.09862853964 0.03837577815 0.5752526208 -0.8170751017 0.1171075176 -0.8146319046 -0.568032296 0.0002172930045 -0.4628316518 0
0.9819358176 0.2662028001 -0.3506001837 -0.02109655392 0.2295274421 0.4321816528 -0.002806152662 0.06130522727 0.2448145703 -0.9921541187 -0.07543402896 -0.0996991073 0.03920257366 0.5695267861 -0.8210373915 0.1187154705 -0.8185040912 -0.5621011384 0.0002213106321 -0.4662982443 0
0.9883233066 0.2679344484 -0.3528808366 -0.02135744634 0.2307559482 0.4312193053 -0.002842293951 0.06168613845 0.2446834429 -0.991954792 -0.07680299001 -0.1006329532 0.03993492221 0.5644970479 -0.8244684863 0.1201286499 -0.821854235 -0.5568884303 0.0002248675549 -0.4693315127 0
0.9956232941 0.269913475 -0.3554872972 -0.02165723088 0.2321539528 0.4301134973 -0.002883869826 0.06212104466 0.2445325995 -0.9917225307 -0.07838498023 -0.1016966913 0.0407820999 0.5587266766 -0.8283485506 0.1217507391 -0.8256393255 -0.5509051296 0.000228980395 -0.4727981052 0
1.002923282 0.2718925016 -0.3580937577 -0.02195873566 0.2335455205 0.4290013439 -0.002925735006 0.06255549897 0.2443807082 -0.9914854568 -0.07998560622 -0.102756468 0.04164020115 0.5529330951 -0.8321845264 0.1233802357 -0.8293776553 -0.5448945056 0.00023314459 -0.4762646977 0
