0.01019238816 0.01019238816 0 -8.830114254e-06 0.00259901398 0.5099911699 -1.111151676e-06 0.0006479600437 0.2549989011 -0.9999999987 -3.469124811e-07 -5.142294039e-05 1.745894354e-07 0.9999485779 -0.01014107854 5.142381418e-05 -0.01014107854 -0.9999485766 7.202263126e-08 0
0.02009188309 0.02009188309 0 -3.431173499e-05 0.00512308549 0.5099656883 -4.344193802e-06 0.001279923392 0.2549957034 -0.99999998 -2.661777958e-06 -0.000199803596 1.332580136e-06 0.9998002048 -0.01998876064 0.0001998168819 -0.01998876051 -0.9998001848 7.203948606e-08 0
0.03069848481 0.03069848481 0 -8.00961938e-05 0.007826884172 0.5099199038 -1.016980816e-05 0.001957418028 0.2549899413 -0.9999998912 -9.495281348e-06 -0.0004663571962 4.749594719e-06 0.999533683 -0.0305354948 0.000466429669 -0.03053549369 -0.9995335743 5.95125131e-08 0
0.04059797975 0.04059797975 0 -0.0001400735677 0.01034964133 0.5098599264 -1.78070439e-05 0.002589596195 0.2549823872 -0.9999996673 -2.195900668e-05 -0.0008154408992 1.098071733e-05 0.9991846769 -0.04037302606 0.000815662603 -0.04037302158 -0.9991843443 2.677915964e-07 0
0.05049747468 0.05049747468 0 -0.0002166943064 0.01287138432 0.5097833057 -2.756650671e-05 0.003221604211 0.2549727339 -0.9999992038 -4.224807593e-05 -0.001261228339 2.112231777e-05 0.9987390478 -0.05020272864 0.001261758959 -0.05020271531 -0.9987382517 5.502429785e-07 0
0.06039696962 0.06039696962 0 -0.0003099494001 0.01539186611 0.5096900506 -3.944728465e-05 0.00385345705 0.2549609823 -0.999998371 -7.226194313e-05 -0.001803546592 3.61221394e-05 0.9981970117 -0.06002270012 0.001804632176 -0.06002266749 -0.998195383 9.019935562e-07 0
0.07029646456 0.07029646456 0 -0.0004198278834 0.01791083982 0.5095801721 -5.344874754e-05 0.004485162151 0.2549471331 -0.9999970114 -0.0001138944009 -0.002442185331 5.692415179e-05 0.9975588315 -0.06983104231 0.00244417691 -0.06983097263 -0.9975558437 1.321820872e-06 0
0.08019595949 0.08019595949 0 -0.000546316837 0.02042805877 0.5094536832 -6.957033273e-05 0.005116718703 0.2549311869 -0.9999949394 -0.0001690324778 -0.003176896935 8.446781591e-05 0.9968248166 -0.07962586208 0.003180269061 -0.07962572747 -0.9968197577 1.80976359e-06 0
0.09009545443 0.09009545443 0 -0.000689401389 0.02294327651 0.5093105986 -8.781146823e-05 0.005748120462 0.2549131441 -0.9999919417 -0.0002395553395 -0.004007396614 0.000119687352 0.9959953228 -0.08940527222 0.004012765795 -0.08940503139 -0.995987268 2.366470635e-06 0
0.1007020561 0.1007020561 0 -0.0008611031491 0.02563565223 0.5091388969 -0.0001097068978 0.006424439626 0.2548914868 -0.9999874283 -0.000334312522 -0.005003146776 0.0001669949038 0.9950010847 -0.09986397536 0.005011522246 -0.0998635554 -0.99498852 3.040399456e-06 0
0.1106015511 0.1106015511 0 -0.001038508573 0.02814594177 0.5089614914 -0.0001323365234 0.007055487863 0.2548691033 -0.9999817154 -0.0004426417914 -0.006030999013 0.0002210597179 0.9939751442 -0.109605492 0.006043179085 -0.1096048212 -0.9939568719 3.743030854e-06 0
0.120501046 0.120501046 0 -0.001232451734 0.03065347492 0.5087675483 -0.0001570836437 0.007686346053 0.2548446252 -0.9999742495 -0.0005720668656 -0.007153533854 0.0002856293414 0.9928551054 -0.1193258482 0.007170684973 -0.1193248187 -0.9928293755 4.518245505e-06 0
0.130400541 0.130400541 0 -0.001442909838 0.03315800648 0.5085570902 -0.0001839474667 0.00831700027 0.2548180535 -0.9999647059 -0.000724423655 -0.008370316876 0.0003616091711 0.9916415108 -0.129023189 0.008393821123 -0.129021662 -0.9916062497 5.36766444e-06 0
0.1403000359 0.1403000359 0 -0.001669858149 0.03565929167 0.5083301419 -0.000212927136 0.008947436019 0.2547893888 -0.9999527328 -0.0009015347154 -0.009680877416 0.000449895707 0.9903349478 -0.1386956697 0.009712350191 -0.1386934694 -0.9902877318 6.293052533e-06 0
0.1501995308 0.1501995308 0 -0.001913269998 0.03815708611 0.50808673 -0.0002440217297 0.009577638418 0.2547586323 -0.9999379519 -0.001105208186 -0.01108470881 0.0005513758458 0.9889360486 -0.1483414566 0.01112601632 -0.1483383641 -0.9888740777 7.296306582e-06 0
0.1600990258 0.1600990258 0 -0.002173116782 0.04065114589 0.5078268832 -0.0002772302598 0.01020759231 0.2547257847 -0.9999199585 -0.001337236735 -0.01258126866 0.0006669261805 0.98744549 -0.1579587271 0.01263454521 -0.1579544746 -0.9873655616 8.379446334e-06 0
0.1707056275 0.1707056275 0 -0.002469727074 0.04331893192 0.5075302729 -0.0003151554511 0.0108822497 0.2546882717 -0.9998966248 -0.00161932177 -0.01428696858 0.0008073269005 0.9857475687 -0.1682292452 0.01435576183 -0.1682233887 -0.9856443596 9.63103012e-06 0
0.1806051224 0.1806051224 0 -0.00276351835 0.04580448185 0.5072364816 -0.0003527394204 0.01151163983 0.2546510962 -0.9998705766 -0.001915716033 -0.01597373056 0.0009547629094 0.9840694865 -0.1777817037 0.01605984009 -0.1777739458 -0.9839402958 1.088656411e-05 0
0.1905046174 0.1905046174 0 -0.003073644679 0.04828555113 0.5069263553 -0.0003924338767 0.01214073391 0.254611833 -0.9998399103 -0.002245863695 -0.01775133455 0.001118889772 0.9823020968 -0.1873001299 0.01785782371 -0.1872900068 -0.9821423275 1.222888304e-05 0
0.2004041123 0.2004041123 0 -0.003400069638 0.05076189805 0.5065999304 -0.0004342375612 0.01276951624 0.2545704835 -0.9998041164 -0.002611483744 -0.01961909567 0.001300535029 0.9804462532 -0.1967827565 0.01974936381 -0.1967697253 -0.9802508035 1.366043945e-05 0
0.2103036072 0.2103036072 0 -0.003742754897 0.05323328148 0.5062572451 -0.0004781491485 0.01339797112 0.254527049 -0.9997626607 -0.003014274498 -0.02157629487 0.001500512462 0.9785028511 -0.2062278323 0.02173409335 -0.2062112618 -0.9782660909 1.518377816e-05 0
0.2202031022 0.2202031022 0 -0.004101660221 0.05569946096 0.5058983398 -0.0005241672466 0.01402608276 0.2544815307 -0.999714984 -0.003455912611 -0.02362217931 0.001719621444 0.9764728281 -0.2156336221 0.02381162719 -0.2156127843 -0.9761885749 1.680153133e-05 0
0.2301025971 0.2301025971 0 -0.004476743477 0.05816019671 0.5055232565 -0.0005722903968 0.01465383538 0.2544339302 -0.9996605034 -0.003938052098 -0.02575596271 0.001958646282 0.9743571626 -0.2249984076 0.0259815622 -0.2249724683 -0.9740186584 1.851641365e-05 0
0.240002092 0.240002092 0 -0.004867960644 0.06061524965 0.5051320394 -0.0006225170738 0.01528121317 0.2543842489 -0.9995986119 -0.004462323361 -0.02797682581 0.002218355586 0.9721568739 -0.2343204886 0.02824347731 -0.2342884977 -0.9717567627 2.033121765e-05 0
0.2506086938 0.2506086938 0 -0.005304973398 0.06323908656 0.5046950266 -0.0006786638315 0.01595296972 0.2543287118 -0.999523359 -0.005072619854 -0.03045198532 0.002520423307 0.9697067203 -0.244259133 0.03076852854 -0.244219461 -0.9692317331 2.238979047e-05 0
0.2605081887 0.2605081887 0 -0.005729462628 0.06568161066 0.5042705374 -0.0007332426743 0.0165795207 0.2542747254 -0.9994440847 -0.005689243468 -0.03285048135 0.002825352809 0.9673345555 -0.2534874258 0.03321955746 -0.2534393225 -0.9667807253 2.442077045e-05 0
0.2704076836 0.2704076836 0 -0.00616993879 0.06811772241 0.5038300612 -0.0007899199428 0.01720564822 0.2542186633 -0.9993553905 -0.006352848907 -0.0353333388 0.003153222714 0.9648811462 -0.2626679099 0.03576116199 -0.2626100055 -0.9642391427 2.656068968e-05 0
0.2803071786 0.2803071786 0 -0.006626350225 0.07054718595 0.5033736498 -0.0008486938408 0.01783133644 0.2541605272 -0.9992565767 -0.007064960758 -0.03789960845 0.003504731298 0.9623476709 -0.2717989645 0.03839284894 -0.2717297307 -0.9616074784 2.881261321e-05 0
0.2902066735 0.2902066735 0 -0.007098643416 0.07296976628 0.5029013566 -0.0009095625057 0.01845656954 0.254100319 -0.9991469218 -0.007827075308 -0.04054831033 0.003880558041 0.959735346 -0.28087899 0.04111410765 -0.2807967283 -0.9588862433 3.117966291e-05 0
0.3001061684 0.3001061684 0 -0.007586762994 0.07538522929 0.502413237 -0.0009725240085 0.01908133168 0.2540380405 -0.9990256834 -0.008640659673 -0.04327843424 0.004281363052 0.9570454242 -0.2899064089 0.04392441007 -0.2898092389 -0.9560759652 3.366501381e-05 0
0.3100056634 0.3100056634 0 -0.008090651751 0.07779334182 0.5019093482 -0.001037576354 0.01970560705 0.2539736937 -0.9988920981 -0.009507150934 -0.04608894024 0.004707786503 0.9542791949 -0.2988796663 0.04682321088 -0.2987655138 -0.9531771896 3.627189066e-05 0
0.3206122651 0.3206122651 0 -0.008647964403 0.08036504179 0.5013520356 -0.001109593148 0.02037391541 0.2539024578 -0.9987343792 -0.01049584185 -0.04918818092 0.005193801 0.9512322053 -0.3084320282 0.0500266356 -0.3082971439 -0.9499737927 3.920354683e-05 0
0.33051176 0.33051176 0 -0.009184327982 0.08275719074 0.500815672 -0.001178969892 0.02099713222 0.2538338332 -0.9985727034 -0.01147636322 -0.05216175904 0.005675238588 0.9483121632 -0.3172882486 0.05310694574 -0.3171314146 -0.9468935094 4.207261084e-05 0
0.340411255 0.340411255 0 -0.009736273587 0.08514127915 0.5002637264 -0.001250430936 0.02161981375 0.2537631467 -0.9983962122 -0.01251400875 -0.05521234489 0.006184130405 0.9453199913 -0.3260856798 0.05627397244 -0.3259041479 -0.9437265104 4.507338196e-05 0
0.3503107499 0.3503107499 0 -0.01030373659 0.08751707794 0.4996962634 -0.001323974017 0.02224194425 0.2536904006 -0.9982040633 -0.01361008471 -0.05833878306 0.00672102986 0.9422571181 -0.3348228654 0.05952710116 -0.3346136414 -0.9404734102 4.820925482e-05 0
0.3602102448 0.3602102448 0 -0.01088665057 0.0898843591 0.4991133494 -0.001399596804 0.02286350797 0.2536155971 -0.9979953963 -0.01476586322 -0.06153989124 0.007286467744 0.9391250044 -0.3434983748 0.06286570065 -0.3432582051 -0.93713484 5.148365868e-05 0
0.3701097398 0.3701097398 0 -0.0114849473 0.09224289573 0.4985150527 -0.001477296901 0.02348448917 0.2535387386 -0.9977693334 -0.01598258154 -0.06481446076 0.007880951741 0.9359251426 -0.3521108037 0.06628912306 -0.3518361616 -0.9337114477 5.49000549e-05 0
0.3800092347 0.3800092347 0 -0.01209855679 0.09459246209 0.4979014432 -0.001557071846 0.02410487215 0.2534598275 -0.99752498 -0.01726144131 -0.06816125727 0.008504965954 0.9326590554 -0.3606587749 0.0697967041 -0.3603458464 -0.9302038976 5.846193465e-05 0
0.3906158364 0.3906158364 0 -0.01277290644 0.09709964522 0.4972270936 -0.001644844573 0.02476888652 0.253373005 -0.9972418403 -0.01870192938 -0.07182582915 0.0092068443 0.9290879511 -0.3697442538 0.07364744336 -0.3693857293 -0.9263531924 6.244367477e-05 0
0.4005153314 0.4005153314 0 -0.01341800491 0.0994299172 0.4965819951 -0.001728909301 0.02538798041 0.2532898501 -0.9969566832 -0.02011317566 -0.07531820447 0.009893463932 0.9256896548 -0.3781544425 0.07732716942 -0.3777487567 -0.922673499 6.631813572e-05 0
0.4104148263 0.4104148263 0 -0.01407819013 0.1017505329 0.4959218099 -0.001815040904 0.02600642794 0.2532046504 -0.9966503881 -0.02159002407 -0.07887886141 0.01061094844 0.9222299928 -0.3864961166 0.08108891224 -0.3860384842 -0.9189117896 7.034896671e-05 0
0.4203143212 0.4203143212 0 -0.01475338494 0.1040612716 0.4952466151 -0.001903236653 0.02662421347 0.2531174087 -0.9963219976 -0.02313352411 -0.08250646746 0.01135968131 0.9187106035 -0.3947680137 0.08493194187 -0.3942533032 -0.9150687942 7.453975884e-05 0
0.4302138162 0.4302138162 0 -0.01544351048 0.1063619136 0.4945564895 -0.001993493754 0.0272413214 0.2530281276 -0.9959705406 -0.02474468632 -0.08619966768 0.01214002028 0.9151331514 -0.4029689008 0.08885551259 -0.4023916197 -0.9111452586 7.889412315e-05 0
0.4401133111 0.4401133111 0 -0.01614848615 0.1086522408 0.4938515139 -0.002085809348 0.02785773614 0.25293681 -0.9955950329 -0.0264244816 -0.0899570854 0.01295229692 0.9114993263 -0.411097575 0.09285886304 -0.4104518546 -0.907141944 8.341568912e-05 0
0.4500128061 0.4500128061 0 -0.01686822966 0.1109320363 0.4931317703 -0.00218018051 0.02847344213 0.2528434587 -0.9951944777 -0.02817384069 -0.09377732284 0.01379681628 0.907810842 -0.4191528636 0.0969412164 -0.4184324437 -0.9030596274 8.810810312e-05 0
0.4606194078 0.4606194078 0 -0.01765567574 0.1133627425 0.4923443243 -0.002283570121 0.02913232296 0.2527411861 -0.9947363702 -0.03012635881 -0.09793853349 0.01473775351 0.9038002135 -0.4277007982 0.1014019352 -0.4268929335 -0.8985989489 9.332943923e-05 0
0.4705189027 0.4705189027 0 -0.01840574067 0.1156200383 0.4915942593 -0.00238218966 0.02974651143 0.2526436317 -0.9942807096 -0.03202259859 -0.101884364 0.01564991537 0.9000040577 -0.4356004778 0.1056454002 -0.4347036339 -0.8943555222 9.838741796e-05 0
0.4804183976 0.4804183976 0 -0.01917031013 0.1178661448 0.4908296899 -0.002482855376 0.0303599435 0.2525440528 -0.9937968689 -0.03399100381 -0.1058885968 0.01659508744 0.8961586479 -0.4434233654 0.109965387 -0.4424299826 -0.8900355746 0.0001036275361 0
0.4903178926 0.4903178926 0 -0.019949295 0.1201008511 0.490050705 -0.002585564082 0.03097260372 0.2524424527 -0.9932838074 -0.03603233607 -0.1099497558 0.01757346332 0.8922657862 -0.4511684165 0.1143610573 -0.4500704805 -0.8856399444 0.0001090534958 0
0.5002173875 0.5002173875 0 -0.0207426045 0.1223239473 0.4892573955 -0.002690312523 0.03158447665 0.2523388344 -0.9927404751 -0.03814731421 -0.1140663473 0.01858520845 0.8883272944 -0.4588346195 0.1188315581 -0.457623645 -0.8811694845 0.00011466901 0
0.5101168825 0.5101168825 0 -0.02155014624 0.1245352254 0.4884498538 -0.002797097381 0.0321955469 0.2522332012 -0.9921658139 -0.04033661384 -0.1182368611 0.01963045988 0.884345012 -0.4664209953 0.123376022 -0.4650880104 -0.8766250623 0.0001204778015 0
0.5200163774 0.5200163774 0 -0.0223718262 0.1267344787 0.4876281738 -0.002905915274 0.03280579909 0.2521255565 -0.991558758 -0.04260086698 -0.122459771 0.02070932597 0.8803207958 -0.473926598 0.127993567 -0.4724621282 -0.8720075597 0.0001264836022 0
0.5306229791 0.5306229791 0 -0.02326777799 0.1290772448 0.486732222 -0.003024758002 0.03345871549 0.2520079945 -0.9908711739 -0.04511069504 -0.1270407094 0.02190264561 0.8759647301 -0.481877646 0.1330210163 -0.4802611964 -0.8669801569 0.0001331412577 0
0.540522474 0.540522474 0 -0.02411843824 0.1312509391 0.4858815618 -0.003137776143 0.03406722433 0.2518961939 -0.9901935952 -0.04753202903 -0.1313672343 0.0230513618 0.8718596262 -0.4892130691 0.1377870776 -0.4874438413 -0.8622141397 0.0001395670546 0
0.550421969 0.550421969 0 -0.02498293793 0.1334119839 0.4850170621 -0.003252816527 0.03467486807 0.2517823923 -0.9894803079 -0.05002998094 -0.1357413762 0.02423384386 0.8677183875 -0.4964650247 0.1426234238 -0.4945319008 -0.8573778386 0.0001462013705 0
0.5603214639 0.5603214639 0 -0.02586117658 0.1355601791 0.4841388234 -0.003369875511 0.03528163146 0.2516665933 -0.9887302227 -0.05260500141 -0.1401615519 0.02545008121 0.8635429299 -0.503632705 0.1475291163 -0.5015239994 -0.8524721918 0.0001530479659 0
0.5702209589 0.5702209589 0 -0.02675305217 0.1376953261 0.4832469478 -0.003488949388 0.03588749926 0.2515488006 -0.9879422459 -0.05525749574 -0.1446261663 0.02670003357 0.8593351808 -0.5107153368 0.1525032033 -0.5084187803 -0.8474981515 0.0001601106064 0
0.5801204538 0.5801204538 0 -0.02765846112 0.1398172283 0.4823415389 -0.003610034386 0.03649245629 0.2514290178 -0.9871152809 -0.05798782366 -0.1491336131 0.02798363085 0.8550970782 -0.5177121818 0.1575447195 -0.5152149057 -0.8424566827 0.0001673930625 0
0.5900199487 0.5900199487 0 -0.02857729835 0.1419256907 0.4814227017 -0.00373312667 0.03709648739 0.2513072487 -0.9862482285 -0.06079629906 -0.1536822755 0.02930077298 0.8508305699 -0.5246225366 0.1626526867 -0.5219110569 -0.8373487638 0.0001748991085 0
0.6006265504 0.6006265504 0 -0.02957654693 0.1441696237 0.4804234531 -0.003867234304 0.03774261888 0.251174582 -0.9852735083 -0.06389240299 -0.1585997313 0.03074907278 0.846230012 -0.5319297523 0.1681981226 -0.5289730878 -0.8318033806 0.0001831937097 0
0.6105260454 0.6105260454 0 -0.03052285906 0.1462496334 0.4794771409 -0.003994472066 0.03834468391 0.2510487108 -0.9843199144 -0.06686355486 -0.1632285853 0.0321352525 0.8419108944 -0.5386588636 0.1734405707 -0.5354580384 -0.8265609824 0.0001911749287 0
0.6204255403 0.6204255403 0 -0.0314822673 0.148315615 0.4785177327 -0.004123704941 0.03894577665 0.2509208651 -0.9833228496 -0.06991352968 -0.1678936326 0.03355448143 0.8375694017 -0.5452995454 0.1787463853 -0.5418390866 -0.8212552185 0.0001993913512 0
0.6303250353 0.6303250353 0 -0.03245466053 0.150367381 0.4775453395 -0.004254928835 0.03954588209 0.2507910491 -0.9822812121 -0.07304245288 -0.1725932222 0.03500653659 0.833207509 -0.5518512384 0.1841145368 -0.5481149943 -0.8158871186 0.0002078467632 0
0.6402245302 0.6402245302 0 -0.03343992616 0.1524047451 0.4765600738 -0.004388139595 0.04014498524 0.2506592669 -0.9811939019 -0.07625040327 -0.177325697 0.03649116474 0.8288271958 -0.5583134194 0.1895439836 -0.5542845437 -0.8104577243 0.0002165449528 0
0.6501240251 0.6501240251 0 -0.03443795016 0.1544275235 0.4755620498 -0.004523333002 0.04074307116 0.2505255225 -0.9800598209 -0.07953741297 -0.1820893942 0.03800808224 0.8244304444 -0.5646856011 0.195033672 -0.5603465377 -0.8049680891 0.0002254897089 0
0.6600235201 0.6600235201 0 -0.03544861711 0.1564355337 0.4745513829 -0.004660504775 0.04134012494 0.2503898202 -0.9788778737 -0.08290346736 -0.1868826463 0.03955697515 0.8200192386 -0.5709673319 0.2005825369 -0.5662998 -0.7994192783 0.0002346848217 0
0.6706301218 0.6706301218 0 -0.03654537159 0.1585703804 0.4734546284 -0.004809664979 0.04197866314 0.250242257 -0.9775571449 -0.08659759893 -0.1920491715 0.04125159444 0.8152791616 -0.5775969136 0.2065921934 -0.5725563243 -0.7934096805 0.0002448188541 0
0.6805296167 0.6805296167 0 -0.03758185426 0.1605472281 0.4724181457 -0.004950920913 0.04257353161 0.2501025125 -0.976272579 -0.09012714036 -0.1968983243 0.04286559257 0.8108443276 -0.583690001 0.2122602001 -0.578280706 -0.7877417296 0.0002545446216 0
0.6904291117 0.6904291117 0 -0.03863061666 0.1625087601 0.4713693833 -0.005094141677 0.04316732237 0.2499608234 -0.9749368089 -0.09373538924 -0.2017718898 0.04451041245 0.8064011323 -0.5896914761 0.2179840404 -0.5838928759 -0.7820179458 0.0002645323887 0
0.7003286066 0.7003286066 0 -0.03969153774 0.164454802 0.4703084623 -0.005239322739 0.04376002065 0.2498171941 -0.9735487589 -0.09742214069 -0.2066681896 0.04618561703 0.8019515554 -0.5956010339 0.2237626038 -0.5893917452 -0.7762394398 0.0002747859456 0
0.7102281015 0.7102281015 0 -0.04076449515 0.1663851815 0.4692355048 -0.005386459501 0.04435161174 0.249671629 -0.9721073599 -0.1011871433 -0.2115855451 0.04789073918 0.7974975727 -0.6014184057 0.229594769 -0.5947762467 -0.7704073328 0.0002853090818 0
0.7201275965 0.7201275965 0 -0.04184936522 0.1682997282 0.4681506348 -0.005535547309 0.04494208096 0.2495241327 -0.9706115503 -0.1050300991 -0.2165222776 0.04962528186 0.7930411549 -0.6071433587 0.2354794042 -0.6000453357 -0.7645227566 0.0002961055856 0
0.7300270914 0.7300270914 0 -0.04294602297 0.1701982738 0.467053977 -0.005686581442 0.04553141367 0.2493747099 -0.9690602767 -0.1089506638 -0.2214767096 0.05138871823 0.788584267 -0.6127756959 0.2414153676 -0.6051979897 -0.758586853 0.0003071792438 0
0.7406336931 0.7406336931 0 -0.04413395066 0.1722144849 0.4658660493 -0.005850558122 0.04616156381 0.2492124815 -0.9673354634 -0.1132369466 -0.2268027671 0.05330954463 0.7838107319 -0.6187073856 0.2478309781 -0.6105883478 -0.7521713075 0.0003193557347 0
0.7505331881 0.7505331881 0 -0.04525462268 0.1740793592 0.4647453773 -0.006005608655 0.04674849592 0.249059083 -0.9656659886 -0.1173169787 -0.2317885351 0.05513102842 0.7793590876 -0.6241474042 0.2538695889 -0.6154966605 -0.7461327582 0.0003310155375 0
0.760432683 0.760432683 0 -0.04638669059 0.1759277285 0.4636133094 -0.00616259064 0.04733424683 0.2489037724 -0.9639378735 -0.1214732745 -0.2367868653 0.05697960307 0.774912958 -0.6294944259 0.2599559594 -0.6202855399 -0.74004645 0.0003429641142 0
0.7703321779 0.7703321779 0 -0.04753002432 0.1777594332 0.4624699757 -0.006321499109 0.04791880205 0.2487465548 -0.9621501059 -0.1257053032 -0.2417960929 0.05885462214 0.7704742717 -0.634748399 0.2660889086 -0.624954057 -0.733913564 0.0003552052428 0
0.7802316729 0.7802316729 0 -0.04868449257 0.1795743155 0.4613155074 -0.006482329033 0.04850214717 0.2485874349 -0.9603016853 -0.1300124887 -0.246814558 0.06075541033 0.7660449457 -0.6399093071 0.2722672463 -0.6295013058 -0.7277352902 0.0003677426987 0
0.7901311678 0.7901311678 0 -0.04984996288 0.1813722201 0.4601500371 -0.006645075326 0.04908426781 0.2484264178 -0.9583916241 -0.13439421 -0.2518406068 0.06268126375 0.7616268842 -0.6449771689 0.2784897737 -0.6339264039 -0.7215128276 0.0003805802542 0
0.8000306627 0.8000306627 0 -0.05102630159 0.1831529936 0.4589736984 -0.006809732839 0.04966514962 0.2482635086 -0.9564189481 -0.1388498012 -0.2568725919 0.06463145013 0.7572219778 -0.6499520382 0.2847552834 -0.6382284928 -0.7152473835 0.000393721678 0
0.8106372645 0.8106372645 0 -0.0522985719 0.1850417833 0.4577014281 -0.006988266552 0.05028613204 0.248086869 -0.9542347928 -0.1437048147 -0.2622687294 0.06674707327 0.7525191641 -0.6551791632 0.2915146452 -0.6427004232 -0.7084880928 0.0004081432533 0
0.8205367594 0.8205367594 0 -0.0534969936 0.1867865928 0.4565030064 -0.007156866384 0.05086440231 0.2479200565 -0.9521293773 -0.1483111141 -0.2673078045 0.06874521334 0.7481474563 -0.6599617256 0.2978653128 -0.6467450789 -0.7021374925 0.0004219260916 0
0.8304362543 0.8304362543 0 -0.05470586606 0.1885138143 0.4552941339 -0.007327361247 0.05144139 0.2477513676 -0.9499584459 -0.1529889639 -0.2723478069 0.07076526303 0.7437946131 -0.6646516765 0.304255203 -0.6506642379 -0.6957476704 0.0004360243498 0
0.8403357493 0.8403357493 0 -0.05592505106 0.1902233034 0.4540749489 -0.007499745751 0.05201708098 0.2475808077 -0.9477210865 -0.1577375204 -0.2773871245 0.07280637765 0.7394624579 -0.6692492097 0.3106830758 -0.6544571399 -0.6893198666 0.0004504417801 0
0.8502352442 0.8502352442 0 -0.05715440927 0.1919149183 0.4528455907 -0.007674014445 0.05259146112 0.247408382 -0.9454164036 -0.1625558977 -0.2824241561 0.07486768579 0.7351527955 -0.6737545524 0.3171476839 -0.6581230488 -0.6828553282 0.0004651821299 0
0.8601347391 0.8601347391 0 -0.05839380035 0.1935885191 0.4516061997 -0.007850161819 0.05316451638 0.247234096 -0.9430435196 -0.1674431675 -0.2874573114 0.07694828958 0.7308674103 -0.6781679653 0.323647773 -0.6616612533 -0.6763553096 0.0004802491414 0
0.8700342341 0.8700342341 0 -0.05964308287 0.1952439687 0.4503569171 -0.008028182303 0.05373623276 0.2470579551 -0.940601575 -0.1723983599 -0.2924850127 0.07904726515 0.7266080659 -0.6824897423 0.3301820817 -0.6650710669 -0.6698210723 0.0004956465518 0
0.8806408358 0.8806408358 0 -0.06099241451 0.1969973688 0.4490075855 -0.008220990721 0.0543472844 0.2468671805 -0.9379076153 -0.1777817187 -0.2978640053 0.08131547534 0.7220753579 -0.6870189015 0.3372196594 -0.6685812127 -0.662783572 0.000512514658 0
0.8905403307 0.8905403307 0 -0.06226173226 0.1986147922 0.4477382677 -0.008402873252 0.05491618301 0.2466872148 -0.9353199656 -0.1828743461 -0.3028754454 0.08344945758 0.7178754686 -0.6911519367 0.3438208108 -0.6717229973 -0.6561824936 0.0005286083293 0
0.9004398257 0.9004398257 0 -0.06354050086 0.2002136569 0.4464594991 -0.008586611423 0.05548370002 0.2465054114 -0.9326607374 -0.1880316627 -0.3078766682 0.0855988155 0.7137068945 -0.6951944416 0.3504522674 -0.6747344386 -0.6495511109 0.0005450438412 0
0.9103393206 0.9103393206 0 -0.06482857486 0.201793835 0.4451714251 -0.008772199428 0.05604982161 0.2463217757 -0.9299291525 -0.1932525346 -0.3128661522 0.08776252348 0.7095713032 -0.6991468409 0.3571127424 -0.6776149522 -0.6428907105 0.0005618249059 0
0.9202388155 0.9202388155 0 -0.06612580791 0.2033552012 0.4438741921 -0.008959631402 0.05661453404 0.2461363136 -0.9271244545 -0.1985357895 -0.317842392 0.08993953206 0.7054703367 -0.7030095907 0.3638009434 -0.6803639793 -0.6362025851 0.0005789552291 0
0.9301383105 0.9301383105 0 -0.06743205271 0.2048976322 0.4425679473 -0.009148901424 0.05717782359 0.2459490309 -0.9242459091 -0.2038802166 -0.3228038982 0.09212876841 0.7014056099 -0.7067831778 0.3705155725 -0.6829809863 -0.6294880323 0.0005964385093 0
0.9400378054 0.9400378054 0 -0.06874716107 0.2064210076 0.4412528389 -0.009340003514 0.05773967663 0.2457599334 -0.9212928049 -0.2092845679 -0.3277491988 0.09432913677 0.69737871 -0.7104681195 0.3772553268 -0.6854654656 -0.6227483551 0.0006142784376 0
0.9506444071 0.9506444071 0 -0.07016587221 0.2080319153 0.4398341278 -0.009546781928 0.05834005248 0.2455553217 -0.9180452458 -0.2151399811 -0.3330280998 0.09669775668 0.6931079208 -0.7143185242 0.3845028876 -0.6879797953 -0.615500878 0.0006337926015 0
0.9605439021 0.9605439021 0 -0.07149886563 0.2095154448 0.4385011344 -0.009741659748 0.05889888666 0.2453624838 -0.9149355364 -0.2206643323 -0.3379352256 0.09891760251 0.6891643012 -0.717821617 0.3912905214 -0.6901882485 -0.6087133229 0.0006523830093 0
0.970443397 0.970443397 0 -0.07284026207 0.2109795633 0.4371597379 -0.009938350915 0.05945624272 0.2451678494 -0.9117492315 -0.226244547 -0.3428217377 0.1011450771 0.685263201 -0.7212378378 0.3980992493 -0.6922627755 -0.6019046747 0.0006713413529 0
0.9803428919 0.9803428919 0 -0.07418990989 0.2124241601 0.4358100901 -0.01013684922 0.06001210722 0.2449714245 -0.9084857183 -0.2318792318 -0.3476862401 0.103378997 0.6814060854 -0.7245678227 0.4049277499 -0.6942029736 -0.5950762545 0.0006906712901 0
0.9902423869 0.9902423869 0 -0.07554765666 0.2138491269 0.4344523433 -0.01033714839 0.06056646678 0.2447732153 -0.9051444097 -0.2375669591 -0.3525273571 0.1056181584 0.6775943878 -0.7278122356 0.4117746983 -0.6960084666 -0.5882293874 0.0007103764698 0
1.000141882 1.000141882 0 -0.07691334917 0.215254358 0.4330866508 -0.01053924211 0.06111930808 0.244573228 -0.9017247449 -0.2433062687 -0.3573437338 0.1078613378 0.6738295085 -0.7309717678 0.4186387658 -0.697678904 -0.581365402 0.0007304605315 0
1.010041377 1.010041377 0 -0.07828683348 0.2166397503 0.4317131665 -0.01074312399 0.06167061785 0.2443714687 -0.8982261895 -0.2490956678 -0.362134037 0.110107293 0.6701128144 -0.7340471375 0.4255186206 -0.6992139617 -0.5744856302 0.0007509271051 0
1.020647978 1.020647978 0 -0.07976689455 0.2181019696 0.4302331054 -0.01096354588 0.06225959234 0.2441533388 -0.8943896175 -0.2553524473 -0.3672360817 0.1125153208 0.666185626 -0.7372496282 0.4329058958 -0.7007080986 -0.5670984447 0.0007732841603 0
1.030547473 1.030547473 0 -0.08115602612 0.2194459493 0.4288439739 -0.01117111129 0.06280768768 0.2439479291 -0.8907260646 -0.2612407201 -0.3719682298 0.1147629945 0.6625729427 -0.740153059 0.4398142027 -0.7019618094 -0.5601902224 0.0007945545835 0
1.040446968 1.040446968 0 -0.08255247215 0.2207697889 0.4274475279 -0.01138044494 0.06335421107 0.2437407669 -0.8869821524 -0.2671743048 -0.3766703495 0.1170095155 0.6590124243 -0.7429746953 0.4467341879 -0.7030793095 -0.5532703226 0.0008162186036 0
1.050346463 1.050346463 0 -0.08395607582 0.2220733953 0.4260439242 -0.01159154021 0.06389914949 0.2435318587 -0.8831574603 -0.2731515858 -0.3813412008 0.1192535701 0.6555052932 -0.7457153589 0.4536645086 -0.7040603821 -0.5463400882 0.0008382798074 0
1.060245958 1.060245958 0 -0.08536667971 0.2233566782 0.4246333203 -0.01180439045 0.06444248996 0.243321211 -0.8792515968 -0.27917092 -0.385979568 0.121493829 0.6520527343 -0.7483758956 0.46060382 -0.7049048369 -0.5394008639 0.0008607417704 0
1.070145453 1.070145453 0 -0.08678412574 0.2246195498 0.4232158743 -0.01201898895 0.06498421955 0.2431088302 -0.8752642 -0.2852306367 -0.3905842599 0.1237289476 0.6486558946 -0.7509571745 0.4675507755 -0.70561251 -0.5324539962 0.0008836080565 0
1.080044948 1.080044948 0 -0.08820825525 0.2258619247 0.4217917448 -0.01223532895 0.06552432539 0.242894723 -0.8711949377 -0.2913290395 -0.3951541108 0.1259575668 0.6453158826 -0.7534600873 0.4745040273 -0.7061832641 -0.5255008331 0.0009068822169 0
1.09065155 1.09065155 0 -0.08974134396 0.2271702019 0.420258656 -0.01246904657 0.06610119383 0.2426634143 -0.8667438259 -0.2979040155 -0.4000104223 0.1283366007 0.6418015735 -0.7560558559 0.4819593938 -0.7066427229 -0.5180455625 0.0009322754533 0
1.100551045 1.100551045 0 -0.09117881058 0.2283698596 0.4188211894 -0.01268897218 0.06663789555 0.2424457522 -0.8625040597 -0.3040770488 -0.4045045059 0.1305473744 0.638582632 -0.7583993704 0.4889213945 -0.7069295371 -0.5110836523 0.0009564057392 0
1.11045054 1.11045054 0 -0.0926224698 0.229548775 0.4173775302 -0.01291061818 0.06717293441 0.2422263843 -0.8581815991 -0.3102834038 -0.4089603309 0.1327473908 0.6354236752 -0.7606673933 0.4958855445 -0.7070791768 -0.5041195934 0.000980954727 0
1.120350035 1.120350035 0 -0.09407216073 0.2307068736 0.4159278393 -0.01313397756 0.06770629777 0.2420053173 -0.8537762374 -0.3165212873 -0.4133768391 0.1349352385 0.6323256483 -0.7628609021 0.5028504925 -0.707091613 -0.4971547374 0.001005925914 0
1.13024953 1.13024953 0 -0.09552772198 0.2318440831 0.414472278 -0.01335904331 0.0682379731 0.2417825582 -0.8492877999 -0.3227888846 -0.4177529998 0.1371094956 0.6292894551 -0.7649808938 0.5098148871 -0.7069668434 -0.4901904357 0.001031322785 0
1.140149024 1.140149024 0 -0.0969889917 0.2329603342 0.4130110083 -0.01358580832 0.06876794789 0.2415581139 -0.8447161439 -0.329084361 -0.4220878102 0.1392687297 0.6263159576 -0.7670283842 0.5167773767 -0.7067048921 -0.4832280397 0.001057148807 0
1.150048519 1.150048519 0 -0.09845580757 0.2340555601 0.4115441924 -0.01381426547 0.06929620971 0.2413319912 -0.840061159 -0.3354058626 -0.4263802956 0.1414114988 0.6234059753 -0.769004407 0.5237366105 -0.7063058101 -0.4762689004 0.001083407435 0
1.160655121 1.160655121 0 -0.1000333657 0.2352056118 0.4099666343 -0.01406091056 0.0698602896 0.2410878625 -0.8349811178 -0.3422056524 -0.4309313455 0.1436874034 0.6203595009 -0.7710434617 0.5311877852 -0.7057261375 -0.4688178278 0.001112025645 0
1.170554616 1.170554616 0 -0.1015111519 0.2362570842 0.4084888481 -0.0142928499 0.07038496387 0.2408582857 -0.8301533127 -0.3485750875 -0.4351331817 0.1457914424 0.6175835069 -0.772874807 0.5381359798 -0.7050432755 -0.4618697293 0.001139191303 0
1.180454111 1.180454111 0 -0.1029939832 0.2372873425 0.4070060168 -0.01452645913 0.07090788739 0.2406270522 -0.8252420444 -0.3549647436 -0.4392898803 0.147874536 0.6148732753 -0.7746379651 0.5450767741 -0.7042236052 -0.454929032 0.001166800075 0
1.190353606 1.190353606 0 -0.1044816957 0.2382963307 0.4055183043 -0.01476173088 0.071429048 0.2403941692 -0.8202473369 -0.3613726987 -0.4434005851 0.1499352112 0.6122294484 -0.7763340357 0.5520088212 -0.7032672857 -0.4479970827 0.00119485535 0
1.200253101 1.200253101 0 -0.1059741252 0.2392839953 0.4040258748 -0.01499865777 0.07194843358 0.240159644 -0.8151692475 -0.367797017 -0.4474644703 0.1519719893 0.6096526241 -0.7779641331 0.558930776 -0.7021745027 -0.4410752265 0.001223360497 0
1.210152596 1.210152596 0 -0.1074711071 0.2402502858 0.4025288929 -0.01523723234 0.0724660321 0.2399234837 -0.8100078674 -0.3742357498 -0.4514807398 0.1539833865 0.6071433557 -0.7795293852 0.5658412953 -0.7009454681 -0.4341648066 0.001252318868 0
1.220052091 1.220052091 0 -0.1089724765 0.2411951538 0.4010275235 -0.01547744709 0.07298183159 0.2396856957 -0.8047633214 -0.3806869365 -0.4554486282 0.1559679151 0.6047021513 -0.7810309326 0.5727390383 -0.6995804204 -0.4272671639 0.001281733799 0
1.230658692 1.230658692 0 -0.1105857679 0.2421836886 0.3994142321 -0.01573663156 0.07353246399 0.2394291248 -0.7990520579 -0.3876105021 -0.4596454149 0.1580626856 0.6021626301 -0.782570351 0.5801137787 -0.6979672381 -0.4198925318 0.001313760203 0
1.240558187 1.240558187 0 -0.1120957004 0.2430840403 0.3979042996 -0.01598021977 0.0740444991 0.2391879884 -0.7936357848 -0.3940812038 -0.463510783 0.1599868112 0.5998638358 -0.7839436196 0.5869808015 -0.6963213219 -0.4130256109 0.001344131388 0
1.250457682 1.250457682 0 -0.1136095126 0.2439628385 0.3963904874 -0.01622542482 0.07455469882 0.238945247 -0.7881369432 -0.4005582747 -0.4673256117 0.1618794807 0.5976343816 -0.7852567604 0.5938309461 -0.6945402901 -0.4061755691 0.001374969253 0
1.260357177 1.260357177 0 -0.1151270386 0.2448200461 0.3948729614 -0.016472239 0.07506305145 0.238700908 -0.7825557975 -0.4070397172 -0.4710892617 0.1637391975 0.5954745896 -0.7865109588 0.600662883 -0.6926244882 -0.3993437357 0.001406277052 0
1.270256672 1.270256672 0 -0.1166481126 0.2456556285 0.3933518874 -0.01672065459 0.07556954535 0.238454979 -0.7768926464 -0.4135235274 -0.4748011249 0.1655644647 0.5933847359 -0.7877074096 0.6074752867 -0.6905742881 -0.3925314364 0.001438058021 0
1.280156167 1.280156167 0 -0.1181725684 0.2464695537 0.3918274316 -0.01697066376 0.07607416897 0.2382074676 -0.7711478233 -0.420007696 -0.4784606252 0.167353786 0.5913650501 -0.7888473159 0.6142668353 -0.6883900877 -0.385739993 0.001470315371 0
1.290055662 1.290055662 0 -0.1197002397 0.2472617927 0.3902997603 -0.0172222587 0.0765769108 0.2379583813 -0.7653216959 -0.4264902099 -0.4820672179 0.1691056667 0.5894157152 -0.7899318883 0.6210362109 -0.6860723107 -0.3789707235 0.001503052292 0
1.300662264 1.300662264 0 -0.1213404096 0.248086525 0.3886595904 -0.01749357543 0.07711346158 0.2376897643 -0.7589896517 -0.4334316333 -0.4858721312 0.1709394385 0.5874053646 -0.7910339095 0.6282630158 -0.6834412607 -0.3717440331 0.001538663342 0
1.310561759 1.310561759 0 -0.1228742123 0.248833761 0.3871257877 -0.01774842998 0.07761226918 0.2374374403 -0.7529964278 -0.4399043032 -0.4893675345 0.172609019 0.5856021387 -0.7920077409 0.6349822882 -0.6808482497 -0.3650248683 0.001572403714 0
1.320461254 1.320461254 0 -0.1244107192 0.2495592377 0.3855892808 -0.01800484589 0.07810916013 0.2371835652 -0.7469232454 -0.4463691207 -0.4928085567 0.174236585 0.5838695355 -0.7929299956 0.641675368 -0.6781231257 -0.3583318971 0.001606633316 0
1.330360749 1.330360749 0 -0.1259497638 0.250262937 0.3840502362 -0.01826281514 0.07860412322 0.2369281468 -0.7407706131 -0.4528240674 -0.4961947831 0.1758206558 0.5822075483 -0.7938019071 0.6483409564 -0.6752664176 -0.351666418 0.001641355243 0
1.340260244 1.340260244 0 -0.1274911795 0.250944843 0.3825088205 -0.01852232964 0.07909714733 0.2366711929 -0.7345390738 -0.4592671262 -0.4995258311 0.1773597561 0.5806161242 -0.7946247122 0.65497776 -0.6722786796 -0.3450297246 0.001676572567 0
1.350159739 1.350159739 0 -0.1290347997 0.251604943 0.3809652003 -0.01878338127 0.07958822139 0.2364127114 -0.7282292046 -0.465696283 -0.50280135 0.1788524167 0.5790951635 -0.7953996509 0.6615844909 -0.6691604917 -0.3384231046 0.001712288334 0
1.360059233 1.360059233 0 -0.1305804578 0.2522432265 0.3794195422 -0.01904596184 0.0800773344 0.2361527102 -0.7218416171 -0.4721095272 -0.5060210216 0.1802971758 0.5776445201 -0.7961279651 0.6681598673 -0.6659124588 -0.33184784 0.001748505565 0
1.370665835 1.370665835 0 -0.1322385922 0.2529028836 0.3777614078 -0.01932898551 0.08059919549 0.2358724602 -0.7149122639 -0.4789609236 -0.5094083711 0.1817903241 0.5761680703 -0.7968579753 0.67516867 -0.6622890521 -0.324839158 0.001787869612 0
1.38056533 1.38056533 0 -0.133787942 0.2534959549 0.376212058 -0.01959470701 0.08108421169 0.2356093365 -0.708365781 -0.4853348325 -0.5125114835 0.1831312427 0.5748624192 -0.7974936658 0.681675046 -0.6587740882 -0.3183328955 0.001825135083 0
1.390464825 1.390464825 0 -0.1353388185 0.254067195 0.3746611815 -0.01986193209 0.08156723355 0.2353447178 -0.7017436707 -0.491686689 -0.51555797 0.184419822 0.5736263472 -0.7980865511 0.688146169 -0.655131295 -0.3118618868 0.001862911127 0
1.40036432 1.40036432 0 -0.1368910553 0.2546166043 0.3731089447 -0.02013065239 0.08204825036 0.2350786122 -0.6950466828 -0.4980145093 -0.5185476423 0.1856546369 0.5724595201 -0.7986378739 0.6945807833 -0.6513613792 -0.3054273876 0.001901200655 0
1.410263815 1.410263815 0 -0.1384444865 0.2551441863 0.3715555135 -0.02040085952 0.08252725152 0.2348110278 -0.6882756002 -0.5043163189 -0.5214803435 0.1868342736 0.5713615583 -0.7991488747 0.7009776404 -0.6474650725 -0.2990306464 0.001940006547 0
1.42016331 1.42016331 0 -0.139998946 0.2556499468 0.370001054 -0.02067254503 0.08300422647 0.2345419728 -0.6814312394 -0.510590154 -0.5243559484 0.1879573297 0.5703320365 -0.7996207916 0.707335499 -0.6434431309 -0.2926729046 0.001979331655 0
1.430062805 1.430062805 0 -0.141554268 0.2561338943 0.368445732 -0.02094570044 0.08347916476 0.2342714554 -0.6745144496 -0.5168340622 -0.5271743634 0.189022416 0.5693704842 -0.8000548594 0.7136531255 -0.6392963349 -0.2863553957 0.0020191788 0
1.440669406 1.440669406 0 -0.1432214536 0.2566282167 0.3667785464 -0.02123998841 0.08398575532 0.2339800019 -0.6670242325 -0.5234885506 -0.5301305601 0.1900976878 0.5684150885 -0.8004793291 0.720375973 -0.6347157038 -0.2796326751 0.002062454642 0
1.450568901 1.450568901 0 -0.144778036 0.2570670189 0.365221964 -0.02151616146 0.08445644182 0.2337064815 -0.6599602546 -0.5296643122 -0.532830347 0.1910383319 0.5675926399 -0.8008389044 0.7266063708 -0.630312868 -0.2734023965 0.002103391993 0
1.460468396 1.460468396 0 -0.1463349731 0.257484051 0.3636650269 -0.02179377809 0.08492505998 0.2334315243 -0.6528266605 -0.5358042338 -0.5354728512 0.1919168252 0.5668364363 -0.8011643943 0.7327927971 -0.6257877257 -0.2672160903 0.002144859854 0
1.470367891 1.470367891 0 -0.1478921001 0.2578793323 0.3621078999 -0.02207282966 0.08539159962 0.2331551386 -0.6456244313 -0.5419064209 -0.5380581053 0.1927318376 0.5661458262 -0.8014570121 0.7389340515 -0.621141155 -0.2610749567 0.002186860918 0
1.480267386 1.480267386 0 -0.1494492525 0.2582528847 0.3605507475 -0.02235330746 0.08585605069 0.2328773328 -0.6383545797 -0.5479689962 -0.5405861723 0.1934820551 0.5655201147 -0.8017179642 0.7450289423 -0.6163740577 -0.2549801876 0.002229397845 0
1.490166881 1.490166881 0 -0.1510062661 0.2586047328 0.3589937339 -0.02263520278 0.08631840317 0.2325981154 -0.6310181498 -0.5539901002 -0.5430571457 0.1941661812 0.564958564 -0.8019484491 0.7510762869 -0.6114873588 -0.2489329656 0.002272473261 0
1.500066376 1.500066376 0 -0.1525629771 0.2589349037 0.3574370229 -0.02291850682 0.08677864714 0.2323174949 -0.6236162164 -0.5599678923 -0.5454711489 0.194782937 0.5644603932 -0.8021496568 0.7570749118 -0.6064820064 -0.242934464 0.002316089758 0
1.510672978 1.510672978 0 -0.15423036 0.2592646371 0.35576964 -0.02322360012 0.08726941469 0.2320152827 -0.6156141413 -0.5663225388 -0.5479945357 0.1953675554 0.5639960355 -0.8023340889 0.7634466238 -0.600988564 -0.2365628851 0.002363425057 0
1.520572473 1.520572473 0 -0.1557859241 0.2595500029 0.3542140759 -0.02350979417 0.08772525979 0.2317317829 -0.608080073 -0.5722048462 -0.5502910492 0.1958407722 0.5636264868 -0.8024783956 0.7693406376 -0.5957405454 -0.2306689963 0.002408170456 0
1.530471968 1.530471968 0 -0.1573406845 0.2598137912 0.3526593155 -0.02379736976 0.08817896639 0.2314469063 -0.6004839921 -0.5780383181 -0.5525311557 0.196242811 0.5633176585 -0.8025970189 0.7751823878 -0.5903769291 -0.2248273719 0.002453464674 0
1.540371463 1.540371463 0 -0.1588944789 0.2600560397 0.3511055211 -0.02408631795 0.08863052489 0.2311606615 -0.5928270952 -0.5838212018 -0.5547150977 0.1965724733 0.5630686012 -0.8026911069 0.7809707408 -0.584898756 -0.2190391456 0.002499310156 0
1.550270958 1.550270958 0 -0.1604471454 0.2602767887 0.3495528546 -0.02437662978 0.08907992575 0.2308730573 -0.5851106079 -0.5895517683 -0.5568431458 0.1968285821 0.5628783255 -0.8027617953 0.7867045734 -0.5793070889 -0.2133054405 0.002545709307 0
1.560170453 1.560170453 0 -0.1619985226 0.2604760811 0.3480014774 -0.02466829622 0.08952715955 0.2305841023 -0.5773357843 -0.5952283137 -0.5589155989 0.1970099827 0.5627458022 -0.8028102072 0.792382773 -0.5736030131 -0.2076273692 0.002592664497 0
1.570069947 1.570069947 0 -0.1635484495 0.2606539622 0.3464515505 -0.02496130824 0.0899722169 0.2302938052 -0.5695039061 -0.6008491602 -0.5609327835 0.1971155431 0.5626699635 -0.8028374523 0.7980042378 -0.5677876354 -0.2020060335 0.002640178054 0
1.580676549 1.580676549 0 -0.1652072941 0.2608208436 0.3447927059 -0.02527673255 0.09044663835 0.2299812935 -0.5610507832 -0.6068078115 -0.5630331239 0.1971432253 0.5626503527 -0.8028443992 0.8039630386 -0.5614346449 -0.196047372 0.002691707654 0
