0.006850015807 0.003495152065 -0.002836386045 -2.035050969e-06 0.001746745422 0.5099960116 -2.560931492e-07 0.0004350425639 0.2549995051 -0.9999999999 -5.344571138e-08 -1.185146643e-05 2.733156051e-08 0.9999767729 -0.00681569922 1.185155542e-05 -0.00681569922 -0.9999767728 2.785384393e-08 -0.00377239344 0
0.0143714647 0.007332896149 -0.005950792389 -8.957562356e-06 0.003664644002 0.5099824444 -1.13412576e-06 0.0009146059705 0.2549978083 -0.9999999986 -4.96671119e-07 -5.216417401e-05 2.492748278e-07 0.9998977642 -0.01429899319 5.216594286e-05 -0.01429899318 -0.9998977628 5.575978637e-08 -0.007914553877 0
0.02105719705 0.01074422422 -0.008719153583 -1.923013863e-05 0.00536933519 0.5099623116 -2.442849639e-06 0.00134159149 0.2549952789 -0.9999999937 -1.563402378e-06 -0.0001119808381 7.829369768e-07 0.9997805251 -0.02094997914 0.0001119890143 -0.0209499791 -0.9997805188 4.112140968e-08 -0.01159647427 0
0.0277429294 0.0141555523 -0.01148751478 -3.337928247e-05 0.007073875136 0.5099345812 -4.248246117e-06 0.001768663096 0.2549917894 -0.9999999811 -3.576097303e-06 -0.0001943609909 1.789588873e-06 0.999619053 -0.02759979673 0.0001943856492 -0.02759979655 -0.9996190342 8.22588608e-09 -0.01527839465 0
0.03442866175 0.01756688037 -0.01425587597 -5.140451562e-05 0.00877821583 0.5098992542 -6.54962921e-06 0.002195685036 0.2549873413 -0.9999999552 -6.834898528e-06 -0.0002992927461 3.419311693e-06 0.9994133626 -0.03424807516 0.0002993512519 -0.03424807464 -0.9994133178 7.969031909e-08 -0.01896031504 0
0.0411143941 0.02097820845 -0.01702423717 -7.330522883e-05 0.01048230927 0.5098563319 -9.34661042e-06 0.00262263681 0.2549819353 -0.9999999089 -1.163978097e-05 -0.000426760963 5.822108789e-06 0.9991634723 -0.04089444382 0.000426879968 -0.04089444258 -0.9991633812 1.75109297e-07 -0.02264223543 0
0.04780012645 0.02438953652 -0.01979259836 -9.908068183e-05 0.01218610746 0.5098058155 -1.263897795e-05 0.003049522596 0.2549755717 -0.9999998335 -1.829051143e-05 -0.0005767472484 9.147886951e-06 0.9988694048 -0.04753853229 0.0005769646848 -0.04753852965 -0.9988692383 2.911910364e-07 -0.02632415582 0
0.05448585881 0.0278008646 -0.02256095956 -0.0001287300034 0.01388956242 0.509747707 -1.64266049e-05 0.003476349462 0.2549682509 -0.999999719 -2.708660827e-05 -0.0007492299588 1.354643768e-05 0.9985311866 -0.05417997038 0.0007495970314 -0.0541799653 -0.9985309056 4.269888076e-07 -0.03000607621 0
0.06117159116 0.03121219267 -0.02532932075 -0.0001622521915 0.01559262618 0.5096820081 -2.070940411e-05 0.003903122874 0.254959973 -0.9999995535 -3.832730106e-05 -0.000944184203 1.916741849e-05 0.9981488483 -0.06081838816 0.0009447673795 -0.0608183791 -0.9981484019 5.820300381e-07 -0.0336879966 0
0.06869304005 0.03504993676 -0.02844372709 -0.0002045925229 0.0175080456 0.5095990269 -2.611935351e-05 0.004383183246 0.2549495165 -0.9999992901 -5.426728862e-05 -0.001190333075 2.713835232e-05 0.9976660234 -0.06828253775 0.001191260373 -0.06828252157 -0.9976653137 7.791646866e-07 -0.03783015703 0
0.0753787724 0.03846126483 -0.03121208829 -0.0002463406273 0.01921011885 0.5095172064 -3.145417506e-05 0.004809852314 0.2549392052 -0.9999989708 -7.169472948e-05 -0.001432941873 3.585318563e-05 0.9971900494 -0.07491331056 0.001434286267 -0.07491328483 -0.9971890205 9.744736117e-07 -0.04151207742 0
0.08206450475 0.0418725929 -0.03398044948 -0.0002919576231 0.0209116511 0.5094278033 -3.728397387e-05 0.005236473533 0.2549279373 -0.9999985542 -9.249955404e-05 -0.001697923524 4.625705931e-05 0.9966700763 -0.0815399092 0.001699811974 -0.08153986986 -0.9966686311 1.188654916e-06 -0.04519399781 0
0.0887502371 0.04528392098 -0.03674881068 -0.0003414419687 0.02261259445 0.5093308209 -4.360869146e-05 0.005663046387 0.2549157127 -0.9999980226 -0.0001169793752 -0.001985239777 5.84988807e-05 0.9961061512 -0.08816196526 0.001987822685 -0.08816190706 -0.9961041746 1.421733421e-06 -0.0488759182 0
0.09543596945 0.04869524905 -0.03951717187 -0.0003947919916 0.02431290103 0.5092262622 -5.042826741e-05 0.006089569736 0.2549025317 -0.9999973563 -0.0001454313112 -0.002294849152 7.272732755e-05 0.9954983249 -0.09477911077 0.002298302337 -0.09477902709 -0.9954956825 1.673765742e-06 -0.05255783859 0
0.1021217018 0.05210657713 -0.04228553307 -0.000452005889 0.02601252298 0.5091141308 -5.774263854e-05 0.006516041986 0.2548883943 -0.9999965343 -0.0001781519452 -0.002626706946 8.909082943e-05 0.9948466523 -0.1013909783 0.002631233612 -0.1013908609 -0.9948431886 1.944831686e-06 -0.05623975898 0
0.1088074342 0.0555179052 -0.04505389426 -0.0005130817274 0.02771141247 0.5089944306 -6.555173835e-05 0.006942461212 0.2548733007 -0.9999955343 -0.0002154372857 -0.002980765242 0.0001077375492 0.9941511922 -0.1079972008 0.002986597943 -0.1079970397 -0.9941467294 2.235029032e-06 -0.05992167937 0
0.116328883 0.05935564929 -0.0481683006 -0.000586405697 0.02962172813 0.5088507257 -7.492824352e-05 0.007422116748 0.2548551777 -0.9999941664 -0.0002632073193 -0.003405553571 0.0001316283809 0.9933165382 -0.1154219977 0.003413172598 -0.1154217726 -0.993310709 2.58450957e-06 -0.0640638398 0
0.1230146154 0.06276697736 -0.0509366618 -0.0006556811448 0.03131890249 0.5087149554 -8.378840408e-05 0.007848415853 0.2548380526 -0.9999927064 -0.0003111726443 -0.003806614167 0.0001556175594 0.9925282431 -0.1220150091 0.003816139805 -0.1220147116 -0.9925209556 2.915750086e-06 -0.06774576019 0
0.1297003478 0.06617830544 -0.05370502299 -0.0007288116512 0.03301519513 0.5085716297 -9.314306116e-05 0.00827465458 0.2548199718 -0.9999909883 -0.0003646235587 -0.004229704845 0.0001823510417 0.9916963697 -0.1286012329 0.004241473979 -0.1286008453 -0.9916873663 3.266513288e-06 -0.07142768058 0
0.1363860801 0.06958963351 -0.05647338419 -0.0008057947451 0.03471055835 0.5084207535 -0.0001029921322 0.008700830305 0.2548009354 -0.9999889834 -0.0004238532787 -0.004674764479 0.000211975695 0.9908209931 -0.1351803046 0.004689151399 -0.1351798063 -0.9908099877 3.636946585e-06 -0.07510960097 0
0.1430718125 0.07300096159 -0.05924174538 -0.0008866278255 0.03640494447 0.5082623318 -0.0001133355304 0.009126940322 0.2547809436 -0.9999866616 -0.0004891542425 -0.005141728759 0.0002446380252 0.9899021922 -0.1417518607 0.005159147094 -0.1417512279 -0.9898888688 4.027206704e-06 -0.07879152136 0
0.1497575448 0.07641228966 -0.06201010658 -0.0009713081615 0.03809830588 0.50809637 -0.0001241731649 0.00955298186 0.2547599965 -0.9999839912 -0.0005608180699 -0.005630530202 0.0002804841585 0.98894005 -0.1483155384 0.005651434853 -0.1483147433 -0.9889240609 4.437459191e-06 -0.08247344175 0
0.1564432772 0.07982361773 -0.06477846777 -0.001059832892 0.03979059498 0.5079228738 -0.0001355049405 0.009978952096 0.2547380944 -0.999980939 -0.0006391355236 -0.006141098156 0.0003196598235 0.9879346531 -0.1548709755 0.006165987218 -0.1548699866 -0.9879156178 4.867878024e-06 -0.08615536213 0
0.1631290095 0.08323494581 -0.06754682897 -0.001152199027 0.04148176422 0.5077418489 -0.0001473307579 0.01040484816 0.2547152374 -0.9999774705 -0.0007243964697 -0.00667335881 0.0003623103324 0.9868860922 -0.161417811 0.00670277549 -0.1614165922 -0.9868635957 5.318645304e-06 -0.08983728252 0
0.1706504584 0.08707268989 -0.07066123531 -0.001260698716 0.04338293187 0.5075292045 -0.0001612252073 0.01088388897 0.2546883822 -0.9999730257 -0.0008289743917 -0.007297985654 0.0004146260521 0.9856549847 -0.1687722705 0.007333203828 -0.168770744 -0.9856280536 5.850318095e-06 -0.09397944296 0
0.1773361907 0.09048401797 -0.0734295965 -0.001361217313 0.04507156372 0.5073322019 -0.0001741005137 0.01130961778 0.2546634968 -0.9999685508 -0.0009299483826 -0.007876083855 0.0004651410809 0.984515019 -0.1752996321 0.007917142455 -0.1752977826 -0.9844836242 6.344966162e-06 -0.09766136335 0
0.1840219231 0.09389534604 -0.0761979577 -0.001465567134 0.04675892739 0.5071276906 -0.0001874695235 0.01173526326 0.2546376572 -0.9999635417 -0.001038765488 -0.008475623839 0.0005195821728 0.9833321975 -0.181817269 0.00852321932 -0.181815044 -0.9832958072 6.860581601e-06 -0.1013432837 0
0.1907076554 0.09730667412 -0.07896631889 -0.001573744654 0.04844497552 0.5069156776 -0.0002013321198 0.01216082247 0.2546108636 -0.999957958 -0.001155711462 -0.009096518868 0.0005780927323 0.9821066269 -0.1883248239 0.009151400619 -0.1883221649 -0.982064669 7.397377777e-06 -0.1050252041 0
0.1973933878 0.1007180022 -0.08173468009 -0.00168574622 0.05012966079 0.50669617 -0.0002156881812 0.0125862924 0.2545831164 -0.9999517573 -0.001281070964 -0.009738679091 0.0006408156547 0.9808384173 -0.1948219403 0.009801651318 -0.1948187823 -0.9807902781 7.955575214e-06 -0.1087071245 0
0.2040791202 0.1041293303 -0.08450304128 -0.001801568049 0.05181293594 0.5064691752 -0.0002305375819 0.01301167007 0.2545544156 -0.9999448963 -0.001415127517 -0.01040201156 0.0007078933091 0.9795276832 -0.2013082631 0.01047393515 -0.2013045338 -0.9794727058 8.535401461e-06 -0.1123890449 0
0.2107648525 0.1075406583 -0.08727140248 -0.00192120623 0.05349475375 0.5062347009 -0.0002458801921 0.01343695247 0.2545247616 -0.9999373297 -0.001558163474 -0.01108642024 0.0007794675199 0.9781745424 -0.207783438 0.01116821461 -0.2077790576 -0.9781120254 9.137090956e-06 -0.1160709653 0
0.2174505849 0.1109519864 -0.09003976367 -0.002044656723 0.05517506707 0.5059927549 -0.0002617158774 0.01386213658 0.2544941546 -0.9999290113 -0.001710459972 -0.01179180603 0.0008556795494 0.9767791167 -0.2142471119 0.01188445099 -0.2142419928 -0.9767083128 9.760884912e-06 -0.1197528857 0
0.2249720337 0.1147897305 -0.09315417001 -0.002188090238 0.05706356257 0.505711645 -0.0002801202296 0.01434034745 0.254458583 -0.9999186946 -0.001893211222 -0.01261031191 0.0009471368679 0.9751588757 -0.2215045597 0.0127164125 -0.2214984939 -0.9750777969 1.048938372e-05 -0.1238950461 0
0.2316577661 0.1182010586 -0.09592253121 -0.002319627896 0.05874052253 0.5054538494 -0.0002970032342 0.01476531265 0.2544259519 -0.9999086175 -0.002066114092 -0.01335993101 0.001033670626 0.9736740164 -0.2279426272 0.01347917316 -0.227935607 -0.973582904 1.116098075e-05 -0.1275769665 0
0.2383434984 0.1216123866 -0.0986908924 -0.002454964415 0.060415831 0.5051886085 -0.0003143788666 0.0151901701 0.2543923688 -0.9998976342 -0.00224914784 -0.01413019782 0.00112527983 0.9721472771 -0.234368098 0.01426376184 -0.2343600072 -0.9720452315 1.185547835e-05 -0.1312588869 0
0.2450292308 0.1250237147 -0.1014592536 -0.002594095226 0.06208944107 0.5049159313 -0.0003322469748 0.01561491674 0.2543578338 -0.9998856922 -0.002442588207 -0.01492100068 0.001222103234 0.9705787951 -0.2407806242 0.01507013478 -0.2407713361 -0.9704648653 1.25731444e-05 -0.1349408073 0
0.2517149631 0.1284350428 -0.1042276148 -0.002737015634 0.06376130589 0.504635827 -0.0003506074024 0.01603954955 0.2543223473 -0.9998727379 -0.002646709531 -0.01573222493 0.001324278944 0.9689687114 -0.2471798589 0.015898247 -0.2471692361 -0.9688418934 1.331425299e-05 -0.1386227277 0
0.2584006955 0.1318463709 -0.106995976 -0.002883720814 0.06543137867 0.5043483051 -0.0003694599889 0.01646406547 0.2542859097 -0.9998587162 -0.002861784706 -0.01656375289 0.001431944395 0.9673171706 -0.2535654568 0.01674805233 -0.2535533505 -0.9671764064 1.407908423e-05 -0.1423046481 0
0.2650864279 0.1352576989 -0.1097643372 -0.003034205816 0.06709961271 0.5040533752 -0.0003888045692 0.01688846147 0.2542485213 -0.9998435704 -0.003088085146 -0.01741546393 0.001545236335 0.9656243213 -0.259937074 0.01761950336 -0.2599233231 -0.9654684973 1.486792424e-05 -0.1459865684 0
0.2726078767 0.139095443 -0.1128787435 -0.003208013183 0.06897412004 0.5037127368 -0.0004111550975 0.0173657598 0.2542053231 -0.9998251159 -0.003356426837 -0.01839760992 0.001679584542 0.9636706784 -0.2670880053 0.01862569858 -0.2670721962 -0.9634965103 1.578443093e-05 -0.1501287289 0
0.2792936091 0.1425067711 -0.1156471047 -0.003366513286 0.07063829193 0.5034020985 -0.0004315445975 0.01778989081 0.2541659152 -0.9998073878 -0.003607475178 -0.0192917959 0.00180528358 0.9618905575 -0.2734287776 0.01954298384 -0.273410939 -0.9616987731 1.662526602e-05 -0.1538106493 0
0.2859793414 0.1459180992 -0.1184154659 -0.003528776919 0.07230047953 0.5030840841 -0.0004524255482 0.01821389235 0.2541255575 -0.9997883503 -0.003870587016 -0.02020576891 0.001937031829 0.9600696151 -0.2797545032 0.02048175893 -0.2797344325 -0.9598589192 1.74910411e-05 -0.1574925697 0
0.2926650738 0.1493294273 -0.1211838271 -0.003694798609 0.07396063643 0.5027587045 -0.0004737977669 0.01863776137 0.2540842505 -0.9997679413 -0.004146027274 -0.02113939616 0.002074963023 0.9582080146 -0.2860648444 0.02144197147 -0.286042324 -0.9579770513 1.838206569e-05 -0.1611744901 0
0.2993508061 0.1527407553 -0.1239521883 -0.003864572755 0.07561871627 0.5024259706 -0.0004956610666 0.01906149482 0.2540419943 -0.9997460971 -0.004434059208 -0.02209254196 0.002219210122 0.9563059231 -0.2923594647 0.02242356791 -0.2923342618 -0.9560532741 1.929865471e-05 -0.1648564104 0
0.3060365385 0.1561520834 -0.1267205495 -0.004038093631 0.07727467279 0.5020858936 -0.000518015256 0.01948508964 0.2539987895 -0.999722753 -0.004734944372 -0.02306506777 0.002369905297 0.954363511 -0.2986380292 0.02342649351 -0.2986098948 -0.9540876952 2.024112838e-05 -0.1685383308 0
0.3127222708 0.1595634115 -0.1294889107 -0.004215355384 0.07892845981 0.5017384851 -0.0005408601396 0.01990854277 0.2539546364 -0.9996978429 -0.005048942581 -0.02405683214 0.002527179909 0.9523809524 -0.3049002049 0.02445069233 -0.304868873 -0.9520804241 2.120981212e-05 -0.1722202512 0
0.3194080032 0.1629747396 -0.1322572719 -0.004396352037 0.08058003121 0.5013837566 -0.0005641955175 0.02033185117 0.2539095354 -0.9996712991 -0.005376311877 -0.02506769079 0.002691164498 0.9503584249 -0.31114566 0.02549610725 -0.3111108474 -0.9500315727 2.220503643e-05 -0.1759021716 0
0.3269294521 0.1668124836 -0.1353716782 -0.004604430039 0.08243534339 0.5009759524 -0.0005910338572 0.02080789631 0.2538576643 -0.9996393989 -0.005760903929 -0.02622754712 0.002883829135 0.948035532 -0.3181514003 0.02669748624 -0.3181123103 -0.9476770559 2.335680599e-05 -0.180044332 0
0.3336151844 0.1702238117 -0.1381400394 -0.004793342932 0.0840820539 0.5006057092 -0.0006154108523 0.021230887 0.2538105503 -0.9996091535 -0.006117535256 -0.02727848915 0.003062501995 0.9459286766 -0.3243602315 0.02778779029 -0.3243169969 -0.9455402288 2.440954904e-05 -0.1837262524 0
0.3403009168 0.1736351398 -0.1409084006 -0.004985971237 0.08572640527 0.5002281843 -0.0006402776894 0.02165372341 0.2537624898 -0.9995770552 -0.006488332224 -0.02834805639 0.003248287275 0.9437824301 -0.3305513173 0.02889912431 -0.3305035949 -0.9433621862 2.54898972e-05 -0.1874081728 0
0.3469866491 0.1770464679 -0.1436767618 -0.00518230846 0.08736835173 0.4998433904 -0.0006656341509 0.02207640249 0.253713483 -0.999543031 -0.006873545186 -0.029436093 0.003441311941 0.9415969843 -0.3367243332 0.03003142632 -0.3366717594 -0.9411430496 2.659820087e-05 -0.1910900932 0
0.3536723815 0.1804577959 -0.146445123 -0.005382347985 0.08900784763 0.4994513406 -0.0006914800151 0.02249892119 0.2536635305 -0.9995070068 -0.007273422541 -0.03054244037 0.003641702056 0.9393725348 -0.3428789567 0.03118463316 -0.3428211462 -0.9388829429 2.773481508e-05 -0.1947720136 0
0.3603581138 0.183869124 -0.1492134842 -0.005586083069 0.09064484739 0.4990520479 -0.0007178150557 0.02292127645 0.2536126327 -0.9994689072 -0.007688210699 -0.03166693716 0.003849582755 0.9371092803 -0.3490148672 0.03235868052 -0.3489514124 -0.9365819919 2.89000993e-05 -0.198453934 0
0.3670438462 0.1872804521 -0.1519818454 -0.005793506847 0.09227930554 0.4986455259 -0.0007446390423 0.02334346523 0.25356079 -0.9994286556 -0.008118154052 -0.03280941928 0.00406507824 0.9348074231 -0.3551317458 0.03355350292 -0.3550622161 -0.9342403251 3.009441741e-05 -0.2021358544 0
0.3737295785 0.1906917802 -0.1547502066 -0.00600461233 0.0939111767 0.4982317883 -0.0007719517403 0.02376548448 0.2535080029 -0.9993861739 -0.008563494934 -0.03396972 0.004288311753 0.9324671687 -0.3612292757 0.0347690337 -0.3611532165 -0.9318580731 3.131813756e-05 -0.2058177748 0
0.3812510274 0.1945295242 -0.1578646129 -0.006246497927 0.0957438831 0.4977577259 -0.0008032623906 0.02424004968 0.2534474892 -0.999335618 -0.00908320734 -0.03529614601 0.004548851026 0.9297887462 -0.368065477 0.03616117438 -0.3679814979 -0.9291296932 3.273043113e-05 -0.2099599352 0
0.3879367598 0.1979408523 -0.1606329741 -0.006465403266 0.09737010666 0.4973287017 -0.0008316128013 0.02466169855 0.2533926968 -0.9992881334 -0.009562063027 -0.03649374531 0.004788932614 0.9273675957 -0.3741208477 0.03742048397 -0.3740292896 -0.9266616415 3.401787204e-05 -0.2136418556 0
0.3946224921 0.2013521804 -0.1634013353 -0.006687967678 0.09899360204 0.4968925061 -0.0008604511624 0.02508316836 0.2533369616 -0.9992381674 -0.01005705993 -0.03770862492 0.005037131049 0.9249087117 -0.380155892 0.03870028628 -0.3800562202 -0.9241534274 3.533589211e-05 -0.217323776 0
0.4013082245 0.2047635085 -0.1661696965 -0.006914183667 0.1006143243 0.496449154 -0.0008897772214 0.02550445608 0.2532802839 -0.9991856371 -0.01056843156 -0.03894060714 0.005293565473 0.9224123137 -0.3861703015 0.04000050993 -0.3860619534 -0.9216051906 3.668487621e-05 -0.2210056964 0
0.4079939568 0.2081748365 -0.1689380577 -0.007144043617 0.1022322285 0.4959986602 -0.0009195907217 0.02592555865 0.2532226643 -0.9991304584 -0.0110964092 -0.04018951172 0.005558354 0.9198786239 -0.3921637694 0.04132108239 -0.3920461542 -0.9190170733 3.806521305e-05 -0.2246876168 0
0.4146796892 0.2115861646 -0.1717064189 -0.007377539787 0.1038472699 0.4955410399 -0.0009498914025 0.02634647304 0.2531641033 -0.9990725459 -0.01164122188 -0.04145515582 0.005831613692 0.9173078679 -0.3981359915 0.04266193002 -0.3980084891 -0.9163892199 3.947729508e-05 -0.2283695371 0
0.4213654215 0.2149974927 -0.1744747801 -0.007614664319 0.1054594039 0.4950763086 -0.0009806789986 0.02676719621 0.2531046015 -0.9990118132 -0.01220309635 -0.04273735408 0.00611346055 0.9147002747 -0.4040866652 0.04402297803 -0.4039486252 -0.9137217769 4.09215184e-05 -0.2320514575 0
0.4288868704 0.2188352368 -0.1775891864 -0.0078857565 0.1072695239 0.4945450053 -0.001015896725 0.02724027742 0.2530365379 -0.9989400088 -0.01285587862 -0.04419938045 0.006440945662 0.9117229893 -0.4107550426 0.04557820824 -0.4106043317 -0.9106737669 4.258518633e-05 -0.236193618 0
0.4355726028 0.2222465648 -0.1803575476 -0.008130564649 0.1088753319 0.4940652151 -0.001047718116 0.02766058416 0.2529750384 -0.9988729907 -0.0134547516 -0.04551612929 0.006741420466 0.909037891 -0.4166589325 0.04698192861 -0.4164961974 -0.9079226927 4.409904134e-05 -0.2398755384 0
0.4422583351 0.2256578929 -0.1831259088 -0.008378975817 0.1104780935 0.4935783635 -0.001080025566 0.02808069019 0.2529125998 -0.9988028748 -0.01407137984 -0.04684883682 0.007050837925 0.9063166907 -0.4225403434 0.04840560842 -0.4223648332 -0.9051325012 4.564629816e-05 -0.2435574587 0
0.4489440675 0.229069221 -0.18589427 -0.008630981647 0.1120777648 0.4930844668 -0.001112818793 0.02850059247 0.2528492225 -0.9987295699 -0.01470598031 -0.04819730741 0.007369309502 0.9035596302 -0.4283989822 0.04984916826 -0.4282099121 -0.9023033479 4.722736716e-05 -0.2472393791 0
0.4556297998 0.2324805491 -0.1886626312 -0.008886573662 0.1136743014 0.4925835417 -0.001146097509 0.02892028798 0.2527849071 -0.9986529835 -0.01535876754 -0.04956134301 0.007696945521 0.9007669542 -0.4342345579 0.05131252762 -0.4340311078 -0.8994353907 4.884266194e-05 -0.2509212995 0
0.4623155322 0.2358918771 -0.1914309924 -0.009145743265 0.1152676596 0.4920756051 -0.001179861424 0.02933977369 0.2527196542 -0.9985730225 -0.0160299536 -0.05094074313 0.008033855157 0.8979389104 -0.4400467821 0.05279560488 -0.4398280958 -0.8965287894 5.049259928e-05 -0.2546032199 0
0.4690012645 0.2393032052 -0.1941993536 -0.009408481741 0.1168577955 0.4915606739 -0.001214110241 0.02975904656 0.2526534644 -0.9984895923 -0.01671974801 -0.05233530496 0.008380146418 0.8950757496 -0.4458353683 0.05429831732 -0.4456005527 -0.8935837063 5.217759908e-05 -0.2582851403 0
0.4756869969 0.2427145333 -0.1969677148 -0.009674780256 0.1184446652 0.4910387656 -0.001248843662 0.03017810358 0.2525863383 -0.9984025973 -0.01742835779 -0.05374482328 0.008735926135 0.8921777255 -0.4516000328 0.05582058114 -0.4513481565 -0.8906003056 5.389808428e-05 -0.2619670607 0
0.4832084458 0.2465522774 -0.2000821211 -0.009978610292 0.1202259355 0.4904433006 -0.001288497633 0.03064928094 0.2525097029 -0.9983003467 -0.0182482885 -0.0553481506 0.009147651472 0.8888760957 -0.458056336 0.05755639218 -0.4577841046 -0.8871983855 5.58765767e-05 -0.2661092211 0
0.4898941781 0.2499636055 -0.2028504823 -0.01025244402 0.1218057202 0.4899066243 -0.00132425982 0.03106786922 0.252440589 -0.9982054546 -0.01899755653 -0.05678875958 0.009523943407 0.8859048431 -0.4637692352 0.0591199194 -0.4634778332 -0.884134115 5.767388614e-05 -0.2697911415 0
0.4965799105 0.2533749335 -0.2056188435 -0.01052980941 0.1233821031 0.4893630264 -0.001360505646 0.0314862322 0.2523705407 -0.9981066925 -0.01976627017 -0.05824366893 0.009910049897 0.8828995389 -0.469457341 0.06070272908 -0.4691457116 -0.8810320539 5.950802151e-05 -0.2734730619 0
0.5032656428 0.2567862616 -0.2083872047 -0.01081069716 0.1249550408 0.4888125252 -0.001397234793 0.03190436686 0.2522995585 -0.9980039605 -0.02055462567 -0.05971266403 0.01030607277 0.8798604489 -0.4751203798 0.06230473293 -0.4747874238 -0.8778923752 6.137941759e-05 -0.2771549823 0
0.5099513752 0.2601975897 -0.2111555659 -0.01109509782 0.1265244904 0.4882551391 -0.001434446941 0.03232227019 0.2522276431 -0.9978971577 -0.02136281658 -0.06119552801 0.0107121126 0.8767878415 -0.4807580801 0.0639258416 -0.4804026551 -0.8747152541 6.328851184e-05 -0.2808369027 0
0.5166371075 0.2636089178 -0.2139239271 -0.01138300184 0.1280904088 0.487690887 -0.001472141763 0.03273993918 0.2521547952 -0.9977861825 -0.02219103376 -0.06269204184 0.0111282687 0.8736819881 -0.4863701732 0.06556596468 -0.4859910922 -0.8715008678 6.52357444e-05 -0.2845188231 0
0.5233228399 0.2670202458 -0.2166922883 -0.01167439956 0.1296527533 0.4871197876 -0.001510318929 0.03315737081 0.2520810154 -0.9976709318 -0.02303946533 -0.06420198428 0.01155463913 0.8705431625 -0.4919563928 0.06722501069 -0.4915524236 -0.8682493955 6.722155797e-05 -0.2882007435 0
0.5300085722 0.2704315739 -0.2194606495 -0.01196928118 0.1312114812 0.4865418603 -0.001548978106 0.03357456207 0.2520063043 -0.9975513021 -0.02390829662 -0.06572513198 0.01199132065 0.8673716417 -0.4975164755 0.0689028871 -0.4970863391 -0.8649610186 6.92463978e-05 -0.2918826638 0
0.5375300211 0.274269318 -0.2225750559 -0.01230517503 0.132960674 0.4858835547 -0.001593045411 0.03404361118 0.251921142 -0.9974113539 -0.02491034307 -0.06745417673 0.01249503113 0.8637649477 -0.5037400016 0.0708128897 -0.5032788391 -0.8612177105 7.157154874e-05 -0.2960248243 0
0.5442157535 0.2776806461 -0.225343417 -0.01260742694 0.1345115754 0.4852911827 -0.001632727731 0.03446028168 0.2518444543 -0.9972820697 -0.02582312644 -0.06900463437 0.01295393903 0.8605248806 -0.5092436797 0.07253046868 -0.5087534727 -0.8578515228 7.368080896e-05 -0.2997067447 0
0.5509014858 0.2810919741 -0.2281117782 -0.01291313144 0.1360587276 0.4846920441 -0.00167289099 0.03487670242 0.2517668373 -0.9971480761 -0.02675687065 -0.07056758576 0.01342345197 0.8572530003 -0.5147204139 0.07426658215 -0.514199731 -0.8544490104 7.583050252e-05 -0.3033886651 0
0.5575872182 0.2845033022 -0.2308801394 -0.01322227827 0.1376020886 0.4840861589 -0.001713534835 0.03529287041 0.2516882919 -0.9970092655 -0.02771174938 -0.07214279901 0.01390366127 0.8539495944 -0.5201699514 0.07602113329 -0.5196173102 -0.8510103632 7.802108456e-05 -0.3070705855 0
0.5642729505 0.2879146303 -0.2336485006 -0.01353485706 0.1391416164 0.4834735476 -0.001754658912 0.03570878265 0.2516088187 -0.9968655294 -0.02868793339 -0.07373004022 0.01439465693 0.8506149533 -0.5255920424 0.07779402422 -0.5250059082 -0.8475357728 8.025301245e-05 -0.3107525058 0
0.5709586829 0.2913259584 -0.2364168618 -0.01385085732 0.1406772691 0.4828542307 -0.00179626286 0.03612443614 0.2515284185 -0.9967167584 -0.02968559054 -0.0753290735 0.01489652755 0.8472493697 -0.5309864395 0.07958515608 -0.5303652244 -0.8440254331 8.252674579e-05 -0.3144344262 0
0.5776444152 0.2947372864 -0.239185223 -0.01417026847 0.1422090051 0.4822282289 -0.001838346315 0.0365398279 0.2514470919 -0.9965628422 -0.03070488574 -0.07693966106 0.0154093604 0.8438531389 -0.5363528984 0.08139442896 -0.5356949598 -0.8404795399 8.484274634e-05 -0.3181163466 0
0.5843301476 0.2981486145 -0.2419535842 -0.01449307978 0.1437367827 0.4815955633 -0.001880908908 0.03695495492 0.2513648397 -0.9964036699 -0.03174598092 -0.07856156317 0.01593324134 0.8404265586 -0.5416911772 0.08322174195 -0.5409948173 -0.8368982909 8.7201478e-05 -0.321798267 0
0.5918515965 0.3019863586 -0.2450679906 -0.01486029329 0.1454507497 0.4808758755 -0.001929364082 0.03742165267 0.2512712005 -0.996218179 -0.03294346857 -0.08039942656 0.01653591844 0.8365357524 -0.5476627596 0.0852989057 -0.5469210755 -0.8328273734 8.99067084e-05 -0.3259404274 0
0.5985373288 0.3053976867 -0.2478363518 -0.01519029389 0.1469699788 0.4802291198 -0.001972943603 0.03783620723 0.2511869838 -0.9960474647 -0.03403141269 -0.08204456756 0.0170835553 0.8330456791 -0.5529403663 0.08716421429 -0.5521564629 -0.8291716591 9.235779337e-05 -0.3296223478 0
0.6052230612 0.3088090147 -0.2506047129 -0.01552366048 0.1484851207 0.4795757673 -0.002017001083 0.03825048773 0.2511018437 -0.9958711418 -0.03514164343 -0.08370026196 0.01764249956 0.8295262022 -0.5581890558 0.08904724119 -0.5573610542 -0.8254812197 9.485307232e-05 -0.3333042682 0
0.6119087935 0.3122203428 -0.2533730741 -0.01586038188 0.1499961346 0.4789158398 -0.002061536138 0.0386644912 0.2510157811 -0.9956890959 -0.03627431022 -0.08536626247 0.01821283128 0.8259776294 -0.5634085982 0.09094788138 -0.5625345591 -0.8217562611 9.739301748e-05 -0.3369861886 0
0.6185945259 0.3156316709 -0.2561414353 -0.01620044681 0.1515029797 0.4782493595 -0.002106548376 0.03907821465 0.2509287967 -0.9955012118 -0.03742955943 -0.08704232002 0.01879462906 0.8224002704 -0.5685987665 0.09286602884 -0.5676766891 -0.817996991 9.997810299e-05 -0.340668109 0
0.6252802582 0.319042999 -0.2589097965 -0.01654384389 0.1530056153 0.4775763486 -0.002152037406 0.03949165512 0.2508408913 -0.9953073735 -0.03860753427 -0.08872818384 0.01938797007 0.8187944373 -0.5737593363 0.0948015766 -0.5727871574 -0.8142036191 0.0001026088048 -0.3443500294 0
0.6319659906 0.322454327 -0.2616781577 -0.01689056163 0.154504001 0.4768968297 -0.002198002826 0.03990480963 0.2507520656 -0.9951074643 -0.03980837486 -0.09042360142 0.01999293003 0.8151604446 -0.5788900866 0.0967544167 -0.5778656789 -0.810376357 0.0001052856009 -0.3480319498 0
0.6394874395 0.3262920711 -0.2647925641 -0.01728457383 0.1561845549 0.4761246201 -0.00225028286 0.04036926295 0.2506510378 -0.9948751638 -0.04118682262 -0.09234204942 0.02068749063 0.8110389372 -0.5846262652 0.09897189591 -0.5835404767 -0.8060304435 0.0001083526907 -0.3521741102 0
0.6461731718 0.3297033992 -0.2675609253 -0.01763830928 0.157673776 0.4754313474 -0.002297259272 0.04078179994 0.2505602592 -0.9946619634 -0.04243670369 -0.09405692285 0.02131738549 0.8073461587 -0.5896929279 0.1009611194 -0.5885501731 -0.8021318758 0.0001111290319 -0.3558560306 0
0.6528589042 0.3331147273 -0.2703292865 -0.01799532875 0.1591586219 0.4747316385 -0.002344710804 0.04119404171 0.2504685629 -0.9944423229 -0.0437098679 -0.09578055042 0.02195912639 0.8036262166 -0.5947290987 0.1029672917 -0.5935270436 -0.7982000911 0.000113952972 -0.359537951 0
0.6595446365 0.3365260553 -0.2730976477 -0.0183556203 0.1606390527 0.4740255168 -0.00239263704 0.04160598529 0.2503759497 -0.9942161228 -0.04500644224 -0.09751267297 0.02261278289 0.7998794341 -0.5997345688 0.1049903009 -0.5984708106 -0.7942353087 0.0001168249963 -0.3632198714 0
0.6662303689 0.3399373834 -0.2758660088 -0.01871917188 0.1621150289 0.4733130059 -0.00244103756 0.04201762773 0.2502824203 -0.9939832427 -0.04632655042 -0.0992530298 0.0232784231 0.7961061363 -0.6047091324 0.1070300342 -0.6033811983 -0.7902377498 0.0001197455915 -0.3669017918 0
0.6729161012 0.3433487115 -0.27863437 -0.01908597133 0.1635865108 0.4725941296 -0.002489911942 0.04242896607 0.2501879757 -0.9937435619 -0.04767031292 -0.1010013587 0.02395611357 0.7923066504 -0.6096525866 0.1090863778 -0.608257933 -0.7862076374 0.0001227152461 -0.3705837122 0
0.6796018336 0.3467600396 -0.2814027312 -0.0194560064 0.1650534594 0.4718689119 -0.002539259756 0.04283999736 0.2500926166 -0.9934969588 -0.04903784693 -0.102757396 0.02464591935 0.7884813055 -0.6145647318 0.111159217 -0.6131007425 -0.7821451963 0.0001257344502 -0.3742656325 0
0.6862875659 0.3501713676 -0.2841710924 -0.01982926471 0.1665158353 0.4711373771 -0.00258908057 0.04325071866 0.249996344 -0.9932433113 -0.05042926638 -0.1045208765 0.02534790395 0.7846304327 -0.6194453712 0.1132484362 -0.6179093568 -0.7780506529 0.0001288036954 -0.3779475529 0
0.6938090148 0.3540091117 -0.2872854988 -0.02025301757 0.1681554942 0.4703068799 -0.002645693826 0.04371240591 0.2498869462 -0.9929493848 -0.05202330137 -0.1065133572 0.02615227121 0.7802681015 -0.6248981905 0.1156182419 -0.6232778401 -0.7734062039 0.0001323170253 -0.3820897134 0
0.7004947472 0.3574204398 -0.29005386 -0.02063308375 0.1696080243 0.4695620027 -0.002696518313 0.04412245868 0.249788735 -0.9926803599 -0.05346584041 -0.108291768 0.02688033961 0.7763640895 -0.6297112416 0.1177418806 -0.6280129015 -0.7692442038 0.0001354942477 -0.3857716338 0
0.7071804795 0.3608317679 -0.2928222212 -0.02101633385 0.1710558608 0.4688108854 -0.002747814422 0.04453219226 0.2496896129 -0.9924039052 -0.05493259941 -0.1100767847 0.02762077531 0.7724355962 -0.6344921926 0.1198815322 -0.6327129359 -0.7650508212 0.0001387230576 -0.3894535541 0
0.7138662119 0.364243096 -0.2955905824 -0.02140275509 0.172498965 0.4680535531 -0.002799581705 0.04494160372 0.2495895807 -0.9921198963 -0.05642367851 -0.1118681364 0.02837363541 0.76848296 -0.6392408599 0.1220370774 -0.6373776813 -0.7608262897 0.0001420039532 -0.3931354745 0
0.7205519442 0.367654424 -0.2983589436 -0.02179233456 0.173937299 0.467290031 -0.002851819708 0.04535069011 0.2494886395 -0.9918282082 -0.05793917447 -0.1136655512 0.02913897541 0.7645065215 -0.6439570628 0.1242083958 -0.6420068775 -0.7565708451 0.0001453374339 -0.3968173949 0
0.7272376766 0.3710657521 -0.3011273047 -0.02218505926 0.1753708245 0.4665203448 -0.002904527973 0.04575944851 0.24938679 -0.9915287154 -0.05947918065 -0.1154687559 0.02991684927 0.7605066225 -0.6486406241 0.1263953664 -0.6466002662 -0.7522847248 0.0001487240007 -0.4004993153 0
0.7339234089 0.3744770802 -0.3038956659 -0.02258091608 0.1767995037 0.4657445201 -0.002957706039 0.046167876 0.2492840331 -0.991221292 -0.06104378699 -0.117277476 0.03070730931 0.7564836068 -0.6532913697 0.1285978673 -0.6511575913 -0.7479681677 0.0001521641559 -0.4041812357 0
0.7406091413 0.3778884083 -0.3066640271 -0.02297989184 0.1782232989 0.4649625826 -0.00301135344 0.04657596965 0.2491803698 -0.9909058114 -0.06263308001 -0.119091436 0.03151040629 0.7524378198 -0.6579091287 0.1308157755 -0.6556785986 -0.7436214146 0.0001556584033 -0.4078631561 0
0.7481305902 0.3817261523 -0.3097784335 -0.02343245108 0.1798191839 0.464075629 -0.003072267181 0.04703467232 0.2490626664 -0.990541107 -0.06445064627 -0.1211380595 0.0324290566 0.7478595225 -0.6630644697 0.1333291849 -0.6607210068 -0.7386955256 0.0001596547177 -0.4120053165 0
0.7548163225 0.3851374804 -0.3125467947 -0.02383801025 0.1812324762 0.4632807889 -0.003126910353 0.04744204686 0.24895708 -0.9902080832 -0.06609267004 -0.1229622338 0.03325916823 0.7437665001 -0.6676115795 0.1355794221 -0.6651640041 -0.7342854131 0.00016326559 -0.4156872369 0
0.7615020549 0.3885488085 -0.3153151559 -0.02424664644 0.1826407679 0.4624799184 -0.003182021376 0.04784907845 0.2488505902 -0.9898666042 -0.06775962863 -0.1247907793 0.03410206499 0.7396517955 -0.6721251897 0.1378446772 -0.6695699024 -0.7298458678 0.0001669321377 -0.4193691573 0
0.7681877872 0.3919601366 -0.3180835171 -0.02465834603 0.1840440221 0.461673044 -0.003237599769 0.04825576417 0.2487431978 -0.9895165418 -0.06945159425 -0.1266234162 0.03495779098 0.7355157603 -0.6766051428 0.1401248241 -0.673938456 -0.7253771373 0.0001706548703 -0.4230510777 0
0.7748735196 0.3953714646 -0.3208518783 -0.0250730953 0.1854422019 0.4608601927 -0.003293645043 0.04866210112 0.2486349037 -0.9891577674 -0.07116863564 -0.1284598632 0.03582638864 0.7313587476 -0.6810512846 0.1424197354 -0.6782694211 -0.7208794707 0.0001744342984 -0.4267329981 0
0.7815592519 0.3987827927 -0.3236202395 -0.02549088045 0.1868352708 0.4600413914 -0.003350156709 0.04906808639 0.248525709 -0.988790152 -0.07291081803 -0.1302998383 0.03670789879 0.7271811117 -0.6854634643 0.1447292832 -0.6825625564 -0.7163531191 0.0001782709341 -0.4304149185 0
0.7882449843 0.4021941208 -0.3263886006 -0.02591168757 0.1882231924 0.4592166675 -0.003407134271 0.04947371709 0.2484156146 -0.9884135663 -0.07467820312 -0.1321430585 0.03760236059 0.7229832085 -0.6898415345 0.1470533386 -0.6868176223 -0.7117983348 0.0001821652908 -0.4340968389 0
0.7957664332 0.4060318649 -0.329503007 -0.02638869033 0.1897784067 0.4582818079 -0.003471790298 0.0499296242 0.2482906842 -0.9879790236 -0.07669670872 -0.1342202066 0.03862415805 0.7182367861 -0.6947259125 0.1496850808 -0.6915587711 -0.7066405328 0.0001866160774 -0.4382389993 0
0.8024521655 0.4094431929 -0.3322713682 -0.0268158725 0.1911552705 0.4574445898 -0.003529756225 0.05033449181 0.2481786813 -0.9875829449 -0.07851783824 -0.1360693791 0.03954626464 0.7139970018 -0.6990310253 0.1520395337 -0.6957321542 -0.7020261745 0.0001906348013 -0.4419209197 0
0.8091378979 0.412854521 -0.3350397294 -0.02724603255 0.1925268745 0.4566015355 -0.003588186475 0.05073899581 0.2480657817 -0.9871774897 -0.08036434043 -0.1379209068 0.04048143463 0.7097380701 -0.7033015891 0.1544080865 -0.6998667334 -0.6973841827 0.0001947128586 -0.4456028401 0
0.8158236302 0.4162658491 -0.3378080906 -0.02767915617 0.1938931834 0.4557526729 -0.003647080534 0.05114313331 0.2479519865 -0.9867625274 -0.08223626233 -0.1397745032 0.04142970036 0.7054603519 -0.7075374702 0.1567906072 -0.7039622781 -0.6927148161 0.0001988507676 -0.4492847605 0
0.8225093626 0.4196771772 -0.3405764518 -0.02811522896 0.1952541615 0.4548980304 -0.003706437887 0.05154690142 0.2478372967 -0.9863379269 -0.08413364742 -0.1416298812 0.04239109249 0.7011642092 -0.7117385384 0.1591869629 -0.7080185599 -0.6880183353 0.0002030490483 -0.4529666808 0
0.8291950949 0.4230885052 -0.343344813 -0.02855423644 0.1966097738 0.4540376363 -0.003766258013 0.05195029728 0.2477217134 -0.9859035574 -0.08605653557 -0.1434867529 0.04336563999 0.696850005 -0.7159046667 0.1615970199 -0.7120353525 -0.6832950022 0.0002073082215 -0.4566486012 0
0.8358808273 0.4264998333 -0.3461131742 -0.02899616402 0.1979599852 0.4531715193 -0.003826540388 0.052353318 0.2476052375 -0.9854592873 -0.08800496307 -0.1453448296 0.04435337019 0.6925181036 -0.7200357315 0.1640206437 -0.7160124319 -0.6785450802 0.0002116288095 -0.4603305216 0
0.8425665596 0.4299111614 -0.3488815353 -0.029440997 0.1993047611 0.452299708 -0.003887284483 0.05275596071 0.2474878701 -0.9850049853 -0.08997896259 -0.1472038222 0.04535430869 0.6881688702 -0.7241316129 0.1664576993 -0.7199495763 -0.6737688342 0.0002160113355 -0.464012442 0
0.8500880085 0.4337489055 -0.3519959417 -0.0299448886 0.2008110936 0.45131215 -0.003956172828 0.05320847835 0.2473547674 -0.9844817401 -0.09223031465 -0.1492959227 0.04649618229 0.6832557214 -0.7286972789 0.1692152727 -0.7243308555 -0.6683644239 0.0002210163657 -0.4681546025 0
0.8567737409 0.4371602335 -0.3547643029 -0.03039584643 0.2021442042 0.4504283348 -0.004017896306 0.05361030828 0.2472355089 -0.9840056824 -0.09425874671 -0.1511558984 0.04752526581 0.6788708743 -0.732718012 0.1716804184 -0.7281824117 -0.6635331259 0.0002255322532 -0.4718365228 0
0.8634594732 0.4405715616 -0.3575326641 -0.03084966322 0.2034717717 0.4495389165 -0.004080079827 0.05401175126 0.2471153623 -0.9835191806 -0.09631282958 -0.1530158824 0.04856762681 0.6744698425 -0.7367032083 0.1741585687 -0.7319933541 -0.6586763413 0.0002301117218 -0.4755184432 0
0.8701452056 0.4439828897 -0.3603010253 -0.0313063239 0.2047937623 0.4486439246 -0.004142722846 0.05441280442 0.2469943284 -0.9830221024 -0.09839258098 -0.1548755832 0.04962328392 0.670052995 -0.7406527618 0.1766495852 -0.7357634701 -0.6537943408 0.0002347552997 -0.4792003636 0
0.8768309379 0.4473942178 -0.3630693865 -0.03176581334 0.2061101422 0.4477433887 -0.004205824813 0.05481346491 0.2468724085 -0.9825143154 -0.100498015 -0.1567347088 0.05069225407 0.6656207015 -0.74456657 0.1791533291 -0.7394925495 -0.6488873969 0.0002394635162 -0.482882284 0
0.8835166703 0.4508055458 -0.3658377477 -0.03222811629 0.2074208779 0.4468373387 -0.004269385176 0.0552137299 0.2467496035 -0.9819956874 -0.102629142 -0.1585929668 0.05177455249 0.6611733325 -0.7484445338 0.1816696607 -0.7431803843 -0.6439557832 0.0002442369017 -0.4865642044 0
0.8902024026 0.4542168739 -0.3686061089 -0.03269321744 0.208725936 0.4459258046 -0.004333403376 0.05561359653 0.2466259146 -0.9814660858 -0.1047859689 -0.1604500645 0.05287019271 0.6567112593 -0.7522865576 0.1841984397 -0.7468267689 -0.6389997747 0.0002490759877 -0.4902461248 0
0.896888135 0.457628202 -0.3713744701 -0.03316110136 0.2100252835 0.4450088167 -0.004397878853 0.05601306196 0.2465013429 -0.980925378 -0.1069684987 -0.1623057087 0.05397918652 0.6522348538 -0.7560925492 0.186739525 -0.7504314997 -0.634019648 0.000253981307 -0.4939280452 0
0.9044095839 0.4614659461 -0.3744888764 -0.03369077778 0.2114801824 0.443970724 -0.004470959649 0.05646197748 0.2463601459 -0.9803036414 -0.1094545669 -0.1643912057 0.05524277877 0.64718223 -0.7603311098 0.1896127794 -0.7544367826 -0.6283885223 0.0002595796253 -0.4980702056 0
0.9110953162 0.4648772742 -0.3772572376 -0.03416452356 0.2127672857 0.4430422477 -0.004536404956 0.05686058095 0.2462337019 -0.9797388928 -0.1116917089 -0.1662427866 0.05638018035 0.6426766063 -0.764060243 0.1921795442 -0.7579523348 -0.623358068 0.0002646274639 -0.501752126 0
0.9177810486 0.4682886022 -0.3800255988 -0.0346410034 0.2140485762 0.4421084129 -0.004602305759 0.05725877437 0.2461063785 -0.9791626237 -0.11395454 -0.1680919962 0.05753096136 0.6381578166 -0.7677530786 0.1947581702 -0.7614256129 -0.6183043678 0.0002697432075 -0.5054340464 0
0.9244667809 0.4716999303 -0.38279396 -0.03512020155 0.2153240217 0.4411692507 -0.004668661481 0.05765655491 0.2459781769 -0.9785747015 -0.1162430481 -0.1699385402 0.05869512654 0.6336262352 -0.7714095386 0.1973485135 -0.7648564231 -0.6132277035 0.0002749273933 -0.5091159668 0
0.9311525133 0.4751112584 -0.3855623212 -0.03560210214 0.2165935902 0.440224792 -0.004735471539 0.05805391977 0.2458490982 -0.9779749935 -0.1185572175 -0.1717821243 0.05987267887 0.6290822369 -0.7750295488 0.1999504298 -0.768244574 -0.6081283583 0.0002801805595 -0.5127978872 0
0.9378382456 0.4785225865 -0.3883306824 -0.03608668924 0.2178572499 0.4392750681 -0.004802735347 0.05845086611 0.2457191436 -0.9773633674 -0.1208970287 -0.1736224541 0.06106361966 0.6245261969 -0.7786130385 0.2025637738 -0.7715898767 -0.6030066167 0.0002855032454 -0.5164798076 0
0.944523978 0.4819339145 -0.3910990436 -0.03657394684 0.2191149692 0.4383201105 -0.004870452316 0.05884739112 0.2455883142 -0.9767396906 -0.1232624588 -0.1754592348 0.06226794844 0.6199584909 -0.7821599402 0.2051883999 -0.7748921446 -0.5978627642 0.0002908959916 -0.5201617279 0
0.9520454269 0.4857716586 -0.3942134499 -0.03712528366 0.2205227637 0.4372395664 -0.004947174834 0.05929297466 0.2454400869 -0.9760234851 -0.1259541567 -0.1775210043 0.06363881841 0.6148063453 -0.7861063914 0.2081544074 -0.7785555268 -0.5920498581 0.0002970472492 -0.5243038884 0
