0.006807037702 0.00454070257 0.0006127014636 -2.62723356e-06 0.001735784929 0.5099960615 -3.294385794e-07 0.0004323073802 0.2549995114 -0.9999999999 -6.856263203e-08 -1.530014031e-05 3.506568452e-08 0.9999770635 -0.006772927688 1.530025375e-05 -0.006772927688 -0.9999770633 3.164232608e-08 0.0008148929466 0
0.01427322903 0.009521100159 0.001284733345 -1.155106166e-05 0.003639584118 0.5099826836 -1.45730278e-06 0.0009083337358 0.2549978383 -0.9999999977 -6.360890991e-07 -6.726731869e-05 3.192498807e-07 0.9998991583 -0.01420117307 6.726956854e-05 -0.01420117306 -0.999899156 6.385848937e-08 0.001708695349 0
0.02090984355 0.01394812024 0.001882095018 -2.478972294e-05 0.005331729394 0.5099628373 -3.138013949e-06 0.001332176251 0.254995345 -0.9999999896 -2.001265265e-06 -0.000144355184 1.00220686e-06 0.9997835916 -0.02080312561 0.0001443655769 -0.02080312554 -0.9997835811 4.797154601e-08 0.002503186374 0
0.02754645807 0.01837514032 0.002479456691 -4.302209409e-05 0.007023705008 0.5099355049 -5.456371013e-06 0.001756107578 0.2549919057 -0.9999999686 -4.576447085e-06 -0.0002505086045 2.290151251e-06 0.9996244462 -0.02740376753 0.000250539937 -0.02740376724 -0.9996244149 8.146196068e-09 0.003297677399 0
0.03418307258 0.0228021604 0.003076818363 -6.624747891e-05 0.008715457126 0.5099006874 -8.411481654e-06 0.002179989532 0.2549875217 -0.9999999256 -8.745360776e-06 -0.0003857116343 4.374927105e-06 0.9994217416 -0.03400268312 0.0003857859591 -0.03400268227 -0.9994216671 8.783518449e-08 0.004092168423 0
0.0408196871 0.02722918048 0.003674180036 -9.446499054e-05 0.01040693192 0.5098583861 -1.200283406e-05 0.002603800083 0.2549821938 -0.9999998487 -1.489146986e-05 -0.0005499439635 7.44823549e-06 0.9991755021 -0.0405994569 0.0005500951215 -0.04059945485 -0.9991753508 1.954357427e-07 0.004886659448 0
0.04828587843 0.03220957807 0.004346211918 -0.0001321754937 0.01230944256 0.5098018537 -1.680326641e-05 0.003080505896 0.2549750722 -0.9999997037 -2.464624549e-05 -0.000769373531 1.232577414e-05 0.9988464825 -0.0480177503 0.0007696695023 -0.04801774556 -0.9988461862 3.444277181e-07 0.005780461851 0
0.05492249295 0.03663659815 0.00494357359 -0.00017099746 0.01400014937 0.5097436551 -2.174583e-05 0.003504179452 0.2549677397 -0.9999995041 -3.626554455e-05 -0.0009952057825 1.813536761e-05 0.9985078373 -0.05460859455 0.0009957011839 -0.05460858552 -0.9985073415 5.005318584e-07 0.006574952875 0
0.06155910747 0.04106361823 0.005540935263 -0.0002148075534 0.01569041072 0.5096779787 -2.732404791e-05 0.003927796899 0.2549594643 -0.9999992175 -5.105797369e-05 -0.001249975777 2.553125922e-05 0.9981257681 -0.06119600065 0.001250757576 -0.06119598467 -0.9981249857 6.783761647e-07 0.0073694439 0
0.06819572198 0.04549063831 0.006138296936 -0.0002636041012 0.01738017286 0.509604827 -3.353782527e-05 0.00435136101 0.2549502459 -0.9999988216 -6.940524529e-05 -0.001533645243 3.470419689e-05 0.9977003211 -0.06777955461 0.001534822608 -0.06777952796 -0.997699143 8.777142789e-07 0.008163934925 0
0.0748323365 0.04991765839 0.006735658608 -0.0003173852401 0.01906938204 0.5095242029 -4.038707596e-05 0.004774872947 0.2549400848 -0.9999982916 -9.168848568e-05 -0.001846171569 4.584460958e-05 0.997231548 -0.07435884296 0.001847878381 -0.07435880057 -0.9972298402 1.098440979e-06 0.008958425949 0
0.08146895102 0.05434467847 0.007333020281 -0.0003761489168 0.02075798454 0.5094361093 -4.787171611e-05 0.005198332678 0.2549289811 -0.9999976004 -0.0001182881724 -0.002187507808 5.914257309e-05 0.9967195055 -0.08093345277 0.002189905171 -0.08093338794 -0.9967171068 1.340535581e-06 0.009752916974 0
0.08893514235 0.05932507606 0.008005052163 -0.000448210942 0.02265687032 0.50932808 -5.70513192e-05 0.005674661337 0.2549153628 -0.9999965928 -0.0001538451454 -0.002605883914 7.691789772e-05 0.9960918148 -0.08832378312 0.002609287822 -0.08832368263 -0.9960884091 1.638476669e-06 0.01064671938 0
0.09557175687 0.06375209614 0.008602413836 -0.0005175548256 0.02434400538 0.5092241255 -6.588587545e-05 0.0060980064 0.2549022564 -0.9999954569 -0.0001908772552 -0.003008265592 9.542995571e-05 0.9954880373 -0.09488708282 0.003012804195 -0.09488693882 -0.9954834965 1.926135516e-06 0.0114412104 0
0.1022083714 0.06817911621 0.009199775508 -0.000591873605 0.02603036607 0.5091127131 -7.535554329e-05 0.006521294608 0.2548882078 -0.9999940584 -0.000233409931 -0.003439282615 0.0001166908994 0.9948412016 -0.1014444177 0.003445218184 -0.1014442163 -0.9948352635 2.235378629e-06 0.01223570143 0
0.1088449859 0.07260613629 0.009797137181 -0.000671164443 0.02771589877 0.508993847 -8.546022444e-05 0.006944523625 0.2548732172 -0.9999923597 -0.0002818203116 -0.003898870239 0.0001408889876 0.9941513861 -0.1079953778 0.003906502544 -0.107995102 -0.9941437508 2.566327664e-06 0.01303019245 0
0.1154816004 0.07703315637 0.01039449885 -0.0007554243127 0.02940054994 0.5088675317 -9.619981509e-05 0.007367690876 0.2548572846 -0.9999903206 -0.0003364845665 -0.004386959425 0.0001682119513 0.9934186742 -0.1145395538 0.004396628208 -0.1145391831 -0.993409002 2.919121283e-06 0.01382468348 0
0.1221182149 0.08146017645 0.01099186053 -0.0008446499978 0.03108426603 0.5087337721 -0.0001075742057 0.007790793605 0.2548404103 -0.9999878988 -0.0003977778341 -0.004903476854 0.0001988469605 0.9926431547 -0.1210765373 0.004915564297 -0.1210760472 -0.9926310634 3.293912782e-06 0.0146191745 0
0.1295844063 0.08644057404 0.01166389241 -0.0009509603466 0.03297726235 0.5085744006 -0.0001211290353 0.008266703442 0.2548203013 -0.9999846604 -0.0004751221872 -0.005518442822 0.0002375025586 0.9917196438 -0.1284215393 0.005533764072 -0.12842088 -0.9917043184 3.742055124e-06 0.0155129769 0
0.1362210208 0.09086759412 0.01226125408 -0.001050726845 0.03465881389 0.5084248391 -0.0001338519847 0.008689659319 0.2548014264 -0.9999812724 -0.0005517426126 -0.006095107343 0.0002757943674 0.990853476 -0.1349418873 0.006113811487 -0.1349410411 -0.9908347676 4.164159174e-06 0.01630746793 0
0.1428576353 0.0952946142 0.01285861575 -0.001155447888 0.03633926335 0.5082678501 -0.0001472093527 0.009112541304 0.2547816103 -0.9999773528 -0.0006361570297 -0.006699943514 0.0003179791395 0.9899448111 -0.141453773 0.006722561129 -0.1414526999 -0.9899221893 4.608819433e-06 0.01710195895 0
0.1494942498 0.09972163428 0.01345597743 -0.001265119477 0.03801855739 0.5081034398 -0.0001612010048 0.009535346241 0.2547608532 -0.9999728487 -0.0007287356699 -0.007332860479 0.0003642413743 0.9889937588 -0.1479567922 0.00735997464 -0.1479554459 -0.9889666409 5.076237036e-06 0.01789644998 0
0.1561308643 0.1041486544 0.0140533391 -0.001379737429 0.03969664272 0.5079316142 -0.0001758267999 0.009958070923 0.2547391554 -0.999967705 -0.0008298474176 -0.007993763162 0.0004147648381 0.9880004342 -0.1544505419 0.008026011859 -0.1544488695 -0.9879681826 5.566623114e-06 0.018690941 0
0.1635970557 0.109129052 0.01472537098 -0.001514589619 0.04158297761 0.5077294552 -0.000193038635 0.01043353621 0.2547136211 -0.9999610822 -0.0009542553586 -0.008770606584 0.0004769250613 0.9868325653 -0.1617444301 0.008809465683 -0.1617423183 -0.9867937048 6.146037209e-06 0.0195847434 0
0.1702336702 0.113556072 0.01532273265 -0.001639703832 0.04325831768 0.5075418945 -0.0002090114875 0.01085607953 0.2546899249 -0.9999543853 -0.001074718266 -0.009490644068 0.000537110259 0.9857498172 -0.1682171496 0.009536186698 -0.168214574 -0.9857042752 6.685975947e-06 0.02037923443 0
0.1768702847 0.1179830921 0.01592009433 -0.001769750113 0.0449322828 0.5073469401 -0.0002256180021 0.01127853233 0.2546652887 -0.9999468609 -0.001204857694 -0.01023834314 0.0006021258673 0.984625189 -0.1746793482 0.0102913943 -0.1746762307 -0.9845721414 7.249603781e-06 0.02117372545 0
0.1835068992 0.1224101122 0.016517456 -0.001904723501 0.04660481991 0.5071445994 -0.0002428580118 0.0117008913 0.2546397126 -0.9999384439 -0.001345036329 -0.01101359147 0.00067215228 0.9834588165 -0.1811306282 0.01107504091 -0.1811268813 -0.9833973746 7.837169875e-06 0.02196821648 0
0.1901435137 0.1268371323 0.01711481767 -0.002044618845 0.04827587599 0.5069348802 -0.0002607313434 0.01212315308 0.254613197 -0.9999290669 -0.001495615201 -0.01181627262 0.0007473689893 0.9822508407 -0.1875705933 0.01188707714 -0.1875661194 -0.9821800488 8.448932044e-06 0.0227627075 0
0.1967801282 0.1312641524 0.01771217934 -0.00218943081 0.04994539809 0.5067177903 -0.0002792378173 0.01254531431 0.2545857422 -0.9999186599 -0.001656953623 -0.012646266 0.0008279545531 0.9810014074 -0.1939988486 0.01272745184 -0.1939935393 -0.9809202407 9.085156562e-06 0.02355719853 0
0.2042463196 0.1362445499 0.01838421123 -0.002358214282 0.05182171104 0.5064647644 -0.0003008141717 0.01302012129 0.2545537331 -0.999905631 -0.001851765475 -0.01361249981 0.0009252518549 0.9795464283 -0.2012161494 0.01370668069 -0.2012097559 -0.979452276 9.83049148e-06 0.02445100093 0
0.2108829341 0.14067157 0.0189815729 -0.00251345549 0.05348779793 0.5062320399 -0.0003206654478 0.01344205762 0.2545242832 -0.9998927926 -0.002037152784 -0.01450011264 0.001017834649 0.9782094048 -0.2076182177 0.01460709658 -0.2076107182 -0.9781024601 1.051962024e-05 0.02524549195 0
0.2175195486 0.1450985901 0.01957893457 -0.002673595435 0.05515218582 0.5059919716 -0.0003411492642 0.01386388282 0.2544938949 -0.9998786909 -0.002234410778 -0.01541463454 0.001116337915 0.9768314117 -0.2140073524 0.01553567956 -0.2139985993 -0.9767104188 1.123409615e-05 0.02603998298 0
0.2241561631 0.1495256102 0.02017629624 -0.002838628009 0.05681482201 0.5057445687 -0.0003622654151 0.01428559348 0.2544625686 -0.9998632462 -0.00244389106 -0.01635592815 0.001220936018 0.9754126151 -0.2203831654 0.0164923711 -0.2203729967 -0.9752762398 1.197421865e-05 0.026834474 0
0.2307927776 0.1539526303 0.02077365792 -0.00300854692 0.05847565394 0.5054898406 -0.0003840136885 0.0147071862 0.2544303045 -0.9998463766 -0.002665943217 -0.01732385207 0.001331802223 0.9739531861 -0.2267452702 0.01747711093 -0.2267335087 -0.9738000137 1.274029481e-05 0.02762896503 0
0.2374293922 0.1583796503 0.02137101959 -0.003183345688 0.06013462907 0.5052277971 -0.000406393866 0.01512865756 0.2543971031 -0.9998279982 -0.00290091476 -0.01831826089 0.001449108667 0.9724533007 -0.2330932819 0.01848983701 -0.2330797346 -0.9722818332 1.353263922e-05 0.02842345605 0
0.2448955835 0.1633600479 0.02204305147 -0.003385818951 0.06199869135 0.5049242663 -0.0004323266084 0.01560266354 0.2543586313 -0.9998054111 -0.003181130395 -0.01946844241 0.001588989352 0.9707177967 -0.240217473 0.01966252663 -0.2402016645 -0.970523851 1.445582658e-05 0.02931725846 0
0.251532198 0.167787068 0.02264041314 -0.003570965056 0.06365354679 0.5046467109 -0.0004560488279 0.01602386568 0.2543234389 -0.9997835365 -0.003444699654 -0.02051863077 0.001720547507 0.9691325473 -0.2465342683 0.02073450941 -0.2465162059 -0.9689168387 1.53050689e-05 0.03011174948 0
0.2581688125 0.1722140881 0.02323777482 -0.003760969577 0.06530638183 0.5043618721 -0.0004804022282 0.01644493578 0.2542873101 -0.9997598753 -0.003722260246 -0.02159482412 0.0018590762 0.9675074222 -0.2528357803 0.02183427319 -0.2528152146 -0.9672681799 1.618160925e-05 0.03090624051 0
0.264805427 0.1766411082 0.02383513649 -0.00395582527 0.06695714431 0.5040697609 -0.0005053865646 0.01686587042 0.2542502454 -0.9997343343 -0.00401415051 -0.02269686081 0.002004742578 0.965842617 -0.2591216322 0.02296174867 -0.2590982938 -0.9655779783 1.708579162e-05 0.03170073153 0
0.2714420416 0.1810681282 0.02443249816 -0.00415552471 0.06860578213 0.5037703884 -0.0005310015864 0.01728666618 0.254212245 -0.9997068176 -0.004320706412 -0.0238245753 0.002157712496 0.9641383319 -0.2653914492 0.02411686482 -0.2653650477 -0.9638463406 1.801796675e-05 0.03249522255 0
0.2789082329 0.1860485258 0.02510453004 -0.004385966887 0.07045789531 0.503424929 -0.0005605720315 0.01775989113 0.2541683768 -0.9996733779 -0.004683527027 -0.02512373602 0.002338738487 0.9621740758 -0.2724253625 0.02544931903 -0.2723951402 -0.9618488549 1.910056907e-05 0.03338902496 0
0.2855448474 0.1904755459 0.02570189172 -0.004595933789 0.0721018457 0.5031101643 -0.0005875263977 0.01818038038 0.2541283896 -0.9996413354 -0.005022351788 -0.02630544859 0.00250777307 0.9603865825 -0.2786598702 0.02666292777 -0.2786258929 -0.9600295309 2.009342345e-05 0.03418351598 0
0.2921814619 0.194902566 0.02629925339 -0.004810720047 0.07374350923 0.5027881749 -0.0006151106245 0.01860072003 0.254087468 -0.9996070041 -0.005376876206 -0.0275122969 0.002684620861 0.9585602653 -0.2848771852 0.02790394397 -0.2848390897 -0.9581691202 2.111540871e-05 0.03497800701 0
0.2988180764 0.1993295861 0.02689661506 -0.005030317475 0.07538283421 0.502458973 -0.0006433244349 0.01902090666 0.2540456124 -0.9995702796 -0.005747425888 -0.02874409964 0.002869442083 0.9566953436 -0.2910769415 0.02917228943 -0.2910343393 -0.9562677402 2.216690204e-05 0.03577249803 0
0.305454691 0.2037566062 0.02749397673 -0.005254717711 0.07701976904 0.5021225711 -0.0006721675456 0.01944093685 0.2540028233 -0.9995310549 -0.006134323794 -0.03000067179 0.003062395517 0.9547920413 -0.2972587754 0.03046788424 -0.2972112513 -0.9543255106 2.324828668e-05 0.03656698906 0
0.3120913055 0.2081836262 0.02809133841 -0.005483912205 0.0786542622 0.5017789821 -0.0007016396671 0.01986080716 0.2539591011 -0.9994892213 -0.006537890173 -0.0312818246 0.003263638474 0.9528505869 -0.3034223255 0.03179064677 -0.3033694364 -0.9523425538 2.43599518e-05 0.03736148008 0
0.3195574968 0.2131640238 0.02876337029 -0.005747475774 0.08049008446 0.5013838699 -0.0007355472995 0.0203329659 0.2539087987 -0.9994389016 -0.007012221593 -0.03275226329 0.003500139313 0.9506211372 -0.3103340177 0.03331112468 -0.3102745272 -0.9500632014 2.564726168e-05 0.03825528248 0
0.3261941113 0.2175910439 0.02936073196 -0.005986828862 0.08211921856 0.5010250519 -0.0007663550784 0.0207524851 0.2538630951 -0.9993911527 -0.007452259154 -0.03408500642 0.003719512937 0.9485993884 -0.3164575257 0.03469133974 -0.316391631 -0.9479941175 2.682459124e-05 0.03904977351 0
0.3328307258 0.222018064 0.02995809363 -0.006230948329 0.08374575072 0.5006590886 -0.0007977909224 0.02117183373 0.2538164598 -0.9993404412 -0.007909947951 -0.03544171667 0.003947657875 0.94654023 -0.3225616361 0.0360984564 -0.3224887995 -0.9458847053 2.803345417e-05 0.03984426453 0
0.3394673404 0.2264450841 0.03055545531 -0.006479824884 0.08536962988 0.5002859939 -0.0008298545158 0.02159100835 0.2537688933 -0.9992866496 -0.008385596517 -0.03682219024 0.004184725065 0.9444439086 -0.3286459974 0.03753238601 -0.3285656484 -0.9437350977 2.927426269e-05 0.04063875556 0
0.3461039549 0.2308721041 0.03115281698 -0.00673344905 0.08699080509 0.499905782 -0.0008625455368 0.02201000555 0.253720396 -0.9992296585 -0.008879510406 -0.03822621977 0.004430863825 0.9423106752 -0.334710261 0.0389930382 -0.3346217949 -0.9415454303 3.054743429e-05 0.04143324658 0
0.3527405694 0.2352991242 0.03175017865 -0.006991811177 0.08860922551 0.4995184673 -0.000895863657 0.02242882191 0.2536709684 -0.9991693465 -0.009391992149 -0.03965359433 0.004686221829 0.9401407852 -0.3407540805 0.04048032096 -0.3406568575 -0.939315841 3.185339161e-05 0.04222773761 0
0.3602067607 0.2402795218 0.03242221053 -0.007288119662 0.0904265925 0.4990742667 -0.0009340957051 0.02289976988 0.253614251 -0.9990973722 -0.009991101226 -0.04128702824 0.004984701181 0.937656166 -0.3475285128 0.04218522915 -0.3474206274 -0.9367600088 3.336231542e-05 0.04312154001 0
0.3668433752 0.2447065419 0.03301957221 -0.007556517083 0.09203899073 0.4986719079 -0.0009687452927 0.02331819058 0.2535628483 -0.9990295912 -0.01054403003 -0.04276329478 0.005260132725 0.9354092474 -0.3535277513 0.04372878861 -0.3534096255 -0.934446055 3.47393684e-05 0.04391603103 0
0.3734799898 0.249133562 0.03361693388 -0.007829621146 0.09364847608 0.4982624934 -0.001004020913 0.02373641976 0.2535105169 -0.9989580972 -0.01111645203 -0.04426222482 0.005545234084 0.933126497 -0.3595054812 0.04529868023 -0.3593763558 -0.9320926265 3.615055959e-05 0.04471052206 0
0.3801166043 0.2535605821 0.03421429555 -0.00810742146 0.09525499819 0.4978460386 -0.001039922213 0.02415445399 0.2534572574 -0.9988827609 -0.01170865674 -0.04578359321 0.005840145857 0.9308081874 -0.3654613673 0.04689480511 -0.3653204424 -0.9296998718 3.759633155e-05 0.04550501308 0
0.3867532188 0.2579876021 0.03481165722 -0.00838990746 0.09685850684 0.4974225595 -0.001076448831 0.02457228986 0.2534030702 -0.9988034509 -0.01232093038 -0.04732717141 0.006145006857 0.9284545952 -0.3713950773 0.04851706266 -0.3712415107 -0.9272679415 3.907713137e-05 0.04629950411 0
0.3942194101 0.2629679997 0.03548368911 -0.008713291686 0.0986587897 0.4969377692 -0.00111828827 0.02504211388 0.2533410016 -0.9987093116 -0.01303407899 -0.04908995571 0.006500038432 0.92576498 -0.3780435839 0.0503732118 -0.377874734 -0.9244853838 4.078546274e-05 0.04719330651 0
0.4008560246 0.2673950198 0.03608105078 -0.00900569888 0.1002557286 0.496499417 -0.001156142464 0.02545951692 0.2532848451 -0.9986211132 -0.01368993424 -0.05067995576 0.006826494149 0.9233373493 -0.3839290799 0.05205065987 -0.3837456515 -0.9219707174 4.234220123e-05 0.04798779754 0
0.4074926392 0.2718220399 0.03667841245 -0.009302757603 0.101849498 0.4960540917 -0.001194620809 0.02587671094 0.2532277627 -0.9985285191 -0.01436673122 -0.05229143011 0.007163321103 0.9208753264 -0.3897913802 0.05375391576 -0.3895923899 -0.9194173624 4.39353927e-05 0.04878228856 0
0.4141292537 0.27624906 0.03727577412 -0.009604456564 0.1034400481 0.4956018101 -0.00123372292 0.02629369255 0.2531697551 -0.9984313902 -0.01506474211 -0.05392413669 0.007510650477 0.9183792044 -0.3956301646 0.05548287215 -0.3954145806 -0.9168254798 4.556550173e-05 0.04957677958 0
0.4207658682 0.28067608 0.0378731358 -0.009910784296 0.1050273295 0.4951425894 -0.001273448403 0.02671045834 0.2531108227 -0.9983295862 -0.01578423559 -0.05557783023 0.007868611538 0.9158492801 -0.401445116 0.05723742009 -0.4012118569 -0.9141952328 4.723299691e-05 0.05037127061 0
0.4274024827 0.2851031001 0.03847049747 -0.01022172916 0.1066112927 0.4946764472 -0.00131379686 0.02712700491 0.2530509662 -0.9982229646 -0.01652547675 -0.05725226234 0.008237331615 0.9132858543 -0.4072359202 0.05901744905 -0.4069838534 -0.9115267872 4.893835069e-05 0.05116576163 0
0.434868674 0.2900834977 0.03914252935 -0.01057704633 0.1083892238 0.4941437857 -0.001359933017 0.02759535352 0.2529825238 -0.9980970774 -0.01738569376 -0.05916047421 0.008665158102 0.9103623349 -0.4137213243 0.06105029969 -0.4134466795 -0.9084793361 5.090271966e-05 0.05205956404 0
0.4415052886 0.2945105178 0.03973989102 -0.01089776315 0.1099659725 0.4936629941 -0.00140160394 0.02801142295 0.2529207056 -0.9979797381 -0.01817401237 -0.06087813678 0.00905715486 0.9077287343 -0.419459787 0.0628841014 -0.4191637511 -0.9057302797 5.269010877e-05 0.05285405506 0
0.4481419031 0.2989375379 0.0403372527 -0.01122305961 0.1115392495 0.4931753371 -0.00144389655 0.02842726255 0.2528579652 -0.9978571256 -0.0189848836 -0.0626157417 0.009460295766 0.9050625962 -0.425173141 0.06474302834 -0.4248544118 -0.9029435581 5.451685678e-05 0.05364854609 0
0.4547785176 0.3033645579 0.04093461437 -0.01155292336 0.1131090062 0.4926808333 -0.001486810423 0.02884286891 0.2527943032 -0.9977290905 -0.01981855732 -0.06437302798 0.009874699894 0.9023642366 -0.4308610852 0.06662696337 -0.430518303 -0.9001193468 5.638345109e-05 0.05444303711 0
0.4614151321 0.307791578 0.04153197604 -0.01188734187 0.1146751937 0.4921795013 -0.001530345127 0.02925823865 0.2527297203 -0.9975954821 -0.02067527966 -0.06614973162 0.01030048426 0.8996339753 -0.4365233219 0.06853578779 -0.436155068 -0.8972578238 5.829038248e-05 0.05523752814 0
0.4688813234 0.3127719756 0.04220400792 -0.01226899123 0.116432828 0.4916073648 -0.001580063212 0.02972524256 0.2526559645 -0.9974383207 -0.0216669441 -0.06817140063 0.01079323762 0.8965247011 -0.442862243 0.07071281604 -0.4424635621 -0.8939942359 6.048451106e-05 0.05613133054 0
0.475517938 0.3171989957 0.0428013696 -0.01261304624 0.1179912703 0.4910915866 -0.001624915724 0.03014009824 0.2525894268 -0.9972923607 -0.02257344433 -0.06998847645 0.01124358396 0.8937277258 -0.4484688773 0.07267412913 -0.4480415066 -0.8910540271 6.247880329e-05 0.05692582156 0
0.4821545525 0.3216260158 0.04339873127 -0.01296161577 0.1195459923 0.4905690406 -0.00167038768 0.03055470672 0.2525219703 -0.9971403458 -0.02350373733 -0.0718241261 0.01170566267 0.8908998702 -0.4540488946 0.07465995058 -0.4535912208 -0.8880770779 6.451498718e-05 0.05772031259 0
0.488791167 0.3260530359 0.04399609294 -0.0133146866 0.1210969461 0.4900397467 -0.001716478625 0.03096906463 0.2524535955 -0.9969821187 -0.02445805314 -0.07367807384 0.01217958201 0.8880414682 -0.459602011 0.07667015527 -0.4591123548 -0.8850635757 6.659356659e-05 0.05851480361 0
0.4954277815 0.3304800559 0.04459345461 -0.01367224533 0.1226440838 0.4895037248 -0.001763188096 0.03138316858 0.2523843033 -0.9968175208 -0.02543661775 -0.07555004117 0.0126654481 0.8851528571 -0.4651279458 0.07870461655 -0.4646045609 -0.8820137104 6.87150483e-05 0.05930929464 0
0.502064396 0.334907076 0.04519081629 -0.01403427841 0.1241873578 0.4889609954 -0.001810515623 0.0317970152 0.2523140942 -0.9966463918 -0.02643965314 -0.07743974688 0.01316336483 0.8822343775 -0.470626422 0.08076320623 -0.470067493 -0.8789276742 7.087994201e-05 0.06010378566 0
0.5095305874 0.3398874736 0.04586284817 -0.01444689675 0.1259188633 0.4883424328 -0.001864497269 0.03226228087 0.2522340141 -0.9964458639 -0.02759758931 -0.07958651516 0.01373805197 0.8789158138 -0.4767790455 0.08310779903 -0.4761778715 -0.8754128902 7.336797654e-05 0.06099758806 0
0.5161672019 0.3443144937 0.04646020984 -0.01481839202 0.1274537689 0.4877855185 -0.001913136581 0.03267556949 0.2521618593 -0.9962603183 -0.02865334342 -0.08151296914 0.01426191117 0.875935009 -0.4822182679 0.08521722899 -0.4815774558 -0.8722506394 7.562682572e-05 0.06179207909 0
0.5228038164 0.3487415138 0.04705757151 -0.01519431817 0.1289846628 0.4872219618 -0.001962392444 0.03308859025 0.2520887899 -0.9960677321 -0.02973423548 -0.08345626575 0.01479813134 0.8729254206 -0.4876291884 0.087350377 -0.4869466966 -0.8690528329 7.793069738e-05 0.06258657011 0
0.5294404309 0.3531685338 0.04765493319 -0.01557466097 0.1305114977 0.486651784 -0.002012264363 0.0335013398 0.2520148066 -0.9958679395 -0.03084047038 -0.08541611308 0.01534680711 0.8698874021 -0.4930115446 0.08950710864 -0.4922852557 -0.8658196721 8.028011229e-05 0.06338106114 0
0.5360770454 0.3575955539 0.04825229486 -0.015959406 0.132034227 0.4860750067 -0.002062751838 0.03391381477 0.2519399104 -0.9956607734 -0.03197224878 -0.08739221671 0.01590803083 0.8668213103 -0.4983650775 0.09168728804 -0.4975927966 -0.8625513608 8.267559374e-05 0.06417555216 0
0.5427136599 0.362022574 0.04884965653 -0.01634853869 0.1335528039 0.4854916519 -0.002113854361 0.03432601181 0.2518641018 -0.9954460654 -0.03312976706 -0.08938427979 0.0164818925 0.8637275047 -0.5036895322 0.09389077781 -0.5028689851 -0.8592481049 8.511766748e-05 0.06497004319 0
0.5501798513 0.3670029716 0.04952168841 -0.01679153923 0.1352561817 0.4848275429 -0.002172079237 0.0347893971 0.2517777275 -0.9951952925 -0.03446298133 -0.0916440546 0.01714270228 0.8602142983 -0.509644473 0.09639739407 -0.5087668071 -0.8554904315 8.792135044e-05 0.06586384559 0
0.5568164658 0.3714299917 0.05011905009 -0.01718994656 0.1367657806 0.4842302843 -0.002224487028 0.03520099241 0.2516999828 -0.9949639929 -0.03567582924 -0.09366903498 0.01774370783 0.8570628081 -0.5149063059 0.0986499556 -0.51397527 -0.8521136122 9.046418922e-05 0.06665833661 0
0.5634530803 0.3758570118 0.05071641176 -0.01759269494 0.1382710824 0.4836265179 -0.002277508244 0.03561229932 0.2516213282 -0.9947246171 -0.03691500286 -0.0957090319 0.01835761751 0.8538847465 -0.520138287 0.1009253888 -0.5191513482 -0.8487025059 9.305527832e-05 0.06745282764 0
0.5700896948 0.3802840318 0.05131377343 -0.01799976915 0.1397720412 0.4830162667 -0.002331142353 0.03602331448 0.2515417645 -0.9944769917 -0.03818068061 -0.0977637389 0.0189845116 0.8506804847 -0.5253401767 0.1032235503 -0.5242947154 -0.8452573277 9.569515292e-05 0.06824731866 0
0.5767263093 0.3847110519 0.0519111351 -0.01841115377 0.1412686111 0.4823995536 -0.002385388815 0.03643403457 0.2514612925 -0.9942209422 -0.03947303647 -0.09983284731 0.01962446797 0.8474503967 -0.5305117391 0.1055442953 -0.5294050477 -0.8417782946 9.838435038e-05 0.06904180969 0
0.5841925007 0.3896914495 0.05258316699 -0.01887909437 0.1429469496 0.4816980566 -0.002447147361 0.03689573779 0.2513696768 -0.9939225985 -0.04095903639 -0.1021774214 0.02036012621 0.8437861464 -0.5362932074 0.1081819456 -0.5351142835 -0.8378241881 0.0001014693255 0.06993561209 0
0.5908291152 0.3941184696 0.05318052866 -0.01929958675 0.1444340422 0.4810676899 -0.00250269326 0.03730581975 0.2512872773 -0.9936480636 -0.04230864048 -0.1042760981 0.02102808735 0.8405024316 -0.5413995586 0.1105501933 -0.5401533499 -0.8342739438 0.0001042651276 0.07073010312 0
0.5974657297 0.3985454897 0.05377789033 -0.01972434038 0.1459166043 0.4804309352 -0.00255884979 0.0377155962 0.2512039722 -0.9933645524 -0.04368543742 -0.1063881979 0.02170933839 0.837194076 -0.5464748701 0.1129405628 -0.5451583821 -0.8306905366 0.000107111945 0.07152459414 0
0.6041023442 0.4029725097 0.054375252 -0.0201533392 0.1473945907 0.4797878164 -0.002615616388 0.03812506383 0.2511197621 -0.993071886 -0.04508958259 -0.1085134035 0.02240394708 0.8338614643 -0.5515189222 0.1153529035 -0.5501290648 -0.8270741924 0.0001100103232 0.07231908517 0
0.6107389587 0.4073995298 0.05497261368 -0.020586567 0.1488679568 0.4791383579 -0.002672992484 0.03853421931 0.2510346479 -0.9927698848 -0.04652122673 -0.1106513957 0.02311197871 0.8305049833 -0.5565314988 0.1177870635 -0.5550650847 -0.823425139 0.0001129608099 0.07311357619 0
0.6173755733 0.4118265499 0.05556997535 -0.0210240074 0.1503366579 0.4784825842 -0.002730977502 0.03894305931 0.2509486306 -0.9924583679 -0.047980516 -0.1128018531 0.02383349604 0.8271250223 -0.5615123881 0.1202428894 -0.5599661308 -0.8197436062 0.0001159639542 0.07390806721 0
0.6248417646 0.4168069475 0.05624200723 -0.02152114265 0.1519833152 0.477737321 -0.002796937773 0.0394026231 0.2508507826 -0.9920963111 -0.04965543698 -0.1152356155 0.02466139758 0.8232949878 -0.5670777534 0.1230313983 -0.5654376186 -0.8155633479 0.0001194061204 0.07480186962 0
0.6314783791 0.4212339676 0.0568393689 -0.02196747978 0.1534419561 0.4770682101 -0.002856214808 0.03981078172 0.2507628489 -0.9917639694 -0.05117393613 -0.1174114869 0.02541176891 0.8198664347 -0.5719906216 0.1255327487 -0.5702633229 -0.8118135695 0.0001225229947 0.07559636064 0
0.6381149936 0.4256609876 0.05743673058 -0.02241797736 0.1548957939 0.4763928622 -0.002916098925 0.04021861452 0.2506740147 -0.9914215416 -0.05272050705 -0.1195988081 0.02617580581 0.8164156326 -0.5768711659 0.1280552769 -0.5750530958 -0.8080320433 0.0001256942547 0.07639085167 0
0.6447516081 0.4300880077 0.05803409225 -0.02287261838 0.1563447848 0.4757113028 -0.002976589523 0.0406261182 0.250584281 -0.9910688436 -0.05429527654 -0.1217972504 0.02695356055 0.8129429798 -0.581719191 0.130598824 -0.5798066355 -0.8042190078 0.000128920457 0.07718534269 0
0.6513882227 0.4345150278 0.05863145392 -0.02333138568 0.1577888853 0.4750235576 -0.003037685995 0.04103328944 0.2504936486 -0.9907056902 -0.0558983667 -0.1240064837 0.02774508287 0.8094488767 -0.5865345057 0.1331632298 -0.5845236425 -0.8003747032 0.0001322021597 0.07797983372 0
0.6580248372 0.4389420479 0.05922881559 -0.02379426196 0.1592280521 0.4743296526 -0.003099387726 0.04144012495 0.2504021185 -0.9903318957 -0.0575298948 -0.1262261759 0.02855041991 0.8059337257 -0.591316923 0.1357483326 -0.5892038196 -0.7964993717 0.0001355399225 0.07877432474 0
0.6654910285 0.4439224455 0.05990084748 -0.02431988753 0.1608411635 0.4735416791 -0.003169524877 0.04189740951 0.2502980752 -0.9898984253 -0.05939949605 -0.1287354161 0.02947299233 0.8019545254 -0.5966575918 0.1386811098 -0.5944246285 -0.792102841 0.0001393626138 0.07966812714 0
0.672127643 0.4483494656 0.06049820915 -0.02479143722 0.1622697029 0.4728347717 -0.003232510721 0.04230352067 0.2502046404 -0.9895013986 -0.06109182236 -0.1309762245 0.03030783026 0.7983959924 -0.6013694994 0.1413096514 -0.5990255659 -0.7881623905 0.0001428213696 0.08046261817 0
0.6787642575 0.4527764856 0.06109557082 -0.02526704082 0.1636931744 0.4721217869 -0.003296099869 0.04270928582 0.2501103109 -0.9890931459 -0.06281292219 -0.1332264448 0.03115661343 0.794817681 -0.6060479514 0.1439583767 -0.6035887596 -0.7841916826 0.0001463379443 0.08125710919 0
0.6854008721 0.4572035057 0.06169293249 -0.0257466804 0.1651115354 0.4714027518 -0.003360291682 0.04311470168 0.2500150874 -0.9886734787 -0.06456289293 -0.1354857389 0.03201937818 0.7912200014 -0.6106927778 0.1466271189 -0.6081139221 -0.7801909675 0.0001499129038 0.08205160022 0
0.6920374866 0.4616305258 0.06229029417 -0.0262303379 0.1665247438 0.4706776933 -0.003425085516 0.04351976497 0.249918971 -0.9882422079 -0.06634182709 -0.1377537673 0.03289615822 0.787603365 -0.6153038129 0.1493157099 -0.6126007684 -0.7761604972 0.0001535468153 0.08284609124 0
0.6995036779 0.4666109234 0.06296232605 -0.02677923255 0.1681083916 0.4698548368 -0.003498697372 0.04397503566 0.249809774 -0.9877429225 -0.06837785726 -0.1403153153 0.03389932701 0.7835125045 -0.6204506353 0.1523638891 -0.6176023186 -0.7715909677 0.00015770614 0.08373989364 0
0.7061402924 0.4710379435 0.06355968772 -0.02727136743 0.1695105109 0.4691170698 -0.003564768332 0.04437933887 0.2497117633 -0.9872863642 -0.07021862348 -0.1426007713 0.03480598938 0.7798569592 -0.6249893329 0.1550940945 -0.6220068071 -0.7674981132 0.0001614672145 0.08453438467 0
0.7127769069 0.4754649635 0.06415704939 -0.0277674628 0.1709073468 0.4683733655 -0.003631439261 0.04478327929 0.2496128628 -0.9868176083 -0.07208861058 -0.1448938926 0.03572675528 0.7761837538 -0.6294937484 0.1578436151 -0.6263721039 -0.7633763034 0.0001652890225 0.08532887569 0
0.7194135215 0.4798919836 0.06475441107 -0.0282675 0.1722988579 0.467623752 -0.003698709487 0.04518685366 0.2495130735 -0.9863364638 -0.07398789076 -0.1471943347 0.03666164743 0.7724933061 -0.6339637337 0.1606122778 -0.6306979341 -0.7592257979 0.0001691721369 0.08612336672 0
0.726050136 0.4843190037 0.06535177274 -0.02877146019 0.1736850029 0.4668682574 -0.003766578336 0.04559005873 0.2494123963 -0.9858427392 -0.07591653125 -0.1495017521 0.03761068585 0.7687860355 -0.6383991447 0.1633999079 -0.6349840249 -0.7550468583 0.0001731171317 0.08691785774 0
0.7326867505 0.4887460238 0.06594913441 -0.02927932443 0.1750657411 0.4661069103 -0.003835045127 0.04599289122 0.2493108322 -0.9853362426 -0.07787459433 -0.1518157979 0.0385738879 0.7650623625 -0.6427998418 0.1662063299 -0.6392301065 -0.7508397478 0.0001771245822 0.08771234877 0
0.7401529418 0.4937264214 0.06662116629 -0.02985531448 0.1766125578 0.4652434347 -0.003912784138 0.04644562841 0.2491955138 -0.9847509283 -0.08011265556 -0.1544265896 0.03967443828 0.7608541497 -0.6477089638 0.1693857967 -0.6439587916 -0.7460734056 0.000181708336 0.08860615117 0
0.7467895563 0.4981534415 0.06721852797 -0.03037141123 0.1779816714 0.464469746 -0.003982519264 0.04684765843 0.2490920686 -0.9842166531 -0.0821334255 -0.1567535654 0.04066778325 0.7570970238 -0.6520354499 0.1722315629 -0.6481189682 -0.7418073145 0.0001858504206 0.08940064219 0
0.7534261709 0.5025804615 0.06781588964 -0.03089135187 0.1793452516 0.4636902949 -0.004052850163 0.04724930574 0.2489877397 -0.9836690044 -0.08418378033 -0.15908608 0.04167532859 0.7533248176 -0.6563268135 0.1750955645 -0.6522383079 -0.7375138867 0.0001900567664 0.09019513322 0
0.7600627854 0.5070074816 0.06841325131 -0.03141511688 0.1807032584 0.4629051107 -0.00412377613 0.04765056711 0.2488825282 -0.9831077895 -0.08626376161 -0.161423783 0.04269708047 0.7495379565 -0.6605829328 0.1779776211 -0.6563165511 -0.7331933928 0.0001943279537 0.09098962424 0
0.7666993999 0.5114345017 0.06901061298 -0.03194268657 0.1820556521 0.4621142228 -0.004195296451 0.04805143932 0.2487764353 -0.982532815 -0.08837340588 -0.1637663231 0.0437330423 0.7457368667 -0.6648036903 0.180877551 -0.6603534408 -0.728846105 0.0001986645637 0.09178411527 0
0.7733360144 0.5158615218 0.06960797466 -0.03247404114 0.1834023933 0.4613176609 -0.00426741041 0.04845191912 0.2486694618 -0.9819438877 -0.09051274463 -0.1661133484 0.04478321478 0.7419219754 -0.668988973 0.1837951716 -0.6643487227 -0.7244722972 0.0002030671788 0.09257860629 0
0.7808022057 0.5208419194 0.07028000654 -0.0330763143 0.1849106715 0.4604147838 -0.004349247293 0.04890198584 0.2485480657 -0.9812644256 -0.09295502758 -0.1687586737 0.04598164237 0.7376142588 -0.6736548774 0.1870984117 -0.6687933673 -0.7195204071 0.000208099744 0.0934724087 0
0.7874388203 0.5252689394 0.07087736821 -0.03361564534 0.1862452707 0.4596062643 -0.004422620318 0.0493016211 0.2484392249 -0.980645206 -0.09515754847 -0.171114058 0.04706200233 0.7337714618 -0.6777644206 0.1900530132 -0.6726994001 -0.7150911615 0.0002126445586 0.09426689972 0
0.7940754348 0.5296959595 0.07147472988 -0.03415869848 0.1875740954 0.4587921649 -0.004496584698 0.04970085389 0.248329507 -0.9800114288 -0.09738982954 -0.1734728233 0.04815655748 0.7299162036 -0.6818381639 0.1930247272 -0.6765630472 -0.7106362627 0.0002172572051 0.09506139075 0
0.8007120493 0.5341229796 0.07207209156 -0.03470545336 0.1888971069 0.4579725162 -0.004571139689 0.05009968102 0.2482189132 -0.9793629004 -0.09965188133 -0.1758346152 0.04926529722 0.7260489146 -0.6858760122 0.1960133665 -0.6803840652 -0.7061559913 0.0002219382703 0.09585588177 0
0.8073486638 0.5385499997 0.07266945323 -0.03525588947 0.1902142671 0.4571473489 -0.004646284543 0.05049809928 0.2481074445 -0.9786994271 -0.1019437093 -0.1781990786 0.05038820818 0.7221700257 -0.689877875 0.1990187427 -0.6841622133 -0.7016506296 0.0002266883419 0.09665037279 0
0.8148148551 0.5435303973 0.07334148511 -0.03587950463 0.1916890308 0.4562124777 -0.004731526636 0.05094582711 0.247980998 -0.9779349148 -0.1045576079 -0.1808618508 0.05166840189 0.7177929475 -0.6943368496 0.2024195611 -0.6883610907 -0.6965524605 0.0002321153897 0.0975441752 0
0.8214514697 0.5479574173 0.07393884678 -0.03643769471 0.1929936308 0.4553756863 -0.004807922437 0.0513433659 0.247867674 -0.9772390411 -0.106912705 -0.1832308111 0.05282136978 0.7138908421 -0.6982619626 0.2054598733 -0.6920473532 -0.6919947264 0.0002370140559 0.09833866622 0
0.8280880842 0.5523844374 0.07453620846 -0.03699950114 0.1942922614 0.4545334735 -0.004884905725 0.05174048583 0.2477534788 -0.9765276179 -0.1092975626 -0.1856013314 0.05398844939 0.7099784866 -0.7021508356 0.2085163273 -0.695690011 -0.6874127944 0.0002419835714 0.09913315725 0
0.8347246987 0.5568114575 0.07513357013 -0.03756490287 0.1955848853 0.453685871 -0.004962475725 0.05213718371 0.2476384133 -0.9758004522 -0.1117121649 -0.1879730556 0.05516961602 0.7060563138 -0.7060033961 0.2115887305 -0.6992888345 -0.6828069531 0.0002470245279 0.09992764827 0
0.8413613132 0.5612384776 0.0757309318 -0.03813387875 0.1968714655 0.4528329105 -0.005040631659 0.05253345638 0.2475224789 -0.975057351 -0.1141564912 -0.190345627 0.05636484217 0.7021247566 -0.7098195762 0.2146768893 -0.7028435969 -0.6781774926 0.0002521375181 0.1007221393 0
0.8479979277 0.5656654977 0.07632829347 -0.03870640749 0.1981519652 0.4519746237 -0.005119372742 0.05292930064 0.2474056766 -0.9742981215 -0.1166305158 -0.1927186893 0.05757409762 0.6981842482 -0.7135993125 0.2177806091 -0.7063540743 -0.6735247048 0.0002573231355 0.1015166303 0
0.8554641191 0.5706458953 0.07700032536 -0.03935472243 0.199585214 0.4510027247 -0.005208654913 0.05337410942 0.2472732382 -0.9734244704 -0.1194492534 -0.1953885267 0.05895123819 0.6937410165 -0.7178078807 0.2212906506 -0.7102501517 -0.6682628001 0.0002632445074 0.1024104327 0
0.8621007336 0.5750729153 0.07759768703 -0.03993472975 0.2008526718 0.4501332268 -0.005288636806 0.05376903281 0.2471545957 -0.9726303296 -0.1219862777 -0.1977614475 0.06019019289 0.6897829258 -0.7215099833 0.224426787 -0.7136657925 -0.6635614168 0.0002685864322 0.1032049237 0
0.8687373481 0.5794999354 0.0781950487 -0.0405182226 0.202113936 0.4492585036 -0.005369201359 0.05416351791 0.2470350891 -0.97181946 -0.1245528865 -0.2001337443 0.06144306463 0.6858172383 -0.7251754722 0.2275778701 -0.7170364664 -0.6588376271 0.0002740028447 0.1039994148 0
0.8753739626 0.5839269555 0.07879241037 -0.04110517919 0.2033689708 0.4483785878 -0.005450347762 0.05455756155 0.2469147195 -0.9709916703 -0.1271490331 -0.2025050607 0.0627098118 0.6818443873 -0.7288043023 0.2307437013 -0.720361961 -0.6540917286 0.0002794943419 0.1047939058 0
0.8820105771 0.5883539756 0.07938977205 -0.04169557759 0.2046177407 0.4474935124 -0.005532075201 0.0549511606 0.2467934882 -0.9701467694 -0.1297746653 -0.2048750401 0.06399039005 0.6778648061 -0.7323964327 0.2339240813 -0.7236420668 -0.6493240203 0.0002850615218 0.1055883968 0
0.8886471916 0.5927809957 0.07998713372 -0.04228939577 0.2058602107 0.4466033104 -0.005614382855 0.0553443119 0.2466713964 -0.9692845667 -0.1324297262 -0.2072433263 0.06528475228 0.6738789277 -0.7359518272 0.2371188095 -0.7268765772 -0.6445348026 0.0002907049832 0.1063828878 0
0.896113383 0.5977613932 0.0806591656 -0.04296150133 0.2072504154 0.4455957465 -0.005707671475 0.05578606801 0.246533016 -0.968293671 -0.1354517683 -0.2099051812 0.06675732377 0.6693878263 -0.7399076954 0.2407297787 -0.7304606468 -0.6391215981 0.000297145804 0.1072766902 0
0.9027499975 0.6021884133 0.08125652727 -0.0435625128 0.2084793821 0.4446947609 -0.005791209335 0.05617825742 0.2464090997 -0.9673940715 -0.138169152 -0.2122686877 0.06808080803 0.665390003 -0.7433849255 0.2439543275 -0.7335975936 -0.6342876767 0.0003029533552 0.1080711813 0
0.909386612 0.6066154334 0.08185388895 -0.04416687441 0.2097019407 0.443788753 -0.005875324809 0.05656998929 0.2462843268 -0.9664765779 -0.1409157531 -0.2146293894 0.06941791139 0.6613872339 -0.7468253346 0.2471925926 -0.7366883176 -0.6294331933 0.0003088390642 0.1088656723 0
0.9160232265 0.6110424535 0.08245125062 -0.04477456362 0.2109180568 0.4428777567 -0.005960017051 0.05696126049 0.2461586985 -0.9655410019 -0.1436914933 -0.2169869316 0.07076857545 0.6573799506 -0.7502289046 0.25044437 -0.7397326242 -0.6245584538 0.0003148035331 0.1096601633 0
0.922659841 0.6154694736 0.08304861229 -0.0453855578 0.2121276968 0.4419618058 -0.006045285213 0.0573520679 0.246032216 -0.9645871555 -0.1464962896 -0.2193409597 0.07213273909 0.6533685842 -0.7535956218 0.2537094547 -0.7427303214 -0.6196637655 0.0003208473645 0.1104546543 0
0.9301260324 0.6204498712 0.08372064417 -0.04607684837 0.213480759 0.4409254814 -0.00614189923 0.05779116798 0.2458889039 -0.9634920067 -0.1496863064 -0.2219846003 0.07368347976 0.6488514523 -0.7573391167 0.2573983253 -0.746046783 -0.6141337799 0.0003277422896 0.1113484568 0
0.9367626469 0.6248768912 0.08431800585 -0.04669478988 0.2146765261 0.4399991157 -0.006228388369 0.0581809795 0.2457606107 -0.9624987155 -0.1525525475 -0.2243299865 0.07507611458 0.6448328379 -0.7606274963 0.2606910041 -0.748944812 -0.6091977257 0.0003339567716 0.1121429478 0
0.9433992614 0.6293039113 0.08491536752 -0.04731596487 0.2158657131 0.4390679026 -0.006315450732 0.05857031752 0.2456314673 -0.9614865717 -0.1554475522 -0.2266707546 0.0764820404 0.6408114835 -0.7638790088 0.2639963447 -0.7517956512 -0.6042426904 0.0003402525048 0.1129374388 0
0.9500358759 0.6337309314 0.08551272919 -0.04794035022 0.2170482872 0.4381318769 -0.006403085445 0.05895917893 0.2455014751 -0.9604553902 -0.1583712165 -0.2290065526 0.0779011849 0.6367878174 -0.7670936586 0.2673141387 -0.754599121 -0.5992689862 0.000346630095 0.1137319298 0
0.9566724904 0.6381579515 0.08611009086 -0.04856792271 0.2182242162 0.4371910732 -0.006491291628 0.05934756064 0.2453706354 -0.9594049872 -0.1613234314 -0.2313370291 0.07933347306 0.6327622671 -0.7702714544 0.2706441771 -0.7573550448 -0.5942769266 0.0003530901488 0.1145264208 0
