0.01009608839 0.01181242341 0 -1.013691563e-05 0.002574450735 0.509991336 -1.27549648e-06 0.0006418201022 0.2549989219 -0.9999999983 -3.945752747e-07 -5.903316552e-05 1.984450428e-07 0.9999495456 -0.01004520771 5.903415063e-05 -0.0100452077 -0.9999495439 8.452044658e-08 0
0.02049161797 0.02397519303 0 -4.175761528e-05 0.005224929451 0.5099643097 -5.287798379e-06 0.001305453502 0.2549955301 -0.9999999704 -3.304012902e-06 -0.0002431602025 1.653692343e-06 0.9997921877 -0.02038581368 0.0002431770258 -0.02038581348 -0.9997921581 8.212172197e-08 0
0.03023742696 0.03537778954 0 -9.091748637e-05 0.007709152292 0.5099222927 -1.154304052e-05 0.001927958685 0.2549902419 -0.9999998598 -1.061597859e-05 -0.0005293613939 5.309627803e-06 0.9995476301 -0.03007548997 0.0005294412076 -0.03007548857 -0.99954749 6.300815065e-08 0
0.04063295654 0.04754055915 0 -0.0001641635386 0.01035802728 0.5098596893 -2.087011318e-05 0.002591797914 0.2549823568 -0.999999543 -2.575571024e-05 -0.0009556615763 1.287760099e-05 0.9991834366 -0.04040371103 0.0009559218443 -0.04040370487 -0.9991829797 3.202667765e-07 0
0.05037876552 0.05894315566 0 -0.0002523302242 0.01284015002 0.5097843331 -3.210087929e-05 0.003213964197 0.2549728623 -0.9999989204 -4.907393523e-05 -0.001468599872 2.453099477e-05 0.9987453509 -0.05007717509 0.001469214779 -0.05007715705 -0.9987442714 6.507893853e-07 0
0.06012457451 0.07034575218 0 -0.0003593543147 0.0153208285 0.5096928596 -4.573694435e-05 0.003835964993 0.2549613343 -0.9999978105 -8.338692932e-05 -0.002090951296 4.167447164e-05 0.9982140004 -0.05973949797 0.002092198351 -0.0597394543 -0.9982118113 1.061827255e-06 0
0.07052010409 0.08250852179 0 -0.000494282071 0.01796497942 0.5095775367 -6.293236816e-05 0.004499254891 0.2549467972 -0.9999958578 -0.0001344827737 -0.002875101771 6.719474871e-05 0.9975447935 -0.07003128139 0.002877460803 -0.0700311845 -0.9975406525 1.587778295e-06 0
0.08026591308 0.0939111183 0 -0.0006402294893 0.02044178958 0.5094527953 -8.153695645e-05 0.005120918812 0.2549310687 -0.999993051 -0.0001981926513 -0.003722713916 9.900345821e-05 0.9968217844 -0.07966379615 0.003726671108 -0.07966361113 -0.9968148379 2.163326417e-06 0
0.09001172206 0.1053137148 0 -0.0008049819574 0.02291630104 0.5093119812 -0.0001025445311 0.005742408841 0.2549133088 -0.9999890153 -0.0002793355721 -0.004678814492 0.0001394995389 0.9960066809 -0.08927862031 0.004685069187 -0.0892782923 -0.9959957011 2.819860283e-06 0
0.1004072516 0.1174764844 0 -0.001001420168 0.02555293306 0.5091440853 -0.0001276003225 0.006405126263 0.2548921264 -0.9999830015 -0.0003874425687 -0.005817791106 0.0001934270776 0.9950362887 -0.09951254603 0.005827468667 -0.09951197978 -0.9950192996 3.611243201e-06 0
0.1101530606 0.1288790809 0 -0.001204963095 0.02802181344 0.508970117 -0.0001535714219 0.007026216557 0.2548701701 -0.9999753914 -0.0005111787388 -0.00699680966 0.0002551187197 0.9940324909 -0.1090841046 0.00701081761 -0.1090832052 -0.9940078988 4.440595453e-06 0
0.1205485902 0.1410418506 0 -0.001442718179 0.03065180717 0.5087669075 -0.0001839195288 0.007688474121 0.2548445135 -0.9999647258 -0.000669398323 -0.008372516995 0.0003339572465 0.9928621506 -0.1192670885 0.008392592419 -0.1192656775 -0.9928269046 5.421025791e-06 0
0.1302943992 0.1524444471 0 -0.001684934268 0.03311387283 0.5085598852 -0.0002148500167 0.008309099697 0.2548183645 -0.9999518925 -0.0008444674536 -0.009772392393 0.0004211367543 0.9916722645 -0.1287864216 0.009799766436 -0.1287843415 -0.991624202 6.432537732e-06 0
0.1400402082 0.1638470436 0 -0.001945814448 0.03557221739 0.5083369107 -0.0002481785043 0.00892947509 0.2547901881 -0.9999358495 -0.00104746786 -0.01127828014 0.0005221583498 0.9903934146 -0.1382772997 0.01131477541 -0.1382743182 -0.9903293335 7.536105469e-06 0
0.1504357378 0.1760098132 0 -0.002244618921 0.03819003965 0.5080815223 -0.0002863706341 0.009590913849 0.2547578998 -0.9999146459 -0.001297030882 -0.01300071579 0.0006462597183 0.9889321262 -0.1483672204 0.01304926238 -0.1483629585 -0.9888468786 8.817867158e-06 0
0.1601815468 0.1874124097 0 -0.00254395722 0.04063982142 0.5078256776 -0.0003246509977 0.01021071782 0.2547255369 -0.9998903772 -0.001564041115 -0.01472369885 0.0007789321368 0.9874719388 -0.1577927859 0.01478603385 -0.157786957 -0.9873624711 1.012073836e-05 0
0.1705770763 0.1995751793 0 -0.002883694648 0.04324788452 0.5075353037 -0.0003681220224 0.01087150738 0.2546887856 -0.9998591639 -0.001886340021 -0.01667615178 0.0009389405039 0.9858191809 -0.1678084056 0.016756214 -0.1678004301 -0.9856785708 1.162203444e-05 0
0.1803228853 0.2109777758 0 -0.003221318665 0.04568793209 0.5072467362 -0.0004113482473 0.0114906652 0.2546522412 -0.9998242816 -0.002225669551 -0.01861323056 0.00110725193 0.9841814398 -0.1771600055 0.01871309568 -0.1771494848 -0.9840060366 1.313755137e-05 0
0.1900686943 0.2223803723 0 -0.003577399597 0.04812285086 0.5069423935 -0.0004569652425 0.0121094832 0.2546136755 -0.9997833216 -0.002602911775 -0.02065271825 0.001294194858 0.98245928 -0.1864727546 0.02077582683 -0.1864590786 -0.9822430336 1.476111925e-05 0
0.2004642239 0.234543142 0 -0.003977508755 0.05071413797 0.5066004199 -0.0005082566402 0.01276916112 0.2545703125 -0.9997321909 -0.003049196264 -0.02294011467 0.001515127012 0.980530438 -0.1963613112 0.02309222486 -0.1963434811 -0.9802632231 1.661600641e-05 0
0.2102100329 0.2459457385 0 -0.004371579097 0.05313759605 0.5062636076 -0.0005588091495 0.01338722036 0.2545275739 -0.9996765531 -0.003510680401 -0.025188576 0.001743339047 0.9786371758 -0.2055875458 0.02537222904 -0.2055649614 -0.9783145183 1.847421229e-05 0
0.2206055625 0.2581085081 0 -0.004812092211 0.05571604165 0.5058871007 -0.0006153609668 0.01404604825 0.2544797632 -0.9996081603 -0.004050978012 -0.027696848 0.002010223284 0.9765283774 -0.2153794029 0.02791925526 -0.2153506855 -0.9761375914 2.058783281e-05 0
0.2303513714 0.2695111046 0 -0.005243925191 0.05812688449 0.5055180127 -0.0006708410576 0.01466327236 0.2544328585 -0.9995347683 -0.004604429333 -0.03015039135 0.002283280153 0.9744689057 -0.2245108872 0.03041436338 -0.2244752794 -0.9740050387 2.269675209e-05 0
0.2400971804 0.2809137011 0 -0.005693942567 0.06053121106 0.5051333824 -0.0007287023849 0.0152800649 0.2543839404 -0.9994516037 -0.005205073014 -0.03270166853 0.002579262497 0.9723308929 -0.2335936261 0.03301271444 -0.2335498704 -0.9717842449 2.493301274e-05 0
0.25049271 0.2930764707 0 -0.006193936023 0.06308834237 0.5047060376 -0.0007930433895 0.01593748107 0.254329544 -0.9993512102 -0.005899703407 -0.03552959449 0.002921111254 0.969965232 -0.2432260591 0.03589743298 -0.2431720424 -0.9693186948 2.746328067e-05 0
0.260238519 0.3044790672 0 -0.006681339717 0.06547835558 0.5042894532 -0.0008558191055 0.0165533249 0.2542764708 -0.9992452517 -0.006603261587 -0.0382795502 0.003266880463 0.9676690446 -0.252202196 0.03870729284 -0.2521369015 -0.9669171259 2.997563665e-05 0
0.2706340486 0.3166418368 0 -0.007221065285 0.06801961369 0.5038281493 -0.0009253969744 0.01720968827 0.2542176465 -0.9991186028 -0.007411441787 -0.04131692303 0.003663498481 0.9651377665 -0.2617167752 0.04181622146 -0.2616374632 -0.964259945 3.280990446e-05 0
0.2803798576 0.3280444334 0 -0.00774557511 0.07039418038 0.5033798503 -0.0009930772319 0.01782450683 0.2541604263 -0.9989861508 -0.008224912195 -0.04426083365 0.00406211744 0.9626893181 -0.2705785949 0.04483491695 -0.2704840617 -0.9616798857 3.561631729e-05 0
0.2901256666 0.3394470299 0 -0.008287932623 0.07276086905 0.5029162969 -0.001063126891 0.01843880184 0.2541012026 -0.9988394825 -0.009093980686 -0.0472968035 0.004487339836 0.9601694321 -0.2793823999 0.04795364311 -0.2792704086 -0.959014331 3.857163592e-05 0
0.3005211961 0.3516097995 0 -0.008886037186 0.07527635863 0.5024050964 -0.001140455235 0.0190934526 0.254035825 -0.9986663019 -0.01008398281 -0.05063527196 0.00497094858 0.9574045225 -0.2887072393 0.05138975721 -0.2885738964 -0.9560775069 4.189305654e-05 0
0.3102670051 0.363012396 0 -0.00946504609 0.07762593771 0.501910217 -0.001215393408 0.01970660891 0.2539724678 -0.998487232 -0.0110727322 -0.05385761047 0.005453132766 0.9547418484 -0.2973857197 0.05471298701 -0.2972295368 -0.9532371644 4.517010059e-05 0
0.3200128141 0.3744149925 0 -0.01006167148 0.07996683972 0.5014002808 -0.001292692819 0.02031918683 0.253907114 -0.9982909726 -0.01212161896 -0.05716817675 0.005963778228 0.9520125131 -0.3060009938 0.05813404707 -0.305818968 -0.950313207 4.860968805e-05 0
0.3304083437 0.3865777621 0 -0.0107173988 0.08245394717 0.5008398301 -0.001377744933 0.02097194568 0.2538352052 -0.9980615371 -0.01330828775 -0.0607952103 0.006540452317 0.9490295921 -0.3151191137 0.06189014947 -0.3149058952 -0.9471028912 5.246285592e-05 0
0.3401541527 0.3979803586 0 -0.01135017489 0.08477610059 0.5002989958 -0.001459915144 0.02158327177 0.2537657327 -0.997826508 -0.01448583166 -0.06428390689 0.007111614575 0.9461677204 -0.3235986246 0.06551095284 -0.323352448 -0.9440082147 5.625279568e-05 0
0.3505496823 0.4101431282 0 -0.01204427206 0.08724262668 0.4997057504 -0.001550156008 0.02223465476 0.2536894363 -0.9975533276 -0.01581275865 -0.06809783634 0.0077539756 0.9430472871 -0.3325683241 0.06947830245 -0.3322826673 -0.9406173475 6.04901465e-05 0
0.3602954912 0.4215457248 0 -0.01271283589 0.08954494169 0.4991343283 -0.001637184134 0.022844653 0.2536158558 -0.9972750022 -0.01712453164 -0.07175876601 0.008387715395 0.9400601938 -0.3409053803 0.07329540445 -0.340578306 -0.9373548961 6.46501499e-05 0
0.3700413002 0.4329483213 0 -0.01339858002 0.09183726997 0.4985482222 -0.001726558013 0.02345398151 0.2535402916 -0.9969740505 -0.01850313502 -0.07550083896 0.00905239067 0.937015226 -0.3491711906 0.07720619738 -0.3487980793 -0.9340123677 6.899637403e-05 0
0.3804368298 0.4451110909 0 -0.01414887322 0.09427113006 0.497906946 -0.001824471993 0.02410317375 0.2534575065 -0.9966268361 -0.02004861677 -0.07958016411 0.00979590666 0.9337055168 -0.3579078764 0.08147999611 -0.3574801544 -0.9303595807 7.384290347e-05 0
0.3901826388 0.4565136874 0 -0.0148698292 0.0965420263 0.4972907443 -0.001918683266 0.02471106201 0.2533778515 -0.9962755612 -0.02156896784 -0.08348524265 0.01052569211 0.9305467321 -0.3660218426 0.08558163307 -0.3655373566 -0.9268539394 7.858891591e-05 0
0.4005781684 0.468676457 0 -0.01565746413 0.09895245992 0.496617552 -0.002021749356 0.02535867771 0.2532907093 -0.9958720626 -0.0232681255 -0.08773499471 0.01133941247 0.9271198635 -0.3745933481 0.09005694135 -0.3740419135 -0.9230289238 8.387268009e-05 0
0.4103239774 0.4800790535 0 -0.0164132191 0.101200867 0.4959716076 -0.002120783254 0.02596505025 0.2532069758 -0.9954655438 -0.02493476383 -0.09179656115 0.01213564587 0.9238552855 -0.3825495229 0.09434552022 -0.3819288794 -0.9193635048 8.90387618e-05 0
0.4200697864 0.49148165 0 -0.01718565824 0.103438017 0.4953114032 -0.002222145155 0.02657066238 0.2531212734 -0.9950304885 -0.02667368551 -0.09593144098 0.01296442056 0.9205424717 -0.3904273064 0.09872310098 -0.389730769 -0.9156220165 9.441543046e-05 0
0.4304653159 0.5036444197 0 -0.0180278664 0.1058116292 0.4945915672 -0.002332826297 0.02721579069 0.253027691 -0.9945336286 -0.02860923058 -0.1004209816 0.01388454562 0.9169578482 -0.3987424283 0.1034895212 -0.3979570537 -0.9115481898 0.0001003880646 0
0.4402111249 0.5150470162 0 -0.01883445588 0.108024748 0.4939021745 -0.002438987517 0.02781977561 0.2529379297 -0.9940357952 -0.03050035944 -0.1047022731 0.01478118327 0.913551592 -0.406454186 0.1080479271 -0.4055776334 -0.9076521518 0.0001062151676 0
0.4506066545 0.5272097858 0 -0.01971284771 0.1103721808 0.4931514122 -0.002554779159 0.02846312831 0.2528400249 -0.9934692064 -0.03260014506 -0.1093442569 0.01577403567 0.909871851 -0.414589429 0.1130049369 -0.4136066312 -0.9034154298 0.0001126792389 0
0.4603524635 0.5386123823 0 -0.02055312654 0.112560248 0.4924332252 -0.00266572306 0.02906541125 0.2527462185 -0.9929033865 -0.03464690287 -0.1137649209 0.0167390941 0.9063807403 -0.4221300231 0.1177398312 -0.4210386512 -0.8993685487 0.0001189773743 0
0.4700982725 0.5500149788 0 -0.02140953555 0.114735832 0.4917012517 -0.002778974967 0.02966684387 0.2526504599 -0.9923027744 -0.03677005421 -0.1182504419 0.01773736274 0.9028517095 -0.4295860527 0.122558516 -0.428376883 -0.8952500524 0.0001255108471 0
0.4804938021 0.5621777484 0 -0.02234068855 0.1170424328 0.4909053944 -0.002902316252 0.03030741518 0.2525461695 -0.9916223673 -0.03911966868 -0.1231045578 0.01883880572 0.8990479491 -0.4374447218 0.1277895928 -0.4360991134 -0.8907790878 0.0001327447407 0
0.490239611 0.5735803449 0 -0.02323006822 0.1191914808 0.4901452408 -0.003020324775 0.03090703539 0.2524463876 -0.9909458911 -0.04140265819 -0.1277186787 0.01990571902 0.8954471374 -0.444722595 0.1327780229 -0.4432383603 -0.8865155118 0.0001397799446 0
0.5006351406 0.5857431145 0 -0.02419612182 0.1214692518 0.489319554 -0.003148730022 0.03154563393 0.2523378138 -0.9901816978 -0.0439240249 -0.1327060113 0.02108028666 0.8915715912 -0.4523889026 0.138187651 -0.4507446924 -0.8818919409 0.0001475600783 0
0.5103809496 0.5971457111 0 -0.02511796495 0.1235907842 0.4885316539 -0.003271476672 0.03214336771 0.2522340239 -0.9894239752 -0.04636909136 -0.1374412775 0.02221558063 0.8879079946 -0.4594843425 0.1433410805 -0.4576781625 -0.8774873413 0.0001551177597 0
0.5201267586 0.6085483076 0 -0.02605532876 0.1256986562 0.4877304882 -0.003396509108 0.03274016222 0.2521283004 -0.988624996 -0.04889324051 -0.142232445 0.02338376661 0.8842172842 -0.4664900791 0.1485725979 -0.4645096828 -0.8730160008 0.0001629357086 0
0.5305222882 0.6207110772 0 -0.02707214986 0.1279317447 0.4868614104 -0.003532391315 0.03337568836 0.2520134018 -0.9877258449 -0.05167323026 -0.1474026207 0.0246658826 0.8802530585 -0.4738630047 0.1542376398 -0.4716825524 -0.8681741301 0.0001715672082 0
0.5402680972 0.6321136737 0 -0.02804119143 0.13001068 0.4860331697 -0.003662133081 0.03397048722 0.2519036944 -0.9868375713 -0.05436187396 -0.1523036263 0.02590143175 0.876513123 -0.4806806227 0.1596268265 -0.4782985802 -0.8635680311 0.0001799384602 0
0.5500139062 0.6435162702 0 -0.02902536411 0.1320752768 0.4851919965 -0.003794146308 0.03456429416 0.2517920654 -0.9859041385 -0.05713050603 -0.157255 0.02716919822 0.8727526828 -0.48740598 0.1650904734 -0.4848080651 -0.8588982918 0.0001885848997 0
0.5604094357 0.6556790398 0 -0.03009167849 0.134261465 0.4842806167 -0.003937458614 0.03519657565 0.2516708809 -0.9848572677 -0.06017208062 -0.1625899226 0.02855665518 0.8687213918 -0.4944771591 0.1709990633 -0.4916324482 -0.853848263 0.0001981165668 0
0.5701552447 0.6670816363 0 -0.03110670476 0.1362957444 0.4834130729 -0.004074150759 0.0357882785 0.2515552934 -0.9838264759 -0.0631065293 -0.1676395877 0.02989001174 0.8649254601 -0.5010095166 0.1766127193 -0.4979171763 -0.8490503124 0.0002073471395 0
0.5805507743 0.6792444059 0 -0.03220562438 0.1384491078 0.4824738253 -0.004222442593 0.03641827685 0.251429896 -0.982672865 -0.06632518407 -0.1730751582 0.03134661125 0.8608612728 -0.5078732706 0.1826784892 -0.5044986016 -0.8438659435 0.000217512956 0
0.5902965833 0.6906470025 0 -0.03325092776 0.140452163 0.4815804036 -0.004363792255 0.03700780301 0.2513103678 -0.9815393023 -0.06942571702 -0.1782152289 0.03274393464 0.8570391581 -0.5142097978 0.1884368137 -0.510552594 -0.8389443462 0.0002273484198 0
0.6000423923 0.702049599 0 -0.03431066945 0.1424397901 0.4806746415 -0.004507387656 0.03759624997 0.2511889395 -0.9803540807 -0.07260655972 -0.1833961939 0.03417152441 0.8532077205 -0.520450663 0.1942631807 -0.5164928588 -0.8339645936 0.0002374840169 0
0.6104379219 0.7142123686 0 -0.03545681628 0.144542689 0.4796950288 -0.004663025455 0.03822271823 0.2510573265 -0.9790314951 -0.07608785018 -0.1889655279 0.03572708323 0.8491130355 -0.527001545 0.2005515076 -0.5227022976 -0.8285900077 0.0002486315979 0
0.6201837308 0.7256149651 0 -0.03654594929 0.146497783 0.4787641459 -0.004811245281 0.03880888148 0.2509319851 -0.9777355552 -0.07943424624 -0.1942250875 0.03721559584 0.8452692403 -0.5330430665 0.2065143664 -0.528403361 -0.8234935972 0.0002594028327 0
0.6305792604 0.7377777347 0 -0.03772311999 0.1485655203 0.4777580171 -0.004971803526 0.03943287553 0.2507962084 -0.976292048 -0.08309166919 -0.1998739891 0.03883486283 0.8411663322 -0.5393802508 0.2129452757 -0.5343547286 -0.8179971476 0.0002712394568 0
0.6403250694 0.7491803312 0 -0.03884102755 0.1504872247 0.4768025406 -0.005124624583 0.04001668345 0.2506669733 -0.9748801185 -0.0866026362 -0.2052041373 0.040381821 0.8373194656 -0.5452205251 0.2190389534 -0.5398111669 -0.8127889277 0.000282666998 0
0.6500708784 0.7605829277 0 -0.03997263223 0.1523924714 0.4758353571 -0.005279663503 0.04059932612 0.2505358613 -0.9734101988 -0.09019273278 -0.2105655618 0.04195606882 0.8334744308 -0.5509628494 0.2251938568 -0.54514736 -0.8075283789 0.0002944195116 0
0.660466408 0.7727456973 0 -0.04119460571 0.154406377 0.4747909353 -0.00544747653 0.04121950854 0.2503939451 -0.9717770132 -0.09410893173 -0.2163167714 0.04366455885 0.8293775046 -0.5569796775 0.2318250265 -0.5507054238 -0.8018607693 0.000307319149 0
0.670212217 0.7841482939 0 -0.04235404127 0.156277002 0.4737999647 -0.005607080948 0.0417996904 0.2502589692 -0.9701834553 -0.09786122058 -0.2217368815 0.04529295139 0.8255430655 -0.5625186179 0.2381021034 -0.5557893742 -0.7964958003 0.0003197585396 0
0.6806077466 0.7963110635 0 -0.04360535391 0.1582535464 0.4727304667 -0.00577975062 0.04241721027 0.2501129424 -0.9684157001 -0.1019493067 -0.2275464142 0.04705747229 0.821462307 -0.5683179325 0.2448604216 -0.5610757676 -0.7907195185 0.0003334018004 0
0.6903535555 0.80771366 0 -0.04479196586 0.1600887464 0.4717162685 -0.005943895576 0.04299486079 0.2499741234 -0.9666934946 -0.1058615702 -0.2330171998 0.0487366962 0.8176475594 -0.5736525107 0.2512537003 -0.5659026387 -0.7852552334 0.0003465485907 0
0.7000993645 0.8191162565 0 -0.04599148843 0.1619065234 0.4706910355 -0.006110228397 0.04357126128 0.2498334525 -0.9649072826 -0.1098502995 -0.2385096387 0.05043922878 0.8138455697 -0.5788879623 0.2577010288 -0.5706034529 -0.7797447527 0.0003600450175 0
0.7104948941 0.8312790261 0 -0.04728503124 0.1638260785 0.4695854434 -0.006290054723 0.04418469223 0.249681368 -0.9629301752 -0.1141884496 -0.2443900072 0.05227995232 0.8098065248 -0.5843630712 0.2646361356 -0.5754775325 -0.7738173721 0.0003748319676 0
0.7202407031 0.8426816226 0 -0.04851073261 0.1656072798 0.4685378354 -0.006460889747 0.04475845756 0.2495368859 -0.9610081447 -0.1183329658 -0.2499212977 0.05402779764 0.8060374883 -0.5893933869 0.2711906026 -0.5799145426 -0.7682153216 0.0003890661101 0
0.7306362327 0.8548443922 0 -0.04983183355 0.1674874195 0.4674086893 -0.006645504277 0.04536904061 0.249380748 -0.9588836724 -0.1228355294 -0.2558388858 0.05591470158 0.8020382785 -0.5946495994 0.2782366778 -0.5845049466 -0.7621930979 0.0004046508094 0
0.7403820417 0.8662469887 0 -0.05108302427 0.1692312981 0.4663392955 -0.006820814806 0.0459401014 0.249232477 -0.9568211949 -0.1271324171 -0.2614011277 0.05770374487 0.7983109362 -0.5994747092 0.2848920477 -0.5886739315 -0.7565048073 0.000419642994 0
0.7501278507 0.8776495853 0 -0.05234629708 0.1709568562 0.4652595751 -0.006998281112 0.04650982879 0.2490823809 -0.9546891519 -0.1315016676 -0.2669755318 0.0595111532 0.7946068517 -0.6042006073 0.2915939743 -0.5927117871 -0.7507767255 0.0004350092431 0
0.7605233802 0.8898123549 0 -0.05370691815 0.1727770705 0.4640966512 -0.007189947336 0.04711605019 0.2489202726 -0.9523371498 -0.1362408775 -0.2729329155 0.06145809133 0.7906836934 -0.6091323337 0.2987923294 -0.5968732866 -0.7446243507 0.0004518175359 0
0.7702691892 0.9012149514 0 -0.05499463295 0.1744642409 0.4629960402 -0.007371848257 0.04768297101 0.2487664216 -0.9500581393 -0.1407565744 -0.2785266931 0.06330002475 0.7870339199 -0.6136535797 0.3055857308 -0.6006373246 -0.7388180868 0.0004679718155 0
0.7800149982 0.9126175479 0 -0.05629391624 0.1761325883 0.4618855417 -0.007555884805 0.04824850933 0.2486107622 -0.9477065174 -0.1453415248 -0.284127081 0.06515693499 0.7834133946 -0.6180760689 0.3124210793 -0.6042675684 -0.7329759716 0.0004845146161 0
0.7904105278 0.9247803175 0 -0.05769237755 0.1778912332 0.4606902756 -0.007754536809 0.04885020846 0.2484427386 -0.9451170251 -0.1503072124 -0.2901061026 0.06715282611 0.7795858786 -0.6226847965 0.3197566369 -0.6079914471 -0.7267063323 0.00050259379 0
0.8001563368 0.936182914 0 -0.05901502781 0.179520181 0.4595598053 -0.007942965579 0.04941283929 0.2482833597 -0.9426123821 -0.1550316934 -0.2957145096 0.06903693904 0.776031786 -0.6269039545 0.3266738407 -0.6113426544 -0.7207942568 0.0005199543794 0
0.8105518664 0.9483456836 0 -0.06043802112 0.181236449 0.4583435717 -0.008146287022 0.05001140111 0.2481113815 -0.9398576146 -0.1601434973 -0.3016980684 0.07105906465 0.7722793543 -0.6312964504 0.3340932109 -0.6147671586 -0.7144529846 0.0005389164967 0
0.8202976753 0.9597482802 0 -0.06178329908 0.1828253458 0.4571937615 -0.008339078603 0.0505710571 0.2479483075 -0.9371961626 -0.165002311 -0.3073069967 0.07296509708 0.7687995447 -0.6353135876 0.3410856894 -0.6178361412 -0.7084765735 0.0005571147866 0
0.8300434843 0.9711508767 0 -0.06313925713 0.1843946366 0.456034823 -0.008533970465 0.05112924964 0.2477834545 -0.9344575501 -0.1699241344 -0.3129135275 0.0748797593 0.7653584135 -0.6392335414 0.3481122071 -0.6207674987 -0.7024710697 0.0005757255269 0
0.8404390139 0.9833136463 0 -0.06459718478 0.1860467749 0.454788731 -0.008744162073 0.05172302441 0.2476056572 -0.9314504174 -0.1752419964 -0.3188892638 0.07693007997 0.7617324632 -0.6433081822 0.3556429146 -0.6237418514 -0.69603464 0.0005960367982 0
0.8501848229 0.9947162428 0 -0.0659746528 0.1875750945 0.4536114079 -0.008943371874 0.05227814318 0.2474371465 -0.9285498475 -0.1802896785 -0.3244854582 0.07885833452 0.758376735 -0.6470286631 0.362734812 -0.6263867492 -0.6899732579 0.0006155145531 0
0.8605803525 1.006879012 0 -0.06745511698 0.1891832128 0.4523460539 -0.009158152805 0.05286860399 0.2472554613 -0.925368254 -0.1857385336 -0.3304463522 0.08092002734 0.7548457142 -0.6508916169 0.3703316672 -0.6290541669 -0.6834802934 0.0006367611047 0
0.8703261615 1.018281609 0 -0.06885332846 0.1906699727 0.4511510013 -0.009361649484 0.05342058299 0.2470833187 -0.9223025977 -0.1909058745 -0.3360250964 0.08285595296 0.751582495 -0.6544147342 0.3774821974 -0.6314100889 -0.6773687993 0.0006571254607 0
0.8800719705 1.029684205 0 -0.07026129893 0.1921364195 0.4499476078 -0.009567209113 0.05397101923 0.2469094282 -0.9191560237 -0.1961287773 -0.3415928963 0.08479339492 0.7483664899 -0.657843201 0.3846586594 -0.6336253622 -0.6712351422 0.0006779258057 0
0.8904675 1.041846975 0 -0.07177368452 0.1936780949 0.4486549705 -0.009788738095 0.05455643358 0.2467220255 -0.9157097793 -0.2017593341 -0.3475180157 0.0868600186 0.7449898652 -0.6613965814 0.3923403335 -0.6358327389 -0.6646696855 0.0007005985062 0
0.900213309 1.053249572 0 -0.07320124267 0.1951021566 0.4474348353 -0.009998537306 0.05510363321 0.2465445425 -0.9123940173 -0.207092013 -0.3530581473 0.08879592089 0.7418762867 -0.6646313712 0.3995653159 -0.6377558101 -0.6584945596 0.0007223142448 0
0.9106088386 1.065412341 0 -0.07473410136 0.1965983384 0.4461246997 -0.01022457117 0.05568556066 0.2463533221 -0.9087659944 -0.2128359258 -0.3589501861 0.09085747765 0.7386122911 -0.667979642 0.4072950849 -0.6396504921 -0.6518879979 0.0007459736308 0
0.9203546476 1.076814938 0 -0.07618045665 0.1979794916 0.4448884986 -0.01043857728 0.05622945913 0.2461722737 -0.9052786645 -0.2182712883 -0.3644560115 0.09278536915 0.7356073727 -0.6710235976 0.4145617142 -0.6412795318 -0.6456772779 0.0007686239707 0
0.9301004566 1.088217534 0 -0.07763562089 0.1993397024 0.4436447685 -0.01065460708 0.05677173728 0.2459895101 -0.9017075593 -0.2237536929 -0.3699429176 0.09470700311 0.7326571561 -0.6739763165 0.4218460157 -0.6427657245 -0.6394514543 0.0007917333828 0
0.9404959862 1.100380304 0 -0.07919729355 0.2007673834 0.4423100055 -0.01088726053 0.05734836455 0.245792679 -0.8978055424 -0.229651445 -0.3757730989 0.09674806682 0.7295720436 -0.6770261773 0.4296335876 -0.6441931752 -0.632795491 0.0008168944217 0
0.9502417951 1.1117829 0 -0.08067006588 0.2020839581 0.4410512257 -0.01110744756 0.05788724688 0.2456063912 -0.8940599389 -0.235225417 -0.3812162495 0.09865173571 0.7267390238 -0.6797927819 0.4369492656 -0.6453831377 -0.6265428516 0.000840966623 0
0.9606373247 1.12394567 0 -0.08225008881 0.2034648466 0.4397007788 -0.01134451722 0.05846021826 0.2454058162 -0.8899709162 -0.2412166865 -0.3869964838 0.1006699666 0.7237817756 -0.6826459545 0.4447665974 -0.6464939686 -0.6198614542 0.000867164673 0
0.9703831337 1.135348266 0 -0.08373965789 0.2047373283 0.4384276428 -0.01156882725 0.05899564176 0.2452160329 -0.886049261 -0.2468743668 -0.3923897987 0.1025487495 0.7210712012 -0.6852299445 0.4521066921 -0.6473865691 -0.6135879473 0.0008922184342 0
0.9801289427 1.146750863 0 -0.08523706094 0.2059883187 0.4371478112 -0.01179511979 0.0595293692 0.2450245685 -0.882041966 -0.2525696486 -0.3977568892 0.1044129609 0.7184216333 -0.687726901 0.4594560957 -0.6481349623 -0.6073064851 0.0009177538255 0
0.9905244723 1.158913633 0 -0.08684270874 0.2072989106 0.4357754626 -0.01203867439 0.06009679264 0.2448184946 -0.8776728532 -0.2586838834 -0.403451374 0.1063835084 0.7156638869 -0.6902954079 0.4673038753 -0.6487741129 -0.6005990665 0.0009455273143 0
1.000270281 1.170316229 0 -0.08835569115 0.2085051806 0.4344823153 -0.01226903796 0.0606269689 0.2446235778 -0.8734878523 -0.2644507212 -0.4087600616 0.1082122923 0.7131437668 -0.6926153822 0.4746673273 -0.6492239859 -0.5943055985 0.0009720717597 0
1.01001609 1.181718826 0 -0.08987591481 0.2096896704 0.4331829788 -0.01250135856 0.06115540475 0.244427001 -0.8692166037 -0.27024915 -0.414038516 0.1100213344 0.7106878076 -0.6948511683 0.4820350628 -0.6495292426 -0.5880084704 0.0009991110299 0
1.02041162 1.193881595 0 -0.09150524875 0.2109290206 0.4317903857 -0.01275131478 0.06171713523 0.2442154975 -0.8645654143 -0.2764666939 -0.4196341401 0.1119272896 0.7081398786 -0.6971443137 0.4898968526 -0.6496953743 -0.5812890798 0.001028503117 0
1.030157429 1.205284192 0 -0.0930398198 0.2120682233 0.4304787865 -0.0129876531 0.06224192899 0.2440155126 -0.8601156093 -0.2823240098 -0.4248461981 0.1136900925 0.7058193911 -0.6992092319 0.497268239 -0.6497015781 -0.5749888329 0.001056578476 0
1.040552958 1.217446961 0 -0.09468401166 0.2132590783 0.4290734943 -0.01324187539 0.06279974226 0.2438003898 -0.8552738525 -0.2885997038 -0.4303682705 0.1155427865 0.7034178872 -0.7013224226 0.505130183 -0.6495486794 -0.5682693123 0.001087085323 0
1.050298767 1.228849558 0 -0.09623209254 0.2143526464 0.4277503483 -0.01348219474 0.06332083349 0.2435970272 -0.8506453839 -0.2945071181 -0.4355088842 0.1172519431 0.7012363595 -0.7032208401 0.5124982075 -0.6492558244 -0.5619719404 0.001116214711 0
1.060044576 1.240252154 0 -0.0977864082 0.215424017 0.4264218733 -0.01372442704 0.06384011169 0.2433920413 -0.8459305404 -0.3004355659 -0.4406131995 0.1189324597 0.6991231826 -0.7050403148 0.5198620883 -0.6488183461 -0.5556781108 0.001145860485 0
1.070440106 1.252414924 0 -0.09945099404 0.2165422651 0.4249991504 -0.01398490677 0.06439199438 0.2431716086 -0.8408062923 -0.306780043 -0.4460165738 0.1206914617 0.6969451987 -0.7068952971 0.5277104793 -0.648192406 -0.5489701767 0.001178056455 0
1.080185915 1.26381752 0 -0.1010175673 0.2175675376 0.4236601989 -0.0142310646 0.06490748161 0.242963291 -0.8359133332 -0.3127452373 -0.4510424769 0.1223072099 0.6949752848 -0.708555079 0.5350606002 -0.6474563847 -0.5426881094 0.001208782442 0
1.090581445 1.27598029 0 -0.1026947753 0.2186364628 0.4222266878 -0.01449571128 0.0654552892 0.2427393213 -0.8305994983 -0.319124036 -0.4563598614 0.1239931011 0.6929514056 -0.7102422547 0.5428905823 -0.6465123348 -0.535995911 0.001242139918 0
1.100327254 1.287382887 0 -0.1042727566 0.2196153598 0.4208779858 -0.01474575649 0.06596692674 0.2425277037 -0.8255292765 -0.325116807 -0.4613030191 0.1255365266 0.6911270545 -0.7117471286 0.5502199507 -0.6454784709 -0.5297315826 0.001273963451 0
1.110073062 1.298785483 0 -0.1058559518 0.2205717259 0.4195248275 -0.01499766883 0.06647668066 0.2423145008 -0.8203737056 -0.3311195968 -0.4662046715 0.1270422375 0.6893738168 -0.7131788069 0.5575367728 -0.6443008252 -0.5234779782 0.001306324199 0
1.120468592 1.310948253 0 -0.1075502147 0.2215669537 0.4180767396 -0.01526842303 0.06701832678 0.2420853455 -0.8147807365 -0.3375311563 -0.4713863278 0.1286047587 0.6875824924 -0.7146265683 0.5653257181 -0.6428864866 -0.5168208566 0.001341438926 0
1.130214401 1.322350849 0 -0.1091435505 0.2224765851 0.4167149141 -0.01552416511 0.06752414517 0.2418688904 -0.809449895 -0.3435477262 -0.4761993567 0.1300269001 0.6859773235 -0.7159106906 0.5726114501 -0.6414125595 -0.5105938266 0.001374922445 0
1.140609931 1.334513619 0 -0.1108481728 0.2234218484 0.415257972 -0.01579898335 0.06806156292 0.2416362836 -0.8036708969 -0.3499689853 -0.48128453 0.1314962384 0.6843445763 -0.7172037647 0.5803635316 -0.6396828981 -0.5039682143 0.001411243713 0
1.15035574 1.345916215 0 -0.1124507912 0.2242845382 0.4138882126 -0.01605851563 0.06856338881 0.2414166091 -0.7981666201 -0.3559899485 -0.486005353 0.1328272357 0.6828885472 -0.7183454305 0.5876112423 -0.6379140919 -0.4977736828 0.001445866652 0
1.160101549 1.357318812 0 -0.1140575925 0.2251244487 0.4125148782 -0.01631986751 0.06906326263 0.2411953886 -0.7925792001 -0.3620096545 -0.490680366 0.1341114196 0.6815049181 -0.7194200259 0.5948380777 -0.6360031891 -0.4915969942 0.001481046812 0
1.170497078 1.369481582 0 -0.1157758971 0.2259952018 0.4110462418 -0.01660063781 0.06959429501 0.2409577251 -0.786528284 -0.3684267988 -0.4956157306 0.1354276316 0.6801089332 -0.7204937166 0.6025218793 -0.6338087511 -0.4850297433 0.001519190773 0
1.180242887 1.380884178 0 -0.1173907035 0.2267879165 0.4096660654 -0.0168657202 0.07009009318 0.2407333347 -0.7807708853 -0.3744369031 -0.5001937927 0.1366094908 0.678875109 -0.7214335959 0.609700477 -0.6316055667 -0.4788942852 0.001555534506 0
1.190638417 1.393046948 0 -0.1191170868 0.2276082514 0.4081905241 -0.01715044797 0.07061674871 0.2404923079 -0.7745401118 -0.3808387709 -0.5050242031 0.137812566 0.6776388885 -0.7223664122 0.6173291762 -0.629100443 -0.4723741322 0.001594928126 0
1.200384226 1.404449544 0 -0.1207390355 0.2283536346 0.4068042432 -0.01741921996 0.07110841611 0.2402647815 -0.7686155573 -0.3868298371 -0.5095025046 0.1388846357 0.6765546933 -0.7231768836 0.6244527068 -0.6266070732 -0.4662857416 0.001632451318 0
1.210130035 1.415852141 0 -0.1223641299 0.2290760752 0.4054152736 -0.0176897624 0.07159806521 0.2400357498 -0.7626112519 -0.3928083107 -0.5139316195 0.1399009248 0.6755426867 -0.7239266604 0.6315471556 -0.6239741257 -0.4602222081 0.00167055082 0
1.220525564 1.42801491 0 -0.1241008032 0.2298213662 0.4039309374 -0.01798028144 0.0721181187 0.2397897996 -0.7561196562 -0.3991689932 -0.5186011766 0.1409215482 0.674542537 -0.7246609435 0.6390807326 -0.6210124642 -0.4537833586 0.001711829572 0
1.230271373 1.439417507 0 -0.1257317575 0.2304963266 0.4025369594 -0.01825445182 0.07260355665 0.239557683 -0.7499531109 -0.4051144853 -0.5229269406 0.1418171262 0.6736789735 -0.7252892826 0.646110079 -0.6180929497 -0.4477754698 0.001751131493 0
1.240017182 1.450820103 0 -0.1273652369 0.2311482877 0.4011408231 -0.01853036253 0.07308693781 0.2393240861 -0.7437094021 -0.4110406684 -0.5272019482 0.142651694 0.6728867586 -0.7258608023 0.6531055194 -0.6150357543 -0.4417965612 0.001791020649 0
1.250412712 1.462982873 0 -0.1291101701 0.2318183492 0.3996494273 -0.01882657433 0.07360026339 0.2390732939 -0.7369654469 -0.4173382006 -0.5317055166 0.143472763 0.6721199328 -0.726409225 0.6605281949 -0.6116237587 -0.4354525019 0.001834220268 0
1.260158521 1.474385469 0 -0.1307482267 0.2324227444 0.3982493788 -0.01910605018 0.07407935473 0.2388366641 -0.730565273 -0.4232176087 -0.5358742741 0.1441759445 0.6714738783 -0.7268673385 0.6674486339 -0.6082842152 -0.4295376988 0.001875334027 0
1.27055405 1.486548239 0 -0.1324975816 0.2330420532 0.3967542038 -0.01940604194 0.07458807666 0.2385826556 -0.7236567011 -0.4294603426 -0.5402636329 0.1448531034 0.6708618751 -0.7272976853 0.6747877869 -0.6045727075 -0.4232650281 0.001919847667 0
1.280299859 1.497950836 0 -0.1341393517 0.2335988601 0.3953509814 -0.01968903997 0.07506282615 0.2383430284 -0.71710443 -0.435283809 -0.5443245743 0.1454178774 0.6703598316 -0.7276478111 0.6816266408 -0.600953993 -0.4174199574 0.00196220052 0
1.290045668 1.509353432 0 -0.135782609 0.2341326409 0.393946488 -0.01997372671 0.0755354563 0.2381019636 -0.7104802435 -0.441076955 -0.5483328764 0.1459132072 0.669926555 -0.7279476265 0.6884236774 -0.5972014155 -0.4116106288 0.002005158022 0
1.300441198 1.521516202 0 -0.1375368286 0.2346766326 0.392447155 -0.02027924238 0.07603724573 0.237843253 -0.7033364778 -0.4472205279 -0.5525500869 0.1463632294 0.6695394323 -0.7282133985 0.6956260519 -0.5930520619 -0.4054548653 0.002051649486 0
1.310187007 1.532918798 0 -0.1391825202 0.2351628445 0.391040581 -0.02056738666 0.07650545828 0.2375992443 -0.6965673665 -0.4529443859 -0.5564488181 0.1467100394 0.6692460863 -0.7284132345 0.702331879 -0.5890255166 -0.3997234952 0.002095866868 0
1.320582537 1.545081568 0 -0.1409388776 0.2356561179 0.3895394209 -0.02087656688 0.07700250881 0.2373374129 -0.6892717872 -0.4590093422 -0.5605486841 0.1469981048 0.6690065045 -0.728575222 0.7094335491 -0.5845859395 -0.3936538056 0.002143709459 0
1.330328346 1.556484164 0 -0.1425861438 0.2360948092 0.388131501 -0.02116812453 0.07746625373 0.2370904967 -0.6823630393 -0.4646551281 -0.5643370398 0.1471898153 0.6688497513 -0.7286804296 0.7160417871 -0.5802892573 -0.3880058466 0.002189200223 0
1.340074155 1.567886761 0 -0.1442338641 0.2365105323 0.3867231931 -0.02146131782 0.07792781916 0.236842187 -0.6753887297 -0.4702600419 -0.5680717884 0.1473041779 0.6687577551 -0.7287417541 0.7226005418 -0.5758633154 -0.3824001818 0.002235311862 0
1.350469684 1.58004953 0 -0.1459917072 0.2369286782 0.3852207631 -0.02177584834 0.07841774048 0.236575797 -0.6678787368 -0.4761913293 -0.5719963381 0.1473392592 0.6687299409 -0.7287601861 0.7295403592 -0.5710009492 -0.3764688305 0.002285185345 0
1.360215493 1.591452127 0 -0.1476397314 0.2372970043 0.3838121953 -0.02207238862 0.07887476554 0.2363246348 -0.6607732896 -0.4817055101 -0.5756200667 0.147289155 0.6687687357 -0.7287347137 0.7359922313 -0.5663110273 -0.3709545199 0.002332589616 0
1.370611023 1.603614897 0 -0.1493974438 0.2376646527 0.3823098771 -0.02239046515 0.07935981809 0.236055222 -0.6531266536 -0.4875355859 -0.5794261185 0.1471455623 0.6688781086 -0.7286633374 0.7428147534 -0.5611694292 -0.3651234228 0.002383848592 0
1.380356832 1.615017493 0 -0.1510449199 0.2379856999 0.3809017778 -0.0226903071 0.07981225479 0.2358012447 -0.645896221 -0.4929507891 -0.5829387543 0.1469249728 0.6690432297 -0.7285562498 0.7491536052 -0.5562199891 -0.3597057125 0.002432557916 0
1.390102641 1.62642009 0 -0.1526918261 0.238283921 0.3794941657 -0.02299173024 0.08026245434 0.2355459188 -0.6386076182 -0.4983152162 -0.5863976938 0.1466198055 0.6692677448 -0.7284115034 0.7554355979 -0.5511466511 -0.3543366004 0.00248190304 0
1.40049817 1.638582859 0 -0.1544476745 0.2385769061 0.3779934406 -0.02331497895 0.08074018903 0.2352720947 -0.6307707435 -0.5039792341 -0.5900281356 0.1461995857 0.6695713467 -0.7282169271 0.7620721425 -0.5455998015 -0.3486644609 0.002535241725 0
1.410243979 1.649985456 0 -0.1560927755 0.238828075 0.3765873714 -0.02361963572 0.08118573058 0.2350140099 -0.6233668859 -0.509232934 -0.5933763936 0.1457154826 0.6699147724 -0.727998074 0.7682322069 -0.5402740199 -0.3433995628 0.002585909478 0
1.420639509 1.662148225 0 -0.157846249 0.2390709671 0.375088676 -0.02394630895 0.08165847215 0.2347372635 -0.6154107365 -0.5147747717 -0.5968890683 0.1451015081 0.6703423271 -0.7277270895 0.7747355534 -0.5344605681 -0.3378412695 0.00264066503 0
1.430385318 1.673550822 0 -0.1594887036 0.2392752707 0.3736848687 -0.02425415295 0.08209930982 0.2344764582 -0.6078985686 -0.5199101861 -0.6001272604 0.1444331233 0.6707991548 -0.7274390468 0.7807678292 -0.5288874099 -0.332685594 0.002692666656 0
1.440131127 1.684953418 0 -0.1611295771 0.2394569729 0.3722824127 -0.02456352239 0.0825378552 0.2342143504 -0.600336574 -0.5249857449 -0.6033124941 0.1436737392 0.6713087592 -0.7271192519 0.786736204 -0.5231964425 -0.3275845356 0.002745317593 0
1.450526656 1.697116188 0 -0.1628778799 0.2396259368 0.3707881369 -0.02489518543 0.08300309856 0.2339333433 -0.5922174733 -0.5303318321 -0.6066519696 0.1427621372 0.6719089027 -0.7267443833 0.7930305395 -0.5169976541 -0.3222048869 0.002802197046 0
1.460272465 1.708518784 0 -0.1645148686 0.2397611017 0.3693890012 -0.0252076725 0.08343687357 0.2336685725 -0.5845580132 -0.5352784767 -0.6097285311 0.1418110963 0.6725230162 -0.7263624478 0.7988626554 -0.5110672608 -0.3172202906 0.002856197614 0
1.470018274 1.719921381 0 -0.1661496803 0.2398738382 0.3679917262 -0.02552165111 0.08386832459 0.2334025271 -0.5768541227 -0.5401603026 -0.6127529426 0.1407656565 0.6731854046 -0.7259520928 0.8046268397 -0.5050230278 -0.3122937564 0.002910854843 0
1.480413804 1.732084151 0 -0.1678908625 0.2399694402 0.3665035363 -0.02585819307 0.08432596603 0.2331173509 -0.5685897198 -0.545294408 -0.6159218613 0.1395453092 0.6739434138 -0.7254842394 0.8106989807 -0.498451887 -0.3071040201 0.002969882234 0
1.490159613 1.743486747 0 -0.1695205645 0.2400360269 0.3651106286 -0.02617521882 0.08475258212 0.2328487007 -0.5607998098 -0.550037452 -0.6188395387 0.1383015491 0.6747006126 -0.7250184583 0.8163187213 -0.4921766804 -0.3023009435 0.003025903698 0
1.500555142 1.755649517 0 -0.1712558596 0.2400825558 0.3636274704 -0.02651498553 0.08520504357 0.2325607672 -0.5524479016 -0.5550201722 -0.6218954288 0.1368674457 0.6755560848 -0.7244938085 0.8222339194 -0.4853623231 -0.2972453482 0.003086391235 0
1.510300951 1.767052113 0 -0.1728796348 0.2401032868 0.3622396283 -0.02683501044 0.08562678231 0.2322895517 -0.5445799982 -0.5596182457 -0.6247079675 0.1354213 0.6764011353 -0.7239769165 0.8277038704 -0.478862113 -0.2925702987 0.003143786101 0
1.52004676 1.77845471 0 -0.1745002511 0.2401019431 0.3608544862 -0.02715646922 0.08604614609 0.2320171094 -0.5366773069 -0.5641440661 -0.627470271 0.1338758722 0.6772861017 -0.7234367887 0.8330994653 -0.4722552373 -0.2879588022 0.003201848638 0
1.53044229 1.790617479 0 -0.1762252141 0.2400762666 0.3593801589 -0.02750092623 0.08649083887 0.2317251624 -0.5282116326 -0.568890492 -0.6303618638 0.1321170543 0.6782721035 -0.722836107 0.8387714559 -0.4650919927 -0.2831110791 0.00326452013 0
1.540188099 1.802020076 0 -0.1778387051 0.2400295524 0.3580011068 -0.02782531228 0.08690526401 0.2314502142 -0.5202432792 -0.5732628858 -0.633021796 0.1303638714 0.6792340191 -0.7222509317 0.8440095921 -0.4582693651 -0.2786341643 0.003323968626 0
1.550583629 1.814182845 0 -0.1795556411 0.2399556689 0.35653364 -0.02817286568 0.08734466735 0.2311556158 -0.5117121093 -0.5778428357 -0.635805296 0.1283817156 0.6802980271 -0.7216042748 0.8495109489 -0.4508794202 -0.2739322838 0.003388122678 0
1.560329438 1.825585442 0 -0.1811612091 0.2398639434 0.3551613598 -0.02850013012 0.08775411366 0.230878202 -0.5036866621 -0.5820566182 -0.6383649737 0.1264176237 0.6813291877 -0.7209778931 0.8545866433 -0.4438475315 -0.2695942098 0.003448964871 0
1.570075247 1.836988039 0 -0.1827626595 0.2397505749 0.3537925988 -0.02882876967 0.08816113669 0.2305996097 -0.495636721 -0.5861919197 -0.6408769571 0.1243504613 0.6823910096 -0.7203328902 0.8595819935 -0.436716777 -0.2653248068 0.003510484033 0
1.580470776 1.849150808 0 -0.1844661277 0.2396058977 0.352336643 -0.02918082117 0.08859261336 0.2303011565 -0.4870254513 -0.5905152074 -0.6435044674 0.1220312026 0.6835552821 -0.7196252927 0.8648205567 -0.429003457 -0.2608475388 0.003576852446 0
