0.005691112078 0.00478127399 -0.004107047942 -2.312908734e-06 0.001451226898 0.509997247 -2.908207428e-07 0.0003613186501 0.2549996588 -0.9999999999 -5.040360493e-08 -1.346965191e-05 2.587052001e-08 0.9999839673 -0.005662604894 1.346972137e-05 -0.005662604894 -0.9999839672 2.834986664e-08 -0.005462373763 0
0.01038222416 0.00872241798 -0.007492435885 -7.697367619e-06 0.002647426594 0.5099908379 -9.718549549e-07 0.0006600648182 0.2549988596 -0.999999999 -3.081241921e-07 -4.482629693e-05 1.549478786e-07 0.9999466441 -0.01032999962 4.482708811e-05 -0.01032999962 -0.9999466431 6.248811437e-08 -0.009964939726 0
0.0157434951 0.01322658254 -0.01136145068 -1.769940001e-05 0.004014449806 0.5099789325 -2.243242248e-06 0.00100220677 0.2549973676 -0.9999999947 -1.075648356e-06 -0.0001030708269 5.389525589e-07 0.999877317 -0.01566368483 0.0001030750305 -0.0156636848 -0.9998773117 7.543425867e-08 -0.0151107294 0
0.02043460718 0.01716772653 -0.01474683862 -2.981827656e-05 0.005210515531 0.5099645075 -3.787706859e-06 0.001301819549 0.254995555 -0.9999999849 -2.352811826e-06 -0.0001736374909 1.177732393e-06 0.9997933233 -0.02033004457 0.0001736494368 -0.02033004447 -0.9997933082 5.942646986e-08 -0.01961329536 0
0.02579587813 0.02167189109 -0.01861585341 -4.751616736e-05 0.006577326728 0.5099434419 -6.045939622e-06 0.001644285205 0.2549929046 -0.9999999617 -4.733496805e-06 -0.0002766805522 2.368263927e-06 0.9996706743 -0.02566209198 0.0002767109056 -0.02566209165 -0.999670636 1.693503883e-08 -0.02475908503 0
0.03048699021 0.02561303508 -0.02200124135 -6.636820821e-05 0.007773155403 0.5099210025 -8.452895191e-06 0.001943923487 0.2549900797 -0.9999999253 -7.814082323e-06 -0.000386431075 3.908660747e-06 0.9995400423 -0.03032662068 0.0003864903077 -0.03032661993 -0.9995399676 4.803433057e-08 -0.029261651 0
0.03584826115 0.03011719964 -0.02587025614 -9.176012707e-05 0.009139636794 0.5098907787 -1.169588677e-05 0.002286323911 0.2549862735 -0.9999998572 -1.270345987e-05 -0.0005342344688 6.35334773e-06 0.9993641183 -0.03565612087 0.000534347715 -0.03565611917 -0.9993639756 1.350957048e-07 -0.03440744067 0
0.04053937323 0.03405834363 -0.02925564408 -0.0001173433825 0.01033512537 0.5098603271 -1.49639616e-05 0.002585883798 0.2549824379 -0.9999997665 -1.837057639e-05 -0.0006831281663 9.186740146e-06 0.9991868979 -0.04031802317 0.0006833133786 -0.04031802004 -0.9991866644 2.276377261e-07 -0.03891000663 0
0.04590064418 0.03856250819 -0.03312465888 -0.0001504267035 0.0117011592 0.5098209483 -1.919069537e-05 0.002928193707 0.2549774771 -0.9999996163 -2.666296771e-05 -0.0008756371042 1.333246569e-05 0.9989577663 -0.04564406768 0.000875941492 -0.04564406184 -0.9989573826 3.505983308e-07 -0.04405579631 0
0.05059175625 0.04250365218 -0.03651004682 -0.0001827385278 0.01289620466 0.5097824878 -2.331931108e-05 0.003227678574 0.2549726315 -0.9999994337 -3.56984761e-05 -0.001063618786 1.78494637e-05 0.9987340253 -0.05030254923 0.001064067996 -0.05030253973 -0.9987334591 4.726925701e-07 -0.04855836227 0
0.0559530272 0.04700781674 -0.04037906161 -0.0002235098294 0.01426167323 0.509733958 -2.8529328e-05 0.003569907934 0.2549665166 -0.9999991528 -4.828656031e-05 -0.001300761913 2.41420997e-05 0.9984517737 -0.05562423092 0.001301433942 -0.0556242152 -0.9984509267 6.284577444e-07 -0.05370415194 0
0.06064413928 0.05094896073 -0.04376444955 -0.000262546881 0.01545617261 0.5096874926 -3.351818289e-05 0.003869325862 0.2549606613 -0.9999988311 -6.1470696e-05 -0.001527761906 3.073231235e-05 0.9981815975 -0.06027849863 0.001528689181 -0.06027847512 -0.9981804289 7.788039743e-07 -0.0582067179 0
0.06600541022 0.05545312529 -0.04763346434 -0.0003110019469 0.01682095829 0.5096298169 -3.971120001e-05 0.004211481317 0.2549533928 -0.9999983598 -7.924507926e-05 -0.001809451334 3.961645415e-05 0.9978463338 -0.06559491198 0.001810752454 -0.06559487608 -0.997844694 9.666133387e-07 -0.06335250758 0
0.0706965223 0.05939426928 -0.05101885229 -0.000356760189 0.01801480869 0.5095753512 -4.556007551e-05 0.00451083576 0.2549465281 -0.9999978416 -9.735607567e-05 -0.002075385512 4.866825767e-05 0.9975298259 -0.07024417438 0.002077097646 -0.07024412377 -0.9975276682 1.144928819e-06 -0.06785507354 0
0.07605779325 0.06389843384 -0.05488786708 -0.0004128940086 0.01937879391 0.5095085356 -5.273585862e-05 0.004852918939 0.2549381061 -0.999997109 -0.0001212048614 -0.002401516855 6.058695947e-05 0.9971416783 -0.07555441589 0.002403810109 -0.07555434296 -0.9971387882 1.364739267e-06 -0.07300086321 0
0.08074890533 0.06783957783 -0.05827325502 -0.0004653687093 0.02057189252 0.5094460754 -5.944455463e-05 0.005152209671 0.2549302323 -0.9999963275 -0.0001450185743 -0.002706286678 7.248726601e-05 0.9967789596 -0.08019788337 0.002709199802 -0.08019778501 -0.9967752884 1.571155714e-06 -0.07750342917 0
0.08611017627 0.07234374239 -0.06214226981 -0.000529175478 0.02193495981 0.5093701267 -6.760287403e-05 0.005494218838 0.2549206571 -0.9999952514 -0.0001758269343 -0.003076739097 8.788177689e-05 0.9963380764 -0.08550105185 0.003080505702 -0.08550091622 -0.9963333297 1.823256526e-06 -0.08264921885 0
0.09080128835 0.07628488638 -0.06552765775 -0.0005883612114 0.02312720388 0.5092996784 -7.517118527e-05 0.005793443324 0.2549117744 -0.9999941297 -0.0002061164674 -0.003420231653 0.0001030158039 0.9959292855 -0.09013793701 0.003424887779 -0.09013776022 -0.9959234179 2.058119585e-06 -0.08715178481 0
0.0961625593 0.08078905094 -0.06939667254 -0.0006598343317 0.02448923589 0.5092146045 -8.431179877e-05 0.006135374679 0.2549010463 -0.9999926169 -0.0002447662147 -0.003834867912 0.0001223253048 0.9954358352 -0.09543313394 0.003840723749 -0.09543289845 -0.9954284559 2.342989084e-06 -0.09229757448 0
0.1008536714 0.08473019493 -0.07278206049 -0.0007257249781 0.02568052278 0.5091361754 -9.273950517e-05 0.006434528973 0.254891155 -0.9999910688 -0.000282301546 -0.004216955961 0.0001410763454 0.9949811284 -0.1000626519 0.004224039441 -0.1000623531 -0.9949722021 2.60677763e-06 -0.09680014045 0
0.1062149423 0.08923435949 -0.07665107528 -0.0008048570601 0.02704140227 0.5090419851 -0.0001028621507 0.006776377446 0.2548792743 -0.9999890149 -0.0003296707091 -0.004675622484 0.000164737687 0.9944352995 -0.1053489817 0.004684334519 -0.1053485947 -0.9944243212 2.925021751e-06 -0.1019459301 0
0.1109060544 0.09317550348 -0.08003646322 -0.0008774458071 0.02823162945 0.5089555833 -0.0001121490131 0.007075456719 0.2548683746 -0.9999869441 -0.0003752183194 -0.005096164521 0.0001874868811 0.9939348504 -0.1099703503 0.005106518411 -0.10996987 -0.9939218033 3.21831121e-06 -0.1064484961 0
0.1162673253 0.09767966804 -0.08390547801 -0.0009642286694 0.0295912393 0.5088522863 -0.0001232534056 0.007417216438 0.2548553417 -0.9999842338 -0.0004321807178 -0.00559869146 0.0002159343229 0.9933368515 -0.1152469209 0.005611194045 -0.1152463129 -0.9933210971 3.570634006e-06 -0.1115942858 0
0.1209584374 0.101620812 -0.08729086595 -0.001043508013 0.03078030436 0.5087579208 -0.0001333991637 0.007716215303 0.2548434339 -0.9999815346 -0.0004865032205 -0.006057531771 0.0002430604291 0.9927908513 -0.119859361 0.006072174089 -0.1198586201 -0.9927724009 3.894077772e-06 -0.1160968517 0
0.1263197084 0.1061249766 -0.09115988074 -0.001137932684 0.03213852762 0.5086455279 -0.000145484993 0.008057879877 0.2548292491 -0.9999780417 -0.0005539280431 -0.006603733078 0.0002767253797 0.9921409107 -0.1251252839 0.006621144154 -0.1251243638 -0.9921189717 4.281265658e-06 -0.1212426414 0
0.1310108204 0.1100661206 -0.09454526869 -0.001223894427 0.03332632828 0.5085432083 -0.0001564893643 0.008356792575 0.2548163336 -0.9999745989 -0.0006177838154 -0.007100701811 0.0003086045491 0.9915495679 -0.1297280199 0.007120841684 -0.1297269159 -0.9915241908 4.635584585e-06 -0.1257452074 0
0.1363720914 0.1145702851 -0.09841428348 -0.001325951147 0.03468304814 0.508421731 -0.0001695562946 0.008698355269 0.2548009973 -0.999970186 -0.0006965352003 -0.00769037532 0.000347915308 0.9908479337 -0.1349824106 0.007714012495 -0.1349810619 -0.9908181503 5.058496918e-06 -0.130890997 0
0.1410632035 0.1185114291 -0.1017996714 -0.001418586405 0.03586948228 0.508311468 -0.0001814189739 0.008997175794 0.2547870744 -0.9999658748 -0.0007706780172 -0.008225288555 0.0003849208585 0.990211474 -0.1395746703 0.008252342235 -0.1395730734 -0.9901773861 5.444472698e-06 -0.135393563 0
0.1464244744 0.1230155937 -0.1056686862 -0.001528264624 0.03722458211 0.5081809189 -0.0001954666431 0.009338629636 0.2547705871 -0.999960394 -0.0008616146339 -0.008858216069 0.0004303023588 0.989458414 -0.1448166488 0.008889612567 -0.1448147249 -0.9894188548 5.904035486e-06 -0.1405393527 0
0.1511155865 0.1269567377 -0.1090540742 -0.001627563822 0.03840954775 0.5080627238 -0.0002081873019 0.009637351808 0.2547556572 -0.9999550801 -0.0009467933035 -0.009430875903 0.0004728045512 0.9887770802 -0.1493976642 0.009466482647 -0.1493954122 -0.9887322168 6.322505956e-06 -0.1450419186 0
0.1564768574 0.1314609022 -0.1129230889 -0.001744852204 0.0397629111 0.5079231164 -0.0002232153214 0.009978689661 0.2547380193 -0.9999483727 -0.001050767938 -0.01010682329 0.0005246781049 0.9879728818 -0.1546263549 0.01014774375 -0.1546236748 -0.987921324 6.819707198e-06 -0.1501877083 0
0.1611679695 0.1354020462 -0.1163084769 -0.001850805081 0.04094630645 0.5077970016 -0.000236793608 0.01027730718 0.2547220828 -0.9999419124 -0.00114772594 -0.01071701792 0.0005730439201 0.9872469338 -0.1591953621 0.01076305572 -0.1591922562 -0.9871889293 7.271562713e-06 -0.1546902743 0
0.1665292405 0.1399062108 -0.1201774917 -0.001975691505 0.04229781707 0.5076483502 -0.0002528015626 0.01061852179 0.2547032948 -0.9999338089 -0.001265585082 -0.01143573521 0.0006318269642 0.9863919035 -0.1644098947 0.01148819133 -0.1644062376 -0.9863258136 7.807448615e-06 -0.1598360639 0
0.1712203525 0.1438473548 -0.1235628796 -0.002088287111 0.04347954049 0.5075143286 -0.000267237102 0.01091702827 0.2546863522 -0.9999260495 -0.001375060206 -0.01208323901 0.0006864198823 0.9856216182 -0.1689661344 0.0121418402 -0.1689619334 -0.9855477872 8.293628987e-06 -0.1643386299 0
0.1765816235 0.1483515193 -0.1274318944 -0.002220758673 0.04482908235 0.5073566488 -0.0002842245495 0.0112581123 0.2546664145 -0.9999163699 -0.001507643642 -0.01284446052 0.0007525257275 0.9847160821 -0.1741656436 0.01291072657 -0.1741607439 -0.9846325957 8.869300685e-06 -0.1694844196 0
0.1812727356 0.1522926633 -0.1308172824 -0.002339985373 0.04600903242 0.5072147342 -0.0002995169431 0.01155650129 0.2546484663 -0.9999071493 -0.001630367634 -0.01352903418 0.0008137055085 0.983901753 -0.1787083613 0.01360260078 -0.1787027767 -0.9838090703 9.39079246e-06 -0.1739869855 0
0.1866340065 0.1567968279 -0.1346862971 -0.002480028386 0.04735648972 0.5070480421 -0.0003174834146 0.01189744734 0.2546273796 -0.999895703 -0.001778508035 -0.0143324786 0.0008875430892 0.9829460561 -0.1838919878 0.01441510669 -0.1838855291 -0.9828419593 1.000740306e-05 -0.1791327752 0
0.1913251186 0.1607379719 -0.1380716851 -0.002605873863 0.0485345652 0.5068982492 -0.0003336322402 0.01219571235 0.2546084262 -0.9998848499 -0.001915206241 -0.01505386919 0.0009556655553 0.9820879934 -0.1884204339 0.01514508818 -0.1884131237 -0.9819730756 1.056523702e-05 -0.1836353412 0
0.1966863895 0.1652421364 -0.1419406999 -0.002753473858 0.04987982237 0.5067225622 -0.0003525772398 0.01253651297 0.254586191 -0.9998714362 -0.002079728765 -0.01589923973 0.001037639182 0.9810824997 -0.1935873242 0.01600107498 -0.1935789335 -0.98095421 1.12239888e-05 -0.1887811308 0
0.2013775016 0.1691832804 -0.1453260878 -0.002885925111 0.05105592226 0.5065649065 -0.0003695820518 0.01283464746 0.254566233 -0.9998587702 -0.00223111978 -0.01665718081 0.001113056002 0.9801810303 -0.1981007547 0.01676903916 -0.1980913174 -0.9800401162 1.181923761e-05 -0.1932836968 0
0.2067387726 0.173687445 -0.1491951026 -0.003041066843 0.05239886397 0.5063802425 -0.0003895050568 0.01317529518 0.25454285 -0.9998431779 -0.002412841671 -0.01754416532 0.001203565117 0.9791261226 -0.2032500616 0.01766836078 -0.203239303 -0.97896967 1.252137942e-05 -0.1984294865 0
0.2114298846 0.177628589 -0.1525804906 -0.003180110192 0.05357288748 0.5062147403 -0.000407365386 0.0134732926 0.2545218879 -0.99982851 -0.002579636991 -0.01833837709 0.001286623593 0.9781815894 -0.2077477381 0.0184741766 -0.2077357061 -0.978010522 1.315515535e-05 -0.2029320524 0
0.2167911556 0.1821327535 -0.1564495053 -0.003342777637 0.0549133987 0.5060211186 -0.0004282658467 0.01381377991 0.2544973576 -0.9998105177 -0.002779367181 -0.01926664819 0.001386062524 0.9770776692 -0.212878621 0.01941667956 -0.212864989 -0.9768886779 1.390198009e-05 -0.2080778421 0
0.2214822677 0.1860738975 -0.1598348933 -0.003488398722 0.05608524527 0.505847787 -0.0004469812003 0.01411163368 0.254475392 -0.9997936497 -0.002962270859 -0.02009683758 0.001477105379 0.9760904316 -0.217359811 0.02026020951 -0.2173446439 -0.9758846395 1.45754329e-05 -0.2125804081 0
0.2268435386 0.1905780621 -0.1637039081 -0.003658575081 0.05742321122 0.5056452274 -0.0004688585399 0.01445195306 0.2544497152 -0.9997730262 -0.003180809578 -0.02106605282 0.001585863105 0.9749379186 -0.2224714362 0.02124573296 -0.2224543489 -0.9747115889 1.536827505e-05 -0.2177261977 0
0.2315346507 0.1945192061 -0.167089296 -0.003810758865 0.05859278057 0.5054640843 -0.0004884284016 0.0147496566 0.2544267467 -0.9997537513 -0.00338051788 -0.02193191363 0.001685228274 0.973908352 -0.2269354134 0.02212683308 -0.2269164911 -0.9736628314 1.608258986e-05 -0.2222287637 0
0.2368959216 0.1990233706 -0.1709583108 -0.003988426567 0.05992808677 0.5052526079 -0.0005112820167 0.01508980051 0.2543999241 -0.9997302551 -0.003618656268 -0.02294171561 0.001803688179 0.9727076843 -0.2320269545 0.02315520885 -0.2320057461 -0.9724387745 1.692282321e-05 -0.2273745534 0
0.2415870337 0.2029645146 -0.1743436988 -0.004147157338 0.06109527886 0.5050636719 -0.0005317058466 0.01538734721 0.2543759533 -0.9997083579 -0.003835857339 -0.02384292864 0.001911708602 0.9716361799 -0.236472999 0.02407372879 -0.2364496142 -0.9713454769 1.767921854e-05 -0.2318771193 0
0.2469483047 0.2074686792 -0.1782127135 -0.00433229804 0.06242781114 0.5048433004 -0.0005555351066 0.01572730811 0.2543479856 -0.999681738 -0.004094377059 -0.02489294518 0.002040248247 0.9703878136 -0.2415436371 0.02514478138 -0.2415175507 -0.9700706225 1.85682539e-05 -0.237022909 0
0.2516394167 0.2114098232 -0.1815981015 -0.004497559412 0.0635925262 0.5046465911 -0.0005768123412 0.01602469137 0.2543230132 -0.9996569946 -0.004329750586 -0.02582917837 0.002157251665 0.9692747783 -0.2459710357 0.02610056437 -0.2459423864 -0.9689329714 1.93679797e-05 -0.241525475 0
0.2570006877 0.2159139877 -0.1854671163 -0.004690154005 0.06492217071 0.5044173473 -0.0006016165887 0.01636446171 0.2542939013 -0.9996269901 -0.00460942345 -0.02691902269 0.002296242551 0.9679791873 -0.2510199598 0.027214111 -0.2509881395 -0.9676075372 2.030726276e-05 -0.2466712646 0
0.2616917998 0.2198551317 -0.1888525042 -0.004861928921 0.06608430926 0.504212885 -0.000623746641 0.01666167492 0.2542679279 -0.999599168 -0.004863640333 -0.02788993125 0.002422551301 0.9668250435 -0.2554280065 0.02820699395 -0.2553931876 -0.9664257267 2.115159857e-05 -0.2511738306 0
0.2670530707 0.2243592963 -0.192721519 -0.005061957528 0.06741095247 0.5039747926 -0.0006495251918 0.01700124713 0.2542376724 -0.9995655088 -0.00516522792 -0.02901920212 0.002572358641 0.9654827194 -0.2604544136 0.02936284459 -0.2604158963 -0.9650499388 2.214260781e-05 -0.2563196203 0
0.2724143417 0.2288634609 -0.1965905338 -0.005265942551 0.06873594869 0.5037319908 -0.0006758230818 0.01734071059 0.2542068075 -0.9995297865 -0.005478811116 -0.03016933148 0.002728081848 0.9641156779 -0.2654684863 0.03054117716 -0.2654259639 -0.963647391 2.31618196e-05 -0.26146541 0
0.2771054537 0.2328046048 -0.1999759217 -0.005447670241 0.06989394407 0.5035156818 -0.000699259594 0.01763765021 0.2541793008 -0.9994967735 -0.005763203238 -0.03119271059 0.002869271953 0.9628993564 -0.2698455052 0.03159061544 -0.2697992122 -0.9623982638 2.407710572e-05 -0.2659679759 0
0.2824667247 0.2373087694 -0.2038449365 -0.005659057318 0.07121576559 0.5032640695 -0.0007265306858 0.01797690396 0.2541472936 -0.9994569637 -0.006099848202 -0.03238162359 0.003036358877 0.9614863692 -0.2748358463 0.03281094664 -0.2747849227 -0.9609457259 2.515036988e-05 -0.2711137656 0
0.2871578368 0.2412499134 -0.2072303245 -0.005847252349 0.0723709338 0.5030400624 -0.0007508184233 0.01827365677 0.2541187878 -0.9994202466 -0.006404741772 -0.03343874874 0.003187645384 0.9602300774 -0.2791917574 0.0338970434 -0.2791364859 -0.9596529647 2.61136282e-05 -0.2756163316 0
0.2925191077 0.245754078 -0.2110993393 -0.006066019674 0.07368946801 0.5027796654 -0.0007790619643 0.01861269325 0.2540856393 -0.9993760554 -0.006765182524 -0.03466600832 0.003366444301 0.9587716795 -0.2841575859 0.03515916495 -0.2840969885 -0.9581506845 2.724249761e-05 -0.2807621212 0
0.2972102198 0.249695222 -0.2144847272 -0.006260662635 0.07484171065 0.5025479835 -0.000804200257 0.01890925265 0.2540561353 -0.9993353731 -0.007091214812 -0.03575649101 0.003528128882 0.957475893 -0.2884917098 0.03628173485 -0.2884261239 -0.9568145101 2.825509855e-05 -0.2852646872 0
0.3025714907 0.2541993865 -0.218353742 -0.006486787644 0.07615684529 0.5022788287 -0.0008334154681 0.0192480643 0.2540218464 -0.9992864977 -0.007476173857 -0.03702164632 0.003718980994 0.9559726364 -0.293432254 0.03758543138 -0.2933605722 -0.955262744 2.94411523e-05 -0.2904104769 0
0.3072626028 0.2581405305 -0.2217391299 -0.006687858461 0.07730606434 0.5020394957 -0.0008594036224 0.01954442367 0.2539913449 -0.9992415813 -0.007823971902 -0.03814508606 0.003891359032 0.9546378453 -0.2977439194 0.03874428283 -0.2976665411 -0.9538833843 3.050448845e-05 -0.2949130428 0
0.3126238738 0.2626446951 -0.2256081447 -0.006921317836 0.07861768755 0.5017616109 -0.0008895896974 0.01988300294 0.2539559165 -0.99918771 -0.008234159878 -0.03944767262 0.004094598251 0.9530902984 -0.3026584169 0.04008933186 -0.3025740929 -0.9522823971 3.174933013e-05 -0.3000588325 0
0.3173149858 0.2665858391 -0.2289935327 -0.007128795777 0.07976378529 0.5015146516 -0.0009164269962 0.02017915567 0.2539244185 -0.9991382829 -0.008604340182 -0.04060365711 0.004277958662 0.9517170074 -0.3069469611 0.04128426711 -0.3068561604 -0.9508600876 3.286481485e-05 -0.3045613985 0
0.3226762568 0.2710900036 -0.2328625475 -0.00736956545 0.08107178561 0.5012280654 -0.0009475831021 0.020517495 0.2538878516 -0.9990790952 -0.009040455512 -0.04194319702 0.004493911397 0.9501257549 -0.3118346592 0.0426704391 -0.3117359782 -0.9492101525 3.417007101e-05 -0.3097071881 0
0.3273673689 0.2750311476 -0.2362479354 -0.007583429127 0.0822146647 0.5009735051 -0.0009752688049 0.02081343449 0.2538553578 -0.9990248733 -0.009433623741 -0.04313130232 0.004688536441 0.9487144825 -0.316099428 0.04390125422 -0.3159934137 -0.9477451358 3.533913708e-05 -0.3142097541 0
0.3327286398 0.2795353122 -0.2401169502 -0.007831484279 0.0835189311 0.5006782471 -0.001007394082 0.02115152634 0.2538176535 -0.9989600403 -0.009896352293 -0.04450730448 0.004917521394 0.9470801251 -0.3209595841 0.04532831261 -0.3208446647 -0.9460465344 3.670645572e-05 -0.3193555438 0
0.3374197519 0.2834764562 -0.2435023381 -0.00805171165 0.08465849457 0.5004161122 -0.001035927425 0.02144724598 0.2537841648 -0.9989007321 -0.01031310298 -0.04572709516 0.005123686494 0.9456314039 -0.325199932 0.04659479758 -0.3250767415 -0.9445390606 3.793055406e-05 -0.3238581097 0
0.3427810228 0.2879806207 -0.2473713529 -0.008307026718 0.08595891643 0.5001122127 -0.001069020987 0.02178508281 0.253745324 -0.9988299165 -0.01080311773 -0.04713905549 0.005366014452 0.9439545581 -0.3300318139 0.04806249884 -0.3298985979 -0.9427920827 3.936160323e-05 -0.3290038994 0
0.3474721349 0.2919217647 -0.2507567409 -0.00853359509 0.08709506767 0.4998425302 -0.001098401182 0.02208057601 0.2537108415 -0.9987652234 -0.01124403398 -0.04839008485 0.00558398802 0.9424689343 -0.3342471048 0.0493644375 -0.3341045939 -0.9412424091 4.064220174e-05 -0.3335064654 0
0.3528334059 0.2964259293 -0.2546257557 -0.008796143769 0.08839153483 0.4995300206 -0.001132462115 0.02241815028 0.2536708653 -0.9986880796 -0.01176199468 -0.0498374865 0.005839961656 0.9407502319 -0.3390499904 0.05087253116 -0.3388962328 -0.9394473529 4.213866824e-05 -0.338652255 0
0.3575245179 0.3003670733 -0.2580111436 -0.009029029802 0.08952417764 0.4992528183 -0.001162688352 0.02271341044 0.2536353898 -0.9986176957 -0.01222764789 -0.05111929677 0.006070004916 0.939228265 -0.3432395973 0.05220970135 -0.3430754302 -0.9378557439 4.347725065e-05 -0.343154821 0
0.3628857889 0.3048712378 -0.2618801584 -0.009298785048 0.09081658037 0.4989317307 -0.001197715717 0.02305071462 0.2535942794 -0.9985338704 -0.01277420077 -0.0526016103 0.006339918594 0.9374683532 -0.3480127758 0.05375793005 -0.3478360339 -0.9360129158 4.504083877e-05 -0.3483006107 0
0.367576901 0.3088123818 -0.2652655463 -0.009537964754 0.09194561896 0.4986470371 -0.001228787162 0.02334573516 0.2535578119 -0.9984574829 -0.01326515035 -0.05391373283 0.006582285415 0.935910616 -0.3521760814 0.05513010357 -0.3519877194 -0.9343796429 4.643890362e-05 -0.3528031766 0
0.3729381719 0.3133165464 -0.2691345611 -0.009814898787 0.093233848 0.4983174047 -0.001264779991 0.02368276172 0.2535155684 -0.9983666148 -0.01384092775 -0.05543041651 0.006866424994 0.9341101567 -0.3569188527 0.0567182031 -0.3567164755 -0.9324893573 4.807133402e-05 -0.3579489663 0
0.377629284 0.3172576904 -0.2725199491 -0.01006034754 0.09435918698 0.498025249 -0.001296695786 0.02397753606 0.2534781099 -0.9982839043 -0.01435772084 -0.05677237196 0.007121361721 0.9325172347 -0.3610552495 0.05812514579 -0.3608399407 -0.9308146994 4.953039368e-05 -0.3624515323 0
0.3829905549 0.3217618549 -0.2763889639 -0.01034443185 0.09564313356 0.4976871058 -0.001333653086 0.02431427748 0.2534347344 -0.9981856245 -0.01496334095 -0.05832287196 0.007420004368 0.9306769043 -0.3657669248 0.05975284513 -0.3655360423 -0.9288772789 5.123340227e-05 -0.3675973219 0
0.387681667 0.3257029989 -0.2797743518 -0.01059612438 0.09676467795 0.4973875182 -0.00136641235 0.02460879904 0.253396286 -0.9980962649 -0.01550651216 -0.05969417051 0.00768774966 0.9290493958 -0.3698758152 0.06119431687 -0.3696305834 -0.9271615217 5.275498201e-05 -0.3720998879 0
0.393042938 0.3302071635 -0.2836433666 -0.01088732971 0.0980442338 0.4970408988 -0.001404333102 0.02494524782 0.2533517797 -0.9979901971 -0.01614257868 -0.06127792115 0.008001163668 0.9271698851 -0.3745557175 0.06286133825 -0.374293229 -0.925177297 5.453031898e-05 -0.3772456776 0
0.39773405 0.3341483075 -0.2870287545 -0.01114524012 0.09916188908 0.4967339101 -0.00143793493 0.02523951003 0.2533123424 -0.997893856 -0.01671264983 -0.06267806274 0.008281948338 0.9255084006 -0.378636514 0.06433709307 -0.3783581474 -0.9234207333 5.611595613e-05 -0.3817482435 0
0.403095321 0.338652472 -0.2908977693 -0.01144353653 0.1004369464 0.4963788503 -0.001476818086 0.02557565867 0.2532667066 -0.9977796166 -0.01737975169 -0.06429448674 0.008610392941 0.9235904143 -0.3832839779 0.06604315201 -0.3829865413 -0.9213900429 5.796538497e-05 -0.3868940332 0
0.4077864331 0.342593616 -0.2942831573 -0.01170763827 0.1015506185 0.4960644921 -0.001511261551 0.02586965497 0.2532262815 -0.9976759552 -0.01797723155 -0.06572296124 0.008904439802 0.9218955764 -0.3873361036 0.06755293805 -0.3870211433 -0.9195929726 5.961662814e-05 -0.3913965992 0
0.413147704 0.3470977806 -0.2981521721 -0.01201299505 0.10282107 0.4957010284 -0.001551106038 0.02620549597 0.2531795175 -0.9975531536 -0.01867594263 -0.06737146995 0.009248165004 0.9199398328 -0.3919504758 0.0692977434 -0.3916144956 -0.9175161631 6.154192479e-05 -0.3965423889 0
0.4178388161 0.3510389246 -0.30153756 -0.01228326096 0.1039306653 0.495379333 -0.00158639019 0.0264992198 0.2531381057 -0.9974418272 -0.01930132663 -0.06882775742 0.009555688713 0.9182122759 -0.3959733643 0.07084130302 -0.3956180926 -0.9156788927 6.326033312e-05 -0.4010449548 0
0.423200087 0.3555430891 -0.3054065748 -0.01259564672 0.1051964042 0.4950075027 -0.001627194908 0.02683474567 0.2530902146 -0.997310066 -0.02003220545 -0.0705077511 0.009914935116 0.9162195066 -0.4005540036 0.07262455702 -0.4001756196 -0.9135563186 6.526328518e-05 -0.4061907445 0
0.4278911991 0.3594842331 -0.3087919627 -0.01287204901 0.1063018295 0.4946785033 -0.001663318772 0.0271281905 0.2530478173 -0.997190724 -0.02068597552 -0.07199132199 0.01023614203 0.9144598765 -0.4045470995 0.07420162681 -0.4041475284 -0.9116791617 6.705042764e-05 -0.4106933105 0
0.4332524701 0.3639883977 -0.3126609775 -0.01319143162 0.1075627498 0.4942983448 -0.001705082594 0.02746339376 0.2529988006 -0.9970495992 -0.02144956499 -0.07370219006 0.01061114066 0.9124308261 -0.4090933773 0.07602302514 -0.4086684522 -0.9095111851 6.913283358e-05 -0.4158391001 0
0.4379435821 0.3679295417 -0.3160463655 -0.01347394187 0.1086639123 0.4939620751 -0.001742045173 0.02775655304 0.2529554189 -0.9969218852 -0.02213218923 -0.07521250544 0.01094622869 0.9106397799 -0.4130561359 0.07763333596 -0.412607995 -0.9075944621 7.099028837e-05 -0.4203416661 0
0.4433048531 0.3724337062 -0.3199153803 -0.01380028851 0.1099199082 0.4935736273 -0.001784766946 0.02809142623 0.2529052779 -0.9967709865 -0.02292901635 -0.07695362673 0.01133720086 0.9085752055 -0.4175674363 0.0794925678 -0.4170915441 -0.905381453 7.315395685e-05 -0.4254874558 0
0.4479959652 0.3763748502 -0.3233007682 -0.01408887769 0.1110167159 0.4932301219 -0.001822567219 0.02838429343 0.2528609131 -0.9966345387 -0.02364094886 -0.07849013854 0.01168635933 0.9067534111 -0.4214993243 0.08113584484 -0.4209980486 -0.903425491 7.50833108e-05 -0.4299900217 0
0.4533572361 0.3808790148 -0.327169783 -0.0144221548 0.1122676823 0.4928334248 -0.001866245764 0.02871882909 0.2528096491 -0.9964734494 -0.0244715245 -0.08026088158 0.01209351644 0.9046540823 -0.4259750442 0.0830325929 -0.425443458 -0.9011678271 7.733006002e-05 -0.4351358114 0
0.4580483482 0.3848201588 -0.3305551709 -0.01471679326 0.1133600435 0.492482719 -0.001904882687 0.02901139769 0.2527643023 -0.9963279006 -0.02521320513 -0.08182303285 0.01245692596 0.9028022183 -0.4298755397 0.08470855573 -0.4293162575 -0.8991729598 7.933290803e-05 -0.4396383774 0
0.4634096191 0.3893243233 -0.3344241857 -0.01505696663 0.1146058759 0.4920778134 -0.001949516797 0.02934558836 0.2527119169 -0.9961561983 -0.02607802373 -0.08362275611 0.01288046937 0.9006689163 -0.4343150891 0.08664249632 -0.4337227684 -0.8968710264 8.166456514e-05 -0.444784167 0
0.4681007312 0.3932654673 -0.3378095737 -0.0153576241 0.1156936993 0.4917199432 -0.001988989304 0.02963785184 0.2526655894 -0.9960011763 -0.02684987785 -0.08520998122 0.01325830171 0.8987876715 -0.4381836817 0.08835085894 -0.4375612021 -0.8948375943 8.37425097e-05 -0.449286733 0
0.4734620021 0.3977696319 -0.3416785885 -0.01570465878 0.1169342938 0.4913068706 -0.002034577747 0.02997169009 0.2526120838 -0.9958184325 -0.0277494172 -0.0870380334 0.0136984226 0.8966211894 -0.442586484 0.09032166203 -0.4419280626 -0.8924917842 8.616091025e-05 -0.4544325227 0
0.4781531142 0.4017107759 -0.3450639764 -0.01601130439 0.1180174887 0.4909418728 -0.002074884746 0.03026364196 0.252564777 -0.9956535602 -0.02855185553 -0.08864975829 0.01409084051 0.8947112626 -0.446422675 0.09206213289 -0.4457314753 -0.8904201343 8.831556096e-05 -0.4589350886 0
0.4835143852 0.4062149404 -0.3489329912 -0.01636516476 0.119252742 0.4905206757 -0.002121426263 0.03059712036 0.2525101528 -0.9954593413 -0.02948657653 -0.09050547865 0.01454771974 0.8925124045 -0.4507881671 0.09406946216 -0.4500579402 -0.8880308479 9.082254838e-05 -0.4640808783 0
0.4882054973 0.4101560844 -0.3523183791 -0.01667776703 0.1203312184 0.4901485877 -0.002162566643 0.0308887541 0.2524618678 -0.9952842366 -0.03031999488 -0.09214112109 0.01495487691 0.8905745041 -0.4545914697 0.09584174425 -0.453825683 -0.8859213337 9.305552154e-05 -0.4685834443 0
0.4935667682 0.414660249 -0.3561873939 -0.01703841677 0.1215610277 0.4897193092 -0.002210059948 0.03122186523 0.2524061266 -0.9950781035 -0.0312903413 -0.09402383964 0.01542868483 0.8883440851 -0.458919102 0.09788525714 -0.4581110139 -0.8834889786 9.565294666e-05 -0.4737292339 0
0.4982578803 0.418601393 -0.3595727819 -0.01735694362 0.1226346959 0.4893401692 -0.002252032571 0.03151317438 0.2523568648 -0.9948923802 -0.03215512041 -0.09568280948 0.01585072571 0.8863789288 -0.4626890415 0.09968904801 -0.4618424438 -0.8813419602 9.796586486e-05 -0.4782317999 0
0.5036191512 0.4231055575 -0.3634417967 -0.01772434573 0.1238589592 0.4889028535 -0.002300476352 0.03184591083 0.2523000081 -0.9946738888 -0.03316151867 -0.09759184736 0.0163416221 0.8841177742 -0.4669782786 0.1017683958 -0.4660859094 -0.8788669516 0.0001006555855 -0.4833775896 0
0.5083102633 0.4270467015 -0.3668271846 -0.0180487645 0.1249277301 0.4885167004 -0.00234328006 0.03213688889 0.2522497709 -0.9944771561 -0.03405802398 -0.09927354677 0.0167786818 0.8821260888 -0.4707143924 0.1036033876 -0.4697803895 -0.8766827954 0.0001030500773 -0.4878801555 0
0.5136715342 0.4315508661 -0.3706961994 -0.01842288129 0.1261463459 0.4880713922 -0.002392672979 0.03246924327 0.2521918002 -0.9942458574 -0.03510088294 -0.1012082165 0.01728681571 0.8798350344 -0.4749647127 0.1057182154 -0.4739812658 -0.8741655556 0.0001058339579 -0.4930259452 0
0.5183626463 0.4354920101 -0.3740815873 -0.0187531587 0.1272101311 0.4876782656 -0.002436306589 0.03275988378 0.2521405889 -0.9940377204 -0.03602946447 -0.1029120402 0.01773901991 0.8778175553 -0.4786665508 0.107584095 -0.4776381657 -0.8719446342 0.0001083116573 -0.4975285112 0
0.5237239173 0.4399961746 -0.3779506021 -0.01913395181 0.1284229986 0.4872250106 -0.002486647282 0.0330918487 0.2520815058 -0.9937931611 -0.03710917521 -0.1048716459 0.01826452951 0.8754974462 -0.4828774469 0.109734042 -0.4817957356 -0.8693855929 0.0001111915684 -0.5026743008 0
0.5284150294 0.4439373186 -0.3813359901 -0.01947005401 0.1294817101 0.4868249509 -0.002531109587 0.03338214521 0.252029322 -0.9935732212 -0.03807016729 -0.1065969816 0.01873199433 0.8734549171 -0.4865445716 0.111630491 -0.4854144313 -0.8671282854 0.0001137541149 -0.5071768668 0
0.5337763003 0.4484414832 -0.3852050049 -0.01985748442 0.1306887291 0.4863637956 -0.002582396663 0.03371371329 0.2519691281 -0.9933149433 -0.03918710293 -0.1085808195 0.01927500685 0.871106608 -0.4907155507 0.1138151902 -0.4895279854 -0.8645278792 0.0001167319331 -0.5123226565 0
0.5384674124 0.4523826272 -0.3885903928 -0.02019937697 0.1317422796 0.4859568436 -0.002627686437 0.03400365935 0.2519159731 -0.9930827981 -0.04018082413 -0.1103270479 0.01975783876 0.8690397807 -0.494347537 0.115741885 -0.4931078593 -0.8622345709 0.000119380971 -0.5168252224 0
0.5438286833 0.4568867917 -0.3924594076 -0.02059340499 0.1329433507 0.4854878352 -0.002679918478 0.03433482324 0.2518546702 -0.9928103398 -0.04133533961 -0.1123344064 0.02031847031 0.8666641351 -0.4984781206 0.1179609635 -0.4971766956 -0.8595932436 0.0001224585783 -0.5219710121 0
0.5491899543 0.4613909563 -0.3963284224 -0.02099093527 0.134141209 0.4850146581 -0.002732653913 0.03466576855 0.2517927764 -0.9925301285 -0.04251003648 -0.1143540156 0.02088854231 0.8642742661 -0.5025869694 0.1201982233 -0.501221398 -0.8569302756 0.0001255901777 -0.5271168018 0
0.5538810663 0.4653321003 -0.3997138103 -0.02134163812 0.1351866777 0.4845972193 -0.002779210032 0.03495516475 0.2517381351 -0.992278479 -0.04355452442 -0.1161310616 0.02139512158 0.862171659 -0.5061642808 0.1221706546 -0.5047405609 -0.8545825281 0.0001283750404 -0.5316193678 0
0.5592423373 0.4698362648 -0.4035828251 -0.02174570386 0.1363784369 0.4841162631 -0.002832888209 0.0352856946 0.2516751349 -0.9919833717 -0.0447673097 -0.1181730861 0.02198296891 0.8597557941 -0.5102320292 0.1244417107 -0.508739484 -0.851879333 0.0001316093249 -0.5367651574 0
0.5639334494 0.4737774088 -0.4069682131 -0.02210210722 0.1374185259 0.4836920391 -0.002880268581 0.03557472406 0.2516195262 -0.9917184825 -0.0458452619 -0.1199694269 0.02250514119 0.8576308266 -0.5137731832 0.1264435449 -0.5122182905 -0.8494965879 0.0001344848654 -0.5412677234 0
0.5692947203 0.4782815734 -0.4108372279 -0.02251266706 0.1386040881 0.483203353 -0.002934888017 0.03590483112 0.2515554212 -0.9914080081 -0.04709644373 -0.1220331368 0.02311085144 0.8551898502 -0.5177993904 0.1287480098 -0.5161707519 -0.846753627 0.0001378237298 -0.5464135131 0
0.5739858324 0.4822227174 -0.4142226158 -0.02287473445 0.1396387123 0.4827723871 -0.002983091333 0.03619348743 0.2514988466 -0.9911294655 -0.04820812162 -0.1238481309 0.02364868837 0.8530432997 -0.5213040077 0.1307789053 -0.5196086084 -0.8443362908 0.0001407916082 -0.550916079 0
0.5793471033 0.4867268819 -0.4180916306 -0.02329174638 0.1408179805 0.4822760211 -0.003038650517 0.03652316438 0.2514336386 -0.9908031497 -0.04949798937 -0.12593279 0.02427233768 0.8505781037 -0.5252882477 0.1331163858 -0.5235139335 -0.8415540323 0.0001442369519 -0.5560618687 0
0.5840382154 0.4906680259 -0.4214770185 -0.02365944076 0.1418470552 0.4818383574 -0.003087675445 0.03681144115 0.2513760997 -0.9905105374 -0.05064363789 -0.1277657903 0.02482590087 0.8484107536 -0.5287559624 0.1351759959 -0.5269102533 -0.8391025176 0.0001472988323 -0.5605644347 0
0.5893994864 0.4951721905 -0.4253460333 -0.02408286214 0.1430199332 0.4813343624 -0.003144172842 0.03714068068 0.2513097906 -0.9901679029 -0.05197246201 -0.1298706557 0.02546755387 0.8459222372 -0.5326978245 0.1375460931 -0.5307677757 -0.8362814362 0.0001508525593 -0.5657102243 0
0.5940905984 0.4991133345 -0.4287314213 -0.02445614591 0.1440433745 0.4808900457 -0.003194018026 0.03742857152 0.2512512889 -0.9898608021 -0.05315230948 -0.1317210097 0.02603689479 0.8437348774 -0.5361282839 0.1396340664 -0.5341219793 -0.8337961614 0.0001540101094 -0.5702127903 0
0.5994518694 0.503617499 -0.4326004361 -0.02488593344 0.1452097665 0.480378473 -0.003251452076 0.03775736634 0.2511838804 -0.989501369 -0.05452034136 -0.1338453328 0.0266966045 0.8412239463 -0.5400273728 0.1420363757 -0.5379310406 -0.8309367386 0.0001576741279 -0.57535858 0
0.6041429815 0.507558643 -0.435985824 -0.02526476845 0.146227491 0.4799275488 -0.003302116138 0.03804486487 0.2511244177 -0.9891793587 -0.05573459935 -0.1357123828 0.02728176443 0.839017372 -0.5434202377 0.144152356 -0.5412425555 -0.8284181277 0.0001609290191 -0.5798611459 0
0.6095042524 0.5120628076 -0.4398548388 -0.02570087821 0.1473873023 0.4794084508 -0.003360485251 0.0383732077 0.2510559117 -0.9888026445 -0.05714207118 -0.1378554092 0.0279595722 0.8364849385 -0.5472761734 0.1465864675 -0.5450025059 -0.8255208514 0.0001647052411 -0.5850069356 0
0.6141953645 0.5160039516 -0.4432402267 -0.02608522575 0.1483992274 0.478950965 -0.003411966792 0.03866030757 0.2509954895 -0.9884653016 -0.05839093442 -0.1397384928 0.02856058219 0.8342599505 -0.5506311181 0.1487300936 -0.5482707669 -0.8229693344 0.0001680591482 -0.5895095016 0
0.6195566354 0.5205081161 -0.4471092415 -0.0265276132 0.1495523638 0.4784243948 -0.003471269355 0.03898819114 0.2509258879 -0.9880708219 -0.05983805905 -0.1418994628 0.02925651758 0.8317069324 -0.5544435361 0.1511955919 -0.5519809646 -0.8200346991 0.0001719494898 -0.5946552912 0
0.6242477475 0.5244492601 -0.4504946295 -0.02691743402 0.1505584075 0.4779603942 -0.00352356695 0.03927488599 0.2508645079 -0.9877177215 -0.0611217053 -0.143797913 0.02987339835 0.8294643364 -0.5577602485 0.153366498 -0.5552054141 -0.8174507113 0.000175404091 -0.5991578572 0
0.6296090185 0.5289534247 -0.4543636443 -0.02736605398 0.1517047757 0.4774264055 -0.003583801324 0.03960230306 0.2507938126 -0.9873049899 -0.06260867616 -0.1459760618 0.03058747915 0.8268916573 -0.5615288 0.1558629624 -0.558865226 -0.8144792178 0.0001794104717 -0.6043036469 0
0.6343001305 0.5328945687 -0.4577490322 -0.02776130829 0.1527048566 0.4769559374 -0.003636913528 0.03988858655 0.2507314764 -0.9869357056 -0.06392726612 -0.1478892073 0.03122024105 0.8246322635 -0.5648069816 0.158060778 -0.5620453136 -0.8118632002 0.0001829674482 -0.6088062128 0
0.6396614015 0.5373987332 -0.461618047 -0.02821611497 0.153844364 0.4764145847 -0.003698078047 0.04021552988 0.2506596895 -0.9865042339 -0.06545425709 -0.1500837654 0.03195247314 0.8220408519 -0.5685313335 0.1605877825 -0.5656541151 -0.8088553555 0.0001870917914 -0.6139520025 0
0.6443525136 0.5413398772 -0.4650034349 -0.02861676244 0.1548384014 0.4759376972 -0.00375200339 0.04050139569 0.2505963989 -0.9861183381 -0.06680793431 -0.1520109311 0.03260111612 0.819765475 -0.5717706998 0.1628121325 -0.5687892983 -0.8062077546 0.0001907528276 -0.6184545685 0
0.6497137845 0.5458440418 -0.4688724497 -0.02907770945 0.1559709562 0.4753890357 -0.003814096363 0.04082785806 0.2505235222 -0.9856676369 -0.0683750996 -0.1542211247 0.03335149347 0.8171562641 -0.5754505347 0.1653692458 -0.5723464736 -0.8031640721 0.0001949970598 -0.6236003581 0
0.6544048966 0.5497851858 -0.4722578377 -0.0294837092 0.1569588702 0.4749057774 -0.003868833355 0.04111329986 0.250459279 -0.9852647007 -0.0697639904 -0.1561616316 0.034016007 0.8148657224 -0.578650815 0.1676197506 -0.5754362172 -0.8004853397 0.0001987638427 -0.6281029241 0
0.6597661675 0.5542893503 -0.4761268525 -0.02995074954 0.1580843814 0.4743498631 -0.003931853065 0.04143927406 0.2503853145 -0.9847942794 -0.07137146449 -0.1583866829 0.03478451159 0.8122396495 -0.5822858315 0.1702065363 -0.5789411592 -0.7974063388 0.0002031298938 -0.6332487138 0
0.6644572796 0.5582304943 -0.4795122404 -0.03036206019 0.1590660927 0.4738602833 -0.003987400191 0.04172428556 0.2503201204 -0.9843738732 -0.07279567789 -0.1603398486 0.03546487466 0.809934765 -0.5854467689 0.172482812 -0.5819849361 -0.794696932 0.0002070041137 -0.6377512797 0
0.6698185506 0.5627346589 -0.4833812552 -0.03083514625 0.1601844701 0.4732971728 -0.004051344894 0.04204976439 0.2502450702 -0.9838832404 -0.07444357546 -0.162578976 0.03625147645 0.8072927712 -0.5890366813 0.1750988287 -0.5854370466 -0.7915831382 0.0002114939166 -0.6428970694 0
0.6745096626 0.5666758029 -0.4867666431 -0.0312517259 0.1611599001 0.4728013213 -0.004107700619 0.04233433931 0.250178927 -0.9834449339 -0.07590320309 -0.1645441152 0.03694765751 0.8049743688 -0.5921580331 0.1774004867 -0.5884343373 -0.7888435194 0.000215477266 -0.6473996354 0
0.6798709336 0.5711799674 -0.4906356579 -0.03173080948 0.1622710543 0.472231072 -0.004172568546 0.0426593156 0.2501027933 -0.9829335975 -0.07759161891 -0.1667965336 0.03775231441 0.8023173988 -0.595702572 0.1800452879 -0.5918330273 -0.7856954639 0.0002200927568 -0.652545425 0
0.6845620457 0.5751211114 -0.4940210459 -0.03215261568 0.1632401251 0.4717289995 -0.004229731311 0.04294344765 0.2500357028 -0.98247696 -0.07908673498 -0.1687729581 0.03846427135 0.7999863063 -0.5987841093 0.1823719355 -0.5947833203 -0.7829261007 0.0002241869311 -0.657047991 0
0.6899233166 0.579625276 -0.4978900607 -0.03263764802 0.1643439675 0.4711516694 -0.004295520669 0.04326791424 0.2499584875 -0.9819444278 -0.08081574388 -0.1710378796 0.03928692919 0.7973153074 -0.6022830213 0.1850450699 -0.5981280098 -0.7797443209 0.0002289300487 -0.6621937807 0
0.6946144287 0.58356642 -0.5012754486 -0.03306463784 0.1653066021 0.4706434268 -0.004353488891 0.04355159717 0.2498904516 -0.9814690286 -0.08234640511 -0.1730248986 0.0400146093 0.794972355 -0.6053245294 0.18739631 -0.6010308015 -0.7769456857 0.0002331367456 -0.6666963466 0
0.6999756996 0.5880705845 -0.5051444634 -0.03355556955 0.166403045 0.4700590747 -0.004420197859 0.0438755469 0.2498121569 -0.9809148082 -0.0841160619 -0.1753015324 0.04085520179 0.7922882771 -0.6087775772 0.1900973215 -0.6043209198 -0.7737307246 0.0002380094318 -0.6718421363 0
0.7046668117 0.5920117285 -0.5085298513 -0.03398769954 0.1673591669 0.4695447139 -0.004478969936 0.04415877446 0.2497431775 -0.9804202164 -0.0856823075 -0.177298453 0.04159854177 0.7899342968 -0.6117788555 0.1924727528 -0.607175715 -0.7709032952 0.0002423303515 -0.6763447023 0
