0.006284351692 0.004020979586 -0.003693062115 -2.147880261e-06 0.001602502248 0.5099966431 -2.702659452e-07 0.0003990505824 0.2549995837 -0.9999999999 -5.17241993e-08 -1.250856351e-05 2.649126468e-08 0.9999804506 -0.006252872504 1.25086424e-05 -0.006252872503 -0.9999804505 2.73768481e-08 -0.004911772613 0
0.01232361077 0.007885139114 -0.007242093104 -8.259649351e-06 0.003142464692 0.5099870911 -1.044683333e-06 0.0007839004602 0.2549983907 -0.9999999988 -3.926102872e-07 -4.810039779e-05 1.972051242e-07 0.9999248243 -0.01226155964 4.810159583e-05 -0.01226155964 -0.9999248231 5.87908515e-08 -0.009631983828 0
0.01836286984 0.01174929864 -0.01079112409 -1.833838578e-05 0.004682346369 0.5099713391 -2.327890734e-06 0.001169490642 0.2549964138 -0.9999999943 -1.300042493e-06 -0.0001067901474 6.51190204e-07 0.9998330965 -0.0182696228 0.0001067960751 -0.01826962276 -0.9998330908 5.740832463e-08 -0.01435219504 0
0.02440212892 0.01561345817 -0.01434015508 -3.23837787e-05 0.006222107701 0.5099493877 -4.119838897e-06 0.001555260012 0.254993653 -0.9999999822 -3.051566218e-06 -0.0001885705872 1.52721536e-06 0.9997052761 -0.02427675625 0.0001885890931 -0.02427675611 -0.9997052583 2.403356698e-08 -0.01907240626 0
0.030441388 0.0194776177 -0.01788918607 -5.039539492e-05 0.007761709115 0.5099212375 -6.419785806e-06 0.00194101949 0.2549901094 -0.9999999569 -5.924615993e-06 -0.0002934316492 2.963990534e-06 0.9995413752 -0.03028265441 0.0002934764873 -0.03028265397 -0.9995413322 3.805282688e-08 -0.02379261747 0
0.03648064707 0.02334177722 -0.02143821706 -7.237267892e-05 0.009301111044 0.5098868894 -9.227230483e-06 0.002326724651 0.2549857839 -0.9999999112 -1.019647903e-05 -0.0004213604239 5.10014739e-06 0.9993414095 -0.03628701177 0.0004214529197 -0.03628701069 -0.9993413207 1.200139547e-07 -0.02851282869 0
0.04251990615 0.02720593675 -0.02498724805 -9.831495289e-05 0.01084027393 0.5098463445 -1.254188533e-05 0.002712370949 0.254980677 -0.9999998361 -1.61442588e-05 -0.0005723411621 8.074219957e-06 0.9991053979 -0.04228952302 0.0005725118775 -0.04228952071 -0.999105234 2.222116506e-07 -0.0332330399 0
0.04855916522 0.03107009628 -0.02853627904 -0.0001282214167 0.01237915821 0.5097996039 -1.636357932e-05 0.003097962645 0.2549747888 -0.9999997212 -2.404483864e-05 -0.0007463552762 1.202462529e-05 0.998833363 -0.04828988302 0.0007466456729 -0.04828987853 -0.9988330842 3.43141194e-07 -0.03795325112 0
0.0545984243 0.0349342558 -0.03208531002 -0.0001620911481 0.01391772436 0.5097466692 -2.069220035e-05 0.003483504611 0.2549681195 -0.9999995544 -3.417484535e-05 -0.000943381343 1.708964414e-05 0.9985253306 -0.05428778687 0.0009438454441 -0.0542877788 -0.9985248851 4.821290068e-07 -0.04267346233 0
0.06063768338 0.03879841533 -0.03563434101 -0.0001999231025 0.01545593283 0.509687542 -2.552766576e-05 0.003869000496 0.2549606694 -0.9999993222 -4.681061289e-05 -0.001163395106 2.340740163e-05 0.9981813301 -0.06028292989 0.001164101155 -0.06028291626 -0.9981806524 6.388309313e-07 -0.04739367355 0
0.06667694245 0.04266257486 -0.039183372 -0.0002417161131 0.01699374411 0.5096222241 -3.086990727e-05 0.004254452571 0.2549524384 -0.9999990091 -6.222814603e-05 -0.001406369478 3.1115848e-05 0.9978013943 -0.06627500773 0.001407401597 -0.06627498582 -0.9978004036 8.130799445e-07 -0.05211388476 0
0.07271620153 0.04652673439 -0.04273240299 -0.0002874688912 0.01853111868 0.5095507175 -3.671886318e-05 0.004639861959 0.2549434267 -0.9999985985 -8.070308408e-05 -0.001672274545 4.035273928e-05 0.9973855592 -0.07226371633 0.001673734387 -0.07226368253 -0.9973841581 1.004813206e-06 -0.05683409598 0
0.07875546061 0.05039089391 -0.04628143398 -0.0003371800257 0.02006801707 0.5094730245 -4.307447402e-05 0.005025228908 0.2549336344 -0.9999980718 -0.0001025106647 -0.00196107757 5.125561809e-05 0.9969338645 -0.07824875197 0.001963085972 -0.07824870161 -0.996931937 1.214033445e-06 -0.06155430719 0
0.08479471968 0.05425505344 -0.04983046497 -0.0003908479836 0.0216043998 0.5093891473 -4.993668021e-05 0.005410553011 0.2549230616 -0.9999974091 -0.0001279256878 -0.002272742996 6.396179439e-05 0.9964463532 -0.08422981134 0.002275441626 -0.08422973848 -0.9964437634 1.44078733e-06 -0.06627451841 0
0.09083397876 0.05811921297 -0.05337949596 -0.0004484711101 0.0231402274 0.5092990887 -5.730542058e-05 0.005795833372 0.2549117084 -0.9999965888 -0.0001572224791 -0.002607232449 7.860832631e-05 0.9959230717 -0.0902065915 0.002610785453 -0.09020648874 -0.995919662 1.685152836e-06 -0.07099472962 0
0.09687323783 0.0619833725 -0.05692852695 -0.0005100476282 0.02467546044 0.5092028513 -6.518063151e-05 0.006181068737 0.2548995748 -0.9999955877 -0.0001906748545 -0.002964504747 9.533200098e-05 0.9953640697 -0.09617879 0.002969100386 -0.09617864824 -0.9953596597 1.947231555e-06 -0.07571494084 0
0.1029124969 0.06584753202 -0.06047755793 -0.0005755756392 0.0262100595 0.5091004382 -7.356224646e-05 0.006566257576 0.254886661 -0.999994381 -0.0002285560837 -0.0033445159 0.0001142693154 0.9947694005 -0.1021461048 0.00335036819 -0.102145913 -0.9947637848 2.227143868e-06 -0.08043515205 0
0.108951756 0.06971169155 -0.06402658892 -0.0006450531226 0.02774398519 0.5089918525 -8.245019553e-05 0.006951398153 0.2548729671 -0.9999929424 -0.0002711388546 -0.003747219118 0.0001355564573 0.9941391207 -0.1081082345 0.003754569462 -0.1081079794 -0.9941320677 2.525025812e-06 -0.08515536327 0
0.1149910151 0.07357585108 -0.06757561991 -0.0007184779361 0.02927719812 0.5088770975 -9.18444053e-05 0.007336488574 0.2548584931 -0.999991244 -0.0003186952371 -0.004172564818 0.0001593292862 0.9934732901 -0.114064878 0.004181683632 -0.114064544 -0.9934645405 2.841026972e-06 -0.08987557448 0
0.1210302741 0.0774400106 -0.0711246509 -0.0007958478161 0.03080965897 0.5087561768 -0.0001017447987 0.007721526822 0.2548432393 -0.9999892564 -0.0003714966475 -0.004620500625 0.0001857233143 0.9927719722 -0.120015735 0.004631688962 -0.1200153037 -0.9927612373 3.17530904e-06 -0.0945957857 0
0.1270695332 0.08130417013 -0.07467368189 -0.000877160377 0.03234132839 0.5086290942 -0.0001121512947 0.008106510783 0.2548272058 -0.9999869486 -0.0004298138129 -0.005090971383 0.0002148736875 0.9920352337 -0.1259605056 0.005104562551 -0.1259599556 -0.9920221938 3.52804477e-06 -0.09931599691 0
0.1331087923 0.08516832966 -0.07822271288 -0.0009624131119 0.0338721671 0.5084958535 -0.0001230638085 0.008491438267 0.2548103926 -0.9999842878 -0.0004939167353 -0.005583919159 0.0002469151665 0.9912631445 -0.1318988907 0.005600280334 -0.1318981971 -0.9912474476 3.899417228e-06 -0.1040362081 0
0.1391480514 0.08903248919 -0.08177174387 -0.001051603393 0.03540213583 0.5083564588 -0.0001344822515 0.008876307024 0.2547927999 -0.9999812401 -0.0005640746561 -0.006099283252 0.0002819821082 0.9904557781 -0.1378305919 0.006118817083 -0.1378297261 -0.9904370382 4.28961921e-06 -0.1087564193 0
0.1451873104 0.09289664871 -0.08532077486 -0.00114472847 0.03693119534 0.5082109145 -0.0001464065309 0.009261114756 0.2547744279 -0.9999777697 -0.0006405560209 -0.006637000197 0.0003202084461 0.9896132113 -0.1437553112 0.006660146408 -0.1437542407 -0.9895910068 4.698852796e-06 -0.1134766306 0
0.1512265695 0.09676080824 -0.08886980584 -0.001241785473 0.03845930642 0.508059225 -0.0001588365501 0.009645859123 0.2547552767 -0.9999738394 -0.000723628444 -0.007197003777 0.0003617276724 0.9887355241 -0.1496727516 0.007224240761 -0.1496714394 -0.9887093964 5.127328984e-06 -0.1181968418 0
0.1572658286 0.1006249678 -0.09241883683 -0.00134277141 0.0399864299 0.507901395 -0.0001717722084 0.01003053775 0.2547353464 -0.9999694104 -0.0008135586729 -0.007779225027 0.0004066728189 0.9878227999 -0.1555826166 0.007811071434 -0.155581021 -0.987792252 5.575267376e-06 -0.122917053 0
0.1633050877 0.1044891273 -0.09596786782 -0.001447683169 0.04151252665 0.5077374294 -0.000185213401 0.01041514826 0.2547146373 -0.9999644425 -0.0009106125537 -0.008383592245 0.000455176438 0.9868751255 -0.1614846109 0.008420608562 -0.1614826849 -0.9868396201 6.042895929e-06 -0.1276372642 0
0.1693443467 0.1083532868 -0.09951689881 -0.001556517515 0.04303755755 0.5075673332 -0.0001991600192 0.0107996882 0.2546931495 -0.9999588937 -0.001015054996 -0.009010030998 0.0005073705849 0.9858925908 -0.1673784395 0.009052821124 -0.1673761306 -0.9858515493 6.53045071e-06 -0.1323574754 0
0.1753836058 0.1122174464 -0.1030659298 -0.001669271095 0.04456148353 0.5073911117 -0.0002136119501 0.01118415517 0.2546708831 -0.9999527207 -0.001127149936 -0.009658464133 0.0005633867982 0.9848752892 -0.1732638086 0.009707676947 -0.1732610582 -0.9848280899 7.038175695e-06 -0.1370776866 0
0.1814228649 0.1160816059 -0.1066149608 -0.001785940434 0.04608426557 0.5072087703 -0.000228569077 0.01156854669 0.2546478384 -0.9999458787 -0.001247160306 -0.01032881179 0.000623356082 0.9838233172 -0.1791404251 0.0103851427 -0.1791371683 -0.983769294 7.56632257e-06 -0.1417978978 0
0.187462124 0.1199457654 -0.1101639918 -0.001906521936 0.04760586468 0.5070203146 -0.000244031279 0.01195286031 0.2546240156 -0.9999383212 -0.001375347996 -0.01102099139 0.0006874088871 0.9827367748 -0.1850079969 0.01108518391 -0.1850041618 -0.9826752153 8.115150548e-06 -0.1465181091 0
0.1935013831 0.1238099249 -0.1137130228 -0.002031011886 0.04912624191 0.5068257504 -0.0002599984309 0.01233709355 0.2545994148 -0.9999300004 -0.001511973819 -0.01173491769 0.000755675093 0.981615765 -0.1908662329 0.01180776496 -0.1908617401 -0.9815459097 8.684926198e-06 -0.1512383203 0
0.1995406421 0.1276740845 -0.1172620538 -0.002159406448 0.05064535834 0.5066250837 -0.0002764704038 0.01272124393 0.2545740362 -0.9999208668 -0.00165729748 -0.01247050275 0.0008282839895 0.9804603942 -0.1967148426 0.01255284905 -0.1967096051 -0.9803814346 9.275923278e-06 -0.1559585315 0
0.2055799012 0.131538244 -0.1208110847 -0.002291701667 0.0521631751 0.5064183207 -0.0002934470647 0.01310530895 0.2545478801 -0.9999108697 -0.001811577539 -0.01322765595 0.0009053642581 0.979270772 -0.202553537 0.01332039829 -0.2025474592 -0.9791818492 9.888422571e-06 -0.1606787427 0
0.2116191603 0.1354024035 -0.1243601157 -0.002427893465 0.05367965339 0.5062054678 -0.0003109282762 0.01348928612 0.2545209466 -0.9998999565 -0.001975071376 -0.01400628402 0.0009870439546 0.9780470113 -0.2083820277 0.0141103736 -0.2083750053 -0.9779472146 1.052271173e-05 -0.1653989539 0
0.216903512 0.1387835431 -0.1274655178 -0.002550254407 0.05500544344 0.506014231 -0.0003266381147 0.01382519211 0.2544967423 -0.9998896139 -0.002125888075 -0.01470512434 0.001062386836 0.9769483075 -0.2134733611 0.01481996681 -0.2134654191 -0.9768382074 1.109582049e-05 -0.1695291387 0
0.222942771 0.1426477026 -0.1310145488 -0.002693740892 0.0565193076 0.5057899774 -0.000345064975 0.01420899781 0.2544683519 -0.999876837 -0.002307347222 -0.01552375719 0.001153033353 0.9756608521 -0.2192819468 0.01565188176 -0.2192728388 -0.9755380263 1.177176421e-05 -0.1742493499 0
0.2289820301 0.1465118622 -0.1345635798 -0.002841111572 0.05803172193 0.5055596531 -0.0003639959689 0.01459270844 0.2544391848 -0.9998629853 -0.002498753246 -0.01636358204 0.001248643808 0.9743396003 -0.2250795062 0.01650610413 -0.2250690993 -0.9742029815 1.247036168e-05 -0.1789695612 0
0.2350212892 0.1503760217 -0.1381126108 -0.002992361909 0.05954264778 0.5053232653 -0.0003834309436 0.0149763215 0.2544092413 -0.9998480009 -0.002700358642 -0.01722449542 0.001349343659 0.9729846773 -0.2308657552 0.01738259045 -0.2308539056 -0.9728331408 1.319192572e-05 -0.1836897724 0
0.2410605483 0.1542401812 -0.1416616418 -0.003147487244 0.06105204659 0.5050808214 -0.0004033697421 0.01535983447 0.2543785215 -0.9998318241 -0.00291241456 -0.01810639125 0.001455257654 0.9715962114 -0.2366404111 0.01828129612 -0.2366269633 -0.971428574 1.39367753e-05 -0.1884099836 0
0.2470998074 0.1581043407 -0.1452106728 -0.003306482801 0.06255987981 0.5048323287 -0.0004238122033 0.01574324483 0.2543470258 -0.999814394 -0.003135170775 -0.01900916086 0.001566509808 0.9701743341 -0.2424031921 0.01920217539 -0.2423879787 -0.9699893526 1.47052354e-05 -0.1931301948 0
0.2531390664 0.1619685003 -0.1487597038 -0.003469343683 0.06406610896 0.5045777949 -0.000444758162 0.01612655005 0.2543147544 -0.9997956483 -0.003368875654 -0.01993269303 0.001683223387 0.9687191798 -0.248153818 0.0201451814 -0.2481366585 -0.9685155499 1.549763683e-05 -0.197850406 0
0.2591783255 0.1658326598 -0.1523087348 -0.003636064876 0.06557069562 0.5043172279 -0.000466207449 0.01650974762 0.2542817076 -0.9997755232 -0.00361377612 -0.02087687394 0.001805520893 0.9672308864 -0.2538920095 0.02111026616 -0.2538727102 -0.9670072407 1.631431614e-05 -0.2025706172 0
0.2652175846 0.1696968193 -0.1558577658 -0.003806641248 0.06707360142 0.5040506357 -0.0004881598911 0.016892835 0.2542478855 -0.9997539534 -0.003870117622 -0.02184158723 0.001933524043 0.9657095946 -0.2596174887 0.02209738057 -0.2595958419 -0.965464502 1.715561542e-05 -0.2072908285 0
0.2712568437 0.1735609788 -0.1594067967 -0.003981067545 0.06857478805 0.5037780265 -0.0005106153109 0.01727580968 0.2542132886 -0.9997308722 -0.004138144101 -0.02282671401 0.002067353753 0.9641554482 -0.2653299791 0.02310647437 -0.2653057623 -0.9638874122 1.802188223e-05 -0.2120110397 0
0.2772961027 0.1774251384 -0.1629558277 -0.0041593384 0.07007421726 0.5034994086 -0.0005335735271 0.01765866913 0.2541779171 -0.9997062118 -0.004418097959 -0.02383213287 0.002207130123 0.9625685941 -0.2710292054 0.02413749621 -0.2710021808 -0.9622760515 1.891346942e-05 -0.2167312509 0
0.2833353618 0.1812892979 -0.1665048587 -0.004341448325 0.07157185085 0.5032147907 -0.0005570343541 0.01804141081 0.2541417712 -0.9996799026 -0.004710220024 -0.02485771989 0.002352972417 0.9609491824 -0.2767148937 0.02519039363 -0.2766848075 -0.960630502 1.9830735e-05 -0.2214514621 0
0.2893746209 0.1851534574 -0.1700538897 -0.004527391716 0.0730676507 0.5029241815 -0.0005809976024 0.01842403221 0.2541048514 -0.9996518738 -0.005014749522 -0.02590334864 0.002504999047 0.9592973659 -0.2823867717 0.02626511305 -0.2823533533 -0.9589508474 2.077404205e-05 -0.2261716733 0
0.29541388 0.189017617 -0.1736029207 -0.004717162849 0.07456157874 0.5026275899 -0.0006054630785 0.0188065308 0.2540671578 -0.9996220534 -0.005331924044 -0.02696889024 0.002663327555 0.9576133006 -0.2880445681 0.02736159976 -0.2880075296 -0.9572371732 2.174375853e-05 -0.2308918845 0
0.301453139 0.1928817765 -0.1771519517 -0.004910755886 0.07605359696 0.5023250252 -0.0006304305847 0.01918890404 0.2540286908 -0.9995903677 -0.005661979509 -0.02805421334 0.002828074602 0.9558971455 -0.2936880134 0.02847979796 -0.2936470487 -0.9554895666 2.27402572e-05 -0.2356120957 0
0.3074923981 0.196745936 -0.1807009827 -0.00510816487 0.07754366743 0.5020164965 -0.0006558999193 0.01957114942 0.2539894506 -0.9995567418 -0.006005150143 -0.02915918412 0.00299935594 0.9541490625 -0.2993168394 0.02961965076 -0.2992716235 -0.9537081166 2.376391547e-05 -0.240332307 0
0.3135316572 0.2006100955 -0.1842500137 -0.005309383728 0.07903175227 0.5017020134 -0.0006818708765 0.0199532644 0.2539494377 -0.9995210997 -0.006361668438 -0.03028366637 0.003177286409 0.9523692165 -0.3049307795 0.03078110013 -0.3048809679 -0.9518929138 2.481511529e-05 -0.2450525182 0
0.3195709163 0.2044742551 -0.1877990447 -0.005514406269 0.08051781368 0.5013815856 -0.0007083432464 0.02033524646 0.2539086524 -0.9994833637 -0.006731765125 -0.03142752143 0.00336197991 0.9505577753 -0.3105295685 0.03196408697 -0.3104747964 -0.9500440505 2.589424302e-05 -0.2497727294 0
0.3256101753 0.2083384146 -0.1913480756 -0.005723226188 0.08200181392 0.5010552229 -0.0007353168154 0.02071709308 0.2538670949 -0.9994434549 -0.007115669146 -0.03259060826 0.003553549392 0.9487149095 -0.316112943 0.03316855108 -0.3160528242 -0.948161621 2.700168934e-05 -0.2544929406 0
0.3316494344 0.2122025741 -0.1948971066 -0.005935837062 0.08348371534 0.5007229353 -0.0007627913653 0.02109880171 0.2538247656 -0.9994012932 -0.007513607618 -0.03377278344 0.003752106839 0.9468407928 -0.3216806409 0.03439443116 -0.3216147676 -0.9462457209 2.813784907e-05 -0.2592131518 0
0.3376886935 0.2160667336 -0.1984461376 -0.006152232353 0.08496348034 0.5003847331 -0.0007907666742 0.02148036985 0.2537816649 -0.9993567971 -0.007925805807 -0.03497390118 0.00395776325 0.9449356017 -0.3272324018 0.03564166482 -0.3271603434 -0.9442964478 2.930312115e-05 -0.263933363 0
0.3437279526 0.2199308932 -0.2019951686 -0.006372405406 0.0864410714 0.5000406267 -0.000819242516 0.02186179496 0.253737793 -0.9993098838 -0.008352487095 -0.03619381335 0.004170628625 0.9429995153 -0.3327679671 0.03691018859 -0.3326892695 -0.942313901 3.049790844e-05 -0.2686535742 0
0.3497672116 0.2237950527 -0.2055441996 -0.006596349452 0.08791645108 0.4996906266 -0.0008482186608 0.02224307453 0.2536931505 -0.9992604693 -0.008793872952 -0.03743236948 0.004390811945 0.941032716 -0.3382870796 0.03819993791 -0.3382012644 -0.9402981812 3.172261765e-05 -0.2733737855 0
0.3558064707 0.2276592122 -0.2090932306 -0.006824057607 0.089389582 0.4993347437 -0.0008776948743 0.02262420602 0.2536477376 -0.9992084683 -0.009250182904 -0.03868941681 0.004618421166 0.9390353885 -0.3437894839 0.03951084715 -0.3436960477 -0.938249391 3.297765925e-05 -0.2780939967 0
0.3618457298 0.2315233718 -0.2126422616 -0.007055522872 0.09086042687 0.4989729888 -0.0009076709184 0.02300518692 0.2536015547 -0.9991537942 -0.009721634509 -0.03996480027 0.004853563191 0.9370077207 -0.3492749264 0.04084284958 -0.3491733396 -0.9361676348 3.426344734e-05 -0.2828142079 0
0.3678849889 0.2353875313 -0.2161912926 -0.007290738132 0.09232894848 0.498605373 -0.0009381465509 0.0233860147 0.2535546022 -0.9990963593 -0.01020844332 -0.04125836252 0.005096343864 0.934949903 -0.3547431551 0.04219587743 -0.3546328615 -0.9340530185 3.558039956e-05 -0.2875344191 0
0.373924248 0.2392516908 -0.2197403236 -0.007529696159 0.0937951097 0.4982319077 -0.0009691215254 0.02376668685 0.2535068804 -0.9990360745 -0.01071082286 -0.04256994398 0.005346867952 0.9328621287 -0.3601939198 0.04356986183 -0.3600743355 -0.9319056497 3.692893698e-05 -0.2922546303 0
0.379963507 0.2431158503 -0.2232893545 -0.007772389609 0.09525887347 0.4978526044 -0.001000595592 0.02414720084 0.2534583898 -0.9989728495 -0.0112289846 -0.04389938281 0.005605239127 0.9307445936 -0.3656269721 0.04496473286 -0.3654974848 -0.9297256377 3.830948402e-05 -0.2969748415 0
0.3860027661 0.2469800099 -0.2268383855 -0.008018811028 0.09672020282 0.4974674746 -0.001032568495 0.02452755416 0.2534091307 -0.998906593 -0.01176313792 -0.04524651498 0.005871559954 0.9285974964 -0.3710420655 0.04638041953 -0.3709020331 -0.9275130934 3.972246835e-05 -0.3016950528 0
0.3920420252 0.2508441694 -0.2303874165 -0.008268952844 0.09817906086 0.4970765303 -0.001065039978 0.02490774428 0.2533591036 -0.9988372122 -0.01231349009 -0.04661117424 0.006145931877 0.9264210385 -0.3764389552 0.04781684979 -0.3762877057 -0.9252681295 4.116832079e-05 -0.306415264 0
0.3980812843 0.2547083289 -0.2339364475 -0.008522807374 0.09963541078 0.4966797834 -0.001098009778 0.0252877687 0.2533083089 -0.9987646133 -0.01288024621 -0.04799319219 0.006428455199 0.9242154236 -0.3818173983 0.04927395055 -0.3816542283 -0.9229908601 4.264747523e-05 -0.3111354752 0
0.4041205433 0.2585724884 -0.2374854785 -0.008780366823 0.1010892159 0.4962772462 -0.001131477627 0.0256676249 0.2532567469 -0.9986887014 -0.01346360925 -0.04939239824 0.006719229073 0.9219808585 -0.3871771538 0.05075164764 -0.3870013278 -0.9206814012 4.416036854e-05 -0.3158556864 0
0.4101598024 0.262436648 -0.2410345095 -0.00904162328 0.1025404395 0.4958689309 -0.001165443256 0.02604731036 0.2532044181 -0.9986093802 -0.01406377996 -0.05080861969 0.007018351485 0.9197175523 -0.3925179827 0.05224986587 -0.3923287322 -0.9183398703 4.570744049e-05 -0.3205758976 0
0.4161990615 0.2663008075 -0.2445835405 -0.009306568724 0.1039890451 0.4954548501 -0.001199906391 0.02642682258 0.2531513229 -0.9985265526 -0.01468095686 -0.05224168172 0.007325919241 0.9174257167 -0.3978396477 0.05376852899 -0.3976361702 -0.9159663866 4.728913367e-05 -0.3252961088 0
0.4222383206 0.270164967 -0.2481325715 -0.009575195022 0.1054349962 0.4950350165 -0.001234866752 0.02680615903 0.2530974618 -0.99844012 -0.01531533623 -0.05369140741 0.00764202795 0.915105566 -0.4031419136 0.05530755972 -0.4029233719 -0.9135610709 4.89058934e-05 -0.33001632 0
0.4282775796 0.2740291266 -0.2516816025 -0.009847493927 0.1068782566 0.4946094431 -0.001270324057 0.02718531722 0.2530428352 -0.998349983 -0.01596711206 -0.05515761776 0.007966772012 0.912757317 -0.4084245473 0.05686687971 -0.4081900681 -0.9111240455 5.055816764e-05 -0.3347365313 0
0.4343168387 0.2778932861 -0.2552306334 -0.01012345708 0.1083187898 0.4941781428 -0.001306278019 0.02756429463 0.2529874435 -0.9982560409 -0.01663647606 -0.05664013175 0.008300244604 0.910381189 -0.4136873176 0.05844640964 -0.4134359907 -0.9086554346 5.224640698e-05 -0.3394567425 0
0.4403560978 0.2817574456 -0.2587796644 -0.01040307602 0.1097565597 0.493741129 -0.001342728348 0.02794308876 0.2529312872 -0.9981581919 -0.01732361757 -0.05813876629 0.008642537667 0.9079774038 -0.4189299951 0.06004606909 -0.4186608729 -0.9061553637 5.397106447e-05 -0.3441769537 0
0.4463953569 0.2856216051 -0.2623286954 -0.01068634216 0.1111915303 0.493298415 -0.001379674749 0.02832169709 0.2528743667 -0.9980563334 -0.0180287236 -0.0596533363 0.008993741889 0.9055461856 -0.4241523528 0.06166577668 -0.4238644487 -0.90362396 5.573259564e-05 -0.3488971649 0
0.4524346159 0.2894857647 -0.2658777264 -0.01097324682 0.1126236655 0.4928500144 -0.001417116924 0.02870011714 0.2528166826 -0.9979503613 -0.01875197878 -0.06118365472 0.009353946697 0.9030877611 -0.4293541656 0.06330544996 -0.4290464533 -0.9010613525 5.753145837e-05 -0.3536173761 0
0.458473875 0.2933499242 -0.2694267574 -0.01126378119 0.1140529295 0.4923959409 -0.00145505457 0.02907834638 0.2527582352 -0.9978401709 -0.01949356532 -0.06272953252 0.009723240239 0.9006023592 -0.4345352104 0.06496500549 -0.434206623 -0.8984676714 5.936811287e-05 -0.3583375873 0
0.4645131341 0.2972140837 -0.2729757884 -0.01155793635 0.1154792864 0.4919362085 -0.001493487379 0.02945638234 0.2526990251 -0.9977256561 -0.02025366299 -0.06429077873 0.01010170937 0.8980902115 -0.4396952666 0.06664435882 -0.4393446951 -0.8958430489 6.124302156e-05 -0.3630577985 0
0.4705523932 0.3010782432 -0.2765248194 -0.01185570331 0.1169027007 0.4914708313 -0.001532415042 0.02983422249 0.2526390528 -0.9976067101 -0.02103244914 -0.06586720046 0.01048943965 0.8955515516 -0.4448341152 0.06834342447 -0.4444604082 -0.8931876185 6.315664908e-05 -0.3677780098 0
0.4765916522 0.3049424028 -0.2800738504 -0.01215707291 0.1183231365 0.4909998235 -0.001571837243 0.03021186436 0.2525783186 -0.9974832248 -0.02183009859 -0.06745860292 0.01088651531 0.8929866156 -0.4499515397 0.07006211599 -0.4495535019 -0.8905015153 6.510946217e-05 -0.372498221 0
0.4826309113 0.3088065623 -0.2836228813 -0.01246203593 0.1197405586 0.4905231997 -0.001611753665 0.03058930543 0.2525168233 -0.9973550913 -0.02264678369 -0.06906478947 0.01129301926 0.8903956418 -0.4550473258 0.0718003459 -0.4546237171 -0.8877848761 6.710192963e-05 -0.3772184322 0
0.4886701704 0.3126707218 -0.2871719123 -0.01277058302 0.1211549315 0.4900409743 -0.001652163983 0.03096654322 0.2524545671 -0.9972221996 -0.02348267425 -0.07068556159 0.01170903307 0.8877788709 -0.4601212611 0.07355802574 -0.4596707957 -0.885037839 6.913452229e-05 -0.3819386434 0
0.4947094295 0.3165348814 -0.2907209433 -0.01308270472 0.1225662198 0.4895531622 -0.001693067872 0.03134357524 0.2523915507 -0.997084439 -0.02433793753 -0.07232071895 0.01213463695 0.8851365456 -0.4651731358 0.07533506607 -0.4646944808 -0.8822605439 7.120771292e-05 -0.3866588546 0
0.5007486886 0.3203990409 -0.2942699743 -0.01339839148 0.1239743885 0.4890597783 -0.001734465 0.03172039899 0.2523277745 -0.9969416975 -0.0252127382 -0.07397005944 0.01256990975 0.8824689109 -0.4702027421 0.07713137643 -0.4696945168 -0.8794531321 7.332197619e-05 -0.3913790658 0
0.5067879476 0.3242632004 -0.2978190053 -0.01371763361 0.1253794024 0.4885608377 -0.001776355033 0.03209701198 0.2522632391 -0.9967938624 -0.02610723836 -0.07563337915 0.01301492894 0.8797762141 -0.4752098745 0.07894686543 -0.4746706493 -0.8766157466 7.547778864e-05 -0.3960992771 0
0.5128272067 0.3281273599 -0.3013680363 -0.01404042134 0.1267812266 0.4880563557 -0.001818737633 0.03247341173 0.252197945 -0.99664082 -0.02702159747 -0.07731047241 0.0134697706 0.8770587044 -0.4801943298 0.08078144066 -0.4796226249 -0.8737485316 7.767562861e-05 -0.4008194883 0
0.5188664658 0.3319915195 -0.3049170673 -0.01436674479 0.1281798263 0.4875463479 -0.001861612455 0.03284959575 0.2521318927 -0.9964824558 -0.02795597235 -0.07900113185 0.0139345094 0.8743166333 -0.485155907 0.08263500875 -0.4845501917 -0.8708516332 7.991597618e-05 -0.4055396995 0
0.5241508175 0.3353726591 -0.3080224694 -0.01465517034 0.1294009285 0.4870955702 -0.001899531429 0.03317857785 0.2520734754 -0.9963394309 -0.02879009082 -0.08049142303 0.01434933223 0.8718973724 -0.4894783638 0.08427238679 -0.4888415926 -0.8682926132 8.191152855e-05 -0.4096698843 0
0.5301900765 0.3392368186 -0.3115715004 -0.01498809624 0.1307933884 0.4865752434 -0.001943328233 0.03355435069 0.252006003 -0.9961707764 -0.02976240866 -0.08220695418 0.01483282454 0.8691099337 -0.4943965114 0.08616131151 -0.4937227179 -0.8653404568 8.423287783e-05 -0.4143900955 0
0.5362293356 0.3431009781 -0.3151205314 -0.01532452885 0.1321825243 0.486049436 -0.001987616252 0.03392990066 0.251937774 -0.9959964658 -0.03075517823 -0.08393544588 0.01532642078 0.866298668 -0.4992912163 0.08806895531 -0.4985787168 -0.8623590449 8.659812438e-05 -0.4191103067 0
0.5422685947 0.3469651376 -0.3186695624 -0.01566445787 0.1335683015 0.4855181641 -0.002032395129 0.03430522529 0.251868789 -0.9958163813 -0.03176854589 -0.08567668429 0.01583019009 0.8634638347 -0.5041622867 0.0899952211 -0.5034093421 -0.8593485291 8.90077547e-05 -0.4238305179 0
0.5483078538 0.3508292972 -0.3222185934 -0.01600787289 0.1349506858 0.484981444 -0.002077664501 0.03468032211 0.2517990484 -0.9956304041 -0.03280265529 -0.08743045397 0.01634420017 0.860605695 -0.5090095332 0.09194001086 -0.5082143481 -0.8563090627 9.146225685e-05 -0.4285507292 0
0.5543471129 0.3546934567 -0.3257676243 -0.01635476341 0.1363296429 0.484439292 -0.002123424002 0.03505518863 0.251728553 -0.9954384146 -0.03385764728 -0.0891965379 0.01686851722 0.8577245122 -0.5138327689 0.09390322561 -0.5129934902 -0.8532408003 9.396212039e-05 -0.4332709404 0
0.5603863719 0.3585576162 -0.3293166553 -0.01670511883 0.1377051389 0.4838917248 -0.002169673262 0.03542982238 0.2516573032 -0.9952402927 -0.03493365996 -0.09097471749 0.017403206 0.8548205514 -0.5186318089 0.09588476543 -0.5177465251 -0.8501438981 9.650783639e-05 -0.4379911516 0
0.566425631 0.3624217757 -0.3328656863 -0.01705892842 0.1390771398 0.483338759 -0.002216411907 0.0358042209 0.2515852997 -0.9950359171 -0.0360308286 -0.09276477265 0.01794832974 0.8518940798 -0.5234064714 0.0978845295 -0.522473211 -0.8470185138 9.909989732e-05 -0.4427113628 0
0.5724648901 0.3662859353 -0.3364147173 -0.01741618138 0.1404456116 0.4827804117 -0.002263639558 0.03617838172 0.2515125429 -0.9948251661 -0.03714928565 -0.09456648178 0.01850395022 0.8489453661 -0.5281565764 0.09990241602 -0.5271733073 -0.8438648063 0.0001017387971 -0.447431574 0
0.5785041492 0.3701500948 -0.3399637483 -0.01777686677 0.1418105208 0.4822166998 -0.002311355834 0.03655230237 0.2514390336 -0.9946079171 -0.03828916073 -0.0963796218 0.01907012768 0.845974681 -0.5328819468 0.1019383223 -0.5318465749 -0.8406829362 0.000104425031 -0.4521517852 0
0.5845434082 0.3740142543 -0.3435127793 -0.01814097359 0.1431718336 0.4816476407 -0.002359560348 0.03692598038 0.2513647723 -0.9943840467 -0.03945058057 -0.09820396818 0.01964692085 0.8429822971 -0.537582408 0.1039921448 -0.5364927759 -0.8374730654 0.0001071590958 -0.4568719964 0
0.5905826673 0.3778784139 -0.3470618103 -0.01850849069 0.1445295167 0.4810732516 -0.002408252711 0.0372994133 0.2512897597 -0.994153431 -0.04063366906 -0.100039295 0.02023438693 0.8399684884 -0.5422577875 0.1060637789 -0.5411116738 -0.8342353573 0.0001099414892 -0.4615922077 0
0.5966219264 0.3817425734 -0.3506108413 -0.01887940685 0.1458835365 0.4804935502 -0.002457432528 0.03767259866 0.2512139963 -0.9939159453 -0.04183854715 -0.1018853749 0.02083258161 0.8369335309 -0.5469079159 0.1081531192 -0.5457030336 -0.8309699766 0.0001127727107 -0.4663124189 0
0.6026611855 0.3856067329 -0.3541598722 -0.01925371075 0.1472338601 0.4799085541 -0.002507099402 0.03804553401 0.2511374827 -0.9936714642 -0.04306533291 -0.1037419792 0.02144155901 0.8338777022 -0.5515326258 0.1102600594 -0.5502666216 -0.8276770895 0.0001156532607 -0.4710326301 0
0.6087004445 0.3894708924 -0.3577089032 -0.01963139096 0.1485804541 0.4793182812 -0.00255725293 0.03841821689 0.2510602196 -0.9934198618 -0.04431414146 -0.1056088778 0.02206137169 0.8308012816 -0.5561317527 0.1123844922 -0.5548022056 -0.8243568636 0.0001185836409 -0.4757528413 0
0.6147397036 0.393335052 -0.3612579342 -0.02001243593 0.1499232857 0.4787227495 -0.002607892707 0.03879064485 0.2509822076 -0.9931610113 -0.04558508497 -0.1074858395 0.02269207067 0.8277045499 -0.5607051346 0.1145263096 -0.5593095548 -0.8210094679 0.0001215643545 -0.4804730525 0
0.6207789627 0.3971992115 -0.3648069652 -0.02039683405 0.151262322 0.4781219773 -0.002659018323 0.03916281543 0.2509034474 -0.9928947855 -0.04687827265 -0.1093726315 0.02333370538 0.8245877896 -0.565252612 0.1166854025 -0.5637884397 -0.8176350727 0.0001245959054 -0.4851932637 0
0.6268182218 0.401063371 -0.3683559962 -0.02078457357 0.1525975302 0.4775159828 -0.002710629365 0.03953472619 0.2508239396 -0.9926210565 -0.04819381073 -0.1112690199 0.02398632369 0.8214512847 -0.5697740281 0.1188616611 -0.5682386325 -0.8142338497 0.000127678799 -0.489913475 0
0.6328574808 0.4049275305 -0.3719050272 -0.02117564267 0.1539288778 0.4769047845 -0.002762725413 0.03990637469 0.2507436848 -0.9923396959 -0.04953180245 -0.1131747698 0.02464997186 0.8182953207 -0.5742692287 0.1210549745 -0.5726599066 -0.8108059722 0.0001308135418 -0.4946336862 0
0.6388967399 0.4087916901 -0.3754540582 -0.02157002942 0.1552563324 0.4762884011 -0.002815306047 0.04027775847 0.2506626837 -0.9920505746 -0.05089234801 -0.1150896447 0.02532469458 0.8151201846 -0.578738062 0.1232652313 -0.5770520371 -0.8073516144 0.0001340006414 -0.4993538974 0
0.644935999 0.4126558496 -0.3790030892 -0.02196772179 0.1565798616 0.4756668514 -0.002868370842 0.04064887509 0.2505809369 -0.9917535631 -0.05227554462 -0.1170134071 0.02601053491 0.811926165 -0.5831803792 0.1254923188 -0.5814148004 -0.8038709522 0.0001372406065 -0.5040741086 0
0.6509752581 0.4165200091 -0.3825521202 -0.02236870766 0.1578994331 0.4750401543 -0.002921919367 0.04101972212 0.2504984451 -0.9914485313 -0.05368148642 -0.1189458185 0.02670753432 0.8087135515 -0.587596034 0.1277361238 -0.5857479745 -0.8003641628 0.0001405339468 -0.5087943198 0
0.6570145171 0.4203841687 -0.3861011511 -0.02277297479 0.159215015 0.474408329 -0.002975951189 0.04139029712 0.2504152091 -0.9911353486 -0.05511026452 -0.1208866391 0.02741573264 0.8054826356 -0.5919848827 0.1299965321 -0.5900513388 -0.7968314246 0.0001438811732 -0.513514531 0
0.6630537762 0.4242483282 -0.3896501821 -0.02318051087 0.1605265754 0.4737713946 -0.003030465871 0.04176059766 0.2503312294 -0.9908138838 -0.05656196693 -0.122835628 0.0281351681 0.8022337099 -0.5963467842 0.1322734286 -0.5943246744 -0.7932729174 0.0001472827976 -0.5182347422 0
0.6690930353 0.4281124877 -0.3931992131 -0.02359130349 0.1618340823 0.4731293706 -0.003085462971 0.04213062129 0.2502465068 -0.9904840055 -0.05803667859 -0.1247925434 0.02886587728 0.7989670682 -0.6006816005 0.1345666975 -0.5985677639 -0.7896888223 0.0001507393328 -0.5229549535 0
0.6751322944 0.4319766472 -0.3967482441 -0.02400534011 0.1631375043 0.4724822766 -0.003140942044 0.0425003656 0.2501610419 -0.9901455814 -0.05953448136 -0.1267571423 0.02960789512 0.7956830057 -0.6049891957 0.136876222 -0.6027803911 -0.7860793216 0.0001542512928 -0.5276751647 0
0.6811715535 0.4358408068 -0.4002972751 -0.02442260814 0.1644368097 0.4718301323 -0.003196902641 0.04286982815 0.2500748355 -0.9897984792 -0.06105545397 -0.128729181 0.03036125493 0.792381819 -0.6092694372 0.1392018846 -0.6069623419 -0.7824445992 0.0001578191924 -0.5323953759 0
0.6872108125 0.4397049663 -0.4038463061 -0.02484309487 0.1657319673 0.4711729575 -0.003253344309 0.04323900652 0.2499878882 -0.989442566 -0.06259967204 -0.1307084143 0.03112598834 0.7890638057 -0.6135221947 0.141543567 -0.6111134033 -0.77878484 0.0001614435476 -0.5371155871 0
0.6932500716 0.4435691258 -0.4073953371 -0.0252667875 0.1670229457 0.4705107722 -0.00331026659 0.04360789828 0.2499002007 -0.9890777085 -0.06416720806 -0.1326945967 0.03190212536 0.7857292646 -0.6177473409 0.14390115 -0.615233364 -0.7751002302 0.0001651248752 -0.5418357983 0
0.6992893307 0.4474332853 -0.4109443681 -0.02569367312 0.1683097139 0.4698435966 -0.003367669024 0.04397650102 0.2498117738 -0.9887037729 -0.06575813135 -0.1346874812 0.03268969429 0.7823784957 -0.6219447511 0.1462745136 -0.6193220145 -0.7713909573 0.0001688636929 -0.5465560095 0
0.7053285898 0.4512974449 -0.4144933991 -0.02612373876 0.169592241 0.469171451 -0.003425551146 0.04434481232 0.2497226083 -0.9883206252 -0.06737250812 -0.1366868204 0.03348872181 0.7790118001 -0.6261143033 0.148663537 -0.6233791466 -0.7676572102 0.0001726605197 -0.5512762207 0
0.7113678488 0.4551616044 -0.41804243 -0.02655697133 0.1708704961 0.4684943559 -0.003483912488 0.04471282977 0.2496327047 -0.9879281311 -0.06901040137 -0.1386923656 0.03429923287 0.77562948 -0.6302558785 0.1510680986 -0.6274045539 -0.7638991787 0.000176515875 -0.555996432 0
0.7174071079 0.4590257639 -0.421591461 -0.02699335766 0.1721444486 0.4678123317 -0.003542752575 0.04508055095 0.2495420639 -0.9875261557 -0.07067187094 -0.1407038678 0.03512125079 0.7722318385 -0.6343693603 0.1534880761 -0.6313980315 -0.7601170543 0.0001804302794 -0.5607166432 0
0.723446367 0.4628899235 -0.425140492 -0.02743288446 0.173414068 0.4671253994 -0.003602070932 0.04544797345 0.2494506866 -0.9871145641 -0.0723569735 -0.1427210767 0.03595479717 0.76881918 -0.6384546351 0.1559233463 -0.6353593762 -0.7563110294 0.0001844042544 -0.5654368544 0
0.7294856261 0.466754083 -0.428689523 -0.02787553839 0.1746793239 0.4664335797 -0.003661867079 0.04581509486 0.2493585735 -0.9866932209 -0.07406576249 -0.1447437416 0.03679989192 0.7653918094 -0.6425115921 0.1583737853 -0.6392883863 -0.7524812976 0.0001884383224 -0.5701570656 0
0.7355248851 0.4706182425 -0.432238554 -0.028321306 0.1759401861 0.4657368936 -0.00372214053 0.04618191279 0.2492657254 -0.9862619904 -0.07579828817 -0.1467716108 0.03765655328 0.761950033 -0.6465401234 0.1608392683 -0.643184862 -0.7486280539 0.0001925330065 -0.5748772768 0
0.7415641442 0.474482402 -0.435787585 -0.02877017373 0.1771966246 0.4650353624 -0.003782890798 0.04654842483 0.249172143 -0.9858207369 -0.07755459759 -0.1488044321 0.03852479776 0.7584941577 -0.6505401238 0.1633196699 -0.6470486049 -0.7447514944 0.0001966888309 -0.579597488 0
0.7476034033 0.4783465616 -0.439336616 -0.02922212795 0.1784486093 0.4643290073 -0.003844117391 0.04691462857 0.2490778272 -0.9853693243 -0.07933473455 -0.1508419526 0.03940464019 0.7550244914 -0.6545114909 0.1658148639 -0.6508794183 -0.7408518163 0.0002009063204 -0.5843176992 0
0.7536426624 0.4822107211 -0.442885647 -0.02967715494 0.1796961106 0.4636178499 -0.003905819812 0.04728052164 0.2489827786 -0.9849076162 -0.08113873963 -0.1528839186 0.04029609366 0.7515413428 -0.6584541251 0.1683247233 -0.6546771074 -0.7369292181 0.0002051860009 -0.5890379105 0
0.7596819214 0.4860748806 -0.446434678 -0.03013524088 0.1809390989 0.4629019116 -0.003967997561 0.04764610162 0.248886998 -0.984435476 -0.0829666502 -0.154930076 0.04119916958 0.7480450212 -0.6623679299 0.1708491203 -0.6584414789 -0.7329838995 0.000209528399 -0.5937581217 0
0.7657211805 0.4899390401 -0.4499837089 -0.03059637188 0.1821775446 0.4621812142 -0.004030650135 0.04801136613 0.2487904863 -0.9839527673 -0.08481850034 -0.15698017 0.04211387763 0.744535837 -0.6662528114 0.1733879265 -0.6621723412 -0.7290160612 0.000213934042 -0.5984783329 0
0.7717604396 0.4938031997 -0.4535327399 -0.03106053394 0.1834114186 0.4614557797 -0.004093777026 0.04837631279 0.2486932443 -0.983459353 -0.0866943209 -0.1590339452 0.04304022575 0.741014101 -0.6701086785 0.1759410127 -0.6658695043 -0.7250259052 0.0002184034583 -0.6031985441 0
0.7777996987 0.4976673592 -0.4570817709 -0.03152771297 0.1846406915 0.4607256299 -0.004157377722 0.04874093921 0.2485952726 -0.9829550962 -0.08859413947 -0.1610911458 0.0439782202 0.7374801249 -0.6739354432 0.1785082489 -0.6695327803 -0.7210136345 0.0002229371769 -0.6079187553 0
0.7838389577 0.5015315187 -0.4606308019 -0.03199789482 0.1858653345 0.459990787 -0.004221451709 0.049105243 0.2484965721 -0.9824398599 -0.09051798038 -0.1631515154 0.04492786548 0.7339342208 -0.67773302 0.1810895045 -0.6731619826 -0.7169794534 0.0002275357276 -0.6126389665 0
0.7898782168 0.5053956783 -0.4641798329 -0.03247106522 0.1870853186 0.4592512734 -0.004285998466 0.04946922179 0.2483971437 -0.9819135067 -0.09246586468 -0.1652147973 0.04588916437 0.7303767017 -0.6815013267 0.1836846482 -0.6767569265 -0.7129235671 0.0002321996411 -0.6173591778 0
0.7959174759 0.5092598378 -0.4677288639 -0.03294720984 0.1883006153 0.4585071114 -0.00435101747 0.04983287319 0.2482969881 -0.9813758994 -0.09443781014 -0.1672807343 0.04686211792 0.7268078809 -0.6852402836 0.1862935478 -0.6803174291 -0.708846182 0.0002369294488 -0.622079389 0
0.801956735 0.5131239973 -0.4712778949 -0.03342631425 0.1895111959 0.4577583236 -0.004416508195 0.05019619485 0.2481961061 -0.9808269007 -0.09643383126 -0.1693490686 0.04784672545 0.7232280724 -0.688949814 0.1889160706 -0.6838433092 -0.7047475057 0.0002417256828 -0.6267996002 0
0.8079959941 0.5169881568 -0.4748269259 -0.03390836393 0.1907170322 0.4570049326 -0.00448247011 0.05055918438 0.2480944986 -0.9802663732 -0.09845393925 -0.1714195424 0.04884298453 0.7196375906 -0.6926298442 0.1915520831 -0.6873343873 -0.7006277467 0.0002465888763 -0.6315198114 0
0.8140352531 0.5208523164 -0.4783759569 -0.03439334429 0.1919180958 0.4562469613 -0.00454890268 0.05092183942 0.2479921663 -0.9796941793 -0.100498142 -0.1734918972 0.049850891 0.7160367505 -0.6962803032 0.1942014511 -0.6907904859 -0.6964871147 0.0002515195628 -0.6362400226 0
0.8200745122 0.5247164759 -0.4819249878 -0.03488124064 0.1931143589 0.4554844326 -0.004615805365 0.05128415761 0.2478891102 -0.9791101819 -0.1025664442 -0.1755658745 0.05087043897 0.7124258674 -0.699901123 0.1968640399 -0.6942114289 -0.6923258205 0.0002565182769 -0.6409602338 0
0.8261137713 0.5285806354 -0.4854740188 -0.03537203822 0.1943057934 0.4547173696 -0.004683177625 0.05164613658 0.2477853311 -0.9785142433 -0.1046588472 -0.1776412154 0.05190162079 0.7088052569 -0.7034922384 0.199539714 -0.6975970423 -0.6881440758 0.0002615855538 -0.645680445 0
0.8321530304 0.5324447949 -0.4890230498 -0.03586572218 0.1954923718 0.4539457955 -0.004751018913 0.05200777397 0.2476808298 -0.9779062262 -0.1067753489 -0.1797176607 0.05294442709 0.7051752352 -0.7070535873 0.2022283371 -0.7009471539 -0.6839420934 0.0002667219294 -0.6504006563 0
0.837437382 0.5358259345 -0.4921284519 -0.03630005164 0.1965266225 0.4532669861 -0.004810764356 0.05232392464 0.2475887993 -0.9773641953 -0.1086470524 -0.1815352523 0.05386640959 0.7019914947 -0.7101453029 0.2045913971 -0.7038492448 -0.6802489257 0.0002712733625 -0.6545308411 0
0.8434766411 0.5396900941 -0.4956774829 -0.03679910724 0.1977040213 0.4524870167 -0.004879483584 0.05268491523 0.2474829462 -0.976733161 -0.1108087225 -0.1836130692 0.0549309804 0.6983446798 -0.7136506818 0.2073039304 -0.7071323322 -0.6760095748 0.0002765407453 -0.6592510523 0
