0.007102414083 0.003785515682 -0.001265153021 -2.285328089e-06 0.001811105815 0.5099957122 -2.87142297e-07 0.0004511063929 0.2549994679 -0.9999999999 -6.224171535e-08 -1.330898791e-05 3.181214705e-08 0.9999750297 -0.00706682648 1.330909543e-05 -0.00706682648 -0.9999750296 2.989767083e-08 -0.001682653517 0
0.01407660161 0.00750268789 -0.002507465044 -8.976935409e-06 0.0035894573 0.5099831574 -1.134360349e-06 0.000895782085 0.2549978977 -0.9999999986 -4.874545056e-07 -5.227707564e-05 2.447667149e-07 0.9999019163 -0.01400563057 5.227877522e-05 -0.01400563057 -0.999901915 5.658541575e-08 -0.003334928509 0
0.02105078913 0.0112198601 -0.003749777068 -2.007531609e-05 0.005367696693 0.5099623345 -2.545747953e-06 0.001341181542 0.2549952818 -0.9999999932 -1.631548388e-06 -0.0001169024388 8.171637388e-07 0.9997806594 -0.02094356868 0.0001169109678 -0.02094356863 -0.9997806526 4.193763056e-08 -0.0049872035 0
0.02802497665 0.01493703231 -0.004992089091 -3.558005424e-05 0.007145768465 0.5099332444 -4.520714468e-06 0.001786677763 0.2549916212 -0.9999999785 -3.850553388e-06 -0.0002071748573 1.927022392e-06 0.9996112713 -0.02788021188 0.0002072016767 -0.02788021168 -0.9996112499 1.037850218e-08 -0.006639478491 0
0.03499916418 0.01865420451 -0.006234401115 -5.549056885e-05 0.008923617094 0.5098958882 -7.058454723e-06 0.002232118108 0.2549869174 -0.9999999478 -7.500337191e-06 -0.0003230800548 3.752284498e-06 0.9993937695 -0.0348151314 0.000323145319 -0.0348151308 -0.9993937173 8.84929801e-08 -0.008291753483 0
0.0419733517 0.02237137672 -0.007476713138 -7.98061138e-05 0.01070118707 0.5098502671 -1.015852322e-05 0.002677481837 0.2549811713 -0.999999892 -1.293655139e-05 -0.0004645997006 6.470788924e-06 0.9991281764 -0.04174789867 0.0004647347255 -0.04174789716 -0.9991280684 1.922611767e-07 -0.009944028474 0
0.04894753922 0.02608854893 -0.008719025162 -0.0001085257779 0.01247842288 0.5097963831 -1.382068166e-05 0.003122774383 0.2549743834 -0.9999998003 -2.051457775e-05 -0.0006317114124 1.026024598e-05 0.9988145193 -0.04867808534 0.0006319611411 -0.0486780821 -0.9988143196 3.187322098e-07 -0.01159630347 0
0.05592172675 0.02980572114 -0.009961337185 -0.0001416484851 0.01425526905 0.509734238 -1.804478775e-05 0.003568003531 0.2549665538 -0.9999996597 -3.058947455e-05 -0.0008243887592 1.529821186e-05 0.9984528304 -0.0556052634 0.0008248142257 -0.05560525709 -0.9984524901 4.669149404e-07 -0.01324857846 0
0.06289591427 0.03352289335 -0.01120364921 -0.0001791729941 0.0160316701 0.5096638342 -2.283074264e-05 0.004013174959 0.2549576829 -0.9999994555 -4.351592294e-05 -0.001042601265 2.176206305e-05 0.9980431469 -0.06252900517 0.001043282055 -0.06252899381 -0.9980426025 6.363214194e-07 -0.01490085345 0
0.07074187523 0.03770471208 -0.01260125024 -0.0002266478383 0.01802952019 0.5095747616 -2.888642798e-05 0.004513927871 0.2549464584 -0.9999991288 -6.190773741e-05 -0.001318569693 3.095886435e-05 0.9975249371 -0.07031357519 0.001319659105 -0.07031355475 -0.9975240661 8.51981306e-07 -0.01675966281 0
0.07771606276 0.04142188429 -0.01384356226 -0.0002735213024 0.01980479127 0.5094868172 -3.486605651e-05 0.004958985356 0.254935375 -0.9999987311 -8.206934992e-05 -0.001590924778 4.104069753e-05 0.9970134112 -0.07722859663 0.001592511441 -0.07722856393 -0.9970121428 1.065862654e-06 -0.0184119378 0
0.08469025028 0.0451390565 -0.01508587428 -0.0003247916271 0.02157944402 0.5093906234 -4.14073035e-05 0.005403989946 0.2549232505 -0.9999982108 -0.0001061878721 -0.001888693762 5.310127842e-05 0.9964540388 -0.08413884804 0.001890931052 -0.08413879779 -0.9964522503 1.30060462e-06 -0.0200642128 0
0.0916644378 0.04885622871 -0.01632818631 -0.0003804568915 0.02335342305 0.5092861838 -4.851009756e-05 0.005848940705 0.2549100852 -0.9999975448 -0.0001346158635 -0.002211829531 6.731697273e-05 0.9958468773 -0.09104390366 0.002214899486 -0.09104382903 -0.9958444233 1.556239848e-06 -0.02171648779 0
0.09863862533 0.05257340091 -0.01757049833 -0.0004405150099 0.02512667302 0.5091735023 -5.617436433e-05 0.006293836041 0.2548958792 -0.9999967084 -0.0001677052329 -0.002560280958 8.386383594e-05 0.9951919892 -0.09794333837 0.00256439671 -0.0979432307 -0.9951886994 1.832833789e-06 -0.02336876278 0
0.1056128129 0.05629057312 -0.01881281035 -0.0005049637322 0.02689913859 0.5090525831 -6.440002556e-05 0.006738673898 0.2548806327 -0.9999956747 -0.0002058071843 -0.0029339929 0.000102917588 0.9944894418 -0.1048367277 0.002939401114 -0.1048365762 -0.9944851192 2.130475897e-06 -0.02502103777 0
0.1125870004 0.06000774533 -0.02005512238 -0.0005738006439 0.02867076449 0.5089234308 -7.31869986e-05 0.007183451875 0.2548643457 -0.9999944148 -0.0002492721648 -0.003332906215 0.0001246535878 0.9937393074 -0.1117236478 0.003339889509 -0.1117234392 -0.993733726 2.449274331e-06 -0.02667331276 0
0.1195611879 0.06372491754 -0.0212974344 -0.0006470231662 0.03044149546 0.5087860501 -8.253519603e-05 0.007628167321 0.2548470185 -0.9999928981 -0.0002984498108 -0.003756957763 0.0001492468083 0.9929416629 -0.1186036756 0.003765837133 -0.118603394 -0.9929345665 2.789352625e-06 -0.02832558775 0
0.1265353754 0.06744208975 -0.02253974642 -0.0007246285561 0.03221127628 0.5086404462 -9.244452543e-05 0.008072817393 0.2548286513 -0.9999910919 -0.0003536888952 -0.004206080419 0.000176871811 0.9920965903 -0.1254763889 0.004217217648 -0.1254760151 -0.99208769 3.15084754e-06 -0.02997786274 0
0.1335095629 0.07115926195 -0.02378205845 -0.0008066139064 0.03398005177 0.5084866247 -0.0001029148893 0.008517399106 0.2548092442 -0.9999889615 -0.0004153372752 -0.004680203079 0.0002077027209 0.9912041766 -0.1323413663 0.004694003142 -0.1323408775 -0.9911931489 3.53390762e-06 -0.03163013773 0
0.1404837505 0.07487643416 -0.02502437047 -0.0008929761461 0.0357477668 0.5083245912 -0.0001139461848 0.008961909364 0.2547887973 -0.9999864706 -0.0004837418388 -0.005179250674 0.0002419132014 0.9902645132 -0.1391981872 0.005196164135 -0.1391975569 -0.9902509985 3.938692199e-06 -0.03328241273 0
0.147457938 0.07859360637 -0.02626668249 -0.0009837120404 0.03751436628 0.5081543518 -0.000125538304 0.009406344986 0.254767311 -0.9999835806 -0.0005592484529 -0.005703144176 0.0002796764291 0.9892776968 -0.1460464321 0.005723669576 -0.1460456291 -0.989261297 4.365370691e-06 -0.03493468772 0
0.1544321255 0.08231077858 -0.02750899452 -0.001078818191 0.03927979516 0.5079759129 -0.0001376911335 0.009850702724 0.2547447854 -0.9999802511 -0.0006422019106 -0.00625180061 0.0003211650692 0.9882438287 -0.1528856822 0.006276486849 -0.1528846708 -0.9882241057 4.814122068e-06 -0.03658696271 0
0.161406313 0.08602795079 -0.02875130654 -0.001178291035 0.04104399844 0.5077892812 -0.0001504045546 0.01029497927 0.2547212208 -0.9999764399 -0.0007329458791 -0.006825133067 0.0003665512504 0.987163015 -0.1597155202 0.006854581769 -0.159714259 -0.9871394887 5.285134457e-06 -0.0382392377 0
0.1683805006 0.08974512299 -0.02999361857 -0.001282126849 0.04280692119 0.5075944636 -0.0001636784431 0.01073917129 0.2546966174 -0.9999721028 -0.0008318228475 -0.007423050715 0.0004160065397 0.9860353667 -0.1665355294 0.007457918592 -0.1665339716 -0.986007513 5.77860483e-06 -0.03989151269 0
0.1753546881 0.0934622952 -0.03123593059 -0.001390321742 0.04456850851 0.5073914675 -0.0001775126695 0.0111832754 0.2546709753 -0.9999671937 -0.0009391740749 -0.00804545881 0.0004697019184 0.9848609994 -0.1733452946 0.008086460011 -0.1733433867 -0.9848282487 6.294738742e-06 -0.04154378768 0
0.1823288756 0.09717946741 -0.03247824261 -0.001502871664 0.04632870556 0.5071803004 -0.000191907099 0.01162728819 0.254644295 -0.9999616647 -0.001055339539 -0.008692258711 0.0005278077568 0.9836400338 -0.1801444014 0.008740167161 -0.1801420834 -0.9836017686 6.833750118e-06 -0.04319606267 0
0.1893030631 0.1008966396 -0.03372055464 -0.0016197724 0.04808745757 0.5069609704 -0.0002068615911 0.01207120623 0.2546165766 -0.9999554659 -0.001180657883 -0.009363347893 0.0005904937899 0.9823725949 -0.1869324371 0.009418999622 -0.1869296412 -0.9823281487 7.39586106e-06 -0.04484833767 0
0.1962772507 0.1046138118 -0.03496286666 -0.001741019574 0.04984470981 0.5067334855 -0.0002223760001 0.01251502608 0.2545878204 -0.9999485455 -0.001315466367 -0.01005861996 0.0006579290928 0.9810588129 -0.1937089898 0.01012291542 -0.1937056405 -0.9810074676 7.98130168e-06 -0.04650061266 0
0.2032514382 0.108330984 -0.03620517868 -0.001866608645 0.05160040763 0.5064978543 -0.0002384501748 0.01295874426 0.2545580267 -0.99994085 -0.001460100813 -0.01077796466 0.0007302820564 0.9796988224 -0.2004736493 0.01085187102 -0.2004696623 -0.979639807 8.590309946e-06 -0.04815288765 0
0.2102256257 0.1120481562 -0.03744749071 -0.001996534913 0.05335449644 0.5062540856 -0.0002550839586 0.01340235732 0.2545271958 -0.999932324 -0.001614895559 -0.0115212679 0.0008077203628 0.9782927628 -0.2072260065 0.01160582137 -0.2072212882 -0.9782252515 9.223131534e-06 -0.04980516264 0
0.2171998132 0.1157653285 -0.03868980273 -0.002130793513 0.05510692172 0.5060021886 -0.0002722771893 0.01384586175 0.254495328 -0.99992291 -0.001780183402 -0.01228841177 0.0008904109613 0.9768407783 -0.2139656538 0.01238471983 -0.213960101 -0.9767638885 9.880019692e-06 -0.05145743763 0
0.2241740007 0.1194825007 -0.03993211475 -0.002269379419 0.05685762901 0.5057421726 -0.0002900296996 0.01428925406 0.2544624236 -0.9999125489 -0.001956295552 -0.01307927454 0.0009785200443 0.9753430176 -0.2206921852 0.01318851824 -0.2206856837 -0.9752558085 1.056123511e-05 -0.05310971262 0
0.2311481883 0.1231996729 -0.04117442678 -0.002412287446 0.05860656392 0.5054740475 -0.0003083413163 0.01473253075 0.2544284829 -0.9999011798 -0.002143561581 -0.01389373069 0.001072213023 0.973799634 -0.2274051959 0.01401716691 -0.2273976207 -0.9737011046 1.12670458e-05 -0.05476198761 0
0.2381223758 0.1269168451 -0.0424167388 -0.002559512243 0.06035367216 0.5051978231 -0.0003272118612 0.01517568832 0.2543935063 -0.9998887398 -0.00234230937 -0.01473165094 0.001171654504 0.9722107858 -0.2341042829 0.01487061459 -0.2340954968 -0.972099873 1.199772694e-05 -0.0564142626 0
0.2450965633 0.1306340173 -0.04365905082 -0.002711048302 0.06209889947 0.50491351 -0.0003466411504 0.01561872324 0.2543574942 -0.9998751643 -0.002552865062 -0.01559290222 0.001277008265 0.9705766354 -0.2407890448 0.01574880851 -0.240778898 -0.9704522128 1.275356078e-05 -0.0580665376 0
0.2520707508 0.1343511895 -0.04490136285 -0.002866889952 0.06384219172 0.5046211187 -0.0003666289947 0.01606163201 0.2543204467 -0.9998603869 -0.002775553011 -0.01647734776 0.00138843723 0.9688973502 -0.2474590817 0.01665169438 -0.2474474109 -0.9687582257 1.353483654e-05 -0.05971881259 0
0.2590449384 0.1380683617 -0.04614367487 -0.003027031362 0.06558349481 0.5043206601 -0.0003871751993 0.0165044111 0.2542823645 -0.9998443393 -0.003010695734 -0.01738484704 0.00150610345 0.9671731019 -0.2541139954 0.01757921636 -0.2541006232 -0.9670180166 1.434185021e-05 -0.06137108758 0
0.2660191259 0.1417855339 -0.04738598689 -0.003191466541 0.06732275477 0.5040121456 -0.0004082795642 0.01694705699 0.2542432477 -0.9998269514 -0.003258613859 -0.01831525586 0.001630168073 0.9654040669 -0.2607533896 0.0185313171 -0.2607381236 -0.965231693 1.517490452e-05 -0.06302336257 0
0.2729933134 0.1455027061 -0.04862829892 -0.003360189336 0.06905991768 0.5036955865 -0.0004299418837 0.01738956615 0.2542030968 -0.9998081516 -0.003519626078 -0.01926842632 0.001760791326 0.963590426 -0.2673768697 0.01950793773 -0.2673595015 -0.9633993654 1.603430878e-05 -0.06467563756 0
0.2799675009 0.1492198783 -0.04987061094 -0.003533193436 0.07079492972 0.5033709949 -0.0004521619469 0.01783193505 0.2541619122 -0.9997878661 -0.003794049097 -0.02024420687 0.00189813249 0.9617323647 -0.2739840428 0.02050901786 -0.2739643477 -0.9615211471 1.692037877e-05 -0.06632791255 0
0.2869416885 0.1529370505 -0.05111292297 -0.003710472371 0.07252773716 0.5030383828 -0.0004749395374 0.01827416018 0.2541196944 -0.9997660198 -0.004082197592 -0.02124244233 0.002042349875 0.9598300728 -0.280574518 0.02153449559 -0.2805522536 -0.9595971543 1.783343659e-05 -0.06798018754 0
0.293915876 0.1566542227 -0.05235523499 -0.003892019511 0.07425828637 0.5026977626 -0.0004982744332 0.018716238 0.2540764436 -0.9997425354 -0.004384384153 -0.02226297388 0.002193600801 0.9578837445 -0.2871479063 0.02258430751 -0.2871228119 -0.9576275058 1.87738106e-05 -0.06963246254 0
0.3008900635 0.1603713949 -0.05359754701 -0.004077828065 0.07598652379 0.5023491471 -0.0005221664072 0.01915816497 0.2540321604 -0.9997173343 -0.004700919243 -0.02330563911 0.002352041572 0.9558935786 -0.2937038206 0.02365838872 -0.2936756164 -0.9556123236 1.974183527e-05 -0.07128473753 0
0.307864251 0.1640885672 -0.05483985904 -0.004267891087 0.07771239599 0.5019925494 -0.0005466152266 0.01959993758 0.2539868451 -0.9996903359 -0.005032111146 -0.02437027205 0.002517827453 0.9538597782 -0.3002418758 0.02475667278 -0.3002102618 -0.9535517321 2.073785107e-05 -0.07293701252 0
0.3148384386 0.1678057394 -0.05608217106 -0.00446220147 0.0794358496 0.5016279828 -0.0005716206532 0.02004155229 0.2539404982 -0.999661458 -0.005378265924 -0.02545670315 0.002691112652 0.9517825508 -0.306761689 0.0258790918 -0.3067263442 -0.9514458589 2.176220435e-05 -0.07458928751 0
0.3218126261 0.1715229116 -0.05732448308 -0.004660751949 0.08115683138 0.5012554608 -0.0005971824436 0.02048300557 0.2538931203 -0.9996306166 -0.005739687365 -0.02656475936 0.00287205029 0.9496621082 -0.3132628793 0.02702557637 -0.3132234605 -0.9492948341 2.281524725e-05 -0.0762415625 0
0.3287868136 0.1752400838 -0.05856679511 -0.004863535104 0.08287528817 0.5008749975 -0.0006233003487 0.02092429389 0.2538447117 -0.9995977261 -0.006116676942 -0.02769426411 0.003060792386 0.9474986666 -0.3197450678 0.0281960556 -0.319701209 -0.9470987907 2.389733755e-05 -0.07789383749 0
0.3357610011 0.178957256 -0.05980910713 -0.005070543354 0.08459116695 0.500486607 -0.0006499741141 0.02136541372 0.2537952729 -0.9995626993 -0.006509533759 -0.02884503735 0.003257489832 0.9452924464 -0.3262078778 0.02939045712 -0.3261591893 -0.9448578646 2.500883859e-05 -0.07954611248 0
0.3427351886 0.1826744282 -0.06105141915 -0.005281768964 0.08630441477 0.5000903038 -0.0006772034801 0.02180636155 0.2537448044 -0.9995254472 -0.006918554513 -0.03001689558 0.003462292368 0.9430436723 -0.3326509351 0.03060870706 -0.3325970019 -0.9425721942 2.615011913e-05 -0.08119838747 0
0.3497093762 0.1863916004 -0.06229373118 -0.00549720404 0.0880149788 0.4996861029 -0.0007049881815 0.02224713383 0.2536933067 -0.9994858792 -0.007344033444 -0.03120965185 0.003675348566 0.9407525733 -0.3390738675 0.03185073011 -0.3390142489 -0.940241921 2.732155329e-05 -0.08285066247 0
0.3566835637 0.1901087726 -0.0635360432 -0.005716840534 0.08972280634 0.4992740191 -0.0007333279475 0.02268772704 0.2536407803 -0.9994439032 -0.00778626229 -0.03242311583 0.003896805803 0.9384193826 -0.345476305 0.03311644946 -0.3454105333 -0.937867189 2.852352037e-05 -0.08450293746 0
0.3636577512 0.1938259448 -0.06477835522 -0.005940670239 0.09142784477 0.4988540681 -0.0007622225023 0.02312813766 0.2535872258 -0.9993994253 -0.008245530243 -0.0336570938 0.004126810245 0.9360443374 -0.3518578803 0.03440578685 -0.3517854598 -0.9354481451 2.97564048e-05 -0.08615521245 0
0.3706319387 0.197543117 -0.06602066725 -0.006168684794 0.09313004162 0.4984262654 -0.0007916715642 0.02356836217 0.2535326436 -0.99935235 -0.008722123901 -0.03491138868 0.00436550682 0.9336276792 -0.3582182282 0.03571866256 -0.3581386341 -0.9329849388 3.102059602e-05 -0.08780748744 0
0.3776061263 0.2012602892 -0.06726297927 -0.006400875685 0.09482934452 0.4979906271 -0.0008216748466 0.02400839704 0.2534770343 -0.9993025804 -0.00921632723 -0.03618580008 0.004613039199 0.9311696536 -0.364556986 0.0370549954 -0.3644696633 -0.9304777224 3.231648834e-05 -0.08945976243 0
0.3845803138 0.2049774614 -0.06850529129 -0.006637234239 0.09652570123 0.4975471693 -0.0008522320571 0.02444823874 0.2534203985 -0.9992500178 -0.009728421514 -0.03748012429 0.004869549778 0.9286705104 -0.3708737934 0.03841470275 -0.370778156 -0.927926651 3.36444809e-05 -0.09111203742 0
0.3915545013 0.2086946337 -0.06974760332 -0.00687775163 0.09821905961 0.4970959087 -0.0008833428981 0.02488788378 0.2533627367 -0.9991945621 -0.01025868531 -0.03879415436 0.005135179651 0.9261305031 -0.3771682929 0.03979770052 -0.3770637222 -0.9253318823 3.50049775e-05 -0.09276431241 0
0.3985286888 0.2124118059 -0.07098991534 -0.00712241888 0.09990936766 0.4966368621 -0.0009150070665 0.02532732861 0.2533040494 -0.9991361116 -0.01080739442 -0.04012768007 0.005410068596 0.9235498896 -0.3834401291 0.04120390322 -0.3833259731 -0.9226935768 3.639838656e-05 -0.0944165874 0
0.4055028764 0.2161289781 -0.07223222737 -0.007371226856 0.1015965735 0.4961700466 -0.000947224254 0.02576656974 0.2532443373 -0.9990745631 -0.01137482183 -0.04148048801 0.00569435505 0.9209289315 -0.3896889495 0.04263322387 -0.3895645216 -0.9200118976 3.782512097e-05 -0.0960688624 0
0.4124770639 0.2198461503 -0.07347453939 -0.007624166269 0.1032806254 0.4956954797 -0.0009799941468 0.02620560364 0.2531836009 -0.9990098117 -0.01196123766 -0.04285236156 0.00598817609 0.9182678946 -0.3959144042 0.04408557411 -0.3957789819 -0.9172870105 3.928559801e-05 -0.09772113739 0
0.4194512514 0.2235633225 -0.07471685141 -0.007881227682 0.1049614718 0.4952131791 -0.001013316426 0.0266444268 0.2531218408 -0.9989417513 -0.01256690917 -0.04424308096 0.006291667413 0.9155670484 -0.4021161458 0.04556086413 -0.4019689697 -0.914519084 4.078023928e-05 -0.09937341238 0
0.4264254389 0.2272804947 -0.07595916344 -0.008142401502 0.1066390611 0.4947231627 -0.001047190766 0.02708303571 0.2530590577 -0.9988702742 -0.01319210064 -0.04565242334 0.006604963315 0.9128266665 -0.4082938298 0.04705900271 -0.4081341023 -0.9117082893 4.230947057e-05 -0.1010256874 0
0.4333996265 0.2309976669 -0.07720147546 -0.008407677985 0.1083133421 0.4942254489 -0.001081616837 0.02752142686 0.2529952522 -0.9987952712 -0.01383707341 -0.04708016272 0.006928196675 0.910047026 -0.4144471143 0.04857989721 -0.4142739985 -0.9088548002 4.387372178e-05 -0.1026779624 0
0.440373814 0.2347148391 -0.07844378748 -0.008677047235 0.1099842635 0.4937200562 -0.001116594305 0.02795959675 0.2529304248 -0.9987166315 -0.01450208578 -0.04852607005 0.00726149893 0.9072284082 -0.4205756601 0.05012345359 -0.4203882786 -0.905958793 4.547342682e-05 -0.1043302374 0
0.4473480015 0.2384320113 -0.07968609951 -0.008950499207 0.1116517742 0.4932070035 -0.001152122829 0.02839754188 0.2528645763 -0.9986342432 -0.015187393 -0.04998991328 0.00760500006 0.9043710981 -0.4266791312 0.05168957641 -0.4264765645 -0.9030204469 4.710902355e-05 -0.1059825123 0
0.454322189 0.2421491835 -0.08092841153 -0.009228023702 0.1133158233 0.4926863099 -0.001188202061 0.02883525873 0.2527977073 -0.9985479927 -0.01589324723 -0.05147145732 0.007958828565 0.9014753841 -0.432757194 0.05327816883 -0.4325384799 -0.9000399436 4.878095364e-05 -0.1076347873 0
0.4612963765 0.2458663557 -0.08217072355 -0.009509610373 0.11497636 0.4921579948 -0.001224831652 0.02927274381 0.2527298184 -0.9984577652 -0.01661989747 -0.05297046415 0.008323111451 0.8985415587 -0.438809518 0.05488913262 -0.4385736498 -0.8970174674 5.048966255e-05 -0.1092870623 0
0.4682705641 0.2495835279 -0.08341303558 -0.009795248723 0.1166333338 0.4916220779 -0.001262011243 0.02970999363 0.2526609102 -0.9983634444 -0.01736758957 -0.05448669279 0.008697974206 0.8955699179 -0.4448357757 0.05652236817 -0.4445817011 -0.8939532051 5.223559938e-05 -0.1109393373 0
0.4752447516 0.2533007002 -0.0846553476 -0.0100849281 0.1182866941 0.4910785791 -0.001299740473 0.03014700468 0.2525909836 -0.9982649127 -0.01813656613 -0.05601989938 0.009083540786 0.8925607614 -0.4508356424 0.05817777448 -0.4505622622 -0.8908473463 5.401921684e-05 -0.1125916123 0
0.4822189391 0.2570178724 -0.08589765962 -0.01037863772 0.1199363905 0.4905275189 -0.001338018975 0.03058377348 0.2525200392 -0.998162051 -0.01892706652 -0.05756983717 0.009479933593 0.8895143924 -0.4568087966 0.05985524921 -0.4565149635 -0.8877000829 5.584097114e-05 -0.1142438873 0
0.4891931266 0.2607350446 -0.08713997165 -0.01067636663 0.1215823729 0.4899689176 -0.001376846375 0.03102029653 0.2524480776 -0.998054739 -0.01973932682 -0.0591362566 0.009887273458 0.8864311176 -0.4627549195 0.06155468863 -0.4624394368 -0.8845116097 5.77013219e-05 -0.1158961623 0
0.4961673142 0.2644522168 -0.08838228367 -0.01097810374 0.1232245912 0.489402796 -0.001416222296 0.03145657035 0.2523750996 -0.9979428553 -0.02057357976 -0.0607189053 0.01030567962 0.8833112474 -0.4686736958 0.06327598764 -0.4683353157 -0.8812821236 5.960073212e-05 -0.1175484373 0
0.5031415017 0.268169389 -0.0896245957 -0.01128383782 0.1248629956 0.4888291754 -0.001456146353 0.03189259144 0.2523011059 -0.9978262767 -0.02143005471 -0.06231752813 0.01073526973 0.8801550956 -0.4745648129 0.06501903983 -0.4742022358 -0.8780118245 6.153966806e-05 -0.1192007123 0
0.5101156892 0.2718865612 -0.09086690772 -0.01159355747 0.1264975364 0.488248077 -0.001496618157 0.03232835633 0.2522260972 -0.9977048791 -0.02230897765 -0.06393186722 0.01117615978 0.8769629793 -0.4804279617 0.06678373742 -0.4800398342 -0.8747009146 6.351859918e-05 -0.1208529873 0
0.5170898767 0.2756037334 -0.09210921974 -0.01190725116 0.1281281639 0.4876595224 -0.001537637315 0.03276386154 0.2521500743 -0.9975785372 -0.02321057111 -0.06556166203 0.01162846416 0.8737352192 -0.4862628359 0.06856997127 -0.48584775 -0.8713495985 6.553799808e-05 -0.1225052623 0
0.5240640643 0.2793209056 -0.09335153177 -0.01222490721 0.1297548289 0.4870635336 -0.001579203427 0.03319910359 0.2520730379 -0.9974471241 -0.02413505413 -0.06720664932 0.01209229558 0.8704721391 -0.4920691328 0.07037763095 -0.491625624 -0.8679580836 6.759834041e-05 -0.1241575372 0
0.5319100252 0.2835027243 -0.09474913279 -0.01258699181 0.131580029 0.4863841877 -0.001626618579 0.03368843201 0.2519851615 -0.9972930636 -0.02520272596 -0.06907508869 0.01262802252 0.8667593633 -0.4985666848 0.07243671943 -0.4980893783 -0.8640948402 6.996576182e-05 -0.1260163466 0
0.5388842127 0.2872198965 -0.09599144482 -0.01291302845 0.1331981102 0.4857724752 -0.001669345617 0.03412310331 0.251905974 -0.9971504483 -0.02617656058 -0.07075147414 0.01311671546 0.863422319 -0.5043112638 0.07428953622 -0.5038022297 -0.860618602 7.211470185e-05 -0.1276686216 0
0.5458584003 0.2909370688 -0.09723375684 -0.01324299003 0.1348120754 0.4851533987 -0.001712618325 0.0345575006 0.2518257754 -0.9970023583 -0.02717394652 -0.07244221279 0.01361727679 0.8600509883 -0.5100263398 0.07616342518 -0.5094839292 -0.8571028284 7.430609071e-05 -0.1293208966 0
0.5528325878 0.294654241 -0.09847606886 -0.01357686427 0.1364218759 0.4845269812 -0.001756436282 0.03499162041 0.2517445665 -0.9968486619 -0.02819508813 -0.07414703084 0.01412981222 0.8566457084 -0.5157116235 0.07805827044 -0.5151341255 -0.8535477369 7.654041598e-05 -0.1309731716 0
0.5598067753 0.2983714132 -0.09971838089 -0.01391463875 0.1380274634 0.4838932461 -0.001800799062 0.03542545928 0.2516623481 -0.9966892266 -0.02924018613 -0.07586565203 0.01465442569 0.8532068198 -0.521366829 0.07997395482 -0.5207524691 -0.8499535472 7.881816796e-05 -0.1326254466 0
0.5667809628 0.3020885854 -0.1009606929 -0.01425630092 0.1396287893 0.4832522169 -0.001845706231 0.03585901375 0.251579121 -0.9965239183 -0.03030943752 -0.07759779766 0.01519121941 0.8497346661 -0.5269916737 0.08191035989 -0.5263386127 -0.8463204817 8.113983963e-05 -0.1342777216 0
0.5737551504 0.3058057576 -0.1022030049 -0.01460183807 0.1412258055 0.4826039174 -0.001891157353 0.03629228037 0.2514948861 -0.9963526023 -0.0314030356 -0.07934318664 0.0157402938 0.8462295937 -0.5325858784 0.08386736589 -0.5318922109 -0.8426487649 8.350592657e-05 -0.1359299966 0
0.5807293379 0.3095229298 -0.103445317 -0.01495123735 0.142818464 0.4819483717 -0.001937151984 0.03672525567 0.2514096442 -0.9961751425 -0.03252116994 -0.08110153552 0.01630174749 0.8426919524 -0.5381491674 0.08584485183 -0.5374129202 -0.8389386238 8.591692691e-05 -0.1375822716 0
0.5877035254 0.313240102 -0.104687629 -0.01530448579 0.1444067169 0.4812856042 -0.001983689677 0.03715793621 0.251323396 -0.9959914018 -0.03366402629 -0.08287255855 0.01687567732 0.8391220946 -0.5436812686 0.08784269544 -0.5429003994 -0.835190288 8.83733413e-05 -0.1392345465 0
0.5946777129 0.3169572742 -0.105929941 -0.01566157026 0.1459905167 0.4806156396 -0.002030769977 0.03759031854 0.2512361425 -0.9958012421 -0.03483178664 -0.08465596768 0.01746217829 0.8355203758 -0.5491819133 0.08986077316 -0.548354309 -0.8314039892 9.087567282e-05 -0.1408868215 0
0.6016519005 0.3206744464 -0.107172253 -0.01602247749 0.1475698159 0.4799385026 -0.002078392428 0.03802239921 0.2511478845 -0.9956045244 -0.03602462911 -0.08645147264 0.01806134361 0.8318871544 -0.5546508363 0.09189896023 -0.5537743119 -0.8275799615 9.342442694e-05 -0.1425390965 0
0.608626088 0.3243916186 -0.1084145651 -0.01638719408 0.1491445671 0.4792542185 -0.002126556563 0.03845417478 0.2510586229 -0.9954011085 -0.03724272795 -0.08825878097 0.01867326458 0.8282227914 -0.5600877762 0.09395713061 -0.5591600729 -0.8237184413 9.60201115e-05 -0.1441913715 0
0.6156002755 0.3281087908 -0.1096568771 -0.01675570648 0.1507147234 0.4785628127 -0.002175261915 0.03888564182 0.2509683586 -0.9951908534 -0.03848625352 -0.09007759803 0.0192980307 0.8245276507 -0.5654924749 0.09603515705 -0.5645112589 -0.8198196675 9.866323662e-05 -0.1458436465 0
0.622574463 0.331825963 -0.1108991891 -0.01712800103 0.1522802378 0.4778643107 -0.002224508008 0.03931679689 0.2508770924 -0.994973617 -0.03975537227 -0.09190762709 0.01993572956 0.8208020991 -0.5708646782 0.09813291104 -0.5698275392 -0.815883881 0.0001013543147 -0.1474959215 0
0.6295486505 0.3355431353 -0.1121415011 -0.01750406389 0.1538410635 0.4771587386 -0.002274294362 0.03974763656 0.2507848253 -0.9947492563 -0.04105024666 -0.09374856932 0.02058644687 0.8170465058 -0.5762041353 0.1002502629 -0.575108585 -0.8119113253 0.0001040938602 -0.1491481965 0
0.6365228381 0.3392603075 -0.1133838131 -0.01788388112 0.1553971542 0.4764461226 -0.002324620493 0.04017815739 0.2506915581 -0.9945176276 -0.04237103521 -0.09560012388 0.02125026645 0.8132612428 -0.5815105993 0.1023870816 -0.5803540697 -0.8079022461 0.00010688239 -0.1508004715 0
0.6434970256 0.3429774797 -0.1146261252 -0.01826743862 0.1569484635 0.475726489 -0.00237548591 0.04060835597 0.2505972918 -0.9942785861 -0.04371789238 -0.09746198791 0.02192727018 0.8094466847 -0.5867838269 0.1045432352 -0.5855636691 -0.8038568912 0.0001097204229 -0.1524527465 0
0.6504712131 0.3466946519 -0.1158684372 -0.01865472218 0.1584949453 0.4749998646 -0.002426890118 0.04103822887 0.2505020273 -0.9940319861 -0.04509096865 -0.09933385663 0.02261753803 0.8056032085 -0.5920235785 0.1067185902 -0.5907370608 -0.7997755107 0.0001126084798 -0.1541050215 0
0.6574454006 0.3504118241 -0.1171107492 -0.01904571742 0.1600365536 0.4742662763 -0.002478832615 0.04146777267 0.2504057655 -0.9937776813 -0.04649041039 -0.1012154233 0.02332114804 0.8017311937 -0.5972296184 0.1089130122 -0.5958739252 -0.795658357 0.0001155470838 -0.1557572965 0
0.6644195882 0.3541289963 -0.1183530612 -0.01944040985 0.1615732428 0.4735257512 -0.002531312896 0.04189698397 0.2503085075 -0.9935155243 -0.04791635992 -0.1031063794 0.02403817628 0.7978310225 -0.6024017145 0.1111263655 -0.6009739445 -0.7915056847 0.0001185367597 -0.1574095714 0
0.6713937757 0.3578461685 -0.1195953733 -0.01983878485 0.1631049672 0.4727783169 -0.002584330448 0.04232585934 0.250210254 -0.993245367 -0.04936895543 -0.1050064145 0.02476869687 0.7939030792 -0.6075396386 0.1133585132 -0.6060368034 -0.7873177506 0.0001215780344 -0.1590618464 0
0.6783679632 0.3615633407 -0.1208376853 -0.02024082765 0.1646316818 0.4720240011 -0.002637884756 0.04275439538 0.2501110062 -0.9929670607 -0.05084833098 -0.1069152165 0.02551278194 0.7899477505 -0.6126431664 0.1156093173 -0.6110621889 -0.7830948136 0.0001246714369 -0.1607141214 0
0.6853421507 0.3652805129 -0.1220799973 -0.02064652336 0.1661533412 0.4712628316 -0.002691975298 0.04318258868 0.250010765 -0.9926804558 -0.05235461647 -0.1088324714 0.02627050165 0.7859654256 -0.6177120774 0.1178786386 -0.6160497901 -0.7788371349 0.0001278174979 -0.1623663964 0
0.6923163383 0.3689976851 -0.1233223093 -0.02105585696 0.1676699007 0.4704948368 -0.002746601546 0.04361043586 0.2499095314 -0.9923854019 -0.05388793762 -0.1107578635 0.02704192416 0.7819564957 -0.6227461547 0.1201663368 -0.6209992988 -0.7745449777 0.0001310167499 -0.1640186714 0
0.6992905258 0.3727148573 -0.1245646214 -0.02146881328 0.1691813155 0.4697200449 -0.002801762968 0.0440379335 0.2498073063 -0.9920817479 -0.05544841594 -0.1126910758 0.0278271156 0.7779213542 -0.6277451858 0.1224722704 -0.6259104088 -0.7702186074 0.0001342697274 -0.1656709464 0
0.7062647133 0.3764320295 -0.1258069334 -0.02188537704 0.1706875413 0.4689384847 -0.002857459026 0.04446507822 0.2497040909 -0.9917693423 -0.05703616871 -0.1146317892 0.0286261401 0.7738603969 -0.6327089617 0.1247962969 -0.6307828165 -0.7658582915 0.0001375769665 -0.1673232214 0
0.7132389008 0.3801492018 -0.1270492454 -0.02230553283 0.1721885336 0.4681501851 -0.002913689178 0.04489186663 0.249599886 -0.9914480326 -0.05865130899 -0.1165796833 0.02943905977 0.7697740215 -0.6376372775 0.1271382726 -0.6356162206 -0.7614642997 0.0001409390052 -0.1689754964 0
0.7202130884 0.383866374 -0.1282915574 -0.0227292651 0.1736842486 0.4673551753 -0.002970452876 0.04531829534 0.2494946927 -0.9911176659 -0.06029394553 -0.1185344362 0.03026593465 0.7656626276 -0.6425299323 0.1294980526 -0.6404103222 -0.7570369037 0.0001443563832 -0.1706277714 0
0.7271872759 0.3875835462 -0.1295338695 -0.02315655818 0.1751746423 0.4665534847 -0.003027749566 0.04574436098 0.2493885121 -0.9907780884 -0.06196418283 -0.1204957245 0.03110682276 0.7615266172 -0.647386729 0.1318754911 -0.645164825 -0.7525763772 0.0001478296419 -0.1722800464 0
0.7341614634 0.3913007184 -0.1307761815 -0.02358739626 0.1766596712 0.465745143 -0.00308557869 0.04617006016 0.2492813452 -0.990429146 -0.06366212105 -0.1224632232 0.03196178005 0.7573663939 -0.6522074747 0.134270441 -0.6498794348 -0.748082996 0.0001513593244 -0.1739323214 0
0.7411356509 0.3950178906 -0.1320184935 -0.02402176341 0.178139292 0.4649301799 -0.003143939685 0.0465953895 0.2491731931 -0.990070684 -0.06538785605 -0.1244366062 0.0328308604 0.7531823632 -0.6569919804 0.1366827542 -0.6545538603 -0.743557038 0.0001549459753 -0.1755845964 0
0.7481098384 0.3987350628 -0.1332608055 -0.0244596436 0.1796134613 0.4641086257 -0.003202831981 0.04702034566 0.2490640567 -0.989702547 -0.06714147932 -0.1264155458 0.03371411561 0.7489749327 -0.6617400612 0.1391122816 -0.6591878123 -0.738998783 0.000158590141 -0.1772368713 0
0.755084026 0.402452235 -0.1345031175 -0.02490102062 0.1810821364 0.4632805107 -0.003262255005 0.04744492524 0.2489539373 -0.9893245792 -0.068923078 -0.1283997132 0.0346115954 0.7447445116 -0.666451536 0.1415588729 -0.6637810044 -0.7344085128 0.0001622923693 -0.1788891463 0
0.7620582135 0.4061694072 -0.1357454296 -0.02534587819 0.1825452744 0.4624458654 -0.003322208178 0.0478691249 0.2488428359 -0.9889366242 -0.07073273485 -0.1303887782 0.03552334739 0.7404915108 -0.6711262282 0.1440223769 -0.6683331524 -0.7297865115 0.0001660532098 -0.1805414213 0
0.769032401 0.4098865794 -0.1369877416 -0.02579419987 0.184002833 0.4616047208 -0.003382690915 0.04829294128 0.2487307535 -0.9885385253 -0.07257052823 -0.1323824095 0.03644941712 0.736216343 -0.6757639649 0.1465026413 -0.672843975 -0.7251330646 0.0001698732136 -0.1821936963 0
0.7760065885 0.4136037516 -0.1382300536 -0.02624596912 0.1854547699 0.4607571078 -0.003443702626 0.04871637103 0.2486176913 -0.9881301253 -0.07443653209 -0.1343802746 0.03738984798 0.7319194224 -0.6803645775 0.1489995127 -0.6773131933 -0.72044846 0.0001737529331 -0.1838459713 0
0.7829807761 0.4173209238 -0.1394723656 -0.02670116925 0.186901043 0.4599030578 -0.003505242718 0.04913941079 0.2485036504 -0.9877112664 -0.07633081593 -0.1363820398 0.03834468128 0.727601165 -0.6849279014 0.1515128366 -0.6817405308 -0.7157329873 0.0001776929225 -0.1854982463 0
0.7899549636 0.421038096 -0.1407146777 -0.02715978347 0.1883416106 0.4590426022 -0.003567310589 0.04956205722 0.2483886319 -0.9872817906 -0.07825344485 -0.1383873704 0.03931395618 0.723261988 -0.6894537763 0.1540424577 -0.6861257138 -0.7109869381 0.0001816937373 -0.1871505213 0
0.7969291511 0.4247552682 -0.1419569897 -0.02762179487 0.1897764311 0.4581757728 -0.003629905636 0.04998430698 0.2482726369 -0.9868415395 -0.08020447945 -0.1403959309 0.04029770972 0.7189023103 -0.6939420457 0.1565882196 -0.6904684712 -0.7062106058 0.0001857559345 -0.1888027963 0
0.8039033386 0.4284724405 -0.1431993017 -0.02808718641 0.1912054633 0.4573026015 -0.003693027248 0.05040615673 0.2481556666 -0.9863903543 -0.08218397588 -0.1424073844 0.04129597681 0.7145225523 -0.6983925576 0.1591499649 -0.6947685344 -0.7014042859 0.0001898800725 -0.1904550713 0
0.8108775262 0.4321896127 -0.1444416137 -0.02855594093 0.1926286659 0.4564231206 -0.003756674809 0.05082760315 0.2480377222 -0.9859280758 -0.08419198579 -0.1444213933 0.04230879019 0.7101231355 -0.7028051641 0.1617275351 -0.6990256375 -0.6965682755 0.0001940667114 -0.1921073463 0
0.8178517137 0.4359067849 -0.1456839258 -0.02902804116 0.1940459983 0.4555373625 -0.0038208477 0.0512486429 0.2479188047 -0.9854545447 -0.08622855636 -0.1464376193 0.04333618047 0.7057044829 -0.7071797213 0.1643207708 -0.7032395174 -0.6917028736 0.0001983164123 -0.1937596213 0
0.8248259012 0.4396239571 -0.1469262378 -0.02950346971 0.1954574199 0.4546453598 -0.003885545294 0.05166927266 0.2477989155 -0.9849696013 -0.08829373023 -0.1484557228 0.04437817611 0.7012670187 -0.7115160897 0.1669295118 -0.7074099135 -0.6868083811 0.0002026297379 -0.1954118962 0
0.8318000887 0.4433411293 -0.1481685498 -0.02998220905 0.1968628902 0.4537471452 -0.003950766962 0.05208948911 0.2476780555 -0.9844730857 -0.09038754555 -0.1504753639 0.04543480337 0.6968111683 -0.715814134 0.1695535967 -0.7115365678 -0.6818851007 0.0002070072524 -0.1970641712 0
0.8387742762 0.4470583015 -0.1494108618 -0.03046424158 0.1982623691 0.4528427521 -0.004016512067 0.05250928895 0.2475562261 -0.9839648377 -0.09251003591 -0.1524962016 0.04650608638 0.6923373583 -0.7200737228 0.1721928633 -0.7156192253 -0.6769333366 0.0002114495211 -0.1987164462 0
0.8457484638 0.4507754737 -0.1506531739 -0.03094954954 0.1996558169 0.4519322135 -0.004082779968 0.05292866885 0.2474334284 -0.9834446968 -0.09466123038 -0.1545178945 0.04759204709 0.6878460163 -0.7242947293 0.1748471484 -0.7196576334 -0.6719533952 0.0002159571107 -0.2003687212 0
0.8527226513 0.4544926459 -0.1518954859 -0.03143811508 0.2010431938 0.451015563 -0.004149570019 0.05334762551 0.2473096637 -0.9829125027 -0.09684115348 -0.1565401002 0.04869270526 0.683337571 -0.7284770308 0.1775162878 -0.7236515425 -0.6669455844 0.0002205305894 -0.2020209962 0
0.8596968388 0.4582098181 -0.1531377979 -0.03192992023 0.2024244606 0.4500928343 -0.00421688157 0.05376615564 0.2471849331 -0.9823680946 -0.09904982516 -0.158562476 0.04980807848 0.6788124522 -0.7326205089 0.1802001165 -0.7276007057 -0.6619102138 0.0002251705266 -0.2036732712 0
0.8666710263 0.4619269903 -0.1543801099 -0.0324249469 0.2037995781 0.4491640614 -0.004284713963 0.05418425593 0.2470592379 -0.9818113117 -0.1012872608 -0.1605846786 0.05093818215 0.6742710904 -0.7367250493 0.1828984685 -0.7315048786 -0.6568475948 0.0002298774929 -0.2053255462 0
0.8736452139 0.4656441625 -0.1556224219 -0.03292317689 0.2051685075 0.4482292784 -0.004353066539 0.0546019231 0.2469325793 -0.9812419931 -0.1035534713 -0.162606364 0.05208302947 0.6697139172 -0.740790542 0.1856111771 -0.73536382 -0.6517580404 0.0002346520604 -0.2069778212 0
0.8806194014 0.4693613347 -0.156864734 -0.03342459189 0.2065312102 0.4472885197 -0.004421938629 0.05501915386 0.2468049586 -0.9806599777 -0.1058484627 -0.164627188 0.05324263148 0.6651413648 -0.7448168815 0.1883380744 -0.7391772911 -0.6466418653 0.0002394948022 -0.2086300962 0
0.8875935889 0.473078507 -0.158107046 -0.03392917349 0.2078876477 0.4463418197 -0.004491329564 0.05543594493 0.2466763769 -0.9800651046 -0.1081722369 -0.1666468058 0.05441699699 0.6605538664 -0.7488039663 0.1910789919 -0.7429450563 -0.6414993859 0.0002444062929 -0.2102823712 0
0.8945677764 0.4767956792 -0.159349358 -0.03443690316 0.2092377821 0.4453892134 -0.004561238665 0.05585229302 0.2465468357 -0.9794572127 -0.1105247907 -0.1686648723 0.05560613261 0.6559518558 -0.7527516993 0.19383376 -0.7466668825 -0.6363309202 0.0002493871083 -0.2119346462 0
0.901541964 0.4805128514 -0.16059167 -0.03494776225 0.2105815755 0.4444307356 -0.004631665252 0.05626819487 0.2464163361 -0.9788361409 -0.1129061168 -0.1706810422 0.05681004279 0.6513357675 -0.7566599878 0.1966022085 -0.7503425397 -0.6311367877 0.0002544378254 -0.2135869212 0
0.9085161515 0.4842300236 -0.1618339821 -0.03546173201 0.2119189903 0.4434664215 -0.004702608638 0.05668364722 0.2462848795 -0.9782017281 -0.1153162029 -0.1726949697 0.05802872973 0.6467060364 -0.760528743 0.1993841662 -0.7539718004 -0.6259173096 0.0002595590223 -0.2152391961 0
0.915490339 0.4879471958 -0.1630762941 -0.0359787936 0.2132499892 0.4424963065 -0.004774068132 0.05709864678 0.2461524671 -0.9775538133 -0.1177550323 -0.1747063089 0.05926219344 0.6420630984 -0.7643578809 0.202179461 -0.7575544403 -0.6206728087 0.0002647512785 -0.2168914711 0
0.9224645265 0.491664368 -0.1643186061 -0.03649892805 0.2145745352 0.4415204262 -0.004846043036 0.05751319032 0.2460191003 -0.9768922358 -0.1202225837 -0.1767147139 0.06051043174 0.6374073894 -0.7681473216 0.2049879201 -0.761090238 -0.6154036093 0.0002700151747 -0.2185437461 0
0.9294387141 0.4953815402 -0.1655609181 -0.03702211628 0.2158925914 0.4405388163 -0.004918532648 0.05792727458 0.2458847803 -0.9762168345 -0.122718831 -0.1787198383 0.06177344021 0.632739346 -0.7718969893 0.2078093698 -0.7645789747 -0.6101100371 0.0002753512926 -0.2201960211 0
0.9364129016 0.4990987124 -0.1668032302 -0.03754833914 0.2172041215 0.4395515129 -0.004991536263 0.0583408963 0.2457495084 -0.9755274488 -0.1252437437 -0.180721336 0.06305121225 0.6280594053 -0.7756068128 0.2106436357 -0.7680204347 -0.6047924195 0.0002807602154 -0.2218482961 0
0.9433870891 0.5028158846 -0.1680455422 -0.03807757733 0.218509089 0.4385585521 -0.005065053167 0.05875405225 0.2456132861 -0.9748239182 -0.1277972867 -0.1827188606 0.06434373902 0.6233680044 -0.7792767252 0.2134905425 -0.7714144053 -0.5994510852 0.0002862425271 -0.2235005711 0
0.9503612766 0.5065330568 -0.1692878542 -0.03860981148 0.219807458 0.4375599702 -0.005139082645 0.05916673919 0.2454761145 -0.9741060823 -0.13037942 -0.1847120659 0.0656510095 0.6186655809 -0.7829066636 0.2163499143 -0.7747606765 -0.5940863647 0.0002917988131 -0.2251528461 0
0.9573354641 0.510250229 -0.1705301662 -0.03914502211 0.2210991929 0.4365558038 -0.005213623974 0.05957895388 0.2453379952 -0.9733737809 -0.1329900993 -0.1867006057 0.06697301042 0.6139525726 -0.7864965699 0.2192215741 -0.7780590415 -0.5886985896 0.00029742966 -0.2268051211 0
0.9643096517 0.5139674012 -0.1717724783 -0.03968318962 0.2223842581 0.4355460897 -0.005288676427 0.0599906931 0.2451989294 -0.9726268541 -0.1356292755 -0.1886841338 0.06830972635 0.6092294174 -0.7900463899 0.2221053444 -0.7813092964 -0.583288093 0.0003031356553 -0.2284573961 0
0.9712838392 0.5176845735 -0.1730147903 -0.04022429434 0.2236626186 0.4345308649 -0.005364239272 0.06040195363 0.2450589185 -0.9718651421 -0.1382968951 -0.1906623044 0.0696611396 0.6044965534 -0.793556074 0.225001047 -0.78451124 -0.5778552095 0.0003089173879 -0.2301096711 0
0.9782580267 0.5214017457 -0.1742571023 -0.04076831648 0.2249342394 0.4335101663 -0.005440311774 0.06081273224 0.2449179639 -0.9710884856 -0.1409928996 -0.1926347718 0.07102723029 0.5997544186 -0.7970255767 0.2279085027 -0.7876646746 -0.572400275 0.0003147754477 -0.2317619461 0
