0.00610067277 0.005733473276 7.497726834e-05 -2.973123345e-06 0.00155566247 0.5099968365 -3.727510236e-07 0.0003873662692 0.2549996078 -0.9999999999 -6.94905068e-08 -1.731451193e-05 3.56115785e-08 0.9999815768 -0.006070099202 1.731461476e-05 -0.006070099202 -0.9999815766 3.494147635e-08 9.971976689e-05 0
0.01120134554 0.01052713655 0.0001376645367 -1.002291958e-05 0.002856286869 0.5099893352 -1.262243409e-06 0.0007123027048 0.2549986717 -0.9999999983 -4.329114305e-07 -5.836908427e-05 2.176333131e-07 0.9999378936 -0.01114490427 5.837028393e-05 -0.01114490427 -0.9999378919 7.360818625e-08 0.0001830938338 0
0.01703068585 0.01600560887 0.0002093071291 -2.316921941e-05 0.004342627215 0.5099753469 -2.929157749e-06 0.00108440393 0.2549969173 -0.9999999909 -1.523215721e-06 -0.0001349223381 7.631277583e-07 0.99985644 -0.01694400521 0.0001349287781 -0.01694400515 -0.9998564309 8.114818829e-08 0.0002783784817 0
0.02213135862 0.02079927214 0.0002719943974 -3.912506831e-05 0.005643062661 0.5099583692 -4.957094356e-06 0.001410199368 0.254994783 -0.999999974 -3.343469858e-06 -0.0002278284401 1.673519313e-06 0.9997575888 -0.02201735056 0.0002278468263 -0.02201735037 -0.9997575628 5.321359077e-08 0.0003617525486 0
0.02796069893 0.02627774446 0.0003436369898 -6.244865121e-05 0.007129103468 0.5099335518 -7.924558917e-06 0.001782556367 0.2549916597 -0.9999999339 -6.74291908e-06 -0.0003636195291 3.373453542e-06 0.999613112 -0.02781413768 0.0003636663976 -0.02781413706 -0.9996130459 1.747573681e-08 0.0004570371964 0
0.0330613717 0.03107140773 0.0004063242581 -8.730839897e-05 0.008429203683 0.5099070999 -1.108907229e-05 0.002108332245 0.254988329 -0.9999998707 -1.114702042e-05 -0.0005083344949 5.575535106e-06 0.9994591456 -0.03288489382 0.0005084261285 -0.0328848924 -0.9994590163 9.548401407e-08 0.0005404112633 0
0.038890712 0.03654988005 0.0004779668505 -0.0001208061166 0.009914777804 0.5098714569 -1.535432555e-05 0.002480591855 0.2549838397 -0.9999997525 -1.814276731e-05 -0.0007033010615 9.073143316e-06 0.9992517232 -0.03867807695 0.000703476525 -0.03867807375 -0.9992514757 2.126131697e-07 0.0006356959112 0
0.04399138477 0.04134354332 0.0005406541189 -0.0001545664076 0.01121439656 0.5098355344 -1.965377019e-05 0.002806270605 0.2549793145 -0.9999995949 -2.625603899e-05 -0.0008997584388 1.312913761e-05 0.9990427242 -0.04374511569 0.0009000456953 -0.04374510978 -0.9990423191 3.351510344e-07 0.0007190699781 0
0.04982072508 0.04682201564 0.0006122967113 -0.0001982337384 0.01269933692 0.5097890704 -2.521563251e-05 0.003178422871 0.2549734605 -0.9999993336 -3.813288288e-05 -0.001153810961 1.906612649e-05 0.9987724672 -0.04953340644 0.001154283472 -0.04953339544 -0.9987718009 4.969116552e-07 0.000814354626 0
0.05492139785 0.05161567892 0.0006749839796 -0.0002408900157 0.01399832807 0.5097436822 -3.064933302e-05 0.003504013162 0.2549677415 -0.999999016 -5.107822071e-05 -0.00140192055 2.553668078e-05 0.9985085476 -0.05459560146 0.001402618298 -0.05459558354 -0.9985075638 6.569549904e-07 0.0008977286929 0
0.06075073816 0.05709415123 0.000746626572 -0.0002947210657 0.01548246768 0.5096864036 -3.750724728e-05 0.003876069365 0.2549605234 -0.9999985271 -6.911776665e-05 -0.001714942393 3.455268383e-05 0.998175601 -0.06037771391 0.001715986827 -0.06037768423 -0.9981741284 8.60700051e-07 0.0009930133408 0
0.06658007847 0.06257262355 0.0008182691644 -0.0003539698822 0.01696611198 0.5096233602 -4.50562267e-05 0.004248076574 0.2549525779 -0.9999978754 -9.096676224e-05 -0.00205935751 4.54714849e-05 0.9978092908 -0.0661560065 0.002060864054 -0.06615595958 -0.9978071667 1.086528988e-06 0.001088297989 0
0.07168075124 0.06736628682 0.0008809564327 -0.0004102550752 0.01826385715 0.5095634702 -5.222839259e-05 0.004573542887 0.254945029 -0.999997146 -0.0001134947242 -0.002386437784 5.672842624e-05 0.9974614444 -0.07120859258 0.002388461478 -0.07120852473 -0.9974585912 1.302218136e-06 0.001171672056 0
0.07751009155 0.07284475914 0.0009525990251 -0.0004796559098 0.01974644492 0.5094896246 -6.107284426e-05 0.004945458224 0.2549357201 -0.9999960988 -0.0001434634275 -0.002789590883 7.17017416e-05 0.9970327318 -0.07697874132 0.002792357052 -0.07697864103 -0.9970288319 1.569433609e-06 0.001266956703 0
0.08261076432 0.07763842241 0.001015286293 -0.0005448201739 0.02104319269 0.5094202869 -6.937839143e-05 0.005270842956 0.2549269783 -0.9999949668 -0.0001736522965 -0.003167988965 8.678327657e-05 0.9966303801 -0.08202364242 0.00317155764 -0.08202350451 -0.9966253488 1.821446052e-06 0.00135033077 0
0.08844010463 0.08311689473 0.001086928886 -0.0006243636601 0.02252455728 0.5093356491 -7.951795214e-05 0.005642662817 0.2549163062 -0.9999933899 -0.0002130104724 -0.003629695066 0.0001064430556 0.9961394947 -0.08778437045 0.003634381599 -0.08778417655 -0.9961328875 2.130383946e-06 0.001445615418 0
0.0935407774 0.087910558 0.001149616154 -0.000698398201 0.02382016193 0.509256873 -8.8956553e-05 0.005967961486 0.2549063718 -0.9999917295 -0.0002519686966 -0.004059237359 0.0001259004553 0.9956828533 -0.09282047129 0.004065100889 -0.09282021468 -0.9956745868 2.419140938e-06 0.001528989485 0
0.0993701177 0.09338903032 0.001221258747 -0.0007880736044 0.0253001369 0.5091614543 -0.0001003908331 0.006339679591 0.254894337 -0.9999894694 -0.0003019799641 -0.004579284677 0.0001508746594 0.9951300581 -0.09857050645 0.004586750145 -0.09857015934 -0.9951195332 2.7703951e-06 0.001624274133 0
0.1044707905 0.09818269359 0.001283946015 -0.0008709684312 0.02659445288 0.5090732505 -0.0001109621313 0.006664885917 0.2548832105 -0.9999871377 -0.0003508102521 -0.005059774182 0.0001752554704 0.9946193713 -0.1035966962 0.005068892199 -0.1035962504 -0.9946065168 3.096496645e-06 0.0017076482 0
0.1103001308 0.1036611659 0.001355588607 -0.0009707636507 0.02807287199 0.5089670639 -0.0001236907042 0.007036494401 0.2548698133 -0.9999840216 -0.0004127312575 -0.005637924251 0.0002061675366 0.9940049624 -0.1093347716 0.005649250561 -0.109334187 -0.9939889947 3.490830254e-06 0.001802932848 0
0.1154008036 0.1084548292 0.001418275876 -0.001062507578 0.02936575394 0.5088694443 -0.0001353943083 0.007361601028 0.254857495 -0.999980859 -0.0004725298557 -0.006169140682 0.0002360151129 0.9934405038 -0.1143499443 0.006182707989 -0.1143492115 -0.9934213768 3.855003591e-06 0.001886306915 0
0.1212301439 0.1139333015 0.001489918468 -0.001172409148 0.03084245119 0.5087525041 -0.0001494167053 0.007733091057 0.2548427361 -0.9999766949 -0.0005476094494 -0.006805128493 0.00027348342 0.9927648099 -0.1200747992 0.00682164619 -0.1200738619 -0.9927415237 4.293308675e-06 0.001981591562 0
0.1263308166 0.1187269648 0.001552605736 -0.001272989797 0.03213375396 0.5086454817 -0.0001622521863 0.00805808996 0.2548292264 -0.9999725251 -0.0006194654244 -0.007386828403 0.0003093364574 0.9921468816 -0.1250778544 0.007406300171 -0.1250767029 -0.9921194309 4.69638329e-06 0.002064965629 0
0.1321601569 0.1242054371 0.001624248329 -0.00139298289 0.0336085636 0.5085178037 -0.0001775678948 0.008429452093 0.2548131063 -0.999967102 -0.0007089438428 -0.008080362559 0.000353973796 0.9914102644 -0.1307882345 0.008103675895 -0.1307867921 -0.9913773981 5.179659879e-06 0.002160250277 0
0.1379894972 0.1296839094 0.001695890921 -0.001518351596 0.03508229884 0.5083844058 -0.0001935731443 0.008800742012 0.2547962604 -0.9999609147 -0.0008066055308 -0.008804459889 0.000402683091 0.9906413139 -0.1364903844 0.008832155612 -0.136488595 -0.9906022696 5.687363622e-06 0.002255534925 0
0.14309017 0.1344775727 0.001758578189 -0.001632455119 0.03637089886 0.5082629945 -0.0002081432465 0.009125559216 0.254780925 -0.9999548203 -0.0008990464202 -0.009463042366 0.0004487789153 0.9899420506 -0.1414727362 0.009495054122 -0.1414705913 -0.9898969218 6.151897777e-06 0.002338908992 0
0.1489195103 0.139956045 0.001830220782 -0.001767889971 0.0378424929 0.5081188858 -0.0002254409333 0.009496706038 0.2547627187 -0.9999470138 -0.001012990041 -0.01024418837 0.000505584797 0.9891127942 -0.1471585023 0.01028172788 -0.1471558843 -0.9890598727 6.706289708e-06 0.00243419364 0
0.1540201831 0.1447497083 0.00189290805 -0.001890793532 0.03912914716 0.5079881109 -0.0002411416484 0.009821393587 0.2547461933 -0.9999393917 -0.001120210329 -0.01095253493 0.0005590268118 0.9883609536 -0.1521259772 0.01099547096 -0.1521228799 -0.9883004245 7.212204165e-06 0.002517567707 0
0.1598495234 0.1502281806 0.001964550643 -0.002036276262 0.04059843502 0.5078333107 -0.0002597311441 0.0101923871 0.2547266273 -0.9999297078 -0.001251650673 -0.01179037214 0.0006245255664 0.9874718346 -0.1577941249 0.01184016353 -0.1577903966 -0.9874016413 7.814512324e-06 0.002612852355 0
0.1649501962 0.1550218439 0.002027237911 -0.002167963283 0.0418829993 0.5076931898 -0.0002765619021 0.01051693599 0.2547089125 -0.9999203238 -0.001374708378 -0.01254815873 0.000685832329 0.9866678186 -0.1627456462 0.01260459221 -0.1627412852 -0.9865882618 8.362916806e-06 0.002696226422 0
0.1707795365 0.1605003162 0.002098880503 -0.002323474271 0.04334981635 0.5075277191 -0.0002964425321 0.01088776585 0.2546879876 -0.9999084855 -0.00152484878 -0.01344230396 0.0007606128129 0.9857193122 -0.1683949494 0.01350711545 -0.1683897632 -0.9856279448 9.014448426e-06 0.002791511069 0
0.1758802093 0.1652939795 0.002161567772 -0.002463926993 0.04463214677 0.5073782711 -0.0003144027222 0.01121216697 0.254669084 -0.9998970893 -0.001664791548 -0.01424918411 0.0008302961555 0.9848635504 -0.1733294485 0.01432205946 -0.1733234421 -0.9847608151 9.606519917e-06 0.002874885136 0
0.1817095496 0.1707724518 0.002233210364 -0.002629445267 0.04609632874 0.5072021523 -0.0003355737652 0.0115828227 0.2546468009 -0.9998828016 -0.001834823093 -0.01519922868 0.0009149392844 0.9838561632 -0.1789586907 0.01528221235 -0.1789516234 -0.9837391781 1.030865694e-05 0.002970169784 0
0.1868102223 0.175566115 0.002295897632 -0.002778644751 0.04737628172 0.5070433973 -0.0003546627361 0.01190706686 0.2546267092 -0.9998691272 -0.001992687512 -0.01605483369 0.0009935038693 0.9829491126 -0.1838751073 0.01614749016 -0.1838669936 -0.9828184915 1.094563598e-05 0.003053543851 0
0.1926395626 0.1810445874 0.002367540225 -0.002954147995 0.04883766475 0.506856654 -0.0003771234245 0.01227753793 0.2546030687 -0.9998520769 -0.002183788259 -0.01706034363 0.001088582113 0.9818833824 -0.1894830818 0.01716505884 -0.1894736245 -0.981735762 1.169983101e-05 0.003148828499 0
0.1977402354 0.1858382506 0.002430227493 -0.003112074126 0.05011509709 0.5066886135 -0.0003973404841 0.01260161589 0.2545817896 -0.9998358426 -0.002360599178 -0.01796428283 0.001176524993 0.980925527 -0.1943803648 0.01808047773 -0.1943695913 -0.9807617235 1.238301832e-05 0.003232202566 0
0.2035695757 0.191316723 0.002501870086 -0.00329753868 0.05157351771 0.5064912709 -0.0004210900036 0.01297189171 0.2545567925 -0.999815699 -0.002573933383 -0.01902479917 0.001282601876 0.9798020226 -0.1999658757 0.01915523555 -0.199953423 -0.9796181427 1.319079086e-05 0.003327487214 0
0.2086702485 0.1961103862 0.002564557354 -0.003464170169 0.05284828659 0.5063139675 -0.000442434419 0.01329579418 0.2545343269 -0.9997966074 -0.002770703239 -0.01997666009 0.001380412059 0.9787938734 -0.2048429833 0.02012059163 -0.2048288958 -0.9785909693 1.392154409e-05 0.003410861281 0
0.2144995888 0.2015888585 0.002636199946 -0.003659571032 0.05430358181 0.5061060523 -0.0004674719088 0.01366586413 0.2545079741 -0.9997730221 -0.003007420593 -0.0210916991 0.001498041665 0.9776131939 -0.2104048456 0.02125229919 -0.2103886846 -0.977386792 1.478447698e-05 0.003506145929 0
0.2203289291 0.2070673309 0.002707842539 -0.003860260578 0.05575714365 0.5058925096 -0.0004931959479 0.01403581993 0.2544808987 -0.9997474527 -0.003257073795 -0.02223561062 0.001622055873 0.9764022763 -0.215953615 0.02241427768 -0.2159351439 -0.9761504053 1.567749674e-05 0.003601430576 0
0.2254296019 0.2118609941 0.002770529807 -0.004040196261 0.05702755206 0.5057010499 -0.0005162674589 0.01435943523 0.2544566152 -0.9997233681 -0.003486383617 -0.02326010123 0.001735926172 0.9753180629 -0.220797787 0.02345578266 -0.2207770851 -0.9750422068 1.648394368e-05 0.003684804643 0
0.2312589422 0.2173394665 0.002842172399 -0.004250781193 0.05847773946 0.5054769781 -0.0005432780579 0.01472916882 0.2544281857 -0.9996937893 -0.003761152812 -0.02445774628 0.001872323251 0.9740509472 -0.2263211141 0.02467431922 -0.2262976049 -0.9737456403 1.743466599e-05 0.003780089291 0
0.2363596149 0.2221331297 0.002904859668 -0.004439363074 0.05974512441 0.5052763185 -0.0005674748857 0.01505258501 0.2544027177 -0.9996660271 -0.004012926386 -0.0255290179 0.001997260782 0.9729178524 -0.2311425177 0.02576519518 -0.2311163105 -0.9725849093 1.829235279e-05 0.003863463358 0
0.2421889553 0.227611602 0.00297650226 -0.004659815021 0.06119177561 0.5050417478 -0.0005957710655 0.0154220857 0.254372935 -0.9996320471 -0.004313921004 -0.02677985134 0.002146568735 0.9715952132 -0.2366392486 0.02704001839 -0.2366096613 -0.9712284518 1.930250582e-05 0.003958748006 0
0.247289628 0.2324052653 0.003039189528 -0.004857017695 0.06245599578 0.5048319153 -0.0006210923332 0.01574529343 0.2543462835 -0.9996002572 -0.004589121642 -0.02789741656 0.002283030682 0.97041384 -0.2414368799 0.02818002234 -0.2414040579 -0.9700154469 2.021296758e-05 0.004042122073 0
0.2531189683 0.2378837376 0.003110832121 -0.005087306959 0.06389894952 0.5045868772 -0.0006506730687 0.01611455055 0.2543151487 -0.9995614679 -0.004917433926 -0.02920086954 0.002445766379 0.969036381 -0.2469058737 0.02951084826 -0.2468690161 -0.9685994005 2.128433122e-05 0.004137406721 0
0.2582196411 0.2426774009 0.003173519389 -0.005293103863 0.06515986405 0.5043679 -0.0006771178587 0.01643754047 0.2542873146 -0.9995252858 -0.005217009582 -0.03036422036 0.002594199981 0.9678073577 -0.2516787405 0.03069972628 -0.2516380359 -0.9673343919 2.224914696e-05 0.004220780788 0
0.2640489814 0.2481558732 0.003245161982 -0.005533199428 0.06659895966 0.5041124276 -0.0007079820777 0.01680654331 0.2542548288 -0.9994812626 -0.005573713863 -0.03171970067 0.002770868697 0.9663758114 -0.2571188703 0.03208625848 -0.2570733842 -0.9658590721 2.338354974e-05 0.004316065436 0
0.2691496542 0.2529495365 0.00330784925 -0.005747562847 0.0678564282 0.5038843353 -0.0007355494319 0.01712930606 0.2542258132 -0.9994403099 -0.005898596512 -0.03292830878 0.002931710849 0.9650997912 -0.2618659925 0.03332374576 -0.261815965 -0.9645423414 2.440433976e-05 0.004399439502 0
0.2749789945 0.2584280088 0.003379491842 -0.005997432384 0.06929150555 0.5036184629 -0.0007676960162 0.01749804393 0.2541919776 -0.9993906123 -0.006284748504 -0.03433520117 0.003122805807 0.963614918 -0.2672761455 0.03476567541 -0.2672204928 -0.9630080768 2.560365593e-05 0.00449472415 0
0.2800796673 0.2632216721 0.003442179111 -0.006220333457 0.07054538826 0.5033812862 -0.0007963849355 0.01782057016 0.2541617814 -0.9993444966 -0.006635853525 -0.03558851828 0.00329648266 0.9622925786 -0.271996556 0.03605149633 -0.2719355782 -0.9616399175 2.66820793e-05 0.004578098217 0
0.2859090076 0.2687001444 0.003513821703 -0.006479943325 0.07197628784 0.5031050496 -0.0008298127202 0.01818903237 0.2541265973 -0.9992886683 -0.00705248963 -0.03704618482 0.003502484586 0.9607551666 -0.2773756341 0.03754850225 -0.2773080818 -0.9600470498 2.794822602e-05 0.004673382865 0
0.2917383479 0.2741786167 0.003585464295 -0.006744733832 0.07340489428 0.5028233006 -0.0008639233196 0.01855734319 0.2540906945 -0.9992293785 -0.007485800826 -0.03853066236 0.003716629008 0.9591900657 -0.2827376955 0.03907474664 -0.2826630159 -0.9584230713 2.925081361e-05 0.004768667513 0
0.2968390206 0.27897228 0.003648151564 -0.006980667305 0.07465300836 0.5025722568 -0.0008943299391 0.01887948857 0.2540586903 -0.9991745532 -0.007878851825 -0.03985142342 0.003910787846 0.9577980743 -0.2874152997 0.04043411917 -0.2873339041 -0.9569766505 3.042091276e-05 0.00485204158 0
0.302668361 0.2844507523 0.003719794156 -0.007255144034 0.07607719367 0.5022802013 -0.0009297198627 0.01924750734 0.2540214409 -0.9991084035 -0.008344197214 -0.04138565377 0.004140551073 0.956181696 -0.2927446328 0.04201492356 -0.2926549821 -0.9552946182 3.179334771e-05 0.004947326228 0
0.3077690337 0.2892444156 0.003782481425 -0.007499536938 0.07732137011 0.5020201563 -0.0009612453351 0.0195693925 0.253988259 -0.9990473612 -0.008765711215 -0.04274964746 0.004348573522 0.9547452085 -0.2973931351 0.04342188341 -0.2972957269 -0.9537975628 3.302544051e-05 0.005030700295 0
0.313598374 0.2947228879 0.003854124017 -0.007783662958 0.07874097641 0.5017178334 -0.0009979133006 0.01993710853 0.2539496643 -0.9989738573 -0.009264075242 -0.04433293694 0.004594402672 0.9530784088 -0.3026886819 0.04505689572 -0.3025817635 -0.9520578515 3.446973681e-05 0.005125984942 0
0.3186990468 0.2995165512 0.003916811285 -0.008036482415 0.07998107738 0.5014488222 -0.001030556484 0.02025872414 0.2539153059 -0.998906159 -0.009714904224 -0.04573954691 0.004816673879 0.9515981855 -0.3073071638 0.04651112951 -0.3071913311 -0.9505104949 3.576560058e-05 0.005209359009 0
0.3245283871 0.3049950235 0.003988453878 -0.008330219508 0.08139594747 0.5011362727 -0.001068501163 0.02062612676 0.2538753674 -0.998824792 -0.01024724967 -0.04737118052 0.00507900206 0.9498818465 -0.312567883 0.04819998556 -0.312441149 -0.9487134919 3.728380609e-05 0.005304643657 0
0.3296290599 0.3097886868 0.004051141146 -0.008591431513 0.08263183571 0.5008583315 -0.001102260874 0.02094746346 0.2538398337 -0.9987499862 -0.01072822637 -0.04881977195 0.00531589473 0.9483586704 -0.3171554406 0.04970116938 -0.3170185127 -0.9471161789 3.864524675e-05 0.005388017724 0
0.3354584002 0.3152671591 0.004122783738 -0.008894740176 0.08404181312 0.5005355974 -0.001141480891 0.021314542 0.2537985528 -0.9986602332 -0.01129549369 -0.05049901376 0.005595140634 0.9465936993 -0.3223803079 0.05144349298 -0.3222309426 -0.9452622846 4.023944087e-05 0.005483302372 0
0.340559073 0.3200608224 0.004185471007 -0.009164309606 0.08527335202 0.5002487635 -0.001176355907 0.02163559047 0.2537618451 -0.9985778564 -0.01180743106 -0.05198893372 0.005847014685 0.9450283751 -0.3269360528 0.05299129246 -0.3267750828 -0.9436153709 4.166829101e-05 0.005566676439 0
0.3463884133 0.3255392947 0.004257113599 -0.009477149059 0.08667828098 0.4999158883 -0.001216849841 0.02200233428 0.2537192232 -0.9984791807 -0.0124105378 -0.05371502735 0.006143582186 0.9432157039 -0.3321240617 0.05478669555 -0.3319489637 -0.9417049981 4.334058258e-05 0.005661961087 0
0.351489086 0.330332958 0.004319800867 -0.009755039677 0.0879053346 0.4996202002 -0.001252838898 0.0223230852 0.2536813429 -0.9983887575 -0.01295422845 -0.05524560516 0.006410784399 0.9416090579 -0.3366471209 0.05638076594 -0.3364588684 -0.9400088506 4.483869961e-05 0.005745335154 0
0.3573184263 0.3358114303 0.00439144346 -0.01007736787 0.08930506011 0.4992772285 -0.001294605283 0.02268948363 0.2536373816 -0.9982806092 -0.01359406861 -0.05701777416 0.00672506217 0.9397496427 -0.3417972828 0.05822884861 -0.3415930477 -0.9380424249 4.659122479e-05 0.005840619802 0
0.3624190991 0.3406050935 0.004454130728 -0.01036354233 0.09052749315 0.4989727261 -0.001331707077 0.02300992769 0.2535983301 -0.9981816526 -0.01417028429 -0.05858832182 0.00700792586 0.9381025219 -0.3462867994 0.05986883485 -0.3460677123 -0.9362974213 4.816048918e-05 0.005923993868 0
0.3682484394 0.3460835659 0.004525773321 -0.01069531596 0.09192186099 0.498619704 -0.001374744399 0.0233759701 0.253553031 -0.9980634689 -0.01484772773 -0.06040577015 0.007340286991 0.9361973426 -0.3513981444 0.06176918546 -0.3511610467 -0.9342753807 4.999540955e-05 0.006019278516 0
0.3740777797 0.3515620382 0.004597415913 -0.011032109 0.09331330862 0.4982613411 -0.00141845892 0.0237418183 0.253507019 -0.9979396984 -0.01554557342 -0.06224703532 0.007682439641 0.9342681643 -0.3564883971 0.06369723998 -0.3562321325 -0.9322238623 5.187516609e-05 0.006114563164 0
0.3791784525 0.3563557014 0.004660103181 -0.01133091029 0.09452839559 0.4979434031 -0.001457264286 0.02406177377 0.2534661742 -0.9978266864 -0.01617311071 -0.06387749515 0.007989933308 0.9325606735 -0.3609248553 0.06540691755 -0.3606508294 -0.9304047046 5.355722397e-05 0.006197937231 0
0.3850077928 0.3618341738 0.004731745774 -0.01167707992 0.09591425064 0.4975750631 -0.001502247334 0.02442724967 0.253418827 -0.9976919934 -0.01690984529 -0.06576278204 0.008350710292 0.9305872777 -0.3659748409 0.06738658625 -0.3656793345 -0.9282982669 5.552273536e-05 0.006293221879 0
0.3901084656 0.366627837 0.004794433042 -0.01198406552 0.09712437745 0.4972484167 -0.001542161954 0.02474687474 0.2533768145 -0.9975691656 -0.01757176595 -0.06743139381 0.008674647362 0.9288415477 -0.3703756604 0.0691412346 -0.3700602821 -0.9264312588 5.728079687e-05 0.006376595946 0
0.3959378059 0.3721063094 0.004866075634 -0.01233956524 0.09850448776 0.496870149 -0.001588411899 0.02511196774 0.2533281337 -0.9974229563 -0.0183481956 -0.06935985877 0.009054380678 0.926824971 -0.3753844581 0.07117207655 -0.3750450865 -0.924270371 5.933428119e-05 0.006471880594 0
0.4010384787 0.3768999726 0.004928762903 -0.01265469395 0.09970952164 0.4965348379 -0.001629434326 0.02543125314 0.2532849551 -0.9972897883 -0.01904519368 -0.07106587641 0.009395044325 0.9250419181 -0.3797488418 0.07297130486 -0.3793873091 -0.9223559283 6.117029582e-05 0.006555254661 0
0.406867819 0.3823784449 0.005000405495 -0.01301947605 0.1010837359 0.4961466934 -0.001676949494 0.02579595264 0.2532349425 -0.9971314576 -0.01986209846 -0.07303665789 0.009794049139 0.9229832185 -0.3847155507 0.07505286772 -0.3843273024 -0.9201410716 6.331399058e-05 0.006650539309 0
0.4119684917 0.3871721082 0.005063092763 -0.01334270556 0.1022835449 0.4958027627 -0.001719078242 0.02611488911 0.2531905993 -0.996987415 -0.02059484493 -0.07477931984 0.01015170766 0.9211637777 -0.3890427192 0.07689627523 -0.3886298328 -0.9181796207 6.522992421e-05 0.006733913375 0
0.417797832 0.3926505805 0.005134735356 -0.0137167211 0.1036517127 0.4954047934 -0.00176785691 0.02647918455 0.2531392566 -0.9968163468 -0.0214529783 -0.07679153884 0.01057028198 0.9190640338 -0.3939664591 0.07902809535 -0.3935239147 -0.9159112887 6.746608493e-05 0.006829198023 0
0.4228985048 0.3974442438 0.005197422624 -0.01404800805 0.1048461655 0.4950522892 -0.001811090453 0.02679776285 0.2530937505 -0.996660886 -0.02222212061 -0.07857006851 0.01094518852 0.9172091577 -0.3982556514 0.08091527147 -0.3977857946 -0.9139032665 6.946391857e-05 0.00691257209 0
0.4287278451 0.4029227161 0.005269065217 -0.01443120684 0.1062081374 0.4946445485 -0.001861130854 0.02716164366 0.2530410797 -0.9964764538 -0.02312220889 -0.08062282908 0.01138361287 0.915069468 -0.4031355628 0.08309687402 -0.4026328751 -0.9115819642 7.179481743e-05 0.007007856738 0
0.4338285179 0.4077163794 0.005331752485 -0.0147705068 0.1073971037 0.4942835182 -0.001905467625 0.02747985455 0.2529944122 -0.996309022 -0.02392837054 -0.08243643527 0.01177600515 0.9131801264 -0.4073860362 0.08502739841 -0.4068531552 -0.909527818 7.38765461e-05 0.007091230805 0
0.4396578582 0.4131948517 0.005403395077 -0.01516283747 0.1087527311 0.4938660607 -0.001956767946 0.0278433102 0.2529404151 -0.996110589 -0.02487111244 -0.08452882505 0.01223454228 0.9110016089 -0.4122212811 0.08725829745 -0.4116521546 -0.9071540625 7.630447065e-05 0.007186515453 0
0.4454871985 0.418673324 0.00547503767 -0.01556001705 0.1101049143 0.4934434438 -0.002008739468 0.02820653479 0.2528857114 -0.9959044253 -0.02583687894 -0.08664197185 0.01270390742 0.9088028467 -0.4170323687 0.08951528548 -0.4164250731 -0.9047525475 7.878508254e-05 0.007281800101 0
0.4505878713 0.4234669873 0.005537724938 -0.0159115149 0.1112852164 0.4930694343 -0.002054764723 0.02852416441 0.2528372665 -0.995717545 -0.02670095867 -0.08850779316 0.01312353688 0.9068625791 -0.4212220737 0.09151143876 -0.4205797444 -0.9026285699 8.099935429e-05 0.007365174168 0
0.4564172116 0.4289454596 0.00560936753 -0.01631774523 0.1126308291 0.4926371871 -0.002107993297 0.02888694771 0.2527812395 -0.9954963859 -0.02771039542 -0.0906591395 0.01361338246 0.9046267391 -0.4259872518 0.09381695692 -0.4253029472 -0.9001754172 8.358052664e-05 0.007460458815 0
0.4615178844 0.4337391229 0.005672054799 -0.0166771388 0.1138053179 0.4922547762 -0.002155117634 0.0292041866 0.2527316376 -0.9952960968 -0.02861296403 -0.09255797073 0.01405102907 0.9026545355 -0.4301364413 0.0958553506 -0.4294136558 -0.8980064944 8.588380306e-05 0.007543832882 0
0.4673472247 0.4392175952 0.005743697391 -0.01709236545 0.115144214 0.4918129564 -0.002209601331 0.02956651809 0.2526742894 -0.9950592824 -0.02966669769 -0.094746565 0.0145615715 0.9003827812 -0.4348549276 0.09820888537 -0.4340860911 -0.8955022504 8.856785728e-05 0.00763911753 0
0.4724478974 0.4440112585 0.00580638466 -0.01745960661 0.1163127621 0.4914221953 -0.002257823042 0.02988335707 0.2526235323 -0.9948450033 -0.03060829079 -0.09667756708 0.01501741642 0.8983796671 -0.4389629266 0.1002890654 -0.4381519214 -0.8932888654 9.096217477e-05 0.007722491597 0
0.4782772377 0.4494897308 0.005878027252 -0.01788377397 0.1176447964 0.4909708622 -0.002313559889 0.03024522628 0.2525648648 -0.9945918651 -0.03170691885 -0.09890244312 0.01554885333 0.8960731788 -0.443633961 0.1026900926 -0.4427725483 -0.8907340879 9.375144381e-05 0.007817776245 0
0.4833779105 0.4542833941 0.00594071452 -0.01825881354 0.1188072773 0.4905718033 -0.002362877228 0.03056165618 0.2525129544 -0.9943630076 -0.03268804632 -0.1008647645 0.01602306121 0.8940401942 -0.4477001146 0.1048115957 -0.4467925948 -0.8884767339 9.623884844e-05 0.007901150312 0
0.4892072508 0.4597618664 0.006012357113 -0.01869186483 0.1201323056 0.4901110173 -0.002419865205 0.03092305264 0.2524529698 -0.9940928693 -0.03383213665 -0.1031249421 0.01657557121 0.8917001683 -0.4523229602 0.1072595805 -0.4513603841 -0.8858719919 9.91356759e-05 0.00799643496 0
0.4943079236 0.4645555297 0.006075044381 -0.01907465261 0.1212885937 0.4897037139 -0.002470276385 0.03123906432 0.2523999078 -0.9938488385 -0.03485328231 -0.1051177192 0.01706828993 0.8896383667 -0.4563466335 0.1094219341 -0.4553337514 -0.8835711716 0.0001017182227 0.008079809027 0
0.5001372639 0.470034002 0.006146686973 -0.01951652988 0.122606473 0.4892335367 -0.002528513429 0.03159997759 0.2523386084 -0.9935610165 -0.0360433728 -0.1074122049 0.01764203239 0.8872660149 -0.4609205762 0.1119163312 -0.4598476858 -0.8809170453 0.0001047249619 0.008175093675 0
0.5052379367 0.4748276653 0.006209374242 -0.01990701466 0.1237564435 0.4888180434 -0.002580016624 0.03191556191 0.2522843968 -0.9933012111 -0.03710499406 -0.1094345626 0.01815339289 0.8851764629 -0.4649011548 0.1141190537 -0.4637734887 -0.8785732711 0.0001074047141 0.008258467741 0
0.511067277 0.4803061376 0.006281016834 -0.0203576588 0.1250670318 0.4883385378 -0.002639500623 0.03227598157 0.2522217846 -0.9929950148 -0.03834159223 -0.11176235 0.01874850768 0.8827730113 -0.4694255042 0.1166593075 -0.4682325628 -0.8758703518 0.0001105237275 0.008353752389 0
0.5161679498 0.4850998009 0.006343704102 -0.02075578836 0.1262105609 0.4879149101 -0.002692093967 0.03259112941 0.2521664254 -0.9927188277 -0.03944411977 -0.1138134022 0.01927862377 0.880656788 -0.4733623945 0.1189019082 -0.4721099271 -0.8734841458 0.0001133027558 0.008437126456 0
0.5219972901 0.4905782732 0.006415346695 -0.02121513911 0.1275137173 0.4874261403 -0.002752822768 0.03295104504 0.2521025028 -0.9923935603 -0.04072770245 -0.1161734725 0.01989523107 0.8782234763 -0.4778364839 0.121487453 -0.4765131476 -0.8707330354 0.0001165364139 0.008532411104 0
0.5278266304 0.4960567455 0.006486989287 -0.02167910836 0.1288128528 0.4869324562 -0.002814214567 0.03331068761 0.2520378822 -0.9920578346 -0.0420365278 -0.1185503397 0.02052334332 0.8757747509 -0.4822835038 0.1240969181 -0.4808861778 -0.8679564729 0.0001198321878 0.008627695752 0
0.5329273031 0.5008504088 0.006549676556 -0.0220888562 0.1299462669 0.4864964661 -0.002868475759 0.03362514854 0.2519807671 -0.9917553379 -0.04320255293 -0.1206436455 0.02108239932 0.8736197536 -0.4861522997 0.1263996923 -0.4846875958 -0.8655062405 0.0001227674769 0.008711069819 0
0.5387566434 0.5063288811 0.006621319148 -0.02256143746 0.1312377566 0.4859936184 -0.002931108967 0.03398427117 0.2519148396 -0.9913994614 -0.04455903352 -0.123051211 0.02173214967 0.8711430943 -0.4905480842 0.1290535612 -0.4890032738 -0.8626824309 0.000126181545 0.008806354467 0
0.5438573162 0.5111225444 0.006684006416 -0.02297869333 0.1323644199 0.4855496395 -0.002986455405 0.03429827262 0.251856582 -0.9910790222 -0.04576693447 -0.1251709208 0.02231017164 0.8689642098 -0.4943717816 0.1313949312 -0.4927540866 -0.8601911312 0.0001292213858 0.008889728534 0
0.5496866565 0.5166010167 0.006755649009 -0.02345982349 0.1336481257 0.4850376954 -0.003050327755 0.03465686495 0.2517893499 -0.9907022842 -0.04717146791 -0.1276081374 0.02298162951 0.8664608878 -0.4987157253 0.1340926129 -0.4970114512 -0.8573207035 0.0001327561365 0.008985013182 0
0.5547873293 0.5213946799 0.006818336277 -0.02388453166 0.1347679181 0.4845857868 -0.003106757434 0.03497039786 0.2517299519 -0.9903632788 -0.04842157872 -0.1297533304 0.02357866933 0.8642592331 -0.5024938053 0.1364720572 -0.5007108234 -0.8547888914 0.0001359026216 0.009068387248 0
0.5606166696 0.5268731523 0.006889978869 -0.02437414649 0.136043703 0.4840648147 -0.003171866611 0.03532844957 0.2516614177 -0.989964964 -0.04987453082 -0.1322191406 0.02427188383 0.8617305306 -0.5067853276 0.1392129507 -0.5049089262 -0.8518724849 0.0001395604495 0.009163671896 0
0.5657173424 0.5316668155 0.006952666138 -0.02480625028 0.1371565052 0.4836050369 -0.003229377488 0.03564150492 0.2516008814 -0.9896067648 -0.05116715759 -0.1343888873 0.0248879755 0.8595072323 -0.5105172929 0.1416299393 -0.5085560339 -0.8493007245 0.0001428156766 0.009247045963 0
0.5715466827 0.5371452878 0.00702430873 -0.02530428444 0.1384242336 0.4830751062 -0.003295721134 0.03599900568 0.2515310475 -0.9891861542 -0.05266886214 -0.136882224 0.02560297523 0.8569544415 -0.514755838 0.1444134341 -0.51269394 -0.8463389888 0.0001465989818 0.009342330611 0
0.5766473554 0.5419389511 0.007086995998 -0.0257437262 0.1395299272 0.4826075205 -0.003354311124 0.03631157446 0.2514693751 -0.9888081304 -0.05400428282 -0.1390755866 0.02623813478 0.8547106345 -0.5184412132 0.1468674287 -0.5162879707 -0.8437278528 0.0001499650533 0.009425704678 0
0.5824766958 0.5474174234 0.007158638591 -0.02625011326 0.1407894644 0.4820687019 -0.003421886837 0.03666851399 0.2513982441 -0.9883645013 -0.05555504132 -0.1415953738 0.02697492772 0.8521350572 -0.5226262504 0.1496929049 -0.5203647584 -0.8407214476 0.0001538762409 0.009520989326 0
0.5875773685 0.5522110867 0.007221325859 -0.02669683441 0.1418879324 0.4815933706 -0.003481553819 0.03698058719 0.2513354378 -0.9879660192 -0.05693350554 -0.143811407 0.02762915308 0.8498718841 -0.5262645822 0.1521833589 -0.5239049117 -0.8380715177 0.0001573552631 0.009604363393 0
0.5934067088 0.557689559 0.007292968452 -0.02721150686 0.1431391452 0.481045736 -0.003550359149 0.03733695523 0.2512630122 -0.9874986463 -0.05853358698 -0.1463565602 0.02838772646 0.8472748304 -0.5303956059 0.1550501871 -0.5279196729 -0.8350211126 0.0001613967426 0.009699648041 0
0.5992360491 0.5631680313 0.007364611044 -0.02773057022 0.1443858642 0.4804934293 -0.00361981926 0.03769301428 0.2511898973 -0.9870183125 -0.0601600727 -0.1489147958 0.02915790367 0.844666861 -0.5344976246 0.1579388091 -0.5319009867 -0.8319475181 0.0001655086979 0.009794932689 0
0.6043367219 0.5679616946 0.007427298312 -0.02818833711 0.1454730276 0.4800063448 -0.003681133419 0.03800431019 0.2511253567 -0.9865872255 -0.06160495652 -0.1511637386 0.02984131754 0.842376229 -0.5380629932 0.1604840874 -0.5353570007 -0.8292392535 0.0001691650111 0.009878306755 0
0.6101660622 0.5734401669 0.007498940905 -0.02871558028 0.1467112201 0.4794453344 -0.003751819309 0.03835978205 0.2510509512 -0.986082031 -0.0632811141 -0.1537456624 0.03063321507 0.8397488067 -0.5421102727 0.1634130786 -0.5392749226 -0.8261227049 0.000173410961 0.009973591403 0
0.615266735 0.5782338302 0.007561628173 -0.02918047391 0.1477908657 0.4789506667 -0.003814204909 0.0386705597 0.2509852826 -0.9856288715 -0.06476954579 -0.1560148506 0.0313356078 0.8374417339 -0.5456275488 0.1659933955 -0.5426750854 -0.823377158 0.0001771855775 0.01005696547 0
0.6210960753 0.5837123025 0.007633270765 -0.02971582668 0.1490204016 0.4783810274 -0.003886114018 0.03902543416 0.2509095891 -0.985098086 -0.06649556105 -0.1586193597 0.03214915987 0.8347961869 -0.5496196483 0.1689621035 -0.5465287427 -0.8202183496 0.0001815679411 0.01015225012 0
0.6261967481 0.5885059658 0.007695958034 -0.03018778516 0.1500924162 0.4778788424 -0.0039495688 0.03933568464 0.2508427948 -0.9846222145 -0.06802768875 -0.1609078252 0.03287046468 0.8324738379 -0.5530884575 0.1715768842 -0.5498722968 -0.817436132 0.0001854629791 0.01023562418 0
0.6320260884 0.5939844381 0.007767600626 -0.0307311763 0.1513131666 0.4773006498 -0.004022698523 0.03968995152 0.2507658162 -0.9840651067 -0.06980371443 -0.1635338104 0.03370558442 0.8298114999 -0.557024962 0.1745846478 -0.5536608313 -0.8142357672 0.0001899841789 0.01033090883 0
0.6371267611 0.5987781014 0.007830287895 -0.03121013684 0.1523774379 0.4767910143 -0.004087220189 0.03999966591 0.2506978985 -0.9835658831 -0.07137965725 -0.1658405803 0.03444571606 0.8274750437 -0.5604449524 0.1772333101 -0.5569470321 -0.8114174988 0.0001940017593 0.0104142829 0
0.6429561015 0.6042565737 0.007901930487 -0.03176149407 0.1535892752 0.4762043455 -0.004161567878 0.04035331505 0.2506196375 -0.9829817213 -0.07320581286 -0.1684869267 0.03530229547 0.8247972532 -0.5643254727 0.1802794593 -0.5606695998 -0.8081762904 0.0001986642204 0.01050956755 0
0.6480567742 0.609050237 0.007964617755 -0.03224739299 0.1546456922 0.4756873272 -0.004227154091 0.04066248449 0.250550599 -0.9824585054 -0.0748256608 -0.1708110233 0.03606115019 0.8224478629 -0.5676963151 0.182961413 -0.5638977152 -0.8053225988 0.0002028064662 0.01059294161 0
0.6538861145 0.6145287093 0.008036260348 -0.03280664302 0.1558484902 0.4750922601 -0.004302717054 0.04101550577 0.2504710583 -0.9818465581 -0.07670203251 -0.1734766112 0.0369390601 0.8197559622 -0.5715204881 0.1860452694 -0.5675534871 -0.8020412689 0.0002076126162 0.01068822626 0
0.6589867873 0.6193223726 0.008098947616 -0.03329941574 0.156896943 0.4745679278 -0.004369365439 0.04132412139 0.2504009014 -0.9812987099 -0.07836584636 -0.1758170527 0.03771651558 0.8173948139 -0.5748418763 0.1887599173 -0.5707227982 -0.7991527897 0.0002118816527 0.01077160033 0
0.6648161276 0.6248008449 0.008170590208 -0.03386648426 0.1580905768 0.4739645415 -0.004446140938 0.04167650469 0.250320084 -0.9806582463 -0.08029248693 -0.1785007579 0.03861560562 0.8146901484 -0.5786093649 0.1918807938 -0.5743109599 -0.7958320691 0.0002168339215 0.01086688498 0
0.6699168004 0.6295945082 0.008233277477 -0.03436606534 0.1591309567 0.4734329648 -0.004513849082 0.04198455768 0.2502488112 -0.980085127 -0.08200029822 -0.1808565592 0.03941152099 0.8123184204 -0.5818810153 0.1946275312 -0.5774207608 -0.7929094457 0.0002212318754 0.01095025904 0
0.6757461407 0.6350729805 0.008304920069 -0.03494087706 0.1603153028 0.4728213394 -0.004591834338 0.04233629292 0.25016672 -0.9794154174 -0.08397722695 -0.1835572539 0.04033161952 0.8096023379 -0.5855915086 0.1977847329 -0.5809405132 -0.7895500742 0.0002263326945 0.01104554369 0
0.681575481 0.6405514528 0.008376562661 -0.03551978735 0.1614946453 0.4722053528 -0.004670463645 0.04268767842 0.2500839507 -0.9787298124 -0.08598097234 -0.1862665475 0.04126284509 0.8068807179 -0.5892714863 0.200961021 -0.584423459 -0.7861703942 0.0002315137353 0.01114082834 0
0.6866761538 0.6453451161 0.00843924993 -0.0360296788 0.1625224384 0.4716628055 -0.004739791977 0.04299485159 0.2500109718 -0.9781167063 -0.08775624054 -0.18864398 0.04208674953 0.8044950598 -0.592466374 0.2037557716 -0.5874406702 -0.7831966832 0.0002361134971 0.01122420241 0
0.6925054941 0.6508235884 0.008510892522 -0.03661621492 0.1636923064 0.4710387047 -0.004819626693 0.04334557362 0.2499269332 -0.9774007405 -0.08981023856 -0.1913685282 0.04303867923 0.8017640918 -0.5960889306 0.2069673032 -0.5908540109 -0.779779503 0.0002414468197 0.01131948705 0
0.6976061668 0.6556172517 0.008573579791 -0.03713274506 0.1647117566 0.4704890935 -0.004890008497 0.04365216188 0.249852845 -0.9767607517 -0.09162945285 -0.1937588123 0.04388060355 0.7993708446 -0.5992334649 0.2097925799 -0.5938099832 -0.7767733114 0.0002461808933 0.01140286112 0
0.7034355072 0.661095724 0.008645222383 -0.03772682925 0.1658720301 0.4698569613 -0.004971045731 0.04400221044 0.2497675401 -0.9760137014 -0.09373363786 -0.1964974806 0.044853012 0.7966318782 -0.602798356 0.2130386398 -0.5971529585 -0.7733193921 0.0002516689329 0.01149814577 0
0.7085361799 0.6658893873 0.008707909651 -0.0382499296 0.1668830331 0.469300359 -0.00504247846 0.04430820504 0.2496923453 -0.975346198 -0.09559672612 -0.198899623 0.04571274974 0.7942322226 -0.6058923345 0.2158938132 -0.6000470335 -0.7702813895 0.0002565394495 0.01158151984 0
0.7143655202 0.6713678596 0.008779552244 -0.03885148313 0.1680335934 0.4686602791 -0.005124715278 0.04465757014 0.2496057772 -0.9745673426 -0.09775099897 -0.2016512757 0.04670539041 0.7914866067 -0.6093993419 0.2191736784 -0.6033188988 -0.7667915004 0.0002621846422 0.01167680448 0
0.719466193 0.6761615228 0.008842239512 -0.03938108442 0.1690360459 0.4680967595 -0.005197196344 0.04496296235 0.2495294784 -0.9738716957 -0.0996578598 -0.2040642822 0.04758271659 0.7890817225 -0.6124425853 0.2220581126 -0.606150432 -0.7637223634 0.0002671937338 0.01176017855 0
0.7252955333 0.6816399952 0.008913882104 -0.03999002763 0.1701767759 0.4674488166 -0.005280629769 0.04531163404 0.2494416502 -0.9730603185 -0.1018620878 -0.2068277825 0.04859532181 0.7863308043 -0.6158915171 0.2253710524 -0.6093504585 -0.760197282 0.0002729985162 0.0118554632 0
0.7303962061 0.6864336584 0.008976569373 -0.04052605973 0.1711705761 0.4668784544 -0.005354156549 0.04561641517 0.2493642503 -0.9723359029 -0.1038125905 -0.2092506584 0.049489993 0.7839218694 -0.618883869 0.228284105 -0.6121188191 -0.7570976943 0.0002781483152 0.01193883727 0
0.7362255464 0.6919121308 0.009048211965 -0.04114231203 0.1723013601 0.4662227343 -0.005438783558 0.04596438352 0.2492751651 -0.9714912915 -0.1060666077 -0.2120248696 0.05052227403 0.7811669939 -0.6222745596 0.2316293816 -0.6152462941 -0.7535382055 0.0002841151247 0.01203412191 0
0.7413262192 0.696705794 0.009110899233 -0.04168470403 0.1732864074 0.4656456049 -0.00551335339 0.04626854488 0.2491966667 -0.9707374859 -0.1080605924 -0.2144566201 0.0514340284 0.7787551837 -0.6252158864 0.2345704036 -0.6179508656 -0.7504088575 0.0002894077637 0.01211749598 0
0.7471555595 0.7021842663 0.009182541826 -0.04230818391 0.1744071311 0.4649821944 -0.005599170922 0.04661579999 0.2491063278 -0.9698589329 -0.1103641992 -0.2172404057 0.05248567553 0.7759976925 -0.6285481964 0.2379472719 -0.6210050924 -0.7468157544 0.0002955390378 0.01221278063 0
0.7529848998 0.7076627387 0.009254184418 -0.04293548487 0.1755224431 0.464314718 -0.005685622131 0.04696267066 0.2490153216 -0.9689619903 -0.1126941609 -0.2200288333 0.05354751738 0.7732393534 -0.631849322 0.2413406819 -0.6240199744 -0.7432050503 0.000301759023 0.01230806528 0
0.7580855725 0.7124564019 0.009316871687 -0.04348748915 0.1764938768 0.4637273607 -0.005761786052 0.04726586493 0.2489351444 -0.968161924 -0.1147544407 -0.2224722616 0.05448491553 0.7708254097 -0.6347122038 0.2443233162 -0.6266255708 -0.7400314258 0.0003072748259 0.01239143934 0
0.7639149129 0.7179348743 0.009388514279 -0.04412189097 0.1775989563 0.4630523287 -0.005849423001 0.04761200724 0.2488428894 -0.967229966 -0.1171336218 -0.2252685233 0.05556560804 0.7680665038 -0.6379547859 0.2477471618 -0.6295661683 -0.7363883374 0.0003136630132 0.01248672399 0
