0.007769969059 0.001848941837 -0.0008682163427 -1.221124879e-06 0.001981331577 0.5099948684 -1.535979624e-07 0.0004936052849 0.2549993628 -1 -3.639837421e-08 -7.111412466e-06 1.858131241e-08 0.9999701151 -0.007731037838 7.111481339e-06 -0.007731037838 -0.9999701151 2.784281164e-08 -0.001154727736 0
0.01453993812 0.003459923675 -0.001624692685 -4.276053711e-06 0.003707615202 0.5099820304 -5.407688347e-07 0.0009253617099 0.2549977564 -0.9999999997 -2.397995839e-07 -2.490151899e-05 1.204684447e-07 0.9998953517 -0.01446670519 2.49023822e-05 -0.01446670519 -0.9998953514 4.684427729e-08 -0.002160841272 0
0.02227704561 0.005301045774 -0.002489237077 -1.00375261e-05 0.005680398407 0.5099578184 -1.274028033e-06 0.001419515206 0.2549947138 -0.9999999983 -8.632632983e-07 -5.845002524e-05 4.324200745e-07 0.9997543541 -0.02216374261 5.845480037e-05 -0.0221637426 -0.9997543524 2.91404237e-08 -0.003310685312 0
0.02904701467 0.006912027612 -0.00324571342 -1.706500954e-05 0.007406438477 0.5099282862 -2.169732818e-06 0.001851965947 0.2549909971 -0.9999999951 -1.914140519e-06 -9.936523447e-05 9.580685471e-07 0.9995823792 -0.02889752832 9.937905141e-05 -0.02889752827 -0.9995823743 1.556532963e-08 -0.004316798848 0
0.03678412217 0.008753149712 -0.004110257811 -2.736608259e-05 0.009378833672 0.5098849971 -3.483394266e-06 0.002346124395 0.254985546 -0.9999999873 -3.887625445e-06 -0.0001593295951 1.945097845e-06 0.9993303043 -0.03659156815 0.0001593651471 -0.036591568 -0.9993302916 9.225784131e-08 -0.005466642889 0
0.04355409123 0.01036413155 -0.004866734154 -3.836518302e-05 0.01110443829 0.5098387747 -4.886419631e-06 0.002778439599 0.254979724 -0.999999975 -6.453429814e-06 -0.0002233438472 3.228328888e-06 0.9990611619 -0.04332198991 0.0002234137389 -0.04332198955 -0.9990611369 1.793880908e-07 -0.006472756425 0
0.05032406029 0.01197511339 -0.005623210497 -5.121723475e-05 0.01282977404 0.5097847654 -6.5260237e-06 0.003210693341 0.2549729204 -0.9999999555 -9.954430648e-06 -0.0002981245919 4.97928113e-06 0.9987466966 -0.05005033479 0.0002982491739 -0.05005033405 -0.9987466521 2.837614629e-07 -0.007478869961 0
0.05806116778 0.01381623549 -0.006487754888 -6.817373234e-05 0.01480120353 0.5097135076 -8.689481778e-06 0.003704631817 0.254963943 -0.9999999212 -1.528685872e-05 -0.0003967583818 7.646247884e-06 0.9983318329 -0.057736915 0.0003969791386 -0.05773691348 -0.9983317541 4.233351794e-07 -0.008628714001 0
0.06483113684 0.01542721732 -0.007244231231 -8.499506751e-05 0.0165258225 0.5096428178 -1.083589077e-05 0.004136776264 0.2549550363 -0.9999998775 -2.128035664e-05 -0.0004945733263 1.064396117e-05 0.9979203094 -0.06445972367 0.0004949164927 -0.06445972103 -0.9979201869 5.62833646e-07 -0.009634827537 0
0.07256824434 0.01726833942 -0.008108775623 -0.0001064866806 0.01849632326 0.5095525018 -1.357847361e-05 0.004630600667 0.2549436558 -0.9999998077 -2.984162618e-05 -0.0006194983455 1.492619914e-05 0.9973945787 -0.07213913123 0.0006200370402 -0.0721391266 -0.9973943864 7.418686462e-07 -0.01078467158 0
0.0793382134 0.01887932126 -0.008865251965 -0.000127275055 0.02022003377 0.509465141 -1.623155697e-05 0.005062650588 0.2549326467 -0.9999997252 -3.899277913e-05 -0.0007402851524 1.95037755e-05 0.9968861021 -0.07885492441 0.0007410547526 -0.07885491718 -0.9968858274 9.155719119e-07 -0.01179078511 0
0.0870753209 0.02072044336 -0.009729796357 -0.0001532989164 0.0221893868 0.5093557786 -1.955313266e-05 0.005556369325 0.2549188636 -0.9999996014 -5.154227641e-05 -0.000891421772 2.578172362e-05 0.9962496386 -0.08652546978 0.0008925383379 -0.08652545827 -0.9962492401 1.133506549e-06 -0.01294062915 0
0.09384528995 0.0223314252 -0.0104862727 -0.0001780515569 0.02391199729 0.5092517585 -2.271277958e-05 0.00598832669 0.2549057525 -0.9999994622 -6.4514777e-05 -0.001035103435 3.227180549e-05 0.9956443389 -0.09323277013 0.001036609767 -0.09323275339 -0.9956438013 1.341166196e-06 -0.01394674269 0
0.1015823975 0.0241725473 -0.01135081709 -0.000208604195 0.02587998377 0.5091233645 -2.661322026e-05 0.00648193772 0.2548895674 -0.9999992618 -8.181003741e-05 -0.001212355279 4.092532212e-05 0.9948973053 -0.1008927662 0.001214423041 -0.1008927413 -0.9948965675 1.597880106e-06 -0.01509658673 0
0.1083523665 0.02578352913 -0.01210729343 -0.0002373177994 0.02760130285 0.5090026988 -3.027931485e-05 0.006913798075 0.2548743548 -0.9999990445 -9.926580464e-05 -0.001378840153 4.965999556e-05 0.994195337 -0.1075900987 0.001381516469 -0.1075900644 -0.9941943821 1.839482383e-06 -0.01610270027 0
0.1151223356 0.02739451097 -0.01286376978 -0.000267878575 0.02932195383 0.5088742706 -3.418170864e-05 0.007345610651 0.2548581616 -0.9999987825 -0.0001190397123 -0.001555931054 5.955561218e-05 0.9934483167 -0.1142822756 0.001559341216 -0.1142822291 -0.9934471 2.096951482e-06 -0.0171088138 0
0.1228594431 0.02923563307 -0.01372831417 -0.0003050658768 0.03128754062 0.5087179951 -3.89308954e-05 0.007839049788 0.2548384547 -0.9999984208 -0.0001446610324 -0.001771275975 7.237894611e-05 0.9925394667 -0.1219237537 0.001775698928 -0.1219236894 -0.9925378889 2.410665385e-06 -0.01825865784 0
0.1296294121 0.03084661491 -0.01448479051 -0.0003395818183 0.03300661984 0.5085729458 -4.333954352e-05 0.008270753389 0.2548201609 -0.9999980431 -0.0001698851702 -0.001971009275 8.500500561e-05 0.9916960493 -0.1286038045 0.00197648999 -0.1286037204 -0.9916940943 2.702232075e-06 -0.01926477138 0
0.1373665196 0.03268773701 -0.0153493349 -0.0003812867525 0.03497030124 0.5083976855 -4.866722271e-05 0.008764062417 0.2547980535 -0.9999975327 -0.0002021106885 -0.002212160345 0.0001011377069 0.990677151 -0.1362305852 0.002219070366 -0.1362304728 -0.9906746863 3.055006122e-06 -0.02041461542 0
0.1441364887 0.03429871885 -0.01610581125 -0.0004197532561 0.03668761783 0.5082360344 -5.358197428e-05 0.00919564706 0.2547776596 -0.9999970096 -0.0002334412869 -0.00243440846 0.0001168245104 0.9897375519 -0.1428970424 0.002442783539 -0.1428968995 -0.9897345649 3.380840218e-06 -0.02142072896 0
0.1518735962 0.03613984095 -0.01697035564 -0.0004659702604 0.03864917584 0.5080418127 -5.948796415e-05 0.009688814068 0.2547531526 -0.9999963145 -0.000273019403 -0.002701211585 0.0001366435708 0.9886088653 -0.1505074507 0.002711533174 -0.1505072651 -0.9886051845 3.772889833e-06 -0.022570573 0
0.1586435652 0.03775082278 -0.01772683198 -0.0005083821959 0.04036453921 0.5078635813 -6.490865191e-05 0.01012026899 0.2547306594 -0.9999956126 -0.0003111098561 -0.002945832444 0.0001557205293 0.9875733246 -0.1571588506 0.002958119208 -0.1571586198 -0.9875689433 4.133196487e-06 -0.02357668653 0
0.1654135343 0.03936180462 -0.01848330832 -0.0005526334294 0.04207892592 0.5076776205 -7.056538129e-05 0.01055165956 0.2547071868 -0.9999948151 -0.0003525776416 -0.003200841236 0.000176492018 0.9864931001 -0.163802724 0.003215360972 -0.1638024396 -0.986487923 4.50966893e-06 -0.02458280007 0
0.1731506418 0.04120292672 -0.01934785271 -0.0006054568183 0.04403697598 0.5074556362 -7.731919173e-05 0.01104459535 0.2546791619 -0.9999937759 -0.0004042861144 -0.003504954109 0.0002023974065 0.9852039201 -0.1713860989 0.003522383548 -0.1713857416 -0.9851977062 4.959787165e-06 -0.02573264411 0
0.1799206109 0.04281390856 -0.02010432906 -0.0006536450087 0.04574913043 0.5072531307 -8.348158167e-05 0.01147583962 0.2546535911 -0.999992745 -0.0004534662989 -0.003782101192 0.0002270403757 0.98402815 -0.1780127759 0.003802416834 -0.1780123431 -0.984020908 5.371085182e-06 -0.02673875765 0
0.1876577183 0.04465503066 -0.02096887345 -0.0007109641785 0.04770452082 0.5070122534 -9.081317297e-05 0.01196860159 0.2546231688 -0.9999914158 -0.0005143580913 -0.004111415509 0.0002575572236 0.9826299433 -0.1855756668 0.004135452335 -0.1855751327 -0.9826213758 5.86115626e-06 -0.02788860169 0
0.1944276874 0.0462660125 -0.02172534979 -0.0007630829005 0.04941425318 0.5067932304 -9.748101469e-05 0.01239968792 0.2545955007 -0.9999901101 -0.0005718957728 -0.004410523334 0.0002863984793 0.981358928 -0.1921836945 0.004438215494 -0.192183057 -0.9813490586 6.307552167e-06 -0.02889471522 0
0.2021647949 0.04810713459 -0.02258989418 -0.0008248902088 0.05136676714 0.5065334921 -0.0001053901385 0.01289226269 0.2545626821 -0.9999884416 -0.0006427059606 -0.004764828022 0.0003218995948 0.9798520515 -0.1997244441 0.004797190603 -0.1997236694 -0.9798405191 6.837901133e-06 -0.03004455926 0
0.208934764 0.04971811643 -0.02334637053 -0.0008809325138 0.05307388793 0.5062979807 -0.0001125632063 0.01332317929 0.2545329177 -0.9999868162 -0.0007092423504 -0.005085704775 0.0003552647223 0.9784861152 -0.206312375 0.005122616983 -0.2063114618 -0.9784729631 7.319691185e-06 -0.0310506728 0
0.215704733 0.05132909827 -0.02410284687 -0.0009388032992 0.05477972524 0.5060547853 -0.0001199719641 0.01375401262 0.2545021754 -0.9999850254 -0.0007801964074 -0.005416670723 0.0003908520459 0.9770760004 -0.2128904335 0.005458595317 -0.2128893627 -0.9770610641 7.818106409e-06 -0.03205678633 0
0.2234418405 0.05317022037 -0.02496739126 -0.001007178138 0.05672762923 0.5057674477 -0.0001287276459 0.01424628827 0.2544658442 -0.9999827623 -0.0008668735189 -0.005807212176 0.0004343347334 0.975410445 -0.2203957239 0.00585547063 -0.220394447 -0.9753932546 8.408173428e-06 -0.03320663037 0
0.2302118096 0.05478120221 -0.0257238676 -0.00106896137 0.05843057777 0.5055078107 -0.0001366412679 0.01467693439 0.2544330072 -0.9999805801 -0.0009477590701 -0.006159640081 0.0004749210477 0.9739059288 -0.2269515725 0.006214005406 -0.2269500904 -0.9738865656 8.942458863e-06 -0.03421274391 0
0.2379489171 0.05662232431 -0.02658841199 -0.001141802944 0.06037507255 0.5052017022 -0.0001459737866 0.01516898923 0.2543942826 -0.99997784 -0.001046147324 -0.006574581923 0.0005243011744 0.9721327022 -0.2344306603 0.006636615098 -0.2344289123 -0.9721106112 9.573718544e-06 -0.03536258795 0
0.2447188861 0.05823330614 -0.02734488834 -0.00120749039 0.06207494384 0.5049256581 -0.000154392005 0.01559943614 0.2543593519 -0.9999752136 -0.001137594715 -0.006948245123 0.0005702086496 0.9705341685 -0.2409628657 0.007017627385 -0.2409608551 -0.9705094637 1.014422631e-05 -0.03636870149 0
0.2524559936 0.06007442824 -0.02820943273 -0.001284788991 0.06401581425 0.5046008195 -0.0001643010449 0.01609125642 0.2543182352 -0.9999719341 -0.001248411736 -0.007387320311 0.0006258535388 0.9686537229 -0.2484141166 0.007465878421 -0.248411768 -0.9686257555 1.08170936e-05 -0.03751854553 0
0.2592259627 0.06168541008 -0.02896590907 -0.001354371895 0.06571242027 0.5043084052 -0.0001732235748 0.01652149207 0.2542812121 -0.9999688073 -0.00135104639 -0.007781978168 0.0006774027981 0.9669615795 -0.2549212523 0.007869284339 -0.2549185721 -0.9669305021 1.142419764e-05 -0.03852465906 0
0.2659959317 0.06329639192 -0.02972238541 -0.001425769539 0.0674074383 0.5040083647 -0.0001823813478 0.016951625 0.254243213 -0.9999654268 -0.001459114346 -0.00818634727 0.0007316941564 0.9652258978 -0.2614162023 0.008283110525 -0.2614131542 -0.9651914592 1.204851398e-05 -0.0395307726 0
0.2737330392 0.06513751402 -0.0305869298 -0.001509586315 0.06934260493 0.5036561342 -0.0001931353403 0.01744307634 0.2541985906 -0.9999612357 -0.001589446141 -0.008660301739 0.0007971879788 0.9631890731 -0.2688236856 0.008768788775 -0.2688201687 -0.9631504686 1.278320798e-05 -0.04068061664 0
0.2805030083 0.06674849586 -0.03134340615 -0.001584865643 0.07103408281 0.5033397813 -0.0002027969763 0.01787298029 0.254158501 -0.9999572665 -0.001709609138 -0.009085287485 0.0008575883757 0.9613604227 -0.2752914859 0.009204876657 -0.2752875132 -0.9613178742 1.344470781e-05 -0.04168673018 0
0.2882401158 0.06858961796 -0.03220795054 -0.00167311297 0.07296509675 0.5029689319 -0.000214126628 0.01836416302 0.2541114902 -0.9999523664 -0.00185411438 -0.009582648778 0.000930245017 0.9592176112 -0.2826671347 0.009715942669 -0.2826625844 -0.9591701954 1.422213795e-05 -0.04283657422 0
0.2950100849 0.07020059979 -0.03296442688 -0.001752263953 0.0746528477 0.5026363088 -0.0002242918003 0.01879382589 0.2540693114 -0.9999477444 -0.001986984454 -0.01002797648 0.0009970708631 0.9572964583 -0.2891063763 0.01017419624 -0.2891012674 -0.9572444531 1.492124765e-05 -0.04384268775 0
0.3027471924 0.07204172189 -0.03382897127 -0.001844930077 0.0765794958 0.5022468899 -0.0002361967279 0.01928472617 0.254019914 -0.9999420603 -0.002146359265 -0.01054842287 0.001077250881 0.9550482062 -0.2964485847 0.01071053751 -0.2964427719 -0.9549905588 1.574191311e-05 -0.04499253179 0
0.3095171614 0.07365270373 -0.03458544762 -0.001927942173 0.07826333359 0.501898041 -0.0002468650927 0.01971413584 0.2539756475 -0.9999367182 -0.002292542522 -0.01101380422 0.001150816719 0.9530350404 -0.3028578665 0.01119085589 -0.302851376 -0.9529720924 1.647907978e-05 -0.04599864533 0
0.3162871305 0.07526368557 -0.03534192396 -0.002012752369 0.07994528168 0.5015416357 -0.0002577681582 0.02014342321 0.2539304074 -0.9999310161 -0.002445144281 -0.01148844147 0.001227634983 0.9509791095 -0.3092526898 0.01168143529 -0.30924546 -0.9509105055 1.723416515e-05 -0.04700475887 0
0.324024238 0.07710480767 -0.03620646835 -0.002111876907 0.08186514235 0.501125076 -0.00027051609 0.02063388419 0.2538775124 -0.9999240386 -0.002627572408 -0.01204213168 0.0013194969 0.9485772551 -0.3165429672 0.01225463178 -0.3165348117 -0.9485017327 1.811919449e-05 -0.04815460291 0
0.330794207 0.0787157895 -0.03696294469 -0.002200531828 0.08354290521 0.5007525138 -0.0002819218129 0.02106290057 0.2538301869 -0.999917512 -0.002794364978 -0.01253637534 0.001403512918 0.9464300716 -0.3229057907 0.01276711924 -0.3228967498 -0.9463480806 1.891302952e-05 -0.04916071644 0
0.3385313145 0.0805569116 -0.03782748908 -0.002304043663 0.0854578771 0.500317517 -0.0002952439923 0.02155304494 0.2537749096 -0.9999095498 -0.002993349408 -0.01311229106 0.001503778022 0.9439242379 -0.3301587071 0.01336528972 -0.3301485621 -0.9438343583 1.984262546e-05 -0.05031056048 0
0.3453012836 0.08216789344 -0.03858396543 -0.002396531506 0.08713126998 0.4999288473 -0.000307151987 0.02198177823 0.2537255003 -0.9999021237 -0.003174923043 -0.01362581974 0.001595301342 0.9416863487 -0.3364881508 0.01389957242 -0.3364769539 -0.941589115 2.067570725e-05 -0.05131667402 0
0.3530383911 0.08400901554 -0.03944850982 -0.002504416859 0.08904114233 0.4994754713 -0.0003210479636 0.02247159214 0.2536678425 -0.9998930892 -0.003391134441 -0.01422358613 0.00170432217 0.9390771738 -0.3437021341 0.0145225852 -0.3436896302 -0.9389709967 2.165044922e-05 -0.05246651806 0
0.3598083601 0.08561999738 -0.04020498616 -0.002600725314 0.09070998114 0.4990707459 -0.0003334578273 0.02290003021 0.2536163512 -0.9998846855 -0.00358807248 -0.01475606523 0.001803660159 0.9367491488 -0.3499968271 0.01507854553 -0.3499830823 -0.9366346564 2.252329463e-05 -0.0534726316 0
0.3665783292 0.08723097922 -0.0409614625 -0.002698812365 0.09237663189 0.4986585461 -0.0003461017541 0.02332832638 0.2535638889 -0.999875798 -0.003792378192 -0.01529726969 0.001906749547 0.9343792619 -0.3562748367 0.01564458048 -0.3562597547 -0.934255979 2.341487878e-05 -0.05447874513 0
0.3743154367 0.08907210132 -0.0418260069 -0.002813086076 0.09427864522 0.4981783238 -0.0003608384442 0.02381763055 0.2535027434 -0.9998650254 -0.004035052035 -0.01592637429 0.002029244458 0.9316197287 -0.3634288971 0.01630377901 -0.3634121619 -0.9314857956 2.445692994e-05 -0.05562858917 0
0.3810854058 0.09068308315 -0.04258248324 -0.002914974768 0.09594047311 0.4977501481 -0.0003739836188 0.02424561372 0.2534482017 -0.9998550402 -0.004255564624 -0.01648601486 0.00214059519 0.9291605828 -0.3696701628 0.01689131044 -0.3696518653 -0.9290167825 2.538907099e-05 -0.05663470271 0
0.3888225132 0.09252420525 -0.04344702763 -0.003033585536 0.09783687027 0.4972516997 -0.0003892929119 0.02473455328 0.2533846809 -0.9998429647 -0.004517084604 -0.01713598163 0.002272704327 0.9262993937 -0.3767814592 0.01757500312 -0.3767612362 -0.9261436661 2.647779283e-05 -0.05778454675 0
0.3955924823 0.09413518709 -0.04420350397 -0.003139262315 0.09949369292 0.496807605 -0.0004029388898 0.02516221137 0.2533280616 -0.9998317964 -0.004754369167 -0.01771369176 0.002392618012 0.9237516145 -0.3829846343 0.01818390169 -0.382962597 -0.9235848608 2.745105528e-05 -0.05879066028 0
0.4033295898 0.09597630919 -0.04506804836 -0.003262194363 0.1013842659 0.496290997 -0.0004188202683 0.02565077248 0.2532621676 -0.9998183185 -0.00503537665 -0.0183840945 0.002534684662 0.9207894974 -0.3900516336 0.01889193802 -0.3900273663 -0.9206094439 2.858710371e-05 -0.05994050433 0
0.4100995589 0.09758729103 -0.04582452471 -0.003371645171 0.1030359016 0.4958310423 -0.0004329665881 0.02607809338 0.2532034728 -0.9998058785 -0.005289990412 -0.01897949492 0.002663460422 0.9181537328 -0.396215382 0.01952206968 -0.3961890192 -0.9179614098 2.960207089e-05 -0.06094661786 0
0.4168695279 0.09919827286 -0.04658100105 -0.003482852244 0.1046850549 0.4953637072 -0.000447346238 0.02650525278 0.2531438102 -0.999792814 -0.00555287955 -0.01958301749 0.002796473464 0.9154771364 -0.4023602771 0.02016206293 -0.402331677 -0.9152719338 3.063670512e-05 -0.0619527314 0
0.4246066354 0.101039395 -0.04744554544 -0.003612092435 0.1065667112 0.4948205899 -0.0004640656984 0.02699323384 0.2530744396 -0.9997770924 -0.005863609667 -0.02028259191 0.002953759367 0.912368361 -0.4093595598 0.0209055198 -0.4093282203 -0.9121476675 3.184339697e-05 -0.06310257544 0
0.4313766045 0.1026503768 -0.04820202178 -0.003727052023 0.1082104125 0.4943374852 -0.000478944983 0.02742003833 0.2530127044 -0.9997626212 -0.006144630475 -0.02090322585 0.00309606852 0.9096047695 -0.4154630881 0.02156654109 -0.4154291838 -0.9093698244 3.292062493e-05 -0.06410868897 0
0.439113712 0.1044914989 -0.04906656618 -0.003860572139 0.1100857353 0.493776382 -0.0004962351693 0.02790760686 0.2529409665 -0.9997452376 -0.006476390381 -0.02162212359 0.003264146145 0.9063969695 -0.4224143452 0.0223339475 -0.4223773077 -0.9061449138 3.417635199e-05 -0.06525853301 0
0.445883681 0.1061024807 -0.04982304252 -0.00397926896 0.111723805 0.493277572 -0.0005116135856 0.02833404436 0.2528771609 -0.999729264 -0.006776079532 -0.02225945898 0.003416044031 0.9035470852 -0.4284751981 0.0230158513 -0.4284352337 -0.9032793151 3.529680224e-05 -0.06626464655 0
0.4536207885 0.1079436028 -0.05068758691 -0.004117051256 0.1135925892 0.4926985575 -0.0005294739132 0.02882118659 0.2528030581 -0.9997101075 -0.007129477582 -0.02299720456 0.003595246225 0.9002410755 -0.4353769404 0.0238070383 -0.4353334085 -0.8999544702 3.660229311e-05 -0.06741449059 0
0.4603907576 0.1095545847 -0.05144406325 -0.004239469537 0.1152248484 0.4921841085 -0.0005453509413 0.02924724504 0.2527371843 -0.9996925331 -0.007448362963 -0.02365081928 0.003757022682 0.8973056223 -0.4413938208 0.02450967449 -0.4413469634 -0.8970017468 3.776661206e-05 -0.06842060413 0
0.4681278651 0.1113957068 -0.05230860764 -0.004381495704 0.1170868903 0.4915872596 -0.0005637808066 0.02973394717 0.2526607191 -0.9996714896 -0.007823997321 -0.02440692341 0.003947679063 0.8939022423 -0.4482445728 0.0253244679 -0.4481936705 -0.8935776995 3.912261559e-05 -0.06957044817 0
0.4748978341 0.1130066886 -0.05306508399 -0.004507619181 0.1187131609 0.49105724 -0.0005801559096 0.03015961452 0.2525927795 -0.999652213 -0.00816259777 -0.02507638337 0.004119621065 0.8908819654 -0.4542161957 0.02604768181 -0.4541615305 -0.8905385014 4.033146724e-05 -0.0705765617 0
0.4816678032 0.1146176705 -0.05382156033 -0.004635466046 0.1203365763 0.490519978 -0.0005967632593 0.03058509523 0.2525238765 -0.9996321067 -0.008510573535 -0.02575308589 0.00429640437 0.8878223651 -0.4601662623 0.02678044444 -0.4601076159 -0.8874591763 4.156133293e-05 -0.07158267524 0
0.4894049107 0.1164587926 -0.05468610472 -0.004783682275 0.1221883624 0.489897116 -0.0006160273142 0.03107112701 0.2524439514 -0.9996080826 -0.008919881173 -0.02653520248 0.0045044495 0.884277745 -0.4669395889 0.02762953466 -0.4668761136 -0.8838910019 4.299281783e-05 -0.07273251928 0
0.4961748798 0.1180697744 -0.05544258106 -0.004915209601 0.1238055297 0.4893443873 -0.0006331319213 0.03149619898 0.252372986 -0.9995861207 -0.009288316077 -0.02722709224 0.004691813887 0.8811344523 -0.4728425359 0.02838263994 -0.4727745806 -0.8807261899 4.426822128e-05 -0.07373863282 0
0.5039119873 0.1199108965 -0.05630712546 -0.00506762216 0.1256500747 0.4887038907 -0.0006529639423 0.03198175674 0.2522907052 -0.9995599146 -0.009721290068 -0.02802630276 0.004912111859 0.8774946364 -0.4795612935 0.02925488479 -0.4794879139 -0.8770607118 4.57521505e-05 -0.07488847686 0
0.5106819563 0.1215218783 -0.0570636018 -0.005202812485 0.1272608183 0.4881357687 -0.0006705652287 0.03240640794 0.2522176798 -0.9995359892 -0.01011067956 -0.02873291686 0.005110336878 0.8742684486 -0.4854158673 0.03002816693 -0.4853374639 -0.8738111096 4.707379785e-05 -0.07589459039 0
0.5184190638 0.1233630004 -0.05792814619 -0.005359401143 0.1290979217 0.4874777225 -0.0006909645457 0.03289147797 0.2521330462 -0.9995074762 -0.01056788049 -0.02954868575 0.005343205391 0.8705343598 -0.4920786304 0.0309233744 -0.4919941547 -0.8700491346 4.861098793e-05 -0.07704443443 0
0.5251890329 0.1249739823 -0.05868462253 -0.005498236525 0.1307020666 0.4868942825 -0.0007090619165 0.0333156964 0.2520579634 -0.9994814767 -0.0109787101 -0.03026954991 0.005552567445 0.8672260947 -0.4978835905 0.03171666316 -0.4977935 -0.8667154577 4.997960193e-05 -0.07805054797 0
0.5319590019 0.1265849641 -0.05944109888 -0.005638766657 0.1323030726 0.4863037206 -0.000727390585 0.03373970877 0.2519819213 -0.9994544707 -0.0113997084 -0.03099689864 0.005767220468 0.8638798124 -0.5036649769 0.03251922885 -0.5035689788 -0.8633427959 5.137038563e-05 -0.0790566615 0
0.5396961094 0.1284260862 -0.06030564327 -0.005801442519 0.1341289017 0.4856200936 -0.0007486206834 0.03422403867 0.2518938423 -0.9994223422 -0.01189343221 -0.03183595751 0.006019092817 0.860009175 -0.5102430689 0.0334477569 -0.5101399466 -0.8594407963 5.298720797e-05 -0.08020650555 0
0.5464660785 0.130037068 -0.06106211961 -0.005945590528 0.1357230544 0.4850143279 -0.0007674445336 0.0346476007 0.2518157466 -0.9993930952 -0.01233656431 -0.03257684054 0.006245282402 0.8565820516 -0.515973047 0.03427007158 -0.5158633521 -0.8559851425 5.442604781e-05 -0.08121261908 0
0.554203186 0.1318781901 -0.061926664 -0.006112390248 0.1375409525 0.484313371 -0.0007892401927 0.03513140909 0.2517253221 -0.9993583391 -0.01285584824 -0.03343108212 0.00651049318 0.8526195175 -0.5224916955 0.03522106705 -0.5223740858 -0.851988727 5.609822498e-05 -0.08236246312 0
0.560973155 0.133489172 -0.06268314034 -0.006260137017 0.1391280795 0.4836924819 -0.0008085585884 0.03555450882 0.2516451756 -0.9993267341 -0.01332157419 -0.03418499797 0.006748487624 0.8491124208 -0.528169059 0.03606294968 -0.5280441578 -0.8484508419 5.75858835e-05 -0.08336857666 0
0.5687102625 0.1353302941 -0.06354768474 -0.006431038477 0.1409378502 0.4829742878 -0.0008309190716 0.03603778203 0.2515524088 -0.9992892155 -0.01386693794 -0.03505384302 0.007027341511 0.8450589929 -0.5346268933 0.03703620323 -0.5344932241 -0.8443608903 5.931429595e-05 -0.0845184207 0
0.5754802316 0.1369412759 -0.06430416108 -0.006582364419 0.1425177802 0.4823383576 -0.0008507313599 0.03646040751 0.2514702141 -0.9992551332 -0.01435570705 -0.03582027953 0.007277405692 0.8414728102 -0.5402504503 0.03789746847 -0.5401087144 -0.8407415527 6.085155134e-05 -0.08552453423 0
0.5822502007 0.1385522577 -0.06506063742 -0.006735353805 0.1440942932 0.481695437 -0.0008707739035 0.03688280759 0.2513870646 -0.9992198534 -0.01485538032 -0.03659238078 0.007533192083 0.83785003 -0.5458484939 0.03876771431 -0.5456983095 -0.8370844756 6.24122226e-05 -0.08653064777 0
0.5899873082 0.1403933798 -0.06592518181 -0.006912230025 0.1458917909 0.4809521347 -0.0008939614233 0.03736527122 0.2512908682 -0.9991780327 -0.0154399085 -0.03748157123 0.007832598715 0.8336651524 -0.5522146902 0.03977322408 -0.5520543659 -0.8328589723 6.422474314e-05 -0.08768049181 0
0.5967572772 0.1420043617 -0.06668165816 -0.007068769011 0.1474608575 0.4802942973 -0.0009144968719 0.03778717957 0.2512056748 -0.9991400961 -0.01596326404 -0.03826542308 0.008100836983 0.8299646231 -0.557757206 0.04066257299 -0.5575875703 -0.8291216175 6.583618039e-05 -0.08868660535 0
0.6044943847 0.1438454838 -0.06754620255 -0.007249690132 0.1492497484 0.4795339968 -0.0009382473177 0.03826907441 0.2511071443 -0.9990951679 -0.01657510031 -0.03916773698 0.008414621193 0.8256914212 -0.5640592797 0.04168980355 -0.5638784824 -0.8248048359 6.770718326e-05 -0.08983644939 0
0.6112643538 0.1454564656 -0.06830267889 -0.007409757982 0.1508111999 0.4788613297 -0.0009592749776 0.03869047912 0.2510199099 -0.9990544492 -0.01712255998 -0.0399628018 0.008695567455 0.8219140781 -0.5695451126 0.04259805976 -0.569354078 -0.8209880262 6.937020222e-05 -0.09084256292 0
0.6190014613 0.1472975877 -0.06916722328 -0.007594700042 0.152591292 0.4780841316 -0.0009835875469 0.03917179159 0.2509190485 -0.9990062689 -0.01776217994 -0.04087761901 0.009024019857 0.8175536315 -0.5757817527 0.04364678497 -0.5755784609 -0.8165809167 7.130062811e-05 -0.09199240696 0
0.6257714303 0.1489085696 -0.06992369962 -0.007758275561 0.1541449608 0.477396724 -0.001005106708 0.03959268078 0.2508297761 -0.9989626405 -0.01833415409 -0.04168334925 0.009317926551 0.8137004285 -0.5812097633 0.04457374851 -0.5809952422 -0.8126854923 7.301605924e-05 -0.0929985205 0
0.6325413994 0.1505195514 -0.07068017597 -0.00792348061 0.1556949407 0.4767024684 -0.001026854988 0.04001332535 0.2507395538 -0.9989176101 -0.01891770547 -0.04249386655 0.009617966785 0.8098121559 -0.5866104046 0.04550937255 -0.586384168 -0.8087536736 7.475623767e-05 -0.09400463404 0
0.6402785069 0.1523606735 -0.07154472036 -0.008114275614 0.1574617828 0.475900674 -0.001051990514 0.04049375913 0.2506352802 -0.9988643932 -0.0195989073 -0.04342587675 0.009968449327 0.8053257478 -0.592748741 0.0465892043 -0.5925085001 -0.8042158437 7.677555384e-05 -0.09515447808 0
0.6470484759 0.1539716553 -0.0723011967 -0.008282956421 0.1590037363 0.475191812 -0.001074229223 0.04091387078 0.2505430245 -0.9988162619 -0.02020755375 -0.04424623883 0.01028181343 0.8013630482 -0.5980899174 0.04754323497 -0.5978368672 -0.800206674 7.856938862e-05 -0.09616059161 0
0.6547855834 0.1558127774 -0.07316574109 -0.008477711033 0.1607613112 0.4743733777 -0.001099924812 0.04139368876 0.2504364289 -0.9987594256 -0.02091765509 -0.04518917514 0.01064766269 0.7967921491 -0.604159663 0.04864398343 -0.6038913171 -0.795580945 8.065051911e-05 -0.09731043565 0
0.6615555525 0.1574237593 -0.07392221744 -0.008649845285 0.1622950737 0.473650003 -0.001122653199 0.04181325567 0.250342143 -0.9987080604 -0.02155177766 -0.04601881086 0.01097459372 0.7927560218 -0.6094402746 0.04961621072 -0.6091579523 -0.7914953069 8.249887605e-05 -0.09831654919 0
0.66929266 0.1592648814 -0.07478676183 -0.008848533745 0.1640431938 0.4728150372 -0.001148907984 0.04229244433 0.2502332289 -0.9986474512 -0.02229120704 -0.04697201527 0.01135608524 0.788101784 -0.6154401818 0.05073763355 -0.6151411871 -0.7867826971 8.464281834e-05 -0.09946639323 0
0.676062629 0.1608758632 -0.07554323817 -0.00902409868 0.1655686017 0.4720772454 -0.00117212528 0.04271145468 0.2501369161 -0.9985927171 -0.02295117454 -0.04781034432 0.01169682234 0.7839932462 -0.620659145 0.05172784341 -0.6203449311 -0.78262149 8.654657715e-05 -0.1004725068 0
0.6828325981 0.162486845 -0.07629971451 -0.009201256685 0.1670900553 0.4713327589 -0.001195570468 0.04313020128 0.2500396585 -0.9985363638 -0.02362332573 -0.04865252913 0.01204408298 0.7798512698 -0.625848973 0.05272637077 -0.6255189329 -0.77842533 8.847649508e-05 -0.1014786203 0
0.6905697056 0.1643279671 -0.0771642589 -0.009405667132 0.168823972 0.4704737471 -0.001222643796 0.04360844255 0.249927351 -0.998469939 -0.02440651521 -0.04961958162 0.01244900544 0.7750769289 -0.6317442335 0.05387766818 -0.6313953408 -0.7735871771 9.071439855e-05 -0.1026284643 0
0.6973396747 0.165938949 -0.07792073525 -0.009586221633 0.1703368335 0.4697149873 -0.001246576738 0.0440266153 0.2498280714 -0.9984100148 -0.02510502973 -0.05046959256 0.01281041564 0.7708640657 -0.6368708547 0.05489385705 -0.6365047759 -0.7693167974 9.270103328e-05 -0.1036345779 0
0.7050767822 0.1677800711 -0.07878527964 -0.009794500221 0.1720608389 0.46883972 -0.00127420704 0.04450419403 0.249713455 -0.9983394291 -0.02591854353 -0.05144524643 0.01323164055 0.7660093145 -0.6426932812 0.05606521174 -0.6423067485 -0.7643943569 9.500427584e-05 -0.1047844219 0
0.7118467512 0.1693910529 -0.07954175598 -0.009978427367 0.1735649479 0.468066787 -0.001298626928 0.04492178118 0.2496121568 -0.9982757938 -0.02664375917 -0.0523024816 0.01360742946 0.7617266245 -0.6477556541 0.05709883841 -0.6473504921 -0.7600506976 9.704854042e-05 -0.1057905355 0
0.7195838587 0.171232175 -0.08040630037 -0.01019054659 0.1752788594 0.4671753799 -0.001326813271 0.04539868393 0.2494952355 -0.9982008859 -0.02748797602 -0.05328604418 0.01404521635 0.7567926843 -0.6535040665 0.05828999251 -0.6530767522 -0.7550450533 9.941817309e-05 -0.1069403795 0
0.7263538278 0.1728431569 -0.08116277672 -0.01037782209 0.1767740567 0.4663883758 -0.00135171928 0.04581567374 0.2493919222 -0.9981333975 -0.02824021768 -0.05414989335 0.01443560899 0.7524412442 -0.6585011672 0.05934082943 -0.6580536939 -0.7506290707 0.0001015209937 -0.107946493 0
0.7331237968 0.1744541387 -0.08191925306 -0.01056665173 0.1782650413 0.4655948406 -0.001376851859 0.04623238077 0.2492876697 -0.9980640617 -0.029005179 -0.05501661794 0.01483289253 0.748058094 -0.6634674621 0.06039961886 -0.6629990856 -0.7461796691 0.000103651461 -0.1089526066 0
0.7408609043 0.1762952608 -0.08278379745 -0.01078435309 0.1799638211 0.4646799752 -0.001405852002 0.04670826786 0.2491673751 -0.9979825185 -0.02989508091 -0.05601050745 0.01529542979 0.7430102585 -0.6691052276 0.06161933654 -0.668612025 -0.7410539909 0.0001061203981 -0.1101024506 0
0.7476308734 0.1779062426 -0.08354027379 -0.01097649469 0.181445663 0.4638725219 -0.001431469463 0.04712436038 0.2490611129 -0.9979091179 -0.03068752105 -0.0568829365 0.01570763942 0.7385599675 -0.6740047808 0.06269499563 -0.6734890129 -0.7365336972 0.0001083108031 -0.1111085641 0
0.7553679809 0.1797473647 -0.08440481818 -0.01119796673 0.1831339049 0.4629418107 -0.001461023265 0.04759953849 0.2489385234 -0.9978228456 -0.03160899623 -0.05788298661 0.01618735825 0.7334360356 -0.6795657077 0.06393385813 -0.6790231609 -0.731327566 0.000110848786 -0.1122584082 0
0.7621379499 0.1813583466 -0.08516129453 -0.01139339495 0.1846064484 0.4621205457 -0.001487124744 0.04801500481 0.248830255 -0.9977452336 -0.03242920748 -0.05876049041 0.01661470848 0.7289197209 -0.6843975394 0.06502615007 -0.6838306713 -0.7267373754 0.0001131000864 -0.1132645217 0
0.7698750574 0.1831994687 -0.08602583892 -0.01161860845 0.186283975 0.4611741114 -0.001517231208 0.0484894606 0.248705375 -0.9976540639 -0.03338258228 -0.05976597717 0.01711185153 0.7237209784 -0.6898805187 0.06628388465 -0.6892848096 -0.7214519374 0.0001157082166 -0.1144143658 0
0.7766450265 0.1848104505 -0.08678231526 -0.01181729753 0.1877470656 0.460339143 -0.001543815823 0.04890428906 0.2485951042 -0.9975720923 -0.03423084343 -0.06064791856 0.01755455247 0.7191397725 -0.6946436678 0.06739256899 -0.6940217842 -0.7167928604 0.0001180213825 -0.1154204793 0
0.7834149956 0.1864214323 -0.0875387916 -0.0120174994 0.1892056923 0.4594978173 -0.001570625595 0.04931881587 0.2484839003 -0.997488035 -0.0350922861 -0.06153171074 0.01800448774 0.7145286762 -0.6993744414 0.0685088198 -0.6987254843 -0.7121019866 0.0001203637545 -0.1164265928 0
0.7911521031 0.1882625544 -0.088403336 -0.01224814657 0.1908671857 0.4585285486 -0.001601540785 0.04979218819 0.2483556686 -0.9973893736 -0.03609300484 -0.06254384425 0.0185276147 0.709222574 -0.7047411355 0.06979373142 -0.7040601079 -0.7067023415 0.0001230767895 -0.1175764369 0
0.7979220721 0.1898735363 -0.08915981234 -0.01245157075 0.1923161354 0.4576736815 -0.001628832372 0.05020606009 0.2482424679 -0.9973007363 -0.0369828815 -0.06343112657 0.01899320084 0.7045482757 -0.7094018506 0.07092601543 -0.708691748 -0.7019440908 0.0001254824719 -0.1185825504 0
0.8056591796 0.1917146584 -0.09002435673 -0.01268588532 0.193966483 0.456689001 -0.001660297683 0.0506786773 0.2481119564 -0.9971967538 -0.03801623806 -0.06444687579 0.01953432891 0.6991706092 -0.7146879524 0.07222910874 -0.7139434326 -0.6964680401 0.0001282684313 -0.1197323945 0
0.8124291487 0.1933256402 -0.09078083307 -0.01289250503 0.1954056047 0.455820705 -0.001688070163 0.0510918827 0.2479967629 -0.9971033844 -0.03893479348 -0.06533699383 0.02001576501 0.6944342789 -0.7192776942 0.07337717667 -0.7185019931 -0.6916434601 0.000130738424 -0.120738508 0
0.8201662562 0.1951667623 -0.09164537746 -0.01313045614 0.1970446346 0.4548207424 -0.001720084533 0.05156373157 0.247863976 -0.996993906 -0.04000105956 -0.06635560706 0.02057511912 0.6889863938 -0.7244821693 0.07469816482 -0.7236695824 -0.6860922094 0.0001335984574 -0.121888352 0
0.8269362252 0.1967777442 -0.09240185381 -0.01334024419 0.1984737787 0.4539391318 -0.001748336968 0.05197625888 0.2477467937 -0.9968956507 -0.04094852443 -0.06724789983 0.0210725997 0.6841892163 -0.7290000424 0.07586176393 -0.7281540597 -0.6812023621 0.0001361337721 -0.1228944656 0
0.8346733327 0.1986188663 -0.0932663982 -0.01358180055 0.2001013208 0.4529240185 -0.001780899317 0.0524473262 0.2476117362 -0.9967805 -0.04204795558 -0.06826861805 0.02165039953 0.6786724745 -0.7341218785 0.07720035608 -0.733236416 -0.6755771335 0.0001390690424 -0.1240443096 0
0.8414433018 0.2002298481 -0.09402287454 -0.01379472933 0.2015203393 0.4520292094 -0.001809630755 0.05285916388 0.247492569 -0.9966772037 -0.04302454639 -0.06916241832 0.02216411449 0.6738156486 -0.7385670069 0.07837923021 -0.7376458229 -0.6706230955 0.0001416707024 -0.1250504231 0
0.8482132708 0.2018408299 -0.09477935088 -0.01400911424 0.2029345822 0.451128281 -0.001838585397 0.0532706758 0.2473724769 -0.9965715014 -0.04401479936 -0.07005669204 0.02268546918 0.668931401 -0.7429778935 0.07956514406 -0.7420198637 -0.6656394742 0.0001443036771 -0.1260565367 0
0.8559503783 0.203681952 -0.09564389528 -0.0142559007 0.2045449714 0.4500911889 -0.001871949454 0.05374057301 0.2472340976 -0.9964477088 -0.04516330072 -0.07107911002 0.02329070897 0.6633161667 -0.7479767415 0.0809290213 -0.7469751932 -0.6599079892 0.000147351426 -0.1272063807 0
0.8627203474 0.2052929339 -0.09640037162 -0.01447338515 0.2059488741 0.449177235 -0.00190138167 0.0541513784 0.2471120268 -0.9963367356 -0.04618297114 -0.07197390184 0.02382856808 0.658374054 -0.7523136343 0.0821298284 -0.7512727455 -0.6548617817 0.0001500522677 -0.1282124943 0
0.8704574549 0.207134056 -0.09726491601 -0.01472369768 0.2075473632 0.4481253249 -0.001935290962 0.05462046161 0.2469713884 -0.9962068287 -0.04736519782 -0.07299652325 0.02445277262 0.6526933906 -0.7572274426 0.08351057587 -0.7561401166 -0.6490594023 0.0001531781781 -0.1293623383 0
0.877227424 0.2087450378 -0.09802139235 -0.01494425311 0.2089407813 0.4471984657 -0.00196519976 0.05503054901 0.2468473431 -0.9960904262 -0.04841446652 -0.07389115164 0.02500731443 0.6476946452 -0.7614895146 0.08472601185 -0.7603602344 -0.6439517194 0.000155947938 -0.1303684518 0
0.8849645314 0.2105861599 -0.09888593674 -0.01519805882 0.2105272062 0.4461318758 -0.001999653142 0.0554988051 0.2467044505 -0.9959542234 -0.04963061682 -0.07491319451 0.0256506847 0.6419499685 -0.7663173496 0.0861233256 -0.7651385755 -0.6380797231 0.0001591532178 -0.1315182959 0
0.8917345005 0.2121971417 -0.09964241309 -0.01542165627 0.2119099968 0.4451922328 -0.002030037513 0.05590816305 0.246578435 -0.995832232 -0.05070964996 -0.07580697263 0.02622208268 0.6368958359 -0.770503794 0.08735312288 -0.7692803297 -0.6329116891 0.0001619929585 -0.1325244094 0
0.8985044696 0.2138081236 -0.1003988894 -0.01564666331 0.2132877795 0.4442466662 -0.002060643469 0.05631717668 0.2464515015 -0.9957075775 -0.05180262588 -0.07670011746 0.02680140488 0.6318162856 -0.7746546753 0.08858952965 -0.7733852011 -0.62771588 0.0001648657236 -0.1335305229 0
0.9062415771 0.2156492457 -0.1012634338 -0.015905532 0.2148562168 0.4431587998 -0.002095892742 0.05678419602 0.2463053118 -0.9955618093 -0.05306885428 -0.07771988504 0.02747323695 0.6259803147 -0.779354776 0.09001058314 -0.7780310677 -0.6217441215 0.0001681896231 -0.134680367 0
0.9130115461 0.2172602275 -0.1020199102 -0.01613353789 0.2162231653 0.4422006308 -0.002126972762 0.05719246346 0.2461764145 -0.9954313299 -0.05419181154 -0.07861116321 0.02806966095 0.6208472265 -0.7834288835 0.09126095306 -0.7820562441 -0.6164896346 0.000171133947 -0.1356864805 0
0.9207486536 0.2191013496 -0.1028844546 -0.01639581681 0.2177791411 0.4410984333 -0.002162763226 0.0576586235 0.246027983 -0.9952788121 -0.0554923804 -0.0796283988 0.02876113087 0.6149507969 -0.7880408078 0.09269780758 -0.7866105219 -0.610451475 0.0001745402488 -0.1368363246 0
0.9275186227 0.2207123315 -0.1036409309 -0.01662679167 0.2191351164 0.4401277876 -0.00219431626 0.05806613335 0.2458971263 -0.9951423456 -0.05664544845 -0.08051711158 0.02937481809 0.6097654466 -0.7920373856 0.0939618654 -0.7905551171 -0.6051394671 0.0001775572207 -0.1378424381 0
0.9352557302 0.2225534536 -0.1045054753 -0.01689244644 0.2206784727 0.4390114034 -0.002230646708 0.05853142109 0.2457464581 -0.9949828922 -0.05798049709 -0.08153101413 0.03008610752 0.6038100232 -0.7965602815 0.09541420462 -0.7950168035 -0.5990362357 0.0001810471759 -0.1389922821 0
0.9420256992 0.2241644354 -0.1052619516 -0.01712635999 0.2220233374 0.4380284082 -0.002262671694 0.05893816201 0.2456136466 -0.9948402753 -0.05916379028 -0.08241645846 0.03071721442 0.5985736986 -0.8004785944 0.09669167205 -0.7988799492 -0.5936678762 0.0001841378957 -0.1399983957 0
0.9487956683 0.2257754172 -0.106018428 -0.01736163448 0.2233629706 0.4370396937 -0.002294916555 0.05934454021 0.2454799244 -0.9946947321 -0.06036122341 -0.08330013576 0.03135650266 0.5933140298 -0.8043601381 0.09797530123 -0.8027047931 -0.588273623 0.0001872634106 -0.1410045092 0
0.9565327758 0.2276165393 -0.1068829724 -0.01763217745 0.2248875365 0.4359027675 -0.002332036756 0.05980852514 0.2453259851 -0.9945247679 -0.06174705827 -0.08430769093 0.03209717736 0.5872747594 -0.808750968 0.09944977205 -0.8070289077 -0.5820773875 0.0001908783455 -0.1421543532 0
0.9633027448 0.2292275212 -0.1076394487 -0.01787034558 0.2262158606 0.4349018928 -0.002364751979 0.0602141178 0.2451903148 -0.9943728335 -0.06297485678 -0.08518706144 0.03275410569 0.5819660251 -0.812553207 0.1007463974 -0.8107710608 -0.5766285203 0.0001940792404 -0.1431604668 0
0.9710398523 0.2310686433 -0.1085039931 -0.01814417781 0.2277274252 0.4337511438 -0.002402409108 0.06067719852 0.2450341519 -0.9941954706 -0.06439544094 -0.08618928792 0.03351502352 0.5758714299 -0.8168530097 0.1022355582 -0.8150001984 -0.5703705526 0.0001977809657 -0.1443103108 0
0.9778098214 0.2326796251 -0.1092604694 -0.01838520843 0.2290443069 0.4327382399 -0.00243559359 0.06108199437 0.2448965382 -0.9940369796 -0.06565368158 -0.08706363917 0.03418973599 0.5705149452 -0.8205752612 0.1035448942 -0.818658837 -0.5648682709 0.0002010583663 -0.1453164244 0
0.9855469289 0.2345207472 -0.1101250138 -0.01866229412 0.230542719 0.4315738186 -0.002473786378 0.06154415801 0.2447381569 -0.9938520288 -0.06710909394 -0.08805972078 0.03497105867 0.5643665339 -0.8247832688 0.1050484173 -0.8227920666 -0.5585499487 0.0002048481744 -0.1464662684 0
0.992316898 0.236131729 -0.1108814902 -0.0189061557 0.2318480265 0.4305490179 -0.002507438999 0.06194814578 0.2445986046 -0.9936868152 -0.06839783804 -0.088928337 0.03566369422 0.5589636242 -0.8284248715 0.1063701757 -0.8263663852 -0.5529954639 0.0002082032167 -0.1474723819 0
0.999086867 0.2377427109 -0.1116379665 -0.01915132753 0.2331478882 0.429518711 -0.002541309699 0.06235175261 0.2444581492 -0.9935184074 -0.06970083371 -0.08979403107 0.03636473997 0.5535395058 -0.832028618 0.1076976319 -0.8299010841 -0.5474170355 0.0002115948833 -0.1484784955 0
