0.006594586799 0.004812927284 -0.001195664533 -2.697828681e-06 0.001681610293 0.5099963035 -3.387114121e-07 0.0004187884404 0.2549995415 -0.9999999999 -6.819531005e-08 -1.571127038e-05 3.489631377e-08 0.9999784729 -0.0065615417 1.571137963e-05 -0.0065615417 -0.9999784727 3.202376651e-08 -0.001590233828 0
0.01298840028 0.009479324179 -0.002354926856 -1.046517154e-05 0.003311970711 0.5099856608 -1.321012492e-06 0.0008263231497 0.2549982116 -0.9999999981 -5.243027717e-07 -6.094408766e-05 2.633157837e-07 0.9999164958 -0.01292290694 6.094577408e-05 -0.01292290693 -0.9999164939 6.569061492e-08 -0.003132052718 0
0.01938221377 0.01414572107 -0.003514189178 -2.330423723e-05 0.004942227371 0.509968069 -2.952334804e-06 0.001234597378 0.2549960028 -0.9999999908 -1.743796336e-06 -0.0001357065478 8.734211448e-07 0.9998140566 -0.0192834706 0.0001357149405 -0.01928347054 -0.9998140474 5.852186893e-08 -0.004673871607 0
0.02577602725 0.01881211797 -0.004673451501 -4.121454308e-05 0.006572329205 0.5099435286 -5.232342644e-06 0.001643018338 0.2549929156 -0.9999999712 -4.102308174e-06 -0.0002399879617 2.053013329e-06 0.9996711684 -0.02564283822 0.0002400142409 -0.02564283797 -0.9996711396 1.459353417e-08 -0.006215690497 0
0.03216984074 0.02347851487 -0.005832713824 -6.419541579e-05 0.008202225146 0.5099120406 -8.160076885e-06 0.002051409028 0.2549889513 -0.9999999301 -7.975280038e-06 -0.0003737734199 3.989784276e-06 0.9994878491 -0.03200061548 0.0003738372054 -0.03200061474 -0.9994877793 6.433712036e-08 -0.007757509386 0
0.03856365422 0.02814491176 -0.006991976147 -9.224599145e-05 0.00983186414 0.5098736062 -1.173494217e-05 0.002459734088 0.2549841108 -0.9999998557 -1.373790048e-05 -0.0005370437949 6.871281e-06 0.9992641222 -0.03835640831 0.0005371755328 -0.03835640647 -0.9992639779 1.663152127e-07 -0.009299328276 0
0.04495746771 0.03281130866 -0.00815123847 -0.0001253652156 0.01146119514 0.5098282268 -1.595660545e-05 0.002867992861 0.2549783945 -0.9999997335 -2.176504215e-05 -0.0007297757439 1.088486969e-05 0.9990000158 -0.04470982287 0.0007300190909 -0.0447098189 -0.9989997493 2.921044599e-07 -0.01084114717 0
0.05135128119 0.03747770555 -0.009310500793 -0.0001635518432 0.01309016712 0.5097759042 -2.082486693e-05 0.003276190862 0.2549718026 -0.9999995464 -3.243119907e-05 -0.0009519417129 1.621769985e-05 0.9986955635 -0.05106046564 0.0009523559176 -0.05106045791 -0.99869511 4.403148151e-07 -0.01238296605 0
0.05774509468 0.04214410245 -0.01046976312 -0.0002068044388 0.01471872905 0.5097166403 -2.633959076e-05 0.003684333055 0.2549643354 -0.9999992747 -4.611042406e-05 -0.00120350994 2.305666841e-05 0.9983508038 -0.05740794347 0.001204172221 -0.05740792958 -0.9983500787 6.102906849e-07 -0.01392478494 0
0.06413890816 0.04681049934 -0.01162902544 -0.0002551213765 0.01634682995 0.5096504373 -3.250067136e-05 0.00409242268 0.254955993 -0.9999988962 -6.317626615e-05 -0.001484444461 3.158838399e-05 0.9979657804 -0.06375186364 0.00148545238 -0.06375184016 -0.9979646769 8.017118868e-07 -0.01546660383 0
0.07053272165 0.05147689624 -0.01278828776 -0.0003085008401 0.01797441882 0.5095772977 -3.930801662e-05 0.004500461381 0.2549467755 -0.999998386 -8.400170815e-05 -0.001794705115 4.199913112e-05 0.9975405421 -0.07009183388 0.001796178947 -0.07009179613 -0.9975389285 1.014440951e-06 -0.01700842272 0
0.07692653513 0.05614329314 -0.01394755008 -0.0003669408232 0.0196014447 0.5094972243 -4.676153937e-05 0.00490844956 0.254936683 -0.9999977166 -0.0001089591042 -0.002134247549 5.44748345e-05 0.9970751426 -0.07642746247 0.002136332648 -0.07642740421 -0.9970728599 1.248448607e-06 -0.01855024161 0
0.08252112193 0.06022639042 -0.01496190462 -0.0004222252936 0.02102459049 0.5094214745 -5.381337101e-05 0.005265397386 0.2549271345 -0.9999969766 -0.0001344785142 -0.002455329336 6.723084544e-05 0.9966350196 -0.08196726843 0.002458090038 -0.08196718569 -0.9966319974 1.470690278e-06 -0.01989933314 0
0.08891493542 0.06489278732 -0.01612116694 -0.0004901476807 0.02265042352 0.5093284084 -6.247824067e-05 0.00567328892 0.2549154018 -0.9999959256 -0.0001681844822 -0.002849641003 8.407806327e-05 0.996094481 -0.08829370259 0.002853361307 -0.08829358244 -0.9960904084 1.744739204e-06 -0.02144115203 0
0.0953087489 0.06955918421 -0.01728042926 -0.0005631237597 0.02427554719 0.5092284179 -7.178903074e-05 0.006081126791 0.2549027945 -0.999994622 -0.0002070888576 -0.003273083657 0.0001035224444 0.9955139643 -0.09461467221 0.003277994131 -0.09461450221 -0.995508589 2.040296815e-06 -0.02298297092 0
0.1017025624 0.07422558111 -0.01843969159 -0.0006411507881 0.02589991066 0.5091215067 -8.174564424e-05 0.006488909004 0.2548893128 -0.9999930283 -0.0002515609713 -0.003725596773 0.0001257481834 0.9948935431 -0.1009297881 0.003731962169 -0.1009295529 -0.9948865753 2.357507211e-06 -0.02452478981 0
0.1080963759 0.078891978 -0.01959895391 -0.0007242258331 0.02752346309 0.5090076787 -9.234797898e-05 0.006896633286 0.2548749567 -0.9999911045 -0.0003019692231 -0.004207115676 0.0001509389418 0.9942332959 -0.1072386618 0.00421523726 -0.1072383428 -0.9942244061 2.696536552e-06 -0.0260666087 0
0.1144901894 0.0835583749 -0.02075821623 -0.0008123457729 0.0291461537 0.5088869384 -0.0001035959272 0.007304297152 0.2548597264 -0.9999888079 -0.0003586810201 -0.00471757155 0.0001792778129 0.9935333062 -0.1135409056 0.004727789428 -0.1135404806 -0.9935221222 3.057569725e-06 -0.02760842759 0
0.1208840028 0.08822477179 -0.02191747856 -0.0009055072958 0.03076793173 0.5087592901 -0.0001154893753 0.007711897957 0.2548436221 -0.9999860934 -0.0004220627149 -0.005256891446 0.000210947287 0.9927936627 -0.1198361329 0.005269586877 -0.1198355753 -0.9927797673 3.440808108e-06 -0.02915024648 0
0.1272778163 0.09289116869 -0.02307674088 -0.001003706901 0.03238874646 0.5086247388 -0.0001280282037 0.008119432933 0.2548266439 -0.9999829133 -0.0004924795446 -0.005824998292 0.0002461292155 0.9920144589 -0.1261239578 0.005840595998 -0.1261232365 -0.9919973874 3.846468025e-06 -0.03069206537 0
0.1336716298 0.09755756558 -0.0242360032 -0.001106940899 0.03400854722 0.5084832894 -0.0001412122866 0.008526899215 0.254808792 -0.9999792173 -0.0005702955695 -0.00642181091 0.0002850047766 0.9911957933 -0.1324039955 0.006440781372 -0.132403074 -0.9911750311 4.274779625e-06 -0.03223388426 0
0.1400654433 0.1022239625 -0.02539526552 -0.001215205409 0.03562728338 0.5083349473 -0.0001550414923 0.008934293863 0.2547900665 -0.9999749528 -0.0006558736119 -0.007047244025 0.0003277544402 0.9903377696 -0.1386758621 0.007070105768 -0.1386746985 -0.9903127494 4.725986053e-06 -0.03377570315 0
0.1464592568 0.1068903594 -0.02655452785 -0.001328496366 0.03724490433 0.5081797181 -0.0001695156826 0.009341613879 0.2547704678 -0.9999700643 -0.0007495751959 -0.007701208277 0.0003745579332 0.9894404961 -0.144939175 0.007728530149 -0.1449377207 -0.9894105957 5.200342824e-06 -0.03531752204 0
0.1528530703 0.1115567563 -0.02771379017 -0.001446809511 0.03886135955 0.5080176075 -0.000184634713 0.009748856215 0.2547499959 -0.9999644942 -0.000851760486 -0.008383610237 0.0004255942046 0.9885040863 -0.1511935525 0.00841601367 -0.1511917523 -0.9884686261 5.698117291e-06 -0.03685934093 0
0.1592468837 0.1162231532 -0.02887305249 -0.0015701404 0.04047659853 0.5078486217 -0.0002003984328 0.01015601778 0.254728651 -0.999958182 -0.0009627882275 -0.009094352418 0.0004810413912 0.9875286585 -0.1574386142 0.009132513688 -0.1574364052 -0.9874868989 6.219588239e-06 -0.03840115982 0
0.1656406972 0.1208895501 -0.03003231482 -0.001698484401 0.04209057084 0.5076727671 -0.0002168066851 0.01056309547 0.2547064335 -0.9999510651 -0.001083015686 -0.009833333295 0.0005410767833 0.986514336 -0.1636739809 0.009877985755 -0.1636712921 -0.9864654751 6.765045508e-06 -0.0399429787 0
0.1720345107 0.125555947 -0.03119157714 -0.001831836691 0.04370322608 0.5074900502 -0.0002338593063 0.01097008612 0.2546833434 -0.9999430782 -0.001212798587 -0.01060044732 0.0006058767903 0.985461247 -0.1698992747 0.01065238363 -0.1698960263 -0.985404418 7.334789681e-06 -0.04148479759 0
0.1784283242 0.1302223439 -0.03235083946 -0.001970192262 0.04531451391 0.5073004778 -0.0002515561268 0.01137698659 0.2546593811 -0.9999341535 -0.001352491058 -0.01139558492 0.0006756169067 0.9843695244 -0.1761141191 0.01145565928 -0.1761102216 -0.9843037934 7.929131791e-06 -0.04302661648 0
0.1848221377 0.1348887407 -0.03351010178 -0.002113545917 0.04692438406 0.5071040572 -0.0002698969703 0.01178379368 0.2546345467 -0.999924221 -0.001502445566 -0.01221863255 0.0007504716779 0.9832393061 -0.1823181388 0.01228776287 -0.1823134926 -0.9831636696 8.54839305e-06 -0.04456843537 0
0.1904167245 0.138971838 -0.03452445632 -0.002243076129 0.04833181801 0.5069265772 -0.0002864733653 0.01213967078 0.2546121015 -0.9999146461 -0.001642349619 -0.01296160187 0.000820301686 0.9822188986 -0.1877374825 0.01303946089 -0.1877320908 -0.9821337152 9.110948227e-06 -0.0459175269 0
0.196810538 0.1436382349 -0.03568371864 -0.002395786534 0.0499388947 0.5067173362 -0.0003060212552 0.01254629417 0.2545856328 -0.9999026261 -0.001812489434 -0.0138366609 0.0009052134426 0.9810168891 -0.1939201996 0.01392547635 -0.193913842 -0.980919723 9.777833052e-06 -0.04745934579 0
0.2032043515 0.1483046318 -0.03684298096 -0.002553479039 0.05154440948 0.5065012687 -0.0003262126263 0.01295281497 0.2545582928 -0.9998893829 -0.001993894859 -0.01473928141 0.0009957360812 0.979776807 -0.2000910215 0.01484016654 -0.2000835645 -0.9796664415 1.047061499e-05 -0.04900116468 0
0.2095981649 0.1529710287 -0.03800224329 -0.002716147725 0.05314831233 0.506278383 -0.0003470472777 0.01335922996 0.2545300817 -0.9998748369 -0.002186911379 -0.01566933453 0.001092040152 0.9784988087 -0.2062495788 0.01578347473 -0.2062408755 -0.9783739485 1.118965244e-05 -0.05054298357 0
0.2159919784 0.1576374256 -0.03916150561 -0.002883786483 0.05475055327 0.5060486874 -0.0003685250023 0.0137655359 0.2545009999 -0.9998589061 -0.002391882533 -0.01662668751 0.001194295094 0.9771830554 -0.2123955037 0.0167553424 -0.2123853931 -0.9770423242 1.193531279e-05 -0.05208480246 0
0.2223857919 0.1623038225 -0.04032076793 -0.003056389019 0.05635108241 0.5058121905 -0.0003906455864 0.01417172955 0.2544710477 -0.9998415064 -0.002609149859 -0.01761120369 0.0013026692 0.9758297128 -0.21852843 0.01775570926 -0.2185167362 -0.9756716511 1.270797231e-05 -0.05362662135 0
0.2287796054 0.1669702194 -0.04148003025 -0.003233948854 0.05794984991 0.5055689012 -0.0004134088099 0.01457780767 0.2544402253 -0.9998225509 -0.002839052837 -0.01862274257 0.001417329585 0.9744389515 -0.2246479934 0.01878451327 -0.2246345244 -0.9742620143 1.350801583e-05 -0.05516844024 0
0.2351734189 0.1716366163 -0.04263929258 -0.003416459323 0.05954680601 0.5053188286 -0.0004368144467 0.01498376702 0.254408533 -0.9998019506 -0.003081928827 -0.0196611598 0.001538442154 0.9730109468 -0.2307538313 0.0198416906 -0.2307383782 -0.9728135012 1.433583661e-05 -0.05671025913 0
0.2415672324 0.1763030132 -0.0437985549 -0.003603913575 0.06114190104 0.5050619821 -0.0004608622638 0.01538960434 0.2543759712 -0.9997796143 -0.003338113019 -0.02072630722 0.001666171569 0.9715458784 -0.2368455828 0.02092717568 -0.236827919 -0.9713262017 1.51918361e-05 -0.05825207802 0
0.2479610459 0.1809694101 -0.04495781722 -0.003796304575 0.0627350854 0.5047983714 -0.0004855520221 0.01579531638 0.2543425403 -0.9997554482 -0.003607938369 -0.02181803286 0.001800681216 0.9700439307 -0.242922889 0.02204090117 -0.2429027691 -0.969800208 1.607642373e-05 -0.05979389691 0
0.2543548593 0.185635807 -0.04611707955 -0.003993625103 0.06432630955 0.5045280064 -0.0005108834762 0.0162008999 0.2543082404 -0.9997293564 -0.003891735552 -0.02293618098 0.001942133175 0.9685052929 -0.2489853928 0.02318279798 -0.2489625516 -0.9682356148 1.699001673e-05 -0.0613357158 0
0.2607486728 0.1903022039 -0.04727634187 -0.004195867755 0.06591552406 0.5042508971 -0.000536856374 0.01660635162 0.2542730721 -0.9997012406 -0.004189832897 -0.02408059209 0.002090688185 0.9669301583 -0.255032739 0.02435279529 -0.2550068906 -0.9666325192 1.79330399e-05 -0.06287753469 0
0.2671424863 0.1949686008 -0.04843560419 -0.004403024942 0.06750267957 0.5039670541 -0.0005634704574 0.0170116683 0.2542370355 -0.9996710003 -0.004502556338 -0.025251103 0.002246505617 0.9653187251 -0.2610645746 0.02555082051 -0.2610354112 -0.9649910205 1.890592547e-05 -0.06441935358 0
0.2735362998 0.1996349977 -0.04959486652 -0.004615088893 0.06908772681 0.5036764878 -0.0005907254617 0.01741684667 0.2542001311 -0.9996385327 -0.004830229358 -0.02644754677 0.002409743438 0.9636711959 -0.2670805484 0.02677679933 -0.2670477394 -0.9633112207 1.990911283e-05 -0.06596117247 0
0.2799301133 0.2043013946 -0.05075412884 -0.004832051653 0.07067061659 0.5033792093 -0.0006186211159 0.01782188348 0.2541623593 -0.999603733 -0.00517317293 -0.02766975283 0.002580558183 0.9619877776 -0.2730803116 0.0280306557 -0.2730435022 -0.9615932239 2.09430484e-05 -0.06750299135 0
0.2863239268 0.2089677915 -0.05191339116 -0.005053905083 0.07225129982 0.5030752297 -0.0006471571426 0.01822677546 0.2541237204 -0.9995664939 -0.005531705469 -0.02891754693 0.002759104924 0.9602686816 -0.2790635171 0.02931231185 -0.2790223279 -0.9598371367 2.200818541e-05 -0.06904481024 0
0.2927177402 0.2136341884 -0.05307265348 -0.005280640863 0.07382972751 0.5027645604 -0.000676333258 0.01863151936 0.2540842149 -0.999526706 -0.005906142775 -0.03019075123 0.002945537235 0.9585141237 -0.2850298203 0.03062168827 -0.2849838454 -0.958043068 2.310498373e-05 -0.07058662913 0
0.298312327 0.2177172856 -0.05408700802 -0.005483033043 0.07520896302 0.5024872463 -0.0007023872038 0.01898554624 0.2540489368 -0.9994897132 -0.006247068526 -0.03132550671 0.003115253711 0.9569499688 -0.2902362012 0.03179006811 -0.2901856844 -0.9564421886 2.409102085e-05 -0.07193572066 0
0.3047061405 0.2223836825 -0.05524627034 -0.005718900168 0.0767830298 0.5021640654 -0.0007327626985 0.0193900037 0.2540078073 -0.999444844 -0.006652169119 -0.03264586322 0.003316880073 0.9551295167 -0.2961698914 0.03315119976 -0.2961137533 -0.9545772064 2.524844592e-05 -0.07347753955 0
0.311099954 0.2270500794 -0.05640553266 -0.005959624708 0.07835470067 0.5018342289 -0.0007637774307 0.01979430371 0.2539658122 -0.9993970996 -0.007074067357 -0.03399109863 0.003526824938 0.9532742475 -0.3020857008 0.03453981356 -0.3020234539 -0.9526745691 2.643888971e-05 -0.07501935844 0
0.3174937675 0.2317164763 -0.05756479499 -0.006205197638 0.07992392702 0.5014977493 -0.000795431092 0.020198443 0.253922952 -0.9993463624 -0.007513068408 -0.0353610213 0.003745235806 0.9513843934 -0.3079832937 0.03595582336 -0.3079144196 -0.9507343946 2.766283609e-05 -0.07656117733 0
0.323887581 0.2363828732 -0.05872405731 -0.006455609753 0.08149066032 0.5011546391 -0.0008277233675 0.02060241833 0.2538792272 -0.9992925124 -0.007969474567 -0.03675543612 0.003972258535 0.9494601913 -0.3138623365 0.03739914132 -0.3137862849 -0.9487568032 2.89207747e-05 -0.07810299622 0
0.3302813945 0.2410492701 -0.05988331963 -0.006710851667 0.08305485214 0.5008049112 -0.0008606539362 0.02100622643 0.253834638 -0.999235428 -0.008443585211 -0.03817414449 0.004208037316 0.9475018821 -0.3197224983 0.03886967791 -0.3196386856 -0.9467419177 3.021320078e-05 -0.07964481511 0
0.336675208 0.245715667 -0.06104258195 -0.006970913815 0.08461645418 0.5004485787 -0.0008942224706 0.02140986405 0.2537891851 -0.9991749852 -0.00893569674 -0.03961694442 0.004452714639 0.9455097107 -0.3255634505 0.04036734192 -0.3254712588 -0.9446898631 3.1540615e-05 -0.081186634 0
0.3430690214 0.2503820639 -0.06220184428 -0.007235786453 0.08617541822 0.5000856549 -0.0009284286368 0.02181332794 0.2537428688 -0.9991110581 -0.009446102533 -0.04108363049 0.004706431268 0.9434839264 -0.3313848671 0.04189204044 -0.3312836425 -0.9426007666 3.290352331e-05 -0.08272845289 0
0.3494628349 0.2550484608 -0.0633611066 -0.007505459657 0.08773169618 0.4997161535 -0.0009632720948 0.02221661484 0.2536956896 -0.9990435189 -0.009975092897 -0.04257399394 0.00496932621 0.9414247823 -0.3371864247 0.04344367889 -0.3370754763 -0.9404747578 3.430243679e-05 -0.08427027178 0
0.3558566484 0.2597148577 -0.06452036892 -0.007779923325 0.08928524006 0.4993400883 -0.000998752498 0.02261972149 0.2536476481 -0.9989722375 -0.01052295501 -0.04408782268 0.00524153669 0.9393325358 -0.3429678023 0.04502216103 -0.3428464008 -0.9383119686 3.573787148e-05 -0.08581209067 0
0.3622504619 0.2643812546 -0.06567963125 -0.008059167176 0.090836002 0.4989574734 -0.001034869494 0.02302264466 0.2535987445 -0.9988970822 -0.01108997289 -0.04562490128 0.005523198121 0.9372074481 -0.3487286818 0.04662738893 -0.3485960581 -0.9361125332 3.721034822e-05 -0.08735390956 0
0.3686442754 0.2690476515 -0.06683889357 -0.008343180753 0.09238393423 0.4985683231 -0.001071622722 0.02342538108 0.2535489795 -0.9988179192 -0.01167642733 -0.0471850111 0.005814444076 0.9350497843 -0.3544687477 0.04825926303 -0.3543240916 -0.933876588 3.872039253e-05 -0.08889572845 0
0.3750380889 0.2737140484 -0.06799815589 -0.008631953421 0.09392898913 0.498172652 -0.001109011819 0.02382792752 0.2534983536 -0.9987346128 -0.01228259585 -0.04876793022 0.006115406263 0.9328598136 -0.360187687 0.04991768209 -0.3600301458 -0.9316042717 4.026853446e-05 -0.09043754734 0
0.3814319023 0.2783804453 -0.06915741821 -0.008925474367 0.09547111918 0.4977704748 -0.001147036411 0.02423028073 0.2534468672 -0.9986470254 -0.01290875267 -0.05037343354 0.006426214499 0.930637809 -0.3658851898 0.05160254324 -0.365713867 -0.9292957253 4.185530845e-05 -0.09197936623 0
0.3878257158 0.2830468422 -0.07031668054 -0.009223732604 0.09701027697 0.4973618067 -0.001185696121 0.02463243745 0.2533945209 -0.9985550175 -0.01355516862 -0.05200129278 0.006746996677 0.9283840473 -0.3715609489 0.05331374197 -0.3713749024 -0.9269510919 4.348125316e-05 -0.09352118512 0
0.3942195293 0.2877132391 -0.07147594286 -0.009526716968 0.09854641525 0.496946663 -0.001224990564 0.02503439446 0.2533413151 -0.9984584478 -0.01422211115 -0.05365127655 0.007077878747 0.926098809 -0.3772146597 0.05505117213 -0.3770129009 -0.9245705171 4.514691141e-05 -0.095063004 0
0.4006133428 0.292379636 -0.07263520518 -0.00983441612 0.1000794869 0.4965250591 -0.00126491935 0.02543614851 0.2532872505 -0.9983571734 -0.01490984425 -0.05532315033 0.007418984687 0.9237823786 -0.3828460209 0.05681472595 -0.3826275128 -0.9221541484 4.685282996e-05 -0.09660482289 0
0.4062079296 0.2964627333 -0.07364955972 -0.01010751143 0.1014183719 0.4961508688 -0.001300377084 0.02578751427 0.2532392398 -0.9982645849 -0.01552887034 -0.05680380987 0.007725935095 0.9217301409 -0.3877548933 0.05837917913 -0.3875208401 -0.9200105814 4.837896753e-05 -0.09795391442 0
0.4126017431 0.3011291302 -0.07480882204 -0.01042401964 0.1029455669 0.4957171949 -0.001341494186 0.02618887904 0.2531835662 -0.9981540968 -0.01625628505 -0.05851608476 0.008086537977 0.9193560043 -0.3933435461 0.06019141868 -0.3930906646 -0.9175275051 5.016186128e-05 -0.09949573331 0
0.4189955566 0.3057955271 -0.07596808436 -0.01074520907 0.1044695604 0.4952771069 -0.001383244472 0.02659003155 0.2531270353 -0.9980384827 -0.01700522965 -0.06024955854 0.008457709951 0.9169515134 -0.3989089988 0.06202946302 -0.3986361051 -0.9150090718 5.198660845e-05 -0.1010375522 0
0.4253893701 0.3104619239 -0.07712734668 -0.0110710677 0.1059903057 0.4948306212 -0.001425627527 0.02699096856 0.2530696476 -0.9979175924 -0.01777595431 -0.06200398506 0.008839567115 0.9145169666 -0.4044509611 0.06389319814 -0.4041568178 -0.9124554378 5.385377012e-05 -0.1025793711 0
0.4317831835 0.3151283208 -0.07828660901 -0.01140158336 0.1075077565 0.4943777546 -0.001468642928 0.02739168684 0.2530114038 -0.9977912746 -0.01856870555 -0.06377911524 0.009232223473 0.9120526658 -0.4099691462 0.06578250844 -0.40965246 -0.9098667615 5.57639108e-05 -0.10412119 0
0.438176997 0.3197947177 -0.07944587133 -0.01173674367 0.1090218662 0.4939185239 -0.001512290249 0.02779218316 0.2529523043 -0.9976593759 -0.01938372615 -0.06557469711 0.009635790912 0.9095589165 -0.4154632703 0.06769727671 -0.415122691 -0.9072432034 5.771759827e-05 -0.1056630089 0
0.4445708105 0.3244611146 -0.08060513365 -0.01207653612 0.1105325886 0.4934529464 -0.001556569055 0.02819245431 0.2528923499 -0.9975217414 -0.02022125518 -0.06739047585 0.01005037918 0.9070360275 -0.4209330525 0.06963738418 -0.4205671714 -0.9045849264 5.971540355e-05 -0.1072048278 0
0.450964624 0.3291275115 -0.08176439598 -0.01242094799 0.1120398778 0.4929810394 -0.001601478905 0.02859249704 0.252831541 -0.9973782148 -0.02108152788 -0.06922619387 0.01047609585 0.9044843111 -0.4263782153 0.0716027105 -0.4259855634 -0.9018920953 6.175790072e-05 -0.1087466466 0
0.4573584375 0.3337939084 -0.0829236583 -0.01276996643 0.1135436876 0.4925028206 -0.001647019353 0.02899230815 0.2527698783 -0.9972286378 -0.02196477566 -0.07108159078 0.01091304632 0.9019040827 -0.4317984843 0.07359313376 -0.431377531 -0.8991648772 6.384566687e-05 -0.1102884655 0
0.463752251 0.3384603053 -0.08408292062 -0.01312357839 0.1150439724 0.4920183078 -0.001693189946 0.02939188442 0.2527073625 -0.997072851 -0.02287122608 -0.07295640347 0.01136133377 0.8992956612 -0.4371935884 0.0756085305 -0.4367427397 -0.8964034412 6.597928199e-05 -0.1118302844 0
0.4701460645 0.3431267022 -0.08524218295 -0.01348177066 0.1165406865 0.4915275192 -0.001739990224 0.02979122262 0.2526439941 -0.9969106932 -0.02380110275 -0.07485036616 0.01182105916 0.8966593688 -0.4425632598 0.07764877569 -0.4420808567 -0.8936079587 6.815932888e-05 -0.1133721033 0
0.4765398779 0.3477930991 -0.08640144527 -0.01384452986 0.1180337844 0.491030473 -0.001787419723 0.03019031954 0.2525797737 -0.9967420017 -0.02475462534 -0.0767632104 0.01229232117 0.8939955306 -0.4479072338 0.07971374278 -0.4473915508 -0.890778603 7.038639307e-05 -0.1149139222 0
0.4829336914 0.352459496 -0.08756070759 -0.01421184244 0.1195232206 0.4905271879 -0.00183547797 0.03058917198 0.252514702 -0.9965666126 -0.02573200955 -0.07869466516 0.01277521623 0.8913044751 -0.4532252491 0.08180330367 -0.4526744927 -0.8879155496 7.26610627e-05 -0.1164557411 0
0.4893275049 0.3571258929 -0.08871996991 -0.01458369469 0.1210089501 0.4900176826 -0.001884164487 0.03098777672 0.2524487797 -0.9963843602 -0.02673346701 -0.08064445683 0.01326983846 0.8885865338 -0.4585170481 0.08391732874 -0.4579293545 -0.8850189762 7.498392847e-05 -0.11799756 0
0.4957213184 0.3617922898 -0.08987923224 -0.01496007274 0.1224909277 0.4895019762 -0.001933478791 0.03138613055 0.2523820074 -0.9961950777 -0.02775920532 -0.08261230927 0.01377627966 0.8858420411 -0.463782376 0.08605568687 -0.4631558104 -0.8820890624 7.735558357e-05 -0.1195393789 0
0.5021151319 0.3664586867 -0.09103849456 -0.01534096252 0.1239691086 0.4889800878 -0.00198342039 0.03178423028 0.2523143858 -0.9959985968 -0.02880942795 -0.08459794388 0.0142946293 0.8830713346 -0.469020982 0.08821824539 -0.4683535362 -0.87912599 7.977662354e-05 -0.1210811978 0
0.5085089454 0.3711250836 -0.09219775688 -0.01572634984 0.125443448 0.488452037 -0.002033988787 0.0321820727 0.2522459155 -0.9957947477 -0.02988433424 -0.0866010796 0.01482497449 0.8802747547 -0.4742326184 0.09040487018 -0.4735222094 -0.8761299428 8.224764628e-05 -0.1226230167 0
0.5141035322 0.3752081809 -0.09321211142 -0.01606724181 0.1267303088 0.4879849529 -0.00207874991 0.03252997123 0.2521853084 -0.9956102013 -0.0308452791 -0.08836795696 0.0152989333 0.8778067929 -0.4787704847 0.09233780212 -0.4780207141 -0.8734814979 8.445126439e-05 -0.1239721082 0
0.5204973456 0.3798745778 -0.09437137374 -0.01646102311 0.1281973255 0.4874454008 -0.002130492194 0.03292732257 0.2521152487 -0.9953920753 -0.03196699 -0.09040314144 0.01585199663 0.874962628 -0.4839308978 0.09456918438 -0.483134051 -0.8704241254 8.701762404e-05 -0.1255139271 0
0.5268911591 0.3845409747 -0.09553063606 -0.01685926016 0.1296603729 0.4868997436 -0.002182859814 0.03332440742 0.2520443424 -0.9951660863 -0.03311393431 -0.09245500581 0.01641729262 0.8720935843 -0.489063649 0.09682423894 -0.4882174184 -0.867334318 8.963569763e-05 -0.127055746 0
0.5332849726 0.3892073716 -0.09668989838 -0.0172619381 0.1311194071 0.4863480015 -0.002235852249 0.03372122259 0.2519725901 -0.9949320596 -0.034286295 -0.09452325997 0.01699489908 0.8692000131 -0.4941685044 0.09910282592 -0.4932705011 -0.8642122671 9.230609133e-05 -0.1285975649 0
0.5396787861 0.3938737685 -0.09784916071 -0.01766904193 0.1325743841 0.4857901951 -0.00228946897 0.03411776488 0.2518999926 -0.9946898197 -0.03548425076 -0.0966076116 0.01758489132 0.8662822683 -0.4992452335 0.101404804 -0.4982929856 -0.8610581666 9.502941334e-05 -0.1301393837 0
0.5460725996 0.3985401654 -0.09900842303 -0.01808055648 0.13402526 0.4852263452 -0.002343709446 0.03451403111 0.2518265505 -0.9944391894 -0.03670797592 -0.0987077662 0.01818734221 0.8633407067 -0.5042936097 0.1037300303 -0.5032845603 -0.857872212 9.780627376e-05 -0.1316812026 0
0.5524664131 0.4032065622 -0.1001676854 -0.01849646641 0.1354719913 0.4846564729 -0.002398573136 0.03491001811 0.2517522646 -0.9941799908 -0.03795764045 -0.1008234271 0.01880232215 0.8603756873 -0.5093134098 0.1060783607 -0.5082449157 -0.8546546011 0.0001006372846 -0.1332230215 0
0.5588602266 0.4078729591 -0.1013269477 -0.01891675622 0.1369145346 0.4840805993 -0.002454059495 0.03530572269 0.2516771357 -0.9939120447 -0.03923340994 -0.1029542956 0.019429899 0.8573875717 -0.5143044147 0.1084496494 -0.5131737439 -0.8514055333 0.0001035230595 -0.1347648404 0
0.56525404 0.412539356 -0.10248621 -0.01934141027 0.1383528466 0.4834987459 -0.00251016797 0.03570114167 0.2516011645 -0.9936351709 -0.04053544554 -0.1051000708 0.02007013813 0.8543767241 -0.5192664084 0.1108437494 -0.5180707394 -0.8481252102 0.0001064642142 -0.1363066593 0
0.5716478535 0.4172057529 -0.1036454723 -0.01977041273 0.1397868842 0.4829109344 -0.002566898003 0.03609627189 0.2515243518 -0.993349188 -0.04186390394 -0.1072604501 0.02072310236 0.851343511 -0.5241991791 0.1132605122 -0.5229355982 -0.8448138354 0.0001094613659 -0.1378484782 0
0.578041667 0.4218721498 -0.1048047346 -0.02020374764 0.1412166046 0.4823171867 -0.00262424903 0.03649111018 0.2514466982 -0.993053914 -0.04321893737 -0.1094351285 0.02138885196 0.8482883012 -0.5291025185 0.1156997879 -0.5277680187 -0.8414716142 0.0001125151334 -0.1393902971 0
0.5844354805 0.4265385467 -0.105963997 -0.02064139886 0.1426419649 0.4817175248 -0.002682220481 0.03688565337 0.2513682047 -0.9927491655 -0.04460069351 -0.1116237995 0.02206744465 0.8452114658 -0.5339762222 0.1181614251 -0.532567701 -0.838098754 0.0001156261373 -0.140932116 0
0.590829294 0.4312049436 -0.1071232593 -0.02108335011 0.1440629227 0.4811119711 -0.002740811778 0.0372798983 0.2512888719 -0.9924347583 -0.04600931553 -0.1138261546 0.02275893553 0.8421133783 -0.5388200896 0.1206452711 -0.5373343475 -0.8346954639 0.0001187949997 -0.1424739349 0
0.5972231075 0.4358713405 -0.1082825216 -0.02152958494 0.1454794356 0.4805005481 -0.002800022338 0.0376738418 0.2512087007 -0.9921105074 -0.04744494203 -0.1160418833 0.02346337715 0.838994414 -0.5436339239 0.1231511719 -0.5420676625 -0.8312619552 0.000122022344 -0.1440157537 0
0.6036169209 0.4405377374 -0.1094417839 -0.02198008677 0.1468914614 0.4798832786 -0.002859851572 0.03806748073 0.2511276918 -0.9917762268 -0.04890770702 -0.1182706736 0.02418081943 0.8358549507 -0.5484175319 0.125678972 -0.5467673523 -0.8277984407 0.0001253087955 -0.1455575726 0
0.6100107344 0.4452041343 -0.1106010463 -0.02243483882 0.1482989582 0.4792601855 -0.002920298886 0.03846081193 0.2510458462 -0.9914317297 -0.0503977399 -0.1205122115 0.02491130966 0.832695368 -0.5531707247 0.1282285146 -0.5514331255 -0.8243051354 0.0001286549804 -0.1470993915 0
0.6164045479 0.4498705312 -0.1117603086 -0.02289382421 0.149701884 0.4786312919 -0.002981363677 0.03885383225 0.2509631645 -0.9910768286 -0.05191516542 -0.1227661817 0.02565489249 0.8295160477 -0.557893317 0.1307996417 -0.5560646925 -0.8207822558 0.0001320615268 -0.1486412104 0
0.6219991347 0.4539536285 -0.1127746631 -0.02329889566 0.1509256619 0.4780762703 -0.003035301416 0.03919746754 0.2508901328 -0.9907576075 -0.05326547779 -0.1247483546 0.02631630059 0.8267182528 -0.5620003406 0.1330669584 -0.5600890281 -0.8176756479 0.0001350922647 -0.1499903019 0
0.6283929482 0.4586200254 -0.1139339254 -0.02376577243 0.1523199054 0.4774365641 -0.003097522334 0.03958989648 0.2508058858 -0.9903826906 -0.05483458451 -0.127024779 0.02708454321 0.8235029597 -0.5666650712 0.1356781252 -0.564655686 -0.8140979073 0.0001386136858 -0.1515321208 0
0.6347867617 0.4632864223 -0.1150931878 -0.02423683306 0.1537094588 0.4767911252 -0.003160358967 0.03998200551 0.2507208052 -0.9899968262 -0.0564314165 -0.1293127195 0.02786599202 0.8202690368 -0.5712986906 0.1383104142 -0.5691873177 -0.8104912256 0.0001421972807 -0.1530739397 0
0.6411805752 0.4679528192 -0.1162524501 -0.02471206007 0.1550942812 0.4761399777 -0.003223810688 0.04037379149 0.2506348918 -0.9895998238 -0.05805608031 -0.1316118546 0.02866068137 0.8170168729 -0.5759010286 0.1409636622 -0.5736836419 -0.8068558266 0.0001458436825 -0.1546157586 0
0.6475743887 0.4726192161 -0.1174117124 -0.0251914358 0.1564743317 0.4754831457 -0.003287876866 0.04076525128 0.2505481465 -0.9891914925 -0.05970867778 -0.1339218612 0.02946864287 0.8137468586 -0.5804719194 0.1436377046 -0.5781443798 -0.8031919359 0.0001495535252 -0.1561575775 0
0.6539682021 0.477285613 -0.1185709747 -0.02567494245 0.1578495696 0.4748206535 -0.003352556864 0.04115638176 0.2504605701 -0.9887716407 -0.06138930596 -0.1362424149 0.03028990546 0.8104593862 -0.5850112007 0.1463323756 -0.5825692547 -0.7994997807 0.0001533274442 -0.1576993964 0
0.6603620156 0.4819520099 -0.1197302371 -0.02616256209 0.1592199545 0.4741525258 -0.003417850038 0.04154717981 0.2503721635 -0.9883400762 -0.06309805712 -0.13857319 0.03112449534 0.8071548493 -0.5895187147 0.1490475079 -0.586957992 -0.7957795901 0.0001571660759 -0.1592412153 0
0.6667558291 0.4866184068 -0.1208894994 -0.02665427662 0.160585446 0.4734787874 -0.003483755738 0.0419376423 0.2502829276 -0.9878966062 -0.06483501874 -0.1409138595 0.031972436 0.8038336434 -0.5939943073 0.1517829331 -0.5913103197 -0.7920315948 0.0001610700578 -0.1607830342 0
0.6731496426 0.4912848037 -0.1220487617 -0.02715006779 0.1619460041 0.4727994632 -0.003550273309 0.04232776611 0.2501928633 -0.9874410376 -0.06660027346 -0.1432640949 0.03283374818 0.8004961651 -0.5984378286 0.1545384816 -0.5956259676 -0.7882560272 0.0001650400286 -0.1623248531 0
0.6795434561 0.4959512006 -0.123208024 -0.02764991722 0.163301589 0.4721145784 -0.003617402087 0.04271754813 0.2501019715 -0.9869731766 -0.06839389909 -0.1456235669 0.0337084499 0.7971428127 -0.6028491325 0.1573139824 -0.5999046681 -0.7844531217 0.000169076628 -0.1638666719 0
0.6859372696 0.5006175974 -0.1243672863 -0.02815380639 0.164652161 0.4714241585 -0.003685141406 0.04310698525 0.2500102531 -0.9864928292 -0.07021596861 -0.1479919447 0.03459655639 0.7937739857 -0.6072280774 0.1601092634 -0.6041461557 -0.7806231141 0.0001731804969 -0.1654084908 0
0.692331083 0.5052839943 -0.1255265487 -0.02866171661 0.1659976807 0.470728229 -0.003753490591 0.04349607436 0.2499177089 -0.9859998008 -0.07206655011 -0.1503688967 0.03549808016 0.7903900848 -0.6115745254 0.1629241512 -0.6083501674 -0.776766242 0.0001773522769 -0.1669503097 0
0.6987248965 0.5099503912 -0.126685811 -0.02917362905 0.1673381087 0.4700268158 -0.003822448962 0.04388481236 0.24982434 -0.9854938967 -0.07394570679 -0.15275409 0.03641303093 0.7869915122 -0.6158883429 0.1657584711 -0.6125164424 -0.7728827447 0.0001815926108 -0.1684921286 0
0.70511871 0.5146167881 -0.1278450733 -0.02968952477 0.1686734062 0.4693199447 -0.003892015832 0.04427319615 0.2497301472 -0.9849749216 -0.07585349699 -0.1551471908 0.03734141565 0.7835786709 -0.6201694004 0.1686120473 -0.6166447222 -0.768972863 0.0001859021424 -0.1700339475 0
0.7115125235 0.519283185 -0.1290043356 -0.03020938465 0.1700035342 0.468607642 -0.003962190509 0.04466122264 0.2496351315 -0.9844426801 -0.07778997411 -0.1575478645 0.03828323848 0.7801519654 -0.6244175723 0.1714847029 -0.6207347508 -0.7650368395 0.0001902815163 -0.1715757664 0
0.717906337 0.5239495819 -0.130163598 -0.03073318945 0.1713284542 0.467889934 -0.004032972295 0.04504888873 0.2495392938 -0.9838969764 -0.07975518664 -0.1599557754 0.03923850082 0.7767118008 -0.6286327375 0.1743762596 -0.6247862745 -0.7610749183 0.0001947313781 -0.1731175853 0
0.7243001505 0.5286159788 -0.1313228603 -0.03126091977 0.1726481278 0.4671668474 -0.004104360484 0.04543619135 0.2494426351 -0.9833376146 -0.08174917814 -0.1623705869 0.04020720124 0.7732585834 -0.6328147787 0.1772865381 -0.6287990419 -0.7570873453 0.0001992523742 -0.1746594042 0
0.7298947373 0.5326990761 -0.1323372148 -0.03172588862 0.1737985085 0.4665297554 -0.004167322033 0.04577478054 0.249357386 -0.9828368151 -0.08351755893 -0.1644889427 0.04106583429 0.770226631 -0.6364468038 0.1798482476 -0.6322782253 -0.7535773707 0.0002032671072 -0.1760084957 0
0.7362885508 0.537365473 -0.1334964771 -0.03226092657 0.1751082423 0.465796656 -0.00423984531 0.04616139331 0.2492591905 -0.9822513158 -0.08556561119 -0.1669157834 0.04205971757 0.766750038 -0.6405664364 0.1827931419 -0.6362176557 -0.7495423683 0.0002079232258 -0.1775503146 0
0.7426823642 0.5420318699 -0.1346557395 -0.03279983354 0.1764126206 0.4650582553 -0.004312972932 0.04654763375 0.2491601768 -0.9816515943 -0.0876425401 -0.1693485532 0.04306701926 0.7632615652 -0.6446526313 0.1857562359 -0.6401176207 -0.7454824294 0.0002126523422 -0.1790921335 0
0.7490761777 0.5466982668 -0.1358150018 -0.03334258959 0.1777116058 0.4643145807 -0.00438670417 0.04693349879 0.2490603458 -0.9810374543 -0.08974837001 -0.1717869129 0.04408772709 0.759761622 -0.6487052876 0.1887373457 -0.6439778784 -0.7413978058 0.0002174551062 -0.1806339524 0
0.7554699912 0.5513646637 -0.1369742641 -0.03388917468 0.1790051605 0.4635656596 -0.004461038292 0.04731898535 0.2489596986 -0.9804086991 -0.0918831203 -0.1742305224 0.04512182595 0.7562506185 -0.6527243084 0.1917362865 -0.6477981894 -0.7372887509 0.0002223321683 -0.1821757713 0
0.7618638047 0.5560310606 -0.1381335264 -0.03443956861 0.1802932477 0.4628115197 -0.004535974557 0.04770409038 0.2488582361 -0.9797651324 -0.09404680537 -0.1766790414 0.04616929794 0.7527289656 -0.6567096012 0.1947528721 -0.6515783167 -0.7331555197 0.0002272841799 -0.1837175902 0
0.7682576182 0.5606974575 -0.1392927888 -0.03499375105 0.1815758306 0.4620521888 -0.004611512219 0.04808881081 0.2487559594 -0.9791065578 -0.09623943464 -0.179132129 0.04723012231 0.7491970745 -0.6606610774 0.1977869156 -0.6553180257 -0.7289983684 0.0002323117931 -0.185259409 0
0.7746514317 0.5653638544 -0.1404520511 -0.03555170153 0.1828528724 0.461287695 -0.004687650525 0.0484731436 0.2486528695 -0.9784327789 -0.09846101253 -0.1815894439 0.04830427551 0.7456553569 -0.6645786528 0.2008382286 -0.6590170846 -0.7248175551 0.0002374156607 -0.1868012279 0
0.7810452452 0.5700302513 -0.1416113134 -0.03611339946 0.1841243368 0.4605180666 -0.004764388719 0.04885708568 0.2485489674 -0.9777435995 -0.1007115385 -0.1840506441 0.04939173115 0.742104225 -0.6684622474 0.2039066219 -0.6626752638 -0.7206133389 0.0002425964363 -0.1883430468 0
0.7874390586 0.5746966482 -0.1427705757 -0.03667882411 0.1853901876 0.4597433319 -0.004841726036 0.04924063402 0.2484442541 -0.9770388235 -0.1029910069 -0.1865153877 0.05049246003 0.7385440913 -0.6723117853 0.2069919052 -0.6662923365 -0.7163859808 0.0002478547743 -0.1898848657 0
0.7938328721 0.5793630451 -0.143929838 -0.03724795463 0.1866503888 0.4589635194 -0.004919661706 0.04962378557 0.2483387307 -0.976318255 -0.1052994071 -0.1889833323 0.0516064301 0.7349753687 -0.676127195 0.2100938871 -0.6698680783 -0.7121357429 0.0002531913296 -0.1914266846 0
0.8002266856 0.584029442 -0.1450891004 -0.03782077002 0.1879049047 0.458178658 -0.004998194953 0.05000653731 0.2482323982 -0.9755816982 -0.1076367237 -0.1914541352 0.05273360652 0.7313984701 -0.679908409 0.2132123751 -0.6734022673 -0.7078628889 0.000258606758 -0.1929685035 0
0.8066204991 0.5886958389 -0.1462483627 -0.03839724917 0.1891536999 0.4573887766 -0.005077324995 0.05038888618 0.2481252577 -0.9748289577 -0.110002936 -0.1939274536 0.05387395159 0.7278138088 -0.6836553642 0.2163471759 -0.6768946844 -0.7035676838 0.0002641017157 -0.1945103224 0
0.8130143126 0.5933622357 -0.147407625 -0.03897737084 0.190396739 0.4565939043 -0.005157051045 0.05077082917 0.2480173102 -0.9740598384 -0.1123980184 -0.1964029445 0.0550274248 0.7242217981 -0.6873680016 0.2194980949 -0.6803451129 -0.6992503941 0.0002696768599 -0.1960521413 0
0.8194081261 0.5980286326 -0.1485668873 -0.03956111366 0.1916339871 0.4557940703 -0.005237372309 0.05115236326 0.2479085569 -0.9732741455 -0.1148219402 -0.1988802649 0.05619398282 0.7206228513 -0.6910462665 0.2226649367 -0.6837533387 -0.6949112877 0.0002753328482 -0.1975939602 0
0.8258019395 0.6026950295 -0.1497261497 -0.04014845612 0.1928654095 0.4549893042 -0.005318287987 0.05153348542 0.2477989988 -0.9724716844 -0.117274666 -0.2013590718 0.05737357947 0.7170173817 -0.6946901084 0.2258475049 -0.6871191505 -0.6905506336 0.0002810703388 -0.199135779 0
0.832195753 0.6073614264 -0.150885412 -0.0407393766 0.1940909714 0.4541796355 -0.005399797274 0.05191419264 0.247688637 -0.9716522611 -0.119756155 -0.2038390221 0.05856616579 0.7134058026 -0.6982994809 0.229045602 -0.6904423395 -0.6861687023 0.0002868899907 -0.2006775979 0
0.8377903398 0.6114445237 -0.1518997665 -0.04125935003 0.1951585039 0.4534671772 -0.005471604206 0.05224696871 0.247591412 -0.9709211991 -0.121951017 -0.2060096468 0.05962029374 0.7102409838 -0.7014293731 0.2318565197 -0.6933150037 -0.6823172722 0.0002920501025 -0.2020266895 0
0.8441841533 0.6161109206 -0.1530590288 -0.04185692059 0.1963729855 0.4526483968 -0.005554224316 0.0526268898 0.2474795461 -0.9700694501 -0.1244863103 -0.2084908165 0.06083709384 0.7066190624 -0.7049740056 0.2350831981 -0.6965577213 -0.67789618 0.0002980255848 -0.2035685084 0
0.8505779668 0.6207773175 -0.1542182912 -0.04245800633 0.1975815089 0.4518247998 -0.005637435685 0.05300638732 0.2473668798 -0.9692001834 -0.1270502222 -0.2109721438 0.06206672709 0.7029922184 -0.7084840593 0.2383248326 -0.6997572307 -0.6734545956 0.0003040851261 -0.2051103272 0
0.8569717803 0.6254437144 -0.1553775535 -0.04306258513 0.1987840403 0.4509964168 -0.005721237485 0.05338545826 0.2472534141 -0.9683132069 -0.1296426928 -0.2134532863 0.06330913361 0.699360864 -0.7119595041 0.2415812221 -0.7029133332 -0.6689927945 0.0003102293874 -0.2066521461 0
0.8633655938 0.6301101113 -0.1565368158 -0.04367063479 0.1999805466 0.450163278 -0.005805628881 0.05376409963 0.2471391501 -0.967408329 -0.1322636572 -0.2159339017 0.0645642507 0.6957254112 -0.7154003143 0.2448521645 -0.7060258332 -0.6645110536 0.0003164590306 -0.208193965 0
0.8697594073 0.6347765082 -0.1576960781 -0.04428213296 0.2011709946 0.4493254142 -0.005890609033 0.05414230845 0.2470240889 -0.9664853587 -0.1349130453 -0.2184136481 0.06583201289 0.6920862713 -0.7188064685 0.248137457 -0.7090945376 -0.6600096508 0.0003227747178 -0.2097357839 0
0.8761532207 0.6394429051 -0.1588553405 -0.04489705718 0.2023553514 0.448482856 -0.005976177094 0.05452008172 0.2469082317 -0.9655441055 -0.1375907823 -0.2208921839 0.06711235188 0.6884438552 -0.7221779493 0.2514368957 -0.712119256 -0.6554888654 0.0003291771119 -0.2112776028 0
0.8825470342 0.644109302 -0.1600146028 -0.04551538488 0.2035335845 0.4476356345 -0.006062332213 0.05489741649 0.2467915797 -0.9645843799 -0.1402967884 -0.2233691681 0.0684051966 0.6847985733 -0.7255147435 0.2547502761 -0.7150998008 -0.6509489778 0.0003356668762 -0.2128194217 0
0.8889408477 0.6487756989 -0.1611738651 -0.04613709337 0.2047056614 0.4467837806 -0.006149073532 0.05527430976 0.246674134 -0.9636059928 -0.1430309787 -0.2258442599 0.06971047321 0.6811508352 -0.7288168423 0.2580773925 -0.7180359871 -0.6463902696 0.0003422446743 -0.2143612406 0
