0.007642695282 0.002491977224 0.0004927245648 -1.618855688e-06 0.001948876802 0.5099950351 -2.03097937e-07 0.0004855012018 0.2549993836 -1 -4.745998147e-08 -9.427663023e-06 2.423311826e-08 0.9999710861 -0.007604400721 9.427751337e-06 -0.007604400721 -0.9999710861 2.85152067e-08 0.0006553236712 0
0.01523434703 0.004967311193 0.0009821583532 -6.432185539e-06 0.003884675373 0.509980273 -8.117950279e-07 0.0009696970113 0.2549975359 -0.9999999993 -3.780189134e-07 -3.745754364e-05 1.897884723e-07 0.999885118 -0.01515753311 3.745897028e-05 -0.01515753311 -0.9998851173 4.915542753e-08 0.00130627061 0
0.02282599878 0.007442645163 0.001471592142 -1.443987763e-05 0.005820350102 0.509955714 -1.828649641e-06 0.00145458115 0.2549944491 -0.9999999965 -1.272542035e-06 -8.408509432e-05 6.373341532e-07 0.9997421013 -0.02270970871 8.409230794e-05 -0.02270970869 -0.9997420978 2.770379172e-08 0.001957217548 0
0.02946869407 0.009608562387 0.001899846706 -2.406674565e-05 0.007513915388 0.5099261892 -3.052753564e-06 0.001878898585 0.254990733 -0.9999999902 -2.738735124e-06 -0.0001401336861 1.370699694e-06 0.9995701731 -0.02931670276 0.0001401537436 -0.02931670266 -0.9995701633 1.999090883e-08 0.002526796119 0
0.03706034582 0.01208389636 0.002389280495 -3.806294518e-05 0.009449191596 0.509883264 -4.8333446e-06 0.00236376123 0.2549853276 -0.9999999754 -5.447820118e-06 -0.0002216070013 2.725602555e-06 0.9993202254 -0.03686579967 0.0002216571967 -0.03686579937 -0.9993202008 9.999270608e-08 0.003177743058 0
0.04465199757 0.01455923033 0.002878714283 -5.52522969e-05 0.01138416658 0.5098305456 -7.020712964e-06 0.002848537316 0.2549786874 -0.9999999482 -9.528224914e-06 -0.0003216453438 4.766273326e-06 0.999013275 -0.04441256972 0.0003217511412 -0.04441256895 -0.9990132232 2.044055758e-07 0.003828689997 0
0.05129469285 0.01672514755 0.003306968848 -7.291184837e-05 0.01307697409 0.5097763852 -9.268222615e-06 0.003272653074 0.2549718645 -0.9999999098 -1.444400452e-05 -0.0004243941558 7.224723465e-06 0.998697953 -0.05101371039 0.000424578417 -0.05101370886 -0.9986978628 3.14301249e-07 0.004398268568 0
0.0588863446 0.01920048152 0.003796402636 -9.608649207e-05 0.01501121804 0.5097053104 -1.221793608e-05 0.003757293342 0.25496291 -0.9999998434 -2.185148682e-05 -0.000559191535 1.092937547e-05 0.9982841936 -0.05855483427 0.0005595115808 -0.05855483121 -0.9982840371 4.602875374e-07 0.005049215506 0
0.06647799635 0.02167581549 0.004285836425 -0.0001224520683 0.01694498348 0.5096244493 -1.557412691e-05 0.004241872313 0.2549527215 -0.9999997457 -3.143607599e-05 -0.0007124940849 1.572300889e-05 0.9978135159 -0.06609226294 0.0007130139093 -0.06609225734 -0.9978132617 6.275920458e-07 0.005700162445 0
0.0740696481 0.02415114946 0.004775270213 -0.0001520075685 0.01887820878 0.5095338049 -1.933674165e-05 0.004726393729 0.2549412991 -0.9999996081 -4.347750891e-05 -0.000884274617 2.174567884e-05 0.9972859581 -0.07362552106 0.0008850757129 -0.07362551143 -0.9972855663 8.159769737e-07 0.006351109383 0
0.08071234338 0.02631706668 0.005203524778 -0.00018048448 0.02056928942 0.5094464685 -2.296238565e-05 0.005150303987 0.2549302926 -0.9999994475 -5.624879443e-05 -0.001049716429 2.813371808e-05 0.9967777191 -0.08021332735 0.001050845851 -0.08021331257 -0.9967771668 9.980105559e-07 0.006920687955 0
0.08830399513 0.02879240065 0.005692958566 -0.0002160179446 0.02250133595 0.5093374902 -2.748691387e-05 0.005634720351 0.2549165574 -0.9999992084 -7.364957425e-05 -0.001256058473 3.683788733e-05 0.9961436303 -0.08773748582 0.001257676475 -0.08773746264 -0.9961428391 1.22565239e-06 0.007571634893 0
0.09589564688 0.03126773462 0.006182392355 -0.0002547377541 0.02443266531 0.5092187396 -3.241772547e-05 0.006119079748 0.2549015888 -0.9999988992 -9.430941228e-05 -0.001480782062 4.717302174e-05 0.9954527972 -0.09525610936 0.001483032194 -0.09525607435 -0.9954516969 1.474189908e-06 0.008222581832 0
0.1025383422 0.03343365185 0.006610646919 -0.0002912302248 0.02612194182 0.5091068201 -3.706542444e-05 0.00654284613 0.2548874796 -0.9999985611 -0.0001152789336 -0.001692462541 5.766383809e-05 0.9948018141 -0.1018299922 0.001695403659 -0.1018299433 -0.9948003761 1.70880933e-06 0.008792160403 0
0.1101299939 0.03590898582 0.007100080708 -0.0003359203437 0.02805176068 0.5089697591 -4.275787594e-05 0.007027093573 0.2548701989 -0.9999980855 -0.0001427989674 -0.00195154146 7.143289992e-05 0.9940047403 -0.1093369616 0.001955454668 -0.1093368917 -0.9940028271 1.996570604e-06 0.009443107341 0
0.1177216457 0.03838431979 0.007589514496 -0.0003837922216 0.02998068559 0.5088229399 -4.88564542e-05 0.007511277683 0.2548516852 -0.9999975008 -0.0001743765445 -0.00222887846 8.723351409e-05 0.993151096 -0.1168370358 0.002233986724 -0.1168369382 -0.9931485987 2.305305471e-06 0.01009405428 0
0.1253132974 0.04085965376 0.008078948285 -0.0004348440275 0.03190865511 0.5086663681 -5.536109831e-05 0.007995395527 0.2548319389 -0.9999967915 -0.0002102883567 -0.002524424281 0.0001052046404 0.9922409506 -0.1243297429 0.002530982246 -0.1243296095 -0.9922377449 2.635066626e-06 0.01074500122 0
0.1319559927 0.04302557098 0.008507202849 -0.0004821213604 0.03359479647 0.5085213723 -6.138571211e-05 0.008418941807 0.2548136499 -0.9999960557 -0.0002454836794 -0.0027979226 0.0001228189508 0.9913982828 -0.1308794477 0.002805984429 -0.1308792751 -0.9913943422 2.940903912e-06 0.01131457979 0
0.1395476445 0.04550090495 0.008996636638 -0.0005391301735 0.03552080925 0.5083465308 -6.865155265e-05 0.008902926779 0.2547915928 -0.9999950673 -0.0002902658336 -0.003127465886 0.0001452335649 0.9903824007 -0.1383570717 0.003137547503 -0.1383568434 -0.9903774733 3.310260974e-06 0.01196552673 0
0.1471392962 0.04797623892 0.009486070426 -0.0005993129741 0.0374456903 0.5081619549 -7.632326321e-05 0.009386836019 0.2547683037 -0.9999939041 -0.0003401742342 -0.003475058296 0.0001702169494 0.9893102425 -0.1458259755 0.003487517005 -0.145825678 -0.9893041539 3.700840496e-06 0.01261647367 0
0.1537819915 0.05014215614 0.009914324991 -0.00065457478 0.0391289847 0.5079924714 -8.336889089e-05 0.009810191712 0.2547469152 -0.9999927275 -0.0003882647468 -0.003793959064 0.0001942931343 0.9883260084 -0.1523537442 0.003808822005 -0.1523533734 -0.9883187454 4.060069971e-06 0.01318605224 0
0.1613736432 0.05261749011 0.01040375878 -0.000720702509 0.04105157871 0.5077896629 -9.180140108e-05 0.0102939494 0.2547213166 -0.9999911831 -0.0004485231976 -0.004175224443 0.0002244648292 0.9871485708 -0.1598050339 0.004193243107 -0.1598045621 -0.9871397665 4.49066366e-06 0.01383699918 0
0.168965295 0.05509282408 0.01089319257 -0.0007899972825 0.04297286504 0.5075771414 -0.0001006395536 0.01077762104 0.2546944866 -0.9999894051 -0.0005146940353 -0.004574352555 0.0002576014401 0.9859151197 -0.1672462568 0.004596003998 -0.1672456632 -0.9859045415 4.94272677e-06 0.01448794612 0
0.1765569467 0.05756815805 0.01138262636 -0.0008624564513 0.0448927826 0.5073549149 -0.0001098832618 0.01126120293 0.2546664254 -0.9999873712 -0.000587049158 -0.004991272342 0.000293840202 0.9846257553 -0.1746769465 0.005017079254 -0.1746762071 -0.9846131482 5.416355312e-06 0.01513889305 0
0.183199642 0.05973407528 0.01181088092 -0.000928451842 0.04657153965 0.5071525123 -0.0001183041175 0.01168426052 0.2546408622 -0.9999853632 -0.0006556460323 -0.005370613593 0.0003282015018 0.9834517773 -0.1811697932 0.005400522739 -0.1811689041 -0.9834371676 5.848549879e-06 0.01570847162 0
0.1907912938 0.06220940925 0.01230031471 -0.00100683669 0.04848872628 0.5069121122 -0.0001283079949 0.01216766403 0.2546104935 -0.9999827856 -0.0007403265258 -0.005820690122 0.0003706256027 0.9820578613 -0.1885794784 0.005855864883 -0.1885783894 -0.9820406814 6.362889269e-06 0.01635941856 0
0.1983829455 0.06468474322 0.0127897485 -0.001088377643 0.05040436881 0.5066620326 -0.0001387171565 0.01265096697 0.2545788946 -0.9999798821 -0.0008319681037 -0.006288336252 0.0004165446382 0.9806083452 -0.1959772942 0.006329441864 -0.1959759709 -0.9805882709 6.899096835e-06 0.0170103655 0
0.2050256408 0.06685066044 0.01321800306 -0.001162312523 0.05207924155 0.5064352802 -0.0001481575525 0.01307377154 0.2545502365 -0.9999770537 -0.0009180757445 -0.006711873694 0.0004596976267 0.9792945015 -0.2024402825 0.006758756517 -0.2024387227 -0.9792716083 7.386306888e-06 0.01757994407 0
0.2126172926 0.06932599441 0.01370743685 -0.001249762678 0.05399182493 0.5061670776 -0.0001593263439 0.01355687561 0.2545163316 -0.9999734677 -0.001023491897 -0.007212235552 0.0005125358442 0.9777410559 -0.2098145968 0.007266442343 -0.2098127264 -0.9777145896 7.963828705e-06 0.01823089101 0
0.2202089443 0.07180132838 0.01419687064 -0.001340359654 0.05590268945 0.5058892239 -0.0001709001156 0.0140398681 0.2544811974 -0.9999694777 -0.001136637953 -0.007729918721 0.0005692589064 0.9761323604 -0.2171757142 0.007792273966 -0.2171734859 -0.9761019196 8.56355914e-06 0.01888183795 0
0.2278005961 0.07427666235 0.01468630443 -0.001434099987 0.05781177444 0.5056017298 -0.0001828787541 0.01452274515 0.2544448342 -0.9999650547 -0.001257779292 -0.008264830741 0.0006300017016 0.9744685458 -0.2245231756 0.008336218195 -0.2245205364 -0.9744337003 9.18562513e-06 0.01953278489 0
0.2344432913 0.07644257957 0.01511455899 -0.0015186985 0.05948071642 0.5053422729 -0.0001936920879 0.01494516485 0.2544120085 -0.9999608056 -0.001370544375 -0.00874693673 0.0006865548207 0.972967599 -0.2309406417 0.008827000426 -0.2309375954 -0.9729285231 9.748358088e-06 0.02010236346 0
0.2420349431 0.07891791354 0.01560399278 -0.001618322879 0.06138630159 0.5050367329 -0.0002064295322 0.01542781504 0.2543733419 -0.9999554886 -0.001507388264 -0.009313892743 0.0007551967798 0.971200803 -0.2382612639 0.009404812345 -0.2382576924 -0.9711564351 1.041266038e-05 0.0207533104 0
0.2496265948 0.08139324751 0.01609342657 -0.001721079994 0.06328993329 0.504721585 -0.0002195714953 0.01591033868 0.2543334475 -0.9999496494 -0.001652984094 -0.009897794385 0.0008282440026 0.9693792878 -0.2455669162 0.01000063508 -0.2455627495 -0.9693291099 1.109968705e-05 0.02140425734 0
0.2562692901 0.08355916474 0.01652168113 -0.001813559208 0.06495396113 0.5044379586 -0.0002314024436 0.01633243999 0.2542975329 -0.9999440859 -0.001787764886 -0.01042252694 0.0008958787903 0.9677406911 -0.2519467247 0.01053672493 -0.2519419747 -0.9676849791 1.171958913e-05 0.02197383591 0
0.2638609419 0.08603449871 0.01701111492 -0.001922179526 0.06685376748 0.5041048288 -0.0002453025293 0.01681471585 0.2542553371 -0.999937178 -0.001950472763 -0.01103791748 0.0009775447183 0.9658169789 -0.2592230848 0.01116621568 -0.25921759 -0.9657543977 1.244961385e-05 0.02262478285 0
0.2714525936 0.08850983268 0.01750054871 -0.002033920972 0.0687514471 0.5037621267 -0.0002596067529 0.01729685398 0.2542119147 -0.9999296508 -0.00212267919 -0.01166994483 0.001063997819 0.9638389838 -0.2664831725 0.01181360605 -0.2664768424 -0.96376892 1.320278645e-05 0.02327572979 0
0.2790442454 0.09098516665 0.0179899825 -0.002148779276 0.0706469399 0.5034098654 -0.0002743149743 0.01777885047 0.2541672659 -0.9999214686 -0.002304641342 -0.01231849565 0.001155370025 0.9618068662 -0.2737265374 0.01247885519 -0.2737192737 -0.9617286714 1.39792622e-05 0.02392667672 0
0.2856869407 0.09315108387 0.01841823706 -0.002251833645 0.07230365504 0.5030938059 -0.0002875159594 0.01820047816 0.2541271926 -0.999913743 -0.002472062111 -0.01289944058 0.001239459252 0.9599844952 -0.280050411 0.01307556497 -0.280042243 -0.9598986258 1.467791948e-05 0.02449625529 0
0.2932785924 0.09562641784 0.01890767085 -0.002372524142 0.07419488589 0.5027236578 -0.0003029812855 0.01868219859 0.2540802458 -0.999904233 -0.002673004664 -0.01357865678 0.001340408663 0.957851345 -0.2872612124 0.01377418522 -0.2872519032 -0.9577560315 1.549852119e-05 0.02514720223 0
0.3008702442 0.09810175181 0.01939710464 -0.002496318566 0.07608375767 0.5023439902 -0.0003188501846 0.01916376619 0.2540320739 -0.9998939601 -0.002884434638 -0.01427405363 0.001446653712 0.9556645573 -0.2944540052 0.01449054047 -0.2944434309 -0.9555590459 1.634289488e-05 0.02579814917 0
0.3084618959 0.1005770858 0.01988653843 -0.002623212191 0.07797021066 0.5019548175 -0.0003351225013 0.01964517705 0.2539826776 -0.999882885 -0.003106603748 -0.01498550606 0.001558324362 0.9534243091 -0.301628345 0.01522458551 -0.301616372 -0.9533078076 1.721121134e-05 0.02644909611 0
0.3151045912 0.102743003 0.02031479299 -0.002736782618 0.07961882599 0.5016065061 -0.0003496915818 0.02006627992 0.2539384516 -0.9998725045 -0.003310007913 -0.01562109693 0.001660588628 0.9514203801 -0.3078904072 0.01588134967 -0.3078770928 -0.9512935816 1.799076604e-05 0.02701867468 0
0.3226962429 0.105218337 0.02080422678 -0.002869474092 0.08150058315 0.5011995519 -0.000366719874 0.02054738638 0.2538867607 -0.9998598158 -0.003552986127 -0.01636230609 0.001782780686 0.9490803856 -0.3150289564 0.01664843728 -0.3150139648 -0.9489410053 1.890444913e-05 0.02766962162 0
0.3302878947 0.1076936709 0.02129366057 -0.003005250519 0.08337975041 0.5007831365 -0.0003841511151 0.0210283249 0.2538338466 -0.9998462065 -0.003807418711 -0.01711919466 0.001910768942 0.9466874635 -0.3221477851 0.01743307847 -0.3221309517 -0.9465345941 1.984258771e-05 0.02832056856 0
0.33693059 0.1098595882 0.02172191514 -0.003126581448 0.0850218506 0.5004110242 -0.0003997338608 0.02144900525 0.253786544 -0.9998335096 -0.004039636598 -0.01779422689 0.002027613843 0.9445503915 -0.3283602391 0.01813400001 -0.3283416501 -0.9443849421 2.068366607e-05 0.02889014713 0
0.3445222417 0.1123349221 0.02221134892 -0.003268128103 0.08689600203 0.4999769119 -0.0004179201677 0.02192961834 0.2537313381 -0.9998180578 -0.004316207152 -0.01858014397 0.002166813973 0.9420587552 -0.3354409139 0.01895141977 -0.3354201427 -0.9418780025 2.166816245e-05 0.02954109407 0
0.3521138935 0.1148102561 0.02270078271 -0.003412744498 0.08876739336 0.499533385 -0.0004365089221 0.02241005226 0.2536749107 -0.9998015594 -0.004604934112 -0.01938133998 0.002312176134 0.939514759 -0.3425006152 0.01978624773 -0.3424774622 -0.9393176738 2.267765866e-05 0.03019204101 0
0.3597055452 0.1172855901 0.0231902165 -0.003560425113 0.0906359656 0.4990804603 -0.0004554999419 0.02289030312 0.2536172624 -0.999783969 -0.004906058422 -0.02019767 0.002463826402 0.9369186088 -0.3495389108 0.02063843119 -0.3495131631 -0.9367041176 2.371235133e-05 0.03084298795 0
0.3663482405 0.1194515073 0.02361847107 -0.003692154843 0.0922686075 0.4986764557 -0.0004724469214 0.02331036938 0.253565819 -0.9997676451 -0.005179899987 -0.02092425724 0.002601777235 0.9346043594 -0.3556795218 0.02139828638 -0.3556513181 -0.9343737225 2.463853374e-05 0.03141256652 0
0.3739398923 0.1219268413 0.02410790485 -0.003845565594 0.09413173542 0.4982059572 -0.0004921916846 0.02379026648 0.253505883 -0.999747881 -0.005504912689 -0.02176856288 0.00276555533 0.9319109888 -0.3626765235 0.02228286555 -0.3626452881 -0.9316608122 2.572101251e-05 0.03206351346 0
0.381531544 0.1244021752 0.02459733864 -0.004002024055 0.09599187537 0.4977261116 -0.0005123381679 0.02426996931 0.2534447277 -0.9997268889 -0.005843005689 -0.0226275699 0.002935980473 0.9291660783 -0.369650888 0.02318464263 -0.3696163663 -0.9288951578 2.682927343e-05 0.03271446039 0
0.3881742393 0.1265680925 0.02502559321 -0.004141420593 0.09761700076 0.4972985935 -0.000530295722 0.02468954686 0.2533902171 -0.9997074748 -0.006149751035 -0.02339113822 0.0030906523 0.926722177 -0.3757345534 0.02398776049 -0.3756969354 -0.9264320806 2.782031676e-05 0.03328403897 0
0.395765891 0.1290434264 0.025515027 -0.004303577333 0.09947138069 0.4968012718 -0.0005511948959 0.02516887493 0.2533267773 -0.9996840472 -0.006512998964 -0.02427728774 0.003273873228 0.9238812298 -0.3826653302 0.02492162935 -0.3826239068 -0.9235680042 2.897749006e-05 0.0339349859 0
0.4033575428 0.1315187604 0.02600446078 -0.004468764315 0.1013226048 0.4962946565 -0.0005724952123 0.02564799753 0.25326212 -0.9996592481 -0.006889995033 -0.02517768269 0.003464094688 0.9209893909 -0.3895722549 0.02587252955 -0.3895267253 -0.9206516944 3.0161061e-05 0.03458593284 0
0.4109491945 0.1339940944 0.02649389457 -0.004636975242 0.103170615 0.495778767 -0.0005941964626 0.02612691078 0.2531962459 -0.999633026 -0.007280967849 -0.02609215909 0.003661438296 0.9180468937 -0.396454909 0.02684040105 -0.3964049553 -0.9176833355 3.137125046e-05 0.03523687978 0
0.4175918898 0.1361600116 0.02692214914 -0.004786635345 0.1047849419 0.4953197714 -0.0006135137807 0.02654578508 0.2531376084 -0.9996088733 -0.007634712589 -0.02690374614 0.00384005141 0.9154308393 -0.4024569947 0.02770116239 -0.4024028948 -0.9150434721 3.245217806e-05 0.03580645835 0
0.4251835416 0.1386353456 0.02741158293 -0.004960498794 0.1066267698 0.4947865461 -0.0006359662064 0.02702429531 0.2530694545 -0.9995798413 -0.008052501133 -0.02784417375 0.004051074372 0.9123940002 -0.4092930213 0.02870068959 -0.4092338521 -0.9119780286 3.371288473e-05 0.03645740529 0
0.4327751933 0.1411106795 0.02790101671 -0.005137367445 0.1084652175 0.494244104 -0.0006588189445 0.02750258501 0.2530000856 -0.9995492335 -0.008484912654 -0.02879819615 0.004269565151 0.9093071956 -0.4161035866 0.02971700957 -0.4160389768 -0.9088610835 3.500086422e-05 0.03710835223 0
0.4394178886 0.1432765968 0.02832927128 -0.005294587423 0.110071041 0.4937619229 -0.0006791432959 0.02792090453 0.2529383918 -0.9995211158 -0.008875441808 -0.0296439806 0.004466963944 0.9065654498 -0.4220416229 0.03062001447 -0.4219719324 -0.9060916637 3.615040251e-05 0.0376779308 0
0.4470095404 0.1457519307 0.02881870507 -0.005477072571 0.1119029956 0.4932022555 -0.0007027460138 0.02839877027 0.2528667469 -0.9994874047 -0.009335865016 -0.03062302078 0.004699776517 0.9033856335 -0.4288033457 0.03166764718 -0.4287274645 -0.9028786858 3.749015229e-05 0.03832887774 0
0.4546011921 0.1482272647 0.02930813886 -0.005662543238 0.1137314047 0.4926334318 -0.0007267483905 0.02887640431 0.2527938891 -0.9994519579 -0.00981154049 -0.03161514686 0.004940396444 0.9001565773 -0.4355384356 0.03273188538 -0.4354559336 -0.8996147807 3.885785706e-05 0.03897982468 0
0.4621928439 0.1507025987 0.02979757264 -0.005850992359 0.1155562113 0.4920554734 -0.0007511501909 0.02935380278 0.252719819 -0.9994147181 -0.010302683 -0.03262017673 0.005188940337 0.8968785411 -0.4422464894 0.0338126619 -0.4421569147 -0.8963001543 4.025376045e-05 0.03963077162 0
0.4688355391 0.1528685159 0.03022582721 -0.006018322965 0.117149917 0.4915422837 -0.0007728292308 0.02977133017 0.252654014 -0.9993806169 -0.01074528769 -0.03351001786 0.005413007446 0.8939702878 -0.4480935437 0.03477185435 -0.4479973921 -0.8933584134 4.149850164e-05 0.04020035019 0
0.4764271909 0.1553438499 0.030715261 -0.006212337256 0.1189678153 0.4909472574 -0.0007979793038 0.03024827651 0.2525776732 -0.9993398583 -0.01126600219 -0.03453874243 0.005676720336 0.8906011281 -0.4547498274 0.03588345552 -0.4546456949 -0.8899492512 4.294794546e-05 0.04085129713 0
0.4840188426 0.1578191838 0.03120469479 -0.006409309066 0.1207819475 0.4903431606 -0.0008235281032 0.03072497615 0.2525001223 -0.9992971378 -0.011802789 -0.03557983278 0.005948688029 0.8871837569 -0.4613779303 0.03701139608 -0.4612652985 -0.8864899779 4.442630637e-05 0.04150224406 0
0.4906615379 0.1599851011 0.03163294935 -0.006584079596 0.1223661794 0.4898071533 -0.0008462101865 0.03114188292 0.2524312733 -0.9992581006 -0.01228582391 -0.03650077971 0.006193520526 0.8841542246 -0.4671540938 0.03801169151 -0.4670335808 -0.8834221786 4.574379439e-05 0.04207182264 0
0.4982531897 0.162460435 0.03212238314 -0.006786576456 0.1241730981 0.4891861116 -0.0008725059209 0.03161810958 0.2523514557 -0.9992115383 -0.01285330021 -0.03756453621 0.006481271242 0.8806472004 -0.4737282993 0.03917007569 -0.4735982487 -0.8798695381 4.727706733e-05 0.04272276957 0
0.5058448414 0.164935769 0.03261181693 -0.006992008977 0.1259760885 0.4885560664 -0.0008991996521 0.03209407841 0.2522704304 -0.9991628386 -0.01343743539 -0.0386400995 0.006777600826 0.8770927645 -0.4802732 0.04034459179 -0.480133021 -0.8762674227 4.884000178e-05 0.04337371651 0
0.5134364932 0.167411103 0.03310125071 -0.007200369343 0.1277750947 0.4879170418 -0.000926291119 0.03256978557 0.2521881981 -0.9991119389 -0.01403842898 -0.03972727035 0.007082620362 0.8734912023 -0.4867884099 0.04153516566 -0.4866374853 -0.8726160599 5.043286262e-05 0.04402466345 0
0.5200791885 0.1695770202 0.03352950528 -0.007385080182 0.1293459129 0.4873505484 -0.0009503222117 0.03298581165 0.2521152553 -0.9990655473 -0.01457828255 -0.04068790817 0.007356727599 0.8703014042 -0.4924645616 0.04259003114 -0.4923037066 -0.8693809002 5.185137538e-05 0.04459424202 0
0.5276708402 0.1720523542 0.03401893907 -0.007598908805 0.1311372981 0.4866947531 -0.0009781587152 0.03346101777 0.2520307622 -0.9990103515 -0.01521141509 -0.04179629766 0.007678337183 0.8666122621 -0.4989230706 0.04381050999 -0.4987502382 -0.8656378221 5.350107261e-05 0.04524518896 0
0.535262492 0.1745276881 0.03450837286 -0.007815642188 0.1329245387 0.4860300491 -0.001006392181 0.03393595113 0.2519450645 -0.9989527717 -0.0158619663 -0.04291570835 0.008008951236 0.8628768344 -0.5053507944 0.04504682783 -0.5051652865 -0.8618461676 5.518147447e-05 0.0458961359 0
0.5419051872 0.1766936054 0.03493662742 -0.008007660233 0.1344849309 0.4854411451 -0.001031421881 0.03435129105 0.2518690915 -0.9989003823 -0.0164456369 -0.0439040696 0.008305709686 0.8595706019 -0.510949504 0.04614153754 -0.5107523093 -0.8584888101 5.667723069e-05 0.04646571447 0
0.549496839 0.1791689393 0.03542606121 -0.008229817742 0.1362642513 0.4847598057 -0.001060398904 0.03482570261 0.2517811375 -0.9988381555 -0.01712935865 -0.04504358098 0.008653496642 0.8557491986 -0.5173184959 0.04740734237 -0.5171072367 -0.8546067222 5.841595095e-05 0.04711666141 0
0.5570884907 0.1816442733 0.035915495 -0.008454856025 0.1380392684 0.4840696313 -0.001089772086 0.03529983036 0.2516919814 -0.9987733546 -0.017831039 -0.04619350757 0.009010595205 0.8518823801 -0.5236556308 0.04868875915 -0.5234295221 -0.8506767542 6.018617824e-05 0.04776760835 0
0.5646801425 0.1841196073 0.03640492879 -0.008682766528 0.1398099273 0.483370648 -0.001119541138 0.03577367044 0.2516016241 -0.9987059121 -0.01855086088 -0.04735363411 0.009377110428 0.8479704559 -0.5299605416 0.04998570699 -0.5297187663 -0.8466991542 6.198819718e-05 0.04841855529 0
0.5713228378 0.1862855245 0.03683318335 -0.008884537532 0.1413556356 0.4827518324 -0.001145913567 0.03618804152 0.2515215768 -0.9986446793 -0.01919572858 -0.04837694103 0.009705617725 0.8445107676 -0.5354506181 0.05113321234 -0.5351944389 -0.8431798783 6.359126874e-05 0.04898813386 0
0.5789144895 0.1887608585 0.03732261714 -0.009117810022 0.1431179754 0.4820364043 -0.001176424088 0.03666133189 0.2514289697 -0.9985720993 -0.01995004985 -0.04955560439 0.01009006908 0.8405151168 -0.5416941287 0.05245905949 -0.5414206627 -0.8391136473 6.545367394e-05 0.0496390808 0
0.5865061413 0.1912361924 0.03781205093 -0.009353929547 0.1448758002 0.4813122445 -0.001207329631 0.03713432357 0.251335164 -0.9984966797 -0.02072302413 -0.05074383626 0.01048423388 0.8364752694 -0.5479043753 0.0538001997 -0.5476127098 -0.8350005141 6.734870461e-05 0.05029002773 0
0.5931488366 0.1934021096 0.03824030549 -0.009562862541 0.1464101505 0.4806714637 -0.001234695786 0.03754794326 0.2512521015 -0.9984283029 -0.02141481383 -0.05179121233 0.01083717586 0.8329044018 -0.5533107744 0.05498617595 -0.553002408 -0.8313632523 6.903385164e-05 0.05085960631 0
0.6007404883 0.1958774436 0.03872973928 -0.009804296001 0.1481593637 0.4799310066 -0.001266341178 0.03802036459 0.2511560509 -0.9983473692 -0.02222322616 -0.05299677991 0.01124982586 0.8287825588 -0.5594576943 0.05635576173 -0.5591293218 -0.8271628798 7.099085319e-05 0.05151055324 0
0.6083321401 0.1983527776 0.03921917307 -0.01004855043 0.1499039067 0.4791818977 -0.001298380712 0.03849247622 0.2510588045 -0.9982633921 -0.02305078109 -0.0542112664 0.01167247815 0.8246174564 -0.565570335 0.05774039459 -0.565220941 -0.8229163595 7.29813365e-05 0.05216150018 0
0.6159237918 0.2008281116 0.03970860686 -0.01029561655 0.1516437258 0.4784241656 -0.001330814076 0.03896427435 0.2509603632 -0.9981762997 -0.02389764369 -0.05543444172 0.01210523126 0.820409427 -0.5716483495 0.05913998714 -0.571276881 -0.8186239596 7.500560455e-05 0.05281244712 0
0.6225664871 0.2029940288 0.04013686142 -0.01051409851 0.1531621505 0.4777540989 -0.001359516083 0.03937683753 0.2508732476 -0.9980974811 -0.02465461446 -0.05651166523 0.0124922528 0.8166924514 -0.5769379373 0.06037683282 -0.5765462599 -0.8148306869 7.680479329e-05 0.05338202569 0
0.6301581388 0.2054693628 0.04062629521 -0.01076641122 0.1548929686 0.476980276 -0.001392687018 0.03984803754 0.2507725685 -0.9980043507 -0.02553811423 -0.05775050473 0.01294420712 0.8124048409 -0.5829501025 0.06180423592 -0.582534273 -0.8104529951 7.889323338e-05 0.05403297263 0
0.6377497906 0.2079446967 0.041115729 -0.01102150838 0.1566189099 0.4761979133 -0.001426250859 0.04031891308 0.2506706974 -0.997907894 -0.02644138082 -0.05899736006 0.01340654002 0.8080752769 -0.5889266605 0.06324634218 -0.588485514 -0.8060302104 8.101634366e-05 0.05468391957 0
0.6443924859 0.2101106139 0.04154398356 -0.01124699492 0.1581250664 0.4755063641 -0.001455941268 0.04073066002 0.2505805831 -0.9978207072 -0.0272480754 -0.06009474691 0.01381966938 0.8042527645 -0.5941266764 0.06452017481 -0.59366239 -0.8021235028 8.290275149e-05 0.05525349814 0
0.6519841376 0.2125859479 0.04203341735 -0.01150728679 0.1598417214 0.4747080697 -0.00149024092 0.04120091691 0.2504764795 -0.9977178124 -0.02818881836 -0.06135598885 0.01430171632 0.7998454695 -0.6000355705 0.06598960341 -0.5995436727 -0.7976169236 8.509171375e-05 0.05590444508 0
0.6595757894 0.2150612819 0.04252285114 -0.01177033502 0.1615533482 0.4739013218 -0.001524932524 0.0416708384 0.2503711869 -0.9976113753 -0.02914976399 -0.06262455704 0.01479441106 0.7953972207 -0.6059079029 0.06747347099 -0.6053871097 -0.7930660616 8.731625255e-05 0.05655539202 0
0.6671674411 0.2175366159 0.04301228493 -0.01203612966 0.1632598946 0.4730861508 -0.001560015741 0.04214042069 0.2502647062 -0.9975013197 -0.03013105834 -0.06390020787 0.01529784522 0.7909083717 -0.6117433477 0.06897168385 -0.6111923321 -0.7884712043 8.95766879e-05 0.05720633896 0
0.6738101364 0.2197025331 0.04344053949 -0.01227094495 0.1647489144 0.4723659911 -0.001591034531 0.04255102396 0.2501705619 -0.9974019923 -0.03100649578 -0.06502201937 0.015747231 0.7869476045 -0.616818849 0.07029431342 -0.6162402657 -0.7844148421 9.158426864e-05 0.05777591753 0
0.6814017882 0.222177867 0.04392997328 -0.01254186185 0.1664457952 0.4715351106 -0.001626851093 0.04301996002 0.2500618564 -0.9972849443 -0.03202632742 -0.06631028698 0.0162710448 0.7823835941 -0.6225842632 0.07181916811 -0.6219728499 -0.7797382773 9.3912881e-05 0.05842686447 0
0.6889934399 0.224653201 0.04441940707 -0.01281549592 0.1681374467 0.4706958967 -0.00166305827 0.04348854599 0.249951966 -0.9971640554 -0.03306691133 -0.06760492641 0.01680585546 0.7777800172 -0.6283118716 0.07335809378 -0.6276661726 -0.7750185584 9.627832336e-05 0.0590778114 0
0.6956361352 0.2268191182 0.04484766164 -0.01305714652 0.1696133117 0.4699547736 -0.001695059699 0.04389826855 0.2498548407 -0.997055065 -0.03399455152 -0.06874276572 0.01728290442 0.7737197176 -0.6332922705 0.07471612 -0.6326153406 -0.7708536387 9.837855633e-05 0.05964738998 0
0.7032277869 0.2292944522 0.04533709542 -0.01333584727 0.17129502 0.4691000206 -0.001731998323 0.04436618789 0.2497427314 -0.9969267622 -0.03507440646 -0.07004867506 0.01783856902 0.7690429401 -0.6389481526 0.07628116623 -0.6382340811 -0.766053811 0.0001008139443 0.06029833691 0
0.7108194387 0.2317697862 0.04582652921 -0.01361723513 0.172971352 0.4682370265 -0.001769326533 0.04483374628 0.2496294403 -0.9967943913 -0.03617539265 -0.07136023052 0.01840547892 0.7643276539 -0.6445653386 0.07786000179 -0.6438125336 -0.7612116931 0.0001032871151 0.06094928385 0
0.7184110904 0.2342451202 0.046315963 -0.01390129946 0.1746422568 0.4673658239 -0.001807043966 0.04530093994 0.2495149685 -0.9966578723 -0.03729763603 -0.07267717633 0.0189837184 0.7595742325 -0.6501435255 0.07945252701 -0.6493503459 -0.7563275906 0.0001057984047 0.06160023079 0
0.7250537857 0.2364110374 0.04674421757 -0.01415204282 0.176099807 0.466596814 -0.001840365713 0.04570943224 0.2494138381 -0.9965349522 -0.03829713321 -0.07383372332 0.01949903712 0.7553840016 -0.654992212 0.08085713737 -0.6541623191 -0.7520198026 0.0001080273181 0.06216980936 0
0.7326454375 0.2388863713 0.04723365135 -0.01444109646 0.1777604001 0.4657103096 -0.001878811939 0.04617593188 0.2492971556 -0.9963904381 -0.03945956265 -0.0751600808 0.02009874276 0.7505600927 -0.6604964707 0.08247505907 -0.6596229909 -0.747057812 0.0001106109935 0.0628207563 0
0.7402370892 0.2413617053 0.04772308514 -0.01473279539 0.1794154215 0.4648156922 -0.001917646316 0.04664205598 0.2491792957 -0.9962415432 -0.04064359428 -0.076491084 0.02071001398 0.7456991376 -0.6659608783 0.08410637912 -0.6650420245 -0.7420547302 0.0001132337659 0.06347170324 0
0.7468797845 0.2435276225 0.04815133971 -0.01499019326 0.1808589556 0.4640262735 -0.001951944503 0.04704960354 0.2490752035 -0.996107602 -0.04169743219 -0.07765931673 0.0212544265 0.7414157143 -0.670709317 0.08554469405 -0.6697492536 -0.7376435742 0.0001155610341 0.06404128181 0
0.7544714363 0.2460029565 0.0486407735 -0.01528682232 0.1825033961 0.4631165358 -0.001991505637 0.04751501337 0.2489551392 -0.9959502716 -0.04292227269 -0.07899832296 0.02188759757 0.7364863348 -0.6760982264 0.08720085777 -0.6750892957 -0.7325642997 0.0001182580434 0.06469222875 0
0.762063088 0.2484782905 0.04913020728 -0.01558606472 0.1841421223 0.4621987833 -0.002031453819 0.04798003686 0.2488339009 -0.9957883235 -0.04416903463 -0.08034121715 0.02253256075 0.7315210203 -0.6814464619 0.08887012152 -0.6803867232 -0.727444849 0.0001209951459 0.06534317569 0
0.7696547398 0.2509536244 0.04961964107 -0.01588790914 0.1857750851 0.4612730506 -0.00207178866 0.04844467028 0.2487114899 -0.9956216744 -0.04543782291 -0.0816877328 0.0231893926 0.7265201625 -0.6867537445 0.09055237993 -0.6856412019 -0.7222855451 0.0001237726923 0.06599412263 0
0.776297435 0.2531195417 0.05004789564 -0.01615414851 0.1871991613 0.4604565156 -0.002107398516 0.04885090161 0.2486034192 -0.9954719344 -0.04656616119 -0.08286869409 0.02377391578 0.7221155649 -0.6913638057 0.09203493226 -0.6902033784 -0.7177387182 0.0001262364992 0.0665637012 0
0.7838890868 0.2555948756 0.05053732943 -0.01646084093 0.1888211861 0.4595159145 -0.002148457275 0.04931479356 0.2484788126 -0.995296245 -0.04787652051 -0.08422127657 0.02445320363 0.7170491273 -0.6965935615 0.0937412688 -0.695376436 -0.7125055696 0.0001290908304 0.06721464814 0
0.7914807385 0.2580702096 0.05102676321 -0.01677010233 0.1904373075 0.4585674344 -0.002189901548 0.04977828471 0.2483530367 -0.9951156129 -0.04920918996 -0.08557670626 0.02514457366 0.711948286 -0.7017815817 0.09546029252 -0.7005055986 -0.7072335109 0.0001319866253 0.06786559507 0
0.7981234338 0.2602361268 0.05145501778 -0.01704280427 0.1918465334 0.4577310793 -0.00222648121 0.05018350774 0.2482420246 -0.9949534384 -0.05039364976 -0.08676482905 0.02575949022 0.7074571435 -0.7062866549 0.09697476043 -0.7049573535 -0.7025888027 0.0001345547411 0.06843517365 0
0.8057150856 0.2627114608 0.05194445157 -0.017356851 0.1934514564 0.4567679231 -0.002268647227 0.05064623733 0.2481140598 -0.9947633093 -0.0517683973 -0.08812486309 0.02647370738 0.7022928784 -0.7113957097 0.0987172795 -0.7100033422 -0.6972446865 0.0001375292492 0.06908612058 0
0.8133067373 0.2651867948 0.05243388536 -0.01767343293 0.1950503382 0.4557969916 -0.002311197583 0.0511085554 0.2479849293 -0.9945679923 -0.05316571194 -0.08948695878 0.02720021039 0.6970953695 -0.716462277 0.1004721716 -0.7150045125 -0.6918626235 0.0001405462579 0.06973706752 0
0.8208983891 0.2676621287 0.05292331914 -0.0179925381 0.1966431313 0.4548183215 -0.002354131861 0.05157045825 0.2478546346 -0.9943674013 -0.05458567672 -0.09085084037 0.02793906773 0.6918650246 -0.7214861026 0.1022393261 -0.7199605487 -0.6864429536 0.0001436061318 0.07038801446 0
0.8275410844 0.269828046 0.05335157371 -0.01827381552 0.1980317936 0.4539556661 -0.002392013962 0.05197427971 0.2477396726 -0.9941874899 -0.05584678883 -0.09204548406 0.02859575524 0.6872618594 -0.7258466913 0.1037955574 -0.7242598102 -0.6816701618 0.0001463189725 0.07095759303 0
0.8351327361 0.2723033799 0.0538410075 -0.01859761929 0.1996130435 0.4529625858 -0.002435666962 0.05243539402 0.2476071982 -0.993976777 -0.05730943486 -0.09341196676 0.02935795733 0.6819710544 -0.7307897038 0.1055854024 -0.729130379 -0.6761809027 0.0001494602081 0.07160853997 0
0.8427243879 0.2747787139 0.05433044129 -0.01892391147 0.2011880696 0.4519618737 -0.002479702668 0.05289608245 0.2474735632 -0.9937605407 -0.05879495123 -0.09477943584 0.03013270385 0.6766485988 -0.7356892645 0.1073871869 -0.7339549219 -0.6706550266 0.0001526453681 0.07225948691 0
0.8493670831 0.2769446311 0.05475869585 -0.01921144875 0.2025610756 0.4510800198 -0.002518547511 0.05329883257 0.2473556817 -0.9935667344 -0.06011359411 -0.09597656008 0.03082094756 0.6719658141 -0.7399405475 0.1089734531 -0.738138402 -0.6657901216 0.0001554687072 0.07282906548 0
0.8569587349 0.2794199651 0.05524812964 -0.01954237351 0.2041243073 0.4500650999 -0.002563299628 0.05375871253 0.2472198742 -0.9933399061 -0.06164217876 -0.09734512218 0.0316193857 0.6665851378 -0.7447579933 0.110797317 -0.742875828 -0.6601965303 0.0001587372298 0.07348001242 0
0.8645503866 0.2818952991 0.05573756343 -0.01987575111 0.2056811824 0.4490426574 -0.002608433204 0.05421815599 0.2470829101 -0.9931073023 -0.06319382629 -0.09871386175 0.03243054816 0.661174014 -0.7495313087 0.1126327915 -0.7475663606 -0.654567331 0.0001620507518 0.07413095936 0
0.8721420384 0.284370633 0.05622699722 -0.02021156901 0.2072316553 0.4480127308 -0.002653947796 0.05467715929 0.2469447906 -0.9928688347 -0.06476859711 -0.1000824954 0.03325449506 0.6557328653 -0.7542602654 0.1144797607 -0.7522097036 -0.6489028789 0.0001654096508 0.0747819063 0
0.8787847337 0.2865365503 0.05665525178 -0.02050740154 0.2085830315 0.447105436 -0.002694085269 0.05507842321 0.2468229894 -0.9926552959 -0.06616553479 -0.1012797393 0.03398598215 0.650947564 -0.7583615378 0.1161051963 -0.7562336881 -0.643917846 0.000168386209 0.07535148487 0
0.8863763854 0.2890118842 0.05714468557 -0.02084776085 0.210121378 0.4460615811 -0.002740313067 0.05553659128 0.2466827073 -0.9924055948 -0.06778381273 -0.102647407 0.03483405758 0.6454512642 -0.7630067195 0.1179734032 -0.760787763 -0.6381882605 0.0001718312142 0.07600243181 0
0.8939680372 0.2914872182 0.05763411936 -0.0211905239 0.2116531922 0.4450103542 -0.002786920594 0.05599430863 0.2465412738 -0.9921497745 -0.06942536862 -0.1040141484 0.03569508332 0.6399261651 -0.7676069074 0.1198527676 -0.7652938138 -0.6324244561 0.0001753226924 0.07665337874 0
0.9006107325 0.2936531354 0.05806237392 -0.02149240325 0.2129881362 0.4440845143 -0.002828013317 0.05639443868 0.2464165761 -0.9919208419 -0.07088086236 -0.1052090617 0.03645914757 0.6350684171 -0.7715949949 0.1215062709 -0.7691969897 -0.6273533431 0.0001784161608 0.07722295732 0
0.9082023842 0.2961284694 0.05855180771 -0.0218396385 0.2145075826 0.4430195716 -0.002875331604 0.05685130104 0.2462729876 -0.9916533072 -0.07256618875 -0.106573292 0.03734460295 0.6294904799 -0.7761102475 0.1234062354 -0.773612231 -0.6215263608 0.0001819958147 0.07787390425 0
0.915794036 0.2986038034 0.0590412415 -0.0221892402 0.2160203693 0.441947371 -0.0029230283 0.05730770216 0.2461282518 -0.9913793957 -0.0742749193 -0.1079357683 0.03824316392 0.6238849848 -0.7805799037 0.1253170145 -0.7779786386 -0.6156662114 0.0001856230528 0.07852485119 0
0.9233856877 0.3010791373 0.05953067529 -0.02254119523 0.2175264523 0.440867953 -0.002971102939 0.05776363838 0.2459823701 -0.9910990175 -0.07600709121 -0.1092962013 0.03915488203 0.618252367 -0.7850037617 0.1272384877 -0.7822959368 -0.6097732648 0.0001892982653 0.07917579813 0
0.930028383 0.3032450546 0.05995892985 -0.02285107596 0.2188387417 0.4399175736 -0.00301347791 0.05816219834 0.2458537848 -0.9908483108 -0.07754199743 -0.1104846758 0.03996346784 0.6133019207 -0.788836913 0.1289284537 -0.7860330735 -0.604590325 0.0001925537382 0.0797453767 0
0.9376200347 0.3057203885 0.06044836364 -0.02320740779 0.2203321383 0.4388247323 -0.003062259922 0.05861725307 0.2457057585 -0.990555564 -0.07931820993 -0.1118404945 0.04089998991 0.6076196267 -0.7931743692 0.1308696507 -0.7902575598 -0.5986368881 0.0001963199599 0.08039632364 0
0.9452116865 0.3081957225 0.06093779743 -0.02356605473 0.2218187068 0.4377247907 -0.003111418517 0.05907183244 0.2455565905 -0.9902560904 -0.08111795122 -0.1131934335 0.04184981 0.6019114707 -0.7974654694 0.1328211911 -0.7944321616 -0.5926517289 0.0002001352871 0.08104727058 0
0.9518543818 0.3103616397 0.06136605199 -0.02388175935 0.2231138194 0.4367565499 -0.003154740825 0.0594691966 0.2454251332 -0.9899884616 -0.08271204447 -0.1143746631 0.04269184767 0.5968959664 -0.8011820089 0.134537177 -0.7980438102 -0.5873889895 0.0002035142923 0.08161684915 0
0.9594460335 0.3128369737 0.06185548578 -0.0242447108 0.2245874702 0.4356434067 -0.003204604215 0.0599228749 0.2452738286 -0.9896761305 -0.08455596314 -0.1157214143 0.04366672577 0.5911405107 -0.8053856925 0.1365077789 -0.802124171 -0.5813453712 0.0002074227634 0.08226779609 0
0.9670376853 0.3153123077 0.06234491957 -0.02460993847 0.2260541708 0.4345232826 -0.003254842796 0.06037606743 0.2451213867 -0.9893568112 -0.086423469 -0.1170644441 0.04465503195 0.5853604669 -0.8095424954 0.1384883684 -0.8061538983 -0.5752711222 0.0002113814857 0.08291874303 0
0.974629337 0.3177876416 0.06283435336 -0.02497742867 0.2275138793 0.4333962195 -0.003305456078 0.06082877057 0.2449678088 -0.9890304125 -0.08831457553 -0.1184034584 0.04565680891 0.579556281 -0.8136522433 0.1404788205 -0.8101327378 -0.5691666259 0.000215390861 0.08356968997 0
0.9812720323 0.3199535589 0.06326260792 -0.02530082775 0.2287853557 0.4324043803 -0.003350049683 0.06122448153 0.2448324976 -0.9887389344 -0.08998866154 -0.1195715705 0.04654444655 0.574458166 -0.8172095386 0.1422284577 -0.8135722809 -0.5638006824 0.0002189409328 0.08413926854 0
0.9888636841 0.3224288928 0.06375204171 -0.02567252303 0.230231842 0.4312644206 -0.003401364193 0.06167625736 0.2446767941 -0.9883990153 -0.09192404325 -0.1209022619 0.04757159165 0.5686099208 -0.821230602 0.1442370629 -0.8174550313 -0.5576405127 0.0002230463716 0.08479021548 0
0.9964553358 0.3249042268 0.0642414755 -0.02604644104 0.2316712172 0.4301176439 -0.003453051973 0.06212753343 0.2445199592 -0.9880517537 -0.09388304454 -0.1222280901 0.04861232285 0.5627388237 -0.8252041313 0.1462551679 -0.8212861805 -0.5514512087 0.0002272036281 0.08544116242 0
1.004046988 0.3273795608 0.06473090929 -0.0264225678 0.2331034406 0.4289640931 -0.003505112518 0.06257830617 0.2443619944 -0.987697058 -0.09586566511 -0.1235487594 0.04966667769 0.556845326 -0.8291299681 0.1482826451 -0.8250654866 -0.5452331611 0.0002314131108 0.08609210935 0
1.010689683 0.329545478 0.06515916385 -0.02675347952 0.2343507376 0.4279492133 -0.003550970879 0.06297231661 0.2442228495 -0.9873805287 -0.09761983032 -0.1246998805 0.0506004423 0.5516704958 -0.832525831 0.1500642753 -0.8283296643 -0.5397690993 0.0002351395723 0.08666168792 0
1.018281335 0.332020812 0.06564859764 -0.02713370969 0.2357694426 0.4267830777 -0.003603728985 0.06342213593 0.2440627704 -0.9870116466 -0.09964672372 -0.1260100788 0.05168043795 0.5457362179 -0.8363618313 0.1521089802 -0.8320111243 -0.5334982167 0.0002394480858 0.08731263486 0
1.025872986 0.3344961459 0.06613803143 -0.02751610796 0.2371808802 0.4256102927 -0.003656858384 0.06387144161 0.2439015659 -0.9866350663 -0.1016972155 -0.1273142663 0.05277415767 0.539780844 -0.8401497062 0.1541626878 -0.8356400642 -0.5271997239 0.000243810009 0.0879635818 0
