0.007699271076 0.004539567219 0.00215548793 -2.970853613e-06 0.001963301054 0.5099949613 -3.723542011e-07 0.0004891034394 0.2549993744 -0.9999999999 -8.786188596e-08 -1.730122558e-05 4.467973665e-08 0.9999706566 -0.00766067374 1.730139098e-05 -0.00766067374 -0.9999706565 3.508012594e-08 0.002866798947 0
0.01439854215 0.008489524438 0.004031015861 -1.038998077e-05 0.003671542765 0.5099823782 -1.309276983e-06 0.0009163337389 0.2549978 -0.9999999982 -5.771791339e-07 -6.050578693e-05 2.896792842e-07 0.9998973792 -0.01432588899 6.050784638e-05 -0.01432588898 -0.9998973774 5.965863363e-08 0.005361251095 0
0.02193522211 0.01293322631 0.006140984783 -2.411313951e-05 0.0055931794 0.5099591032 -3.049670419e-06 0.001397675942 0.2549948754 -0.9999999901 -2.042202036e-06 -0.0001404142185 1.022573448e-06 0.9997618454 -0.02182321097 0.0001404253456 -0.02182321089 -0.9997618355 3.921853889e-08 0.008167509761 0
0.02863449319 0.01688318353 0.008016512713 -4.109024907e-05 0.007301123429 0.5099303094 -5.206022215e-06 0.001825607323 0.2549912517 -0.9999999714 -4.543700001e-06 -0.0002392573977 2.27366046e-06 0.999594188 -0.02848612655 0.0002392897366 -0.02848612627 -0.9995941593 1.628782166e-08 0.01066196191 0
0.03533376426 0.02083314075 0.009892040643 -6.25643657e-05 0.00900884667 0.5098938886 -7.935072046e-06 0.002253481825 0.2549866656 -0.9999999336 -8.537331479e-06 -0.0003642627646 4.270809705e-06 0.9993821415 -0.03514733671 0.0003643377662 -0.03514733593 -0.9993820751 9.728036809e-08 0.01315641406 0
0.04287044422 0.02527684262 0.01200200957 -9.209709908e-05 0.01092970711 0.5098438 -1.168929368e-05 0.002734755256 0.2549803566 -0.9999998562 -1.524783887e-05 -0.0005361424888 7.626428319e-06 0.9990905586 -0.04263866333 0.0005363050461 -0.04263866128 -0.9990904148 2.171756475e-07 0.01596267272 0
0.0495697153 0.02922679984 0.0138775375 -0.0001231245652 0.01263678974 0.5097911763 -1.563416761e-05 0.00316248375 0.2549737273 -0.9999997429 -2.356955089e-05 -0.0007166759227 1.178759322e-05 0.998784266 -0.04929492628 0.0007169664947 -0.04929492206 -0.998784009 3.469395058e-07 0.01845712487 0
0.05710639526 0.03367050171 0.01598750642 -0.0001634021728 0.01455679838 0.509722864 -2.075573695e-05 0.003643607973 0.2549651206 -0.9999995472 -3.603353106e-05 -0.0009509616491 1.801990306e-05 0.9983867327 -0.05677967592 0.000951473466 -0.05677966734 -0.99838628 5.178995828e-07 0.02126338354 0
0.06380566634 0.03762045893 0.01786303435 -0.0002039779043 0.01626300734 0.5096540461 -2.591576922e-05 0.00407121651 0.2549564492 -0.9999992944 -5.025470579e-05 -0.001186901885 2.513073822e-05 0.9979863409 -0.06342919441 0.001187699485 -0.06342917948 -0.9979856354 6.915953765e-07 0.02375783568 0
0.07050493741 0.04157041615 0.01973856228 -0.0002490447323 0.01796872457 0.5095776111 -3.164750836e-05 0.004498773654 0.254946817 -0.9999989481 -6.779472564e-05 -0.001448863339 3.390094758e-05 0.9975417308 -0.07007491812 0.001450052353 -0.07007489353 -0.9975406792 8.855215459e-07 0.02625228783 0
0.07804161737 0.04601411802 0.0218485312 -0.000305111135 0.01988700448 0.5094825204 -3.877899277e-05 0.004979715184 0.2549348326 -0.9999984211 -9.192585912e-05 -0.001774624786 4.596665985e-05 0.9969887487 -0.07754632732 0.001776409458 -0.07754628646 -0.9969871703 1.127751584e-06 0.0290585465 0
0.08474088845 0.04996407524 0.02372405913 -0.0003597159104 0.02159150561 0.5093899087 -4.572536888e-05 0.005407165006 0.2549231593 -0.9999978054 -0.0001176686024 -0.002091747112 5.883806806e-05 0.9964503372 -0.08418267028 0.002094227772 -0.08418260861 -0.9964481435 1.364425847e-06 0.03155299864 0
0.09227756841 0.05440777711 0.02583402805 -0.0004265076869 0.02350828654 0.5092766275 -5.422313578e-05 0.005887984277 0.2549088789 -0.9999969146 -0.0001519058774 -0.0024794498 7.595661054e-05 0.9957919676 -0.09164252035 0.002482937233 -0.09164242592 -0.9957888836 1.654733689e-06 0.03435925731 0
0.09897683949 0.05835773433 0.02770955598 -0.0004906414634 0.02521133899 0.5091678542 -6.238381606e-05 0.006315322516 0.2548951649 -0.9999959168 -0.0001874108729 -0.002851519945 9.370887051e-05 0.9951600129 -0.09826769582 0.00285613506 -0.09826756179 -0.9951559319 1.934212732e-06 0.03685370946 0
0.1056761106 0.06230769155 0.02958508391 -0.0005592559353 0.0269136293 0.5090514816 -7.111580969e-05 0.006742605345 0.2548804909 -0.9999946948 -0.0002280476457 -0.003249363635 0.0001140268397 0.9944841398 -0.1048869994 0.003255359832 -0.1048868135 -0.9944788379 2.23392798e-06 0.0393481616 0
0.1132127905 0.06675139342 0.03169505283 -0.0006417999416 0.02882773088 0.508911484 -8.162209421e-05 0.007223229436 0.2548628352 -0.9999930129 -0.0002803253021 -0.00372767136 0.0001401649355 0.993671376 -0.112326207 0.003735568208 -0.1123259447 -0.9936643939 2.595399056e-06 0.04215442027 0
0.1199120616 0.07070135064 0.03357058077 -0.0007199274238 0.03052823096 0.5087789769 -9.156783978e-05 0.007650386655 0.2548461215 -0.999991208 -0.000333005382 -0.004180082488 0.0001665040416 0.9929024205 -0.1189317266 0.004190018925 -0.1189313769 -0.9928936355 2.938404686e-06 0.04464887242 0
0.1274487416 0.07514505251 0.03568054969 -0.0008131665824 0.03244018807 0.5086208399 -0.000103439359 0.008130862831 0.2548261716 -0.9999887827 -0.000399699884 -0.00471961261 0.0001998498587 0.99198514 -0.1263544302 0.004732289427 -0.1263539561 -0.9919739327 3.348834437e-06 0.04745513108 0
0.1341480126 0.07909500973 0.03755607762 -0.0009007942768 0.03413866606 0.5084722202 -0.0001145984248 0.008557882374 0.2548074189 -0.9999862343 -0.0004659644665 -0.005226287142 0.0002329804719 0.9911234703 -0.1329443953 0.005241843213 -0.1329437829 -0.9911097183 3.735610772e-06 0.04994958323 0
0.1408472837 0.08304496695 0.03943160555 -0.0009928877879 0.03583611236 0.5083160262 -0.0001263283015 0.008984832639 0.254787707 -0.999983275 -0.0005391524459 -0.005758381776 0.0002695723383 0.9902183106 -0.1395264304 0.00577728109 -0.1395256491 -0.9902016039 4.143176428e-06 0.05244403538 0
0.1483839637 0.08748866882 0.04154157447 -0.001101826869 0.03774444247 0.5081312616 -0.0001402065707 0.009465065168 0.2547643848 -0.9999794026 -0.0006301856344 -0.006387274432 0.0003150859242 0.9891481412 -0.1469212562 0.006410548297 -0.1469202425 -0.9891275687 4.626704072e-06 0.05525029404 0
0.1550832347 0.09143862604 0.0434171024 -0.001203398947 0.0394395264 0.5079589916 -0.0001531490428 0.009891858261 0.2547426352 -0.9999754289 -0.0007192074828 -0.006973119077 0.0003595935383 0.9881508892 -0.1534851484 0.007000881484 -0.1534838846 -0.9881263506 5.078899665e-06 0.05774474619 0
0.1626199147 0.09588232791 0.04552707132 -0.001322992274 0.04134506891 0.507756157 -0.0001683911766 0.01037190619 0.254717021 -0.9999703009 -0.000828908336 -0.007662263919 0.0004144394152 0.9869773786 -0.1608585787 0.007695818174 -0.1608569768 -0.9869477227 5.613005062e-06 0.06055100486 0
0.1693191858 0.09983228513 0.04740259925 -0.001434026286 0.04303755959 0.5075678393 -0.0001825456886 0.0107985282 0.2546932346 -0.9999651049 -0.000935280505 -0.008301464706 0.0004676206188 0.9858885118 -0.1674025796 0.008340887054 -0.16740062 -0.9858536717 6.110503176e-06 0.06304545701 0
0.1760184569 0.1037822423 0.04927812718 -0.001549506775 0.04472875016 0.5073719802 -0.0001972703657 0.01122506477 0.2546684901 -0.9999592563 -0.001050338926 -0.008965627722 0.0005251440553 0.9847567096 -0.1739366179 0.009011654456 -0.1739342394 -0.9847160354 6.62957151e-06 0.06553990915 0
0.1835551368 0.1082259442 0.0513880961 -0.001684732036 0.04662972206 0.5071426332 -0.0002145169784 0.01170481237 0.2546395075 -0.9999518317 -0.00119057565 -0.009742525473 0.0005952547171 0.9834322605 -0.1812750249 0.009796935479 -0.1812720924 -0.9833841816 7.239518313e-06 0.06834616782 0
0.1902544079 0.1121759014 0.05326362403 -0.001809647187 0.04831798074 0.5069307726 -0.0002304527853 0.01213115686 0.2546127277 -0.9999444209 -0.001325192707 -0.01045940017 0.0006625551988 0.9822096244 -0.1877866201 0.01052217697 -0.187783113 -0.9821541561 7.804995336e-06 0.07084061997 0
0.1977910879 0.1166196033 0.05537359296 -0.001955475149 0.05021552502 0.506683443 -0.0002490615423 0.01261068021 0.2545814561 -0.9999350982 -0.001488270336 -0.01129533219 0.0007440834422 0.98078331 -0.1950988089 0.01136863306 -0.1950945513 -0.9807185479 8.467609116e-06 0.07364687863 0
0.2044903589 0.1205695605 0.05724912089 -0.002089804509 0.05190062218 0.5064556156 -0.0002662077966 0.01303681812 0.2545526422 -0.9999258707 -0.00164393142 -0.01206443635 0.0008219030846 0.9794704244 -0.2015862401 0.01214815255 -0.2015812125 -0.9793964658 9.080322139e-06 0.07614133078 0
0.21118963 0.1245195177 0.05912464882 -0.002228556571 0.05358415227 0.506220287 -0.0002839234223 0.01346285375 0.2545228716 -0.999915695 -0.001810005503 -0.01285794217 0.0009049276576 0.9781152829 -0.2080617083 0.01295314258 -0.2080558032 -0.978031185 9.71556677e-06 0.07863578293 0
0.21872631 0.1289632196 0.06123461774 -0.002389932882 0.0554761874 0.5059465869 -0.0003045338687 0.01394201757 0.2544882362 -0.9999030364 -0.002009689252 -0.01377965643 0.001004753433 0.9765404183 -0.2153318412 0.01388914155 -0.215324807 -0.9764437102 1.045740106e-05 0.08144204159 0
0.225425581 0.1329131768 0.06311014567 -0.002538066285 0.05715621933 0.5056953473 -0.0003234588443 0.01436782511 0.2544564333 -0.9998906366 -0.00219896542 -0.01462461862 0.001099375176 0.9750959644 -0.2217806383 0.01474809455 -0.2217724615 -0.9749869071 1.114120336e-05 0.08393649374 0
0.232962261 0.1373568787 0.06522011459 -0.002709983179 0.05904419062 0.50540377 -0.0003454293608 0.01484672405 0.2544195125 -0.9998753096 -0.002425568337 -0.01560390615 0.001212655735 0.9734210055 -0.2290198149 0.01574467323 -0.2290101805 -0.9732966878 1.193820172e-05 0.08674275241 0
0.2396615321 0.1413068359 0.06709564252 -0.00286747368 0.06072049625 0.5051366604 -0.0003655628762 0.01527228879 0.2543856787 -0.9998603858 -0.002639494721 -0.01649975596 0.0013195979 0.9718879286 -0.2354402532 0.01665735695 -0.2354291555 -0.9717487562 1.267152917e-05 0.08923720455 0
0.2463608032 0.1452567931 0.06897117045 -0.003029358698 0.0623949696 0.5048620975 -0.0003862648214 0.01569773417 0.2543508898 -0.9998441655 -0.002865517536 -0.01741934627 0.001432585763 0.9703133974 -0.2418467665 0.01759524122 -0.2418340331 -0.970158084 1.342851269e-05 0.0917316567 0
0.2538974831 0.149700495 0.07108113937 -0.003216724853 0.06427649932 0.5045443177 -0.0004102337162 0.01617621347 0.2543106108 -0.9998242777 -0.003134644553 -0.0184820918 0.001567119505 0.9684927061 -0.2490369901 0.01868041355 -0.2490221924 -0.9683176079 1.430868414e-05 0.09453791537 0
0.2605967542 0.1536504522 0.0729566673 -0.003387928545 0.06594691212 0.50425395 -0.0004321429161 0.01660139434 0.2542737932 -0.99980506 -0.003387416367 -0.01945167093 0.001693475788 0.9668306417 -0.2554126902 0.01967166062 -0.255395841 -0.9666364312 1.511671255e-05 0.09703236751 0
0.2681334342 0.1580941541 0.07506663623 -0.003585762664 0.06782374629 0.5039184161 -0.0004574694522 0.01707956777 0.2542312329 -0.9997816091 -0.0036874288 -0.02057029115 0.001843444804 0.9649119155 -0.262567319 0.02081671733 -0.2625478969 -0.96469439 1.605491964e-05 0.09983862618 0
0.2748327052 0.1620441113 0.07694216416 -0.003766257022 0.06948987217 0.5036122911 -0.0004805849693 0.01750446935 0.2541923881 -0.9997590501 -0.003968354427 -0.021589206 0.001983870827 0.9631631101 -0.2689105568 0.02186105919 -0.2688885931 -0.9629231634 1.691508999e-05 0.1023330783 0
0.2815319763 0.1659940686 0.07881769209 -0.003951113337 0.07115390257 0.5032987681 -0.000504267826 0.01792923438 0.25415259 -0.9997347948 -0.004263009562 -0.0226311021 0.00213115782 0.9613737711 -0.2752379525 0.02293028999 -0.2752131884 -0.9611097246 1.780019152e-05 0.1048275305 0
0.2890686563 0.1704377704 0.08092766101 -0.004164282249 0.0730233699 0.5029372259 -0.0005315889082 0.01840692773 0.254106678 -0.999705378 -0.004611287048 -0.02383051126 0.002305246045 0.9593125493 -0.2823368886 0.02416284494 -0.2823086411 -0.9590192845 1.8826054e-05 0.1076337891 0
0.2957679273 0.1743877276 0.08280318894 -0.004358385295 0.07468278189 0.5026080201 -0.0005564766095 0.01883139171 0.2540648553 -0.999677244 -0.004936126714 -0.02492072195 0.002467616316 0.9574377077 -0.2886294281 0.02528475033 -0.288597766 -0.9571165085 1.97650005e-05 0.1101282413 0
0.3033046073 0.1788314295 0.08491315786 -0.004581939136 0.07654692717 0.5022288646 -0.00058515255 0.01930873805 0.2540166667 -0.9996432487 -0.005319127231 -0.02617407607 0.002659055178 0.9552807917 -0.2956882454 0.02657639551 -0.2956523566 -0.9549258501 2.08521166e-05 0.1129345 0
0.3100038784 0.1827813867 0.08678868579 -0.004785257177 0.07820149636 0.5018840298 -0.0006112440311 0.01973288616 0.2539728211 -0.9996108496 -0.005675507031 -0.02731186634 0.002837185131 0.9533213393 -0.3019443234 0.02775067213 -0.3019043105 -0.9529342514 2.184612486e-05 0.1154289521 0
0.3167031495 0.186731344 0.08866421372 -0.004992900278 0.0798537092 0.5015318596 -0.0006379016135 0.02015688051 0.2539280244 -0.9995763047 -0.006047192206 -0.02847178342 0.003022962365 0.9513223898 -0.3081826931 0.02894948503 -0.3081381866 -0.9509010386 2.286647868e-05 0.1179234042 0
0.3242398294 0.1911750458 0.09077418264 -0.005231659198 0.08170957055 0.5011269158 -0.0006685677471 0.02063368627 0.2538764915 -0.9995347636 -0.00648399762 -0.02980292271 0.003241284642 0.9490266224 -0.3151792571 0.03032738863 -0.315129224 -0.9485640841 2.404622202e-05 0.1207296629 0
0.3309391005 0.195125003 0.09264971057 -0.0054484679 0.08335661222 0.5007592003 -0.0006964274497 0.02105734298 0.2538296747 -0.9994953546 -0.006889177047 -0.0310092798 0.003443796316 0.9469444449 -0.3213788395 0.03157810097 -0.3213234468 -0.9464428488 2.512350968e-05 0.1232241151 0
0.3384757805 0.1995687049 0.0947596795 -0.005697518397 0.08520653094 0.5003368016 -0.0007284453049 0.02153376057 0.2537758704 -0.9994481029 -0.00736439835 -0.03239221047 0.003681311308 0.9445555965 -0.3283308896 0.03301420314 -0.3282689305 -0.9440071883 2.636804413e-05 0.1260303737 0
0.3451750515 0.2035186621 0.09663520743 -0.005923457271 0.08684817932 0.4999536011 -0.0007575059355 0.02195706485 0.2537270356 -0.999403402 -0.007804372713 -0.03364419341 0.003901206024 0.9423911792 -0.3344901284 0.03431647673 -0.3344218252 -0.941798504 2.750359261e-05 0.1285248259 0
0.3518743226 0.2074686194 0.09851073536 -0.006153680014 0.08848721309 0.4995631349 -0.0007871312815 0.02238019816 0.253677252 -0.9993560583 -0.008261164479 -0.03491735675 0.004129502007 0.9401884135 -0.3406298495 0.03564289346 -0.340554695 -0.9395488725 2.866702913e-05 0.131019278 0
0.3594110026 0.2119123212 0.1006207043 -0.006417790786 0.09032793997 0.4991151935 -0.0008211344575 0.02285601469 0.2536201117 -0.9992995131 -0.008795506088 -0.03637474548 0.004396550999 0.9376647518 -0.3475132854 0.03716387191 -0.3474297803 -0.9369692601 3.000961305e-05 0.1338255367 0
0.3661102736 0.2158622784 0.1024962322 -0.006657088908 0.09196125557 0.4987093351 -0.0008519588852 0.02327877383 0.2535683131 -0.9992462195 -0.009288962066 -0.03769228095 0.004643161829 0.9353812683 -0.3536104127 0.03854132727 -0.3535188794 -0.934633066 3.123333756e-05 0.1363199888 0
0.3736469536 0.2203059803 0.1046062011 -0.006931387701 0.0937954258 0.4982441144 -0.0008873102934 0.0237541611 0.2535089074 -0.99918272 -0.009865252085 -0.03919909176 0.00493116444 0.932767402 -0.3604450823 0.04011951658 -0.3603437949 -0.9319564227 3.264454325e-05 0.1391262475 0
0.3803462247 0.2242559375 0.1064817291 -0.007179722122 0.09542280359 0.4978229302 -0.0009193324839 0.02417653128 0.2534550962 -0.9991230094 -0.01039661254 -0.0405601092 0.005196708135 0.9304042816 -0.3664981132 0.04154763814 -0.3663874769 -0.9295342977 3.392998357e-05 0.1416206997 0
0.3870454958 0.2282058948 0.108357257 -0.007432294978 0.09704731141 0.4973945575 -0.0009519178565 0.02459871331 0.2534003388 -0.9990601131 -0.01094623219 -0.0419412722 0.005471371528 0.9280040695 -0.3725298795 0.04299946984 -0.3724092199 -0.9270719597 3.52449716e-05 0.1441151518 0
0.3945821757 0.2326495966 0.1104672259 -0.007721494322 0.09887139209 0.4969040649 -0.0009892491948 0.02507343914 0.2533376061 -0.9989854119 -0.01158671102 -0.04351890318 0.005791433726 0.9252598076 -0.379289794 0.04466101322 -0.3791570079 -0.9242539463 3.676006114e-05 0.1469214105 0
0.4012814468 0.2365995538 0.1123427538 -0.00798304335 0.1004896411 0.4964604682 -0.001023030298 0.02549521053 0.2532808394 -0.9989153842 -0.01217601167 -0.04494218501 0.006085914827 0.9227816143 -0.3852752964 0.04616293854 -0.385130935 -0.9217066486 3.81389337e-05 0.1494158626 0
0.4088181268 0.2410432557 0.1144527228 -0.008282317076 0.1023065584 0.4959528891 -0.001061706027 0.02596946608 0.2532158478 -0.9988323784 -0.01286179612 -0.04656666203 0.006428602804 0.9199502768 -0.3919823482 0.04788061067 -0.3918240198 -0.9187934396 3.972674322e-05 0.1522221213 0
0.4155173978 0.2449932129 0.1163282507 -0.008552799591 0.1039183316 0.4954941409 -0.001096681414 0.02639081208 0.2531570744 -0.998754715 -0.01349195234 -0.04803109984 0.006743486376 0.9173952722 -0.3979201426 0.04943222351 -0.3977485157 -0.9161618708 4.117101989e-05 0.1547165734 0
0.4222166689 0.2489431702 0.1182037786 -0.008827470919 0.1055269827 0.4950282883 -0.001132218304 0.0268119528 0.2530973576 -0.9986732796 -0.01414173318 -0.04951456389 0.007068169423 0.9148045359 -0.4038349936 0.05100707437 -0.4036491948 -0.9134908899 4.264661072e-05 0.1572110256 0
0.4297533489 0.253386872 0.1203137475 -0.009141470743 0.1073329239 0.4944957332 -0.001172868056 0.02728548668 0.253029049 -0.9985770112 -0.01489650651 -0.05120592618 0.007445306681 0.9118475837 -0.4104613885 0.0528064408 -0.4102585504 -0.9104391257 4.434451369e-05 0.1600172842 0
0.4364526199 0.2573368292 0.1221892755 -0.009425010167 0.1089347824 0.49401484 -0.001209597012 0.02770618038 0.2529673292 -0.9984871722 -0.0155888191 -0.05272907883 0.007791226252 0.9091818195 -0.4163264534 0.0544303576 -0.4161074473 -0.907684928 4.588780594e-05 0.1625117364 0
0.4439892999 0.2617805311 0.1242992444 -0.009748960788 0.1107329615 0.493465408 -0.001251586962 0.02817920308 0.2528967688 -0.9983811481 -0.01639206566 -0.0544645141 0.008192565461 0.9061411621 -0.4228960584 0.05628467806 -0.4226576564 -0.9045399607 4.766277017e-05 0.1653179951 0
0.450688571 0.2657304883 0.1261747723 -0.01004132207 0.1123278134 0.4929695526 -0.001289506414 0.02859943506 0.2528330486 -0.998282366 -0.01712801388 -0.05602632347 0.008560270527 0.9034016246 -0.4287099561 0.05795722172 -0.4284531898 -0.9017032908 4.927536664e-05 0.1678124472 0
0.4573878421 0.2696804456 0.1280503003 -0.01033781841 0.1139192946 0.4924666841 -0.001327985541 0.02901944467 0.252768388 -0.9981791847 -0.01788486995 -0.05760595951 0.008938413235 0.9006278138 -0.4344993048 0.05965249293 -0.4342230677 -0.8988280745 5.092114046e-05 0.1703068993 0
0.464924522 0.2741241474 0.1301602692 -0.01067630616 0.1157056232 0.4918925965 -0.001371943091 0.02949168565 0.2526945216 -0.9980576932 -0.01876161649 -0.05940406301 0.009376445147 0.8974666686 -0.4409826086 0.06158671311 -0.440683084 -0.8955475957 5.281274798e-05 0.173113158 0
0.4716237931 0.2780741046 0.1320357971 -0.01098155378 0.1172897855 0.4913748855 -0.001411610309 0.02991121198 0.2526278648 -0.9979447509 -0.01956367685 -0.06102078968 0.009777152975 0.894620989 -0.4467188078 0.06332994161 -0.446397299 -0.892591043 5.453023971e-05 0.1756076102 0
0.479160473 0.2825178065 0.134145766 -0.01132985894 0.1190677617 0.4907841473 -0.001456903515 0.03038290102 0.2525517541 -0.9978119578 -0.02049186102 -0.06286000659 0.01024086015 0.891379738 -0.4531415756 0.06531785039 -0.4527938233 -0.8892195072 5.650346978e-05 0.1784138688 0
0.4858597441 0.2864677637 0.136021294 -0.01164380811 0.1206443945 0.490251678 -0.00149775713 0.03080192941 0.2524831039 -0.9976886819 -0.02134015407 -0.06451272688 0.01066464388 0.8884635243 -0.4588233116 0.06710856485 -0.4584508302 -0.8861824173 5.829435743e-05 0.180908321 0
0.4925590152 0.290417721 0.1378968219 -0.01196183452 0.1222174115 0.4897122937 -0.001539168446 0.03122071842 0.2524135166 -0.9975603413 -0.02221055049 -0.06618199853 0.011099459 0.8855145889 -0.4644789713 0.06892145887 -0.4640803855 -0.8831077105 6.012037306e-05 0.1834027731 0
0.5000956952 0.2948614228 0.1400067908 -0.01232447353 0.123982676 0.4890972447 -0.001586422315 0.0316915659 0.2523341117 -0.9974097414 -0.02321643738 -0.06807940046 0.01160194621 0.8821583045 -0.4708100686 0.07098734095 -0.4703804023 -0.8796039305 6.221710376e-05 0.1862090318 0
0.5067949662 0.29881138 0.1418823187 -0.01265112581 0.125547856 0.4885432306 -0.001629017439 0.03210983548 0.2522625354 -0.9972702025 -0.02413452084 -0.06978300688 0.012060559 0.8791408539 -0.4764093848 0.07284700448 -0.4759505057 -0.8764499016 6.411903406e-05 0.1887034839 0
0.5143316462 0.3032550819 0.1439922877 -0.01302343919 0.1273041872 0.4879117736 -0.001677602074 0.0325800904 0.2521808946 -0.997106667 -0.02519459376 -0.07171838732 0.01259008544 0.8757082789 -0.4826763926 0.07496522116 -0.4821827896 -0.8728573612 6.630214719e-05 0.1915097426 0
0.5210309173 0.3072050391 0.1458678156 -0.01335866417 0.128861323 0.4873432198 -0.001721379183 0.03299782598 0.2521073324 -0.9969553268 -0.02616131276 -0.0734551705 0.01307296621 0.8726237232 -0.4882181227 0.07687115137 -0.487691935 -0.8696248631 6.828173798e-05 0.1940041947 0
0.5277301883 0.3111549964 0.1477433435 -0.01369790457 0.1304146021 0.4867678558 -0.001765711875 0.03341530523 0.2520328367 -0.9967982211 -0.02715123773 -0.07520715887 0.01356742512 0.8695080846 -0.4937323321 0.07879867658 -0.4931718778 -0.8663557396 7.029848629e-05 0.1964986469 0
0.5352668683 0.3155986982 0.1498533125 -0.01408433447 0.1321573743 0.4861124566 -0.001816249727 0.03388465897 0.2519479142 -0.9966144145 -0.02829288945 -0.07719599188 0.01413765359 0.8659662382 -0.4999025915 0.08099281145 -0.4993014988 -0.8626344404 7.261223473e-05 0.1993049056 0
0.5419661394 0.3195486554 0.1517288404 -0.01443206687 0.133702307 0.4855226898 -0.001861761633 0.0343015828 0.2518714372 -0.9964445997 -0.02933278366 -0.07897941166 0.01465704118 0.8627856203 -0.5053574423 0.08296584121 -0.5047182988 -0.8592881403 7.470925697e-05 0.2017993577 0
0.5495028193 0.3239923573 0.1538388093 -0.01482801866 0.1354355748 0.4848511412 -0.001913625012 0.03477030353 0.2517842876 -0.9962461421 -0.03053114179 -0.08100292483 0.01525555745 0.859171501 -0.5114602623 0.08521087029 -0.5107760579 -0.8554805236 7.711432676e-05 0.2046056164 0
0.5562020904 0.3279423145 0.1557143372 -0.01518418652 0.1369719575 0.4842470675 -0.001960314186 0.03518665743 0.2517058328 -0.9960629872 -0.03162186963 -0.0828165614 0.01580030148 0.8559273838 -0.516854587 0.08722887111 -0.5161282505 -0.8520579517 7.929342988e-05 0.2071000685 0
0.5629013615 0.3318922718 0.1575898652 -0.01554430405 0.1385042466 0.4836362951 -0.002007556679 0.03560273811 0.2516264483 -0.9958733334 -0.0327368083 -0.08464399118 0.01635712091 0.8526539045 -0.5222200338 0.08926784671 -0.5214495378 -0.8485998062 8.151179113e-05 0.2095945207 0
0.5704380415 0.3363359736 0.1596998341 -0.01595414123 0.1402231233 0.4829411963 -0.002061365317 0.0360704983 0.2515360304 -0.9956520262 -0.03402027769 -0.08671599317 0.01699808728 0.8489365624 -0.5282213344 0.09158661362 -0.5273986479 -0.8446671288 8.405488085e-05 0.2124007793 0
0.5771373125 0.3402859308 0.161575362 -0.01632260861 0.1417465659 0.4823162623 -0.002109782124 0.03648598774 0.251454673 -0.9954480853 -0.03518725714 -0.08857181451 0.0175808598 0.845601809 -0.5335245955 0.09366975371 -0.5326532058 -0.8411340795 8.635802175e-05 0.2148952315 0
0.5846739925 0.3447296327 0.1636853309 -0.01674180588 0.1434553776 0.4816052884 -0.002164910706 0.03695307465 0.2513620375 -0.9952103375 -0.0365297142 -0.0906750473 0.01825124151 0.841816399 -0.5394553203 0.09603789047 -0.5385264435 -0.8371176699 8.899753305e-05 0.2177014901 0
0.5913732636 0.3486795899 0.1655608589 -0.01711856325 0.1449697738 0.4809662942 -0.002214499754 0.03736795839 0.2512787106 -0.9949914534 -0.03774951092 -0.09255799359 0.01886035038 0.8384219164 -0.5446953069 0.09816463179 -0.5437128512 -0.8335106721 9.138731564e-05 0.2201959423 0
0.5980725346 0.3526295472 0.1674363868 -0.01749920071 0.1464798443 0.4803207193 -0.002264639714 0.0377825521 0.2511944581 -0.9947653073 -0.03899442108 -0.09445326063 0.01948198018 0.8349998675 -0.5499051497 0.1003116931 -0.5488667018 -0.8298692113 9.381852105e-05 0.2226903944 0
0.6056092146 0.357073249 0.1695463557 -0.01793203871 0.1481734486 0.4795866103 -0.00232170509 0.03824861938 0.2510985687 -0.994502028 -0.04042516249 -0.09659980597 0.02019637818 0.8311175482 -0.555729905 0.1027512656 -0.5546254838 -0.8257316454 9.660366218e-05 0.2254966531 0
0.6123084857 0.3610232062 0.1714218837 -0.01832087573 0.1496741821 0.4789271286 -0.002373014156 0.03866258619 0.2510123521 -0.9942599566 -0.04172396513 -0.09852029973 0.0208448742 0.8276380865 -0.5608749317 0.1049410784 -0.5597091285 -0.8220176772 9.912428501e-05 0.2279911053 0
0.6198451656 0.3654669081 0.1735318526 -0.01876290294 0.1513571719 0.4781774343 -0.002431393548 0.03912794011 0.2509142551 -0.9939783805 -0.04321572609 -0.1006944886 0.02158968889 0.8236920769 -0.5666261975 0.107428415 -0.5653881529 -0.8177991026 0.0001020110935 0.2307973639 0
0.6265444367 0.3694168653 0.1754073805 -0.01915987643 0.1528483727 0.4775041529 -0.002483869524 0.03954126563 0.2508260781 -0.9937197049 -0.04456910622 -0.1026388952 0.02226538812 0.8201568065 -0.5717054008 0.1096603873 -0.570400217 -0.8140136313 0.0001046230455 0.2332918161 0
0.6332437078 0.3733668226 0.1772829084 -0.01956065665 0.1543350203 0.476824415 -0.002536893862 0.03995428439 0.2507369797 -0.9934529783 -0.04594839613 -0.1045940953 0.022954 0.8165958345 -0.5767532896 0.1119119912 -0.5753781261 -0.8101948643 0.0001072786429 0.2357862682 0
0.6407803878 0.3778105244 0.1793928774 -0.02001606671 0.1560020032 0.476052023 -0.002597201078 0.04041855989 0.250635644 -0.9931430969 -0.04753124086 -0.1068062275 0.02374420806 0.812559471 -0.58239447 0.1144683435 -0.5809370768 -0.8058592378 0.0001103188945 0.2385925269 0
0.6474796588 0.3817604816 0.1812684053 -0.02042488827 0.1574788336 0.4753586468 -0.002651389009 0.04083091627 0.2505445909 -0.9928587529 -0.04896604661 -0.1087833764 0.02446048377 0.8089450894 -0.5873751161 0.1167612155 -0.5858414193 -0.8019704795 0.0001130686663 0.241086979 0
0.6550163388 0.3862041835 0.1833783742 -0.02088930774 0.1591346643 0.4745709745 -0.002713003971 0.04129443853 0.2504410581 -0.9925286602 -0.05061168414 -0.1110194405 0.02528197897 0.8048495697 -0.5929401248 0.1193636472 -0.5913168588 -0.7975567015 0.0001162159625 0.2438932377 0
0.6617156099 0.3901541407 0.1852539021 -0.02130610438 0.1606014862 0.4738640722 -0.002768353176 0.04170611821 0.2503480541 -0.9922260005 -0.05210259616 -0.1130171823 0.02602620762 0.8011834361 -0.5978526058 0.1216971673 -0.5961463086 -0.7935990034 0.0001190618656 0.2463876898 0
0.6684148809 0.394104098 0.1871294301 -0.02172663072 0.1620635326 0.4731508443 -0.002824248049 0.04211747451 0.2502541333 -0.9919144779 -0.05362010431 -0.115024141 0.02678368499 0.7974935277 -0.6027326998 0.1240495982 -0.6009400616 -0.7896092322 0.0001219536889 0.248882142 0
0.6759515609 0.3985477998 0.189239399 -0.02220416221 0.1637025744 0.4723409335 -0.002887781362 0.04257985986 0.2501473779 -0.9915532256 -0.05535923839 -0.1172926066 0.02765175501 0.7933144278 -0.6081838531 0.126718512 -0.6062900077 -0.7850826996 0.0001252624256 0.2516884007 0
0.682650832 0.402497757 0.1911149269 -0.02263256391 0.1651543343 0.4716143486 -0.002944834012 0.04299051847 0.2500515121 -0.9912223474 -0.0569336499 -0.1193181357 0.02843757447 0.7895752407 -0.6129944891 0.1291106594 -0.6110069548 -0.7810255686 0.0001282532885 0.2541828528 0
0.6901875119 0.4069414589 0.1932248958 -0.02311891635 0.1667816985 0.4707894772 -0.00300966846 0.04345211093 0.2499425709 -0.9908389187 -0.05873708311 -0.1216067112 0.02933766701 0.7853416586 -0.6183670274 0.1318238918 -0.616269774 -0.7764238709 0.0001316745663 0.2569891115 0
0.696886783 0.4108914161 0.1951004238 -0.02355512405 0.168222985 0.4700496531 -0.003067876447 0.04386205764 0.2498447642 -0.9904879699 -0.06036889101 -0.1236494176 0.03015206837 0.7815548977 -0.6231073701 0.1342551088 -0.6209086398 -0.772300477 0.0001347664665 0.2594835636 0
0.7035860541 0.4148413734 0.1969759517 -0.02399498083 0.1696592789 0.46930364 -0.003126627263 0.04427166441 0.2497460457 -0.990127327 -0.06202786814 -0.1256997214 0.03097999724 0.777746344 -0.6278143549 0.1367044848 -0.6255103261 -0.7681462854 0.0001379066094 0.2619780158 0
0.7111227341 0.4192850752 0.1990859206 -0.02449416187 0.1712690909 0.4684570108 -0.003193370091 0.04473206181 0.2496338986 -0.9897098166 -0.06392681262 -0.128015005 0.03192764462 0.773436149 -0.6330696241 0.1394815557 -0.6306424391 -0.7634363166 0.0001414974922 0.2647842744 0
0.7178220051 0.4232350324 0.2009614486 -0.02494172046 0.1726946402 0.4676979351 -0.003253272567 0.04514093581 0.2495332454 -0.989328041 -0.06564383814 -0.1300804129 0.03278447112 0.76958256 -0.6377051527 0.141969031 -0.635164207 -0.7592175079 0.0001447416381 0.2672787266 0
0.7253586851 0.4276787343 0.2030714175 -0.02544952551 0.174292262 0.4668366793 -0.003321309577 0.04560050088 0.2494189242 -0.9888863472 -0.06760831384 -0.1324118887 0.03376473767 0.7652226804 -0.6428796092 0.1447885867 -0.6402057211 -0.7544354842 0.0001484506671 0.2700849852 0
0.7320579562 0.4316286915 0.2049469454 -0.02590471356 0.1757068847 0.4660646638 -0.003382361152 0.04600862797 0.2493163407 -0.9884827102 -0.06938378092 -0.1344909758 0.03465065112 0.7613258022 -0.6474429359 0.1473134888 -0.6446463479 -0.7501531991 0.000151800851 0.2725794374 0
0.7387572272 0.4355786488 0.2068224733 -0.02636346658 0.1771163031 0.465286602 -0.003443952578 0.04641639869 0.2492128503 -0.9880685321 -0.07118687429 -0.1365760037 0.03555031214 0.7574091611 -0.6519720377 0.1498557679 -0.6490483738 -0.7458414424 0.0001552016433 0.2750738895 0
0.7462939072 0.4400223506 0.2089324423 -0.02688380452 0.1786956286 0.46440409 -0.003513887498 0.04687471089 0.2490953409 -0.987589779 -0.07324846795 -0.1389283639 0.03657890711 0.7529798045 -0.6570261772 0.1527364132 -0.6539541849 -0.7409558099 0.0001590885946 0.2778801482 0
0.7529931783 0.4439723078 0.2108079702 -0.02735007844 0.1800938564 0.4636132724 -0.003576624167 0.04728171396 0.2489899267 -0.9871526599 -0.07511050648 -0.1410249551 0.03750789571 0.7490224689 -0.6614820473 0.1553151116 -0.6582733117 -0.7365822854 0.0001625984432 0.2803746004 0
0.7605298582 0.4484160097 0.2129179391 -0.02787883523 0.1816604924 0.4627164817 -0.003647845982 0.04773915464 0.2488702555 -0.9866476828 -0.07723858303 -0.1433895088 0.03856956461 0.744548331 -0.6664534278 0.1582363379 -0.6630852012 -0.731627827 0.0001666092448 0.283180859 0
0.7672291293 0.4523659669 0.214793467 -0.0283525548 0.1830473523 0.4619130361 -0.00371172521 0.048145376 0.2487629221 -0.9861868835 -0.079159858 -0.1454962117 0.03952801857 0.7405520819 -0.6708354118 0.1608507584 -0.6673202611 -0.7271937174 0.0001702302189 0.2856753112 0
0.7739284004 0.4563159242 0.216668995 -0.02882975181 0.184428802 0.4611036926 -0.003776141171 0.04855122466 0.248654687 -0.9857146839 -0.08110909785 -0.1476071682 0.04050038023 0.7365381403 -0.6751824102 0.1634817453 -0.6715153625 -0.7227315109 0.0001739042071 0.2881697633 0
0.7814650804 0.460759626 0.2187789639 -0.02937073388 0.1859764179 0.4601861673 -0.003849249931 0.04900735502 0.2485318462 -0.9851696274 -0.08333548265 -0.1499866748 0.04161094047 0.7320018042 -0.6800307995 0.1664612114 -0.6761867759 -0.7176782769 0.0001781013881 0.290976022 0
0.7881643514 0.4647095832 0.2206544918 -0.02985526376 0.187346243 0.459364387 -0.003914804419 0.04941240137 0.2484216987 -0.9846726549 -0.0853443114 -0.1521055923 0.04261293168 0.7279515905 -0.6843030177 0.1691268776 -0.6802961344 -0.7131572539 0.0001818895684 0.2934704741 0
0.7957010314 0.4691532851 0.2227644607 -0.03040445152 0.1888806842 0.4584329446 -0.003989192451 0.04986762129 0.248296709 -0.9840993094 -0.08763784512 -0.1544932277 0.04375687613 0.7233754646 -0.6890669583 0.1721449538 -0.6848704588 -0.7080385368 0.0001862163955 0.2962767328 0
0.8024003025 0.4731032423 0.2246399887 -0.03089623617 0.1902387127 0.45759886 -0.004055882661 0.05027185137 0.2481846538 -0.9835768177 -0.08970645049 -0.1566186338 0.04478858225 0.7192907883 -0.6932638349 0.1748445784 -0.6888929631 -0.7034599198 0.0001901208686 0.2987711849 0
0.8090995735 0.4770531996 0.2265155166 -0.03139140747 0.191591131 0.4567590314 -0.004123106346 0.0506756925 0.2480717025 -0.9830420581 -0.09180323895 -0.1587465819 0.04583429531 0.7151905232 -0.6974250734 0.1775599316 -0.6928742172 -0.6988546271 0.0001940807982 0.3012656371 0
0.8166362535 0.4814969014 0.2286254855 -0.03195250133 0.193105849 0.4558073959 -0.004199369868 0.05112954504 0.2479435625 -0.9824255831 -0.09419584798 -0.1611431532 0.04702747994 0.7105595944 -0.7020637286 0.1806333018 -0.6973035243 -0.6936421305 0.0001986025909 0.3040718958 0
0.8233355246 0.4854468586 0.2305010135 -0.03245481053 0.1944462216 0.4549554612 -0.004267725066 0.05153254945 0.2478287105 -0.9818642034 -0.09635261222 -0.1632754123 0.04810299458 0.7064275452 -0.7061488691 0.1833815369 -0.7011963331 -0.6889810697 0.0002026819246 0.3065663479 0
0.8308722045 0.4898905605 0.2326109824 -0.03302388919 0.1959472941 0.4539902831 -0.004345259903 0.05198545286 0.2476984351 -0.9812173587 -0.09881274651 -0.1656759975 0.04932972715 0.7017618884 -0.7107016462 0.1864914825 -0.7055255439 -0.6837065408 0.0002073392437 0.3093726066 0
0.8375714756 0.4938405177 0.2344865103 -0.03353325545 0.1972754544 0.4531263794 -0.004414743693 0.05238760668 0.2475816875 -0.9806286083 -0.1010295694 -0.1678110801 0.0504350757 0.6975998867 -0.7147102219 0.1892718564 -0.7093288548 -0.6789909721 0.0002115401116 0.3118670587 0
0.8442707467 0.497790475 0.2363620382 -0.0340459144 0.1985978105 0.4522568912 -0.00448475756 0.05278935544 0.2474640495 -0.9800267179 -0.1032746718 -0.1699469752 0.05155446879 0.6934244254 -0.7186826163 0.1920670949 -0.7130896917 -0.6742501929 0.0002157989125 0.3143615109 0
0.8518074266 0.5022341768 0.2384720072 -0.03462656879 0.2000784785 0.4512720802 -0.004564155942 0.05324083481 0.247330644 -0.9793336775 -0.10583422 -0.1723504164 0.05283057369 0.688711451 -0.7231081992 0.1952292976 -0.7172695833 -0.6688870354 0.0002206599034 0.3171677695 0
0.8585066977 0.506184134 0.2403475351 -0.03514616397 0.2013883811 0.4503908279 -0.004635294015 0.05364171266 0.2472111177 -0.978703312 -0.1081394253 -0.174486939 0.05397980902 0.6845087432 -0.7270034118 0.1980555664 -0.7209394186 -0.6640936285 0.0002250433915 0.3196622217 0
0.8660433777 0.5106278359 0.242457504 -0.03573457481 0.2028549478 0.4493928617 -0.004715955426 0.05409220451 0.2470755907 -0.9779778145 -0.1107665824 -0.1768902442 0.05528947757 0.6797661546 -0.7313419506 0.2012522495 -0.7250163717 -0.6586719918 0.0002300458676 0.3224684803 0
0.8727426488 0.5145777931 0.2443330319 -0.03626102275 0.2041522356 0.4484999869 -0.004788214664 0.05449219769 0.2469541814 -0.9773182229 -0.1131318678 -0.1790258968 0.05646853404 0.6755380473 -0.7351596094 0.2041087845 -0.728594213 -0.6538272531 0.0002345562004 0.3249629325 0
0.8794419198 0.5185277504 0.2462085599 -0.03679066634 0.2054435319 0.4476016921 -0.004861000444 0.05489176981 0.2468318876 -0.976644618 -0.1155254061 -0.1811606213 0.05766161049 0.6712986276 -0.7389406548 0.2069792957 -0.7321284267 -0.6489588107 0.0002391269745 0.3274573846 0
0.8869785998 0.5229714522 0.2483185288 -0.03739031173 0.2068890349 0.4465846717 -0.004943512971 0.05534078137 0.2466932515 -0.9758698555 -0.1182518838 -0.183560663 0.05902056504 0.6665162697 -0.7431504795 0.2102251125 -0.7360520051 -0.6434538428 0.0002443419407 0.3302636433 0
0.8936778709 0.5269214094 0.2501940567 -0.03792668344 0.2081674834 0.4456749658 -0.005017415357 0.05573944866 0.2465690823 -0.9751659213 -0.1207053906 -0.1856923115 0.06024339213 0.6622541742 -0.7468534946 0.2131247512 -0.7394928109 -0.6385359998 0.0002490427514 0.3327580955 0
0.9012145508 0.5313651113 0.2523040257 -0.03853384972 0.2095984448 0.4446451897 -0.005101182296 0.05618743459 0.2464283393 -0.9743566171 -0.1234992663 -0.1880880483 0.06163577708 0.6574473497 -0.7509753747 0.2164028967 -0.7433107786 -0.6329762023 0.0002544052356 0.3355643541 0
0.9079138219 0.5353150685 0.2541795536 -0.03907686353 0.2108638899 0.4437242185 -0.00517619813 0.05658518339 0.2463023 -0.973621605 -0.1260126127 -0.1902151194 0.06288828 0.6531644343 -0.7546000835 0.2193308789 -0.7466572461 -0.6280102884 0.0002592382664 0.3380588063 0
0.914613093 0.5392650258 0.2560550815 -0.03962297299 0.2121231626 0.442797997 -0.005251736834 0.05698249526 0.2461753825 -0.9728717096 -0.128554062 -0.1923395169 0.06415471595 0.648872364 -0.7581878578 0.2222719259 -0.7499590045 -0.6230222168 0.0002641342767 0.3405532584 0
0.9221497729 0.5437087276 0.2581650504 -0.04024102226 0.2135324244 0.441749763 -0.005337341977 0.05742894507 0.2460315522 -0.9720100815 -0.1314467309 -0.1947258543 0.06559608117 0.6440333542 -0.7621798953 0.2255960007 -0.7536197952 -0.6173845226 0.0002697181745 0.3433595171 0
0.928849044 0.5476586848 0.2600405784 -0.04079364551 0.214778469 0.4408124938 -0.005413989396 0.05782531844 0.2459027726 -0.9712280113 -0.1340477519 -0.1968434666 0.06689204345 0.6397231957 -0.7656890279 0.2285642243 -0.7568258935 -0.6123503591 0.0002747496335 0.3458539692 0
0.936385724 0.5521023867 0.2621505473 -0.04141897319 0.2161727647 0.4397519154 -0.005500840009 0.05827070483 0.2457568505 -0.9703297683 -0.1370073126 -0.1992213268 0.0683665565 0.6348648819 -0.7695924868 0.2319184225 -0.7603785755 -0.6066615756 0.0002804871517 0.3486602279 0
0.9430849951 0.5560523439 0.2640260752 -0.04197802178 0.2174054316 0.4388037486 -0.00557859287 0.05866612617 0.2456262143 -0.9695147805 -0.13966767 -0.2013306541 0.0696919166 0.6305384933 -0.7730227974 0.2349130203 -0.7634881469 -0.6015826813 0.0002856562672 0.35115468 0
0.9497842661 0.5600023012 0.2659016031 -0.04254006318 0.2186317519 0.437850506 -0.005656864791 0.05906109481 0.2454947064 -0.9686840461 -0.1423558568 -0.2034355644 0.0710310603 0.6262051096 -0.7764159641 0.2379197497 -0.7665520014 -0.5964832118 0.0002908909289 0.3536491322 0
0.9573209461 0.564446003 0.2680115721 -0.0431759123 0.2200037357 0.4367720827 -0.005745540218 0.05950488971 0.2453457196 -0.9677304443 -0.1454132494 -0.205797896 0.07255402837 0.6213222033 -0.7801888442 0.2413165971 -0.7699439633 -0.5907220949 0.0002968588838 0.3564553909 0
0.9640202172 0.5683959602 0.2698871 -0.04374424722 0.2212164622 0.435808166 -0.005824912677 0.05989888648 0.2452123633 -0.9668657064 -0.1481603487 -0.2078923202 0.07392234149 0.6169753194 -0.7835029946 0.2443485075 -0.7729100635 -0.5855799182 0.0003022344656 0.358949843 0
0.9715568971 0.5728396621 0.2719970689 -0.04438712561 0.2225730719 0.4347178209 -0.005914824308 0.06034158046 0.2450613003 -0.9658734376 -0.1512838318 -0.2102420149 0.07547802573 0.6120782685 -0.7871869288 0.2477732234 -0.7761915971 -0.5797715363 0.0003083622094 0.3617561017 0
0.9782561682 0.5767896193 0.2738725969 -0.04496166325 0.2237720608 0.4337433842 -0.005995293913 0.06073459192 0.2449261015 -0.9649739627 -0.1540895025 -0.2123244606 0.07687532621 0.6077197379 -0.7904219787 0.250829495 -0.7790591411 -0.5745880429 0.0003138809421 0.3642505538 0
0.9849554393 0.5807395766 0.2757481248 -0.04553908813 0.224964536 0.4327640506 -0.006076278634 0.06112713507 0.2447900376 -0.9640578885 -0.156922606 -0.2144007542 0.07828619866 0.6033563668 -0.7936197866 0.2538969452 -0.7818800358 -0.5693855907 0.0003194678145 0.366745006 0
0.9924921192 0.5851832784 0.2778580937 -0.04619211688 0.2262982458 0.4316564901 -0.006168001217 0.06156818265 0.2446359333 -0.9630072633 -0.1601425267 -0.2167288214 0.07988959388 0.5984422978 -0.7971727974 0.2573609598 -0.7849975715 -0.563510558 0.000325835113 0.3695512646 0
