0.00776119633 0.003821147401 0.003081272555 -2.520807959e-06 0.001979092722 0.5099948799 -3.155740487e-07 0.0004930465392 0.2549993642 -0.9999999999 -7.515394676e-08 -1.468031523e-05 3.821401884e-08 0.9999701826 -0.007722294989 1.468045786e-05 -0.007722294989 -0.9999701825 3.268922176e-08 0.004098092498 0
0.0153675422 0.007566055728 0.00610106793 -9.882947873e-06 0.003918627448 0.5099799266 -1.244610659e-06 0.0009782008675 0.2549974924 -0.9999999983 -5.860542475e-07 -5.755279365e-05 2.939944181e-07 0.9998831017 -0.01528996423 5.755502657e-05 -0.01528996422 -0.9998831 5.518099659e-08 0.008114420347 0
0.02297388807 0.01131096405 0.009120863304 -2.208710571e-05 0.005858021338 0.5099551385 -2.790972416e-06 0.001464025784 0.2549943766 -0.9999999917 -1.959274032e-06 -0.0001286153169 9.809396604e-07 0.999738755 -0.02285654543 0.000128626499 -0.02285654537 -0.9997387468 3.02569766e-08 0.01213074819 0
0.0297350844 0.01463977146 0.01180512586 -3.699972913e-05 0.00758175244 0.5099248492 -4.683027092e-06 0.001895908681 0.2549905643 -0.9999999768 -4.248735087e-06 -0.0002154371688 2.125981233e-06 0.9995623851 -0.02958104674 0.0002154685724 -0.02958104651 -0.9995623619 2.519334679e-08 0.01570081739 0
0.03734143028 0.01838467978 0.01482492123 -5.834831595e-05 0.009520690148 0.5098814878 -7.393019175e-06 0.002381701678 0.2549851038 -0.9999999423 -8.414622719e-06 -0.0003397073135 4.209308081e-06 0.9993099197 -0.03714410403 0.0003397854417 -0.03714410332 -0.9993098619 1.162408564e-07 0.01971714524 0
0.04494777615 0.02212958811 0.01784471661 -8.453683051e-05 0.0114592857 0.5098282958 -1.071822357e-05 0.002867405558 0.2549784038 -0.9999998788 -1.467466239e-05 -0.0004921150972 7.339777962e-06 0.9990002532 -0.04470451861 0.0004922791304 -0.04470451681 -0.9990001321 2.347547814e-07 0.02373347309 0
0.05255412202 0.02587449644 0.02086451198 -0.0001155641434 0.01339746942 0.5097652757 -1.465840829e-05 0.003353029874 0.2549704645 -0.9999997735 -2.345465379e-05 -0.0006726322102 1.173033988e-05 0.9986334208 -0.0522617529 0.0006729387863 -0.05226174896 -0.9986331943 3.786790673e-07 0.02774980094 0
0.05931531835 0.02920330384 0.02354877454 -0.000147205101 0.01511989738 0.5097010093 -1.867696012e-05 0.003784636607 0.2549623674 -0.9999996325 -3.371849208e-05 -0.0008566628304 1.686291502e-05 0.9982593895 -0.05897619035 0.0008571603022 -0.05897618312 -0.998259022 5.271861361e-07 0.03131987014 0
0.06692166422 0.03294821216 0.02656856991 -0.0001873685468 0.01705711323 0.5096194326 -2.377842352e-05 0.004270132838 0.2549520883 -0.9999994046 -4.841856895e-05 -0.001090179633 2.421394549e-05 0.9977846948 -0.06652595216 0.001090985644 -0.06652593895 -0.9977840995 7.169749358e-07 0.03533619798 0
0.07452801009 0.03669312049 0.02958836529 -0.0002323663563 0.01899371614 0.5095280368 -2.949454828e-05 0.004755567038 0.2549405706 -0.9999990842 -6.686602152e-05 -0.001351694659 3.343904434e-05 0.9972529711 -0.07407098318 0.001352934347 -0.07407096054 -0.9972520556 9.305892726e-07 0.03935252583 0
0.08213435597 0.04043802882 0.03260816066 -0.000282196589 0.02092963654 0.5094268258 -3.582525263e-05 0.005240940126 0.2549278147 -0.9999986493 -8.948457606e-05 -0.001641159317 4.475021906e-05 0.9966642784 -0.08161074776 0.001642987769 -0.08161071097 -0.9966629282 1.167916645e-06 0.04336885368 0
0.0888955523 0.04376683622 0.03529242322 -0.000330545246 0.02264982549 0.509328624 -4.196842267e-05 0.005672331107 0.2549154366 -0.9999981467 -0.0001134336131 -0.001921881755 5.672700713e-05 0.9960932237 -0.08830790704 0.001924390478 -0.0883078524 -0.9960913713 1.398750125e-06 0.04693892288 0
0.09650189817 0.04751174454 0.03831221859 -0.0003894973582 0.02458426702 0.5092088854 -4.945977404e-05 0.006157586268 0.254900342 -0.9999974266 -0.0001450844418 -0.002263989206 7.255582206e-05 0.9953971092 -0.09583626493 0.002267472662 -0.09583618257 -0.9953945372 1.680804242e-06 0.05095525073 0
0.104108244 0.05125665287 0.04133201397 -0.0004532751181 0.02651782527 0.5090793453 -5.756545938e-05 0.006642775987 0.2548840095 -0.9999965148 -0.0001821262292 -0.002633876739 9.1081253e-05 0.994644235 -0.103357813 0.002638594483 -0.1033576927 -0.9946407518 1.98657625e-06 0.05497157858 0
0.1117145899 0.0550015612 0.04435180934 -0.0005218757756 0.02845043082 0.5089400094 -6.62853847e-05 0.007127897425 0.2548664395 -0.9999953798 -0.0002249795376 -0.003031475596 0.0001125138706 0.9938346859 -0.1108720186 0.003037729532 -0.1108718475 -0.9938300688 2.316124883e-06 0.05898790642 0
0.1184757862 0.0583303686 0.0470360719 -0.0005869006038 0.03016744654 0.5088079364 -7.455200709e-05 0.00755905656 0.2548497828 -0.9999941564 -0.0002682893868 -0.003408100986 0.000134175563 0.9930675813 -0.1175447186 0.003416010603 -0.117544489 -0.9930617423 2.629078408e-06 0.06255797562 0
0.1260821321 0.06207527693 0.05005586727 -0.0006646029412 0.0320980633 0.5086501139 -8.443188601e-05 0.008044040004 0.2548298755 -0.9999925063 -0.0003232639176 -0.0038578376 0.0001616724389 0.9921512338 -0.1250436053 0.003867980421 -0.1250432919 -0.9921437466 3.003755555e-06 0.06657430347 0
0.133688478 0.06582018525 0.05307566265 -0.0007471190649 0.03402752708 0.508482514 -9.492569934e-05 0.008528945159 0.2548087312 -0.9999905294 -0.0003852591176 -0.004335057942 0.0001926821787 0.9911784922 -0.1325336161 0.004347875978 -0.1325331963 -0.9911690309 3.402462556e-06 0.07059063132 0
0.1412948239 0.06956509358 0.05609545802 -0.0008344454176 0.03595576866 0.508305144 -0.0001060333288 0.00901376818 0.2547863501 -0.9999881853 -0.0004546913014 -0.004839673241 0.0002274134241 0.9901494664 -0.1400142226 0.004855663126 -0.140013669 -0.9901376647 3.825308539e-06 0.07460695917 0
0.1480560202 0.07289390098 0.05877972057 -0.0009161040205 0.03766867921 0.5081392858 -0.0001164219788 0.00944464982 0.2547654177 -0.999985759 -0.000522987752 -0.005311142628 0.0002615780863 0.9891876192 -0.1466553292 0.005330415472 -0.1466546299 -0.9891733954 4.221531785e-06 0.07817702836 0
0.1556623661 0.07663880931 0.06179951595 -0.001012505923 0.03959442352 0.5079434823 -0.0001286886924 0.009929306802 0.2547407012 -0.999982603 -0.0006075989079 -0.005867243687 0.0003039060398 0.9880525998 -0.1541167338 0.005890786538 -0.1541158357 -0.988035226 4.690302732e-06 0.08219335621 0
0.1632687119 0.08038371763 0.06481931132 -0.001113706614 0.04151874599 0.5077379319 -0.0001415688431 0.01041386996 0.2547147486 -0.99997895 -0.0007008423705 -0.006450454587 0.0003505548972 0.9868616481 -0.1615672137 0.006478939394 -0.161566074 -0.986840629 5.183576335e-06 0.08620968406 0
0.1708750578 0.08412862596 0.0678391067 -0.001219701732 0.04344157764 0.5075226434 -0.0001550622863 0.0108983351 0.2546875604 -0.9999747507 -0.0008031291329 -0.007060666756 0.0004017308836 0.9856148982 -0.1690062454 0.007094832185 -0.1690048146 -0.9855896895 5.701493616e-06 0.09022601191 0
0.1776362541 0.08745743336 0.07052336925 -0.001317940878 0.04514945406 0.5073231083 -0.0001675711989 0.01132888509 0.2546623559 -0.9999705175 -0.000901973648 -0.007625653562 0.0004511873673 0.9844599465 -0.175608685 0.007665544903 -0.1756069482 -0.9844305151 6.182672764e-06 0.09379608111 0
0.1852426 0.09120234169 0.07354316463 -0.001432979505 0.04706928177 0.5070894514 -0.0001822226658 0.01181315353 0.2546328343 -0.9999651432 -0.001022458046 -0.008286554043 0.0005114747602 0.9831081879 -0.1830246687 0.008333714174 -0.1830225275 -0.9830733969 6.74754948e-06 0.09781240896 0
0.1928489459 0.09494725001 0.07656296 -0.0015527988 0.0489874198 0.5068460844 -0.00019748697 0.01229731166 0.254602078 -0.9999590669 -0.001153164157 -0.00897411382 0.0005768809997 0.9817010534 -0.1904276999 0.009029491389 -0.1904250821 -0.9816602041 7.337517328e-06 0.1018287368 0
0.2004552917 0.09869215834 0.07958275538 -0.001677393598 0.05090379948 0.5065930178 -0.0002133639408 0.01278135516 0.2545700872 -0.9999522303 -0.001294496589 -0.009688204769 0.0006476094115 0.9802387015 -0.1978172609 0.009752827032 -0.1978140854 -0.9801910375 7.952744505e-06 0.1058450647 0
0.2072164881 0.1020209657 0.08226701793 -0.00179214926 0.05260571647 0.5063599357 -0.0002279909977 0.0132115163 0.2545406149 -0.9999454662 -0.001429371949 -0.01034511787 0.0007151108323 0.9788926104 -0.2043740342 0.01041888595 -0.2043702868 -0.9788382056 8.520959656e-06 0.1094151339 0
0.214822834 0.1057658741 0.08528681331 -0.001925749641 0.05451858771 0.5060885777 -0.0002450247374 0.01369533142 0.2545062934 -0.9999370265 -0.001591873798 -0.01110895609 0.000796444054 0.9773264124 -0.2117367453 0.01119413438 -0.2117322592 -0.9772635989 9.184381177e-06 0.1134314617 0
0.2224291798 0.1095107824 0.08830660868 -0.002064109458 0.05642950266 0.5058075528 -0.0002626706119 0.01417901934 0.2544707385 -0.9999276455 -0.001766160422 -0.01189892745 0.0008836821005 0.9757054887 -0.2190845008 0.01199678719 -0.219079164 -0.9756333312 9.873584813e-06 0.1174477895 0
0.2300355257 0.1132556907 0.09132640406 -0.002207222749 0.05833839299 0.505516873 -0.0002809284238 0.01466257568 0.2544339507 -0.9999172561 -0.001952629003 -0.01271488456 0.000977024922 0.9740300214 -0.2264167901 0.01282678727 -0.2264104782 -0.9739475185 1.0588764e-05 0.1214641174 0
0.236796722 0.1165844981 0.09401066661 -0.002338420156 0.06003342955 0.5052503958 -0.0002976711502 0.01509228954 0.2544002156 -0.9999071185 -0.002128925132 -0.01346187199 0.001065282216 0.9724950796 -0.2329209852 0.01358747561 -0.2329136919 -0.9724024849 1.124644676e-05 0.1250341866 0
0.2444030679 0.1203294064 0.09703046199 -0.002490495249 0.0619383095 0.5049415135 -0.0003170842812 0.0155755854 0.2543611 -0.9998946337 -0.002339480334 -0.01432649392 0.00117069846 0.9707171041 -0.2402226743 0.01446896892 -0.2402141349 -0.9706120844 1.201124074e-05 0.1290505144 0
0.2520094138 0.1240743148 0.1000502574 -0.00264730545 0.06384096796 0.5046230137 -0.0003371087411 0.01605873699 0.2543207527 -0.9998809343 -0.002563352988 -0.01521664844 0.001282791702 0.9688851454 -0.2475074332 0.01537763356 -0.2474974834 -0.9687664962 1.280260404e-05 0.1330668423 0
0.2596157596 0.1278192231 0.1030700527 -0.002808844008 0.06574133701 0.50429491 -0.000357744306 0.01654173993 0.254279174 -0.999865945 -0.002800931813 -0.01613216926 0.001401758047 0.966999409 -0.2547747594 0.01631340487 -0.254763219 -0.9668658516 1.362075407e-05 0.1370831701 0
0.266376956 0.1311480305 0.1057543153 -0.002956397702 0.06742857712 0.5039952112 -0.0003765998704 0.01697094752 0.254241182 -0.9998514753 -0.003023931813 -0.01696712251 0.001513433624 0.9652782232 -0.2612195655 0.01716790402 -0.2612064465 -0.965130279 1.437066663e-05 0.1406532393 0
0.2739833018 0.1348929388 0.1087741107 -0.003126848457 0.06932443673 0.5036490059 -0.0003983891096 0.01745365765 0.2541972789 -0.9998338352 -0.003288452322 -0.01793008679 0.001645913772 0.9632914889 -0.2684525997 0.01815469358 -0.2684375037 -0.9631260113 1.524002813e-05 0.1446695672 0
0.2815896477 0.1386378472 0.111793906 -0.00330200692 0.07121781128 0.5032932386 -0.0004207887686 0.01793620639 0.254152146 -0.9998146746 -0.003567788591 -0.01891791012 0.001785827476 0.9612516045 -0.2756667619 0.01916839219 -0.2756494579 -0.9610670888 1.613683786e-05 0.148685895 0
0.2891959936 0.1423827555 0.1148137014 -0.003481865551 0.07310863326 0.5029279247 -0.000443798597 0.01841858934 0.2541057837 -0.9997939094 -0.003862319866 -0.01993040768 0.001933366539 0.9591587986 -0.2828615582 0.0202089277 -0.2828417959 -0.9589536578 1.706133615e-05 0.1527022229 0
0.2968023395 0.1461276638 0.1178334968 -0.003666416608 0.07499683531 0.50255308 -0.0004674183375 0.01890080208 0.2540581926 -0.9997714536 -0.004172422799 -0.02096738997 0.002088721584 0.9570133057 -0.2900364975 0.02127622608 -0.2900140058 -0.9567858688 1.801376905e-05 0.1567185507 0
0.3035635358 0.1494564712 0.1205177593 -0.003834394896 0.07667298332 0.5022118965 -0.000488925474 0.01932928916 0.2540148582 -0.9997500023 -0.004461444753 -0.02190955022 0.002233529674 0.9550621641 -0.2963971561 0.02224734198 -0.2963719931 -0.954813436 1.888403074e-05 0.1602886199 0
0.3111698817 0.1532013795 0.1235375547 -0.004027787589 0.07855605323 0.5018190933 -0.0005136965447 0.01981116835 0.2539649474 -0.9997241107 -0.004801979007 -0.02299224792 0.002404164034 0.9528178117 -0.3035332563 0.02336498367 -0.3035047919 -0.9525433947 1.988992039e-05 0.1643049478 0
0.3187762275 0.1569462879 0.1265573501 -0.004225849215 0.08043630928 0.5014168071 -0.000539076746 0.02029286458 0.2539138093 -0.999696268 -0.005159157846 -0.02409885678 0.002583158167 0.9505214824 -0.3106480947 0.02450916362 -0.3106159921 -0.9502194517 2.092448709e-05 0.1683212756 0
0.3263825734 0.1606911962 0.1295771455 -0.004428571251 0.08231368462 0.5010050549 -0.0005650657942 0.02077437343 0.2538614446 -0.9996663799 -0.005533347209 -0.02522916932 0.002770697828 0.9481734331 -0.3177411902 0.02567980042 -0.3177050877 -0.9478417722 2.198799856e-05 0.1723376035 0
0.3331437697 0.1640200036 0.132261408 -0.004612674012 0.08397999036 0.5006311207 -0.0005886780665 0.02120222043 0.2538138688 -0.9996380179 -0.005880533961 -0.02625361967 0.002944722901 0.9460430711 -0.3240275238 0.02674250984 -0.3239875413 -0.9456833039 2.295786208e-05 0.1759076727 0
0.3407501156 0.1677649119 0.1352812034 -0.004824175088 0.08585174238 0.5002015374 -0.0006158163607 0.02168336333 0.2537591887 -0.9996040021 -0.0062878424 -0.02742812369 0.003148906227 0.9435980496 -0.3310782463 0.02796289185 -0.3310335086 -0.9432045869 2.407679652e-05 0.1799240005 0
0.3483564615 0.1715098202 0.1383009988 -0.005040310836 0.08772042128 0.4997625404 -0.000643562644 0.0221643061 0.2537032836 -0.9995676575 -0.006713201953 -0.02862570659 0.003362164176 0.9411020821 -0.3381058516 0.02920948494 -0.3380559184 -0.9406726328 2.522547927e-05 0.1839403284 0
0.3559628074 0.1752547286 0.1413207941 -0.00526107196 0.08958596077 0.4993141488 -0.0006719166062 0.02264504434 0.2536461542 -0.9995288818 -0.00715696689 -0.02984614338 0.003584677196 0.9385554475 -0.3451098696 0.03048220037 -0.3450542709 -0.9380876215 2.640419869e-05 0.1879566562 0
0.3627240037 0.178583536 0.1440050567 -0.005461179433 0.09124152902 0.4989077072 -0.0006976300223 0.02307219196 0.2535943452 -0.9994922896 -0.007567159965 -0.03094997673 0.00379038099 0.9362494666 -0.351315484 0.03163535967 -0.3512544297 -0.9357454406 2.747740244e-05 0.1915267254 0
0.3703303496 0.1823284443 0.1470248521 -0.00569065132 0.09310095808 0.498441623 -0.0007271309521 0.02355253185 0.253534905 -0.9994486366 -0.008046646017 -0.03221295258 0.004030863061 0.9336079076 -0.3582736761 0.03295716871 -0.3582059831 -0.9330607154 2.871366275e-05 0.1955430533 0
0.3779366954 0.1860733526 0.1500446475 -0.005924720623 0.09495705699 0.497966201 -0.0007572386268 0.02403265447 0.2534742424 -0.9994022466 -0.008545542974 -0.03349810773 0.004281113355 0.9309165178 -0.3652069398 0.0343048334 -0.3651320453 -0.9303234749 2.998082148e-05 0.1995593811 0
0.3855430413 0.189818261 0.1530644428 -0.006163377279 0.09680976003 0.4974814614 -0.0007879527096 0.02451255544 0.2534123581 -0.9993530099 -0.009064192503 -0.03480520022 0.004541306592 0.9281755974 -0.3721148168 0.03567825784 -0.3720321233 -0.9275339137 3.127918665e-05 0.203575709 0
0.3923042376 0.1931470684 0.1557487054 -0.006379359353 0.09845370335 0.4970427766 -0.0008157629226 0.02493894443 0.2533563248 -0.9993067641 -0.009542070259 -0.03598527779 0.004781076668 0.9256978892 -0.3782334718 0.03692062606 -0.3781433151 -0.9250105408 3.245973986e-05 0.2071457782 0
0.3999105835 0.1968919767 0.1587685008 -0.006626652867 0.1002998133 0.4965404946 -0.000847621501 0.02541841469 0.2532921347 -0.9992518443 -0.01009895038 -0.03733313227 0.005060522258 0.9228642486 -0.3850921574 0.03834243965 -0.3849929737 -0.9221226966 3.381790815e-05 0.211162106 0
0.4075169294 0.200636885 0.1617882961 -0.006878503572 0.1021423384 0.4960289565 -0.0008800854774 0.02589765058 0.253226725 -0.9991937504 -0.01067655087 -0.03870220127 0.005350406789 0.9199819743 -0.3919241509 0.03978972567 -0.3918152348 -0.9191831153 3.520819993e-05 0.2151784339 0
0.4151232752 0.2043817933 0.1648080915 -0.007134900647 0.1039812138 0.4955081841 -0.0009131544888 0.0263766477 0.2531600963 -0.9991323652 -0.01127519989 -0.04009222643 0.00565089884 0.917051387 -0.3987290068 0.04126238111 -0.3986096128 -0.9161920064 3.663094186e-05 0.2191947617 0
0.4218844716 0.2077106007 0.1674923541 -0.007366616965 0.1056126531 0.4950375412 -0.0009430567978 0.02680221892 0.2530998481 -0.9990749415 -0.01182526518 -0.04134518507 0.005927042954 0.9144061249 -0.404754628 0.04259262127 -0.404625261 -0.9134901569 3.792311119e-05 0.2227648309 0
0.4294908174 0.2114555091 0.1705121494 -0.007631571424 0.1074444574 0.4944993878 -0.0009772676395 0.02728075306 0.2530309191 -0.9990070137 -0.01246455507 -0.04277407464 0.006248025544 0.9113851732 -0.4115070208 0.04411290934 -0.4113656535 -0.9104023014 3.940805548e-05 0.2267811587 0
0.4370971633 0.2152004174 0.1735319448 -0.00790103991 0.1092724248 0.4939520658 -0.00101208243 0.02775903574 0.2529607734 -0.9989354462 -0.013125821 -0.04422315099 0.006580093331 0.9083168642 -0.4182310086 0.04565825919 -0.4180767716 -0.907263543 4.092641942e-05 0.2307974866 0
0.4447035092 0.2189453257 0.1765517402 -0.008175010855 0.1110964911 0.4933955989 -0.001047500781 0.02823706259 0.2528894118 -0.9988601151 -0.01380937677 -0.04569213997 0.00692340835 0.9052015386 -0.4249261595 0.04722856083 -0.4247581379 -0.904074105 4.247854736e-05 0.2348138144 0
0.4514647055 0.2222741331 0.1792360027 -0.008422310922 0.1127145564 0.4928933036 -0.001079490131 0.02866175703 0.2528249591 -0.9987898927 -0.01443594499 -0.04701439997 0.007238149 0.9023931688 -0.4308528497 0.04864524141 -0.4306717688 -0.9011966867 4.388684351e-05 0.2383838836 0
0.4590710514 0.2260190414 0.1822557981 -0.008704754267 0.1145310788 0.4923196282 -0.001116047454 0.02913928868 0.2527513029 -0.9987071075 -0.01516244628 -0.04852023969 0.007603144707 0.8991899811 -0.4374923657 0.0502623679 -0.4372956415 -0.8979121429 4.550370279e-05 0.2424002115 0
0.4666773973 0.2297639498 0.1852755935 -0.008991665575 0.1163435152 0.4917368778 -0.001153207174 0.02961655184 0.2526764331 -0.9986201903 -0.01591212215 -0.05004517791 0.007979845867 0.8959407891 -0.4441018177 0.05190411856 -0.4438883946 -0.894577585 4.71553452e-05 0.2464165393 0
0.4742837431 0.2335088581 0.1882953889 -0.009283032534 0.1181518018 0.4911450775 -0.001190968878 0.03009354215 0.2526003507 -0.9985290104 -0.01668527117 -0.05158892529 0.008368407595 0.8926459526 -0.4506807885 0.05357037653 -0.4504495589 -0.8911932505 4.884213175e-05 0.2504328672 0
0.4810449395 0.2368376655 0.1909796514 -0.009545755833 0.1197556328 0.4906114558 -0.001225039863 0.03051730093 0.2525317044 -0.9984442757 -0.01739245877 -0.05297669873 0.008723876767 0.8896791849 -0.4565028388 0.05507197295 -0.4562548085 -0.8881433598 5.037129644e-05 0.2540029364 0
0.4886512853 0.2405825738 0.1939994468 -0.009845504767 0.1215559082 0.4900026308 -0.001263937488 0.03099376391 0.2524533337 -0.9983446809 -0.0182107462 -0.05455517178 0.009135258469 0.8862991301 -0.4630231085 0.05678419761 -0.4627550331 -0.8846656624 5.212546604e-05 0.2580192642 0
0.4962576312 0.2443274821 0.1970192422 -0.01014967273 0.1233518512 0.4893848301 -0.001303435858 0.03146994141 0.2523737527 -0.998240436 -0.01905334639 -0.05615159702 0.009558938419 0.8828744976 -0.4695117126 0.0585205823 -0.4692223263 -0.8811388937 5.391584583e-05 0.2620355921 0
0.5038639771 0.2480723905 0.2000390375 -0.01045824668 0.125143399 0.4887580804 -0.001343534532 0.03194582908 0.2522929624 -0.9981314038 -0.01992054188 -0.05776567063 0.009995064436 0.8794056657 -0.4759682488 0.06028100346 -0.4756562279 -0.8775633045 5.57428126e-05 0.2660519199 0
0.5106251734 0.2514011979 0.2027233001 -0.0107362228 0.1267321455 0.4881934785 -0.001379681395 0.03236859349 0.2522201343 -0.9980303551 -0.02071225529 -0.05921497018 0.01039329854 0.8762854635 -0.4816801489 0.0618658998 -0.4813468489 -0.8743442237 5.739780576e-05 0.2696219891 0
0.5182315193 0.2551461062 0.2057430955 -0.01105308292 0.1285152205 0.4875498986 -0.001420912749 0.0328439218 0.2521370623 -0.9979119002 -0.02162666438 -0.06086153791 0.01085333025 0.8727341927 -0.4880750292 0.06367138001 -0.4877164302 -0.8706771153 5.929492313e-05 0.273638317 0
0.5258378652 0.2588910145 0.2087628908 -0.01137431031 0.1302937199 0.4868974483 -0.001462743093 0.03331894768 0.2520527836 -0.9977882527 -0.02256646098 -0.06252485617 0.01132622413 0.8691398415 -0.4944367023 0.06550053013 -0.4940513038 -0.866961931 6.122973777e-05 0.2776546448 0
0.533444211 0.2626359229 0.2117826862 -0.0116998912 0.1320675817 0.4862361555 -0.001505171962 0.03379366681 0.2519672993 -0.9976592693 -0.02353191082 -0.06420460736 0.01181212035 0.865502806 -0.5007647818 0.06735322001 -0.5003510189 -0.8631989352 6.320264136e-05 0.2816709727 0
0.5402054074 0.2659647303 0.2144669488 -0.01199293996 0.1336404045 0.4856409393 -0.001543388593 0.03421537832 0.2518903018 -0.9975400208 -0.02441183586 -0.06571125562 0.01225505537 0.8622343754 -0.5063612303 0.06901971068 -0.5059208873 -0.8598141284 6.498862887e-05 0.2852410419 0
0.5478117532 0.2697096386 0.2174867441 -0.01232670593 0.135405338 0.4849630216 -0.001586946708 0.03468950615 0.2518025427 -0.9974005623 -0.02542645117 -0.06742116814 0.01276588685 0.8585178101 -0.5126248159 0.07091650348 -0.5121529706 -0.8559615553 6.703455988e-05 0.2892573697 0
0.5554180991 0.2734545469 0.2205065395 -0.01266478461 0.1371654561 0.4842763444 -0.001631101959 0.03516331468 0.2517135807 -0.9972553456 -0.02646746236 -0.06914657698 0.01329011419 0.8547597293 -0.5188537155 0.0728364506 -0.5183486073 -0.8520619536 6.911973184e-05 0.2932736976 0
0.563024445 0.2771994552 0.2235263349 -0.01300716153 0.1389206975 0.4835809369 -0.001675853852 0.03563679958 0.2516234169 -0.9971042218 -0.02753511764 -0.07088715149 0.01382786959 0.8509605458 -0.5250475593 0.07477941543 -0.5245073563 -0.8481156007 7.124455045e-05 0.2972900254 0
0.5697856413 0.2805282626 0.2262105975 -0.01331509312 0.140476769 0.4829554919 -0.001716133794 0.03605739985 0.2515422631 -0.9969648088 -0.02850670948 -0.07244679066 0.01431733649 0.8475493249 -0.5305234732 0.07652570705 -0.5299504782 -0.8445687106 7.316689241e-05 0.3008600946 0
0.5773919872 0.284273171 0.2292303928 -0.0136655488 0.1422226331 0.4822436755 -0.00176201131 0.03653026162 0.2514498319 -0.9968021156 -0.02962535339 -0.07421509791 0.0148809981 0.8436736444 -0.5366501072 0.0785117712 -0.5360383569 -0.8405348188 7.536771828e-05 0.3048764225 0
0.584998333 0.2880180793 0.2322501882 -0.01402025989 0.1439634454 0.4815232159 -0.001808484007 0.03700278727 0.2513562018 -0.996633077 -0.03077133239 -0.07599759764 0.01545855777 0.8397580774 -0.5427406419 0.08052044918 -0.5420880892 -0.8364549963 7.760938213e-05 0.3088927503 0
0.5926046789 0.2917629876 0.2352699836 -0.01437921122 0.1456991455 0.4807941438 -0.001855551364 0.03747497247 0.2512613739 -0.9964575388 -0.03194487651 -0.07779394693 0.01605013939 0.8358030528 -0.5487947248 0.08255159804 -0.5480992445 -0.8323295332 7.989230286e-05 0.3129090782 0
0.5993658752 0.295091795 0.2379542461 -0.01470182636 0.14723765 0.4801388748 -0.001897887811 0.03789440335 0.2511760777 -0.9962959226 -0.03301135009 -0.07940204904 0.01658785969 0.8322547002 -0.554145249 0.08437581133 -0.5534097621 -0.8286243767 8.195654238e-05 0.3164791474 0
0.6069722211 0.2988367033 0.2409740415 -0.01506874499 0.1489635305 0.4793936203 -0.001946076977 0.03836593372 0.2510789901 -0.9961076817 -0.03423757222 -0.08122361232 0.01720625753 0.8282263284 -0.5601295329 0.08644900955 -0.5593468848 -0.8244135074 8.431854728e-05 0.3204954752 0
0.614578567 0.3025816117 0.2439938369 -0.01543985903 0.1506841264 0.4786398444 -0.001994859267 0.0388371112 0.2509807078 -0.9959124881 -0.03549199689 -0.08305801766 0.01783902292 0.8241597599 -0.5660763724 0.08854425675 -0.5652442024 -0.8201578545 8.672303746e-05 0.3245118031 0
0.6221849129 0.30632652 0.2470136323 -0.01581515261 0.1523993783 0.4778775793 -0.002044234137 0.03930793148 0.250881232 -0.9957101825 -0.03677483526 -0.08490491068 0.01848627116 0.8200554386 -0.5719854329 0.09066140383 -0.571101295 -0.8158577209 8.917044429e-05 0.3285281309 0
0.6289461092 0.3096553274 0.2496978948 -0.0161522427 0.1539195128 0.47719291 -0.002088619937 0.03972613505 0.2507918079 -0.9955242553 -0.03793915632 -0.08655678813 0.0190738528 0.816375821 -0.5772059485 0.09256157568 -0.5762734935 -0.8119982853 9.138229696e-05 0.3320982001 0
0.6365524551 0.3134002357 0.2527176902 -0.01653538708 0.1556245099 0.476414699 -0.002139112612 0.04019626891 0.2506900805 -0.9953080775 -0.03927622357 -0.08842629211 0.01974876412 0.812201413 -0.5830427523 0.09471967689 -0.5820534709 -0.80761497 9.391195637e-05 0.3361145279 0
0.6441588009 0.3171451441 0.2557374856 -0.0169226642 0.1573239934 0.475628094 -0.002190196255 0.04066603318 0.2505871628 -0.9950843211 -0.04064228657 -0.09030724432 0.02043847864 0.8079905552 -0.588840837 0.09689923852 -0.5877920272 -0.8031880666 9.648579577e-05 0.3401308558 0
0.6517651468 0.3208900524 0.2587572809 -0.01731405752 0.159017905 0.4748331285 -0.002241870295 0.04113542357 0.250483056 -0.9948528224 -0.04203753702 -0.09219927971 0.02114310277 0.8037437056 -0.5945998865 0.09910010546 -0.5934887541 -0.79871789 9.910425825e-05 0.3441471836 0
0.6593714927 0.3246349607 0.2617770763 -0.01770955035 0.1607061868 0.4740298364 -0.002294134156 0.0416044358 0.2503777611 -0.9946134165 -0.0434621615 -0.09410203064 0.02186274063 0.7994613256 -0.6003195894 0.1013221211 -0.5991432461 -0.7942047585 0.0001017677899 0.3481635115 0
0.666132689 0.3279637681 0.2644613389 -0.01806452744 0.1622021087 0.4733088365 -0.002341085606 0.04202101465 0.2502831694 -0.994393839 -0.04475330085 -0.09580206135 0.02251510514 0.7956253135 -0.6053704904 0.1033148728 -0.6041336794 -0.7901572846 0.0001041735721 0.3517335807 0
0.6737390349 0.3317086764 0.2674811342 -0.01846771756 0.1638795991 0.4724899103 -0.002394461973 0.04248930093 0.2501756338 -0.9941390438 -0.04623390051 -0.09772404071 0.02326337796 0.7912770918 -0.6110150402 0.1055764033 -0.609707299 -0.7855638946 0.0001069234613 0.3557499085 0
0.6813453808 0.3354535848 0.2705009296 -0.01887495796 0.1655512935 0.4716627575 -0.002448426456 0.04295719672 0.2500669137 -0.9938758591 -0.04774438426 -0.09965565944 0.02402695202 0.7868946918 -0.6166193718 0.1078586216 -0.6152375296 -0.7809284858 0.0001097197241 0.3597662364 0
0.6889517266 0.3391984931 0.273520725 -0.01928623127 0.1672171353 0.4708274134 -0.002502978452 0.04342469777 0.2499570104 -0.9936041162 -0.04928491855 -0.1015965403 0.0248059222 0.7824785878 -0.6221831931 0.1101613654 -0.6207239776 -0.7762513879 0.0001125628175 0.3637825642 0
0.695712923 0.3425273005 0.2762049875 -0.01965517901 0.1686929242 0.4700780375 -0.002551961844 0.04383991941 0.2498583261 -0.9933552451 -0.05067964036 -0.1033292367 0.02551134011 0.7785252534 -0.6270945713 0.1122253475 -0.6255637488 -0.7720592384 0.0001151296977 0.3673526334 0
0.7033192688 0.3462722088 0.2792247829 -0.02007402205 0.1703475564 0.4692273184 -0.00260762192 0.04430666321 0.249746191 -0.9930668726 -0.05227737217 -0.1052865754 0.02631964226 0.7740467919 -0.632581094 0.1145664132 -0.6309664336 -0.7673043051 0.0001180625051 0.3713689613 0
0.7109256147 0.3500171171 0.2822445783 -0.02049684687 0.1719961729 0.4683685119 -0.002663867731 0.04477299998 0.2496328762 -0.9927694487 -0.05390560559 -0.1072520738 0.02714360114 0.7695360142 -0.6380262909 0.1169275269 -0.6363242166 -0.7625086523 0.0001210434783 0.3753852891 0
0.7185319606 0.3537620255 0.2852643737 -0.02092363548 0.173638718 0.4675016544 -0.00272069865 0.04523892548 0.249518383 -0.9924628012 -0.05556448637 -0.1092253458 0.0279833022 0.7649934066 -0.6434298895 0.1193085207 -0.6416367163 -0.7576726214 0.0001240730846 0.379401617 0
0.7252931569 0.3570908329 0.2879486362 -0.02130631605 0.1750936161 0.4667243855 -0.00277170571 0.04565273279 0.249415623 -0.9921823421 -0.05706488931 -0.1109855779 0.02874298595 0.7609292072 -0.64819795 0.1214415121 -0.6463206171 -0.7533403076 0.0001268072755 0.3829716862 0
0.7328995028 0.3608357412 0.2909684316 -0.02174054207 0.1767245416 0.4658424218 -0.002829640095 0.0461178699 0.2492989075 -0.9918577984 -0.05878203817 -0.1129724735 0.0296126467 0.7563278133 -0.653522249 0.1238595936 -0.6515465531 -0.748428948 0.0001299300283 0.386988014 0
0.7405058486 0.3645806495 0.293988227 -0.02217867891 0.1783492359 0.4649525147 -0.002888157737 0.04658258351 0.2491810173 -0.9915235282 -0.06053022509 -0.1149660164 0.03049828265 0.7516960102 -0.6588041917 0.1262970619 -0.6567261226 -0.7434782123 0.0001331027784 0.3910043419 0
0.7481121945 0.3683255579 0.2970080223 -0.02262070793 0.1799676445 0.4640547022 -0.002947257981 0.04704686941 0.2490619537 -0.9911793559 -0.06230957472 -0.1169658131 0.03139996962 0.747034295 -0.6640435257 0.1287537434 -0.661858957 -0.7384884526 0.0001363260029 0.3950206697 0
0.7548733909 0.3716543653 0.2996922849 -0.02301687491 0.1814009089 0.4632500408 -0.003000280097 0.04745920552 0.2489551356 -0.9908649695 -0.06391747656 -0.1187483404 0.03221500339 0.7428658406 -0.6686647414 0.1309534486 -0.6663819468 -0.7340206368 0.0001392338527 0.3985907389 0
0.7624797367 0.3753992736 0.3027120803 -0.02346620438 0.1830072961 0.4623374002 -0.003060479008 0.04792267202 0.2488338595 -0.9905016117 -0.06575600966 -0.1207588689 0.0331472069 0.7381489902 -0.6738229225 0.1334459438 -0.67142551 -0.7289581364 0.0001425537282 0.4026070668 0
0.7700860826 0.3791441819 0.3057318757 -0.02391937126 0.1846072412 0.4614169654 -0.003121258599 0.04838569865 0.2487114139 -0.9901278406 -0.06762603456 -0.1227745037 0.0340956663 0.7334036781 -0.6789377957 0.1359571434 -0.6764212921 -0.7238576454 0.00014592547 0.4066233946 0
0.7776924285 0.3828890902 0.308751671 -0.02437635629 0.1862006906 0.4604887755 -0.00318261819 0.0488482812 0.2485878004 -0.989743478 -0.06952765435 -0.1247948442 0.03506044755 0.7286304113 -0.6840091292 0.1384868689 -0.6813689376 -0.7187195267 0.0001493495646 0.4106397225 0
0.7844536248 0.3862178976 0.3114359336 -0.02478575487 0.187611594 0.4596572392 -0.003237646409 0.04925908949 0.2484769422 -0.9893927861 -0.07124458612 -0.1265943277 0.03593178451 0.7243644508 -0.6884802461 0.1407509208 -0.6857261489 -0.714121017 0.0001524375497 0.4142097917 0
0.7920599707 0.389962806 0.314455729 -0.02524989884 0.189192629 0.4587145086 -0.003300099683 0.0497208218 0.2483511262 -0.9889879288 -0.07320614666 -0.1286224581 0.0369275669 0.7195397718 -0.6934687243 0.1433151473 -0.6905819118 -0.7089128238 0.0001559618682 0.4182261195 0
0.7996663165 0.3937077143 0.3174755243 -0.02571780445 0.1907670155 0.4577641377 -0.003363130961 0.05018209793 0.2482241462 -0.9885719618 -0.07519956845 -0.1306541283 0.03793984733 0.7146886154 -0.6984130233 0.145897376 -0.6953885302 -0.7036680664 0.0001595399574 0.4222424474 0
0.8072726624 0.3974526226 0.3204953197 -0.02618945181 0.1923347012 0.4568061669 -0.00342673954 0.0506429137 0.2480960037 -0.9881447046 -0.0772249327 -0.1326889317 0.03896868177 0.709811497 -0.7033129322 0.1484974231 -0.7001456623 -0.6983871182 0.0001631723128 0.4262587752 0
0.8140338587 0.40078143 0.3231795823 -0.02661181896 0.1937225322 0.4559482899 -0.003483764572 0.05105213788 0.2479811244 -0.9877552959 -0.07905213358 -0.1344999466 0.03989714168 0.7054549041 -0.7076309747 0.1508233852 -0.7043324063 -0.6936628633 0.0001664470321 0.4298288444 0
0.8216402046 0.4045263383 0.3261993776 -0.02709047934 0.1952774193 0.4549760748 -0.003548461665 0.05151207272 0.2478507899 -0.9873062186 -0.0811380351 -0.1365395546 0.04095738832 0.7005301608 -0.7124464795 0.1534565836 -0.7089951432 -0.6883145821 0.0001701832494 0.4338451723 0
0.8292465505 0.4082712467 0.329219173 -0.02757282323 0.1968254562 0.453996378 -0.003613733991 0.05197153516 0.2477192971 -0.9868453271 -0.08325608175 -0.1385811141 0.04203433603 0.6955809566 -0.7172170156 0.1561070624 -0.7136074255 -0.6829312025 0.0001739751759 0.4378615001 0
0.8368528964 0.412016155 0.3322389684 -0.02805883019 0.198366592 0.4530092412 -0.003679580819 0.05243052107 0.2475866474 -0.9863724392 -0.08540633255 -0.1406242138 0.04312803061 0.6906078148 -0.7219423932 0.1587746331 -0.7181689248 -0.6775131079 0.0001778233155 0.4418778279 0
0.8436140927 0.4153449624 0.3349232309 -0.02849389488 0.1997306559 0.452125574 -0.003738593039 0.05283810512 0.2474677666 -0.9859418758 -0.08734474538 -0.1424412619 0.04411429765 0.686167573 -0.7261046692 0.1611600024 -0.7221806957 -0.6726681919 0.0001812914842 0.4454478971 0
0.8512204386 0.4190898707 0.3379430263 -0.02898676461 0.201258618 0.4511244981 -0.003805523031 0.05329617956 0.2473329358 -0.9854458295 -0.08955596693 -0.1444861442 0.0452397409 0.6811506496 -0.7307442497 0.1638593389 -0.726645389 -0.6671855782 0.0001852471858 0.449464225 0
0.8588267844 0.422834779 0.3409628217 -0.02948323748 0.2027795332 0.4501161038 -0.003873025387 0.05375376548 0.2471969525 -0.9849372585 -0.0917995308 -0.1465313721 0.04638204854 0.6761113101 -0.7353381548 0.1665752155 -0.7310583715 -0.6616693699 0.0001892605676 0.4534805528 0
0.8664331303 0.4265796874 0.3439826171 -0.02998329246 0.2042933519 0.4491004337 -0.003941099352 0.05421085876 0.2470598182 -0.9844159792 -0.09407547354 -0.14857653 0.04754125612 0.6710500842 -0.7398862166 0.1693074391 -0.7354193292 -0.6561199595 0.0001933321414 0.4574968807 0
0.8731943266 0.4299084948 0.3466668796 -0.03043077587 0.2056329709 0.4481915427 -0.004002088799 0.05461674698 0.246936956 -0.9839418025 -0.09612574102 -0.1503940529 0.04858587708 0.6665332726 -0.7438903206 0.1717496485 -0.7392518099 -0.6511595962 0.000197000586 0.4610669499 0
0.8808006725 0.4336534031 0.349686675 -0.03093753919 0.2071332502 0.4471622473 -0.004071240394 0.05507289844 0.2467976519 -0.9833960172 -0.0984629231 -0.1524379422 0.04977709427 0.6614321566 -0.74835135 0.1745122183 -0.7435136548 -0.6455485502 0.0002011834817 0.4650832777 0
0.8884070184 0.4373983114 0.3527064704 -0.03144782306 0.2086262911 0.4461258011 -0.004140961387 0.05552854536 0.2466572013 -0.9828369921 -0.100832557 -0.1544805568 0.05098529905 0.6563106932 -0.7527660814 0.1772905701 -0.7477225886 -0.6399054495 0.0002054260594 0.4690996056 0
0.8960133642 0.4411432198 0.3557262657 -0.03196160592 0.210112045 0.4450822482 -0.004211251 0.05598368361 0.2465156057 -0.982264543 -0.1032346568 -0.1565214781 0.05221051658 0.6511694174 -0.7571343684 0.1800845064 -0.7518783117 -0.6342306954 0.0002097288388 0.4731159334 0
0.9027745606 0.4444720272 0.3584105283 -0.03242122166 0.2114265588 0.444148715 -0.004274207383 0.05638782061 0.2463887832 -0.9817442808 -0.1053971184 -0.1583338703 0.05331389935 0.6465831955 -0.7609781859 0.1825809277 -0.7555273778 -0.629160223 0.0002136044929 0.4766860026 0
0.9103809065 0.4482169355 0.3614303237 -0.03294155432 0.2128984174 0.4430918586 -0.004345568912 0.05684198689 0.2462450294 -0.9811459721 -0.1078605596 -0.1603704496 0.05457131116 0.6414059611 -0.7652583649 0.1854037578 -0.759581788 -0.6234267831 0.0002180224113 0.4807023305 0
0.9179872523 0.4519618438 0.364450119 -0.03346532284 0.2143628511 0.4420280236 -0.004417496778 0.05729563267 0.2461001353 -0.9805337064 -0.1103564739 -0.1624041236 0.05584579327 0.6362104673 -0.769491708 0.1882415949 -0.7635821436 -0.6176628627 0.0002225020435 0.4847186583 0
0.9255935982 0.4557067521 0.3674699144 -0.03399250508 0.2158198126 0.440957255 -0.00448999018 0.05774875388 0.2459541027 -0.979907299 -0.1128848523 -0.1644344718 0.05713736035 0.6309972535 -0.7736780907 0.1910942371 -0.7675281598 -0.6118688719 0.0002270439167 0.4887349862 0
0.9323547945 0.4590355595 0.370154177 -0.03446395938 0.2171085789 0.4399996763 -0.004554902875 0.05815108462 0.2458233413 -0.9793384712 -0.1151595419 -0.1662360936 0.05829977266 0.6263488467 -0.7773598 0.1936421839 -0.7709898846 -0.6066937469 0.0002311338166 0.4923050554 0
0.9399611404 0.4627804679 0.3731739723 -0.03499752895 0.2185512991 0.4389159342 -0.004628462298 0.05860320386 0.2456751623 -0.9786848481 -0.1177491964 -0.1682590113 0.05962364186 0.6211036375 -0.7814571599 0.1965222366 -0.7748324969 -0.6008440832 0.0002357947011 0.4963213832 0
0.9475674863 0.4665253762 0.3761937677 -0.03553444758 0.2199864132 0.4378253898 -0.004702584902 0.05905478676 0.2455258495 -0.9780165501 -0.1203712564 -0.1702773866 0.06096462327 0.6158422721 -0.7855072314 0.199416505 -0.7786199693 -0.594965546 0.00024051936 0.5003377111 0
0.9551738321 0.4702702845 0.3792135631 -0.03607469263 0.2214138754 0.4367280891 -0.004777269861 0.05950582929 0.2453754045 -0.9773333927 -0.1230256899 -0.1722907981 0.06232272106 0.6105652932 -0.789509912 0.2023247833 -0.7823520322 -0.5890585537 0.0002453083277 0.5043540389 0
0.9619350285 0.4735990919 0.3818978257 -0.0365576846 0.2226762701 0.435747076 -0.004844127918 0.05990629904 0.2452407265 -0.9767135181 -0.1254123339 -0.1740759891 0.06354428963 0.605861977 -0.7930279869 0.2049215136 -0.7856226902 -0.5837843454 0.0002496196091 0.5079241081 0
0.9695413743 0.4773440002 0.384917621 -0.03710415065 0.2240891551 0.4346371397 -0.004919872825 0.06035630979 0.2450881476 -0.9760017902 -0.1281278099 -0.1760788739 0.06493472012 0.6005569891 -0.7969408917 0.2078556894 -0.7892493694 -0.5778247531 0.0002545315138 0.511940436 0
0.9771477202 0.4810889086 0.3879374164 -0.03765387698 0.2254942581 0.4335205813 -0.004996177664 0.06080576847 0.2449344414 -0.9752746708 -0.1308755344 -0.1780755767 0.06634226378 0.5952379591 -0.8008061414 0.2108032746 -0.7928198828 -0.5718379254 0.0002595092815 0.5159567638 0
0.9847540661 0.4848338169 0.3909572118 -0.03820684044 0.2268915349 0.432397448 -0.005073041583 0.06125467105 0.2447796097 -0.974531976 -0.1336554527 -0.1800656759 0.06776691422 0.5899054317 -0.8046236555 0.2137640592 -0.7963339762 -0.5658242884 0.0002645534536 0.5199730917 0
0.9915152624 0.4881626243 0.3936414743 -0.03870106228 0.2281269529 0.4313936258 -0.005141833725 0.06165322547 0.244641038 -0.973858579 -0.1361534692 -0.1818287684 0.06904762413 0.5851545168 -0.8079768667 0.2164067785 -0.7994100476 -0.5604566727 0.0002690933482 0.5235431609 0
0.9991216083 0.4919075326 0.3966612697 -0.03926007671 0.229509327 0.4302582022 -0.00521975134 0.06210106667 0.244484085 -0.9730859635 -0.1389940276 -0.1838052444 0.07050456037 0.5797979819 -0.8117040145 0.21939192 -0.802816891 -0.5543935651 0.0002742644347 0.5275594887 0
1.006727954 0.495652441 0.3996810651 -0.03982226068 0.2308837489 0.429116341 -0.005298225543 0.06254834016 0.2443260116 -0.9722972432 -0.1418665885 -0.1857738999 0.07197856969 0.5744295252 -0.8153832265 0.2223896498 -0.8061666029 -0.5483048896 0.0002795034997 0.5315758166 0
1.0143343 0.4993973493 0.4027008605 -0.04038759056 0.2322501758 0.42796809 -0.005377255458 0.06299504196 0.2441668195 -0.9714922354 -0.144771074 -0.1877343143 0.07346963516 0.5690496923 -0.8190144446 0.2253997545 -0.8094589452 -0.5421910796 0.0002848110918 0.5355921444 0
1.021940646 0.5031422576 0.4057206558 -0.0409560426 0.233608565 0.4268134976 -0.005456840204 0.06344116805 0.2440065105 -0.9706707576 -0.1477074005 -0.1896860674 0.07497773711 0.563659029 -0.8225976161 0.2284220201 -0.8126936833 -0.53605257 0.0002901877609 0.5396084723 0
1.028701842 0.506471065 0.4084049184 -0.04146393507 0.2348092405 0.4257819087 -0.005528047267 0.06383723804 0.2438630774 -0.9699265815 -0.1503441271 -0.1914133484 0.07633255638 0.5588586773 -0.825742284 0.2311185136 -0.815520461 -0.5305757349 0.000295025459 0.5431785415 0
1.036308188 0.5102159733 0.4114247138 -0.04203821926 0.2361523331 0.4246154705 -0.005608677601 0.06428226582 0.2437006636 -0.969073498 -0.1533403489 -0.1933475962 0.07787277513 0.5534490455 -0.8292345777 0.234163162 -0.8186457668 -0.524391764 0.0003005341139 0.5471948693 0
1.043914534 0.5139608817 0.4144445091 -0.04261555631 0.2374872674 0.4234428316 -0.005689860185 0.06472670639 0.2435371381 -0.9682034202 -0.156368137 -0.1952719716 0.07942995834 0.5480301596 -0.8326787051 0.2372193476 -0.8217128147 -0.5181843603 0.0003061134445 0.5512111971 0
