0.006780855897 0.004600064832 -0.0005274149717 -2.651343123e-06 0.001729108579 0.5099960917 -3.327636906e-07 0.0004306412736 0.2549995151 -0.9999999999 -6.892422392e-08 -1.544054724e-05 3.525281588e-08 0.9999772396 -0.006746876873 1.544066083e-05 -0.006746876873 -0.9999772394 3.179524591e-08 -0.0007014619123 0
0.01338754835 0.009081978926 -0.001041283511 -1.033462649e-05 0.003413750378 0.509984766 -1.304256192e-06 0.0008517981835 0.2549980994 -0.9999999982 -5.336871913e-07 -6.018374624e-05 2.680097857e-07 0.9999112844 -0.0133200354 6.018551573e-05 -0.01332003539 -0.9999112826 6.337684547e-08 -0.001384907069 0
0.0199942408 0.01356389302 -0.00155515205 -2.305130536e-05 0.005098283388 0.5099660206 -2.91959368e-06 0.001273690898 0.2549957453 -0.999999991 -1.779351681e-06 -0.0001342330931 8.912125462e-07 0.9998021276 -0.01989235346 0.0001342419275 -0.0198923534 -0.9998021185 5.308283236e-08 -0.002068352226 0
0.02660093326 0.01804580711 -0.002069020589 -4.080089345e-05 0.00678265393 0.5099398563 -5.178304058e-06 0.001695711676 0.2549924534 -0.9999999718 -4.191125917e-06 -0.0002375775155 2.097454683e-06 0.9996497825 -0.02646341646 0.0002376052232 -0.02646341621 -0.9996497542 7.858164081e-09 -0.002751797383 0
0.03320762571 0.02252772121 -0.002582889128 -6.358271199e-05 0.008466808329 0.5099062741 -8.079441871e-06 0.002117691981 0.2549882252 -0.9999999314 -8.154024578e-06 -0.0003702015611 4.079223415e-06 0.9994542678 -0.03303280992 0.0003702688806 -0.03303280916 -0.9994541993 7.511257003e-08 -0.00343524254 0
0.03981431817 0.0270096353 -0.003096757667 -9.13958898e-05 0.01015069292 0.5098652753 -1.162244623e-05 0.002539601943 0.2549830616 -0.9999998583 -1.405280489e-05 -0.0005320853994 7.028864478e-06 0.9992156076 -0.0396001196 0.0005322245284 -0.03960011773 -0.999215466 1.797559764e-07 -0.004118687697 0
0.04642101062 0.03149154939 -0.003610626206 -0.0001242393633 0.01183425405 0.5098168614 -1.580700867e-05 0.002961443247 0.2549769628 -0.9999997382 -2.227190274e-05 -0.000723204825 1.113854703e-05 0.9989338311 -0.04616493155 0.0007234619474 -0.04616492752 -0.9989335694 3.081674098e-07 -0.004802132854 0
0.05302770307 0.03597346349 -0.004124494745 -0.0001621118766 0.01351743809 0.5097610344 -2.063294433e-05 0.003383222272 0.2549699294 -0.9999995543 -3.319536891e-05 -0.0009435312611 1.660022856e-05 0.998608973 -0.05272683213 0.0009439690703 -0.05272682429 -0.9986085274 4.591156805e-07 -0.005485578011 0
0.05963439553 0.04045537758 -0.004638363284 -0.0002050119814 0.0152001914 0.5096977963 -2.610012624e-05 0.003804944232 0.2549619613 -0.9999992872 -4.720680524e-05 -0.001193031764 2.360561989e-05 0.998241073 -0.05928540807 0.001193731983 -0.05928539398 -0.9982403604 6.320048256e-07 -0.006169023168 0
0.06624108798 0.04493729168 -0.005152231823 -0.0002529380374 0.01688246038 0.5096271495 -3.220845412e-05 0.004226612356 0.2549530588 -0.999998915 -6.468930101e-05 -0.001471669028 3.234615014e-05 0.9978301764 -0.06584024657 0.001472734926 -0.06584022273 -0.9978290916 8.265435279e-07 -0.006852468325 0
0.07284778044 0.04941920577 -0.005666100362 -0.000305888212 0.01856419145 0.5095490968 -3.895783911e-05 0.00464822817 0.2549432221 -0.9999984132 -8.602536931e-05 -0.001779401391 4.30129318e-05 0.9973763335 -0.07239093529 0.001780960293 -0.07239089695 -0.9973747471 1.042606905e-06 -0.007535913482 0
0.07945447289 0.05390111986 -0.006179968901 -0.0003638604806 0.02024533105 0.5094636411 -4.6348196e-05 0.005069791912 0.2549324511 -0.9999977547 -0.0001115968835 -0.002116182842 5.579672582e-05 0.9968796001 -0.07893706244 0.002118388635 -0.07893700328 -0.9968773555 1.280168452e-06 -0.008219358639 0
0.08606116534 0.05838303396 -0.00669383744 -0.0004268526266 0.02192582563 0.5093707858 -5.437943913e-05 0.00549130289 0.2549207461 -0.9999969099 -0.0001417850138 -0.002481963024 7.088790674e-05 0.996340037 -0.08547821685 0.002484998661 -0.08547812865 -0.9963369482 1.539264137e-06 -0.008902803796 0
0.0926678578 0.06286494805 -0.00720770598 -0.0004948622416 0.0236056217 0.5092705343 -6.305148005e-05 0.005912759735 0.2549081072 -0.9999958467 -0.0001769701639 -0.002876687247 8.847642794e-05 0.9957577106 -0.09201398797 0.002880767238 -0.09201386033 -0.9957535592 1.819972454e-06 -0.009586248953 0
0.09927455025 0.06734686215 -0.007721574519 -0.0005678867253 0.02528466577 0.5091628905 -7.236422618e-05 0.006334160588 0.2548945345 -0.9999945303 -0.0002175319081 -0.003300296494 0.0001087517869 0.9951326921 -0.09854396599 0.003305669392 -0.0985437859 -0.9951272254 2.12240284e-06 -0.01026969411 0
0.1050554061 0.07126853698 -0.00817120949 -0.000635894718 0.02675317044 0.5090626414 -8.103838103e-05 0.006702838666 0.2548818925 -0.9999931417 -0.0002577316386 -0.003694599646 0.0001288453698 0.9945508403 -0.104252623 0.003701336382 -0.104252384 -0.9945439862 2.40495267e-06 -0.01086770862 0
0.1116620986 0.07575045107 -0.008685078029 -0.0007183144052 0.02843066048 0.5089411483 -9.155218242e-05 0.007124128345 0.2548665694 -0.9999912485 -0.0003093944116 -0.004172194213 0.0001546675704 0.9938459851 -0.110770637 0.004180790284 -0.1107703129 -0.9938372396 2.748486897e-06 -0.01155115378 0
0.1182687911 0.08023236516 -0.009198946568 -0.0008057404185 0.03010724496 0.5088122755 -0.0001027063939 0.007545354987 0.2548503129 -0.9999889883 -0.0003675198627 -0.004678480108 0.0001837185611 0.9930986723 -0.117281684 0.004689295731 -0.1172812521 -0.993087669 3.11417713e-06 -0.01223459894 0
0.1248754835 0.08471427926 -0.009712815107 -0.0008981694158 0.03178287053 0.5086760279 -0.0001145009015 0.007966515772 0.2548331232 -0.9999863167 -0.0004324837566 -0.005213381633 0.0002161857464 0.9923089935 -0.1237853575 0.005226820638 -0.1237847908 -0.9922953219 3.502206067e-06 -0.01291804409 0
0.131482176 0.08919619335 -0.01022668365 -0.0009955978641 0.03345748388 0.5085324108 -0.0001269355855 0.008387607758 0.2548150005 -0.9999831867 -0.0005046607226 -0.005776818818 0.0002522559064 0.9914770455 -0.1302812519 0.005793331084 -0.1302805187 -0.9914602482 3.912770031e-06 -0.01360148925 0
0.1380888684 0.09367810745 -0.01074055219 -0.001098022039 0.03513103177 0.5083814295 -0.0001400103196 0.008808627907 0.254795945 -0.9999795488 -0.0005844241919 -0.006368707422 0.0002921151634 0.9906029303 -0.1367689625 0.006388791325 -0.1367680258 -0.9905825006 4.346077984e-06 -0.01428493441 0
0.1446955609 0.09816002154 -0.01125442072 -0.001205438026 0.03680346097 0.5082230899 -0.0001537249715 0.009229573108 0.2547759568 -0.999975351 -0.0006721463355 -0.006988958955 0.0003359489468 0.989686755 -0.1432480858 0.007013163785 -0.1432469028 -0.9896621345 4.802350796e-06 -0.01496837956 0
0.1513022533 0.1026419356 -0.01176828926 -0.00131784172 0.03847471832 0.5080573981 -0.0001680794026 0.009650440193 0.2547550363 -0.9999705389 -0.0007681980025 -0.007637480687 0.00038394196 0.9887286318 -0.1497182193 0.007666409067 -0.1497167408 -0.9886992079 5.281820678e-06 -0.01565182472 0
0.1579089458 0.1071238497 -0.0122821578 -0.001435228824 0.04014475071 0.5078843603 -0.0001830734679 0.01007122594 0.2547331835 -0.9999650556 -0.0008729486583 -0.008314175662 0.0004362781461 0.9877286781 -0.156178962 0.008348485951 -0.1561771317 -0.9876937816 5.78473075e-06 -0.01633526988 0
0.1645156382 0.1116057638 -0.01279602634 -0.001557594852 0.04181350506 0.5077039832 -0.0001987070161 0.01049192711 0.2547103987 -0.9999588416 -0.0009867663228 -0.009018942713 0.000493140654 0.9866870162 -0.1626299138 0.009059351397 -0.1626276678 -0.9866459192 6.311334663e-06 -0.01701871503 0
0.1711223307 0.1160876779 -0.01330989488 -0.00168493513 0.04348092837 0.5075162736 -0.0002149798895 0.0109125404 0.2546866822 -0.9999518352 -0.00111001751 -0.009751676481 0.0005547118049 0.9856037738 -0.1690706759 0.00979896055 -0.169067942 -0.9855556866 6.861896291e-06 -0.01770216019 0
0.1777290231 0.120569592 -0.01382376342 -0.00181724479 0.04514696769 0.5073212388 -0.0002318919239 0.01133306251 0.2546620341 -0.9999439719 -0.001243067165 -0.01051226742 0.0006211730589 0.9844790833 -0.175500851 0.01056726674 -0.175497548 -0.9844231527 7.436689461e-06 -0.01838560535 0
0.1843357156 0.1250515061 -0.01433763196 -0.001954518777 0.04681157011 0.5071188862 -0.000249442949 0.01175349011 0.2546364548 -0.9999351852 -0.001386278606 -0.01130060184 0.0006927049815 0.9833130824 -0.1819200431 0.01136422149 -0.18191608 -0.9832483889 8.035997701e-06 -0.01906905051 0
0.190942408 0.1295334202 -0.0148515005 -0.002096751846 0.04847468281 0.5069092235 -0.0002676327879 0.01217381985 0.2546099445 -0.9999254059 -0.001540013461 -0.01211656187 0.0007694872104 0.9821059138 -0.1883278576 0.0121897745 -0.188323133 -0.9820314694 8.660114024e-06 -0.01975249566 0
0.1975491005 0.1340153343 -0.01536536904 -0.002243938565 0.05013625302 0.5066922588 -0.0002864612572 0.01259404837 0.2545825034 -0.9999145623 -0.001704631611 -0.01296002555 0.0008516984221 0.980857725 -0.1947239015 0.0130438737 -0.1947183028 -0.980772471 9.309340701e-06 -0.02043594082 0
0.204155793 0.1384972484 -0.01587923758 -0.002396073309 0.05179622802 0.5064680003 -0.0003059281673 0.0130141723 0.2545541319 -0.9999025807 -0.001880491125 -0.01383086679 0.0009395162996 0.9795686688 -0.2011077833 0.01392646517 -0.2011011858 -0.9794714731 9.98398907e-06 -0.02111938598 0
0.2107624854 0.1429791625 -0.01639310612 -0.002553150268 0.05345455518 0.5062364565 -0.0003260333221 0.01343418826 0.2545248302 -0.9998893846 -0.002067948204 -0.01472895541 0.001033117499 0.9782389025 -0.2074791129 0.01483749323 -0.2074713792 -0.9781285578 1.068437934e-05 -0.02180283113 0
0.2173691779 0.1474610766 -0.01690697465 -0.002715163441 0.05511118194 0.5059976364 -0.000346776519 0.01385409286 0.2544945986 -0.9998748954 -0.002267357122 -0.01565415717 0.001132677617 0.9768685888 -0.2138375021 0.0157769004 -0.2138284812 -0.9767438098 1.141084039e-05 -0.02248627629 0
0.2239758703 0.1519429907 -0.01742084319 -0.002882106643 0.0567660558 0.505751549 -0.0003681575492 0.0142738827 0.2544634374 -0.999859032 -0.002479070164 -0.01660633376 0.001238371159 0.9754578949 -0.2201825643 0.0167446274 -0.2201720905 -0.9753173166 1.21637096e-05 -0.02316972145 0
0.2297567262 0.1558646655 -0.01787047817 -0.003032221099 0.05821259128 0.5055302686 -0.000387389004 0.014641102 0.2544354091 -0.9998439588 -0.002674687687 -0.01746150429 0.001336020661 0.9741905488 -0.2257232589 0.01761457167 -0.2257113657 -0.9740349615 1.284440466e-05 -0.02376773596 0
0.2363634187 0.1603465796 -0.0183843467 -0.00320839077 0.05986403722 0.5052705807 -0.0004099653861 0.0150606675 0.2544025058 -0.9998252922 -0.002910413311 -0.01846387194 0.001453680781 0.9727046104 -0.2320422971 0.01863523235 -0.2320285981 -0.9725304406 1.364772733e-05 -0.02445118112 0
0.2429701111 0.1648284937 -0.01889821524 -0.003389471634 0.06151357975 0.5050036533 -0.000433178965 0.01548010845 0.2543686739 -0.9998050054 -0.003159444275 -0.01949279445 0.001577969655 0.9711788003 -0.2383469067 0.0196840325 -0.2383311893 -0.9709844402 1.447847381e-05 -0.02513462627 0
0.2495768036 0.1693104078 -0.01941208378 -0.003575456777 0.06316116669 0.5047294966 -0.0004570295069 0.01589942144 0.2543339136 -0.9997830084 -0.003422124612 -0.02054811804 0.001709057252 0.9696133045 -0.244636708 0.02076090594 -0.2446187418 -0.9693970579 1.533701272e-05 -0.02581807143 0
0.256183496 0.1737923219 -0.01992595232 -0.003766339099 0.06480674591 0.5044481211 -0.0004815167718 0.01631860306 0.2542982255 -0.9997592088 -0.00369879608 -0.02162968498 0.001847112298 0.9680083139 -0.2509113236 0.02186578471 -0.2508908588 -0.967768394 1.622372028e-05 -0.02650151659 0
0.2627901885 0.178274236 -0.02043982086 -0.003962111312 0.06645026539 0.5041595376 -0.000506640513 0.01673764988 0.2542616097 -0.9997335121 -0.00398979811 -0.02273733361 0.001992302238 0.9663640244 -0.2571703777 0.0229985991 -0.2571471445 -0.9660985511 1.713898019e-05 -0.02718496174 0
0.2693968809 0.1827561501 -0.0209536894 -0.004162765946 0.06809167321 0.5038637569 -0.0005324004775 0.0171565585 0.2542240667 -0.9997058213 -0.004295467747 -0.02387089839 0.002144793206 0.9646806361 -0.2634134966 0.02415927762 -0.2633872041 -0.9643876347 1.808318345e-05 -0.0278684069 0
0.2760035734 0.1872380642 -0.02146755794 -0.004368295341 0.06973091749 0.5035607905 -0.0005587964059 0.01757532549 0.2541855969 -0.9996760374 -0.004616139594 -0.0250302099 0.002304749996 0.9629583542 -0.2696403089 0.02534774704 -0.2696106439 -0.9626357527 1.905672816e-05 -0.02855185206 0
0.2826102658 0.1917199782 -0.02198142648 -0.004578691654 0.07136794649 0.5032506498 -0.0005858280324 0.01799394742 0.2541462007 -0.9996440592 -0.004952145757 -0.0262150949 0.002472336032 0.9611973884 -0.2758504451 0.02656393236 -0.2758170712 -0.9608430157 2.006001939e-05 -0.02923529722 0
0.2892169583 0.1962018923 -0.02249529502 -0.004793946857 0.07300270855 0.5029333468 -0.0006134950848 0.01841242089 0.2541058783 -0.999609783 -0.005303815788 -0.0274253763 0.002647713333 0.959397953 -0.282043538 0.02780775685 -0.2820060943 -0.9590095367 2.1093469e-05 -0.02991874237 0
0.2958236508 0.2006838064 -0.02300916356 -0.005014052737 0.07463515209 0.5026088935 -0.0006417972844 0.01883074247 0.2540646304 -0.9995731032 -0.005671476629 -0.02866087324 0.002831042487 0.957560267 -0.2882192225 0.02907914202 -0.2881773227 -0.9571354315 2.215749546e-05 -0.03060218753 0
0.3024303432 0.2051657205 -0.02352303209 -0.005239000897 0.07626522565 0.5022773023 -0.0006707343464 0.01924890873 0.2540224572 -0.999533912 -0.006055452558 -0.02992140109 0.003022482619 0.9556845539 -0.2943771358 0.03037800763 -0.2943303671 -0.9552208183 2.325252374e-05 -0.03128563269 0
0.3090370357 0.2096476346 -0.02403690063 -0.005468782756 0.07789287785 0.5019385858 -0.0007003059793 0.01966691627 0.2539793592 -0.9994920993 -0.006456065137 -0.03120677149 0.003222191362 0.9537710415 -0.3005169177 0.03170427174 -0.3004648391 -0.9532658179 2.43789851e-05 -0.03196907784 0
0.3156437281 0.2141295487 -0.02455076917 -0.00570338955 0.07951805744 0.501592757 -0.0007305118853 0.02008476165 0.2539353369 -0.9994475531 -0.006873633152 -0.03251679236 0.003430324825 0.9518199625 -0.3066382099 0.03305785065 -0.3065803517 -0.9512705538 2.553731694e-05 -0.032652523 0
0.3222504206 0.2186114628 -0.02506463771 -0.005942812332 0.08114071324 0.5012398291 -0.0007613517603 0.02050244146 0.2538903906 -0.999400159 -0.007308472564 -0.03385126797 0.003647037568 0.9498315539 -0.3127406568 0.03443865896 -0.312676519 -0.9492351517 2.672796268e-05 -0.03333596816 0
0.328857113 0.2230933769 -0.02557850625 -0.006187041972 0.08276079422 0.5008798155 -0.0007928252937 0.02091995229 0.2538445209 -0.9993498009 -0.007760896456 -0.0352099989 0.003872482569 0.9478060568 -0.3188239052 0.03584660954 -0.3187529563 -0.9471597402 2.795137157e-05 -0.03401941331 0
0.3354638055 0.227575291 -0.02609237479 -0.006436069158 0.08437824941 0.5005127299 -0.0008249321685 0.0213372907 0.2537977282 -0.9992963601 -0.008231214978 -0.03659278215 0.004106811196 0.9457437172 -0.3248876043 0.03728161353 -0.3248092801 -0.9450444502 2.920799854e-05 -0.03470285847 0
0.3420704979 0.2320572051 -0.02660624333 -0.006689884396 0.08599302799 0.5001385864 -0.0008576720615 0.0217544533 0.2537500129 -0.9992397165 -0.008719735293 -0.03799941112 0.004350173181 0.9436447851 -0.3309314061 0.0387435804 -0.3308451084 -0.9428894152 3.049830409e-05 -0.03538630363 0
0.3486771904 0.2365391192 -0.02712011187 -0.006948478012 0.08760507924 0.4997573991 -0.000891044643 0.02217143665 0.2537013756 -0.9991797474 -0.009226761532 -0.03942967564 0.004602716586 0.9415095149 -0.3369549648 0.04023241789 -0.3368600603 -0.9406947711 3.182275412e-05 -0.03606974878 0
0.3544580463 0.240460794 -0.02756974684 -0.007178659444 0.08901334704 0.4994180937 -0.00092076439 0.02253614737 0.253658062 -0.9991244487 -0.009685826866 -0.04070037774 0.004831338808 0.9396115481 -0.3422087035 0.0415571192 -0.3421057195 -0.9387420745 3.301002728e-05 -0.0366677633 0
0.3610647387 0.2449427081 -0.02808361538 -0.00744618581 0.09062014824 0.4990237388 -0.0009553223515 0.02295278545 0.2536076972 -0.9990579074 -0.01022836064 -0.04217438024 0.005101490535 0.9374088446 -0.3481933844 0.04309608456 -0.3480805062 -0.9364735387 3.439977209e-05 -0.03735120845 0
0.3676714312 0.2494246222 -0.02859748392 -0.007718461732 0.09222407693 0.4986223828 -0.0009905120182 0.02336923448 0.2535564119 -0.9989876774 -0.01079025734 -0.04367139458 0.00538123983 0.935170558 -0.3541568435 0.04466164591 -0.3540333288 -0.9341657987 3.582502959e-05 -0.03803465361 0
0.3742781236 0.2539065363 -0.02911135246 -0.007995476836 0.09382508287 0.4982140408 -0.001026333036 0.02378549105 0.2535042064 -0.9989136287 -0.01137180883 -0.04519119711 0.005670728035 0.932896959 -0.3600987457 0.04625370445 -0.3599638118 -0.9318190002 3.728628527e-05 -0.03871809877 0
0.3808848161 0.2583884504 -0.029625221 -0.00827722057 0.09542311591 0.4977987285 -0.001062785043 0.02420155175 0.2534510813 -0.9988356293 -0.01197330372 -0.0467335608 0.005970094693 0.9305883227 -0.3660187587 0.04787215972 -0.3658715809 -0.9294332911 3.878402934e-05 -0.03940154392 0
0.3874915086 0.2628703645 -0.03013908954 -0.008563682202 0.09701812603 0.4973764616 -0.001099867673 0.02461741317 0.2533970373 -0.9987535451 -0.01259502727 -0.04829825527 0.006279477518 0.9282449277 -0.3719165529 0.0495169096 -0.3717562635 -0.9270088221 4.031875661e-05 -0.04008498908 0
0.394098201 0.2673522786 -0.03065295807 -0.008854850823 0.09861006337 0.4969472563 -0.001137580553 0.02503307192 0.2533420748 -0.9986672404 -0.01323726138 -0.0498850468 0.006599012368 0.9258670572 -0.3777918017 0.0511878503 -0.3776174881 -0.9245457461 4.189096636e-05 -0.04076843424 0
0.4007048935 0.2718341927 -0.03116682661 -0.009150715346 0.1001988782 0.4965111288 -0.001175923303 0.02544852458 0.2532861943 -0.9985765775 -0.0139002845 -0.05149369837 0.006928833223 0.923454998 -0.3836441814 0.05288487639 -0.3834548849 -0.9220442186 4.350116222e-05 -0.0414518794 0
0.4073115859 0.2763161068 -0.03168069515 -0.009451264507 0.1017845208 0.4960680958 -0.001214895536 0.02586376775 0.2532293965 -0.9984814169 -0.01458437162 -0.05312396971 0.007269072156 0.921009041 -0.3894733713 0.05460788078 -0.3892680856 -0.9195043974 4.514985203e-05 -0.04213532455 0
0.4139182784 0.2807980209 -0.03219456369 -0.009756486866 0.1033669418 0.4956181741 -0.00125449686 0.02627879805 0.253171682 -0.9983816174 -0.0152897942 -0.05477561734 0.007619859306 0.918529481 -0.3952790536 0.05635675475 -0.3950567234 -0.9169264428 4.683754777e-05 -0.04281876971 0
0.4205249708 0.285279935 -0.03270843223 -0.01006637081 0.1049460917 0.4951613809 -0.001294726877 0.02669361206 0.2531130512 -0.9982770358 -0.01601682013 -0.0564483946 0.007981322859 0.9160166167 -0.4010609137 0.05813138795 -0.4008204329 -0.9143105174 4.856476538e-05 -0.04350221487 0
0.4271316633 0.2897618491 -0.03322230077 -0.01038090453 0.1065219215 0.4946977336 -0.00133558518 0.0271082064 0.2530535048 -0.9981675274 -0.01676571371 -0.05814205165 0.008353589013 0.9134707504 -0.4068186398 0.0599316684 -0.4065588506 -0.9116567864 5.033202469e-05 -0.04418566002 0
0.4337383557 0.2942437631 -0.03373616931 -0.01070007608 0.108094382 0.4942272497 -0.00137707136 0.02752257767 0.2529930435 -0.9980529455 -0.01753673554 -0.05985633558 0.008736781964 0.9108921884 -0.4125519236 0.06175748249 -0.4122716143 -0.9089654171 5.213984928e-05 -0.04486910518 0
0.4403450482 0.2987256772 -0.03425003785 -0.01102387331 0.1096634243 0.4937499472 -0.001419184997 0.02793672248 0.2529316677 -0.9979331419 -0.01833014254 -0.0615909904 0.009131023875 0.9082812407 -0.4182604597 0.06360871502 -0.4179583635 -0.9062365794 5.398876643e-05 -0.04555255034 0
0.4469517406 0.3032075913 -0.03476390639 -0.0113522839 0.1112289996 0.4932658443 -0.001461925668 0.02835063745 0.2528693782 -0.9978079668 -0.0191461879 -0.06334575708 0.009536434852 0.9056382209 -0.4239439459 0.06548524918 -0.4236187394 -0.9034704454 5.587930694e-05 -0.04623599549 0
0.4535584331 0.3076895054 -0.03527777493 -0.01168529537 0.1127910593 0.4927749593 -0.001505292942 0.02876431918 0.2528061755 -0.9976772684 -0.01998512097 -0.0651203736 0.009953132925 0.9029634461 -0.4296020834 0.06738696656 -0.4292523848 -0.9006671898 5.781200508e-05 -0.04691944065 0
0.4601651255 0.3121714195 -0.03579164346 -0.01202289504 0.1143495548 0.4922773109 -0.001549286382 0.0291777643 0.2527420604 -0.9975408936 -0.02084718731 -0.06691457499 0.01038123402 0.9002572373 -0.4352345766 0.06931374716 -0.4348589443 -0.8978269895 5.978739847e-05 -0.04760288581 0
0.466771818 0.3166533336 -0.036305512 -0.0123650701 0.1159044379 0.4917729181 -0.001593905546 0.02959096943 0.2526770334 -0.9973986876 -0.02173262858 -0.06872809337 0.01082085193 0.8975199188 -0.440841133 0.07126546939 -0.440438064 -0.8949500235 6.1806028e-05 -0.04828633097 0
0.4733785105 0.3211352477 -0.03681938054 -0.01271180752 0.1174556604 0.4912618 -0.001639149984 0.03000393118 0.2526110952 -0.997250494 -0.02264168252 -0.070560658 0.01127209833 0.8947518184 -0.4464214638 0.0732420101 -0.445989392 -0.8920364736 6.386843772e-05 -0.04896977612 0
0.4791593664 0.3250569225 -0.03726901551 -0.01301893499 0.1188099394 0.49080907 -0.00167925143 0.03036507041 0.2525526523 -0.9971157887 -0.02345665839 -0.0721795609 0.01167656402 0.89230474 -0.4512825154 0.07499174413 -0.4508237306 -0.8894572515 6.57093897e-05 -0.04956779063 0
0.4857660588 0.3295388366 -0.03778288405 -0.01337419121 0.1203541689 0.4902853945 -0.001725667023 0.03077756674 0.2524850074 -0.9969559415 -0.02441061309 -0.07404709763 0.01214990717 0.8894798191 -0.4568129061 0.07701448212 -0.4563220062 -0.8864756038 6.785536431e-05 -0.05025123579 0
0.4923727513 0.3340207507 -0.03829675259 -0.01373397146 0.1218946 0.4897550503 -0.001772706564 0.03118981 0.2524164533 -0.9967896485 -0.02538884181 -0.07593288656 0.01263518762 0.8866250778 -0.4623162592 0.07906167582 -0.4617914878 -0.8834579069 7.00467001e-05 -0.05093468095 0
0.4989794437 0.3385026648 -0.03881062113 -0.01409826207 0.1234311853 0.4892180574 -0.001820369578 0.03160179682 0.2523469906 -0.9966167477 -0.0263915667 -0.07783664619 0.0131325085 0.8837408568 -0.4677922992 0.08113319606 -0.4672318302 -0.8804043511 7.228395254e-05 -0.05161812611 0
0.5055861362 0.3429845789 -0.03932448967 -0.01446704921 0.1249638773 0.4886744362 -0.001868655585 0.03201352383 0.25227662 -0.9964370752 -0.02741900585 -0.07975809236 0.01364197068 0.8808275005 -0.4732407538 0.08322891214 -0.4726426901 -0.8773151291 7.456767989e-05 -0.05230157126 0
0.5121928286 0.347466493 -0.03983835821 -0.01484031888 0.1264926288 0.4881242075 -0.001917564099 0.03242498767 0.2522053424 -0.9962504661 -0.02847137317 -0.08169693829 0.01416367274 0.8778853559 -0.4786613544 0.08534869179 -0.4780237261 -0.8741904358 7.689844306e-05 -0.05298501642 0
0.5187995211 0.3519484071 -0.04035222675 -0.01521805691 0.1280173927 0.487567392 -0.001967094627 0.03283618499 0.2521331582 -0.9960567539 -0.02954887838 -0.08365289461 0.01469771099 0.8749147736 -0.4840538361 0.08749240128 -0.4833745987 -0.8710304685 7.927680556e-05 -0.05366846158 0
0.5254062135 0.3564303212 -0.04086609529 -0.01560024896 0.1295381221 0.487004011 -0.002017246671 0.03324711242 0.2520600684 -0.9958557709 -0.03065172699 -0.08562566941 0.0152441794 0.871916107 -0.4894179372 0.08965990533 -0.4886949702 -0.8678354265 8.170333341e-05 -0.05435190673 0
0.532012906 0.3609122353 -0.04137996383 -0.01598688052 0.1310547702 0.4864340858 -0.002068019724 0.03365776661 0.2519860737 -0.9956473479 -0.03178012024 -0.08761496828 0.01580316962 0.8688897127 -0.4947534002 0.09185106716 -0.4939845049 -0.8646055114 8.417859512e-05 -0.05503535189 0
0.5386195984 0.3653941494 -0.04189383237 -0.01637793693 0.1325672905 0.485857638 -0.002119413277 0.03406814422 0.2519111747 -0.9954313145 -0.03293425506 -0.08962049438 0.01637477095 0.8658359501 -0.5000599708 0.09406574852 -0.4992428691 -0.8613409271 8.670316154e-05 -0.05571879705 0
0.5452262909 0.3698760635 -0.04240770091 -0.01677340336 0.1340756366 0.4852746895 -0.00217142681 0.03447824188 0.2518353723 -0.9952074991 -0.03411432408 -0.09164194844 0.01695907031 0.8627551817 -0.5053373985 0.09630380967 -0.5044697308 -0.8580418795 8.927760586e-05 -0.0564022422 0
0.5518329833 0.3743579776 -0.04292156944 -0.0171732648 0.1355797623 0.4846852625 -0.0022240598 0.03488805627 0.2517586672 -0.9949757287 -0.03532051554 -0.09367902885 0.01755615223 0.8596477727 -0.5105854369 0.09856510936 -0.5096647604 -0.8547085768 9.190250351e-05 -0.05708568736 0
0.5584396758 0.3788398917 -0.04343543798 -0.01757750611 0.1370796215 0.4840893791 -0.002277311718 0.03529758403 0.2516810602 -0.9947358294 -0.03655301328 -0.09573143168 0.01816609882 0.8565140913 -0.5158038428 0.1008495049 -0.51482763 -0.8513412293 9.457843213e-05 -0.05776913252 0
0.5650463683 0.3833218058 -0.04394930652 -0.01798611195 0.1385751684 0.4834870621 -0.002331182026 0.03570682183 0.251602552 -0.9944876257 -0.03781199672 -0.09779885072 0.0187889898 0.8533545083 -0.5209923772 0.1031568522 -0.5199580138 -0.8479400496 9.730597147e-05 -0.05845257768 0
0.5716530607 0.3878037199 -0.04446317506 -0.01839906684 0.1400663573 0.4828783342 -0.002385670182 0.03611576633 0.2515231436 -0.9942309414 -0.03909764081 -0.09988097755 0.01942490239 0.8501693972 -0.5261508047 0.1054870056 -0.5250555881 -0.8445052522 0.0001000857034 -0.05913602283 0
0.5782597532 0.3922856339 -0.0449770436 -0.01881635513 0.1415531426 0.4822632186 -0.002440775638 0.0365244142 0.2514428356 -0.9939655989 -0.040410116 -0.1019775016 0.02007391141 0.8469591342 -0.5312788939 0.1078398182 -0.5301200312 -0.8410370539 0.0001029182117 -0.05981946799 0
0.5848664456 0.396767548 -0.04549091214 -0.01923796101 0.1430354792 0.4816417385 -0.002496497837 0.03693276211 0.2513616289 -0.9936914195 -0.04174958821 -0.10408811 0.02073608915 0.8437240981 -0.5363764171 0.1102151413 -0.5351510237 -0.8375356736 0.0001058040822 -0.06050291315 0
0.5914731381 0.4012494621 -0.04600478068 -0.01966386852 0.1445133219 0.4810139175 -0.002552836219 0.03734080673 0.2512795242 -0.9934082238 -0.04311621883 -0.1062124882 0.02141150544 0.8404646703 -0.5414431507 0.1126128252 -0.5401482479 -0.8340013321 0.0001087439026 -0.0611863583 0
0.5980798305 0.4057313762 -0.04651864922 -0.02009406153 0.1459866257 0.4803797793 -0.002609790216 0.03774854475 0.2511965226 -0.9931158309 -0.04451016464 -0.1083503191 0.02210022758 0.8371812344 -0.5464788749 0.1150327186 -0.5451113886 -0.8304342525 0.0001117382625 -0.06186980346 0
0.6038606864 0.4096530511 -0.04696828419 -0.02047398306 0.1472720081 0.4798197452 -0.002660129509 0.0381050614 0.2511231609 -0.9928522999 -0.04575239395 -0.110231706 0.02271382541 0.8342888375 -0.5508595263 0.1171682239 -0.5494259314 -0.8272863792 0.0001144035318 -0.06246781797 0
0.6104673789 0.4141349652 -0.04748215273 -0.02091216736 0.1487366811 0.4791738272 -0.002718236233 0.03851221558 0.2510384795 -0.9925421722 -0.04719796224 -0.1123939 0.02342766866 0.8309614294 -0.5558365292 0.1196293474 -0.5543243231 -0.8236585239 0.0001175017487 -0.06315126313 0
0.6170740713 0.4186168792 -0.04799602127 -0.02135458992 0.1501966872 0.4785216617 -0.002776956907 0.03891905363 0.2509529034 -0.9922223227 -0.04867127068 -0.114568625 0.02415499716 0.8276111299 -0.5607819128 0.1221122375 -0.5591877369 -0.8199985832 0.00012065621 -0.06383470829 0
0.6236807638 0.4230987933 -0.04850988981 -0.02180123399 0.1516519822 0.4778632734 -0.002836290937 0.03932557223 0.2508664336 -0.991892567 -0.05017245801 -0.1167555567 0.02489586835 0.8242383319 -0.5656954729 0.1246167377 -0.5640158657 -0.8163067879 0.0001238675121 -0.06451815344 0
0.6302874562 0.4275807074 -0.04902375835 -0.02225208269 0.1531025221 0.4771986871 -0.002896237728 0.03973176808 0.2507790709 -0.99155272 -0.05170165829 -0.118954369 0.02565033712 0.8208434302 -0.570577009 0.1271426898 -0.568808405 -0.812583371 0.0001271362531 -0.0652015986 0
0.6368941487 0.4320626215 -0.04953762688 -0.02270711896 0.1545482631 0.4765279279 -0.002956796674 0.04013763787 0.2506908162 -0.9912025959 -0.0532590008 -0.1211647341 0.02641845571 0.8174268222 -0.575426325 0.1296899346 -0.5735650523 -0.8088285675 0.0001304630323 -0.06588504376 0
0.6435008411 0.4365445356 -0.05005149542 -0.02316632561 0.1559891616 0.4758510214 -0.003017967166 0.0405431783 0.2506016704 -0.9908420077 -0.05484461006 -0.1233863224 0.0272002738 0.8139889069 -0.5802432287 0.1322583113 -0.5782855075 -0.8050426144 0.000133848451 -0.06656848891 0
0.6501075336 0.4410264497 -0.05056536396 -0.02362968527 0.1574251743 0.4751679929 -0.003079748587 0.04094838609 0.2505116344 -0.990470768 -0.05645860581 -0.1256188028 0.02799583843 0.8105300857 -0.5850275321 0.1348476578 -0.5829694727 -0.8012257504 0.0001372931119 -0.06725193407 0
0.656714226 0.4455083638 -0.0510792325 -0.02409718045 0.158856258 0.4744788684 -0.003142140315 0.04135325793 0.250420709 -0.9900886885 -0.05810110297 -0.1278618425 0.02880519401 0.8070507615 -0.5897790511 0.1374578108 -0.5876166524 -0.7973782165 0.000140797619 -0.06793537923 0
0.6633209185 0.4499902779 -0.05159310104 -0.02456879348 0.1602823698 0.4737836739 -0.003205141722 0.04175779055 0.2503288953 -0.9896955803 -0.05977221162 -0.1301151072 0.02962838231 0.8035513396 -0.594497606 0.1400886054 -0.5922267533 -0.7935002554 0.0001443625779 -0.06861882438 0
0.669927611 0.454472192 -0.05210696958 -0.02504450655 0.1617034668 0.4730824355 -0.003268752172 0.04216198066 0.2502361941 -0.9892912537 -0.061472037 -0.1323782611 0.03046544244 0.8000322268 -0.5991830212 0.1427398758 -0.5967994845 -0.7895921119 0.0001479885956 -0.06930226954 0
0.6765343034 0.4589541061 -0.05262083812 -0.02552430171 0.1631195066 0.4723751799 -0.003332971025 0.04256582498 0.2501426063 -0.9888755186 -0.06320067944 -0.1346509668 0.03131641086 0.7964938318 -0.6038351252 0.1454114546 -0.6013345575 -0.7856540325 0.0001516762804 -0.0699857147 0
0.6831409959 0.4634360202 -0.05313470666 -0.02600816083 0.1645304469 0.4716619336 -0.003397797634 0.04296932023 0.250048133 -0.9884481841 -0.06495823441 -0.1369328857 0.03218132134 0.7929365648 -0.6084537507 0.1481031733 -0.6058316862 -0.7816862657 0.0001554262421 -0.07066915986 0
0.6897476883 0.4679179343 -0.0536485752 -0.02649606567 0.1659362454 0.4709427237 -0.003463231346 0.04337246314 0.2499527751 -0.9880090588 -0.06674479243 -0.1392236777 0.03306020495 0.7893608379 -0.6130387349 0.150814862 -0.6102905867 -0.777689062 0.0001592390918 -0.07135260501 0
0.6963543808 0.4723998484 -0.05416244374 -0.02698799782 0.1673368604 0.4702175772 -0.003529271501 0.04377525045 0.2498565335 -0.9875579508 -0.0685604391 -0.1415230016 0.0339530901 0.7857670647 -0.6175899187 0.1535463496 -0.6147109778 -0.7736626735 0.0001631154416 -0.07203605017 0
0.7029610732 0.4768817625 -0.05467631228 -0.02748393873 0.1687322502 0.4694865214 -0.003595917435 0.04417767889 0.2497594092 -0.9870946677 -0.07040525508 -0.1438305148 0.03486000248 0.7821556603 -0.6221071477 0.1562974637 -0.6190925804 -0.7696073543 0.0001670559052 -0.07271949533 0
0.7095677657 0.4813636766 -0.05519018081 -0.02798386969 0.1701223732 0.468749584 -0.003663168474 0.0445797452 0.2496614032 -0.9866190167 -0.07227931603 -0.1461458735 0.03578096504 0.7785270413 -0.6265902717 0.1590680308 -0.6234351181 -0.7655233603 0.0001710610974 -0.07340294048 0
0.7161744581 0.4858455907 -0.05570404935 -0.02848777186 0.1715071883 0.4680067928 -0.003731023943 0.04498144613 0.2495625165 -0.9861308044 -0.07418269266 -0.1484687329 0.03671599805 0.7748816256 -0.6310391445 0.161857876 -0.6277383169 -0.7614109492 0.0001751316342 -0.07408638564 0
0.7227811506 0.4903275047 -0.05621791789 -0.02899562626 0.1728866544 0.4672581756 -0.003799483157 0.04538277842 0.2494627501 -0.9856298373 -0.07611545065 -0.1507987468 0.03766511903 0.7712198325 -0.6354536244 0.1646668233 -0.6320019052 -0.7572703805 0.0001792681327 -0.0747698308 0
0.729387843 0.4948094188 -0.05673178643 -0.02950741375 0.1742607308 0.4665037607 -0.003868545427 0.04578373882 0.2493621049 -0.9851159212 -0.07807765068 -0.1531355684 0.03862834276 0.7675420825 -0.6398335742 0.1674946954 -0.6362256141 -0.7531019154 0.0001834712114 -0.07545327595 0
0.7351686989 0.4987310937 -0.0571814214 -0.02995843902 0.1754585945 0.4658389142 -0.00392946906 0.04613427156 0.2492733204 -0.9846554697 -0.07981877125 -0.1551855981 0.03948274172 0.7643112933 -0.6436375999 0.1699844675 -0.6398884361 -0.7494318316 0.0001872040086 -0.07605129047 0
0.7417753914 0.5032130078 -0.05769528994 -0.030477549 0.1768224561 0.4650737054 -0.003999660178 0.04653452594 0.2491710304 -0.9841167503 -0.08183632112 -0.1575342451 0.04047243839 0.7606047621 -0.6479524501 0.1728473418 -0.6440366546 -0.7452117712 0.0001915335955 -0.07673473562 0
0.7483820838 0.5076949219 -0.05820915848 -0.03100053627 0.1781808118 0.4643027812 -0.004070452335 0.04693439912 0.2490678646 -0.9835645225 -0.08388345943 -0.1598886968 0.04147626501 0.7568834897 -0.6522323992 0.1757286248 -0.6481442342 -0.7409645755 0.0001959315464 -0.07741818078 0
0.7549887763 0.512176836 -0.05872302702 -0.03152738117 0.179533622 0.4635261705 -0.004141844816 0.04733388788 0.2489638241 -0.9829985912 -0.08596022728 -0.1622486024 0.0424942257 0.753147901 -0.6564773264 0.1786281345 -0.6522109157 -0.7366905123 0.000200398484 -0.07810162594 0
0.7615954688 0.51665875 -0.05923689556 -0.03205806386 0.1808808468 0.4627439027 -0.004213836904 0.04773298897 0.24885891 -0.9824187612 -0.08806666073 -0.1646136108 0.04352632179 0.7493984218 -0.6606871155 0.1815456882 -0.6562364426 -0.7323898514 0.0002049350318 -0.07878507109 0
0.7682021612 0.5211406641 -0.0597507641 -0.03259256439 0.1822224469 0.461956007 -0.004286427872 0.04813169919 0.2487531232 -0.9818248371 -0.09020279073 -0.1669833698 0.04457255186 0.7456354791 -0.6648616548 0.1844811016 -0.6602205608 -0.7280628642 0.0002095418145 -0.07946851625 0
0.7748088537 0.5256225782 -0.06026463264 -0.03313086268 0.1835583831 0.4611625132 -0.004359616989 0.04853001531 0.2486464648 -0.9812166233 -0.09236864316 -0.1693575267 0.04563291172 0.7418595002 -0.6690008365 0.1874341896 -0.6641630189 -0.7237098237 0.0002142194578 -0.08015196141 0
0.7814155461 0.5301044923 -0.06077850118 -0.03367293848 0.1848886164 0.460363451 -0.004433403517 0.04892793411 0.248538936 -0.9805939243 -0.09456423878 -0.171735728 0.04670739438 0.7380709137 -0.6731045578 0.1904047658 -0.6680635682 -0.7193310045 0.0002189685884 -0.08083540657 0
0.7880222386 0.5345864064 -0.06129236972 -0.03421877144 0.186213108 0.4595588505 -0.004507786713 0.0493254524 0.2484305378 -0.9799565445 -0.09678959326 -0.17411762 0.04779599008 0.7342701485 -0.6771727197 0.1933926428 -0.6719219625 -0.714926683 0.0002237898338 -0.08151885172 0
0.794628931 0.5390683205 -0.06180623826 -0.03476834104 0.1875318196 0.4587487418 -0.004582765827 0.04972256695 0.2483212714 -0.9793042881 -0.09904471712 -0.1765028481 0.04889868626 0.7304576344 -0.6812052281 0.196397632 -0.6757379583 -0.7104971371 0.0002286838225 -0.08220229688 0
0.8012356235 0.5435502346 -0.06232010679 -0.03532162666 0.1888447129 0.4579331555 -0.004658340103 0.05011927459 0.2482111377 -0.9786369595 -0.1013296158 -0.1788910574 0.05001546757 0.7266338017 -0.685201993 0.1994195438 -0.679511315 -0.7060426463 0.0002336511842 -0.08288574204 0
0.8078423159 0.5480321487 -0.06283397533 -0.03587860753 0.1901517498 0.457112122 -0.004734508781 0.0505155721 0.2481001379 -0.9779543633 -0.1036442896 -0.1812818926 0.05114631588 0.7227990812 -0.6891629289 0.2024581876 -0.6832417943 -0.7015634916 0.0002386925492 -0.08356918719 0
0.8144490084 0.5525140628 -0.06334784387 -0.03643926275 0.1914528927 0.4562856723 -0.004811271092 0.05091145629 0.2479882732 -0.9772563039 -0.1059887337 -0.183674998 0.05229121027 0.7189539041 -0.6930879548 0.2055133715 -0.6869291609 -0.6970599558 0.0002438085488 -0.08425263235 0
0.8210557008 0.5569959769 -0.06386171241 -0.03700357129 0.192748104 0.4554538373 -0.004888626264 0.05130692399 0.2478755446 -0.976542586 -0.108362938 -0.1860700176 0.053450127 0.7150987021 -0.696976994 0.2085849029 -0.6905731821 -0.692532323 0.0002489998152 -0.08493607751 0
0.8276623933 0.561477891 -0.06437558095 -0.03757151198 0.1940373464 0.4546166483 -0.004966573515 0.051701972 0.2477619534 -0.9758130144 -0.1107668876 -0.1884665953 0.05462303955 0.7112339072 -0.7008299742 0.2116725879 -0.694173628 -0.6879808789 0.0002542669814 -0.08561952266 0
0.8342690857 0.5659598051 -0.06488944949 -0.03814306355 0.1953205831 0.4537741365 -0.005045112061 0.05209659715 0.2476475006 -0.9750673942 -0.113200562 -0.1908643745 0.0558099186 0.7073599516 -0.7046468277 0.2147762316 -0.6977302714 -0.6834059107 0.0002596106815 -0.08630296782 0
0.8408757782 0.5704417192 -0.06540331803 -0.03871820456 0.1965977772 0.4529263336 -0.005124241111 0.05249079627 0.2475321874 -0.9743055308 -0.1156639361 -0.1932629986 0.05701073204 0.7034772677 -0.7084274912 0.2178956383 -0.7012428878 -0.678807707 0.00026503155 -0.08698641298 0
0.8474824707 0.5749236333 -0.06591718657 -0.03929691349 0.1978688922 0.4520732713 -0.005203959866 0.0528845662 0.247416015 -0.9735272295 -0.1181569791 -0.1956621111 0.05822544496 0.699586288 -0.7121719056 0.221030611 -0.7047112557 -0.6741865581 0.0002705302227 -0.08766985813 0
0.8540891631 0.5794055474 -0.06643105511 -0.03987916865 0.1991338919 0.4512149816 -0.005284267524 0.05327790376 0.2472989846 -0.9727322963 -0.1206796555 -0.1980613553 0.05945401964 0.6956874452 -0.7158800166 0.2241809521 -0.7081351561 -0.6695427555 0.0002761073359 -0.08835330329 0
0.859870019 0.5833272222 -0.06688069008 -0.0403915338 0.2002357219 0.4504597152 -0.005355019172 0.05362171697 0.24719588 -0.9720229341 -0.1229112741 -0.2001605215 0.0605403617 0.6922698476 -0.719094794 0.226949951 -0.7110944219 -0.6654610754 0.0002810521565 -0.0889513178 0
0.8664767115 0.5878091363 -0.06739455862 -0.04098037931 0.2014891586 0.4495917108 -0.005436428836 0.05401423534 0.2470772438 -0.971196294 -0.125489399 -0.2025590511 0.06179481583 0.6883574273 -0.7227347044 0.230128571 -0.7144343658 -0.6607755881 0.0002867780636 -0.08963476296 0
0.8730834039 0.5922910504 -0.06790842716 -0.04157270806 0.2027363772 0.4487185718 -0.005518425059 0.05440631228 0.2469577531 -0.970352466 -0.1280970261 -0.2049566872 0.06306300776 0.6844383874 -0.7263381794 0.2333219852 -0.7177292287 -0.6560682933 0.0002925842452 -0.09031820812 0
0.8796900964 0.5967729645 -0.0684222957 -0.0421684979 0.2039773425 0.4478403309 -0.005601007015 0.05479794465 0.2468374089 -0.9694912574 -0.1307340998 -0.2073530734 0.06434488896 0.6805131601 -0.7299051816 0.236529992 -0.7209788028 -0.6513394881 0.0002984713406 -0.09100165328 0
0.8862967888 0.6012548786 -0.06893616423 -0.04276772655 0.2052120194 0.446957021 -0.005684173872 0.05518912932 0.2467162124 -0.968612476 -0.1334005594 -0.2097478535 0.06564040813 0.6765821774 -0.7334356782 0.2397523892 -0.7241828829 -0.646589471 0.0003044399902 -0.09168509843 0
0.8929034813 0.6057367927 -0.06945003277 -0.04337037164 0.2064403734 0.4460686749 -0.005767924791 0.05557986313 0.246594165 -0.9677159303 -0.1360963391 -0.2121406718 0.06694951117 0.672645871 -0.7369296406 0.2429889732 -0.727341267 -0.6418185415 0.0003104908346 -0.09236854359 0
0.8995101737 0.6102187068 -0.06996390131 -0.04397641063 0.2076623698 0.4451753259 -0.005852258929 0.05597014298 0.2464712678 -0.9668014293 -0.138821368 -0.2145311728 0.06827214121 0.6687046722 -0.7403870448 0.24623954 -0.7304537557 -0.6370270008 0.0003166245156 -0.09305198875 0
0.9061168662 0.6147006209 -0.07047776985 -0.04458582092 0.2088779746 0.4442770074 -0.005937175435 0.05635996572 0.2463475221 -0.9658687824 -0.14157557 -0.2169190014 0.06960823861 0.6647590118 -0.7438078713 0.2495038843 -0.7335201526 -0.6322151512 0.0003228416754 -0.0937354339 0
0.9127235586 0.6191825349 -0.07099163839 -0.04519857974 0.2100871538 0.4433737529 -0.006022673454 0.05674932826 0.2462229291 -0.9649177998 -0.144358864 -0.2193038029 0.07095774097 0.6608093201 -0.7471921048 0.2527818003 -0.7365402642 -0.6273832964 0.0003291429571 -0.09441887906 0
