0.007499336836 0.002999734734 0 -1.912155564e-06 0.001912320497 0.5099952196 -2.40040694e-07 0.0004763737299 0.2549994065 -0.9999999999 -5.500263822e-08 -1.113574508e-05 2.809114828e-08 0.9999721607 -0.007461759828 1.113584548e-05 -0.007461759828 -0.9999721606 2.913984354e-08 0
0.01492715036 0.005970860145 0 -7.575775904e-06 0.003806341356 0.5099810606 -9.566442631e-07 0.0009500828616 0.2549976347 -0.999999999 -4.362439664e-07 -4.411725548e-05 2.190283858e-07 0.9998897047 -0.01485188118 4.41188686e-05 -0.01485188118 -0.9998897038 5.153505748e-08 0
0.02235496389 0.008941985556 0 -1.699081747e-05 0.005700240413 0.509957523 -2.152935109e-06 0.001424491257 0.2549946766 -0.9999999951 -1.466440105e-06 -9.89398513e-05 7.344499609e-07 0.999752637 -0.02224106152 9.894799243e-05 -0.02224106149 -0.9997526321 3.159141539e-08 0
0.02978277742 0.01191311097 0 -3.015691872e-05 0.007593957067 0.5099246077 -3.828264973e-06 0.0018989586 0.2549905339 -0.9999999846 -3.468396484e-06 -0.0001755940695 1.735773586e-06 0.9995609698 -0.02962883272 0.0001756197429 -0.02962883257 -0.9995609543 2.40206125e-08 0
0.03721059094 0.01488423638 0 -4.70735741e-05 0.009487430721 0.5098823161 -5.981981782e-06 0.002373352854 0.2549852082 -0.9999999624 -6.764778397e-06 -0.000274066678 3.384360705e-06 0.9993147202 -0.03701472679 0.0002741292621 -0.03701472633 -0.9993146826 1.069280069e-07 0
0.04463840447 0.01785536179 0 -6.774013402e-05 0.01138060079 0.5098306497 -8.613749336e-06 0.002847663362 0.2549787004 -0.9999999222 -1.167806447e-05 -0.0003943406775 5.841497812e-06 0.9990139103 -0.04439827593 0.0003944703082 -0.04439827477 -0.9990138325 2.143390045e-07 0
0.05113774131 0.02045509652 0 -8.889884721e-05 0.01303682795 0.5097777529 -1.130855673e-05 0.003262623521 0.2549720367 -0.999999866 -1.755689081e-05 -0.0005174481495 8.781478098e-06 0.9987059663 -0.05085659027 0.0005176714378 -0.050856588 -0.9987058323 3.269609543e-07 0
0.05856555483 0.02342622193 0 -0.0001165942261 0.01492926556 0.5097085144 -1.483625178e-05 0.003736801584 0.2549633134 -0.9999997694 -2.637020566e-05 -0.0006785408327 1.318902375e-05 0.9983029324 -0.05823448266 0.0006789249583 -0.05823447818 -0.9983027019 4.761970871e-07 0
0.06599336836 0.02639734734 0 -0.0001480368401 0.01682122548 0.5096299079 -1.884164905e-05 0.004210919291 0.2549534088 -0.9999996283 -3.772609004e-05 -0.0008613650706 1.886823154e-05 0.9978454289 -0.06560868667 0.0008619843574 -0.06560867854 -0.9978450573 6.469049992e-07 0
0.07342118189 0.02936847276 0 -0.0001832254818 0.01871264721 0.5095419363 -2.332468471e-05 0.004684980085 0.2549423232 -0.9999994306 -5.194586019e-05 -0.001065889291 2.597992123e-05 0.9973334966 -0.07297873569 0.001066838036 -0.07297872183 -0.9973329274 8.388570413e-07 0
0.08084899542 0.03233959817 0 -0.0002221588004 0.02060347023 0.509444603 -2.828530005e-05 0.005158985328 0.2549300566 -0.9999991629 -6.93504193e-05 -0.001292078168 3.468474668e-05 0.9967671815 -0.08034416353 0.001293473015 -0.08034414108 -0.9967663447 1.051945238e-06 0
0.08827680894 0.03531072358 0 -0.0002648353007 0.02249363409 0.5093379117 -3.372343715e-05 0.005632934925 0.2549166092 -0.9999988103 -9.026021112e-05 -0.001539892631 4.514317728e-05 0.9961465343 -0.08770450444 0.001541874934 -0.08770446961 -0.9961453451 1.286130349e-06 0
0.09477614578 0.03791045831 0 -0.0003052465329 0.02414693922 0.5092368837 -3.887347748e-05 0.006047594324 0.2549038742 -0.9999984194 -0.0001116831923 -0.001774436457 5.585880426e-05 0.9955589423 -0.09414026414 0.001777069968 -0.09414021446 -0.9955573625 1.508350107e-06 0
0.1022039593 0.04088158372 0 -0.0003549369701 0.02603570424 0.5091126576 -4.520680536e-05 0.006521436039 0.2548882132 -0.9999978629 -0.0001400271959 -0.002062680555 7.003703861e-05 0.9948365759 -0.1014898136 0.002066241395 -0.1014897412 -0.99483444 1.782122604e-06 0
0.1096317728 0.04385270913 0 -0.0004083654915 0.0279236364 0.5089790863 -5.201747587e-05 0.006995217179 0.2548713718 -0.9999971709 -0.0001727947305 -0.002372417078 8.64290319e-05 0.9940600503 -0.1088329402 0.002377130798 -0.1088328373 -0.9940572231 2.077069912e-06 0
0.1170595864 0.04682383454 0 -0.000465530046 0.02981067536 0.5088361749 -5.93054198e-05 0.007468935103 0.2548533502 -0.9999963232 -0.0002103040234 -0.002703592483 0.0001051943634 0.993229435 -0.1161691804 0.00270971848 -0.1161690377 -0.9932257609 2.393256152e-06 0
0.1244873999 0.04979495996 0 -0.000526428439 0.03169676079 0.5086839289 -6.707056375e-05 0.007942586895 0.2548341487 -0.999995298 -0.0002528726174 -0.003056149509 0.0001264923374 0.9923448042 -0.1234980715 0.003063983367 -0.1234978774 -0.9923401062 2.730757633e-06 0
0.1319152134 0.05276608537 0 -0.0005910583328 0.03358183245 0.5085223542 -7.531283002e-05 0.008416169434 0.2548137673 -0.9999940722 -0.0003008173253 -0.003430027186 0.0001504819653 0.9914062371 -0.1308191514 0.003439903013 -0.1308188921 -0.991400315 3.089660833e-06 0
0.1393430269 0.05573721078 0 -0.0006594172466 0.03546583009 0.5083514569 -8.403213642e-05 0.008889679445 0.2547922063 -0.9999926212 -0.0003544541839 -0.003825160836 0.0001773219463 0.9904138178 -0.1381319589 0.003837453598 -0.1381316179 -0.9904064469 3.470061065e-06 0
0.1458423638 0.05833694551 0 -0.0007222881986 0.03711339969 0.5081942795 -9.205278346e-05 0.009303938545 0.254772373 -0.9999911466 -0.0004063035994 -0.004188285663 0.0002032696178 0.9895013449 -0.1445235175 0.004203034722 -0.1445230893 -0.9894925018 3.820626549e-06 0
0.1532701773 0.06130807092 0 -0.0007976318401 0.03899522139 0.5080059204 -0.0001016663028 0.009777303354 0.2547486009 -0.9999892023 -0.0004714621628 -0.004623087087 0.0002358805927 0.9884081957 -0.1518195739 0.00464107435 -0.1518190251 -0.988397412 4.241617819e-06 0
0.1606979908 0.06427919633 0 -0.0008766965728 0.0408757962 0.5078082586 -0.0001117566007 0.01025058566 0.2547236499 -0.9999869546 -0.0005432167465 -0.00507893799 0.0002717962793 0.9872614625 -0.1591060365 0.005100668811 -0.1591053413 -0.9872484356 4.684422415e-06 0
0.1681258044 0.06725032174 0 -0.0009594793623 0.04275506407 0.5076013016 -0.0001223235771 0.01072378185 0.2546975201 -0.9999843733 -0.0006218799495 -0.00555575943 0.0003111739962 0.9860612477 -0.1663824477 0.005581788984 -0.1663815765 -0.9860456453 5.149163584e-06 0
0.1755536179 0.07022144715 0 -0.001045977031 0.04463296504 0.5073850574 -0.0001333671276 0.01119688829 0.2546702119 -0.9999814271 -0.0007077633728 -0.006053468804 0.000354170661 0.9848076588 -0.1736483506 0.006084404383 -0.1736472694 -0.9847891175 5.635970932e-06 0
0.1829814314 0.07319257257 0 -0.001136186261 0.04650943917 0.5071595343 -0.0001448871427 0.01166990129 0.2546417256 -0.9999780834 -0.0008011775745 -0.006571979864 0.0004009427721 0.9835008079 -0.1809032896 0.006608483164 -0.1809019598 -0.9834789316 6.144980221e-06 0
0.1894807682 0.0757923073 0 -0.001218161259 0.04815013653 0.5069545969 -0.0001553579164 0.01208370809 0.2546158338 -0.9999748046 -0.0008893359046 -0.00704267035 0.0004450881113 0.9823137134 -0.18724201 0.007084632707 -0.187240427 -0.9822885678 6.608687184e-06 0
0.1969085818 0.07876343271 0 -0.001315320223 0.05002377407 0.5067116994 -0.0001677709922 0.01255653587 0.2545851393 -0.9999706223 -0.0009977035443 -0.007599939447 0.0004993594612 0.9809073146 -0.1944751673 0.007648864758 -0.1944732492 -0.9808779997 7.159711858e-06 0
0.2043363953 0.08173455812 0 -0.001416180412 0.05189581286 0.506459549 -0.0001806601925 0.01302925947 0.2545532674 -0.9999659406 -0.0011144886 -0.008177742044 0.0005578536928 0.9794480024 -0.201696057 0.008234461066 -0.2016937493 -0.9794140213 7.733361832e-06 0
0.2117642088 0.08470568353 0 -0.001520737958 0.05376619322 0.5061981551 -0.00019402539 0.01350187512 0.2545202185 -0.9999607215 -0.001239997163 -0.008775977865 0.00062072551 0.9779359071 -0.2089042278 0.008841384524 -0.2089014698 -0.9778967255 8.329795511e-06 0
0.2191920224 0.08767680894 0 -0.001628988848 0.05563485557 0.5059275279 -0.0002078664525 0.01397437905 0.254485993 -0.9999549256 -0.001374534065 -0.009394543044 0.0006881291101 0.9763711637 -0.2160992299 0.009469596677 -0.216095954 -0.9763262085 8.949176908e-06 0
0.2266198359 0.09064793435 0 -0.001740928931 0.05750174036 0.5056476777 -0.0002221832435 0.01444676746 0.2544505912 -0.999948512 -0.00151840283 -0.01003333014 0.0007602181653 0.9747539121 -0.2232806148 0.01011905772 -0.2232767461 -0.9747025697 9.591675568e-06 0
0.2340476494 0.09361905976 0 -0.001856553913 0.05936678816 0.5053586152 -0.0002369756213 0.01491903654 0.2544140134 -0.9999414388 -0.001671905635 -0.01069222815 0.0008371458057 0.9730842966 -0.2304479353 0.01078972651 -0.230443391 -0.973025912 1.02574665e-05 0
0.2405469862 0.0962187945 0 -0.001960745058 0.06099715139 0.5050981374 -0.000250308967 0.01533217111 0.2543810435 -0.9999346744 -0.001814360002 -0.01128517117 0.000908546597 0.9715805454 -0.2367074531 0.0113939253 -0.2367022432 -0.9715154279 1.085928221e-05 0
0.2479747998 0.09918991991 0 -0.00208326716 0.06285859486 0.5047918321 -0.0002659926727 0.01580420619 0.2543422619 -0.999926246 -0.001986736203 -0.01198146561 0.0009949573533 0.9698131531 -0.2438472026 0.01210424301 -0.243841139 -0.9697396487 1.156923661e-05 0
0.2554026133 0.1021610453 0 -0.002209461033 0.06471803085 0.5044763474 -0.0002821515326 0.01627611096 0.2543023053 -0.9999170293 -0.002169607282 -0.01269753211 0.001086643761 0.9679938378 -0.2509716102 0.01283564268 -0.2509645846 -0.9679111651 1.230301629e-05 0
0.2628304268 0.1051321707 0 -0.002339321835 0.06657540023 0.5041516954 -0.0002987853869 0.01674788162 0.2542611744 -0.9999069771 -0.00236326977 -0.01343324601 0.00118375668 0.966122762 -0.2580802345 0.01358807796 -0.2580721288 -0.9660300929 1.306081682e-05 0
0.2702582404 0.1081032961 0 -0.002472844589 0.06843064396 0.5038178885 -0.0003158940714 0.01721951433 0.2542188693 -0.9998960408 -0.002568018635 -0.01418847915 0.001286446344 0.9642000925 -0.2651726356 0.01436150118 -0.2651633212 -0.9640965514 1.384283896e-05 0
0.2776860539 0.1110744216 0 -0.002610024175 0.07028370309 0.5034749396 -0.0003334774171 0.01769100525 0.2541753907 -0.9998841704 -0.002784147241 -0.0149630999 0.001394862339 0.9622260007 -0.2722483753 0.01515586334 -0.2722377124 -0.962110663 1.464928854e-05 0
0.2841853907 0.1136741563 0 -0.002733051927 0.0719032915 0.5031673702 -0.0003492520788 0.0181034405 0.2541363844 -0.9998729773 -0.002982824081 -0.01565669084 0.001494540805 0.9604566263 -0.2784256369 0.01586806716 -0.2784136701 -0.9603301686 1.537513574e-05 0
0.2916132042 0.1166452817 0 -0.002877073788 0.07375209592 0.5028073155 -0.0003677249425 0.01857465525 0.2540907064 -0.9998592165 -0.003221074632 -0.01646729656 0.001614094532 0.9583865957 -0.2854689614 0.01670155312 -0.2854553519 -0.9582464715 1.622795914e-05 0
0.2990410178 0.1196164071 0 -0.003024736987 0.07559854677 0.5024381575 -0.0003866719555 0.01904571719 0.2540438561 -0.9998443709 -0.003471539009 -0.01729689226 0.001739800898 0.9562656608 -0.2924943743 0.01755582974 -0.2924789468 -0.9561107983 1.710582971e-05 0
0.3064688313 0.1225875325 0 -0.003176035863 0.07744258547 0.5020599103 -0.0004060929307 0.01951662249 0.2539958338 -0.9998283855 -0.00373450395 -0.01814533304 0.001871806825 0.9540940108 -0.299501444 0.0184308429 -0.2994840098 -0.9539232841 1.800897255e-05 0
0.3138966448 0.1255586579 0 -0.003330964619 0.07928415355 0.5016725885 -0.0004259876762 0.01998736731 0.2539466402 -0.9998112041 -0.004010254379 -0.01901247059 0.002010258505 0.9518718388 -0.306489741 0.01932653716 -0.306470097 -0.9516840676 1.893761756e-05 0
0.3213244584 0.1285297833 0 -0.003489517317 0.08112319262 0.5012762067 -0.0004463559956 0.02045794781 0.2538962757 -0.9997927693 -0.004299073365 -0.01989815323 0.002155301385 0.9495993428 -0.3134588376 0.02024285577 -0.3134367659 -0.9493932908 1.989199944e-05 0
0.3287522719 0.1315009088 0 -0.003651687884 0.08295964444 0.5008707803 -0.0004671976876 0.02092836016 0.2538447409 -0.9997730222 -0.004601242081 -0.02080222595 0.002307080146 0.9472767249 -0.3204083081 0.02117974065 -0.3203835749 -0.9470510987 2.087235759e-05 0
0.3352516087 0.1341006435 0 -0.003796550032 0.08456437169 0.5005086249 -0.00048582232 0.02133983 0.2537986882 -0.99975462 -0.004876810222 -0.02160825079 0.002445525238 0.945203481 -0.3264726618 0.02201633908 -0.3264453955 -0.9449596206 2.175167136e-05 0
0.3426794222 0.1370717689 0 -0.003965487248 0.08639581574 0.5000862819 -0.0005075510275 0.0218099167 0.2537449602 -0.9997322499 -0.005204760752 -0.02254637552 0.002610321016 0.942787445 -0.3333841924 0.02299162473 -0.333353782 -0.9425214275 2.278139642e-05 0
0.3501072358 0.1400428943 0 -0.004138024101 0.08822450564 0.4996549397 -0.0005297525033 0.02227982422 0.2536900634 -0.9997083916 -0.005546858448 -0.02350242619 0.002782264237 0.940321893 -0.3402748838 0.0239873025 -0.3402410467 -0.9400322545 2.383781177e-05 0
0.3575350493 0.1430140197 0 -0.004314153981 0.09005038356 0.499214615 -0.0005524265282 0.02274954871 0.2536339982 -0.9996829818 -0.005903376742 -0.02447623502 0.00296149647 0.9378070441 -0.3471443181 0.02500330931 -0.3471067533 -0.9374922594 2.492117453e-05 0
0.3649628628 0.1459851451 0 -0.004493870146 0.09187339182 0.4987653246 -0.0005755728782 0.02321908634 0.2535767653 -0.9996559555 -0.006274586976 -0.02546763096 0.003148158439 0.9352431217 -0.3539920795 0.02603958077 -0.3539504666 -0.9349016031 2.603174627e-05 0
0.3723906764 0.1489562705 0 -0.004677165712 0.09369347282 0.4983070857 -0.0005991913249 0.02368843328 0.2535183652 -0.9996272467 -0.006660758352 -0.02647643974 0.003342390007 0.9326303536 -0.3608177546 0.02709605123 -0.3607717532 -0.9322604497 2.716979295e-05 0
0.3788900132 0.1515560053 0 -0.004840480049 0.09528359726 0.4978987999 -0.0006202445493 0.02409895241 0.2534663082 -0.9996006937 -0.007011141089 -0.02737329198 0.003518661352 0.9303042949 -0.366771779 0.02803697978 -0.3667216421 -0.9299081487 2.81883342e-05 0
0.3863178267 0.1545271307 0 -0.005030467975 0.09709803489 0.4974238301 -0.0006447475447 0.02456793147 0.2534057212 -0.9995686483 -0.007426082585 -0.02841426904 0.003727459835 0.9276005695 -0.373554935 0.02913114194 -0.3734997145 -0.927172767 2.937862822e-05 0
0.3937456402 0.1574982561 0 -0.005224014764 0.09890938042 0.4969399631 -0.0006697219537 0.02503670883 0.2533439688 -0.999534724 -0.007856746922 -0.02947214019 0.00394422509 0.9248486766 -0.380314828 0.03024530721 -0.3802541214 -0.924387378 3.059718569e-05 0
0.4011734538 0.1604693815 0 -0.005421113007 0.1007175768 0.4964472175 -0.0006951675296 0.02550528065 0.2532810515 -0.9994988502 -0.00830339465 -0.03054671891 0.004169093495 0.9220488603 -0.3870510533 0.031379405 -0.3869844349 -0.9215521581 3.184428901e-05 0
0.4086012673 0.1634405069 0 -0.005621755164 0.102522567 0.4959456121 -0.000721084021 0.02597364311 0.25321697 -0.9994609552 -0.008766283991 -0.03163781553 0.004402200493 0.9192013687 -0.3937632085 0.03253336345 -0.3936902285 -0.918667287 3.312022468e-05 0
0.4160290808 0.1664116323 0 -0.005825933557 0.1043242943 0.4954351661 -0.0007474711721 0.02644179239 0.2531517249 -0.9994209659 -0.009245670801 -0.03274523733 0.004643680569 0.9163064542 -0.4004508936 0.03370710944 -0.4003710773 -0.9157329476 3.442528326e-05 0
0.4234568944 0.1693827577 0 -0.006033640377 0.1061227019 0.4949158991 -0.0007743287224 0.02690972466 0.253085317 -0.9993788082 -0.00974180853 -0.03386878851 0.004893667242 0.9133643732 -0.4071137111 0.03490056861 -0.407026558 -0.9127493256 3.575975932e-05 0
0.4299562312 0.1719824925 0 -0.006218272013 0.107693541 0.49445432 -0.0007982147447 0.02731898437 0.2530262565 -0.9993400825 -0.01018986742 -0.03486497069 0.00511948786 0.9107515658 -0.4129229665 0.03596095693 -0.4128289622 -0.9100983779 3.695179197e-05 0
0.4373840447 0.1749536179 0 -0.006432573114 0.1094855721 0.4939185672 -0.0008259535749 0.02778649946 0.2529576699 -0.9992936555 -0.01071808771 -0.03601822619 0.005385780833 0.9077217529 -0.4195380945 0.0371911735 -0.4194357424 -0.9070228633 3.834223341e-05 0
0.4448118582 0.1779247433 0 -0.006650379439 0.1112741215 0.4933740514 -0.0008541620291 0.02825378655 0.2528879223 -0.9992448409 -0.01126377386 -0.03718703134 0.005660958727 0.9046455332 -0.4261272261 0.0384408825 -0.4260159465 -0.9038986182 3.976296096e-05 0
0.4522396718 0.1808958687 0 -0.006871682664 0.1130591329 0.4928207933 -0.000882839829 0.02872084185 0.2528170144 -0.9991935602 -0.01182716962 -0.03837117873 0.005945151157 0.9015231788 -0.4326899735 0.03971000473 -0.4325691576 -0.9007258403 4.121428415e-05 0
0.4596674853 0.1838669941 0 -0.007096474327 0.1148405505 0.4922588142 -0.0009119866913 0.02918766153 0.2527449469 -0.9991397338 -0.0124085162 -0.03957045801 0.006238486698 0.8983549657 -0.4392259519 0.04099845979 -0.4390949604 -0.8975047309 4.269651625e-05 0
0.4670952988 0.1868381195 0 -0.007324745836 0.1166183184 0.4916881354 -0.0009416023282 0.02965424179 0.2526717206 -0.999083281 -0.01300805215 -0.04078465593 0.006541092864 0.8951411738 -0.4457347789 0.04230616603 -0.4455929416 -0.894235494 4.420997422e-05 0
0.4735946357 0.1894378543 0 -0.007527331114 0.1181708278 0.4911816722 -0.0009679003224 0.03006230012 0.2526066975 -0.9990316663 -0.0135477526 -0.04185914722 0.006813577495 0.8922919399 -0.4514074314 0.04346613588 -0.4512555289 -0.8913355949 4.556011683e-05 0
0.4810224492 0.1924089797 0 -0.007762103721 0.1199416027 0.4905947407 -0.00099839412 0.03052842119 0.2525313004 -0.9989700681 -0.01418202734 -0.04310073279 0.007133906027 0.8889934555 -0.4578643286 0.04480971381 -0.4577002361 -0.8879766796 4.713299014e-05 0
0.4884502627 0.1953801051 0 -0.00800033074 0.1217085684 0.4899991731 -0.001029355839 0.03099429191 0.2524547466 -0.9989056058 -0.01483516239 -0.04435660796 0.007463865758 0.8856502186 -0.4642929904 0.04617230145 -0.4641159427 -0.8845702405 4.873802058e-05 0
0.4958780762 0.1983512305 0 -0.008242003073 0.1234716697 0.4893949923 -0.001060785174 0.03145990846 0.2523770368 -0.9988381946 -0.01550738579 -0.04562654846 0.007803579964 0.8822625239 -0.4706930455 0.04755381245 -0.4705022422 -0.8811164934 5.037553885e-05 0
0.5033058898 0.2013223559 0 -0.008487111489 0.1252308515 0.4887822213 -0.001092681814 0.03192526704 0.2522981719 -0.9987677488 -0.01619892282 -0.04691032727 0.008153170791 0.87883067 -0.4770641249 0.04895415928 -0.47685873 -0.8776156573 5.20458791e-05 0
0.5107337033 0.2042934813 0 -0.008735646629 0.1269860589 0.4881608834 -0.001125045445 0.03239036387 0.2522181526 -0.9986941816 -0.01690999589 -0.04820771462 0.008512759241 0.8753549592 -0.483405863 0.05037325322 -0.4831850033 -0.8740679538 5.374937887e-05 0
0.5181615168 0.2072646067 0 -0.008987599003 0.1287372373 0.4875310025 -0.001157875747 0.03285519515 0.2521369798 -0.998617405 -0.01764082458 -0.04951847803 0.008882465158 0.8718356975 -0.4897178967 0.05181100434 -0.4894806614 -0.8704736079 5.548637899e-05 0
0.5246608537 0.2098643415 0 -0.009210852975 0.1302661705 0.4869728676 -0.001186984822 0.0332617017 0.2520650079 -0.9985475232 -0.01829667586 -0.05067618377 0.009214350644 0.8687208616 -0.4952162764 0.05308426972 -0.4949639344 -0.8672904727 5.703400533e-05 0
0.5320886672 0.2128354669 0 -0.009469186642 0.1320096476 0.4863270334 -0.001220689255 0.03372602486 0.2519816743 -0.9984644891 -0.019065128 -0.0520113914 0.009603345745 0.8651207795 -0.5014716469 0.05455675661 -0.5012011151 -0.8636092881 5.883474875e-05 0
0.5395164807 0.2158065923 0 -0.009730909548 0.1337489394 0.4856727261 -0.001254859414 0.03419007158 0.2518971896 -0.9983779878 -0.01985395074 -0.0533592919 0.0100027963 0.8614780467 -0.5076962864 0.05604763562 -0.5074065389 -0.8598821238 6.066999059e-05 0
0.5469442942 0.2187777177 0 -0.009996011708 0.1354839919 0.4850099707 -0.001289494962 0.03465383808 0.2518115545 -0.9982879277 -0.02066335222 -0.05471964258 0.01041281753 0.8577929831 -0.5138898437 0.05755681228 -0.5135798128 -0.8561092157 6.254008418e-05 0
0.5543721078 0.2217488431 0 -0.01026448301 0.1372147511 0.4843387925 -0.001324595558 0.03511732058 0.2517247699 -0.9981942161 -0.02149353755 -0.05609219819 0.01083352345 0.8540659123 -0.5200519707 0.05908419098 -0.5197205454 -0.8522908031 6.444538591e-05 0
0.5617999213 0.2247199685 0 -0.01053631321 0.1389411635 0.483659217 -0.001360160855 0.03558051531 0.2516368368 -0.9980967597 -0.02234470881 -0.05747671093 0.01126502684 0.8502971613 -0.5261823226 0.06062967493 -0.5258283478 -0.8484271278 6.638625523e-05 0
0.5682992581 0.2273197033 0 -0.01077691184 0.1404481666 0.4830577204 -0.001391661414 0.03598557167 0.2515589537 -0.9980083391 -0.02310685516 -0.05869777149 0.01165153729 0.8469655733 -0.531520046 0.06199674839 -0.5311453576 -0.8450094747 6.81139773e-05 0
0.5757270717 0.2302908287 0 -0.01105501195 0.1421662847 0.4823624701 -0.001428097075 0.03644821665 0.2514688693 -0.9979036057 -0.02399790883 -0.06010402735 0.0121035855 0.8431195657 -0.5375899005 0.06357591486 -0.5371903743 -0.8410615939 7.012251514e-05 0
0.5831548852 0.2332619541 0 -0.01133644082 0.1438799026 0.4816588979 -0.001464996415 0.03691056303 0.2513776388 -0.9977948535 -0.02491051203 -0.06152151419 0.01256674837 0.8392328375 -0.5436270057 0.06517290198 -0.5432013539 -0.837069162 7.21676706e-05 0
0.5905826987 0.2362330795 0 -0.01162118773 0.1455889676 0.4809470307 -0.00150235907 0.03737260703 0.2512852632 -0.9976819855 -0.02584485465 -0.06294997471 0.01304113377 0.8353057289 -0.5496310291 0.06678760857 -0.5491779154 -0.8330324319 7.424981456e-05 0
0.5980105122 0.2392042049 0 -0.01190924183 0.1472934268 0.4802268954 -0.00154018467 0.03783434489 0.2511917433 -0.9975649038 -0.0268011234 -0.06438914928 0.01352684825 0.8313385835 -0.5556016415 0.06841993231 -0.5551196803 -0.8289516593 7.63693207e-05 0
0.6054383258 0.2421753303 0 -0.01220059214 0.1489932278 0.4794985196 -0.001578472844 0.03829577286 0.2510970802 -0.9974435096 -0.02777950174 -0.06583877592 0.01402399706 0.8273317482 -0.5615385169 0.07006976978 -0.5610262719 -0.8248271029 7.852656554e-05 0
0.6128661393 0.2451464557 0 -0.01249522757 0.150688318 0.4787619311 -0.001617223211 0.03875688719 0.2510012748 -0.9973177034 -0.02878016987 -0.06729859032 0.01453268412 0.8232855731 -0.5674413329 0.07173701645 -0.5668973161 -0.8206590239 8.072192834e-05 0
0.6193654761 0.2477461905 0 -0.01275571959 0.1521676168 0.478110701 -0.001651508627 0.03916010199 0.2509165088 -0.9972039248 -0.02967417822 -0.06858407559 0.01498733094 0.8197131767 -0.5725781064 0.07321005525 -0.5720050272 -0.8169764603 8.267443965e-05 0
0.6267932897 0.2507173159 0 -0.01305648428 0.1538537342 0.4773587893 -0.001691124575 0.03962061812 0.2508185641 -0.9970695748 -0.03071711389 -0.07006227187 0.01551792766 0.8155941943 -0.5784162032 0.07490965857 -0.5778084191 -0.8127274905 8.494230529e-05 0
0.6342211032 0.2536884413 0 -0.01336050151 0.1555349917 0.4765987462 -0.001731201605 0.04008080984 0.2507194799 -0.9969305218 -0.03178283894 -0.07154988359 0.01606035393 0.8114368964 -0.5842193322 0.07662636442 -0.5835752002 -0.8084357649 8.724939428e-05 0
0.6416489167 0.2566595667 0 -0.0136677597 0.1572113375 0.4758306007 -0.001771739323 0.0405406734 0.2506192572 -0.9967866631 -0.03287152063 -0.07304663786 0.01661470842 0.8072416455 -0.589987184 0.07836006403 -0.5893050051 -0.8041015554 8.959609619e-05 0
0.6490767302 0.2596306921 0 -0.01397824717 0.1588827204 0.4750543821 -0.001812737327 0.04100020507 0.2505178969 -0.9966378953 -0.03398332283 -0.07455225967 0.01718108845 0.8030088067 -0.5957194529 0.08011064756 -0.5949974707 -0.7997251365 9.198280318e-05 0
0.6565045438 0.2626018175 0 -0.0142919521 0.1605490892 0.4742701198 -0.001854195213 0.04145940111 0.2504154001 -0.996484114 -0.03511840596 -0.07606647191 0.01775958991 0.7987387485 -0.6014158367 0.08187800408 -0.6006522365 -0.7953067856 9.440990993e-05 0
0.6639323573 0.2655729429 0 -0.01460886256 0.1622103931 0.4734778436 -0.001896112573 0.04191825779 0.2503117679 -0.9963252142 -0.03627692698 -0.07758899541 0.01835030733 0.7944318423 -0.6070760366 0.08366202162 -0.606268944 -0.7908467827 9.687781363e-05 0
0.6704316941 0.2681726777 0 -0.01488877929 0.1636598392 0.4727780518 -0.001933166848 0.04231947607 0.250220159 -0.9961818949 -0.03730998002 -0.07892780029 0.01887727917 0.7906333666 -0.6119987973 0.08523661536 -0.6111520637 -0.7869103344 9.907100973e-05 0
0.6778595077 0.2711438031 0 -0.01521166756 0.1653115097 0.4719708311 -0.001975944601 0.04277768642 0.2501144005 -0.9960131122 -0.03851285801 -0.08046514791 0.01949115128 0.7862583814 -0.6175903599 0.0870515668 -0.6166964548 -0.7823729976 0.0001016164868 0
0.6852873212 0.2741149285 0 -0.0155377264 0.1669579699 0.471155684 -0.002019180624 0.04323554671 0.2500075095 -0.995838905 -0.03973960568 -0.08200999301 0.02011750313 0.781847632 -0.6231449 0.08888285144 -0.6222017712 -0.7777948281 0.0001042039164 0
0.6927151347 0.2770860539 0 -0.01586694343 0.1685991699 0.4703326414 -0.002062874492 0.04369305323 0.2498994872 -0.9956591655 -0.04099036634 -0.08356204877 0.02075642369 0.7774015009 -0.6286621329 0.09073035327 -0.6276676639 -0.7731761162 0.0001068337049 0
0.7001429482 0.2800571793 0 -0.01619930613 0.1702350597 0.4695017347 -0.002107025773 0.04415020227 0.2497903345 -0.9954737852 -0.04226527974 -0.08512102651 0.02140800048 0.7729203733 -0.6341417776 0.09259395521 -0.6330937867 -0.7685171545 0.0001095062614 0
0.7075707618 0.2830283047 0 -0.01653480188 0.1718655896 0.4686629953 -0.002151634031 0.04460699011 0.2496800525 -0.9952826549 -0.04356448201 -0.08668663567 0.02207231954 0.7684046371 -0.639583557 0.09447353919 -0.6384797957 -0.7638182381 0.0001122219969 0
0.7140700986 0.2856280394 0 -0.01683092074 0.1732878678 0.4679226981 -0.002191040775 0.04500638027 0.2495826304 -0.9951106128 -0.04472131272 -0.08806175374 0.02266411789 0.7644252853 -0.6443138373 0.09613119184 -0.6431593795 -0.759674145 0.0001146340109 0
0.7214979121 0.2885991649 0 -0.01717225655 0.1749082152 0.4670693586 -0.002236504676 0.04546248091 0.2494702342 -0.9949084049 -0.0460664109 -0.08963900746 0.02335255551 0.7598457132 -0.6496838848 0.09804042035 -0.6484692574 -0.7549011181 0.0001174318234 0
0.7289257257 0.2915702903 0 -0.01751668849 0.1765230614 0.4662082788 -0.002282424276 0.04591820971 0.2493567119 -0.9947001297 -0.04743616905 -0.09122204737 0.02405397456 0.7552326629 -0.6550152908 0.09996528582 -0.6537380475 -0.7500889993 0.0001202740098 0
0.7363535392 0.2945414157 0 -0.01786420347 0.1781323575 0.4653394913 -0.002328799123 0.04637356301 0.2492420648 -0.9944856755 -0.04883070912 -0.09281057613 0.0247684553 0.7505865325 -0.6603077925 0.1019056663 -0.6589654157 -0.7452380936 0.0001231609899 0
0.7437813527 0.2975125411 0 -0.01821478833 0.1797360552 0.4644630292 -0.002375628758 0.04682853709 0.2491262939 -0.9942649303 -0.05025014934 -0.09440429475 0.02549607652 0.7459077226 -0.6655611312 0.1038614387 -0.6641510309 -0.7403487082 0.0001260931856 0
0.7512091662 0.3004836665 0 -0.01856842976 0.1813341061 0.4635789256 -0.002422912719 0.04728312829 0.2490094005 -0.9940377813 -0.05169460422 -0.09600290262 0.02623691547 0.7411966364 -0.6707750521 0.1058324793 -0.6692945645 -0.735421153 0.0001290710212 0
0.7586369798 0.3034547919 0 -0.01892511437 0.1829264622 0.4626872141 -0.002470650541 0.04773733292 0.2488913856 -0.9938041151 -0.05316418448 -0.09760609756 0.02699104786 0.7364536794 -0.6759493039 0.1078186632 -0.6743956907 -0.7304557401 0.0001320949229 0
0.7651363166 0.3060545266 0 -0.01923969913 0.1843150647 0.4619007522 -0.002512793071 0.04813444198 0.2487872037 -0.9935942217 -0.05447076206 -0.09901241723 0.02766187683 0.7322777687 -0.6804440389 0.1095688973 -0.6788241345 -0.7260801961 0.0001347789622 0
0.7725641301 0.3090256521 0 -0.01960205315 0.1858966144 0.4609948671 -0.002561380607 0.0485879119 0.2486670894 -0.9933480286 -0.05598773774 -0.1006233931 0.02844113316 0.7274761553 -0.6855432484 0.1115831347 -0.6838448776 -0.7210446501 0.0001378903939 0
0.7799919437 0.3119967775 0 -0.01996741118 0.1874723325 0.460081472 -0.002610420636 0.0490409847 0.2485458571 -0.9930949898 -0.05753013608 -0.1022380788 0.02923389204 0.7226438503 -0.6906020889 0.113612151 -0.6888222913 -0.7159721573 0.0001410491288 0
0.7874197572 0.3149679029 0 -0.02033575938 0.189042172 0.4591606016 -0.002659912674 0.04949365671 0.2484235081 -0.9928349897 -0.05909805308 -0.1038561663 0.03004022316 0.7177812682 -0.6956203246 0.1156558177 -0.6937560603 -0.7108630393 0.0001442556009 0
0.7948475707 0.3179390283 0 -0.02070708379 0.190606086 0.4582322905 -0.002709856233 0.04994592429 0.2483000436 -0.9925679127 -0.06069158087 -0.1054773465 0.03086019469 0.7128888257 -0.7005977238 0.1177140051 -0.6986458718 -0.7057176198 0.0001475102466 0
0.8022753842 0.3209101537 0 -0.02108137038 0.1921640279 0.4572965741 -0.002760250821 0.05039778377 0.2481754647 -0.9922936425 -0.06231080772 -0.1071013085 0.03169387318 0.7079669418 -0.7055340585 0.1197865829 -0.7034914161 -0.7005362246 0.0001508135039 0
0.8087747211 0.3235098884 0 -0.02141128991 0.1935222916 0.4564717752 -0.002804715678 0.05079282318 0.2480655452 -0.9920476636 -0.06374877893 -0.108524312 0.03243463697 0.7036364732 -0.7098194897 0.1216117899 -0.707694713 -0.6959732507 0.0001537440768 0
0.8162025346 0.3264810138 0 -0.02179109229 0.1950689111 0.4555222693 -0.0028559546 0.05124390766 0.2479388804 -0.9917595911 -0.06541641592 -0.1101526482 0.0332941899 0.698660523 -0.7146782286 0.1237109951 -0.712456431 -0.6907252881 0.0001571396687 0
0.8236303481 0.3294521392 0 -0.02217381584 0.1966094259 0.4545654604 -0.002907643108 0.05169457356 0.2478111049 -0.9914639887 -0.06710998405 -0.111782866 0.0341676323 0.6936563475 -0.7194952706 0.1258242107 -0.7171730067 -0.6854422998 0.0001605851428 0
0.8310581617 0.3324232647 0 -0.02255944607 0.1981437905 0.4536013848 -0.002959780693 0.05214481725 0.24768222 -0.9911607384 -0.06882955645 -0.1134146498 0.03505502455 0.6886243735 -0.7242704036 0.1279513028 -0.7218441414 -0.6801246207 0.0001640809446 0
0.8384859752 0.3353943901 0 -0.02294796841 0.1996719594 0.452630079 -0.00301236684 0.05259463511 0.247552227 -0.9908497219 -0.07057520228 -0.1150476831 0.03595642542 0.6835650298 -0.7290034194 0.1300921367 -0.7264695389 -0.6747725877 0.0001676275217 0
0.8459137887 0.3383655155 0 -0.02333936819 0.2011938877 0.4516515795 -0.00306540103 0.0530440235 0.2474211272 -0.9905308206 -0.07234698674 -0.116681648 0.03687189204 0.6784787471 -0.7336941143 0.1322465767 -0.7310489062 -0.6693865398 0.0001712253232 0
0.8533416022 0.3413366409 0 -0.02373363061 0.2027095305 0.4506659235 -0.00311888274 0.0534929788 0.2472889219 -0.9902039154 -0.07414497106 -0.1183162258 0.03780147993 0.6733659579 -0.7383422884 0.1344144863 -0.7355819533 -0.6639668184 0.0001748748004 0
0.8598409391 0.3439363756 0 -0.02408094678 0.2040305268 0.449797633 -0.003166045929 0.05388545658 0.2471723365 -0.9899112138 -0.0757397445 -0.1197467326 0.03862649559 0.6688708653 -0.7423744065 0.1363223485 -0.7395101465 -0.6591972092 0.0001781108392 0
0.8672687526 0.346907501 0 -0.02448053645 0.2055342643 0.4487986589 -0.003220365313 0.0543335901 0.247038062 -0.9895689793 -0.07758700466 -0.1213815966 0.0395827048 0.6637095486 -0.7469423301 0.1385151428 -0.7439555711 -0.6537152771 0.0001818584306 0
0.8746965661 0.3498786264 0 -0.02488294568 0.2070315889 0.4477926358 -0.003275130689 0.05478128015 0.2469026858 -0.9892183968 -0.0794606184 -0.1230161513 0.04055318577 0.658522979 -0.7514671817 0.1407210094 -0.7483538576 -0.6482006644 0.0001856590047 0
0.8821243797 0.3528497519 0 -0.0252881593 0.2085224568 0.4467796018 -0.003330341516 0.05522852312 0.2467662093 -0.9888593463 -0.08136063139 -0.1246500742 0.04153798763 0.6533115957 -0.7559487777 0.1429398087 -0.7527047274 -0.6426537205 0.0001895130196 0
0.8895521932 0.3558208773 0 -0.02569616201 0.2100068246 0.445759595 -0.003385997249 0.05567531541 0.2466286338 -0.988491707 -0.08328708526 -0.1262830417 0.0425371579 0.6480758394 -0.7603869387 0.1451714001 -0.7570079047 -0.6370747969 0.0001934209352 0
0.8969800067 0.3587920027 0 -0.02610693843 0.2114846489 0.4447326539 -0.003442097339 0.05612165344 0.2464899608 -0.9881153583 -0.0852400176 -0.1279147298 0.04355074239 0.6428161528 -0.7647814894 0.1474156421 -0.7612631169 -0.6314642471 0.000197383213 0
0.9034793435 0.3613917374 0 -0.02646863094 0.2127723437 0.4438284227 -0.003491548994 0.05651182375 0.2463677227 -0.9877788136 -0.08697058044 -0.1293411518 0.04444948775 0.6381946455 -0.7685908128 0.1493896197 -0.7649468691 -0.626529352 0.0002008951643 0
0.9109071571 0.3643628628 0 -0.02688456626 0.2142377834 0.4427885844 -0.003548480758 0.05695730036 0.2462269955 -0.9873858084 -0.08897324698 -0.1309695643 0.04549021663 0.632891287 -0.7729031369 0.1516571978 -0.7691114225 -0.6208604627 0.0002049606213 0
0.9183349706 0.3673339882 0 -0.02730323051 0.215696557 0.4417419237 -0.003605855276 0.0574023124 0.2460851747 -0.9869837452 -0.09100247732 -0.132595761 0.0465454822 0.6275652784 -0.7771713707 0.1539370157 -0.7732272438 -0.6151609746 0.0002090817771 0
0.9257627841 0.3703051136 0 -0.02772460793 0.2171486221 0.4406884802 -0.003663671983 0.05784685629 0.2459422618 -0.9865725025 -0.0930582932 -0.1342194149 0.04761532379 0.6222170676 -0.7813953556 0.1562289289 -0.7772940723 -0.6094312488 0.0002132590997 0
0.9331905976 0.3732762391 0 -0.02814868265 0.218593937 0.4396282934 -0.003721930307 0.05829092847 0.2457982583 -0.9861519585 -0.09514071229 -0.1358401985 0.04869977906 0.6168471042 -0.785574937 0.1585327921 -0.7813116503 -0.6036716482 0.0002174930591 0
0.9406184112 0.3762473645 0 -0.02857543871 0.22003246 0.4385614032 -0.003780629674 0.05873452538 0.2456531655 -0.9857219914 -0.09724974812 -0.1374577835 0.04979888397 0.6114558386 -0.7897099649 0.1608484594 -0.7852797234 -0.5978825379 0.0002217841266 0
0.9480462247 0.3792184899 0 -0.02900486006 0.2214641498 0.4374878498 -0.003839769506 0.05917764346 0.2455069848 -0.9852824789 -0.0993854101 -0.1390718413 0.0509126728 0.6060437228 -0.7938002934 0.1631757841 -0.78919804 -0.5920642847 0.0002261327755 0
0.9545455615 0.3818182246 0 -0.02938277742 0.2227112408 0.4365430565 -0.003891877718 0.05956497619 0.2453781856 -0.9848899793 -0.1012759604 -0.1404809896 0.05189930906 0.601291374 -0.797342552 0.16522164 -0.7925855559 -0.5869496966 0.0002299854511 0
0.9619733751 0.38478935 0 -0.02981715259 0.224130008 0.4354571185 -0.003951841844 0.06000718688 0.2452299693 -0.9844322401 -0.1034615574 -0.1420875463 0.05304071667 0.5958413862 -0.8013486912 0.1675704242 -0.7964099124 -0.5810777954 0.0002344433458 0
0.9694011886 0.3877604754 0 -0.03025414636 0.2255418249 0.4343646341 -0.004012244745 0.06044890854 0.2450806694 -0.983964604 -0.1056737846 -0.1436896283 0.05419689724 0.5903718538 -0.8053097358 0.1699304398 -0.8001838073 -0.5751778161 0.0002389601911 0
0.9768290021 0.3907316008 0 -0.03069374232 0.2269466513 0.4332656442 -0.004073085826 0.06089013763 0.2449302874 -0.9834869487 -0.1079126354 -0.1452869053 0.05536787844 0.5848832329 -0.8092255569 0.1723015374 -0.8039070014 -0.5692501324 0.0002435364664 0
0.9842568156 0.3937027263 0 -0.03113592397 0.2283444472 0.4321601901 -0.004134364486 0.06133087062 0.2447788249 -0.9829991516 -0.110178099 -0.1468790467 0.05655368622 0.5793759808 -0.8130960296 0.1746835666 -0.8075792589 -0.56329512 0.0002481726525 0
0.9916846292 0.3966738517 0 -0.0315806747 0.2297351731 0.4310483133 -0.004196080121 0.06177110398 0.2446262833 -0.9825010903 -0.1124701604 -0.1484657217 0.05775434483 0.5738505556 -0.8169210338 0.1770763766 -0.8112003469 -0.5573131562 0.0002528692321 0
0.998183966 0.3992735864 0 -0.03197192591 0.2309462277 0.4300701852 -0.004250439279 0.06215589555 0.2444919254 -0.9820567705 -0.1144975178 -0.1498493177 0.05881712116 0.5690012618 -0.8202305227 0.1791788098 -0.8143266436 -0.5520571272 0.0002570286614 0
1.00561178 0.4022447118 0 -0.03242144861 0.2323235916 0.4289463785 -0.004312972598 0.06259518262 0.2443373647 -0.9815391334 -0.1168393955 -0.1514248504 0.06004568441 0.5634429999 -0.8239699641 0.1815914245 -0.8178511732 -0.5460256523 0.0002618397848 0
1.013039593 0.4052158372 0 -0.03287349216 0.2336937732 0.4278162696 -0.004375941131 0.06303395996 0.2441817294 -0.9810108797 -0.1192078049 -0.1529939643 0.06128915858 0.5578678868 -0.8276636152 0.1840143823 -0.8213238826 -0.5399683203 0.0002667126978 0
1.020467407 0.4081869626 0 -0.03332803962 0.2350567341 0.4266799009 -0.004439344256 0.06347222406 0.2440250209 -0.980471887 -0.1216027149 -0.1545563278 0.06254756126 0.5522763838 -0.8313113728 0.1864475296 -0.8247445518 -0.5338855149 0.0002716478889 0
1.02789522 0.411158088 0 -0.03378507396 0.2364124362 0.4255373151 -0.004503181348 0.06390997142 0.243867241 -0.9799220328 -0.1240240902 -0.1561116094 0.06382090828 0.5466689529 -0.8349131378 0.1888907124 -0.8281129639 -0.5277776215 0.0002766458482 0
1.035323034 0.4141292135 0 -0.03424457805 0.2377608417 0.4243885549 -0.004567451778 0.06434719854 0.2437083911 -0.9793611948 -0.1264718914 -0.1576594776 0.06510921375 0.5410460567 -0.8384688156 0.1913437757 -0.8314289057 -0.5216450271 0.0002817070674 0
1.042750847 0.4171003389 0 -0.0347065347 0.2391019129 0.4232336633 -0.004632154912 0.06478390195 0.2435484729 -0.9787892505 -0.1289460748 -0.1591996008 0.06641249006 0.5354081586 -0.8419783162 0.1938065641 -0.8346921669 -0.5154881203 0.0002868320397 0
1.049250184 0.4197000736 0 -0.03511274503 0.2402693047 0.4222181374 -0.004689124605 0.06516558508 0.2434076693 -0.9782795926 -0.1311325896 -0.1605405948 0.06756514601 0.530463056 -0.8450111818 0.195969359 -0.8375041434 -0.5100811898 0.0002913690768 0
1.056677998 0.422671199 0 -0.03557925353 0.2415965242 0.4210518662 -0.004754637335 0.06560129714 0.2432457522 -0.977686495 -0.1336561076 -0.1620653029 0.06889651998 0.5247982796 -0.8484338721 0.198449961 -0.840668074 -0.5038797499 0.0002966149207 0
1.064105811 0.4256423244 0 -0.03604816465 0.2429163034 0.4198795884 -0.004820580923 0.06603647548 0.2430827714 -0.9770819402 -0.1362058591 -0.1635813134 0.07024289074 0.519119836 -0.8518101503 0.2009398379 -0.8437787387 -0.4976551232 0.0003019259439 0
1.071533625 0.4286134498 0 -0.03651946085 0.2442286058 0.4187013479 -0.004886954719 0.06647111664 0.2429187284 -0.9764658064 -0.1387817843 -0.1650882955 0.07160426396 0.5134281902 -0.8551399435 0.203438832 -0.8468359404 -0.4914077042 0.0003073026456 0
1.078961438 0.4315845752 0 -0.03699312452 0.2455333955 0.4175171887 -0.004953758068 0.06690521716 0.2427536251 -0.975837972 -0.1413838191 -0.1665859183 0.07298064356 0.5077238077 -0.8584231828 0.2059467848 -0.8498394853 -0.4851378887 0.0003127455262 0
1.086389252 0.4345557007 0 -0.03746913796 0.2468306368 0.4163271551 -0.005020990311 0.06733877359 0.2425874629 -0.9751983154 -0.1440118955 -0.1680738514 0.07437203173 0.5020071543 -0.8616598041 0.2084635375 -0.8527891832 -0.4788460739 0.0003182550877 0
1.092888588 0.4371554354 0 -0.0378875633 0.247959503 0.4152810917 -0.005080169831 0.06771768643 0.2424412037 -0.9746288229 -0.1463327676 -0.1693675848 0.07560180852 0.4969953829 -0.8644535592 0.2106727894 -0.8553258505 -0.4733230031 0.000323131049 0
1.100316402 0.4401265608 0 -0.0383679346 0.2492424958 0.4140801635 -0.005148204461 0.06815021341 0.2422730608 -0.9739666733 -0.1490094733 -0.1708364603 0.07702133765 0.4912569777 -0.8676026138 0.2132056117 -0.8581740842 -0.4669910153 0.0003287669954 0
1.107744216 0.4430976862 0 -0.03885060435 0.2505178393 0.4128734891 -0.005216666068 0.0685821864 0.2421038638 -0.9732923537 -0.1517120012 -0.1722946982 0.078455872 0.4855076419 -0.8707048902 0.2157467739 -0.8609679427 -0.4606381781 0.0003344710742 0
1.115172029 0.4460688116 0 -0.03933555456 0.251785499 0.4116611136 -0.005285553978 0.06901360197 0.2419336145 -0.9726057434 -0.1544402668 -0.1737419694 0.07990540704 0.4797478419 -0.8737603414 0.2182961151 -0.8637072491 -0.454264894 0.0003402437931 0
1.122599843 0.449039937 0 -0.03982276715 0.2530454406 0.4104430821 -0.005354867511 0.06944445671 0.2417623146 -0.9719067222 -0.1571941816 -0.1751779457 0.0813699365 0.4739780442 -0.8767689245 0.2208534737 -0.8663918299 -0.4478715668 0.0003460856612 0
