0.01057826285 0.003173478856 0 -2.853423545e-06 0.00269742961 0.5099904886 -3.591759309e-07 0.0006725652605 0.254998816 -0.9999999999 -1.162235898e-07 -1.661718672e-05 5.868139213e-08 0.999944609 -0.01052515971 1.661748955e-05 -0.01052515971 -0.9999446088 4.063395523e-08 0
0.0201565257 0.006046957711 0 -1.036005158e-05 0.005139724373 0.5099654665 -1.311685875e-06 0.001284059827 0.2549956756 -0.9999999982 -8.060804625e-07 -6.03291953e-05 4.039400768e-07 0.9997988928 -0.0200542776 6.033322803e-05 -0.02005427759 -0.9997988909 3.907393945e-08 0
0.03069261484 0.009207784453 0 -2.402070017e-05 0.007825947097 0.509919931 -3.049780937e-06 0.001957074437 0.2549899451 -0.9999999902 -2.847079699e-06 -0.0001398635769 1.424839187e-06 0.9995337294 -0.03053397788 0.0001398852952 -0.03053397778 -0.9995337196 3.061782555e-08 0
0.04027087769 0.01208126331 0 -4.135080659e-05 0.01026756118 0.509862164 -5.256294376e-06 0.002568786074 0.2549826701 -0.999999971 -6.431214996e-06 -0.000240737515 3.217371236e-06 0.9991973627 -0.04005783729 0.0002408019106 -0.04005783691 -0.9991973337 1.392222501e-07 0
0.05080696683 0.01524209005 0 -6.581511112e-05 0.01295273905 0.5097806163 -8.371944956e-06 0.003241518125 0.2549723976 -0.9999999265 -1.291422829e-05 -0.0003830909111 6.459648519e-06 0.9987225706 -0.05052946639 0.0003832540886 -0.05052946515 -0.9987224971 3.011378093e-07 0
0.06038522968 0.01811556891 0 -9.296411063e-05 0.01539313416 0.5096901196 -1.18300257e-05 0.003852977687 0.2549609961 -0.9999998534 -2.16795351e-05 -0.0005410019082 1.084345223e-05 0.9981957367 -0.06004391047 0.0005413275224 -0.06004390754 -0.9981955901 4.84362607e-07 0
0.07092131882 0.02127639565 0 -0.0001282255983 0.01807667523 0.5095725813 -1.632200323e-05 0.004525473155 0.2549461857 -0.9999997211 -3.51177432e-05 -0.0007459980768 1.756467637e-05 0.9975115744 -0.07050289862 0.0007466176188 -0.07050289206 -0.9975112956 7.244076399e-07 0
0.08049958167 0.0241498745 0 -0.0001651863079 0.02051531341 0.509449379 -2.103105218e-05 0.00513673896 0.2549306597 -0.9999995372 -5.134621641e-05 -0.0009607505958 2.568205832e-05 0.9967945601 -0.08000377619 0.0009617788588 -0.08000376383 -0.9967940975 9.772178988e-07 0
0.09007784453 0.02702335336 0 -0.0002068159828 0.02295292603 0.5093106134 -2.633566041e-05 0.005747916573 0.2549131701 -0.9999992744 -7.192867477e-05 -0.001202481318 3.597814686e-05 0.9959871148 -0.08949673676 0.001204093281 -0.08949671508 -0.9959863895 1.262816267e-06 0
0.1006139337 0.0301841801 0 -0.000257998291 0.02563297003 0.5091400057 -3.285849246e-05 0.006420107666 0.2548916639 -0.9999988708 -0.0001002128021 -0.001499463641 5.012835622e-05 0.9949945962 -0.09992872928 0.001501972358 -0.0999286916 -0.9949934677 1.614808938e-06 0
0.1101921965 0.03305765895 0 -0.0003094243299 0.02806803261 0.5089685856 -3.941347456e-05 0.007031091482 0.2548700518 -0.9999983756 -0.000131613564 -0.001797618436 6.583961447e-05 0.9939975833 -0.109402011 0.00180122717 -0.1094019517 -0.99399596 1.969233873e-06 0
0.1207282857 0.0362184857 0 -0.0003713755067 0.03074497645 0.5087620816 -4.731147539e-05 0.007703058537 0.2548440117 -0.9999976598 -0.0001730426785 -0.002156473377 8.657124062e-05 0.9927968251 -0.1198100856 0.00216167218 -0.1198099919 -0.9927944868 2.397067873e-06 0
0.1303065485 0.03909196455 0 -0.0004325843057 0.03317695262 0.5085580523 -5.51163732e-05 0.008313826647 0.2548182786 -0.9999968246 -0.0002175223321 -0.002510682541 0.0001088325805 0.9916107874 -0.1292595621 0.002517736733 -0.1292594249 -0.991607615 2.820634428e-06 0
0.1408426376 0.04225279129 0 -0.0005052879638 0.03585020677 0.5083157068 -6.438899853e-05 0.008985541568 0.2547877064 -0.999995667 -0.0002745765643 -0.002930964959 0.0001373917751 0.9902024432 -0.1396391872 0.002940590312 -0.1396389848 -0.9901981149 3.324799759e-06 0
0.1504209005 0.04512627015 0 -0.0005762633329 0.03827856106 0.5080791222 -7.344327838e-05 0.009596065996 0.2547578541 -0.9999943636 -0.0003343833236 -0.003340788932 0.000167333833 0.9888280264 -0.1490607464 0.003353309154 -0.1490604653 -0.9888223971 3.818051158e-06 0
0.1609569896 0.04828709689 0 -0.0006597002428 0.04094753705 0.5078009992 -8.4089897e-05 0.01026749619 0.2547227518 -0.9999926124 -0.000409528018 -0.003821977035 0.0002049616382 0.9872128628 -0.1594074076 0.00383838669 -0.1594070133 -0.9872054856 4.399232237e-06 0
0.1705352525 0.05116057575 0 -0.0007404234107 0.04337173506 0.507531922 -9.439294416e-05 0.01087774615 0.2546887824 -0.9999906926 -0.0004868955905 -0.004286906761 0.0002437100372 0.9856508149 -0.1687969543 0.004307579635 -0.168796428 -0.9856415224 4.962858997e-06 0
0.1801135153 0.0540340546 0 -0.0008257810425 0.0457937664 0.5072473965 -0.0001052904023 0.01148785413 0.2546528533 -0.9999884215 -0.0005734058013 -0.004777878346 0.0002870459195 0.9839997113 -0.1781698229 0.004803594524 -0.1781691314 -0.9839881534 5.56027559e-06 0
0.1906496045 0.05719488134 0 -0.0009250211267 0.04845535426 0.5069165962 -0.0001179639512 0.0121588001 0.2546110684 -0.9999854691 -0.0006797244315 -0.005347859889 0.0003403161919 0.9820808814 -0.188459615 0.005380131558 -0.1884586965 -0.9820663796 6.256694705e-06 0
0.2002278673 0.0600683602 0 -0.001020094142 0.05087244272 0.5065996862 -0.0001301091175 0.01276858574 0.2545710257 -0.999982326 -0.0007870618312 -0.005893059657 0.0003941093326 0.9802434369 -0.1977944615 0.005932309524 -0.1977932882 -0.980225802 6.925719648e-06 0
0.2107639565 0.06322918694 0 -0.001130007671 0.05352830109 0.5062333078 -0.0001441547051 0.01343915891 0.2545247175 -0.9999783085 -0.0009174969581 -0.00652232785 0.0004594940933 0.978120168 -0.2080402023 0.006570496665 -0.2080386865 -0.9780985295 7.701425102e-06 0
0.2203422193 0.06610266579 0 -0.001234770935 0.05593991557 0.5058840969 -0.0001575467583 0.01404858897 0.254480564 -0.9999740958 -0.001047850232 -0.007121076594 0.0005248545497 0.9760973818 -0.2173329835 0.007178596636 -0.2173310912 -0.9760715468 8.443023511e-06 0
0.2308783085 0.06926349254 0 -0.001355328851 0.05858946112 0.5054822372 -0.000172963435 0.01471875255 0.2544297354 -0.9999687847 -0.001204797689 -0.007808846943 0.0006035708081 0.9737708283 -0.227530239 0.007878155262 -0.2275278498 -0.9737397046 9.299131893e-06 0
0.2404565713 0.07213697139 0 -0.00146975467 0.06099507214 0.5051008178 -0.0001876014701 0.01532779343 0.2543814742 -0.9999632849 -0.001360333703 -0.008460397665 0.0006816010897 0.9715638 -0.2367769371 0.008541911753 -0.2367740105 -0.9715272017 1.011436792e-05 0
0.2500348342 0.07501045025 0 -0.001588771234 0.06339763876 0.5047040959 -0.0002028324874 0.01593663712 0.254331258 -0.9999570901 -0.00152861624 -0.009136810124 0.0007660497539 0.9692694528 -0.2460002866 0.009232070982 -0.24599673 -0.9692266905 1.096507144e-05 0
0.2605709233 0.07817127699 0 -0.001724983242 0.06603680321 0.5042500559 -0.000220271222 0.01660612826 0.2542737632 -0.9999494063 -0.001729025908 -0.00990934997 0.0008666515065 0.9666451552 -0.2561179275 0.01002165967 -0.2561135575 -0.9665947507 1.194213671e-05 0
0.2701491861 0.08104475584 0 -0.001853616826 0.06843258802 0.5038212772 -0.0002367467315 0.01721453285 0.2542194443 -0.9999415677 -0.001925645632 -0.01063733912 0.0009653821947 0.9641683711 -0.265289314 0.01076703914 -0.2652840817 -0.9641101736 1.286822342e-05 0
0.2806852753 0.08420558259 0 -0.002000389208 0.07106400354 0.503332036 -0.0002555538068 0.0178835223 0.2541574386 -0.9999319324 -0.002158387165 -0.01146612058 0.001082289889 0.9613441194 -0.2753476215 0.01161719436 -0.2753412889 -0.9612763471 1.392891142e-05 0
0.2902635381 0.08707906144 0 -0.002138605827 0.0734524817 0.5028713139 -0.0002732726954 0.01849145381 0.2540990206 -0.9999221845 -0.002385448042 -0.01224477433 0.001196383341 0.9586862434 -0.2844631002 0.01241746865 -0.284455614 -0.9586087889 1.49316788e-05 0
0.3007996273 0.09023988818 0 -0.002295899808 0.07607557212 0.5023470006 -0.0002934468408 0.01915990419 0.2540325081 -0.9999102951 -0.002652820165 -0.01312875802 0.001330780373 0.9556635709 -0.294457753 0.01332781924 -0.2944488102 -0.9555743129 1.607746682e-05 0
0.3103778901 0.09311336704 0 -0.002443662953 0.07845622094 0.5018544568 -0.0003124079117 0.01976732862 0.2539699952 -0.9998983535 -0.002912397232 -0.01395709888 0.001461307307 0.9528260455 -0.3035134124 0.01418263896 -0.3035029569 -0.9527249382 1.715830287e-05 0
0.3209139793 0.09627419378 0 -0.00261143699 0.08107041255 0.50129521 -0.0003339477644 0.0204352025 0.2538989805 -0.9998838867 -0.003216665742 -0.01489517392 0.001614365669 0.9496065924 -0.3134401275 0.01515278747 -0.3134277792 -0.9494911375 1.83907667e-05 0
0.3304922421 0.09914767263 0 -0.00276870764 0.08344271164 0.5007709745 -0.0003541497367 0.02104208583 0.253832377 -0.9998694481 -0.003510803108 -0.01577215979 0.001762386088 0.946590957 -0.3224320922 0.01606177942 -0.3224177947 -0.9464611904 1.955114801e-05 0
0.340070505 0.1020211515 0 -0.002930491233 0.08581085248 0.5002316959 -0.00037494214 0.02164869953 0.253763827 -0.9998537085 -0.003822106739 -0.01667192515 0.001919106018 0.9434910762 -0.331392375 0.01699642963 -0.3313758903 -0.9433457164 2.074995223e-05 0
0.3506065941 0.1051819782 0 -0.003113654068 0.08841086477 0.4996211531 -0.000398495351 0.02231565397 0.2536861753 -0.9998348028 -0.004184907567 -0.01768766973 0.002101828101 0.9399843588 -0.3412110601 0.01805406964 -0.3411918694 -0.9398202801 2.211344969e-05 0
0.360184857 0.1080554571 0 -0.003284882999 0.0907698922 0.49905039 -0.000420526612 0.02292167632 0.2536135416 -0.9998160848 -0.00453372829 -0.01863442554 0.002277585236 0.9367088148 -0.3501019977 0.01904229799 -0.3500800502 -0.9365262139 2.339413678e-05 0
0.3707209461 0.1112162838 0 -0.003478411188 0.09335959665 0.498405296 -0.0004454417595 0.02358796156 0.2535314004 -0.9997937136 -0.004938880386 -0.01970120895 0.002481816751 0.9330098312 -0.3598423203 0.02015863982 -0.3598169845 -0.9328051066 2.484862246e-05 0
0.3802992089 0.1140897627 0 -0.00365904027 0.09570899664 0.4978031991 -0.0004687103902 0.02419335856 0.2534546879 -0.9997716687 -0.005327177287 -0.02069375695 0.002677641605 0.9295603984 -0.3686601362 0.02120001486 -0.36863137 -0.9293338864 2.621288019e-05 0
0.3908352981 0.1172505894 0 -0.00386288275 0.09828782934 0.4971237242 -0.0004949857914 0.02485893721 0.2533680629 -0.9997454388 -0.005776815178 -0.02181022724 0.002904509016 0.9256711515 -0.3783179656 0.02237457113 -0.3782850086 -0.9254187327 2.776025596e-05 0
0.4004135609 0.1201240683 0 -0.004052864331 0.1006270907 0.4964904522 -0.0005194902205 0.02546367485 0.2532872768 -0.9997197006 -0.006206509663 -0.02284730782 0.003121419024 0.9220496971 -0.3870589269 0.02346863822 -0.3870217505 -0.921771874 2.920985407e-05 0
0.4109496501 0.123284895 0 -0.004266967334 0.1031944909 0.4957767756 -0.0005471241009 0.02612850954 0.253196174 -0.9996891993 -0.006702725395 -0.02401204605 0.00337203404 0.9179722915 -0.3966301822 0.02470089613 -0.3965878787 -0.9176643832 3.085211091e-05 0
0.4205279129 0.1261583739 0 -0.004466251312 0.1055231053 0.4951124956 -0.0005728626734 0.02673255389 0.2531113199 -0.9996593839 -0.007175699318 -0.02509233926 0.003611032898 0.9141807744 -0.405290602 0.02584717763 -0.4052431628 -0.9138434781 3.238889914e-05 0
0.4301061758 0.1290318527 0 -0.004669946685 0.107846472 0.4944335111 -0.0005991883275 0.02733625616 0.2530245308 -0.9996274872 -0.007669931978 -0.02619272874 0.003860898879 0.91030899 -0.4139113869 0.02701814862 -0.4138583271 -0.9099402754 3.396787935e-05 0
0.4406422649 0.1321926795 0 -0.004899092218 0.110395978 0.4936696926 -0.0006288241448 0.02799992441 0.2529268293 -0.999589886 -0.008238634218 -0.02742598737 0.004148568771 0.9059578848 -0.4233474937 0.02833459465 -0.4232876515 -0.9055521602 3.575402122e-05 0
0.4502205278 0.1350661583 0 -0.005112011579 0.1127079533 0.4929599614 -0.0006563813474 0.02860288333 0.2528359809 -0.9995533142 -0.008778848091 -0.02856753301 0.00442197876 0.9019190945 -0.4318823835 0.02955703334 -0.4318157927 -0.9014774001 3.742306434e-05 0
0.4607566169 0.1382269851 0 -0.005351272968 0.1152446532 0.4921624234 -0.0006873708559 0.02926571527 0.2527338176 -0.9995103385 -0.009399112562 -0.02984526562 0.004736080969 0.8973854702 -0.4412220386 0.03092980332 -0.4411473388 -0.8969015402 3.930938714e-05 0
0.4703348798 0.1411004639 0 -0.005573360215 0.1175447368 0.4914221326 -0.0007161577462 0.029867897 0.2526389163 -0.999468666 -0.009987083673 -0.03102650286 0.005034001858 0.8931818546 -0.4496674699 0.03220317601 -0.4495847337 -0.8926570017 4.107053277e-05 0
0.4808709689 0.1442612907 0 -0.005822674428 0.1200680821 0.4905910852 -0.0007484988534 0.03052985542 0.2525322983 -0.9994198386 -0.01066083903 -0.03234706728 0.005375591273 0.888468158 -0.4589067827 0.03363167062 -0.4588144273 -0.8878953947 4.305932067e-05 0
0.4904492317 0.1471347695 0 -0.006053871066 0.1223557773 0.4898204298 -0.0007785134878 0.03113122615 0.2524333504 -0.9993726233 -0.01129829756 -0.03356647524 0.005698973996 0.8841019847 -0.4672592454 0.03495542138 -0.4671573923 -0.883482931 4.491468177e-05 0
0.5000274946 0.1500082484 0 -0.006289384259 0.1246373996 0.4890353858 -0.0008091120551 0.03173219884 0.2523324781 -0.9993226087 -0.01195991592 -0.03480350917 0.006034810844 0.8796592248 -0.4755662196 0.0363029599 -0.4754541077 -0.8789911755 4.68156708e-05 0
0.5105635837 0.1531690751 0 -0.006553417608 0.1271400372 0.4881552746 -0.0008434443622 0.03239279992 0.2522192975 -0.9992642333 -0.01271604966 -0.03618417079 0.006418866524 0.8746843796 -0.4846504248 0.03781256785 -0.4845260965 -0.8739591933 4.896005944e-05 0
0.5201418466 0.156042554 0 -0.006797949506 0.1294085445 0.4873401683 -0.0008752676531 0.03299291183 0.2521143889 -0.9992079944 -0.0134296221 -0.03745703007 0.006781538496 0.8700825655 -0.4928593511 0.03920962365 -0.49272302 -0.8693023818 5.095851301e-05 0
0.5306779357 0.1592033807 0 -0.00707186836 0.1318964868 0.4864271055 -0.0009109459857 0.03365254754 0.2519967723 -0.9991425101 -0.01424379734 -0.03887619652 0.007195615049 0.8649341117 -0.5018338426 0.04077336805 -0.5016832633 -0.8640899466 5.321136096e-05 0
0.5402561986 0.1620768596 0 -0.007325354624 0.1341513915 0.4855821513 -0.0009439918519 0.03425176501 0.2518878346 -0.9990795665 -0.01501093319 -0.04018322632 0.007586030935 0.8601757201 -0.5099413522 0.0422193312 -0.5097768163 -0.8592701122 5.53095654e-05 0
0.5507922877 0.1652376863 0 -0.007609086927 0.1366241045 0.4846363769 -0.0009810138015 0.03491039837 0.2517657901 -0.9990064363 -0.01588489198 -0.04163904864 0.008031118185 0.8548564273 -0.5188024575 0.04383652935 -0.5186214023 -0.8538794995 5.767342461e-05 0
0.5603705506 0.1681111652 0 -0.007871460891 0.1388649231 0.483761797 -0.001015280012 0.03550868783 0.2516528307 -0.9989362923 -0.01670714886 -0.0429785424 0.008450168728 0.8499440168 -0.526805242 0.04533076856 -0.5266080512 -0.8488987465 5.987373303e-05 0
0.5709066397 0.1712719919 0 -0.00816493204 0.1413218771 0.4827835599 -0.00105364308 0.03616628192 0.2515263668 -0.9988549631 -0.0176425755 -0.0444691155 0.008927236325 0.8444567436 -0.535549356 0.04700071442 -0.5353331185 -0.84333231 6.235122791e-05 0
0.5804849026 0.1741454708 0 -0.008436124733 0.1435481301 0.4818795842 -0.001089127322 0.03676360985 0.2514093936 -0.9987771086 -0.01852145778 -0.04583931634 0.009375793647 0.8393929527 -0.5434441696 0.04854257733 -0.5432093764 -0.8381928129 6.465605843e-05 0
0.5900631654 0.1770189496 0 -0.008711491917 0.14576728 0.4809616936 -0.001125190742 0.03736046814 0.2512905118 -0.9986953991 -0.01942781741 -0.04722350785 0.009838702799 0.8342580261 -0.5512864462 0.05010688287 -0.5510318555 -0.8329785078 6.701152967e-05 0
0.6005992545 0.1801797764 0 -0.009019197771 0.1482000125 0.4799360074 -0.001165528796 0.0380164608 0.2511575398 -0.9986009225 -0.02045693428 -0.04876178274 0.01036470749 0.8285281907 -0.5598514179 0.05185335529 -0.5595735439 -0.8271569854 6.966171781e-05 0
0.6101775174 0.1830532552 0 -0.009303277703 0.150403897 0.4789890743 -0.001202806684 0.0386123082 0.2510346562 -0.9985107241 -0.02142203935 -0.05017399897 0.01085837561 0.8232459215 -0.56758105 0.05346428361 -0.5672805734 -0.8217872726 7.212539573e-05 0
0.6207136065 0.186214082 0 -0.009620526863 0.1528195792 0.4779315771 -0.00124447928 0.03926717054 0.2508972868 -0.9984066122 -0.02251653522 -0.05174207593 0.0114186709 0.8173555553 -0.5760204078 0.055261657 -0.5756934096 -0.815796082 7.489601744e-05 0
0.6302918694 0.1890875608 0 -0.009913244961 0.1550077297 0.4769558501 -0.001282969119 0.03986197372 0.2507704098 -0.9983073808 -0.02354175154 -0.05318044177 0.01194392162 0.811928773 -0.5836343121 0.0569185048 -0.5832816245 -0.810273306 7.747047352e-05 0
0.6408279585 0.1922483876 0 -0.01023995416 0.1574058487 0.4758668195 -0.001325973443 0.0405156691 0.2506286524 -0.9981930281 -0.02470309682 -0.0547762332 0.01253940228 0.8058810293 -0.5919447018 0.05876599447 -0.5915619356 -0.8041150628 8.03643901e-05 0
0.6504062214 0.1951218664 0 -0.01054123361 0.1595778012 0.4748625546 -0.001365672636 0.04110939481 0.2504977907 -0.9980842068 -0.02578973171 -0.05623882848 0.0130970387 0.8003126372 -0.5994398637 0.0604680384 -0.5990280231 -0.7984416346 8.305225484e-05 0
0.6609423105 0.1982826932 0 -0.01087731714 0.1619578492 0.4737422762 -0.001410005788 0.04176188669 0.2503516551 -0.9979589937 -0.02701933169 -0.05786019807 0.01372857665 0.7941107496 -0.6076180079 0.06236483776 -0.6071721939 -0.7921190277 8.607239164e-05 0
0.6705205734 0.201156172 0 -0.01118707893 0.1641131443 0.4727097369 -0.001450911656 0.04235450173 0.2502168178 -0.9978400133 -0.02816863257 -0.05934505916 0.01431938084 0.7884037232 -0.6149914833 0.06411133473 -0.6145128944 -0.7862974242 8.887635297e-05 0
0.6800988362 0.2040296509 0 -0.01150085154 0.1662603474 0.4716638282 -0.001492391166 0.04294657624 0.2500800905 -0.9977159915 -0.02934819512 -0.06083982067 0.01492624785 0.7826317466 -0.622305999 0.06587873299 -0.621792757 -0.7804061506 9.173655939e-05 0
0.6906349254 0.2071904776 0 -0.01185061163 0.1686128021 0.4704979612 -0.001538680426 0.04359722494 0.2499275103 -0.9975735859 -0.03068097895 -0.06249494517 0.01561255708 0.7762083883 -0.6302830999 0.06784680319 -0.6297294781 -0.7738459768 9.494849936e-05 0
0.7002131882 0.2100639565 0 -0.01217274597 0.1707426789 0.4694241801 -0.001581362508 0.04418813995 0.2497868211 -0.9974385428 -0.03192493659 -0.06400899787 0.01625370686 0.7703022972 -0.6374717154 0.06965752219 -0.6368792423 -0.7678103023 9.792887195e-05 0
0.7107492773 0.2132247832 0 -0.01253165785 0.1730758281 0.4682278072 -0.001628973025 0.04483749507 0.2496298881 -0.9972836863 -0.03332916501 -0.06568421264 0.0169781305 0.763733134 -0.6453087967 0.07167281295 -0.6446711307 -0.7610927284 0.0001012745405 0
0.7203275402 0.2160982621 0 -0.01286206957 0.1751879316 0.4671264348 -0.0016728548 0.04542721762 0.2494852467 -0.9971370238 -0.03463861111 -0.06721549245 0.01765429092 0.7576960741 -0.6523687495 0.07352606216 -0.6516876752 -0.7549152881 0.0001043779029 0
0.7308636293 0.2192590888 0 -0.01323003929 0.1775012865 0.465899869 -0.001721783361 0.04607524292 0.2493239717 -0.9969690527 -0.03611545158 -0.06890850607 0.01841761721 0.7509846023 -0.6600628141 0.07558769363 -0.6593313289 -0.7480432469 0.000107860435 0
0.7404418922 0.2221325677 0 -0.01356864191 0.1795951748 0.4647711936 -0.001766861869 0.04666374013 0.2491753881 -0.9968101621 -0.03749141513 -0.07045491128 0.01912949344 0.7448197841 -0.6669914181 0.07748266395 -0.6662115903 -0.7417267379 0.0001110896631 0
0.750020155 0.2250060465 0 -0.01391111396 0.1816802354 0.4636296201 -0.001812509186 0.0472516423 0.2490249308 -0.9966452318 -0.03889939633 -0.07200776991 0.01985861835 0.7385952755 -0.6738565532 0.07939721179 -0.6730258955 -0.7353449712 0.0001143798529 0
0.7605562442 0.2281668733 0 -0.01429227816 0.1839634889 0.4623590728 -0.001863377374 0.04789763857 0.2488572664 -0.9964566637 -0.04048540802 -0.07372278504 0.02068075945 0.7316802678 -0.6813341999 0.08152560018 -0.6804446469 -0.7282504096 0.0001180702711 0
0.770134507 0.2310403521 0 -0.01464280966 0.186029692 0.4611906345 -0.001910216906 0.04848426703 0.2487028821 -0.9962785885 -0.04196130546 -0.07528760161 0.02144659869 0.7253328554 -0.6880641629 0.08348064157 -0.687118256 -0.7217336661 0.0001214906649 0
0.7806705962 0.2342011789 0 -0.01503278916 0.1882919657 0.4598907028 -0.001962394806 0.04912884425 0.2485309037 -0.9960752142 -0.04362250968 -0.0770145719 0.02230948468 0.7182844953 -0.6953917391 0.08565310578 -0.6943806309 -0.7144921868 0.0001253259509 0
0.790248859 0.2370746577 0 -0.01539128853 0.1903388828 0.4586957049 -0.002010423394 0.04971416635 0.2483726029 -0.9958833612 -0.04516718791 -0.07858915927 0.0231126853 0.7118175422 -0.7019840386 0.08764778717 -0.7009106304 -0.7078433115 0.0001288795484 0
0.8007849482 0.2402354844 0 -0.01578998147 0.1925797086 0.4573667284 -0.002063907485 0.05035728865 0.2481963224 -0.9956644797 -0.04690449824 -0.08032566139 0.02401701469 0.7046395612 -0.709158848 0.08986337874 -0.708013458 -0.7004580761 0.0001328630285 0
0.810363211 0.2431089633 0 -0.01615635509 0.1946069169 0.456145483 -0.002113121892 0.05094127183 0.2480341159 -0.9954582074 -0.04851875351 -0.08190780108 0.02485819955 0.6980564885 -0.7156110737 0.0918968293 -0.714396997 -0.6936799719 0.0001365528777 0
0.8208993001 0.24626979 0 -0.0165636574 0.1968258328 0.4547878087 -0.002167908567 0.05158290347 0.2478535453 -0.9952231083 -0.05033300788 -0.08365137824 0.025804644 0.6907526808 -0.7226305102 0.09415458094 -0.7213371765 -0.6861542047 0.0001406879305 0
0.830477563 0.2491432689 0 -0.01693780969 0.1988329152 0.4535406344 -0.002218305473 0.0521655153 0.2476874444 -0.9950017668 -0.05201756718 -0.0852388223 0.02668441137 0.6840569652 -0.728940334 0.09622591289 -0.727571468 -0.6792498308 0.0001445171261 0
0.8400558259 0.2520167478 0 -0.01731563194 0.2008302689 0.4522812269 -0.002269264283 0.05274746272 0.247519493 -0.9947730188 -0.05373583975 -0.08682799408 0.02758275442 0.6773088476 -0.7351815535 0.09831496676 -0.7337337286 -0.6722863845 0.0001484137781 0
0.850591915 0.2551775745 0 -0.01773544856 0.2030160109 0.4508818381 -0.002325967045 0.05338682876 0.2473326123 -0.9945126627 -0.05566504682 -0.08857745924 0.0285925385 0.6698263563 -0.7419670607 0.1006331479 -0.7404282916 -0.6645591881 0.0001527788635 0
0.8601701778 0.2580510534 0 -0.01812090479 0.2049926338 0.449596984 -0.002378103311 0.05396735712 0.2471607834 -0.9942678724 -0.05745456796 -0.09016856716 0.0295303015 0.662970825 -0.7480625953 0.1027587426 -0.74643731 -0.657473941 0.0001568195137 0
0.870706267 0.2612118801 0 -0.01854906385 0.2071553497 0.4481697872 -0.002436099351 0.05460514447 0.2469696438 -0.9939895033 -0.05946246149 -0.09191889329 0.03058374569 0.6553721547 -0.7546866723 0.1051166103 -0.7529618546 -0.6496144578 0.0001613447545 0
0.8802845298 0.2640853589 0 -0.01894205369 0.2091108394 0.446859821 -0.002489409557 0.05518422157 0.2467939492 -0.9937280029 -0.06132378266 -0.09350962463 0.03156146445 0.6484128146 -0.7606344035 0.1072778177 -0.7588150074 -0.642410503 0.0001655326092 0
0.890820619 0.2672461857 0 -0.01937844371 0.21125009 0.4454051876 -0.002548694966 0.05582039487 0.246598564 -0.9934308828 -0.06341092958 -0.09525825495 0.03265914399 0.6407019572 -0.7670947675 0.1096743427 -0.7651666851 -0.6344221643 0.0001702215566 0
0.9003988818 0.2701196645 0 -0.0197788649 0.2131840503 0.4440704503 -0.002603175518 0.05639798864 0.2464190157 -0.9931519982 -0.06534452991 -0.09684627423 0.0336773285 0.6336424609 -0.7728926635 0.1118702193 -0.770861417 -0.627102647 0.0001745598655 0
0.910934971 0.2732804913 0 -0.02022337239 0.2152994032 0.4425887587 -0.002663746299 0.05703251269 0.2462193982 -0.9928353824 -0.06751141716 -0.09859062801 0.03481979006 0.6258234596 -0.7791871275 0.1143043551 -0.7770374547 -0.6189889405 0.0001794161177 0
0.9205132338 0.2761539701 0 -0.0206311208 0.2172114441 0.4412295973 -0.002719393526 0.05760859116 0.2460360087 -0.9925384341 -0.06951770269 -0.1001735789 0.03587892419 0.6186675051 -0.784833244 0.1165339423 -0.7825712793 -0.6115570563 0.0001839081734 0
0.9300914967 0.279027449 0 -0.02104232124 0.2191129119 0.4398589292 -0.002775594999 0.05818393686 0.2458507944 -0.9922326435 -0.07155872156 -0.1017532827 0.03695772055 0.6114669305 -0.790406427 0.1187792408 -0.7880276279 -0.6040728016 0.0001884746112 0
0.9406275858 0.2821882757 0 -0.02149859993 0.2211922116 0.4383380002 -0.002838055748 0.05881596217 0.2456449544 -0.9918858752 -0.07384403944 -0.1034865612 0.0381672267 0.6034957802 -0.7964521995 0.1212669506 -0.793939482 -0.5957805179 0.000193584512 0
0.9502058487 0.2850617546 0 -0.0219169706 0.223071196 0.4369434313 -0.002895418332 0.0593897456 0.2454559175 -0.9915610085 -0.07595820787 -0.1050576845 0.03928763856 0.5962042845 -0.8018708953 0.1235445177 -0.7992313819 -0.588188703 0.000198309633 0
0.9607419378 0.2882225813 0 -0.02238107708 0.2251255574 0.4353964097 -0.002959154188 0.06002003498 0.2452458798 -0.9911928769 -0.07832412263 -0.1067802069 0.04054315526 0.5881352059 -0.807745772 0.1260671779 -0.8049610621 -0.5797799196 0.000203595947 0
0.9703202006 0.2910960602 0 -0.02280650943 0.2269816843 0.4339783019 -0.003017674018 0.06059222446 0.2450530332 -0.990848243 -0.08051166283 -0.1083403507 0.04170560054 0.5807565893 -0.8130082576 0.1283760192 -0.8100862029 -0.5720838588 0.0002084831461 0
0.9808562898 0.2942568869 0 -0.02327832332 0.2290106995 0.4324055889 -0.003082680686 0.06122074312 0.2448388121 -0.9904579858 -0.08295837758 -0.1100494703 0.04300757263 0.5725937835 -0.8187103931 0.1309325285 -0.8156312075 -0.5635622471 0.0002139496298 0
0.9904345526 0.2971303658 0 -0.02371070707 0.2308436015 0.4309643098 -0.003142353818 0.0617913071 0.2446421691 -0.9900928901 -0.08521943651 -0.1115962215 0.04421244214 0.5651318836 -0.8238150363 0.1332716361 -0.8205873517 -0.5557653005 0.0002190023419 0
1.000012815 0.3000038446 0 -0.02414636174 0.2326653169 0.4295121275 -0.003202574735 0.06236108597 0.2444437231 -0.9897178056 -0.08751553405 -0.1131357439 0.04543764311 0.5576316838 -0.8288439695 0.135624798 -0.8254622563 -0.5479215068 0.0002241350885 0
1.010548905 0.3031646714 0 -0.02462932929 0.2346561866 0.4279022357 -0.003269449334 0.06298692744 0.2442233536 -0.9892934866 -0.09008172019 -0.1148202115 0.04680894176 0.54933828 -0.8342879462 0.1382292308 -0.8307302437 -0.5392401524 0.0002298744951 0
1.020127167 0.3060381502 0 -0.02507176946 0.236454147 0.4264274351 -0.003330817592 0.06355503446 0.2440211311 -0.9888969099 -0.09245141485 -0.1163427587 0.04807709388 0.5417605242 -0.8391567955 0.1406111469 -0.8354329837 -0.5313005129 0.0002351778975 0
1.030663257 0.309198977 0 -0.02556213833 0.2384186925 0.4247928722 -0.003398952004 0.06417901969 0.2437966152 -0.9884485643 -0.09509854542 -0.1180072137 0.04949582006 0.5333839601 -0.8444238953 0.1432466391 -0.8405104507 -0.5225156291 0.0002411069628 0
1.040241519 0.3120724558 0 -0.02601124958 0.2401925475 0.4232958347 -0.003461463469 0.0647454236 0.2435906303 -0.9880297945 -0.09754179584 -0.1195103476 0.0508072461 0.5257325672 -0.849131257 0.1456562695 -0.845038973 -0.5144836103 0.000246584553 0
1.050777609 0.3152332826 0 -0.02650889302 0.242130387 0.4216370233 -0.003530853104 0.06536751828 0.2433619833 -0.9875566506 -0.1002697832 -0.1211521042 0.05227373959 0.5172771695 -0.8542199869 0.1483216704 -0.8499237028 -0.5055990324 0.0002527071834 0
1.060355871 0.3181067614 0 -0.02696455929 0.2438797929 0.4201181357 -0.003594503567 0.06593218797 0.24315225 -0.9871149859 -0.1027864714 -0.1226333802 0.05362873448 0.5095560866 -0.8587645506 0.1507579632 -0.8542760303 -0.4974781409 0.0002583625317 0
1.070891961 0.3212675882 0 -0.02746934878 0.2457905524 0.4184355041 -0.003665143753 0.06655235796 0.2429194877 -0.986616271 -0.1055951434 -0.1242497465 0.05514330433 0.5010262121 -0.863673521 0.1534521092 -0.8589658902 -0.4884977479 0.0002646826754 0
1.080470223 0.324141067 0 -0.02793145246 0.2475151726 0.4168951585 -0.003729928927 0.06711526244 0.2427060205 -0.9861510084 -0.1081850743 -0.1257067154 0.05654213502 0.4932394126 -0.8680540702 0.1559140005 -0.8631401228 -0.4802915291 0.00027051939 0
1.090048486 0.3270145459 0 -0.02839657979 0.2492278739 0.415344734 -0.003795252912 0.06767731551 0.2424907803 -0.9856742617 -0.1108097917 -0.127151248 0.05796192556 0.4854227231 -0.8723561171 0.1583877047 -0.8672289029 -0.4720459353 0.0002764437486 0
1.100584575 0.3301753726 0 -0.02891167971 0.2510979909 0.4136277343 -0.00386773043 0.06829458215 0.2422519723 -0.985136386 -0.1137370754 -0.1287252063 0.05954796468 0.476790926 -0.8769974075 0.1611221306 -0.8716273806 -0.4629312784 0.0002830627635 0
1.110162838 0.3330488515 0 -0.02938306802 0.2527854229 0.4120564399 -0.00393418266 0.06885482451 0.2420330198 -0.9846350039 -0.1164346065 -0.1301418129 0.06101193358 0.4689144276 -0.8811338171 0.163619843 -0.8755354031 -0.4546056588 0.0002891738833 0
1.120698927 0.3362096782 0 -0.02990498847 0.2546275672 0.4103167051 -0.004007898798 0.06947008251 0.2417901365 -0.9840696431 -0.1194417833 -0.1316837042 0.06264668109 0.460219053 -0.8855923535 0.1663800796 -0.8797340982 -0.445404968 0.0002960003659 0
1.13027719 0.3390831571 0 -0.0303825164 0.2562894112 0.4087249453 -0.0040754748 0.07002848353 0.2415674868 -0.9835429238 -0.1222117416 -0.1330699336 0.06415502536 0.4522867726 -0.889562144 0.1689007097 -0.883459657 -0.4370029574 0.0003023019476 0
1.140813279 0.3422439838 0 -0.03091112308 0.2581032365 0.4069629231 -0.004150424596 0.07064169925 0.2413205449 -0.9829493065 -0.1252983437 -0.1345770631 0.06583868234 0.4435322601 -0.8938368991 0.1716855519 -0.8874567366 -0.4277202497 0.0003093399888 0
1.150391542 0.3451174627 0 -0.03139466782 0.2597391811 0.4053511073 -0.004219119821 0.07119822841 0.2410942132 -0.9823965495 -0.1281402654 -0.1359304672 0.06739157054 0.435548242 -0.8976391843 0.1742279994 -0.890998205 -0.4192455163 0.0003158357696 0
1.160927631 0.3482782894 0 -0.03192982486 0.2615243491 0.4035672505 -0.004295298229 0.07180936837 0.2408432296 -0.9817739062 -0.1313057399 -0.1374001443 0.06912430673 0.4267390485 -0.9017292358 0.1770362314 -0.8947919239 -0.4098848443 0.0003230895006 0
1.170505894 0.3511517683 0 -0.0324192622 0.2631340905 0.4019357927 -0.004365108054 0.07236399531 0.2406132314 -0.9811944131 -0.1342190837 -0.1387182801 0.07072187889 0.4187073514 -0.9053632253 0.1795993862 -0.8981477559 -0.4013410882 0.0003297832545 0
1.180084157 0.3540252471 0 -0.03291146147 0.2647312496 0.4002951284 -0.004435446994 0.07291770581 0.2403814928 -0.9806019438 -0.1371662251 -0.1400187647 0.07234077006 0.4106543803 -0.908916824 0.1821720088 -0.9014146696 -0.3927657732 0.0003365726183 0
1.190620246 0.3571860739 0 -0.03345603653 0.2664735128 0.3984798782 -0.004513429675 0.07352572069 0.2401245745 -0.9799350522 -0.1404469394 -0.1414282525 0.07414620016 0.4017726438 -0.9127327559 0.185012525 -0.9049051883 -0.3832974898 0.0003441523838 0
1.200198509 0.3600595527 0 -0.03395394253 0.268044034 0.3968201916 -0.004584876254 0.07407748439 0.2398891928 -0.979314821 -0.1434645623 -0.1426898759 0.07580992973 0.3936780069 -0.9161170675 0.1876042 -0.9079843315 -0.3746586685 0.0003511453579 0
1.210734598 0.3632203795 0 -0.03450472503 0.2697568377 0.3949842499 -0.004664074704 0.07468334129 0.2396282759 -0.9786170111 -0.1468224134 -0.144055283 0.07766472399 0.3847526834 -0.9197464668 0.1904650527 -0.9112675521 -0.3651225988 0.0003589512149 0
1.220312861 0.3660938583 0 -0.03500821021 0.2713004359 0.393305966 -0.004736624115 0.07523312821 0.2393892672 -0.9779683275 -0.1499097847 -0.1452756237 0.07937336111 0.376620465 -0.922960939 0.1930746486 -0.9141575804 -0.3564240428 0.0003661516629 0
1.23084895 0.3692546851 0 -0.03556505914 0.2729834708 0.3914498029 -0.004817033006 0.0758367942 0.2391243696 -0.9772388419 -0.1533439242 -0.1465942929 0.08127757982 0.3676560507 -0.926403251 0.1959545887 -0.9172320695 -0.3468243501 0.000374187881 0
1.240427213 0.3721281639 0 -0.0360739947 0.2744998687 0.389753351 -0.004890680368 0.07638457447 0.2388817504 -0.9765610199 -0.1565002342 -0.1477709417 0.08303116497 0.3594903407 -0.9294474275 0.1985809662 -0.9199317212 -0.338069857 0.0003815997024 0
1.250005476 0.3750016428 0 -0.03658548003 0.2760032188 0.3880483999 -0.004964848828 0.07693138876 0.2386374176 -0.9758690825 -0.1596890651 -0.1489259422 0.08480615986 0.351310121 -0.9324103786 0.2012149324 -0.922540298 -0.3292900691 0.0003891135588 0
1.260541565 0.3781624695 0 -0.03715102355 0.277641762 0.3861632548 -0.00504703465 0.07753176073 0.238366677 -0.9750914647 -0.1632340908 -0.1501707931 0.08678338187 0.3422962285 -0.9355757247 0.2041207489 -0.925304233 -0.3196041244 0.000397497721 0
1.270119828 0.3810359484 0 -0.03766776686 0.2791175167 0.3844407771 -0.005122293723 0.07807652458 0.2381187582 -0.9743693851 -0.1664905247 -0.1512785726 0.08860333214 0.3340885601 -0.9383678828 0.2067698016 -0.9277207226 -0.3107740496 0.0004052287726 0
1.280655917 0.3841967751 0 -0.03823902181 0.280725562 0.382536594 -0.005205676447 0.07867462485 0.2378440824 -0.97355824 -0.1701093743 -0.1524701747 0.09062999218 0.3250467256 -0.941345224 0.2096915781 -0.9302727702 -0.3010349068 0.0004138540382 0
1.29023418 0.387070254 0 -0.0387608913 0.2821734634 0.380797029 -0.005282021071 0.07921730879 0.2375925946 -0.9728053454 -0.1734324118 -0.1535283639 0.09249486734 0.3168157018 -0.9439663715 0.2123545608 -0.9324961178 -0.2921584003 0.0004218062732 0
1.300770269 0.3902310807 0 -0.03933771208 0.2837507316 0.3788742931 -0.005366595088 0.07981310502 0.2373140023 -0.9719599363 -0.1771239443 -0.1546641216 0.09457091614 0.3077504266 -0.9467555211 0.2152910216 -0.9348351637 -0.2823703114 0.0004306770488 0
1.310348532 0.3931045596 0 -0.03986457482 0.2851705298 0.3771180839 -0.005444020132 0.08035367974 0.2370589628 -0.9711755605 -0.1805125103 -0.1556703709 0.09648065712 0.2995001377 -0.9492055364 0.2179667717 -0.9368643985 -0.2734512484 0.0004388544911 0
1.320884621 0.3962653863 0 -0.0404468146 0.2867167503 0.3751772847 -0.005529779756 0.08094713976 0.2367764731 -0.9702951584 -0.1842755017 -0.1567477115 0.098606014 0.2904159183 -0.9518064133 0.2209166349 -0.9389894216 -0.2636184868 0.0004479752226 0
1.330462884 0.3991388652 0 -0.04097853656 0.2881082034 0.3734048781 -0.005608280012 0.08148557611 0.2365178992 -0.969478642 -0.1877284458 -0.1576996932 0.1005605332 0.2821504489 -0.9540852705 0.2236039843 -0.9408236577 -0.2546607614 0.0004563819317 0
1.340041147 0.402012344 0 -0.04151252502 0.2894860762 0.3716249166 -0.005687290425 0.08202298399 0.2362576486 -0.9686465912 -0.1912116202 -0.158625022 0.1025363363 0.2738791839 -0.9562826425 0.226296445 -0.9425647505 -0.2456859989 0.0004648992526 0
1.350577236 0.4051731708 0 -0.04210249344 0.2909859888 0.3696583552 -0.005774789672 0.08261293694 0.2359694411 -0.9677132178 -0.1950776864 -0.1596114792 0.1047342676 0.2647752006 -0.9586056678 0.2292637372 -0.9443721668 -0.2357951428 0.0004743971753 0
1.360155499 0.4080466496 0 -0.04264114136 0.2923351742 0.3678628621 -0.005854867483 0.08314816371 0.2357056823 -0.9668480678 -0.198623404 -0.1604791485 0.1067546677 0.2564947691 -0.9606320182 0.2319660636 -0.9459171088 -0.2267874964 0.0004831498209 0
1.370691588 0.4112074764 0 -0.04323616023 0.2938034076 0.3658794659 -0.005943537918 0.0837357016 0.2354136258 -0.9658779327 -0.2025575439 -0.161400931 0.1090015726 0.2473829372 -0.9627670225 0.2349435598 -0.9475083766 -0.2168626291 0.0004929088773 0
1.380269851 0.4140809552 0 -0.04377933107 0.295123684 0.3640688964 -0.006024677747 0.08426871851 0.235146377 -0.9649790446 -0.2061644704 -0.1622086761 0.1110664119 0.2390973988 -0.9646225614 0.237654572 -0.9488564934 -0.2078260315 0.0005019009955 0
1.39080594 0.417241782 0 -0.04437924965 0.2965599988 0.3620691678 -0.006114513411 0.08485380981 0.2348504914 -0.96397145 -0.2101651756 -0.1630633082 0.1133621014 0.2299821764 -0.9665698281 0.2406409721 -0.950230918 -0.1978714861 0.0005119257681 0
1.400384203 0.4201152608 0 -0.04492680591 0.2978511525 0.3602439803 -0.006196709805 0.08538458828 0.2345797708 -0.9630381943 -0.2138319032 -0.1638088933 0.1154711939 0.2216955764 -0.9682548604 0.2433594866 -0.9513816209 -0.1888098824 0.0005211615428 0
1.410920292 0.4232760876 0 -0.04553147244 0.2992553184 0.3582284252 -0.006287704663 0.08596720165 0.2342800764 -0.961992453 -0.2178975854 -0.1645939325 0.1178154481 0.2125814043 -0.9700147766 0.2463534869 -0.9525386023 -0.1788300049 0.0005314566534 0
1.420498555 0.4261495664 0 -0.04608327571 0.3005171442 0.356389081 -0.006370952098 0.08649571327 0.2340059026 -0.9610242098 -0.2216226341 -0.1652751528 0.1199685799 0.2042977711 -0.9715297013 0.2490783169 -0.9534913889 -0.1697473514 0.0005409403041 0
1.430076818 0.4290230453 0 -0.04663705247 0.3017649346 0.3545431584 -0.006454698069 0.0870231355 0.233730091 -0.9600390912 -0.2253749137 -0.1659249579 0.1221425995 0.1960169611 -0.9729637899 0.2518057362 -0.9543497782 -0.1606560674 0.0005505434846 0
1.440612907 0.432183872 0 -0.04724844848 0.3031212411 0.3525051717 -0.006547392923 0.08760203409 0.2334248116 -0.958935806 -0.2295334436 -0.1666028756 0.1245580773 0.1869124129 -0.974448067 0.2548085659 -0.9551848764 -0.1506467609 0.0005612461964 0
1.45019117 0.4350573509 0 -0.04780626637 0.3043394159 0.3506457788 -0.006632181656 0.08812714785 0.2331455745 -0.9579148044 -0.2333417287 -0.1671851222 0.1267757696 0.1786404802 -0.9757128077 0.2575405438 -0.9558447659 -0.1415402834 0.0005711035476 0
1.460727259 0.4382181776 0 -0.04842203048 0.3056630426 0.3485932317 -0.006726020426 0.08870349171 0.2328365375 -0.9567717205 -0.2375609634 -0.1677875549 0.1292391357 0.1695478871 -0.977011136 0.2605477322 -0.956461344 -0.13151645 0.000582088212 0
1.470305522 0.4410916565 0 -0.04898374905 0.3068514173 0.3467208365 -0.006811846228 0.08922626903 0.232553894 -0.9557142432 -0.2414235982 -0.1683001236 0.1315002181 0.1612888075 -0.9781071583 0.2632830758 -0.9569224456 -0.1223987548 0.0005922040426 0
1.480841611 0.4442524832 0 -0.04960372632 0.3081421659 0.3446542456 -0.006906822613 0.08980002749 0.2322411206 -0.9545307149 -0.2457016779 -0.1688247606 0.1340111467 0.1522125292 -0.9792202809 0.2662933099 -0.9573202345 -0.1123647707 0.0006034754191 0
1.490419874 0.4471259621 0 -0.05016920433 0.3093005644 0.3427693189 -0.00699367972 0.09032044056 0.2319550899 -0.9534361811 -0.2496169371 -0.16926557 0.1363153095 0.1439702533 -0.9801483064 0.2690308252 -0.9575823468 -0.1032398384 0.0006138540739 0
1.500955963 0.4502867888 0 -0.05079323902 0.3105582459 0.3406892033 -0.007089787342 0.09089158313 0.2316386014 -0.9522115764 -0.2539519265 -0.1697101433 0.1388734449 0.1349146203 -0.9810770671 0.2720427908 -0.9577611729 -0.09320008443 0.0006254169619 0
1.510534226 0.4531602677 0 -0.05136233454 0.3116865006 0.3387922182 -0.007177669923 0.09140960434 0.2313492033 -0.9510794179 -0.2579180166 -0.1700771517 0.1412203512 0.1266930705 -0.9818379084 0.2747812825 -0.9578241815 -0.08407189891 0.0006360628221 0
1.520112488 0.4560337465 0 -0.0519331026 0.3128003448 0.336889658 -0.007266038755 0.0919264769 0.2310582085 -0.9499291469 -0.2619076619 -0.1704083111 0.1435874853 0.1184827604 -0.98251945 0.277519819 -0.9577923638 -0.07494356492 0.0006468374733 0
1.530648577 0.4591945732 0 -0.05256284057 0.3140088871 0.3347905314 -0.007363804485 0.09249370265 0.2307362754 -0.9486427803 -0.2663229656 -0.1707306455 0.146214594 0.1094654501 -0.9831778108 0.2805319372 -0.9576478441 -0.06490330464 0.0006588395437 0
1.54022684 0.4620680521 0 -0.0531370154 0.3150923557 0.3328766153 -0.007453190059 0.09300814291 0.2304419423 -0.9474540697 -0.2703606715 -0.1709850669 0.1486239253 0.1012816006 -0.9836935327 0.2832696853 -0.9574169127 -0.05577760039 0.0006698879342 0
1.550762929 0.4652288788 0 -0.05377042197 0.3162674032 0.3307652601 -0.007552070914 0.09357267816 0.2301163481 -0.9461251235 -0.2748277737 -0.1712219189 0.151297233 0.0922955156 -0.9841700489 0.2862802788 -0.9570534116 -0.04574242438 0.0006821935721 0
1.560341192 0.4681023577 0 -0.05434786006 0.3173203497 0.3288404665 -0.00764246723 0.09408465895 0.2298186969 -0.9448974384 -0.2789115821 -0.1713976672 0.1537483587 0.0841419701 -0.9845209856 0.2890160431 -0.9566234673 -0.03662333403 0.0006935201733 0
