0.005355300061 0.004559234707 -0.002227911932 -2.075360809e-06 0.001365595886 0.5099975623 -2.605167669e-07 0.0003399665776 0.2549996979 -0.9999999999 -4.244175199e-08 -1.208625765e-05 2.196023351e-08 0.9999858035 -0.005328480069 1.208631221e-05 -0.005328480069 -0.9999858035 2.596180185e-08 -0.002963122869 0
0.01116236681 0.009503080984 -0.00464376784 -9.016437555e-06 0.002846352561 0.5099894092 -1.137567501e-06 0.0007098170194 0.2549986809 -0.9999999986 -3.880836691e-07 -5.250781875e-05 1.951005623e-07 0.9999383247 -0.01110616114 5.250889044e-05 -0.01110616113 -0.9999383233 6.722313451e-08 -0.006176211228 0
0.01624355022 0.01382894648 -0.006757641761 -1.909321639e-05 0.00414194822 0.509977573 -2.417284841e-06 0.001034137973 0.2549971969 -0.9999999938 -1.197156002e-06 -0.0001111871798 5.99909577e-07 0.9998694006 -0.01616111885 0.0001111920062 -0.01616111881 -0.9998693944 7.574844132e-08 -0.008987663541 0
0.02132473362 0.01815481197 -0.008871515681 -3.290616447e-05 0.005437451658 0.5099613483 -4.175666802e-06 0.001358677099 0.2549951577 -0.9999999816 -2.709502385e-06 -0.0001916172277 1.356336728e-06 0.9997749288 -0.02121536412 0.0001916315833 -0.02121536399 -0.9997749105 5.445756828e-08 -0.01179911586 0
0.02640591703 0.02248067746 -0.0109853896 -5.045491273e-05 0.006732834029 0.5099407354 -6.412114911e-06 0.001683250666 0.254992564 -0.9999999568 -5.144973156e-06 -0.0002937903052 2.5742842e-06 0.9996549188 -0.02626867421 0.0002938240753 -0.02626867383 -0.9996548757 1.227659725e-08 -0.01461056817 0
0.03221298377 0.02742452374 -0.01340124551 -7.508446819e-05 0.008213085784 0.5099118054 -9.552769408e-06 0.002054158068 0.2549889216 -0.9999999044 -9.340593836e-06 -0.0004371710816 4.672237633e-06 0.9994865087 -0.032042455 0.0004372458936 -0.03204245398 -0.9994864131 7.40604024e-08 -0.01782365653 0
0.03729416718 0.03175038923 -0.01551511943 -0.0001006367957 0.009508111618 0.5098817915 -1.281208885e-05 0.002378655946 0.2549851416 -0.9999998283 -1.449392652e-05 -0.0005859009568 7.248880127e-06 0.9993118174 -0.03709301151 0.0005860353733 -0.03709300939 -0.9993116457 1.633373873e-07 -0.02063510884 0
0.04237535058 0.03607625472 -0.01762899335 -0.0001299231137 0.01080292576 0.5098473917 -1.654835322e-05 0.002703109744 0.2549808084 -0.9999997138 -2.126046125e-05 -0.0007563363261 1.0631904e-05 0.9991116341 -0.04214193348 0.0007565603796 -0.04214192946 -0.9991113478 2.699896165e-07 -0.02344656116 0
0.04818241733 0.041020101 -0.02004484926 -0.0001679644165 0.01228241717 0.5098027081 -2.140221149e-05 0.003073863221 0.2549751791 -0.9999995216 -3.125016263e-05 -0.0009776768547 1.56260756e-05 0.998851664 -0.04790984346 0.0009780513436 -0.04790983582 -0.9988511856 4.118782256e-07 -0.02665964951 0
0.05326360074 0.04534596649 -0.02215872318 -0.0002052493802 0.01357668064 0.509758913 -2.616009163e-05 0.003398230922 0.2549696611 -0.9999992856 -4.221135991e-05 -0.001194566718 2.110558174e-05 0.9985969252 -0.05295451475 0.001195125933 -0.05295450213 -0.9985962109 5.529827565e-07 -0.02947110183 0
0.05834478414 0.04967183198 -0.0242725971 -0.0002462655394 0.01487064186 0.5097107353 -3.139459727e-05 0.003722561868 0.2549635903 -0.9999989716 -5.547384153e-05 -0.001433104139 2.773509354e-05 0.9983167655 -0.0579968537 0.001433909196 -0.0579968338 -0.9983157372 7.096390742e-07 -0.03228255414 0
0.06342596755 0.05399769747 -0.02638647102 -0.0002910117985 0.01616427202 0.5096581761 -3.710566455e-05 0.004046857293 0.2549569668 -0.9999985639 -7.125598629e-05 -0.001693266414 3.562360108e-05 0.9980112128 -0.06303663874 0.001694390605 -0.06303660853 -0.998009777 8.817214661e-07 -0.03509400646 0
0.0692330343 0.05894154375 -0.02880232693 -0.0003467163114 0.0176422642 0.5095927453 -4.42160683e-05 0.004417437896 0.2549487204 -0.9999979615 -9.265774072e-05 -0.002017042287 4.632021756e-05 0.9976309556 -0.06879298191 0.002018638026 -0.06879293511 -0.9976289176 1.097219261e-06 -0.03830709481 0
0.0743142177 0.06326740924 -0.03091620085 -0.0003994514884 0.01893508805 0.5095308023 -5.094814413e-05 0.0047416586 0.2549409128 -0.9999972942 -0.0001145730171 -0.002323457528 5.727264854e-05 0.9972710952 -0.07382654932 0.002325575564 -0.07382648263 -0.9972683902 1.30226889e-06 -0.04111854713 0
0.07939540111 0.06759327473 -0.03303007477 -0.0004559126729 0.0202274904 0.5094644827 -5.815660187e-05 0.005065844111 0.2549325527 -0.9999964752 -0.0001396921085 -0.002651412897 6.982526353e-05 0.9968859461 -0.07885686814 0.002654171936 -0.07885677532 -0.9968824225 1.522758048e-06 -0.04392999944 0
0.08447658451 0.07191914022 -0.03514394869 -0.0005160983565 0.02151944251 0.5093937883 -6.5841384e-05 0.005389993773 0.2549236402 -0.9999954832 -0.0001682319089 -0.00300087719 8.408613225e-05 0.9964755465 -0.08388371795 0.003004412656 -0.0838835914 -0.9964710315 1.758761986e-06 -0.04674145176 0
0.09028365126 0.0768629865 -0.0375598046 -0.0005894405393 0.02299537102 0.5093076402 -7.520717025e-05 0.005760405481 0.2549127781 -0.9999941082 -0.0002053151075 -0.003426559668 0.0001026142854 0.9959756521 -0.08962415913 0.003431171194 -0.08962398271 -0.995969763 2.047602281e-06 -0.04995454011 0
0.09536483467 0.08118885199 -0.03967367852 -0.0006576017513 0.02428626157 0.5092275777 -8.391244468e-05 0.006084475089 0.254902682 -0.9999926669 -0.0002419133266 -0.003821999942 0.000120898349 0.9955112853 -0.0946428348 0.003827739437 -0.09464260285 -0.9955039559 2.317196487e-06 -0.05276599243 0
0.1004460181 0.08551471748 -0.04178755244 -0.000729482075 0.0255766116 0.5091431467 -9.309384889e-05 0.006408505479 0.2548920337 -0.9999909762 -0.0002826110053 -0.004238837785 0.0001412285071 0.995021805 -0.09965735107 0.004245900288 -0.09965705042 -0.9950127862 2.602659912e-06 -0.05557744474 0
0.1055272015 0.08984058298 -0.04390142636 -0.0008050795904 0.02686639243 0.5090543495 -0.0001027513154 0.006732495304 0.2548808334 -0.9999890089 -0.0003276230861 -0.004677033554 0.0001637116202 0.9945072599 -0.1046674891 0.00468563531 -0.1046671043 -0.9944962756 2.904133136e-06 -0.05838889706 0
0.1113342682 0.09478442925 -0.04631728227 -0.0008960258194 0.02833969389 0.5089475236 -0.000114371263 0.007102717872 0.254867357 -0.9999863855 -0.0003846234141 -0.005203927734 0.0001921795129 0.9938885825 -0.1103877197 0.005214582061 -0.110387217 -0.9938749773 3.268472354e-06 -0.06160198541 0
0.1164154516 0.09911029474 -0.04843115619 -0.0009795818191 0.02962815846 0.5088493783 -0.000125048622 0.007426615847 0.2548549737 -0.999983728 -0.0004396018788 -0.005687747576 0.0002196343576 0.9933205027 -0.1153877408 0.005700480949 -0.1153871124 -0.9933042428 3.604774325e-06 -0.06441343773 0
0.121496635 0.1034361602 -0.05054503011 -0.001066848331 0.03091596376 0.5087468746 -0.0001362018115 0.007750468524 0.2548420387 -0.9999806997 -0.0004995666352 -0.006192787577 0.0002495757465 0.9927275274 -0.1203826986 0.006207889879 -0.1203819207 -0.9927082428 3.957593699e-06 -0.06722489004 0
0.1265778184 0.1077620257 -0.05265890403 -0.001157823024 0.03220308119 0.5086400152 -0.0001478307512 0.008074274288 0.2548285518 -0.9999772678 -0.0005647302122 -0.006718999731 0.0002821090445 0.9921097156 -0.1253723762 0.006736786481 -0.1253714217 -0.9920870034 4.327110366e-06 -0.07003634236 0
0.1323848852 0.112705872 -0.05507475994 -0.00126633161 0.03367319355 0.5085125605 -0.0001617034118 0.00844427845 0.2548124628 -0.9999728074 -0.0006458405392 -0.007346245885 0.0003225983477 0.9913733118 -0.1310681217 0.007367521219 -0.1310669275 -0.9913461455 4.770102206e-06 -0.07324943071 0
0.1374660686 0.1170317375 -0.05718863386 -0.001365244099 0.03495874069 0.5083963774 -0.0001743515303 0.008767978077 0.254797794 -0.9999683936 -0.0007228570391 -0.007917655959 0.0003610386376 0.990702489 -0.1360457565 0.007942383099 -0.1360443151 -0.9906709155 5.176041413e-06 -0.07606088303 0
0.142547252 0.121357603 -0.05930250778 -0.0014678568 0.03624351015 0.508275848 -0.0001874751251 0.009091625498 0.2547825737 -0.999963464 -0.0008057359427 -0.008510074273 0.0004023992791 0.9900070312 -0.1410174326 0.00853865618 -0.1410157049 -0.9899705361 5.599294003e-06 -0.07887233534 0
0.1483543187 0.1263014493 -0.06171836368 -0.001589655812 0.03771082926 0.5081327823 -0.0002030556143 0.009461442114 0.254764504 -0.9999571493 -0.0009079020567 -0.009212775865 0.0004533773828 0.9891821456 -0.1466917767 0.009246295162 -0.1466896677 -0.9891393468 6.104482441e-06 -0.0820854237 0
0.1534355022 0.1306273148 -0.06383223761 -0.001700188188 0.03899383625 0.5080029504 -0.0002171977661 0.009784971805 0.2547481024 -0.9999509833 -0.001004048266 -0.009850019785 0.000501344125 0.9884341342 -0.1516499623 0.009888359659 -0.1516474672 -0.988385181 6.565554833e-06 -0.08489687601 0
0.1585166856 0.1349531802 -0.06594611153 -0.001814411834 0.04027597599 0.5078687827 -0.0002318150875 0.01010844379 0.2547311497 -0.9999441761 -0.001106713206 -0.01050808841 0.0005525551664 0.9876617132 -0.1566015167 0.01055174956 -0.1565985809 -0.9876059665 7.044626981e-06 -0.08770832833 0
0.163597869 0.1392790457 -0.06805998545 -0.0019323237 0.04155722004 0.5077302828 -0.000246907474 0.01043185628 0.2547136461 -0.999936685 -0.001216104056 -0.01118691925 0.000607112557 0.9868649593 -0.1615462271 0.01123643563 -0.1615427905 -0.9868017376 7.541930931e-06 -0.09051978064 0
0.1694049357 0.144222892 -0.07047584135 -0.002071592264 0.04302036574 0.5075666973 -0.0002647374895 0.01080139541 0.2546929675 -0.9999272297 -0.001349622623 -0.01198806629 0.0006736916463 0.9859246898 -0.1671886724 0.01204497216 -0.1671845823 -0.9858520346 8.132908958e-06 -0.093732869 0
0.1744861191 0.1485487575 -0.07258971527 -0.002197396735 0.04429959478 0.5074189267 -0.0002808475049 0.01112467439 0.2546742836 -0.9999181232 -0.001474119821 -0.0127111681 0.0007357609735 0.9850760637 -0.172118004 0.01277519 -0.1721132639 -0.9849943243 8.670091413e-06 -0.09654432131 0
0.1795673025 0.152874623 -0.07470358919 -0.002326879202 0.04557783891 0.507266836 -0.000297432235 0.01144788822 0.2546550492 -0.9999081901 -0.001605988449 -0.01345482304 0.0008014939046 0.9842033617 -0.1770398275 0.01352660598 -0.1770343574 -0.9841117148 9.226275086e-06 -0.09935577363 0
0.1846484859 0.1572004885 -0.07681746311 -0.002460036209 0.04685506978 0.5071104291 -0.0003144915613 0.0117710351 0.2546352644 -0.999897382 -0.001745432026 -0.01421896054 0.0008709902223 0.9833066702 -0.1819539331 0.01429918697 -0.181947646 -0.983204245 9.801717009e-06 -0.1021672259 0
0.1904555527 0.1621443348 -0.07923331902 -0.002616710521 0.04831348518 0.5069263986 -0.0003345689159 0.01214026149 0.2546119794 -0.9998838953 -0.001914331369 -0.01511724819 0.0009551500333 0.9822526194 -0.1875603352 0.01520800926 -0.1875529978 -0.9821367468 1.048328366e-05 -0.1053803143 0
0.1955367361 0.1664702003 -0.08134719294 -0.002757729452 0.04958844954 0.5067607571 -0.0003526448194 0.01246325876 0.2545910156 -0.9998710445 -0.002070687841 -0.01592503039 0.001033043999 0.9813048248 -0.1924571995 0.01602582794 -0.1924488323 -0.9811761411 1.110088482e-05 -0.1081917666 0
0.2006179195 0.1707960658 -0.08346106686 -0.002902411426 0.0508623118 0.5065908129 -0.0003711949246 0.01278618334 0.2545695018 -0.9998571591 -0.002235252587 -0.01675306092 0.001115011052 0.9803333284 -0.1973456914 0.01686470144 -0.1973361822 -0.9801908044 1.17385881e-05 -0.1110032189 0
0.2056991029 0.1751219312 -0.08557494078 -0.003050752581 0.05213504376 0.5064165706 -0.0003902190992 0.0131090334 0.2545474382 -0.9998421856 -0.002408225024 -0.01760126129 0.001201148438 0.9793382266 -0.2022256044 0.01772459278 -0.202214832 -0.9791807803 1.239667301e-05 -0.1138146712 0
0.2115061696 0.1800657775 -0.08799079669 -0.003224760878 0.05358817441 0.5062121796 -0.0004125413318 0.0134779113 0.2545215496 -0.9998236703 -0.002616457352 -0.01859522771 0.001304821572 0.9781721895 -0.2077918792 0.01873301319 -0.2077795028 -0.9779962947 1.317409239e-05 -0.1170277596 0
0.216587353 0.184391643 -0.09010467061 -0.003380929684 0.0548583895 0.506028743 -0.0004325809075 0.0138005955 0.2544983084 -0.999806179 -0.002808112842 -0.01948637608 0.001400219784 0.9771268399 -0.2126527171 0.01963781391 -0.2126387857 -0.9769335203 1.387681674e-05 -0.1198392119 0
0.2216685364 0.1887175085 -0.09221854453 -0.003540744904 0.05612738588 0.5058410232 -0.0004530941144 0.0141231994 0.2544745179 -0.9997874233 -0.003008795786 -0.02039743534 0.001500089633 0.9760582027 -0.2175043324 0.0205635102 -0.217488694 -0.975846202 1.460083352e-05 -0.1226506642 0
0.2274756032 0.1936613548 -0.09463440044 -0.003727850394 0.05757613918 0.5056212481 -0.0004771175476 0.0144917889 0.2544466563 -0.9997643644 -0.003249451695 -0.02146291586 0.001619823192 0.9748085236 -0.2230374822 0.02164698284 -0.2230196927 -0.9745735605 1.545473822e-05 -0.1258637526 0
0.2325567866 0.1979872203 -0.09674827436 -0.003895464879 0.05884242961 0.5054243673 -0.0004986451806 0.01481421455 0.2544216893 -0.9997426996 -0.00347013395 -0.02241634844 0.001729592214 0.9736903439 -0.2278686524 0.02261731676 -0.2278487928 -0.9734338111 1.622539647e-05 -0.1286752049 0
0.23763797 0.2023130858 -0.09886214828 -0.004066712054 0.06010741328 0.5052232195 -0.0005206459729 0.01513655412 0.2543961735 -0.9997195817 -0.003700452237 -0.02338941455 0.001844127254 0.9725492169 -0.232689965 0.0236084149 -0.2326678476 -0.9722696722 1.701830405e-05 -0.1314866572 0
0.2427191534 0.2066389513 -0.1009760222 -0.004241587351 0.06137106225 0.5050178101 -0.0005431197675 0.01545880576 0.2543701091 -0.9996949478 -0.003940597726 -0.02438202212 0.001963520452 0.9713852557 -0.2375012202 0.02462023356 -0.2374766445 -0.9710811951 1.783377447e-05 -0.1342981095 0
0.2485262202 0.2115827975 -0.1033918781 -0.004445881445 0.06281356238 0.5047778453 -0.0005693830846 0.01582698331 0.2543396498 -0.9996648568 -0.004227326614 -0.0255402386 0.002106035767 0.9700272018 -0.2429872269 0.02580191255 -0.24295958 -0.9696932009 1.879377633e-05 -0.1375111979 0
0.2536074036 0.215908663 -0.105505752 -0.004628515463 0.06407425738 0.5045633224 -0.0005928699109 0.01614904032 0.2543124105 -0.9996367583 -0.004489168361 -0.02657440229 0.002236146001 0.9688147006 -0.2477762612 0.02685798095 -0.2477456827 -0.9684527482 1.96586706e-05 -0.1403226502 0
0.258688587 0.2202345285 -0.107619626 -0.004814762623 0.06533353013 0.5043445556 -0.0006168292238 0.0164710036 0.2542846233 -0.9996069393 -0.004761429991 -0.02762780629 0.002371398937 0.9675797345 -0.2525546157 0.0279346266 -0.2525208629 -0.9671881257 2.05471396e-05 -0.1431341025 0
0.2637697704 0.224560394 -0.1097334999 -0.005004617959 0.06659135287 0.5041215505 -0.0006412608523 0.0167928713 0.2542562882 -0.9995753323 -0.00504429741 -0.02870035108 0.002511883459 0.9663224255 -0.2573220945 0.02903180204 -0.2572849101 -0.9658993889 2.145951334e-05 -0.1459455548 0
0.2695768371 0.2295042403 -0.1121493558 -0.005226007163 0.06802705348 0.5038615057 -0.0006697608352 0.0171606007 0.2542232349 -0.9995369323 -0.005380797854 -0.02994942417 0.002678956145 0.964858302 -0.2627570748 0.03031079326 -0.2627156337 -0.9643970923 2.253192553e-05 -0.1491586432 0
0.2746580205 0.2338301058 -0.1142632297 -0.005423577139 0.06928167573 0.503629439 -0.0006952039769 0.01748225738 0.2541937267 -0.9995012607 -0.005687011756 -0.03106264146 0.002830946657 0.9635535366 -0.267500594 0.03145179706 -0.2674551177 -0.963056875 2.3496652e-05 -0.1519700955 0
0.2797392039 0.2381559713 -0.1163771036 -0.005624739062 0.07053476098 0.5033931532 -0.0007211188745 0.01780381267 0.2541636715 -0.9994635811 -0.00600440695 -0.03219467516 0.002988442673 0.9622268261 -0.272232629 0.03261317559 -0.2721828102 -0.9616927257 2.448634392e-05 -0.1547815478 0
0.2848203873 0.2424818368 -0.1184909775 -0.005829487572 0.07178628163 0.5031526545 -0.0007475053433 0.01812526473 0.2541330693 -0.9994238211 -0.006333163677 -0.03334541844 0.003151529571 0.9608783014 -0.2769529882 0.03379487764 -0.2768985028 -0.9603047044 2.550134592e-05 -0.1575930001 0
0.2906274541 0.247425683 -0.1209068334 -0.006067870604 0.0732146398 0.5028726486 -0.0007782384996 0.01849250973 0.2540974259 -0.9993757391 -0.006723027049 -0.03468332398 0.003344868924 0.9593105898 -0.2823331438 0.03517021335 -0.2822729054 -0.9586892421 2.669278655e-05 -0.1608060885 0
0.2957086375 0.2517515485 -0.1230207074 -0.006280286161 0.07446271509 0.5026231442 -0.0008056348389 0.01881373436 0.2540656525 -0.9993312719 -0.007076730185 -0.03587379146 0.003520219659 0.9579157711 -0.2870278446 0.03639528922 -0.2869621846 -0.9572502742 2.776319993e-05 -0.1636175408 0
0.3007898209 0.256077414 -0.1251345813 -0.006496270837 0.07570913939 0.5023694475 -0.0008335021459 0.01913484995 0.2540333328 -0.9992844893 -0.007442351932 -0.03708262158 0.003701423799 0.9564995633 -0.2917102757 0.03764052188 -0.2916388123 -0.9557876303 2.886002725e-05 -0.1664289931 0
0.3065968876 0.2610212603 -0.1275504372 -0.006747473431 0.07713156756 0.5020743837 -0.0008659269363 0.01950170331 0.2539957275 -0.9992280895 -0.007875022946 -0.03848648036 0.003915786356 0.9548550285 -0.297046362 0.03908825622 -0.2969677737 -0.954087129 3.014634654e-05 -0.1696420815 0
0.3116780711 0.2653471258 -0.1296643111 -0.006971086722 0.07837436187 0.5018117264 -0.0008948027853 0.01982257904 0.2539622382 -0.9991760846 -0.008266769156 -0.03973427323 0.004109807189 0.9533934595 -0.3017018741 0.04037649597 -0.3016165975 -0.9525739691 3.130098268e-05 -0.1724535338 0
0.3167592545 0.2696729913 -0.131778185 -0.007198250732 0.07961541929 0.5015448984 -0.0009241489652 0.02014333992 0.2539282034 -0.9991215186 -0.008670976267 -0.04100006509 0.00430993481 0.9519109469 -0.3063445342 0.04168471697 -0.3062521238 -0.9510373395 3.248316588e-05 -0.1752649861 0
0.3218404379 0.2739988568 -0.133892059 -0.007428959409 0.08085471259 0.5012739068 -0.0009539652665 0.02046398412 0.2538936233 -0.9990643109 -0.009087813612 -0.0422837368 0.004516247856 0.9504076366 -0.3109741594 0.04301286155 -0.3108741481 -0.9494773077 3.369326236e-05 -0.1780764384 0
0.3276475046 0.278942703 -0.1363079149 -0.007696958994 0.08226885278 0.5009591132 -0.0009886164252 0.02083028939 0.2538534359 -0.9989955914 -0.009579879856 -0.04377252886 0.004759707755 0.9486642908 -0.3162489661 0.04455506214 -0.3161396673 -0.9476658468 3.511088251e-05 -0.1812895268 0
0.332728688 0.2832685685 -0.1384217888 -0.007935242582 0.08350427437 0.5006792241 -0.001019439408 0.02115067734 0.2538176883 -0.9989324472 -0.01002434479 -0.04509410574 0.004979535501 0.9471169144 -0.3208500502 0.04592570181 -0.3207320736 -0.9460559005 3.638203827e-05 -0.1841009791 0
0.3378098714 0.287594434 -0.1405356627 -0.008177051215 0.0847378466 0.5003951944 -0.001050731833 0.02147094281 0.2537813963 -0.9988664017 -0.01048196173 -0.04643317744 0.00520578937 0.9455492116 -0.3254375336 0.04731607809 -0.3253103395 -0.9444227717 3.768227477e-05 -0.1869124314 0
0.3428910548 0.2919202995 -0.1426495366 -0.008422378456 0.08596954246 0.5001070318 -0.001082493475 0.02179108396 0.2537445601 -0.9987973701 -0.01095289328 -0.04778961812 0.005438543852 0.9439613364 -0.3300112387 0.04872612967 -0.3298742633 -0.9427665325 3.901196844e-05 -0.1897238837 0
0.3486981216 0.2968641458 -0.1450653925 -0.008707052566 0.08737486272 0.4997726522 -0.001119366755 0.02215680497 0.2537017955 -0.9987147102 -0.01150761077 -0.04936094068 0.005712603088 0.942122121 -0.3352212332 0.05036162961 -0.3350723563 -0.9408454827 4.056817426e-05 -0.1929369721 0
0.353779305 0.3011900113 -0.1471792665 -0.008959897577 0.08860244712 0.4994756592 -0.001152133095 0.02247667351 0.253663794 -0.9986389896 -0.01200761345 -0.05075416959 0.00595953346 0.9404915467 -0.3397648224 0.05181363211 -0.3396048701 -0.9391399681 4.196226846e-05 -0.1957484244 0
0.3588604884 0.3055158768 -0.1492931404 -0.009216240362 0.08982807064 0.4991745576 -0.001185367929 0.02279641195 0.2536252492 -0.9985600098 -0.01252143085 -0.05216436181 0.006213191762 0.9388412963 -0.3442940845 0.05328511164 -0.3441224116 -0.937411576 4.338701734e-05 -0.1985598767 0
0.3639416718 0.3098417423 -0.1514070143 -0.009476074102 0.0910517065 0.4988693556 -0.001219071019 0.02311601843 0.2535861612 -0.9984776819 -0.01304921852 -0.05359138507 0.006473648121 0.9371715316 -0.3488088478 0.0547760033 -0.3486247815 -0.9356603824 4.484280622e-05 -0.201371329 0
0.3697487385 0.3147855886 -0.1538228702 -0.009777292714 0.09244767936 0.4985155427 -0.001258161902 0.02348111906 0.2535408247 -0.998379378 -0.0136697081 -0.05524270652 0.006779725193 0.935239544 -0.3539506049 0.05650356511 -0.3537515152 -0.9336311973 4.654507009e-05 -0.2045844174 0
0.3748299219 0.319111454 -0.1559367441 -0.01004458368 0.09366696609 0.4982015814 -0.001292867584 0.02380043661 0.253500574 -0.998289572 -0.01422794768 -0.05670534383 0.007054979885 0.9335285162 -0.3584337272 0.0580358318 -0.3582207071 -0.9318314049 4.806868002e-05 -0.2073958697 0
0.3799111053 0.3234373195 -0.158050618 -0.01031534356 0.09488418141 0.4978835455 -0.001328040754 0.02411961644 0.2534597811 -0.9981961322 -0.01480063489 -0.05818438662 0.007337245903 0.9317984943 -0.3629018197 0.05958730118 -0.362674106 -0.9300090572 4.962455364e-05 -0.210207322 0
0.3857181721 0.3283811658 -0.160466474 -0.01062902184 0.09627271419 0.4975150974 -0.001368810775 0.02448422239 0.2534124971 -0.9980847754 -0.01547301548 -0.05989463192 0.007668504975 0.9297982857 -0.3679895948 0.06138383478 -0.3677441144 -0.9278988583 5.144270586e-05 -0.2134204104 0
0.3907993555 0.3327070313 -0.1625803479 -0.01090719077 0.09748540155 0.4971883588 -0.001404984857 0.02480310092 0.2533705433 -0.9979832354 -0.01607715837 -0.06140836121 0.007966014546 0.9280281345 -0.3724249241 0.06297622138 -0.3721630106 -0.9260284494 5.306904195e-05 -0.2162318627 0
0.3958805389 0.3370328968 -0.1646942218 -0.01118880568 0.09869593434 0.4968575725 -0.001441625626 0.02512183595 0.2533280483 -0.9978777669 -0.01669620828 -0.06293805593 0.008270737632 0.9262395271 -0.3768447073 0.06458759288 -0.3765654991 -0.924135741 5.472888298e-05 -0.219043315 0
0.4009617223 0.3413587623 -0.1668080957 -0.01147385908 0.09990428625 0.4965227473 -0.001478732821 0.02544042567 0.2532850123 -0.9977682743 -0.01733030751 -0.06448357308 0.008582736184 0.924432638 -0.381248783 0.06621787822 -0.3809513858 -0.9222208164 5.642262728e-05 -0.2218547673 0
0.4067687891 0.3463026086 -0.1692239516 -0.01180383509 0.1012825557 0.4961351558 -0.001521711839 0.0258043479 0.2532351663 -0.9976380885 -0.01807360011 -0.06626906752 0.008948292607 0.9223454625 -0.3862625738 0.06810412903 -0.3859432508 -0.9200052363 5.84003623e-05 -0.2250678557 0
0.4118499725 0.3506284741 -0.1713378255 -0.01209623109 0.1024861459 0.495791706 -0.001559817622 0.02612262004 0.2531909721 -0.9975196466 -0.01874041824 -0.06784800189 0.0092760846 0.9204999944 -0.3906324545 0.06977470094 -0.3902929118 -0.9180429914 6.016810492e-05 -0.227879308 0
0.4169311559 0.3549543396 -0.1734516995 -0.01239204147 0.103687473 0.4954442456 -0.001598388988 0.02644074111 0.2531462379 -0.9973968743 -0.01942272051 -0.06944230023 0.009611339099 0.9186368045 -0.3949861308 0.071463958 -0.3946253657 -0.9160587991 6.197101255e-05 -0.2306907603 0
0.4220123393 0.359280205 -0.1755655734 -0.01269125838 0.1048865108 0.495092784 -0.001637425661 0.02675870927 0.2531009641 -0.9972696724 -0.02012064126 -0.07105181382 0.009954113141 0.9167560743 -0.3993234476 0.07317182575 -0.3989404215 -0.9140527468 6.380948961e-05 -0.2335022126 0
0.427819406 0.3642240513 -0.1779814293 -0.01303738162 0.1062540032 0.4946862259 -0.001682608406 0.02712191188 0.2530485622 -0.9971187466 -0.02093755937 -0.07290969631 0.01035513406 0.9145854254 -0.4042601524 0.07514636656 -0.4038503661 -0.9117334618 6.59546812e-05 -0.236715301 0
0.4329005894 0.3685499168 -0.1800953032 -0.01334387135 0.107448048 0.4943262215 -0.001722641221 0.02743954624 0.2530021331 -0.996981715 -0.0216693915 -0.07455130708 0.01071420782 0.9126677274 -0.4085618988 0.07689385974 -0.4081275008 -0.9096808657 6.787074642e-05 -0.2395267533 0
0.4379817728 0.3728757823 -0.1822091771 -0.01365374233 0.1086397221 0.4939622455 -0.001763138456 0.02775702195 0.2529551653 -0.9968399369 -0.02241725142 -0.0762076571 0.01108097243 0.9107330698 -0.412846809 0.07865972421 -0.412386642 -0.9076066909 6.982366061e-05 -0.2423382056 0
0.4430629562 0.3772016478 -0.1843230511 -0.01396698633 0.1098289998 0.4935943075 -0.00180409982 0.0280743372 0.2529076592 -0.9966933098 -0.02318126521 -0.07787859225 0.01145547984 0.9087816405 -0.4171147347 0.08044388211 -0.4166276021 -0.9055110286 7.181383344e-05 -0.2451496579 0
0.448870023 0.3821454941 -0.186738907 -0.01432909904 0.1111852068 0.4931689681 -0.001851480755 0.02843678437 0.2528527077 -0.9965196659 -0.0240743631 -0.07980589234 0.01189303425 0.9065311421 -0.4219713784 0.0825052189 -0.4214519112 -0.9030897936 7.413446663e-05 -0.2483627463 0
0.4539512064 0.3864713596 -0.1888527809 -0.01464954283 0.1123692628 0.4927925732 -0.001893435694 0.02875374963 0.2528040493 -0.9963622995 -0.02487340736 -0.0815075564 0.01228430244 0.9045444136 -0.4262024164 0.08432831113 -0.4256532832 -0.9009483994 7.620586438e-05 -0.2511741986 0
0.4590323898 0.3907972251 -0.1909666548 -0.01497333321 0.1135508418 0.4924122474 -0.001935853833 0.0290705487 0.2527548536 -0.9961997571 -0.02568898838 -0.08322331297 0.01268346846 0.9025415139 -0.4304160142 0.08616944687 -0.4298358891 -0.8987858115 7.83158158e-05 -0.2539856509 0
0.4648394565 0.3957410713 -0.1933825107 -0.01534746621 0.114898152 0.4919727889 -0.001984898499 0.02943239894 0.2526979725 -0.9960075211 -0.02664148074 -0.08520122938 0.01314938884 0.9002329333 -0.4352100175 0.08829559195 -0.4345927948 -0.8962884531 8.077492891e-05 -0.2571987392 0
0.46992064 0.4000669368 -0.1954963846 -0.01567839882 0.1160743375 0.4915840737 -0.002028308183 0.02974883577 0.2526476268 -0.9958335311 -0.02749289073 -0.08694664632 0.01356563433 0.8981960364 -0.4393857687 0.09017511803 -0.4387345679 -0.8940807721 8.296889165e-05 -0.2600101916 0
0.4750018234 0.4043928023 -0.1976102586 -0.01601265073 0.1172479662 0.4911914598 -0.002072180103 0.03006510069 0.252596745 -0.9956540312 -0.02836119977 -0.08870565117 0.01398992 0.896143583 -0.4435436402 0.09207242986 -0.4428569983 -0.8918522 8.520271345e-05 -0.2628216439 0
0.4800830068 0.4087186678 -0.1997241325 -0.01635021307 0.1184190129 0.4907949573 -0.002116513945 0.0303811919 0.2525453274 -0.9954689136 -0.02924651871 -0.09047808098 0.01442228844 0.8940757715 -0.4476834958 0.0939874438 -0.4469599042 -0.8896028352 8.747681168e-05 -0.2656330962 0
0.4858900735 0.4136625141 -0.2021399884 -0.01674004071 0.119754158 0.4903370638 -0.002167746407 0.03074222396 0.2524859088 -0.995250333 -0.03027927961 -0.0925199432 0.01492637394 0.8916940088 -0.4523925265 0.09619759885 -0.4516247999 -0.8870067994 9.012563573e-05 -0.2688461845 0
0.4909712569 0.4179883796 -0.2042538623 -0.01708466658 0.1209195871 0.4899322645 -0.002213069012 0.03105793682 0.2524333445 -0.9950528121 -0.03120141169 -0.09432058671 0.01537619983 0.8895939614 -0.4564933256 0.09815026056 -0.4556852595 -0.8847132137 9.248745016e-05 -0.2716576369 0
0.4960524403 0.4223142451 -0.2063677362 -0.01743257448 0.1220823555 0.4895236102 -0.002258852534 0.03137347027 0.2523802455 -0.9948493309 -0.03214088807 -0.09613413566 0.01583423368 0.8874791881 -0.4605756917 0.1001203564 -0.4597256291 -0.8823991501 9.48908585e-05 -0.2744690892 0
0.5011336237 0.4266401106 -0.2084816101 -0.01778375516 0.1232424381 0.4891111116 -0.002305096644 0.0316888225 0.2523266123 -0.9946397793 -0.03309781063 -0.09796042247 0.01630051255 0.8853498926 -0.4646394957 0.1021077996 -0.4637457305 -0.8800647105 9.733628172e-05 -0.2772805415 0
0.5069406905 0.4315839568 -0.2108974661 -0.01818910008 0.1245649262 0.4886349914 -0.002358510619 0.03204900083 0.2522646635 -0.9943927162 -0.03421292684 -0.1000629884 0.01684354436 0.882898893 -0.4692609505 0.1044002923 -0.4683150866 -0.8773719614 0.000100183039 -0.2804936298 0
0.5120218739 0.4359098223 -0.21301134 -0.01854726245 0.1257191701 0.4882142921 -0.002405740589 0.03236395866 0.2522098869 -0.9941697822 -0.03520756687 -0.1019160015 0.01732760957 0.8807391708 -0.4732845518 0.1064246121 -0.4722911605 -0.8749942067 0.0001027199152 -0.2833050822 0
0.5171030573 0.4402356878 -0.2151252139 -0.01890866809 0.1268706504 0.4877897832 -0.002453430098 0.03267872959 0.2521545773 -0.9939404274 -0.03621995885 -0.103781219 0.0178200274 0.8785655749 -0.4772891965 0.1084660014 -0.4762464122 -0.8725964024 0.0001053001344 -0.2861165345 0
0.5221842407 0.4445615533 -0.2172390878 -0.01927330742 0.1280193427 0.487361476 -0.002501578807 0.03299331182 0.252098735 -0.993704539 -0.03725019543 -0.105658469 0.01832082922 0.8763783143 -0.481274763 0.1105243699 -0.4801806673 -0.8701786543 0.0001079241206 -0.2889279868 0
0.5279913074 0.4495053996 -0.2196549437 -0.01969398533 0.1293286884 0.4868673456 -0.002557167745 0.03335260101 0.2520342637 -0.9934268069 -0.03844957506 -0.1078184096 0.01890347869 0.8738621246 -0.4858061812 0.1128974657 -0.4846510264 -0.8673912294 0.0001109770993 -0.2921410751 0
0.5330724908 0.4538312651 -0.2217688176 -0.02006552139 0.1304713237 0.4864309375 -0.002606299288 0.03366677283 0.2519772815 -0.9931765365 -0.03951835158 -0.1097208605 0.01942234545 0.8716462904 -0.489750464 0.1149919121 -0.488539706 -0.8649311047 0.0001136963033 -0.2949525275 0
0.5381536742 0.4581571306 -0.2238826916 -0.02044026052 0.1316110942 0.485990767 -0.002655888938 0.03398075029 0.2519197679 -0.9929193752 -0.04060524915 -0.1116347976 0.01994968579 0.8694174548 -0.4936752975 0.11710305 -0.4924068471 -0.862451374 0.0001164606116 -0.2977639798 0
0.5432348577 0.4624829961 -0.2259965655 -0.0208181928 0.1327479757 0.4855468458 -0.00270593634 0.03429453161 0.2518617235 -0.9926552084 -0.04171035099 -0.113560045 0.0204855253 0.8671758311 -0.4975805676 0.1192307866 -0.4962522792 -0.8599521469 0.000119270451 -0.3005754321 0
0.5490419244 0.4674268423 -0.2284124214 -0.02125401256 0.1340437001 0.4850349297 -0.002763693425 0.03465289635 0.2517947373 -0.9923445775 -0.04299571917 -0.1157739506 0.02110835142 0.8645985916 -0.5020196339 0.1216826899 -0.5006202588 -0.8570721554 0.0001225379969 -0.3037885204 0
0.5541231078 0.4717527078 -0.2305262953 -0.02163875355 0.1351743095 0.484583011 -0.002814720517 0.0349662513 0.2517355566 -0.9920650104 -0.04414009969 -0.1177228385 0.02166248304 0.8623302881 -0.5058826061 0.1238456779 -0.5044186019 -0.854531522 0.0001254468432 -0.3065999728 0
0.5592042912 0.4760785733 -0.2326401692 -0.02202665598 0.1363019542 0.4841273789 -0.002866204225 0.03527940447 0.2516758462 -0.9917780744 -0.04530293097 -0.1196824785 0.02222518505 0.8600498735 -0.5097256676 0.1260249673 -0.5081947063 -0.8519717414 0.000128402566 -0.3094114251 0
0.565011358 0.4810224196 -0.2350560251 -0.02247383106 0.1375870301 0.4836021248 -0.002925601401 0.03563704442 0.2516069577 -0.9914409747 -0.0466545681 -0.1219350028 0.02287879258 0.8574291346 -0.5140932211 0.1285354211 -0.5124828099 -0.8490229768 0.0001318384854 -0.3126245134 0
0.5700925414 0.4853482851 -0.2371698991 -0.02286847339 0.1387082416 0.4831385759 -0.002978062332 0.03594975916 0.2515461139 -0.9911378552 -0.04785718157 -0.123917078 0.02345992414 0.8551235013 -0.5178932607 0.1307493174 -0.5162107009 -0.8464225471 0.000134896104 -0.3154359657 0
0.5751737248 0.4896741506 -0.239283773 -0.02326624468 0.1398264137 0.4826713518 -0.003030978714 0.03626226649 0.2514847417 -0.9908269992 -0.0490784692 -0.1259093386 0.02404968311 0.8528064435 -0.5216730611 0.1329792106 -0.5199158334 -0.8438033276 0.0001380019499 -0.3182474181 0
0.5802549082 0.4940000161 -0.2413976469 -0.0236671344 0.1409415227 0.4822004647 -0.003084350167 0.03657456463 0.2514228418 -0.990508289 -0.05031849718 -0.127911603 0.02464808463 0.8504781814 -0.5254325217 0.1352250023 -0.5235980441 -0.8411654337 0.000141156454 -0.3210588704 0
0.5860619749 0.4989438624 -0.2438135028 -0.02412909898 0.1422121522 0.4816578388 -0.003145902855 0.03693121835 0.2513514532 -0.9901342802 -0.05175870111 -0.1302119201 0.0253425723 0.8478038747 -0.5297040156 0.1378109622 -0.5277780092 -0.8381279805 0.0001448217363 -0.3242719587 0
0.5911431583 0.5032697278 -0.2459273767 -0.02453663529 0.1433206186 0.4811791445 -0.003200248174 0.03724306222 0.2512884236 -0.9897983419 -0.05303909876 -0.1322350047 0.0259595378 0.8454523491 -0.5334195607 0.1400904881 -0.5314105563 -0.8354504628 0.0001480819611 -0.327083411 0
0.5962243417 0.5075955933 -0.2480412506 -0.02494725649 0.1444259483 0.4806968268 -0.003255047356 0.03755469129 0.2512248676 -0.9894541774 -0.05433842923 -0.1342675164 0.02658518396 0.843090317 -0.5371144621 0.1423855992 -0.5350196749 -0.8327546389 0.0001513922013 -0.3298948634 0
0.6013055251 0.5119214588 -0.2501551246 -0.02536095172 0.1455281182 0.4802108983 -0.003310300008 0.03786610379 0.2511607857 -0.9891016678 -0.05565674879 -0.1363092703 0.02721951985 0.8407180019 -0.540788627 0.1446961941 -0.5386052057 -0.8300406278 0.0001547528898 -0.3327063157 0
0.6071125919 0.5168653051 -0.2525709805 -0.0258374964 0.1467838421 0.4796511465 -0.003374000659 0.03822173632 0.2510869057 -0.988688428 -0.05718672066 -0.1386537821 0.02795512532 0.837994481 -0.5449621645 0.1473557032 -0.5426738696 -0.8269167842 0.0001586560057 -0.335919404 0
0.6121937753 0.5211911706 -0.2546848544 -0.026257742 0.1478791632 0.4791575239 -0.0034302237 0.03853267876 0.2510216981 -0.9883176339 -0.05854590939 -0.1407147148 0.02860810576 0.8356008873 -0.5485915907 0.1496991341 -0.5462083243 -0.8241642043 0.0001621262568 -0.3387308563 0
0.6172749587 0.5255170361 -0.2567987283 -0.02668102705 0.148971252 0.4786603312 -0.003486898959 0.03884339905 0.250955966 -0.987938119 -0.05992424833 -0.1427843042 0.02926979482 0.8331977181 -0.5522000015 0.1520577265 -0.5497186981 -0.8213938159 0.0001656483191 -0.3415423087 0
0.6223561421 0.5298429016 -0.2589126022 -0.0271073404 0.1500600858 0.4781595814 -0.003544026032 0.03915389542 0.2508897099 -0.9875497632 -0.06132178369 -0.1448623627 0.02994019544 0.8307851998 -0.5557873123 0.1544313763 -0.5532048361 -0.8186057411 0.000169222627 -0.344353761 0
0.6281632089 0.5347867479 -0.2613284581 -0.02759824934 0.1513004524 0.4775829573 -0.003609866832 0.03950847196 0.2508133475 -0.9870949481 -0.06294252884 -0.1472474157 0.03071703657 0.8280168795 -0.5598611532 0.1571624224 -0.5571591202 -0.8153978708 0.0001733720823 -0.3475668493 0
0.6332443923 0.5391126133 -0.2634423321 -0.02803101393 0.1523822347 0.4770746298 -0.003667960698 0.03981848255 0.2507459699 -0.9866872425 -0.06438134369 -0.1493429879 0.03140610774 0.825585093 -0.5634029735 0.1595679851 -0.5605928083 -0.8125723115 0.0001770598099 -0.3503783016 0
0.6383255757 0.5434384788 -0.265556206 -0.02846677122 0.1534606908 0.4765627871 -0.003726505083 0.04012826366 0.2506780698 -0.9862703176 -0.06583948432 -0.1514464361 0.03210388996 0.8231446733 -0.5669234403 0.1619882741 -0.5640017812 -0.8097294547 0.0001808011509 -0.353189754 0
0.6441326424 0.5483823251 -0.2679720619 -0.02896842935 0.1546891104 0.4759735369 -0.00379396407 0.04048201596 0.2505998303 -0.985782388 -0.06752964111 -0.1538597771 0.03291201766 0.8203453443 -0.5709205856 0.1647722141 -0.567867294 -0.8064594558 0.0001851431778 -0.3564028423 0
0.6492138258 0.5527081906 -0.2700859358 -0.02941056081 0.1557603635 0.4754542071 -0.003853472441 0.0407912994 0.250530812 -0.9853453006 -0.06902931237 -0.1559794621 0.03362845343 0.8178871961 -0.5743950397 0.1672236995 -0.5712228011 -0.8035799561 0.0001890008735 -0.3592142946 0
0.6542950092 0.5570340561 -0.2721998097 -0.02985564862 0.1568282203 0.4749314047 -0.003913430004 0.04110034783 0.2504612727 -0.984898614 -0.07054841444 -0.1581064245 0.03435358487 0.8154211356 -0.5778479062 0.1696895738 -0.5745531244 -0.8006835553 0.000192913554 -0.3620257469 0
0.6593761926 0.5613599216 -0.2743136837 -0.03030368107 0.1578926587 0.4744051435 -0.003973836332 0.0414091595 0.2503912128 -0.9844422069 -0.0720869756 -0.1602404729 0.03508740397 0.8129473934 -0.581279115 0.1721697282 -0.5778581171 -0.7977703813 0.0001968816563 -0.3648371993 0
0.6651832594 0.5663037679 -0.2767295396 -0.03081930869 0.1591049456 0.4737994847 -0.004043421089 0.04176179493 0.2503105075 -0.983908541 -0.07386919165 -0.1626878162 0.03593668001 0.8101111494 -0.5851738892 0.175021536 -0.5816040475 -0.7944206655 0.0002014850548 -0.3680502876 0
0.6702644428 0.5706296334 -0.2788434135 -0.03127361125 0.1601619846 0.4732658586 -0.004104787597 0.04207009332 0.2502393338 -0.9834308964 -0.07544953457 -0.1648364027 0.03668908145 0.8076217242 -0.5885584609 0.1775319217 -0.584854271 -0.7914719821 0.000205573391 -0.3708617399 0
0.6753456262 0.5749554989 -0.2809572874 -0.03173082113 0.1612155363 0.4727288176 -0.004166601502 0.04237814943 0.2501676412 -0.9829431505 -0.07704940932 -0.166991471 0.03745013549 0.8051253441 -0.5919211668 0.1800562418 -0.5880787097 -0.7885069314 0.0002097185243 -0.3736731922 0
0.6804268096 0.5792813643 -0.2830711613 -0.03219092629 0.162265579 0.4721883758 -0.004228862361 0.0426859615 0.2500954301 -0.9824451818 -0.07866883386 -0.1691528281 0.0382198278 0.8026222411 -0.5952619447 0.182594385 -0.5912772215 -0.7855256443 0.0002139208929 -0.3764846446 0
0.6862338763 0.5842252106 -0.2854870172 -0.03272029048 0.1634613033 0.4715665819 -0.00430056435 0.04303744567 0.2500122689 -0.9818634015 -0.08054356304 -0.171630403 0.03911003327 0.799753618 -0.5990530492 0.1855119028 -0.5949007353 -0.7820987463 0.0002187942465 -0.3796977329 0
0.6913150597 0.5885510761 -0.2876008912 -0.03318655898 0.1645037541 0.4710189006 -0.004363781466 0.04334472894 0.2499389485 -0.9813431184 -0.08220492893 -0.1738045845 0.03989818094 0.7972368917 -0.6023466391 0.1880792894 -0.598043216 -0.7790831103 0.0002231207389 -0.3825091852 0
0.6963962431 0.5928769416 -0.2897147651 -0.03365568449 0.1655426283 0.4704678634 -0.004427444128 0.04365176268 0.2498651113 -0.9808122313 -0.08388588484 -0.1759844459 0.04069491202 0.7947141737 -0.6056181191 0.1906601453 -0.6011593303 -0.7760516533 0.0002275058456 -0.3853206375 0
0.7014774266 0.5972028071 -0.291828639 -0.03412765468 0.1665779046 0.4699134848 -0.00449155188 0.04395854516 0.2497907578 -0.980270619 -0.08558643838 -0.1781697929 0.0415002059 0.7921856972 -0.6088674356 0.1932543568 -0.604248941 -0.7730045089 0.0002319500056 -0.3881320899 0
0.7072844933 0.6021466534 -0.2942444949 -0.03467051655 0.167756645 0.4692758366 -0.004565362301 0.04430884382 0.2497051508 -0.9796383451 -0.08755393168 -0.1806737997 0.04243099834 0.7892892578 -0.6125537347 0.1962353771 -0.6077472966 -0.7695030216 0.0002371019197 -0.3913451782 0
0.7123656767 0.6064725189 -0.2963583688 -0.03514854063 0.1687841406 0.4687143471 -0.004630422269 0.04461508203 0.2496296927 -0.9790733422 -0.08929649411 -0.1828702459 0.04325456455 0.7867492276 -0.6157553861 0.1988578219 -0.6107796566 -0.7664227148 0.0002416741029 -0.3941566305 0
0.7174468601 0.6107983844 -0.2984722427 -0.03562937019 0.1698079722 0.4681495622 -0.004695925875 0.04492106352 0.24955372 -0.9784972334 -0.09105866174 -0.1850715653 0.04408661882 0.7842041729 -0.6189347181 0.2014932609 -0.6137850889 -0.7633271451 0.0002463067214 -0.3969680828 0
0.7232539269 0.6157422306 -0.3008880987 -0.03618230875 0.1709735522 0.4675000778 -0.004771329769 0.04527044008 0.2494662645 -0.9778250695 -0.09309657029 -0.1875930755 0.04504789692 0.7812896863 -0.6225408525 0.2045209533 -0.6171867259 -0.7597708372 0.0002516757098 -0.4001811712 0
0.7283351103 0.6200680961 -0.3030019726 -0.03666910743 0.1719894625 0.4669282816 -0.004837782448 0.04557586561 0.2493891908 -0.9772247559 -0.09490073645 -0.1898041796 0.04589804725 0.7787346522 -0.6256722071 0.207183845 -0.6201340111 -0.7566430219 0.0002564393152 -0.4029926235 0
0.7334162937 0.6243939616 -0.3051158465 -0.03715867167 0.1730016436 0.466353237 -0.004904677282 0.04588102899 0.2493116042 -0.9766129572 -0.09672449056 -0.1920195427 0.04675659583 0.7761753285 -0.6287811067 0.2098593638 -0.6230539562 -0.753500375 0.00026126474 -0.4058040758 0
0.7384974771 0.6287198271 -0.3072297204 -0.03765098863 0.1740100752 0.465774959 -0.004972013794 0.04618592847 0.2492335052 -0.9759895529 -0.09856782193 -0.1942389689 0.04762351094 0.7736119495 -0.6318675121 0.2125473918 -0.6259464323 -0.750343035 0.000266152425 -0.4086155281 0
