0.007479062192 0.002939196651 -0.0008471533745 -1.868500903e-06 0.001907150596 0.5099952454 -2.348081238e-07 0.0004750829505 0.2549994098 -0.9999999999 -5.360098282e-08 -1.088151591e-05 2.737625512e-08 0.999972311 -0.007441587591 1.088161349e-05 -0.00744158759 -0.9999723109 2.889266918e-08 -0.001126713988 0
0.0148837047 0.005849147109 -0.001685877231 -7.399748535e-06 0.003795263814 0.5099811706 -9.353850923e-07 0.0009473091018 0.2549976485 -0.9999999991 -4.248667727e-07 -4.30921795e-05 2.133173054e-07 0.9998903458 -0.01480866127 4.309374597e-05 -0.01480866126 -0.9998903448 5.12793924e-08 -0.002242216717 0
0.0222883472 0.008759097567 -0.002524601088 -1.659371783e-05 0.00568325692 0.5099577757 -2.104796912e-06 0.001420236077 0.2549947084 -0.9999999953 -1.427899628e-06 -9.662755271e-05 7.151488139e-07 0.9997541087 -0.02217480698 9.663545624e-05 -0.02217480695 -0.9997541041 3.178305861e-08 -0.003357719446 0
0.02969298971 0.01166904802 -0.003363324944 -2.945005963e-05 0.007571070164 0.5099250616 -3.742417367e-06 0.001893224 0.254990591 -0.9999999853 -3.376891153e-06 -0.0001714784684 1.68998156e-06 0.9995636119 -0.0295395632 0.0001715033891 -0.02953956305 -0.9995635972 2.312329993e-08 -0.004473222176 0
0.0361720519 0.01421525468 -0.004097208318 -4.370326824e-05 0.009222712244 0.5098887929 -5.558902593e-06 0.002307029999 0.2549860239 -0.9999999676 -6.105135269e-06 -0.0002544484388 3.054438626e-06 0.9993524302 -0.03598222232 0.000254503342 -0.03598222193 -0.9993523978 9.340087119e-08 -0.005449287064 0
0.0435766944 0.01712520513 -0.004935932175 -6.342513318e-05 0.01111002723 0.5098386088 -8.072940822e-06 0.002779872569 0.254979703 -0.9999999318 -1.067414189e-05 -0.0003692285804 5.339411806e-06 0.999060245 -0.04334312972 0.0003693442467 -0.04334312873 -0.9990601768 1.966994956e-07 -0.006564789793 0
0.05098133691 0.02003515559 -0.005774656032 -8.680759211e-05 0.01299699063 0.5097791099 -1.105406384e-05 0.003252639649 0.2549722076 -0.9999998722 -1.709150391e-05 -0.0005052775802 8.548720318e-06 0.9987138609 -0.05070132159 0.0005054942848 -0.05070131943 -0.9987137331 3.226135432e-07 -0.007680292522 0
0.05838597941 0.02294510605 -0.006613379888 -0.0001138497571 0.01488354273 0.5097102986 -1.450216228e-05 0.003725340482 0.2549635382 -0.9999997802 -2.567064352e-05 -0.0006625721358 1.283916909e-05 0.9983133083 -0.05805633719 0.0006629449244 -0.05805633293 -0.9983130885 4.702373282e-07 -0.008795795251 0
0.06579062192 0.02585505651 -0.007452103745 -0.0001445506011 0.01676962385 0.5096321774 -1.841715998e-05 0.004197981357 0.2549536948 -0.9999996456 -3.672467567e-05 -0.0008410853032 1.836744092e-05 0.9978586224 -0.06540771606 0.0008416862991 -0.06540770833 -0.9978582681 6.391216484e-07 -0.00991129798 0
0.07319526442 0.02876500697 -0.008290827601 -0.0001789089584 0.01865517431 0.5095447493 -2.279899479e-05 0.004670565766 0.2549426777 -0.9999994571 -5.056636358e-05 -0.0010407865 2.529007879e-05 0.9973498431 -0.07275499812 0.001041707208 -0.07275498495 -0.9973493004 8.290417388e-07 -0.01102680071 0
0.07967432661 0.03131121362 -0.009024710976 -0.0002119718026 0.02030454877 0.5094606178 -2.701600778e-05 0.005084031956 0.254932075 -0.9999992379 -6.521016188e-05 -0.001232879042 3.261414674e-05 0.9968603228 -0.07918014789 0.00123417155 -0.07918012776 -0.9968595609 1.012393475e-06 -0.0120028656 0
0.08707896912 0.03422116407 -0.009863434832 -0.0002531843715 0.02218894351 0.5093557486 -3.227300944e-05 0.005556513152 0.2549188575 -0.9999989127 -8.512028565e-05 -0.001472212715 4.25725913e-05 0.9962502425 -0.08651850982 0.001474056754 -0.08651847842 -0.9962491556 1.241528233e-06 -0.01311836833 0
0.09448361162 0.03713111453 -0.01070215869 -0.0002980503285 0.02407263618 0.5092415829 -3.799668498e-05 0.006028938383 0.2549044667 -0.9999984931 -0.0001087148977 -0.001732626263 5.437452405e-05 0.99558621 -0.09385145462 0.001735181865 -0.09385140741 -0.9955847038 1.49156262e-06 -0.01423387106 0
0.1018882541 0.04004106499 -0.01154088255 -0.00034656797 0.02595556721 0.5091181252 -4.418697458e-05 0.006501305967 0.2548889027 -0.9999979625 -0.0001363049786 -0.002014075045 6.817577925e-05 0.9948682836 -0.101178524 0.00201753052 -0.1011784552 -0.9948662472 1.762528961e-06 -0.01534937379 0
0.1092928966 0.04295101545 -0.0123796064 -0.0003987354538 0.02783767708 0.5089853802 -5.084381515e-05 0.006973613696 0.2548721657 -0.9999973027 -0.0001682009408 -0.002316510808 8.413196533e-05 0.9940965262 -0.1084992604 0.002321085025 -0.1084991626 -0.9940938307 2.0544805e-06 -0.01646487651 0
0.1157719588 0.0454972221 -0.01311348978 -0.0004473744597 0.02948380281 0.5088616136 -5.70512158e-05 0.007386831834 0.2548565587 -0.9999966044 -0.000199885636 -0.002598317298 9.998348873e-05 0.9933771335 -0.1148993503 0.002604075719 -0.1148992199 -0.9933737404 2.327206399e-06 -0.0174409414 0
0.1231766013 0.04840717256 -0.01395221363 -0.0005063799504 0.03136421263 0.5087114686 -6.458265616e-05 0.007859020148 0.2548376227 -0.9999956493 -0.0002406896193 -0.002939961025 0.0001203987227 0.9925046294 -0.1222069807 0.002947338879 -0.122206803 -0.9925002824 2.658700918e-06 -0.01855644413 0
0.1305812438 0.05131712301 -0.01479093749 -0.0005690292158 0.03324363031 0.5085520517 -7.25804444e-05 0.008331140488 0.2548175142 -0.9999945059 -0.0002866883559 -0.003302432916 0.0001434148448 0.9915785018 -0.129506966 0.003311749623 -0.1295067281 -0.9915730128 3.011410986e-06 -0.01967194686 0
0.1379858863 0.05422707347 -0.01562966135 -0.0006353198774 0.03512199647 0.5083833688 -8.104450175e-05 0.008803189651 0.2547962335 -0.9999931507 -0.0003381896405 -0.003685670771 0.0001691864224 0.9905988319 -0.1367988509 0.003697285115 -0.1367985375 -0.9905919898 3.385436621e-06 -0.02078744959 0
0.1453905288 0.05713702393 -0.0164683852 -0.0007052494188 0.03699925176 0.5082054266 -8.99747451e-05 0.009275164313 0.2547737806 -0.9999915593 -0.0003955004848 -0.004089608805 0.0001978677119 0.9895657057 -0.1440821815 0.004103921196 -0.1440817745 -0.9895572748 3.780886196e-06 -0.02190295232 0
0.151869591 0.05968323058 -0.01720226858 -0.0007694207025 0.03864089226 0.5080421367 -9.817105753e-05 0.009688078344 0.2547531731 -0.9999899527 -0.0004506538515 -0.004459980765 0.0002254717291 0.9886179404 -0.150447722 0.004477016844 -0.150447216 -0.9886079059 4.14456997e-06 -0.02287901721 0
0.1592742335 0.06259318104 -0.01804099243 -0.00084616588 0.04051590489 0.5078468514 -0.0001079751602 0.01015990405 0.2547285232 -0.9999878474 -0.0005196822024 -0.004902541897 0.0002600233395 0.9874848314 -0.1577137917 0.004923146809 -0.1577131499 -0.9874726958 4.580507991e-06 -0.02399451994 0
0.166678876 0.0655031315 -0.01887971629 -0.0009265419336 0.04238963631 0.5076423269 -0.0001182451852 0.01063164524 0.2547027019 -0.9999854278 -0.0005953980163 -0.00536559421 0.000297926257 0.9862985392 -0.164970006 0.005390300546 -0.1649692006 -0.9862839893 5.038222916e-06 -0.02511002267 0
0.1740835186 0.06841308196 -0.01971844015 -0.001010545813 0.04426202738 0.5074285712 -0.0001289810322 0.01110329834 0.2546757094 -0.9999826642 -0.0006781048593 -0.005849058127 0.0003393333677 0.9850591676 -0.1722159143 0.005878448778 -0.1722149136 -0.9850418607 5.517850788e-06 -0.02622552539 0
0.1814881611 0.07132303241 -0.020557164 -0.001098174329 0.04613301899 0.5072055922 -0.0001401825962 0.01157485971 0.2546475461 -0.9999795254 -0.0007681053024 -0.006352850534 0.0003843971615 0.9837668254 -0.1794510669 0.006387560918 -0.1794498347 -0.983746388 6.019534122e-06 -0.02734102812 0
0.1879672232 0.07386923906 -0.02129104738 -0.001177820005 0.04776894226 0.5070029263 -0.0001503659125 0.01198739779 0.2546219429 -0.9999764459 -0.0008530757924 -0.00681027658 0.0004269471673 0.9825926625 -0.1857726497 0.006850205947 -0.1857711816 -0.9825691542 6.476716252e-06 -0.02831709301 0
0.1953718658 0.07677918952 -0.02212977123 -0.001272235644 0.04963715085 0.5067626768 -0.0001624403978 0.01245877731 0.2545915849 -0.9999725156 -0.0009575636113 -0.00735194862 0.0004792767994 0.9812013093 -0.192986427 0.007398538392 -0.1929846465 -0.9811738826 7.020159552e-06 -0.02943259574 0
0.2027765083 0.07968913998 -0.02296849509 -0.00137026599 0.05150379043 0.5065132294 -0.0001749802736 0.01293005453 0.2545600568 -0.9999681136 -0.001070208988 -0.007913690596 0.0005356991631 0.9797573234 -0.200188162 0.007967739487 -0.2001860181 -0.9797255092 7.586102721e-06 -0.03054809847 0
0.2101811508 0.08259909044 -0.02380721895 -0.001471907322 0.05336880217 0.5062545934 -0.0001879854176 0.01340122574 0.2545273591 -0.9999632038 -0.00119131023 -0.008495405793 0.0005963650525 0.9782608315 -0.2073774093 0.008557773564 -0.207374845 -0.9782241247 8.174712025e-06 -0.0316636012 0
0.2175857933 0.0855090409 -0.0246459428 -0.001577155785 0.05523212729 0.5059867788 -0.0002014557027 0.01387228721 0.2544934919 -0.9999577487 -0.00132116444 -0.009096994017 0.0006614247823 0.9767119645 -0.2145537249 0.009168603649 -0.2145506767 -0.9766698233 8.786159616e-06 -0.03277910393 0
0.2249904358 0.08841899135 -0.02548466666 -0.001686007384 0.05709370706 0.5057097957 -0.0002153909978 0.0143432352 0.2544584556 -0.9999517098 -0.001460067474 -0.009718351604 0.0007310281709 0.9751108581 -0.221716666 0.009800191464 -0.2217130636 -0.9750627024 9.420623441e-06 -0.03389460666 0
0.231469498 0.090965198 -0.02621855003 -0.001784204989 0.05872111155 0.5054599227 -0.0002279657276 0.01475521865 0.2544268401 -0.9999459152 -0.001589262092 -0.01027817242 0.0007957757426 0.9736671474 -0.2279729211 0.01036982755 -0.2279687704 -0.9736132222 9.994804039e-06 -0.03487067155 0
0.2388741405 0.09387514846 -0.02705727389 -0.001899801233 0.06057926083 0.5051657772 -0.0002427725462 0.01522594376 0.2543896128 -0.9999386726 -0.001745924572 -0.01093630614 0.0008743004994 0.9719684734 -0.2351095962 0.01104022841 -0.2351047392 -0.9719073387 1.067292279e-05 -0.03598617427 0
0.246278783 0.09678509892 -0.02789599775 -0.002018988375 0.06243549642 0.5048624943 -0.0002580439717 0.0156965446 0.2543512174 -0.9999307276 -0.001912479129 -0.011613892 0.0009577967255 0.9702179752 -0.2422316314 0.01173126972 -0.2422259751 -0.9701489341 1.137460099e-05 -0.037101677 0
0.2536834255 0.09969504938 -0.0287347216 -0.002141761894 0.06428975988 0.5045500855 -0.0002737798551 0.01616701738 0.2543116544 -0.9999220365 -0.002089216388 -0.01231081301 0.001046412157 0.9684158058 -0.2493385891 0.01244290817 -0.249332032 -0.9683381186 1.210003836e-05 -0.03821717973 0
0.261088068 0.1026049998 -0.02957344546 -0.002268117134 0.06614199291 0.5042285627 -0.000289980043 0.01663735836 0.2542709241 -0.9999125544 -0.002276425518 -0.0130269488 0.001140293952 0.966562123 -0.2564300336 0.01317509916 -0.2564224645 -0.9664750056 1.284944008e-05 -0.03933268246 0
0.2675671302 0.1051512065 -0.03030732883 -0.002381612336 0.06776098541 0.5039397635 -0.0003045359581 0.01704879561 0.2542343279 -0.9999035725 -0.002449049903 -0.01366923254 0.001226875819 0.9648980207 -0.2626219802 0.01383258976 -0.2626134267 -0.9648019733 1.352499024e-05 -0.04030874735 0
0.2749717727 0.1080611569 -0.03114605269 -0.002514670281 0.06960925445 0.5036011851 -0.0003216062875 0.01751887926 0.25419141 -0.9998924818 -0.002656667964 -0.01442105983 0.001331026598 0.9629481904 -0.2696831676 0.0146031921 -0.2696733666 -0.9628411199 1.431989685e-05 -0.04142425008 0
0.2823764152 0.1109711074 -0.03198477655 -0.002651295807 0.07145532583 0.5032535286 -0.000339140455 0.01798882022 0.2541473261 -0.9998804639 -0.002875580794 -0.01519173703 0.001440863448 0.9609473247 -0.2767275971 0.01539421162 -0.2767164074 -0.9608283136 1.513938748e-05 -0.04253975281 0
0.2897810577 0.1138810579 -0.0328235004 -0.002791483733 0.07329914159 0.5028968072 -0.0003571382897 0.01845861473 0.2541020765 -0.9998674691 -0.003106071546 -0.01598113073 0.00155653113 0.9588955984 -0.2837548389 0.01620559874 -0.2837421078 -0.9587636804 1.598368786e-05 -0.04365525554 0
0.2971857002 0.1167910083 -0.03366222426 -0.002935228746 0.07514064383 0.5025310345 -0.0003755996159 0.01892825899 0.2540556618 -0.9998534463 -0.003348421715 -0.0167891042 0.001678173746 0.9567931906 -0.290764465 0.01703730262 -0.2907500274 -0.9566473498 1.685302881e-05 -0.04477075827 0
0.3036647624 0.119337215 -0.03439610764 -0.003063919275 0.07675001505 0.5022035694 -0.0003921333429 0.01933907151 0.2540140934 -0.999840292 -0.003570426546 -0.01751121221 0.00178962512 0.9549121535 -0.2968831022 0.01778166867 -0.2968670261 -0.9547532566 1.763442861e-05 -0.04574682316 0
0.3110694049 0.1222471654 -0.03523483149 -0.003214319033 0.07858702376 0.501820863 -0.0004114632272 0.01980842387 0.2539654952 -0.9998241999 -0.003835765915 -0.01835364275 0.001922856778 0.9527152164 -0.3038585511 0.018651325 -0.3038404242 -0.9525403533 1.855136052e-05 -0.04686232588 0
0.3184740474 0.1251571159 -0.03607355535 -0.003368259851 0.08042155309 0.5014291462 -0.0004312560734 0.02027761511 0.2539157331 -0.9998069263 -0.004113764428 -0.01921424164 0.002062473851 0.9504681375 -0.3108151635 0.01954114482 -0.3107947821 -0.9502761425 1.949402479e-05 -0.04797782861 0
0.3258786899 0.1280670663 -0.0369122792 -0.003525735896 0.08225354553 0.5010284336 -0.0004515116885 0.02074664144 0.2538648077 -0.9997884154 -0.004404696789 -0.02009285944 0.002208617736 0.9481711128 -0.3177525181 0.02045107239 -0.317729664 -0.9479607662 2.046267161e-05 -0.04909333134 0
0.3332833324 0.1309770168 -0.03775100306 -0.003686741201 0.08408294371 0.5006187404 -0.000472229875 0.02121549908 0.2538127195 -0.9997686104 -0.004708835857 -0.02098934349 0.002361429092 0.9458243429 -0.3246701959 0.02138105067 -0.3246446354 -0.9455943694 2.145755601e-05 -0.05020883407 0
0.3406879749 0.1338869673 -0.03858972692 -0.003851269665 0.08590969033 0.5002000823 -0.000493410431 0.02168418424 0.2537594689 -0.999747453 -0.005026452598 -0.02190353791 0.002521047829 0.9434280322 -0.3315677795 0.0223310214 -0.331539263 -0.9431771003 2.247893778e-05 -0.0513243368 0
0.3471670371 0.1364331739 -0.03932361029 -0.003998117267 0.08750587358 0.4998264148 -0.0005123225426 0.0220941393 0.2537119216 -0.9997277844 -0.005315634699 -0.0227178611 0.002666407803 0.9412907856 -0.3375863552 0.02317859906 -0.337555034 -0.9410203779 2.339459078e-05 -0.05230040169 0
0.3545716796 0.1393431244 -0.04016233415 -0.004169234752 0.08932749455 0.4993909902 -0.000534369481 0.02256249086 0.2536564931 -0.9997039305 -0.005659245673 -0.02366483122 0.002839164783 0.9388021525 -0.3444451447 0.02416589418 -0.3444103533 -0.9385081343 2.446637174e-05 -0.05341590442 0
0.3619763221 0.1422530748 -0.04100105801 -0.004343857121 0.09114629992 0.4989466472 -0.0005568781829 0.02303065908 0.2535999039 -0.9996785506 -0.00601710247 -0.02462904583 0.00301912704 0.9362645906 -0.3512826515 0.02517300722 -0.3512440901 -0.9359454625 2.556542304e-05 -0.05453140715 0
0.3693809646 0.1451630253 -0.04183978186 -0.004521977761 0.09296223286 0.4984934025 -0.000579848429 0.02349864015 0.2535421544 -0.999651582 -0.006389468364 -0.0256103368 0.003206431416 0.933678321 -0.3580984664 0.02619987509 -0.3580558162 -0.9333325233 2.66920224e-05 -0.05564690988 0
0.3767856071 0.1480729757 -0.04267850572 -0.004703589927 0.09477523665 0.4980312732 -0.0006032799951 0.02396643031 0.2534832454 -0.9996229607 -0.006776604552 -0.02660853287 0.003401213923 0.9310435689 -0.3648921821 0.02724643342 -0.3648451047 -0.9306694802 2.784645201e-05 -0.05676241261 0
0.3832646693 0.1506191824 -0.04341238909 -0.004865359313 0.09635916767 0.4976196358 -0.0006241608627 0.02437558712 0.2534307491 -0.9995965104 -0.007127668695 -0.02749568489 0.003577889301 0.9286985701 -0.3708182366 0.02817827278 -0.3707669918 -0.9282983479 2.887963261e-05 -0.05773847749 0
0.3906693118 0.1535291329 -0.04425111295 -0.005053499454 0.0981665269 0.4971408956 -0.0006484567848 0.02484300913 0.2533696673 -0.9995646145 -0.007543195784 -0.02852510566 0.003787056948 0.9259735345 -0.3775694263 0.02926157302 -0.3775130642 -0.9255418125 3.008701982e-05 -0.05885398022 0
0.3980739543 0.1564390833 -0.04508983681 -0.005245111001 0.09997079464 0.496653322 -0.0006732133581 0.02531022936 0.2533074275 -0.9995308761 -0.007974232176 -0.02957092201 0.004004089005 0.9232006866 -0.3842973583 0.03036437186 -0.3842354798 -0.9227356615 3.132307293e-05 -0.05996948295 0
0.4054785968 0.1593490338 -0.04592856066 -0.0054401867 0.1017719147 0.4961569335 -0.0006984303413 0.02577724404 0.2532440305 -0.9994952269 -0.00842103065 -0.03063295082 0.004229118126 0.9203802675 -0.3910016339 0.03148660021 -0.3909338172 -0.9198800708 3.258809086e-05 -0.06108498568 0
0.4128832393 0.1622589842 -0.04676728452 -0.00563871917 0.1035698309 0.495651749 -0.0007241074884 0.0262440494 0.2531794767 -0.9994575976 -0.008883841721 -0.03171100596 0.004462276065 0.9175125223 -0.3976818571 0.03262818774 -0.3976076568 -0.9169752192 3.388237673e-05 -0.06220048841 0
0.4193623015 0.1648051909 -0.04750116789 -0.005815264812 0.1051403354 0.495202512 -0.0007469522737 0.0266523294 0.2531220439 -0.9994229924 -0.009302131931 -0.03266730223 0.004673060308 0.9149646189 -0.403507012 0.0336429012 -0.4034268416 -0.9143932079 3.503912713e-05 -0.0631765533 0
0.426766944 0.1677151413 -0.04833989175 -0.006020258379 0.1069320938 0.4946808866 -0.0007734915501 0.02711873211 0.2530553231 -0.9993814597 -0.009795633807 -0.03377489474 0.004921811687 0.9120088119 -0.4101410768 0.03482059342 -0.4100536217 -0.9113964854 3.638912162e-05 -0.06429205603 0
0.4341715865 0.1706250918 -0.04917861561 -0.006228686771 0.1087204879 0.494150521 -0.0008004902586 0.02758491466 0.2529874476 -0.9993377415 -0.01030585557 -0.03489796197 0.005179065507 0.9090064057 -0.416749963 0.0360174359 -0.4166547057 -0.9083510338 3.776927817e-05 -0.06540755876 0
0.441576229 0.1735350422 -0.05001733946 -0.006440542107 0.1105054621 0.4936114351 -0.0008279481361 0.02805087328 0.2529184179 -0.9992917641 -0.01083303863 -0.03603630637 0.005444949883 0.9059576609 -0.4233332839 0.03723335364 -0.42322968 -0.9052570438 3.917991551e-05 -0.06652306149 0
0.4489808715 0.1764449927 -0.05085606332 -0.006655816373 0.1122869611 0.4930636495 -0.0008558649149 0.02851660421 0.2528482347 -0.999243453 -0.01137742194 -0.03718972751 0.005719591954 0.9028628418 -0.429890655 0.03846827044 -0.4297781326 -0.9021147094 4.062135622e-05 -0.06763856422 0
0.4554599337 0.1789911994 -0.05158994669 -0.006846979552 0.1138428784 0.4925772168 -0.0008806683249 0.02892392903 0.2527858788 -0.9991992069 -0.01186805289 -0.03821117892 0.005967187008 0.9001172906 -0.4356067675 0.039564347 -0.4354859499 -0.899325664 4.190814175e-05 -0.0686146291 0
0.4628645762 0.1819011498 -0.05242867055 -0.007068642275 0.1156177125 0.4920131752 -0.0009094448064 0.02938922291 0.2527135348 -0.9991463152 -0.01244532209 -0.03939231883 0.006258588983 0.8969368083 -0.4421144557 0.04083467752 -0.4419835696 -0.8960932169 4.340822154e-05 -0.06973013183 0
0.4702692187 0.1848111003 -0.05326739441 -0.007293700184 0.1173889127 0.4914404942 -0.0009386793947 0.02985427828 0.2526400394 -0.9990908693 -0.01304046464 -0.04058794341 0.006559108622 0.8937110335 -0.4485951033 0.04212378143 -0.4484534924 -0.8928129996 4.494005326e-05 -0.07084563456 0
0.4776738612 0.1877210507 -0.05410611826 -0.007522144773 0.1191564244 0.4908591955 -0.0009683718048 0.0303190914 0.2525653933 -0.9990327906 -0.0136537097 -0.04179784131 0.006868869153 0.8904402454 -0.455048336 0.04343157795 -0.4548953129 -0.8894852176 4.650397401e-05 -0.07196113729 0
0.4850785038 0.1906310012 -0.05494484212 -0.007753967409 0.1209201929 0.490269301 -0.0009985217471 0.03078365851 0.2524895973 -0.9989719994 -0.01428528384 -0.04302179839 0.007187992762 0.8871247269 -0.4614737822 0.04475798511 -0.4613086273 -0.8861100796 4.810032448e-05 -0.07307664002 0
0.4924831463 0.1935409516 -0.05578356598 -0.007989159334 0.1226801636 0.489670833 -0.001029128928 0.03124797587 0.2524126521 -0.998908415 -0.01493541096 -0.04425959781 0.007516600577 0.8837647649 -0.4678710731 0.04610291981 -0.4676930338 -0.882687797 4.972944892e-05 -0.07419214275 0
0.4989622085 0.1960871583 -0.05651744935 -0.008197709156 0.1242169799 0.4891401584 -0.001056285055 0.03165404573 0.2523443829 -0.9988504232 -0.01551966543 -0.04535385481 0.007812006836 0.8807885688 -0.4734453185 0.04729486981 -0.4732553613 -0.8796547949 5.118209098e-05 -0.07516820764 0
0.506366851 0.1989971088 -0.05735617321 -0.008439194452 0.1259696834 0.4885256763 -0.00108774875 0.0321178847 0.252265285 -0.9987813806 -0.01620517357 -0.04661701472 0.00815872028 0.8773460609 -0.4797888334 0.04867431556 -0.4795844886 -0.8761446966 5.287360658e-05 -0.07628371037 0
0.5137714935 0.2019070592 -0.05819489706 -0.008684023155 0.1277184333 0.4879026867 -0.001119668813 0.03258146314 0.2521850402 -0.9987093075 -0.01690986342 -0.04789337853 0.008515260164 0.8738599545 -0.4861031478 0.05007204342 -0.4858835627 -0.8725880781 5.459890514e-05 -0.0773992131 0
0.521176136 0.2048170097 -0.05903362092 -0.008932186023 0.1294631757 0.4872712129 -0.001152044934 0.03304477732 0.2521036491 -0.9986341192 -0.01763394833 -0.04918271908 0.008881743392 0.8703305504 -0.4923879037 0.05148796582 -0.4921521888 -0.8689851624 5.635834414e-05 -0.07851471582 0
0.5285807785 0.2077269601 -0.05987234478 -0.009183673685 0.1312038569 0.486631279 -0.001184876796 0.03350782351 0.2520211127 -0.9985557304 -0.01837763884 -0.05048480658 0.009258285747 0.8667581531 -0.4986427461 0.05292199401 -0.4983899743 -0.8653361752 5.815228436e-05 -0.07963021855 0
0.5350598407 0.2102731668 -0.06060622815 -0.009406445302 0.1327235795 0.4860644156 -0.001213978275 0.03391276614 0.2519479545 -0.9984844469 -0.01904461412 -0.05163440705 0.009596102091 0.8635972797 -0.5040909177 0.05419155048 -0.5038224301 -0.8621056981 5.975056993e-05 -0.08060628344 0
0.5424644832 0.2131831172 -0.06144495201 -0.009664141274 0.1344565017 0.485408684 -0.001247663787 0.03437529975 0.2518632727 -0.9983998236 -0.01982562272 -0.05295976689 0.009991813415 0.8599451033 -0.510288725 0.05565928395 -0.5100013372 -0.8583709456 6.16101836e-05 -0.08172178617 0
0.5498691257 0.2160930677 -0.06228367586 -0.009925134419 0.1361852093 0.4847445624 -0.001281804108 0.03483755464 0.251777448 -0.998311749 -0.02062682632 -0.05429719892 0.01039791037 0.8562508289 -0.5164556142 0.05714486183 -0.516148285 -0.8545907867 6.35053536e-05 -0.0828372889 0
0.5572737682 0.2190030182 -0.06312239972 -0.01018941489 0.1379096492 0.4840720759 -0.001316398906 0.03529952708 0.2516904811 -0.9982201341 -0.02144842429 -0.05564646357 0.01081450427 0.8525147744 -0.5225912417 0.05864819102 -0.5222628883 -0.8507654584 6.543645299e-05 -0.08395279163 0
0.5646784107 0.2219129686 -0.06396112358 -0.01045697272 0.1396297684 0.4833912499 -0.001351447844 0.03576121333 0.251602373 -0.9981248891 -0.02229061306 -0.05700731888 0.01124170523 0.8487372614 -0.5286952668 0.06016917732 -0.528344764 -0.8468952004 6.740385786e-05 -0.08506829436 0
0.5711574729 0.2244591753 -0.06469500695 -0.01069376635 0.1411312871 0.4827887062 -0.001382487933 0.03616495113 0.2515243428 -0.9980385004 -0.02304457124 -0.05820738314 0.01162429284 0.8453981839 -0.5340100997 0.06151444978 -0.5336392587 -0.8434720588 6.915541692e-05 -0.08604435925 0
0.5785621154 0.2273691257 -0.06553373081 -0.01096744194 0.1428431634 0.4820923129 -0.001418387458 0.03662609078 0.2514340972 -0.9979362034 -0.0239258867 -0.05958931026 0.0120716747 0.8415438143 -0.5400539633 0.06306828539 -0.5396587445 -0.8395182135 7.119191871e-05 -0.08715986198 0
0.5859667579 0.2302790762 -0.06637245467 -0.01124436555 0.1445505681 0.4813876548 -0.001454740128 0.03708693356 0.2513427128 -0.9978300129 -0.0248283409 -0.06098211894 0.01252997353 0.8376489291 -0.5460652629 0.06463950112 -0.5456444126 -0.8355201433 7.326582383e-05 -0.0882753647 0
0.5933714004 0.2331890266 -0.06721117852 -0.01152452675 0.1462534491 0.4806747583 -0.00149154559 0.03754747577 0.2512501906 -0.9977198357 -0.02575211848 -0.06238555798 0.01299929474 0.8337138627 -0.5520436699 0.06622799852 -0.5515958879 -0.8314780987 7.537751977e-05 -0.08939086743 0
0.6007760429 0.2360989771 -0.06804990238 -0.01180791498 0.1479517545 0.4799536503 -0.001528803483 0.03800771369 0.2511565315 -0.9976055777 -0.02669740102 -0.06379937392 0.01347974251 0.8297389526 -0.5579888593 0.06783367804 -0.5575127974 -0.8273923331 7.752739682e-05 -0.09050637016 0
0.6081806854 0.2390089276 -0.06888862623 -0.01209451956 0.1496454323 0.479224358 -0.001566513446 0.03846764362 0.2510617364 -0.997487144 -0.02766436695 -0.065223311 0.01397141976 0.8257245397 -0.5639005089 0.06945643905 -0.5633947704 -0.8232631024 7.971584808e-05 -0.09162187289 0
0.6146597476 0.2415551342 -0.06962250961 -0.0123479285 0.151123564 0.4785795351 -0.001599880212 0.03886982675 0.2509778596 -0.997380014 -0.02852838716 -0.06647735569 0.01441092898 0.8221797941 -0.5690454386 0.0708902872 -0.568512548 -0.819614574 8.166269695e-05 -0.09259793778 0
0.6220643901 0.2444650847 -0.07046123347 -0.01264053456 0.1528084266 0.4778349715 -0.00163843681 0.03932916922 0.2508809371 -0.9972534924 -0.02953647935 -0.06791957285 0.01492393448 0.8180922431 -0.5748933449 0.07254480111 -0.5743280232 -0.815404546 8.392454386e-05 -0.09371344051 0
0.6294690326 0.2473750351 -0.07129995732 -0.01293632561 0.154488514 0.4770823033 -0.001677444409 0.03978819308 0.2507828814 -0.9971225178 -0.03056675021 -0.06937116357 0.01544845825 0.8139661866 -0.5807068041 0.0742161013 -0.5801075081 -0.8111518042 8.622611022e-05 -0.09482894324 0
0.6368736751 0.2502849856 -0.07213868118 -0.01323529052 0.1561637752 0.476321559 -0.001716902627 0.04024689462 0.2506836934 -0.9969869923 -0.0316193658 -0.07083186366 0.01598459824 0.8098019775 -0.586485507 0.07590408304 -0.5858506405 -0.806856615 8.856779953e-05 -0.09594444597 0
0.6442783176 0.253194936 -0.07297740504 -0.01353741805 0.1578341594 0.4755527671 -0.001756811081 0.04070527015 0.2505833741 -0.9968468172 -0.03269448886 -0.0723014068 0.01653245108 0.8055999717 -0.5922291479 0.07760864055 -0.5915570606 -0.8025192477 9.095001786e-05 -0.0970599487 0
0.6507573798 0.2557411427 -0.07371128841 -0.01380436503 0.1592917051 0.4748734954 -0.001792100007 0.04110607842 0.2504946675 -0.9967202717 -0.03365381017 -0.07359430018 0.01702150547 0.8018924937 -0.5972258341 0.07911364174 -0.5965197815 -0.7986896656 9.306802652e-05 -0.09803601359 0
0.6581620223 0.2586510931 -0.07455001227 -0.01411239172 0.1609528088 0.4740896926 -0.001832851601 0.04156383277 0.2503922297 -0.99657111 -0.034771562 -0.07507969909 0.01759157575 0.7976205888 -0.6029029215 0.08084899011 -0.6021564039 -0.794273949 9.552734008e-05 -0.09915151631 0
0.6655666648 0.2615610436 -0.07538873612 -0.01442354802 0.1626088905 0.4732979261 -0.0018740523 0.04202125053 0.2502886635 -0.9964170108 -0.03591227085 -0.07657316402 0.01817362931 0.793311927 -0.6085440869 0.08260060438 -0.6077552923 -0.7898168426 9.802836416e-05 -0.100267019 0
0.6729713073 0.2644709941 -0.07622745998 -0.01473782224 0.1642599003 0.4724982258 -0.001915701703 0.04247832803 0.25018397 -0.9962578725 -0.03707608659 -0.07807442086 0.01876775759 0.7889668755 -0.6141490378 0.08436837479 -0.6133160956 -0.7853186259 0.0001005715145 -0.1013825218 0
0.6803759498 0.2673809445 -0.07706618384 -0.01505520256 0.1659057885 0.4716906218 -0.001957799404 0.0429350616 0.2500781501 -0.9960935931 -0.03826315571 -0.07958319353 0.01937405068 0.7845858045 -0.6197174853 0.08615219055 -0.6188384655 -0.7807795808 0.0001031572093 -0.1024980245 0
0.686855012 0.2699271512 -0.07780006721 -0.01533544893 0.1673417002 0.4709775085 -0.001995002314 0.04333441845 0.2499846346 -0.9959455503 -0.03932102878 -0.08090931649 0.01991460587 0.7807231131 -0.6245597083 0.08772610371 -0.6236387395 -0.7767746477 0.0001054549225 -0.1034740894 0
0.6942596545 0.2728371016 -0.07863879107 -0.01565862094 0.1689778518 0.470155167 -0.002037939464 0.04379049726 0.2498767057 -0.9957713533 -0.04055208089 -0.08243143071 0.02054394604 0.7762755125 -0.6300589457 0.08953970245 -0.6290881158 -0.7721598178 0.0001081215233 -0.1045895921 0
0.701664297 0.2757470521 -0.07947751492 -0.01598486444 0.1706087397 0.4693250097 -0.00208132372 0.0442462216 0.2497676535 -0.9955917174 -0.04180678842 -0.08396025666 0.02118570235 0.7717929718 -0.6355208689 0.0913690225 -0.6344980703 -0.767504984 0.0001108318838 -0.1057050948 0
0.7090689395 0.2786570025 -0.08031623878 -0.01631416719 0.1722343151 0.4684870679 -0.00212515466 0.04470158782 0.2496574791 -0.995406538 -0.04308528449 -0.08549551111 0.02183995953 0.7672758716 -0.6409452029 0.09321394921 -0.6398682639 -0.7628104381 0.0001135864312 -0.1068205976 0
0.716473582 0.281566953 -0.08115496264 -0.01664651682 0.1738545292 0.467641373 -0.002169431857 0.04515659226 0.2495461836 -0.9952157096 -0.04438769872 -0.08703690908 0.02250680087 0.7627245952 -0.6463316763 0.09507436697 -0.6451983602 -0.7580764742 0.0001163855949 -0.1079361003 0
0.7229526442 0.2841131597 -0.08188884601 -0.01693981233 0.1752677804 0.466895055 -0.002208540134 0.04555442151 0.2494478812 -0.9950440176 -0.04554703076 -0.08839044659 0.02310067441 0.7587144967 -0.6510135724 0.0967148484 -0.6498290395 -0.7539021538 0.0001188718017 -0.1089121652 0
0.7303572867 0.2870231101 -0.08272756987 -0.01727784114 0.1768778116 0.4660349089 -0.002253652895 0.04600873779 0.2493344865 -0.9948423113 -0.04689462862 -0.08994258962 0.02379133067 0.7541001823 -0.6563283383 0.09860399691 -0.6550830549 -0.7490950827 0.0001217557861 -0.1100276679 0
0.7377619292 0.2899330606 -0.08356629372 -0.01761888065 0.1784823426 0.4651671018 -0.00229921066 0.04646268182 0.249219974 -0.9946346498 -0.0482664976 -0.09150004741 0.02449480266 0.7494528082 -0.6616044838 0.1005082987 -0.6602960196 -0.744249453 0.0001246856335 -0.1111431707 0
0.7451665717 0.292843011 -0.08440501758 -0.01796291808 0.1800813257 0.4642916662 -0.002345212984 0.04691624995 0.2491043447 -0.9944209253 -0.04966275352 -0.09306252852 0.02521116815 0.7447727675 -0.6668417517 0.1024276345 -0.6654676069 -0.7393655685 0.000127661782 -0.1122586734 0
0.7525712142 0.2957529615 -0.08524374144 -0.01830994052 0.1816747133 0.463408635 -0.002391659421 0.04736943855 0.2489875997 -0.9942010297 -0.05108350862 -0.09462973991 0.02594050342 0.7400604557 -0.6720398888 0.1043618839 -0.6705974925 -0.7344437352 0.0001306846714 -0.1133741761 0
0.7599758567 0.2986629119 -0.08608246529 -0.01865993496 0.1832624579 0.4625180413 -0.002438549516 0.047822244 0.2488697402 -0.9939748542 -0.05252887151 -0.09620138704 0.02668288333 0.735316271 -0.6771986454 0.1063109258 -0.6756853552 -0.7294842615 0.0001337547438 -0.1144896788 0
0.7664549189 0.3012091186 -0.08681634867 -0.01896860775 0.1846470685 0.4617325944 -0.002479941929 0.04821813162 0.2487656999 -0.9937717133 -0.05381383272 -0.09757998424 0.02734322413 0.7311392781 -0.6816800599 0.1080283759 -0.6801025124 -0.7251140894 0.0001364801111 -0.1154657437 0
0.7738595614 0.3041190691 -0.08765507252 -0.01932413923 0.1862241058 0.4608279111 -0.00252766265 0.04867020889 0.248645754 -0.993533468 -0.05530561521 -0.0991591492 0.0281102593 0.7263364123 -0.6867643187 0.1100048238 -0.6851107247 -0.7200848795 0.0001396398503 -0.1165812465 0
0.7812642039 0.3070290195 -0.08849379638 -0.01968260471 0.1877953653 0.4599157619 -0.002575825704 0.04912189259 0.248524697 -0.9932886273 -0.05682229735 -0.1007418948 0.02889054603 0.7215028305 -0.6918085009 0.1119957106 -0.6900760045 -0.715018929 0.0001428480548 -0.1176967492 0
0.7886688465 0.30993897 -0.08933252024 -0.02004399076 0.1893608005 0.4589961812 -0.002624430623 0.04957317912 0.2484025301 -0.9930370805 -0.05836397349 -0.1023279208 0.02968415342 0.7166389397 -0.6968123715 0.1140009114 -0.6949980408 -0.7099165553 0.0001461051745 -0.1188122519 0
0.796073489 0.3128489204 -0.09017124409 -0.02040828383 0.1909203653 0.4580692032 -0.002673476932 0.05002406486 0.2482792545 -0.9927787164 -0.05993073429 -0.1039169256 0.03049114904 0.7117451489 -0.7017756998 0.1160203007 -0.6998765249 -0.7047780783 0.0001494116613 -0.1199277546 0
0.8025525511 0.3153951271 -0.09090512747 -0.02072941422 0.1922801328 0.4572520567 -0.002716754155 0.05041825828 0.2481704798 -0.9925469677 -0.06132229567 -0.1053095105 0.03120830474 0.7074388777 -0.7060851762 0.1177988058 -0.7041092319 -0.700252548 0.0001523456904 -0.1209038195 0
0.8099571937 0.3183050775 -0.09174385133 -0.02109912114 0.1938285668 0.4563113027 -0.002766626779 0.05086838283 0.2480451287 -0.9922755199 -0.0629363215 -0.1069032835 0.03204058022 0.7024901341 -0.710971879 0.1198444567 -0.7089052341 -0.6950472468 0.0001557459651 -0.1220193223 0
0.8173618362 0.321215028 -0.09258257518 -0.0214716956 0.1953709989 0.455363252 -0.002816939408 0.05131809625 0.2479186725 -0.9919969328 -0.06457567172 -0.1084991613 0.03288642983 0.6975126782 -0.7158173975 0.1219039298 -0.7136568128 -0.689806774 0.0001591969167 -0.123134825 0
0.8247664787 0.3241249785 -0.09342129904 -0.02184712366 0.1969073838 0.45440794 -0.002867691552 0.05176739494 0.2477911124 -0.9917110934 -0.06624042242 -0.1100968374 0.03374591525 0.692506927 -0.720621516 0.1239770962 -0.7183636701 -0.6845314581 0.0001626990046 -0.1242503277 0
0.8321711212 0.3270349289 -0.09426002289 -0.02222539129 0.1984376765 0.4534454025 -0.002918882715 0.05221627532 0.2476624497 -0.9914178887 -0.06793064586 -0.1116960043 0.03461909664 0.6874732995 -0.7253840229 0.1260638258 -0.7230255112 -0.6792216295 0.0001662526898 -0.1253658305 0
0.8386501834 0.3295811356 -0.09499390627 -0.02255869368 0.19977165 0.4525972832 -0.002964034725 0.05260869968 0.2475489663 -0.9911552033 -0.0694305409 -0.1130962556 0.03539441146 0.683046339 -0.7295169185 0.1279007376 -0.7270674651 -0.6745474799 0.0001694048543 -0.1263418953 0
0.8460548259 0.332491086 -0.09583263013 -0.0229422473 0.2012903995 0.4516212949 -0.003016047703 0.05305678607 0.2474182396 -0.9908478819 -0.07116870726 -0.1146973847 0.03629342957 0.6779615796 -0.7342008469 0.1300125453 -0.7316441155 -0.6691738386 0.0001730565339 -0.1274573981 0
0.8534594684 0.3354010365 -0.09667135398 -0.02332859956 0.2028029289 0.4506381853 -0.003068498255 0.05350444385 0.247286414 -0.9905328675 -0.07293253286 -0.1162991142 0.03720630799 0.6728501591 -0.7388425774 0.132137538 -0.7361749175 -0.6637666472 0.0001767611468 -0.1285729008 0
0.8608641109 0.3383109869 -0.09751007784 -0.02371773603 0.2043091943 0.449647991 -0.00312138587 0.05395166946 0.2471534907 -0.9902100456 -0.07472207511 -0.1179011323 0.03813310086 0.6677125037 -0.7434419137 0.1342755827 -0.740659587 -0.6583262444 0.0001805191613 -0.1296884035 0
0.8682687534 0.3412209374 -0.0983488017 -0.02410964217 0.2058091518 0.4486507489 -0.003174710032 0.05439845934 0.2470194712 -0.9898793013 -0.07653738757 -0.1195031262 0.03907386074 0.6625490415 -0.7479986638 0.1364265454 -0.7450978432 -0.6528529711 0.0001843310473 -0.1308039063 0
0.8756733959 0.3441308878 -0.09918752555 -0.02450430336 0.2073027579 0.4476464964 -0.003228470223 0.05484480993 0.2468843566 -0.9895405193 -0.07837851989 -0.1211047825 0.04002863862 0.6573602021 -0.7525126396 0.1385902912 -0.7494894077 -0.6473471703 0.0001881972766 -0.131919409 0
0.8821524581 0.3466770945 -0.09992140893 -0.02485188033 0.2086044193 0.4467620542 -0.003275867657 0.05523500354 0.2467652342 -0.9892374008 -0.0800107271 -0.1225057074 0.0408756073 0.6527994894 -0.7564271355 0.1404939483 -0.7532935087 -0.6425031831 0.0001916251779 -0.1328954739 0
0.8895571006 0.349587045 -0.1007601328 -0.02525166746 0.2100860005 0.4457447582 -0.003330443985 0.05568052087 0.2466280702 -0.9888832367 -0.08190039195 -0.124105882 0.0418568009 0.6475642315 -0.7608604171 0.1426812965 -0.7575967871 -0.6369373248 0.0001955945782 -0.1340109766 0
0.8969617431 0.3524969954 -0.1015988566 -0.02565416704 0.2115611069 0.4447205602 -0.003385454824 0.05612558869 0.246489815 -0.9885207022 -0.08381599771 -0.1257048123 0.04285215028 0.6423048407 -0.7652504066 0.1448810358 -0.7618525908 -0.6313399364 0.0001996196878 -0.1351264793 0
0.9043663856 0.3554069459 -0.1024375805 -0.02605936405 0.213029696 0.4436894983 -0.003440899637 0.05657020348 0.2463504702 -0.9881496811 -0.08575757889 -0.1273021816 0.0438617003 0.6370217528 -0.7695969319 0.1470930285 -0.766060653 -0.6257113687 0.0002037009848 -0.1362419821 0
0.9117710281 0.3583168963 -0.1032763044 -0.0264672434 0.2144917257 0.442651611 -0.003496777884 0.05701436169 0.246210037 -0.9877700569 -0.08772516605 -0.1288976722 0.0448854942 0.6317154052 -0.7738998251 0.1493171359 -0.77022071 -0.6200519743 0.0002078389495 -0.1373574848 0
0.9182500903 0.360863103 -0.1040101877 -0.02682632624 0.2157655879 0.4417378909 -0.003546026474 0.05740262281 0.2460862662 -0.9874307369 -0.08946815888 -0.1302919352 0.04579303106 0.6270536155 -0.7776289357 0.1512730582 -0.7738211756 -0.6150749955 0.0002115065325 -0.1383335497 0
0.9256547328 0.3637730534 -0.1048489116 -0.02723919393 0.217215206 0.4406873103 -0.00360271594 0.05784591542 0.245943796 -0.9870346675 -0.09148457591 -0.131883045 0.04684364317 0.6217048393 -0.7818495801 0.1535195045 -0.7778905226 -0.6093587585 0.0002157520488 -0.1394490524 0
0.9330593753 0.3666830039 -0.1056876354 -0.02765470001 0.2186581449 0.439630016 -0.003659837263 0.05828874131 0.2458002416 -0.9866296592 -0.09352706479 -0.1334713593 0.04790861451 0.6163340683 -0.7860261325 0.1557776629 -0.7819111231 -0.6036127196 0.0002200556224 -0.1405645551 0
0.9404640178 0.3695929544 -0.1065263593 -0.02807282901 0.2200943635 0.4385660474 -0.003717389887 0.05873109698 0.2456556042 -0.9862155949 -0.09559564073 -0.1350565582 0.04898798208 0.610941745 -0.790158441 0.1580473918 -0.7858827252 -0.5978372389 0.0002244177396 -0.1416800579 0
0.9478686603 0.3725029048 -0.1073650832 -0.02849356538 0.2215238211 0.4374954442 -0.003775373252 0.05917297889 0.2455098853 -0.9857923572 -0.09769031498 -0.136638321 0.05008178123 0.6055283133 -0.7942463579 0.1603285489 -0.7898050799 -0.5920326783 0.0002288388887 -0.1427955606 0
0.9543477225 0.3750491115 -0.1080989665 -0.02886383626 0.2227690185 0.4365532551 -0.003826461593 0.0595592342 0.2453814953 -0.985414407 -0.0995445695 -0.1380192925 0.05105072047 0.6007745948 -0.7977867573 0.1623338239 -0.7931965487 -0.5869301191 0.0002327562037 -0.1437716255 0
0.961752365 0.3779590619 -0.1089376904 -0.02928941918 0.22418569 0.4354703194 -0.003885251069 0.0600002184 0.2452337526 -0.9849736529 -0.1016881945 -0.1395937472 0.05217166853 0.5953227851 -0.8017910567 0.1646360232 -0.7970259046 -0.5810720155 0.0002372893588 -0.1448871282 0
0.9691570075 0.3808690124 -0.1097764142 -0.02971756423 0.2255954847 0.4343808641 -0.00394446965 0.06044071879 0.2450849325 -0.9845233876 -0.1038579278 -0.1411638416 0.05330714079 0.5898511494 -0.8057505633 0.166949238 -0.8008053149 -0.5751858826 0.0002418829581 -0.1460026309 0
0.97656165 0.3837789628 -0.1106151381 -0.0301482555 0.2269983628 0.4332849296 -0.004004116759 0.06088073188 0.2449350367 -0.9840634934 -0.1060537652 -0.1427292536 0.0544571663 0.5843601359 -0.809665146 0.1692733233 -0.8045345428 -0.5692720892 0.0002465374961 -0.1471181337 0
0.9839662925 0.3866889133 -0.111453862 -0.03058147698 0.2283942849 0.4321825569 -0.004064191814 0.06132025418 0.2447840665 -0.9835938527 -0.1082756984 -0.1442896606 0.05562177248 0.5788501938 -0.8135346775 0.1716081333 -0.8082133544 -0.563331006 0.0002512534685 -0.1482336364 0
0.9904453547 0.3892351199 -0.1121877453 -0.0309626087 0.2296099798 0.4312127314 -0.004117108077 0.06170443086 0.2446510874 -0.9831748292 -0.1102412871 -0.1456506572 0.05665278387 0.574013821 -0.816883465 0.1736597749 -0.8113907764 -0.5581104646 0.0002554307309 -0.1492097013 0
0.9978499972 0.3921450704 -0.1130264692 -0.03140053091 0.2309927541 0.4300983971 -0.004177983952 0.06214302356 0.2444981068 -0.982686596 -0.1125121136 -0.1472008094 0.05784479693 0.5684696019 -0.820668198 0.1760142991 -0.8149744389 -0.5521192176 0.0002602632352 -0.150325204 0
1.00525464 0.3950550209 -0.113865193 -0.03184093685 0.2323684606 0.4289777428 -0.004239286078 0.06258111547 0.2443440562 -0.9821882775 -0.1148089898 -0.1487450279 0.05905146028 0.5629077508 -0.8244075382 0.1783791257 -0.8185070311 -0.5461017557 0.0002651586086 -0.1514407067 0
