0.007190554092 0.001487078492 -0.003491948784 -9.088956081e-07 0.001833583055 0.5099956052 -1.150639357e-07 0.0004567167055 0.2549994546 -1 -2.506284261e-08 -5.293105407e-06 1.280752088e-08 0.999974406 -0.007154537671 5.293149248e-06 -0.007154537671 -0.999974406 2.470855371e-08 -0.004644291882 0
0.01426547305 0.002950242482 -0.006927741679 -3.577323437e-06 0.0036376313 0.5099827024 -4.554578975e-07 0.0009078397803 0.2549978407 -0.9999999998 -1.968608866e-07 -2.083251038e-05 9.884827771e-08 0.9998992651 -0.01419364868 2.083320599e-05 -0.01419364868 -0.9998992649 4.608904397e-08 -0.009213896433 0
0.02134039202 0.004413406473 -0.01036353457 -8.005434974e-06 0.005441584612 0.5099612909 -1.02277129e-06 0.001359683204 0.2549951506 -0.9999999989 -6.595752193e-07 -4.661724069e-05 3.303519439e-07 0.9997745751 -0.02123202625 4.662073613e-05 -0.02123202624 -0.999774574 3.288779181e-08 -0.01378350098 0
0.02841531098 0.005876570463 -0.01379932747 -1.419309154e-05 0.007245395914 0.5099313713 -1.8167535e-06 0.001811616745 0.2549913854 -0.9999999966 -1.557445633e-06 -8.264340818e-05 7.794486643e-07 0.9996003433 -0.02826930668 8.265440709e-05 -0.02826930665 -0.9996003399 1.052597842e-08 -0.01835310553 0
0.03549022994 0.007339734454 -0.01723512037 -2.214009937e-05 0.009049018133 0.5098929447 -2.837088945e-06 0.002263492915 0.2549865469 -0.9999999917 -3.034665102e-06 -0.00012890558 1.518254573e-06 0.9993765797 -0.03530512635 0.0001289323569 -0.03530512625 -0.9993765714 7.6723617e-08 -0.02292271009 0
0.0425651489 0.008802898444 -0.02067091326 -3.184620958e-05 0.0108524042 0.5098460122 -4.083607034e-06 0.002715293946 0.2549806357 -0.9999999828 -5.235364264e-06 -0.0001853967792 2.618867147e-06 0.9991032973 -0.04233912173 0.0001854521941 -0.04233912148 -0.9991032801 1.635136128e-07 -0.02749231464 0
0.04964006786 0.01026606243 -0.02410670616 -4.331111822e-05 0.01265550707 0.5097905753 -5.556218342e-06 0.003167026798 0.2549736523 -0.9999999682 -8.303595916e-06 -0.0002521084852 4.153360572e-06 0.9987805121 -0.04937092938 0.0002522109982 -0.04937092886 -0.9987804803 2.690615733e-07 -0.03206191919 0
0.05671498682 0.01172922643 -0.02754249905 -5.653446626e-05 0.01445827968 0.5097266357 -7.254870782e-06 0.003618700184 0.254965597 -0.9999999458 -1.23833195e-05 -0.0003290306349 6.19378109e-06 0.9984082426 -0.05640018603 0.0003292053194 -0.05640018502 -0.9984081884 3.925672576e-07 -0.03663152374 0
0.06378990579 0.01319239042 -0.03097829195 -7.151583959e-05 0.01626067499 0.5096541954 -9.179529197e-06 0.004070320476 0.25495647 -0.9999999133 -1.761838563e-05 -0.000416151623 8.81214237e-06 0.9979865106 -0.06342652856 0.0004164311792 -0.06342652672 -0.9979864239 5.336165756e-07 -0.04120112829 0
0.07086482475 0.01465555441 -0.03441408484 -8.825476909e-05 0.018062646 0.5095732568 -1.133016608e-05 0.004521891591 0.2549462713 -0.9999998679 -2.415252056e-05 -0.0005134583039 1.208042087e-05 0.9975153405 -0.070449594 0.0005138840701 -0.07044959089 -0.9975152084 6.919885549e-07 -0.04577073284 0
0.07793974371 0.0161187184 -0.03784987774 -0.0001067507306 0.01986414568 0.5094838222 -1.370675715e-05 0.00497341556 0.2549350011 -0.9999998067 -3.212931077e-05 -0.0006209359922 1.607055119e-05 0.9969947596 -0.07746901961 0.0006215589565 -0.07746901461 -0.9969945664 8.675661669e-07 -0.05034033739 0
0.08501466267 0.01758188239 -0.04128567063 -0.0001270031449 0.02166512704 0.5093858946 -1.63092792e-05 0.005424893053 0.2549226595 -0.9999997264 -4.169218745e-05 -0.0007385684643 2.085442148e-05 0.9964247982 -0.08448444288 0.0007394502743 -0.08448443516 -0.9964245247 1.060292037e-06 -0.05490994194 0
0.09208958163 0.01904504638 -0.04472146353 -0.0001490113778 0.02346554312 0.5092794769 -1.913770887e-05 0.005876323783 0.2549092467 -0.9999996233 -5.298441107e-05 -0.0008663379601 2.650386874e-05 0.9958054893 -0.09149550152 0.0008675519315 -0.09149549002 -0.9958051128 1.270145179e-06 -0.05947954649 0
0.0991645006 0.02050821037 -0.04815725642 -0.0001727747403 0.02526534695 0.5091645726 -2.219202207e-05 0.006327706784 0.2548947627 -0.9999994936 -6.614905595e-05 -0.001004225184 3.309067428e-05 0.9951368688 -0.09850183354 0.001005857309 -0.09850181689 -0.9951363627 1.49712815e-06 -0.06404915104 0
0.1062394196 0.02197137436 -0.05159304932 -0.0001982924883 0.02706449161 0.5090411852 -2.547219358e-05 0.006779040602 0.2548792076 -0.9999993329 -8.132899482e-05 -0.001152209308 4.068655903e-05 0.9944189756 -0.1055030772 0.001154359259 -0.1055030537 -0.9944183089 1.741259653e-06 -0.0686187556 0
0.1133143385 0.02343453835 -0.05502884222 -0.0002255638227 0.02886293017 0.5089093186 -2.897819682e-05 0.007230323431 0.2548625817 -0.9999991367 -9.866688344e-05 -0.001310267972 4.936317898e-05 0.9936518513 -0.1124988712 0.001313050109 -0.1124988388 -0.9936509886 2.00257012e-06 -0.07318836015 0
0.1195048926 0.02471480684 -0.058035161 -0.0002508640594 0.03043594785 0.5087869829 -3.223118023e-05 0.007625152457 0.2548471557 -0.9999989321 -0.0001157196988 -0.001456814831 5.789804023e-05 0.9929402675 -0.1186154366 0.00146025625 -0.1186153943 -0.9929392005 2.245339684e-06 -0.07718676413 0
0.1265798116 0.02617797083 -0.06147095389 -0.000281421024 0.03223293616 0.5086392291 -3.616054112e-05 0.008076333952 0.2548285222 -0.9999986561 -0.0001374874244 -0.001633697667 6.879392816e-05 0.9920809571 -0.1256000394 0.001638028771 -0.125599983 -0.9920796143 2.538972621e-06 -0.08175636868 0
0.1336547305 0.02764113482 -0.06490674679 -0.0003137289724 0.03402908365 0.5084830087 -4.031564881e-05 0.008527458022 0.2548088182 -0.9999983296 -0.0001618218872 -0.001820582246 8.097615858e-05 0.9911725511 -0.1325781554 0.001825965197 -0.1325780814 -0.9911708824 2.849916373e-06 -0.08632597323 0
0.1407296495 0.02910429881 -0.06834253968 -0.0003477868933 0.03582434353 0.5083183265 -4.469647061e-05 0.008978522158 0.2547880439 -0.9999979471 -0.0001888647569 -0.002017440297 9.451609219e-05 0.9902151025 -0.1395494247 0.002024055819 -0.1395493289 -0.9902130518 3.178228326e-06 -0.09089557778 0
0.1478045685 0.0305674628 -0.07177833258 -0.0003835937203 0.03761866901 0.5081451878 -4.930297211e-05 0.009429523758 0.2547661995 -0.9999975024 -0.0002187574118 -0.002224242025 0.0001094850023 0.9892086665 -0.1465134877 0.002232290398 -0.1465133653 -0.989206172 3.523970695e-06 -0.09546518233 0
0.1548794874 0.03203062679 -0.07521412548 -0.0004211483327 0.03941201336 0.5079635978 -5.413511724e-05 0.009880460147 0.2547432851 -0.9999969892 -0.0002516409226 -0.002440956119 0.0001259540702 0.9881533018 -0.1534699852 0.002450658177 -0.1534698306 -0.9881502949 3.887210128e-06 -0.1000347869 0
0.1619544064 0.03349379078 -0.07864991837 -0.0004604495548 0.04120432987 0.5077735624 -5.919286816e-05 0.0103313286 0.2547193009 -0.9999964007 -0.000287656038 -0.002667549754 0.0001439943807 0.9870490693 -0.1604185588 0.002679147869 -0.1604183655 -0.9870454752 4.26801743e-06 -0.1046043914 0
0.1690293253 0.03495695477 -0.08208571127 -0.0005014961564 0.04299557186 0.5075750875 -6.447618535e-05 0.01078212633 0.2546942472 -0.99999573 -0.0003269431693 -0.002903988595 0.0001636769173 0.9858960333 -0.1673588502 0.002917747669 -0.1673586108 -0.98589177 4.666467351e-06 -0.109173996 0
0.1761042443 0.03642011876 -0.08552150416 -0.0005442868529 0.0447856927 0.5073681792 -6.998502753e-05 0.01123285055 0.254668124 -0.9999949697 -0.0003696423746 -0.003150236795 0.0001850725578 0.9846942605 -0.1742905017 0.003166445247 -0.174290208 -0.9846892388 5.082638431e-06 -0.1137436005 0
0.1831791633 0.03788328276 -0.08895729706 -0.0005888203048 0.04657464579 0.5071528441 -7.571935167e-05 0.0116834984 0.2546409317 -0.9999941122 -0.0004158933446 -0.003406257007 0.00020825207 0.9834438208 -0.1812131564 0.003425227751 -0.1812127988 -0.9834379438 5.516612883e-06 -0.1183132051 0
0.1902540822 0.03934644675 -0.09239308995 -0.0006350951185 0.04836238458 0.5069290889 -8.167911304e-05 0.01213406702 0.2546126705 -0.9999931496 -0.0004658353866 -0.003672010378 0.0002332861066 0.9821447864 -0.1881264576 0.00369408181 -0.1881260255 -0.9821379497 5.968476499e-06 -0.1228828096 0
0.1973290012 0.04080961074 -0.09582888285 -0.0006831098458 0.05014886255 0.5066969206 -8.786426511e-05 0.01258455354 0.2545833405 -0.9999920738 -0.00051960741 -0.00394745656 0.000260245201 0.9807972329 -0.1950300495 0.00397299353 -0.1950295309 -0.9807893237 6.438318571e-06 -0.1274524142 0
0.2044039202 0.04227277473 -0.09926467574 -0.000732862984 0.05193403323 0.5064563465 -9.427475964e-05 0.01303495505 0.254552942 -0.999990876 -0.0005773479108 -0.004232553709 0.0002891997628 0.9794012383 -0.2019235766 0.004261948499 -0.2019229583 -0.9793921353 6.926231836e-06 -0.1320220187 0
0.2114788391 0.04373593872 -0.1027004686 -0.0007843529764 0.05371785021 0.506207374 -0.0001009105466 0.01348526864 0.2545214753 -0.9999895476 -0.000639194957 -0.004527258492 0.0003202200729 0.9779568836 -0.2088066842 0.004560931785 -0.2088059514 -0.9779464569 7.432312413e-06 -0.1365916233 0
0.2185537581 0.04519910271 -0.1061362615 -0.0008375782117 0.0555002671 0.5059500111 -0.0001077715743 0.01393549138 0.2544889407 -0.9999880794 -0.0007052861731 -0.004831526088 0.0003533762796 0.9764642524 -0.2156790182 0.004869927939 -0.2156781545 -0.9764523631 7.956659773e-06 -0.1411612278 0
0.225628677 0.0466622667 -0.1095720544 -0.0008925370248 0.05728123757 0.5056842656 -0.0001148577893 0.01438562035 0.2544553383 -0.9999864619 -0.0007757587257 -0.005145310197 0.0003887383936 0.9749234314 -0.2225402251 0.005188920994 -0.2225392125 -0.9749099312 8.499376686e-06 -0.1457308324 0
0.232703596 0.04812543069 -0.1130078473 -0.000949227696 0.05906071535 0.505410146 -0.0001221691361 0.0148356526 0.2544206685 -0.9999846854 -0.0008507493081 -0.005468563037 0.0004263762835 0.9733345098 -0.2293899524 0.005517894466 -0.229388771 -0.9733192408 9.060569193e-06 -0.1503004369 0
0.239778515 0.04958859468 -0.1164436402 -0.001007648452 0.0608386542 0.5051276609 -0.000129705558 0.01528558519 0.2543849315 -0.9999827399 -0.0009303941257 -0.005801235354 0.0004663596716 0.9716975797 -0.2362278478 0.005856831355 -0.2362264759 -0.9716803742 9.640346569e-06 -0.1548700415 0
0.2468534339 0.05105175867 -0.1198794331 -0.001067797465 0.06261500797 0.504836819 -0.0001374669961 0.01573541516 0.2543481277 -0.999980615 -0.001014828881 -0.006143276427 0.0005087581293 0.970012736 -0.2430535601 0.006205714148 -0.2430519739 -0.969993416 1.02388213e-05 -0.159439646 0
0.253043988 0.05233202716 -0.1228857519 -0.001121844085 0.06416798099 0.5045754843 -0.0001444427905 0.01612892988 0.2543150494 -0.9999786001 -0.001092744824 -0.006450206683 0.0005478924656 0.9684992704 -0.2490157889 0.00651913118 -0.249013994 -0.9684779459 1.077791521e-05 -0.16343805 0
0.260118907 0.05379519115 -0.1263215448 -0.001185228466 0.06594123845 0.5042689983 -0.0001526259695 0.01657855948 0.254276246 -0.99997611 -0.00118652466 -0.006809672363 0.0005950061509 0.966724854 -0.2558177136 0.006886613547 -0.2558156539 -0.9667010529 1.14117617e-05 -0.1680076546 0
0.2671938259 0.05525835514 -0.1297573377 -0.001250335551 0.06771277838 0.5039541823 -0.000161033986 0.01702807794 0.2542363766 -0.999973409 -0.001285481643 -0.00717835283 0.0006447340421 0.9649028122 -0.2626064496 0.007263988603 -0.2626040948 -0.9648763257 1.206464654e-05 -0.1725772591 0
0.2742687449 0.05672151913 -0.1331931306 -0.001317163302 0.06948255484 0.5036310464 -0.0001696667746 0.01747748231 0.2541954416 -0.9999704858 -0.00138974939 -0.007556191714 0.0006971450838 0.9630332504 -0.2693816485 0.007651236849 -0.2693789657 -0.9630038585 1.273669438e-05 -0.1771468637 0
0.2813436639 0.05818468312 -0.1366289235 -0.00138570963 0.07125052193 0.5032996005 -0.0001785242679 0.01792676962 0.2541534413 -0.9999673286 -0.001499460939 -0.007943131201 0.0007523080476 0.9611162771 -0.2761429628 0.008048338274 -0.2761399165 -0.961083748 1.342803295e-05 -0.1817164682 0
0.2884185828 0.05964784711 -0.1400647164 -0.001455972392 0.07301663383 0.502959855 -0.000187606397 0.0183759369 0.2541103759 -0.9999639252 -0.001614748742 -0.008339112034 0.0008102915282 0.9591520032 -0.2828900461 0.008455272358 -0.282886598 -0.9591160936 1.413879301e-05 -0.1862860728 0
0.2954935018 0.0611110111 -0.1435005093 -0.00152794939 0.07478084478 0.5026118206 -0.0001969130909 0.01882498117 0.2540662459 -0.9999602634 -0.001735744646 -0.008744073526 0.0008711639389 0.9571405425 -0.2896225525 0.008872018074 -0.2896186614 -0.9571009969 1.486910838e-05 -0.1908556773 0
0.3025684207 0.06257417509 -0.1469363022 -0.001601638374 0.07654310907 0.5022555081 -0.0002064442772 0.01927389946 0.2540210517 -0.9999563304 -0.001862579881 -0.00915795356 0.0009349935071 0.9550820115 -0.2963401374 0.009298553885 -0.296335759 -0.955038562 1.561911587e-05 -0.1954252819 0
0.3096433397 0.06403733909 -0.1503720951 -0.001677037041 0.07830338109 0.5018909287 -0.0002161998817 0.0197226888 0.2539747935 -0.9999521133 -0.001995385044 -0.009580688594 0.00100184827 0.9529765294 -0.3030424568 0.009734857752 -0.3030375435 -0.9529288954 1.638895525e-05 -0.1999948864 0
0.3167182587 0.06550050308 -0.153807888 -0.001754143034 0.08006161528 0.5015180937 -0.0002261798282 0.02017134622 0.2539274718 -0.9999475988 -0.002134290085 -0.01001221367 0.00107179607 0.9508242182 -0.3097291678 0.01018090713 -0.3097236687 -0.9507721063 1.717876927e-05 -0.204564491 0
0.3237931776 0.06696366707 -0.1572436809 -0.001832953943 0.08181776614 0.5011370149 -0.0002363840391 0.02061986874 0.253879087 -0.9999427735 -0.002279424293 -0.01045246242 0.001144904552 0.9486252023 -0.3163999285 0.01063667897 -0.3163937891 -0.9485683061 1.79887036e-05 -0.2091340955 0
0.3308680966 0.06842683106 -0.1606794737 -0.001913467305 0.08357178827 0.5007477041 -0.0002468124347 0.02106825339 0.2538296394 -0.9999376235 -0.00243091628 -0.01090136708 0.001221241155 0.9463796092 -0.3230543978 0.01110214971 -0.32304756 -0.9463176085 1.881890681e-05 -0.2137037001 0
0.3379430156 0.06988999505 -0.1641152666 -0.001995680603 0.08532363631 0.5003501736 -0.0002574649339 0.02151649718 0.2537791295 -0.9999321347 -0.002588893972 -0.01135885846 0.001300873112 0.9440875687 -0.3296922358 0.01157729531 -0.3296846376 -0.9440201301 1.966953038e-05 -0.2182733046 0
0.3450179345 0.07135315904 -0.1675510595 -0.00207959127 0.08707326501 0.4999444356 -0.0002683414536 0.02196459715 0.2537275576 -0.9999262927 -0.002753484588 -0.01182486602 0.001383867444 0.9417492136 -0.3363131036 0.01206209122 -0.3363046789 -0.9416759894 2.054072862e-05 -0.2228429092 0
0.3520928535 0.07281632303 -0.1709868524 -0.002165196682 0.08882062918 0.499530503 -0.0002794419091 0.02241255033 0.2536749242 -0.9999200829 -0.00292481463 -0.01229931778 0.001470290957 0.9393646791 -0.3429166631 0.01255651237 -0.3429073418 -0.9392853075 2.143265868e-05 -0.2274125137 0
0.3591677724 0.07427948702 -0.1744226453 -0.002252494166 0.0905656837 0.4991083885 -0.0002907662139 0.02286035373 0.2536212297 -0.9999134904 -0.00310300987 -0.01278214044 0.001560210233 0.9369341033 -0.3495025776 0.01306053324 -0.3494922851 -0.9368482081 2.234548052e-05 -0.2319821183 0
0.3662426914 0.07574265101 -0.1778584382 -0.002341480995 0.09230838355 0.4986781055 -0.0003023142797 0.02330800438 0.2535664745 -0.9999064998 -0.00328819533 -0.01327325927 0.001653691634 0.9344576268 -0.3560705114 0.01357412775 -0.3560591686 -0.9343648171 2.32793569e-05 -0.2365517228 0
0.3733176104 0.077205815 -0.1812942311 -0.002432154389 0.09404868377 0.4982396674 -0.0003140860166 0.02375549932 0.2535106592 -0.9998990958 -0.003480495277 -0.01377259823 0.001750801288 0.9319353927 -0.3626201298 0.01409726939 -0.3626076529 -0.9318352628 2.423445333e-05 -0.2411213274 0
0.3803925293 0.07866897899 -0.184730024 -0.002524511516 0.09578653951 0.4977930878 -0.0003260813328 0.02420283556 0.253453784 -0.9998912624 -0.003680033202 -0.01428007988 0.001851605094 0.929367547 -0.3691510992 0.01462993111 -0.3691373997 -0.9292596759 2.521093805e-05 -0.2456909319 0
0.3865830834 0.07994924748 -0.1877363428 -0.002606702924 0.09730512283 0.4973956631 -0.000336760566 0.02459412227 0.2534031493 -0.9998840435 -0.003860662772 -0.01473074398 0.001942890406 0.927083383 -0.3748501382 0.01510379794 -0.3748352922 -0.9269683808 2.608304161e-05 -0.2496893359 0
0.3936580024 0.08141241147 -0.1911721357 -0.002702209237 0.09903827452 0.496933856 -0.0003491748403 0.02504115296 0.2533442884 -0.9998753618 -0.004074102003 -0.0152532798 0.00205079753 0.9244304179 -0.3813452461 0.01565423525 -0.3813289973 -0.9243068434 2.71000923e-05 -0.2542589405 0
0.4007329213 0.08287557546 -0.1946079286 -0.00279939085 0.1007688532 0.4964639483 -0.0003618124205 0.02548801642 0.2532843691 -0.9998662039 -0.004295129816 -0.01578372821 0.002162586922 0.9217322752 -0.3878207526 0.01621411219 -0.3878029974 -0.9215996624 2.813903004e-05 -0.258828545 0
0.4078078403 0.08433873945 -0.1980437215 -0.002898244731 0.1024968144 0.4959859546 -0.0003746732082 0.02593470968 0.2532233918 -0.9998565531 -0.004523866578 -0.0163220066 0.002278323537 0.9189891108 -0.3942763289 0.01678339984 -0.394256958 -0.9188469778 2.920003345e-05 -0.2633981496 0
0.4148827593 0.08580190344 -0.2014795144 -0.002998767793 0.1042221136 0.4954998898 -0.0003877571032 0.02638122978 0.2531613571 -0.9998463921 -0.004760431812 -0.01686803101 0.002398072073 0.9162010833 -0.4007116473 0.01736206876 -0.4006905456 -0.9160489317 3.028328377e-05 -0.2679677541 0
0.4219576782 0.08726506743 -0.2049153073 -0.003100956898 0.1059447065 0.4950057691 -0.0004010640035 0.02682757374 0.2530982656 -0.9998357037 -0.00500494419 -0.0174217162 0.002521896975 0.9133683538 -0.4071263812 0.01795008906 -0.4071034276 -0.9132056688 3.138896486e-05 -0.2725373587 0
0.4290325972 0.08872823143 -0.2083511002 -0.003204808859 0.1076645489 0.4945036079 -0.0004145938056 0.0272737386 0.2530341175 -0.9998244701 -0.005257521517 -0.0179829756 0.002649862421 0.9104910861 -0.4135202056 0.01854743036 -0.4134952728 -0.910317336 3.251726313e-05 -0.2771069632 0
0.4361075162 0.09019139542 -0.2117868931 -0.003310320434 0.1093815965 0.4939934218 -0.000428346404 0.0277197214 0.2529689136 -0.9998126736 -0.005518280719 -0.01855172134 0.002782032326 0.9075694463 -0.4198927964 0.01915406179 -0.4198657509 -0.9073840825 3.366836754e-05 -0.2816765678 0
0.4431824351 0.09165455941 -0.215222686 -0.003417488332 0.1110958054 0.4934752269 -0.0004423216915 0.02816551917 0.2529026544 -0.9998002958 -0.005787337825 -0.01912786428 0.002918470334 0.9046036032 -0.4262438311 0.019769952 -0.4262145326 -0.9044060599 3.484246956e-05 -0.2862461723 0
0.4502573541 0.0931177234 -0.2186584789 -0.003526309209 0.1128071316 0.4929490392 -0.0004565195594 0.02861112895 0.2528353403 -0.9997873185 -0.006064807963 -0.01971131398 0.003059239815 0.9015937282 -0.4325729885 0.02039506916 -0.4325412898 -0.9013834222 3.603976319e-05 -0.2908157769 0
0.457332273 0.09458088739 -0.2220942718 -0.00363677967 0.1145155312 0.4924148751 -0.0004709398969 0.02905654779 0.252766972 -0.9997737229 -0.006350805338 -0.02030197872 0.003204403861 0.898539995 -0.4388799485 0.02102938098 -0.4388456957 -0.8983163254 3.726044488e-05 -0.2953853814 0
0.464407192 0.09604405138 -0.2255300647 -0.003748896272 0.1162209604 0.4918727515 -0.0004855825918 0.02950177273 0.2526975499 -0.99975949 -0.006645443223 -0.02089976553 0.003354025282 0.89544258 -0.4451643927 0.02167285467 -0.4451274245 -0.8952049281 3.850471355e-05 -0.299954986 0
0.471482111 0.09750721537 -0.2289658575 -0.003862655516 0.1179233757 0.491322685 -0.0005004475301 0.0299468008 0.2526270747 -0.9997446008 -0.006948833947 -0.02150458019 0.0035081666 0.8923016619 -0.4514260038 0.02232545698 -0.4513861515 -0.8920493911 3.977277051e-05 -0.3045245905 0
0.4785570299 0.09897037936 -0.2324016504 -0.003978053857 0.1196227334 0.4907646929 -0.0005155345958 0.03039162905 0.2525555469 -0.9997290356 -0.007261088881 -0.0221163272 0.003666890048 0.8891174222 -0.457664466 0.0229871542 -0.4576215534 -0.8888498774 4.106481953e-05 -0.3090941951 0
0.4856319489 0.1004335433 -0.2358374433 -0.004095087697 0.1213189901 0.4901987926 -0.0005308436715 0.03083625453 0.2524829671 -0.9997127749 -0.007582318425 -0.02273490986 0.003830257566 0.8858900445 -0.4638794652 0.02365791212 -0.4638333079 -0.8856065524 4.238106671e-05 -0.3136637996 0
0.4927068678 0.1018967073 -0.2392732362 -0.004213753388 0.1230121025 0.4896250018 -0.000546374638 0.03128067429 0.2524093359 -0.9996957987 -0.007912631994 -0.02336023021 0.003998330793 0.882619715 -0.4700706883 0.0243376961 -0.4700210941 -0.8823195836 4.372172053e-05 -0.3182334042 0
0.4997817868 0.1033598713 -0.2427090291 -0.004334047231 0.1247020273 0.4890433382 -0.0005621273743 0.03172488537 0.2523346539 -0.9996780867 -0.008252138009 -0.02399218907 0.004171171068 0.8793066225 -0.4762378239 0.02502647099 -0.4761845921 -0.878989141 4.50869918e-05 -0.3228030087 0
0.5068567058 0.1048230353 -0.246144822 -0.004455965478 0.1263887215 0.48845382 -0.0005781017577 0.03216888483 0.2522589217 -0.9996596186 -0.008600943882 -0.02463068608 0.004348839424 0.8759509581 -0.482380562 0.02572420121 -0.4823234835 -0.8756153966 4.647709365e-05 -0.3273726133 0
0.5139316247 0.1062861993 -0.2495806149 -0.00457950433 0.1280721419 0.4878564657 -0.0005942976637 0.03261266972 0.2521821399 -0.9996403736 -0.008959156005 -0.02527561964 0.004531396582 0.8725529152 -0.4884985943 0.02643085071 -0.4884374512 -0.8721985247 4.789224147e-05 -0.3319422178 0
0.5210065437 0.1077493633 -0.2530164078 -0.004704659939 0.1297522459 0.4872512938 -0.0006107149663 0.0330562371 0.2521043091 -0.9996203308 -0.009326879735 -0.02592688697 0.004718902951 0.8691126898 -0.4945916137 0.02714638297 -0.494526179 -0.8687387019 4.933265295e-05 -0.3365118224 0
0.5271970978 0.1090296318 -0.2560227266 -0.004815494278 0.1312195825 0.4867153703 -0.0006252616199 0.0334441778 0.2520353472 -0.9996021223 -0.009656522519 -0.02650185985 0.004887078171 0.8660680456 -0.4999022473 0.02777973128 -0.499832864 -0.8656762643 5.061390992e-05 -0.3405102264 0
0.5342720167 0.1104927958 -0.2594585195 -0.004943670759 0.1328933527 0.4860955913 -0.000642093695 0.0338873294 0.2519555514 -0.9995805265 -0.01004236084 -0.02716472187 0.005084026023 0.8625492645 -0.5059475457 0.02851181869 -0.5058734203 -0.8621363923 5.210228524e-05 -0.3450798309 0
0.5413469357 0.1119559598 -0.2628943124 -0.005073452654 0.1345636836 0.4854680496 -0.0006591467944 0.03433025503 0.2518747084 -0.9995580713 -0.0104380078 -0.02783361562 0.005286094978 0.8589888774 -0.5119669576 0.02925268133 -0.5118878358 -0.8585540893 5.361656244e-05 -0.3496494355 0
0.5484218547 0.1134191238 -0.2663301053 -0.005204835924 0.1362305329 0.4848327647 -0.0006764207853 0.03477295174 0.2517928189 -0.9995347349 -0.01084356465 -0.02850843377 0.005493344193 0.8553870896 -0.5179601819 0.03000228091 -0.5178757998 -0.8549295404 5.515696775e-05 -0.35421904 0
0.5554967736 0.1148822878 -0.2697658982 -0.005337816478 0.1378938581 0.4841897564 -0.0006939155331 0.03521541661 0.2517098837 -0.9995104953 -0.01125913154 -0.02918906788 0.005705832491 0.8517441086 -0.5239269195 0.03076057871 -0.5238370028 -0.8512629331 5.672372958e-05 -0.3587886446 0
0.5625716926 0.1163454517 -0.2732016911 -0.005472390177 0.1395536172 0.4835390446 -0.0007116309017 0.0356576467 0.2516259033 -0.9994853302 -0.01168480751 -0.02987540835 0.005923618362 0.848060144 -0.5298668728 0.03152753552 -0.5297711368 -0.8475544567 5.831707845e-05 -0.3633582491 0
0.5696466116 0.1178086157 -0.276637484 -0.005608552833 0.141209768 0.4828806497 -0.0007295667531 0.03609963907 0.2515408784 -0.9994592169 -0.01212069049 -0.03056734446 0.006146759953 0.8443354082 -0.5357797456 0.03230311173 -0.5356778951 -0.8438043029 5.9937247e-05 -0.3679278537 0
0.5767215305 0.1192717797 -0.2800732769 -0.00574630021 0.1428622687 0.4822145921 -0.0007477229475 0.03654139079 0.2514548099 -0.9994321328 -0.01256687728 -0.03126476439 0.006375315069 0.8405701155 -0.5416652437 0.03308726725 -0.5415569725 -0.8400126655 6.158446998e-05 -0.3724974582 0
0.5837964495 0.1207349437 -0.2835090698 -0.005885628022 0.1445110773 0.4815408925 -0.0007660993437 0.03698289894 0.2513676982 -0.9994040548 -0.01302346354 -0.03196755518 0.006609341167 0.8367644827 -0.5475230745 0.03387996157 -0.5474080653 -0.8361797404 6.325898419e-05 -0.3770670628 0
0.5908713684 0.1221981077 -0.2869448627 -0.006026531937 0.1461561522 0.4808595719 -0.0007846957986 0.0374241606 0.2512795442 -0.9993749598 -0.0134905438 -0.03267560281 0.006848895355 0.8329187287 -0.5533529471 0.03468115372 -0.553230871 -0.8323057257 6.496102849e-05 -0.3816366673 0
0.5979462874 0.1236612717 -0.2903806556 -0.00616900757 0.1477974518 0.4801706515 -0.0008035121673 0.03786517283 0.2511903486 -0.9993448242 -0.01396821141 -0.03338879217 0.007094034385 0.8290330749 -0.5591545721 0.03549080231 -0.5590250888 -0.8283908215 6.669084378e-05 -0.3862062719 0
0.6050212064 0.1251244357 -0.2938164484 -0.006313050494 0.1494349347 0.4794741526 -0.0008225483033 0.03830593271 0.251100112 -0.9993136244 -0.01445655854 -0.03410700706 0.00734481465 0.8251077447 -0.5649276621 0.03630886549 -0.5647904192 -0.8244352301 6.844867295e-05 -0.3907758764 0
0.6120961253 0.1265875997 -0.2972522413 -0.006458656229 0.1510685596 0.4787700971 -0.0008418040585 0.03874643734 0.2510088353 -0.9992813367 -0.01495567619 -0.03483013023 0.007601292183 0.8211429639 -0.5706719314 0.03713530099 -0.5705265644 -0.8204391561 7.023476089e-05 -0.395345481 0
0.6191710443 0.1280507637 -0.3006880342 -0.00660582025 0.1526982853 0.4780585066 -0.0008612792829 0.03918668378 0.2509165192 -0.9992479367 -0.01546565417 -0.03555804338 0.007863522653 0.8171389604 -0.5763870959 0.0379700661 -0.5762332278 -0.8164028057 7.204935448e-05 -0.3999150855 0
0.6262459633 0.1295139277 -0.3041238271 -0.006754537983 0.1543240708 0.4773394034 -0.0008809738248 0.03962666912 0.2508231644 -0.9992134004 -0.01598658109 -0.03629062717 0.008131561357 0.8130959646 -0.5820728736 0.0388131177 -0.5819101148 -0.8123263878 7.389270252e-05 -0.4044846901 0
0.6333208822 0.1309770917 -0.30755962 -0.006904804808 0.1559458753 0.4766128098 -0.000900887531 0.04006639045 0.2507287716 -0.9991777032 -0.01651854431 -0.03702776123 0.008405463222 0.8090142086 -0.5877289839 0.03966441221 -0.5875569318 -0.8082101127 7.576505577e-05 -0.4090542946 0
0.6403958012 0.1324402556 -0.3109954129 -0.007056616056 0.1575636578 0.4758787483 -0.0009210202465 0.04050584487 0.2506333417 -0.9991408204 -0.01706163 -0.03776932417 0.008685282799 0.804893927 -0.5933551484 0.04052390565 -0.593173387 -0.8040541934 7.766666688e-05 -0.4136238992 0
0.6474707201 0.1339034196 -0.3144312058 -0.007209967012 0.1591773779 0.4751372419 -0.0009413718144 0.04094502945 0.2505368754 -0.999102727 -0.01761592307 -0.03851519359 0.00897107426 0.8007353565 -0.5989510904 0.0413915536 -0.5987591904 -0.7998588446 7.959779042e-05 -0.4181935037 0
0.6545456391 0.1353665836 -0.3178669987 -0.007364852914 0.160786995 0.4743883134 -0.0009619420763 0.0413839413 0.2504393735 -0.999063398 -0.0181815072 -0.03926524611 0.009262891394 0.796538736 -0.6045165348 0.04226731123 -0.6043140531 -0.7956242829 8.155868281e-05 -0.4227631083 0
0.6607361932 0.1366468521 -0.3208733175 -0.007501633434 0.1621920126 0.4737269308 -0.0009801203272 0.04176776316 0.2503532104 -0.9990279516 -0.01868572033 -0.03992487575 0.009523216313 0.7928356695 -0.6093610666 0.04304021606 -0.6091489514 -0.7918870467 8.329908643e-05 -0.4267615123 0
0.6678111122 0.1381100161 -0.3243091104 -0.007659384361 0.1637938281 0.4729641489 -0.001001100208 0.0422061558 0.2502537689 -0.9989862374 -0.01927269632 -0.04068243557 0.009826475215 0.7885683563 -0.614868594 0.04393105704 -0.6146450282 -0.7875795525 8.531649307e-05 -0.4313311168 0
0.6748860311 0.1395731801 -0.3277449033 -0.007818656283 0.165391425 0.4721940125 -0.001022298317 0.04264426738 0.2501532941 -0.9989432143 -0.01987119688 -0.04144381831 0.01013591227 0.7842636914 -0.6203448441 0.04482987647 -0.6201093435 -0.7832334801 8.736441612e-05 -0.4359007214 0
0.6819609501 0.1410363441 -0.3311806962 -0.007979444258 0.1669847635 0.4714165453 -0.001043714491 0.04308209498 0.2500517867 -0.9988988564 -0.02048130076 -0.04220889682 0.01045157976 0.779921922 -0.6257895494 0.0457366279 -0.6255416149 -0.778849054 8.944311911e-05 -0.4404703259 0
0.689035869 0.1424995081 -0.3346164891 -0.008141743297 0.1685738037 0.4706317717 -0.001065348562 0.04351963571 0.2499492478 -0.9988531376 -0.02110308538 -0.04297754303 0.01077352955 0.7755432969 -0.6312024443 0.04665126449 -0.6309415618 -0.7744265008 9.15528674e-05 -0.4450399305 0
0.696110788 0.1439626721 -0.338052282 -0.008305548366 0.1701585061 0.4698397158 -0.001087200362 0.04395688668 0.249845678 -0.9988060318 -0.02173662689 -0.04374962794 0.01110181313 0.7711280674 -0.6365832651 0.04757373896 -0.6363089051 -0.769966049 9.369392807e-05 -0.449609535 0
0.703185707 0.1454258361 -0.3414880749 -0.008470854384 0.1717388312 0.4690404024 -0.001109269721 0.04439384501 0.2497410782 -0.9987575124 -0.0223820001 -0.04452502164 0.01143648155 0.7666764866 -0.6419317501 0.04850400365 -0.6416433674 -0.7654679292 9.586657002e-05 -0.4541791396 0
0.7102606259 0.146889 -0.3449238678 -0.008637656228 0.1733147396 0.4682338561 -0.001131556467 0.04483050781 0.2496354493 -0.9987075528 -0.02303927851 -0.04530359331 0.01177758548 0.7621888096 -0.6472476396 0.04944201049 -0.6469446732 -0.7609323738 9.807106384e-05 -0.4587487441 0
0.7173355449 0.148352164 -0.3483596607 -0.008805948725 0.1748861922 0.4674201019 -0.001154060427 0.04526687218 0.249528792 -0.9986561264 -0.02370853428 -0.04608521125 0.01212517516 0.7576652936 -0.6525306759 0.05038771101 -0.6522125484 -0.7563596171 0.0001003076819 -0.4633183487 0
0.7244104638 0.149815328 -0.3517954536 -0.00897572666 0.1764531499 0.4665991651 -0.001176781425 0.04570293526 0.2494211074 -0.998603206 -0.02438983821 -0.04686974288 0.01247930044 0.7531061977 -0.6577806032 0.05134105633 -0.6574467208 -0.7517498954 0.0001025766982 -0.4678879532 0
0.7314853828 0.151278492 -0.3552312465 -0.009146984773 0.178015574 0.4657710712 -0.001199719285 0.04613869416 0.2493123962 -0.9985487646 -0.02508325976 -0.04765705475 0.01284001072 0.7485117831 -0.6629971679 0.05230199721 -0.66264692 -0.747103447 0.0001048783886 -0.4724575578 0
0.7385603018 0.152741656 -0.3586670393 -0.009319717758 0.1795734256 0.4649358457 -0.001222873829 0.04657414601 0.2492026594 -0.9984927748 -0.02578886703 -0.04844701256 0.01320735499 0.7438823128 -0.6681801183 0.05327048397 -0.6678128773 -0.7424205119 0.0001072130305 -0.4770271623 0
0.7456352207 0.15420482 -0.3621028322 -0.009493920265 0.1811266663 0.4640935145 -0.001246244876 0.04700928794 0.2490918978 -0.9984352092 -0.02650672674 -0.04923948118 0.01358138184 0.7392180517 -0.6733292048 0.05424646659 -0.6729443256 -0.7377013321 0.0001095809029 -0.4815967669 0
0.7527101397 0.155667984 -0.3655386251 -0.009669586899 0.1826752576 0.4632441038 -0.001269832243 0.04744411706 0.2489801123 -0.9983760401 -0.02723690422 -0.05003432465 0.01396213939 0.7345192669 -0.6784441799 0.05522989461 -0.6780409999 -0.7329461516 0.0001119822867 -0.4861663714 0
0.7597850587 0.157131148 -0.368974418 -0.009846712223 0.1842191614 0.4623876398 -0.001293635749 0.04787863053 0.2488673039 -0.9983152397 -0.02797946343 -0.05083140619 0.01434967536 0.7297862271 -0.6835247981 0.05622071723 -0.6831026368 -0.728155216 0.0001144174642 -0.490735976 0
0.7668599776 0.158594312 -0.3724102109 -0.01002529075 0.1857583395 0.461524149 -0.001317655207 0.04831282546 0.2487534734 -0.99825278 -0.02873446691 -0.05163058821 0.01474403704 0.7250192029 -0.6885708161 0.05721888324 -0.6881289747 -0.7233287728 0.0001168867195 -0.4953055805 0
0.7739348966 0.160057476 -0.3758460038 -0.01020531697 0.1872927541 0.4606536581 -0.00134189043 0.048746699 0.2486386218 -0.9981886329 -0.02950197581 -0.05243173235 0.01514527125 0.720218467 -0.6935819926 0.05822434107 -0.6931197538 -0.7184670716 0.0001193903382 -0.4998751851 0
0.7810098155 0.16152064 -0.3792817967 -0.01038678529 0.1888223674 0.4597761941 -0.001366341231 0.04918024829 0.24852275 -0.9981227701 -0.03028204986 -0.05323469947 0.01555342441 0.7153842938 -0.6985580886 0.05923703876 -0.6980747164 -0.7135703635 0.0001219286076 -0.5044447896 0
0.7880847345 0.1629838039 -0.3827175896 -0.01056969011 0.1903471418 0.4588917842 -0.001391007418 0.04961347048 0.248405859 -0.9980551632 -0.03107474735 -0.05403934967 0.01596854248 0.7105169594 -0.7034988671 0.06025692397 -0.7029936062 -0.7086389015 0.0001245018165 -0.5090143942 0
0.7942752886 0.1642640724 -0.3857239084 -0.01073090576 0.1916773206 0.4581122491 -0.001412766866 0.04999226932 0.248302744 -0.9979945539 -0.03177875757 -0.05474468869 0.01633751998 0.7062310579 -0.7077928922 0.06115517814 -0.7072678442 -0.7042955635 0.0001267822638 -0.5130127982 0
0.8013502076 0.1657272364 -0.3891597013 -0.01091648874 0.1931929215 0.4572148893 -0.001437836385 0.05042487049 0.2481839444 -0.9979235995 -0.03259527617 -0.05555211497 0.01676581957 0.7013022973 -0.7126668191 0.06218839763 -0.7121184142 -0.6992996263 0.0001294217682 -0.5175824027 0
0.8084251265 0.1671904004 -0.3925954942 -0.01110349184 0.1947035765 0.4563106627 -0.001463120734 0.05085713636 0.2480641283 -0.9978508184 -0.03342457783 -0.05636081798 0.01720121372 0.6963411797 -0.7175047594 0.06322865215 -0.7169321858 -0.6942696728 0.0001320970513 -0.5221520073 0
0.8155000455 0.1686535644 -0.3960312871 -0.01129190928 0.1962092485 0.4553995973 -0.001488619717 0.05128906408 0.2479432967 -0.9977761815 -0.03426671525 -0.05717065498 0.01764374664 0.6913479883 -0.7223064843 0.06427588793 -0.7217089103 -0.6892059627 0.0001348084079 -0.5267216118 0
0.8225749644 0.1701167284 -0.39946708 -0.01148173525 0.197709901 0.4544817211 -0.001514333136 0.05172065081 0.2478214506 -0.9976996598 -0.03512173968 -0.05798148255 0.0180934621 0.6863230081 -0.7270717676 0.06533005087 -0.7264483409 -0.6841087578 0.0001375561344 -0.5312912164 0
0.8296498834 0.1715798924 -0.4029028729 -0.01167296388 0.1992054972 0.4535570626 -0.00154026079 0.05215189371 0.2476985909 -0.9976212238 -0.03598970089 -0.05879315658 0.01855040341 0.6812665255 -0.7318003852 0.06639108648 -0.7311502326 -0.6789783214 0.0001403405287 -0.5358608209 0
0.8367248024 0.1730430564 -0.4063386658 -0.01186558926 0.2006960009 0.4526256503 -0.001566402478 0.05258278995 0.2475747186 -0.9975408442 -0.03687064718 -0.05960553228 0.01901461342 0.6761788289 -0.7364921152 0.06745893994 -0.7358143425 -0.6738149187 0.0001431618904 -0.5404304255 0
0.8437997213 0.1745062204 -0.4097744587 -0.01205960545 0.2021813758 0.4516875129 -0.001592757997 0.05301333669 0.2474498348 -0.9974584915 -0.03776462535 -0.06041846422 0.01948613449 0.6710602084 -0.741146738 0.06853355608 -0.7404404296 -0.6686188166 0.0001460205202 -0.54500003 0
0.8508746403 0.1759693844 -0.4132102516 -0.01225500646 0.2036615857 0.4507426795 -0.001619327141 0.0534435311 0.2473239405 -0.9973741359 -0.03867168072 -0.06123180631 0.01996500856 0.6659109555 -0.7457640362 0.06961487935 -0.7450282548 -0.6633902834 0.0001489167207 -0.5495696346 0
0.8579495593 0.1774325483 -0.4166460445 -0.01245178626 0.205136595 0.4497911791 -0.001646109703 0.05387337036 0.2471970366 -0.9972877477 -0.03959185712 -0.06204541185 0.02045127705 0.6607313637 -0.7503437948 0.07070285389 -0.749577581 -0.6581295895 0.0001518507958 -0.5541392391 0
0.8650244782 0.1788957123 -0.4200818374 -0.01264993878 0.2066063678 0.4488330411 -0.001673105477 0.05430285164 0.2470691242 -0.9971992969 -0.04052519684 -0.06285913351 0.02094498096 0.6555217277 -0.7548858008 0.07179742347 -0.7540881732 -0.6528370065 0.0001548230508 -0.5587088437 0
0.8720993972 0.1803588763 -0.4235176303 -0.01284945791 0.2080708686 0.447868295 -0.00170031425 0.05473197213 0.2469402044 -0.9971087535 -0.04147174069 -0.06367282337 0.02144616077 0.6502823443 -0.7593898438 0.07289853154 -0.7585597982 -0.6475128081 0.0001578337926 -0.5632784482 0
0.8791743161 0.1818220403 -0.4269534231 -0.0130503375 0.2095300622 0.4468969707 -0.001727735813 0.05516072899 0.2468102782 -0.9970160873 -0.04243152795 -0.06448633292 0.02195485652 0.6450135115 -0.7638557156 0.07400612118 -0.762992225 -0.6421572693 0.0001608833295 -0.5678480528 0
0.8862492351 0.1832852043 -0.430389216 -0.01325257136 0.2109839134 0.4459190979 -0.001755369951 0.05558911943 0.2466793466 -0.996921268 -0.04340459636 -0.06529951308 0.02247110774 0.639715529 -0.7682832103 0.07512013518 -0.7673852246 -0.636770667 0.0001639719711 -0.5724176573 0
0.8933241541 0.1847483683 -0.4338250089 -0.01345615325 0.2124323872 0.444934707 -0.001783216451 0.05601714063 0.2465474107 -0.9968242653 -0.04439098214 -0.0661122142 0.0229949535 0.6343886981 -0.7726721244 0.07624051597 -0.77173857 -0.6313532793 0.0001671000287 -0.5769872619 0
0.900399073 0.1862115323 -0.4372608018 -0.01366107691 0.2138754488 0.4439438281 -0.001811275094 0.05644478978 0.2464144716 -0.9967250486 -0.04539071997 -0.06692428609 0.02352643237 0.6290333217 -0.7770222566 0.07736720564 -0.7760520361 -0.6259053864 0.0001702678149 -0.5815568664 0
0.907473992 0.1876746963 -0.4406965947 -0.01386733602 0.2153130636 0.4429464919 -0.001839545663 0.05687206408 0.2462805304 -0.9966235873 -0.04640384299 -0.06773557806 0.02406558245 0.6236497039 -0.781333408 0.07850014599 -0.7803254002 -0.6204272697 0.0001734756437 -0.586126471 0
0.9145489109 0.1891378603 -0.4441323876 -0.01407492423 0.2167451973 0.4419427289 -0.001868027939 0.05729896073 0.2461455881 -0.9965198508 -0.04743038276 -0.06854593885 0.02461244133 0.6182381507 -0.7856053823 0.07963927846 -0.7845584413 -0.6149192122 0.0001767238305 -0.5906960755 0
0.9216238299 0.1906010243 -0.4475681805 -0.01428383516 0.2181718156 0.4409325702 -0.001896721699 0.05772547693 0.2460096458 -0.9964138082 -0.04847036933 -0.06935521674 0.02516704614 0.6127989693 -0.7898379853 0.08078454419 -0.7887509407 -0.6093814987 0.0001800126921 -0.5952656801 0
0.927814384 0.1918812928 -0.4505744993 -0.0144677122 0.2194155555 0.4400434592 -0.001922002048 0.05809836432 0.2458898769 -0.996319105 -0.04939141055 -0.07006232692 0.02565870823 0.6080172645 -0.7935090653 0.08179163638 -0.7923859506 -0.604511897 0.0001829240622 -0.5992640841 0
0.934889303 0.1933444567 -0.4540102922 -0.01467908586 0.2208317409 0.4390213923 -0.00195109174 0.05852415965 0.2457520627 -0.9962086551 -0.05045668532 -0.07086916372 0.02622793495 0.6025271135 -0.7976673323 0.08294824223 -0.7965018521 -0.5989193507 0.0001862900479 -0.6038336886 0
0.9419642219 0.1948076207 -0.4574460851 -0.01489176364 0.2222423135 0.4379930195 -0.001980392271 0.0589495665 0.2456132518 -0.9960958101 -0.05153548447 -0.07167447873 0.02680501153 0.5970102257 -0.8017856832 0.08411081034 -0.8005765949 -0.5932979752 0.0001896976271 -0.6084032932 0
0.9490391409 0.1962707847 -0.460881878 -0.01510573901 0.22364724 0.4369583724 -0.002009903413 0.0593745821 0.2454734452 -0.9959805388 -0.05262783193 -0.0724781184 0.02738997317 0.591466914 -0.8058639333 0.08527928066 -0.8046099682 -0.5876480608 0.0001931471219 -0.6129728977 0
0.9561140598 0.1977339487 -0.4643176709 -0.01532100539 0.225046487 0.4359174828 -0.002039624936 0.05979920365 0.245332644 -0.9958628099 -0.05373375005 -0.07327992878 0.02798285454 0.5858974926 -0.8099019002 0.0864535928 -0.8086017637 -0.5819698996 0.000196638856 -0.6175425023 0
0.9631889788 0.1991971127 -0.4677534638 -0.01553755617 0.2264400215 0.4348703826 -0.002069556611 0.0602234284 0.2451908496 -0.9957425921 -0.0548532596 -0.07407975548 0.02858368983 0.580302277 -0.8138994041 0.08763368608 -0.8125517751 -0.5762637849 0.0002001731543 -0.6221121068 0
0.9702638978 0.2006602767 -0.4711892567 -0.01575538469 0.2278278105 0.4338171041 -0.002099698203 0.06064725355 0.2450480629 -0.995619854 -0.05598637974 -0.07487744372 0.02919251272 0.574681584 -0.8178562675 0.08881949952 -0.8164597984 -0.5705300116 0.0002037503431 -0.6266817114 0
0.9773388167 0.2021234407 -0.4746250496 -0.01597448427 0.2292098213 0.4327576797 -0.002130049479 0.06107067634 0.2449042851 -0.9954945641 -0.05713312804 -0.07567283832 0.02980935636 0.5690357318 -0.8217723153 0.09001097184 -0.8203256314 -0.5647688761 0.0002073707501 -0.6312513159 0
