0.007759331256 0.001621312266 -0.001317224074 -1.06932205e-06 0.00197861911 0.5099948824 -1.346737193e-07 0.0004929279138 0.2549993645 -1 -3.182973869e-08 -6.227365213e-06 1.624930003e-08 0.9999701968 -0.007720454551 6.227425358e-06 -0.007720454551 -0.9999701968 2.745117195e-08 -0.001751908018 0
0.01451866251 0.003033674532 -0.002464688148 -3.743775039e-06 0.003702191068 0.5099820829 -4.740463566e-07 0.0009240034709 0.254997763 -0.9999999998 -2.09642262e-07 -2.180180868e-05 1.05318617e-07 0.9998956577 -0.01444554481 2.180256223e-05 -0.01444554481 -0.9998956574 4.626091658e-08 -0.003278035237 0
0.02224361252 0.004647802836 -0.003776075661 -8.787406769e-06 0.005671877116 0.5099579449 -1.116743732e-06 0.001417379709 0.2549947297 -0.9999999987 -7.546148933e-07 -5.117041803e-05 3.779973022e-07 0.9997550903 -0.02213050872 5.117458591e-05 -0.02213050871 -0.999755089 2.893820589e-08 -0.005022180629 0
0.02900294377 0.006060165102 -0.004923539735 -1.493916759e-05 0.00739520962 0.5099285036 -1.901806228e-06 0.001849151361 0.2549910244 -0.9999999962 -1.673150335e-06 -8.69870696e-05 8.374493675e-07 0.9995836439 -0.02885374901 8.699912867e-05 -0.02885374897 -0.9995836401 1.500347735e-08 -0.006548307848 0
0.03576227503 0.007472527368 -0.006071003809 -2.271342328e-05 0.009118365815 0.5098912973 -2.894442616e-06 0.00228086646 0.2549863394 -0.9999999913 -3.137016807e-06 -0.0001322431139 1.569600702e-06 0.999366987 -0.03557562722 0.0001322710036 -0.03557562712 -0.9993669783 7.966851279e-08 -0.008074435066 0
0.04348722504 0.009086655672 -0.007382391322 -3.358472791e-05 0.0110874186 0.5098392691 -4.28287484e-06 0.002774171437 0.2549797863 -0.9999999809 -5.640655733e-06 -0.0001955146938 2.821748505e-06 0.9990640342 -0.04325569889 0.0001955756893 -0.04325569861 -0.9990640151 1.762332418e-07 -0.009818580459 0
0.05024655629 0.01049901794 -0.008529855396 -4.483494985e-05 0.01281005867 0.5097854274 -5.719910346e-06 0.003205747384 0.2549730038 -0.9999999659 -8.700614007e-06 -0.0002609753565 4.352132699e-06 0.9987505396 -0.04997359007 0.000261084079 -0.04997358951 -0.9987505055 2.789776784e-07 -0.01134470768 0
0.05700588755 0.0119113802 -0.00967731947 -5.770681139e-05 0.01453239335 0.5097238248 -7.364246002e-06 0.00363726966 0.2549652429 -0.9999999435 -1.270476792e-05 -0.0003358514507 6.354787221e-06 0.9983918787 -0.05668912233 0.000336031583 -0.05668912127 -0.9983918222 3.980572239e-07 -0.0128708349 0
0.06473083756 0.01352550851 -0.01098870698 -7.44027169e-05 0.01650034923 0.509643921 -9.497284913e-06 0.004130379098 0.2549551754 -0.9999999061 -1.859967576e-05 -0.0004329399392 9.303214603e-06 0.9979266994 -0.06436072132 0.0004332394131 -0.0643607193 -0.9979266056 5.537081777e-07 -0.01461498029 0
0.07149016881 0.01493787077 -0.01213617106 -9.074822092e-05 0.01822189128 0.5095656941 -1.158574036e-05 0.00456180199 0.2549453183 -0.9999998603 -2.50537395e-05 -0.0005279555625 1.253148649e-05 0.997471321 -0.07107013173 0.000528401105 -0.07107012842 -0.9974711814 7.068054861e-07 -0.01614110751 0
0.07824950007 0.01635023304 -0.01328363513 -0.0001087140511 0.01994299895 0.5094797126 -1.388141668e-05 0.00499318195 0.2549344832 -0.9999997995 -3.2849946e-05 -0.0006323498342 1.643132429e-05 0.9969708443 -0.07777618769 0.0006329892917 -0.07777618249 -0.9969706439 8.755694204e-07 -0.01766723473 0
0.08597445008 0.01796436134 -0.01459502264 -0.0001312298397 0.02190939465 0.5093719558 -1.675876016e-05 0.005486135672 0.2549209028 -0.9999997079 -4.356542996e-05 -0.0007631231163 2.179185229e-05 0.9963436827 -0.08543573829 0.0007640549408 -0.08543572996 -0.9963433907 1.087556664e-06 -0.01941138012 0
0.09273378133 0.01937672361 -0.01574248672 -0.0001526660072 0.02362943344 0.5092693658 -1.94984116e-05 0.005917424375 0.2549079723 -0.9999996046 -5.466298344e-05 -0.0008875643825 2.734397708e-05 0.9957466595 -0.092133541 0.0008888255632 -0.09213352885 -0.9957462643 1.289742481e-06 -0.02093750734 0
0.09949311259 0.02078908588 -0.01688995079 -0.0001757207296 0.025348909 0.5091590298 -2.244521803e-05 0.006348669404 0.254894064 -0.9999994762 -6.749932233e-05 -0.001021334722 3.376657167e-05 0.9951046296 -0.09882699561 0.001023005666 -0.09882697833 -0.995104106 1.507505914e-06 -0.02246363455 0
0.1072180626 0.02240321418 -0.01820133831 -0.0002040500395 0.02731328171 0.5090234504 -2.606662704e-05 0.006841465714 0.2548769718 -0.9999992936 -8.446000436e-05 -0.00118561474 4.225361443e-05 0.9943158148 -0.1064709289 0.001187868021 -0.1064709038 -0.9943151088 1.775462383e-06 -0.02420777995 0
0.1139773939 0.02381557645 -0.01934880238 -0.0002305708138 0.02903141246 0.5088965264 -2.945725974e-05 0.007272612431 0.2548609688 -0.999999098 -0.0001014459184 -0.001339312171 5.075420192e-05 0.99357746 -0.1131540035 0.001342189397 -0.1131539694 -0.9935765586 2.026641154e-06 -0.02573390717 0
0.1207367251 0.02522793871 -0.02049626645 -0.0002587079146 0.03074885131 0.5087618669 -3.305497266e-05 0.007703710524 0.2548439885 -0.9999988643 -0.00012056557 -0.001502276351 6.03236554e-05 0.9927942137 -0.1198317387 0.00150589885 -0.1198316933 -0.9927930789 2.293446691e-06 -0.02726003438 0
0.1284616751 0.02684206701 -0.02180765397 -0.000292842742 0.03271073889 0.5085985033 -3.742017823e-05 0.008196331968 0.2548233858 -0.9999985447 -0.0001451900006 -0.00169983925 7.264980351e-05 0.9918441595 -0.1274564944 0.001704481041 -0.1274564324 -0.9918427056 2.617539135e-06 -0.02900417978 0
0.1352210064 0.02825442928 -0.02295511804 -0.0003244406304 0.03442655742 0.508447281 -4.146154368e-05 0.00862731903 0.2548043116 -0.9999982136 -0.0001693034207 -0.001882583349 8.472174386e-05 0.9909648605 -0.1341217287 0.001888281213 -0.1341216486 -0.9909630759 2.917932761e-06 -0.03053030699 0
0.1419803376 0.02966679155 -0.02410258212 -0.0003576521606 0.0361415556 0.5082883362 -4.570990154e-05 0.009058250857 0.2547842604 -0.999997829 -0.0001959434556 -0.002074519173 9.8060323e-05 0.9900408088 -0.1407806354 0.002081443684 -0.1407805332 -0.9900386402 3.234057177e-06 -0.03205643421 0
0.1497052876 0.03128091985 -0.02541396963 -0.0003975828623 0.03810049666 0.5080972344 -5.081858809e-05 0.009550673805 0.2547601488 -0.9999973169 -0.0002296427322 -0.002305095491 0.0001149359281 0.9889300136 -0.1483826641 0.002313653115 -0.1483825309 -0.9889273338 3.614656536e-06 -0.03380057961 0
0.1564646189 0.03269328212 -0.0265614337 -0.0004342489388 0.03981359953 0.5079217567 -5.551039525e-05 0.009981479509 0.2547380047 -0.9999967989 -0.0002621158715 -0.002516636915 0.0001312000286 0.9879102316 -0.1550269559 0.002526846383 -0.1550267898 -0.9879070348 3.964630044e-06 -0.03532670682 0
0.1632239501 0.03410564438 -0.02770889778 -0.0004725255167 0.04152575386 0.5077385713 -6.040909286e-05 0.01041222262 0.2547148843 -0.9999962094 -0.0002975060447 -0.002737282405 0.000148927802 0.9868458592 -0.1616639354 0.002749371805 -0.1616637302 -0.9868420741 4.330471453e-06 -0.03685283404 0
0.1709489002 0.03571977269 -0.02902028529 -0.0005182408136 0.04348128794 0.5075197855 -6.626089405e-05 0.01090442072 0.2546872655 -0.9999954399 -0.0003416824357 -0.003000557293 0.0001710605625 0.9855749056 -0.1692397002 0.003015100204 -0.1692394418 -0.9855703529 4.76806928e-06 -0.03859697944 0
0.1777082314 0.03713213495 -0.03016774936 -0.0005599647214 0.04519127256 0.5073201018 -7.160280694e-05 0.01133502151 0.2546620533 -0.9999946756 -0.0003837393729 -0.003240607062 0.0001921351858 0.9844151756 -0.175859959 0.00325758716 -0.1758596453 -0.9844098604 5.168082317e-06 -0.04012310665 0
0.1844675627 0.03854449722 -0.03131521344 -0.0006032955361 0.04690018073 0.5071127278 -7.715149379e-05 0.01176555199 0.2546358652 -0.9999938191 -0.0004291009237 -0.003489660674 0.0002148696627 0.9832110406 -0.1824719249 0.003509371774 -0.1824715469 -0.9832048713 5.584126257e-06 -0.04164923387 0
0.1921925127 0.04015862552 -0.03262660095 -0.0006547825167 0.04885184844 0.5068663196 -8.374599124e-05 0.01225749753 0.2546047412 -0.9999927181 -0.0004851464995 -0.003785274159 0.0002429642114 0.9817805952 -0.1900179039 0.003808495238 -0.1900174399 -0.9817733282 6.079307659e-06 -0.04339337926 0
0.1989518439 0.04157098779 -0.03377406502 -0.0007015524724 0.05055831319 0.5066424864 -8.973762811e-05 0.01268786892 0.2545764627 -0.9999916398 -0.0005380019831 -0.004053503894 0.0002694649151 0.9804815253 -0.1966110526 0.004080162817 -0.1966105012 -0.9804731833 6.529897627e-06 -0.04491950648 0
0.2057111752 0.04298335005 -0.0349215291 -0.0007499252869 0.05226357394 0.5064109821 -9.593590783e-05 0.01311816209 0.2545472089 -0.9999904461 -0.0005945464418 -0.00433062477 0.0002978206851 0.9791382592 -0.2031949325 0.004361089223 -0.2031942809 -0.9791287275 6.996704529e-06 -0.0464456337 0
0.2134361252 0.04459747836 -0.03623291661 -0.0008071694119 0.05421091711 0.5061370212 -0.0001032726306 0.01360982668 0.2545125821 -0.9999889303 -0.0006638417135 -0.004658172055 0.0003325781786 0.977549072 -0.2107076202 0.004693468278 -0.2107068369 -0.9775380301 7.550137512e-06 -0.04818977909 0
0.2201954564 0.04600984062 -0.03738038069 -0.0008589722089 0.05591346148 0.5058891017 -0.0001099135637 0.01403994367 0.2544812393 -0.9999874623 -0.0007286999732 -0.004954214254 0.0003651173564 0.9761113432 -0.217270597 0.004994189808 -0.2172696817 -0.976098839 8.051912517e-06 -0.04971590631 0
0.2279204065 0.04762396893 -0.0386917682 -0.0009201324913 0.0578575941 0.5055963987 -0.0001177560522 0.01453140021 0.2544442256 -0.9999856112 -0.0008078140776 -0.005303279679 0.0004048177986 0.9744143956 -0.2247585856 0.005349155212 -0.2247574985 -0.9744000479 8.645485532e-06 -0.05146005171 0
0.2346797377 0.04903633119 -0.03983923227 -0.0009753584717 0.05955723647 0.5053320963 -0.0001248394183 0.01496132928 0.2544107949 -0.99998383 -0.0008815405414 -0.005618054303 0.0004418234422 0.9728825544 -0.2312992437 0.005669606682 -0.2312979858 -0.9728664334 9.182542595e-06 -0.05298617892 0
0.241439069 0.05044869346 -0.04098669635 -0.001032179485 0.06125546118 0.5050601604 -0.0001321291736 0.0153911666 0.2543763901 -0.9999818887 -0.0009595941076 -0.005941502642 0.0004810099675 0.9713069204 -0.2378290036 0.005999241944 -0.2378275541 -0.9712888672 9.736177892e-06 -0.05451230614 0
0.249164019 0.05206282176 -0.04229808386 -0.001099068802 0.06319450183 0.5047400392 -0.0001407129765 0.01588229362 0.254335878 -0.999979462 -0.00105424987 -0.006321720934 0.0005285436037 0.9694526794 -0.2452778485 0.006387193438 -0.2452761523 -0.9694322116 1.038930008e-05 -0.05625645153 0
0.2559233502 0.05347518403 -0.04344554793 -0.001159302216 0.06488955308 0.5044517721 -0.0001484448153 0.01631192568 0.254299387 -0.9999771459 -0.00114197742 -0.006663602575 0.0005726095354 0.9677834883 -0.2517832241 0.006736455302 -0.2517812854 -0.9677607165 1.097871521e-05 -0.05778257875 0
0.2626826815 0.0548875463 -0.04459301201 -0.001221125406 0.0665830602 0.5041558966 -0.0001563828728 0.01674145789 0.2542619228 -0.9999746396 -0.001234405953 -0.00701401225 0.0006190484065 0.9660707749 -0.2582767406 0.007094850596 -0.2582745326 -0.9660455108 1.158495107e-05 -0.05930870597 0
0.2704076315 0.0565016746 -0.04590439952 -0.001293724878 0.06851655466 0.5038084476 -0.0001657073777 0.01723222627 0.2542179152 -0.9999715295 -0.001345946234 -0.007424860164 0.0006751050612 0.9640602122 -0.2656829906 0.007515607286 -0.265680439 -0.9640318563 1.229849334e-05 -0.06105285136 0
0.2771669627 0.05791403687 -0.0470518636 -0.001358948725 0.07020661785 0.5034962971 -0.0001740871375 0.01766153582 0.2541783666 -0.9999685816 -0.001448845089 -0.007793377991 0.0007268334353 0.9622545457 -0.2721500708 0.007893516692 -0.2721471848 -0.9622232601 1.294105022e-05 -0.06257897858 0
0.283926294 0.05932639913 -0.04819932767 -0.001425756646 0.07189501094 0.5031765655 -0.000182672931 0.01809073738 0.2541378457 -0.9999654109 -0.001556814214 -0.008170266087 0.0007811254235 0.9604056501 -0.2786043378 0.008280504906 -0.2786010831 -0.9603712145 1.360069037e-05 -0.0641051058 0
0.291651244 0.06094052744 -0.04951071518 -0.001504045786 0.07382250675 0.5028018866 -0.0001927374727 0.01858111791 0.2540903459 -0.9999615008 -0.001686565391 -0.008611176974 0.0008463899533 0.9582398191 -0.2859645656 0.008733870605 -0.2859608446 -0.9582015001 1.437559564e-05 -0.06584925119 0
0.2984105753 0.0623528897 -0.05065817926 -0.001574241664 0.07550718651 0.5024659408 -0.0002017645559 0.01901007936 0.2540477426 -0.9999578163 -0.001805790948 -0.009005822316 0.0009063784583 0.956298623 -0.2923903591 0.009140251343 -0.2923861877 -0.956256646 1.507214052e-05 -0.06737537841 0
0.3051699065 0.06376525197 -0.05180564333 -0.001646015465 0.07719007073 0.5021224433 -0.0002109974728 0.01943892469 0.254004168 -0.9999538741 -0.00193045111 -0.009408668207 0.0009691197581 0.9543145137 -0.2988023923 0.009555652035 -0.2987977279 -0.9542686243 1.578605084e-05 -0.06890150563 0
0.3128948565 0.06537938027 -0.05311703084 -0.001729972185 0.07911111729 0.5017206404 -0.0002218013335 0.0199288881 0.2539531795 -0.9999490384 -0.002079721758 -0.009879032488 0.001044271654 0.9519945486 -0.3061131964 0.01004141535 -0.3061079128 -0.9519438616 1.662333262e-05 -0.07064565102 0
0.3196541878 0.06679174254 -0.05426449492 -0.001805120291 0.08079001995 0.5013609941 -0.0002314750962 0.02035747585 0.2539075247 -0.9999445048 -0.002216413456 -0.01029925926 0.001113113165 0.9499188395 -0.3124947349 0.01047607793 -0.3124888572 -0.9498636565 1.73747731e-05 -0.07217177824 0
0.326413519 0.0682041048 -0.05541195899 -0.001881839727 0.08246700217 0.5009938276 -0.0002413544781 0.02078593931 0.2538608995 -0.9999396763 -0.002358898775 -0.01072750504 0.001184895048 0.9478005554 -0.3188615737 0.01091969741 -0.3188550497 -0.9477405855 1.814388048e-05 -0.07369790546 0
0.334138469 0.06981823311 -0.05672334651 -0.001971440349 0.08438115092 0.5005650139 -0.0002528968872 0.02127545634 0.253806426 -0.9999337809 -0.002528978376 -0.01122667071 0.001270608039 0.9453276707 -0.32611958 0.01143763184 -0.3261122494 -0.9452618586 1.904462154e-05 -0.07544205085 0
0.3408978003 0.07123059537 -0.05787081058 -0.002051519489 0.08605388461 0.5001817684 -0.0002632166395 0.02170364475 0.253757723 -0.9999282782 -0.002684258559 -0.01167189585 0.001348890273 0.9431185353 -0.3324539198 0.0119003736 -0.3324458198 -0.9430472724 1.985192545e-05 -0.07696817807 0
0.3476571316 0.07264295764 -0.05901827465 -0.002133162926 0.08772457358 0.4997910365 -0.0002737417818 0.02213170073 0.2537080507 -0.9999224409 -0.002845685706 -0.01212494683 0.001430298743 0.9408671852 -0.3387726288 0.01237200502 -0.3387636962 -0.9407901422 2.067721665e-05 -0.07849430529 0
0.3553820816 0.07425708594 -0.06032966217 -0.002228382184 0.08963137811 0.4993353329 -0.0002860219162 0.02262074207 0.2536500962 -0.9999153428 -0.003037843365 -0.01265222001 0.001527240407 0.9382426753 -0.345974493 0.01292186906 -0.3459645268 -0.9381586068 2.164256775e-05 -0.08023845068 0
0.3621414128 0.07566944821 -0.06147712624 -0.00231336978 0.0912975529 0.4989285964 -0.0002969869221 0.02304850553 0.2535983485 -0.9999087436 -0.003212816167 -0.01312182399 0.001615545582 0.9359012696 -0.3522587169 0.01341247423 -0.3522477699 -0.9358106721 2.250676202e-05 -0.0817645779 0
0.3689007441 0.07708181047 -0.06262459031 -0.0023999142 0.09296155933 0.4985144092 -0.0003081570742 0.0234761284 0.2535456328 -0.9999017675 -0.003394283252 -0.01359904912 0.001707161035 0.9335180314 -0.3585263876 0.01391189768 -0.3585143844 -0.9334205351 2.338928256e-05 -0.08329070512 0
0.3766256941 0.07869593878 -0.06393597783 -0.002500725252 0.09486057554 0.4980319442 -0.0003211740582 0.02396466479 0.2534842016 -0.9998933156 -0.003609766428 -0.01415369462 0.001815992409 0.9307432694 -0.3656687964 0.01449343495 -0.3656554883 -0.9306374183 2.442046116e-05 -0.08503485051 0
0.3833850253 0.08010830104 -0.0650834419 -0.00259059735 0.09651980355 0.4976018313 -0.0003327835358 0.02439197768 0.253429413 -0.9998854848 -0.00380551667 -0.01464702197 0.001914896904 0.9282708182 -0.3719000152 0.01501167477 -0.3718854745 -0.9281572299 2.534263074e-05 -0.08656097773 0
0.3901443566 0.08152066331 -0.06623090598 -0.002682018362 0.09817674024 0.4971643055 -0.0003445979011 0.02481914184 0.2533736578 -0.9998772328 -0.004008102139 -0.01514775444 0.002017293792 0.9257569386 -0.3781137675 0.01553865738 -0.378097905 -0.9256352005 2.628348377e-05 -0.08808710495 0
0.3978693066 0.08313479161 -0.06754229349 -0.002788392801 0.1000675265 0.4966552151 -0.0003583508065 0.025307144 0.2533087543 -0.9998672672 -0.004248135395 -0.01572899639 0.002138668989 0.9228333756 -0.3851934411 0.01615159672 -0.3851759524 -0.9227017999 2.738177278e-05 -0.08983125034 0
0.4046286379 0.08454715388 -0.06868975756 -0.002883124077 0.101719422 0.496201847 -0.000370603928 0.02573398073 0.2532509289 -0.9998580628 -0.004465727496 -0.01624535619 0.002248743012 0.9202311718 -0.391368795 0.01669722956 -0.3913497768 -0.9200905144 2.836305946e-05 -0.09135737756 0
0.4123535879 0.08616128218 -0.07000114508 -0.002993274646 0.103604345 0.4956746846 -0.0003848580389 0.0262216019 0.2531836606 -0.9998469694 -0.004723189228 -0.01684426669 0.002379042121 0.9172070251 -0.3984038319 0.01733141643 -0.3983829371 -0.9170554277 2.950787406e-05 -0.09310152295 0
0.4191129191 0.08757364445 -0.07114860915 -0.003091303782 0.1052510211 0.4952055335 -0.0003975495105 0.02664809932 0.2531237671 -0.9998367431 -0.004956272822 -0.01737591644 0.002497055338 0.9145171294 -0.4045394724 0.01789558122 -0.4045168172 -0.9143554521 3.053015113e-05 -0.09462765017 0
0.4258722504 0.08898600672 -0.07229607322 -0.003190867552 0.1068952008 0.4947290378 -0.0004104454023 0.02707443432 0.2530629091 -0.9998260156 -0.005196749724 -0.01791458297 0.002618862593 0.9117865331 -0.410656133 0.01846835265 -0.4106316011 -0.9116142869 3.157175248e-05 -0.09615377739 0
0.4335972004 0.09060013502 -0.07360746074 -0.00330653022 0.1087711568 0.4941754955 -0.0004254337553 0.02756147213 0.2529921768 -0.9998131215 -0.005480765996 -0.01853869508 0.00276278896 0.9086161997 -0.4176229983 0.0191334526 -0.417596172 -0.9084312567 3.27859791e-05 -0.09789792278 0
0.4403565316 0.09201249729 -0.07475492481 -0.003409372882 0.1104098571 0.4936833076 -0.0004387673752 0.0279874504 0.2529292537 -0.9998012663 -0.005737432633 -0.01909213707 0.002892915857 0.9057988771 -0.4236980356 0.01972457526 -0.4236690645 -0.9056022664 3.386941872e-05 -0.09942405 0
0.4471158629 0.09342485955 -0.07590238889 -0.003513741112 0.1120459399 0.4931838186 -0.0004523051179 0.02841325814 0.2528653676 -0.9997888594 -0.006001814745 -0.01965235036 0.00302701322 0.902941315 -0.429753207 0.02032421821 -0.4297219565 -0.9027324998 3.497258689e-05 -0.1009501772 0
0.4548408129 0.09503898786 -0.0772137764 -0.003634883315 0.1139124946 0.4926040521 -0.0004680266446 0.02889968342 0.2527911764 -0.9997739832 -0.006313542686 -0.02030078239 0.003185200527 0.8996264508 -0.4366487186 0.02101992113 -0.4366146907 -0.8994030102 3.625767755e-05 -0.1026943226 0
0.4616001442 0.09645135012 -0.07836124047 -0.003742510552 0.1155428397 0.492088966 -0.0004820014623 0.02932511704 0.2527252283 -0.9997603379 -0.006594796815 -0.02087523368 0.003327993138 0.8966831728 -0.4426603801 0.02163772603 -0.4426237639 -0.8964463244 3.740356846e-05 -0.1042204498 0
0.4683594754 0.09786371239 -0.07950870455 -0.003851653864 0.1171704472 0.4915666242 -0.0004961800907 0.02975037201 0.2526583188 -0.9997460882 -0.006884080976 -0.02145620017 0.00347493033 0.8937001371 -0.4486513009 0.02226396091 -0.4486119418 -0.8934492944 3.856960906e-05 -0.105746577 0
0.4760844254 0.09947784069 -0.08082009206 -0.00397824151 0.119027169 0.4909607968 -0.0005126336702 0.03023615563 0.2525806741 -0.9997290406 -0.007224650375 -0.02212803226 0.003648003962 0.8902424731 -0.4554723167 0.02298994241 -0.4554296253 -0.8899748979 3.992707643e-05 -0.1074907224 0
0.4828437567 0.100890203 -0.08196755613 -0.004090623035 0.1206487823 0.4904229575 -0.0005272486895 0.03066101912 0.2525117059 -0.9997134374 -0.007531472176 -0.02272267677 0.00380400695 0.887174776 -0.4614178651 0.02363414148 -0.4613720773 -0.8868918951 4.113676004e-05 -0.1090168497 0
0.4896030879 0.1023025652 -0.08311502021 -0.004204510722 0.1222675387 0.4898779099 -0.000542067193 0.03108569586 0.2524417779 -0.9996971749 -0.007846630629 -0.02332356996 0.003964326224 0.8840678238 -0.4673418096 0.0242866763 -0.467292749 -0.8837689993 4.236703102e-05 -0.1105429769 0
0.4973280379 0.1039166935 -0.08442640772 -0.004336508196 0.1241139993 0.4892461919 -0.0005592516526 0.03157080874 0.2523606854 -0.9996777589 -0.008217142778 -0.02401784492 0.004152902904 0.8804691643 -0.4740852287 0.02504259786 -0.4740322028 -0.880151316 4.379844711e-05 -0.1122871223 0
0.5040873692 0.1053290558 -0.0855738718 -0.004453612399 0.1257265068 0.4886857507 -0.0005745058317 0.03199507665 0.2522887022 -0.9996600232 -0.008550487149 -0.02463183409 0.004322653248 0.877278649 -0.4799619638 0.02571289074 -0.4799052627 -0.8769434338 4.507331637e-05 -0.1138132495 0
0.5108467005 0.1067414181 -0.08672133587 -0.004572212429 0.127336039 0.4881181506 -0.000589963154 0.03241914974 0.2522157607 -0.9996415712 -0.008892466544 -0.02525179526 0.004496889073 0.8740494011 -0.4858162435 0.02639142122 -0.4857556675 -0.8736961282 4.636922684e-05 -0.1153393767 0
0.5185716505 0.1083555464 -0.08803272338 -0.004709582615 0.1291718132 0.4874607197 -0.0006078772688 0.03290356285 0.2521312264 -0.9996195825 -0.009293993094 -0.02596751931 0.004701576509 0.8703116231 -0.4924790085 0.02717693038 -0.4924137491 -0.8699368449 4.78762217e-05 -0.1170835221 0
0.5253309817 0.1097679086 -0.08918018746 -0.00483137657 0.1307748438 0.4868778341 -0.0006237695205 0.03332720981 0.2520562334 -0.9995995331 -0.00965478867 -0.02659997284 0.004885603192 0.8669999534 -0.498284268 0.02787300452 -0.4982146785 -0.8666055791 4.921771996e-05 -0.1186096493 0
0.532090313 0.1111802709 -0.09032765153 -0.004954655603 0.1323747818 0.4862878411 -0.0006398645599 0.03375065387 0.2519802839 -0.9995787085 -0.01002450908 -0.02723811174 0.005074281944 0.8636500935 -0.5040662334 0.02857721429 -0.5039920885 -0.8632353779 5.058072906e-05 -0.1201357765 0
0.539815263 0.1127943992 -0.09163903904 -0.005097359888 0.1341994477 0.4856048821 -0.0006585070532 0.03423433821 0.2518923139 -0.9995539352 -0.01045809093 -0.02797425536 0.005295678474 0.8597751456 -0.5106453317 0.02939194479 -0.5105656935 -0.8593362475 5.216498948e-05 -0.1218799219 0
0.5465745942 0.1142067615 -0.09278650312 -0.005223809366 0.1357926334 0.4849997159 -0.0006750362448 0.03465733887 0.2518143166 -0.9995313847 -0.0108472391 -0.02862426195 0.00549450218 0.8563440474 -0.5163764934 0.03011347562 -0.5162917875 -0.8558831513 5.357460935e-05 -0.1234060491 0
0.5533339255 0.1156191237 -0.09393396719 -0.00535173276 0.1373826099 0.4843874958 -0.0006917678544 0.03508012858 0.2517353646 -0.9995079981 -0.01124559305 -0.02927965756 0.005698141838 0.8528753212 -0.5220835351 0.03084303632 -0.5219935087 -0.852391626 5.500622514e-05 -0.1249321764 0
0.5610588755 0.117233252 -0.0952453547 -0.00549973105 0.1391957491 0.4836792005 -0.0007111373976 0.03556305523 0.2516439654 -0.9994802213 -0.01171223926 -0.03003515637 0.005936836089 0.8488652222 -0.5285760006 0.03168660827 -0.5284795719 -0.8483544666 5.666949336e-05 -0.1266763218 0
0.5678182068 0.1186456143 -0.09639281878 -0.005630800532 0.1407787248 0.4830519238 -0.0007283023513 0.03598538429 0.2515629696 -0.9994549761 -0.01213061325 -0.03070177445 0.006150968902 0.8453164829 -0.5342304834 0.03243325938 -0.5341281606 -0.8447811502 5.814877559e-05 -0.128202449 0
0.574577538 0.1200579766 -0.09754028285 -0.005763332358 0.1423583759 0.4824176484 -0.0007456693387 0.03640749436 0.2514810209 -0.9994288319 -0.01255846479 -0.03137347575 0.00637007875 0.8417306968 -0.5398600338 0.03318783083 -0.5397515345 -0.8411699287 5.965055389e-05 -0.1297285762 0
0.582302488 0.1216721049 -0.09885167037 -0.005916583093 0.1441595736 0.4816842159 -0.0007657645516 0.03688963446 0.2513861992 -0.9993978257 -0.0130591515 -0.03214723139 0.006626649297 0.8375875348 -0.5462629487 0.0340598509 -0.5461470316 -0.8369966227 6.139462634e-05 -0.1314727216 0
0.5890618193 0.1230844671 -0.09999913444 -0.006052235776 0.1457319775 0.4810350047 -0.0007835640443 0.03731126668 0.2513022107 -0.9993696861 -0.0135075954 -0.03282948994 0.006856594403 0.8339230016 -0.551838214 0.03483127412 -0.5517154812 -0.8333047523 6.294515873e-05 -0.1329988488 0
0.5967867693 0.1246985954 -0.101310522 -0.00620904315 0.1475247973 0.4802845506 -0.0008041532142 0.03779285396 0.2512050596 -0.9993363451 -0.01403203386 -0.0336150467 0.007125679748 0.8296903468 -0.5581784241 0.0357224583 -0.5580475163 -0.8290397309 6.474538213e-05 -0.1347429942 0
0.6035461005 0.1261109577 -0.102457986 -0.006347798994 0.1490897875 0.4796204882 -0.0008223846228 0.03821399662 0.2511190342 -0.9993061145 -0.01450144859 -0.03430739777 0.007366689769 0.8259479528 -0.5636982447 0.03651056607 -0.5635598346 -0.8252680118 6.634542812e-05 -0.1362691214 0
0.6103054318 0.12752332 -0.1036054501 -0.006487996812 0.1506512611 0.4789495247 -0.0008408173864 0.03863490682 0.2510320592 -0.9992748749 -0.01498077649 -0.03500429714 0.007612941172 0.8221695323 -0.5691917983 0.03730640172 -0.5690455486 -0.8214593088 6.796884439e-05 -0.1377952486 0
0.6180303818 0.1291374483 -0.1049168376 -0.006649983462 0.1524314503 0.4781742835 -0.0008621297884 0.03911565913 0.2509314973 -0.9992379095 -0.01554082005 -0.03580618942 0.00790085228 0.8178074786 -0.5754376635 0.03822534267 -0.5752820273 -0.8170614495 6.985301204e-05 -0.139539394 0
0.6247897131 0.1305498105 -0.1060643017 -0.006793257764 0.1539852675 0.4774885965 -0.0008809935774 0.03953606262 0.2508424898 -0.9992044354 -0.01604165618 -0.03651248373 0.008158500006 0.8139525304 -0.5808740975 0.03903761108 -0.5807098617 -0.8131741028 7.152708162e-05 -0.1410655212 0
0.6315490443 0.1319621728 -0.1072117658 -0.006937961393 0.1555354557 0.476796069 -0.0009000582986 0.03995622566 0.2507525347 -0.9991698846 -0.01655265128 -0.03722299646 0.008421542239 0.810062187 -0.5862834902 0.03985748808 -0.5861102823 -0.809250343 7.32250604e-05 -0.1425916485 0
0.6392739943 0.1335763011 -0.1085231533 -0.007105081893 0.1573026098 0.475996258 -0.0009220924145 0.0404361143 0.2506485696 -0.9991290512 -0.01714918277 -0.03804003943 0.008728829101 0.8055730016 -0.5924322296 0.04080375733 -0.5922482965 -0.8047216964 7.519510793e-05 -0.1443357939 0
0.6460333256 0.1349886634 -0.1096706173 -0.007252834482 0.1588449015 0.4752891386 -0.00094158724 0.04085575353 0.2505565864 -0.9990921187 -0.01768220193 -0.03875923106 0.009003592448 0.8016075024 -0.5977828597 0.04163980765 -0.5975891162 -0.8007205347 7.694490973e-05 -0.1458619211 0
0.6527926568 0.1364010256 -0.1108180814 -0.007402003356 0.1603834526 0.4745752412 -0.0009612825608 0.04127514434 0.2504636578 -0.9990540399 -0.01822561566 -0.03948230275 0.009283900297 0.7976072572 -0.6031056893 0.0424833437 -0.6029017252 -0.7966835478 7.871917349e-05 -0.1473880483 0
0.6605176068 0.1380151539 -0.1121294689 -0.007574210867 0.1621371711 0.4737510846 -0.000984036821 0.04175414068 0.250356297 -0.9990090887 -0.01885948128 -0.04031328113 0.009611101657 0.7929932718 -0.6091545761 0.04345650003 -0.608938413 -0.7920262255 8.077708625e-05 -0.1491321937 0
0.6672769381 0.1394275162 -0.113276933 -0.007726400339 0.1636675881 0.4730227311 -0.001004161294 0.04217299062 0.2502613449 -0.9989684775 -0.0194254128 -0.04104429783 0.00990344861 0.7889192809 -0.6144170326 0.04431594242 -0.6141897276 -0.7879131143 8.260437205e-05 -0.1506583209 0
0.6740362693 0.1408398785 -0.1144243971 -0.007879992666 0.1651941542 0.4722876637 -0.001024485812 0.04259158419 0.2501654496 -0.9989266486 -0.02000196402 -0.04177884804 0.01020148684 0.7848112106 -0.6196509448 0.04518274421 -0.6194120479 -0.7837647826 8.445668609e-05 -0.1521844481 0
0.6817612194 0.1424540068 -0.1157357846 -0.008057238949 0.166934041 0.4714393924 -0.001047958596 0.04306965967 0.250054701 -0.9988773237 -0.02067397241 -0.04262251713 0.01054912989 0.7800748202 -0.6255973072 0.04618233385 -0.6253445945 -0.7789809563 8.660449798e-05 -0.1539285935 0
0.6885205506 0.1438663691 -0.1168832487 -0.008213822682 0.1684522379 0.4706900087 -0.001068711284 0.04348769536 0.249956787 -0.9988328081 -0.02127351246 -0.04336426122 0.01085951823 0.7758944514 -0.6307692693 0.04706476758 -0.6305039555 -0.7747578136 8.851106173e-05 -0.1554547207 0
0.6952798819 0.1452787313 -0.1180307127 -0.008371795455 0.1699664747 0.4699339772 -0.001089663551 0.04390546674 0.249857932 -0.998787002 -0.02188388664 -0.04410918439 0.01117574133 0.7716806872 -0.6359119591 0.04795443095 -0.635633552 -0.7705000714 9.044323319e-05 -0.156980848 0
0.7030048319 0.1468928596 -0.1193421003 -0.008554030889 0.1716921378 0.4690618287 -0.001113853187 0.04438259287 0.2497438037 -0.9987330419 -0.02259480798 -0.04496427112 0.01154434139 0.7668243481 -0.6417531826 0.04897998782 -0.6414591911 -0.7655919716 9.268302561e-05 -0.1587249933 0
0.7097641631 0.1483052219 -0.1204895643 -0.008714965056 0.1731977729 0.4682916245 -0.001135232612 0.0447997894 0.249642935 -0.9986843912 -0.02322861881 -0.04571562044 0.01187321845 0.762539769 -0.6468323797 0.04988500143 -0.6465241929 -0.7612607665 9.467070244e-05 -0.1602511206 0
0.7165234944 0.1497175842 -0.1216370284 -0.008877274068 0.1746993401 0.4675148405 -0.001156811136 0.04521671371 0.2495411276 -0.9986343758 -0.02387346726 -0.04646978678 0.01220807035 0.7582224951 -0.6518815927 0.05079711154 -0.6515586738 -0.7568955992 9.668457938e-05 -0.1617772478 0
0.7242484444 0.1513317125 -0.1229484159 -0.009064447668 0.176410392 0.4666190588 -0.001181715901 0.04569286208 0.2494236279 -0.9985755133 -0.02462403237 -0.04733499082 0.01259813061 0.7532487239 -0.6576151207 0.05184815745 -0.6572746891 -0.7518655143 9.901848005e-05 -0.1635213932 0
0.7310077756 0.1527440747 -0.12409588 -0.009229687253 0.1779031277 0.4658282496 -0.00120372054 0.04610919461 0.2493198118 -0.9985224922 -0.02529274155 -0.04809479963 0.01294593297 0.7488621543 -0.6625993335 0.05277532895 -0.6622429698 -0.7474282665 0.0001010891454 -0.1650475204 0
0.7377671069 0.154156437 -0.1252433441 -0.009396287112 0.1793916888 0.4650309303 -0.001225923785 0.04652524704 0.2492150594 -0.9984680305 -0.02597268063 -0.04885705615 0.01329984682 0.7444436069 -0.667552867 0.05370946052 -0.6671799877 -0.7429577093 0.0001031866158 -0.1665736476 0
0.7454920569 0.1557705653 -0.1265547316 -0.009588346545 0.1810877466 0.4641117658 -0.001251541907 0.04700038933 0.249094197 -0.9984039931 -0.02676358014 -0.04973105096 0.01371185803 0.7393549791 -0.6731762027 0.0547855054 -0.6727837139 -0.737807985 0.0001056167979 -0.168317793 0
0.7522513882 0.1571829276 -0.1277021957 -0.009757845356 0.1825672491 0.4633005726 -0.001274170194 0.04741583309 0.2489874411 -0.9983463617 -0.02746777981 -0.05049815097 0.01407901134 0.7348686896 -0.6780632644 0.05573440248 -0.677652957 -0.7332667633 0.0001077723665 -0.1698439202 0
0.7590107194 0.1585952898 -0.1288496597 -0.009928689501 0.1840424718 0.4624829409 -0.001296996579 0.04783098889 0.2488797514 -0.9982872123 -0.02818339025 -0.05126732238 0.01445240921 0.7303511553 -0.6829189688 0.05669011993 -0.6824902098 -0.7286929009 0.0001099553576 -0.1713700474 0
0.7667356694 0.1602094181 -0.1301610472 -0.0101255811 0.1857231573 0.4615406504 -0.001323326233 0.04830509684 0.2487555352 -0.9982177223 -0.02901527377 -0.05214875638 0.0148868494 0.7251503034 -0.6884296762 0.05779066204 -0.6879790341 -0.7234259382 0.0001124840385 -0.1731141928 0
0.7734950007 0.1616217804 -0.1313085113 -0.01029929179 0.1871890971 0.4607092999 -0.001346576557 0.04871962715 0.2486458473 -0.9981552361 -0.02975551993 -0.0529219577 0.01527376808 0.7205666144 -0.693217474 0.05876084225 -0.6927469692 -0.7187828602 0.0001147264637 -0.1746403201 0
0.7802543319 0.1630341427 -0.1324559754 -0.0104743325 0.1886506531 0.4598715841 -0.001370024457 0.04913386165 0.2485352282 -0.9980911534 -0.03050734608 -0.05369684745 0.01566706081 0.715952429 -0.6979732535 0.05973769996 -0.6974822014 -0.7141078252 0.0001169969409 -0.1761664473 0
0.787979282 0.164648271 -0.1337673629 -0.01067600129 0.1903155928 0.4589064308 -0.001397063769 0.04960690709 0.2484076672 -0.9980159284 -0.0313808214 -0.05458434514 0.016124395 0.7106420415 -0.7033689591 0.06086222615 -0.7028535643 -0.7087260801 0.0001196263815 -0.1779105927 0
0.7947386132 0.1660606332 -0.134914827 -0.01085387536 0.1917676445 0.458055155 -0.001420934475 0.05002049932 0.2482950554 -0.9979483389 -0.03215763325 -0.05536243731 0.01653148204 0.7059633215 -0.7080554348 0.06185323712 -0.7075179682 -0.7039833107 0.0001219576544 -0.1794367199 0
0.8024635632 0.1676747615 -0.1362262145 -0.01105876914 0.1934216368 0.4570745674 -0.001448456545 0.05049280422 0.2481652191 -0.9978690394 -0.03305979329 -0.05625326899 0.01700468563 0.7005798198 -0.7133714017 0.06299381613 -0.7128078045 -0.6985247404 0.0001246571129 -0.1811808653 0
0.8092228945 0.1690871238 -0.1373736786 -0.0112394535 0.1948640351 0.4562098421 -0.001472749267 0.05090574277 0.2480506185 -0.9977978259 -0.0338618148 -0.05703399174 0.0174257489 0.6958376881 -0.7179876428 0.06399876554 -0.717400369 -0.6937152648 0.0001270501242 -0.1827069925 0
0.8159822257 0.1704994861 -0.1385211426 -0.01142144134 0.1963018778 0.4553388785 -0.001497238656 0.05131837237 0.247935091 -0.9977248806 -0.03467567406 -0.05781574474 0.0178533956 0.6910663526 -0.7225707942 0.06501014519 -0.7219590667 -0.6888750155 0.0001294722727 -0.1842331197 0
0.8237071757 0.1721136144 -0.1398325302 -0.01163101693 0.1979395072 0.4543358845 -0.001525467119 0.05178956758 0.2478019259 -0.9976393607 -0.03562035173 -0.05871027609 0.01835024531 0.6855779577 -0.7277679111 0.06617382014 -0.7271272615 -0.6833059132 0.0001322763887 -0.1859772651 0
0.830466507 0.1735259766 -0.1409799942 -0.01181578058 0.1993674802 0.4534516364 -0.001550377341 0.05220152681 0.2476844153 -0.997562617 -0.0364597273 -0.05949381037 0.01879212824 0.6807448835 -0.7322794954 0.06719881772 -0.7316126652 -0.6784004917 0.0001347616791 -0.1875033923 0
0.8372258382 0.1749383389 -0.1421274583 -0.01200183145 0.2007907972 0.4525612278 -0.00157548367 0.05261316932 0.2475659806 -0.9974840596 -0.03731107762 -0.06027797569 0.01924071403 0.6758833935 -0.7367573775 0.06823009446 -0.7360635311 -0.6734650194 0.0001372767673 -0.1890295195 0
0.8449507883 0.1765524672 -0.1434388458 -0.01221603045 0.2024117037 0.451536107 -0.001604416517 0.05308322691 0.2474294962 -0.9973920251 -0.03829876491 -0.06117477291 0.01976163877 0.6702929353 -0.7418334439 0.06941632277 -0.7411076747 -0.6677879818 0.0001401879137 -0.1907736649 0
0.8517101195 0.1779648295 -0.1445863099 -0.01240482192 0.2038249377 0.4506325824 -0.001629942466 0.05349418241 0.2473090843 -0.9973094925 -0.03917591187 -0.0619598582 0.02022471255 0.6653714099 -0.7462384659 0.07046089058 -0.745483826 -0.6627889016 0.0001427675716 -0.1922997922 0
0.8584694508 0.1793771917 -0.145733774 -0.01259488399 0.2052334171 0.4497229768 -0.001655663949 0.05390481343 0.2471877511 -0.9972250632 -0.0400651582 -0.06274516991 0.02069460473 0.6604222703 -0.7506091915 0.07151158356 -0.7498247849 -0.6577605076 0.0001453776992 -0.1938259194 0
0.8661944008 0.18099132 -0.1470451615 -0.01281364675 0.2068372457 0.4486760146 -0.001685299122 0.05437370555 0.2470479575 -0.9971262159 -0.04109630272 -0.0636427797 0.02124001953 0.6547326283 -0.7555620735 0.07271981212 -0.7547425252 -0.6519781819 0.0001483982893 -0.1955700648 0
0.872953732 0.1824036823 -0.1481926255 -0.01300641347 0.2082354318 0.4477534651 -0.001711438982 0.05478363299 0.2469246531 -0.9970376324 -0.04201159932 -0.06442813879 0.02172464309 0.6497251857 -0.7598586861 0.0737834631 -0.7590073837 -0.6468877739 0.0001510744381 -0.197096192 0
0.8797130633 0.1838160446 -0.1493400896 -0.01320043385 0.2096287659 0.4468249158 -0.001737773789 0.05519322822 0.2468004302 -0.9969470681 -0.04293910737 -0.06521331459 0.02221619667 0.6446909441 -0.7641204272 0.07485308241 -0.7632364114 -0.6417688029 0.0001537817396 -0.1986223192 0
0.8874380133 0.1854301729 -0.1506514771 -0.0134236995 0.2112151672 0.4457564034 -0.001768109179 0.05566092713 0.2466573377 -0.9968411061 -0.04401411162 -0.06611026539 0.02278650238 0.6389050461 -0.768948059 0.07608274786 -0.7680254554 -0.6358838851 0.0001569142261 -0.2003664646 0
0.8941973445 0.1868425351 -0.1517989412 -0.01362038785 0.2125980012 0.4448150857 -0.00179486109 0.05606980224 0.2465311498 -0.9967462064 -0.04496789651 -0.06689460547 0.02329302222 0.633814262 -0.773134475 0.07716498606 -0.7721770325 -0.630704523 0.0001596890237 -0.2018925918 0
0.9009566758 0.1882548974 -0.1529464053 -0.01381831257 0.2139758873 0.4438678508 -0.001821807348 0.05647833745 0.2464040463 -0.996649241 -0.0459339922 -0.06767834782 0.02380657968 0.6286975069 -0.7772854634 0.07825303296 -0.7762921571 -0.6254973618 0.0001624956677 -0.203418719 0
0.9086816258 0.1898690257 -0.1542577928 -0.01404601903 0.215544517 0.4427780855 -0.001852840798 0.05694481549 0.2462576653 -0.9965358589 -0.04705321306 -0.06857315107 0.02440216279 0.6228183268 -0.7819858478 0.07950356192 -0.7809502717 -0.6195125961 0.0001657425422 -0.2051628644 0
0.9154409571 0.191281388 -0.1554052569 -0.01424657433 0.2169116993 0.4418182611 -0.001880202858 0.05735261412 0.2461286031 -0.996434375 -0.04804578475 -0.06935516484 0.02493091275 0.617646817 -0.7860603406 0.08060388273 -0.7849866317 -0.6142466948 0.0001686181803 -0.2066889916 0
0.9222002883 0.1926937502 -0.1565527209 -0.0144483484 0.2182738394 0.440852604 -0.00190775865 0.05776006518 0.2459986284 -0.9963307394 -0.04905075373 -0.07013616205 0.02546680387 0.6124501766 -0.7900988692 0.08170984989 -0.7889859344 -0.6089537714 0.000171526369 -0.2082151189 0
0.9299252383 0.1943078785 -0.1578641085 -0.01468043241 0.2198243589 0.4397418884 -0.001939487953 0.0582252948 0.2458489696 -0.9962096288 -0.05021450182 -0.07102731348 0.02608803628 0.6064807331 -0.7946700791 0.08298065929 -0.7935109477 -0.6028719483 0.0001748901614 -0.2099592642 0
0.9366845696 0.1957202408 -0.1590115725 -0.01488479897 0.2211755948 0.438763824 -0.001967458216 0.05863199286 0.2457170426 -0.9961012899 -0.05124611823 -0.07180568024 0.02663933739 0.6012311519 -0.7986309834 0.08409854964 -0.7974302084 -0.5975219633 0.0001778688648 -0.2114853915 0
0.9434439008 0.1971326031 -0.1601590366 -0.01509036636 0.2225216958 0.4377800126 -0.001995621583 0.05903833571 0.2455842061 -0.9959907126 -0.0522902054 -0.07258260762 0.02719787907 0.5959572924 -0.8025554068 0.08522192138 -0.8013118245 -0.5921457456 0.0001808808336 -0.2130115187 0
0.9511688508 0.1987467314 -0.1614704241 -0.01532676351 0.2240537721 0.4366486551 -0.002028044482 0.05950228946 0.2454312805 -0.9958615621 -0.05349874461 -0.07346858851 0.02784511788 0.589900647 -0.8069955861 0.08651241866 -0.8057016265 -0.585969701 0.0001843641113 -0.2147556641 0
0.9579281821 0.2001590937 -0.1626178882 -0.01553488461 0.2253887719 0.4356526221 -0.002056620959 0.05990786297 0.2452964983 -0.9957460948 -0.05456962259 -0.07424197536 0.02841927813 0.5845756856 -0.8108412992 0.08764735732 -0.8095019605 -0.5805381268 0.0001874481376 -0.2162817913 0
0.9646875134 0.2015714559 -0.1637653523 -0.01574418829 0.2267185457 0.4346509294 -0.002085389898 0.06031307364 0.2451608097 -0.9956283018 -0.05565303166 -0.07501349634 0.02900077421 0.5792273097 -0.8146500346 0.08878760984 -0.81326408 -0.5750811217 0.0001905661544 -0.2178079185 0
0.9724124634 0.2031855842 -0.1650767398 -0.01598483302 0.2282318514 0.4334992438 -0.002118504088 0.06077572417 0.2450046285 -0.9954907976 -0.05690657864 -0.07589277486 0.02967436152 0.573086565 -0.818957399 0.09009719328 -0.8175166239 -0.5688137352 0.0001941715219 -0.2195520639 0
0.9791717946 0.2045979465 -0.1662242039 -0.01619665097 0.2295503304 0.4324855182 -0.002147684747 0.06118014922 0.244867001 -0.9953679266 -0.05801689359 -0.07665983779 0.03027167576 0.56768895 -0.8226863812 0.09124865105 -0.8211962592 -0.5633031045 0.0001973631609 -0.2210781911 0
0.9868967446 0.2062120748 -0.1675355914 -0.0164401536 0.2310506532 0.4313201551 -0.002181268925 0.06164189556 0.2447086065 -0.9952245453 -0.05930122748 -0.07753366215 0.03096341634 0.5614926638 -0.8269022042 0.09257089821 -0.8253540773 -0.5569751125 0.0002010532834 -0.2228223365 0
