0.007512284834 0.003994432092 0.003574119756 -2.550612256e-06 0.001915621077 0.5099952031 -3.191282201e-07 0.0004771979613 0.2549994045 -0.9999999999 -7.359427371e-08 -1.485389551e-05 3.743521648e-08 0.9999720645 -0.007474634128 1.485403065e-05 -0.007474634127 -0.9999720644 3.229979295e-08 0.004753579275 0
0.01483860527 0.007889983195 0.00705976323 -9.951348899e-06 0.003783755287 0.5099812846 -1.252407275e-06 0.0009444287851 0.2549976628 -0.9999999983 -5.69788457e-07 -5.795129614e-05 2.858505974e-07 0.9998910103 -0.01476372419 5.795339224e-05 -0.01476372418 -0.9998910086 5.698068587e-08 0.009389485097 0
0.02216492571 0.0117855343 0.01054540671 -2.220346721e-05 0.005651759243 0.5099582422 -2.80402368e-06 0.001412349481 0.2549947671 -0.9999999916 -1.900231091e-06 -0.0001292937864 9.51392745e-07 0.9997568293 -0.02205180796 0.0001293042495 -0.02205180789 -0.999756821 3.605471277e-08 0.01402539092 0
0.02949124615 0.0156810854 0.01403105018 -3.930646107e-05 0.007519568641 0.5099260768 -4.97315545e-06 0.001880332496 0.2549907188 -0.9999999738 -4.476644267e-06 -0.0002288689209 2.239928193e-06 0.9995695368 -0.02933838873 0.0002289017388 -0.02933838848 -0.9995695106 2.355251734e-08 0.01866129674 0
0.03681756659 0.01957663651 0.01751669366 -6.125962395e-05 0.009387119185 0.5098847897 -7.758951668e-06 0.002348244199 0.2549855197 -0.9999999364 -8.710542775e-06 -0.000356659329 4.35722485e-06 0.999329154 -0.03662297003 0.0003567390714 -0.03662296925 -0.9993290904 1.12610235e-07 0.02329720256 0
0.04414388703 0.02347218761 0.02100233713 -8.806204901e-05 0.01125434659 0.5098343827 -1.116096661e-05 0.002816072129 0.2549791705 -0.9999998685 -1.501316563e-05 -0.0005126427168 7.50891942e-06 0.9990357081 -0.0439050556 0.0005128075335 -0.04390505368 -0.9990355766 2.282034755e-07 0.02793310838 0
0.05147020746 0.02736773871 0.02448798061 -0.0001197126291 0.0131211866 0.5097748578 -1.517896424e-05 0.003283824422 0.2549716716 -0.999999757 -2.379540763e-05 -0.0006967918714 1.190048485e-05 0.9986892323 -0.05118414953 0.0006970964868 -0.05118414538 -0.9986889893 3.682759565e-07 0.03256901421 0
0.0587965279 0.03126328982 0.02797362408 -0.0001562100567 0.01498757495 0.5097062175 -1.981280097e-05 0.003751509455 0.2549630235 -0.9999995862 -3.546775101e-05 -0.0009090746642 1.773719778e-05 0.9982897658 -0.05845975626 0.0009095933697 -0.05845974819 -0.9982893521 5.319025971e-07 0.03720492003 0
0.06612284834 0.03515884092 0.03145926756 -0.0001975528244 0.01685344741 0.5096284646 -2.506237321e-05 0.00421913272 0.2549532261 -0.9999993381 -5.044019707e-05 -0.001149454056 2.522410608e-05 0.997837354 -0.06573138069 0.001150283698 -0.06573136618 -0.9978366922 7.186190697e-07 0.04184082585 0
0.07344916878 0.03905439202 0.03494491103 -0.0002437392243 0.01871873979 0.5095416023 -3.092759402e-05 0.004686697064 0.2549422798 -0.9999989924 -6.912219797e-05 -0.001417888103 3.456599631e-05 0.9973320479 -0.07299852823 0.001419151064 -0.07299850369 -0.9973310406 9.281907478e-07 0.04647673167 0
0.08077548922 0.04294994313 0.03843055451 -0.0002947673488 0.0205833879 0.5094456343 -3.740838215e-05 0.005154203376 0.2549301846 -0.9999985263 -9.192258857e-05 -0.001714329963 4.596736138e-05 0.9967739047 -0.08026070485 0.001716177143 -0.08026066537 -0.9967724316 1.160507062e-06 0.05111263749 0
0.08810180966 0.04684549423 0.04191619798 -0.0003506350902 0.02244732758 0.5093405644 -4.450465659e-05 0.005621651168 0.2549169408 -0.9999979147 -0.0001192495183 -0.002038727901 5.963236806e-05 0.9961629877 -0.08751741713 0.002041341687 -0.0875173562 -0.9961609033 1.41552943e-06 0.05574854331 0
0.09542813009 0.05074104533 0.04540184146 -0.0004113401409 0.02431049474 0.5092263971 -5.221633373e-05 0.006089038991 0.2549025484 -0.99999713 -0.0001515103833 -0.002391025301 7.576482474e-05 0.995499366 -0.09476817237 0.002394622533 -0.09476808154 -0.9954964975 1.69326405e-06 0.06038444914 0
0.1027544505 0.05463659644 0.04888748493 -0.0004768799939 0.02617282527 0.509103137 -6.054332582e-05 0.006556364722 0.2548870076 -0.9999961424 -0.0001891117584 -0.002771160667 9.456814905e-05 0.9947831147 -0.1020124786 0.002775995599 -0.1020123472 -0.9947792594 1.993746942e-06 0.06502035496 0
0.110080771 0.05853214754 0.0523731284 -0.0005472519423 0.02803425515 0.5089707892 -6.948554001e-05 0.007023625756 0.2548703187 -0.9999949197 -0.0002324593296 -0.003179067643 0.0001162453357 0.9940143147 -0.1092498447 0.00318543489 -0.1092496593 -0.9940092379 2.317035326e-06 0.06965626078 0
0.1174070914 0.06242769864 0.05585877188 -0.0006224530797 0.02989472036 0.5088293593 -7.904287788e-05 0.007490819141 0.2548524818 -0.9999934273 -0.0002819578262 -0.003614675013 0.0001409989243 0.9931930532 -0.1164797804 0.003622912498 -0.1164795245 -0.9931864854 2.663202495e-06 0.0742921666 0
0.1247334118 0.06632324975 0.05934441535 -0.0007024803008 0.03175415695 0.508678853 -8.921523507e-05 0.007957941668 0.254833497 -0.9999916282 -0.0003380109536 -0.004077906716 0.0001690309672 0.9923194229 -0.1237017964 0.004088398601 -0.1237014501 -0.9923110582 3.032334606e-06 0.07892807242 0
0.1320597323 0.07021880085 0.06283005883 -0.0007873303006 0.03361250101 0.5085192765 -0.0001000025011 0.008424989938 0.2548133647 -0.9999894831 -0.0004010213259 -0.00456868186 0.0002005429975 0.9913935226 -0.1309154044 0.004581861472 -0.1309149438 -0.9913830158 3.424528652e-06 0.08356397824 0
0.1393860527 0.07411435195 0.0663157023 -0.0008769995756 0.03546968868 0.5083506365 -0.0001114045591 0.008891960408 0.254792085 -0.9999869505 -0.0004713903986 -0.005086914729 0.0002357359973 0.9904154571 -0.1381201171 0.005103267474 -0.1381195139 -0.9904024215 3.839891107e-06 0.08819988407 0
0.1467123732 0.07800990306 0.06980134578 -0.000971484423 0.03732565615 0.5081729398 -0.0001234212861 0.009358849425 0.2547696581 -0.9999839863 -0.0005495184018 -0.0056325148 0.0002748103653 0.9893853369 -0.1453154484 0.005652581066 -0.1453146692 -0.9893693422 4.278537013e-06 0.09283578989 0
0.1540386936 0.08190545416 0.07328698925 -0.001070780942 0.03918033967 0.507986194 -0.0001360525524 0.009825653251 0.2547460844 -0.9999805443 -0.0006358042736 -0.006205386754 0.0003179658857 0.9883032785 -0.1525009133 0.006229764806 -0.1524999194 -0.9882838482 4.740589343e-06 0.09747169571 0
0.161365014 0.08580100527 0.07677263273 -0.001174885032 0.04103367555 0.5077904065 -0.000149298222 0.01029236808 0.2547213639 -0.9999765759 -0.0007306455931 -0.006805430492 0.0003654016959 0.9871694041 -0.1596760282 0.00683477935 -0.1596747747 -0.9871460136 5.226178545e-06 0.1021076015 0
0.1686913345 0.08969655637 0.0802582762 -0.001283792396 0.04288560016 0.5075855857 -0.0001631581523 0.01075899006 0.2546954971 -0.9999720301 -0.0008344385142 -0.00743254115 0.0004173162553 0.9859838419 -0.1668403107 0.007467583459 -0.166838746 -0.9859559159 5.735442199e-06 0.1067435074 0
0.1760176549 0.09359210747 0.08374391968 -0.001397498538 0.04473604992 0.5073717398 -0.0001776321944 0.01122551528 0.2546684843 -0.9999668539 -0.0009475776994 -0.008086609113 0.0004739073136 0.9847467258 -0.1739932798 0.008128133999 -0.1739913449 -0.9847136362 6.268524767e-06 0.1113794132 0
0.1833439754 0.09748765858 0.08722956315 -0.001515998764 0.04658496136 0.5071488777 -0.0001927201924 0.01169193982 0.2546403256 -0.9999609916 -0.001070456254 -0.008767520035 0.0005353718796 0.9834581955 -0.1811344559 0.008816385944 -0.181132084 -0.9834192593 6.82557739e-06 0.116015319 0
0.1906702958 0.1013832097 0.09071520663 -0.001639288182 0.04843227102 0.5069170086 -0.0002084219845 0.01215825971 0.2546110214 -0.9999543855 -0.00120346566 -0.009475154854 0.0006019061897 0.9821183964 -0.1882633609 0.009532292381 -0.1882604766 -0.9820728732 7.406757728e-06 0.1206512248 0
0.1979966162 0.1052787608 0.0942008501 -0.001767361704 0.05027791557 0.5066761421 -0.0002247374017 0.01262447097 0.254580572 -0.9999469756 -0.001346995711 -0.01020938981 0.0006737056768 0.98072748 -0.1953795183 0.01027580451 -0.1953760366 -0.98067457 8.012229822e-06 0.1252871306 0
0.2053229367 0.1091743119 0.09768649358 -0.001900214044 0.05212183172 0.5064262882 -0.0002416662689 0.01309056961 0.2545489777 -0.9999386995 -0.001501434447 -0.01097009646 0.0007509649393 0.979285603 -0.2024824532 0.01104687166 -0.2024782791 -0.9792244447 8.642163988e-06 0.1299230365 0
0.2126492571 0.113069863 0.1011721371 -0.00203783972 0.05396395628 0.5061674571 -0.0002592084042 0.0135565516 0.254516239 -0.9999294926 -0.00166716809 -0.01175714171 0.0008338777102 0.9777929282 -0.2095716923 0.01184544125 -0.20956672 -0.9777225963 9.29673671e-06 0.1345589423 0
0.2199755775 0.1169654141 0.1046577805 -0.002180233052 0.05580422612 0.5058996595 -0.0002773636192 0.01402241293 0.2544823561 -0.9999192882 -0.001844580976 -0.01257038781 0.0009226368263 0.976249624 -0.2166467641 0.01267145887 -0.216640876 -0.9761691272 9.97613055e-06 0.1391948481 0
0.227301898 0.1208609652 0.108143424 -0.002327388164 0.05764257823 0.5056229065 -0.000296131719 0.01448814955 0.2544473294 -0.9999080172 -0.002034055496 -0.01340969242 0.001017434197 0.9746558644 -0.2237071989 0.01352486821 -0.2237002651 -0.9745641433 1.068053407e-05 0.1438307539 0
0.2346282184 0.1247565163 0.1116290675 -0.002479298985 0.05947894965 0.5053372095 -0.000315512502 0.01495375742 0.2544111593 -0.9998956083 -0.002235972028 -0.01427490857 0.001118460776 0.9730118291 -0.2307525287 0.0144056111 -0.230744406 -0.9729077538 1.141014176e-05 0.1484666597 0
0.2419545389 0.1286520674 0.115114711 -0.002635959248 0.06131327753 0.5050425802 -0.0003355057602 0.01541923249 0.2543738462 -0.999881988 -0.002450708873 -0.01516588473 0.001225906526 0.9713177033 -0.2377822877 0.01531362749 -0.2377728185 -0.9712000719 1.216515395e-05 0.1531025656 0
0.2492808593 0.1325476185 0.1186003544 -0.002797362491 0.06314549911 0.5047390309 -0.0003561112789 0.0158845707 0.2543353904 -0.9998670808 -0.002678642195 -0.01608246483 0.001339960394 0.969573678 -0.2447960119 0.01624885551 -0.2447850237 -0.9694412137 1.294577674e-05 0.1577384714 0
0.2566071797 0.1364431696 0.1220859979 -0.002963502055 0.06497555174 0.504426574 -0.0003773288369 0.01634976799 0.2542957925 -0.9998508086 -0.002920145954 -0.01702448825 0.001460810279 0.9677799495 -0.2517932392 0.01721123139 -0.2517805434 -0.9676312994 1.375222194e-05 0.1623743772 0
0.2639335002 0.1403387207 0.1255716414 -0.003134371088 0.06680337284 0.5041052225 -0.0003991582065 0.01681482031 0.2542550528 -0.9998330916 -0.003175591846 -0.01799178988 0.001588643001 0.9659367199 -0.2587735098 0.01820068955 -0.2587589008 -0.9657704521 1.458470702e-05 0.167010283 0
0.2712598206 0.1442342718 0.1290572849 -0.003309962543 0.06862889996 0.5037749896 -0.0004215991531 0.01727972357 0.2542131718 -0.9998138475 -0.003445349236 -0.01898420011 0.001723644272 0.9640441965 -0.2657363659 0.01921716253 -0.2657196204 -0.9638587988 1.544345501e-05 0.1716461889 0
0.2785861411 0.1481298229 0.1325429283 -0.00349026918 0.07045207075 0.5034358889 -0.0004446514361 0.01774447371 0.2541701499 -0.999792992 -0.003729785104 -0.02000154491 0.001865998666 0.9621025924 -0.272681352 0.02026058106 -0.2726622276 -0.9618964697 1.632869444e-05 0.1762820947 0
0.2859124615 0.152025374 0.1360285718 -0.003675283563 0.07227282295 0.5030879343 -0.0004683148079 0.01820906666 0.2541259875 -0.9997704387 -0.004029263973 -0.02104364579 0.002015889593 0.9601121259 -0.2796080147 0.021330874 -0.2795862492 -0.9598835987 1.724065931e-05 0.1809180005 0
0.2932387819 0.1559209251 0.1395142153 -0.003864998065 0.07409109443 0.5027311403 -0.0004925890144 0.01867349835 0.2540806853 -0.9997460988 -0.004344147856 -0.02211031988 0.002173499263 0.9580730208 -0.2865159031 0.0224279684 -0.2864912132 -0.9578203229 1.817958898e-05 0.1855539063 0
0.3005651024 0.1598164762 0.1429998588 -0.004059404864 0.07590682317 0.5023655216 -0.0005174737953 0.0191377647 0.2540342436 -0.9997198819 -0.00467479619 -0.02320137992 0.002339008664 0.9559855062 -0.2934045686 0.02355178949 -0.2933766489 -0.955706783 1.914572814e-05 0.1901898121 0
0.3078914228 0.1637120273 0.1464855022 -0.004258495947 0.07771994726 0.5019910932 -0.0005429688833 0.01960186165 0.2539866629 -0.9996916951 -0.005021565779 -0.02431663433 0.002512597526 0.9538498168 -0.300273565 0.02470226065 -0.3002420871 -0.953543123 2.013932673e-05 0.194825718 0
0.3152177432 0.1676075784 0.1499711457 -0.004462263109 0.07953040491 0.5016078705 -0.0005690740048 0.02006578511 0.2539379439 -0.9996614435 -0.005384810729 -0.02545588718 0.0026944443 0.9516661923 -0.3071224486 0.02587930348 -0.3070870597 -0.9513294904 2.116063985e-05 0.1994616238 0
0.3225440637 0.1715031295 0.1534567892 -0.004670697952 0.08133813446 0.5012158693 -0.0005957888796 0.02052953103 0.2538880869 -0.9996290303 -0.005764882392 -0.02661893828 0.002884726123 0.9494348778 -0.3139507781 0.02708283773 -0.3139111003 -0.9490660362 2.220992777e-05 0.2040975296 0
0.3298703841 0.1753986806 0.1569424327 -0.004883791886 0.08314307437 0.5008151059 -0.0006231132209 0.02099309531 0.2538370926 -0.9995943566 -0.006162129306 -0.02780558318 0.003083618793 0.9471561238 -0.3207581151 0.02831278137 -0.3207137435 -0.9467529145 2.328745579e-05 0.2087334354 0
0.3371967046 0.1792942317 0.1604280761 -0.005101536132 0.08494516323 0.5004055967 -0.0006510467356 0.0214564739 0.2537849615 -0.9995573213 -0.006576897134 -0.02901561321 0.00329129674 0.9448301858 -0.3275440235 0.02956905057 -0.3274945258 -0.9443902831 2.439349421e-05 0.2133693413 0
0.344523025 0.1831897829 0.1639137196 -0.00532392172 0.08674433975 0.4999873585 -0.0006795891238 0.02191966272 0.2537316941 -0.9995178216 -0.007009528607 -0.03024881547 0.003507932998 0.9424573246 -0.3343080702 0.03085155968 -0.3342529848 -0.941978303 2.552831827e-05 0.2180052471 0
0.3518493454 0.187085334 0.1673993631 -0.005550939489 0.08854054279 0.4995604087 -0.0007087400791 0.0223826577 0.2536772911 -0.9994757524 -0.007460363465 -0.03150497295 0.003733699177 0.940037806 -0.3410498246 0.0321602213 -0.3409886601 -0.9395171387 2.669220806e-05 0.2226411529 0
0.3591756659 0.1909808851 0.1708850066 -0.005782580089 0.09033371134 0.4991247647 -0.0007384992888 0.02284545477 0.253621753 -0.9994310069 -0.0079297384 -0.03278386448 0.003968765437 0.937571901 -0.347768859 0.03349494622 -0.3477010924 -0.9370069578 2.788544849e-05 0.2272770587 0
0.3665019863 0.1948764362 0.17437065 -0.006018833981 0.09212378453 0.4986804446 -0.0007688664334 0.02330804987 0.2535650804 -0.9993834761 -0.008417987 -0.0340852648 0.004213300459 0.9350598858 -0.3544647487 0.03485564346 -0.3543898241 -0.9344479315 2.91083292e-05 0.2319129645 0
0.3738283068 0.1987719873 0.1778562935 -0.006259691436 0.09391070162 0.4982274666 -0.000799841187 0.02377043893 0.253507274 -0.9993330492 -0.008925439687 -0.03540894459 0.004467471416 0.9325020414 -0.3611370716 0.03624222027 -0.3610543994 -0.9318402342 3.036114451e-05 0.2365488704 0
0.3811546272 0.2026675384 0.181341937 -0.006505142538 0.09569440202 0.4977658494 -0.0008314232173 0.02423261788 0.2534483343 -0.9992796135 -0.009452423666 -0.03675467051 0.004731443952 0.9298986538 -0.367785409 0.03765458213 -0.367694364 -0.9291840437 3.164419336e-05 0.2411847762 0
0.3884809476 0.2065630895 0.1848275805 -0.006755177184 0.09747482531 0.497295612 -0.0008636121853 0.02469458268 0.253388262 -0.9992230543 -0.009999262869 -0.03812220522 0.005005382151 0.9272500141 -0.3744093448 0.03909263279 -0.3743092653 -0.9264795411 3.295777921e-05 0.245820682 0
0.3958072681 0.2104586406 0.1883132239 -0.007009785082 0.09925191118 0.4968167737 -0.0008964077455 0.02515632924 0.2533270578 -0.9991632551 -0.01056627789 -0.03951130742 0.00528944851 0.9245564182 -0.3810084662 0.0405562742 -0.3808986523 -0.9237269106 3.430221004e-05 0.2504565878 0
0.4031335885 0.2143541917 0.1917988674 -0.007268955755 0.1010255995 0.4963293543 -0.0009298095461 0.02561785353 0.2532647222 -0.9991000975 -0.01115378596 -0.04092173191 0.005583803916 0.9218181669 -0.3875823633 0.04204540661 -0.3874620759 -0.9209263399 3.567779824e-05 0.2550924936 0
0.4104599089 0.2182497428 0.1952845109 -0.007532678537 0.1027958303 0.4958333737 -0.0009638172286 0.02607915147 0.2532012561 -0.9990334614 -0.01176210084 -0.04235322958 0.005888607616 0.9190355657 -0.3941306298 0.04355992852 -0.3939990888 -0.9180780199 3.708486054e-05 0.2597283995 0
0.4177862294 0.2221452939 0.1987701544 -0.007800942579 0.1045625438 0.4953288524 -0.000998430428 0.02654021903 0.25313666 -0.9989632245 -0.01239153281 -0.04380554751 0.006204017197 0.916208925 -0.4006528621 0.04509973668 -0.4005092454 -0.9151821448 3.852371799e-05 0.2643643053 0
0.4251125498 0.226040845 0.2022557978 -0.008073736846 0.1063256802 0.4948158112 -0.001033648773 0.02700105214 0.2530709347 -0.9988892631 -0.01304238862 -0.04527842894 0.006530188554 0.91333856 -0.4071486601 0.04666472614 -0.4069921018 -0.9122389119 3.999469586e-05 0.2690002111 0
0.4324388703 0.2299363961 0.2057414413 -0.008351050119 0.1080851801 0.4942942712 -0.001069471886 0.02746164676 0.2530040809 -0.9988114515 -0.0137149714 -0.04677161337 0.006867275871 0.9104247904 -0.4136176272 0.04825479023 -0.4134472162 -0.9092485219 4.149812362e-05 0.2736361169 0
0.4397651907 0.2338319472 0.2092270848 -0.008632870992 0.1098409842 0.4937642538 -0.001105899382 0.02792199884 0.2529360993 -0.9987296624 -0.01440958064 -0.04828483656 0.007215431589 0.9074679406 -0.4200593699 0.04986982056 -0.4198741487 -0.9062111786 4.303433482e-05 0.2782720228 0
0.4470915111 0.2377274983 0.2127127283 -0.00891918788 0.1115930333 0.4932257807 -0.00114293087 0.02838210434 0.2528669907 -0.9986437665 -0.01512651211 -0.04981783057 0.007574806389 0.9044683398 -0.4264734982 0.05150970704 -0.426272461 -0.9031270891 4.460366707e-05 0.2829079286 0
0.4544178316 0.2416230494 0.2161983717 -0.009209989012 0.1133412684 0.4926788742 -0.001180565953 0.02884195921 0.2527967557 -0.998553633 -0.01586605785 -0.05137032384 0.007945549163 0.9014263213 -0.4328596256 0.0531743379 -0.4326417171 -0.8999964635 4.620646198e-05 0.2875438344 0
0.461744152 0.2455186005 0.2196840152 -0.009505262435 0.1150856306 0.4921235567 -0.001218804228 0.02930155942 0.2527253951 -0.9984591294 -0.01662850607 -0.05294204117 0.00832780699 0.8983422235 -0.4392173689 0.05486359967 -0.4389814829 -0.8968195153 4.784306509e-05 0.2921797402 0
0.4690704725 0.2494141516 0.2231696587 -0.009804996014 0.1168260615 0.491559851 -0.001257645283 0.02976090094 0.2526529098 -0.9983601213 -0.01741414114 -0.05453270383 0.008721725112 0.8952163887 -0.4455463489 0.0565773772 -0.4452913262 -0.8935964611 4.95138258e-05 0.296815646 0
0.4763967929 0.2533097027 0.2266553022 -0.01010917743 0.1185625024 0.4909877803 -0.001297088703 0.03021997972 0.2525793005 -0.998256473 -0.01822324353 -0.05614202955 0.009127446914 0.8920491639 -0.4518461895 0.05831555367 -0.4515708168 -0.8903275204 5.121909734e-05 0.3014515519 0
0.4837231133 0.2572052538 0.2301409456 -0.0104177942 0.1202948951 0.4904073682 -0.001337134064 0.03067879174 0.252504568 -0.9981480469 -0.01905608975 -0.05776973258 0.009545113894 0.8888409004 -0.4581165185 0.06007801061 -0.4578195269 -0.8870129162 5.295923669e-05 0.3060874577 0
0.4910494338 0.2611008049 0.2336265891 -0.01073083363 0.1220231816 0.4898186383 -0.001377780936 0.03113733298 0.2524287131 -0.9980347037 -0.0199129523 -0.05941552372 0.009974865648 0.8855919539 -0.4643569675 0.06186462789 -0.4640370303 -0.8836528743 5.473460451e-05 0.3107233635 0
0.4983757542 0.264996356 0.2371122326 -0.01104828288 0.1237473038 0.489221615 -0.001419028884 0.0315955994 0.2523517367 -0.9979163029 -0.02079409963 -0.06107911041 0.01041683984 0.8823026842 -0.4705671715 0.06367528371 -0.4702229034 -0.8802476239 5.654556511e-05 0.3153592693 0
0.5057020746 0.2688919071 0.2405978761 -0.01137012891 0.1254672042 0.4886163227 -0.001460877464 0.032053587 0.2522736395 -0.9977927022 -0.02169979612 -0.06276019671 0.01087117218 0.8789734554 -0.4767467697 0.06550985466 -0.4763767245 -0.876797397 5.839248641e-05 0.3199951752 0
0.5130283951 0.2727874582 0.2440835195 -0.0116963585 0.1271828251 0.4880027862 -0.001503326228 0.03251129174 0.2521944224 -0.9976637577 -0.02263030197 -0.06445848339 0.01133799642 0.8756046357 -0.4828954047 0.0673682157 -0.482498074 -0.8733024288 6.027573983e-05 0.324631081 0
0.5203547155 0.2766830093 0.247569163 -0.01202695827 0.1288941094 0.4873810309 -0.001546374721 0.03296870962 0.2521140862 -0.997529324 -0.02358587322 -0.06617366797 0.01181744429 0.8721965974 -0.4890127232 0.06925024014 -0.4885865348 -0.8697629575 6.219570027e-05 0.3292669868 0
0.527681036 0.2805785604 0.2510548065 -0.01236191465 0.1306009997 0.4867510821 -0.00159002248 0.03342583662 0.2520326319 -0.9973892544 -0.02456676166 -0.06790544474 0.01230964551 0.868749717 -0.4950983759 0.0711557997 -0.4946416919 -0.8661792244 6.415274605e-05 0.3339028926 0
0.5350073564 0.2844741115 0.25454045 -0.01270121389 0.1323034392 0.4861129657 -0.001634269038 0.03388266875 0.2519500603 -0.9972434006 -0.02557321481 -0.06965350482 0.01281472779 0.8652643749 -0.5011520171 0.07308476449 -0.5006631325 -0.8625514738 6.614725886e-05 0.3385387984 0
0.5423336768 0.2883696626 0.2580260934 -0.01304484209 0.1340013712 0.4854667079 -0.00167911392 0.03433920198 0.2518663723 -0.9970916127 -0.02660547585 -0.07141753624 0.01333281675 0.8617409553 -0.5071733056 0.07503700304 -0.5066504461 -0.858879953 6.817962371e-05 0.3431747043 0
0.5496599973 0.2922652138 0.2615117369 -0.01339278514 0.1356947392 0.4848123352 -0.001724556644 0.03479543233 0.2517815688 -0.9969337398 -0.02766378363 -0.07319722392 0.01386403592 0.8581798466 -0.5131619037 0.07701238226 -0.5126032247 -0.8551649122 7.025022886e-05 0.3478106101 0
0.5569863177 0.2961607649 0.2649973804 -0.01374502878 0.1373834869 0.4841498744 -0.001770596724 0.03525135579 0.2516956508 -0.9967696291 -0.02874837255 -0.07499224978 0.01440850677 0.8545814407 -0.5191174781 0.07901076752 -0.5185210625 -0.8514066046 7.235946579e-05 0.3524465159 0
0.5643126381 0.300056316 0.2684830239 -0.01410155857 0.139067558 0.4834793527 -0.001817233665 0.03570696837 0.251608619 -0.9965991269 -0.02985947258 -0.07680229275 0.01496634862 0.8509461336 -0.5250396996 0.08103202258 -0.5244035561 -0.8476052865 7.450772914e-05 0.3570824217 0
0.5716389586 0.3039518671 0.2719686673 -0.01446235989 0.1407468969 0.4828007976 -0.001864466967 0.03616226608 0.2515204746 -0.9964220778 -0.0309973092 -0.07862702885 0.01553767865 0.8472743248 -0.5309282429 0.08307600969 -0.5302503045 -0.8437612169 7.669541667e-05 0.3617183275 0
0.578965279 0.3078474182 0.2754543108 -0.01482741797 0.1424214477 0.4821142369 -0.001912296124 0.03661724494 0.2514312185 -0.9962383253 -0.03216210336 -0.08046613119 0.01612261188 0.8435664175 -0.5367827872 0.0851425895 -0.5360609092 -0.839874658 7.892292917e-05 0.3663542334 0
0.5862915995 0.3117429693 0.2789399543 -0.01519671783 0.1440911551 0.4814196986 -0.001960720623 0.03707190096 0.2513408515 -0.9960477116 -0.03335407143 -0.08231927008 0.01672126117 0.8398228186 -0.5426030157 0.08723162117 -0.5418349741 -0.8359458745 8.119067049e-05 0.3709901392 0
0.5936179199 0.3156385204 0.2824255978 -0.01557024437 0.1457559639 0.4807172114 -0.002009739943 0.03752623016 0.2512493747 -0.9958500774 -0.03457342515 -0.08418611303 0.01733373715 0.8360439386 -0.5483886161 0.08934296229 -0.5475721057 -0.8319751343 8.349904742e-05 0.375626045 0
0.6009442403 0.3195340715 0.2859112412 -0.01594798228 0.1474158189 0.4800068038 -0.002059353561 0.03798022857 0.2511567892 -0.9956452625 -0.03582037165 -0.08606632484 0.01796014826 0.8322301913 -0.5541392801 0.09147646895 -0.5532719129 -0.8279627081 8.584846968e-05 0.3802619508 0
0.6082705608 0.3234296226 0.2893968847 -0.01632991609 0.1490706655 0.4792885051 -0.002109560943 0.03843389222 0.2510630958 -0.9954331053 -0.03709511334 -0.08795956761 0.0186006007 0.8283819941 -0.5598547039 0.09363199571 -0.5589340072 -0.8239088693 8.823934986e-05 0.3848978567 0
0.6155968812 0.3273251737 0.2928825282 -0.01671603018 0.150720449 0.4785623445 -0.00216036155 0.03888721713 0.2509682955 -0.995213443 -0.03839784792 -0.08986550082 0.0192551984 0.8244997677 -0.5655345881 0.09580939566 -0.5645580026 -0.8198138944 9.06721034e-05 0.3895337625 0
0.6221091661 0.3307878858 0.2959808779 -0.01706273929 0.1521826289 0.4779102925 -0.002206015223 0.03928988504 0.2508831003 -0.9950117545 -0.0395794905 -0.09157004008 0.01984902031 0.8210206749 -0.5705532997 0.09776310501 -0.5695248154 -0.8161396081 9.287004196e-05 0.3936545677 0
0.6294354865 0.3346834369 0.2994665214 -0.0174567062 0.153822701 0.4771693632 -0.002257934877 0.03974255932 0.2507862123 -0.9947774679 -0.04093562305 -0.093499006 0.0205306124 0.8170753308 -0.5761652521 0.09998141483 -0.5750758024 -0.8119676953 9.538303289e-05 0.3982904735 0
0.6367618069 0.338578988 0.3029521649 -0.01785480728 0.1554575537 0.4764206589 -0.002310446166 0.04019488343 0.2506882204 -0.9945351996 -0.04232029273 -0.09543966436 0.02122663722 0.8130971915 -0.5817408246 0.102221165 -0.5805875903 -0.8077554602 9.793911282e-05 0.4029263793 0
0.6440881274 0.3424745391 0.3064378084 -0.01825702624 0.1570871335 0.47566421 -0.002363548526 0.04064685342 0.2505891258 -0.9942847826 -0.04373367852 -0.09739166491 0.02193718979 0.8090866902 -0.5872797352 0.104482203 -0.5860598033 -0.8035031899 0.0001005387078 0.4075622851 0
0.6514144478 0.3463700902 0.3099234518 -0.01866334665 0.1587113869 0.4749000477 -0.002417241389 0.04109846534 0.2504889295 -0.9940260488 -0.0451759545 -0.09935465506 0.02266236279 0.8050442634 -0.5927817062 0.1067643745 -0.5914920685 -0.7992111744 0.0001031822464 0.4121981909 0
0.6587407682 0.3502656413 0.3134090953 -0.01907375189 0.1603302609 0.474128203 -0.002471524179 0.04154971526 0.2503876326 -0.9937588289 -0.04664728981 -0.1013282799 0.02340224655 0.8009703505 -0.5982464647 0.109067524 -0.5968840155 -0.7948797061 0.00010587016 0.4168340968 0
0.6660670887 0.3541611924 0.3168947388 -0.0194882252 0.1619437024 0.4733487076 -0.002526396312 0.04200059922 0.2502852362 -0.9934829529 -0.04814784865 -0.1033121821 0.02415692904 0.7968653939 -0.603673742 0.1113914947 -0.6022352769 -0.7905090804 0.0001086028823 0.4214700026 0
0.6733934091 0.3580567435 0.3203803823 -0.01990674964 0.1635516588 0.4725615932 -0.002581857202 0.04245111329 0.2501817413 -0.9931982496 -0.04967779021 -0.1053060024 0.02492649583 0.7927298389 -0.6090632745 0.1137361279 -0.6075454878 -0.7860995952 0.0001113808497 0.4261059084 0
0.6807197296 0.3619522946 0.3238660257 -0.02032930811 0.1651540777 0.4717668921 -0.002637906254 0.04290125356 0.2500771492 -0.992904547 -0.05123726866 -0.1073093792 0.02571103013 0.7885641336 -0.614414803 0.116101264 -0.6128142863 -0.7816515509 0.0001142045009 0.4307418142 0
0.68804605 0.3658478457 0.3273516692 -0.02075588336 0.166750907 0.4709646367 -0.002694542866 0.04335101608 0.249971461 -0.9926016721 -0.05282643311 -0.1093219488 0.02651061269 0.784368729 -0.6197280729 0.1184867416 -0.6180413133 -0.7771652509 0.0001170742772 0.43537772 0
0.6953723704 0.3697433968 0.3308373127 -0.02118645798 0.1683420947 0.4701548597 -0.002751766431 0.04380039695 0.2498646777 -0.9922894511 -0.05444542759 -0.1113433456 0.02732532187 0.7801440787 -0.6250028346 0.1208923983 -0.6232262124 -0.7726410008 0.0001199906221 0.4400136259 0
0.7026986909 0.3736389479 0.3343229562 -0.02162101439 0.1699275891 0.4693375942 -0.002809576337 0.04424939223 0.2497568005 -0.9919677094 -0.05609439103 -0.1133732017 0.02815523359 0.775890639 -0.6302388429 0.12331807 -0.6283686303 -0.7680791092 0.0001229539817 0.4446495317 0
0.7100250113 0.377534499 0.3378085996 -0.02205953486 0.171507339 0.4685128736 -0.002867971962 0.04469799803 0.2496478307 -0.9916362713 -0.0577734572 -0.1154111477 0.02900042129 0.7716088688 -0.6354358577 0.1257635914 -0.6334682165 -0.763479887 0.0001259648042 0.4492854375 0
0.7173513318 0.3814300501 0.3412942431 -0.0225020015 0.1730812931 0.4676807314 -0.002926952681 0.04514621043 0.2495377694 -0.9912949608 -0.05948275472 -0.1174568119 0.02986095598 0.7672992294 -0.6405936433 0.1282287958 -0.6385246232 -0.7588436476 0.0001290235404 0.4539213433 0
0.7246776522 0.3853256012 0.3447798866 -0.02294839627 0.1746494005 0.4668412016 -0.002986517862 0.04559402554 0.2494266177 -0.9909436006 -0.06122240701 -0.119509821 0.03073690617 0.7629621847 -0.6457119693 0.1307135151 -0.643537506 -0.7541707071 0.000132130643 0.4585572492 0
0.7320039726 0.3892211523 0.3482655301 -0.02339870097 0.1762116108 0.4659943185 -0.003046666867 0.04604143944 0.2493143769 -0.9905820131 -0.06299253226 -0.1215698 0.03162833788 0.758598201 -0.6507906097 0.1332175801 -0.648506523 -0.749461384 0.0001352865673 0.463193155 0
0.7393302931 0.3931167034 0.3517511735 -0.02385289725 0.1777678735 0.4651401165 -0.00310739905 0.04648844826 0.2492010481 -0.9902100197 -0.06479324344 -0.123636372 0.03253531464 0.7542077468 -0.6558293436 0.1357408199 -0.6534313355 -0.7447159993 0.0001384917704 0.4678290608 0
0.7466566135 0.3970122545 0.355236817 -0.02431096659 0.1793181385 0.4642786305 -0.00316871376 0.0469350481 0.2490866327 -0.9898274414 -0.06662464824 -0.1257091586 0.03345789746 0.749791293 -0.6608279549 0.1382830626 -0.6583116079 -0.7399348765 0.0001417467121 0.4724649666 0
0.7539829339 0.4009078056 0.3587224605 -0.02477289035 0.1808623562 0.4634098955 -0.003230610341 0.04738123508 0.2489711319 -0.9894340983 -0.06848684906 -0.1277877797 0.03439614482 0.7453493126 -0.6657862325 0.140844135 -0.6631470076 -0.7351183415 0.0001450518538 0.4771008724 0
0.7613092544 0.4048033567 0.362208104 -0.0252386497 0.1824004769 0.462533947 -0.003293088128 0.04782700531 0.2488545468 -0.9890298101 -0.070379943 -0.1298718537 0.03535011266 0.7408822808 -0.6707039701 0.1434238624 -0.6679372049 -0.7302667225 0.0001484076594 0.4817367783 0
0.7686355748 0.4086989078 0.3656937474 -0.0257082257 0.1839324514 0.4616508205 -0.003356146453 0.04827235494 0.2487368787 -0.9886143958 -0.0723040218 -0.1319609976 0.0363198544 0.7363906747 -0.6755809665 0.146022069 -0.6726818733 -0.7253803504 0.0001518145947 0.4863726841 0
0.7759618953 0.4125944589 0.3691793909 -0.02618159922 0.1854582308 0.4607605521 -0.003419784639 0.04871728008 0.248618129 -0.9881876739 -0.07425917188 -0.1340548269 0.03730542087 0.7318749737 -0.6804170254 0.1486385777 -0.6773806893 -0.7204595582 0.0001552731277 0.4910085899 0
0.7832882157 0.4164900101 0.3726650344 -0.026658751 0.1869777664 0.459863178 -0.003484002004 0.04916177688 0.2484982989 -0.9877494623 -0.07624547426 -0.1361529557 0.03830686036 0.7273356588 -0.6852119554 0.1512732102 -0.6820333328 -0.7155046812 0.0001587837283 0.4956444957 0
0.7906145361 0.4203855612 0.3761506779 -0.02713966165 0.1884910098 0.4589587346 -0.003548797861 0.04960584148 0.2483773897 -0.9872995786 -0.07826300459 -0.1382549968 0.03932421858 0.7227732131 -0.6899655703 0.1539257869 -0.6866394866 -0.7105160573 0.0001623468685 0.5002804015 0
0.7979408566 0.4242811123 0.3796363213 -0.0276243116 0.1899979129 0.4580472587 -0.003614171514 0.05004947002 0.2482554027 -0.9868378398 -0.08031183308 -0.140360562 0.04035753864 0.7181881214 -0.6946776888 0.1565961269 -0.6911988366 -0.7054940264 0.0001659630222 0.5049163074 0
0.805267177 0.4281766634 0.3831219648 -0.02811268115 0.1914984278 0.4571287874 -0.003680122264 0.05049265865 0.2481323392 -0.9863640625 -0.08239202454 -0.1424692615 0.04140686107 0.7135808702 -0.6993481347 0.1592840483 -0.6957110722 -0.700438931 0.0001696326654 0.5095522132 0
0.8125934974 0.4320722145 0.3866076083 -0.02860475046 0.192992507 0.456203358 -0.003746649402 0.05093540354 0.2480082005 -0.9858780629 -0.08450363832 -0.1445807047 0.0424722238 0.7089519478 -0.7039767368 0.1619893678 -0.7001758857 -0.6953511155 0.0001733562759 0.514188119 0
0.8199198179 0.4359677656 0.3900932518 -0.02910049954 0.1944801034 0.4552710082 -0.003813752218 0.05137770085 0.2478829881 -0.9853796569 -0.08664672832 -0.1466944999 0.04355366216 0.7043018438 -0.7085633291 0.164711901 -0.7045929728 -0.6902309268 0.0001771343335 0.5188240248 0
0.8272461383 0.4398633167 0.3935788952 -0.02959990825 0.1959611698 0.4543317757 -0.003881429991 0.05181954674 0.2477567031 -0.9848686599 -0.08882134294 -0.1488102542 0.04465120884 0.6996310496 -0.7131077506 0.1674514624 -0.7089620325 -0.6850787139 0.0001809673199 0.5234599307 0
0.8345724588 0.4437588678 0.3970645387 -0.03010295632 0.1974356597 0.4533856986 -0.003949681997 0.05226093739 0.2476293471 -0.9843448873 -0.09102752513 -0.1509275739 0.04576489392 0.694940058 -0.7176098454 0.1702078652 -0.7132827668 -0.679894828 0.0001848557186 0.5280958365 0
0.8418987792 0.4476544189 0.4005501822 -0.03060962334 0.1989035268 0.4524328155 -0.004018507503 0.05270186897 0.2475009213 -0.9838081539 -0.09326531231 -0.1530460644 0.04689474486 0.6902293631 -0.7220694629 0.1729809215 -0.7175548814 -0.6746796225 0.000188800015 0.5327317423 0
0.8492250996 0.45154997 0.4040358257 -0.03111988874 0.2003647249 0.4514731649 -0.004087905774 0.05314233768 0.2473714272 -0.9832582745 -0.09553473638 -0.1551653302 0.04804078648 0.6854994604 -0.7264864573 0.1757704423 -0.721778085 -0.6694334527 0.0001928006963 0.5373676481 0
0.8565514201 0.4554455211 0.4075214691 -0.03163373184 0.2018192083 0.4505067858 -0.004157876064 0.05358233969 0.2472408662 -0.9826950637 -0.09783582373 -0.1572849752 0.04920304093 0.6807508465 -0.7308606883 0.1785762375 -0.7259520897 -0.6641566764 0.0001968582516 0.5420035539 0
0.8638777405 0.4593410722 0.4110071126 -0.03215113179 0.2032669317 0.4495337174 -0.004228417626 0.05402187122 0.2471092396 -0.9821183357 -0.1001685952 -0.1594046025 0.05038152776 0.6759840194 -0.7351920206 0.1813981158 -0.7300766111 -0.6588496532 0.0002009731716 0.5466394598 0
0.871204061 0.4632366233 0.4144927561 -0.03267206764 0.2047078497 0.448553999 -0.004299529702 0.05446092845 0.246976549 -0.9815279047 -0.1025330661 -0.1615238144 0.05157626385 0.671199478 -0.7394803241 0.1842358849 -0.7341513679 -0.6535127448 0.0002051459491 0.5512753656 0
0.8785303814 0.4671321744 0.4179783996 -0.03319651827 0.2061419176 0.4475676704 -0.004371211531 0.0548995076 0.2468427956 -0.9809235849 -0.1049292462 -0.1636422129 0.05278726339 0.6663977225 -0.7437254738 0.1870893513 -0.7381760825 -0.6481463152 0.0002093770782 0.5559112714 0
0.8858567018 0.4710277255 0.421464043 -0.03372446244 0.2075690909 0.4465747716 -0.004443462346 0.05533760487 0.246707981 -0.9803051903 -0.1073571396 -0.1657593992 0.05401453797 0.6615792537 -0.7479273499 0.1899583205 -0.7421504805 -0.6427507299 0.0002136670551 0.5605471772 0
0.8931830223 0.4749232766 0.4249496865 -0.03425587878 0.2089893254 0.4455753427 -0.004516281372 0.05577521649 0.2465721066 -0.9796725349 -0.1098167449 -0.1678749743 0.05525809646 0.6567445736 -0.7520858381 0.192842597 -0.746074291 -0.6373263569 0.0002180163777 0.5651830831 0
0.9005093427 0.4788188277 0.42843533 -0.03479074577 0.2104025771 0.4445694242 -0.00458966783 0.05621233868 0.2464351739 -0.9790254325 -0.1123080552 -0.1699885385 0.05651794509 0.6518941849 -0.7562008289 0.1957419842 -0.7499472465 -0.6318735658 0.0002224255453 0.5698189889 0
0.9078356631 0.4827143788 0.4319209735 -0.03532904178 0.2118088025 0.4435570568 -0.004663620933 0.05664896767 0.2462971843 -0.9783636973 -0.1148310579 -0.1720996921 0.05779408743 0.647028591 -0.7602722182 0.1986562844 -0.753769083 -0.6263927284 0.0002268950593 0.5744548947 0
0.9151619836 0.4866099299 0.4354066169 -0.03587074504 0.2132079583 0.4425382813 -0.004738139889 0.05708509969 0.2461581394 -0.9776871431 -0.1173857349 -0.1742080348 0.05908652434 0.6421482963 -0.7642999072 0.201585299 -0.7575395401 -0.6208842182 0.0002314254225 0.5790908005 0
0.922488304 0.490505481 0.4388922604 -0.03641583365 0.2146000016 0.4415131392 -0.004813223901 0.057520731 0.2460180407 -0.9769955843 -0.1199720624 -0.1763131663 0.06039525403 0.6372538054 -0.7682838022 0.2045288284 -0.7612583607 -0.6153484108 0.0002360171393 0.5837267063 0
0.9298146245 0.4944010321 0.4423779039 -0.03696428557 0.2159848898 0.4404816716 -0.004888872163 0.05795585783 0.2458768895 -0.9762888348 -0.122590011 -0.178414686 0.06172027204 0.6323456237 -0.7722238148 0.2074866719 -0.7649252913 -0.6097856834 0.0002406707161 0.5883626122 0
0.9371409449 0.4982965832 0.4458635474 -0.03751607865 0.2173625804 0.4394439204 -0.004965083867 0.05839047644 0.2457346876 -0.9755667093 -0.1252395459 -0.1805121933 0.06306157119 0.6274242571 -0.7761198618 0.2104586278 -0.7685400821 -0.6041964153 0.0002453866605 0.592998518 0
0.9444672653 0.5021921343 0.4493491908 -0.03807119061 0.2187330317 0.4383999274 -0.005041858195 0.05882458309 0.2455914364 -0.9748290221 -0.1279206264 -0.1826052875 0.06441914167 0.6224902117 -0.7799718652 0.2134444937 -0.7721024865 -0.5985809874 0.000250165482 0.5976344238 0
0.9517935858 0.5060876854 0.4528348343 -0.03862959903 0.2200962018 0.4373497348 -0.005119194327 0.05925817404 0.2454471374 -0.9740755881 -0.1306332065 -0.184693568 0.06579297095 0.6175439941 -0.7837797524 0.2164440659 -0.7756122618 -0.5929397825 0.0002550076916 0.6022703296 0
0.9591199062 0.5099832365 0.4563204778 -0.03919128139 0.2214520495 0.4362933849 -0.005197091433 0.05969124558 0.2453017923 -0.9733062223 -0.1333772344 -0.1867766341 0.06718304383 0.6125861112 -0.7875434559 0.2194571401 -0.7790691688 -0.5872731851 0.0002599138018 0.6069062354 0
0.9664462267 0.5138787876 0.4598061213 -0.03975621502 0.2228005339 0.4352309204 -0.00527554868 0.06012379397 0.2451554025 -0.9725207399 -0.1361526527 -0.1888540856 0.06858934245 0.60761707 -0.7912629136 0.2224835108 -0.7824729717 -0.5815815816 0.000264884327 0.6115421413 0
0.9737725471 0.5177743387 0.4632917647 -0.04032437715 0.2241416142 0.4341623841 -0.005354565227 0.0605558155 0.2450079697 -0.9717189566 -0.1389593985 -0.190925522 0.07001184623 0.6026373776 -0.7949380683 0.2255229717 -0.7858234386 -0.5758653597 0.0002699197827 0.6161780471 0
0.9810988675 0.5216698898 0.4667774082 -0.04089574487 0.2254752501 0.433087819 -0.005434140229 0.06098730647 0.2448594955 -0.9709006883 -0.1417974033 -0.1929905436 0.07145053195 0.5976475413 -0.7985688686 0.2285753158 -0.7891203412 -0.5701249093 0.0002750206864 0.6208139529 0
0.988425188 0.5255654409 0.4702630517 -0.04147029517 0.2268014017 0.4320072685 -0.005514272833 0.06141826317 0.2447099813 -0.9700657513 -0.1446665928 -0.1950487507 0.07290537367 0.5926480682 -0.8021552679 0.2316403348 -0.7923634546 -0.5643606215 0.0002801875568 0.6254498587 0
0.9957515084 0.5294609921 0.4737486952 -0.04204800491 0.2281200292 0.4309207761 -0.005594962183 0.06184868191 0.244559429 -0.9692139622 -0.1475668875 -0.1970997441 0.07437634282 0.5876394655 -0.8056972249 0.23471782 -0.7955525578 -0.5585728893 0.0002854209143 0.6300857646 0
1.003077829 0.5333565432 0.4772343386 -0.04262885082 0.2294310934 0.4298283856 -0.005676207413 0.06227855899 0.24440784 -0.9683451384 -0.150498202 -0.1991431249 0.0758634081 0.5826222402 -0.8091947038 0.2378075615 -0.7986874335 -0.5527621072 0.0002907212808 0.6347216704 0
1.010404149 0.5372520943 0.4807199821 -0.04321280954 0.2307345553 0.4287301408 -0.005758007655 0.06270789073 0.244255216 -0.9674590973 -0.1534604453 -0.201178495 0.07736653559 0.5775968989 -0.8126476737 0.2409093487 -0.801767868 -0.5469286714 0.0002960891797 0.6393575762 0
1.01773047 0.5411476454 0.4842056256 -0.04379985758 0.2320303762 0.4276260859 -0.005840362032 0.06313667346 0.2441015587 -0.966555657 -0.1564535211 -0.2032054567 0.07888568867 0.5725639481 -0.8160561093 0.2440229702 -0.8047936512 -0.5410729793 0.0003015251359 0.643993482 0
1.02505679 0.5450431965 0.4876912691 -0.04438997133 0.233318518 0.4265162655 -0.005923269664 0.0635649035 0.2439468697 -0.9656346363 -0.1594773272 -0.2052236128 0.08042082806 0.5675238939 -0.8194199901 0.2471482138 -0.807764577 -0.5351954302 0.0003070296757 0.6486293878 0
1.032383111 0.5489387476 0.4911769125 -0.04498312708 0.2345989426 0.4254007239 -0.006006729663 0.0639925772 0.2437911507 -0.9646958543 -0.1625317562 -0.2072325671 0.08197191181 0.562477242 -0.8227393013 0.2502848664 -0.8106804429 -0.5292964247 0.0003126033271 0.6532652937 0
