0.01061486914 0.009659530921 0 -8.715356061e-06 0.00270674517 0.5099904227 -1.097098456e-06 0.0006748991131 0.2549988077 -0.9999999987 -3.566190497e-07 -5.075456579e-05 1.794419302e-07 0.9999442265 -0.01056143583 5.075550144e-05 -0.01056143583 -0.9999442252 6.833291568e-08 0
0.02022973829 0.01840906184 0 -3.165370869e-05 0.005158261661 0.5099652157 -4.007867269e-06 0.001288730346 0.254995644 -0.999999983 -2.472380872e-06 -0.0001843256033 1.237876377e-06 0.9997974494 -0.02012610499 0.0001843380275 -0.02012610488 -0.9997974324 6.503444092e-08 0
0.03058421275 0.0278316336 0 -7.23465454e-05 0.007797862965 0.5099204983 -9.185586634e-06 0.001950125477 0.2549900162 -0.9999999112 -8.544728556e-06 -0.0004212380309 4.274428111e-06 0.9995371223 -0.03042270684 0.000421303003 -0.03042270594 -0.9995370336 5.210308781e-08 0
0.0401990819 0.03658116452 0 -0.000124976523 0.01024824261 0.5098626632 -1.588705202e-05 0.002564140333 0.2549827321 -0.9999997351 -1.940050036e-05 -0.0007275651337 9.702044542e-06 0.9992005363 -0.03997859571 0.0007277590766 -0.03997859218 -0.9992002715 2.350180653e-07 0
0.05055355636 0.04600373629 0 -0.0001976342873 0.01288613869 0.5097828195 -2.514144493e-05 0.003225213484 0.2549726731 -0.9999993377 -3.857708775e-05 -0.001150308005 1.928850091e-05 0.9987360652 -0.0502620313 0.001150793054 -0.0502620202 -0.9987354029 5.032979431e-07 0
0.0601684255 0.05475326721 0 -0.0002799328716 0.01533448853 0.5096923815 -3.562591674e-05 0.003838921907 0.254961277 -0.9999986712 -6.502299322e-05 -0.001628928371 3.250701307e-05 0.9982102431 -0.05980225372 0.001629901507 -0.05980222721 -0.9982089145 8.141681782e-07 0
0.07052289997 0.06417583897 0 -0.0003845237866 0.01796971822 0.5095774464 -4.895287715e-05 0.004499691908 0.2549467913 -0.9999974927 -0.0001046651781 -0.002236863079 5.231825488e-05 0.9975424183 -0.07006511935 0.002238699184 -0.07006506071 -0.9975399117 1.214107942e-06 0
0.08013776911 0.07292536989 0 -0.0004964549857 0.02041514628 0.5094544451 -6.321801099e-05 0.005113128358 0.2549312858 -0.9999958207 -0.0001535186462 -0.002887053799 7.672846335e-05 0.9968282549 -0.07958281447 0.002890114246 -0.07958270339 -0.996824077 1.645880922e-06 0
0.09049224357 0.08234794165 0 -0.0006329333121 0.0230467497 0.5093044689 -8.061543901e-05 0.005773600859 0.2549123757 -0.9999932071 -0.0002209448658 -0.003679262284 0.0001104119183 0.9959582127 -0.08981773964 0.003684236257 -0.08981753575 -0.9959514228 2.176382026e-06 0
0.1001071127 0.09109747257 0 -0.000774448179 0.02548836544 0.509148958 -9.865931727e-05 0.006386748164 0.2548927629 -0.9999898301 -0.0002989763302 -0.004500041691 0.0001493845657 0.9950569228 -0.09930608298 0.004507487806 -0.09930574528 -0.9950467585 2.730552231e-06 0
0.1104615872 0.1005200443 0 -0.0009427542392 0.02811538448 0.5089640063 -0.0001201250316 0.007046889519 0.2548694308 -0.9999849297 -0.0004014467478 -0.005475328153 0.0002005503916 0.9939861429 -0.1095057423 0.005486361036 -0.1095051901 -0.9939710827 3.394675205e-06 0
0.1200764563 0.1092695753 0 -0.001113790898 0.0305522992 0.508776054 -0.0001419454639 0.007659707659 0.2548457131 -0.9999789659 -0.0005153654419 -0.006465457655 0.0002574170814 0.9928992589 -0.1189579568 0.006480854934 -0.1189571189 -0.9928782415 4.074962308e-06 0
0.1304309308 0.118692147 0 -0.001313851106 0.03317377797 0.5085562076 -0.0001674768993 0.008319468834 0.2548179617 -0.9999707316 -0.0006600667121 -0.007622350787 0.0003296284286 0.9916295614 -0.1291150818 0.007643772935 -0.1291138153 -0.9916003204 4.877415739e-06 0
0.1400457999 0.1274416779 0 -0.001514334783 0.03560510526 0.5083358958 -0.0001930712995 0.008931908685 0.2547901418 -0.9999611187 -0.0008165065871 -0.008780337179 0.0004076726261 0.9903589304 -0.1385244485 0.008808791462 -0.138522642 -0.9903200911 5.688730973e-06 0
0.1504002744 0.1368642497 0 -0.001746061685 0.03822009057 0.5080812509 -0.0002226654435 0.009591234211 0.2547579744 -0.9999483103 -0.001010536769 -0.01011709291 0.0005044359984 0.9888924724 -0.1486318393 0.01015491496 -0.14862926 -0.988840847 6.635312091e-06 0
0.1600151435 0.1456137806 0 -0.001975904748 0.04064494672 0.5078286761 -0.0002520307992 0.01020324263 0.2547260556 -0.999933808 -0.001216042565 -0.01144119116 0.0006068841339 0.9874402522 -0.1579917086 0.01148961733 -0.1579881943 -0.9873741536 7.583468744e-06 0
0.170369618 0.1550363524 0 -0.002239197065 0.04325248852 0.5075393439 -0.0002856841741 0.01086207406 0.254689476 -0.9999149949 -0.001466396215 -0.01295579592 0.0007316398696 0.9857795232 -0.1680422454 0.01301797484 -0.16803744 -0.9856946541 8.680868562e-06 0
0.1807240925 0.1644589241 0 -0.002518812209 0.04585579789 0.5072320745 -0.0003214408106 0.01152062575 0.2546506102 -0.9998924432 -0.001748669824 -0.01456173797 0.0008722399917 0.9840191498 -0.1780605293 0.01464039809 -0.178054079 -0.9839117865 9.85936917e-06 0
0.1903389616 0.1732084551 0 -0.002793041754 0.04826914487 0.5069307233 -0.0003565256948 0.01213187335 0.2546124746 -0.9998677525 -0.002040963185 -0.01613418687 0.001017765454 0.9822959956 -0.187332702 0.0162308863 -0.1873243485 -0.9821640122 1.102815612e-05 0
0.2006934361 0.1826310268 0 -0.003104042207 0.05086357514 0.5065889646 -0.0003963353799 0.01278983957 0.2545692032 -0.9998366676 -0.002389950813 -0.0179144135 0.001191434645 0.9803457561 -0.1972834992 0.01803381711 -0.1972726203 -0.9801827864 1.236912113e-05 0
0.2103083052 0.1913805577 0 -0.003407353785 0.05326824026 0.5062556552 -0.000435181698 0.01340051526 0.254526979 -0.9998031949 -0.002747306655 -0.01964748648 0.00136917895 0.9784477944 -0.2064898037 0.01979133062 -0.2064760664 -0.9782514693 1.36926566e-05 0
0.2206627797 0.2008031295 0 -0.003749603703 0.05585285138 0.5058795564 -0.0004790397645 0.01405783502 0.2544793072 -0.9997616828 -0.003169677606 -0.02159932309 0.001579149715 0.9763109923 -0.2163662465 0.02177346781 -0.2163487913 -0.9760733152 1.52046255e-05 0
0.2302776488 0.2095526604 0 -0.004081864848 0.05824796389 0.5055144342 -0.0005216429629 0.01466788198 0.2544329993 -0.9997175867 -0.003598218946 -0.02349041799 0.001792069819 0.9742414363 -0.2255003598 0.02369673823 -0.225478772 -0.9739598493 1.669113242e-05 0
0.2406321233 0.2189752322 0 -0.00445521478 0.06082182056 0.5051041596 -0.0005695442703 0.01532449399 0.2543809326 -0.9996635764 -0.004100488432 -0.02561093588 0.002041476246 0.9719216872 -0.2352956998 0.02585665131 -0.2352688249 -0.9715863387 1.838326135e-05 0
0.2502469924 0.2277247631 0 -0.004816280426 0.06320651434 0.5047073841 -0.0006158993558 0.01593385522 0.2543305465 -0.9996068534 -0.004606188786 -0.02765721705 0.00229243364 0.9696840366 -0.2443514147 0.02794429062 -0.2443187511 -0.9692922493 2.00415076e-05 0
0.2606014669 0.2371473349 0 -0.005220567394 0.0657686865 0.5042631128 -0.0006678382901 0.016589698 0.254274091 -0.9995381021 -0.005194704199 -0.02994323883 0.002584302669 0.9671852609 -0.2540590336 0.03028042078 -0.2540190667 -0.9667250953 2.192351064e-05 0
0.270216336 0.2458968658 0 -0.00561027995 0.0681421005 0.5038348572 -0.0007179398301 0.0171983164 0.2542196325 -0.9994665914 -0.005783374992 -0.03214164242 0.00287605537 0.9647832949 -0.2630302686 0.03253092235 -0.2629824071 -0.9642520379 2.376275608e-05 0
0.2805708105 0.2553194376 0 -0.006045327529 0.07069166374 0.5033567829 -0.0007739103047 0.01785332844 0.2541587948 -0.9993806893 -0.006464302511 -0.03458974794 0.003213298286 0.9621097098 -0.2726436887 0.03504158363 -0.2725859847 -0.9614930932 2.584484985e-05 0
0.2901856796 0.2640689685 0 -0.006463516964 0.07305294237 0.5028972341 -0.0008277524279 0.01846114687 0.2541002703 -0.9992920778 -0.007141580811 -0.03693698758 0.003548493054 0.9595474796 -0.2815244975 0.03745332328 -0.2814562707 -0.9588428528 2.787479642e-05 0
0.3005401541 0.2734915402 0 -0.006929135379 0.07558897841 0.5023855655 -0.0008877478838 0.01911526664 0.2540350574 -0.9991864538 -0.007920892387 -0.03954352031 0.003933897225 0.956703591 -0.2910373916 0.04013670375 -0.2909561794 -0.9558941085 3.016764806e-05 0
0.3101550233 0.2822410712 0 -0.007375619306 0.07793727196 0.5018949238 -0.0009453242808 0.01972222798 0.2539724738 -0.9990782812 -0.008692228992 -0.04203609323 0.004315062007 0.9539854114 -0.2998219724 0.04270794093 -0.2997270092 -0.9530685976 3.239839306e-05 0
0.3205094977 0.2916636429 0 -0.007871605528 0.08045886907 0.501349884 -0.001009337687 0.020375394 0.2539028934 -0.998950209 -0.00957568971 -0.04479716706 0.004751282885 0.9509760048 -0.3092281741 0.045562104 -0.3091163932 -0.9499321819 3.491307164e-05 0
0.3301243669 0.3004131738 0 -0.008346189302 0.08279333415 0.5008283634 -0.001070641611 0.02098144119 0.253836258 -0.9988198737 -0.01044633761 -0.04743136059 0.005180819519 0.9481064457 -0.3179108786 0.04829098307 -0.317781437 -0.9469334397 3.735506436e-05 0
0.3404788413 0.3098357456 0 -0.008872327153 0.0852995876 0.5002501899 -0.001138665468 0.02163359204 0.2537623181 -0.9986664777 -0.01143949349 -0.05034286702 0.005670372921 0.9449365763 -0.3272043913 0.05131386891 -0.3270535198 -0.9436116161 4.010299607e-05 0
0.3500937105 0.3185852765 0 -0.009374803973 0.0876193875 0.4996980176 -0.001203689735 0.02223866809 0.2536916386 -0.9985112428 -0.01241449674 -0.05311476553 0.006150550098 0.9419204538 -0.3357797337 0.05419842046 -0.3356065242 -0.9404418069 4.276699783e-05 0
0.3604481849 0.3280078483 0 -0.009930864239 0.09010940002 0.4990869624 -0.00127571607 0.02288974245 0.2536133479 -0.9983295053 -0.01352266294 -0.05617238133 0.006695804783 0.9385954365 -0.3449547401 0.05738784746 -0.3447546144 -0.9369369727 4.575992479e-05 0
0.3700630541 0.3367573792 0 -0.01046101525 0.09241370515 0.4985043788 -0.001344453061 0.02349379047 0.2535386326 -0.9981465047 -0.01460684594 -0.05907787344 0.0072287513 0.9354378029 -0.3534174048 0.06042598971 -0.3531894066 -0.9335983841 4.865697252e-05 0
0.3804175285 0.346179951 0 -0.0110467558 0.0948865873 0.4978607079 -0.001420473434 0.02414372713 0.2534560003 -0.9979332726 -0.01583509551 -0.06227706866 0.007831921849 0.931963202 -0.362468276 0.06377965609 -0.362206902 -0.9299130688 5.190691547e-05 0
0.3900323977 0.3549294819 0 -0.01160435022 0.09717457556 0.4972479668 -0.001492915094 0.02474669033 0.2533772579 -0.9977195181 -0.01703305271 -0.0653118549 0.008419620152 0.9286693358 -0.3708131265 0.06696919644 -0.3705173949 -0.9264081103 5.504828872e-05 0
0.4003868721 0.3643520536 0 -0.01221951614 0.09962944623 0.4965719603 -0.001572920598 0.0253954282 0.2532902936 -0.9974715099 -0.01838620573 -0.06864790127 0.009082760191 0.9250509533 -0.37973443 0.07048468186 -0.3793977877 -0.9225449736 5.856751323e-05 0
0.4100017413 0.3731015846 0 -0.01280431136 0.1019003034 0.4959293282 -0.001649058439 0.02599724993 0.2532075332 -0.9972238978 -0.0197022919 -0.07180750205 0.00972704023 0.9216263486 -0.387956516 0.07382331843 -0.3875779835 -0.9188761747 6.196470445e-05 0
0.4203562157 0.3825241563 0 -0.01344863506 0.1043362902 0.4952212802 -0.001733039699 0.02664472807 0.253116247 -0.996937712 -0.02118490519 -0.07527548174 0.01045203598 0.9178702129 -0.3967430241 0.0774980858 -0.3963148648 -0.9148380046 6.576569068e-05 0
0.4307106902 0.3919467281 0 -0.01410796812 0.1067621449 0.4944967383 -0.001819078617 0.02729152907 0.2530227241 -0.9966303537 -0.02273635015 -0.07880987519 0.01120979053 0.9140450943 -0.4054576503 0.08125440691 -0.4049748436 -0.9107102159 6.97177519e-05 0
0.4403255594 0.400696259 0 -0.01473357816 0.1090054501 0.4938092548 -0.001900811974 0.02789150942 0.252933881 -0.9963251528 -0.02423958339 -0.08215006036 0.01194313357 0.9104329224 -0.4134842868 0.08481480638 -0.4129459244 -0.9067977239 7.352579443e-05 0
0.4506800338 0.4101188308 0 -0.0154216388 0.1114111137 0.4930531442 -0.001990811523 0.02853695843 0.2528360525 -0.995974239 -0.02592688312 -0.08580857735 0.01276527443 0.9064796104 -0.4220565882 0.0887263376 -0.4214528593 -0.9024993764 7.777891948e-05 0
0.460294903 0.4188683617 0 -0.01607378713 0.113635275 0.4923364977 -0.002076217766 0.02913565523 0.2527432168 -0.9956269014 -0.02755808976 -0.08926155314 0.0135590943 0.902751418 -0.4299488671 0.09242956314 -0.4292789641 -0.8984299343 8.187249751e-05 0
0.4706493774 0.4282909335 0 -0.0167902765 0.116019899 0.4915491467 -0.002170167398 0.02977969172 0.2526410942 -0.9952287629 -0.02938509606 -0.09303883948 0.01444705991 0.8986764568 -0.438374165 0.09649348155 -0.4376267156 -0.89396413 8.643959422e-05 0
0.4802642466 0.4370404644 0 -0.01746867999 0.1182241329 0.4908036484 -0.00225923652 0.03037704884 0.2525442765 -0.994835838 -0.03114771668 -0.09659956049 0.01530260601 0.8948384064 -0.4461278479 0.1003368606 -0.4453021965 -0.8897406747 9.083075731e-05 0
0.490618721 0.4464630361 0 -0.01821328713 0.1205868788 0.4899853988 -0.002357125228 0.03101961244 0.2524378718 -0.9943867143 -0.03311798622 -0.1004901058 0.01625764766 0.8906485219 -0.4544016939 0.1045502333 -0.4534847401 -0.8851106367 9.572486603e-05 0
0.5002335902 0.4552125671 0 -0.01891765142 0.1227704117 0.4892113721 -0.002449846792 0.03161557392 0.2523370835 -0.993944671 -0.03501518371 -0.1041533863 0.01717599331 0.886706939 -0.462012759 0.108530992 -0.4610040577 -0.8807362162 0.0001004257785 0
0.5105880646 0.4646351388 0 -0.01969005337 0.1251104517 0.4883625787 -0.002551663107 0.03225660445 0.252226409 -0.9934407191 -0.03713197028 -0.1081515344 0.01819917038 0.8824090257 -0.4701309408 0.1128907782 -0.4690154882 -0.875945286 0.0001056600546 0
0.5202029338 0.4733846697 0 -0.02042007309 0.12727252 0.4875603592 -0.002648026249 0.03285111449 0.2521216618 -0.9929459537 -0.0391666229 -0.1119120579 0.01918120865 0.8783703859 -0.4775955887 0.1170060438 -0.4763732158 -0.8714230574 0.0001106829801 0
0.5305574082 0.4828072415 0 -0.02121993509 0.1295890371 0.48668139 -0.00275375824 0.03349055198 0.2520067304 -0.9923832572 -0.04143287031 -0.1160120168 0.02027338424 0.8739714931 -0.4855541362 0.1215090971 -0.4842077514 -0.8664746925 0.000116270679 0
0.5401722774 0.4915567724 0 -0.02197529395 0.1317288874 0.4858513253 -0.00285375167 0.03408355499 0.2518980366 -0.9918321021 -0.04360756537 -0.1198643459 0.02131982411 0.8698424091 -0.4928687944 0.1257558996 -0.4913985792 -0.8618079195 0.0001216279675 0
0.5505267519 0.5009793442 0 -0.0228022696 0.1340210762 0.4849425609 -0.00296338695 0.03472133966 0.2517788617 -0.9912066805 -0.04602590093 -0.1240601989 0.02248166118 0.8653497266 -0.5006639848 0.1303989701 -0.4990505658 -0.8567056912 0.0001275824304 0
0.560141621 0.5097288751 0 -0.0235826406 0.1361379659 0.4840850103 -0.003066998951 0.03531278024 0.2516662339 -0.990595413 -0.04834292903 -0.1279987852 0.02359302407 0.8611369349 -0.507825313 0.1347742446 -0.506069304 -0.8518977418 0.0001332865063 0
0.5704960955 0.5191514469 0 -0.02443637202 0.1384050325 0.4831468439 -0.003180524674 0.03594885253 0.2515428294 -0.9899032309 -0.05091565766 -0.1322845014 0.02482498193 0.8565577788 -0.5154536757 0.1395539815 -0.5135332193 -0.8466453324 0.0001396211492 0
0.5801109646 0.5279009778 0 -0.0252414176 0.1404982301 0.4822621785 -0.003287743108 0.03653867547 0.2514262808 -0.9892280817 -0.0533770076 -0.1363036957 0.02600159872 0.8522681266 -0.5224585698 0.1440545704 -0.5203748028 -0.8416996765 0.000145684501 0
0.5904654391 0.5373235496 0 -0.02612153567 0.1427393928 0.4812950158 -0.003405145973 0.03717297606 0.2512986611 -0.9884650586 -0.05610610667 -0.1406731412 0.02730392997 0.8476099247 -0.5299168907 0.1489675242 -0.52764526 -0.8363008767 0.0001524128039 0
0.6000803082 0.5460730805 0 -0.02695090789 0.1448081781 0.4803836177 -0.003515958277 0.03776112637 0.2511782051 -0.9877222212 -0.05871346085 -0.1447672039 0.02854593831 0.8432503557 -0.5367624866 0.1535901794 -0.5343047512 -0.8312210835 0.0001588479753 0
0.6104347827 0.5554956522 0 -0.02785703237 0.1470226677 0.4793878765 -0.00363722453 0.03839359614 0.251046385 -0.9868842412 -0.06160057558 -0.1492141532 0.02991868624 0.8385206322 -0.5440478119 0.1586328044 -0.5413765035 -0.8256797895 0.0001659834731 0
0.6200496518 0.5642451832 0 -0.02871037308 0.1490663325 0.4784501395 -0.003751617723 0.03898001906 0.2509220358 -0.9860698805 -0.06435530614 -0.1533772647 0.03122602836 0.834098173 -0.5507314889 0.1633741898 -0.5478490963 -0.8204695252 0.0001728030547 0
0.6304041263 0.5736677549 0 -0.02964211287 0.1512533926 0.4774262496 -0.003876733156 0.03961059915 0.2507860307 -0.9851528022 -0.06740174578 -0.1578954118 0.03266902476 0.8293045341 -0.5578411284 0.1685428468 -0.55471704 -0.8147897363 0.0001803593292 0
0.6400189954 0.5824172858 0 -0.03051905393 0.1532712405 0.4764625781 -0.003994693836 0.04019524012 0.2506578027 -0.9842630641 -0.07030491129 -0.1621216831 0.03404144568 0.8248262802 -0.5643605119 0.1733995406 -0.5609980632 -0.8094527611 0.0001875759519 0
0.6503734699 0.5918398576 0 -0.03147600723 0.1554301279 0.4754109811 -0.004123643793 0.04082387193 0.2505176285 -0.9832627302 -0.07351164588 -0.1667046532 0.03555430918 0.8199763983 -0.571292042 0.1786904994 -0.5676572418 -0.8036385763 0.0001955666245 0
0.6607279444 0.6012624294 0 -0.03244587255 0.1575741192 0.474345195 -0.004254576102 0.04145147051 0.2503752988 -0.9822175878 -0.07680176541 -0.171318706 0.03710317907 0.8151003915 -0.5781303537 0.1840433761 -0.5742062701 -0.7977563507 0.0002037879143 0
0.6703428135 0.6100119603 0 -0.03335792518 0.1595514603 0.4733429394 -0.004377927514 0.0420333018 0.2502412095 -0.9812059984 -0.07993164658 -0.1756294978 0.03857349005 0.8105510985 -0.5843962719 0.1890684387 -0.5801877701 -0.7922343573 0.0002116316782 0
0.680697288 0.619434532 0 -0.03435237391 0.1616661764 0.4722501386 -0.004512671232 0.04265886358 0.2500947356 -0.9800712804 -0.08338288005 -0.1802985876 0.04019123753 0.8056305922 -0.5910533083 0.194537785 -0.586520796 -0.7862241449 0.0002203081121 0
0.6903121571 0.628184063 0 -0.03528705656 0.1636160028 0.4712230148 -0.004639554534 0.0432387766 0.2499568059 -0.9789745841 -0.08666245684 -0.1846574727 0.04172510314 0.8010435843 -0.5971500581 0.1996691749 -0.5922995819 -0.7805853098 0.0002285808653 0
0.7006666316 0.6376066347 0 -0.03630566093 0.1657007353 0.4701036693 -0.004778093877 0.04386224363 0.2498062049 -0.9777461384 -0.09027491046 -0.1893751026 0.04341080537 0.7960863502 -0.6036240759 0.2052510436 -0.5984120349 -0.7744514482 0.0002377261377 0
0.7102815007 0.6463561656 0 -0.03726257176 0.1676223959 0.469052119 -0.004908494205 0.04444018471 0.249664451 -0.9765604878 -0.09370412138 -0.193776034 0.04500726858 0.7914688513 -0.6095501647 0.2104850577 -0.6039839361 -0.7686998409 0.0002464406061 0
0.7206359752 0.6557787374 0 -0.03830489406 0.1696764508 0.4679067098 -0.005050812946 0.04506149929 0.2495097403 -0.9752341821 -0.09747755642 -0.1985356796 0.04675978712 0.7864826732 -0.6158396926 0.2161754204 -0.609871405 -0.7624467568 0.0002560684311 0
0.7302508443 0.6645282683 0 -0.03928362207 0.1715693078 0.4668311845 -0.005184715027 0.045637415 0.2493641785 -0.9739557529 -0.1010560196 -0.2029725901 0.04841769085 0.7818419114 -0.621593881 0.2215082812 -0.6152324005 -0.7565865283 0.000265237357 0
0.7406053188 0.6739508401 0 -0.0403492149 0.1735920058 0.4656602034 -0.005330796496 0.04625651976 0.2492053762 -0.9725274851 -0.1049898523 -0.2077677109 0.05023567211 0.7768345697 -0.6276977207 0.2273030313 -0.6208906363 -0.7502187346 0.000275361464 0
0.7502201879 0.682700371 0 -0.04134934023 0.1754554355 0.4645611646 -0.005468184647 0.04683035694 0.2490560235 -0.9711524855 -0.1087168656 -0.2122345239 0.05195365977 0.7721777625 -0.6332790225 0.2327308902 -0.626036857 -0.7442541142 0.0002849976015 0
0.7605746624 0.6921229428 0 -0.04243774668 0.1774461122 0.4633651135 -0.005618011735 0.04744719477 0.248893148 -0.9696181934 -0.1128101678 -0.2170585752 0.05383553577 0.7671570185 -0.6391962485 0.2386258455 -0.6314617763 -0.7377762065 0.0002956317309 0
0.7701895315 0.7008724737 0 -0.04345884075 0.1792795047 0.4622430321 -0.005758869866 0.04801890054 0.2487400218 -0.9681428735 -0.1166847101 -0.2215492156 0.05561205229 0.7624913588 -0.6446039307 0.2441447852 -0.6363895083 -0.7317114989 0.0003057478428 0
0.780544006 0.7102950455 0 -0.04456959472 0.1812375113 0.4610224234 -0.005912425026 0.04863341464 0.248573092 -0.9664985452 -0.1209362107 -0.2263956604 0.057556042 0.7574649394 -0.6503338893 0.2501356914 -0.6415771961 -0.7251281524 0.000316905742 0
0.7901588751 0.7190445764 0 -0.04561122049 0.1830402713 0.4598777797 -0.006056736641 0.0492029364 0.2484162102 -0.9649192064 -0.1249569428 -0.2309040657 0.05938933524 0.7527975807 -0.6555674712 0.255741729 -0.6462828831 -0.7189677344 0.0003275145956 0
0.8005133496 0.7284671481 0 -0.04674384683 0.1849649743 0.4586331353 -0.006214001891 0.04981507028 0.2482452455 -0.9631608901 -0.1293650296 -0.2357663862 0.06139344632 0.7477731629 -0.6611097803 0.2618242626 -0.6512295954 -0.7122837002 0.0003392100151 0
0.8101282187 0.7372166791 0 -0.04780555903 0.1867365211 0.4574664187 -0.006361750091 0.05038235572 0.2480846261 -0.9614738943 -0.1335302972 -0.2402865171 0.06328156889 0.7431112054 -0.6661690322 0.2675133522 -0.6557098414 -0.7060320179 0.000350324379 0
0.8204826932 0.7466392508 0 -0.04895957386 0.1886273032 0.4561982705 -0.006522707017 0.05099205322 0.2479096465 -0.9595977084 -0.1380930197 -0.2451582265 0.06534359994 0.738096401 -0.6715235787 0.2736831234 -0.6604120084 -0.6992521199 0.000362571069 0
0.8300975624 0.7553887817 0 -0.05004091917 0.1903670709 0.4550099789 -0.006673874502 0.05155705033 0.2477453083 -0.9577994871 -0.1424008556 -0.249684078 0.06728441151 0.7334468772 -0.6764085203 0.2794511593 -0.6646635801 -0.692913685 0.0003742037098 0
0.8404520368 0.7648113535 0 -0.05121583011 0.1922233308 0.453718868 -0.006838504258 0.05216425559 0.2475663339 -0.9558016299 -0.1471159285 -0.2545587318 0.06940195472 0.7284492175 -0.681575459 0.2857037154 -0.6691178081 -0.6860428163 0.0003870154166 0
0.850066906 0.7735608844 0 -0.05231634746 0.1939307687 0.4525095083 -0.00699307333 0.05272691266 0.247398296 -0.9538886936 -0.1515640566 -0.2590843434 0.07139312468 0.7238190783 -0.6862863569 0.2915465348 -0.6731376373 -0.6796222034 0.0003991790957 0
0.8604213804 0.7829834562 0 -0.05351165386 0.1957519217 0.4511959848 -0.007161356641 0.05333157016 0.2472153477 -0.9517654531 -0.1564288636 -0.2639555512 0.07356356895 0.7188459992 -0.6912661071 0.2978773635 -0.677340712 -0.6726653226 0.000412569558 0
0.8700362496 0.7917329871 0 -0.05463087461 0.1974264947 0.4499660719 -0.007319309203 0.0538918358 0.2470436295 -0.9497343999 -0.1610147025 -0.2684750179 0.07560257954 0.7142421 -0.6958034727 0.3037907497 -0.6811258975 -0.6661671653 0.0004252770281 0
0.880390724 0.8011555589 0 -0.05584606782 0.1992119727 0.4486306947 -0.007491226371 0.05449389037 0.2468567285 -0.9474821634 -0.1660263015 -0.2733364543 0.07782311406 0.7093009273 -0.7005967153 0.310195282 -0.6850747855 -0.6591292933 0.000439259974 0
0.8900055932 0.8099050898 0 -0.05698351606 0.200853161 0.4473807516 -0.007652543934 0.0550517135 0.24668135 -0.9453296881 -0.1707469696 -0.2778439367 0.07990726389 0.7047300143 -0.7049613012 0.3161749673 -0.6886225958 -0.6525582814 0.0004525239763 0
0.9003600676 0.8193276616 0 -0.0582180797 0.202602413 0.4460240882 -0.007828074834 0.05565111031 0.2464905181 -0.9429449517 -0.1759020975 -0.2826893529 0.08217488214 0.699827949 -0.7095689752 0.3226485811 -0.6923144473 -0.6454444974 0.0004671131193 0
0.9107145421 0.8287502333 0 -0.0594624815 0.2043326699 0.4446566137 -0.00800547146 0.05624910755 0.2462976565 -0.9404901707 -0.1811302592 -0.2875240304 0.08446566714 0.6949489511 -0.7140808823 0.3291561787 -0.6958719599 -0.6382933694 0.0004820219799 0
0.9203294112 0.8374997642 0 -0.06062668264 0.2059222053 0.4433772718 -0.008171862606 0.05680312475 0.2461167587 -0.9381472318 -0.1860494978 -0.2920023217 0.08661279429 0.6904407496 -0.7181850703 0.3352282735 -0.6990544726 -0.6316208111 0.000496155416 0
0.9306838857 0.846922336 0 -0.06188965655 0.2076154324 0.4419893884 -0.008352841603 0.05739838164 0.24592 -0.9355548585 -0.1914156343 -0.2968116601 0.08894573341 0.6856115231 -0.7225133189 0.3417978396 -0.7023509766 -0.6244015875 0.000511691263 0
0.9402987549 0.8556718669 0 -0.06307085578 0.2091703454 0.4406913673 -0.008522549454 0.05794982917 0.2457354939 -0.9330826585 -0.196461151 -0.3012636196 0.09113040979 0.6811527257 -0.7264476668 0.3479252805 -0.7052899974 -0.617668211 0.0005264132467 0
0.9506532293 0.8650944387 0 -0.0643518671 0.2108260356 0.4392836625 -0.008707089645 0.0585422918 0.2455348607 -0.9303495033 -0.2019612203 -0.3060416102 0.09350202421 0.6763800943 -0.7305938266 0.3545520739 -0.7083231137 -0.6103861019 0.0005425897422 0
0.9602680985 0.8738439696 0 -0.06554956475 0.2123458636 0.4379675113 -0.008880094342 0.05909111974 0.2453467676 -0.9277451444 -0.2071291232 -0.31046171 0.09572093606 0.6719769583 -0.7343599049 0.3607304387 -0.7110165215 -0.6035967666 0.0005579129479 0
0.9706225729 0.8832665414 0 -0.06684807202 0.2139635274 0.4365405802 -0.009068174136 0.05968073456 0.2451422833 -0.9248681579 -0.2127587865 -0.3152024576 0.09812756874 0.6672675719 -0.738325787 0.3674096771 -0.7137840614 -0.5962570276 0.0005747437272 0
0.9802374421 0.8920160723 0 -0.06806176222 0.2154478241 0.4352068547 -0.00924445544 0.06022689338 0.2449506251 -0.9221288766 -0.2180449118 -0.3195852803 0.1003772395 0.6629261866 -0.7419253877 0.3736345069 -0.7162299125 -0.5894166334 0.0005906808024 0
0.9905919165 0.901438644 0 -0.06937721745 0.2170269901 0.4337612995 -0.009436052834 0.06081360722 0.2447423133 -0.9191051581 -0.2237995422 -0.3242830141 0.102815061 0.658286508 -0.745713039 0.3803613697 -0.7187298785 -0.5820245615 0.0006081794703 0
1.000206786 0.910188175 0 -0.07060638844 0.2184753264 0.4324105622 -0.009615590124 0.06135704773 0.2445471121 -0.916228333 -0.2291994626 -0.3286232618 0.1050918568 0.6540127834 -0.7491481701 0.3866281722 -0.7209264078 -0.5751380451 0.0006247430326 0
1.01056126 0.9196107467 0 -0.0719382374 0.2200155414 0.4309469919 -0.009810682708 0.06194080783 0.2443349969 -0.9130551388 -0.2350741537 -0.3332723447 0.1075568716 0.6494490753 -0.7527598674 0.3933978049 -0.723156996 -0.5676989751 0.0006429231595 0
1.020176129 0.9283602776 0 -0.07318237174 0.2214275048 0.4295798113 -0.009993454986 0.0624814812 0.2441362754 -0.9100382977 -0.2405831868 -0.3375648485 0.1098570075 0.6452487296 -0.7560327472 0.3997020572 -0.7251026184 -0.5607713066 0.0006601257927 0
1.030530604 0.9377828494 0 -0.07453005426 0.2229283341 0.4280988415 -0.01019201994 0.06306223517 0.2439203813 -0.9067130491 -0.2465727619 -0.3421597866 0.1123450605 0.6407670427 -0.7594709898 0.4065095742 -0.7270622189 -0.5532906072 0.0006790009108 0
1.040145473 0.9465323803 0 -0.07578862913 0.2243035297 0.4267157922 -0.01037800584 0.06360009296 0.2437181624 -0.9035538767 -0.2521859789 -0.3463995148 0.1146646067 0.6366455915 -0.7625840405 0.4128467268 -0.7287555303 -0.5463267862 0.0006968551613 0
1.050499947 0.9559549521 0 -0.07715157937 0.225764557 0.4252180447 -0.01058001995 0.06417778883 0.2434985145 -0.9000741674 -0.2582850016 -0.3509349672 0.1171713905 0.6322517518 -0.7658515441 0.419687215 -0.7304427289 -0.5388098563 0.0007164387603 0
1.060114816 0.964704483 0 -0.07842406682 0.2271026069 0.4238197068 -0.01076919772 0.06471278296 0.2432928216 -0.8967705118 -0.263997237 -0.3551170342 0.1195062789 0.628214497 -0.7688073849 0.4260526944 -0.7318825074 -0.5318149086 0.0007349571331 0
1.070469291 0.9741270548 0 -0.07980171355 0.2285234348 0.4223058093 -0.01097463737 0.06528736916 0.2430694451 -0.8931341152 -0.2702000208 -0.359587821 0.1220273408 0.6239140951 -0.7719070735 0.4329212173 -0.7332960867 -0.5242671732 0.0007552626561 0
1.08008416 0.9828765857 0 -0.08108758076 0.2298239787 0.4208927684 -0.0111669849 0.06581945196 0.242860302 -0.8896839949 -0.2760058824 -0.3637074952 0.1243733721 0.6199661143 -0.7747085138 0.4393104295 -0.7344812931 -0.517246147 0.0007744576109 0
1.090438635 0.9922991575 0 -0.08247934769 0.2312042287 0.4193633542 -0.01137582608 0.06639087735 0.2426332229 -0.8858888712 -0.2823065025 -0.368108607 0.1269041222 0.6157644935 -0.7776435123 0.4462020301 -0.735620233 -0.5096730532 0.0007954984499 0
1.100053504 1.001048688 0 -0.08377805726 0.2324669239 0.4179362008 -0.01157132088 0.06692000151 0.2424206536 -0.8822904812 -0.2882003816 -0.3721613184 0.1292569731 0.6119106304 -0.7802935443 0.4526103642 -0.7365500122 -0.5026310156 0.0008153823969 0
1.110407978 1.01047126 0 -0.08518336328 0.2338062366 0.4163919085 -0.01178353919 0.06748821538 0.242189898 -0.878334784 -0.2945926856 -0.3764879238 0.1317926917 0.6078128769 -0.7830671702 0.4595200688 -0.7374134907 -0.495038029 0.0008371718883 0
1.120022847 1.019220791 0 -0.08649437348 0.2350307583 0.4149512379 -0.01198215843 0.06801433401 0.2419739273 -0.8745865017 -0.3005687681 -0.3804692717 0.1341479226 0.6040577313 -0.7855689608 0.4659428999 -0.7380871717 -0.4879800622 0.0008577571838 0
1.130377322 1.028643363 0 -0.08791263299 0.2363287933 0.413392711 -0.01219772907 0.06857928608 0.2417395218 -0.8704685843 -0.3070463885 -0.3847167257 0.1366837691 0.6000686637 -0.7881847157 0.4728657219 -0.7386745658 -0.4803726625 0.0008803086039 0
1.140731796 1.038065935 0 -0.08933737718 0.2376052976 0.411827058 -0.01241502807 0.06914252718 0.2415032345 -0.8662659722 -0.3135656727 -0.3889213729 0.1392177387 0.5961377578 -0.7907200484 0.4797933791 -0.7391186256 -0.4727599504 0.0009032603033 0
1.150346665 1.046815466 0 -0.09066602127 0.2387712711 0.4103670096 -0.01261834734 0.06966399311 0.2412821462 -0.8622873966 -0.3196550324 -0.3927863363 0.141567853 0.5925407427 -0.7930031596 0.4862293581 -0.7394025483 -0.4656875378 0.0009249341055 0
1.16070114 1.056238037 0 -0.09210282176 0.2400060181 0.408788108 -0.01283896028 0.07022389689 0.2410422502 -0.8579204585 -0.32624958 -0.3969051504 0.1440943876 0.5887253076 -0.7953862707 0.4931625435 -0.7395699586 -0.4580687524 0.0009486677671 0
1.170316009 1.064987568 0 -0.09344238487 0.2411330794 0.4073160606 -0.01304534487 0.070742241 0.2408178238 -0.8537887497 -0.3324056655 -0.4006884629 0.1464352379 0.5852374558 -0.7975298373 0.499601333 -0.7395969131 -0.450993253 0.000971073769 0
1.180670483 1.07441014 0 -0.09489064604 0.2423257779 0.4057245648 -0.01326924601 0.07129875831 0.2405743468 -0.8492563671 -0.3390686224 -0.4047172992 0.1489492303 0.5815415961 -0.7997646521 0.506535043 -0.7394875532 -0.4433738929 0.0009956024948 0
1.190285353 1.083159671 0 -0.09624057346 0.2434136657 0.4042411281 -0.01347867182 0.07181393517 0.2403466082 -0.8449705874 -0.3452849888 -0.4084152091 0.1512760314 0.5781665813 -0.8017723908 0.5129719961 -0.73925752 -0.436300413 0.001018752827 0
1.200639827 1.092582243 0 -0.09769969625 0.2445640439 0.4026376964 -0.01370583502 0.0723670173 0.2400995782 -0.8402718601 -0.3520093307 -0.412350133 0.1537722847 0.5745941033 -0.8038629864 0.5199012267 -0.7388714689 -0.428685977 0.001044089641 0
1.210254696 1.101331774 0 -0.09905943021 0.245612515 0.4011434833 -0.01391827762 0.0728789819 0.2398685536 -0.8358312769 -0.3582793812 -0.4159590865 0.1560801724 0.571335319 -0.8057387499 0.5263316981 -0.7383846141 -0.4216196216 0.001067996358 0
1.220609171 1.110754345 0 -0.1005288124 0.246720321 0.3995287776 -0.01414867636 0.07342858062 0.2396179991 -0.8309655282 -0.3650579276 -0.4197963798 0.1585534093 0.5678897236 -0.8076893452 0.5332514486 -0.7377221505 -0.4140156051 0.001094154199 0
1.23022404 1.119503876 0 -0.1018977923 0.2477291507 0.398024404 -0.01436411097 0.0739372884 0.239383715 -0.8263696179 -0.3713749269 -0.4233130264 0.1608374495 0.5647502761 -0.8094371134 0.5396707973 -0.7369788256 -0.4069614738 0.001118829277 0
1.240578514 1.128926448 0 -0.1033768289 0.2487941523 0.3963990892 -0.01459771838 0.07448335594 0.2391296648 -0.8213363981 -0.3782003548 -0.4270491924 0.1632823221 0.5614347516 -0.8112520588 0.5465760738 -0.7360404277 -0.3993733645 0.001145820996 0
1.250193383 1.137675979 0 -0.1047544917 0.2497631342 0.3948851739 -0.01481611987 0.07498876276 0.2388921482 -0.8165848501 -0.3845574418 -0.4304703899 0.1655375193 0.5584174546 -0.8128759291 0.5529796672 -0.7350411692 -0.3923365485 0.001171276321 0
1.260547858 1.147098551 0 -0.106242575 0.2507851192 0.3932499176 -0.01505290871 0.07553125185 0.2386346315 -0.8113839404 -0.3914223004 -0.4341021584 0.1679486188 0.5552348709 -0.8145596968 0.5598654862 -0.7338275144 -0.3847698227 0.001199114672 0
1.270162727 1.155848082 0 -0.1076283555 0.2517140654 0.3917270819 -0.01527425161 0.07603331404 0.2383939096 -0.8064766598 -0.3978125019 -0.437424977 0.1701699258 0.5523422393 -0.8160638744 0.5662487029 -0.7325730435 -0.3777554002 0.001225362042 0
1.280517201 1.165270653 0 -0.1091248757 0.2526928415 0.3900825542 -0.01551419429 0.07657217788 0.238132956 -0.8011080756 -0.4047092267 -0.440949309 0.1725417926 0.5492951423 -0.817621047 0.5731100951 -0.7310850077 -0.3702155189 0.001254059678 0
1.290132071 1.174020184 0 -0.1105182066 0.2535815827 0.3885514213 -0.0157384528 0.0770708522 0.2378890565 -0.7960451862 -0.411125471 -0.4441710354 0.1747241198 0.546529388 -0.8190098351 0.5794683284 -0.7295762299 -0.3632285524 0.001281110793 0
1.300486545 1.183442756 0 -0.112022552 0.2545169774 0.3868982945 -0.01598152134 0.07760604449 0.2376246959 -0.7905091794 -0.4180463986 -0.447585127 0.1770512537 0.5436199948 -0.8204450956 0.5863003419 -0.7278148871 -0.355720957 0.001310680258 0
1.310101414 1.192192287 0 -0.1134228645 0.2553653629 0.3853594895 -0.01620866935 0.07810128819 0.2373776468 -0.785291026 -0.4244815293 -0.450703268 0.1791894783 0.5409830222 -0.8217228855 0.5926290031 -0.7260528913 -0.3487664888 0.001338546713 0
1.320455889 1.201614859 0 -0.1149344216 0.256257224 0.3836984378 -0.01645483545 0.07863276312 0.2371099094 -0.7795880879 -0.431418913 -0.4540045537 0.1814663487 0.5382132166 -0.8230410061 0.5994267074 -0.7240195128 -0.3412965975 0.001369000437 0
1.330070758 1.21036439 0 -0.1163411456 0.2570651216 0.3821525873 -0.01668484648 0.07912453391 0.236859739 -0.7742152383 -0.4378657028 -0.457016839 0.1835553247 0.5357066194 -0.8242122668 0.6057212293 -0.7220055708 -0.3343796467 0.001397693719 0
1.340425232 1.219786961 0 -0.1178592997 0.2579133168 0.380484286 -0.01693408148 0.07965224619 0.2365886557 -0.7683461008 -0.4448117271 -0.4602029952 0.1857763809 0.5330779489 -0.8254180981 0.6124797186 -0.7197016241 -0.3269528506 0.00142904401 0
1.350040101 1.228536492 0 -0.1192718638 0.2586806131 0.3789320178 -0.01716692878 0.08014050224 0.2363353926 -0.7628193471 -0.4512628924 -0.4631073803 0.1878109486 0.5307030066 -0.8264873661 0.6187355585 -0.7174371894 -0.3200784091 0.001458575489 0
1.360394576 1.237959064 0 -0.1207959993 0.2594850302 0.3772571436 -0.01741920366 0.08066440709 0.2360609943 -0.7567849846 -0.4582096886 -0.4661763275 0.1899706307 0.5282166793 -0.8275858259 0.6254499553 -0.7148643374 -0.312700068 0.001490834526 0
1.370009445 1.246708595 0 -0.1222138313 0.2602116303 0.3756990864 -0.01765486012 0.08114910706 0.2358046676 -0.7511053444 -0.4646579033 -0.4689709954 0.1919456264 0.5259743554 -0.828557695 0.6316625984 -0.7123510443 -0.305873097 0.00152121545 0
1.38036392 1.256131167 0 -0.1237433318 0.2609721773 0.3740183167 -0.01791014554 0.08166916022 0.2355269856 -0.7449069744 -0.471597565 -0.4719209003 0.1940383753 0.5236312379 -0.8295537569 0.638328057 -0.7095111439 -0.2985485359 0.001554395278 0
1.390718394 1.265553739 0 -0.1252753713 0.2617099472 0.3723347568 -0.01816698032 0.08218719896 0.2352476135 -0.7386241235 -0.4785304065 -0.4748084396 0.1960942329 0.5213626053 -0.8304986969 0.6449662441 -0.7065335688 -0.2912539443 0.001588057248 0
1.400333263 1.274303269 0 -0.1267001079 0.2623746099 0.3707691121 -0.01840685004 0.08266642098 0.2349866907 -0.7327147751 -0.4849600734 -0.4774335405 0.1979689095 0.5193227941 -0.8313315502 0.6511047299 -0.7036459072 -0.2845084674 0.001619749285 0
1.410687738 1.283725841 0 -0.1282365757 0.2630684083 0.369080686 -0.01866665015 0.08318054182 0.2347040833 -0.7262702313 -0.4918737367 -0.4801997275 0.1999494183 0.5171980312 -0.8321817269 0.6576866893 -0.7004044715 -0.2772756663 0.00165435006 0
1.420302607 1.292475372 0 -0.1296651379 0.2636922187 0.3675108375 -0.01890925942 0.08365610581 0.2344401712 -0.7202115611 -0.498281911 -0.4827115542 0.2017515662 0.5152918547 -0.8329289346 0.6637707532 -0.6972728603 -0.2705899951 0.001686919279 0
1.430657081 1.301897944 0 -0.1312054172 0.264342004 0.3658182229 -0.01917199468 0.08416626584 0.2341543608 -0.7136071554 -0.5051684629 -0.4853551812 0.2036512168 0.5133109635 -0.8336894126 0.6702917348 -0.6937699034 -0.2634242043 0.001722470527 0
1.44027195 1.310647475 0 -0.1326372323 0.2649249328 0.3642447996 -0.01941731533 0.08463813218 0.2338874896 -0.7074009761 -0.5115477842 -0.4877527278 0.2053757368 0.5115382637 -0.8343556864 0.6763169861 -0.6903966028 -0.256803164 0.001755927692 0
1.450626425 1.320070047 0 -0.1341807066 0.2655306836 0.362548674 -0.01968295523 0.085144289 0.2335985087 -0.7006387819 -0.5183993088 -0.4902728363 0.2071890581 0.5097009026 -0.8350315468 0.6827722838 -0.6866346529 -0.249709555 0.00179244092 0
1.460241294 1.328819577 0 -0.1356152026 0.2660727203 0.3609723048 -0.01993095876 0.0856124186 0.2333287088 -0.6942871312 -0.5247424396 -0.4925553285 0.2088308914 0.5080612033 -0.8356216084 0.6887343742 -0.6830220976 -0.2431579239 0.001826796635 0
1.470595768 1.338242149 0 -0.1371612562 0.2666344351 0.3592733448 -0.02019947247 0.0861145304 0.2330365904 -0.6873694632 -0.531551053 -0.4949512088 0.2105524614 0.5063666883 -0.8362179369 0.6951193293 -0.6790038697 -0.2361416162 0.00186428318 0
1.480210638 1.34699168 0 -0.1385978617 0.2671355875 0.3576946575 -0.02045013012 0.08657888466 0.2327638924 -0.680874602 -0.5378506931 -0.497118103 0.2121065997 0.504859196 -0.8367365072 0.7010139561 -0.6751546668 -0.2296641225 0.00189954789 0
1.490565112 1.356414252 0 -0.1401458798 0.2676532849 0.3559935387 -0.02072148649 0.08707691014 0.2324686697 -0.6738040148 -0.5446085594 -0.4993892937 0.2137310557 0.5033065025 -0.8372583833 0.7073239608 -0.670883061 -0.2227301797 0.001938018908 0
1.500179981 1.365163783 0 -0.1415840245 0.2681135794 0.3544131599 -0.02097476919 0.08753745101 0.2321931047 -0.6671684256 -0.5508574602 -0.5014402761 0.2151925507 0.5019301084 -0.8377101721 0.7131468699 -0.6667999886 -0.2163314983 0.001974202889 0
1.510534456 1.374586355 0 -0.1431333937 0.2685872978 0.3527105564 -0.02124893678 0.08803134946 0.2318948112 -0.659947711 -0.5575568067 -0.5035865626 0.2167146002 0.5005178735 -0.8381626575 0.7193773702 -0.6622780878 -0.2094849245 0.00201366935 0
1.520149325 1.383335886 0 -0.1445725086 0.2690067793 0.3511291114 -0.02150481518 0.08848803937 0.2316164105 -0.6531740958 -0.5637477853 -0.5055215478 0.2180785732 0.4992711561 -0.8385523529 0.7251243594 -0.6579640928 -0.2031696732 0.002050782696 0
1.530503799 1.392758457 0 -0.1461226169 0.2694365768 0.3494256957 -0.02178176222 0.08897777065 0.2313150802 -0.6458062806 -0.5703809178 -0.5075429602 0.2194930037 0.4979976817 -0.8389404808 0.731270859 -0.6531951605 -0.1964154096 0.002091255373 0
1.540118668 1.401507988 0 -0.1475621348 0.2698153086 0.347843808 -0.02204020669 0.08943057259 0.2310338754 -0.6388975578 -0.5765068712 -0.5093620893 0.2207546557 0.4968789098 -0.8392727393 0.7369377807 -0.6486533562 -0.1901881462 0.002129307995 0
1.550473143 1.41093056 0 -0.1491123723 0.2702012633 0.3461402503 -0.02231990112 0.0899160971 0.2307295424 -0.6313859007 -0.5830661891 -0.5112589007 0.2220563454 0.4957421666 -0.839601503 0.7429958438 -0.6436408342 -0.1835310673 0.002170797458 0
1.560088012 1.419680091 0 -0.1505517276 0.2705393269 0.3445585411 -0.02258088175 0.09036497459 0.2304455653 -0.6243452025 -0.5891201081 -0.5129625389 0.2232109657 0.4947493035 -0.8398809389 0.7485786084 -0.6388744985 -0.1773962858 0.00220979907 0
1.570442486 1.429102663 0 -0.1521014864 0.2708815364 0.3428555094 -0.02286329122 0.09084625334 0.2301382641 -0.61669319 -0.5955981191 -0.5147352619 0.2243948934 0.4937469351 -0.8401552808 0.754543863 -0.6336220045 -0.170841196 0.002252315673 0
1.580057356 1.437852194 0 -0.1535401159 0.2711790316 0.3412745979 -0.02312677783 0.09129117043 0.2298515469 -0.6095238587 -0.6015731022 -0.5163239955 0.2254378699 0.4928776427 -0.8403864564 0.7600384414 -0.6286345775 -0.1648033239 0.002292275789 0
