0.007821886306 0.00179903385 0 -1.196102398e-06 0.001994570301 0.5099947996 -1.501949279e-07 0.0004969112418 0.2549993542 -1 -3.589170559e-08 -6.965689068e-06 1.832120897e-08 0.9999697144 -0.00778269415 6.965757442e-06 -0.00778269415 -0.9999697144 2.799070252e-08 0
0.01464377261 0.003368067701 0 -4.192256165e-06 0.003734091757 0.5099817728 -5.292887126e-07 0.0009319907918 0.2549977241 -0.9999999997 -2.367802754e-07 -2.441351148e-05 1.189499875e-07 0.9998938518 -0.01457001093 2.441436992e-05 -0.01457001092 -0.9998938515 4.671880498e-08 0
0.02146565892 0.004937101551 0 -9.007923213e-06 0.005473521729 0.5099608351 -1.141056407e-06 0.00136768462 0.2549950932 -0.9999999986 -7.464530273e-07 -5.245486696e-05 3.739759313e-07 0.9997719214 -0.0213566209 5.245884484e-05 -0.02135662089 -0.99977192 3.268494274e-08 0
0.02828754523 0.006506135402 0 -1.564296196e-05 0.007212817602 0.5099319871 -1.985213542e-06 0.001803454871 0.254991463 -0.9999999959 -1.70871817e-06 -9.1085811e-05 8.553132485e-07 0.99960393 -0.02814219487 9.109782172e-05 -0.02814219483 -0.9996039258 9.472236918e-09 0
0.03608398672 0.008299316945 0 -2.54534128e-05 0.009200365451 0.509889333 -3.234123695e-06 0.002301411503 0.254986092 -0.999999989 -3.547059697e-06 -0.000148195265 1.774761314e-06 0.9993555508 -0.03589544572 0.000148227084 -0.03589544559 -0.9993555398 8.393368584e-08 0
0.04290587302 0.009868350796 0 -3.598637973e-05 0.01093923049 0.5098435375 -4.575371096e-06 0.002737048777 0.254980324 -0.999999978 -5.963183881e-06 -0.0002094979744 2.983139191e-06 0.9990888923 -0.04267769141 0.0002095615941 -0.04267769109 -0.9990888703 1.69623571e-07 0
0.04972775933 0.01143738465 0 -4.833792523e-05 0.01267782754 0.5097898351 -6.148413747e-06 0.003172622924 0.2549735591 -0.9999999604 -9.283500745e-06 -0.0002813681783 4.643730399e-06 0.9987762109 -0.04945786691 0.0002814829851 -0.04945786626 -0.9987761712 2.72840664e-07 0
0.05654964564 0.0130064185 0 -6.250768616e-05 0.014416114 0.5097282275 -7.953200159e-06 0.00360814171 0.2549657976 -0.9999999337 -1.365153208e-05 -0.0003637957632 6.828360409e-06 0.9984175241 -0.0562356434 0.0003639877679 -0.05623564216 -0.9984174578 3.928755812e-07 0
0.06434608713 0.01479960004 0 -8.092754808e-05 0.01640229218 0.5096481411 -1.029953599e-05 0.004105816887 0.2549557071 -0.9999998889 -2.011045072e-05 -0.0004709111739 1.005885409e-05 0.997951289 -0.0639783145 0.0004712330458 -0.06397831213 -0.9979511779 5.50171026e-07 0
0.07116797344 0.01636863389 0 -9.899201368e-05 0.01813976974 0.5095695999 -1.260080618e-05 0.004541233519 0.2549458104 -0.9999998338 -2.720635618e-05 -0.0005759207498 1.360812579e-05 0.9974940899 -0.07074984369 0.0005764023897 -0.07074983977 -0.9974939238 7.051730743e-07 0
0.07798985974 0.01793766774 0 -0.0001188732056 0.01987680295 0.50948316 -1.513372855e-05 0.00497660612 0.2549349176 -0.9999997603 -3.580028146e-05 -0.0006914462459 1.790693703e-05 0.996990957 -0.07751794146 0.0006921408186 -0.07751793526 -0.9969907174 8.762670507e-07 0
0.08578630124 0.01973084928 0 -0.0001438183785 0.02186138509 0.5093747027 -1.831212245e-05 0.005474121556 0.2549212488 -0.9999996491 -4.763963283e-05 -0.0008363310864 2.382958931e-05 0.9963597387 -0.08524828771 0.0008373478199 -0.08524827773 -0.996359388 1.091430862e-06 0
0.09260818754 0.02129988313 0 -0.0001675905189 0.02359732289 0.5092713456 -2.13413627e-05 0.005909400608 0.2549082216 -0.9999995235 -5.992486297e-05 -0.0009743340202 2.997579042e-05 0.995758274 -0.09200792788 0.0009757147248 -0.09200791325 -0.9957577978 1.296841352e-06 0
0.09943007385 0.02286891699 0 -0.0001931773692 0.02533268271 0.5091600984 -2.460217976e-05 0.006344634871 0.2548941984 -0.9999993669 -7.415691006e-05 -0.001122796761 3.709656442e-05 0.9951109724 -0.09876310623 0.001124631344 -0.09876308536 -0.9951103397 1.518241956e-06 0
0.1062519602 0.02443795084 0 -0.0002205781771 0.02706742205 0.5090409644 -2.809454784e-05 0.006779822998 0.2548791794 -0.9999991745 -9.047818355e-05 -0.001281698391 4.52633921e-05 0.99441787 -0.1055134955 0.001284090453 -0.1055134664 -0.9944170451 1.755637272e-06 0
0.1140484016 0.02623113238 0 -0.0002541135232 0.02904916708 0.5088951586 -3.23693227e-05 0.007277122236 0.2548607958 -0.9999989044 -0.000111871703 -0.001476053767 5.596939902e-05 0.9935697201 -0.1132219422 0.00147922866 -0.1132219008 -0.9935686252 2.046549595e-06 0
0.120870288 0.02780016623 0 -0.000285398603 0.03078243389 0.5087591365 -3.635777842e-05 0.007712205656 0.2548436434 -0.9999986179 -0.0001331484223 -0.001657247135 6.661815775e-05 0.9927786066 -0.1199609682 0.001661252116 -0.1199609128 -0.9927772256 2.318274554e-06 0
0.1276921743 0.02936920008 0 -0.0003184949297 0.03251494686 0.5086152394 -4.057769497e-05 0.008147237064 0.2548254957 -0.9999982786 -0.0001569604862 -0.001848804041 7.853717314e-05 0.9919418224 -0.1266941782 0.001853792029 -0.1266941053 -0.9919401026 2.606059017e-06 0
0.1345140606 0.03093823393 0 -0.0003534015309 0.03424666359 0.5084634716 -4.502904041e-05 0.008582214269 0.2548063527 -0.9999978805 -0.0001834493269 -0.00205069746 9.179762307e-05 0.9910594143 -0.1334212463 0.002056839061 -0.1334211518 -0.9910572969 2.909934192e-06 0
0.1423105021 0.03273141547 0 -0.0003955101333 0.03622473911 0.5082803907 -5.03996315e-05 0.009079261765 0.2547832566 -0.9999973451 -0.0002171810397 -0.002294053135 0.0001086861901 0.989995145 -0.1411013858 0.002301746012 -0.1411012605 -0.989992493 3.276967985e-06 0
0.1491323884 0.03430044932 0 -0.000434292371 0.03795460701 0.5081117723 -5.534678079e-05 0.009514115019 0.2547619815 -0.9999967986 -0.0002498807937 -0.002517998406 0.0001250604236 0.9890151402 -0.1478141966 0.002527274475 -0.1478140383 -0.9890119428 3.61544509e-06 0
0.1559542747 0.03586948317 0 -0.00047488148 0.03968354564 0.5079352979 -6.052524783e-05 0.009948906642 0.2547397116 -0.9999961719 -0.0002856999816 -0.002752185714 0.0001429992214 0.9879896748 -0.1545198435 0.002763277385 -0.1545196456 -0.9879858518 3.970133365e-06 0
0.162776161 0.03743851702 0 -0.0005172762674 0.04141151271 0.5077509728 -6.593499376e-05 0.01038363416 0.2547164472 -0.9999954575 -0.0003247788103 -0.002996581973 0.0001625733815 0.9869188059 -0.161218002 0.003009743293 -0.1612177569 -0.98691427 4.341077129e-06 0
0.1705726025 0.03923169857 0 -0.0005679368874 0.04338508838 0.5075307092 -7.240070709e-05 0.01088038387 0.2546886416 -0.9999945236 -0.0003736111407 -0.003288348358 0.0001870370167 0.9856394363 -0.1688634554 0.003304215091 -0.1688631457 -0.9856339687 4.78497779e-06 0
0.1773944888 0.04080073242 0 -0.0006141967229 0.04511083136 0.5073295795 -7.830591192e-05 0.0113149655 0.2546632465 -0.9999935945 -0.0004201454738 -0.003554502752 0.0002103534398 0.9844714786 -0.1755444774 0.003573060798 -0.1755441007 -0.9844650842 5.190915736e-06 0
0.1842163751 0.04236976627 0 -0.0006622581433 0.04683547014 0.5071206168 -8.444226246e-05 0.01174947501 0.2546368575 -0.999992552 -0.0004703778658 -0.003830752638 0.0002355270402 0.9832583137 -0.1822169947 0.00385233022 -0.1822165398 -0.9832508796 5.61326462e-06 0
0.1910382614 0.04393880012 0 -0.0007121197366 0.0485589626 0.5069038272 -9.080971278e-05 0.01218390983 0.2546094746 -0.9999913874 -0.0005244470522 -0.004117058914 0.0002626281593 0.9820000091 -0.1888806849 0.00414200981 -0.1888801394 -0.9819914138 6.052078722e-06 0
0.1988347029 0.04573198166 0 -0.0007713068263 0.05052721061 0.5066464921 -9.836971698e-05 0.01268031193 0.2545769633 -0.9999898949 -0.000591115972 -0.004456527957 0.0002960511658 0.980506764 -0.1964851094 0.004485801292 -0.1964844432 -0.9804966809 6.573814615e-06 0
0.2056565892 0.04730101551 0 -0.0008250209323 0.05224810496 0.5064129525 -0.0001052322185 0.01311457785 0.2545474515 -0.9999884371 -0.0006538721893 -0.004764245265 0.0003275189741 0.9791519712 -0.2031288014 0.004797740416 -0.203128013 -0.9791404353 7.048104355e-06 0
0.2124784755 0.04887004936 0 -0.0008805304296 0.05396772082 0.5061716068 -0.0001123256642 0.01354876081 0.2545169467 -0.9999868273 -0.0007208986088 -0.005081886692 0.0003611345613 0.9777522679 -0.2097626568 0.005120043846 -0.2097617289 -0.9777391279 7.539044157e-06 0
0.2193003618 0.05043908321 0 -0.0009378336876 0.05568601623 0.5059224622 -0.0001196500012 0.01398285818 0.254485449 -0.9999850552 -0.0007923322496 -0.005409407181 0.0003969677361 0.976307732 -0.2163863554 0.005452695945 -0.2163852689 -0.9762928267 8.046697241e-06 0
0.2270968033 0.05223226476 0 -0.001005517406 0.05764811174 0.5056281852 -0.0001283033257 0.01447886124 0.2544482362 -0.9999828177 -0.0008795424628 -0.005795753427 0.0004407247134 0.9746020402 -0.2239434503 0.005845520889 -0.2239421567 -0.9745849067 8.647421308e-06 0
0.2339186896 0.05380129861 0 -0.001066658701 0.05936343647 0.5053623535 -0.0001361222429 0.01491276623 0.2544146117 -0.999980662 -0.0009608794267 -0.006144284979 0.0004815442746 0.9730617089 -0.2305443098 0.006200293726 -0.2305428103 -0.9730424292 9.19111112e-06 0
0.2407405759 0.05537033246 0 -0.001129588292 0.06107730914 0.5050887466 -0.0001441718735 0.01534657727 0.2543799952 -0.9999783101 -0.001047051245 -0.006502544709 0.0005247998905 0.9714768065 -0.2371340108 0.006565362829 -0.2371322799 -0.9714551857 9.751726382e-06 0
0.2475624622 0.05693936631 0 -0.001194304328 0.06278968796 0.5048073725 -0.0001524521572 0.01578029167 0.2543443868 -0.9999757502 -0.001138192978 -0.006870481672 0.0005705607613 0.9698474213 -0.243712236 0.006940710488 -0.243710246 -0.9698232532 1.032933882e-05 0
0.2553589037 0.05873254785 0 -0.001270450557 0.0647448096 0.5044763019 -0.0001621976916 0.01627584351 0.2543024773 -0.9999725549 -0.00124861315 -0.007302763507 0.0006260151187 0.9679309146 -0.2512157493 0.007382241848 -0.2512134263 -0.967903568 1.101037485e-05 0
0.26218079 0.0603015817 0 -0.001338988225 0.06645384685 0.5041783121 -0.0001709720214 0.01670934183 0.2542647445 -0.9999695094 -0.001350857116 -0.007691259298 0.0006773766741 0.9662065181 -0.2577683177 0.007779553032 -0.2577656681 -0.9661761428 1.162466064e-05 0
0.2690026763 0.06187061555 0 -0.001409306191 0.06816125928 0.5038725818 -0.000179976804 0.0171427351 0.2542260207 -0.9999662177 -0.001458492098 -0.008089263053 0.0007314599222 0.9644379324 -0.2643084174 0.008187083871 -0.2643054055 -0.9644042847 1.225618204e-05 0
0.2758245626 0.0634396494 0 -0.00148140239 0.0698670053 0.50355912 -0.0001892119722 0.01757602063 0.2541863063 -0.9999626672 -0.001571650961 -0.008496718014 0.0007883333805 0.9626252562 -0.2708357339 0.008604814596 -0.2708323211 -0.9625880796 1.2905019e-05 0
0.2836210041 0.06523283095 0 -0.001565972758 0.07181433558 0.5031914228 -0.0002000484662 0.01807106873 0.2541397057 -0.9999582754 -0.001707908996 -0.008973879079 0.0008568358624 0.9604997673 -0.2782794689 0.009094684776 -0.278275547 -0.9604582274 1.366785486e-05 0
0.2904428904 0.0668018648 0 -0.001641872263 0.07351637101 0.5028614249 -0.000209777083 0.01850411436 0.2540978694 -0.9999541253 -0.001833349493 -0.009401389051 0.0009199182399 0.9585929544 -0.2847783376 0.009534203527 -0.284773922 -0.9585472927 1.435407494e-05 0
0.2972647767 0.06837089865 0 -0.001719543175 0.07521660975 0.5025237253 -0.0002197358626 0.01893704381 0.2540550435 -0.9999496739 -0.001964727693 -0.009838162827 0.0009860050021 0.9566423764 -0.2912634401 0.009983856813 -0.2912584824 -0.9565922951 1.505787457e-05 0
0.304086663 0.0699399325 0 -0.001798983214 0.07691501047 0.5021783339 -0.0002299247306 0.01936985439 0.2540112283 -0.9999449072 -0.002102174025 -0.01028413793 0.001055163909 0.9546481419 -0.2977344651 0.01044362282 -0.2977289135 -0.9545933295 1.577934174e-05 0
0.3118831045 0.07173311404 0 -0.001891935114 0.07885373628 0.5017741952 -0.0002418507943 0.01986434605 0.2539599426 -0.9999390547 -0.002266852402 -0.01080500871 0.001138051135 0.9523157026 -0.3051122867 0.01098142398 -0.3051059882 -0.9522550836 1.662562478e-05 0
0.3187049908 0.07330214789 0 -0.001975158223 0.08054805946 0.5014123556 -0.0002525324503 0.02029689286 0.2539140085 -0.9999335632 -0.002417738166 -0.01127048418 0.001214020476 0.9502282956 -0.3115521021 0.01146278438 -0.3115450862 -0.9501622303 1.738525612e-05 0
0.3255268771 0.07487118174 0 -0.002060142958 0.08224041511 0.5010428567 -0.0002634439496 0.02072931234 0.253867086 -0.9999277098 -0.002575097869 -0.01174495571 0.001293273641 0.9480975893 -0.317976868 0.01195418575 -0.3179690708 -0.9480257209 1.816284394e-05 0
0.3323487634 0.07644021559 0 -0.002146886826 0.08393076214 0.5006657095 -0.0002745852107 0.02116160182 0.2538191757 -0.9999214794 -0.002739059274 -0.01222835521 0.001375877562 0.9459237022 -0.3243862768 0.01245560427 -0.3243776305 -0.9458456591 1.895848406e-05 0
0.3401452049 0.07823339714 0 -0.002248173449 0.08586007518 0.5002253328 -0.0002875993147 0.02165548428 0.2537632118 -0.9999138769 -0.002934690448 -0.0127916548 0.001474470584 0.9433865407 -0.3316921175 0.01304088866 -0.3316824121 -0.9433009662 1.989001734e-05 0
0.3469670912 0.07980243099 0 -0.002338678252 0.08754598002 0.4998318337 -0.0002992326399 0.02208748609 0.2537131857 -0.999906785 -0.003113225409 -0.01329395003 0.001564479082 0.9411205337 -0.338067587 0.01356368995 -0.3380568722 -0.9410279366 2.072467235e-05 0
0.3537889776 0.08137146484 0 -0.002430934019 0.08922974756 0.4994307217 -0.0003110954596 0.02251934944 0.2536621729 -0.9998992657 -0.003298759138 -0.01380495042 0.001658047292 0.9388117342 -0.3444267391 0.0140964303 -0.3444149328 -0.9387116941 2.157769297e-05 0
0.3606108639 0.08294049869 0 -0.002524938043 0.09091133703 0.4990220085 -0.000323187685 0.02295107163 0.2536101737 -0.9998913023 -0.0034914165 -0.01432458233 0.001755241242 0.9364602705 -0.3507692702 0.01463908386 -0.3507562854 -0.9363523511 2.244918272e-05 0
0.3684073054 0.08473368023 0 -0.002634508397 0.09283043427 0.4985456157 -0.0003372881603 0.02344429213 0.2535495388 -0.9998816357 -0.003720478365 -0.01492892037 0.001870844118 0.9337208095 -0.3579971367 0.01527136421 -0.3579826923 -0.9336033298 2.346792143e-05 0
0.3752291917 0.08630271408 0 -0.002732249339 0.09450721936 0.498120655 -0.0003498716631 0.02387570279 0.2534954274 -0.9998726632 -0.003928817703 -0.0154667943 0.001976028779 0.9312783659 -0.3643030338 0.01583517113 -0.3642872074 -0.9311520165 2.437934484e-05 0
0.382051078 0.08787174793 0 -0.002831729702 0.09618169861 0.4976881317 -0.0003626842819 0.02430696384 0.2534403309 -0.9998631925 -0.004144668283 -0.01601305976 0.002085045187 0.9287936772 -0.3705913623 0.01640880692 -0.3705740506 -0.9286579694 2.530957449e-05 0
0.3888729643 0.08944078178 0 -0.002932946572 0.09785383153 0.4972480584 -0.0003757259211 0.0247380726 0.2533842497 -0.9998532055 -0.004368151851 -0.01656763769 0.002197958397 0.9262668813 -0.376861823 0.01699224376 -0.3768429168 -0.9261213094 2.625872137e-05 0
0.3966694058 0.09123396333 0 -0.00305074552 0.09976191567 0.496735889 -0.0003909109596 0.0252305784 0.2533189518 -0.9998411366 -0.00463306329 -0.01721151642 0.002331856785 0.923327735 -0.3840058023 0.01767099366 -0.3839849326 -0.9231702484 2.736676936e-05 0
0.4034912921 0.09280299718 0 -0.003155673419 0.1014288847 0.4962796808 -0.0004044430264 0.02566135178 0.2532607621 -0.9998299821 -0.004873309549 -0.01778363456 0.002453338198 0.9207111854 -0.3902369718 0.01827533682 -0.3902142539 -0.9205426922 2.835683516e-05 0
0.4103131784 0.09437203103 0 -0.003262328329 0.1030933807 0.4958159638 -0.0004182038016 0.02609196442 0.2532015891 -0.9998182535 -0.005121566248 -0.01836380832 0.00257891925 0.9180529778 -0.3964493399 0.01888939047 -0.3964246454 -0.9178729168 2.936617856e-05 0
0.4171350647 0.09594106488 0 -0.003370707127 0.1047553634 0.4953447516 -0.0004321931824 0.02652241365 0.2531414332 -0.9998059317 -0.005377951791 -0.01895195335 0.002708663952 0.9153532599 -0.4026426116 0.01951312483 -0.4026158059 -0.9151610518 3.039491786e-05 0
0.4249315062 0.09773424642 0 -0.003496675415 0.1066516433 0.4947970634 -0.0004484608372 0.02701415209 0.2530714808 -0.9997910985 -0.0056810683 -0.01963376994 0.002862123723 0.9122172316 -0.4096968766 0.02023777919 -0.4096674846 -0.912010408 3.159452406e-05 0
0.4317533925 0.09930328027 0 -0.003608737499 0.1083081055 0.494309837 -0.000462939733 0.02744424212 0.2530092205 -0.99977744 -0.005955267585 -0.02023870633 0.003001004854 0.9094290708 -0.4158482404 0.02088215544 -0.4158164257 -0.9092087965 3.26652324e-05 0
0.4385752788 0.1008723141 0 -0.003722513321 0.1099619287 0.4938151595 -0.0004776469003 0.0278741603 0.2529459788 -0.9997631267 -0.006237962322 -0.0208513407 0.003144249084 0.9065998787 -0.4219795891 0.02153611573 -0.4219451951 -0.9063655157 3.375571969e-05 0
0.4453971651 0.102441348 0 -0.00383799955 0.1116130732 0.4933130454 -0.0004925822291 0.02830390397 0.2528817561 -0.9997481382 -0.006529267357 -0.02147158351 0.003291919312 0.9037298123 -0.4280906325 0.02219962833 -0.4280534956 -0.9034807034 3.486611134e-05 0
0.4531936066 0.1042345295 0 -0.003972073847 0.1134967642 0.4927301137 -0.0005099304148 0.02879482246 0.2528071584 -0.9997301555 -0.006872876762 -0.02218963241 0.00346618519 0.9003998906 -0.4350494485 0.02296958384 -0.4350089661 -0.9001330999 3.615966621e-05 0
0.4600154929 0.1058035634 0 -0.004091213781 0.1151420347 0.492212114 -0.0005253542835 0.02922418314 0.2527408356 -0.9997136509 -0.007183015008 -0.02282587185 0.003623550195 0.8974427755 -0.4411160103 0.02365345671 -0.4410724078 -0.8971597656 3.731314027e-05 0
0.4668373792 0.1073725972 0 -0.004212053327 0.1167845018 0.4916867247 -0.0005410059574 0.0296533609 0.2526735334 -0.9996964059 -0.007502118646 -0.02346943038 0.003785537044 0.8944452943 -0.4471613638 0.02434677917 -0.4471144526 -0.8941453465 3.848692384e-05 0
0.4736592655 0.1089416311 0 -0.004334588947 0.1184241261 0.4911539611 -0.0005568853198 0.03008235305 0.2526052524 -0.9996783991 -0.007830298753 -0.02412021346 0.003952207455 0.8914076131 -0.4531852241 0.0250495176 -0.4531348074 -0.8910899887 3.968114928e-05 0
0.481455707 0.1107348126 0 -0.004476701877 0.1202944508 0.4905360788 -0.0005753118123 0.03057239911 0.2525260192 -0.9996568594 -0.008216617016 -0.02487268903 0.004148501676 0.8878869693 -0.4600429541 0.02586413324 -0.4599882791 -0.8875482126 4.10711812e-05 0
0.4882775933 0.1123038465 0 -0.004602859801 0.1219278509 0.4899875661 -0.0005916786768 0.03100098455 0.2524556425 -0.999637147 -0.008564616347 -0.02553862928 0.004325414738 0.8847637156 -0.4660198047 0.02658693337 -0.4659611732 -0.8844056309 4.230966401e-05 0
0.4950994796 0.1138728803 0 -0.004730702363 0.1235582847 0.4894317289 -0.0006082728512 0.03142937599 0.2523842887 -0.9996166041 -0.008922035069 -0.02621148913 0.004507203394 0.8816007987 -0.4719742756 0.02731904079 -0.4719114631 -0.8812225831 4.356901536e-05 0
0.5019213659 0.1154419142 0 -0.004860225822 0.1251857132 0.4888685834 -0.0006250942116 0.03185757078 0.2523119583 -0.999595208 -0.009288980286 -0.02689116912 0.004693928115 0.8783983941 -0.4779060873 0.02806041999 -0.47783886 -0.8779992236 4.484937436e-05 0
0.5097178074 0.1172350957 0 -0.005010306012 0.1270419017 0.4882160608 -0.0006445966493 0.03234669202 0.2522280999 -0.9995696816 -0.00972014742 -0.02767616831 0.004913449118 0.8746903784 -0.4846571984 0.02891901755 -0.4845846269 -0.8742662236 4.633854603e-05 0
0.5165396937 0.1188041296 0 -0.005143418573 0.1286627593 0.4876373106 -0.0006619044118 0.03277445642 0.2521536786 -0.9995463807 -0.01010786259 -0.0283701226 0.0051109533 0.8714039574 -0.4905395205 0.02968014317 -0.4904620007 -0.870957011 4.766439731e-05 0
0.52336158 0.1203731634 0 -0.005278199961 0.1302804895 0.4870513045 -0.0006794389598 0.03320201578 0.2520782825 -0.9995221545 -0.01050543437 -0.02907057693 0.00531358156 0.8680786135 -0.4963983144 0.03045042603 -0.4963155816 -0.8676079846 4.901170385e-05 0
0.5301834663 0.1219421973 0 -0.005414646235 0.1318950536 0.4864580598 -0.0006972001624 0.03362936745 0.2520019122 -0.9994969795 -0.01091296568 -0.02977742713 0.005521393059 0.8647145309 -0.5022333066 0.03122982877 -0.5021450858 -0.864219307 5.038061132e-05 0
0.5379799078 0.1237353788 0 -0.00557261835 0.1337363435 0.4857712246 -0.0007177760457 0.03411751163 0.2519134395 -0.9994670157 -0.01139104176 -0.03059295242 0.005765314195 0.860822669 -0.5088723747 0.03213169342 -0.5087775317 -0.860298191 5.197171608e-05 0
0.5448017941 0.1253044127 0 -0.005712618742 0.1353439936 0.4851625272 -0.0007360224881 0.03454440929 0.2518349835 -0.9994397271 -0.0118202567 -0.03131315193 0.005984430325 0.8573762047 -0.5146554481 0.03293051086 -0.5145544919 -0.8568251025 5.338740908e-05 0
0.5516236804 0.1268734465 0 -0.005854271323 0.1369483569 0.4845466464 -0.0007544951626 0.0349710909 0.2517555549 -0.9994114141 -0.01225974785 -0.03203941255 0.006208913485 0.8538915941 -0.5204138689 0.03373832787 -0.5203064906 -0.8533128858 5.482517098e-05 0
0.5584455667 0.1284424804 0 -0.005997571952 0.1385493952 0.4839236002 -0.0007731939313 0.03539755381 0.2516751546 -0.9993820522 -0.01270961379 -0.0327716255 0.006438821461 0.85036903 -0.5261473695 0.03455510525 -0.5260332485 -0.8497617114 5.628515384e-05 0
0.5662420082 0.1302356619 0 -0.006163356746 0.1403750328 0.4832027968 -0.0007948406236 0.03588466881 0.2515820794 -0.9993471796 -0.01323657508 -0.03361558788 0.00670828974 0.8462970187 -0.5326690858 0.03549948616 -0.5325468516 -0.845655744 5.798111211e-05 0
0.5730638945 0.1318046957 0 -0.00631017475 0.1419688177 0.4825644576 -0.0008140234077 0.03631065415 0.2514995987 -0.9993154862 -0.01370899952 -0.03436018448 0.006950015315 0.8426937843 -0.5383482916 0.03633533036 -0.5382185886 -0.8420216711 5.948923043e-05 0
0.5798857808 0.1333737296 0 -0.006458627485 0.1435591583 0.4819190109 -0.0008334318416 0.03673641247 0.2514161482 -0.9992826653 -0.01419210138 -0.03511038452 0.007197345081 0.8390532157 -0.5440017459 0.03718000897 -0.5438642161 -0.8383491882 6.102005746e-05 0
0.5867076672 0.1349427634 0 -0.006608710617 0.1451460166 0.4812664756 -0.0008530657805 0.03716194112 0.2513317284 -0.9992486912 -0.01468597468 -0.03586607479 0.007450335387 0.8353755139 -0.5496291871 0.03803348099 -0.5494834601 -0.8346384735 6.257375148e-05 0
0.5945041086 0.136735945 0 -0.006782224978 0.1469552569 0.4805120653 -0.0008757805081 0.03764797495 0.2512340628 -0.9992084185 -0.0152637099 -0.03673629695 0.007746470251 0.8311272179 -0.5560283625 0.0390195919 -0.5558727974 -0.8303510731 6.437760717e-05 0
0.601325995 0.1383049788 0 -0.006935787002 0.1485345268 0.4798444043 -0.0008958971762 0.03807300254 0.2511475683 -0.9991718863 -0.01578097612 -0.03750336597 0.008011778374 0.8273706321 -0.5615991885 0.03989176699 -0.5614345892 -0.8265590414 6.598084168e-05 0
0.6081478813 0.1398740127 0 -0.007090965494 0.1501101966 0.4791697152 -0.0009162388829 0.03849779215 0.2510601067 -0.9991341191 -0.01630930181 -0.03827556272 0.008282921802 0.8235775586 -0.5671431901 0.04077260396 -0.5669691452 -0.8227293499 6.760745015e-05 0
0.6149697676 0.1414430465 0 -0.007247755926 0.151682229 0.4784880177 -0.0009368054765 0.03892234115 0.2509716786 -0.9990950905 -0.01684877623 -0.03905276974 0.008559955389 0.8197482069 -0.5726601125 0.04166206006 -0.5724761969 -0.8188621842 6.925759688e-05 0
0.6227662091 0.1432362281 0 -0.007428912925 0.1534743359 0.4777003786 -0.0009605853295 0.03940724199 0.2508694353 -0.9990489076 -0.01747908289 -0.03994698936 0.008883847514 0.8153276538 -0.5789316835 0.04268908 -0.5787359489 -0.8143969204 7.117251388e-05 0
0.6295880954 0.1448052619 0 -0.007589142051 0.1550384489 0.4770037302 -0.0009816333044 0.03983126651 0.2507789383 -0.9990070857 -0.01804274258 -0.04073453254 0.009173685853 0.8114212773 -0.5843897281 0.04359685985 -0.584183165 -0.810450087 7.287365965e-05 0
0.6364099817 0.1463742958 0 -0.007750968585 0.1565988082 0.4763001366 -0.001002905678 0.04025504213 0.2506874771 -0.9989639177 -0.01861782386 -0.04152671041 0.009469584319 0.8074792933 -0.589819903 0.04451312184 -0.5896020417 -0.8064663752 7.459886933e-05 0
0.6442064232 0.1481674773 0 -0.00793786315 0.1583774323 0.4754875515 -0.001027491533 0.04073904899 0.25058177 -0.9989128995 -0.01928915339 -0.04243757575 0.009815242914 0.8029308468 -0.5959913727 0.04557060764 -0.5957600053 -0.8018686525 7.660022188e-05 0
0.6510283095 0.1497365112 0 -0.008103096753 0.1599296241 0.4747691446 -0.001049244224 0.04116228242 0.2504882446 -0.9988667544 -0.019888992 -0.04323927468 0.01012430635 0.7989132957 -0.6013609934 0.04650489542 -0.6011172714 -0.7978065685 7.837757185e-05 0
0.6578501958 0.151305545 0 -0.008269912781 0.1614779469 0.4740438575 -0.00107122081 0.0415852587 0.250393757 -0.9988191765 -0.0205005132 -0.04404522318 0.01043959613 0.7948608269 -0.6067019703 0.04744752427 -0.6064453766 -0.7937082194 8.017952518e-05 0
0.6646720821 0.1528745789 0 -0.008438306372 0.1630223643 0.4733117114 -0.001093421126 0.0420079752 0.2502983081 -0.9987701375 -0.0211237975 -0.04485529677 0.01076116432 0.7907736636 -0.6120140605 0.04839844844 -0.6117440626 -0.7895738041 8.200625637e-05 0
0.6724685236 0.1546677604 0 -0.008632681605 0.1647825843 0.4724666017 -0.001119066658 0.04249075832 0.2501880473 -0.9987122677 -0.02185062783 -0.04578598539 0.01113642498 0.7860604258 -0.6180493402 0.04949531729 -0.6177633503 -0.7848048525 8.412451502e-05 0
0.6792904099 0.1562367943 0 -0.008804439109 0.1663185112 0.47171983 -0.001141745836 0.04291290933 0.2500905406 -0.9986600025 -0.02249938406 -0.04660447504 0.01147162048 0.7818996779 -0.623298721 0.05046386133 -0.6229981311 -0.7805938299 8.600493549e-05 0
0.6861122962 0.1578058281 0 -0.008977758605 0.1678504191 0.4709662669 -0.001164648218 0.04333479235 0.2499920748 -0.9986061868 -0.02316014827 -0.04742669261 0.01181325549 0.7777049494 -0.6285184633 0.05144055438 -0.6282026896 -0.7763473772 8.791069102e-05 0
0.6929341825 0.159374862 0 -0.009152635047 0.1693782724 0.4702059346 -0.001187773633 0.04375640474 0.2498926506 -0.9985507917 -0.02383299576 -0.0482525099 0.01216138046 0.7734764711 -0.6337083316 0.05242534906 -0.6333767734 -0.7720657004 8.984196166e-05 0
0.700730624 0.1611680435 0 -0.009354393768 0.1711193795 0.4693287227 -0.001214475559 0.04423791276 0.2497778505 -0.9984855117 -0.02461685507 -0.04920054325 0.01256724858 0.7686028968 -0.6396027293 0.05356068775 -0.6392523739 -0.7671294905 9.208060385e-05 0
0.7075525103 0.1627370774 0 -0.00953258932 0.1726384239 0.4685539595 -0.001238078319 0.04465893646 0.2496763753 -0.9984266338 -0.02531584288 -0.05003363839 0.01292944849 0.7643028833 -0.6447277967 0.05456268169 -0.6443603112 -0.7627730351 9.406716219e-05 0
0.7143743966 0.1643061112 0 -0.009712325668 0.1741533016 0.4677724971 -0.001261903564 0.04507968134 0.2495739442 -0.9983660845 -0.02602714224 -0.05086992464 0.01329829418 0.7599698573 -0.6498222613 0.0555726258 -0.6494369899 -0.7583820142 9.607981009e-05 0
0.7211962829 0.1658751451 0 -0.009893597582 0.1756639775 0.4669843583 -0.001285951117 0.0455001448 0.2494705578 -0.9983038339 -0.02675082309 -0.05170927024 0.01367383435 0.755604057 -0.6548858949 0.05659047109 -0.6544821636 -0.7539566407 9.811873303e-05 0
0.7289927244 0.1676683266 0 -0.010102639 0.1773852739 0.4660754826 -0.001313706018 0.04598032653 0.2493512335 -0.998230569 -0.02759313588 -0.05267209836 0.0141112824 0.7505747468 -0.6606348622 0.05776333441 -0.6602091852 -0.7488572821 0.0001004813438 0
0.7358146107 0.1692373605 0 -0.01028718361 0.1788868274 0.4652731148 -0.001338229338 0.04640017818 0.249245803 -0.9981645722 -0.02834357784 -0.05351755218 0.01450133002 0.7461395258 -0.6656316695 0.05879794404 -0.6651860264 -0.744359021 0.0001025772009 0
0.742636497 0.1708063943 0 -0.01047324706 0.1803840689 0.4644641432 -0.001362974396 0.04681974023 0.2491394199 -0.9980967797 -0.02910661246 -0.05436564592 0.01489822251 0.7416722901 -0.6705969408 0.05984029839 -0.6701305986 -0.7398270876 0.0001046999242 0
0.7494583833 0.1723754282 0 -0.01066082395 0.1818769638 0.4636485915 -0.001387941008 0.04723901009 0.2490320849 -0.9980271611 -0.02988230418 -0.05521624448 0.01530200684 0.7371732851 -0.6755304555 0.06089034689 -0.6750426621 -0.7352617017 0.0001068497045 0
0.7572548248 0.1741686097 0 -0.01087704373 0.1835777624 0.4627085055 -0.001416745331 0.04771781454 0.2489082518 -0.9979453216 -0.03078438833 -0.0561912499 0.01577197328 0.7319929806 -0.681129592 0.06209975836 -0.6806163367 -0.7300034399 0.0001093399736 0
0.7640767111 0.1757376436 0 -0.0110678453 0.1850612266 0.4618789335 -0.001442186071 0.04813644955 0.2487988799 -0.9978716865 -0.03158741303 -0.0570467574 0.01619068195 0.727426732 -0.6859943232 0.06316612232 -0.6854579381 -0.7253671181 0.0001115483812 0
0.7708985974 0.1773066774 0 -0.01126014302 0.1865402358 0.4610428564 -0.001467847775 0.04855478424 0.2486885587 -0.9977961286 -0.03240328846 -0.05790434012 0.01661642722 0.7228294954 -0.6908266171 0.0642400191 -0.6902662873 -0.7206980453 0.0001137844533 0
0.7777204837 0.1788757113 0 -0.01145393133 0.1880147559 0.4602002986 -0.001493730251 0.04897281601 0.2485772891 -0.9977186167 -0.0332320734 -0.05876385982 0.01704925425 0.7182015231 -0.6956262611 0.06532139659 -0.6950411509 -0.7159964481 0.0001160483857 0
0.7855169252 0.1806688928 0 -0.01167722165 0.1896943813 0.4592294711 -0.001523580307 0.04945019238 0.2484489636 -0.9976275988 -0.03419513729 -0.05974836157 0.01755264259 0.7128751016 -0.7010713189 0.06656634933 -0.7004568381 -0.7105836609 0.0001186701046 0
0.7923388115 0.1822379267 0 -0.01187418505 0.1911591677 0.4583731085 -0.001549935212 0.04986756637 0.2483356645 -0.9975457941 -0.03505177692 -0.06061156312 0.01800079481 0.7081821229 -0.705800292 0.06766357982 -0.7051591691 -0.7058131383 0.0001209944029 0
0.7991606978 0.1838069605 0 -0.01207262121 0.1926193585 0.4575103426 -0.001576510277 0.05028462933 0.2482214197 -0.9974619365 -0.03592150171 -0.06147626253 0.01845616782 0.7034592108 -0.7104959596 0.06876812495 -0.709827292 -0.7010108135 0.0001233471849 0
0.8059825841 0.1853759944 0 -0.01227252436 0.1940749204 0.4566411985 -0.001603305303 0.05070137871 0.2481062301 -0.9973759943 -0.03680436467 -0.06234231866 0.0189188049 0.6987066239 -0.7151581172 0.06987993114 -0.7144609804 -0.6961769191 0.0001257286516 0
0.8137790256 0.1871691759 0 -0.01250277398 0.1957327087 0.4556401131 -0.001634197274 0.05117727641 0.2479734289 -0.997275181 -0.03782950456 -0.06333357641 0.01945648273 0.6932390931 -0.7204450049 0.07115938867 -0.7197141713 -0.6906141129 0.0001284857109 0
0.8206009119 0.1887382097 0 -0.01270580111 0.1971782391 0.4547573865 -0.001661462971 0.05159334515 0.2478562174 -0.997184664 -0.03874069257 -0.06420206135 0.01993482939 0.6884237949 -0.7250346759 0.07228657219 -0.7242733168 -0.6857133615 0.0001309293262 0
0.8274227982 0.1903072436 0 -0.01291027687 0.198619036 0.4538683614 -0.001688947996 0.05200909222 0.2477380639 -0.9970919614 -0.03966517604 -0.06507145505 0.02042057324 0.6835796443 -0.729590207 0.07342084609 -0.7287973269 -0.6807817827 0.0001334022649 0
0.8342446846 0.1918762774 0 -0.01311619534 0.2000550667 0.4529730637 -0.001716652144 0.05242451506 0.2476189692 -0.996997041 -0.04060300206 -0.06594161365 0.0209137557 0.678706906 -0.734111402 0.07456215534 -0.7332859824 -0.6758196158 0.0001359047328 0
0.842041126 0.193669459 0 -0.01335328965 0.2016903662 0.4519422189 -0.001748582076 0.05289888372 0.2474817097 -0.9968858031 -0.04169119949 -0.06693683187 0.02148655376 0.6731033987 -0.7392361887 0.07587505244 -0.7383723035 -0.6701114219 0.0001388011196 0
0.8488630124 0.1952384928 0 -0.01356227949 0.2031160732 0.4510335674 -0.001776755076 0.05331360318 0.2473606013 -0.9967860205 -0.04265776848 -0.06780814226 0.02199581332 0.6681702996 -0.7436831549 0.07703125057 -0.7427844677 -0.6650845216 0.0001413675622 0
0.8556848987 0.1968075267 0 -0.01377269314 0.2045369115 0.4501187255 -0.001805146544 0.05372799037 0.2472385545 -0.9966839174 -0.04363781854 -0.06867976145 0.02251263854 0.6632094545 -0.7480951815 0.0781943089 -0.7471605987 -0.6600277947 0.0001439641878 0
0.862506785 0.1983765605 0 -0.01398452452 0.2059528488 0.4491977195 -0.00183375627 0.05414204274 0.2471155704 -0.9965794609 -0.04463139074 -0.06955154309 0.0230370689 0.6582211341 -0.7524720806 0.07936417102 -0.7515004841 -0.6549414865 0.0001465912069 0
0.8703032265 0.2001697421 0 -0.01422834564 0.2075650204 0.4481376277 -0.001866720079 0.05461483221 0.2469738705 -0.9964571579 -0.04578351027 -0.07054787542 0.02364578027 0.6524869024 -0.7574309997 0.08070941465 -0.7564157008 -0.6490926575 0.0001496310024 0
0.8771251128 0.2017387759 0 -0.01444319429 0.2089703476 0.4472035031 -0.001895796778 0.05502815855 0.2468488809 -0.9963475469 -0.04680618989 -0.07141950979 0.024186638 0.6474406244 -0.761732003 0.08189366479 -0.7606772104 -0.6439437935 0.0001523238642 0
0.8839469991 0.2033078098 0 -0.01465944126 0.2103706735 0.4462632989 -0.001925091058 0.05544114207 0.2467229568 -0.9962354783 -0.04784251109 -0.07229084307 0.02473522176 0.6423677309 -0.7659973023 0.08308453926 -0.7649018188 -0.6387661285 0.0001550477882 0
0.8907688854 0.2048768436 0 -0.0148770803 0.2117659664 0.4453170422 -0.001954602701 0.05585378024 0.2465960993 -0.9961209185 -0.04889250879 -0.07316172667 0.02529156904 0.6372684983 -0.7702267183 0.08428198028 -0.769089321 -0.6335599136 0.0001578029894 0
0.8985653269 0.2066700252 0 -0.01512750712 0.2133543837 0.4442282299 -0.00198859617 0.05632494058 0.2464499776 -0.9959868998 -0.05010929571 -0.07415628027 0.02593694827 0.6314089082 -0.775016171 0.08565845045 -0.7738293411 -0.6275753188 0.0001609903668 0
0.9053872132 0.208239059 0 -0.0153481079 0.214738786 0.4432690961 -0.002018572849 0.05673683017 0.2463211231 -0.995866889 -0.05118871085 -0.07502569752 0.02651005557 0.6262541715 -0.779168101 0.08686976666 -0.7779366482 -0.6223087779 0.0001638133199 0
0.9122090995 0.2098080929 0 -0.01557008084 0.2161180571 0.4423039963 -0.002048766194 0.05714836644 0.2461913382 -0.9957442814 -0.05228190249 -0.0758941948 0.02709104099 0.6210739727 -0.7832835987 0.0880874658 -0.7820062168 -0.6170144855 0.0001666682332 0
0.9190309858 0.2113771267 0 -0.01579341953 0.217492166 0.4413329586 -0.002079175981 0.05755954686 0.2460606239 -0.9956190431 -0.05338889934 -0.0767616215 0.02767993998 0.6158685937 -0.7873624935 0.0893114888 -0.7860378494 -0.6116926984 0.0001695553265 0
0.9268274273 0.2131703083 0 -0.01605032779 0.2190562158 0.4402159661 -0.002114194763 0.05802902839 0.2459100994 -0.9954726488 -0.05467097773 -0.07775146156 0.02836270231 0.6098891192 -0.7919790523 0.09071803955 -0.7905987265 -0.6055773203 0.0001728945486 0
0.9336493136 0.2147393421 0 -0.01627657129 0.2204191597 0.4392322987 -0.002145067589 0.05843943779 0.2457773969 -0.9953416588 -0.05580764673 -0.07861608487 0.02896867603 0.604630737 -0.7959789492 0.09195541334 -0.7945484116 -0.6001974871 0.000175851343 0
0.9404711999 0.216308376 0 -0.01650416013 0.2217768453 0.4382427821 -0.002176156138 0.05884948343 0.2456437682 -0.9952079312 -0.05695820122 -0.07947916131 0.02958267151 0.5993480681 -0.7999417222 0.09319892336 -0.7984595523 -0.5947909751 0.0001788410145 0
0.9472930862 0.2178774098 0 -0.01673308773 0.2231292424 0.4372474446 -0.002207460181 0.05925916279 0.2455092142 -0.9950714315 -0.05812266358 -0.08034053849 0.03020472216 0.5940413991 -0.8038672097 0.09444850928 -0.8023319588 -0.5893580465 0.000181863787 0
0.9550895277 0.2196705914 0 -0.01699635012 0.224668325 0.4361028256 -0.002243499798 0.05972691604 0.2453543065 -0.9949119937 -0.0594705344 -0.08132269277 0.0309255428 0.5879476163 -0.8083076217 0.09588396958 -0.8067098958 -0.5831169766 0.0001853592047 0
0.961911414 0.2212396252 0 -0.01722812424 0.2260092887 0.435095112 -0.002275264823 0.06013580206 0.2452177734 -0.9947694384 -0.06066486751 -0.0821799136 0.0315649646 0.5825904899 -0.812152679 0.09714637079 -0.8104986705 -0.5776283301 0.0001884536672 0
0.9687333003 0.2228086591 0 -0.01746121625 0.2273448702 0.4340816685 -0.002307244603 0.06054431391 0.2450803182 -0.9946240031 -0.06187316877 -0.08303495363 0.03221254322 0.5772102725 -0.8159599582 0.09841465641 -0.814248127 -0.5721140997 0.0001915819416 0
0.9755551866 0.2243776929 0 -0.01769561942 0.2286750397 0.4330625242 -0.002339438898 0.06095244909 0.2449419421 -0.994475653 -0.06309545417 -0.08388765889 0.03286830997 0.5718072554 -0.819729307 0.09968876492 -0.8179580835 -0.5665745528 0.0001947442564 0
0.9833516281 0.2261708745 0 -0.01796510562 0.2301885691 0.4318908451 -0.002376494745 0.06141842487 0.2447826716 -0.9943024965 -0.0645094936 -0.08485912234 0.03362782343 0.5656048364 -0.8239904966 0.1011519397 -0.8221494355 -0.560212987 0.0001984003067 0
0.9901735144 0.2277399083 0 -0.01820229566 0.2315070433 0.4308595841 -0.002409147909 0.0618257445 0.2446423255 -0.9941477839 -0.06576179154 -0.08570630452 0.03430123918 0.5601539499 -0.8276780639 0.1024383173 -0.8257741454 -0.5546200969 0.0002016363388 0
0.9969954007 0.2293089422 0 -0.01844077552 0.2328200139 0.4298227151 -0.002442014831 0.06223267962 0.2445010619 -0.9939900473 -0.06702811365 -0.0865506659 0.03498293809 0.554681187 -0.8313272369 0.1037303226 -0.8293587961 -0.549002739 0.0002049071358 0
1.003817287 0.230877976 0 -0.01868053834 0.2341274523 0.4287802681 -0.002475095265 0.06263922774 0.2443588817 -0.9938292521 -0.06830846945 -0.08739205119 0.03567294934 0.5491868439 -0.8349378727 0.1050278929 -0.8329032138 -0.5433611857 0.0002082129301 0
1.011613729 0.2326711576 0 -0.01895611511 0.2356148568 0.4275821082 -0.002513162604 0.0631033771 0.2441952692 -0.993641696 -0.06978892743 -0.08834979065 0.03647174874 0.5428815506 -0.8390169447 0.106517564 -0.8369044913 -0.5368844205 0.0002120341347 0
1.018435615 0.2342401914 0 -0.01919860384 0.2369103442 0.4265278094 -0.002546699735 0.06350908757 0.2440511286 -0.9934742288 -0.07109938009 -0.08918427446 0.03717966798 0.5373419652 -0.8425445298 0.1078268471 -0.8403621187 -0.5311919431 0.0002154157118 0
1.025257501 0.2358092253 0 -0.01944235373 0.2382002101 0.4254680273 -0.002580449598 0.06391440325 0.2439060749 -0.993303593 -0.07242388604 -0.09001529242 0.03789598787 0.5317817361 -0.8460331431 0.1091414964 -0.8437789793 -0.5254761345 0.0002188330241 0
1.032079387 0.2373782591 0 -0.01968735776 0.2394844264 0.4244027924 -0.002614411945 0.06431932166 0.2437601092 -0.9931297535 -0.07376244825 -0.09084268817 0.03862073544 0.5262011635 -0.849482651 0.1104614483 -0.8471549072 -0.5197372718 0.0002222863085 0
1.039875829 0.2391714407 0 -0.01996888902 0.2409451486 0.4231787434 -0.002653485912 0.06478159592 0.243592176 -0.9929271118 -0.07530944708 -0.09178364709 0.03945937195 0.5197988419 -0.8533768932 0.1119763754 -0.8509627789 -0.5131506993 0.000226277272 0
1.046697715 0.2407404745 0 -0.02021655675 0.2422171649 0.4221019272 -0.002687902724 0.06518565471 0.2434442597 -0.9927462889 -0.07667813245 -0.09260275346 0.04020226737 0.5141756908 -0.8567421647 0.1133074739 -0.8542504452 -0.507363374 0.0002298084418 0
1.053519602 0.2423095084 0 -0.02046545638 0.2434834448 0.4210197549 -0.002722531218 0.06558930846 0.243295435 -0.9925621517 -0.07806087305 -0.09341774487 0.04095367198 0.5085331451 -0.8600679258 0.1146436728 -0.8574966708 -0.5015538734 0.0002333763346 0
1.060341488 0.2438785422 0 -0.02071558076 0.2447439607 0.4199322576 -0.002757371137 0.06599255473 0.2431457029 -0.9923746651 -0.07945766527 -0.09422846413 0.0417136106 0.5028715089 -0.8633540526 0.1159849073 -0.8607012983 -0.4957224792 0.0002369811914 0
1.068137929 0.2456717237 0 -0.02100292768 0.2461774579 0.4186829231 -0.002797446742 0.06645290549 0.2429734708 -0.9921562481 -0.08107119853 -0.09514956741 0.04259259286 0.4963780823 -0.8670609382 0.1175238293 -0.864312594 -0.4890315832 0.0002411466004 0
1.074959816 0.2472407576 0 -0.02125565231 0.2474255317 0.4175841204 -0.002832738839 0.06685527029 0.2428217982 -0.9919614652 -0.08249808171 -0.0959506021 0.04337089985 0.4906765649 -0.8702617272 0.1188756349 -0.8674275619 -0.4831542282 0.000244831482 0
1.081781702 0.2488097914 0 -0.02150957902 0.2486677572 0.4164800912 -0.00286824154 0.06725721989 0.2426692218 -0.9917632219 -0.08393899471 -0.09674686969 0.04415781546 0.4849569174 -0.8734225069 0.1202322709 -0.87050045 -0.4772558722 0.0002485540915 0
