0.00688402532 0.005985246975 0.002095084266 -3.502205725e-06 0.001755414284 0.5099959719 -4.388363607e-07 0.0004372067362 0.2549995002 -0.9999999998 -9.25632727e-08 -2.039567403e-05 4.713929525e-08 0.9999765418 -0.006849511145 2.03958296e-05 -0.006849511145 -0.9999765416 3.908689618e-08 0.002786462074 0
0.01276805064 0.01110105395 0.003885828532 -1.204762718e-05 0.003255775247 0.5099861432 -1.517161659e-06 0.0008122599123 0.254998272 -0.9999999975 -5.934212555e-07 -7.015954356e-05 2.979061336e-07 0.9999193059 -0.01270361034 7.016142069e-05 -0.01270361033 -0.9999193034 7.466672837e-08 0.005168151948 0
0.01938757913 0.0168563368 0.005900415831 -2.77773862e-05 0.004943560767 0.5099680514 -3.511301127e-06 0.001234937321 0.2549960006 -0.9999999869 -2.079223745e-06 -0.0001617543895 1.041169185e-06 0.9998139588 -0.01928854051 0.0001617644017 -0.01928854043 -0.9998139457 6.706028125e-08 0.007847553056 0
0.02527160445 0.02197214377 0.007691160097 -4.719541633e-05 0.006443656925 0.5099457175 -5.977758727e-06 0.001610791439 0.2549931911 -0.9999999622 -4.605745293e-06 -0.0002748142013 2.304702831e-06 0.9996839253 -0.02514059406 0.0002748431307 -0.02514059374 -0.9996838875 2.16999189e-08 0.01022924293 0
0.03189113293 0.02772742662 0.009705747397 -7.515530795e-05 0.00813102872 0.5099135589 -9.531977092e-06 0.002033597404 0.2549891425 -0.9999999042 -9.255910911e-06 -0.0004375850854 4.629965681e-06 0.9994967203 -0.03172232852 0.0004376584768 -0.03172232751 -0.9994966245 6.923392313e-08 0.01290864404 0
0.03777515825 0.03284323359 0.01149649166 -0.0001054427485 0.009630654189 0.5098787234 -1.338349234e-05 0.002409364453 0.2549847552 -0.9999998115 -1.538176727e-05 -0.0006138751208 7.692840934e-06 0.9992939702 -0.03757074687 0.0006140196112 -0.0375707445 -0.9992937817 1.745072668e-07 0.01529033391 0
0.04439468674 0.03859851644 0.01351107896 -0.0001456281676 0.01131738068 0.5098325035 -1.849475721e-05 0.002832031981 0.2549789329 -0.9999996404 -2.49652705e-05 -0.0008477274324 1.248412004e-05 0.9990250238 -0.04414749846 0.0008480030725 -0.04414749317 -0.9990246642 3.207756904e-07 0.01796973502 0
0.05027871206 0.04371432341 0.01530182323 -0.0001867800301 0.01281632967 0.509785172 -2.372971347e-05 0.003207678114 0.2549729698 -0.9999994084 -3.626133426e-05 -0.001087145228 1.813115927e-05 0.9987496834 -0.04999069423 0.001087598681 -0.04999068437 -0.9987490919 4.740351686e-07 0.02035142489 0
0.05689824054 0.04946960626 0.01731641053 -0.0002391843582 0.0145021794 0.5097248984 -3.03969212e-05 0.003630219103 0.2549653751 -0.9999990299 -5.254331361e-05 -0.001391943055 2.627006918e-05 0.9983991631 -0.05656067881 0.001392686666 -0.05656066051 -0.9983981932 6.717750271e-07 0.023030826 0
0.06278226586 0.05458541323 0.01910715479 -0.0002911938652 0.01600024622 0.5096650788 -3.701465855e-05 0.004005759552 0.2549578368 -0.9999985621 -7.057643712e-05 -0.001694349473 3.528357751e-05 0.9980514038 -0.0623970678 0.001695451632 -0.06239703786 -0.9980499662 8.697048544e-07 0.02541251588 0
0.06940179435 0.06034069608 0.02112174209 -0.0003558084716 0.01768498789 0.5095907613 -4.523723625e-05 0.004428185995 0.2549484704 -0.9999978532 -9.531682243e-05 -0.002069915696 4.764847143e-05 0.9976195278 -0.06895850532 0.002071561225 -0.06895845591 -0.9976173816 1.117125528e-06 0.02809191698 0
0.07528581967 0.06545650305 0.02291248636 -0.0004186670576 0.01918196704 0.5095184635 -5.323731434e-05 0.004803626001 0.2549393575 -0.9999970277 -0.0001216486193 -0.002435135022 6.080747386e-05 0.9971995661 -0.07478650744 0.002437413263 -0.07478643323 -0.9971965947 1.359014607e-06 0.03047360686 0
0.08116984499 0.07057231003 0.02470323062 -0.0004866276197 0.02067836328 0.5094402976 -6.188776399e-05 0.005179018142 0.2549295037 -0.9999959844 -0.0001524242316 -0.002829842171 7.618573312e-05 0.9967457145 -0.08061001747 0.002832919976 -0.08060990936 -0.9967417003 1.621600874e-06 0.03285529673 0
0.08778937348 0.07632759288 0.02671781792 -0.0005691786147 0.02236105572 0.5093453503 -7.239680111e-05 0.005601275621 0.2549175327 -0.9999945064 -0.0001927863933 -0.003309071506 9.635206791e-05 0.9961947004 -0.08715566325 0.003313281924 -0.08715550329 -0.9961892091 1.94184145e-06 0.03553469784 0
0.0936733988 0.08144339985 0.02850856219 -0.0006479724155 0.02385606243 0.5092547244 -8.242897672e-05 0.005976561702 0.254906105 -0.9999928802 -0.0002341451012 -0.003766266979 0.0001170138905 0.9956690462 -0.09296847222 0.003771723563 -0.092968251 -0.9956619298 2.248688313e-06 0.03791638771 0
0.1002929273 0.0871986827 0.03052314949 -0.0007427037515 0.02553707632 0.5091457677 -9.449220271e-05 0.006398695477 0.2548923637 -0.9999906463 -0.0002872826671 -0.004315651316 0.0001435568097 0.995037432 -0.09950119757 0.004322819573 -0.09950088641 -0.9950280834 2.61902232e-06 0.04059578882 0
0.1061769526 0.09231448967 0.03231389376 -0.0008323178165 0.02703048855 0.5090426967 -0.0001059056433 0.006773867113 0.2548793626 -0.9999882529 -0.0003407679444 -0.004835069611 0.0001702698639 0.9944403022 -0.1053017397 0.004844071542 -0.1053013259 -0.9944285624 2.970714303e-06 0.04297747869 0
0.1127964811 0.09806977252 0.03432848105 -0.0009392138954 0.02870959349 0.5089197485 -0.0001195225118 0.007195866573 0.2548638515 -0.9999850418 -0.0004084121822 -0.00545428996 0.0002040497766 0.9937284808 -0.1118197871 0.005465751839 -0.1118192274 -0.9937135331 3.391905417e-06 0.0456568798 0
0.1186805064 0.1031855795 0.03611922532 -0.00103963347 0.03020120658 0.5088042493 -0.0001323167053 0.007570913538 0.2548492775 -0.9999816723 -0.0004755580708 -0.006035629531 0.0002375758265 0.9930602468 -0.1176065038 0.006049672474 -0.1176057823 -0.9930419334 3.789200971e-06 0.04803856968 0
0.1253000349 0.1089408623 0.03813381262 -0.001158676692 0.03187817249 0.5086673299 -0.0001474866093 0.007992766502 0.2548319974 -0.999977235 -0.0005594289649 -0.006724326466 0.0002794460787 0.9922686609 -0.1241081246 0.006741768097 -0.1241071784 -0.9922459155 4.262180548e-06 0.05071797078 0
0.1311840602 0.1140566693 0.03992455689 -0.001269885242 0.03336778211 0.5085394216 -0.0001616609879 0.008367677502 0.2548158512 -0.9999726555 -0.0006417588809 -0.007367249937 0.0003205402374 0.9915297381 -0.129879466 0.007388198701 -0.129878276 -0.9915024195 4.705970182e-06 0.05309966066 0
0.1378035887 0.1198119522 0.04193914419 -0.00140105601 0.03504237933 0.5083885535 -0.0001783832561 0.008789370858 0.2547968027 -0.999966715 -0.0007435637932 -0.00812502385 0.0003713462746 0.9906588796 -0.1363629214 0.008150521555 -0.1363613998 -0.9906256294 5.231804843e-06 0.05577906177 0
0.143687614 0.1249277591 0.04372988845 -0.001523035231 0.0365297815 0.5082482572 -0.0001939371936 0.009164133951 0.2547790851 -0.9999606672 -0.0008425893411 -0.008829158243 0.0004207562621 0.9898497274 -0.1421173466 0.008859286442 -0.1421154716 -0.9898104393 5.72309067e-06 0.05816075164 0
0.1503071425 0.130683042 0.04574447575 -0.001666311952 0.03820178079 0.5080834653 -0.0002122110885 0.00958565401 0.2547582691 -0.9999529192 -0.0009640216817 -0.009655569621 0.0004813347981 0.9889001374 -0.1485809089 0.009691629343 -0.1485785611 -0.9888531152 6.302965312e-06 0.06084015275 0
0.1561911678 0.135798849 0.04753522002 -0.001799041764 0.03968677196 0.507930804 -0.0002291439 0.009960256848 0.2547389808 -0.9999451205 -0.001081241477 -0.01042050662 0.0005398002058 0.9880212583 -0.1543168873 0.01046253588 -0.1543140435 -0.9879664525 6.842849516e-06 0.06322184262 0
0.1628106963 0.1415541318 0.04954980732 -0.001954400857 0.04135594455 0.5077521153 -0.0002489686173 0.01038158955 0.2547163983 -0.9999352334 -0.001223979385 -0.01131507635 0.000610978398 0.9869935267 -0.1607588407 0.01136467262 -0.1607553421 -0.9869288547 7.478057037e-06 0.06590124373 0
0.1686947216 0.1466699388 0.05134055158 -0.002097859417 0.04283832159 0.5075871142 -0.0002672795578 0.01075601952 0.2546955401 -0.9999253769 -0.001360877885 -0.01214037259 0.0006792299587 0.9860454665 -0.1664748529 0.0121975113 -0.1664706761 -0.9859709604 8.067734371e-06 0.0682829336 0
0.1753142501 0.1524252216 0.05335513888 -0.002265275314 0.04450443924 0.5073945582 -0.0002886542257 0.01117715058 0.254671192 -0.9999129922 -0.001526582921 -0.01310258229 0.0007618245911 0.9849402313 -0.1728934946 0.01316919669 -0.1728884334 -0.9848533707 8.759668489e-06 0.07096233471 0
0.1811982754 0.1575410286 0.05514588315 -0.002419439014 0.04598399952 0.5072172444 -0.0003083424904 0.0115513949 0.254648765 -0.9999007474 -0.001684629271 -0.01398775966 0.0008405834562 0.9839235782 -0.1785880332 0.01406374116 -0.1785820657 -0.9838245052 9.400420699e-06 0.07334402459 0
0.1878178039 0.1632963114 0.05716047045 -0.002598884168 0.04764683453 0.5070108528 -0.0003312661698 0.01197230984 0.2546226524 -0.9998854798 -0.001874945121 -0.01501705205 0.0009354001304 0.9827415251 -0.1849816746 0.01510471112 -0.1849745374 -0.9826272275 1.015057031e-05 0.07602342569 0
0.1937018292 0.1684121184 0.05895121471 -0.002763727643 0.04912337592 0.5068212555 -0.0003523308937 0.0123463556 0.2545986573 -0.9998704926 -0.002055592006 -0.01596159801 0.001025377155 0.9816569099 -0.190653245 0.01606071827 -0.1906449207 -0.9815276703 1.084376153e-05 0.07840511557 0
0.2003213577 0.1741674013 0.06096580201 -0.002955172532 0.05078270121 0.5066010621 -0.0003768025776 0.01276703987 0.2545707814 -0.9998519307 -0.002272143201 -0.01705737729 0.001133209489 0.9803987718 -0.1970202125 0.01717068988 -0.1970103694 -0.98025103 1.165370588e-05 0.08108451668 0
0.2062053831 0.1792832082 0.06275654628 -0.003130668664 0.05225602212 0.5063992125 -0.0003992428354 0.01314087407 0.2545452194 -0.9998338236 -0.002476825714 -0.01806074527 0.001235104523 0.9792468668 -0.2026673342 0.01818789988 -0.2026559626 -0.97908108 1.240077854e-05 0.08346620655 0
0.2128249115 0.1850384911 0.06477113358 -0.003334081796 0.05391161125 0.5061652537 -0.0004252614491 0.01356131302 0.2545155814 -0.9998115298 -0.002721216359 -0.01922237754 0.001356733363 0.9779134234 -0.2090059702 0.01936657149 -0.2089926584 -0.977725424 1.327218275e-05 0.08614560766 0
0.2187089369 0.1901542981 0.06656187784 -0.003520201719 0.0553815107 0.505951185 -0.0004490762556 0.01393492262 0.2544884536 -0.9997899026 -0.00295135088 -0.02028398727 0.001471234555 0.9766949423 -0.2146271772 0.02044470788 -0.2146119271 -0.9764853991 1.407465377e-05 0.08852729753 0
0.2253284653 0.1959095809 0.06857646514 -0.003735549639 0.0570331379 0.5057034992 -0.0004766406566 0.01435510155 0.2544570547 -0.9997634139 -0.003225163407 -0.02151080095 0.00160742719 0.9752870194 -0.2209358411 0.02169175914 -0.2209181478 -0.9750510959 1.500926472e-05 0.09120669864 0
0.2312124907 0.2010253879 0.07036720941 -0.003932262746 0.05849941554 0.5054772466 -0.0005018289661 0.01472847349 0.2544283624 -0.9997378436 -0.003482146495 -0.02263003891 0.001735210294 0.9740027165 -0.2265296831 0.02283052892 -0.2265095648 -0.9737413332 1.586872186e-05 0.09358838851 0
0.2378320191 0.2067806707 0.07238179671 -0.004159510043 0.06014685576 0.5052158745 -0.0005309379442 0.01514837766 0.254395204 -0.9997066716 -0.003786940422 -0.02392132526 0.001886719689 0.9725211855 -0.2328067525 0.0241456209 -0.2327835965 -0.9722287726 1.686836414e-05 0.09626778962 0
0.2437160445 0.2118964777 0.07417254097 -0.004366783991 0.06160931188 0.5049774752 -0.0005574986508 0.01552149881 0.2543649484 -0.9996767132 -0.004072147729 -0.02509754506 0.002028447389 0.9711718553 -0.2383717956 0.02534471457 -0.2383456422 -0.970849628 1.778646251e-05 0.0986494795 0
0.250335573 0.2176517606 0.07618712827 -0.004605893304 0.06325234086 0.5047024599 -0.0005881509282 0.01594111348 0.254330032 -0.9996403447 -0.004409458442 -0.02645255861 0.002196011422 0.9696176324 -0.244615667 0.02672748987 -0.2445857798 -0.9692592211 1.885303454e-05 0.1013288806 0
0.2562195983 0.2227675675 0.07797787254 -0.004823694018 0.06471077646 0.504451953 -0.0006160828659 0.01631397073 0.2542982144 -0.9996055311 -0.00472424363 -0.02768508149 0.002352332657 0.9682041089 -0.2501504947 0.02798658154 -0.2501169426 -0.9678110695 1.983149315e-05 0.1037105705 0
0.2628391268 0.2285228504 0.07999245984 -0.005074626046 0.06634917072 0.5041633396 -0.0006482770968 0.01673328112 0.2542615415 -0.9995634287 -0.005095581184 -0.0291030406 0.002536673376 0.9665781545 -0.2563595844 0.02943666435 -0.2563214901 -0.9661432484 2.096696337e-05 0.1063899716 0
0.2687231521 0.2336386573 0.0817832041 -0.00530291773 0.06780338754 0.5039007663 -0.0006775790396 0.01710586134 0.2542281633 -0.9995232715 -0.005441274873 -0.03039115586 0.002708222685 0.965101311 -0.2618627982 0.03075541182 -0.2618202667 -0.9646264835 2.200756184e-05 0.1087716615 0
0.2753426806 0.2393939402 0.0837977914 -0.005565631234 0.06943692447 0.5035986023 -0.0007113138109 0.01752485268 0.2541897356 -0.9994748738 -0.005848122806 -0.03187124324 0.002910045568 0.9634046289 -0.2680355436 0.03227240804 -0.2679875379 -0.9628817016 2.3213965e-05 0.1114510626 0
0.2812267059 0.2445097472 0.08558853567 -0.005804376376 0.070886725 0.5033240058 -0.0007419844723 0.01789714273 0.2541547982 -0.9994288633 -0.006226031527 -0.03321420874 0.003097442438 0.9618653767 -0.2735057639 0.03365045291 -0.2734524339 -0.9612967354 2.431854028e-05 0.1138327524 0
0.2878462344 0.25026503 0.08760312297 -0.006078828194 0.07251518287 0.5030083408 -0.0007772583032 0.01831580024 0.2541146172 -0.9993735855 -0.006669845701 -0.03475557205 0.003317435674 0.9600990136 -0.2796406242 0.03523395025 -0.2795807526 -0.9594754669 2.559797386e-05 0.1165121535 0
0.2937302597 0.255380837 0.08939386724 -0.006327987573 0.07396037043 0.5027217662 -0.000809296337 0.01868778699 0.2540781222 -0.9993211918 -0.007081250873 -0.03615261475 0.003521283908 0.9584983018 -0.2850764914 0.036670918 -0.2850102827 -0.9578227302 2.676841709e-05 0.1188938434 0
0.3003497882 0.2611361198 0.09140845453 -0.006614132623 0.07558352842 0.502392652 -0.0008461076792 0.01910609591 0.2540361899 -0.999258426 -0.00756345833 -0.03775436714 0.003760117684 0.9566633463 -0.2911719482 0.0383204861 -0.2910979835 -0.9559254701 2.812303779e-05 0.1215732445 0
0.3062338135 0.2662519268 0.0931991988 -0.006873665317 0.07702390717 0.5020941464 -0.0008795116792 0.01947776622 0.2539981389 -0.9991990987 -0.008009615255 -0.03920468363 0.003981004775 0.9550021609 -0.2965721231 0.03981598619 -0.2964906721 -0.9542054122 2.936129123e-05 0.1239549344 0
0.312853342 0.2720072097 0.0952137861 -0.007171456608 0.07864154546 0.5017516371 -0.0009178589168 0.01989571177 0.2539544569 -0.9991282147 -0.0085316131 -0.0408659044 0.004239330584 0.9530997427 -0.3026266818 0.04153117673 -0.3025361004 -0.952232676 3.07933116e-05 0.1266343355 0
0.3187373673 0.2771230166 0.09700453037 -0.007441320002 0.08007692042 0.5014412495 -0.0009526274169 0.02026705253 0.2539148516 -0.9990613839 -0.009013749976 -0.04236866143 0.004477827102 0.9513791061 -0.3079898466 0.04308480271 -0.3078904819 -0.9504457643 3.210136569e-05 0.1290160254 0
0.3253568958 0.2828782995 0.09901911767 -0.007750708644 0.08168882016 0.5010854014 -0.0009925088669 0.02068461995 0.2538694219 -0.9989817297 -0.009576904275 -0.04408839666 0.004756277064 0.9494103952 -0.3140020371 0.04486514954 -0.3138919947 -0.9483980884 3.361305083e-05 0.1316954265 0
0.3312409211 0.2879941065 0.1008098619 -0.008030858438 0.08311899729 0.5007631827 -0.001028640341 0.02105561805 0.253828264 -0.9989068061 -0.01009622123 -0.04564273175 0.00501293606 0.947631365 -0.3193268961 0.04647647918 -0.3192066139 -0.9465448085 3.499294129e-05 0.1340771164 0
0.3371249464 0.2931099134 0.1026006062 -0.008315833085 0.0845466615 0.5004354147 -0.001065412669 0.02142645036 0.253786376 -0.9988278651 -0.01063344174 -0.04722103225 0.005278328334 0.9458252314 -0.3246332869 0.0481148129 -0.324502021 -0.9446604698 3.640735375e-05 0.1364588062 0
0.3437444749 0.2988651963 0.1046151935 -0.008642183869 0.08614972689 0.5000600572 -0.001107547115 0.02184343492 0.2537383799 -0.998734084 -0.0112595341 -0.04902501697 0.005587478672 0.9437612397 -0.3305805537 0.04999009381 -0.3304359927 -0.9425036049 3.804041089e-05 0.1391382074 0
0.3496285002 0.3039810032 0.1064059378 -0.008937376729 0.08757190962 0.4997205365 -0.001145680065 0.02221390529 0.2536949419 -0.9986461499 -0.01183564661 -0.05065357531 0.005871813682 0.9418983308 -0.335846775 0.05168548178 -0.3356895172 -0.9405536449 3.952973006e-05 0.1415198972 0
0.3562480287 0.3097362861 0.1084205251 -0.009275195992 0.08916870041 0.4993319884 -0.001189344276 0.02263047532 0.2536452032 -0.9985418973 -0.01250613054 -0.05251357956 0.006202562597 0.9397711047 -0.3417481514 0.05362469167 -0.3415755663 -0.9383232519 4.124825367e-05 0.1441992983 0
0.362132054 0.3148520931 0.1102112693 -0.00958055864 0.09058521001 0.4989807708 -0.001228836173 0.02300057068 0.2536002172 -0.9984443357 -0.01312226184 -0.05419146362 0.006506347632 0.9378525624 -0.3469729654 0.05537667312 -0.3467857804 -0.9363082006 4.281461572e-05 0.1465809882 0
0.3687515825 0.3206073759 0.1122258566 -0.009929790975 0.09217551117 0.4985790958 -0.001274028234 0.02341671146 0.2535487381 -0.9983288878 -0.01383838751 -0.05610642344 0.006859254939 0.935663405 -0.3528270725 0.05737928496 -0.3526223072 -0.9340048855 4.462102975e-05 0.1492603893 0
0.3746356079 0.3257231829 0.1140166009 -0.01024527334 0.09358615704 0.4982162388 -0.001314877345 0.02378641873 0.253502206 -0.9982210469 -0.01449563313 -0.05783267403 0.007182977803 0.9336904039 -0.3580092659 0.05918738375 -0.357787795 -0.9319252906 4.626660717e-05 0.1516420792 0
0.3812551363 0.3314784657 0.1160311882 -0.01060586148 0.09516975473 0.4978015027 -0.001361595272 0.02420211557 0.2534489886 -0.9980936608 -0.01525861506 -0.05980149536 0.00755858109 0.9314406547 -0.3638147531 0.06125285326 -0.3635732132 -0.9295496795 4.816337508e-05 0.1543214803 0
0.3871391617 0.3365942727 0.1178219325 -0.01093141183 0.09657434732 0.4974270659 -0.001403799805 0.02457142171 0.2534009126 -0.9979748718 -0.01595803839 -0.06157512684 0.007902709563 0.9294144012 -0.3689531379 0.06311657798 -0.3686925708 -0.9274061062 4.98903743e-05 0.1567031702 0
0.3937586901 0.3423495556 0.1198365198 -0.01130329668 0.09815102891 0.4969993367 -0.001452041547 0.02498665993 0.2533459593 -0.9978347861 -0.01676905448 -0.06359668629 0.008301523602 0.9271054349 -0.3747086832 0.06524434382 -0.3744253081 -0.9249588446 5.187999649e-05 0.1593825713 0
0.3996427155 0.3474653625 0.121627264 -0.01163886167 0.09954937979 0.4966133814 -0.00149559965 0.02535555189 0.2532963413 -0.997704364 -0.01751168598 -0.0654166873 0.008666504927 0.9250271663 -0.3798020975 0.06716318795 -0.3794971442 -0.9227518755 5.369065569e-05 0.1617642612 0
0.4062622439 0.3532206454 0.1236418513 -0.01202198229 0.1011189339 0.4961727292 -0.001545363091 0.02577031685 0.2532396547 -0.997550799 -0.0183718766 -0.06748983292 0.009089021097 0.9226603917 -0.3855064088 0.06935267185 -0.3851756426 -0.9202336286 5.577566707e-05 0.1644436623 0
0.4121462693 0.3583364524 0.1254325956 -0.01236750694 0.1025108558 0.4957753187 -0.001590272851 0.02613878162 0.2531884969 -0.9974080431 -0.01915871293 -0.06935516707 0.009475281475 0.9205313753 -0.3905537173 0.07132611388 -0.3901985787 -0.9179638635 5.767225408e-05 0.1668253521 0
0.4187657978 0.3640917352 0.1274471829 -0.01276180057 0.1040730724 0.4953218157 -0.001641555807 0.02655305866 0.2531300792 -0.9972402021 -0.02006917997 -0.07147871913 0.00992196721 0.9181082346 -0.3962055326 0.07357672077 -0.3958212949 -0.9153753157 5.985522179e-05 0.1695047532 0
0.4246498231 0.3692075422 0.1292379272 -0.01311722829 0.1054583791 0.4949130149 -0.001687815254 0.02692108324 0.253077384 -0.9970843967 -0.02090118323 -0.07338832572 0.01032991131 0.9159297667 -0.4012056274 0.07560422438 -0.4007939659 -0.9130433715 6.184003212e-05 0.1718864431 0
0.4312693516 0.374962825 0.1312525145 -0.01352263037 0.1070130496 0.4944467354 -0.001740615474 0.02733485777 0.2530172379 -0.9969014662 -0.02186298928 -0.07556107755 0.01080120956 0.9134517342 -0.4068037158 0.0779153426 -0.4063593718 -0.9103852263 6.412355335e-05 0.1745658442 0
0.4371533769 0.380078632 0.1330432587 -0.01388790298 0.1083915562 0.4940266114 -0.001788222578 0.02770242918 0.2529630074 -0.996731881 -0.0227410862 -0.07751387228 0.01123122007 0.911225139 -0.4117555169 0.07999635675 -0.4112804262 -0.9079917367 6.619890828e-05 0.1769475341 0
0.4437729054 0.3858339148 0.135057846 -0.01430434715 0.109938473 0.4935476316 -0.001842537745 0.0281156866 0.2529011356 -0.9965330315 -0.02375525366 -0.0797345911 0.01172754878 0.90869372 -0.4172986793 0.08236735818 -0.4167870093 -0.9052647167 6.858560824e-05 0.1796269352 0
0.4496569307 0.3909497218 0.1368485903 -0.01467940487 0.1113099959 0.4931162531 -0.001891490417 0.02848279189 0.2528453723 -0.9963489225 -0.02468033494 -0.08172946684 0.01217998593 0.9064203492 -0.422201135 0.0845013173 -0.4216551097 -0.9028103321 7.075385311e-05 0.1820086251 0
0.4562764592 0.3967050047 0.1388631776 -0.01510682298 0.1128489533 0.4926246515 -0.001947318148 0.02889551764 0.2527817773 -0.9961333094 -0.02574784521 -0.0839968946 0.01270173754 0.903837079 -0.4276882048 0.08693155756 -0.4271013733 -0.9000151783 7.324638311e-05 0.1846880262 0
0.4621604845 0.4018208116 0.1406539219 -0.01549160445 0.11421331 0.4921820891 -0.00199761424 0.02926214385 0.2527244836 -0.9959339192 -0.0267207647 -0.08603272215 0.01317693867 0.9015183101 -0.4325402926 0.08911788168 -0.4319151968 -0.897500566 7.550988563e-05 0.1870697161 0
0.468780013 0.4075760945 0.1426685091 -0.01592992661 0.1157441033 0.491677946 -0.002054952085 0.02967432339 0.2526591684 -0.9957006835 -0.02784255742 -0.08834557643 0.01372447966 0.8988847527 -0.4379701359 0.09160670028 -0.4372996608 -0.8946380381 7.811092127e-05 0.1897491172 0
0.4746640383 0.4126919015 0.1444592534 -0.01632436891 0.1171011128 0.4912242721 -0.00210658939 0.03004045763 0.2526003468 -0.9954852423 -0.02886413153 -0.09042120529 0.01422275883 0.8965219885 -0.4427708631 0.09384479521 -0.4420578989 -0.8920638814 8.047206998e-05 0.192130807 0
0.4812835668 0.4184471843 0.1464738407 -0.01677352344 0.1186235392 0.49070767 -0.002165434833 0.03045207644 0.2525333141 -0.995233511 -0.03004110376 -0.09277818014 0.01479642922 0.8938397357 -0.4481423799 0.09639151575 -0.4473790999 -0.8891347573 8.318430947e-05 0.1948102082 0
0.4871675921 0.4235629913 0.148264585 -0.01717756209 0.1199730216 0.4902429586 -0.002218411085 0.03081770581 0.2524729672 -0.9950012369 -0.03111211076 -0.09489243933 0.01531807677 0.8914344029 -0.4528907837 0.09868077321 -0.4520804596 -0.8865017558 8.564551232e-05 0.197191898 0
0.4937871206 0.4293182741 0.1502791723 -0.01763747559 0.1214868795 0.4897139819 -0.002278761544 0.03122874941 0.2524042201 -0.9947301242 -0.03234511633 -0.0972922062 0.01591818973 0.8887050727 -0.4582029081 0.1012847035 -0.4573369515 -0.8835068317 8.847167491e-05 0.1998712991 0
0.4996711459 0.4344340811 0.1520699165 -0.01805104458 0.1228286564 0.4892383091 -0.002333074419 0.03159386105 0.2523423505 -0.9944802244 -0.03346629569 -0.09944390503 0.01646347195 0.8862586211 -0.4628980564 0.1036245014 -0.4619801549 -0.880815701 9.103535784e-05 0.202252989 0
0.5062906744 0.4401893639 0.1540845038 -0.01852164192 0.124333746 0.4886970442 -0.002394927246 0.03200431496 0.2522718918 -0.9941888322 -0.03475614447 -0.1018851137 0.01709031334 0.8834838572 -0.4681497573 0.1062849338 -0.467170509 -0.8777557908 9.397818233e-05 0.2049323901 0
0.5121746997 0.4453051709 0.1558752481 -0.0189446737 0.1256676405 0.4882104876 -0.00245057436 0.03236889603 0.2522085023 -0.9939205031 -0.03592819633 -0.1040730426 0.01765947206 0.8809977585 -0.4727907493 0.1086746361 -0.4717542944 -0.8750072624 9.664678806e-05 0.20731408 0
0.5187942282 0.4510604538 0.1578898354 -0.01942587804 0.1271637633 0.4876570229 -0.002513926841 0.03277874584 0.2521363352 -0.9936079217 -0.03727565357 -0.106554322 0.01831330006 0.8781792283 -0.477981031 0.1113908476 -0.4768771001 -0.8718831977 9.970903142e-05 0.2099934811 0
0.5246782535 0.4561762607 0.1596805797 -0.01985830355 0.1284895998 0.4871596619 -0.002570905754 0.03314278352 0.2520714285 -0.99332035 -0.03849923811 -0.1087772535 0.01890655236 0.875654975 -0.4825669974 0.1138298049 -0.4814002216 -0.8690780185 0.0001024850182 0.212375171 0
0.531297782 0.4619315436 0.161695167 -0.02035003635 0.1299765593 0.4865940877 -0.00263575511 0.03355201481 0.2519975562 -0.9929856593 -0.03990502381 -0.1112972128 0.01958759708 0.872794369 -0.4876948999 0.1166010572 -0.4864540867 -0.8658906484 0.0001056694543 0.2150545721 0
0.5371818073 0.4670473506 0.1634859112 -0.02079178503 0.1312941637 0.4860860036 -0.002694063321 0.03391549631 0.2519311351 -0.9926780225 -0.04118076074 -0.113553902 0.02020513491 0.8702334735 -0.4922250035 0.1190886067 -0.490915315 -0.8630295808 0.000108555295 0.217436262 0
0.5438013358 0.4728026334 0.1655004985 -0.02129396607 0.1327717647 0.4855084122 -0.002760406707 0.03432409472 0.2518555607 -0.9923202922 -0.04264554908 -0.1161111317 0.02091359807 0.8673325037 -0.4972896033 0.1219141467 -0.4958988659 -0.8597797716 0.0001118647134 0.2201156631 0
0.5496853611 0.4779184404 0.1672912428 -0.02174496586 0.1340809644 0.4849896878 -0.002820041658 0.03468700728 0.2517876282 -0.9919917594 -0.0439740171 -0.1184003175 0.02155558799 0.8647364968 -0.5017630393 0.1244496122 -0.5002969886 -0.8568635931 0.0001148628941 0.2224973529 0
0.5563048896 0.4836737232 0.1693058301 -0.02225751326 0.1355490137 0.4844001734 -0.002887876163 0.03509495846 0.2517103551 -0.9916100504 -0.04549843587 -0.1209933898 0.02229164255 0.8617968954 -0.5067634494 0.127328672 -0.505208871 -0.853552228 0.0001183000988 0.225176754 0
0.5621889149 0.4887895302 0.1710965744 -0.02271769065 0.1368496376 0.4838708932 -0.002948835238 0.03545728934 0.2516409141 -0.9912597829 -0.04688017222 -0.1233137956 0.02295822544 0.8591673258 -0.5111794462 0.1299113645 -0.5095426928 -0.8505817313 0.0001214131183 0.2275584439 0
0.5688084434 0.4945448131 0.1731111617 -0.02324052086 0.1383079435 0.4832695518 -0.003018157887 0.03586457899 0.2515619457 -0.9908531478 -0.04846480229 -0.1259412662 0.02372201533 0.8561908442 -0.516114817 0.1328431616 -0.5143815716 -0.8472097103 0.0001249809271 0.230237845 0
0.5746924687 0.49966062 0.1749019059 -0.02370980086 0.1395998221 0.4827298021 -0.003080438412 0.03622631548 0.2514909993 -0.9904803001 -0.0499003023 -0.1282916009 0.0244133061 0.8535292765 -0.5204726358 0.1354723792 -0.5186499146 -0.8441857026 0.0001282112955 0.2326195349 0
0.5813119972 0.5054159029 0.1769164932 -0.02424282872 0.1410481949 0.4821167318 -0.003151246162 0.03663292931 0.251410339 -0.9900477839 -0.05154567714 -0.1309520093 0.02520494591 0.8505176839 -0.5253421552 0.1384561167 -0.5234144749 -0.8407539421 0.0001319125386 0.235298936 0
0.5871960226 0.5105317098 0.1787072375 -0.0247211349 0.1423311603 0.4815666005 -0.003214845405 0.03699405875 0.2513378902 -0.9896515043 -0.05303539378 -0.133330968 0.02592103331 0.8478256982 -0.5296410912 0.1411311448 -0.5276161791 -0.8376772454 0.0001352627771 0.2376806259 0
0.5930800479 0.5156475168 0.1804979818 -0.02520366185 0.1436098735 0.4810116145 -0.00327906426 0.03735489813 0.2512647355 -0.9892439016 -0.0545507687 -0.1357229416 0.0266488129 0.8451199489 -0.5339120833 0.14382748 -0.5317861277 -0.8345760423 0.0001386703001 0.2400623158 0
0.5996995764 0.5214027997 0.1825125691 -0.02575152813 0.1450432977 0.4803814776 -0.003352050323 0.03776049224 0.2511815935 -0.9887715767 -0.05628634252 -0.1384291038 0.02748155439 0.8420599705 -0.5386833673 0.1468861236 -0.5364390494 -0.8310581285 0.0001425729358 0.2427417169 0
0.6055836017 0.5265186066 0.1843033133 -0.02624296627 0.1463128537 0.4798162423 -0.003417583773 0.03812070597 0.2511069412 -0.9883392795 -0.05785652249 -0.1408477595 0.02823421305 0.839326152 -0.5428945016 0.1496271959 -0.5405406862 -0.8279054709 0.0001461040542 0.2451234067 0
0.6122031302 0.5322738895 0.1863179006 -0.02680081289 0.1477358836 0.4791746263 -0.003492047147 0.03852558913 0.2510221162 -0.987838688 -0.05965395304 -0.1435831896 0.0290949602 0.8362355011 -0.5475980917 0.1527357514 -0.5451161276 -0.8243301509 0.0001501471647 0.2478028078 0
0.6180871555 0.5373896965 0.1881086449 -0.0273010823 0.1489961184 0.4785992336 -0.003558892317 0.03888516461 0.2509459695 -0.9873808325 -0.06127928484 -0.1460271924 0.02987252107 0.8334752259 -0.5517487475 0.1555208158 -0.549148338 -0.8211268957 0.0001538044228 0.2501844977 0
0.624706684 0.5431449793 0.1901232322 -0.02786881853 0.1504085705 0.4779462429 -0.003634829736 0.03928932266 0.2508594652 -0.9868510002 -0.0631389378 -0.1487903826 0.0307612848 0.8303557232 -0.5563839649 0.1586784383 -0.5536450556 -0.8174951411 0.0001579908753 0.2528638988 0
0.6305907093 0.5482607863 0.1919139765 -0.02837783788 0.1516593221 0.4773607864 -0.003702983695 0.03964824732 0.2507818273 -0.9863667186 -0.06481972467 -0.1512583871 0.03156374412 0.827570615 -0.5604735562 0.161506738 -0.5576067436 -0.8142421588 0.0001617768259 0.2552455887 0
0.6372102378 0.5540160691 0.1939285638 -0.02895537147 0.153061015 0.4766965271 -0.003780391828 0.04005166613 0.2506936475 -0.9858066678 -0.06674191656 -0.1540478182 0.03248050503 0.8244240929 -0.5650397613 0.1647125694 -0.5620235152 -0.8105549567 0.0001661094966 0.2579249898 0
0.6430942631 0.5591318761 0.195719308 -0.02947305807 0.1543021227 0.4761011018 -0.003849851587 0.04040992742 0.250614522 -0.9852950898 -0.06847841791 -0.1565384692 0.03330783204 0.8216157854 -0.5690677372 0.1675833357 -0.5659136042 -0.8072531314 0.0001700267 0.2603066797 0
0.6497137916 0.564887159 0.1977338953 -0.0300602952 0.1556928768 0.4754256818 -0.003928727039 0.04081259291 0.2505246704 -0.9847038398 -0.07046341582 -0.1593526117 0.03425254027 0.8184440868 -0.5735643297 0.1708365046 -0.5702492296 -0.8035114839 0.0001745084734 0.2629860808 0
0.6555978169 0.5700029659 0.1995246396 -0.03058656498 0.156924182 0.4748203844 -0.003999489552 0.04117017833 0.2504440607 -0.9841640928 -0.07225584701 -0.1618645455 0.03510467705 0.8156142224 -0.577530174 0.1737489573 -0.5740666624 -0.800161713 0.0001785594971 0.2653677707 0
0.6622173454 0.5757582488 0.2015392269 -0.03118341034 0.1583038197 0.4741339134 -0.004079828863 0.04157207645 0.2503525414 -0.9835406612 -0.07430386835 -0.1647018605 0.03607725213 0.8124191993 -0.5819565933 0.1770485797 -0.5783199631 -0.7963666371 0.0001831932655 0.2680471718 0
0.6681013707 0.5808740557 0.2033299712 -0.03171817789 0.1595251654 0.4735188421 -0.004151891026 0.04192897352 0.2502704509 -0.9829718713 -0.07615240047 -0.1672337053 0.03695411351 0.8095694279 -0.5858598253 0.1800019272 -0.5820637022 -0.792969831 0.0001873806837 0.2704288616 0
0.6747208992 0.5866293386 0.2053445585 -0.03232453465 0.1608935111 0.4728214314 -0.004233690675 0.04233009025 0.2501772678 -0.9823152746 -0.07826361272 -0.1700926458 0.03795444426 0.8063529402 -0.5902155505 0.1833471063 -0.5862335224 -0.789122358 0.0001921693463 0.2731082628 0
0.6806049245 0.5917451456 0.2071353027 -0.03286771325 0.1621047423 0.4721966861 -0.004307049328 0.04268628653 0.2500937003 -0.9817165674 -0.0801683724 -0.1726430232 0.03885591773 0.8034849179 -0.5940557249 0.1863405459 -0.5899025502 -0.7856794399 0.0001964957392 0.2754899526 0
0.687224453 0.5975004284 0.20914989 -0.03348348309 0.1634616225 0.4714884488 -0.004390305726 0.0430866079 0.2499988575 -0.9810258219 -0.08234289298 -0.1755220349 0.03988386217 0.8002488319 -0.5983402749 0.1897303726 -0.5939877566 -0.7817806155 0.0002014422021 0.2781693537 0
0.6931084783 0.6026162354 0.2109406343 -0.0340349847 0.1646625857 0.4708541306 -0.004464957653 0.04344209099 0.2499138165 -0.9803963231 -0.08430396228 -0.1780895604 0.04080980783 0.7973642201 -0.6021169821 0.1927630908 -0.5975810761 -0.7782925211 0.0002059101555 0.2805510436 0
0.6997280068 0.6083715182 0.2129552216 -0.03466006785 0.1660078291 0.4701351814 -0.00454966715 0.04384160305 0.2498173181 -0.9796704459 -0.08654185835 -0.1809870829 0.04186519313 0.794110407 -0.6063299161 0.1961966438 -0.6015805584 -0.7743434049 0.0002110173308 0.2832304447 0
0.7056120321 0.6134873252 0.2147459659 -0.03521980312 0.1671983729 0.4694913932 -0.004625609076 0.04419636059 0.2497308073 -0.9790092825 -0.08855927462 -0.1835703673 0.04281544363 0.7912108707 -0.610042782 0.1992678164 -0.605097193 -0.7708110822 0.0002156294358 0.2856121346 0
0.7122315606 0.6192426081 0.2167605532 -0.03585409836 0.16853181 0.4687618486 -0.004711767958 0.04459504946 0.2496326576 -0.978247292 -0.09086056303 -0.186484835 0.04389806608 0.7879412055 -0.6141836993 0.2027441624 -0.6090098643 -0.7668127476 0.0002209002412 0.2882915357 0
0.7181155859 0.624358415 0.2185512974 -0.0364219767 0.1697117848 0.4681086945 -0.004788996555 0.0449490691 0.2495446809 -0.9775535926 -0.09293431885 -0.1890824847 0.04487242661 0.7850284126 -0.6178323857 0.2058529548 -0.6124488581 -0.7632371566 0.0002256590936 0.2906732256 0
0.7247351144 0.6301136979 0.2205658847 -0.03706538138 0.1710332485 0.4673686725 -0.004876601045 0.04534692091 0.2494448841 -0.97675451 -0.09529896605 -0.1920123283 0.0459820516 0.7817447724 -0.621900926 0.2093711491 -0.6162736551 -0.7591906901 0.0002310964519 0.2933526267 0
0.7306191397 0.6352295049 0.222356629 -0.03764131091 0.1722025066 0.4667062582 -0.004955112926 0.04570019036 0.2493554452 -0.9760274057 -0.09742900917 -0.1946229469 0.04698029987 0.778820392 -0.6254851305 0.2125167163 -0.6196340737 -0.7555728026 0.0002360046521 0.2957343166 0
0.7372386682 0.6409847877 0.2243712163 -0.03829372098 0.1735118318 0.4659558785 -0.005044159182 0.04609719131 0.2492540057 -0.9751902554 -0.09985693117 -0.1975665938 0.0481166619 0.7755246549 -0.6294809738 0.2160758028 -0.6233699567 -0.7514793041 0.000241611491 0.2984137177 0
0.7431226935 0.6461005947 0.2261619606 -0.0388776086 0.1746702275 0.4652843111 -0.005123950905 0.04644969831 0.2491631086 -0.9744288809 -0.1020431645 -0.2001887825 0.04913854821 0.7725903564 -0.6330004299 0.2192572899 -0.6266508867 -0.7478201034 0.0002466716432 0.3007954075 0
0.749742222 0.6518558775 0.2281765479 -0.03953891862 0.1759672514 0.464523695 -0.005214435024 0.04684583461 0.2490600308 -0.9735526915 -0.1045342269 -0.2031446586 0.05030135093 0.7692844001 -0.6369232967 0.2228563012 -0.6302968405 -0.7436806854 0.0002524508947 0.3034748086 0
0.7556262474 0.6569716845 0.2299672921 -0.04013066999 0.177114641 0.4638430829 -0.005295503092 0.04719756694 0.2489676794 -0.9727561854 -0.1067765087 -0.2057770175 0.05134659819 0.7663418517 -0.6403777738 0.2260728435 -0.6334973903 -0.7399811659 0.0002576656071 0.3058564985 0
0.7622457758 0.6627269673 0.2319818794 -0.04080077317 0.1783992029 0.4630723533 -0.005387421107 0.04759282488 0.2488629679 -0.9718399906 -0.1093305267 -0.2087435475 0.05253551448 0.7630275519 -0.6442274247 0.2297108017 -0.637052424 -0.7357969534 0.0002636202073 0.3085358996 0
0.7681298012 0.6678427743 0.2337726237 -0.04140029276 0.1795354445 0.4623828064 -0.005469761966 0.04794377034 0.2487691663 -0.9710074966 -0.1116286702 -0.2113846765 0.05360381825 0.7600784197 -0.6476167281 0.2329615251 -0.6401717237 -0.7320581206 0.0002689920912 0.3109175895 0
0.7747493296 0.6735980572 0.235787211 -0.04207908094 0.180807386 0.4616020876 -0.005563109848 0.04833813623 0.2486628255 -0.9700503361 -0.1142454087 -0.2143602856 0.0548184903 0.7567576489 -0.6513929643 0.2366374412 -0.6436348712 -0.7278302508 0.0002751249797 0.3135969906 0
0.780633355 0.6787138641 0.2375779552 -0.04268627204 0.1819323398 0.4609037173 -0.005646719888 0.04868828269 0.2485675777 -0.9691810036 -0.1165991828 -0.2170087853 0.0559095189 0.7538035954 -0.6547169352 0.2399214622 -0.6466720731 -0.7240531209 0.0002806566497 0.3159786805 0
0.7872528834 0.684469147 0.2395925425 -0.04337363576 0.1831915049 0.4601131352 -0.005741493546 0.04908174288 0.2484596123 -0.9681819238 -0.1192783566 -0.2199918998 0.05714955832 0.7504782214 -0.6584195981 0.2436343373 -0.6500423931 -0.7197827428 0.0002869707694 0.3186580816 0
0.7931369088 0.689584954 0.2413832868 -0.04398840048 0.1843050333 0.4594060539 -0.005826369104 0.04943107824 0.2483629226 -0.9672749086 -0.1216874853 -0.2226463724 0.05826295298 0.7475209045 -0.6616781134 0.2469507634 -0.6529966717 -0.7159683423 0.0002926648428 0.3210397715 0
0.7997564373 0.6953402368 0.2433978741 -0.04468422896 0.1855512681 0.4586057359 -0.005922564384 0.04982361913 0.2482533374 -0.9662329639 -0.1244287593 -0.2256354211 0.05952794091 0.7441927891 -0.6653070847 0.2506995884 -0.6562732484 -0.7116566165 0.0002991631396 0.3237191726 0
0.8056404626 0.7004560438 0.2451886184 -0.04530646826 0.1866532353 0.4578900577 -0.006008701739 0.05017213131 0.2481552099 -0.965287429 -0.1268929226 -0.2282944713 0.06066331583 0.7412338606 -0.6685000569 0.2540475182 -0.6591438008 -0.7078059821 0.0003050222362 0.3261008624 0
0.8122599911 0.7062113266 0.2472032057 -0.04601064947 0.1878863883 0.4570801327 -0.006106314425 0.05056373937 0.2480440095 -0.9642016823 -0.1296959115 -0.2312878864 0.06195280315 0.7379048584 -0.6720552583 0.2578312743 -0.6623257435 -0.7034540805 0.0003117076587 0.3287802636 0
0.8181440164 0.7113271336 0.2489939499 -0.04664026318 0.1889766607 0.4563559726 -0.006193709803 0.05091141635 0.2479444485 -0.9632167988 -0.132214745 -0.2339501224 0.06310974571 0.7349459629 -0.6751826357 0.261209798 -0.6651117897 -0.6995682587 0.0003177344005 0.3311619534 0
0.8247635449 0.7170824164 0.2510085372 -0.0473526838 0.1901965829 0.4555365709 -0.006292735618 0.05130207806 0.2478316379 -0.9620863223 -0.1350790143 -0.2369463406 0.06442325319 0.7316179196 -0.6786640289 0.2650274568 -0.6681982338 -0.6951773641 0.0003246098995 0.3338413545 0
0.8306475702 0.7221982234 0.2527992815 -0.04798957066 0.191275029 0.4548040455 -0.006381385188 0.05164890786 0.2477306478 -0.96106127 -0.1376521097 -0.2396103752 0.0656013241 0.7286606936 -0.6817257952 0.2684356562 -0.6708990165 -0.691257411 0.0003308069105 0.3362230444 0
0.8372670987 0.7279535063 0.2548138688 -0.04871011614 0.1924815736 0.4539752989 -0.006481819793 0.05203860977 0.2476162318 -0.9598851465 -0.1405771754 -0.2426078386 0.06693834261 0.7253354449 -0.6851333816 0.2722861802 -0.673889123 -0.6868287166 0.0003378754391 0.3389024455 0
0.843151124 0.7330693132 0.2566046131 -0.04935417379 0.1935480641 0.4532345259 -0.006571719672 0.05238458044 0.247513817 -0.9588191149 -0.1432040808 -0.2452722899 0.06813707611 0.7223815151 -0.6881295557 0.2757231288 -0.6765039082 -0.6828756976 0.0003442453449 0.3412841354 0
0.8490351493 0.7381851202 0.2583953573 -0.05000157021 0.1946088842 0.4524899128 -0.006662206572 0.0527301427 0.2474107331 -0.9577335214 -0.1458561397 -0.2479364607 0.06934536453 0.7194296964 -0.6910948794 0.2791732839 -0.6790779767 -0.6789074893 0.000350697522 0.3436658253 0
0.8556546778 0.7439404031 0.2604099446 -0.05073385339 0.1957954942 0.4516476659 -0.006764704914 0.05311840879 0.2472939655 -0.9564886268 -0.1488696299 -0.2509329394 0.07071597095 0.7161118677 -0.6943940123 0.2830702355 -0.6819249418 -0.6744253966 0.0003580552855 0.3463452264 0
0.8615387031 0.74905621 0.2622006889 -0.05138826812 0.1968441723 0.4508949805 -0.006856436312 0.05346309444 0.2471894635 -0.9553608809 -0.1515747552 -0.2535955063 0.07194418939 0.7131657176 -0.6972938353 0.2865477637 -0.6844119759 -0.6704257053 0.0003646842213 0.3487269162 0
0.8681582316 0.7548114929 0.2642152762 -0.052128388 0.1980170525 0.4500437201 -0.006960332461 0.05385036768 0.247071103 -0.9540681224 -0.1546476369 -0.2565894118 0.07333692241 0.7098551669 -0.7005193344 0.2904749794 -0.6871606438 -0.6659088045 0.0003722423169 0.3514063174 0
0.8740422569 0.7599272999 0.2660060205 -0.05278971609 0.1990534646 0.4492830833 -0.007053304337 0.0541941649 0.2469651874 -0.9528974403 -0.1574052701 -0.25924901 0.07458454069 0.7069162835 -0.7033537619 0.2939789355 -0.6895599677 -0.6618787173 0.0003790506402 0.3537880072 0
0.8806617854 0.7656825827 0.2680206078 -0.05353755401 0.2002124767 0.4484229458 -0.007158593742 0.05458043201 0.2468452391 -0.9515559429 -0.1605368908 -0.2622388116 0.0759987894 0.7036148011 -0.7065057648 0.297935348 -0.6922095914 -0.6573282361 0.0003868120259 0.3564674083 0
