0.007122823224 0.004571427945 0.003870399684 -2.767715304e-06 0.00181630908 0.5099956876 -3.462330626e-07 0.0004524052725 0.2549994648 -0.9999999999 -7.570077039e-08 -1.611824492e-05 3.853315274e-08 0.999974886 -0.007087125339 1.611837663e-05 -0.007087125339 -0.9999748859 3.301054294e-08 0.005147631579 0
0.01477635225 0.009483462877 0.008029174288 -1.191095039e-05 0.003767873028 0.5099814413 -1.499240453e-06 0.0009404537076 0.2549976825 -0.9999999976 -6.791944334e-07 -6.936292153e-05 3.406334061e-07 0.9998919238 -0.01470172264 6.936541038e-05 -0.01470172263 -0.9998919214 6.270041722e-08 0.0106788018 0
0.02166452838 0.01390429432 0.01177207143 -2.560369983e-05 0.005524149665 0.5099601064 -3.233454323e-06 0.001380383143 0.2549950016 -0.9999999889 -2.141800668e-06 -0.0001490941799 1.072250321e-06 0.9997676888 -0.02155384881 0.0001491057077 -0.02155384873 -0.9997676777 4.272345698e-08 0.015656855 0
0.02855270451 0.01832512575 0.01551496858 -4.447215197e-05 0.007280241272 0.5099307071 -5.626728703e-06 0.001820380457 0.2549913017 -0.9999999665 -4.903772825e-06 -0.0002589491094 2.453537681e-06 0.9995965095 -0.02840454565 0.0002589839153 -0.02840454533 -0.999596476 1.613453754e-08 0.02063490821 0
0.03544088064 0.02274595719 0.01925786572 -6.85155484e-05 0.009036089035 0.5098932447 -8.678160352e-06 0.002260317867 0.2549865844 -0.9999999204 -9.377884103e-06 -0.0003989101036 4.690866585e-06 0.9993784071 -0.035253359 0.0003989927458 -0.03525335806 -0.9993783275 1.033802736e-07 0.02561296141 0
0.04309440967 0.02765799212 0.02341664032 -0.00010129863 0.01098667348 0.5098421648 -1.283995634e-05 0.002749047689 0.2549801506 -0.999999826 -1.685886152e-05 -0.0005897044554 8.431595298e-06 0.9990810712 -0.04286039054 0.0005898851363 -0.04286038805 -0.9990808972 2.315445773e-07 0.03114413163 0
0.04998258579 0.03207882356 0.02715953747 -0.0001362634824 0.01274181336 0.5097876854 -1.727946817e-05 0.003188830062 0.2549732874 -0.9999996851 -2.630160691e-05 -0.0007931431685 1.31530857e-05 0.9987640053 -0.04970373747 0.0007934701359 -0.04970373225 -0.9987636905 3.723450849e-07 0.03612218483 0
0.05687076192 0.036499655 0.03090243461 -0.0001763995898 0.01449652649 0.5097251487 -2.237618754e-05 0.003628549119 0.2549654082 -0.9999994723 -3.873848055e-05 -0.00102660233 1.937149309e-05 0.9984001199 -0.05654378993 0.00102715031 -0.05654377998 -0.9983995923 5.362564825e-07 0.04110023804 0
0.06452429095 0.04141168993 0.03506120922 -0.0002270583478 0.01644563578 0.5096462163 -2.880986847e-05 0.004117057333 0.2549554621 -0.9999991257 -5.656887217e-05 -0.001321164894 2.828639901e-05 0.9979409463 -0.06413943371 0.001322072839 -0.064139415 -0.9979400721 7.449106494e-07 0.04663140826 0
0.07141246708 0.04583252137 0.03880410636 -0.000278105999 0.01819925507 0.5095666781 -3.529366987e-05 0.004556655784 0.2549454386 -0.9999986883 -7.667605356e-05 -0.001617871834 3.833939986e-05 0.9974783753 -0.07097104509 0.001619233948 -0.07097101403 -0.997477064 9.56318637e-07 0.05160946146 0
0.07830064321 0.05025335281 0.04254700351 -0.0003343192044 0.0199522649 0.5094790913 -4.243436815e-05 0.004996199198 0.2549343996 -0.9999981044 -0.0001010543868 -0.001944467039 5.052754996e-05 0.9969691448 -0.07779795529 0.001946435465 -0.07779790607 -0.9969672498 1.189992686e-06 0.05658751466 0
0.08518881933 0.05467418425 0.04628990065 -0.0003956957051 0.02170460659 0.5093834595 -5.023187503e-05 0.005435687117 0.2549223451 -0.9999973445 -0.0001301129407 -0.002300898159 6.505524858e-05 0.9964133178 -0.08461971338 0.002303655689 -0.08461963835 -0.9964106633 1.445902841e-06 0.06156556786 0
0.09284234836 0.05958621918 0.05044867525 -0.0004699445265 0.02365079795 0.5092677711 -5.966599222e-05 0.005923940338 0.2549077606 -0.9999962543 -0.0001683859074 -0.002731855832 8.418912243e-05 0.9957411664 -0.09219285438 0.00273574529 -0.09219273904 -0.9957374225 1.756348256e-06 0.06709673809 0
0.09973052449 0.06400705062 0.0541915724 -0.0005422129649 0.02540153654 0.5091551683 -6.884979218e-05 0.006363306104 0.2548935631 -0.9999950136 -0.0002086645919 -0.00315108047 0.000104325137 0.9950872032 -0.09900225811 0.003156258117 -0.09900209318 -0.9950822195 2.059294339e-06 0.07207479129 0
0.1066187006 0.06842788206 0.05793446954 -0.0006196363442 0.02715142464 0.5090345336 -7.869010384e-05 0.006802610546 0.2548783506 -0.9999934877 -0.0002548907112 -0.003599947619 0.0001274337108 0.9943868775 -0.1058051115 0.003606709413 -0.1058048812 -0.9943803693 2.384622127e-06 0.07705284449 0
0.1135068767 0.0728487135 0.06167736669 -0.0007022115532 0.0289004037 0.5089058717 -8.918682087e-05 0.007241850973 0.2548621234 -0.9999916361 -0.0003074695893 -0.004078385332 0.0001537172498 0.9936402763 -0.1126009669 0.004087069301 -0.112600652 -0.9936319183 2.732422454e-06 0.08203089769 0
0.1211604058 0.07776074843 0.06583614129 -0.0008000000125 0.03084257647 0.5087535057 -0.0001016195609 0.007729817252 0.2548429032 -0.999989144 -0.0003738329549 -0.004644570876 0.0001868903628 0.9927565586 -0.1201431664 0.004655841674 -0.1201427302 -0.9927457114 3.145351949e-06 0.08756206792 0
0.1280485819 0.08218157987 0.06957903844 -0.0008934401591 0.03258944439 0.508607915 -0.0001135016454 0.008168912729 0.2548245343 -0.9999864596 -0.0004411492892 -0.005185177728 0.0002205386424 0.9919125761 -0.1269227823 0.005199234894 -0.1269222073 -0.9918990479 3.540953327e-06 0.09254012112 0
0.134936758 0.0866024113 0.07332193558 -0.0009920211344 0.03433522143 0.5084543142 -0.0001260397643 0.00860793458 0.2548051512 -0.9999833061 -0.0005160721138 -0.005755101031 0.0002579877215 0.9910226254 -0.1336940137 0.005772431086 -0.1336932665 -0.9910059483 3.959391303e-06 0.09751817432 0
0.1418249342 0.09102324274 0.07706483272 -0.001095738978 0.03607984922 0.5082927096 -0.0001392337847 0.009046879466 0.2547847542 -0.9999796321 -0.0005990018329 -0.006354249421 0.0002994373873 0.990086817 -0.140456417 0.006375392235 -0.1404554589 -0.9900664717 4.40080403e-06 0.1024962275 0
0.1494784632 0.09593527767 0.08122360733 -0.001217000673 0.03801690576 0.5081037696 -0.0001546629047 0.009534501578 0.2547609018 -0.9999748736 -0.0007010220514 -0.007054129209 0.0003504266998 0.9889933876 -0.1479593068 0.00708020988 -0.1479580611 -0.9889682921 4.918387459e-06 0.1080273977 0
0.1563666393 0.1003561091 0.08496650447 -0.001331549081 0.03975891597 0.5079252897 -0.00016924114 0.009973272684 0.2547383649 -0.9999699199 -0.0008021638561 -0.007714653898 0.0004009748053 0.9879611567 -0.1547016225 0.007745874439 -0.1547000624 -0.9879311171 5.408795577e-06 0.1130054509 0
0.1632548154 0.1047769406 0.08870940162 -0.001451220718 0.04149959572 0.5077388272 -0.0001844748206 0.01041195601 0.2547148147 -0.9999642686 -0.0009125491674 -0.008404089524 0.00045614022 0.986883448 -0.1614337385 0.00844117307 -0.1614318037 -0.9868477691 5.922663136e-06 0.1179835041 0
0.1701429916 0.109197772 0.09245229876 -0.001576010778 0.04323888689 0.5075443896 -0.0002003637862 0.01085054798 0.2546902515 -0.9999578576 -0.001032572307 -0.009122325552 0.000516119494 0.9857603952 -0.1681552166 0.009166059661 -0.1681528383 -0.98571832 6.460162269e-06 0.1229615574 0
0.1777965206 0.1141098069 0.09661107336 -0.001720663384 0.04516973342 0.5073190038 -0.0002187865325 0.01133776088 0.2546617713 -0.9999497641 -0.001177712513 -0.009954003616 0.0005886469744 0.9844595469 -0.1756105179 0.01000613259 -0.1756075554 -0.9844093985 7.085318325e-06 0.1284927276 0
0.1846846967 0.1185306384 0.1003539705 -0.001856242292 0.04690590253 0.5071077559 -0.0002360583192 0.01177614814 0.2546350704 -0.999941533 -0.001319369588 -0.01073265673 0.0006594302957 0.9832412317 -0.1823081059 0.01079332239 -0.1823045243 -0.9831828744 7.673305213e-06 0.1334707808 0
0.1915728729 0.1229514698 0.1040968677 -0.001996923355 0.04864050261 0.5068885582 -0.0002539848474 0.01221443278 0.2546073573 -0.9999323317 -0.001471880393 -0.01153973689 0.0007356331762 0.9819780239 -0.1889937022 0.01160994415 -0.1889894023 -0.9819104924 8.28550648e-06 0.138448834 0
0.1992264019 0.1278635047 0.1082556423 -0.00215921278 0.05056592547 0.5066356921 -0.0002746708892 0.0127012909 0.2545753782 -0.9999208817 -0.001654537275 -0.01246967542 0.000826893663 0.9805219984 -0.196407553 0.01255175468 -0.1964023247 -0.9804430531 8.994375578e-06 0.1439800042 0
0.206114578 0.1322843362 0.1119985394 -0.002310646262 0.05229702327 0.5063997409 -0.0002939790216 0.01313934683 0.2545455293 -0.9999093902 -0.001831230359 -0.01333633771 0.0009151694133 0.9791645381 -0.2030664173 0.01343033034 -0.2030602225 -0.9790741403 9.658367745e-06 0.1489580574 0
0.2130027541 0.1367051676 0.1157414365 -0.002467163653 0.05402637229 0.5061558684 -0.000313941286 0.0135772887 0.2545146692 -0.9998966937 -0.002019975048 -0.01423100953 0.00100946083 0.9777626902 -0.2097119517 0.01433816307 -0.2097046528 -0.977659642 1.034722517e-05 0.1539361106 0
0.2198909303 0.141125999 0.1194843337 -0.002628758671 0.05575391492 0.5059040843 -0.0003345574724 0.0140151128 0.2544827982 -0.9998827114 -0.002221152218 -0.01515354739 0.001109957305 0.9763166282 -0.2163437299 0.01527519265 -0.216335175 -0.976199652 1.106117094e-05 0.1589141638 0
0.2275444593 0.146038034 0.1236431083 -0.002814256035 0.05767121813 0.5056150576 -0.0003582310274 0.0145014414 0.2544462007 -0.9998655661 -0.002459724289 -0.01621109177 0.001229126529 0.9746582546 -0.2236957218 0.01635050421 -0.223685575 -0.9745242042 1.188414814e-05 0.164445334 0
0.2344326354 0.1504588654 0.1273860054 -0.002986548937 0.05939475838 0.505346605 -0.0003802269948 0.01493900472 0.2544121967 -0.999848593 -0.002688388889 -0.01719196668 0.001343339377 0.9731194462 -0.2302970665 0.01734896517 -0.2302852925 -0.9729684977 1.26518202e-05 0.1694233872 0
0.2413208116 0.1548796969 0.1311289026 -0.003163898618 0.06111631349 0.5050702733 -0.0004028761868 0.01537643872 0.2543771829 -0.999830067 -0.002930656965 -0.01820023274 0.001464339087 0.9715369983 -0.2368833399 0.01837642329 -0.2368697369 -0.9713676105 1.344531619e-05 0.1744014404 0
0.2482089877 0.1593005283 0.1348717997 -0.003346297959 0.06283582618 0.5047860736 -0.0004261783649 0.01581373969 0.2543411597 -0.9998098971 -0.003186900201 -0.01923572824 0.001592310162 0.9699111064 -0.2434541236 0.01943281045 -0.2434384715 -0.969721649 1.426488559e-05 0.1793794936 0
0.2558625167 0.1642125632 0.1390305743 -0.003554877426 0.06474393087 0.5044610822 -0.0004528352237 0.0162994691 0.2542999504 -0.9997854447 -0.003488454591 -0.02041801237 0.001742899345 0.9680538517 -0.2507363209 0.02064041778 -0.2507181106 -0.9678400706 1.520640933e-05 0.1849106639 0
0.2627506928 0.1686333947 0.1427734715 -0.00374791288 0.06645894412 0.5041603103 -0.000477515115 0.016736477 0.2542617973 -0.9997614951 -0.003775410641 -0.02151044146 0.001886187848 0.9663369111 -0.2572730388 0.02175764493 -0.2572522507 -0.966099314 1.608186958e-05 0.1898887171 0
0.269638869 0.1730542261 0.1465163686 -0.003945974561 0.06817173736 0.5038517068 -0.0005028472074 0.01717334026 0.2542226361 -0.9997356034 -0.004077482552 -0.02262956897 0.0020370134 0.9645771691 -0.2637929783 0.02290357684 -0.2637693291 -0.9643138323 1.698421852e-05 0.1948667703 0
0.2765270451 0.1774750575 0.1502592658 -0.004149054524 0.0698822537 0.5035352843 -0.0005288312344 0.01761005517 0.254182467 -0.9997076687 -0.004395031729 -0.02377521536 0.002195555032 0.9627748428 -0.2702957298 0.02407813754 -0.2702689136 -0.9624837441 1.791373048e-05 0.1998448235 0
0.2841805741 0.1823870925 0.1544180404 -0.004380574652 0.07178008793 0.5031745487 -0.0005584666576 0.01809511543 0.2541366532 -0.9996741084 -0.004766452738 -0.02507903446 0.002380978111 0.9607225843 -0.2775003549 0.02541668712 -0.2774696325 -0.960398144 1.897872036e-05 0.2053759937 0
0.2910687503 0.1868079239 0.1581609375 -0.004594221769 0.07348561115 0.5028416613 -0.0005858260852 0.01853150488 0.254094358 -0.9996415189 -0.005117850927 -0.02628005635 0.002556390775 0.9588310945 -0.2839654856 0.02665142822 -0.2839308714 -0.9584742885 1.996650344e-05 0.2103540469 0
0.2979569264 0.1912287553 0.1619038347 -0.004812861168 0.07518868117 0.5025009954 -0.0006138365747 0.01896773438 0.2540510563 -0.9996065576 -0.005485833457 -0.02750701139 0.002740067312 0.9568977293 -0.2904121687 0.02791454953 -0.2903732793 -0.9565062136 2.098233982e-05 0.2153321001 0
0.3048451025 0.1956495868 0.1656467318 -0.00503648408 0.07688924153 0.5021525645 -0.0006424978314 0.01940380017 0.2540067486 -0.9995691141 -0.005870750398 -0.02875970268 0.002932180725 0.9549227268 -0.2968400043 0.02920596728 -0.2967964288 -0.9544940499 2.202652719e-05 0.2203101533 0
0.3124986315 0.2005616217 0.1698055064 -0.005290787932 0.07877574109 0.5017563292 -0.0006751065508 0.01988812119 0.2539563386 -0.9995244617 -0.006318719372 -0.03018152172 0.003155743656 0.9526797418 -0.3039594559 0.03067395882 -0.3039101566 -0.9522067659 2.322035543e-05 0.2258413235 0
0.3193868077 0.2049824532 0.1735484035 -0.00552490191 0.08047081841 0.501391552 -0.0007051406512 0.02032382914 0.2539099087 -0.9994814049 -0.006740523159 -0.0314878799 0.003366229372 0.9506176435 -0.310346201 0.03202482994 -0.3102912524 -0.9501019677 2.432539694e-05 0.2308193767 0
0.3262749838 0.2094032846 0.1772913007 -0.005763970855 0.08216321118 0.5010190544 -0.0007358245586 0.02075936178 0.2538624743 -0.9994355077 -0.007180331559 -0.03281933542 0.00358568014 0.948514681 -0.3167128711 0.03340372489 -0.3166517688 -0.9479535054 2.545975009e-05 0.2357974299 0
0.3331631599 0.213824116 0.1810341978 -0.006007985185 0.08385286342 0.5006388514 -0.0007671579502 0.02119471539 0.2538140359 -0.9993866503 -0.00763848228 -0.03417567456 0.003814262387 0.9463711133 -0.3230590773 0.03481055222 -0.3229912841 -0.9457615217 2.662373445e-05 0.2407754831 0
0.3408166889 0.218736151 0.1851929724 -0.006284900462 0.08572697267 0.5002073848 -0.0008027341695 0.0216782271 0.2537590386 -0.9993287442 -0.00816945803 -0.0357116376 0.004079152743 0.9439420684 -0.3300859465 0.03640634035 -0.3300100476 -0.9432751173 2.795219815e-05 0.2463066533 0
0.3477048651 0.2231569824 0.1889358696 -0.006539322697 0.08741065609 0.4998109649 -0.0008354376041 0.02211319049 0.2537084823 -0.9992732344 -0.008667426154 -0.037119789 0.004327551498 0.9417136494 -0.3363876852 0.03787182738 -0.336303848 -0.9409917356 2.917980964e-05 0.2512847065 0
0.3545930412 0.2275778138 0.1926787667 -0.00679865925 0.08909142562 0.499406888 -0.0008687894754 0.02254796325 0.2536569237 -0.9992143779 -0.009184766783 -0.03855213363 0.004585588622 0.9394454608 -0.3426677671 0.03936495046 -0.3425753439 -0.9386652941 3.043807884e-05 0.2562627597 0
0.3622465702 0.2324898488 0.1968375413 -0.007092562037 0.09095546237 0.4989489529 -0.0009066071955 0.02303081598 0.2535984614 -0.9991449001 -0.009782704931 -0.04017172258 0.004883794518 0.9368789465 -0.3496197766 0.04105626824 -0.3495170072 -0.9360300447 3.1872526e-05 0.26179393 0
0.3691347464 0.2369106802 0.2005804385 -0.007362238903 0.09262989843 0.4985287646 -0.0009413268285 0.02346517405 0.2535447885 -0.9990785532 -0.01034200409 -0.04165438186 0.005162700323 0.9345277196 -0.3558529021 0.04260740666 -0.3557400516 -0.9336132093 3.319663939e-05 0.2667719832 0
0.3760229225 0.2413315117 0.2043233356 -0.007636797126 0.09430124852 0.4981009705 -0.0009766937846 0.02389932991 0.2534901149 -0.9990084523 -0.01092167363 -0.04316050622 0.005451734204 0.9321376044 -0.3620632058 0.04418586705 -0.3619395025 -0.9311538035 3.455248383e-05 0.2717500364 0
0.3829110986 0.2457523431 0.2080662328 -0.007916225709 0.0959694576 0.4976655879 -0.001012707692 0.02433327983 0.2534344413 -0.9989344622 -0.01152202716 -0.04468985378 0.005751049769 0.929708894 -0.3682503196 0.04579154471 -0.3681149485 -0.9286519903 3.594041383e-05 0.2767280896 0
0.3905646276 0.250664378 0.2122250074 -0.008232400452 0.09781927258 0.4971729504 -0.001053481454 0.02481520035 0.2533714095 -0.9988475227 -0.0122137226 -0.04641606703 0.00609586584 0.9269654226 -0.3750972484 0.04760742292 -0.3749479034 -0.9258226628 3.752062635e-05 0.2822592598 0
0.3974528038 0.2550852095 0.2159679045 -0.008522073936 0.09948067053 0.496721605 -0.001090859895 0.02524870331 0.2533136266 -0.9987648692 -0.01285875605 -0.04799363014 0.006417383047 0.9244562153 -0.3812342104 0.04927020739 -0.3810713297 -0.9232318714 3.897747699e-05 0.287237313 0
0.4043409799 0.2595060409 0.2197108017 -0.008816582343 0.1011387572 0.4962627262 -0.001128884087 0.02568198877 0.2532548455 -0.9986778929 -0.01352542608 -0.04959364011 0.006749647566 0.9219093528 -0.3873468569 0.05095987193 -0.3871694824 -0.920599198 4.046754461e-05 0.2922153662 0
0.411229156 0.2639268723 0.2234536988 -0.009115913887 0.102793478 0.4957963324 -0.00116755363 0.02611505301 0.2531950668 -0.9985864505 -0.01421403129 -0.05121583985 0.00709280502 0.9193251463 -0.3934348326 0.05267630449 -0.393241957 -0.9179248173 4.199120173e-05 0.2971934194 0
0.4188826851 0.2688389073 0.2276124734 -0.009454146683 0.1046280432 0.4952693258 -0.001211276187 0.02659597156 0.2531274768 -0.9984794329 -0.01500523305 -0.05304399194 0.007487041347 0.9164103913 -0.4001698875 0.05461470783 -0.3999585449 -0.914904583 4.372400745e-05 0.3027245896 0
0.4257708612 0.2732597387 0.2313553706 -0.009763620842 0.1062754804 0.4947871286 -0.001251306793 0.02702855663 0.2530655942 -0.9983780823 -0.01574110928 -0.05471217653 0.007853664122 0.9137483894 -0.4062046292 0.05638727465 -0.4059754897 -0.9121427394 4.531981771e-05 0.3077026428 0
0.4326590373 0.2776805701 0.2350982677 -0.01007788025 0.1079193834 0.4942974755 -0.001291981464 0.02746090896 0.253002716 -0.9982718071 -0.01649982517 -0.05640172841 0.008231619882 0.9110500398 -0.4122136163 0.05818624951 -0.4119655092 -0.9093397493 4.695040271e-05 0.312680696 0
0.4395472134 0.2821014016 0.2388411648 -0.01039691234 0.1095596984 0.4938003859 -0.00133329977 0.02789302485 0.252938843 -0.998160456 -0.01728166341 -0.05811237603 0.008621045796 0.9083156713 -0.4181965075 0.06001151312 -0.4179282061 -0.9064957986 4.861615162e-05 0.3176587492 0
0.4472007425 0.2870134365 0.2429999394 -0.01075697451 0.1113779972 0.4932393666 -0.001379963352 0.02837287181 0.2528667068 -0.9980305931 -0.01817783018 -0.06003750297 0.009067358082 0.905235645 -0.4248131473 0.06207026897 -0.4245208988 -0.9032880427 5.050870351e-05 0.3231899195 0
0.4540889186 0.291434268 0.2467428366 -0.01108604014 0.1130105615 0.4927266436 -0.001422639011 0.02880447639 0.2528007356 -0.9979080213 -0.01900939253 -0.06179177896 0.009481439622 0.9024263355 -0.4307398417 0.06395063138 -0.4304246182 -0.9003582425 5.22499826e-05 0.3281679727 0
0.4609770947 0.2958550994 0.2504857337 -0.01141983815 0.1146393713 0.492206547 -0.001465956931 0.02923583304 0.2527337716 -0.9977798916 -0.01986493089 -0.06356628421 0.009907404354 0.8995820569 -0.4366394006 0.06585690022 -0.4362997907 -0.8973880773 5.402766067e-05 0.3331460259 0
0.4678652709 0.3002759308 0.2542286309 -0.01175835519 0.1162643737 0.4916790976 -0.001509916659 0.02966693805 0.2526658156 -0.9976460452 -0.02074471122 -0.0653607334 0.01034538054 0.896703155 -0.442511497 0.06778894907 -0.4421460266 -0.8943777443 5.584214226e-05 0.3381240791 0
0.4755187999 0.3051879658 0.2583874055 -0.01214000345 0.1180654018 0.4910844446 -0.001559512974 0.030145644 0.2525891462 -0.9974904272 -0.02175099504 -0.06737760579 0.01084626148 0.8934641927 -0.4490034466 0.0699657499 -0.4486074349 -0.8909860623 5.790189405e-05 0.3436552493 0
0.482406976 0.3096087972 0.2621303026 -0.01248843826 0.1196821922 0.4905415421 -0.001604826101 0.03057620567 0.2525190981 -0.9973439839 -0.02268280721 -0.06921320735 0.01131000634 0.8905133498 -0.4548165099 0.07195180033 -0.4543913117 -0.8878915893 5.979541645e-05 0.3486333025 0
0.4892951521 0.3140296286 0.2658731998 -0.01284154941 0.1212950109 0.4899913534 -0.001650779574 0.03100650425 0.2524480603 -0.9971913196 -0.02363966163 -0.07106784467 0.01178614732 0.887528984 -0.4606011173 0.07396322654 -0.4601450521 -0.8847575782 6.172702343e-05 0.3536113557 0
0.4961833283 0.3184504601 0.2696160969 -0.01319932281 0.1229038053 0.4894339003 -0.001697372912 0.03143653604 0.2523760334 -0.9970322689 -0.02462180669 -0.07294121942 0.01227480336 0.884511457 -0.4663569574 0.07599989511 -0.4658682745 -0.8815842369 6.369713376e-05 0.3585894089 0
0.5038368573 0.323362495 0.2737748715 -0.01360229949 0.1246865713 0.4888060151 -0.001749893148 0.03191403179 0.2522948444 -0.9968478523 -0.02574303747 -0.07504435622 0.01283257444 0.8811202007 -0.4727182215 0.0782923011 -0.4721911561 -0.8780124303 6.59318169e-05 0.3641205791 0
0.5107250334 0.3277833265 0.2775177687 -0.01396986827 0.1262866988 0.4882332997 -0.001797835692 0.03234348832 0.252220732 -0.9966747685 -0.02677936977 -0.07695629434 0.01334803124 0.8780338707 -0.4784123243 0.08038181352 -0.4778487076 -0.8747567529 6.798460191e-05 0.3690986323 0
0.5176132095 0.3322041579 0.2812606658 -0.01434205425 0.1278826401 0.4876533901 -0.001846416554 0.03277266664 0.252145633 -0.9964947733 -0.02784173722 -0.0788860224 0.01387635813 0.8749155278 -0.4840767148 0.08249614262 -0.4834745669 -0.8714624086 7.007721375e-05 0.3740766855 0
0.5252667386 0.3371161928 0.2854194404 -0.0147609914 0.1296509355 0.4870006367 -0.001901143312 0.03324920069 0.2520610334 -0.9962864635 -0.02905296023 -0.08105065161 0.01447861531 0.8714136147 -0.4903352748 0.08487433253 -0.4896878981 -0.8677569419 7.244957383e-05 0.3796078557 0
0.5321549147 0.3415370243 0.2891623376 -0.01514287581 0.1312378698 0.4864056157 -0.001951070048 0.03367777965 0.2519838541 -0.9960913113 -0.03017104077 -0.08301691285 0.01503446807 0.8682289302 -0.4959359732 0.0870405899 -0.495245629 -0.8643816881 7.462768633e-05 0.3845859089 0
0.5390430908 0.3459578557 0.2929052347 -0.01552933063 0.1328204577 0.4858034736 -0.002001633491 0.034106069 0.2519056906 -0.9958887082 -0.03131585722 -0.08499998848 0.0156035227 0.8650134157 -0.5015060525 0.08923122231 -0.500770514 -0.8609684555 7.684697901e-05 0.3895639621 0
0.545931267 0.3503786871 0.2966481318 -0.01592034045 0.1343986481 0.4851942343 -0.00205283311 0.0345340651 0.2518265438 -0.9956784777 -0.03248762532 -0.08699955923 0.0161858808 0.8617674586 -0.5070452293 0.09144608448 -0.5062621865 -0.8575174704 7.910789293e-05 0.3945420153 0
0.553584796 0.3552907221 0.3008069064 -0.0163601191 0.1361469737 0.4845090073 -0.002110467052 0.03500926793 0.2517374506 -0.9954357263 -0.0338214564 -0.08924025888 0.01684866864 0.8581256102 -0.5131632874 0.09393528136 -0.5123246492 -0.8536390436 8.166937454e-05 0.4000731856 0
0.5604729721 0.3597115535 0.3045498036 -0.0167606936 0.1377157137 0.4838848651 -0.002163007932 0.03543663292 0.2516562307 -0.9952088083 -0.03505080981 -0.091273592 0.01745943425 0.8548166715 -0.5186363141 0.09620081091 -0.5177450134 -0.8501091136 8.401961664e-05 0.4050512388 0
0.5673611482 0.3641323849 0.3082927007 -0.01716577401 0.1392798986 0.4832537021 -0.002216183292 0.03586369331 0.2515740301 -0.9949737055 -0.03630775595 -0.09332240982 0.01808380341 0.8514785156 -0.5240775835 0.09849010799 -0.5231310394 -0.8465421515 8.641287007e-05 0.410029292 0
0.5742493244 0.3685532164 0.3120355979 -0.01757534419 0.1408394781 0.4826155435 -0.002269992572 0.03629044544 0.2514908496 -0.9947302361 -0.03759249105 -0.09538638229 0.01872186736 0.8481115429 -0.5294868294 0.1008030207 -0.52848237 -0.8429383937 8.884958723e-05 0.4150073452 0
0.5819028534 0.3734652513 0.3161943725 -0.0180356681 0.1425668819 0.4818983046 -0.00233052346 0.03676424851 0.2513972788 -0.9944496792 -0.03905279911 -0.09769705443 0.01944699683 0.8443371556 -0.5354592253 0.1034004346 -0.5343871692 -0.8388913538 9.160858021e-05 0.4205385154 0
0.5887910295 0.3778860828 0.3199372696 -0.01845466289 0.1441165747 0.4812454614 -0.002385669151 0.03719033793 0.2513120328 -0.9941879442 -0.0403968224 -0.09979192496 0.02011426001 0.8409106762 -0.5408000103 0.1057626971 -0.5396640913 -0.8352107043 9.413855147e-05 0.4255165686 0
0.5956792057 0.3823069142 0.3236801668 -0.01887809613 0.145661507 0.4805857025 -0.002441446981 0.03761610778 0.2512258097 -0.9939172691 -0.04176921404 -0.1019009076 0.02079548529 0.8374566451 -0.5461079704 0.1081480929 -0.5449052214 -0.8314940106 9.671341041e-05 0.4304946218 0
0.6025673818 0.3867277456 0.3274230639 -0.01930595094 0.1472016294 0.4799190543 -0.002497856364 0.03804155444 0.2511386104 -0.993637467 -0.04317015015 -0.1040236623 0.02149075324 0.8339754749 -0.5513828569 0.1105564639 -0.5501102121 -0.8277415193 9.933361988e-05 0.435472675 0
0.6102209108 0.3916397806 0.3315818385 -0.01978651028 0.1489071754 0.4791702863 -0.002561273445 0.03851388949 0.2510405786 -0.9933156428 -0.04476043186 -0.1063980147 0.02227983763 0.8300761834 -0.5572047546 0.1132591834 -0.5558507295 -0.8235304025 0.0001022987186 0.4410038452 0
0.6171090869 0.396060612 0.3353247357 -0.02022364343 0.1504369822 0.4784891813 -0.002619014152 0.03893864196 0.2509513217 -0.9930159544 -0.04622218435 -0.1085487172 0.02300500378 0.826539087 -0.5624090215 0.1157155311 -0.5609782949 -0.8197031588 0.0001050161988 0.4459818984 0
0.6239972631 0.4004814434 0.3390676328 -0.02066514463 0.1519618267 0.4778012704 -0.002677384545 0.03936305997 0.2508610915 -0.992706551 -0.04771299719 -0.1107121198 0.02374444621 0.8229761527 -0.5675794688 0.118194352 -0.5660686549 -0.8158408994 0.0001077804847 0.4509599516 0
0.6308854392 0.4049022749 0.34281053 -0.02111099631 0.1534816603 0.477106581 -0.002736384012 0.03978713992 0.250769889 -0.9923872415 -0.04923302578 -0.1128878735 0.02449823447 0.8193878042 -0.5727158657 0.1206954818 -0.5711214717 -0.8119438806 0.0001105920489 0.4559380048 0
0.6385389682 0.4098143098 0.3469693046 -0.02161146794 0.1551644288 0.4763267873 -0.002802676023 0.04025793897 0.2506674137 -0.9920206013 -0.05095639448 -0.1153194365 0.02535268358 0.8153714622 -0.5783827626 0.1235004778 -0.5766912731 -0.8075734069 0.0001137720363 0.4614691751 0
0.6454271444 0.4142351412 0.3507122017 -0.02206644559 0.1566735257 0.4756178785 -0.00286300149 0.04068129337 0.2505741618 -0.991679747 -0.05253858813 -0.1175201096 0.02613697373 0.8117308645 -0.5834465376 0.1260481575 -0.5816637348 -0.8036038586 0.0001166849716 0.4664472283 0
0.6523153205 0.4186559727 0.3544550988 -0.02252571802 0.1581774623 0.4749022779 -0.00292395408 0.0411042985 0.2504799406 -0.9913283859 -0.05415044824 -0.1197320353 0.02693580876 0.8080661868 -0.5884755729 0.1286176252 -0.5865976191 -0.7996003625 0.0001196466692 0.4714252815 0
0.6592034966 0.4230768041 0.358197996 -0.02298926701 0.1596761909 0.474180014 -0.002985533152 0.04152695075 0.2503847512 -0.9909663231 -0.05579210905 -0.1219548563 0.02774924697 0.8043778628 -0.5934696564 0.1312087105 -0.5914925987 -0.7955631841 0.0001226576104 0.4764033347 0
0.6668570256 0.4279888391 0.3623567706 -0.02350931474 0.1613352791 0.4733697184 -0.00305468832 0.04199614613 0.2502778507 -0.9905512417 -0.05765128475 -0.1244369995 0.02867026187 0.8002525222 -0.5989773925 0.134112839 -0.5968854413 -0.7910382522 0.0001260614437 0.4819345049 0
0.6737452018 0.4324096705 0.3660996677 -0.02398183134 0.1628228579 0.4726334819 -0.003117587834 0.04241804164 0.2501806205 -0.9901659428 -0.05935627534 -0.1266816414 0.02951470807 0.7965157129 -0.603897012 0.1367489952 -0.6016972259 -0.7869308487 0.000129177934 0.4869125581 0
0.6806333779 0.4368305019 0.3698425649 -0.02445856666 0.164305082 0.4718906721 -0.003181111795 0.04283957312 0.2500824251 -0.9897693307 -0.06109145067 -0.1289360564 0.03037392111 0.7927566209 -0.6087810485 0.1394062297 -0.6064691045 -0.7827906032 0.0001323451787 0.4918906113 0
0.6882869069 0.4417425369 0.3740013395 -0.02499319746 0.1659456609 0.4710576543 -0.003252425541 0.04330751012 0.2499721885 -0.9893151411 -0.06305496186 -0.1314519812 0.03134597831 0.7885542564 -0.6141657873 0.1423832196 -0.6117240035 -0.778152146 0.000135924462 0.4974217815 0
0.6951750831 0.4461633683 0.3777442366 -0.02547877667 0.1674164281 0.4703010647 -0.003317265582 0.04372826133 0.2498719591 -0.9888939943 -0.06485422375 -0.1337258303 0.03223651621 0.7847495792 -0.6189740745 0.1450843722 -0.6164105998 -0.7739434717 0.0001392004653 0.5023998347 0
0.7020632592 0.4505841997 0.3814871338 -0.02596851523 0.1688816963 0.4695379943 -0.003382727974 0.04414863739 0.2497707678 -0.9884609158 -0.06668400311 -0.1360083144 0.03314195742 0.7809240029 -0.6237461923 0.1478060503 -0.6210563142 -0.7697028167 0.0001425287528 0.5073778879 0
0.7089514353 0.4550050312 0.3852300309 -0.02646239372 0.1703414198 0.4687684735 -0.003448812028 0.04456863474 0.2496686158 -0.9880157056 -0.06854439586 -0.1382990643 0.03406233994 0.777077976 -0.6284819617 0.1505480734 -0.6256608386 -0.7654304623 0.0001459098199 0.5123559411 0
0.7166049643 0.4599170661 0.3893888055 -0.02701597925 0.1719567761 0.467905922 -0.00352296702 0.04503484995 0.249553988 -0.987506555 -0.07064751347 -0.140853586 0.03510255362 0.7727811755 -0.6337010853 0.1536184057 -0.6307282962 -0.7606465683 0.0001497290682 0.5178871113 0
0.7234931405 0.4643378976 0.3931317027 -0.0275185331 0.1734046443 0.4671228839 -0.003590361186 0.0454540361 0.2494498112 -0.9870350737 -0.07257282528 -0.1431605681 0.03605459089 0.7688934565 -0.6383595531 0.1564027803 -0.6352448643 -0.756308226 0.0001532231945 0.5228651645 0
0.7303813166 0.468758729 0.3968745998 -0.02802516546 0.1748468265 0.466333491 -0.003658374832 0.04587283247 0.249344677 -0.9865508347 -0.0745290144 -0.1454746593 0.03702166944 0.7649866936 -0.6429811463 0.1592069297 -0.6397193014 -0.7519390726 0.0001567716536 0.5278432177 0
0.7372694927 0.4731795604 0.400617497 -0.02853585625 0.1762832779 0.4655377746 -0.003727007245 0.04629123552 0.2492385865 -0.9860536358 -0.07651615445 -0.1477954852 0.03800381547 0.7610613425 -0.6475657055 0.1620306679 -0.6441513107 -0.747539398 0.0001603749482 0.5328212709 0
0.7449230218 0.4780915954 0.4047762716 -0.02910802577 0.1778725593 0.4646462671 -0.00380399032 0.04675566218 0.2491195879 -0.9854857461 -0.07876047108 -0.1503816225 0.03911278881 0.756678596 -0.6526160372 0.1651909015 -0.649025647 -0.7426154291 0.0001644435361 0.5383524412 0
0.7518111979 0.4825124268 0.4085191687 -0.0296272178 0.179296766 0.4638373048 -0.003873926644 0.04717322325 0.2490114823 -0.9849605214 -0.08081316925 -0.1527154313 0.04012681696 0.7527155054 -0.6571219114 0.1680553773 -0.6533671247 -0.7381522814 0.0001681642536 0.5433304944 0
0.758699374 0.4869332582 0.4122620658 -0.03015040486 0.1807151039 0.4630221177 -0.003944479471 0.04759037999 0.2489024239 -0.9844217051 -0.08289701245 -0.1550548025 0.04115597555 0.7487352528 -0.6615902863 0.170938855 -0.6576652694 -0.7336595269 0.0001719413819 0.5483085476 0
0.7655875501 0.4913540897 0.416004963 -0.03067756626 0.1821275291 0.4622007381 -0.004015648059 0.04800712888 0.2487924139 -0.9838690936 -0.08501205176 -0.1573993575 0.04220027882 0.7447382995 -0.666021022 0.1738411434 -0.661919796 -0.7291374634 0.0001757754303 0.5532866008 0
0.7732410792 0.4962661246 0.4201637376 -0.03126793705 0.1836899029 0.4612808709 -0.00409544555 0.04846970057 0.2486690658 -0.983238653 -0.08739873865 -0.160010036 0.04337839172 0.7402782153 -0.6708997534 0.1770877361 -0.6665955479 -0.7240789386 0.0001801028644 0.558817771 0
0.7801292553 0.500686956 0.4239066347 -0.03180342008 0.1850897032 0.4604465253 -0.004167911618 0.04888557687 0.2485570506 -0.9826562481 -0.08957977921 -0.1623642858 0.04445470068 0.7362475247 -0.675250592 0.1800291024 -0.670757069 -0.719495988 0.0001840587585 0.5637958242 0
0.7870174314 0.5051077875 0.4276495319 -0.03234281211 0.1864834562 0.459606089 -0.004240991101 0.04930103438 0.2484440874 -0.9820594125 -0.09179213934 -0.1647225346 0.04554617988 0.7322015755 -0.679563388 0.1829886766 -0.6748741038 -0.7148846678 0.0001880731684 0.5687738774 0
0.7939056075 0.5095286189 0.431392429 -0.03288609182 0.1878711191 0.4587595952 -0.004314683232 0.04971606958 0.2483301774 -0.9814479419 -0.09403584731 -0.1670844002 0.04665283148 0.7281408336 -0.6838380216 0.1859662622 -0.6789463793 -0.710245284 0.0001921466101 0.5737519306 0
0.8015591366 0.5144406539 0.4355512036 -0.03349426948 0.1894057726 0.4578119827 -0.004397280974 0.05017672025 0.2482025018 -0.9807511164 -0.09656564957 -0.1697124713 0.04790023812 0.7236121161 -0.6885427166 0.1892955752 -0.6834183059 -0.7050578731 0.0001967425207 0.5792831008 0
0.8084473127 0.5188614853 0.4392941008 -0.0340456859 0.1907804398 0.456952811 -0.004472263924 0.05059085243 0.248086597 -0.9801080772 -0.09887560406 -0.1720807136 0.0490389142 0.7195216783 -0.692736414 0.1923105353 -0.6873952061 -0.7003602564 0.0002009422863 0.584261154 0
0.8153354888 0.5232823167 0.4430369979 -0.03460092278 0.1921488857 0.4560876865 -0.004547857094 0.05100455142 0.2479697492 -0.9794497658 -0.1012169586 -0.174451379 0.05019275053 0.7154179022 -0.6968916077 0.1953428886 -0.6913265165 -0.6956355392 0.0002052026983 0.5892392072 0
0.822223665 0.5277031482 0.4467798951 -0.03515995822 0.1935110687 0.4552166435 -0.004624059689 0.05141781375 0.2478519596 -0.9787759774 -0.1035897186 -0.1768240826 0.05136173714 0.7113012568 -0.7010081982 0.1983924342 -0.6952119764 -0.690884035 0.000209524279 0.5942172604 0
0.829877194 0.5326151831 0.4509386697 -0.03578553698 0.1950172098 0.4542419181 -0.004709443024 0.05187647774 0.2477199792 -0.9780089228 -0.1062629516 -0.1794623418 0.05267836413 0.706712684 -0.7055367972 0.2018007358 -0.6994750656 -0.6855735524 0.0002143984127 0.5997484307 0
0.8367653701 0.5370360145 0.4546815668 -0.03635251902 0.1963660358 0.4533584933 -0.004786929549 0.05228880678 0.2476002054 -0.9773017886 -0.108702004 -0.1818380827 0.0538792885 0.7025704132 -0.7095715868 0.2048859104 -0.7032628875 -0.6807665348 0.0002188508475 0.6047264839 0
0.8436535462 0.541456846 0.458424464 -0.03692323056 0.1977084713 0.4524692575 -0.004865022989 0.05270068834 0.2474794938 -0.9765785408 -0.1111724425 -0.184214662 0.05509531309 0.6984167359 -0.7135674947 0.2079876442 -0.7070040672 -0.6759337163 0.0002233660837 0.6097045371 0
0.8513070753 0.5463688809 0.4625832386 -0.03756170126 0.1991925219 0.4514744449 -0.004952504295 0.05315780548 0.2473442713 -0.9757557848 -0.1139541631 -0.1868558193 0.05646413457 0.6937887342 -0.7179616939 0.2114531863 -0.7111059282 -0.6705340476 0.0002284573106 0.6152357073 0
0.8581952514 0.5507897123 0.4663261357 -0.03814021219 0.2005213336 0.4505730567 -0.005031876302 0.05356873099 0.2472215838 -0.9749978482 -0.1164907958 -0.1892329 0.05771196091 0.6896125244 -0.7218752633 0.2145892017 -0.7147478301 -0.6656478152 0.0002331068622 0.6202137605 0
0.8650834275 0.5552105438 0.4700690329 -0.03872238223 0.2018436298 0.4496659672 -0.005111852652 0.05397919824 0.2470979625 -0.9742231628 -0.1190587408 -0.1916096168 0.05897480867 0.6854263752 -0.7257497201 0.2177411329 -0.7183423282 -0.6607367846 0.0002378208612 0.6251918137 0
0.8719716037 0.5596313752 0.47381193 -0.03930818846 0.2031593708 0.4487532121 -0.005192432506 0.05438920381 0.2469734085 -0.9734315249 -0.1216579628 -0.1939855831 0.06025264641 0.6812307583 -0.7295850002 0.2209087707 -0.721889184 -0.6558012816 0.0002425998394 0.6301698669 0
0.8796251327 0.5645434102 0.4779707046 -0.03996332091 0.2046135694 0.4477324386 -0.005282672463 0.05484421987 0.246833923 -0.9725317972 -0.1245826203 -0.1966241952 0.061690005 0.676558432 -0.7338004029 0.2244465341 -0.7257739722 -0.6502890853 0.0002479866739 0.6357010371 0
0.8865133088 0.5689642416 0.4817136017 -0.04055672771 0.2059153432 0.4468078409 -0.005364523597 0.05525323945 0.2467074045 -0.9717037032 -0.1272477305 -0.1989973073 0.06299937163 0.6723443783 -0.7375527887 0.2276466393 -0.7292194814 -0.6453029952 0.0002529045826 0.6406790903 0
0.8934014849 0.573385073 0.4854564989 -0.04115369856 0.2072104404 0.44587769 -0.005446975584 0.05566178664 0.2465799575 -0.9708580251 -0.1299439721 -0.2013684661 0.06432361144 0.6681223258 -0.7412658301 0.2308617943 -0.7326166268 -0.6402934562 0.0002578891331 0.6456571435 0
0.9002896611 0.5778059045 0.489199396 -0.04175421002 0.2084988229 0.4449420224 -0.005530027557 0.05606985802 0.2464515834 -0.9699945609 -0.1326712867 -0.2037372853 0.06566268076 0.6638927463 -0.7449394833 0.2340917857 -0.7359651834 -0.6352608006 0.0002629408623 0.6506351967 0
0.9079431901 0.5827179394 0.4933581706 -0.04242556885 0.2099224372 0.4438959663 -0.005623010155 0.05652270845 0.2463078598 -0.9690140507 -0.135738002 -0.2063660931 0.06716787143 0.6591849594 -0.7489750772 0.2376978052 -0.7396285447 -0.629642255 0.0002686333394 0.6561663669 0
0.9148313662 0.5871387708 0.4971010678 -0.0430334773 0.2111965192 0.4429487733 -0.005707325897 0.05692976411 0.2461775328 -0.9681123763 -0.1385306984 -0.2087287055 0.06853809086 0.6549410387 -0.7525654563 0.2409584134 -0.7428737991 -0.6245618957 0.0002738286592 0.6611444201 0
0.9217195424 0.5915596023 0.5008439649 -0.04364485255 0.2124637688 0.4419961786 -0.005792238893 0.05733633333 0.2460462829 -0.96719229 -0.1413542504 -0.2110877781 0.06992298508 0.6506910578 -0.7561163425 0.2442331884 -0.7460697844 -0.6194594631 0.0002790928362 0.6661224733 0
0.9286077185 0.5959804337 0.5045868621 -0.04425967061 0.2137241488 0.4410382197 -0.005877748252 0.05774241272 0.2459141115 -0.9662535918 -0.1442085766 -0.2134429261 0.07132249829 0.6464354875 -0.7596277126 0.2475219131 -0.7492162885 -0.6143352958 0.0002844264121 0.6711005266 0
0.9362612475 0.6008924687 0.5087456367 -0.04494681033 0.2151164694 0.439967575 -0.005973456999 0.05819303341 0.2457661753 -0.9651885227 -0.1474160375 -0.2160546863 0.07289458713 0.6417010926 -0.7634828662 0.2511921471 -0.7526541169 -0.6086166984 0.000290434662 0.6766316968 0
0.9431494236 0.6053133001 0.5124885338 -0.04556881723 0.2163622263 0.438998415 -0.006060222393 0.05859806755 0.245632063 -0.964209879 -0.1503350391 -0.2184002867 0.07432476612 0.6374352661 -0.7669107579 0.2545096037 -0.7556954793 -0.6034477642 0.0002959165317 0.68160975 0
0.9500375998 0.6097341315 0.516231431 -0.04619419152 0.2176010001 0.4380240082 -0.006147581339 0.0590026013 0.2454970335 -0.9632120054 -0.1532845261 -0.220740768 0.07576937163 0.6331653114 -0.7702990918 0.2578403284 -0.7586867222 -0.5982581571 0.0003014694937 0.6865878032 0
0.9569257759 0.614154963 0.5199743281 -0.04682290871 0.2188327546 0.4370443928 -0.006235532919 0.05940663129 0.2453610883 -0.9621947048 -0.1562643942 -0.2230757477 0.07722833578 0.6288916967 -0.7736478643 0.2611841003 -0.7616276472 -0.5930482213 0.0003070940948 0.6915658564 0
0.9645793049 0.6190669979 0.5241331027 -0.04752537411 0.2201930952 0.435949869 -0.00633395084 0.05985495857 0.2452089658 -0.9610413471 -0.1596108571 -0.2256632525 0.0788661612 0.6241395121 -0.7773223257 0.2649144349 -0.7648360895 -0.5872359819 0.0003134283389 0.6970970266 0
0.9714674811 0.6234878293 0.5278759999 -0.04816106755 0.2214099149 0.4349593837 -0.0064231505 0.06025791399 0.2450710921 -0.9599823898 -0.1626544955 -0.2279853644 0.08035520192 0.6198597052 -0.7805875911 0.2682850216 -0.7676701511 -0.5819842663 0.0003192059781 0.7020750798 0
0.9783556572 0.6279086608 0.531618897 -0.04880002692 0.2226196057 0.4339638097 -0.006512939903 0.06066035517 0.2449323071 -0.9589033971 -0.1657281552 -0.2303007893 0.08185837138 0.6155776902 -0.783813316 0.2716679628 -0.770453299 -0.5767133014 0.0003250569642 0.707053133 0
0.9852438333 0.6323294922 0.5353617941 -0.04944222723 0.2238221329 0.432963186 -0.006603318108 0.06106227876 0.2447926124 -0.9578041753 -0.168831709 -0.232609148 0.08337558971 0.6112939316 -0.7869995173 0.2750630341 -0.7731853485 -0.5714234368 0.0003309818483 0.7120311862 0
0.9928973623 0.6372415271 0.5395205687 -0.0501595537 0.2251498308 0.4318455068 -0.006704427752 0.0615082494 0.2446363307 -0.9565588578 -0.172315002 -0.2351652433 0.08507776419 0.606532719 -0.7904934123 0.2788492883 -0.7761608087 -0.5655240698 0.0003376523954 0.7175623564 0
0.9997855385 0.6416623586 0.5432634659 -0.05080851344 0.2263371225 0.4308343511 -0.006796045861 0.06190906932 0.24449472 -0.955416298 -0.1754812241 -0.2374574434 0.08662436599 0.6022468009 -0.7935962513 0.2822692273 -0.778784393 -0.5601954592 0.0003437351017 0.7225404096 0
