0.006643283283 0.00438370334 -0.002134088322 -2.475377724e-06 0.001694028294 0.5099962487 -3.110720409e-07 0.0004218870341 0.2549995347 -0.9999999999 -6.303701573e-08 -1.441578892e-05 3.225269406e-08 0.9999781537 -0.006609997772 1.441589067e-05 -0.006609997771 -0.9999781536 3.032286927e-08 -0.002838337468 0
0.01309274989 0.008639512872 -0.004205914976 -9.614655114e-06 0.003338582764 0.5099854295 -1.214811079e-06 0.0008329831322 0.2549981826 -0.9999999984 -4.855662634e-07 -5.599108985e-05 2.438572727e-07 0.9999151482 -0.01302675723 5.599266426e-05 -0.01302675722 -0.9999151466 6.17409873e-08 -0.005593866918 0
0.0195422165 0.0128953224 -0.006277741629 -2.141968338e-05 0.004983037565 0.5099675395 -2.716144095e-06 0.001244818404 0.2549959362 -0.9999999922 -1.616022136e-06 -0.0001247322915 8.09421691e-07 0.9998109719 -0.01944274669 0.0001247401335 -0.01944274664 -0.9998109642 5.414743376e-08 -0.008349396367 0
0.02599168311 0.01715113194 -0.008349568283 -3.789003963e-05 0.006627343607 0.5099425795 -4.814728173e-06 0.00165679605 0.2549927962 -0.9999999757 -3.802990782e-06 -0.0002206296689 1.903231695e-06 0.9996656367 -0.02585758696 0.0002206542346 -0.02585758675 -0.9996656124 1.190520209e-08 -0.01110492582 0
0.03244114972 0.02140694147 -0.01042139494 -5.902513383e-05 0.008271451804 0.5099105504 -7.509683567e-06 0.002068741397 0.2549887637 -0.9999999409 -7.394895553e-06 -0.0003436696553 3.699484967e-06 0.9994791589 -0.032270899 0.000343729298 -0.03227089836 -0.9994790998 6.371331364e-08 -0.01386045527 0
0.038084433 0.02513077481 -0.01223424326 -8.134429299e-05 0.009709845599 0.5098767268 -1.035655027e-05 0.00242913951 0.254984504 -0.9999998878 -1.196404207e-05 -0.0004735814751 5.984283458e-06 0.9992822575 -0.03788099557 0.0004736947753 -0.03788099415 -0.9992821453 1.476829095e-07 -0.01627154353 0
0.04453389961 0.02938658434 -0.01430606991 -0.0001112235988 0.01135345056 0.5098314462 -1.416844182e-05 0.002840960874 0.2549788002 -0.9999997902 -1.912851733e-05 -0.0006474639196 9.566705253e-06 0.9990186978 -0.04429042121 0.0006476757719 -0.04429041812 -0.999018488 2.649303572e-07 -0.01902707298 0
0.05098336622 0.03364239387 -0.01637789657 -0.0001457650155 0.01299671661 0.5097791004 -1.857570714e-05 0.00325272153 0.2549722056 -0.9999996397 -2.869825316e-05 -0.0008484285877 1.435163531e-05 0.9987140685 -0.05069723007 0.0008487924886 -0.05069722398 -0.9987137082 4.035739781e-07 -0.02178260243 0
0.05743283283 0.0378982034 -0.01844972322 -0.0001849673057 0.0146395947 0.5097196913 -2.35782207e-05 0.003664426886 0.2549647203 -0.9999994198 -4.102053525e-05 -0.001076447048 2.051265593e-05 0.9983684041 -0.05710104408 0.001077033037 -0.05710103303 -0.998367824 5.629498579e-07 -0.02453813188 0
0.06388229944 0.04215401293 -0.02052154987 -0.0002288290653 0.01628203581 0.509653221 -2.917588693e-05 0.004076080583 0.2549563444 -0.999999112 -5.644222512e-05 -0.001331487042 2.822311996e-05 0.9979817436 -0.06350148552 0.001332383925 -0.06350146671 -0.9979808558 7.42730004e-07 -0.02729366133 0
0.07033176605 0.04640982247 -0.02259337653 -0.0002773487229 0.01792399091 0.5095796919 -3.53686239e-05 0.00448768459 0.2549470782 -0.9999986955 -7.530970664e-05 -0.001613512488 3.765612188e-05 0.9975541306 -0.06989817712 0.001614830059 -0.06989814669 -0.9975528264 9.42767397e-07 -0.03004919078 0
0.07678123266 0.050665632 -0.02466520318 -0.0003305245407 0.01956541102 0.5094991066 -4.215635493e-05 0.004899239581 0.2549369216 -0.9999981472 -9.796883265e-05 -0.001922483487 4.898446894e-05 0.9970856133 -0.07629074202 0.001924354742 -0.07629069484 -0.9970837611 1.163021045e-06 -0.03280472023 0
0.08242451595 0.05438946534 -0.0264780515 -0.0003808713944 0.02100117626 0.5094228084 -4.858364103e-05 0.005259309781 0.2549273044 -0.9999975398 -0.0001211773435 -0.002214902616 6.058715717e-05 0.9966421479 -0.08188055526 0.002217387368 -0.08188048801 -0.9966396886 1.372345673e-06 -0.0352158085 0
0.08887398256 0.05864527487 -0.02854987816 -0.0004427722476 0.02264146129 0.5093290008 -5.648678012e-05 0.005670771538 0.2549154789 -0.999996675 -0.0001518759094 -0.002574275717 7.593392345e-05 0.9960970813 -0.0882643687 0.002577633759 -0.0882642707 -0.9960937578 1.630609855e-06 -0.03797133795 0
0.09532344916 0.0629010844 -0.03062170481 -0.0005093233359 0.0242810706 0.5092281459 -6.498468946e-05 0.00608218172 0.2549027634 -0.9999956003 -0.0001873570062 -0.002960458446 9.367099474e-05 0.9955112749 -0.09464297499 0.002964901787 -0.0946428359 -0.9955068774 1.909275474e-06 -0.0407268674 0
0.1017729158 0.06715689393 -0.03269353146 -0.0005805222755 0.0259199553 0.5091202475 -7.407728494e-05 0.006493538501 0.2548891581 -0.9999942841 -0.0002279639261 -0.003373396168 0.0001139697932 0.9948847948 -0.1010159995 0.003379168558 -0.1010158066 -0.9948790821 2.208467642e-06 -0.04348239685 0
0.1082223824 0.07141270346 -0.03476535812 -0.0006563665166 0.02755806651 0.5090053094 -8.376447799e-05 0.006904839761 0.254874663 -0.9999926928 -0.0002740391712 -0.00381303046 0.0001370013136 0.9942177115 -0.1073830682 0.003820409585 -0.107382806 -0.994210409 2.528332031e-06 -0.0462379263 0
0.114671849 0.075668513 -0.03683718477 -0.0007368533428 0.02919535539 0.5088833356 -9.404617524e-05 0.007316083168 0.2548592785 -0.9999907906 -0.0003259244005 -0.004279299125 0.0001629360948 0.9935101004 -0.113743808 0.004288598786 -0.1137434577 -0.9935008977 2.86903163e-06 -0.04899345574 0
0.1211213156 0.07992432253 -0.03890901142 -0.0008219798717 0.03083177314 0.5087543306 -0.0001049222783 0.00772726622 0.2548430045 -0.9999885396 -0.0003839603773 -0.004772136195 0.0001919441911 0.9927620412 -0.1200978463 0.004783708484 -0.1200973859 -0.99275059 3.230744602e-06 -0.05174898519 0
0.1275707822 0.08418013206 -0.04098083808 -0.0009117430549 0.032467271 0.508618299 -0.0001163926834 0.008138386292 0.2548258412 -0.9999858995 -0.0004484869166 -0.005291471942 0.000224195144 0.9919736183 -0.1264448115 0.005305709412 -0.1264442149 -0.9919595304 3.613662798e-06 -0.05450451464 0
0.1332140655 0.0879039654 -0.0427936864 -0.0009940868229 0.03389753869 0.5084935111 -0.0001269167159 0.008498062551 0.2548100941 -0.9999832371 -0.0005105383067 -0.005767570249 0.0002552077541 0.9912507071 -0.1319923123 0.005784495219 -0.1319915717 -0.9912339606 3.966271587e-06 -0.05691560291 0
0.1396635321 0.09215977493 -0.04486551305 -0.001092534939 0.0355311804 0.5083443179 -0.0001395011397 0.008909057129 0.2547912639 -0.9999797519 -0.0005881470347 -0.006336390038 0.0002939941245 0.9903868453 -0.1383250167 0.006356832789 -0.1383240787 -0.9903666189 4.389510064e-06 -0.05967113236 0
0.1461129987 0.09641558446 -0.04693733971 -0.001195610021 0.0371637622 0.5081881128 -0.0001526795379 0.009319980694 0.254771545 -0.9999757503 -0.0006732175368 -0.006931487193 0.0003365076697 0.9894828874 -0.1446495844 0.006955968599 -0.1446484092 -0.9894586663 4.834573144e-06 -0.06242666181 0
0.1525624653 0.100671394 -0.04900916636 -0.00130330838 0.03879523547 0.5080249013 -0.0001664517859 0.009730830341 0.2547509376 -0.9999711839 -0.0007660854594 -0.007552777517 0.0003829156765 0.9885389354 -0.1509656473 0.007581867232 -0.1509641892 -0.9885101562 5.301697896e-06 -0.06518219126 0
0.1590119319 0.1049272035 -0.05108099301 -0.001415626158 0.04042555163 0.5078546893 -0.0001808177537 0.01014160312 0.2547294417 -0.9999660021 -0.0008670852461 -0.008200173106 0.0004333847813 0.9875550954 -0.1572728384 0.008234491692 -0.1572710453 -0.9875211448 5.79113184e-06 -0.06793772071 0
0.1654613985 0.1091830131 -0.05315281967 -0.001532559335 0.04205466216 0.5076774829 -0.0001957773057 0.01055229605 0.2547070577 -0.9999601521 -0.000976550086 -0.008873582364 0.0004880809419 0.9865314784 -0.1635707918 0.008913803399 -0.1635686048 -0.9864916906 6.303132617e-06 -0.07069325016 0
0.1719108652 0.1134388226 -0.05522464632 -0.001654103725 0.04368251858 0.5074932885 -0.0002113303008 0.01096290613 0.2546837858 -0.9999535793 -0.001094811863 -0.009572910012 0.0005471694103 0.9854681996 -0.1698591425 0.009619762198 -0.1698564955 -0.9854218544 6.837967693e-06 -0.07344877961 0
0.1775541484 0.1171626559 -0.05703749464 -0.001764234285 0.04510582611 0.5073263911 -0.0002254258653 0.01132211959 0.2546626946 -0.9999471904 -0.001205767026 -0.01020600519 0.0006026042364 0.9845053895 -0.1753532862 0.01025930232 -0.1753501761 -0.9844526715 7.324897205e-06 -0.07585986788 0
0.184003615 0.1214184655 -0.0591093213 -0.001894412843 0.04673120056 0.507129112 -0.0002420911666 0.01173256613 0.2546377583 -0.9999391071 -0.001341412826 -0.01095366025 0.0006703711107 0.9833680708 -0.1816226527 0.01101511071 -0.1816189362 -0.9833072914 7.903300642e-06 -0.07861539733 0
0.1904530817 0.125674275 -0.06118114795 -0.002029189661 0.04835518181 0.5069248645 -0.0002593494746 0.01214292106 0.2546119347 -0.9999301317 -0.001486801989 -0.0117269394 0.000743001207 0.9821914463 -0.1878813743 0.01179744197 -0.1878769605 -0.9821217176 8.505359846e-06 -0.08137092677 0
0.1969025483 0.1299300845 -0.0632529746 -0.002168559916 0.04997772157 0.5067136558 -0.0002772006265 0.0125531813 0.2545852241 -0.9999202013 -0.001642260857 -0.01252573321 0.0008206567797 0.9809756483 -0.1941290908 0.01260624987 -0.1941238789 -0.98089602 9.131378103e-06 -0.08412645622 0
0.2033520149 0.1341858941 -0.06532480126 -0.002312518621 0.05159877162 0.5064954936 -0.0002956444542 0.01296334376 0.2545576267 -0.9999092509 -0.001808114215 -0.01334992867 0.0009034992425 0.9797208136 -0.2003654436 0.01344148659 -0.2003593223 -0.9796302713 9.781667421e-06 -0.08688198567 0
0.2098014815 0.1384417036 -0.06739662791 -0.002461060623 0.05321828381 0.5062703856 -0.000314680784 0.01337340537 0.2545291427 -0.9998972136 -0.001984685247 -0.01419940916 0.0009916891415 0.9784270833 -0.2065900753 0.01430310276 -0.206582922 -0.9783245461 1.045654834e-05 -0.08963751512 0
0.2162509481 0.1426975131 -0.06946845457 -0.002614180607 0.05483621003 0.50603834 -0.0003343094365 0.013783363 0.2544997724 -0.9998840203 -0.002172295478 -0.01507405447 0.001085386128 0.9770946027 -0.2128026298 0.01519104745 -0.2127943102 -0.9769789218 1.115634975e-05 -0.09239304457 0
0.2218942314 0.1464213465 -0.07128130289 -0.002751911667 0.05625055671 0.5058296154 -0.000351970252 0.01414198821 0.2544733467 -0.999871472 -0.002345761491 -0.01585991493 0.001172013331 0.9758970125 -0.2182284293 0.01598955545 -0.2182189689 -0.9757688331 1.178938332e-05 -0.09480413284 0
0.228343698 0.150677156 -0.07335312954 -0.002913600474 0.05786537982 0.5055845841 -0.0003727090069 0.01455174253 0.2544423154 -0.999855918 -0.002554930868 -0.01678140794 0.001276463189 0.9744922821 -0.224417385 0.01692672342 -0.2244064713 -0.974348614 1.253682532e-05 -0.09755966229 0
0.2347931646 0.1549329655 -0.07542495619 -0.003079851072 0.05947847904 0.5053326397 -0.000394039538 0.01496138394 0.2544103988 -0.9998389981 -0.00277605417 -0.01772770042 0.001386873907 0.9730492435 -0.2305932485 0.01789006483 -0.2305807087 -0.9728887307 1.331017811e-05 -0.1003151917 0
0.2412426312 0.1591887751 -0.07749678285 -0.003250657515 0.06108980652 0.505073791 -0.0004159616445 0.01537090931 0.2543775969 -0.9998206356 -0.003009446044 -0.01869865847 0.001503401416 0.9715680587 -0.2367556698 0.01887952272 -0.2367413159 -0.9713892695 1.410980117e-05 -0.1030707212 0
0.2476920978 0.1634445846 -0.0795686095 -0.003426013694 0.06269931448 0.5048080475 -0.0004384751199 0.01578031554 0.2543439103 -0.9998007516 -0.003255419244 -0.0196941447 0.001626200623 0.9700488938 -0.2429043005 0.01989503861 -0.2428879288 -0.9698503191 1.493606142e-05 -0.1058262506 0
0.2541415644 0.1677003941 -0.08164043616 -0.003605913336 0.06430695524 0.5045354186 -0.0004615797521 0.01618959948 0.2543093391 -0.9997792653 -0.003514284577 -0.02071401824 0.001755425383 0.9684919193 -0.2490387937 0.02093655247 -0.2490201841 -0.9682719704 1.578933307e-05 -0.1085817801 0
0.260591031 0.1719562036 -0.08371226281 -0.003790350007 0.06591268115 0.504255914 -0.0004852753236 0.01659875802 0.2542738837 -0.9997560938 -0.00378635086 -0.02175813477 0.001891228478 0.9668973098 -0.2551588045 0.02200400273 -0.2551377193 -0.9666543167 1.666999742e-05 -0.1113373095 0
0.2670404976 0.1762120132 -0.08578408946 -0.003979317114 0.06751644468 0.5039695438 -0.0005095616112 0.01700778803 0.2542375445 -0.9997311525 -0.00407192487 -0.02282634653 0.002033761581 0.9652652441 -0.2612639896 0.0230973263 -0.2612401728 -0.9649974537 1.757844276e-05 -0.114092839 0
0.2726837809 0.1799358465 -0.08759693779 -0.004148374396 0.06891809067 0.503713346 -0.000531296505 0.01736558138 0.254205023 -0.999707809 -0.004333122265 -0.0237806787 0.002164117137 0.9638066046 -0.2665935963 0.02407515784 -0.2665671643 -0.9635156116 1.839643188e-05 -0.1165039273 0
0.2791332475 0.1841916561 -0.08966876444 -0.004345817729 0.07051804683 0.5034141305 -0.0005566897646 0.01777436195 0.2541670275 -0.9996793142 -0.004644842818 -0.02489365894 0.002319673875 0.9621048047 -0.2726700642 0.02521681846 -0.2726403679 -0.9617854968 1.935803648e-05 -0.1192594567 0
0.2855827141 0.1884474656 -0.09174059109 -0.004547771637 0.07211590432 0.5031080794 -0.0005826730678 0.01818300498 0.2541281491 -0.9996487952 -0.004970941286 -0.02603029069 0.002482390315 0.9603660855 -0.2787307295 0.02638416246 -0.2786974553 -0.9600164605 2.034857543e-05 -0.1220149862 0
0.2920321808 0.1927032751 -0.09381241775 -0.004754228902 0.07371161592 0.5027952037 -0.0006092461699 0.01859150735 0.2540883884 -0.9996161599 -0.005311716093 -0.0271904131 0.00265241362 0.9585906416 -0.2847752562 0.02757712085 -0.2847380682 -0.9582086072 2.136846234e-05 -0.1247705156 0
0.2984816474 0.1969590846 -0.0958842444 -0.004965182143 0.07530513447 0.5024755147 -0.0006364088207 0.01899986591 0.2540477455 -0.9995813143 -0.005667463392 -0.02837386199 0.002829889722 0.9567786717 -0.29080331 0.0287956231 -0.2907618497 -0.9563620438 2.241811692e-05 -0.1275260451 0
0.304931114 0.2012148942 -0.09795607105 -0.005180623822 0.07689641291 0.5021490236 -0.0006641607644 0.01940807756 0.2540062209 -0.9995441624 -0.006038477021 -0.02958046988 0.003014963303 0.9549303784 -0.2968145588 0.03003959719 -0.2967684436 -0.9544768795 2.349796488e-05 -0.1302815745 0
0.3113805806 0.2054707037 -0.1000278977 -0.005400546239 0.07848540426 0.5018157421 -0.0006925017397 0.01981613914 0.253963815 -0.9995046066 -0.006425048456 -0.030810066 0.003207777769 0.9530459685 -0.3028086725 0.03130896958 -0.302757495 -0.9525532256 2.460843773e-05 -0.133037104 0
0.3170238639 0.2091945371 -0.101840746 -0.005596647788 0.0798738587 0.50151856 -0.0007177830732 0.02017306746 0.2539259872 -0.999467945 -0.006776288029 -0.03190468341 0.003382952117 0.9513676482 -0.3080392079 0.03244044602 -0.3079832461 -0.9508385444 2.560556703e-05 -0.1354481922 0
0.3234733305 0.2134503466 -0.1039125727 -0.005824950286 0.08145843545 0.501172579 -0.0007472277589 0.02058083924 0.2538819299 -0.9994236119 -0.007192807549 -0.03317691087 0.003590662715 0.9494160901 -0.3140003106 0.03375723681 -0.3139384517 -0.948843031 2.677464431e-05 -0.1382037217 0
0.3299227971 0.2177061561 -0.1059843993 -0.006057710504 0.08304059057 0.5008198425 -0.0007772606938 0.02098845197 0.2538369925 -0.9993765837 -0.0076257093 -0.03447161757 0.003806519155 0.9474290312 -0.3199433407 0.03509920614 -0.3198750997 -0.9468093611 2.79756182e-05 -0.1409592511 0
0.3363722637 0.2219619656 -0.108056226 -0.006294920126 0.08462027743 0.5004603632 -0.0008078815951 0.0213959025 0.2537911754 -0.9993267557 -0.008075275176 -0.03578862024 0.004030659666 0.9454066934 -0.3258679762 0.0364662747 -0.3257928392 -0.944737655 2.920894139e-05 -0.1437147806 0
0.3428217303 0.2262177752 -0.1101280526 -0.006536570682 0.08619744953 0.5000941539 -0.0008390901744 0.02180318772 0.253744479 -0.9992740212 -0.008541784493 -0.03712773249 0.00426322108 0.9433493022 -0.3317738975 0.03785836166 -0.3316913204 -0.942628035 3.047507164e-05 -0.14647031 0
0.3492711969 0.2304735847 -0.1121998793 -0.006782653542 0.08777206045 0.4997212276 -0.0008708861378 0.02221030449 0.2536969038 -0.999218272 -0.009025513942 -0.03848876477 0.004504338813 0.941257087 -0.3376607871 0.03927538475 -0.3375701947 -0.940480626 3.177447169e-05 -0.1492258395 0
0.3557206635 0.2347293942 -0.114271706 -0.007033159918 0.08934406386 0.4993415977 -0.0009032691859 0.0226172497 0.2536484502 -0.9991593981 -0.009526737546 -0.03987152444 0.004754146839 0.939130281 -0.3435283299 0.04071726019 -0.3434291144 -0.9382955548 3.310760911e-05 -0.1519813689 0
0.3613639468 0.2384532276 -0.1160845543 -0.007255974637 0.09071739156 0.4990039331 -0.0009320857062 0.02297318355 0.2536053331 -0.9991052324 -0.009979872228 -0.04109910861 0.004979961823 0.9372411366 -0.3486463135 0.04199922093 -0.348539028 -0.9363528242 3.430215067e-05 -0.1543924572 0
0.3678134134 0.2427090371 -0.1181563809 -0.00751475088 0.09228438145 0.4986117707 -0.0009655687115 0.02337979865 0.2535552338 -0.9990401972 -0.01051462648 -0.04252207721 0.005246420132 0.9350501142 -0.3544767397 0.04348746366 -0.3543596006 -0.9340974863 3.569982211e-05 -0.1571479866 0
0.37426288 0.2469648466 -0.1202282076 -0.007777924505 0.09384863127 0.4982129442 -0.0009996379098 0.02378623319 0.2535042574 -0.9989717114 -0.01106764745 -0.04396620228 0.005521945669 0.9328251921 -0.3602869262 0.04500030977 -0.3601592262 -0.9318048636 3.713260082e-05 -0.1599035161 0
0.3807123466 0.2512206562 -0.1223000342 -0.008045486122 0.09541009512 0.497807468 -0.00103429298 0.02419248406 0.2534524045 -0.9988996586 -0.01163919843 -0.04543127941 0.005806666604 0.9305666175 -0.366076567 0.04653766981 -0.3659375621 -0.9294750916 3.860097181e-05 -0.1626590455 0
0.3871618132 0.2554764657 -0.1243718609 -0.008317426182 0.09696872721 0.4973953564 -0.001069533596 0.02459854814 0.2533996755 -0.9988239204 -0.01222953982 -0.0469171012 0.006100709556 0.9282746417 -0.3718453588 0.04809945293 -0.3716942667 -0.927108308 4.01054243e-05 -0.165414575 0
0.3936112799 0.2597322752 -0.1264436875 -0.008593734982 0.09852448184 0.4969766242 -0.001105359425 0.02500442232 0.253346071 -0.998744377 -0.01283892911 -0.04842345732 0.006404199568 0.9259495192 -0.3775930005 0.0496855668 -0.3774289996 -0.9247046527 4.164645156e-05 -0.1681701044 0
0.4000607465 0.2639880848 -0.1285155142 -0.008874402667 0.1000773135 0.4965512864 -0.001141770131 0.02541010347 0.2532915914 -0.998660907 -0.01346762085 -0.04995013453 0.006717260085 0.9235915082 -0.3833191939 0.05129591765 -0.3831414219 -0.9222642678 4.322455084e-05 -0.1709256339 0
0.4065102131 0.2682438943 -0.1305873408 -0.009159419224 0.1016271766 0.496119358 -0.00117876537 0.02581558849 0.2532362373 -0.9985733873 -0.01411586657 -0.05149691669 0.007040012937 0.9212008703 -0.389023643 0.05293041031 -0.3888311959 -0.9197872976 4.484022322e-05 -0.1736811633 0
0.4121534964 0.2719677276 -0.1324001892 -0.00941236816 0.1029808362 0.4957360266 -0.00121161543 0.02617022453 0.2531870854 -0.9984933876 -0.01469931738 -0.05286667134 0.007330466949 0.9190825062 -0.3939969684 0.05438031928 -0.393790905 -0.9175900522 4.6285155e-05 -0.1760922516 0
0.418602963 0.2762235372 -0.1344720158 -0.009705511336 0.1045250114 0.4952917827 -0.001249705725 0.0265753334 0.253130093 -0.9983979376 -0.0153848942 -0.05445055785 0.007671715567 0.9166314101 -0.3996598589 0.05605981627 -0.3994373081 -0.9150448808 4.797264042e-05 -0.178847781 0
0.4250524296 0.2804793467 -0.1365438425 -0.01000297375 0.1060660881 0.4948409933 -0.001288379537 0.02698023718 0.2530722275 -0.9982980754 -0.01609073114 -0.05605391217 0.008022997568 0.9141484585 -0.4053001694 0.05776317346 -0.4050600995 -0.9124635508 4.969915998e-05 -0.1816033105 0
0.4315018962 0.2847351562 -0.1386156691 -0.0103047448 0.1076040214 0.4943836744 -0.0013276365 0.02738493278 0.2530134895 -0.998193672 -0.01681706775 -0.05767650728 0.008384428308 0.9116339263 -0.4109176144 0.05949029015 -0.410658947 -0.9098462148 5.146522863e-05 -0.1843588399 0
0.4379513628 0.2889909658 -0.1406874958 -0.01061081372 0.1091387664 0.4939198422 -0.001367476247 0.02778941708 0.2529538797 -0.9980845968 -0.01756414041 -0.05931811347 0.008756121425 0.9090880915 -0.4165119112 0.06124106426 -0.4162335196 -0.9071930276 5.327136464e-05 -0.1871143694 0
0.4444008294 0.2932467753 -0.1427593224 -0.01092116961 0.1106702783 0.4934495134 -0.0014078984 0.02819368697 0.2528933985 -0.9979707179 -0.01833218227 -0.06097849828 0.009138188813 0.9065112358 -0.4220827797 0.06301539228 -0.4217834877 -0.9045041458 5.511808955e-05 -0.1898698988 0
0.450850296 0.2975025848 -0.1448311491 -0.01123580142 0.1121985126 0.4929727046 -0.001448902579 0.02859773937 0.2528320466 -0.9978519019 -0.01912142322 -0.06265742663 0.009530740608 0.9039036437 -0.4276299428 0.06481316935 -0.4273085234 -0.9017797286 5.700592799e-05 -0.1926254283 0
0.4564935793 0.3012264182 -0.1466439974 -0.01151460302 0.113532994 0.4925501947 -0.001485258376 0.02895110436 0.2527776498 -0.9977437818 -0.01982957714 -0.06414151359 0.009882909144 0.9015970134 -0.4324640488 0.06640537631 -0.4321222203 -0.8993668399 5.869192736e-05 -0.1950365166 0
0.4629430459 0.3054822277 -0.1487158241 -0.01183722183 0.1150549629 0.492061282 -0.001527352809 0.0293547406 0.2527146667 -0.9976153439 -0.02065917449 -0.06585456826 0.01029540984 0.8989325691 -0.437966027 0.0682468328 -0.4375996284 -0.8965762293 6.065827834e-05 -0.197792046 0
0.4693925125 0.3097380372 -0.1507876507 -0.01216408392 0.1165735266 0.4915659389 -0.001570028143 0.02975815042 0.2526508146 -0.9974815772 -0.02151061336 -0.06758547599 0.01071870159 0.8962382245 -0.4434435188 0.07011142908 -0.4430511691 -0.8937505519 6.266726792e-05 -0.2005475755 0
0.4758419791 0.3139938468 -0.1528594774 -0.01249517765 0.1180886412 0.4910641829 -0.001613283976 0.03016133075 0.252586094 -0.997342343 -0.02238411066 -0.06933399169 0.01115288753 0.8935142766 -0.4488962582 0.07199905495 -0.4484765201 -0.8908899747 6.471943207e-05 -0.2033031049 0
0.4822914457 0.3182496563 -0.154931304 -0.01283049124 0.1196002625 0.4905560319 -0.0016571199 0.03056427848 0.2525205055 -0.997197501 -0.02327987988 -0.07109986773 0.01159806894 0.8907610253 -0.4543239821 0.0739095988 -0.4538753607 -0.8879946667 6.681530948e-05 -0.2060586344 0
0.4887409123 0.3225054658 -0.1570031307 -0.01317001274 0.1211083468 0.490041504 -0.001701535503 0.03096699054 0.2524540498 -0.9970469097 -0.02419813101 -0.07288285404 0.01205434521 0.8879787734 -0.4597264304 0.07584294772 -0.4592473718 -0.8850647992 6.89554415e-05 -0.2088141638 0
0.495190379 0.3267612754 -0.1590749573 -0.01351373009 0.1226128504 0.4895206176 -0.001746530365 0.03136946383 0.2523867275 -0.9968904261 -0.02513907055 -0.0746826981 0.01252181385 0.8851678267 -0.4651033462 0.07779898741 -0.4645922359 -0.8821005453 7.114037202e-05 -0.2115696933 0
0.5016398456 0.3310170849 -0.161146784 -0.01386163103 0.1241137298 0.4889933911 -0.001792104063 0.03177169527 0.2523185393 -0.9967279064 -0.02610290148 -0.07649914501 0.01300057046 0.8823284942 -0.4704544755 0.07977760225 -0.4699096369 -0.8791020802 7.337064744e-05 -0.2143252227 0
0.5072831288 0.3347409182 -0.1629596323 -0.01416946649 0.1254239921 0.4885268818 -0.001832455537 0.03212344696 0.2522581647 -0.9965806357 -0.02696518846 -0.07810195338 0.01342881586 0.8798210378 -0.4751153631 0.08152731699 -0.4745395874 -0.8764504986 7.53597668e-05 -0.216736311 0
0.5137325955 0.3389967278 -0.165031459 -0.01452517822 0.1269179592 0.4879878185 -0.00187911339 0.03252521663 0.2521883545 -0.9964064052 -0.02797247533 -0.07994883538 0.01392898839 0.8769293239 -0.4804174687 0.08354794395 -0.4798046494 -0.8733883669 7.767654498e-05 -0.2194918404 0
0.5201820621 0.3432525373 -0.1671032856 -0.01488503758 0.1284081777 0.4874424696 -0.00192634883 0.03292673559 0.2521176802 -0.9962257172 -0.02900321709 -0.08181157435 0.01444071295 0.8740101276 -0.4856930746 0.08559080622 -0.4850413491 -0.8702925391 8.004025219e-05 -0.2222473699 0
0.5266315287 0.3475083468 -0.1691751123 -0.01524903176 0.1298946047 0.4868908546 -0.001974161411 0.03332800078 0.2520461425 -0.996038423 -0.03005760272 -0.08368990643 0.01496407759 0.8710637685 -0.4909419391 0.08765578305 -0.490249377 -0.867163198 8.245144384e-05 -0.2250028993 0
0.5330809953 0.3517641564 -0.1712469389 -0.01561714783 0.1313771973 0.4863329931 -0.002022550683 0.03372900912 0.2519737421 -0.9958443725 -0.03113581747 -0.08558356555 0.01549916836 0.8680905692 -0.4961638232 0.08974275237 -0.4954284253 -0.8640005288 8.491067748e-05 -0.2277584288 0
0.5395304619 0.3560199659 -0.1733187656 -0.01598937271 0.1328559128 0.4857689049 -0.00207151619 0.03412975754 0.2519004796 -0.9956434145 -0.03223804287 -0.08749228347 0.01604606929 0.8650908545 -0.5013584916 0.09185159082 -0.5005781877 -0.8608047184 8.74185128e-05 -0.2305139582 0
0.5459799285 0.3602757754 -0.1753905922 -0.01636569317 0.1343307088 0.4851986101 -0.00212105747 0.03453024297 0.2518263558 -0.995435397 -0.03336445671 -0.0894157898 0.01660486241 0.8620649521 -0.5065257119 0.09398217374 -0.50569836 -0.8575759557 8.997551152e-05 -0.2332694877 0
0.5516232118 0.3639996088 -0.1772034406 -0.01669832272 0.1356179068 0.4846945266 -0.002164878037 0.03488044958 0.2517607914 -0.99524747 -0.03437004779 -0.09111077477 0.01710362461 0.859396065 -0.5110243335 0.09586417208 -0.5101539995 -0.854723907 9.225365788e-05 -0.2356805759 0
0.5580726784 0.3682554183 -0.1792752672 -0.01708228623 0.1370852396 0.4841126491 -0.002215497629 0.03528043366 0.2516850544 -0.9950258015 -0.03554228097 -0.09306127324 0.01768492952 0.8563219528 -0.5161394739 0.09803518543 -0.5152178757 -0.8514338747 9.490435893e-05 -0.2384361054 0
0.564522145 0.3725112278 -0.1813470939 -0.0174703065 0.1385485315 0.4835246238 -0.002266691638 0.03568014595 0.251608458 -0.9947966297 -0.03673919255 -0.09502577114 0.01827835098 0.8532226089 -0.5212265165 0.1002275777 -0.5202512964 -0.8481114439 9.760584928e-05 -0.2411916348 0
0.5709716116 0.3767670374 -0.1834189205 -0.01786236975 0.1400077406 0.4829304715 -0.002318459581 0.0360795834 0.2515310031 -0.9945597984 -0.03796094551 -0.09700399012 0.01888396304 0.8500983708 -0.5262852419 0.1024412194 -0.5252539639 -0.8447568112 0.0001003586981 -0.2439471643 0
0.5774210782 0.3810228469 -0.1854907472 -0.01825846205 0.1414628251 0.4823302135 -0.00237080097 0.03647874295 0.2514526904 -0.9943151501 -0.03920769894 -0.0989956499 0.01950183762 0.8469495782 -0.5313154339 0.1046759795 -0.5302255825 -0.8413701748 0.0001031634764 -0.2467026937 0
0.5838705448 0.3852786564 -0.1875625738 -0.01865856934 0.1429137435 0.4817238708 -0.002423715311 0.03687762156 0.2513735205 -0.9940625266 -0.040479608 -0.1010004682 0.02013204454 0.8437765731 -0.5363168797 0.106931726 -0.5351658584 -0.8379517348 0.0001060207568 -0.2494582232 0
0.5903200114 0.389534466 -0.1896344005 -0.01906267744 0.1443604544 0.4811114652 -0.002477202106 0.03727621616 0.2512934942 -0.9938017687 -0.04177682392 -0.1030181611 0.02077465149 0.8405796999 -0.5412893699 0.1092083256 -0.5400744996 -0.8345016935 0.0001089311138 -0.2522137526 0
0.5959632947 0.3932582993 -0.1914472488 -0.01941954266 0.1456228424 0.4805706538 -0.002524472247 0.03762475109 0.2512227694 -0.9935668069 -0.04293276323 -0.1047939787 0.02134715605 0.8377631289 -0.5456163842 0.1112173505 -0.5443433821 -0.8314571446 0.0001115216684 -0.2546248409 0
0.6024127613 0.3975141088 -0.1935190755 -0.0198311135 0.1470615531 0.4799469388 -0.00257903103 0.038022805 0.2511411395 -0.9932903648 -0.04427782326 -0.1068350391 0.02201318805 0.834522439 -0.5505340302 0.1135326859 -0.5491919275 -0.8279484018 0.0001145330981 -0.2573803704 0
0.6088622279 0.4017699184 -0.1955909021 -0.02024664354 0.1484959381 0.4793172238 -0.002634160803 0.03842056617 0.2510586554 -0.9930053255 -0.04564860272 -0.1088881472 0.02269180274 0.8312588833 -0.5554221377 0.1158684841 -0.554008009 -0.8244086489 0.0001175992648 -0.2601358998 0
0.6153116946 0.4060257279 -0.1976627288 -0.02066611806 0.1499259567 0.4786815311 -0.002689861046 0.03881803156 0.250975318 -0.9927115265 -0.04704523733 -0.1109530119 0.02338305944 0.8279728146 -0.5602805108 0.1182246072 -0.558791342 -0.8208380951 0.0001207207495 -0.2628914293 0
0.6217611612 0.4102815374 -0.1997345554 -0.02108952219 0.1513515682 0.4780398833 -0.002746131234 0.03921519814 0.250891128 -0.9924088043 -0.04846785872 -0.1130293406 0.0240870153 0.8246645879 -0.5651089569 0.1206009157 -0.5635416437 -0.8172369515 0.000123898134 -0.2656469587 0
0.6282106278 0.414537347 -0.2018063821 -0.0215168409 0.1527727323 0.4773923032 -0.002802970837 0.03961206289 0.2508060861 -0.9920969947 -0.04991659447 -0.115116839 0.02480372526 0.8213345599 -0.5699072871 0.1229972693 -0.5682586333 -0.8136054311 0.0001271320022 -0.2684024881 0
0.6346600944 0.4187931565 -0.2038782087 -0.02194805908 0.1541894087 0.4767388136 -0.002860379319 0.04000862276 0.2507201933 -0.9917759329 -0.05139156804 -0.1172152112 0.02553324205 0.8179830896 -0.5746753159 0.1254135262 -0.5729420319 -0.8099437484 0.0001304229391 -0.2711580176 0
0.641109561 0.423048966 -0.2059500354 -0.02238316144 0.1556015574 0.4760794377 -0.002918356138 0.04040487474 0.2506334503 -0.9914454529 -0.05289289876 -0.1193241598 0.02627561617 0.8146105375 -0.5794128615 0.1278495438 -0.5775915628 -0.8062521199 0.0001337715311 -0.273913547 0
0.6467528443 0.4267727994 -0.2077628837 -0.02276705014 0.1568334419 0.4754976736 -0.002969551639 0.04075134029 0.2505568534 -0.9911484265 -0.05422827489 -0.1211779306 0.02693577856 0.811642546 -0.5835330679 0.1299971558 -0.581631904 -0.8029975515 0.0001367493065 -0.2763246353 0
0.6532023109 0.4310286089 -0.2098347104 -0.0232093937 0.1582369937 0.474827324 -0.003028592613 0.04114700683 0.2504685185 -0.9907998387 -0.05577933243 -0.1233059028 0.02770238853 0.8082314446 -0.5882129798 0.1324698353 -0.5862171936 -0.7992503642 0.0001402075874 -0.2790801648 0
0.6596517775 0.4352844184 -0.211906537 -0.02365557678 0.1596359036 0.4741511559 -0.003088200339 0.04154235681 0.2503793359 -0.9904413527 -0.05735706703 -0.1254435878 0.02848198855 0.8048003089 -0.5928619057 0.1349618583 -0.5907678307 -0.7954738632 0.0001437252172 -0.2818356942 0
0.6661012441 0.439540228 -0.2139783637 -0.02410558359 0.1610301323 0.473469193 -0.003148374254 0.04193738722 0.2502893062 -0.9900728001 -0.05896158182 -0.1275906826 0.0292746204 0.8013495064 -0.5974796776 0.1374730774 -0.5952835462 -0.7916682718 0.0001473027874 -0.2845912237 0
0.6725507107 0.4437960375 -0.2160501903 -0.02455939821 0.1624196404 0.4727814597 -0.003209113792 0.04233209503 0.2501984305 -0.9896940122 -0.06059297572 -0.1297468826 0.03008032362 0.7978794067 -0.6020661314 0.1400033442 -0.5997640734 -0.7878338149 0.0001509408911 -0.2873467531 0
0.6790001773 0.448051847 -0.218122017 -0.02501700459 0.1638043892 0.4720879801 -0.003270418378 0.04272647725 0.2501067096 -0.9893048193 -0.06225134342 -0.1319118822 0.03089913541 0.7943903805 -0.6066211065 0.1425525092 -0.6042091472 -0.7839707192 0.0001546401222 -0.2901022826 0
0.6854496439 0.4523076565 -0.2201938436 -0.02547838655 0.1651843397 0.4713887788 -0.003332287436 0.04312053088 0.2500141442 -0.9889050516 -0.06393677533 -0.1340853744 0.03173109073 0.7908828004 -0.611144446 0.1451204215 -0.6086185051 -0.780079213 0.0001584010763 -0.292857812 0
0.6910929272 0.4560314899 -0.2220066919 -0.02588518008 0.1663878299 0.4707723035 -0.003386885447 0.04346505591 0.2499324576 -0.9885464461 -0.0654337972 -0.1359939043 0.03246985914 0.7877987419 -0.6150762965 0.1473826043 -0.6124471899 -0.7766510204 0.000161743012 -0.2952689003 0
0.6975423938 0.4602872994 -0.2240785186 -0.02635359717 0.1677586798 0.4700624408 -0.003449811311 0.04385848535 0.2498383115 -0.9881263906 -0.06717020333 -0.1381824881 0.0333265447 0.7842573826 -0.6195399094 0.1499852582 -0.6167888793 -0.772706866 0.0001656213052 -0.2980244297 0
0.7039918604 0.4645431089 -0.2261503452 -0.02682574259 0.1691246209 0.4693469281 -0.003513299956 0.04425157759 0.2497433235 -0.9876952686 -0.06893390977 -0.1403786752 0.03419646137 0.7806985486 -0.6239714563 0.1526062201 -0.6210941091 -0.7687349669 0.0001695630394 -0.3007799592 0
0.710441327 0.4687989185 -0.2282221719 -0.02730159965 0.1704856153 0.4686257905 -0.003577350781 0.04464432964 0.2496474946 -0.9872529084 -0.07072499028 -0.142582154 0.03507963513 0.777122618 -0.6283707948 0.1552453351 -0.6253626247 -0.7647355579 0.0001735688145 -0.3035354886 0
0.7168907937 0.473054728 -0.2302939986 -0.02778115157 0.171841625 0.4678990535 -0.003641963183 0.04503673851 0.2495508256 -0.9867991377 -0.07254351428 -0.1447926118 0.03597608962 0.7735299702 -0.6327377863 0.1579024473 -0.6295941739 -0.7607088756 0.0001776392314 -0.3062910181 0
0.7233402603 0.4773105375 -0.2323658252 -0.02826438139 0.1731926123 0.4671667429 -0.003707136552 0.04542880123 0.2494533176 -0.9863337838 -0.07438954686 -0.1470097351 0.03688584613 0.7699209858 -0.6370722957 0.1605773996 -0.6337885064 -0.7566551578 0.000181774892 -0.3090465475 0
0.7297897269 0.4815663471 -0.2344376519 -0.02875127207 0.1745385399 0.4664288844 -0.003772870274 0.04582051482 0.2493549713 -0.9858566738 -0.07626314873 -0.1492332094 0.03780892362 0.7662960468 -0.6413741918 0.1632700338 -0.6379453745 -0.7525746443 0.0001859763995 -0.311802077 0
0.7354330102 0.4852901804 -0.2362505002 -0.02918029095 0.1757120466 0.4657787277 -0.003830846457 0.04616297547 0.2492682315 -0.9854294227 -0.07792521022 -0.1511837112 0.03862755689 0.7631114384 -0.6451114977 0.1656404684 -0.6415517082 -0.7489824037 0.0001897072084 -0.3142131652 0
0.7418824768 0.4895459899 -0.2383223268 -0.02967399932 0.1770483867 0.4650305373 -0.003897629165 0.04655402643 0.2491683162 -0.9849298026 -0.07985065295 -0.1534182425 0.03957565411 0.7594576175 -0.6493519037 0.1683658264 -0.6456376697 -0.7448522995 0.0001940338077 -0.3169686947 0
0.7483319434 0.4938017995 -0.2403941535 -0.03017131882 0.1783795604 0.4642768745 -0.003964970428 0.04694471971 0.2490675654 -0.9844179274 -0.08180381514 -0.1556582155 0.04053711367 0.7557889459 -0.6535593405 0.1711084061 -0.6496854662 -0.7406960972 0.0001984279933 -0.3197242241 0
0.75478141 0.498057609 -0.2424659801 -0.0306722319 0.179705531 0.4635177658 -0.004032869612 0.04733505235 0.2489659801 -0.9838936229 -0.08378474049 -0.1579033122 0.04151194538 0.7521058098 -0.6577336917 0.1738680451 -0.6536948585 -0.7365140425 0.0002028903724 -0.3224797536 0
0.7612308766 0.5023134185 -0.2445378068 -0.03117672092 0.181026262 0.4627532379 -0.004101326076 0.0477250214 0.2488635612 -0.983356715 -0.0857934683 -0.160153214 0.04250015667 0.7484085961 -0.6618748447 0.1766445805 -0.6576656097 -0.7323063826 0.0002074215527 -0.325235283 0
0.7676803432 0.5065692281 -0.2466096335 -0.03168476808 0.1823417172 0.4619833178 -0.004170339174 0.0481146239 0.2487603097 -0.982807029 -0.08783003343 -0.1624076015 0.04350175259 0.7446976926 -0.6659826906 0.1794378481 -0.6615974848 -0.7280733663 0.0002120221433 -0.3279908125 0
0.7741298098 0.5108250376 -0.2486814601 -0.0321963555 0.1836518604 0.4612080326 -0.004239908255 0.04850385691 0.2486562266 -0.9822443903 -0.08989446629 -0.1646661549 0.04451673582 0.740973488 -0.6700571246 0.1822476828 -0.6654902516 -0.7238152438 0.000216692754 -0.3307463419 0
0.7805792764 0.5150808471 -0.2507532868 -0.03271146516 0.1849566558 0.4604274097 -0.004310032663 0.04889271746 0.2485513128 -0.9816686243 -0.09198679289 -0.1669285534 0.04554510662 0.7372363719 -0.6740980457 0.1850739184 -0.6693436799 -0.7195322667 0.0002214339955 -0.3335018714 0
0.7862225597 0.5188046805 -0.2525661351 -0.03316506118 0.1860939368 0.4597400076 -0.004371846541 0.0492326626 0.2484588326 -0.981153923 -0.09384047728 -0.1689110538 0.04645591147 0.7339561106 -0.6776062839 0.1875601972 -0.6726829807 -0.7157644723 0.0002256410022 -0.3359129597 0
0.7926720263 0.52306049 -0.2546379617 -0.03368672605 0.1873886091 0.4589494506 -0.0044430104 0.04962081688 0.2483523641 -0.9805530718 -0.09598515915 -0.1711797959 0.04750937641 0.7301958377 -0.6815841091 0.1904167336 -0.6764620373 -0.7114355766 0.0002305163261 -0.3386684891 0
0.7991214929 0.5273162995 -0.2567097884 -0.0342118607 0.1886778317 0.4581536353 -0.004514727669 0.05000859026 0.2482450678 -0.9799385904 -0.09815778465 -0.1734514583 0.04857621641 0.7264237769 -0.6855281523 0.1932891882 -0.6802011068 -0.7070825581 0.000235464042 -0.3414240186 0
0.8055709595 0.5315721091 -0.258781615 -0.03474044665 0.1899615695 0.4573525897 -0.004586997671 0.05039597981 0.2481369447 -0.9793103037 -0.1003583625 -0.1757257184 0.04965642246 0.7226403202 -0.6894383274 0.196177391 -0.6838999683 -0.7027056743 0.000240484764 -0.344179548 0
0.8120204262 0.5358279186 -0.2608534417 -0.03527246532 0.1912397876 0.456546342 -0.004659819726 0.05078298259 0.2480279959 -0.9786680369 -0.1025868968 -0.1780022533 0.05074998316 0.7188458604 -0.6933145522 0.1990811714 -0.6875584031 -0.6983051837 0.0002455791074 -0.3469350775 0
0.8184698928 0.5400837281 -0.2629252684 -0.035807898 0.1925124516 0.4557349205 -0.004733193145 0.05116959569 0.2479182225 -0.978011615 -0.1048433875 -0.1802807396 0.0518568847 0.7150407903 -0.6971567484 0.2020003577 -0.6911761949 -0.6938813466 0.0002507476881 -0.3496906069 0
0.8249193594 0.5443395377 -0.264997095 -0.03634672587 0.1937795269 0.4549183538 -0.004807117237 0.05155581617 0.2478076253 -0.9773408631 -0.1071278298 -0.1825608538 0.05297711086 0.7112255034 -0.7009648416 0.2049347773 -0.6947531299 -0.6894344244 0.0002559911228 -0.3524461364 0
0.8305626427 0.548063371 -0.2668099433 -0.0368209705 0.1948836065 0.4541996598 -0.004872251993 0.05189343475 0.247710178 -0.9767420629 -0.1091496387 -0.1845570343 0.05396822453 0.7078790559 -0.7042688925 0.2075147543 -0.6978492663 -0.6855246372 0.0002606410174 -0.3548572246 0
0.8370121093 0.5523191805 -0.26888177 -0.03736611325 0.1961401113 0.4533735232 -0.00494720671 0.05227891124 0.2475980394 -0.9760439717 -0.1114864618 -0.1868393273 0.05511338228 0.7040456742 -0.7080128556 0.2104772683 -0.7013490268 -0.6810351401 0.0002660264688 -0.3576127541 0
0.8434615759 0.5565749901 -0.2709535966 -0.03791459647 0.1973909298 0.4525423243 -0.005022710081 0.05266398675 0.2474850801 -0.9753310485 -0.1138511978 -0.1891223164 0.05627180463 0.7002032087 -0.7117225235 0.2134545146 -0.7048073292 -0.6765233174 0.0002714885522 -0.3603682835 0
0.8499110425 0.5608307996 -0.2730254233 -0.0384664009 0.1986360284 0.4517060923 -0.005098761392 0.05304865838 0.2473713012 -0.9746031192 -0.1162438248 -0.191405677 0.05744346603 0.696352054 -0.715397837 0.2164463172 -0.7082239689 -0.6719894357 0.0002770278873 -0.363123813 0
0.8563605091 0.5650866091 -0.2750972499 -0.03902150718 0.199875374 0.4508648564 -0.005175359925 0.05343292323 0.2472567039 -0.9738600097 -0.118664316 -0.1936890848 0.05862833852 0.6924926046 -0.7190387406 0.2194524992 -0.7115987441 -0.667433763 0.000282645095 -0.3658793424 0
0.8628099757 0.5693424187 -0.2771690766 -0.03957989584 0.2011089334 0.4500186463 -0.005252504957 0.05381677839 0.2471412891 -0.9731015462 -0.1211126404 -0.1959722151 0.05982639175 0.6886252555 -0.7226451829 0.2224728829 -0.7149314553 -0.6628565686 0.0002883407967 -0.3686348719 0
0.8692594423 0.5735982282 -0.2792409032 -0.0401415473 0.2023366737 0.4491674916 -0.00533019576 0.05420022099 0.2470250581 -0.9723275551 -0.1235887623 -0.1982547435 0.06103759295 0.6847504014 -0.7262171163 0.2255072898 -0.7182219055 -0.6582581232 0.0002941156147 -0.3713904013 0
0.8749027256 0.5773220615 -0.2810537516 -0.04063565338 0.2034061474 0.4484186986 -0.00539862234 0.05453539255 0.2469226872 -0.9716374393 -0.1257781403 -0.200251207 0.06210815184 0.6813540581 -0.7293142155 0.2281737583 -0.7210662292 -0.6542172645 0.0002992339703 -0.3738014896 0
0.8813521922 0.5815778711 -0.2831255782 -0.04120336945 0.2046228892 0.4475583532 -0.005477334483 0.05491805379 0.2468049285 -0.9708338675 -0.1283062711 -0.2025317322 0.06334390876 0.6774661965 -0.7328213301 0.2312339746 -0.7242769177 -0.6495797068 0.000305158811 -0.376557019 0
0.8878016588 0.5858336806 -0.2851974049 -0.04177429143 0.2058337188 0.4466931495 -0.005556590275 0.05530029418 0.2466863568 -0.9700142709 -0.1308620722 -0.2048107229 0.06459270605 0.6735719647 -0.7362938209 0.2343076962 -0.7274447927 -0.6449216829 0.0003111645611 -0.3793125485 0
