0.007427100486 0.003118565223 0.0007395163954 -1.968754882e-06 0.001893900383 0.5099953113 -2.469115597e-07 0.0004717748105 0.254999418 -0.9999999999 -5.608280446e-08 -1.146536241e-05 2.864644653e-08 0.9999726944 -0.007389885862 1.146546379e-05 -0.007389885862 -0.9999726944 2.915971553e-08 0.0009835568058 0
0.01477235818 0.006202765478 0.001470883704 -7.788405272e-06 0.003766870757 0.5099814513 -9.825384384e-07 0.0009401998795 0.2549976837 -0.999999999 -4.438343739e-07 -4.535553175e-05 2.228434524e-07 0.9998919804 -0.01469787383 4.535715588e-05 -0.01469787383 -0.9998919794 5.22309065e-08 0.001956275327 0
0.02211761588 0.009286965732 0.002202251013 -1.745896863e-05 0.0056397216 0.5099584201 -2.210153998e-06 0.001409329367 0.2549947895 -0.9999999948 -1.490843089e-06 -0.0001016661503 7.46675274e-07 0.999757862 -0.02200493834 0.000101674339 -0.0220049383 -0.9997578569 3.328458525e-08 0.002928993848 0
0.02946287358 0.01237116599 0.002933618322 -3.098007672e-05 0.007512393484 0.5099262186 -3.92911641e-06 0.001878524594 0.2549907367 -0.9999999837 -3.524791896e-06 -0.0001803876641 1.763996887e-06 0.9995703515 -0.02931062032 0.0001804134747 -0.02931062016 -0.9995703352 2.134551496e-08 0.003901712369 0
0.03680813128 0.01545536624 0.003664985631 -4.835121467e-05 0.009384826988 0.5098848479 -6.138749085e-06 0.002347649745 0.2549855271 -0.9999999604 -6.873221131e-06 -0.0002815067162 3.438604375e-06 0.9993294658 -0.03661446085 0.0002815696156 -0.03661446037 -0.9993294262 1.031910537e-07 0.00487443089 0
0.04415338897 0.0185395665 0.00439635294 -6.957172103e-05 0.0112569627 0.5098343097 -8.838699092e-06 0.002816692434 0.2549791614 -0.9999999179 -1.186348118e-05 -0.0004050061483 5.934215382e-06 0.999035227 -0.04391600123 0.0004051364059 -0.04391600003 -0.9990351449 2.09490859e-07 0.005847149411 0
0.05149864667 0.02162376675 0.005127720249 -9.464078777e-05 0.01312874123 0.5097746058 -1.20287813e-05 0.003285661198 0.2549716401 -0.9999998481 -1.882268515e-05 -0.0005508650032 9.41444958e-06 0.9986876618 -0.05121478295 0.0005511060818 -0.05121478036 -0.99868751 3.383517664e-07 0.006819867931 0
0.05884390437 0.02470796701 0.005859087558 -0.0001235574603 0.01500010318 0.5097057385 -1.570888465e-05 0.003754564823 0.2549629636 -0.9999997411 -2.807766164e-05 -0.0007190585276 1.404280913e-05 0.998286802 -0.05851034781 0.0007194694717 -0.05851034276 -0.9982865431 4.889184927e-07 0.007792586452 0
0.06618916207 0.02779216726 0.006590454867 -0.0001563206377 0.0168709892 0.5096277105 -1.987893035e-05 0.004223409177 0.2549531318 -0.9999995856 -3.995490743e-05 -0.0009095581747 1.99826592e-05 0.9978326839 -0.06580223794 0.000910215997 -0.06580222884 -0.9978322696 6.607606491e-07 0.008765304973 0
0.07353441977 0.03087636752 0.007321822176 -0.0001929290724 0.01874133994 0.5095405247 -2.453885325e-05 0.00469219746 0.2549421451 -0.9999993687 -5.478054033e-05 -0.001122331609 2.739720841e-05 0.997325349 -0.07308999584 0.001123333673 -0.07308998045 -0.9973247179 8.536593689e-07 0.009738023494 0
0.08087967746 0.03396056777 0.008053189485 -0.0002333813705 0.02061109607 0.5094441845 -2.968859314e-05 0.0051609309 0.2549300036 -0.9999990762 -7.288025198e-05 -0.001357342708 3.644948943e-05 0.9967648434 -0.08037316444 0.001358809109 -0.08037313967 -0.9967639199 1.067509757e-06 0.01071074202 0
0.08822493516 0.03704476803 0.008784556794 -0.0002776759919 0.02248019831 0.5093386935 -3.532809043e-05 0.005629609339 0.2549167074 -0.9999986921 -9.457926077e-05 -0.001614551572 4.730233947e-05 0.9961512183 -0.08765128715 0.001616627509 -0.08765124888 -0.9961499109 1.302272873e-06 0.01168346054 0
0.09557019286 0.04012896828 0.009515924103 -0.0003258112502 0.02434858737 0.5092240557 -4.145728389e-05 0.006098231654 0.2549022566 -0.9999981993 -0.0001202022648 -0.001893914522 6.011838086e-05 0.9954845293 -0.09492390787 0.001896772675 -0.0949238508 -0.9954827295 1.55795064e-06 0.01265617906 0
0.1029154506 0.04321316853 0.01024729141 -0.0003777853128 0.02621620402 0.5091002755 -4.807610942e-05 0.006566796043 0.2548866514 -0.9999975789 -0.0001500733949 -0.002195384112 7.506000165e-05 0.9947648373 -0.1021905711 0.002199227005 -0.1021904885 -0.9947624176 1.83457208e-06 0.01362889758 0
0.1102607083 0.04629736879 0.01097865872 -0.0004335962009 0.02808298906 0.5089673576 -5.518449934e-05 0.007035300219 0.254869892 -0.9999968105 -0.0001845161677 -0.002518909131 9.228933622e-05 0.9939922077 -0.1094508219 0.002523971494 -0.1094507053 -0.9939890204 2.132185393e-06 0.0146016161 0
0.117605966 0.04938156904 0.01171002603 -0.00049324179 0.02994888331 0.5088253071 -6.278238194e-05 0.00750374155 0.2548519785 -0.9999958724 -0.0002238534388 -0.002864434611 0.000111968246 0.9931667109 -0.1167042061 0.002870985739 -0.1167040452 -0.9931625865 2.450853227e-06 0.01557433462 0
0.1249512237 0.0524657693 0.01244139334 -0.0005567198094 0.03181382764 0.5086741294 -7.086968126e-05 0.007972117143 0.2548329111 -0.9999947414 -0.000268407356 -0.003231901835 0.0001342582999 0.992288422 -0.1239502701 0.003240247937 -0.1239500522 -0.9922831679 2.790649754e-06 0.01654705314 0
0.1322964813 0.05554996955 0.01317276065 -0.0006240278427 0.03367776296 0.5085138302 -7.944631688e-05 0.008440423916 0.2548126901 -0.9999933925 -0.0003184993127 -0.003621248343 0.0001593207554 0.9913574209 -0.1311885612 0.003631734885 -0.1311882713 -0.9913508198 3.151658789e-06 0.01751977166 0
0.139641739 0.05863416981 0.01390412796 -0.000695163328 0.03554063021 0.5083444156 -8.851220384e-05 0.008908658642 0.2547913155 -0.9999917997 -0.0003744499014 -0.00403240794 0.0001873165391 0.9903737923 -0.1384186273 0.004045421986 -0.1384182476 -0.9903656008 3.533972563e-06 0.01849249018 0
0.1469869967 0.06171837006 0.01463549527 -0.0007701235575 0.03740237038 0.5081658921 -9.806725256e-05 0.009376817984 0.2547687877 -0.9999899351 -0.0004365788669 -0.004465310707 0.0002184062275 0.9893376257 -0.1456400174 0.004481283247 -0.1456395268 -0.9893275728 3.93769089e-06 0.0194652087 0
0.1543322544 0.06480257032 0.01536686257 -0.0008489056782 0.03926292453 0.5079782665 -0.0001081113688 0.009844898519 0.2547451069 -0.9999877697 -0.0005052050604 -0.004919883007 0.0002527500278 0.9882490153 -0.152852281 0.004939291283 -0.1528516551 -0.988236801 4.362920575e-06 0.02043792722 0
0.1616775121 0.06788677057 0.01609822988 -0.0009315066917 0.04112223374 0.5077815459 -0.0001186444536 0.01031289676 0.2547202732 -0.9999852727 -0.0005806463929 -0.005396047495 0.0002905077589 0.9871080602 -0.1600549691 0.005419417316 -0.1600541795 -0.987093354 4.809775014e-06 0.02141064575 0
0.1690227698 0.07097097083 0.01682959719 -0.001017923454 0.04298023915 0.5075757378 -0.0001296664032 0.01078080916 0.254694287 -0.9999824119 -0.0006632197891 -0.00589372313 0.0003318388324 0.985914864 -0.1672476332 0.005921631178 -0.1672466474 -0.9858973036 5.278373874e-06 0.02238336427 0
0.1763680275 0.07405517108 0.0175609645 -0.001108152677 0.04483688198 0.50736085 -0.0001411771094 0.01124863213 0.2546671485 -0.9999791539 -0.0007532411417 -0.006412825185 0.0003769022332 0.9846695353 -0.174429826 0.006445901316 -0.1744286068 -0.9846487249 5.768842873e-06 0.02335608279 0
0.1837132852 0.07713937134 0.01829233181 -0.001202190928 0.04669210346 0.5071368908 -0.0001531764588 0.01171636206 0.2546388579 -0.9999754636 -0.0008510252651 -0.006953265256 0.0004258565009 0.9833721872 -0.1816011013 0.006992194789 -0.1815996066 -0.9833476964 6.2813136e-06 0.02432880131 0
0.1910585429 0.08022357159 0.01902369912 -0.001300034626 0.04854584493 0.5069038686 -0.0001656643335 0.01218399531 0.2546094156 -0.9999713045 -0.00095688585 -0.007514951274 0.0004788597108 0.9820229377 -0.1887610141 0.00756047727 -0.1887591961 -0.9819942999 6.815923365e-06 0.02530151983 0
0.1974856434 0.08292224681 0.01966364552 -0.001388766597 0.05016660855 0.5066925466 -0.0001769918711 0.0125930922 0.254582709 -0.999967251 -0.001056384797 -0.008023779696 0.0005286828177 0.9807998653 -0.1950162678 0.008075734266 -0.1950141233 -0.9807671866 7.301980059e-06 0.02615264854 0
0.2048309011 0.08600644707 0.02039501282 -0.001493735365 0.05201741704 0.5064425555 -0.0001903953964 0.01306053425 0.254551108 -0.9999621095 -0.001178230135 -0.008625041007 0.0005897021596 0.9793536347 -0.2021536801 0.008685148817 -0.2021511066 -0.9793158317 7.878490072e-06 0.02712536706 0
0.2121761588 0.08909064732 0.02112638013 -0.001602498489 0.05386657716 0.5061835279 -0.0002042870814 0.01352786903 0.2545183561 -0.9999563863 -0.001309047123 -0.009247263266 0.0006552221528 0.9778558678 -0.2092784568 0.009316446008 -0.2092753884 -0.9778123622 8.477564804e-06 0.02809808558 0
0.2195214165 0.09217484758 0.02185774744 -0.001715051831 0.05571403047 0.5059154735 -0.0002186667896 0.01399509281 0.2544844536 -0.9999500393 -0.001449144666 -0.009890340324 0.0007253988954 0.9763067005 -0.2163901576 0.009969586171 -0.2163865211 -0.9762568724 9.09936279e-06 0.0290708041 0
0.2268666742 0.09525904783 0.02258911475 -0.001831391112 0.05755971863 0.5056384026 -0.00023353438 0.01446220188 0.2544494009 -0.9999430251 -0.001598830327 -0.01055416243 0.0008003879298 0.9747062735 -0.2234883435 0.01064452827 -0.2234840577 -0.97464946 9.744047848e-06 0.03004352262 0
0.2342119319 0.09834324809 0.02332048206 -0.001951511905 0.05940358336 0.5053523258 -0.0002488897063 0.0149291925 0.2544131984 -0.9999352987 -0.001758410277 -0.01123861623 0.0008803442241 0.9730547321 -0.230572577 0.0113412299 -0.2305675525 -0.9729902262 1.041178902e-05 0.03101624114 0
0.2415571896 0.1014274483 0.02405184937 -0.002075409641 0.06124556646 0.5050572539 -0.000264732618 0.01539606094 0.2543758463 -0.9999268138 -0.001928189254 -0.01194358483 0.0009654221535 0.9713522262 -0.2376424217 0.01205964728 -0.2376365602 -0.9712792751 1.110276049e-05 0.03198895966 0
0.2489024473 0.1045116486 0.02478321668 -0.00220307961 0.0630856098 0.5047531982 -0.0002810629594 0.01586280346 0.2543373451 -0.9999175227 -0.002108470517 -0.01266894774 0.001055775482 0.9695989102 -0.2446974431 0.01279973527 -0.2446906367 -0.9695167142 1.181714156e-05 0.03296167818 0
0.256247705 0.1075958489 0.02551458399 -0.002334516955 0.06492365533 0.5044401702 -0.0002978805701 0.0163294163 0.2542976952 -0.9999073762 -0.002299555801 -0.01341458096 0.001151557343 0.9677949432 -0.251737208 0.01356144737 -0.2517293389 -0.9677026543 1.255511655e-05 0.0339343967 0
0.2635929627 0.1106800491 0.0262459513 -0.00246971668 0.06675964512 0.5041181817 -0.0003151852852 0.01679589572 0.2542568969 -0.999896324 -0.002501745276 -0.01418035694 0.001252920224 0.9659404887 -0.2587612848 0.01434473573 -0.2587522244 -0.9658372093 1.331687479e-05 0.03490711522 0
0.2709382204 0.1137642494 0.0269773186 -0.002608673643 0.06859352128 0.5037872451 -0.0003329769347 0.01726223796 0.2542149507 -0.999884314 -0.002715337498 -0.01496614463 0.001360015945 0.9640357149 -0.2657692435 0.01514955113 -0.265758852 -0.9639204966 1.410261051e-05 0.03587983374 0
0.2782834781 0.1168484496 0.02770868591 -0.002751382562 0.07042522604 0.503447373 -0.0003512553439 0.01772843926 0.254171857 -0.9998712931 -0.00294062937 -0.01577180948 0.001472995642 0.9620807944 -0.2727606558 0.01597584299 -0.2727487814 -0.9619526364 1.491252283e-05 0.03685255227 0
0.2856287358 0.1199326499 0.02844005322 -0.002897838012 0.07225470171 0.5030985782 -0.0003700203335 0.01819449586 0.2541276161 -0.9998572065 -0.003177916098 -0.01659721349 0.001592009748 0.9600759044 -0.279735095 0.01682355941 -0.2797215736 -0.9599337525 1.574681571e-05 0.03782527079 0
0.2929739935 0.1230168501 0.02917142053 -0.003048034426 0.07408189069 0.502740874 -0.0003892717191 0.018660404 0.2540822286 -0.9998419982 -0.003427491143 -0.01744221516 0.001717207977 0.9580212264 -0.2866921362 0.01769264711 -0.2866767902 -0.9578639716 1.660569785e-05 0.03879798931 0
0.3003192512 0.1261010504 0.02990278784 -0.003201966095 0.07590673548 0.502374274 -0.0004090093119 0.01912615992 0.2540356949 -0.999825611 -0.003689646184 -0.01830666958 0.001848739305 0.9559169466 -0.2936313563 0.0185830515 -0.2936139944 -0.955743424 1.748938267e-05 0.03977070783 0
0.3076645089 0.1291852506 0.03063415515 -0.00335962717 0.0777291787 0.5019987921 -0.000429232918 0.01959175986 0.2539880154 -0.999807986 -0.003964671071 -0.01919042842 0.00198675195 0.9537632554 -0.300552334 0.01949471663 -0.3005327503 -0.9535722427 1.839808827e-05 0.04074342635 0
0.3150097666 0.1322694509 0.03136552246 -0.003521011659 0.07954916303 0.5016144427 -0.000449942339 0.02005720005 0.2539391907 -0.9997890632 -0.004252853785 -0.02009333994 0.002131393358 0.9515603478 -0.3074546498 0.02042758521 -0.3074326232 -0.9513505642 1.933203734e-05 0.04171614487 0
0.3223550243 0.1353536511 0.03209688977 -0.003686113431 0.08136663129 0.5012212403 -0.0004711373716 0.02052247673 0.2538892211 -0.9997687813 -0.004554480393 -0.02101524901 0.002282810184 0.949308423 -0.3143378864 0.02138159864 -0.3143131794 -0.9490785281 2.029145714e-05 0.04268886339 0
0.329700282 0.1384378514 0.03282825708 -0.003854926213 0.0831815264 0.5008191998 -0.0004928178078 0.02098758614 0.2538381073 -0.9997470775 -0.004869835008 -0.02195599715 0.002441148274 0.9470076847 -0.321201628 0.02235669696 -0.3211739867 -0.9467562772 2.127657942e-05 0.04366158191 0
0.3370455397 0.1415220517 0.03355962439 -0.004027443592 0.08499379136 0.5004083365 -0.0005149834347 0.02145252451 0.2537858497 -0.9997238877 -0.005199199747 -0.02291542254 0.002606552647 0.944658341 -0.3280454612 0.02335281892 -0.3280146141 -0.9443839573 2.228764041e-05 0.04463430043 0
0.3443907974 0.1446062519 0.03429099169 -0.004203659015 0.08680336932 0.499988666 -0.0005376340347 0.02191728808 0.2537324489 -0.9996991468 -0.005542854688 -0.02389336002 0.002779167479 0.9422606042 -0.3348689744 0.02436990192 -0.3348346316 -0.9419617176 2.332488071e-05 0.04560701895 0
0.3517360551 0.1476904522 0.035022359 -0.004383565791 0.08861020353 0.4995602044 -0.0005607693856 0.0223818731 0.2536779053 -0.999672788 -0.005901077829 -0.02488964117 0.002959136086 0.9398146909 -0.3416717581 0.02540788206 -0.3416336109 -0.9394897101 2.438854527e-05 0.04657973747 0
0.3590813128 0.1507746524 0.03575372631 -0.004567157086 0.09041423734 0.4991229677 -0.0005843892603 0.02284627579 0.2536222195 -0.9996447434 -0.006274145047 -0.02590409425 0.003146600906 0.937320822 -0.3484534051 0.02646669412 -0.3484111246 -0.9369680904 2.547888334e-05 0.047552456 0
0.3664265705 0.1538588527 0.03648509362 -0.00475442593 0.09221541423 0.4986769727 -0.0006084934269 0.0233104924 0.2535653921 -0.9996149438 -0.006662330058 -0.02693654429 0.00334170348 0.9347792227 -0.3552135102 0.02754627158 -0.355166747 -0.9343970167 2.659614841e-05 0.04852517452 0
0.3737718282 0.1569430529 0.03721646093 -0.004945365213 0.09401367781 0.4982222363 -0.0006330816489 0.02377451917 0.2535074236 -0.9995833188 -0.007065904375 -0.02798681308 0.003544584441 0.9321901224 -0.3619516704 0.0286465466 -0.3619000536 -0.9317766506 2.774059816e-05 0.04949789304 0
0.3811170859 0.1600272532 0.03794782824 -0.005139967686 0.0958089718 0.4977587757 -0.000658153685 0.02423835235 0.2534483147 -0.9995497967 -0.007485137268 -0.0290547192 0.00375538349 0.9295537546 -0.368667485 0.02976745005 -0.3686106213 -0.9291071568 2.891249438e-05 0.05047061156 0
0.3884623436 0.1631114534 0.03867919555 -0.005338225964 0.09760124004 0.4972866085 -0.000683709289 0.02470198817 0.2533880658 -0.9995143044 -0.007920295726 -0.03014007805 0.003974239385 0.926870357 -0.3753605555 0.03090891151 -0.3752980284 -0.926388703 3.011210298e-05 0.05144333008 0
0.3958076013 0.1661956537 0.03941056286 -0.005540132523 0.09939042653 0.4968057526 -0.0007097482101 0.02516542289 0.2533266777 -0.9994767677 -0.008371644413 -0.03124270186 0.004201289921 0.9241401717 -0.382030486 0.03207085925 -0.3819618549 -0.92362146 3.133969386e-05 0.0524160486 0
0.403152859 0.1692798539 0.04014193017 -0.005745679699 0.1011764754 0.4963162264 -0.0007362701929 0.02562865275 0.2532641508 -0.9994371112 -0.008839445633 -0.03236239973 0.004436671915 0.9213634446 -0.3886768825 0.03325322026 -0.388601682 -0.9208056017 3.259554093e-05 0.05338876712 0
0.4095799594 0.1719785292 0.04078187656 -0.005928513796 0.1027366504 0.4958807931 -0.0007598729847 0.02603380788 0.2532085063 -0.9994006127 -0.009262472295 -0.03335598898 0.004649572358 0.918895826 -0.3944728666 0.03430447305 -0.3943915157 -0.9183019849 3.371780433e-05 0.05423989583 0
0.4169252171 0.1750627294 0.04151324387 -0.006140866005 0.1045166659 0.4953750601 -0.0007873000027 0.02649664353 0.253143846 -0.999356774 -0.009761820611 -0.03450717535 0.004900941126 0.9160325102 -0.4010740842 0.03552490772 -0.4009852206 -0.9153954521 3.502738361e-05 0.05521261435 0
0.4242704748 0.1781469297 0.04224461118 -0.006356836042 0.1062933839 0.494860711 -0.0008152093211 0.02695926353 0.253078049 -0.9993105918 -0.01027836207 -0.03567486967 0.005161029105 0.9131233825 -0.4076506495 0.03676553864 -0.4075537308 -0.9124408209 3.636602821e-05 0.05618533287 0
0.4316157325 0.1812311299 0.04297597849 -0.006576415716 0.1080667488 0.4943377653 -0.0008436006661 0.02742166415 0.2530111157 -0.9992619861 -0.01081234946 -0.03685886912 0.005429969167 0.9101687047 -0.4142021781 0.03802628786 -0.4140966337 -0.9094382768 3.773402694e-05 0.05715805139 0
0.4389609902 0.1843153302 0.0437073458 -0.006799596702 0.1098367056 0.4938062428 -0.0008724737591 0.02788384165 0.2529430468 -0.9992108755 -0.011364033 -0.03805896787 0.005707893129 0.9071687424 -0.4207282885 0.03930707617 -0.4206135181 -0.9063880086 3.913167235e-05 0.05813076991 0
0.4463062479 0.1873995304 0.04443871311 -0.007026370536 0.1116031991 0.4932661637 -0.0009018283166 0.02834579228 0.2528738431 -0.9991571776 -0.01193366034 -0.03927495708 0.005994931734 0.9041237652 -0.4272286016 0.0406078231 -0.4271039745 -0.9032902079 4.055926064e-05 0.05910348843 0
0.4536515056 0.1904837307 0.04517008042 -0.007256728622 0.1133661744 0.4927175484 -0.0009316640507 0.0288075123 0.2528035052 -0.9991008087 -0.01252147651 -0.04050662498 0.006291214637 0.9010340466 -0.433702741 0.0419284469 -0.4335675951 -0.9001450693 4.201709167e-05 0.06007620695 0
0.4609967633 0.193567931 0.04590144772 -0.007490662229 0.1151255767 0.4921604177 -0.0009619806686 0.02926899798 0.2527320338 -0.9990416841 -0.01312772386 -0.04175375684 0.006596870389 0.897899864 -0.4401503328 0.04326886462 -0.4400039739 -0.8969527905 4.350546883e-05 0.06104892547 0
0.468342021 0.1966521312 0.04663281503 -0.00772816249 0.1168813513 0.4915947927 -0.0009927778726 0.02973024558 0.2526594296 -0.998979718 -0.01375264204 -0.04301613506 0.006912026424 0.8947214988 -0.446571006 0.04462899202 -0.4464127063 -0.893713572 4.502469906e-05 0.06202164399 0
0.4756872787 0.1997363315 0.04736418234 -0.007969220406 0.1186334439 0.4910206949 -0.001024055361 0.03019125137 0.2525856934 -0.9989148232 -0.01439646798 -0.04429353911 0.007236809039 0.891499236 -0.4529643923 0.04600874365 -0.4527933898 -0.8904276173 4.657509278e-05 0.06299436252 0
0.4830325364 0.2028205317 0.04809554965 -0.008213826844 0.1203818 0.4904381461 -0.001055812826 0.03065201162 0.2525108259 -0.9988469118 -0.01505943583 -0.04558574568 0.007571343383 0.8882333646 -0.4593301262 0.04740803282 -0.4591456234 -0.887095133 4.815696381e-05 0.06396708104 0
0.4903777941 0.205904732 0.04882691696 -0.008461972539 0.1221263654 0.4898471682 -0.001088049957 0.03111252259 0.2524348278 -0.9987758944 -0.01574177694 -0.04689252858 0.00791575344 0.884924177 -0.4656678449 0.0488267716 -0.465469008 -0.8837163283 4.977062937e-05 0.06493979956 0
0.4977230518 0.2089889322 0.04955828427 -0.008713648091 0.1238670863 0.4892477837 -0.001120766436 0.03157278058 0.2523576998 -0.9987016808 -0.0164437198 -0.04821365887 0.008270162014 0.8815719698 -0.4719771885 0.05026487086 -0.4717631463 -0.8802914157 5.141641e-05 0.06591251808 0
0.5050683095 0.2120731325 0.05028965158 -0.008968843972 0.1256039087 0.4886400153 -0.001153961944 0.03203278185 0.2522794428 -0.9986241795 -0.01716549005 -0.04954890484 0.008634690718 0.8781770429 -0.4782578001 0.05172224024 -0.4780276427 -0.8768206103 5.309462952e-05 0.0668852366 0
0.5124135672 0.2151573327 0.05102101889 -0.009227550517 0.1273367789 0.488023886 -0.001187636154 0.03249252269 0.2522000576 -0.9985432983 -0.01790731039 -0.05089803204 0.009009459953 0.8747397002 -0.4845093256 0.05319878816 -0.4842621038 -0.8733041302 5.480561499e-05 0.06785795512 0
0.5197588249 0.218241533 0.0517523862 -0.009489757935 0.1290656434 0.487399419 -0.001221788736 0.03295199937 0.2521195448 -0.9984589435 -0.01866940059 -0.05226080333 0.0093945889 0.8712602488 -0.4907314138 0.05469442186 -0.4904661378 -0.8697421962 5.654969665e-05 0.06883067364 0
0.5271040826 0.2213257332 0.05248375351 -0.009755456301 0.1307904489 0.4867666382 -0.001256419355 0.03341120818 0.2520379054 -0.9983710207 -0.01945197743 -0.05363697891 0.0097901955 0.8677389998 -0.4969237167 0.05620904736 -0.4966393548 -0.8661350323 5.832720789e-05 0.06980339216 0
0.5344493403 0.2244099335 0.05321512081 -0.01002463556 0.1325111422 0.4861255673 -0.001291527671 0.03387014542 0.2519551401 -0.9982794344 -0.0202552547 -0.05502631633 0.01019639645 0.8641762677 -0.5030858892 0.05774256949 -0.502781367 -0.8624828651 6.01384852e-05 0.07077611068 0
0.541794598 0.2274941338 0.05394648812 -0.01029728553 0.1342276703 0.4854762306 -0.00132711334 0.03432880737 0.2518712498 -0.998184088 -0.0210794431 -0.05642857054 0.01061330716 0.8605723704 -0.5092175891 0.05929489191 -0.5088917885 -0.8587859241 6.19838681e-05 0.0717488292 0
0.5491398557 0.230578334 0.05467785543 -0.01057339589 0.1359399803 0.4848186528 -0.001363176012 0.03478719033 0.2517862352 -0.9980848839 -0.02192475031 -0.05784349392 0.0110410418 0.8569276294 -0.5153184776 0.06086591707 -0.5149702354 -0.8550444414 6.386369916e-05 0.07272154772 0
0.5564851134 0.2336625343 0.05540922274 -0.01085295621 0.1376480197 0.4841528586 -0.001399715333 0.03524529059 0.2517000973 -0.9979817237 -0.02279138084 -0.05927083629 0.0114797132 0.8532423697 -0.5213882189 0.06245554626 -0.5210163256 -0.8512586523 6.577832386e-05 0.07369426625 0
0.5638303711 0.2367467345 0.05614059005 -0.01113595591 0.1393517359 0.4834788733 -0.001436730945 0.03570310446 0.2516128368 -0.9978745079 -0.02367953608 -0.06071034498 0.01192943293 0.8495169195 -0.5274264803 0.06406367962 -0.5270296794 -0.8474287946 6.772809066e-05 0.07466698477 0
0.5711756288 0.2398309348 0.05687195736 -0.01142238429 0.1410510766 0.4827967223 -0.001474222486 0.03616062824 0.2515244548 -0.9977631361 -0.02458941426 -0.06216176484 0.01239031121 0.8457516107 -0.5334329322 0.06569021609 -0.533009919 -0.8435551089 6.971335086e-05 0.07563970329 0
0.5785208865 0.242915135 0.05760332467 -0.01171223052 0.1427459898 0.4821064314 -0.001512189586 0.03661785823 0.2514349519 -0.9976475068 -0.02552121039 -0.06362483827 0.01286245693 0.8419467782 -0.5394072486 0.06733505347 -0.5389566684 -0.8396378387 7.173445861e-05 0.07661242181 0
0.5858661442 0.2459993353 0.05833469198 -0.01200548366 0.1444364234 0.4814080267 -0.001550631874 0.03707479075 0.2513443292 -0.9975275178 -0.02647511623 -0.06509930527 0.01334597765 0.8381027605 -0.5453491063 0.06899808843 -0.5448695542 -0.8356772299 7.379177086e-05 0.07758514033 0
0.5932114019 0.2490835355 0.05906605929 -0.01230213261 0.1461223259 0.4807015347 -0.001589548972 0.0375314221 0.2512525875 -0.9974030658 -0.02745132029 -0.06658490346 0.01384097956 0.834219899 -0.5512581858 0.07067921646 -0.5507482048 -0.8316735316 7.588564731e-05 0.07855785885 0
0.6005566596 0.2521677358 0.0597974266 -0.01260216618 0.1478036456 0.4799869819 -0.001628940499 0.0379877486 0.2511597277 -0.9972740468 -0.02845000778 -0.06808136812 0.01434756747 0.8302985387 -0.5571341705 0.07237833195 -0.5565922509 -0.8276269953 7.801645039e-05 0.07953057737 0
0.6079019173 0.255251936 0.0605287939 -0.01290557304 0.1494803312 0.4792643953 -0.001668806068 0.03844376658 0.2510657508 -0.9971403557 -0.02947136058 -0.06958843221 0.01486584482 0.8263390275 -0.5629767475 0.07409532813 -0.5624013251 -0.8235378752 8.01845452e-05 0.08050329589 0
0.615247175 0.2583361363 0.06126016121 -0.01321234172 0.1511523315 0.4785338024 -0.001709145287 0.03889947235 0.2509706577 -0.9970018868 -0.0305155572 -0.07110582644 0.01539591366 0.8223417167 -0.5687856071 0.07583009711 -0.5681750626 -0.8194064282 8.239029947e-05 0.08147601441 0
0.6225924327 0.2614203366 0.06199152852 -0.01352246064 0.1528195957 0.4777952306 -0.001749957763 0.03935486224 0.2508744493 -0.9968585332 -0.0315827728 -0.07263327927 0.01593787461 0.8183069604 -0.5745604431 0.07758252992 -0.5739131006 -0.815232914 8.463408356e-05 0.08244873293 0
0.6290195332 0.2641190118 0.06263147492 -0.01379655374 0.1542745267 0.477142457 -0.001786056581 0.03975306638 0.2507893529 -0.9967290074 -0.03253560428 -0.07397783654 0.01642192372 0.8147461125 -0.5795852763 0.07913031193 -0.5789043156 -0.8115467868 8.662888407e-05 0.08329986164 0
0.6363647909 0.267203212 0.06336284223 -0.01411292273 0.1559327738 0.4763890002 -0.001827755327 0.04020785411 0.250691056 -0.9965762046 -0.03364644059 -0.07552340971 0.01698644866 0.8106421115 -0.5852955045 0.08091556674 -0.584574447 -0.8072951053 8.894498115e-05 0.08427258016 0
0.6437100486 0.2702874123 0.06409420954 -0.01443260797 0.1575861393 0.4756276454 -0.001869926165 0.0406623154 0.2505916466 -0.9964182058 -0.03478078029 -0.07707824865 0.01756314707 0.8065017006 -0.5909708477 0.08271816583 -0.5902078484 -0.8030021175 9.130018696e-05 0.08524529868 0
0.6510553063 0.2733716125 0.06482557684 -0.0147555974 0.159234573 0.4748584215 -0.00191256868 0.04111644662 0.2504911258 -0.9962549011 -0.03593878513 -0.0786420735 0.01815211402 0.8023252455 -0.5966110133 0.08453799594 -0.595804166 -0.7986680932 9.369488157e-05 0.0862180172 0
0.658400564 0.2764558128 0.06555694415 -0.01508187886 0.1608780249 0.4740813574 -0.001955682456 0.04157024409 0.2503894944 -0.9960861798 -0.03712061335 -0.08021460232 0.0187534431 0.7981131151 -0.602215712 0.08637494274 -0.601363048 -0.7942933046 9.612944751e-05 0.08719073572 0
0.6657458217 0.2795400131 0.06628831146 -0.01541144003 0.1625164454 0.4732964823 -0.001999267068 0.04202370416 0.2502867536 -0.9959119305 -0.03832641965 -0.08179555115 0.01936722642 0.7938656812 -0.6077846582 0.0882288908 -0.6068841453 -0.7898780267 9.860426969e-05 0.08816345424 0
0.6730910794 0.2826242133 0.06701967877 -0.0157442685 0.1641497849 0.472503826 -0.00204332209 0.04247682319 0.2501829043 -0.9957320411 -0.03955635515 -0.08338463403 0.01999355462 0.7895833182 -0.6133175698 0.09009972364 -0.6123671108 -0.7854225368 0.0001011197354 0.08913617277 0
0.6804363371 0.2857084136 0.06775104608 -0.01608035171 0.165777994 0.4717034182 -0.002087847088 0.04292959753 0.2500779476 -0.9955463985 -0.04081056738 -0.08498156308 0.02063251682 0.7852664034 -0.6188141684 0.0919873237 -0.6178116002 -0.780927115 0.0001036762342 0.09010889129 0
0.6877815947 0.2887926138 0.06848241339 -0.01641967701 0.1674010235 0.4708952892 -0.002132841628 0.04338202353 0.2499718844 -0.9953548892 -0.04208920024 -0.08658604846 0.02128420066 0.7809153168 -0.6242741791 0.0938915724 -0.6232172712 -0.7763920437 0.000106274158 0.09108160981 0
0.6951268524 0.2918768141 0.0692137807 -0.01676223161 0.1690188247 0.4700794694 -0.002178305266 0.04383409755 0.249864716 -0.9951573988 -0.043392394 -0.08819779849 0.02194869222 0.7765304412 -0.6296973311 0.09581235007 -0.6285837844 -0.7718176077 0.000108913901 0.09205432833 0
0.7024721101 0.2949610143 0.06994514801 -0.01710800262 0.1706313489 0.4692559894 -0.002224237557 0.04428581597 0.2497564433 -0.9949538124 -0.04472028525 -0.08981651965 0.02262607608 0.772112162 -0.6350833567 0.09774953604 -0.6339108024 -0.7672040946 0.0001115958596 0.09302704685 0
0.7098173678 0.2980452146 0.07067651532 -0.01745697701 0.1722385475 0.4684248803 -0.002270638051 0.04473717515 0.2496470674 -0.9947440143 -0.0460730069 -0.0914419166 0.02331643526 0.7676608671 -0.6404319924 0.09970300859 -0.6391979906 -0.7625517943 0.0001143204325 0.09399976537 0
0.7171626255 0.3011294148 0.07140788263 -0.01780914164 0.1738403724 0.4675861734 -0.002317506293 0.04518817146 0.2495365894 -0.994527888 -0.04745068812 -0.09307369225 0.02401985126 0.7631769471 -0.6457429784 0.101672645 -0.6444450167 -0.7578609989 0.0001170880204 0.09497248389 0
0.7245078832 0.3042136151 0.07213924993 -0.01816448328 0.1754367755 0.4667399003 -0.002364841823 0.04563880129 0.2494250104 -0.9943053166 -0.04885345437 -0.09471154779 0.02473640398 0.7586607952 -0.6510160583 0.1036583215 -0.6496515511 -0.7531320034 0.0001198990263 0.09594520241 0
0.7318531409 0.3072978153 0.07287061724 -0.01852298853 0.177027709 0.4658860927 -0.002412644176 0.046089061 0.2493123314 -0.9940761826 -0.05028142732 -0.09635518273 0.02546617177 0.7541128067 -0.65625098 0.1056599133 -0.6548172667 -0.7483651047 0.0001227538552 0.09691792093 0
0.7391983986 0.3103820156 0.07360198455 -0.01888464393 0.1786131254 0.4650247828 -0.002460912884 0.04653894699 0.2491985538 -0.9938403677 -0.05173472489 -0.09800429493 0.0262092314 0.7495333799 -0.661447495 0.1076772946 -0.6599418389 -0.7435606025 0.0001256529143 0.09789063945 0
0.7465436563 0.3134662159 0.07433335186 -0.01924943587 0.1801929775 0.4641560031 -0.002509647473 0.04698845564 0.2490836784 -0.993597753 -0.05321346118 -0.09965858064 0.02696565806 0.744922915 -0.6666053585 0.1097103388 -0.6650249456 -0.7387187985 0.000128596613 0.09886335798 0
0.753888914 0.3165504161 0.07506471917 -0.01961735064 0.181767218 0.463279786 -0.002558847466 0.04743758335 0.2489677066 -0.9933482194 -0.05471774647 -0.1013177346 0.02773552533 0.7402818148 -0.6717243299 0.111758918 -0.6700662676 -0.7338399971 0.0001315853623 0.0998360765 0
0.7612341717 0.3196346164 0.07579608648 -0.01998837441 0.1833358001 0.4623961647 -0.00260851238 0.04788632652 0.2488506394 -0.9930916467 -0.05624768719 -0.1029814498 0.02851890517 0.7356104843 -0.6768041722 0.1138229036 -0.675065488 -0.7289245047 0.0001346195758 0.100808795 0
0.7685794294 0.3227188166 0.07652745379 -0.02036249323 0.1848986773 0.4615051722 -0.002658641728 0.04833468154 0.248732478 -0.9928279145 -0.05780338591 -0.1046494182 0.02931586796 0.7309093308 -0.6818446524 0.1159021658 -0.6800222928 -0.7239726302 0.0001376996686 0.1017815135 0
0.7759246871 0.3258030169 0.0772588211 -0.02073969307 0.1864558031 0.4606068421 -0.002709235019 0.04878264482 0.2486132236 -0.9925569019 -0.05938494133 -0.1063213298 0.03012648242 0.7261787639 -0.6868455415 0.117996574 -0.6849363705 -0.7189846848 0.0001408260582 0.1027542321 0
0.7832699448 0.3288872171 0.07799018841 -0.02111995974 0.1880071314 0.4597012081 -0.002760291755 0.04923021278 0.2484928774 -0.9922784874 -0.06099244822 -0.1079968736 0.03095081566 0.7214191952 -0.6918066144 0.1201059967 -0.6898074123 -0.7139609818 0.0001439991635 0.1037269506 0
0.7906152025 0.3319714174 0.07872155571 -0.02150327898 0.1895526164 0.4587883041 -0.002811811437 0.04967738182 0.2483714405 -0.991992549 -0.06262599747 -0.1096757369 0.03178893316 0.7166310385 -0.69672765 0.1222303013 -0.6946351122 -0.7089018369 0.000147219406 0.1046996691 0
0.7979604602 0.3350556176 0.07945292302 -0.02188963639 0.1910922123 0.4578681645 -0.00286379356 0.05012414836 0.2482489142 -0.9916989641 -0.064285676 -0.111357606 0.03264089871 0.7118147097 -0.7016084312 0.1243693543 -0.6994191668 -0.703807568 0.0001504872085 0.1056723876 0
0.8053057179 0.3381398179 0.08018429033 -0.02227901748 0.1926258738 0.4569408238 -0.002916237613 0.05057050884 0.2481252997 -0.99139761 -0.06597156679 -0.1130421657 0.03350677449 0.7069706266 -0.7064487449 0.1265230213 -0.7041592756 -0.6986784952 0.0001538029961 0.1066451061 0
0.8126509756 0.3412240182 0.08091565764 -0.02267140765 0.1941535557 0.4560063168 -0.002969143082 0.05101645966 0.2480005982 -0.9910883633 -0.06768374885 -0.1147290996 0.03438662099 0.7020992092 -0.7112483819 0.128691167 -0.7088551408 -0.6935149407 0.0001571671956 0.1076178247 0
0.8199962333 0.3443082184 0.08164702495 -0.02306679217 0.1956752131 0.4550646784 -0.003022509449 0.05146199728 0.2478748109 -0.9907711002 -0.06942229719 -0.1164180902 0.03528049703 0.6972008792 -0.7160071373 0.1308736551 -0.7135064672 -0.6883172289 0.0001605802355 0.1085905432 0
0.827341491 0.3473924187 0.08237839226 -0.02346515623 0.1971908013 0.4541159441 -0.003076336191 0.05190711811 0.2477479392 -0.9904456965 -0.07118728284 -0.1181088187 0.03618845977 0.6922760603 -0.72072481 0.1330703486 -0.7181129627 -0.6830856866 0.0001640425465 0.1095632617 0
0.8346867487 0.3504766189 0.08310975957 -0.0238664849 0.1987002761 0.4531601493 -0.003130622779 0.05235181861 0.2476199842 -0.9901120277 -0.07297877279 -0.1198009654 0.03711056467 0.687325178 -0.7254012032 0.1352811094 -0.7226743377 -0.6778206422 0.0001675545607 0.1105359802 0
0.8411138492 0.3531752941 0.08374970596 -0.02422006757 0.2000160167 0.4523180653 -0.003178500343 0.05274058394 0.247507136 -0.9898131894 -0.0745681179 -0.1212825047 0.03792904976 0.6829721118 -0.7294590336 0.1372269556 -0.7266283027 -0.6731865064 0.0001706686865 0.1113871089 0
0.8484591069 0.3562594944 0.08448107327 -0.02462691426 0.2015139098 0.4513491289 -0.003233647706 0.05318448674 0.2473771533 -0.9894636866 -0.07640946993 -0.1229764445 0.0388778148 0.6779735139 -0.7340575113 0.1394637175 -0.7311043067 -0.6678595392 0.0001742750656 0.1123598275 0
0.8558043646 0.3593436946 0.08521244058 -0.02503668204 0.2030055631 0.4503732358 -0.003289253373 0.05362795899 0.2472460912 -0.9891055586 -0.07827749638 -0.124670877 0.03984087202 0.6729500858 -0.7386141665 0.1417141451 -0.7355343741 -0.6625000268 0.0001779324007 0.113332546 0
0.8631496223 0.3624278949 0.08594380789 -0.02544935557 0.2044909333 0.4493904223 -0.003345316799 0.05407099715 0.2471139507 -0.9887386795 -0.08017224852 -0.1263654784 0.04081827028 0.6679022598 -0.743128818 0.1439780969 -0.7399182265 -0.6571083059 0.0001816411308 0.1143052645 0
0.87049488 0.3655120952 0.0866751752 -0.0258649194 0.2059699772 0.4484007254 -0.003401837435 0.05451359769 0.2469807333 -0.9883629233 -0.08209377357 -0.1280599242 0.04181005675 0.6628304696 -0.7476012893 0.1462554306 -0.7442555884 -0.6516847153 0.0001854016968 0.115277983 0
0.8778401377 0.3685962954 0.08740654251 -0.026283358 0.2074426519 0.4474041821 -0.003458814726 0.05495575709 0.2468464403 -0.9879781634 -0.08404211464 -0.1297538886 0.04281627687 0.6577351507 -0.7520314076 0.1485460033 -0.7485461873 -0.6462295957 0.0001892145411 0.1162507015 0
0.8851853954 0.3716804957 0.08813790982 -0.0267046557 0.2089089149 0.4464008295 -0.003516248113 0.0553974718 0.2467110731 -0.9875842731 -0.08601731073 -0.1314470455 0.04383697434 0.6526167398 -0.7564190047 0.1508496709 -0.7527897537 -0.6407432899 0.000193080108 0.1172234201 0
0.8925306531 0.3747646959 0.08886927713 -0.02712879677 0.2103687238 0.4453907053 -0.003574137035 0.05583873831 0.2465746328 -0.9871811255 -0.08801939672 -0.1331390676 0.04487219114 0.6474756753 -0.7607639163 0.1531662887 -0.7569860208 -0.6352261427 0.0001969988434 0.1181961386 0
0.8998759108 0.3778488962 0.08960064444 -0.02755576534 0.2118220365 0.4443738471 -0.003632480923 0.05627955311 0.246437121 -0.9867685933 -0.09004840336 -0.1348296271 0.04592196751 0.642312397 -0.7650659825 0.1554957111 -0.7611347251 -0.6296785006 0.0002009711948 0.1191688571 0
0.9072211685 0.3809330964 0.09033201174 -0.02798554546 0.2132688113 0.443350293 -0.003691279206 0.05671991268 0.246298539 -0.9863465492 -0.09210435726 -0.1365183953 0.04698634195 0.637127346 -0.7693250475 0.1578377919 -0.7652356058 -0.6241007123 0.0002049976113 0.1201415756 0
0.9145664262 0.3840172967 0.09106337905 -0.02841812109 0.2147090066 0.4423200812 -0.003750531306 0.05715981351 0.2461588881 -0.9859148656 -0.09418728087 -0.1382050431 0.04806535122 0.6319209646 -0.7735409598 0.1601923838 -0.7692884053 -0.6184931282 0.0002090785439 0.1211142941 0
0.9219116839 0.3871014969 0.09179474636 -0.02885347606 0.2161425812 0.4412832502 -0.003810236644 0.0575992521 0.2460181697 -0.9854734147 -0.09629719251 -0.1398892406 0.04915903031 0.6266936967 -0.7777135721 0.1625593389 -0.773292869 -0.6128561006 0.0002132144448 0.1220870127 0
0.9292569416 0.3901856972 0.09252611367 -0.02929159413 0.2175694941 0.4402398387 -0.003870394634 0.05803822496 0.2458763853 -0.9850220686 -0.09843410629 -0.1415706574 0.05026741246 0.621445987 -0.7818427416 0.1649385085 -0.7772487453 -0.6071899838 0.0002174057682 0.1230597312 0
0.9366021993 0.3932698974 0.09325748098 -0.02973245895 0.2189897046 0.4391898856 -0.003931004686 0.05847672859 0.2457335362 -0.9845606993 -0.1005980322 -0.1432489627 0.05139052917 0.6161782816 -0.7859283293 0.167329743 -0.7811557855 -0.6014951337 0.0002216529697 0.1240324497 0
0.943947457 0.3963540977 0.09398884829 -0.03017605408 0.2204031723 0.43813343 -0.003992066207 0.05891475951 0.2455896239 -0.9840891786 -0.1027889759 -0.144923825 0.05252841015 0.6108910278 -0.7899702009 0.1697328924 -0.7850137442 -0.5957719082 0.0002259565064 0.1250051682 0
0.9512927147 0.399438298 0.0947202156 -0.03062236297 0.221809857 0.4370705114 -0.004053578598 0.05935231424 0.2454446498 -0.9836073782 -0.1050069391 -0.1465949125 0.05368108336 0.6055846737 -0.7939682262 0.1721478054 -0.7888223791 -0.5900206669 0.0002303168372 0.1259778867 0
0.9586379724 0.4025224982 0.09545158291 -0.031071369 0.223209719 0.4360011694 -0.004115541255 0.05978938929 0.2452986153 -0.9831151697 -0.1072519192 -0.1482618929 0.05484857497 0.6002596687 -0.7979222794 0.1745743305 -0.7925814507 -0.5842417711 0.0002347344223 0.1269506053 0
0.9659832301 0.4056066985 0.09618295022 -0.03152305542 0.2246027186 0.4349254438 -0.004177953573 0.0602259812 0.2451515219 -0.9826124248 -0.1095239092 -0.1499244338 0.0560309094 0.5949164629 -0.8018322389 0.1770123152 -0.7962907229 -0.578435584 0.0002392097236 0.1279233238 0
0.9733284878 0.4086908987 0.09691431753 -0.03197740541 0.2259888165 0.4338433747 -0.004240814938 0.06066208651 0.245003371 -0.9820990151 -0.1118228982 -0.1515822022 0.05722810928 0.5895555076 -0.8056979874 0.1794616062 -0.7999499628 -0.5726024703 0.0002437432046 0.1288960423 0
0.9806737455 0.411775099 0.09764568483 -0.03243440206 0.2273679738 0.4327550024 -0.004304124735 0.06109770174 0.2448541641 -0.9815748119 -0.1141488709 -0.1532348651 0.05844019546 0.5841772547 -0.8095194122 0.1819220497 -0.8035589402 -0.5667427966 0.0002483353301 0.1298687608 0
0.9880190031 0.4148592992 0.09837705214 -0.03289402836 0.2287401518 0.4316603673 -0.004367882344 0.06153282346 0.2447039027 -0.9810396869 -0.116501808 -0.1548820891 0.05966718701 0.5787821571 -0.8132964044 0.1843934911 -0.8071174285 -0.560856931 0.0002529865666 0.1308414794 0
0.9953642608 0.4179434995 0.09910841945 -0.0333562672 0.230105312 0.4305595104 -0.00443208714 0.0619674482 0.2445525883 -0.9804935115 -0.1188816855 -0.1565235407 0.0609091012 0.5733706683 -0.81702886 0.1868757751 -0.8106252041 -0.5549452433 0.0002576973821 0.1318141979 0
1.002709519 0.4210276997 0.09983978676 -0.03382110139 0.2314634164 0.4294524723 -0.004496738493 0.06240157252 0.2444002223 -0.9799361573 -0.1212884758 -0.1581588863 0.06216595354 0.5679432427 -0.820716679 0.1893687458 -0.8140820467 -0.5490081051 0.000262468246 0.1327869164 0
1.010054776 0.4241119 0.1005711541 -0.03428851365 0.232814427 0.4283392945 -0.004561835771 0.062835193 0.2442468064 -0.9793674959 -0.1237221466 -0.1597877921 0.06343775774 0.5625003353 -0.8243597659 0.1918722465 -0.8174877389 -0.5430458893 0.0002672996293 0.1337596349 0
1.017400034 0.4271961003 0.1013025214 -0.03475848661 0.2341583063 0.4272200181 -0.004627378334 0.06326830618 0.2440923419 -0.9787873989 -0.1261826616 -0.1614099245 0.06472452569 0.5570424017 -0.8279580294 0.1943861198 -0.8208420668 -0.5370589705 0.0002721920043 0.1347323534 0
1.024745292 0.4302803005 0.1020338887 -0.03523100281 0.2354950172 0.4260946848 -0.004693365542 0.06370090865 0.2439368305 -0.9781957381 -0.1286699801 -0.1630249497 0.06602626754 0.5515698981 -0.8315113827 0.1969102079 -0.8241448196 -0.531047725 0.000277145845 0.135705072 0
