0.007247174364 0.005707149811 0.001017865639 -3.515645375e-06 0.001848016358 0.5099955357 -4.409453089e-07 0.0004603207064 0.2549994459 -0.9999999998 -9.784390253e-08 -2.047392371e-05 4.979277292e-08 0.9999740016 -0.007210837244 2.047409696e-05 -0.007210837244 -0.9999740014 3.881264308e-08 0.0013537613 0
0.01349434873 0.01062679962 0.001895281279 -1.218896809e-05 0.003440974326 0.5099845219 -1.536731062e-06 0.0008586144416 0.2549980688 -0.9999999975 -6.345632899e-07 -7.098240175e-05 3.185194891e-07 0.9999098642 -0.01342622337 7.098452349e-05 -0.01342622336 -0.9999098617 7.052124259e-08 0.002520724101 0
0.01974152309 0.01554644943 0.002772696918 -2.60865766e-05 0.005033823508 0.5099668742 -3.300138728e-06 0.001257546727 0.2549958526 -0.9999999885 -1.988256126e-06 -0.0001519081952 9.957211985e-07 0.9998071015 -0.01964076907 0.0001519179432 -0.019640769 -0.9998070899 6.018326449e-08 0.003687686901 0
0.02598869745 0.02046609925 0.003650112557 -4.520794365e-05 0.00662651355 0.5099425931 -5.730656274e-06 0.001656600206 0.2549927979 -0.9999999653 -4.536954709e-06 -0.0002632399848 2.270391005e-06 0.9996657273 -0.02585408542 0.0002632692897 -0.02585408513 -0.9996656926 1.356679057e-08 0.004854649701 0
0.03301676861 0.02600070528 0.004637205152 -7.296259454e-05 0.008418036932 0.5099073491 -9.26121547e-06 0.002105494574 0.2549883605 -0.9999999097 -9.303072688e-06 -0.0004248133614 4.6537146e-06 0.9994605523 -0.03284211283 0.0004248897294 -0.03284211184 -0.999460462 8.056563648e-08 0.006167482852 0
0.03926394298 0.03092035509 0.005514620791 -0.0001031817932 0.01001022163 0.5098689755 -1.310661185e-05 0.002504443656 0.2549835275 -0.9999998195 -1.564531534e-05 -0.0006007008978 7.824907263e-06 0.9992371982 -0.03905152631 0.0006008536555 -0.03905152396 -0.9992370177 1.889356152e-07 0.007334445652 0
0.04551111734 0.03584000491 0.006392036431 -0.0001386218257 0.01160208988 0.5098239723 -1.761719936e-05 0.002903328841 0.2549778584 -0.9999996741 -2.436228264e-05 -0.0008069316603 1.218319876e-05 0.9989753092 -0.04525849638 0.0008072074051 -0.04525849146 -0.9989749834 3.210756937e-07 0.008501408453 0
0.0525391885 0.04137461094 0.007379129025 -0.0001847307084 0.01339250076 0.5097654213 -2.348648159e-05 0.0033520046 0.2549704816 -0.9999994213 -3.747649807e-05 -0.001075174828 1.873959252e-05 0.9986346669 -0.05223793411 0.001075664551 -0.05223792403 -0.9986340883 4.966139707e-07 0.009814241603 0
0.05878636286 0.04629426075 0.008256544664 -0.0002312603022 0.01498352951 0.5097063361 -2.941002501e-05 0.003750769915 0.2549630367 -0.9999990931 -5.249011223e-05 -0.001345783903 2.624510743e-05 0.9982910146 -0.05843842451 0.001346551417 -0.05843840683 -0.9982901078 6.758857112e-07 0.0109812044 0
0.06503353723 0.05121391057 0.009133960304 -0.0002830058711 0.01657408464 0.5096406275 -3.59983075e-05 0.00414948376 0.2549547562 -0.9999986418 -7.105415538e-05 -0.001646632005 3.552495922e-05 0.9979089547 -0.06463526069 0.001647781426 -0.0646352314 -0.9979075968 8.767274601e-07 0.0121481672 0
0.07206160839 0.0567485166 0.0101210529 -0.0003474519048 0.01836283043 0.5095587912 -4.420457789e-05 0.00459797671 0.2549444422 -0.9999979527 -9.66495345e-05 -0.002021178661 4.831877141e-05 0.9974332922 -0.07160185225 0.002022911172 -0.07160180333 -0.9974312455 1.128310182e-06 0.01346100035 0
0.07830878275 0.06166816642 0.01099846854 -0.0004102746573 0.01995221224 0.5094790163 -5.220511923e-05 0.004996583686 0.2549343868 -0.9999971455 -0.0001240026822 -0.002386139759 6.199020282e-05 0.9969697929 -0.0777896406 0.002388555385 -0.07778956647 -0.9969669393 1.374703837e-06 0.01462796315 0
0.08455595711 0.06658781623 0.01187588418 -0.0004783065945 0.02154096344 0.5093926265 -6.087010925e-05 0.005395139557 0.2549234962 -0.9999961203 -0.0001560759607 -0.002781194415 7.801963178e-05 0.9964680635 -0.08397256881 0.002784477513 -0.08397246001 -0.9964641853 1.642566846e-06 0.01579492595 0
0.09080313148 0.07150746604 0.01275329982 -0.000551545136 0.02312903384 0.5092996252 -7.019945271e-05 0.005793642936 0.2549117707 -0.9999948412 -0.0001932420833 -0.003206287399 9.659288144e-05 0.9959281714 -0.09015025226 0.003210652769 -0.0901500969 -0.995923015 1.931984393e-06 0.01696188876 0
0.09783120264 0.07704207208 0.01374039241 -0.0006401585479 0.02491473682 0.5091871003 -8.14889499e-05 0.006241894233 0.2548975816 -0.9999930503 -0.0002416044489 -0.003720348038 0.0001207591435 0.9952752671 -0.09709339906 0.003726228584 -0.09709317356 -0.995268321 2.283488634e-06 0.01827472191 0
0.104078377 0.08196172189 0.01461780805 -0.0007244516544 0.02650119403 0.5090800614 -9.222970748e-05 0.006640279689 0.2548840821 -0.9999910995 -0.0002908262812 -0.004209069942 0.0001453525544 0.9946545266 -0.1032586637 0.004216600804 -0.1032583565 -0.9946456314 2.619123549e-06 0.01944168471 0
0.1103255514 0.0868813717 0.01549522369 -0.0008139420295 0.02808681382 0.5089664228 -0.0001036344899 0.007038606069 0.2548697481 -0.9999887647 -0.0003462997088 -0.00472763058 0.0001730669208 0.993995867 -0.1094174866 0.004737136501 -0.1094170755 -0.9939846393 2.976748988e-06 0.02060864751 0
0.1173536225 0.09241597774 0.01648231628 -0.0009208268282 0.02986957278 0.5088306961 -0.0001172584413 0.007486649454 0.2548526249 -0.9999856201 -0.0004166389067 -0.005346587511 0.0002082044386 0.9932096603 -0.1163379876 0.005358753298 -0.1163374279 -0.9931952913 3.405585663e-06 0.02192148066 0
0.1236007969 0.09733562755 0.01735973192 -0.001021349885 0.0314532469 0.5087030478 -0.0001300738804 0.007884841669 0.2548365179 -0.999982309 -0.0004866196137 -0.005928309658 0.0002431589561 0.9924707228 -0.1224818567 0.005943275845 -0.1224811314 -0.9924530467 3.810551125e-06 0.02308844346 0
0.1298479712 0.1022552774 0.01823714756 -0.001127058952 0.03303592731 0.508568814 -0.0001435529583 0.008282966433 0.2548195768 -0.9999784573 -0.0005640000948 -0.006539630289 0.0002818052642 0.9916941595 -0.1286180955 0.006557853782 -0.1286171677 -0.9916726369 4.238111613e-06 0.02425540626 0
0.1368760424 0.1077898834 0.01922424016 -0.001252175555 0.03481519281 0.5084099358 -0.0001595100062 0.008730772585 0.2547995212 -0.9999734087 -0.0006603524282 -0.007262638935 0.0003299207231 0.9907756813 -0.1355117728 0.007285131566 -0.1355105654 -0.9907491173 4.746400434e-06 0.02556823941 0
0.1431232168 0.1127095332 0.0201016558 -0.001368891338 0.03639559587 0.5082617253 -0.0001743988546 0.009128744389 0.2547808083 -0.9999682202 -0.0007546672228 -0.007936567643 0.0003770125529 0.9899195155 -0.1416305428 0.007963447124 -0.141629034 -0.9898877715 5.222722513e-06 0.02673520221 0
0.1493703911 0.117629183 0.02097907144 -0.001490779953 0.03797484934 0.5081069461 -0.0001899508932 0.00952663956 0.2547612618 -0.9999623084 -0.0008575174545 -0.008639814297 0.0004283595511 0.9890260664 -0.1477405042 0.008671691609 -0.1477386366 -0.9889884211 5.722367497e-06 0.02790216501 0
0.1563984623 0.1231637891 0.02196616403 -0.001634082034 0.03975007341 0.5079249752 -0.0002082394605 0.009974176249 0.2547382759 -0.9999547134 -0.0009838752277 -0.009465888445 0.0004914334212 0.9879765201 -0.1546032153 0.009504185799 -0.1546008658 -0.9879312946 6.312665153e-06 0.02921499816 0
0.1626456367 0.1280834389 0.02284357967 -0.001766947329 0.04132671879 0.5077562574 -0.0002252002489 0.01037189846 0.2547169588 -0.9999470492 -0.001106058162 -0.01023110457 0.0005524142451 0.9870042478 -0.1606932161 0.01027587972 -0.1606903591 -0.9869513741 6.862733541e-06 0.03038196096 0
0.168892811 0.1330030887 0.02372099531 -0.001904970365 0.04290205918 0.50758099 -0.000242823715 0.01076953446 0.2546948089 -0.9999384531 -0.001237897756 -0.01102531825 0.000618205013 0.985995083 -0.1667732417 0.0110773578 -0.1667697933 -0.9859336328 7.436958336e-06 0.03154892376 0
0.1751399854 0.1379227385 0.02459841095 -0.00204814591 0.04447604497 0.5073991798 -0.0002611096811 0.01116708113 0.2546718263 -0.9999288531 -0.001379749441 -0.0118484186 0.0006889812511 0.984949161 -0.1728429216 0.01190856988 -0.1728387877 -0.9848781343 8.035626864e-06 0.03271588656 0
0.1821680565 0.1434573445 0.02558550354 -0.002215370493 0.04624509811 0.5071868311 -0.0002824730578 0.01161421046 0.2546449759 -0.99991676 -0.001551740488 -0.01280879191 0.0007747809362 0.9837287372 -0.1796584854 0.01287916003 -0.1796534546 -0.9836456493 8.738716864e-06 0.03402871971 0
0.1884152309 0.1483769943 0.02646291918 -0.00236947686 0.04781604088 0.5069911405 -0.0003021662165 0.01201155689 0.2546202246 -0.9999047755 -0.001716040007 -0.01369289003 0.0008567293348 0.9826051776 -0.1857049566 0.01377338177 -0.185699004 -0.9825101393 9.390325625e-06 0.03519568251 0
0.1946624053 0.1532966442 0.02734033482 -0.002528718131 0.04938547437 0.5067889294 -0.0003225212773 0.01240880415 0.2545946415 -0.999891545 -0.001891450874 -0.01460550258 0.000944204895 0.9814453151 -0.1917399333 0.01469716874 -0.1917329287 -0.9813370865 1.00673365e-05 0.03636264531 0
0.2016904764 0.1588312502 0.02832742741 -0.002713994856 0.05114922152 0.5065536573 -0.0003462116452 0.01285558484 0.2545648664 -0.9998750683 -0.002102502705 -0.01566611668 0.00104943449 0.9800972698 -0.1985150888 0.01577169669 -0.1985067286 -0.9799726181 1.085974255e-05 0.03767547846 0
0.2079376508 0.1637509 0.02920484305 -0.002884127522 0.05271528395 0.5063376158 -0.0003679725592 0.01325261084 0.2545375164 -0.9998589125 -0.002302677777 -0.01663889477 0.001149221661 0.9788607849 -0.2045244316 0.01675811546 -0.2045146975 -0.9787200335 1.159182369e-05 0.03884244126 0
0.2141848252 0.1686705498 0.03008225869 -0.003059375591 0.05427968303 0.5061150786 -0.0003903947127 0.01364952775 0.2545093352 -0.9998412438 -0.002515044645 -0.01763977641 0.001255066484 0.9775884982 -0.2105211464 0.01777391261 -0.210509864 -0.9774301434 1.235035192e-05 0.04000940406 0
0.2212128963 0.1742051559 0.03106935129 -0.003262635899 0.05603758259 0.5058569703 -0.000416409742 0.01409592489 0.2544766384 -0.9998194454 -0.002768955466 -0.01879918686 0.001381590846 0.9761145933 -0.2172519089 0.0189517215 -0.2172386559 -0.9759345258 1.323574694e-05 0.04132223721 0
0.2274600707 0.1791248057 0.03194676693 -0.003448731916 0.05759828395 0.5056206579 -0.0004402362716 0.01449259936 0.2544466922 -0.9997982582 -0.003008360985 -0.01985932038 0.001500861764 0.9747667987 -0.2232205986 0.02002973429 -0.2232053718 -0.9745656323 1.405165298e-05 0.04248920001 0
0.233707245 0.1840444555 0.03282418257 -0.003639921947 0.05915716859 0.5053778769 -0.0004647233131 0.01488915476 0.2544159158 -0.9997752669 -0.003261018106 -0.02094710856 0.001626708534 0.9733837496 -0.2291755436 0.02113692067 -0.2291581151 -0.9731596934 1.489513168e-05 0.04365616281 0
0.2407353162 0.1895790615 0.03381127516 -0.003861090648 0.06090868136 0.5050970277 -0.0004930604458 0.01533513324 0.2543803005 -0.9997471229 -0.003561513552 -0.02220373734 0.001776349311 0.9717859098 -0.2358579873 0.02241729051 -0.2358377858 -0.9715338408 1.587747194e-05 0.04496899596 0
0.2469824906 0.1944987113 0.0346886908 -0.004063081178 0.06246354314 0.5048405318 -0.0005189502484 0.01573142495 0.2543477611 -0.9997199686 -0.00384343798 -0.02334978369 0.001916709399 0.9703285646 -0.2417825532 0.02358623834 -0.2417596012 -0.9700494753 1.678080117e-05 0.04613595876 0
0.2532296649 0.1994183611 0.03556610644 -0.004270142457 0.06401643557 0.5045775969 -0.0005454997705 0.01612758755 0.2543143925 -0.9996906951 -0.004139651372 -0.0245229985 0.002064150175 0.9688365578 -0.2476922759 0.02478413712 -0.2476662826 -0.968528347 1.771290352e-05 0.04730292156 0
0.2594768393 0.2043380109 0.03644352208 -0.004482266644 0.06556730998 0.5043082328 -0.0005727087449 0.01652361785 0.2542801951 -0.9996591966 -0.004450480653 -0.0257232184 0.002218830192 0.9673100887 -0.2535868079 0.02601091185 -0.2535574601 -0.9669705512 1.867417809e-05 0.04846988437 0
0.2665049105 0.209872617 0.03743061467 -0.004726948105 0.06730957105 0.5039975262 -0.0006041067513 0.0169689898 0.2542407328 -0.9996209663 -0.004818037951 -0.02710553716 0.002401693847 0.9655518713 -0.2601995689 0.02742545352 -0.2601660437 -0.9651743232 1.979098771e-05 0.04978271752 0
0.2727520848 0.2147922668 0.03830803031 -0.004949804069 0.06885599596 0.5037145345 -0.0006327161441 0.01736472828 0.2542047753 -0.9995843776 -0.00516099984 -0.02836258359 0.002572276768 0.9639528514 -0.2660606767 0.02871333243 -0.2660230524 -0.9635389355 2.081560977e-05 0.05094968032 0
0.2789992592 0.2197119166 0.03918544595 -0.005177697211 0.07040025131 0.5034251464 -0.0006619841112 0.01776032443 0.2541679901 -0.999545218 -0.005519582654 -0.0296461008 0.002750584528 0.9623200204 -0.2719055217 0.03002984133 -0.271863408 -0.9618671925 2.187069512e-05 0.05211664312 0
0.2860273303 0.2252465226 0.04017253855 -0.005440087253 0.07213488513 0.5030919527 -0.0006956974091 0.01820519596 0.2541256178 -0.9994979468 -0.00594205368 -0.03112147611 0.00296060369 0.9604429417 -0.2784611114 0.03154503293 -0.2784134475 -0.9599431562 2.30946107e-05 0.05342947627 0
0.2922745047 0.2301661725 0.04104995419 -0.005678655526 0.07367436987 0.5027890089 -0.0007263638602 0.01860047898 0.2540870749 -0.9994529382 -0.006334877063 -0.0324606465 0.003155829743 0.9587389899 -0.2842702762 0.03292210469 -0.284217203 -0.9581945087 2.421585476e-05 0.05459643907 0
0.2985216791 0.2350858223 0.04192736983 -0.005922233395 0.0752115344 0.5024797036 -0.0007576879429 0.01899560962 0.2540477055 -0.9994049906 -0.006744299925 -0.03382571786 0.00335925048 0.9570019215 -0.2900621273 0.03432754297 -0.2900031667 -0.9564098406 2.536891575e-05 0.05576340187 0
0.3055497502 0.2406204283 0.04291446242 -0.006202235048 0.07693801134 0.502124146 -0.0007937132184 0.01943994546 0.2540024274 -0.9993473838 -0.007225124685 -0.03539214655 0.003598076803 0.9550084226 -0.2965568521 0.03594245828 -0.2964906579 -0.9543591721 2.670469556e-05 0.05707623502 0
0.3117969246 0.2455400781 0.04379187806 -0.006456427476 0.07847008612 0.5018013619 -0.0008264337133 0.01983474165 0.2539613029 -0.9992927812 -0.007670838017 -0.03681162321 0.003819396682 0.953201754 -0.3023108143 0.03740788109 -0.3022376126 -0.9524983338 2.792685411e-05 0.05824319782 0
0.318044099 0.2504597279 0.0446692937 -0.006715600076 0.07999969099 0.5014722539 -0.0008598108326 0.02022937544 0.2539193531 -0.9992348495 -0.008134101231 -0.03825639637 0.00404936434 0.951362705 -0.308046435 0.03890138962 -0.3079656472 -0.9506018315 2.918224085e-05 0.05941016062 0
0.3242912733 0.2553793777 0.04554670934 -0.006979743047 0.08152677824 0.5011368342 -0.0008938442403 0.02062384361 0.2538765785 -0.9991734594 -0.008615212243 -0.03972626544 0.004288121072 0.9494915201 -0.3137633905 0.04042289036 -0.3136744033 -0.9486697838 3.047131876e-05 0.06057712342 0
0.3313193445 0.2609139838 0.04653380193 -0.007282832591 0.08324168283 0.5007519586 -0.0009329158669 0.02106741836 0.2538274717 -0.9991000978 -0.009178162782 -0.04140961144 0.004567401647 0.9473483342 -0.3201722546 0.04216791949 -0.3200732652 -0.946453893 3.196238611e-05 0.06188995657 0
0.3375665188 0.2658336336 0.04741121757 -0.007557504201 0.08476326229 0.5004031693 -0.0009683427419 0.02146152396 0.2537829457 -0.9990309193 -0.009698175308 -0.04293212771 0.00482529585 0.9454096905 -0.3258484826 0.04374858528 -0.3257398693 -0.9444467157 3.332461883e-05 0.06305691937 0
0.3438136932 0.2707532834 0.04828863321 -0.007837114349 0.0862821758 0.5000481088 -0.001004424813 0.02185545394 0.2537375963 -0.9989578647 -0.01023694639 -0.04447909112 0.005092408649 0.943439701 -0.3315050497 0.04535693985 -0.3313860823 -0.9424043784 3.472202277e-05 0.06422388217 0
0.3508417644 0.2762878894 0.0492757258 -0.008157565693 0.08798770801 0.4996411864 -0.001045799854 0.02229841124 0.2536855944 -0.998870873 -0.01086584066 -0.04624837975 0.005404095789 0.94118632 -0.3378447969 0.04719931007 -0.3377132579 -0.940064881 3.633674529e-05 0.06553671532 0
0.3570889387 0.2812075392 0.05015314144 -0.008447634908 0.08950079963 0.4992728446 -0.001083273003 0.02269195737 0.2536384966 -0.9987891207 -0.01144541514 -0.04784657707 0.005691238889 0.9391505926 -0.3434585481 0.04886616687 -0.3433149676 -0.9379482559 3.781050003e-05 0.06670367812 0
0.3633361131 0.2861271891 0.05103055708 -0.008742609018 0.09101107804 0.4988982743 -0.00112140019 0.02308531787 0.2535905768 -0.9987030542 -0.01204462707 -0.04946854036 0.005988011176 0.9370843485 -0.3490516688 0.05056039209 -0.3488951858 -0.9357968776 3.932095299e-05 0.06787064092 0
0.3703641842 0.2916617951 0.05201764968 -0.009080303889 0.09270672021 0.4984694554 -0.00116507458 0.02352762256 0.2535356851 -0.998600893 -0.01274255477 -0.05132137698 0.006333548238 0.9347236877 -0.3553188903 0.05249897717 -0.3551468076 -0.9333352037 4.106469849e-05 0.06918347407 0
0.3766113586 0.2965814449 0.05289506532 -0.009385663666 0.09421086503 0.4980816969 -0.001204590318 0.02392057797 0.2534860201 -0.9985051777 -0.01338440268 -0.05299309308 0.006651202469 0.9325935086 -0.360867163 0.05425100603 -0.3606801985 -0.9311104246 4.265479355e-05 0.07035043687 0
0.382858533 0.3015010947 0.05377248096 -0.009695892899 0.09571205054 0.497687755 -0.001244758875 0.02431333776 0.2534355346 -0.998404691 -0.01404673359 -0.05468786261 0.006978876652 0.93043368 -0.3663938625 0.05603006623 -0.3661910109 -0.9288513203 4.428315666e-05 0.07151739967 0
0.3898866041 0.3070357008 0.05475957355 -0.01005070671 0.09739728903 0.4972371978 -0.001290728319 0.02475495472 0.2533777583 -0.998285753 -0.01481666714 -0.0566217423 0.007359637302 0.9279687878 -0.3725852447 0.05806368111 -0.3723632571 -0.9262689748 4.616144351e-05 0.07283023282 0
0.3961337785 0.3119553506 0.05563698919 -0.01037124442 0.09889203176 0.4968301658 -0.001332282763 0.02514728821 0.253325531 -0.998174626 -0.01552339413 -0.058364718 0.007709002025 0.925746906 -0.3780651232 0.05989981102 -0.3778249466 -0.9239374017 4.787282685e-05 0.07399719562 0
0.4023809529 0.3168750004 0.05651440483 -0.01069661436 0.1003836703 0.4964169976 -0.001374488741 0.02553941611 0.2532724848 -0.9980582519 -0.01625141485 -0.06013000428 0.00806875678 0.9234962784 -0.3835225142 0.06176261866 -0.3832629845 -0.9215719525 4.962408701e-05 0.07516415842 0
0.4086281272 0.3217946502 0.05739182047 -0.01102680426 0.1018721585 0.4959977089 -0.001417345826 0.02593133523 0.2532186203 -0.9979364747 -0.01700098115 -0.0619173572 0.00843901549 0.9212172018 -0.3889571315 0.06365198741 -0.3886770302 -0.9191727752 5.141574641e-05 0.07633112122 0
0.4156561984 0.3273292562 0.05837891306 -0.01140401372 0.103542885 0.4955187127 -0.001466337787 0.02637199073 0.2531570452 -0.9977928205 -0.01787030569 -0.06395419828 0.008868251031 0.918619609 -0.3950435016 0.06580912875 -0.3947387316 -0.9164335723 5.348030799e-05 0.07764395437 0
0.4219033727 0.332248906 0.0592563287 -0.01174440443 0.1050245264 0.4950864706 -0.001510577037 0.02676345563 0.2531014435 -0.9976590359 -0.01866647534 -0.0657876195 0.009261198693 0.9162810792 -0.4004287878 0.06775454509 -0.4001006706 -0.9139632241 5.535956637e-05 0.07881091717 0
0.4281505471 0.3371685559 0.06013374434 -0.01208957556 0.1065028743 0.494648158 -0.001555466025 0.0271547018 0.2530450252 -0.9975193493 -0.0194849532 -0.06764232628 0.009664991834 0.9139150501 -0.4057904252 0.06972614745 -0.4054375634 -0.9114596242 5.728087876e-05 0.07997787997 0
0.4351786183 0.3427031619 0.06112083694 -0.01248359095 0.1081620223 0.494147821 -0.001606742213 0.02759458835 0.2529805793 -0.9973549443 -0.02043269985 -0.06975399564 0.01013235296 0.9112207843 -0.4117936591 0.07197534685 -0.411411214 -0.9086035232 5.949329068e-05 0.08129071313 0
0.4414257926 0.3476228117 0.06199825258 -0.01283887701 0.1096332205 0.4936966641 -0.001653010387 0.02798535919 0.2529224276 -0.9972021727 -0.02129936158 -0.07165308129 0.01055953702 0.9087973558 -0.4171041384 0.07400218267 -0.4166937764 -0.9060297863 6.150575214e-05 0.08245767593 0
0.447672967 0.3525424615 0.06287566821 -0.0131989022 0.1111009834 0.4932394893 -0.001699926865 0.02837590139 0.2528634611 -0.997042984 -0.02218905615 -0.07357264381 0.01099788554 0.9063474107 -0.4223901248 0.07605481341 -0.421950254 -0.9034232942 6.356195345e-05 0.08362463873 0
0.4547010382 0.3580770675 0.06386276081 -0.01360957839 0.1127480542 0.4927179957 -0.001753482241 0.02881498411 0.2527961505 -0.9968560168 -0.02321777231 -0.07575629856 0.01150449356 0.9035599272 -0.428307255 0.07839469593 -0.427832202 -0.9004520412 6.592814209e-05 0.08493747188 0
0.4609482125 0.3629967174 0.06474017645 -0.01397962897 0.1142083674 0.4922480902 -0.001801774791 0.02920502991 0.2527354545 -0.9966826315 -0.02415714921 -0.07771849318 0.01196688628 0.9010547052 -0.4335403233 0.08050171224 -0.4330321587 -0.8977764888 6.807910543e-05 0.08610443468 0
0.4671953869 0.3679163672 0.06561759209 -0.01435437568 0.1156651049 0.4917722214 -0.001850714147 0.02959483717 0.2526739455 -0.9965022984 -0.02512024434 -0.07970032961 0.01244073915 0.8985239811 -0.4387480866 0.08263411659 -0.4382050077 -0.8950686979 7.02755226e-05 0.08727139748 0
0.4734425612 0.372836017 0.06649500773 -0.01473380441 0.117118222 0.4912904071 -0.001900299819 0.02998440272 0.2526116243 -0.9963148446 -0.02610726855 -0.08170153526 0.01292614179 0.8959680859 -0.4439302917 0.08479177551 -0.4433504252 -0.8923288381 7.251794757e-05 0.08843836028 0
0.4804706324 0.378370623 0.06748210032 -0.01516624039 0.1187485959 0.490741282 -0.001956855626 0.03042237112 0.2525405427 -0.9960952305 -0.02724653065 -0.08397570126 0.0134861337 0.8930630326 -0.449729412 0.08724916064 -0.4491058298 -0.8892083769 7.509636235e-05 0.08975119343 0
0.4867178068 0.3832902728 0.06835951596 -0.01555557072 0.1201938721 0.4902468943 -0.002007813052 0.03081141256 0.2524764973 -0.9958920644 -0.02828508506 -0.08601714999 0.01399636571 0.8904547618 -0.4548564818 0.08946003508 -0.4541918881 -0.8864009425 7.743840467e-05 0.09091815623 0
0.4929649811 0.3882099226 0.0692369316 -0.01594953783 0.1216353895 0.4897466186 -0.002059415211 0.03120020243 0.2524116417 -0.9956812279 -0.0293482003 -0.08807710003 0.01451841139 0.8878223735 -0.459957225 0.09169573677 -0.4592495142 -0.8835619817 7.982820186e-05 0.09208511903 0
0.4999930523 0.3937445287 0.07022402419 -0.01639827473 0.1232525487 0.489176794 -0.002118237651 0.03163728641 0.2523377113 -0.9954346458 -0.0305738034 -0.09041630657 0.01511993236 0.8848325362 -0.4656637957 0.09424040319 -0.464904964 -0.8803306884 8.257450786e-05 0.09339795218 0
0.5062402267 0.3986641785 0.07110143983 -0.0168020455 0.1246859326 0.4886640692 -0.002171208137 0.03202553123 0.2522711359 -0.9952069147 -0.03168974703 -0.09251463025 0.01566734196 0.8821500411 -0.4707078068 0.0965283962 -0.4699011225 -0.8774253266 8.506765912e-05 0.09456491498 0
0.512487401 0.4035838283 0.07197885547 -0.01721040612 0.1261154206 0.488145516 -0.002224821711 0.03241351464 0.2522037522 -0.9949709504 -0.03283084133 -0.09463056398 0.01622680431 0.87944451 -0.4757247572 0.098840774 -0.4748678654 -0.8744890004 8.761033462e-05 0.09573187778 0
0.5195154722 0.4091184343 0.07296594807 -0.01767527898 0.1277188837 0.4875552013 -0.002285905003 0.03284967959 0.2521269802 -0.9946954218 -0.03414485891 -0.09703167788 0.01687069472 0.8763736904 -0.4813361969 0.1014711662 -0.4804199032 -0.8711488501 9.053075197e-05 0.09704471093 0
0.5257626465 0.4140380842 0.07384336371 -0.01809334179 0.1291399489 0.4870243279 -0.002340883342 0.03323709708 0.2520578813 -0.9944413537 -0.03533998957 -0.09918406759 0.01745600211 0.8736203787 -0.4862948919 0.1038348791 -0.4853231079 -0.868147337 9.318056335e-05 0.09821167373 0
0.5320098209 0.418957734 0.07472077935 -0.01851594587 0.1305569829 0.4864876878 -0.002396503063 0.03362424334 0.2519879762 -0.9941784773 -0.03656081774 -0.1013531541 0.01805357584 0.8708451386 -0.4912258269 0.1062225194 -0.4901959315 -0.8651154403 9.58816885e-05 0.09937863653 0
0.5390378921 0.42449234 0.07570787194 -0.01899678391 0.132146274 0.4858770998 -0.002459841202 0.03405945479 0.2519083702 -0.9938719807 -0.0379651722 -0.1038129648 0.01874058662 0.8676972299 -0.4967396779 0.1089370294 -0.4956411635 -0.8616684749 9.898250826e-05 0.1006914697 0
0.5452850664 0.4294119898 0.07658528758 -0.01942898522 0.1335545993 0.4853282727 -0.002516821992 0.03444601431 0.2518367545 -0.9935897666 -0.03924115231 -0.1060165443 0.01936443182 0.8648765889 -0.5016109098 0.1113750173 -0.5004484169 -0.8585726455 0.0001017945919 0.1018584325 0
0.5515322408 0.4343316396 0.07746270322 -0.01986567758 0.1349587596 0.4847737428 -0.002574442392 0.03483229282 0.2517643348 -0.9932981581 -0.04054333284 -0.1082358868 0.02000073099 0.8620351512 -0.5064537183 0.1138364607 -0.5052243425 -0.8554470317 0.000104659797 0.1030253953 0
0.5577794152 0.4392512894 0.07834011886 -0.02030684459 0.1363587126 0.4842135307 -0.002632701822 0.03521828721 0.251691112 -0.9929969656 -0.04187186527 -0.1104706891 0.02064953855 0.859173284 -0.5112678991 0.1163212053 -0.5099686412 -0.8522918293 0.0001075787058 0.1041923581 0
0.5648074863 0.4447858955 0.07932721145 -0.02080848543 0.137928578 0.4835765264 -0.002699006793 0.03565218739 0.2516077772 -0.9926464306 -0.04339814572 -0.1130029414 0.02139446282 0.8559297235 -0.5166493834 0.1191442016 -0.5152678035 -0.8487071049 0.0001109273975 0.1055051912 0
0.5710546607 0.4497055453 0.08020462709 -0.02125910582 0.1393194504 0.4830043101 -0.002758622209 0.03603756766 0.2515328502 -0.9923242375 -0.04478315783 -0.1152695814 0.02207001906 0.8530256723 -0.5214020681 0.1216779433 -0.5199439115 -0.8454896847 0.0001139623665 0.106672154 0
0.577301835 0.4546251951 0.08108204273 -0.02171414853 0.1407059839 0.4824264781 -0.002818874802 0.03642265405 0.2514571222 -0.9919918613 -0.04619496534 -0.1175507224 0.02275823618 0.8501023528 -0.5261255102 0.1242344954 -0.5245874712 -0.8422432993 0.0001170528683 0.1078391168 0
0.5843299062 0.4601598011 0.08206913533 -0.02223133633 0.1422605961 0.4817697316 -0.00288741984 0.03685552111 0.251370972 -0.9916055249 -0.04781544217 -0.1201339524 0.0235476677 0.8467910547 -0.5314041936 0.1271376828 -0.5297722087 -0.8385567462 0.0001205967947 0.10915195 0
0.5905770806 0.4650794509 0.08294655097 -0.02269571951 0.1436377716 0.4811800387 -0.002949024413 0.03723997271 0.2512935449 -0.9912508656 -0.04928462316 -0.1224448746 0.02426292877 0.8438280407 -0.536064873 0.1297421739 -0.5343456407 -0.8352494865 0.0001238072595 0.1103189128 0
0.5968242549 0.4699991008 0.0838239666 -0.02316447108 0.1450104786 0.4805847986 -0.003011264247 0.03762412073 0.2512153193 -0.9908854155 -0.05078099711 -0.1247693215 0.02499097605 0.8408469396 -0.5406957326 0.1323689706 -0.5388856228 -0.8319139025 0.0001270751009 0.1114858756 0
0.6038523261 0.4755337068 0.0848110592 -0.02369701628 0.1465493816 0.4799085508 -0.003082042615 0.03805592053 0.2511263621 -0.9904611416 -0.05249706786 -0.1274000973 0.02582535536 0.837472057 -0.5458695859 0.1353505743 -0.543952766 -0.8281277742 0.0001308207437 0.1127987087 0
0.6100995005 0.4804533566 0.08568847484 -0.02417499209 0.1479124568 0.4793015974 -0.00314563029 0.03843941317 0.2510464425 -0.9900721091 -0.05405161064 -0.1297522338 0.02658068371 0.8344537917 -0.5504364966 0.1380242227 -0.5484207262 -0.8247326967 0.0001342124805 0.1139656715 0
0.6163466748 0.4853730064 0.08656589048 -0.0246572808 0.1492709358 0.4786891672 -0.003209851248 0.03882259255 0.2509657269 -0.9896716706 -0.05563369724 -0.1321169031 0.02734889602 0.831418639 -0.5549730485 0.1407196583 -0.5528543555 -0.8213099533 0.0001376634507 0.1151326343 0
0.6225938492 0.4902926562 0.08744330612 -0.02514386434 0.1506247779 0.4780712834 -0.003274704841 0.03920545558 0.2508842161 -0.989259628 -0.05724342997 -0.1344937845 0.02813001772 0.8283669864 -0.5594790773 0.1434367123 -0.5572533764 -0.8178597582 0.0001411742513 0.1162995971 0
0.6296219203 0.4958272623 0.08843039871 -0.02569638178 0.1521422577 0.4773696739 -0.003348420518 0.03963579453 0.2507915672 -0.988781962 -0.05908754618 -0.1371819725 0.02902423829 0.8249146392 -0.5645116753 0.146519027 -0.5621605641 -0.8139457444 0.0001451961624 0.1176124303 0
0.6358690947 0.5007469121 0.08930781435 -0.0261920311 0.1534861129 0.476740278 -0.003414616288 0.0400179751 0.2507083695 -0.9883445997 -0.06075634437 -0.1395837341 0.0298328636 0.8218292181 -0.5689523148 0.1492814538 -0.5664851304 -0.8104379338 0.0001488360891 0.1187793931 0
0.6421162691 0.5056665619 0.09018522999 -0.02669191774 0.1548252059 0.4761055013 -0.003481442632 0.04039982969 0.2506243793 -0.9878950102 -0.06245307693 -0.1419966972 0.03065445909 0.8187285179 -0.5733619434 0.152064963 -0.5707742349 -0.8069033522 0.0001525377186 0.1199463559 0
0.6491443402 0.5112011679 0.09117232258 -0.02725933183 0.1563259439 0.4753849755 -0.003557375167 0.04082902264 0.250528944 -0.9873743569 -0.06439539338 -0.1447242642 0.03159427412 0.8152224572 -0.5782855239 0.155221394 -0.5755567553 -0.8028952237 0.0001567765548 0.121259189 0
0.6553915146 0.5161208177 0.09204973822 -0.02776816046 0.1576547857 0.4747388439 -0.003625539243 0.04121017433 0.2504432725 -0.9868981182 -0.0661517529 -0.1471599465 0.0324434724 0.8120905979 -0.5826287685 0.1580491233 -0.5797696149 -0.7993044903 0.0001606113009 0.1224261518 0
0.661638689 0.5210404676 0.09292715386 -0.02828116741 0.1589787418 0.4740874065 -0.003694331771 0.04159099046 0.250356811 -0.9864090243 -0.06793628692 -0.1496058076 0.03330567332 0.8089446943 -0.5869405538 0.1608973862 -0.5839461812 -0.7956876828 0.0001645096327 0.1235931146 0
0.6686667601 0.5265750736 0.09391424646 -0.02886327073 0.1604623041 0.4733482276 -0.0037724737 0.04201900367 0.2502585988 -0.9858431765 -0.06997764775 -0.1523691575 0.03429119688 0.8053892606 -0.5917535405 0.1641260039 -0.5886011108 -0.7915878897 0.0001689720136 0.1249059478 0
0.6749139345 0.5314947234 0.0947916621 -0.02938509271 0.1617757488 0.4726855966 -0.003842599384 0.04239909655 0.2501704618 -0.9853260951 -0.07182226748 -0.1548355524 0.0351810392 0.8022148348 -0.5959980313 0.1670173071 -0.5926996885 -0.7879164286 0.0001730074737 0.1260729106 0
0.6811611088 0.5364143732 0.09566907774 -0.02991103254 0.1630841865 0.4720177365 -0.003913351336 0.0427788443 0.2500815376 -0.9847955269 -0.07369525325 -0.1573110924 0.036083888 0.7990276113 -0.6002106542 0.1699285825 -0.5967611633 -0.7842196062 0.000177108412 0.1272398734 0
0.68818918 0.5419489792 0.09665617033 -0.03050761248 0.1645501461 0.4712601746 -0.003993694981 0.04320564418 0.2499805581 -0.9841822647 -0.07583633177 -0.1601065916 0.03711513356 0.795427187 -0.6049116109 0.1732274134 -0.6012856567 -0.7800306547 0.0001818009911 0.1285527065 0
0.6944363544 0.5468686291 0.09753358597 -0.03104223728 0.1658478165 0.470581286 -0.00406577538 0.0435846484 0.2498899642 -0.9836223643 -0.07776975829 -0.1626004588 0.03804560135 0.7922141014 -0.6090561138 0.1761805231 -0.6052674469 -0.7762807102 0.000186043089 0.1297196693 0
0.7006835287 0.5517882789 0.09841100161 -0.031580918 0.1671403605 0.469897247 -0.004138479802 0.04396329798 0.2497985859 -0.9830483433 -0.07973169339 -0.1651024281 0.03898905063 0.7889894746 -0.6131683806 0.1791530314 -0.6092113476 -0.7725061328 0.0001903525665 0.1308866321 0
0.7069307031 0.5567079287 0.09928841725 -0.03212363452 0.1684277403 0.4692080832 -0.004211807515 0.04434158987 0.2497064243 -0.9824599986 -0.08172217227 -0.1676121644 0.03994546729 0.7857537105 -0.6172483018 0.1821447521 -0.613117112 -0.768707159 0.0001947300337 0.1320535949 0
0.7139587742 0.5622425347 0.1002755098 -0.03273898942 0.1698698229 0.4684266801 -0.004295045299 0.04476673692 0.2496018072 -0.9817807365 -0.08399561708 -0.1704444829 0.04103691471 0.7821006672 -0.6217994194 0.1855331697 -0.6174652077 -0.7644044481 0.000199736714 0.1333664281 0
0.7202059486 0.5671621845 0.1011529255 -0.03329021456 0.1711461043 0.4677267117 -0.004369695047 0.04514425865 0.2495079838 -0.9811612791 -0.08604684527 -0.1729696068 0.04202082661 0.7788425807 -0.6258102625 0.1885650938 -0.6212891234 -0.7605544231 0.0002042606888 0.1345333909 0
0.726453123 0.5720818343 0.1020303411 -0.03384541171 0.1724171049 0.4670216994 -0.004444965758 0.04552141323 0.24941338 -0.9805268627 -0.08812669462 -0.175501445 0.04301764262 0.7755746236 -0.6297884451 0.1916156411 -0.6250741467 -0.7566807498 0.0002088545651 0.1357003537 0
0.7334811941 0.5776164404 0.1030174337 -0.0344747305 0.1738406224 0.4662225644 -0.004530386611 0.0459452695 0.249306019 -0.9797950107 -0.09050075394 -0.1783573677 0.04415445206 0.7718868796 -0.6342247468 0.1950695298 -0.6292855144 -0.7522949022 0.0002141069936 0.1370131868 0
0.7397283685 0.5825360902 0.1038948494 -0.03503829923 0.1751002791 0.4655069216 -0.004606974349 0.04632163384 0.2492097598 -0.9791281319 -0.09264146433 -0.1809023507 0.04517859789 0.7685992979 -0.6381332256 0.1981590162 -0.6329871076 -0.7483717832 0.0002188514477 0.1381801496 0
0.7459755429 0.58745574 0.104772265 -0.03560577477 0.1763545404 0.4647863177 -0.004684180662 0.04669762159 0.2491127231 -0.9784456593 -0.0948108236 -0.18345299 0.04621555539 0.7653031175 -0.64200877 0.2012665254 -0.6366490761 -0.7444257785 0.0002236677219 0.1393471124 0
0.753003614 0.592990346 0.1057593576 -0.03624882829 0.1777590903 0.4639697418 -0.00477177619 0.04712015394 0.2490026287 -0.9776589857 -0.09728559492 -0.1863287973 0.04739740193 0.7615851443 -0.6463292924 0.2047837737 -0.6407211414 -0.7399594753 0.0002291726444 0.1406599456 0
0.7592507884 0.5979099959 0.1066367732 -0.03682453545 0.1790017668 0.4632386851 -0.004850294391 0.04749533147 0.2489039431 -0.9769427031 -0.09951582131 -0.1888903284 0.04846146187 0.7582720463 -0.6501345942 0.207928934 -0.6442981493 -0.7359656604 0.0002341435809 0.1418269084 0
0.7654979627 0.6028296457 0.1075141889 -0.03740408288 0.1802389357 0.4625027519 -0.004929428721 0.04787012303 0.2488044831 -0.9762101935 -0.1017746745 -0.1914564537 0.04953821188 0.7549516249 -0.6539067285 0.2110915053 -0.6478348244 -0.7319497364 0.000239188263 0.1429938712 0
0.7725260339 0.6083642517 0.1085012815 -0.0380606372 0.1816241232 0.4616690321 -0.005019190316 0.04829129845 0.2486916661 -0.9753664723 -0.1043500804 -0.1943484124 0.050764668 0.7512079058 -0.6581106524 0.2146699633 -0.6517650981 -0.7274057078 0.000244952448 0.1443067043 0
0.7787732083 0.6132839015 0.1093786971 -0.03864827342 0.1828494709 0.4609228274 -0.005099631266 0.04866525988 0.2485905637 -0.9745988098 -0.1066697009 -0.1969231699 0.05186823102 0.7478732786 -0.6618120925 0.2178688747 -0.6552153341 -0.7233436385 0.0002501558899 0.1454736671 0
0.7850203826 0.6182035513 0.1102561127 -0.03923968204 0.184069201 0.4601718323 -0.005180685836 0.04903882599 0.24848869 -0.9738142899 -0.1090178764 -0.1995014574 0.05298433331 0.7445326048 -0.6654801731 0.221084575 -0.6586245539 -0.7192602503 0.0002554350086 0.1466406299 0
0.791267557 0.6231232011 0.1111335284 -0.03983484109 0.1852832787 0.4594160748 -0.005262353209 0.0494119938 0.2483860461 -0.9730127116 -0.1113945733 -0.2020829339 0.05411292047 0.7411862927 -0.6691148417 0.2243168629 -0.6619925442 -0.7151557988 0.0002607904232 0.1478075927 0
0.7982956282 0.6286578072 0.112120621 -0.04050885038 0.1866423168 0.45856019 -0.005354960473 0.0498313278 0.2482696523 -0.9720902963 -0.1141024011 -0.2049904825 0.05539743277 0.7374154606 -0.6731638455 0.2279727622 -0.6657319885 -0.7105134335 0.0002669072337 0.1491204259 0
0.8045428025 0.633577457 0.1129980366 -0.04111190542 0.1878442689 0.4577944058 -0.005437927318 0.05020363936 0.248165375 -0.9712518039 -0.1165395714 -0.2075776041 0.056552356 0.7340585229 -0.6767273572 0.2312396257 -0.669011669 -0.7063650772 0.0002724268353 0.1502873887 0
0.8107899769 0.6384971068 0.1138754523 -0.04171864131 0.1890404615 0.4570239475 -0.00552150438 0.05057554333 0.2480603307 -0.9703956283 -0.1190051256 -0.2101668498 0.05771957485 0.7306972222 -0.6802573191 0.234522441 -0.6722494697 -0.7021964648 0.0002780246711 0.1514543515 0
0.817818048 0.6440317128 0.1148625448 -0.04240559087 0.1903792519 0.4561516306 -0.005616256925 0.05099344442 0.2479412403 -0.9694110461 -0.1218127334 -0.2130818661 0.05904731002 0.7269110513 -0.6841883795 0.2382344199 -0.6758416837 -0.6974828884 0.0002844165243 0.1527671846 0
0.8240652224 0.6489513626 0.1157399605 -0.04302007357 0.191563094 0.4553713352 -0.005701127895 0.05136447244 0.2478345696 -0.9685166342 -0.1243384156 -0.2156744948 0.06024043195 0.723541832 -0.6876469354 0.2415504496 -0.6789898201 -0.6932720999 0.0002901826711 0.1539341474 0
0.8303123968 0.6538710125 0.1166173761 -0.04363816627 0.1927410719 0.4545864555 -0.005786606432 0.05173508364 0.2477271352 -0.9676039197 -0.1268922944 -0.2182681841 0.06144563126 0.7201695217 -0.6910718446 0.2448817857 -0.682095452 -0.6890418749 0.0002960289951 0.1551011102 0
0.8373404679 0.6594056185 0.1176044687 -0.04433780708 0.1940592465 0.4536980228 -0.005883494949 0.05215151933 0.24760536 -0.9665549937 -0.1297990237 -0.221186929 0.06281582205 0.7163724835 -0.6948846216 0.2486475751 -0.6855382399 -0.6842599689 0.0003027027219 0.1564139434 0
0.8435876423 0.6643252683 0.1184818844 -0.04496349475 0.1952246539 0.4529034987 -0.005970261705 0.05252123499 0.2474963063 -0.965602734 -0.1324125798 -0.2237817438 0.06404642998 0.7129949524 -0.6982379628 0.2520107438 -0.6885529076 -0.6799893223 0.0003087214906 0.1575809062 0
0.8498348167 0.6692449181 0.1193593 -0.04559272035 0.1963840948 0.4521044821 -0.006057633321 0.05289052464 0.2473864923 -0.9646315592 -0.1350540957 -0.2263765585 0.0652888682 0.7096155969 -0.7015576015 0.2553885642 -0.6915244723 -0.6757000706 0.0003148223839 0.158747869 0
0.856081991 0.6741645679 0.1202367156 -0.04622546058 0.197537537 0.4513010024 -0.006145608918 0.05325938532 0.2472759191 -0.9636412751 -0.137723485 -0.2289710345 0.06654305159 0.7062348211 -0.7048435285 0.2587808247 -0.6944527479 -0.6713924826 0.0003210060259 0.1599148318 0
0.8631100622 0.679699174 0.1212238082 -0.04694146523 0.1988279493 0.4503917902 -0.006245302309 0.05367383722 0.2471506182 -0.9625041229 -0.1407597518 -0.2318889942 0.06796793729 0.7024302524 -0.7084998941 0.262614114 -0.6976950858 -0.6665248641 0.000328062311 0.161227665 0
0.8693572365 0.6846188238 0.1221012239 -0.04758159608 0.1999685384 0.4495789256 -0.00633455842 0.05404177667 0.2470384354 -0.9614725901 -0.1434880632 -0.2344816287 0.06924678316 0.6990477956 -0.7117141719 0.2660363538 -0.7005307668 -0.6621792078 0.0003344238674 0.1623946278 0
0.8756044109 0.6895384736 0.1229786395 -0.04822516791 0.2011030296 0.4487616915 -0.006424415726 0.05440927803 0.2469254969 -0.9604213463 -0.1462439464 -0.2370728702 0.07053708937 0.695665175 -0.7148947359 0.2694723672 -0.7033225949 -0.6578160616 0.0003408701249 0.1635615906 0
0.8826324821 0.6950730796 0.1239657321 -0.04895326963 0.2023720046 0.4478371179 -0.006526222686 0.05482218978 0.2467975391 -0.9592148989 -0.1493771388 -0.2399859333 0.07200226148 0.6918600292 -0.7184325817 0.2733540783 -0.7064107661 -0.6528869561 0.0003482241879 0.1648744237 0
0.8888796564 0.6999927294 0.1248431477 -0.04960407436 0.2034934347 0.4470106992 -0.006617354523 0.05518875054 0.2466829985 -0.9581211377 -0.1521912513 -0.2425730995 0.07331659479 0.6884783877 -0.7215415349 0.2768186455 -0.7091088299 -0.6484875518 0.0003548525127 0.1660413865 0
0.8951268308 0.7049123792 0.1257205634 -0.05025824529 0.2046086703 0.446180006 -0.006709084711 0.05555486413 0.2465677057 -0.9570070733 -0.1550325853 -0.2451578249 0.07464207532 0.6850978292 -0.7246168126 0.2802963114 -0.7117625039 -0.6440715145 0.0003615674945 0.1672083493 0
0.902154902 0.7104469853 0.126707656 -0.05099818115 0.2058558681 0.4452404049 -0.00681299524 0.0559662038 0.2464371037 -0.9557292493 -0.1582614716 -0.2480623081 0.07614643309 0.6812964889 -0.7280362731 0.2842240715 -0.7146946207 -0.6390839353 0.0003692262115 0.1685211825 0
0.9084020763 0.7153666351 0.1275850716 -0.05165942486 0.2069578397 0.4444007303 -0.006905993852 0.05633135754 0.2463202164 -0.9545714205 -0.1611602389 -0.2506407401 0.07749524558 0.6779195466 -0.7310400641 0.2877288483 -0.7172534181 -0.6346334722 0.0003761274203 0.1696881453 0
0.9146492507 0.7202862849 0.1284624873 -0.05232395885 0.2080535227 0.4435568776 -0.006999587912 0.05669605508 0.2462025806 -0.9533927072 -0.1640858291 -0.2532156918 0.07885486421 0.674544922 -0.7340102579 0.2912460408 -0.7197673158 -0.6301672435 0.0003831172452 0.1708551081 0
