0.007064036019 0.003994005965 -0.0008004259214 -2.398165274e-06 0.0018013193 0.5099957585 -3.011595202e-07 0.0004486636399 0.2549994736 -0.9999999999 -6.496017491e-08 -1.396611474e-05 3.320421496e-08 0.9999752988 -0.007028639466 1.396622634e-05 -0.007028639466 -0.9999752987 3.049002666e-08 -0.001064566475 0
0.0139943629 0.007912412783 -0.00158570126 -9.411858326e-06 0.003568485682 0.5099833536 -1.1886671e-06 0.0008905321629 0.2549979223 -0.9999999985 -5.080828755e-07 -5.480985768e-05 2.551277266e-07 0.9999030592 -0.01392379729 5.481161882e-05 -0.01392379728 -0.9999030577 5.807357242e-08 -0.002108982676 0
0.02092468978 0.0118308196 -0.002370976599 -2.104167163e-05 0.005335538975 0.5099627845 -2.666857901e-06 0.001333126169 0.2549953384 -0.9999999925 -1.699836318e-06 -0.0001225297854 8.513671247e-07 0.9997832803 -0.02081808142 0.0001225386181 -0.02081808136 -0.9997832728 4.372913197e-08 -0.003153398876 0
0.02785501666 0.01574922642 -0.003156251937 -3.728716292e-05 0.007102423179 0.5099340517 -4.735132972e-06 0.001775820495 0.2549917228 -0.9999999764 -4.010812917e-06 -0.0002171152081 2.00721979e-06 0.9996159749 -0.0277110593 0.0002171429742 -0.02771105909 -0.9996159513 9.345581879e-09 -0.004197815077 0
0.03478534354 0.01966763324 -0.003941527276 -5.814771437e-05 0.008869082302 0.5098971565 -7.392644982e-06 0.002218460506 0.2549870771 -0.9999999427 -7.811430594e-06 -0.0003385511949 3.907896946e-06 0.9994011612 -0.03460229857 0.0003386187508 -0.03460229791 -0.9994011038 8.810006412e-08 -0.005242231277 0
0.04171567042 0.02358604005 -0.004726802615 -8.36225327e-05 0.01063546036 0.5098521002 -1.063892127e-05 0.002661024362 0.2549814022 -0.9999998814 -1.347187502e-05 -0.0004868185761 6.738495139e-06 0.9991388624 -0.04149136704 0.0004869583249 -0.0414913654 -0.9991387439 1.932764776e-07 -0.006286647478 0
0.0486459973 0.02750444687 -0.005512077954 -0.0001137106491 0.01240150139 0.5097988846 -1.447370797e-05 0.003103517032 0.2549746984 -0.9999997807 -2.13620419e-05 -0.0006618939458 1.068396775e-05 0.9988291071 -0.04837783279 0.0006621523882 -0.04837782926 -0.9988288878 3.215564887e-07 -0.007331063678 0
0.05557632417 0.03142285369 -0.006297353292 -0.0001484109195 0.01416714943 0.5097375116 -1.889685326e-05 0.003545946107 0.2549669662 -0.9999996265 -3.185147928e-05 -0.0008637496651 1.592909648e-05 0.9984719287 -0.05526126423 0.0008641899471 -0.05526125735 -0.9984715552 4.719123601e-07 -0.008375479879 0
0.06250665105 0.03534126051 -0.007082628631 -0.0001877220242 0.01593234854 0.5096679837 -2.390825156e-05 0.00398831717 0.2549582055 -0.9999994024 -4.530932992e-05 -0.001092353866 2.265846295e-05 0.998067366 -0.06214123012 0.001093058323 -0.06214121774 -0.9980667684 6.438390231e-07 -0.009419896079 0
0.06943697793 0.03925966732 -0.00786790397 -0.0002316424684 0.0176970428 0.5095903034 -2.950781783e-05 0.004430633486 0.2549484167 -0.99999909 -6.210427374e-05 -0.001347670457 3.105642022e-05 0.9976154627 -0.06901729964 0.001348743156 -0.06901727869 -0.9976145529 8.37089827e-07 -0.01046431228 0
0.07636730481 0.04317807414 -0.008653179308 -0.0002801705819 0.01946117632 0.5095044737 -3.569547529e-05 0.004872896476 0.2549375998 -0.9999986687 -8.260447028e-05 -0.001629659125 4.130706442e-05 0.9971162678 -0.07588904244 0.001631228399 -0.07588900873 -0.9971149369 1.051559091e-06 -0.01150872848 0
0.08329763169 0.04709648096 -0.009438454647 -0.0003333045196 0.02122469321 0.5094104978 -4.247114927e-05 0.005315106227 0.254925755 -0.9999981158 -0.0001071775013 -0.001938275347 5.359420639e-05 0.9965698354 -0.08275602869 0.001940496328 -0.08275597665 -0.9965679519 1.287224106e-06 -0.01255314468 0
0.09022795857 0.05101488778 -0.01022372999 -0.0003910422611 0.02298753763 0.5093083794 -4.983476389e-05 0.00575726187 0.2549128823 -0.9999974064 -0.0001361903133 -0.002273470388 6.810134334e-05 0.9959762246 -0.08961782914 0.002276527534 -0.08961775153 -0.9959736322 1.544114665e-06 -0.01359756088 0
0.09802457631 0.05542309545 -0.01110716474 -0.0004614974642 0.02496986428 0.5091837682 -5.882150482e-05 0.006254620348 0.2548971723 -0.9999963875 -0.0001745926532 -0.002682268735 8.730349581e-05 0.9952520999 -0.0973306223 0.002686526803 -0.09733050486 -0.9952484893 1.858570239e-06 -0.01477252911 0
0.1049549032 0.05934150226 -0.01189244008 -0.0005290107817 0.02673109439 0.5090643601 -6.743422648e-05 0.006696655276 0.254882116 -0.999995253 -0.0002142551427 -0.003073762796 0.0001071357931 0.9945584549 -0.1041799805 0.003079357873 -0.1041798153 -0.9945537108 2.160814381e-06 -0.01581694531 0
0.1118852301 0.06325990908 -0.01267771542 -0.0006011204619 0.02849147769 0.5089368227 -7.663462827e-05 0.007138629807 0.2548660325 -0.9999938705 -0.0002594993977 -0.003491656349 0.0001297591818 0.9938178493 -0.1110228158 0.003498880757 -0.1110225884 -0.993811724 2.484567401e-06 -0.01686136151 0
0.1188155569 0.0671783159 -0.01346299076 -0.0006778237634 0.03025095847 0.5088011607 -8.642261697e-05 0.007580541259 0.2548489217 -0.9999922061 -0.0003106891404 -0.003935883388 0.0001553555672 0.9930303632 -0.1178587017 0.003945069129 -0.1178583946 -0.9930225754 2.829958961e-06 -0.01790577771 0
0.1257458838 0.07109672272 -0.0142482661 -0.0007591177702 0.03200948104 0.5086573793 -9.679809406e-05 0.008022386763 0.254830784 -0.9999902241 -0.0003681871659 -0.004406373738 0.0001841063965 0.992196082 -0.1246872128 0.00441789499 -0.1246868051 -0.9921863146 3.197132528e-06 -0.01895019391 0
0.1326762107 0.07501512953 -0.01503354144 -0.0008449993917 0.03376698978 0.5085054839 -0.0001077609556 0.008464163304 0.2548116194 -0.9999878865 -0.0004323552848 -0.004903053071 0.000216192631 0.9913150958 -0.1315079244 0.004917328671 -0.1315073914 -0.991302994 3.586243871e-06 -0.01999461011 0
0.1396065376 0.07893353635 -0.01581881677 -0.0009354653632 0.03552342907 0.5083454804 -0.000119311092 0.008905867756 0.2547914283 -0.9999851532 -0.0005035542671 -0.005425842911 0.0002517947182 0.9903874999 -0.1383204129 0.00544333883 -0.1383197254 -0.9903726691 3.997460027e-06 -0.02103902631 0
0.1465368645 0.08285194317 -0.01660409211 -0.001030512246 0.03727874338 0.5081773749 -0.0001314483881 0.009347496907 0.2547702107 -0.9999819821 -0.0005821437857 -0.005974660651 0.0002910925639 0.9894133948 -0.1451242554 0.00599589246 -0.1451233797 -0.9893953982 4.430958557e-06 -0.02208344251 0
0.1534671913 0.08677034999 -0.01738936745 -0.001130136428 0.03903287719 0.5080011736 -0.0001441727231 0.009789047478 0.2547479669 -0.9999783289 -0.00066848236 -0.006549419558 0.0003342655041 0.9883928857 -0.1519190304 0.006574954889 -0.1519179274 -0.9883712427 4.886926998e-06 -0.02312785871 0
0.1603975182 0.0906887568 -0.01817464279 -0.001234334121 0.04078577507 0.5078168834 -0.0001574839704 0.01023051614 0.2547246971 -0.9999741472 -0.0007629273003 -0.007150028794 0.000381492278 0.987326083 -0.1587043173 0.007180489779 -0.158702942 -0.9873002668 5.365562446e-06 -0.02417227491 0
0.1673278451 0.09460716362 -0.01895991813 -0.001343101366 0.04253738159 0.5076245112 -0.0001713819977 0.01067189951 0.2547004016 -0.9999693885 -0.0008658346513 -0.007776393419 0.0004329509998 0.986213102 -0.1654796966 0.007812459132 -0.1654779979 -0.9861825377 5.867071219e-06 -0.02521669111 0
0.174258172 0.09852557044 -0.01974519347 -0.001456434029 0.04428764143 0.5074240643 -0.000185866667 0.01111319418 0.2546750805 -0.9999640025 -0.0009775591368 -0.008428414413 0.0004888191316 0.985054063 -0.1722447502 0.008470823292 -0.1722426698 -0.9850181257 6.391668595e-06 -0.02626110731 0
0.1811884989 0.1024439773 -0.02053046881 -0.001574327804 0.04603649929 0.5072155504 -0.0002009378343 0.01155439672 0.2546487342 -0.9999579363 -0.001098454104 -0.009105988684 0.0005492734556 0.9838490913 -0.1789990609 0.009155540945 -0.1789965332 -0.9838071036 6.939578567e-06 -0.02730552351 0
0.1881188257 0.1063623841 -0.02131574414 -0.00169677821 0.04778389993 0.5069989773 -0.0002165953502 0.01199550366 0.2546213629 -0.9999511354 -0.001228871468 -0.009809009086 0.0006144900471 0.982598317 -0.1857422131 0.009866569126 -0.1857391645 -0.9825495477 7.511033659e-06 -0.02834993971 0
0.1950491526 0.1102807909 -0.02210101948 -0.001823780595 0.0495297882 0.5067743534 -0.0002328390593 0.01243651152 0.2545929669 -0.9999435431 -0.001369161657 -0.01053736443 0.0006846442468 0.9813018753 -0.1924737925 0.01060386322 -0.1924701404 -0.9812455366 8.106274727e-06 -0.02939435591 0
0.2019794795 0.1141991977 -0.02288629482 -0.001955330133 0.05127410899 0.5065416871 -0.0002496688002 0.01287741682 0.2545635465 -0.9999351005 -0.001519673557 -0.01129093952 0.0007599106344 0.9799599061 -0.199193386 0.01136737695 -0.1991890385 -0.9798951524 8.725550813e-06 -0.03043877211 0
0.2089098064 0.1181176045 -0.02367157016 -0.002091421827 0.05301680725 0.5063009872 -0.0002670844062 0.01331821603 0.254533102 -0.999925747 -0.001680754458 -0.01206961511 0.0008404630011 0.9785725543 -0.205900582 0.01215706241 -0.2058954374 -0.9784984797 9.369118974e-06 -0.03148318831 0
0.2158401333 0.1220360113 -0.0244568455 -0.002232050506 0.05475782802 0.506052263 -0.0002850857044 0.01375890565 0.2545016336 -0.9999154196 -0.001852749998 -0.01287326802 0.0009264743225 0.9771399696 -0.2125949706 0.01297287006 -0.212588916 -0.9770556061 1.003724414e-05 -0.03252760451 0
0.2227704601 0.1259544182 -0.02524212084 -0.002377210828 0.0564971164 0.5057955238 -0.0003036725163 0.01419948215 0.2544691417 -0.9999040535 -0.00203600411 -0.01370177106 0.001018116732 0.9756623066 -0.2192761432 0.01381474869 -0.2192690545 -0.9755666223 1.073019898e-05 -0.03357202071 0
0.229700787 0.129872825 -0.02602739618 -0.00252689728 0.05823461756 0.5055307795 -0.0003228446575 0.01463994199 0.2544356266 -0.9998915818 -0.002230858967 -0.01455499309 0.001115561496 0.9741397246 -0.2259436929 0.01468264547 -0.2259354335 -0.9740316216 1.144826374e-05 -0.03461643692 0
0.2366311139 0.1337912318 -0.02681267152 -0.002681104176 0.05997027676 0.50525804 -0.0003426019379 0.01508028163 0.2544010887 -0.9998779358 -0.002437654931 -0.01543279903 0.001218978982 0.972572388 -0.2325972144 0.01557650595 -0.2325876349 -0.9724507003 1.219172615e-05 -0.03566085312 0
0.2435614408 0.1377096386 -0.02759794685 -0.00283982566 0.06170403931 0.5049773158 -0.0003629441616 0.01552049754 0.2543655282 -0.9998630446 -0.002656730493 -0.0163350499 0.001328538639 0.9709604656 -0.2392363041 0.01649627404 -0.2392252411 -0.9708239578 1.296088124e-05 -0.03670526932 0
0.2504917677 0.1416280454 -0.02838322219 -0.003003055705 0.06343585063 0.5046886174 -0.0003838711267 0.01596058615 0.2543289456 -0.9998468353 -0.002888422229 -0.0172616028 0.001444408966 0.9693041312 -0.24586056 0.01744189201 -0.2458478357 -0.9691514959 1.375603126e-05 -0.03774968552 0
0.2574220945 0.1455464523 -0.02916849753 -0.003170788113 0.0651656562 0.5043919559 -0.0004053826258 0.01640054393 0.2542913413 -0.9998292332 -0.003133064738 -0.01821231098 0.00156675749 0.9676035631 -0.2524695822 0.01841330054 -0.252455003 -0.9674334198 1.45774855e-05 -0.03879410172 0
0.2643524214 0.1494648591 -0.02995377287 -0.003343016514 0.06689340161 0.5040873426 -0.0004274784456 0.01684036731 0.2542527155 -0.9998101616 -0.003390990596 -0.0191870238 0.001695750734 0.9658589446 -0.2590629722 0.01941043866 -0.2590463285 -0.9656698372 1.542556022e-05 -0.03983851792 0
0.2712827483 0.1533832659 -0.03073904821 -0.003519734371 0.06861903251 0.5037747889 -0.0004501583669 0.01728005274 0.2542130687 -0.9997895418 -0.003662530299 -0.02018558681 0.001831554199 0.9640704634 -0.2656403338 0.0204332438 -0.2656213986 -0.9638608588 1.630057845e-05 -0.04088293412 0
0.2782130752 0.1573016727 -0.03152432355 -0.003700934975 0.07034249465 0.5034543067 -0.0004734221648 0.01771959666 0.2541724012 -0.9997672932 -0.003948012216 -0.02120784173 0.001974332332 0.9622383121 -0.2722012723 0.02148165178 -0.2721798006 -0.9620065981 1.720286994e-05 -0.04192735032 0
0.2851434021 0.1612200795 -0.03230959889 -0.003886611449 0.07206373387 0.5031259083 -0.0004972696087 0.01815899551 0.2541307136 -0.9997433334 -0.00424776253 -0.02225362651 0.002124248503 0.9603626878 -0.2787453954 0.02255559681 -0.278721123 -0.9601071714 1.813277098e-05 -0.04297176652 0
0.2920737289 0.1651384863 -0.03309487423 -0.004076756744 0.07378269611 0.502789606 -0.0005217004621 0.01859824574 0.2540880061 -0.9997175778 -0.004562105195 -0.0233227753 0.002281464978 0.9584437921 -0.2852723125 0.0236550115 -0.2852449553 -0.958162698 1.909062429e-05 -0.04401618272 0
0.2990040558 0.1690568932 -0.03388014956 -0.004271363646 0.0754993274 0.5024454127 -0.0005467144827 0.01903734377 0.2540442793 -0.9996899402 -0.004891361875 -0.02441511855 0.002446142896 0.9564818314 -0.2917816351 0.02477982687 -0.2917508882 -0.9561732999 2.007677889e-05 -0.04506059892 0
0.3059343827 0.1729753 -0.0346654249 -0.004470424769 0.07721357387 0.5020933414 -0.0005723114225 0.01947628606 0.2539995336 -0.9996603325 -0.005235851905 -0.02553048294 0.002618442244 0.9544770165 -0.298272977 0.02592997232 -0.2982385134 -0.9541391018 2.109159e-05 -0.04610501512 0
0.3128647096 0.1768937068 -0.03545070024 -0.004673932561 0.07892538176 0.5017334054 -0.0005984910276 0.01991506903 0.2539537693 -0.9996286645 -0.005595892228 -0.02666869148 0.002798521827 0.9524295627 -0.3047459539 0.02710537568 -0.3047074238 -0.9520602315 2.21354189e-05 -0.04714943132 0
0.3197950364 0.1808121136 -0.03623597558 -0.004881879302 0.08063469739 0.5013656185 -0.0006252530385 0.02035368913 0.2539069871 -0.9995948444 -0.005971797354 -0.02782956352 0.002986539252 0.9503396899 -0.3112001838 0.0283059632 -0.3111572134 -0.9499368195 2.320863279e-05 -0.04819384752 0
0.3267253633 0.1847305204 -0.03702125092 -0.005094257102 0.0823414672 0.5009899945 -0.0006525971898 0.02079214281 0.2538591872 -0.9995587786 -0.006363879307 -0.02901291475 0.003182650894 0.9482076224 -0.3176352871 0.02953165954 -0.3175874776 -0.9477689988 2.43116047e-05 -0.04923826372 0
0.3336556902 0.1886489272 -0.03780652626 -0.005311057907 0.08404563775 0.5006065477 -0.0006805232103 0.02123042649 0.2538103703 -0.9995203714 -0.006772447575 -0.03021855723 0.003387011877 0.9460335889 -0.3240508863 0.03078238779 -0.3239978128 -0.9455569057 2.544471336e-05 -0.05028267992 0
0.3405860171 0.1925673341 -0.0385918016 -0.005532273495 0.08574715568 0.5002152927 -0.0007090308231 0.02166853662 0.2537605368 -0.9994795255 -0.007197809061 -0.03144629946 0.003599776051 0.9438178225 -0.3304466062 0.03205806946 -0.3303878168 -0.9433006788 2.660834308e-05 -0.05132709612 0
0.347516344 0.1964857409 -0.03937707693 -0.005757895476 0.08744596776 0.4998162443 -0.0007381197456 0.02210646964 0.2537096873 -0.9994361417 -0.007640268034 -0.03269594634 0.003821095962 0.9415605608 -0.3368220741 0.03335862449 -0.3367570885 -0.9410004599 2.780288361e-05 -0.05237151232 0
0.3544466708 0.2004041477 -0.04016235227 -0.005987915297 0.08914202088 0.4994094176 -0.0007677896893 0.022544222 0.2536578221 -0.9993901193 -0.008100126083 -0.03396729925 0.004051122833 0.9392620455 -0.3431769197 0.03468397129 -0.3431052284 -0.9386563931 2.902873007e-05 -0.05341592852 0
0.3613769977 0.2043225545 -0.04094762761 -0.006222324237 0.09083526203 0.498994828 -0.0007980403599 0.02298179014 0.2536049418 -0.9993413555 -0.008577682066 -0.03526015606 0.004290006541 0.9369225229 -0.3495107751 0.03603402668 -0.349431838 -0.9362686257 3.02862828e-05 -0.05446034472 0
0.3683073246 0.2082409613 -0.04173290295 -0.00646111341 0.09252563834 0.4985724913 -0.0008288714575 0.0234191705 0.2535510471 -0.9992897459 -0.009073232063 -0.03657431116 0.004537895589 0.9345422433 -0.355823275 0.03740870594 -0.3557365204 -0.9338373074 3.157594726e-05 -0.05550476092 0
0.3752376515 0.2121593681 -0.04251817829 -0.006704273766 0.09421309703 0.4981424235 -0.0008602826764 0.02385635954 0.2534961383 -0.9992351844 -0.009587069331 -0.03790955549 0.004794937085 0.9321214613 -0.3621140565 0.03880792282 -0.3620188799 -0.9313625909 3.289813391e-05 -0.05654917713 0
0.3821679784 0.216077775 -0.04330345363 -0.00695179609 0.09589758546 0.4977046408 -0.0008922737051 0.0242933537 0.2534402161 -0.9991775631 -0.01011948425 -0.03926567655 0.005061276719 0.9296604359 -0.3683827595 0.04023158951 -0.3682785223 -0.9288446313 3.425325809e-05 -0.05759359333 0
0.3890983052 0.2199961818 -0.04408872897 -0.007203671002 0.09757905113 0.4972591599 -0.0009248442263 0.02473014943 0.253383281 -0.9991167726 -0.0106707643 -0.04064245848 0.005337058742 0.9271594299 -0.3746290263 0.04167961667 -0.3745150549 -0.9262835868 3.564173995e-05 -0.05863800953 0
0.3960286321 0.2239145886 -0.04487400431 -0.007459888961 0.09925744164 0.4968059976 -0.0009579939171 0.02516674318 0.2533253335 -0.9990527017 -0.01124119396 -0.04203968204 0.005622425939 0.9246187106 -0.3808525021 0.04315191345 -0.3807280861 -0.923679618 3.706400431e-05 -0.05968242573 0
0.402958959 0.2278329954 -0.04565927964 -0.007720440261 0.1009327047 0.4963451711 -0.0009917224488 0.02560313141 0.2532663744 -0.9989852374 -0.01183105475 -0.04345712465 0.005917519608 0.9220385492 -0.3870528347 0.04464838744 -0.3869172263 -0.9210328884 3.852048054e-05 -0.06072684193 0
0.4098892859 0.2317514022 -0.04644455498 -0.007985315032 0.1026047883 0.4958766979 -0.001026029487 0.02603931057 0.2532064041 -0.9989142652 -0.01244062508 -0.04489456045 0.006222479541 0.9194192209 -0.3932296746 0.04616894475 -0.393082087 -0.9183435639 4.001160252e-05 -0.06177125813 0
0.4168196128 0.2356698091 -0.04722983032 -0.008254503243 0.1042736403 0.4954005956 -0.001060914691 0.02647527713 0.2531454232 -0.9988396692 -0.01307018031 -0.04635176032 0.006537443998 0.9167610051 -0.3993826753 0.04771348996 -0.3992222813 -0.9156118135 4.153780845e-05 -0.06281567433 0
0.4237499396 0.2395882159 -0.04801510566 -0.008527994703 0.105939209 0.4949168824 -0.001096377715 0.02691102752 0.2530834324 -0.9987613314 -0.01371999263 -0.04782849187 0.006862549686 0.9140641851 -0.4055114929 0.04928192614 -0.405337424 -0.9128378084 4.309954083e-05 -0.06386009053 0
0.4306802665 0.2435066227 -0.048800381 -0.008805779057 0.1076014425 0.4944255765 -0.001132418208 0.02734655823 0.2530204323 -0.9986791327 -0.01439033104 -0.04932451955 0.007197931737 0.9113290482 -0.4116157866 0.05087415488 -0.4114271313 -0.9100217228 4.46972463e-05 -0.06490450673 0
0.4376105934 0.2474250295 -0.04958565634 -0.00908784579 0.1092602894 0.4939266965 -0.001169035812 0.02778186572 0.2529564235 -0.9985929522 -0.01508146132 -0.05083960462 0.007543723689 0.9085558854 -0.4176952183 0.05249007627 -0.417491021 -0.9071637334 4.633137559e-05 -0.06594892293 0
0.4445409203 0.2513434363 -0.05037093168 -0.009374184225 0.1109156981 0.4934202614 -0.001206230164 0.02821694644 0.2528914067 -0.9985026673 -0.01579364597 -0.05237350522 0.007900057463 0.9057449918 -0.423749453 0.0541295889 -0.4235287128 -0.9042640196 4.800238341e-05 -0.06699333913 0
0.4514712472 0.2552618431 -0.05115620702 -0.009664783529 0.1125676175 0.4929062902 -0.001244000896 0.02865179687 0.2528253825 -0.9984081543 -0.01652714418 -0.05392597637 0.008267063339 0.9028966663 -0.4297781587 0.05579258989 -0.4295398276 -0.9013227632 4.971072832e-05 -0.06803775533 0
0.458401574 0.25918025 -0.05194148235 -0.009959632705 0.1142159963 0.4923848024 -0.001282347631 0.02908641347 0.2527583515 -0.9983092876 -0.01728221177 -0.05549677005 0.008644869942 0.9000112114 -0.4357810063 0.05747897488 -0.4355239883 -0.8983401488 5.145687271e-05 -0.06908217153 0
0.4653319009 0.2630986568 -0.05272675769 -0.0102587206 0.1158607835 0.4918558178 -0.001321269991 0.02952079273 0.2526903145 -0.9982059402 -0.01805910117 -0.05708563519 0.009033604215 0.8970889337 -0.4417576701 0.05918863806 -0.4414808195 -0.8953163637 5.324128265e-05 -0.07012658773 0
0.4722622278 0.2670170636 -0.05351203303 -0.0105620359 0.1175019284 0.4913193564 -0.00136076759 0.02995493111 0.2526212721 -0.9980979838 -0.01885806136 -0.05869231775 0.009433391404 0.8941301431 -0.4477078271 0.06092147214 -0.4474099471 -0.8922515976 5.506442784e-05 -0.07117100393 0
0.4791925547 0.2709354704 -0.05429730837 -0.01086956714 0.1191393802 0.4907754384 -0.001400840034 0.03038882509 0.252551225 -0.9979852886 -0.01967933786 -0.0603165607 0.009844355032 0.8911351533 -0.4536311576 0.06267736838 -0.4533109994 -0.8891460428 5.692678149e-05 -0.07221542013 0
0.4861228816 0.2748538772 -0.05508258371 -0.01118130268 0.1207730884 0.4902240844 -0.001441486928 0.03082247115 0.2524801739 -0.9978677231 -0.02052317263 -0.06195810413 0.01026661689 0.8881042819 -0.4595273452 0.06445621661 -0.4591836058 -0.8859998941 5.882882029e-05 -0.07325983633 0
0.4930532084 0.278772284 -0.05586785905 -0.01149723075 0.1224030026 0.4896653153 -0.001482707868 0.03125586578 0.2524081195 -0.9977451547 -0.0213898041 -0.0636166852 0.01070029699 0.8850378497 -0.4653960767 0.06625790519 -0.465027398 -0.882813349 6.077102427e-05 -0.07430425253 0
0.4999835353 0.2826906909 -0.05665313439 -0.0118173394 0.1240290726 0.4890991521 -0.001524502446 0.03168900545 0.2523350626 -0.9976174493 -0.0222794671 -0.06529203827 0.01114551359 0.8819361812 -0.471237042 0.06808232107 -0.4708420091 -0.8795866075 6.275387675e-05 -0.07534866873 0
0.5069138622 0.2866090977 -0.05743840972 -0.01214161653 0.1256512484 0.4885256163 -0.001566870246 0.03212188666 0.2522610039 -0.9974844714 -0.02319239279 -0.06698389485 0.01160238315 0.8787996045 -0.4770499343 0.06992934976 -0.4766270744 -0.876319872 6.477786428e-05 -0.07639308493 0
0.5138441891 0.2905275045 -0.05822368506 -0.0124700499 0.12726948 0.4879447296 -0.001609810848 0.0325545059 0.252185944 -0.9973460843 -0.0241288087 -0.0686919837 0.01207102029 0.8756284509 -0.4828344504 0.07179887536 -0.4823822308 -0.8730133475 6.684347653e-05 -0.07743750113 0
0.520774516 0.2944459113 -0.0590089604 -0.01280262709 0.1288837177 0.4873565138 -0.001653323828 0.03298685965 0.2521098839 -0.9972021499 -0.02508893859 -0.07041603085 0.01255153781 0.8724230552 -0.4885902901 0.07369078056 -0.4881071172 -0.8696672415 6.895120622e-05 -0.07848191734 0
0.5277048428 0.2983643181 -0.05979423574 -0.01313933554 0.1304939121 0.4867609913 -0.001697408752 0.03341894442 0.2520328241 -0.9970525287 -0.02607300252 -0.07215575964 0.01304404666 0.8691837557 -0.4943171569 0.07560494664 -0.4938013743 -0.8662817641 7.11015491e-05 -0.07952633354 0
0.5346351697 0.302282725 -0.06057951108 -0.01348016254 0.1321000136 0.4861581844 -0.001742065184 0.03385075671 0.2519547656 -0.9968970799 -0.02708121672 -0.07391089073 0.01354865592 0.8659108939 -0.5000147575 0.07754125347 -0.4994646449 -0.8628571275 7.329500379e-05 -0.08057074974 0
0.5415654966 0.3062011318 -0.06136478642 -0.01382509522 0.133701973 0.485548116 -0.001787292681 0.03428229301 0.251875709 -0.9967356617 -0.02811379364 -0.07568114219 0.01406547277 0.8626048146 -0.5056828021 0.07949957957 -0.5050965734 -0.8593935468 7.55320718e-05 -0.08161516594 0
0.5484958235 0.3101195386 -0.06215006176 -0.01417412056 0.1352997414 0.484930809 -0.001833090795 0.03471354983 0.2517956552 -0.9965681309 -0.02917094182 -0.07746622951 0.01459460249 0.8592658656 -0.5113210046 0.08147980204 -0.5106968066 -0.8558912393 7.781325742e-05 -0.08265958214 0
0.5554261503 0.3140379454 -0.0629353371 -0.01452722539 0.1368932699 0.4843062869 -0.00187945907 0.03514452368 0.251714605 -0.9963943429 -0.03025286595 -0.07926586565 0.01513614844 0.8558943983 -0.5169290821 0.08348179661 -0.516264993 -0.8523504248 8.013906765e-05 -0.08370399834 0
0.5623564772 0.3179563522 -0.06372061243 -0.01488439638 0.1384825097 0.4836745731 -0.001926397048 0.03557521107 0.2516325592 -0.9962141524 -0.03135976676 -0.08107976106 0.01569021203 0.8524907669 -0.5225067556 0.08550543767 -0.5218007832 -0.8487713253 8.251001215e-05 -0.08474841454 0
0.5692868041 0.321874759 -0.06450588777 -0.01524562007 0.1400674124 0.4830356914 -0.001973904263 0.03600560851 0.2515495185 -0.9960274124 -0.03249184104 -0.08290762375 0.01625689272 0.8490553287 -0.5280537493 0.08755059822 -0.5273038299 -0.8451541657 8.49266032e-05 -0.08579283074 0
0.576217131 0.3257931659 -0.06529116311 -0.01561088281 0.1416479296 0.4823896661 -0.002021980243 0.03643571252 0.2514654839 -0.995833975 -0.03364928157 -0.08474915933 0.016836288 0.8455884443 -0.5335697914 0.08961714994 -0.5327737876 -0.8414991727 8.738935561e-05 -0.08683724694 0
0.5831474579 0.3297115727 -0.06607643845 -0.01598017084 0.1432240133 0.4817365213 -0.002070624512 0.03686551962 0.2513804562 -0.9956336914 -0.03483227711 -0.08660407101 0.01742849336 0.8420904769 -0.5390546135 0.09170496314 -0.5382103132 -0.8378065759 8.989878667e-05 -0.08788166314 0
0.5900777847 0.3336299795 -0.06686171379 -0.01635347025 0.1447956154 0.4810762818 -0.002119836587 0.03729502633 0.2512944362 -0.9954264112 -0.03604101236 -0.08847205971 0.01803360229 0.8385617929 -0.544507951 0.09381390681 -0.5436130654 -0.8340766068 9.24554161e-05 -0.08892607934 0
0.5970081116 0.3375483863 -0.06764698913 -0.01673076694 0.1463626882 0.4804089725 -0.00216961598 0.03772422918 0.2512074248 -0.9952119833 -0.03727566791 -0.09035282405 0.01865170626 0.8350027615 -0.5499295429 0.09594384861 -0.5489817054 -0.8303094996 9.505976599e-05 -0.08997049554 0
0.6039384385 0.3414667931 -0.06843226447 -0.01711204672 0.147925184 0.4797346185 -0.002219962197 0.03815312469 0.2511194228 -0.9949902556 -0.03853642026 -0.0922460604 0.0192828947 0.8314137548 -0.555319132 0.09809465489 -0.5543158961 -0.8265054906 9.771236076e-05 -0.09101491174 0
0.6108687654 0.3453851999 -0.06921753981 -0.0174972952 0.1494830556 0.4790532451 -0.002270874739 0.03858170941 0.2510304312 -0.9947610746 -0.03982344173 -0.09415146294 0.01992725499 0.8277951475 -0.5606764649 0.1002661907 -0.5596153029 -0.8226648186 0.0001004137271 -0.09205932794 0
0.6177990923 0.3493036068 -0.07000281514 -0.01788649789 0.1510362558 0.4783648782 -0.002322353102 0.03900997986 0.2509404508 -0.9945242862 -0.04113690047 -0.09606872369 0.02058487243 0.8241473173 -0.5660012919 0.1024583197 -0.5648795933 -0.8187877245 0.000103164394 -0.09310374414 0
0.6247294191 0.3532220136 -0.07078809048 -0.01827964012 0.1525847375 0.4776695435 -0.002374396773 0.03943793259 0.2508494825 -0.994279735 -0.04247696041 -0.09799753258 0.02125583028 0.8204706443 -0.5712933673 0.1046709044 -0.5701084368 -0.8148744517 0.0001059648924 -0.09414816034 0
0.631659746 0.3571404204 -0.07157336582 -0.01867670708 0.1541284539 0.4769672673 -0.002427005237 0.03986556414 0.2507575273 -0.9940272649 -0.04384378125 -0.09993757744 0.02194020965 0.8167655115 -0.576552449 0.106903806 -0.5753015053 -0.8109252458 0.0001088157556 -0.09519257654 0
0.6385900729 0.3610588272 -0.07235864116 -0.01907768384 0.1556673584 0.476258076 -0.002480177973 0.04029287106 0.250664586 -0.9937667189 -0.04523751842 -0.1018885441 0.02263808959 0.8130323044 -0.5817782988 0.1091568843 -0.5804584731 -0.8069403544 0.0001117175189 -0.09623699274 0
0.6455203998 0.364977234 -0.0731439165 -0.0194825553 0.1572014048 0.4755419963 -0.002533914452 0.04071984989 0.2505706596 -0.9934979387 -0.04665832305 -0.1038501164 0.02334954699 0.8092714108 -0.5869706826 0.111429998 -0.5855790165 -0.8029200278 0.0001146707196 -0.09728140894 0
0.6524507267 0.3688956409 -0.07392919184 -0.01989130622 0.1587305466 0.4748190551 -0.002588214142 0.0411464972 0.250475749 -0.9932207656 -0.04810634194 -0.1058219763 0.02407465664 0.8054832214 -0.5921293702 0.1137230043 -0.5906628141 -0.7988645181 0.0001176758971 -0.09832582514 0
0.6593810535 0.3728140477 -0.07471446718 -0.02030392124 0.1602547381 0.4740892797 -0.002643076504 0.04157280953 0.2503798552 -0.9929350398 -0.04958171756 -0.1078038038 0.02481349114 0.8016681289 -0.597254135 0.1160357595 -0.595709547 -0.7947740799 0.0001207335927 -0.09937024134 0
0.6663113804 0.3767324545 -0.07549974251 -0.02072038483 0.1617739334 0.4733526975 -0.002698500993 0.04199878345 0.2502829791 -0.9926406006 -0.05108458799 -0.109795277 0.02556612098 0.7978265287 -0.6023447547 0.1183681183 -0.6007188984 -0.7906489699 0.0001238443497 -0.1004146575 0
0.6732417073 0.3806508613 -0.07628501785 -0.02114068134 0.1632880868 0.4726093362 -0.002754487061 0.04242441552 0.2501851218 -0.9923372868 -0.05261508693 -0.1117960724 0.02633261442 0.7939588184 -0.607401011 0.1207199345 -0.6056905541 -0.7864894469 0.000127008713 -0.1014590737 0
0.6801720342 0.3845692681 -0.07707029319 -0.02156479496 0.1647971532 0.4718592236 -0.002811034151 0.04284970232 0.2500862841 -0.9920249362 -0.05417334364 -0.1138058646 0.02711303759 0.7900653977 -0.6124226894 0.1230910605 -0.6106242021 -0.7822957719 0.0001302272297 -0.1025034899 0
0.6871023611 0.3884876749 -0.07785556853 -0.02199270976 0.1663010873 0.4711023881 -0.002868141703 0.04327464041 0.2499864671 -0.9917033858 -0.05575948293 -0.1158243265 0.02790745437 0.7861466689 -0.6174095797 0.1254813474 -0.6155195327 -0.778068208 0.0001335004485 -0.1035479061 0
0.6948989788 0.3928958826 -0.07873900329 -0.02247863748 0.1679868226 0.4702429475 -0.00293305692 0.04375227468 0.2498730036 -0.9913304413 -0.05757736772 -0.1181050499 0.02881797675 0.781708351 -0.6229779917 0.1281931367 -0.620980596 -0.7732720214 0.0001372488914 -0.1047228744 0
0.7018293057 0.3968142894 -0.07952427863 -0.02291457624 0.1694797017 0.4694719203 -0.002991353565 0.04417646041 0.2497711088 -0.9909887974 -0.05922315152 -0.1201408415 0.02964233208 0.777737187 -0.6278902772 0.1306236412 -0.6257934854 -0.7689733273 0.0001406401824 -0.1057672906 0
0.7087596326 0.4007326962 -0.08030955396 -0.02335426547 0.1709673089 0.4686942599 -0.003050208882 0.04460028674 0.2496682378 -0.9906374401 -0.06089717906 -0.1221842704 0.03048086646 0.7737419848 -0.6327671433 0.1330728339 -0.6305671055 -0.7646415803 0.0001440879017 -0.1068117068 0
0.7156899594 0.4046511031 -0.0810948293 -0.02379768868 0.1724495998 0.4679099953 -0.003109622289 0.04502375027 0.2495643917 -0.9902762037 -0.06259955659 -0.1242350028 0.03133363462 0.7697231552 -0.6376083968 0.1355405612 -0.6353011568 -0.7602770524 0.0001475926052 -0.107856123 0
0.7226202863 0.4085695099 -0.08188010464 -0.02424482922 0.1739265306 0.467119156 -0.003169593194 0.04544684759 0.2494595715 -0.9899049219 -0.06433038577 -0.1262927037 0.03220068903 0.7656811107 -0.6424138482 0.1380266683 -0.6399953423 -0.7558800174 0.0001511548504 -0.1089005392 0
0.7295506132 0.4124879167 -0.08266537998 -0.02469567032 0.1753980574 0.4663217716 -0.003230121005 0.04586957529 0.2493537783 -0.9895234278 -0.06608976373 -0.1283570367 0.0330820799 0.7616162658 -0.6471833123 0.1405309992 -0.6446493674 -0.7514507512 0.0001547751964 -0.1099449554 0
0.7364809401 0.4164063235 -0.08345065532 -0.02515019506 0.1768641365 0.4655178722 -0.003291205119 0.04629192997 0.249247013 -0.989131554 -0.06787778297 -0.1304276638 0.03397785517 0.7575290366 -0.6519166082 0.1430533966 -0.64926294 -0.7469895317 0.0001584542041 -0.1109893716 0
0.7434112669 0.4203247303 -0.08423593066 -0.0256083864 0.1783247247 0.4647074878 -0.003352844931 0.04671390824 0.2491392768 -0.9887291323 -0.06969453139 -0.132504246 0.03488806051 0.7534198413 -0.6566135591 0.1455937023 -0.6538357707 -0.7424966389 0.0001621924357 -0.1120337878 0
0.7503415938 0.4242431372 -0.085021206 -0.02607022717 0.1797797789 0.4638906488 -0.003415039829 0.04713550671 0.2490305707 -0.9883159943 -0.07154009225 -0.1345864428 0.03581273929 0.7492890996 -0.6612739924 0.148151757 -0.6583675725 -0.7379723548 0.0001659904551 -0.113078204 0
0.7572719207 0.428161544 -0.08580648134 -0.02653570005 0.1812292562 0.4630673858 -0.003477789197 0.04755672199 0.2489208958 -0.987891971 -0.07341454417 -0.1366739125 0.03675193258 0.7451372328 -0.6658977397 0.1507274 -0.662858061 -0.7334169632 0.0001698488275 -0.1141226202 0
0.7642022476 0.4320799508 -0.08659175667 -0.02700478761 0.1826731139 0.4622377297 -0.003541092412 0.04797755069 0.2488102533 -0.9874568929 -0.07531796109 -0.1387663123 0.03770567916 0.740964664 -0.670484637 0.1533204698 -0.6673069544 -0.72883075 0.0001737681199 -0.1151670364 0
0.7711325745 0.4359983576 -0.08737703201 -0.02747747227 0.1841113095 0.4614017116 -0.003604948845 0.04839798944 0.2486986442 -0.9870105901 -0.07725041227 -0.1408632982 0.03867401546 0.7367718178 -0.6750345243 0.1559308036 -0.6717139736 -0.724214003 0.0001777489006 -0.1162114526 0
0.7780629013 0.4399167644 -0.08816230735 -0.02795373633 0.185543801 0.4605593627 -0.003669357863 0.04881803487 0.2485860696 -0.9865528924 -0.0792119623 -0.1429645252 0.03965697564 0.7325591201 -0.6795472463 0.1585582376 -0.676078842 -0.7195670119 0.0001817917393 -0.1172558688 0
0.7849932282 0.4438351712 -0.08894758269 -0.02843356197 0.1869705464 0.4597107146 -0.003734318827 0.04923768359 0.2484725307 -0.9860836291 -0.08120267101 -0.1450696473 0.04065459149 0.7283269984 -0.6840226514 0.1612026071 -0.6804012858 -0.7148900683 0.0001858972072 -0.118300285 0
0.7919235551 0.4477535781 -0.08973285803 -0.02891693122 0.188391504 0.458855799 -0.003799831093 0.04965693225 0.2483580286 -0.9856026293 -0.08322259356 -0.1471783173 0.04166689249 0.7240758815 -0.6884605929 0.1638637459 -0.6846810336 -0.7101834657 0.0001900658769 -0.1193447012 0
0.798853882 0.4516719849 -0.09051813337 -0.02940382601 0.1898066323 0.457994648 -0.00386589401 0.05007577749 0.2482425644 -0.9851097215 -0.08527178033 -0.1492901873 0.04269390575 0.7198061996 -0.692860928 0.1665414872 -0.688917817 -0.7054474994 0.0001942983223 -0.1203891174 0
0.8057842089 0.4555903917 -0.09130340871 -0.02989422812 0.1912158901 0.4571272937 -0.003932506923 0.05049421594 0.2481261394 -0.9846047343 -0.08735027697 -0.1514049086 0.04373565607 0.715518384 -0.6972235183 0.1692356629 -0.69311137 -0.7006824667 0.0001985951188 -0.1214335336 0
0.8127145357 0.4595087985 -0.09208868404 -0.03038811921 0.1926192365 0.4562537686 -0.003999669171 0.05091224426 0.2480087546 -0.9840874957 -0.08945812436 -0.1535221313 0.04479216586 0.7112128674 -0.70154823 0.171946104 -0.6972614296 -0.6958886665 0.000202956843 -0.1224779498 0
0.8196448626 0.4634272053 -0.09287395938 -0.03088548083 0.1940166307 0.4553741054 -0.004067380087 0.0513298591 0.2478904112 -0.9835578337 -0.0915953586 -0.155641505 0.0458634552 0.7068900836 -0.7058349334 0.1746726403 -0.7013677352 -0.6910663996 0.000207384073 -0.123522366 0
0.8265751895 0.4673456121 -0.09365923472 -0.03138629439 0.1954080322 0.4544883368 -0.004135639 0.0517470571 0.2477711105 -0.9830155759 -0.09376201103 -0.1577626786 0.04694954178 0.7025504673 -0.7100835032 0.1774151008 -0.7054300293 -0.6862159687 0.000211877388 -0.1245667822 0
0.8335055164 0.471264019 -0.09444451006 -0.03189054118 0.1967934008 0.453596496 -0.004204445232 0.05216383495 0.2476508536 -0.98246055 -0.09595810816 -0.1598853002 0.04805044094 0.6981944543 -0.7142938184 0.1801733134 -0.7094480569 -0.6813376782 0.0002164373687 -0.1256111984 0
0.8404358433 0.4751824258 -0.0952297854 -0.03239820238 0.1981726966 0.4526986162 -0.004273798101 0.05258018929 0.2475296417 -0.9818925832 -0.09818367175 -0.1620090173 0.04916616563 0.6938224816 -0.7184657627 0.182947105 -0.7134215658 -0.6764318341 0.0002210645968 -0.1266556146 0
0.8473661701 0.4791008326 -0.09601506074 -0.03290925902 0.1995458798 0.4517947311 -0.004343696918 0.0529961168 0.247407476 -0.9813115028 -0.1004387187 -0.1641334768 0.05029672644 0.6894349868 -0.7225992238 0.1857363016 -0.7173503068 -0.6714987443 0.0002257596556 -0.1277000308 0
0.854296497 0.4830192394 -0.09680033608 -0.03342369204 0.200912911 0.4508848744 -0.00441414099 0.05341161416 0.2472843578 -0.9807171361 -0.1027232611 -0.1662583251 0.05144213157 0.6850324086 -0.7266940941 0.188540728 -0.7212340334 -0.6665387183 0.0002305231294 -0.128744447 0
0.8612268239 0.4869376462 -0.09758561142 -0.03394148225 0.2022737509 0.4499690799 -0.004485129617 0.05382667804 0.2471602882 -0.98010931 -0.1050373062 -0.1683832081 0.05260238682 0.6806151862 -0.7307502701 0.1913602084 -0.7250725017 -0.6615520675 0.0002353556038 -0.1297888632 0
0.8681571508 0.490856053 -0.09837088675 -0.03446261033 0.2036283605 0.4490473818 -0.004556662095 0.05424130513 0.2470352686 -0.9794878517 -0.1073808565 -0.1705077713 0.05377749563 0.6761837598 -0.7347676531 0.1941945658 -0.7288654709 -0.6565391047 0.0002402576656 -0.1308332794 0
0.8750874777 0.4947744599 -0.09915616209 -0.03498705685 0.2049767013 0.4481198145 -0.004628737715 0.05465549212 0.2469093001 -0.9788525882 -0.1097539096 -0.1726316599 0.05496745901 0.6717385702 -0.7387461484 0.1970436224 -0.732612703 -0.6515001444 0.0002452299029 -0.1318776956 0
0.8820178045 0.4986928667 -0.09994143743 -0.03551480228 0.2063187348 0.4471864127 -0.004701355761 0.0550692357 0.246782384 -0.9782033465 -0.1121564582 -0.1747545186 0.05617227562 0.6672800587 -0.7426856661 0.1999071993 -0.736313963 -0.646435503 0.0002502729049 -0.1329221118 0
0.8889481314 0.5026112735 -0.1007267128 -0.03604582695 0.2076544228 0.4462472109 -0.004774515512 0.05548253258 0.2466545217 -0.9775399538 -0.1145884903 -0.1768759919 0.0573919417 0.6628086675 -0.7465861205 0.2027851169 -0.7399690184 -0.6413454982 0.0002553872619 -0.133966528 0
0.8958784583 0.5065296803 -0.1015119881 -0.03658011107 0.2089837274 0.4453022443 -0.004848216242 0.05589537945 0.2465257143 -0.9768622374 -0.1170499889 -0.1789957242 0.05862645108 0.6583248387 -0.7504474305 0.2056771947 -0.74357764 -0.6362304495 0.0002605735655 -0.1350109442 0
0.9028087852 0.5104480871 -0.1022972634 -0.03711763477 0.2103066109 0.444351548 -0.00492245722 0.05630777303 0.2463959631 -0.9761700244 -0.1195409323 -0.1811133594 0.05987579522 0.6538290155 -0.7542695192 0.208583251 -0.7471396014 -0.6310906777 0.0002658324084 -0.1360553604 0
0.9097391121 0.514366494 -0.1030825388 -0.03765837802 0.211623036 0.4433951574 -0.004997237709 0.05671971003 0.2462652695 -0.9754631423 -0.1220612937 -0.1832285417 0.06113996315 0.6493216411 -0.7580523144 0.2115031036 -0.7506546789 -0.6259265054 0.0002711643845 -0.1370997766 0
0.9166694389 0.5182849008 -0.1038678141 -0.03820232073 0.2129329656 0.442433108 -0.005072556967 0.05713118716 0.2461336348 -0.9747414188 -0.1246110417 -0.185340915 0.06241894153 0.644803159 -0.7617957481 0.2144365692 -0.7541226521 -0.6207382567 0.0002765700887 -0.1381441928 0
0.9235997658 0.5222033076 -0.1046530895 -0.03874944264 0.2142363629 0.4414654357 -0.005148414247 0.05754220116 0.2460010602 -0.9740046815 -0.12719014 -0.187450123 0.06371271458 0.6402740132 -0.7654997571 0.2173834638 -0.7575433033 -0.6155262572 0.000282050117 -0.139188609 0
0.9305300927 0.5261217144 -0.1054383648 -0.03929972343 0.2155331912 0.4404921765 -0.005224808795 0.05795274875 0.2458675471 -0.9732527586 -0.1297985473 -0.1895558098 0.06502126415 0.6357346476 -0.7691642822 0.2203436024 -0.7609164178 -0.6102908339 0.0002876050668 -0.1402330252 0
0.9374604196 0.5300401212 -0.1062236401 -0.03985314265 0.2168234143 0.4395133664 -0.005301739853 0.05836282667 0.2457330969 -0.9724854782 -0.1324362175 -0.1916576194 0.06634456968 0.6311855066 -0.772789269 0.2233167993 -0.7642417841 -0.6050323153 0.0002932355362 -0.1412774414 0
0.9443907464 0.533958528 -0.1070089155 -0.04040967972 0.2181069963 0.4385290419 -0.005379206657 0.05877243165 0.2455977108 -0.9717026688 -0.1351030997 -0.1937551958 0.0676826082 0.6266270344 -0.7763746675 0.2263028679 -0.7675191934 -0.5997510315 0.0002989421247 -0.1423218576 0
0.9513210733 0.5378769349 -0.1077941908 -0.04096931399 0.2193839013 0.4375392395 -0.00545720844 0.05918156044 0.2454613903 -0.9709041593 -0.1377991382 -0.1958481835 0.06903535435 0.6220596754 -0.7799204319 0.2293016208 -0.77074844 -0.5944473138 0.0003047254327 -0.1433662738 0
0.9582514002 0.5417953417 -0.1085794662 -0.04153202468 0.2206540938 0.436543996 -0.005535744426 0.0595902098 0.2453241366 -0.9700897788 -0.1405242723 -0.1979362269 0.07040278036 0.6174838738 -0.7834265212 0.2323128699 -0.7739293214 -0.589121495 0.0003105860617 -0.14441069 0
0.9651817271 0.5457137485 -0.1093647415 -0.04209779091 0.2219175388 0.4355433482 -0.005614813836 0.05999837647 0.2451859512 -0.9692593569 -0.1432784365 -0.2000189709 0.07178485608 0.6129000738 -0.7868928987 0.2353364262 -0.7770616379 -0.5837739094 0.0003165246144 -0.1454551062 0
0.972112054 0.5496321553 -0.1101500168 -0.04266659169 0.2231742013 0.4345373334 -0.005694415885 0.06040605722 0.2450468354 -0.9684127234 -0.1460615606 -0.2020960606 0.07318154893 0.6083087196 -0.7903195319 0.2383721 -0.780145193 -0.5784048926 0.0003225416942 -0.1464995224 0
