0.006884007563 0.005685983727 0.002807573645 -3.327086912e-06 0.001755410267 0.5099959719 -4.166696159e-07 0.0004372055902 0.2549995002 -0.9999999998 -8.793470155e-08 -1.937584286e-05 4.478214701e-08 0.9999765419 -0.006849497425 1.937599065e-05 -0.006849497424 -0.9999765417 3.744729002e-08 0.003734072947 0
0.01350351607 0.01115349917 0.005507273995 -1.280177736e-05 0.003443308579 0.5099845009 -1.612119381e-06 0.0008591991109 0.2549980662 -0.9999999972 -6.67001021e-07 -7.455106125e-05 3.34676431e-07 0.999909742 -0.01343531845 7.455329379e-05 -0.01343531844 -0.9999097393 7.325162464e-08 0.007324674413 0
0.02012302458 0.01662101461 0.008206974345 -2.842856399e-05 0.005131079986 0.5099655816 -3.592804799e-06 0.001281914048 0.2549956901 -0.9999999863 -2.208779234e-06 -0.0001655454462 1.105909641e-06 0.9997995765 -0.02002015909 0.0001655564871 -0.02002015899 -0.9997995628 6.049697932e-08 0.01091527588 0
0.02674253309 0.02208853006 0.0109066747 -5.020675571e-05 0.006818662288 0.5099392148 -6.358100828e-06 0.001704749855 0.2549923726 -0.9999999573 -5.184947578e-06 -0.000292344463 2.594284977e-06 0.9996460632 -0.02660353892 0.0002923789295 -0.02660353854 -0.9996460205 8.588729072e-09 0.01450587734 0
0.03262654065 0.02694854378 0.01330640834 -7.472851835e-05 0.008318526413 0.5099095264 -9.473882169e-06 0.002080568141 0.2549886347 -0.9999999053 -9.415691315e-06 -0.0004350966649 4.709816773e-06 0.9994732361 -0.03245381759 0.0004351730469 -0.03245381656 -0.9994731414 7.729241402e-08 0.01769752309 0
0.03924604916 0.03241605923 0.01600610869 -0.000108123183 0.01000558184 0.5098690955 -1.371845314e-05 0.002503294605 0.2549835426 -0.9999998018 -1.638707106e-05 -0.0006294667739 8.195476233e-06 0.999237917 -0.03903312832 0.0006296267066 -0.03903312574 -0.9992377188 1.955293845e-07 0.02128812456 0
0.04586555767 0.03788357467 0.01870580904 -0.0001476657282 0.01169226853 0.5098212214 -1.874544833e-05 0.002925948489 0.2549775118 -0.9999996302 -2.615347203e-05 -0.0008595674165 1.307826885e-05 0.998959341 -0.04560959203 0.0008598657491 -0.04560958641 -0.9989589713 3.414604219e-07 0.02487872602 0
0.05248506618 0.04335109011 0.02140550939 -0.0001933544052 0.01337852434 0.5097659063 -2.455462407e-05 0.003348535634 0.2549705426 -0.999999366 -3.918488517e-05 -0.001125361844 1.959296747e-05 0.998637553 -0.05218272968 0.001125873372 -0.05218271864 -0.9986369191 5.135533137e-07 0.02846932749 0
0.05910457469 0.04881860556 0.02410520974 -0.0002451871935 0.01506428714 0.5097031524 -3.114581136e-05 0.003771060905 0.2549626352 -0.9999989805 -5.595063158e-05 -0.001426807609 2.797393591e-05 0.9982726052 -0.05875206274 0.001427630164 -0.05875204276 -0.998271586 7.110811065e-07 0.03205992896 0
0.0657240832 0.054286121 0.02680491009 -0.000303161801 0.01674949482 0.5096329627 -3.851887492e-05 0.004193527173 0.2549537899 -0.9999984414 -7.691926621e-05 -0.001763856573 3.845507015e-05 0.9978645566 -0.06531711332 0.001765114102 -0.06531707935 -0.9978629984 9.336922286e-07 0.03565053042 0
0.07160809076 0.05914613473 0.02920464374 -0.000359848814 0.018246941 0.5095643319 -4.572900084e-05 0.004569004149 0.25494514 -0.9999978041 -9.946451318e-05 -0.002093301379 4.972340792e-05 0.9974657164 -0.07114873286 0.002095073134 -0.07114868071 -0.9974635211 1.152503673e-06 0.03884217617 0
0.07822759927 0.06461365017 0.03190434409 -0.0004294174212 0.01993093079 0.5094801053 -5.457861367e-05 0.004991360942 0.2549345232 -0.999996873 -0.0001296472144 -0.002497449409 6.480777437e-05 0.9969764406 -0.07770439289 0.002499972381 -0.07770431176 -0.9969733146 1.422188052e-06 0.04243277763 0
0.08484710778 0.07008116561 0.03460404444 -0.0005051197009 0.02161418623 0.5093884527 -6.420975794e-05 0.005413658644 0.2549229689 -0.9999956732 -0.000165381224 -0.002937029698 8.266484132e-05 0.9964442735 -0.08425439396 0.002940520518 -0.0842542722 -0.9964399485 1.716818316e-06 0.0460233791 0
0.09146661629 0.07554868106 0.03730374479 -0.0005869523057 0.02329664533 0.5092893782 -7.462231062e-05 0.005835895455 0.2549104771 -0.9999941578 -0.0002071312049 -0.003411972073 0.0001035261284 0.9958693012 -0.0907982613 0.003416685397 -0.09079808406 -0.9958634616 2.036488417e-06 0.04961398057 0
0.0980861248 0.0810161965 0.04000344514 -0.0006749116173 0.02497824615 0.509182886 -8.581614255e-05 0.00625806905 0.254897048 -0.9999922755 -0.0002553605857 -0.003922200726 0.0001276224015 0.9952516165 -0.09733552108 0.003928432268 -0.09733526977 -0.9952438961 2.381331035e-06 0.05320458203 0
0.1047056333 0.08648371194 0.04270314549 -0.0007689937467 0.0266589268 0.509068981 -9.779111747e-05 0.006680176723 0.2548826818 -0.9999899719 -0.0003105314656 -0.004467634225 0.0001551836149 0.9945913192 -0.1038657006 0.004475723786 -0.1038653523 -0.9945812971 2.751508648e-06 0.0567951835 0
0.1113251418 0.09195122738 0.04540284584 -0.0008691945344 0.02833862541 0.5089476682 -0.0001105470913 0.007102215485 0.2548673787 -0.9999871882 -0.0003731045189 -0.005048185531 0.0001864388529 0.993888516 -0.1103883281 0.00505852001 -0.1103878551 -0.993875713 3.147207979e-06 0.06038578496 0
0.1172091494 0.09681124111 0.04780257948 -0.0009633949775 0.02983081647 0.5088336199 -0.0001225412651 0.007477300614 0.2548529894 -0.9999842607 -0.0004353104042 -0.005593637993 0.0002175069105 0.9932282098 -0.1161794992 0.005606333195 -0.1161788872 -0.9932124824 3.520533582e-06 0.06357743071 0
0.1238286579 0.1022787566 0.05050227983 -0.001075140926 0.03150849156 0.5086983293 -0.0001367720365 0.007899200343 0.254835917 -0.9999803977 -0.0005131167961 -0.006240265694 0.0002563614586 0.992445433 -0.1226865797 0.006256075733 -0.1226857745 -0.9924258472 3.965021197e-06 0.06716803218 0
0.1304481664 0.107746272 0.05320198018 -0.001192991998 0.03318500621 0.5085556473 -0.0001517833433 0.008321021501 0.2548179081 -0.9999758648 -0.0005996473325 -0.006921728406 0.0002995664184 0.9916204969 -0.1291847529 0.006941193054 -0.1291837086 -0.9915963843 4.435678063e-06 0.07075863364 0
0.1370676749 0.1132137874 0.05590168053 -0.001316942985 0.03486029878 0.5084055801 -0.0001675750082 0.008742760515 0.2547989631 -0.9999705889 -0.0006953562517 -0.007637917446 0.0003473469454 0.9907535347 -0.1356735525 0.00766163516 -0.1356722152 -0.990724154 4.93276015e-06 0.07434923511 0
0.1436871834 0.1186813029 0.05860138088 -0.001446988408 0.03653430769 0.5082481344 -0.0001841468447 0.009164413736 0.2547790821 -0.9999644935 -0.0008006959081 -0.008388718609 0.0003999270449 0.9898446863 -0.1421525134 0.008417349476 -0.142150821 -0.9898092202 5.45653803e-06 0.07793983657 0
0.1503066919 0.1241488183 0.06130108123 -0.001583122519 0.03820697139 0.5080833172 -0.0002014986577 0.009585977453 0.2547582653 -0.9999574982 -0.0009161166788 -0.009174012193 0.0004575295159 0.9888940984 -0.1486211723 0.009208280851 -0.1486190531 -0.9888516495 6.007296188e-06 0.08153043804 0
0.1561906995 0.1290088321 0.06370081488 -0.00170923725 0.03969260459 0.5079306303 -0.0002175771216 0.009960622579 0.2547389762 -0.9999504569 -0.001027538543 -0.009900906462 0.0005131271459 0.9880142146 -0.1543620694 0.009940849298 -0.1543595023 -0.987964738 6.519749586e-06 0.08472208379 0
0.162810208 0.1344763475 0.06640051523 -0.001856855583 0.04136255975 0.5077519092 -0.0002364016588 0.01038200694 0.2547163927 -0.9999415297 -0.001163222834 -0.01075100645 0.0005808196901 0.9869852092 -0.1608100106 0.01079814223 -0.1608068524 -0.9869268242 7.122293523e-06 0.08831268525 0
0.1694297165 0.1399438629 0.06910021558 -0.002010544491 0.04303099235 0.5075658384 -0.0002560055576 0.01080329084 0.2546928742 -0.99993145 -0.001310277378 -0.01163522238 0.0006541709529 0.9859149255 -0.1672463206 0.01169047848 -0.1672424673 -0.9858464839 7.75271298e-06 0.09190328672 0
0.176049225 0.1454113784 0.07179991593 -0.002170297182 0.04469784114 0.5073724261 -0.0002763885876 0.01122447042 0.2546684209 -0.9999201235 -0.001469143988 -0.01255341338 0.0007333985061 0.9848035361 -0.173670543 0.01261779293 -0.1736658775 -0.9847237959 8.411341978e-06 0.09549388819 0
0.1826687335 0.1508788938 0.07449961628 -0.002336106597 0.04636304496 0.5071716811 -0.0002975505092 0.01164554181 0.2546430333 -0.9999074521 -0.00164026205 -0.01350543322 0.0008187184418 0.98365122 -0.1800822231 0.0135800179 -0.1800766141 -0.9835588423 9.098526401e-06 0.09908448965 0
0.189288242 0.1563464093 0.07719931663 -0.002507965412 0.0480265427 0.506963612 -0.0003194910737 0.01206650112 0.2546167115 -0.9998933343 -0.001824068436 -0.01449113028 0.0009103453163 0.982458163 -0.1864809085 0.01457708317 -0.1864742093 -0.9823517079 9.814623697e-06 0.1026750911 0
0.1959077505 0.1618139247 0.07989901698 -0.002685866034 0.04968827337 0.5067482281 -0.0003422100235 0.01248734444 0.2545894559 -0.9998776649 -0.002020997411 -0.01551034765 0.001008492097 0.9812245572 -0.1928661485 0.01560891599 -0.1928581962 -0.9811024808 1.056000261e-05 0.1062656926 0
0.2017917581 0.1666739384 0.08229875062 -0.002849065707 0.05116383457 0.5065506426 -0.0003630578892 0.01286132685 0.254564445 -0.9998623462 -0.002207410831 -0.01644432813 0.001101378054 0.9800941383 -0.1985302674 0.01655522747 -0.1985210504 -0.9799567934 1.124745051e-05 0.1094573383 0
0.2084112666 0.1721414539 0.08499845097 -0.003038356975 0.05282206127 0.5063214681 -0.0003872463867 0.01328194038 0.2545354264 -0.999843447 -0.00243030216 -0.01752641478 0.00121241541 0.9787844876 -0.2048888893 0.01765252482 -0.2048780626 -0.9786283093 1.204918403e-05 0.1130479398 0
0.2150307751 0.1776089693 0.08769815132 -0.003233666621 0.05447834513 0.5060850072 -0.0004122124737 0.01370242658 0.2545054749 -0.9998226729 -0.002667555166 -0.01864153876 0.00133057848 0.9774348795 -0.2112327767 0.01878436527 -0.2112201234 -0.9772580044 1.288132548e-05 0.1166385413 0
0.2216502836 0.1830764848 0.09039785168 -0.003434986021 0.05613262552 0.5058412702 -0.0004379558569 0.01412278151 0.2544745909 -0.9997999054 -0.002919593132 -0.01978952272 0.001456073534 0.9760455311 -0.2175614881 0.01995066624 -0.2175467702 -0.9758459785 1.37442851e-05 0.1202291427 0
0.2282697921 0.1885440002 0.09309755203 -0.003642306286 0.05778484186 0.5055902681 -0.000464476234 0.01454300122 0.2544427748 -0.9997750224 -0.003186836307 -0.02097018414 0.001589104986 0.9746166659 -0.223874584 0.0211513426 -0.2238575411 -0.9743923347 1.46384832e-05 0.1238197442 0
0.2348893006 0.1940115157 0.09579725238 -0.003855618259 0.0594349337 0.5053320117 -0.0004917732938 0.01496308177 0.2544100269 -0.9997478986 -0.003469701813 -0.02218333535 0.001729875348 0.9731485135 -0.2301716278 0.02238630673 -0.2301519756 -0.9728971793 1.556434991e-05 0.1274103457 0
0.2415088092 0.1994790311 0.09849695273 -0.004074912524 0.06108284069 0.5050665127 -0.0005198467156 0.01538301919 0.2543763476 -0.9997184052 -0.003768603561 -0.02342878358 0.001878585172 0.9716413099 -0.2364521851 0.02365546852 -0.2364296144 -0.9713606211 1.652232502e-05 0.1310009471 0
0.2473928167 0.2043390448 0.1008966864 -0.004274855111 0.06254576401 0.5048244426 -0.0005454523628 0.01575617355 0.2543456289 -0.9996900928 -0.004048088551 -0.02456280241 0.00201759746 0.9702689852 -0.2420207134 0.02481224664 -0.2419952673 -0.9699601244 1.740117652e-05 0.1341925929 0
0.2540123252 0.2098065603 0.1035963867 -0.004505422635 0.06418937979 0.5045452951 -0.0005749913397 0.01617582984 0.2543101913 -0.9996557604 -0.004378398567 -0.02586871227 0.002181844082 0.9686886836 -0.2482689545 0.02614574928 -0.248239932 -0.9683456697 1.842103366e-05 0.1377831943 0
0.2606318337 0.2152740757 0.1062960871 -0.004741943767 0.06583063699 0.5042589395 -0.0006053057016 0.01659533156 0.2542738236 -0.9996186678 -0.004725921755 -0.02720633392 0.002354598068 0.967070047 -0.2544994698 0.02751317521 -0.2544664809 -0.9666901444 1.947432154e-05 0.1413737958 0
0.2672513422 0.2207415912 0.1089957874 -0.004984408069 0.06746947568 0.5039653885 -0.0006363950927 0.01701467477 0.2542365261 -0.9995786735 -0.005091058732 -0.02857545507 0.002536051865 0.9654133349 -0.2607118357 0.02891442464 -0.2606744597 -0.9649936695 2.056151515e-05 0.1449643973 0
0.2738708508 0.2262091066 0.1116954878 -0.005232804842 0.06910583608 0.5036646551 -0.0006682591479 0.01743385549 0.2541982992 -0.9995356327 -0.005474206495 -0.02997585852 0.002726395715 0.963718813 -0.2669056316 0.03034939533 -0.2668634154 -0.9632563686 2.168309801e-05 0.1485549987 0
0.2804903593 0.231676622 0.1143951881 -0.005487123126 0.07073965849 0.5033567525 -0.0007008974933 0.01785286978 0.2541591435 -0.9994893974 -0.005875758336 -0.03140732217 0.002925817599 0.961986753 -0.2730804398 0.03181798255 -0.2730328963 -0.9614783687 2.283956195e-05 0.1521456002 0
0.2863743668 0.2365366358 0.1167949218 -0.005718145903 0.0721897663 0.5030770538 -0.0007305590676 0.01822518398 0.2541235589 -0.9994454957 -0.006248458612 -0.03270562621 0.003110852718 0.9604158548 -0.2785528825 0.03315152811 -0.2785001661 -0.959863862 2.389721673e-05 0.1553372459 0
0.2929938753 0.2420041512 0.1194946221 -0.005983618441 0.07381863238 0.5027556468 -0.0007646589083 0.01864387306 0.2540826497 -0.9993928118 -0.006685833314 -0.03419513612 0.003327926694 0.9586136513 -0.284690696 0.03468331883 -0.2846316341 -0.9580093425 2.512093749e-05 0.1589278474 0
0.2996133838 0.2474716667 0.1221943225 -0.00625497937 0.07544478879 0.5024271107 -0.0007995319074 0.01906238424 0.2540408131 -0.9993364886 -0.007142726721 -0.03571503761 0.003554608634 0.9567747272 -0.2908083322 0.03624840981 -0.2907423306 -0.9561145067 2.638100485e-05 0.1625184489 0
0.3062328924 0.2529391821 0.1248940228 -0.006532216722 0.07706817636 0.5020914601 -0.0008351776557 0.01948071358 0.2539980494 -0.9992763662 -0.007619516952 -0.03726508999 0.003791077276 0.9548993768 -0.2969053856 0.03784668682 -0.2968318097 -0.9541794931 2.767794092e-05 0.1661090503 0
0.3128524009 0.2584066975 0.1275937232 -0.006815318273 0.07868873604 0.5017487097 -0.0008715957347 0.0198988571 0.2539543591 -0.9992122815 -0.008116578031 -0.03884504792 0.004037508864 0.9529878998 -0.3029814539 0.03947803324 -0.302899627 -0.9522044428 2.90122751e-05 0.1696996518 0
0.3194719094 0.263874213 0.1302934235 -0.00710427154 0.08030640894 0.5013988746 -0.0009087857168 0.02031681086 0.2539097427 -0.9991440685 -0.008634279808 -0.0404546614 0.004294077098 0.9510406018 -0.3090361381 0.04114233001 -0.3089453397 -0.9501894999 3.038454387e-05 0.1732902533 0
0.3260914179 0.2693417284 0.1329931239 -0.007399063786 0.08192113629 0.5010419703 -0.0009467471656 0.02073457089 0.2538642009 -0.9990715584 -0.009172987886 -0.04209367588 0.004560953092 0.9490577939 -0.3150690426 0.04283945568 -0.3149685067 -0.9481348115 3.17952906e-05 0.1768808547 0
0.3319754254 0.2742017422 0.1353928575 -0.007665992697 0.08335392929 0.5007188001 -0.0009811379667 0.0211057473 0.2538229427 -0.9990033586 -0.009669766589 -0.04357505059 0.004806965889 0.9472657429 -0.3204130232 0.04437547182 -0.3203031502 -0.9462751764 3.308203469e-05 0.1800725005 0
0.338594934 0.2796692576 0.1380925579 -0.007971778465 0.08496293301 0.5003485859 -0.001020555407 0.02152313061 0.2537756541 -0.9989222607 -0.01024913538 -0.04526888972 0.005093769613 0.9452167286 -0.3264037215 0.04613426778 -0.3262825327 -0.9441458246 3.456696804e-05 0.183663102 0
0.3452144425 0.285136773 0.1407922582 -0.008283364979 0.08656882226 0.4999713489 -0.001060743003 0.02194030877 0.2537274416 -0.9988363615 -0.0108505421 -0.04699136911 0.005391360471 0.9431331337 -0.3323715172 0.04792552834 -0.3322381043 -0.9419771684 3.6091986e-05 0.1872537034 0
0.351833951 0.2906042885 0.1434919586 -0.00860073851 0.08817153883 0.4995871055 -0.001101700281 0.02235727783 0.2536783057 -0.9987454811 -0.01147433509 -0.04874221683 0.00569989908 0.9410152901 -0.3383160283 0.04974912279 -0.3381694302 -0.939769366 3.765765691e-05 0.1908443049 0
0.3584534595 0.2960718039 0.1461916589 -0.008923885076 0.08977102472 0.4991958726 -0.001143426761 0.02277403384 0.253628247 -0.9986494368 -0.01212085811 -0.0505211566 0.006019543252 0.9388635351 -0.3442368771 0.05160491803 -0.3440760777 -0.9375225785 3.926455509e-05 0.1944349064 0
0.365072968 0.3015393194 0.1488913593 -0.009252790445 0.09136722205 0.4987976677 -0.001185921954 0.02319057286 0.253577266 -0.9985480431 -0.01279045023 -0.05232790785 0.006350447944 0.9366782114 -0.350133689 0.05349277865 -0.3499576157 -0.9352369699 4.091326064e-05 0.1980255078 0
0.3709569756 0.3063993331 0.1512910929 -0.00954997362 0.09278325669 0.4984378687 -0.001224340395 0.0235606444 0.2535311759 -0.9984532727 -0.01340528024 -0.05395702669 0.006654161725 0.934707801 -0.355354821 0.05519768473 -0.3551642228 -0.933172862 4.241434764e-05 0.2012171536 0
0.3775764841 0.3118668485 0.1539907933 -0.009889717004 0.09437308497 0.4980265421 -0.001268286233 0.02397676278 0.2534784546 -0.9983412595 -0.01411935553 -0.05581553022 0.007006748816 0.9324600221 -0.3612052225 0.0571457355 -0.3609971621 -0.9308143821 4.414362521e-05 0.204807755 0
0.3841959926 0.317334364 0.1566904936 -0.01023517666 0.09595945843 0.4976082949 -0.001312999317 0.02439265277 0.2534248129 -0.9982233465 -0.01485745248 -0.05770101101 0.00737102769 0.9301796922 -0.3670305275 0.05912544728 -0.3668037571 -0.9284175705 4.591641703e-05 0.2083983565 0
0.3908155011 0.3228018794 0.159390194 -0.01058633739 0.09754231983 0.4971831454 -0.001358479124 0.02480831044 0.2533702513 -0.9980993381 -0.01561989127 -0.05961317227 0.00774714182 0.9278671736 -0.3728303768 0.06113667562 -0.372583584 -0.9259826023 4.773332415e-05 0.211988958 0
0.3974350096 0.3282693949 0.1620898943 -0.01094318373 0.09912161213 0.4967511124 -0.00140472512 0.02522373186 0.2533147706 -0.9979690363 -0.01640698704 -0.0615517132 0.008135231626 0.9255228331 -0.3786044155 0.06317927372 -0.3783362211 -0.9235096552 4.959495259e-05 0.2155795594 0
0.4040545181 0.3337369103 0.1647895947 -0.01130569997 0.1006972784 0.4963122148 -0.001451736761 0.0256389131 0.2532583713 -0.9978322405 -0.01721904989 -0.06351632899 0.008535434435 0.9231470424 -0.3843522923 0.06525309255 -0.3840612484 -0.9209989096 5.150191322e-05 0.2191701609 0
0.4106740266 0.3392044258 0.167489295 -0.01167387018 0.1022692621 0.4958664719 -0.001499513496 0.02605385022 0.2532010541 -0.997688748 -0.01805638472 -0.06550671092 0.008947884442 0.9207401777 -0.3900736603 0.06735798074 -0.3897582482 -0.9184505487 5.345482158e-05 0.2227607624 0
0.4165580342 0.3440644395 0.1698890287 -0.01200586604 0.1036634435 0.4954645253 -0.001542623553 0.02642247511 0.2531493355 -0.997555411 -0.01882214074 -0.06729731752 0.009324894263 0.9185749637 -0.3951367894 0.06925495127 -0.3947983827 -0.9161539111 5.522981473e-05 0.2259524081 0
0.4231775427 0.3495319549 0.172588729 -0.01238467156 0.1052283169 0.4950059063 -0.001591843928 0.02683694041 0.2530902864 -0.9973987068 -0.01970802499 -0.06933551288 0.009760832761 0.9161104473 -0.4008071537 0.07141810513 -0.4004413091 -0.9135350088 5.727120865e-05 0.2295430096 0
0.4297970512 0.3549994704 0.1752884294 -0.01276908359 0.1067893447 0.4945404995 -0.001641827753 0.02725115027 0.2530303214 -0.9972347064 -0.02062003259 -0.071398561 0.01020938819 0.9136159702 -0.4064500307 0.07361187846 -0.4060550127 -0.9108790359 5.936035354e-05 0.233133611 0
0.4364165597 0.3604669858 0.1779881297 -0.01315908523 0.1083464712 0.4940683254 -0.001692574442 0.02766510077 0.2529694412 -0.997063198 -0.0215584478 -0.07348613844 0.0106706822 0.9110919263 -0.41206509 0.07583611116 -0.4116390837 -0.9081861863 6.14978818e-05 0.2367242125 0
0.4430360682 0.3659345013 0.1806878301 -0.01355465933 0.1098996403 0.4935894048 -0.001744083398 0.02807878799 0.2529076465 -0.9968839674 -0.02252354947 -0.07559791812 0.01114483313 0.908538714 -0.4176520058 0.07809064092 -0.4171931147 -0.9054566565 6.368442981e-05 0.240314814 0
0.4496555767 0.3714020167 0.1833875304 -0.0139557885 0.1114487966 0.4931037586 -0.001796354017 0.02849220802 0.252844938 -0.9966967985 -0.02351561089 -0.0777335694 0.01163195598 0.9059567359 -0.4232104563 0.08037530321 -0.4227167004 -0.9026906457 6.592063786e-05 0.2439054154 0
0.4555395843 0.3762620304 0.1857872641 -0.01431699704 0.1128224108 0.4926664442 -0.001843455714 0.02885946502 0.2527884306 -0.9965235856 -0.02442029273 -0.07965169636 0.01207593438 0.9036378239 -0.4281271481 0.08243127585 -0.4276006694 -0.9002015065 6.79505888e-05 0.2470970612 0
0.4621590928 0.3817295459 0.1884869644 -0.01472857086 0.1143638363 0.4921681528 -0.00189716335 0.0292723697 0.2527239981 -0.9963208249 -0.02546400409 -0.08183152386 0.01258786149 0.9010026237 -0.4336309696 0.08477239848 -0.4330656492 -0.89736714 7.028235922e-05 0.2506876627 0
0.4687786013 0.3871970613 0.1911866648 -0.01514564818 0.1159010893 0.4916631982 -0.001951630852 0.02968499591 0.252658654 -0.9961094899 -0.02653543326 -0.08403424817 0.01311307359 0.8983398441 -0.4391054222 0.08714316602 -0.4384990254 -0.8944968828 7.266565997e-05 0.2542782641 0
0.4753981098 0.3926645768 0.1938863651 -0.01556821068 0.1174341152 0.4911516027 -0.002006857581 0.03009733976 0.2525923991 -0.9958893565 -0.02763483159 -0.0862595253 0.01365167232 0.8956499035 -0.4445502021 0.08954340548 -0.4439004015 -0.8915909444 7.510114525e-05 0.2578688656 0
0.4820176183 0.3981320922 0.1965860655 -0.01599623983 0.1189628593 0.4906333888 -0.00206284289 0.03050939735 0.2525252341 -0.9956601987 -0.02876244458 -0.08850700798 0.01420375583 0.8929332243 -0.44996501 0.09197294167 -0.4492693832 -0.8886495368 7.758947253e-05 0.2614594671 0
0.4886371268 0.4035996076 0.1992857658 -0.01642971682 0.1204872671 0.4901085792 -0.002119586122 0.03092116479 0.2524571598 -0.9954217888 -0.02991851195 -0.09077634572 0.0147694187 0.8901902327 -0.4553495513 0.09443159732 -0.4546055788 -0.8856728748 8.013130249e-05 0.2650500685 0
0.4952566353 0.4090671231 0.2019854662 -0.01686862263 0.1220072845 0.489577197 -0.00217708661 0.0313326382 0.252388177 -0.9951738973 -0.0311032675 -0.0930671849 0.01534875195 0.8874213585 -0.4607035362 0.09691919298 -0.4599085988 -0.8826611755 8.272729889e-05 0.26864067 0
0.5011406429 0.4139271368 0.2043851998 -0.0172633031 0.1233546817 0.4890993582 -0.002228833332 0.03169814236 0.252326097 -0.9949454024 -0.03218065178 -0.09512124867 0.01587526196 0.8849387588 -0.4654367511 0.09915453775 -0.4645942304 -0.8799548731 8.508086322e-05 0.2718323157 0
0.5077601514 0.4193946523 0.2070849001 -0.01771241062 0.124866259 0.4885556248 -0.002287762346 0.03210904977 0.2522554004 -0.9946789685 -0.03342021296 -0.09745172596 0.01648065263 0.8821221809 -0.4707322445 0.1016963009 -0.4698335315 -0.8768775941 8.778099545e-05 0.2754229172 0
0.5143796599 0.4248621677 0.2097846005 -0.0181668907 0.1263732905 0.4880053868 -0.002347446644 0.03251965195 0.2521837977 -0.9944023803 -0.0346891042 -0.09980266598 0.01709995629 0.8792809824 -0.4759963713 0.1042664739 -0.4750385458 -0.8737659197 9.053722805e-05 0.2790135187 0
0.5209991684 0.4303296831 0.2124843008 -0.0186267234 0.1278757229 0.4874486683 -0.002407885525 0.03292994501 0.2521112897 -0.9941154015 -0.03598753592 -0.1021737035 0.0177332498 0.8764156068 -0.4812288603 0.1068648692 -0.4802088935 -0.8706200769 9.335023585e-05 0.2826041201 0
0.5276186769 0.4357971986 0.2151840012 -0.01909188857 0.129373503 0.4868854939 -0.00246907828 0.03333992509 0.2520378773 -0.9938177947 -0.03731571244 -0.1045644704 0.01838060629 0.873526501 -0.4864294454 0.1094912972 -0.4853441971 -0.8674402954 9.62206963e-05 0.2861947216 0
0.5342381854 0.441264714 0.2178837015 -0.01956236582 0.130866578 0.4863158882 -0.002531024191 0.03374958833 0.2519635613 -0.9935093208 -0.03867383188 -0.1069745958 0.01904209519 0.870614115 -0.4915978656 0.1121455662 -0.490444082 -0.8642268073 9.914928937e-05 0.2897853231 0
0.5408576939 0.4467322295 0.2205834019 -0.02003813453 0.1323548952 0.4857398761 -0.002593722532 0.03415893086 0.2518883426 -0.9931897393 -0.04006208615 -0.1094037062 0.01971778212 0.8676789019 -0.4967338646 0.1148274826 -0.495508176 -0.8609798469 0.0001021366975 0.2933759245 0
0.5467417015 0.4515922432 0.2229831355 -0.02046546542 0.1336738073 0.4852225076 -0.002650085464 0.03452251854 0.2518207244 -0.9928961465 -0.04132153858 -0.1115785495 0.02033036216 0.865051029 -0.5012717762 0.1172344601 -0.4999792473 -0.8580657514 0.0001048421006 0.2965675703 0
0.55336121 0.4570597586 0.2256828359 -0.02095117207 0.1351529947 0.4846344636 -0.002714203046 0.03493124478 0.251743803 -0.992554923 -0.0427672157 -0.1140424922 0.02103303331 0.8620739454 -0.5063458543 0.1199680635 -0.50497473 -0.8547562142 0.0001079424741 0.3001581717 0
0.5599807185 0.4625272741 0.2283825362 -0.02144210935 0.1366272734 0.484040087 -0.002779070908 0.0353396392 0.2516659815 -0.9922018897 -0.04424354682 -0.1165243262 0.02175007079 0.8590753608 -0.5113867997 0.1227287434 -0.5099333614 -0.8514138961 0.0001111036473 0.3037487732 0
0.566600227 0.4679947895 0.2310822366 -0.02193825578 0.1380965918 0.4834394036 -0.002844688289 0.03574769794 0.2515872608 -0.991836801 -0.0457506993 -0.1190236684 0.0224815254 0.8560557397 -0.516394376 0.1255162983 -0.5148547796 -0.8480390408 0.0001143263112 0.3073393747 0
0.5732197355 0.473462305 0.2337819369 -0.02243958963 0.1395608982 0.4828324399 -0.002911054419 0.03615541717 0.2515076417 -0.9914594103 -0.04728883412 -0.1215401329 0.02322744404 0.8530155493 -0.521368352 0.1283305247 -0.5197386255 -0.8446318947 0.0001176111593 0.3109299761 0
0.5798392441 0.4789298204 0.2364816373 -0.02294608898 0.1410201416 0.4822192223 -0.002978168521 0.03656279305 0.2514271254 -0.9910694697 -0.04885810579 -0.1240733318 0.02398786975 0.8499552595 -0.5263085017 0.1311712173 -0.5245845426 -0.8411927065 0.000120958887 0.3145205776 0
0.5857232516 0.4837898341 0.2388813709 -0.02340062919 0.142312955 0.4816689115 -0.00303845279 0.03692461361 0.2513548027 -0.9907121191 -0.05027927335 -0.1263387973 0.02467601419 0.8472185101 -0.5306711698 0.1337183284 -0.5288598972 -0.8381089534 0.0001239879962 0.3177122233 0
0.5923427601 0.4892573496 0.2415810713 -0.02391682495 0.1437624956 0.4810439544 -0.00310697757 0.03733133051 0.2512725938 -0.9902977936 -0.05190775774 -0.1289025392 0.02546394567 0.8441215454 -0.5355468271 0.1366084456 -0.5336332085 -0.8346099277 0.0001274564002 0.3213028248 0
0.5989622686 0.494724865 0.2442807716 -0.02443812161 0.1452068263 0.4804128218 -0.003176248023 0.03773769301 0.2511894904 -0.9898701968 -0.05356778889 -0.1314818825 0.02626648645 0.8410058524 -0.5403880345 0.1395244248 -0.5383675772 -0.8310795911 0.0001309897031 0.3248934263 0
0.6055817771 0.5001923805 0.246980472 -0.02496449636 0.1466458969 0.479775541 -0.003246263336 0.0381436973 0.2511054933 -0.9894290772 -0.05525949595 -0.134076431 0.02708366424 0.8378719102 -0.5451945865 0.1424660534 -0.5430626577 -0.8275182013 0.0001345886076 0.3284840277 0
0.6122012857 0.5056598959 0.2496801723 -0.02549592623 0.1480796574 0.4791321401 -0.003317022687 0.03854933956 0.2510206036 -0.9889741823 -0.05698300148 -0.1366857865 0.02791550276 0.8347202001 -0.5499662828 0.1454331166 -0.5477181073 -0.8239260182 0.0001382538179 0.3320746292 0
0.6188207942 0.5111274114 0.2523798727 -0.02603238797 0.1495080579 0.4784826471 -0.003388525248 0.03895461599 0.2509348223 -0.9885052592 -0.05873842139 -0.1393095491 0.02876202172 0.8315512054 -0.5547029285 0.1484253978 -0.5523335863 -0.8203033041 0.00014198604 0.3356652307 0
0.6254403027 0.5165949268 0.255079573 -0.02657385818 0.1509310489 0.4778270904 -0.003460770178 0.03935952278 0.2508481502 -0.9880220538 -0.06052586498 -0.141947317 0.02962323683 0.8283654115 -0.559404334 0.1514426788 -0.556908758 -0.8166503231 0.0001457859814 0.3392558321 0
0.6313243102 0.5214549405 0.2574793067 -0.02705935055 0.1521913488 0.4772393058 -0.003525610434 0.03971912656 0.2507703616 -0.9875803423 -0.06214167087 -0.144303431 0.03040110841 0.8255198854 -0.5635536279 0.1541455159 -0.560941469 -0.8133780353 0.0001492211311 0.3424474779 0
0.6379438187 0.526922456 0.260179007 -0.0276102165 0.1536039878 0.4765723737 -0.0035992553 0.04012332479 0.25068201 -0.9870694648 -0.06398987809 -0.1469665512 0.0312901115 0.8223036902 -0.5681879707 0.1572094164 -0.5654395959 -0.8096686129 0.0001531509228 0.3460380794 0
0.6445633272 0.5323899714 0.2628787074 -0.02816602203 0.1550110758 0.4758994612 -0.003673640064 0.04052714244 0.2505927707 -0.9865435684 -0.06587038705 -0.1496425067 0.03219383343 0.819072108 -0.5727865562 0.1602976756 -0.569896459 -0.8059296999 0.0001571504864 0.3496286808 0
0.6511828358 0.5378574869 0.2655784077 -0.0287267429 0.1564125644 0.4752205977 -0.003748763855 0.04093057571 0.2505026448 -0.986002397 -0.06778328091 -0.1523308895 0.03311227417 0.815825631 -0.577349216 0.1634100681 -0.574311733 -0.8021615691 0.0001612205353 0.3532192823 0
0.6578023443 0.5433250023 0.2682781081 -0.02929235465 0.1578084053 0.4745358129 -0.003824625791 0.04133362083 0.2504116332 -0.9854456943 -0.06972863605 -0.1550312901 0.03404542962 0.8125647526 -0.581875787 0.1665463669 -0.5786850958 -0.7983644954 0.0001653617843 0.3568098838 0
0.6644218528 0.5487925177 0.2709778084 -0.02986283262 0.1591985505 0.4738451365 -0.003901224982 0.04173627403 0.2503197372 -0.9848732034 -0.07170652211 -0.1577432977 0.03499329158 0.8092899681 -0.5863661118 0.1697063429 -0.5830162281 -0.7945387561 0.0001695749492 0.3604004852 0
0.6703058603 0.5536525315 0.2733775421 -0.03037398928 0.1604294152 0.4732262803 -0.003969931356 0.0420938559 0.2502373101 -0.9843508604 -0.07349200386 -0.1601633822 0.0358481719 0.8063677753 -0.5903269598 0.1725349014 -0.5868304153 -0.7911142595 0.0001733809386 0.363592131 0
0.6769253688 0.5591200469 0.2760772424 -0.030953591 0.1618086723 0.4725245578 -0.004047920683 0.04249575852 0.2501437462 -0.9837478456 -0.07553150301 -0.162896189 0.03682377598 0.8030680787 -0.5947484094 0.1757389708 -0.5910809192 -0.7872351371 0.0001777319031 0.3671827324 0
0.6835448774 0.5645875624 0.2787769428 -0.03153798656 0.1631820968 0.4718170314 -0.004126644647 0.04289725833 0.250049301 -0.9831282991 -0.07760369587 -0.1656394091 0.03781403986 0.7997559131 -0.5991331888 0.1789660466 -0.595288288 -0.7833281613 0.0001821568593 0.3707733339 0
0.6901643859 0.5700550778 0.2814766431 -0.0321271505 0.1645496421 0.471103732 -0.004206102324 0.0432983516 0.2499539754 -0.9824919634 -0.0797086255 -0.1683926272 0.03881893939 0.7964317781 -0.6034811619 0.1822158934 -0.5994522148 -0.7793936171 0.0001866565279 0.3743639354 0
0.6967838944 0.5755225932 0.2841763435 -0.03272105719 0.1659112614 0.4703846905 -0.004286292783 0.04369903457 0.2498577707 -0.9818385806 -0.0818463281 -0.171155427 0.03983844628 0.7930961743 -0.6077921985 0.185488274 -0.6035723957 -0.7754317915 0.000191231631 0.3779545368 0
0.7034034029 0.5809901087 0.2868760438 -0.03331968076 0.1672669086 0.4696599383 -0.004367215084 0.0440993035 0.2497606879 -0.981167893 -0.08401683298 -0.1739273912 0.04087252813 0.7897496032 -0.6120661735 0.1887829497 -0.60764853 -0.7714429738 0.0001958828916 0.3815451383 0
0.7100229114 0.5864576241 0.2895757442 -0.03392299518 0.1686165376 0.4689295069 -0.004448868277 0.04449915465 0.2496627282 -0.980479643 -0.08622016259 -0.1767081019 0.04192114837 0.786392567 -0.6163029676 0.1920996799 -0.6116803202 -0.7674274551 0.0002006110338 0.3851357398 0
0.715906919 0.5913176379 0.2919754778 -0.03446319146 0.1698111187 0.4682754925 -0.004522061709 0.04485422416 0.2495749177 -0.9798529131 -0.08820624709 -0.1791868487 0.04286542754 0.7834001558 -0.6200377013 0.1950662039 -0.6152266687 -0.7638359263 0.0002048789557 0.3883273855 0
0.7225264275 0.5967851533 0.2946751782 -0.03507529462 0.1711492557 0.4675344206 -0.004605092858 0.045253276 0.2494753047 -0.9791307867 -0.0904716158 -0.1819829369 0.04394139488 0.7800247246 -0.6242039593 0.198423931 -0.6191738978 -0.7597707733 0.0002097542981 0.391917987 0
0.729145936 0.6022526687 0.2973748785 -0.03569201231 0.1724812435 0.4667877619 -0.004688852112 0.04565189931 0.2493748182 -0.9783903541 -0.09276983533 -0.1847865597 0.04503177181 0.7766402826 -0.6283327232 0.2018030092 -0.6230759417 -0.755679771 0.0002147086196 0.3955085884 0
0.7357654445 0.6077201842 0.3000745789 -0.03631331771 0.173807037 0.4660355489 -0.004773338487 0.04605009037 0.2492734593 -0.9776313584 -0.09510090127 -0.1875972966 0.04613650569 0.7732473338 -0.6324238955 0.2052031918 -0.6269325157 -0.7515632181 0.0002197426484 0.3990991899 0
0.742384953 0.6131876996 0.3027742792 -0.03693918386 0.175126592 0.4652778141 -0.004858550993 0.04644784546 0.2491712291 -0.9768535429 -0.09746480231 -0.1904147263 0.04725553973 0.7698463829 -0.6364773842 0.2086242307 -0.6307433384 -0.7474214148 0.0002248571132 0.4026897914 0
0.7490044615 0.6186552151 0.3054739796 -0.03756958356 0.176439864 0.4645145907 -0.004944488631 0.04684516089 0.249068129 -0.9760566515 -0.09986152022 -0.1932384276 0.04838881302 0.7664379346 -0.6404931032 0.2120658763 -0.6345081317 -0.7432546636 0.0002300527438 0.4062803928 0
0.7548884691 0.6235152288 0.3078737132 -0.03813372269 0.1776019069 0.4638315887 -0.005021485582 0.04719795807 0.248975755 -0.9753320824 -0.1020194659 -0.1957533082 0.0494080685 0.7634023166 -0.6440308577 0.2151422131 -0.6378157505 -0.7395301864 0.000234739812 0.4094720386 0
0.7615079776 0.6289827442 0.3105734136 -0.03877261098 0.1789031917 0.4630580881 -0.005108790159 0.04759443293 0.2488710148 -0.9744984612 -0.1044780971 -0.1985877046 0.05056805729 0.7599810837 -0.647975018 0.2186220958 -0.6414928524 -0.7353171422 0.0002400907499 0.4130626401 0
0.7681274861 0.6344502597 0.3132731139 -0.03941595328 0.1801980676 0.462279195 -0.005196816936 0.04799045747 0.2487654081 -0.9736450266 -0.1069694536 -0.2014271535 0.0517420861 0.7565538115 -0.6518811907 0.2221218555 -0.6451231404 -0.7310800332 0.0002455249666 0.4166532415 0
0.7747469946 0.6399177751 0.3159728143 -0.04006372169 0.1814864915 0.4614949433 -0.005285564879 0.04838602799 0.2486589361 -0.9727715246 -0.1094934904 -0.2042712326 0.05293007792 0.7531210046 -0.6557493114 0.2256412369 -0.6487063496 -0.7268191688 0.0002510431949 0.420243843 0
0.7813665031 0.6453852906 0.3186725146 -0.04071588814 0.1827684207 0.4607053668 -0.005375032948 0.04878114082 0.2485516001 -0.9718777018 -0.1120501555 -0.2071195197 0.05413195164 0.7496831671 -0.6595793211 0.229179983 -0.6522422186 -0.7225348599 0.0002566461687 0.4238344444 0
0.7879860116 0.650852806 0.321372215 -0.04137242437 0.1840438129 0.4599104999 -0.005465220096 0.0491757923 0.2484434013 -0.9709633055 -0.1146393899 -0.2099715926 0.055347622 0.7462408029 -0.6633711667 0.2327378356 -0.6557304892 -0.718227419 0.0002623346223 0.4274250459 0
0.7946055201 0.6563203215 0.3240719153 -0.04203330195 0.1853126259 0.459110377 -0.005556125265 0.04956997876 0.248334341 -0.9700280839 -0.1172611278 -0.2128270292 0.05657699966 0.7427944154 -0.6671248006 0.2363145352 -0.6591709068 -0.7138971607 0.0002681092908 0.4310156474 0
0.8004895277 0.6611803352 0.326471649 -0.04262437014 0.1864349026 0.458394772 -0.005637531782 0.04991997339 0.2482366763 -0.96917909 -0.1196187897 -0.2153676779 0.0576812117 0.7397279886 -0.6704292511 0.2395094348 -0.6621886801 -0.7100291421 0.0002733153025 0.4342072931 0
0.8071090362 0.6666478506 0.3291713493 -0.04329336982 0.1876911746 0.4575848156 -0.005729790299 0.05031327152 0.2481259921 -0.9682038478 -0.1223017193 -0.2182283175 0.05893622261 0.7362753726 -0.6741105972 0.2431210208 -0.6655380268 -0.7056566475 0.0002792548298 0.4377978946 0
0.8137285447 0.6721153661 0.3318710497 -0.04396662771 0.1889407477 0.4567697039 -0.005822763736 0.05070609408 0.2480144502 -0.967207058 -0.1250169236 -0.221091103 0.06020465966 0.7328201838 -0.6777536257 0.246750696 -0.6688388049 -0.7012622527 0.0002852826997 0.4413884961 0
0.8203480532 0.6775828815 0.33457075 -0.04464411468 0.190183581 0.4559494719 -0.005916451004 0.05109843745 0.2479020518 -0.9661884724 -0.1277643101 -0.2239556136 0.06148641757 0.7293629228 -0.6813583105 0.2503981954 -0.6720907736 -0.6968462785 0.0002913996499 0.4449790975 0
0.8269675617 0.683050397 0.3372704504 -0.04532580146 0.191419634 0.4551241553 -0.006010851006 0.05149029798 0.2477887982 -0.9651478441 -0.1305437796 -0.2268214291 0.06278138702 0.7259040891 -0.6849246316 0.254063253 -0.6752936954 -0.692409047 0.0002976064186 0.448569699 0
0.8335870702 0.6885179124 0.3399701507 -0.04601165857 0.1926488665 0.4542937896 -0.006105962633 0.05188167205 0.2476746908 -0.9640849272 -0.1333552258 -0.2296881297 0.06408945462 0.7224441813 -0.6884525741 0.2577456013 -0.6784473367 -0.6879508822 0.0003039037448 0.4521603005 0
0.8402065787 0.6939854278 0.3426698511 -0.04670165641 0.1938712387 0.4534584108 -0.006201784774 0.05227255605 0.2475597308 -0.9629994772 -0.1361985357 -0.2325552963 0.06541050293 0.7189836967 -0.691942129 0.2614449714 -0.6815514674 -0.6834721093 0.0003102923679 0.4557509019 0
0.8460905863 0.6988454416 0.3450695847 -0.04731843989 0.1949520006 0.4527116725 -0.006287555581 0.05261959415 0.2474568295 -0.9620155193 -0.1387525755 -0.2351039419 0.06659556738 0.7159076275 -0.695011726 0.2647473722 -0.6842689469 -0.6794739415 0.0003160483865 0.4589425477 0
0.8527100948 0.704312957 0.3477692851 -0.04801617765 0.1961613068 0.451866923 -0.00638471673 0.0530095426 0.2473402629 -0.9608868439 -0.1416557402 -0.2379708481 0.06794080018 0.7124474063 -0.6984287658 0.2684781573 -0.6872789423 -0.6749571353 0.0003226114788 0.4625331491 0
0.8593296033 0.7097804724 0.3504689854 -0.0487179696 0.1973636395 0.451017265 -0.006482585125 0.05339899055 0.2472228476 -0.9597349361 -0.1445904042 -0.2408370142 0.06929865185 0.7089880381 -0.7018074228 0.2722251811 -0.6902387825 -0.6704206694 0.0003292680072 0.4661237506 0
0.8659491118 0.7152479879 0.3531686858 -0.04942378549 0.19855896 0.4501627353 -0.00658115962 0.05378793441 0.2471045851 -0.9585595568 -0.1475564282 -0.2437020242 0.07066898939 0.7055300149 -0.7051477094 0.2759881702 -0.6931482515 -0.6658648747 0.0003360187131 0.4697143521 0
0.8725686203 0.7207155033 0.3558683861 -0.05013359488 0.1997472302 0.4493033707 -0.006680439059 0.0541763706 0.2469854767 -0.957360468 -0.1505536663 -0.2465654636 0.07205167579 0.7020738271 -0.7084496435 0.2797668499 -0.6960071371 -0.6612900837 0.0003428643386 0.4733049535 0
0.8791881288 0.7261830188 0.3585680865 -0.05084736718 0.2009284121 0.4484392082 -0.00678042228 0.05456429554 0.2468655238 -0.9561374337 -0.1535819658 -0.2494269185 0.07344657011 0.6986199634 -0.7117132485 0.2835609444 -0.6988152306 -0.6566966304 0.0003498056261 0.476895555 0
0.8850721364 0.7310430325 0.3609678201 -0.05148513348 0.2019723706 0.447667066 -0.006869886137 0.05490868562 0.2467581912 -0.95503 -0.1562997351 -0.2519684345 0.07469660776 0.6955522073 -0.7145820763 0.28694619 -0.7012685076 -0.6525981645 0.0003560565686 0.4800872007 0
0.8916916449 0.7365105479 0.3636675205 -0.05220630728 0.2031400616 0.4467939425 -0.006971195522 0.05529563511 0.246636647 -0.9537610964 -0.1593862661 -0.2548250166 0.07611416303 0.6921040607 -0.7177733649 0.2907686453 -0.7039801043 -0.6479703756 0.0003631805779 0.4836778022 0
0.8983111534 0.7419780634 0.3663672208 -0.05293135475 0.2043005567 0.4459161292 -0.007073205282 0.05568206304 0.2465142624 -0.9524675743 -0.1625033802 -0.257678426 0.07754349702 0.6886596398 -0.7209264224 0.2946057126 -0.7066403271 -0.6433248963 0.0003704023961 0.4872684037 0
0.9049306619 0.7474455788 0.3690669212 -0.0536602447 0.2054538196 0.4450336638 -0.007175914224 0.05606796586 0.2463910389 -0.9511492041 -0.165650899 -0.2605282541 0.07898445359 0.6852194258 -0.7240412935 0.2984571119 -0.7092489818 -0.6386620657 0.0003777227674 0.4908590051 0
0.9115501704 0.7529130943 0.3717666215 -0.05439294579 0.2065998141 0.4441465843 -0.007279321144 0.05645334002 0.2462669778 -0.949805758 -0.1688286376 -0.2633740935 0.08043687275 0.6817838976 -0.7271180279 0.3023225621 -0.7118058781 -0.633982224 0.000385142436 0.4944496066 0
0.9181696789 0.7583806097 0.3744663219 -0.05512942653 0.2077385042 0.4432549287 -0.007383424831 0.05683818199 0.2461420805 -0.9484370103 -0.1720364046 -0.2662155386 0.08190059067 0.6783535322 -0.7301566809 0.3062017812 -0.7143108293 -0.6292857128 0.0003926621467 0.4980402081 0
