0.006357484442 0.005340414081 0.0002483869171 -2.885876004e-06 0.001621149219 0.5099965645 -3.61847567e-07 0.0004037029719 0.2549995739 -0.9999999999 -7.031012631e-08 -1.680640348e-05 3.60022875e-08 0.999979993 -0.006325625065 1.680651199e-05 -0.006325625065 -0.9999799929 3.372304828e-08 0.0003303545998 0
0.0124803238 0.0104837216 0.000487606251 -1.112127269e-05 0.003182412114 0.5099867607 -1.401781804e-06 0.0007938993671 0.2549983494 -0.9999999979 -5.353580795e-07 -6.476502554e-05 2.688949895e-07 0.9999229014 -0.01241737784 6.476667999e-05 -0.01241737783 -0.9999228993 7.16622749e-08 0.0006485163139 0
0.01783780825 0.01498411568 0.0006969231682 -2.271850501e-05 0.00454843539 0.5099729548 -2.872985816e-06 0.001135952436 0.2549966168 -0.9999999912 -1.564398324e-06 -0.000132297075 7.837282079e-07 0.9998425091 -0.0177470299 0.0001323040029 -0.01774702985 -0.9998425003 7.131585423e-08 0.0009269078137 0
0.02396064761 0.0201274232 0.000936142502 -4.099061104e-05 0.00610946657 0.5099512028 -5.19577266e-06 0.001527052727 0.2549938814 -0.9999999715 -3.792550392e-06 -0.0002386878866 1.898128676e-06 0.9997158585 -0.02383699263 0.0002387104685 -0.0238369924 -0.99971583 3.31827948e-08 0.001245069528 0
0.03008348697 0.02527073072 0.001175361836 -6.461470712e-05 0.007670302428 0.5099230796 -8.201739151e-06 0.001918148002 0.2549903413 -0.9999999292 -7.5066105e-06 -0.0003762232961 3.7554019e-06 0.9995521335 -0.02992544665 0.0003762794369 -0.02992544594 -0.9995520627 4.11651551e-08 0.001563231242 0
0.03544097141 0.02977112481 0.001384678753 -8.967538808e-05 0.009035834353 0.5098932461 -1.139180858e-05 0.00226030958 0.2549865844 -0.9999998636 -1.227344214e-05 -0.0005221003183 6.138903691e-06 0.9993784796 -0.03525130354 0.0005222084771 -0.03525130193 -0.9993783433 1.263989307e-07 0.001841622742 0
0.04156381077 0.03491443233 0.001623898087 -0.0001233318613 0.0105961695 0.5098531799 -1.56770467e-05 0.002651291275 0.2549815377 -0.9999997421 -1.979541827e-05 -0.0007179775042 9.899743062e-06 0.9991453068 -0.04133589088 0.000718182115 -0.04133588733 -0.9991450488 2.478705594e-07 0.002159784456 0
0.04768665014 0.04005773985 0.001863117421 -0.0001623371656 0.01215616591 0.5098067461 -2.064411202e-05 0.003042212168 0.254975688 -0.9999995531 -2.989258849e-05 -0.0009449333773 1.494776459e-05 0.9988751404 -0.047417863 0.0009452879025 -0.04741785594 -0.9988746935 3.928748312e-07 0.00247794617 0
0.05304413458 0.04455813393 0.002072434338 -0.0002008533486 0.01352084569 0.5097608946 -2.554946903e-05 0.00338422172 0.254969911 -0.9999993159 -4.1137303e-05 -0.001168989573 2.05691248e-05 0.9986084285 -0.05273714125 0.001169532304 -0.05273712921 -0.9986077445 5.383035193e-07 0.00275633767 0
0.05916697394 0.04970144145 0.002311653672 -0.0002498835168 0.01508007257 0.5097025267 -3.179453182e-05 0.003775040121 0.2549625562 -0.9999989411 -5.708156786e-05 -0.001454130515 2.853930198e-05 0.9982690067 -0.05881317454 0.001454970573 -0.05881315376 -0.998267948 7.252704814e-07 0.003074499384 0
0.0652898133 0.05484474897 0.002550873006 -0.0003042576613 0.0166388174 0.5096377971 -3.872102721e-05 0.004165807562 0.2549543988 -0.9999984302 -7.66865031e-05 -0.001770248926 3.83386248e-05 0.9978927156 -0.06488548912 0.00177149435 -0.06488545513 -0.9978911461 9.341562663e-07 0.003392661098 0
0.07064729774 0.05934514305 0.002760189923 -0.0003562171336 0.01800228454 0.5095759421 -4.534062033e-05 0.004507687973 0.254946603 -0.9999978482 -9.713960859e-05 -0.00207222968 4.856113213e-05 0.9975332584 -0.07019541286 0.00207393678 -0.07019536245 -0.9975311072 1.134836193e-06 0.003671052597 0
0.07677013711 0.06448845057 0.002999409257 -0.0004206054507 0.0195599913 0.5094992911 -5.354453713e-05 0.004898361404 0.2549369412 -0.999997 -0.0001246221667 -0.002446310367 6.229587355e-05 0.9970879854 -0.07625972333 0.002448690328 -0.07625964695 -0.9970849864 1.384644713e-06 0.003989214311 0
0.08289297647 0.06963175809 0.003238628591 -0.0004903311952 0.02111707287 0.5094162863 -6.242960649e-05 0.005288983887 0.2549264773 -0.9999959229 -0.0001568454555 -0.002851232131 7.839838929e-05 0.9966060107 -0.0823192159 0.002854466475 -0.08231910381 -0.9966019352 1.656333684e-06 0.004307376026 0
0.08825046091 0.07413215217 0.003447945508 -0.0005557174826 0.0224789673 0.5093384473 -7.076272186e-05 0.005630735716 0.2549166634 -0.9999947631 -0.0001892238364 -0.003230794349 9.45769438e-05 0.9961542294 -0.08761702011 0.003234948684 -0.08761686683 -0.9961489948 1.912090163e-06 0.004585767525 0
0.09437330027 0.0792754597 0.003687164842 -0.0006354435342 0.02403474263 0.5092435376 -8.092468015e-05 0.006021258701 0.2549046957 -0.9999931527 -0.000231343621 -0.003693389808 0.0001156209647 0.9956036271 -0.09366645255 0.003698821425 -0.09366623822 -0.9955967831 2.225108532e-06 0.004903929239 0
0.1004961396 0.08441876722 0.003926384176 -0.0007204987728 0.02558974986 0.5091422838 -9.176749195e-05 0.00641172581 0.2548919261 -0.9999911969 -0.0002792771823 -0.00418665496 0.0001395670699 0.9950165334 -0.09970997348 0.004193637626 -0.09970968004 -0.9950077352 2.560388153e-06 0.005222090953 0
0.106618979 0.08956207474 0.004165603509 -0.0008108799363 0.02714393934 0.5090346897 -0.000103291043 0.006802134748 0.2548783548 -0.9999888499 -0.0003333958178 -0.004710522034 0.0001665999143 0.9943930315 -0.105747204 0.004719365961 -0.1057468097 -0.9943818883 2.918111764e-06 0.005540252668 0
0.1119764634 0.09406246882 0.004374920427 -0.0008943296572 0.02850314532 0.5089353472 -0.0001139324746 0.007143692907 0.2548658224 -0.9999864368 -0.0003861143644 -0.005193952387 0.000192930389 0.9938176706 -0.1110243236 0.005204709749 -0.1110238198 -0.9938041167 3.2496894e-06 0.005818644167 0
0.1180993028 0.09920577634 0.00461413976 -0.0009946874267 0.03005566784 0.5088158765 -0.0001267320823 0.007533985982 0.2548507483 -0.999983222 -0.0004528268704 -0.005775000795 0.000226246168 0.9931261455 -0.1170487417 0.005788307096 -0.1170480844 -0.9931093804 3.65005349e-06 0.006136805881 0
0.1242221422 0.1043490839 0.004853359094 -0.001100360606 0.03160723007 0.5086900781 -0.000140212066 0.0079242134 0.254834873 -0.9999794678 -0.0005267855309 -0.006386432948 0.0002631756298 0.9923984801 -0.1230657854 0.006402715626 -0.1230649393 -0.9923779653 4.073487216e-06 0.006454967595 0
0.1295796266 0.1088494779 0.005062676011 -0.001197181754 0.03296402038 0.5085748176 -0.0001525650634 0.008265606322 0.2548203249 -0.9999756956 -0.0005977317287 -0.006946294344 0.0002985961866 0.9917322073 -0.1283243543 0.00696556736 -0.1283233095 -0.9917079253 4.463110107e-06 0.006733359095 0
0.135702466 0.1139927855 0.005301895345 -0.001312810244 0.03451364869 0.5084371679 -0.0001673203721 0.008655702998 0.2548029476 -0.999970774 -0.0006862640608 -0.007614466451 0.0003427906158 0.9909370604 -0.1343265605 0.007637640492 -0.1343252449 -0.9909078641 4.930476686e-06 0.007051520809 0
0.1418253053 0.119136093 0.005541114679 -0.001433741945 0.03606217453 0.508293205 -0.0001827556389 0.009045725756 0.2547847694 -0.9999651417 -0.0007830929034 -0.008312769745 0.0003911190698 0.9901060831 -0.1403203167 0.008340407736 -0.1403186767 -0.9900712634 5.421660107e-06 0.007369682523 0
0.1471827898 0.1236364871 0.005750431596 -0.001543903834 0.03741619144 0.508162063 -0.0001968191511 0.009386932693 0.2547682069 -0.9999595793 -0.0008749089153 -0.008948426868 0.0004369386089 0.9893496781 -0.1455576293 0.00898047291 -0.1455556557 -0.9893093056 5.871206424e-06 0.007648074023 0
0.1533056291 0.1287797946 0.00598965093 -0.001674766399 0.03896251708 0.5080062779 -0.0002135289071 0.009776808795 0.2547485278 -0.9999524368 -0.0009882696595 -0.009702964574 0.0004935007859 0.9884518398 -0.1515345403 0.009740670173 -0.1515321213 -0.9884043381 6.407823402e-06 0.007966235737 0
0.1594284685 0.1339231021 0.006228870264 -0.001810918298 0.04050759843 0.5078441962 -0.0002309181473 0.01016660232 0.2547280485 -0.9999443891 -0.001110964989 -0.01048734686 0.0005547097711 0.9875185227 -0.1575019354 0.01053142841 -0.1574989941 -0.9874629896 6.969107933e-06 0.008284397451 0
0.1647859529 0.1384234962 0.006438187181 -0.001934386018 0.04185848521 0.5076972143 -0.0002466909821 0.0105076015 0.2547094728 -0.9999365476 -0.001226262085 -0.01119807875 0.0006122181788 0.9866728702 -0.1627153107 0.01124837212 -0.1627118417 -0.9866095128 7.480716866e-06 0.008562788951 0
0.1709087923 0.1435668037 0.006677406515 -0.002080441192 0.04340110088 0.5075233433 -0.0002653537697 0.0108972319 0.2546874937 -0.9999266041 -0.001367423073 -0.01203812642 0.0006826145808 0.9856733902 -0.1686638722 0.01209629575 -0.1686597104 -0.9856001125 8.089119283e-06 0.008880950665 0
0.1770316317 0.1487101112 0.006916625849 -0.002231770148 0.04494233089 0.507343194 -0.0002846955108 0.01128677085 0.2546647149 -0.9999155385 -0.001518942902 -0.0129076984 0.0007581620699 0.9846388244 -0.1746018631 0.01297463124 -0.174596902 -0.9845545088 8.7231333e-06 0.009199112379 0
0.1823891161 0.1532105053 0.007125942766 -0.002368504581 0.04628973189 0.5071804188 -0.0003021763329 0.01162753995 0.2546441277 -0.9999048722 -0.001660297589 -0.01369269942 0.0008286278394 0.9837049129 -0.1797886475 0.01376807834 -0.1797828907 -0.9836099594 9.299179075e-06 0.009477503879 0
0.1885119555 0.1583538128 0.0073651621 -0.00252970609 0.04782823159 0.5069885168 -0.0003227905729 0.01201689899 0.2546198503 -0.9998914829 -0.00183218949 -0.01461730501 0.0009142996149 0.9826049592 -0.1857058381 0.01470328467 -0.1856990504 -0.9824966545 9.982163074e-06 0.009795665593 0
0.1946347948 0.1634971204 0.007604381434 -0.002696164164 0.04936520474 0.5067903572 -0.0003440831786 0.01240615757 0.254594774 -0.9998767321 -0.002015449148 -0.0155710814 0.001005617318 0.9814703532 -0.1916114154 0.01566873782 -0.1916034544 -0.9813473426 1.069178871e-05 0.01011382731 0
0.2007576342 0.1686404279 0.007843600768 -0.002867872425 0.05090060246 0.5065859474 -0.0003660539321 0.01279531254 0.254568899 -0.9998605315 -0.002210423619 -0.01655389792 0.001102750686 0.9803012553 -0.1975050197 0.01666437667 -0.1974957288 -0.9801620966 1.142843324e-05 0.01043198902 0
0.2061151186 0.173140822 0.008052917685 -0.00302241878 0.05224274474 0.5064019681 -0.0003858344582 0.01313573566 0.2545456035 -0.9998450952 -0.002390907321 -0.01743757863 0.001192645498 0.97925013 -0.2026518206 0.01756027286 -0.2026412258 -0.979095588 1.20954649e-05 0.01071038052 0
0.212237958 0.1782841295 0.008292137019 -0.00320395325 0.05377505701 0.5061858608 -0.0004090761279 0.01352468785 0.2545182318 -0.9998259288 -0.002608775132 -0.0184744795 0.001301136207 0.9780168083 -0.2085220125 0.01861233851 -0.2085097526 -0.9778431694 1.288381927e-05 0.01102854224 0
0.2183607974 0.183427437 0.008531356353 -0.003390718451 0.05530565371 0.5059635265 -0.0004329952806 0.01391352732 0.2544900622 -0.9998050438 -0.002839343629 -0.01954002293 0.001415923247 0.9767494821 -0.2143792071 0.01969440351 -0.2143650797 -0.9765550384 1.370032872e-05 0.01134670395 0
0.2237182818 0.1879278311 0.00874067327 -0.003558423217 0.0566434803 0.5057638827 -0.0004544800949 0.01425366691 0.2544647595 -0.9997852823 -0.00305177582 -0.02049575475 0.001521656238 0.9756128177 -0.2194933132 0.02066576543 -0.2194773716 -0.9753986926 1.443819442e-05 0.01162509545 0
0.2298411212 0.1930711386 0.008979892604 -0.0037549766 0.05817072933 0.5055298962 -0.0004796688636 0.01464228651 0.2544350946 -0.9997609074 -0.003307068837 -0.02161460693 0.001648691207 0.9742822185 -0.2253251885 0.0218038931 -0.2253069507 -0.9740438225 1.530861279e-05 0.01194325716 0
0.2359639605 0.1982144461 0.009219111938 -0.003956739607 0.05969612324 0.5052897079 -0.0005055343933 0.01503078427 0.2544046327 -0.9997345239 -0.003576029599 -0.02276167205 0.001782491603 0.9729181414 -0.2311430572 0.02297181808 -0.2311222668 -0.9726534806 1.620839454e-05 0.01226141888 0
0.241321445 0.2027148402 0.009428428855 -0.004137549689 0.06102928308 0.5050744629 -0.0005287216796 0.01537061736 0.254377325 -0.9997097074 -0.003822842903 -0.02378837425 0.001905242759 0.9716972626 -0.2362219295 0.02401813747 -0.2361986786 -0.9714079026 1.702013342e-05 0.01253981038 0
0.2474442843 0.2078581477 0.009667648189 -0.004349059759 0.06255106828 0.5048226712 -0.000555855418 0.01575887809 0.2543453696 -0.9996792704 -0.004118322726 -0.02498791291 0.002052159144 0.9702709361 -0.2420126012 0.02524173165 -0.2419862598 -0.96995129 1.797615336e-05 0.01285797209 0
0.2535671237 0.2130014552 0.009906867523 -0.004565756705 0.06407085946 0.5045647048 -0.0005836651384 0.01614700783 0.254312618 -0.9996465136 -0.004428417094 -0.02621520339 0.002206297595 0.9688116968 -0.2477882732 0.0264949055 -0.247758522 -0.9684594647 1.896281176e-05 0.0131761338 0
0.2589246081 0.2175018493 0.01011618444 -0.004759614873 0.06539900318 0.5043339267 -0.0006085529367 0.0164865114 0.2542833076 -0.9996158599 -0.00471199318 -0.027311716 0.002347215573 0.967508025 -0.2528294131 0.02761563488 -0.2527963977 -0.9671253063 1.9851631e-05 0.0134545253 0
0.2650474475 0.2226451568 0.01035540377 -0.004986014692 0.06691492587 0.5040644095 -0.0006376293512 0.01687438695 0.2542490642 -0.9995784473 -0.005050361843 -0.02859058632 0.002515313906 0.9659876313 -0.2585760417 0.02892405533 -0.2585389526 -0.9655677133 2.089697722e-05 0.01377268702 0
0.2711702869 0.2277884644 0.01059462311 -0.005217577001 0.06842871636 0.5037887467 -0.0006673809115 0.01726212235 0.2542140257 -0.9995383836 -0.005404270184 -0.02989671646 0.002691077627 0.9644349275 -0.2643066946 0.03026182235 -0.2642651406 -0.9639751851 2.197429863e-05 0.01409084873 0
0.2765277713 0.2322888584 0.01080394002 -0.005424421914 0.06975149631 0.5035425086 -0.0006939671182 0.01760127335 0.254182715 -0.9995010589 -0.00572693622 -0.03106180184 0.002851277582 0.9630499787 -0.269307647 0.03145637532 -0.2692618442 -0.9625531444 2.29435605e-05 0.01436924023 0
0.2826506107 0.237432166 0.01104315936 -0.005665639849 0.0712611599 0.5032553512 -0.0007249837513 0.01798873738 0.2541461867 -0.9994556992 -0.006110832165 -0.03241856082 0.003041819311 0.9614372852 -0.2750074435 0.03284893744 -0.2749563681 -0.9608953861 2.408213032e-05 0.01468740195 0
0.28877345 0.2425754735 0.01128237869 -0.005911994264 0.07276855384 0.5029620792 -0.0007566746369 0.01837605209 0.2541088642 -0.9994073372 -0.006511169878 -0.03380205737 0.003240455586 0.959792921 -0.2806903065 0.03427059765 -0.2806334859 -0.9592029883 2.52540688e-05 0.01500556366 0
0.2941309345 0.2470758676 0.01149169561 -0.006131760491 0.07408562429 0.5027004589 -0.0007849570048 0.01871482747 0.2540755559 -0.999362458 -0.006875195061 -0.03503440184 0.003421017049 0.958328304 -0.2856486626 0.03553834917 -0.2855864028 -0.9576938092 2.630727836e-05 0.01528395516 0
0.3002537738 0.2522191751 0.01173091494 -0.006387720246 0.07558863436 0.5023957522 -0.0008179112349 0.01910185362 0.2540367456 -0.9993081231 -0.007307189205 -0.0364675202 0.003635222128 0.9566251831 -0.2912988916 0.0370143243 -0.2912299162 -0.955936753 2.754312778e-05 0.01560211687 0
0.3063766132 0.2573624826 0.01197013428 -0.006648788855 0.07708923815 0.5020849636 -0.0008515387671 0.01948872131 0.2539971423 -0.9992504154 -0.007756502815 -0.03792682435 0.003857935928 0.9548910669 -0.296931249 0.03851913384 -0.2968549932 -0.9541453712 2.88137914e-05 0.01592027859 0
0.3124994525 0.2625057901 0.01220935361 -0.006914956332 0.07858738832 0.5017681051 -0.0008858392577 0.01987542733 0.2539567465 -0.9991892014 -0.008223435216 -0.0394121156 0.004089298848 0.9531261987 -0.3025454132 0.04005268253 -0.3024612777 -0.9523197772 3.011978338e-05 0.0162384403 0
0.317856937 0.2670061842 0.01241867053 -0.007152027542 0.07989621985 0.5014858842 -0.0009164039476 0.02021365998 0.2539207503 -0.9991326565 -0.008646686882 -0.04073290413 0.00429894528 0.951556907 -0.3074426317 0.04141803644 -0.3073510819 -0.9506944087 3.129191513e-05 0.0165168318 0
0.3239797764 0.2721494917 0.01265788986 -0.007427727808 0.08138964227 0.5011576774 -0.0009519652843 0.0206000543 0.2538788695 -0.9990645013 -0.009147450238 -0.04226637357 0.004546896934 0.9497350486 -0.3130218255 0.04300520793 -0.3129211749 -0.9488049802 3.266555294e-05 0.01683499352 0
0.3301026157 0.2772927993 0.0128971092 -0.007708497155 0.08288047558 0.5008234362 -0.0009881985525 0.02098627782 0.2538361974 -0.9989924443 -0.009666675135 -0.04382523968 0.004803890423 0.9478831603 -0.3185819157 0.04462083458 -0.3184714583 -0.9468816776 3.407602783e-05 0.01715315523 0
0.3354601002 0.2817931933 0.01310642611 -0.00795832013 0.08418279395 0.5005260349 -0.001020453565 0.02132408077 0.2537982105 -0.9989260822 -0.01013636668 -0.04520991423 0.005036281218 0.946238328 -0.3234310786 0.04605776965 -0.32331143 -0.9451710962 3.53408316e-05 0.01743154673 0
0.3415829395 0.2869365009 0.01334564545 -0.008248564921 0.0856686463 0.5001805137 -0.001057945701 0.02170997544 0.2537540557 -0.9988463253 -0.01069097725 -0.04681582531 0.005310584161 0.9443308356 -0.3289545116 0.04772647263 -0.3288236245 -0.9431846096 3.68218214e-05 0.01774970844 0
0.3477057789 0.2920798084 0.01358486478 -0.008543847415 0.08715177496 0.4998289952 -0.001096108684 0.02209569016 0.2537091109 -0.998762253 -0.0112648647 -0.04844651488 0.005594304822 0.9423940693 -0.3344579525 0.04942333188 -0.3343150027 -0.9411646047 3.834119904e-05 0.01806787016 0
0.3530632633 0.2965802025 0.0137941817 -0.008806343223 0.08844724163 0.4995165077 -0.001130051293 0.02243304042 0.2536691365 -0.9986850336 -0.01178304708 -0.04989352041 0.005850385498 0.9406755977 -0.3392568245 0.05093109626 -0.3391026095 -0.9393697055 3.970257559e-05 0.01834626166 0
0.3591861027 0.30172351 0.01403340103 -0.009111040847 0.08992513789 0.499153781 -0.001169471058 0.02281840917 0.2536227116 -0.9985924699 -0.01239382237 -0.05157007043 0.006152104076 0.9386846753 -0.3447219634 0.0526804576 -0.3445540213 -0.9372872003 4.12954124e-05 0.01866442337 0
0.365308942 0.3068668175 0.01427262037 -0.009420743218 0.09140017683 0.4987850965 -0.001209560532 0.02320358883 0.2535754979 -0.9984951602 -0.01302466124 -0.05327075383 0.006463598683 0.9366652674 -0.3501662444 0.05445766159 -0.3499836211 -0.9351715501 4.292822599e-05 0.01898258509 0
0.3706664265 0.3113672116 0.01448193728 -0.009695828954 0.09268845565 0.4984576213 -0.001245187868 0.02354046344 0.2535335393 -0.9984060002 -0.0135933134 -0.05477846754 0.006744270551 0.9348751399 -0.3549126477 0.05603546636 -0.3547163579 -0.9332932722 4.439017226e-05 0.01926097659 0
0.3767892659 0.3165105191 0.01472115662 -0.01001488319 0.09415801257 0.4980778039 -0.001286531932 0.02392528003 0.253484848 -0.998299376 -0.01426248745 -0.05652377716 0.007074417908 0.9328030841 -0.3603170256 0.05786457071 -0.3601041346 -0.9311158379 4.609945757e-05 0.0195791383 0
0.3829121052 0.3216538266 0.01496037595 -0.01033890765 0.09562457955 0.4976920697 -0.001328544506 0.02430989842 0.2534353695 -0.9981875585 -0.01495248195 -0.05829254895 0.007414681312 0.9307033627 -0.3656997035 0.05972118955 -0.3654691149 -0.9289056494 4.78503433e-05 0.01989730001 0
0.3882695897 0.3261542207 0.01516969287 -0.01062649647 0.0969053369 0.4973497102 -0.001365853559 0.02464627444 0.2533914303 -0.9980853331 -0.01557350781 -0.05985928244 0.00772079967 0.9288436418 -0.3703915203 0.06136820914 -0.3701445054 -0.9269449757 4.941694345e-05 0.02017569151 0
0.394392429 0.3312975282 0.0154089122 -0.01095980661 0.09836617417 0.4969529218 -0.001409118427 0.02503051269 0.2533404768 -0.9979633477 -0.01630322785 -0.06167139814 0.008080335703 0.9266928384 -0.3757327394 0.06327609946 -0.375465828 -0.9246737518 5.124737529e-05 0.02049385323 0
0.4005152684 0.3364408357 0.01564813154 -0.0112980509 0.09982388993 0.4965502596 -0.001453050552 0.02541454364 0.2532887375 -0.9978357063 -0.01705449427 -0.06350627962 0.008450308819 0.9245152197 -0.3810514413 0.06521116167 -0.3807633817 -0.9223701814 5.312106258e-05 0.02081201494 0
0.4066381077 0.3415841433 0.01588735087 -0.01164121643 0.1012784387 0.496141739 -0.001497649485 0.02579836413 0.2532362129 -0.9977022441 -0.01782755208 -0.06536367891 0.008830826108 0.9223110882 -0.3863473477 0.06717327329 -0.3860368311 -0.9200344105 5.503858778e-05 0.02113017666 0
0.4119955922 0.3460845373 0.01609666779 -0.01194551294 0.1025485352 0.4957794898 -0.001537220184 0.02613403194 0.2531896101 -0.9975805592 -0.01852204306 -0.0670071778 0.009172510611 0.920360965 -0.3909623499 0.0689122123 -0.3906310637 -0.9179643125 5.675284352e-05 0.02140856816 0
0.4181184315 0.3512278449 0.01633588712 -0.01229787035 0.1039970236 0.4953600267 -0.001583068146 0.02651744933 0.2531356144 -0.9974357334 -0.0193366065 -0.0689061196 0.009573078481 0.91810795 -0.3962147755 0.07092470541 -0.3958584189 -0.9155685656 5.875414614e-05 0.02172672987 0
0.4242412709 0.3563711524 0.01657510645 -0.01265511086 0.1054422149 0.4949347505 -0.001629581587 0.02690064718 0.253080835 -0.997284604 -0.02017364379 -0.07082685032 0.009984484927 0.9158293114 -0.401443623 0.07296388621 -0.4010607142 -0.9131410487 6.080097928e-05 0.02204489158 0
0.4295987554 0.3608715465 0.01678442337 -0.01297169126 0.1067040173 0.4945578781 -0.001670826374 0.02723576274 0.2530322605 -0.9971470601 -0.02092466759 -0.07252515992 0.0103534334 0.9138147315 -0.4059993139 0.07476996023 -0.4055919067 -0.9109910308 6.262977493e-05 0.02232328308 0
0.4357215947 0.366014854 0.01702364271 -0.0133380507 0.1081429054 0.4941217463 -0.001718586299 0.02761854049 0.252976013 -0.9969836482 -0.02180445895 -0.07448604474 0.01078542334 0.9114889025 -0.411183238 0.0768588312 -0.4107463283 -0.908504361 6.476358283e-05 0.0226414448 0
0.4418444341 0.3711581615 0.01726286204 -0.01370925357 0.1095783675 0.4936798486 -0.001767010317 0.02800108965 0.2529189834 -0.9968134355 -0.02270737315 -0.07646796661 0.01122852576 0.9091383666 -0.4163428282 0.07897401422 -0.4158747474 -0.9059863683 6.694463856e-05 0.02295960651 0
0.4472019185 0.3756585556 0.01747217896 -0.01403801808 0.1108315514 0.4932884716 -0.001809925706 0.02833563018 0.2528684414 -0.9966587825 -0.0235165623 -0.07821919559 0.01162542719 0.9070616358 -0.4208373063 0.08084627823 -0.4203405289 -0.9037575555 6.889229403e-05 0.02323799801 0
0.4533247579 0.3808018631 0.01771139829 -0.01441826408 0.1122604696 0.4928358086 -0.001859593557 0.02871774227 0.2528099469 -0.996475343 -0.02446341532 -0.08023984097 0.01208960703 0.9046656529 -0.4259505814 0.0830104341 -0.4254193198 -0.9011812637 7.116356587e-05 0.02355615973 0
0.4594475972 0.3859451706 0.01795061762 -0.01480331234 0.1136858342 0.4923774287 -0.001909924059 0.02909961674 0.2527506719 -0.9962845927 -0.02543400574 -0.08228074955 0.01256515217 0.902245906 -0.4310387941 0.08520051259 -0.4304711796 -0.8985741128 7.348382514e-05 0.02387432144 0
0.4648050817 0.3904455647 0.01815993454 -0.01514415739 0.1149300783 0.4919716704 -0.001954506424 0.02943355952 0.2526981666 -0.9961115472 -0.02630290608 -0.08408295127 0.01299064249 0.9001093958 -0.4354702272 0.08713798695 -0.4348692133 -0.8962676713 7.555471639e-05 0.02415271294 0
0.470927921 0.3955888722 0.01839915388 -0.01553817019 0.1163486607 0.4915026188 -0.002006078003 0.02981498 0.2526374299 -0.9959066017 -0.02731855458 -0.0861611125 0.01348771889 0.8976459933 -0.4405107855 0.08937629535 -0.4398697162 -0.8936031057 7.796847277e-05 0.02447087465 0
0.4770507604 0.4007321798 0.01863837321 -0.01593694258 0.1177635628 0.491027901 -0.002058310735 0.03019615385 0.2525759146 -0.9956938228 -0.02835851961 -0.08825874211 0.01399639175 0.8951597943 -0.4455255813 0.09164012337 -0.4448423732 -0.8909081607 8.043297623e-05 0.02478903637 0
0.4824082448 0.4052325738 0.01884769013 -0.01628976084 0.118998549 0.4906078893 -0.002104556308 0.03052947619 0.2525214504 -0.9955010705 -0.02928858797 -0.09010991719 0.01445105243 0.892965939 -0.4498922081 0.09364179433 -0.449170358 -0.8885252973 8.263152975e-05 0.02506742787 0
0.4885310842 0.4103758814 0.01908690946 -0.0166974164 0.1204064331 0.4901225966 -0.002158027256 0.03091017916 0.2524584767 -0.9952731059 -0.03037466315 -0.09224329027 0.01498166928 0.8904379211 -0.4548580639 0.09595308409 -0.4540899565 -0.8857738521 8.519284704e-05 0.02538558958 0
0.4946539236 0.4155191889 0.01932612879 -0.01710978741 0.1218105117 0.4896316904 -0.002212157804 0.03129062652 0.2523947262 -0.9950367738 -0.03148559771 -0.09439531699 0.01552409157 0.8878880979 -0.4597974861 0.09828947713 -0.4589808087 -0.8829925231 8.780668914e-05 0.0257037513 0
0.500011408 0.420019583 0.01953544571 -0.01747446785 0.123035925 0.4891975574 -0.002260062676 0.03162330581 0.2523383077 -0.9948229715 -0.03247819965 -0.09629341594 0.01600844826 0.8856393905 -0.4640976185 0.1003542973 -0.4632364801 -0.8805344846 9.013737686e-05 0.0259821428 0
0.5061342474 0.4251628905 0.01977466505 -0.0178956379 0.1244327521 0.4886961764 -0.002315428474 0.03200326545 0.2522731023 -0.9945704422 -0.03363622759 -0.09847964061 0.01657318521 0.8830496279 -0.46898687 0.1027373591 -0.4680726 -0.8776975995 9.285138163e-05 0.02630030451 0
0.5122570867 0.430306198 0.02001388438 -0.01832147781 0.1258256499 0.4881892362 -0.002371452262 0.03238296051 0.252207122 -0.994309001 -0.03481962066 -0.1006836853 0.01714991389 0.8804390732 -0.4738490464 0.1051450947 -0.4728790885 -0.8748313419 9.561970521e-05 0.02661846622 0
0.5183799261 0.4354495055 0.02025310371 -0.01875197138 0.1272145757 0.4876767561 -0.002428133467 0.03276238786 0.2521403673 -0.9940384561 -0.03602854591 -0.102905256 0.01773869368 0.8778080839 -0.4786839318 0.1075773516 -0.4776556413 -0.8719358931 9.84429751e-05 0.02693662794 0
0.5237374105 0.4399498996 0.02046242063 -0.01913245785 0.128426594 0.4872238068 -0.002478268353 0.03309416474 0.2520813224 -0.9937941097 -0.03710742769 -0.1048632741 0.01826380622 0.8754894883 -0.4828919023 0.1097255706 -0.4818103306 -0.8693785737 0.000100958904 0.02721501944 0
0.5298602499 0.4450932071 0.02070163996 -0.01957163278 0.1298079576 0.4867009919 -0.002536180647 0.03347308176 0.2520131178 -0.9935059745 -0.03836465998 -0.1071169057 0.01887533211 0.8728211557 -0.4876750475 0.1122033888 -0.4865299405 -0.8664288872 0.0001038868955 0.02753318115 0
0.5359830893 0.4502365146 0.0209408593 -0.02001541384 0.1311852272 0.4861726937 -0.002594748674 0.03385172214 0.2519441409 -0.993208178 -0.03964787893 -0.109387206 0.01949906411 0.8701334294 -0.4924303012 0.1147052816 -0.4912187504 -0.8634505415 0.0001068716466 0.02785134287 0
0.5413405737 0.4547369087 0.02115017621 -0.02040748748 0.1323869465 0.4857059505 -0.002646533131 0.03418280311 0.2518831531 -0.9929395268 -0.04079212994 -0.1113871548 0.02005488052 0.8677660479 -0.49656811 0.116914062 -0.4952959602 -0.8608211277 0.0001095303627 0.02812973437 0
0.5474634131 0.4598802162 0.02138939555 -0.02085985945 0.1337564265 0.4851674252 -0.002706329036 0.03456091643 0.25181273 -0.9926230865 -0.04212447176 -0.1136878933 0.02070162706 0.8650429478 -0.5012705269 0.1194606665 -0.4999262219 -0.8577895556 0.0001126232476 0.02844789608 0
0.5535862524 0.4650235238 0.02162861488 -0.02131678861 0.1351216918 0.4846234749 -0.002766778934 0.0349387442 0.2517415367 -0.9922964189 -0.04348321583 -0.116004427 0.02136071099 0.8623015134 -0.5059444831 0.1220308861 -0.5045248357 -0.8547298713 0.0001157747182 0.02876605779 0
0.5589437369 0.4695239179 0.0218379318 -0.02172032629 0.136312809 0.4841430843 -0.002820208587 0.03526910684 0.2516786112 -0.9920020389 -0.0446938815 -0.1180441093 0.02194756146 0.8598880116 -0.5100106981 0.1242990721 -0.5085224327 -0.852029739 0.000118580815 0.02904444929 0
0.5650665762 0.4746672254 0.02207715113 -0.02218575327 0.13767006 0.4835890178 -0.002881883049 0.03564639087 0.2516059755 -0.9916556588 -0.04610249075 -0.1203894291 0.02262988353 0.8571132067 -0.5146307796 0.1269131304 -0.5130609236 -0.8489178677 0.0001218438542 0.02936261101 0
0.5711894156 0.4798105329 0.02231637047 -0.02265568708 0.1390229774 0.4830295861 -0.002944209709 0.03602338048 0.2515325717 -0.9912984779 -0.04753787832 -0.1227496555 0.02332465015 0.8543211445 -0.5192218628 0.1295503319 -0.517566935 -0.8457784458 0.0001251673166 0.02968077272 0
0.5765469 0.484310927 0.02252568738 -0.02307056217 0.1402031928 0.482535699 -0.002999280042 0.03635300243 0.2514677138 -0.9909769263 -0.0488159046 -0.1248268363 0.02394280423 0.8518642311 -0.5232151316 0.1318767369 -0.5214828274 -0.8430090076 0.0001281254165 0.02995916422 0
0.5826697394 0.4894542345 0.02276490672 -0.0235488981 0.141547874 0.481966265 -0.003062827849 0.03672943167 0.2513928717 -0.9905989509 -0.05030182495 -0.1272141695 0.02466098708 0.8490408326 -0.5277513622 0.134556881 -0.5259271728 -0.8398184653 0.0001315639026 0.03027732594 0
0.5887925788 0.494597542 0.02300412605 -0.02403168916 0.1428881039 0.4813915274 -0.003127026004 0.03710555763 0.2513172636 -0.9902095943 -0.05181485953 -0.129615507 0.02539169717 0.8462012694 -0.5322580891 0.1372596847 -0.5303382242 -0.8366009485 0.0001350646597 0.03059548765 0
0.5941500632 0.4990979361 0.02321344297 -0.02445777153 0.1440571218 0.4808842986 -0.003183732361 0.03743441663 0.2512504787 -0.9898594115 -0.05316109144 -0.131727916 0.02604136291 0.843703693 -0.5361771404 0.1396430912 -0.5341703631 -0.8337636537 0.0001381794107 0.03087387915 0
0.6002729026 0.5042412436 0.0234526623 -0.02494886644 0.1453888966 0.4802996757 -0.003249148142 0.03780996564 0.2511734365 -0.989448167 -0.05472525062 -0.134154656 0.02679562117 0.8408348559 -0.5406280975 0.142387919 -0.5385182375 -0.8304961098 0.0001417986648 0.03119204086 0
0.6063957419 0.5093845511 0.02369188164 -0.02544436339 0.1467161041 0.4797098124 -0.003315212366 0.03818520254 0.2510956305 -0.9890249554 -0.05631681927 -0.1365944851 0.02756246463 0.837950961 -0.5450490781 0.1451549105 -0.5428320208 -0.8272021815 0.0001454820469 0.03151020258 0
0.6125185813 0.5145278587 0.02393110097 -0.0259442436 0.1480387044 0.4791147311 -0.003381924357 0.03856012426 0.2510170615 -0.9885895718 -0.05793589046 -0.1390470822 0.02834190759 0.8350523964 -0.5494399253 0.1479438905 -0.5471114401 -0.8238820774 0.0001492302049 0.03182836429 0
0.6178760657 0.5190282527 0.02414041789 -0.02638521953 0.149192169 0.4785897722 -0.003440828183 0.03888791982 0.2509476884 -0.9881984647 -0.05937520779 -0.1412033249 0.02903426463 0.8325044248 -0.5532570778 0.1504021468 -0.5508275296 -0.820955679 0.0001525634896 0.03210675579 0
0.6239989051 0.5241715603 0.02437963722 -0.02689326717 0.1505060236 0.477984968 -0.003508752893 0.03926224234 0.250867691 -0.9877397043 -0.06104607965 -0.1436789919 0.0298373596 0.8295794055 -0.5575910168 0.1532318783 -0.5550417878 -0.8175870628 0.000156434852 0.03242491751 0
0.6301217445 0.5293148678 0.02461885656 -0.02740564317 0.1518151571 0.4773750111 -0.00357732339 0.0396362409 0.250786933 -0.9872681797 -0.06274469369 -0.1461664965 0.03065307821 0.82664084 -0.5618943943 0.1560830871 -0.5592209089 -0.8141928794 0.0001603728582 0.03274307922 0
0.6354792289 0.5338152619 0.02482817347 -0.02785750755 0.1529567454 0.4768370901 -0.003637851772 0.0399632215 0.2507156464 -0.9868449626 -0.06425379622 -0.1483525173 0.03137718934 0.8240587925 -0.5656346687 0.158595371 -0.5628486086 -0.8112021648 0.0001638737946 0.03302147072 0
0.6416020683 0.5389585694 0.02506739281 -0.02837794684 0.1542569213 0.4762175343 -0.003707631226 0.04033660441 0.2506334645 -0.9863489478 -0.06600462122 -0.1508613377 0.03221658151 0.8210958895 -0.5698803666 0.161486362 -0.5669611365 -0.8077606233 0.0001679385147 0.03333963243 0
0.6477249076 0.5441018769 0.02530661214 -0.0289026583 0.1555522639 0.4755928927 -0.003778054435 0.04070965461 0.2505505242 -0.9858395733 -0.06778338631 -0.1533810554 0.03306859611 0.8181205746 -0.5740951084 0.1643983077 -0.5710377729 -0.8042941367 0.000172071754 0.03365779415 0
0.6530823921 0.548602271 0.02551592906 -0.02936526975 0.1566816936 0.4750421779 -0.003840202257 0.04103579822 0.2504773302 -0.9853827484 -0.06936277187 -0.1555944889 0.03382445828 0.8155073043 -0.577757512 0.1669633047 -0.5745751844 -0.8012406707 0.0001757450594 0.03393618565 0
0.6592052314 0.5537455785 0.02575514839 -0.02989793792 0.1579678698 0.4744080642 -0.00391183056 0.04140821638 0.2503929705 -0.9848477648 -0.07119407962 -0.158133751 0.03470012028 0.8125097872 -0.5819138659 0.1699140425 -0.5785838303 -0.7977280047 0.0001800085348 0.03425434736 0
0.6653280708 0.558888886 0.02599436773 -0.03043482078 0.1592491022 0.4737689331 -0.003984100529 0.0417802931 0.250307855 -0.9842988238 -0.07305348328 -0.1606829614 0.03558837797 0.8095010016 -0.586038903 0.1728852014 -0.5825558489 -0.7941910287 0.0001843424111 0.03457250908 0
0.6706855552 0.5633892801 0.02620368464 -0.03090803469 0.1603660952 0.4732055967 -0.004047862538 0.04210557777 0.2502327596 -0.9838068872 -0.07470354385 -0.1629214204 0.03637592389 0.8068593844 -0.5896225284 0.1755015694 -0.5860011215 -0.7910764089 0.0001881928193 0.03485090058 0
0.6768083946 0.5685325876 0.02644290398 -0.03145276527 0.1616379555 0.4725571233 -0.004121333635 0.04247700613 0.2501462293 -0.9832312145 -0.07661574267 -0.1654883888 0.03728775477 0.8038305474 -0.5936885331 0.17851051 -0.5899037879 -0.7874944564 0.0001926604657 0.03516906229 0
0.682931234 0.5736758952 0.02668212331 -0.03200165178 0.1629047633 0.4719037026 -0.004195444257 0.04284808435 0.2500589458 -0.9826409852 -0.07855615086 -0.1680643491 0.03821212893 0.8007915926 -0.5977228944 0.1815393276 -0.5937691103 -0.7838888417 0.0001972004006 0.035487224 0
0.6882887184 0.5781762892 0.02689144023 -0.03248532034 0.1640090459 0.4713279204 -0.004260815066 0.04317248821 0.2499819554 -0.9821124296 -0.08027717183 -0.1703254279 0.0390312267 0.798124523 -0.6012269198 0.1842056976 -0.5971204413 -0.7807146979 0.0002012326599 0.0357656155 0
0.6944115578 0.5833195968 0.02713065956 -0.03304194323 0.1652662793 0.4706652898 -0.004336122748 0.04354290181 0.2498932618 -0.9814943444 -0.082270548 -0.1729173468 0.03997905159 0.7950676802 -0.6052016683 0.1872712667 -0.6009150862 -0.777065333 0.0002059099091 0.03608377722 0
0.7005343971 0.5884629043 0.0273698789 -0.03360266204 0.166518353 0.4699977833 -0.00441206776 0.04391295661 0.2498038175 -0.980861103 -0.08429220439 -0.1755172952 0.04093934152 0.7920018759 -0.6091444811 0.1903561581 -0.6046716901 -0.7733929663 0.0002106613397 0.03640193893 0
0.7058918816 0.5929632984 0.02757919581 -0.03409663432 0.167609656 0.4694097351 -0.004479041843 0.04423645788 0.2497249386 -0.98029442 -0.08608436398 -0.1777985725 0.04178979437 0.7893122631 -0.6125681712 0.193071135 -0.6079273259 -0.7701609593 0.0002148802117 0.03668033043 0
0.7120147209 0.5981066059 0.02781841515 -0.03466497585 0.1688519563 0.4687331542 -0.004556179747 0.04460583185 0.2496340892 -0.9796321988 -0.08815908113 -0.1804126698 0.04277336413 0.7862307436 -0.6164508555 0.1961917285 -0.6116119638 -0.7664460916 0.0002197725102 0.03699849215 0
0.7181375603 0.6032499134 0.02805763448 -0.03523735208 0.1700889917 0.4680517701 -0.004633952731 0.0449748384 0.2495424917 -0.9789542224 -0.09026210658 -0.1830338292 0.04376929484 0.7831414233 -0.6203013461 0.1993310797 -0.6152578835 -0.7627088943 0.0002247408875 0.03731665386 0
0.7242603997 0.6083932209 0.02829685381 -0.03581374143 0.171320726 0.4673656086 -0.004712359997 0.04534347454 0.249450147 -0.9782602826 -0.09239344004 -0.185661713 0.04477754423 0.7800447067 -0.6241195616 0.2024889897 -0.6188648542 -0.7589496039 0.0002297860046 0.03763481557 0
0.7296178841 0.612893615 0.02850617073 -0.03632135705 0.1723941167 0.4667613187 -0.004781486037 0.04566572495 0.2493687333 -0.9776398271 -0.09428157407 -0.187966362 0.04566983199 0.7773293304 -0.6274339635 0.205267228 -0.6219888237 -0.7556422886 0.0002342639528 0.03791320707 0
0.7357407235 0.6180369225 0.02874539007 -0.03690521233 0.1736158148 0.4660662695 -0.004861080419 0.04603365852 0.2492749902 -0.9769153964 -0.09646596624 -0.1906059435 0.04670105403 0.7742198365 -0.6311914578 0.2084593962 -0.6255221516 -0.7518422161 0.0002394547404 0.03823136879 0
0.7418635628 0.62318023 0.0289846094 -0.03749301788 0.174832109 0.4653665176 -0.004941306764 0.0464012131 0.2491805028 -0.9761744058 -0.09867863669 -0.1932512774 0.04774445576 0.77110411 -0.6349164658 0.2116695455 -0.6290158807 -0.7480207385 0.000244724171 0.0385495305 0
0.7472210473 0.6276806241 0.02919392632 -0.03801057081 0.1758919059 0.4647503978 -0.005012022576 0.04672251013 0.2490972164 -0.9755122921 -0.1006379045 -0.1955703972 0.0486673807 0.7683730551 -0.6381491474 0.2144930165 -0.6320402364 -0.7446595769 0.0002493999555 0.038827922 0
0.7533438866 0.6328239316 0.02943314565 -0.03860572336 0.1770979729 0.4640418998 -0.005093431633 0.04708934609 0.2490013357 -0.9747396944 -0.1029035376 -0.198225604 0.04973347018 0.7652467341 -0.6418130709 0.2177363315 -0.6354591237 -0.7407986177 0.0002548186282 0.03914608372 0
0.759466726 0.6379672392 0.02967236498 -0.03920476217 0.1782985352 0.4633287753 -0.005175470275 0.04745579451 0.2489047134 -0.9739499433 -0.1051973764 -0.2008855892 0.05081157445 0.7621153448 -0.6454443316 0.2209970404 -0.6388377832 -0.7369169525 0.0002603178504 0.03946424543 0
0.7648242104 0.6424676332 0.0298816819 -0.03973209137 0.1793444843 0.4627010174 -0.005247769886 0.04777611666 0.2488195614 -0.9732446782 -0.1072275951 -0.2032167295 0.05176472179 0.7593715397 -0.6485948491 0.2238642667 -0.6417609427 -0.7335037032 0.0002651962676 0.03974263693 0
0.7709470498 0.6476109408 0.03012090124 -0.04033835607 0.180534632 0.4619792909 -0.005330986737 0.04814183049 0.2487215512 -0.9724222106 -0.1095742202 -0.2058847604 0.05286518042 0.756231738 -0.652164727 0.2271570316 -0.6450636005 -0.7295838775 0.0002708483099 0.04006079864 0
0.7770698892 0.6527542483 0.03036012057 -0.04094844187 0.181719176 0.4612530156 -0.005414830746 0.04850714827 0.2486228022 -0.9715819999 -0.1119489353 -0.2085565949 0.05397746313 0.7530880309 -0.6557018005 0.2304665938 -0.6483254226 -0.7256440557 0.0002765828116 0.04037896036 0
0.7824273736 0.6572546424 0.03056943749 -0.04148538343 0.1827510286 0.4606138146 -0.005488708045 0.04882647415 0.2485357915 -0.9708321004 -0.1140498142 -0.2108973038 0.05496035311 0.7503344012 -0.6587697974 0.2333760752 -0.6511458563 -0.7221805047 0.0002816686657 0.04065735186 0
0.788550213 0.6623979499 0.03080865682 -0.04210257189 0.1839249742 0.459879084 -0.005573725659 0.04919104142 0.24843566 -0.9699580722 -0.1164770587 -0.2135753567 0.05609460843 0.7471844601 -0.6622452548 0.236716567 -0.6543305567 -0.7182038635 0.0002875595709 0.04097551357 0
0.7946730523 0.6675412574 0.03104787615 -0.04272351516 0.1850932192 0.4591398834 -0.005659367949 0.04955520419 0.2483347926 -0.9690657163 -0.118932235 -0.216256239 0.05724047138 0.7440317737 -0.6656878008 0.240073251 -0.6574738346 -0.7142079466 0.000293534848 0.04129367528 0
0.8000305368 0.6720416515 0.03125719307 -0.04326990233 0.1861107309 0.458489438 -0.005734816695 0.04987351249 0.2482459308 -0.9682697118 -0.1211033758 -0.218604066 0.05825255951 0.7412712378 -0.6686730078 0.2430234652 -0.6601900669 -0.7106959061 0.0002988329501 0.04157206678 0
0.8061533761 0.677184959 0.03149641241 -0.04389782295 0.1872681975 0.4577419312 -0.005821627888 0.0502369089 0.2481436864 -0.9673424477 -0.1236107445 -0.2212893415 0.05941996522 0.7381144888 -0.6720537695 0.246409936 -0.6632551434 -0.7066645302 0.0003049682191 0.0418902285 0
0.8122762155 0.6823282665 0.03173563174 -0.044529431 0.1884198682 0.4569900348 -0.005909061224 0.05059989239 0.2480407091 -0.9663962775 -0.1261458439 -0.2239764742 0.06059873651 0.7349561504 -0.6754015473 0.2498119854 -0.6662782325 -0.7026146091 0.0003111897747 0.04220839021 0
0.8183990548 0.6874715741 0.03197485107 -0.04516470281 0.1895657105 0.4562337768 -0.005997115808 0.05096246002 0.2479369999 -0.9654310013 -0.1287085942 -0.2266651264 0.06178878322 0.7317966231 -0.6787163241 0.253229398 -0.6692591427 -0.6985463992 0.0003174982836 0.04252655193 0
0.8237565393 0.6919719681 0.03218416799 -0.04572355233 0.1905635161 0.4555684956 -0.006074672479 0.05127936327 0.2478456548 -0.9645705556 -0.1309736162 -0.2290186787 0.06283925025 0.729031376 -0.6815896724 0.2562320666 -0.671832691 -0.6949719155 0.0003230900818 0.04280494343 0
