0.01015315032 0.004467386143 0 -3.855409941e-06 0.002589026785 0.5099912377 -4.851285535e-07 0.0006454587984 0.2549989096 -0.9999999997 -1.507139556e-07 -2.245238252e-05 7.611173284e-08 0.9999489717 -0.01010217947 2.245275936e-05 -0.01010217947 -0.9999489714 4.284079119e-08 0
0.02022161568 0.0088975109 0 -1.529300069e-05 0.00515630227 0.5099652432 -1.936302105e-06 0.001288216709 0.2549956476 -0.999999996 -1.193806097e-06 -8.905483219e-05 5.981196664e-07 0.9997975947 -0.02011888725 8.906082507e-05 -0.02011888723 -0.9997975907 4.252542799e-08 0
0.03029008104 0.01332763566 0 -3.43122101e-05 0.007723265804 0.5099220177 -4.356157759e-06 0.001931360305 0.2549902078 -0.99999998 -4.013567762e-06 -0.0001997875636 2.008490503e-06 0.9995458925 -0.0301331851 0.0001998177801 -0.0301331849 -0.9995458725 2.97328813e-08 0
0.04035854639 0.01775776041 0 -6.091165742e-05 0.0102897621 0.5098615644 -7.742881134e-06 0.002574375682 0.2549825945 -0.9999999371 -9.493993875e-06 -0.0003546150827 4.749282527e-06 0.9991939098 -0.04014387369 0.0003547103566 -0.04014387285 -0.9991938469 1.5402609e-07 0
0.05042701175 0.02218788517 0 -9.508941158e-05 0.0128556359 0.5097838877 -1.209564862e-05 0.003217242787 0.2549728094 -0.9999998467 -1.851833848e-05 -0.0005534877582 9.262239548e-06 0.9987417094 -0.05014975443 0.0005537199998 -0.05014975187 -0.9987415561 3.230766801e-07 0
0.06049547711 0.02661800993 0 -0.0001368429914 0.01542073201 0.5096889932 -1.741409463e-05 0.003859984218 0.2549608536 -0.9999996824 -3.196886873e-05 -0.0007963418334 1.598868648e-05 0.9981893717 -0.0601496297 0.0007968228699 -0.06014962333 -0.9981890542 5.338021308e-07 0
0.07056394246 0.03104813468 0 -0.0001861693659 0.01798489528 0.5095768878 -2.369800194e-05 0.004502614754 0.2549467274 -0.9999994122 -5.072661919e-05 -0.001083099443 2.536942501e-05 0.9975369951 -0.07014230309 0.001083989845 -0.07014228934 -0.9975364075 7.850674441e-07 0
0.08063240782 0.03547825944 0 -0.0002430649542 0.02054797065 0.5094475796 -3.094719838e-05 0.005145140379 0.2549304312 -0.9999989979 -7.567114631e-05 -0.00141366863 3.784462942e-05 0.9967846958 -0.08012657963 0.001415186526 -0.08012655283 -0.9967836941 1.076445659e-06 0
0.09070087318 0.0399083842 0 -0.0003075256264 0.02310980315 0.5093010781 -3.916152048e-05 0.005787561338 0.2549119654 -0.9999983958 -0.0001076802834 -0.001787943373 5.385374251e-05 0.9959326076 -0.09010126603 0.001790373236 -0.09010121778 -0.9959310042 1.407821682e-06 0
0.1007693385 0.04433850895 0 -0.0003795467034 0.02567023789 0.5091373939 -4.834079917e-05 0.006429874354 0.2548913304 -0.9999975563 -0.0001476298958 -0.00220580361 7.383537173e-05 0.9949808823 -0.100065171 0.002209505033 -0.1000650893 -0.99497844 1.779238394e-06 0
0.1108378039 0.04876863371 0 -0.0004591229576 0.02822912012 0.5089565387 -5.848485362e-05 0.007072073976 0.2548685266 -0.999996424 -0.0001963936371 -0.002667115266 9.822718549e-05 0.9939296891 -0.1100171052 0.002672531707 -0.1100169738 -0.9939261155 2.190830212e-06 0
0.1209062692 0.05319875847 0 -0.0005462486133 0.03078629519 0.5087585259 -6.959348835e-05 0.007714153375 0.2548435545 -0.9999949376 -0.0002548427048 -0.003171730292 0.0001274658097 0.9927792152 -0.1199558821 0.003179397791 -0.1199556791 -0.9927741568 2.64279177e-06 0
0.1300594196 0.05722614461 0 -0.0006319995779 0.03310938838 0.5085636373 -8.052910196e-05 0.008297751103 0.2548189714 -0.9999932229 -0.0003171137162 -0.003667912484 0.000158618755 0.991647349 -0.1289787197 0.003678176612 -0.1289784274 -0.9916405782 3.088897893e-06 0
0.1401278849 0.06165626937 0 -0.000733519708 0.03566287544 0.5083329098 -9.34786064e-05 0.008939579017 0.254789861 -0.99999087 -0.0003964621817 -0.004254736058 0.0001983185993 0.9903079222 -0.138889092 0.004268563098 -0.1388886678 -0.990298802 3.618622763e-06 0
0.1501963503 0.06608639413 0 -0.0008425693257 0.03821420632 0.5080850697 -0.0001073920283 0.009581262716 0.2547585839 -0.9999879524 -0.000488014145 -0.004884353197 0.0002441285513 0.9888698589 -0.1487828704 0.004902597803 -0.1487822704 -0.9888578263 4.189507704e-06 0
0.1602648156 0.07051651888 0 -0.000959140518 0.04076322698 0.5078201352 -0.0001222691059 0.01022279319 0.2547251405 -0.9999843866 -0.0005926288785 -0.005556561601 0.0002964801739 0.9873334148 -0.1586588798 0.005580204774 -0.15865805 -0.9873178234 4.801883701e-06 0
0.170333281 0.07494664364 0 -0.001083224826 0.04330978359 0.5075381254 -0.0001381095596 0.01086416121 0.2546895315 -0.9999800833 -0.000711162012 -0.006271145207 0.0003558034832 0.985698863 -0.1685159486 0.006301302841 -0.1685148236 -0.9856789781 5.456107822e-06 0
0.1804017464 0.0793767684 0 -0.001214813248 0.04585372249 0.5072390608 -0.0001549130922 0.0115053574 0.2546517576 -0.9999749476 -0.0008444652942 -0.007027874244 0.0004225268471 0.983966494 -0.1783529091 0.007065805622 -0.1783514104 -0.9839414865 6.152561876e-06 0
0.1904702117 0.08380689315 0 -0.001353896237 0.04839489026 0.5069229631 -0.0001726793883 0.01214637225 0.2546118195 -0.999968879 -0.0009933863536 -0.00782650529 0.0004970768841 0.9821366156 -0.1881685978 0.007873621535 -0.1881666322 -0.9821055568 6.891651465e-06 0
0.2005386771 0.08823701791 0 -0.001500463702 0.05093313369 0.5065898552 -0.0001914081148 0.01278719619 0.2545697179 -0.9999617713 -0.001158768462 -0.008666781334 0.0005798783623 0.9802095529 -0.1979618551 0.008724653811 -0.1979593129 -0.9801714089 7.673805246e-06 0
0.2106071424 0.09266714267 0 -0.001654505014 0.0534682998 0.5062397613 -0.0002110989207 0.01342781956 0.2545254537 -0.9999535129 -0.001341450297 -0.009548431837 0.0006713540989 0.9781856482 -0.2077315262 0.009618800503 -0.2077282797 -0.9781392746 8.499474348e-06 0
0.2206756078 0.09709726742 0 -0.001816008999 0.05600023586 0.5058727068 -0.0002317514367 0.01406823267 0.2544790277 -0.9999439864 -0.001542265709 -0.0104711728 0.00077192486 0.9760652607 -0.2174764609 0.0105559545 -0.2174723623 -0.9760093972 9.369131891e-06 0
0.2307440731 0.1015273922 0 -0.001984963945 0.05852878942 0.5054887183 -0.000253365276 0.01470842576 0.2544304407 -0.9999330691 -0.001762043484 -0.01143470685 0.0008820092615 0.9738487667 -0.2271955142 0.01153600354 -0.2271903933 -0.973782032 1.028327254e-05 0
0.2408125385 0.1059575169 0 -0.002161357599 0.06105380827 0.5050878236 -0.0002759400334 0.01534838909 0.2543796938 -0.9999206327 -0.002001607114 -0.01243872328 0.00100202367 0.9715365596 -0.2368875459 0.01255883022 -0.2368812086 -0.9714574457 1.124241211e-05 0
0.2508810039 0.1103876417 0 -0.002345177173 0.06357514051 0.5046700519 -0.000299475286 0.01598811286 0.2543267878 -0.9999065435 -0.002261774563 -0.01348289816 0.001132382103 0.9691290493 -0.2465514215 0.01362431201 -0.2465436475 -0.9690359168 1.224708718e-05 0
0.2600341542 0.1144150278 0 -0.002518718652 0.06586393401 0.5042756394 -0.000321704087 0.01656946379 0.2542768188 -0.999892184 -0.002516853336 -0.01446671289 0.001260212364 0.9668580615 -0.2553113799 0.01462983928 -0.2553020844 -0.966750647 1.320041076e-05 0
0.2701026195 0.1188451526 0 -0.002716677522 0.06837780743 0.5038257329 -0.0003470717726 0.01720870297 0.2542197939 -0.9998745487 -0.0028186057 -0.01558660686 0.001411459221 0.9642698084 -0.2649183731 0.01577639484 -0.2649071386 -0.9641448612 1.429358086e-05 0
0.2801710849 0.1232752774 0 -0.002922022056 0.07088755405 0.5033590408 -0.0003733986207 0.01784767403 0.254160613 -0.999854841 -0.003143307855 -0.01674564244 0.001574240261 0.9615875401 -0.2744939426 0.01696522008 -0.274480459 -0.9614430087 1.543396224e-05 0
0.2902395502 0.1277054021 0 -0.003134737371 0.0733930232 0.5028755969 -0.0004006841381 0.01848636714 0.2540992772 -0.9998329063 -0.003491753963 -0.01794344477 0.001748959387 0.9588117317 -0.2840369771 0.01819617259 -0.2840208987 -0.9586454133 1.662216933e-05 0
0.3003080156 0.1321355269 0 -0.003354808053 0.07589406455 0.5023754362 -0.0004289278135 0.01912477244 0.2540357877 -0.9998085846 -0.003864731546 -0.01917962617 0.001936017681 0.9559428745 -0.2935463721 0.0194691049 -0.2935273149 -0.9557524101 1.785883558e-05 0
0.310376481 0.1365656516 0 -0.003582218156 0.07839052811 0.5018585951 -0.000458129118 0.01976288012 0.2539701457 -0.9997817108 -0.004263021258 -0.02045378628 0.002135813307 0.9529814762 -0.3030210295 0.02078386453 -0.3029985687 -0.9527643456 1.914461319e-05 0
0.3204449463 0.1409957764 0 -0.003816951207 0.08088226429 0.5013251109 -0.0004882875045 0.02040068031 0.2539023524 -0.9997521147 -0.004687396668 -0.02176551209 0.002348741416 0.9499280606 -0.3124598584 0.02214029398 -0.3124335257 -0.9496815779 2.048017276e-05 0
0.3305134117 0.1454259011 0 -0.004058990202 0.08336912385 0.5007750223 -0.0005194024081 0.02103816317 0.2538324092 -0.9997196207 -0.005138624036 -0.0231143781 0.002575194052 0.9467831675 -0.3218617749 0.02353823077 -0.3218310556 -0.9465044761 2.186620291e-05 0
0.340581877 0.1498560259 0 -0.004308317611 0.08585095796 0.5002083691 -0.0005514732458 0.02167531887 0.2537603174 -0.9996840485 -0.005617462101 -0.02449994643 0.00281556006 0.9435473525 -0.3312257027 0.02497750742 -0.3311900325 -0.943233421 2.330340999e-05 0
0.3506503424 0.1542861506 0 -0.004564915381 0.08832761819 0.4996251923 -0.0005844994169 0.02231213757 0.2536860783 -0.9996452123 -0.00612466186 -0.02592176688 0.003070224995 0.9402211873 -0.340550573 0.02645795154 -0.3405093355 -0.9398688043 2.479251774e-05 0
0.3607188077 0.1587162754 0 -0.004828764934 0.09079895653 0.4990255342 -0.0006184803028 0.02294860941 0.2536096933 -0.9996029218 -0.006660966358 -0.02737937708 0.003339571028 0.9368052588 -0.3498353246 0.02797938576 -0.349787848 -0.9364110291 2.633426692e-05 0
0.3707872731 0.1631464002 0 -0.005099847169 0.09326482538 0.4984094383 -0.000653415267 0.02358472459 0.2535311639 -0.9995569814 -0.007227110474 -0.02887230261 0.003623976858 0.9333001698 -0.3590789048 0.02954162785 -0.3590244587 -0.9328605096 2.7929415e-05 0
0.3808557385 0.1675765249 0 -0.005378142467 0.09572507762 0.4977769489 -0.000689303655 0.02422047325 0.2534504916 -0.9995071907 -0.007823820709 -0.0304000571 0.00392381762 0.9297065383 -0.3682802686 0.03114449064 -0.368218061 -0.9292176711 2.957873584e-05 0
0.3900088888 0.1716039111 0 -0.005637380526 0.09795667319 0.4971877715 -0.0007227562482 0.02479810028 0.2533752949 -0.9994584129 -0.008393413156 -0.03181872929 0.004210106745 0.9263632989 -0.3766076387 0.03263672654 -0.3765376331 -0.9258262553 3.112579221e-05 0
0.4000773541 0.1760340358 0 -0.005929389858 0.1004057958 0.496524114 -0.0007604629274 0.02543312198 0.2532905359 -0.9994006981 -0.009050463062 -0.03341158216 0.004540442609 0.9226024031 -0.3857255374 0.03431660072 -0.3856460747 -0.9220083926 3.288074041e-05 0
0.4101458195 0.1804641606 0 -0.006228552235 0.1028488764 0.4958441995 -0.0007991210252 0.02606774861 0.2532036386 -0.9993385229 -0.009740143001 -0.0350377823 0.004887283626 0.918754849 -0.3947982293 0.0360365236 -0.3947083189 -0.9180995109 3.469220259e-05 0
0.4202142848 0.1848942853 0 -0.006534846017 0.1052857696 0.4951480772 -0.0008387298177 0.02670197037 0.2531146045 -0.9992716686 -0.01046314476 -0.03669679787 0.00525099016 0.9148213135 -0.4038247038 0.03779628916 -0.4037232801 -0.9141000786 3.656101346e-05 0
0.4302827502 0.1893244101 0 -0.006848249057 0.1077163306 0.4944357976 -0.0008792885629 0.02733577746 0.2530234355 -0.9991999115 -0.01122015075 -0.03838808567 0.00563191858 0.9108024882 -0.4128039595 0.0395956866 -0.4126898784 -0.9100105746 3.848802249e-05 0
0.4403512156 0.1937545348 0 -0.007168738696 0.1101404151 0.4937074121 -0.0009207965011 0.02796916008 0.2529301332 -0.9991230236 -0.01201183379 -0.04011109134 0.006030421183 0.9066990791 -0.4217350044 0.04143450036 -0.4216070395 -0.905831489 4.04740936e-05 0
0.4504196809 0.1981846596 0 -0.007496291768 0.1125578793 0.4929629733 -0.0009632528549 0.02860210845 0.2528346994 -0.9990407723 -0.01283885697 -0.04186524947 0.006446846104 0.9025118067 -0.4306168563 0.04331251016 -0.4304736955 -0.9015633222 4.252010488e-05 0
0.4604881463 0.2026147844 0 -0.007830884601 0.1149685801 0.492202535 -0.001006656829 0.0292346128 0.2527371359 -0.9989529206 -0.01370187339 -0.04364998374 0.006881537237 0.8982414057 -0.4394485425 0.04522949104 -0.4392887839 -0.8972065857 4.462694822e-05 0
0.4705566116 0.2070449091 0 -0.008172493019 0.1173723745 0.4914261522 -0.001051007611 0.02986666335 0.2526374446 -0.9988592272 -0.01460152599 -0.04546470709 0.007334834152 0.8938886249 -0.4482291005 0.04718521336 -0.448051249 -0.8927618013 4.679552907e-05 0
0.480625077 0.2114750339 0 -0.008521092347 0.1197691206 0.490633881 -0.001096304369 0.03049825035 0.2525356273 -0.9987594465 -0.0155384474 -0.04730882183 0.007807072014 0.8894542268 -0.4569575779 0.04917944283 -0.456760041 -0.8882295015 4.902676607e-05 0
0.4906935423 0.2159051586 0 -0.008876657407 0.1221586767 0.4898257786 -0.001142546256 0.03112936404 0.252431686 -0.9986533286 -0.0165132597 -0.04918171984 0.008298581505 0.8849389879 -0.4656330328 0.05121194057 -0.4654141166 -0.8836102292 5.132159084e-05 0
0.5007620077 0.2203352834 0 -0.009239162525 0.1245409019 0.4890019034 -0.001189732405 0.03175999469 0.2523256227 -0.9985406194 -0.01752657428 -0.05108278266 0.008809688743 0.880343698 -0.4742545337 0.0532824631 -0.4740124393 -0.8789045378 5.368094761e-05 0
0.5108304731 0.2247654081 0 -0.009608581534 0.1269156556 0.4881623147 -0.001237861932 0.03239013256 0.2522174394 -0.9984210607 -0.01857899164 -0.05301138168 0.009340715205 0.8756691605 -0.4828211599 0.05539076239 -0.4825539788 -0.8741129909 5.610579299e-05 0
0.5208989384 0.2291955329 0 -0.009984887771 0.1292827981 0.4873070732 -0.001286933937 0.03301976793 0.2521071381 -0.9982943905 -0.01967110121 -0.05496687833 0.009891977654 0.8709161917 -0.4913320016 0.05753658588 -0.4910377122 -0.8692361627 5.859709566e-05 0
0.5300520887 0.233222919 0 -0.01033293803 0.1314280239 0.4865160499 -0.001332361929 0.03359171949 0.2520050281 -0.9981728406 -0.02069885849 -0.05676739801 0.01041094809 0.8665279487 -0.4990199659 0.05951968061 -0.4986991793 -0.8647291693 6.092041065e-05 0
0.5401205541 0.2376530438 0 -0.01072231681 0.1337802499 0.4856310982 -0.001383230641 0.03422036857 0.2518906893 -0.9980318514 -0.02186834005 -0.05877243591 0.01100170508 0.8616275619 -0.5074218237 0.06173642365 -0.5070697391 -0.8596911618 6.354131874e-05 0
0.5501890195 0.2420831686 0 -0.01111850247 0.1361244614 0.4847306762 -0.001435039107 0.03484848692 0.2517742387 -0.9978829657 -0.02307916401 -0.06080245837 0.01161359202 0.8566511925 -0.5157653138 0.06398993074 -0.5153795559 -0.8545696005 6.623156828e-05 0
0.5602574848 0.2465132933 0 -0.01152146645 0.1384605212 0.483814849 -0.001487786358 0.03547606487 0.2516556786 -0.9977259062 -0.0243318749 -0.06285678928 0.01224690653 0.8515997068 -0.5240495708 0.06627993192 -0.5236276342 -0.849365099 6.899217262e-05 0
0.5703259502 0.2509434181 0 -0.01193117971 0.1407882923 0.4828836825 -0.001541471405 0.03610309273 0.2515350111 -0.997560392 -0.02562700535 -0.06493474335 0.01290194114 0.8464739834 -0.532273741 0.06860615287 -0.5318129859 -0.8440782806 7.182415592e-05 0
0.5803944155 0.2553735428 0 -0.01234761272 0.143107639 0.4819372438 -0.001596093243 0.03672956086 0.2514122387 -0.9973861386 -0.02696507593 -0.06703562627 0.01357898324 0.8412749131 -0.5404369823 0.07096831492 -0.5399346306 -0.8387097788 7.472855285e-05 0
0.5904628809 0.2598036676 0 -0.01277073548 0.1454184256 0.4809756012 -0.001651650849 0.03735545959 0.2512873636 -0.997202858 -0.02834659501 -0.0691587349 0.014278315 0.8360033984 -0.548538465 0.07336613512 -0.5479915952 -0.8332602365 7.770640845e-05 0
0.6005313462 0.2642337923 0 -0.01320051752 0.1477205177 0.4799988238 -0.001708143183 0.03798077929 0.2511603882 -0.9970102586 -0.02977205859 -0.07130335743 0.01500021331 0.8306603536 -0.5565773716 0.07579932621 -0.5559829147 -0.8277303067 8.075877782e-05 0
0.6105998116 0.2686639171 0 -0.01363692788 0.1500137811 0.4790069821 -0.001765569186 0.03860551034 0.2510313149 -0.9968080456 -0.03124195013 -0.07346877358 0.01574494971 0.8252467046 -0.5645528967 0.07826759673 -0.5639076318 -0.8221206518 8.388672591e-05 0
0.620668277 0.2730940419 0 -0.01407993516 0.1522980827 0.4780001474 -0.001823927784 0.03922964313 0.2509001461 -0.996595921 -0.03275674045 -0.07565425475 0.01651279034 0.8197633883 -0.5724642477 0.080770651 -0.571764797 -0.8164319438 8.709132733e-05 0
0.6307367423 0.2775241666 0 -0.01452950747 0.1545732898 0.4769783921 -0.001883217883 0.03985316804 0.2507668844 -0.9963735832 -0.03431688751 -0.07785906425 0.01730399585 0.8142113531 -0.5803106446 0.08330818916 -0.5795534693 -0.8106648641 9.037366613e-05 0
0.6408052077 0.2819542914 0 -0.01498561248 0.1568392705 0.4759417898 -0.001943438373 0.0404760755 0.2506315323 -0.9961407279 -0.03592283635 -0.08008245741 0.01811882136 0.8085915578 -0.5880913202 0.08587990725 -0.5872727155 -0.8048201036 9.373483557e-05 0
0.650873673 0.2863844161 0 -0.01544821738 0.159095894 0.474890415 -0.002004588126 0.04109835593 0.2504940923 -0.9958970476 -0.0375750189 -0.08232368186 0.01895751637 0.8029049724 -0.5958055202 0.0884854972 -0.594921611 -0.7988983624 9.717593794e-05 0
0.6600268233 0.2904118023 0 -0.01587437972 0.1611391401 0.4739218643 -0.002060984233 0.04166351324 0.2503673372 -0.9956658651 -0.03911747577 -0.08437599274 0.0197408849 0.7976782153 -0.60276012 0.09088334569 -0.6018133331 -0.7934487568 0.0001003745109 0
0.6700952887 0.294841927 0 -0.01634930076 0.1633775381 0.4728424983 -0.00212390484 0.04228457006 0.2502259186 -0.9954006541 -0.04085907407 -0.08664914227 0.02062582133 0.7918668516 -0.6103453652 0.09355272997 -0.6093253855 -0.7873820301 0.0001039713052 0
0.6801637541 0.2992720518 0 -0.01683062369 0.1656062016 0.4717485825 -0.002187751331 0.04290497207 0.2500824198 -0.9951237069 -0.04264808685 -0.08893789205 0.02153532073 0.7859915773 -0.6178620156 0.09625506696 -0.6167644454 -0.7812404118 0.0001076512887 0
0.6902322194 0.3037021765 0 -0.01731831392 0.1678250026 0.4706401956 -0.002252522511 0.04352470973 0.2499368435 -0.9948347049 -0.04448489357 -0.09124146123 0.02246961017 0.7800534018 -0.6253093691 0.09899003294 -0.6241296217 -0.7750246375 0.0001114155971 0
0.7003006848 0.3081323013 0 -0.01781233644 0.1700338138 0.4695174172 -0.002318217166 0.04414377355 0.2497891926 -0.9945333267 -0.04636985992 -0.0935590622 0.02342891084 0.7740533439 -0.6326867368 0.1017573003 -0.6314200321 -0.7687354518 0.0001152653744 0
0.7103691501 0.3125624261 0 -0.01831265579 0.1722325086 0.4683803277 -0.002384834067 0.04476215402 0.2496394698 -0.9942192487 -0.04830333775 -0.0958899007 0.02441343798 0.767992432 -0.6399934441 0.1045565375 -0.6386348033 -0.7623736082 0.0001192017724 0
0.7204376155 0.3169925508 0 -0.01881923606 0.1744209612 0.4672290089 -0.002452371965 0.04537984165 0.249487678 -0.9938921446 -0.05028566494 -0.09823317613 0.02542340086 0.7618717036 -0.6472288297 0.1073874093 -0.645773071 -0.7559398687 0.0001232259509 0
0.7305060808 0.3214226756 0 -0.01933204093 0.1765990469 0.4660635433 -0.002520829597 0.04599682699 0.24933382 -0.9935516856 -0.05231716528 -0.1005880816 0.0264590027 0.755692205 -0.6543922466 0.1102495765 -0.65283398 -0.7494350041 0.0001273390772 0
0.7405745462 0.3258528003 0 -0.01985103361 0.1787666416 0.4648840145 -0.002590205681 0.04661310058 0.2491778988 -0.9931975411 -0.05439814835 -0.1029538044 0.02752044064 0.7494549914 -0.661483062 0.1131426963 -0.6598166847 -0.7428597936 0.0001315423262 0
0.7506430116 0.3302829251 0 -0.0203761769 0.180923622 0.463690507 -0.002660498917 0.04722865298 0.2490199173 -0.9928293778 -0.05652890942 -0.1053295258 0.0286079057 0.7431611262 -0.6685006569 0.1160664221 -0.6667203484 -0.7362150248 0.0001358368802 0
0.7607114769 0.3347130498 0 -0.02090743318 0.1830698658 0.4624831064 -0.00273170799 0.04784347477 0.2488598786 -0.9924468606 -0.05870972939 -0.1077144217 0.02972158269 0.7368116812 -0.675444427 0.1190204037 -0.6735441441 -0.7295014938 0.0001402239286 0
0.7707799423 0.3391431746 0 -0.0214447644 0.1852052514 0.4612618991 -0.002803831567 0.04845755653 0.2486977855 -0.9920496522 -0.0609408746 -0.1101076625 0.03086165022 0.7304077362 -0.6823137823 0.1220042871 -0.6802872546 -0.7227200047 0.0001447046681 0
0.7808484076 0.3435732994 0 -0.02198813208 0.1873296582 0.4600269725 -0.002876868296 0.04907088888 0.2485336413 -0.9916374137 -0.06322259682 -0.1125084134 0.03202828063 0.7239503786 -0.6891081472 0.125017715 -0.6869488718 -0.71587137 0.0001492803023 0
0.7900015579 0.3476006855 0 -0.02248730823 0.1892513093 0.4588924813 -0.002944056577 0.04962780554 0.248382642 -0.9912493217 -0.06534097866 -0.1146967248 0.033112044 0.7180346252 -0.6952192961 0.127782529 -0.6929334987 -0.7095877618 0.0001535233347 0
0.8000700233 0.3520308103 0 -0.02304209172 0.1913544248 0.4576316097 -0.003018832786 0.05023968116 0.2482145906 -0.9908074409 -0.06771990286 -0.1171094776 0.03432984106 0.7114783451 -0.7018689525 0.1308513546 -0.6994373305 -0.7026132248 0.0001582834983 0
0.8101384887 0.356460935 0 -0.02360279739 0.1934462155 0.4563572787 -0.003094518123 0.05085078013 0.2480444973 -0.9903495334 -0.07015005258 -0.1195272849 0.03557466633 0.7048718579 -0.708442028 0.1339486649 -0.7058573751 -0.6955739509 0.0001631420965 0
0.820206954 0.3608910598 0 -0.02416938516 0.1955265643 0.4550695792 -0.003171111171 0.05146109312 0.2478723651 -0.9898752534 -0.07263162165 -0.1219492937 0.03684666725 0.6982162793 -0.7149380046 0.1370740888 -0.7121928636 -0.6884707832 0.0001681003591 0
0.8302754194 0.3653211845 0 -0.02474181452 0.1975953549 0.4537686034 -0.003248610495 0.05207061081 0.2476981974 -0.9893842538 -0.07516478885 -0.1243746471 0.03814598482 0.6915127312 -0.7213563797 0.1402272519 -0.7184430368 -0.6813045726 0.0001731595223 0
0.8403438847 0.3697513093 0 -0.0253200446 0.199652472 0.4524544441 -0.003327014644 0.0526793239 0.2475219975 -0.9888761861 -0.07774971789 -0.1268024842 0.03947275353 0.684762342 -0.7276966653 0.1434077765 -0.7246071462 -0.6740761777 0.0001783208285 0
0.8504123501 0.374181434 0 -0.02590403411 0.2016978012 0.4511271952 -0.003406322152 0.05328722312 0.2473437687 -0.9883507004 -0.08038655729 -0.1292319403 0.04082710136 0.6779662463 -0.7339583889 0.1466152816 -0.7306844532 -0.6667864643 0.0001835855266 0
0.8604808154 0.3786115588 0 -0.02649374136 0.2037312291 0.4497869515 -0.003486531532 0.0538942992 0.2471635144 -0.9878074459 -0.08307544033 -0.1316621476 0.04220914971 0.6711255844 -0.740141093 0.1498493829 -0.73667423 -0.6594363057 0.0001889548716 0
0.8705492808 0.3830416836 0 -0.02708912428 0.205752643 0.4484338085 -0.003567641284 0.05450054289 0.2469812381 -0.9872460704 -0.08581648501 -0.1340922346 0.04361901341 0.6642415022 -0.7462443356 0.1531096932 -0.7425757589 -0.6520265824 0.0001944301244 0
0.8806177462 0.3874718083 0 -0.02769014042 0.2077619314 0.4470678627 -0.00364964989 0.05510594496 0.2467969431 -0.986666221 -0.08860979395 -0.136521327 0.04505680066 0.6573151508 -0.7522676899 0.1563958217 -0.748388333 -0.644558182 0.000200012552 0
0.8906862115 0.3919019331 0 -0.02829674693 0.2097589838 0.4456892115 -0.003732555813 0.05571049621 0.246610633 -0.9860675438 -0.09145545437 -0.1389485479 0.04652261303 0.6503476865 -0.7582107445 0.1597073748 -0.754111256 -0.6370319992 0.0002057034272 0
0.9007546769 0.3963320578 0 -0.0289089006 0.2117436906 0.4442979532 -0.003816357503 0.05631418743 0.2464223113 -0.9854496841 -0.09435353799 -0.1413730174 0.04801654541 0.6433402706 -0.7640731036 0.1630439559 -0.7597438424 -0.6294489355 0.0002115040289 0
0.9108231422 0.4007621826 0 -0.02952655783 0.213715943 0.4428941868 -0.003901053389 0.05691700945 0.2462319816 -0.9848122865 -0.09730410106 -0.1437938536 0.04953868601 0.6362940687 -0.7698543867 0.1664051652 -0.7652854174 -0.6218098993 0.0002174156415 0
0.9208916076 0.4051923073 0 -0.03014967465 0.2156756335 0.4414780122 -0.003986641888 0.05751895311 0.2460396474 -0.9841549951 -0.1003071842 -0.1462101724 0.0510891163 0.6292102508 -0.7755542292 0.1697906002 -0.7707353171 -0.6141158059 0.0002234395552 0
0.9300447579 0.4092196935 0 -0.03072084485 0.2174461796 0.4401798981 -0.004065222846 0.05806540471 0.2458630619 -0.9835398943 -0.1030828565 -0.1484021601 0.05252321031 0.6227387623 -0.7806649386 0.1728889493 -0.775609669 -0.6070741739 0.0002290143819 0
0.9401132233 0.4136498182 0 -0.03135426111 0.2193815928 0.4387403157 -0.004152510959 0.05866564614 0.2456669113 -0.9828436336 -0.1061862617 -0.1508073927 0.05412785008 0.6155863956 -0.7862083473 0.1763195046 -0.7808827488 -0.5992775358 0.0002352562915 0
0.9501816886 0.418079943 0 -0.03199300698 0.2213041366 0.4372886205 -0.004240686977 0.05926498267 0.2454687669 -0.9821264413 -0.1093422164 -0.1532055257 0.05576097822 0.6083998388 -0.7916693435 0.1797730978 -0.786062285 -0.5914285396 0.0002416142871 0
0.960250154 0.4225100678 0 -0.03263703708 0.2232137073 0.4358249157 -0.004329749249 0.05986340522 0.2452686327 -0.9813879599 -0.1125507001 -0.1555956688 0.05742264976 0.6011802764 -0.7970476238 0.1832493153 -0.791147657 -0.5835281255 0.0002480896806 0
0.9703186193 0.4269401925 0 -0.03328630567 0.2251102022 0.4343493053 -0.004419696109 0.06046090472 0.2450665122 -0.980627832 -0.1158116765 -0.1579769308 0.05911291297 0.5939288958 -0.8023429006 0.1867477405 -0.7961382557 -0.5755772399 0.0002546837893 0
0.9803870847 0.4313703173 0 -0.03394076666 0.2269935197 0.432861894 -0.004510525873 0.06105747213 0.2448624094 -0.9798457003 -0.1191250937 -0.1603484194 0.06083180925 0.5866468875 -0.8075549024 0.1902679546 -0.8010334833 -0.5675768354 0.0002613979357 0
0.99045555 0.435800442 0 -0.03460037362 0.2288635592 0.4313627872 -0.00460223684 0.06165309841 0.2446563281 -0.9790412075 -0.1224908838 -0.162709242 0.06257937321 0.5793354443 -0.8126833732 0.1938095356 -0.8058327534 -0.5595278702 0.0002682334477 0
1.000524015 0.4402305668 0 -0.03526507979 0.2307202212 0.4298520914 -0.004694827295 0.06224777457 0.2444482723 -0.9782139964 -0.1259089632 -0.1650585057 0.06435563261 0.5719957613 -0.8177280732 0.1973720595 -0.8105354909 -0.5514313086 0.0002751916584 0
1.010592481 0.4446606915 0 -0.03593483805 0.2325634072 0.4283299135 -0.004788295504 0.0628414916 0.2442382459 -0.9773637102 -0.1293792326 -0.1673953172 0.06616060837 0.5646290357 -0.8226887783 0.2009550994 -0.8151411327 -0.5432881205 0.0002822739063 0
1.020660946 0.4490908163 0 -0.03660960096 0.2343930197 0.4267963615 -0.004882639718 0.06343424055 0.2440262527 -0.9764899924 -0.1329015769 -0.1697187836 0.06799431454 0.5572364665 -0.8275652806 0.2045582261 -0.8196491269 -0.5350992813 0.0002894815348 0
1.030729411 0.453520941 0 -0.03728932074 0.2362089625 0.4252515438 -0.004977858172 0.06402601247 0.243812297 -0.9755924873 -0.1364758651 -0.1720280123 0.06985675832 0.5498192541 -0.8323573878 0.208181008 -0.8240589336 -0.5268657722 0.0002968158926 0
1.040797877 0.4579510658 0 -0.0379739493 0.2380111403 0.4236955698 -0.005073949082 0.06461679842 0.2435963827 -0.9746708393 -0.1401019504 -0.1743221111 0.07174794006 0.5423786003 -0.837064924 0.2118230111 -0.8283700245 -0.5185885793 0.0003042783334 0
1.050866342 0.4623811906 0 -0.03866343823 0.239799459 0.4221285495 -0.005170910652 0.06520658951 0.2433785139 -0.973724694 -0.1437796702 -0.1766001889 0.07366785323 0.5349157077 -0.8416877289 0.2154837991 -0.8325818831 -0.5102686942 0.0003118702162 0
1.060019493 0.4664085767 0 -0.03929442301 0.2414130984 0.4206944931 -0.005259811537 0.06574189243 0.2431787587 -0.972843006 -0.147167709 -0.178656517 0.07543814994 0.5281129745 -0.8458166301 0.2188277203 -0.8363243101 -0.5026689539 0.0003188854009 0
1.070087958 0.4708387015 0 -0.03999305522 0.2431747012 0.4191066927 -0.005358430221 0.06632975957 0.2429571701 -0.9718491111 -0.1509434954 -0.1809015381 0.07741287107 0.5206109683 -0.8502772884 0.2225231509 -0.8403453343 -0.4942703374 0.0003267281914 0
1.080156423 0.4752688262 0 -0.04069640515 0.2449221772 0.4175081701 -0.00545791424 0.06691660605 0.242733639 -0.9708296919 -0.1547703538 -0.1831279521 0.07941626562 0.5130902252 -0.8546528403 0.2262360846 -0.8442656918 -0.4858319418 0.0003347044052 0
1.090224889 0.479698951 0 -0.04140442318 0.2466554365 0.4158990382 -0.005558261733 0.06750242305 0.2425081699 -0.9697843976 -0.1586480599 -0.185334873 0.08144830025 0.5055519495 -0.8589431883 0.2299660768 -0.8480849129 -0.477354778 0.0003428154206 0
1.100293354 0.4841290757 0 -0.04211705936 0.2483743905 0.4142794105 -0.005659470821 0.06808720176 0.2422807668 -0.9687128784 -0.1625763738 -0.1875214171 0.08350893476 0.4979973448 -0.8631482505 0.2337126804 -0.85180254 -0.4688398616 0.0003510626208 0
1.110361819 0.4885592005 0 -0.04283426347 0.2500789516 0.4126494012 -0.00576153961 0.06867093341 0.2420514341 -0.9676147858 -0.16655504 -0.1896867023 0.0855981221 0.4904276145 -0.8672679612 0.2374754468 -0.8554181279 -0.4602882125 0.000359447394 0
1.120430285 0.4929893252 0 -0.04355598499 0.2517690333 0.411009125 -0.005864466191 0.06925360924 0.2418201762 -0.9664897726 -0.1705837872 -0.1918298492 0.08771580839 0.4828439609 -0.8713022704 0.2412539252 -0.8589312435 -0.4517008551 0.000367971133 0
1.13049875 0.49741945 0 -0.0442821731 0.2534445504 0.4093586975 -0.005968248638 0.06983522051 0.2415869974 -0.9653374932 -0.1746623284 -0.1939499811 0.08986193293 0.4752475854 -0.8752511443 0.245047663 -0.8623414658 -0.4430788183 0.0003766352356 0
1.140567215 0.5018495748 0 -0.04501277672 0.2551054186 0.4076982347 -0.006072885008 0.0704157585 0.2413519021 -0.9641576037 -0.1787903613 -0.196046224 0.09203642822 0.467639688 -0.8791145648 0.2488562057 -0.8656483864 -0.4344231348 0.0003854411046 0
1.150635681 0.5062796995 0 -0.04574774447 0.256751555 0.4060278535 -0.006178373344 0.07099521453 0.2411148949 -0.9629497616 -0.1829675678 -0.1981177069 0.09423921991 0.4600214674 -0.8828925297 0.252679097 -0.8688516091 -0.4257348415 0.0003943901473 0
1.160704146 0.5107098243 0 -0.04648702471 0.2583828777 0.4043476711 -0.006284711672 0.07157357992 0.2408759801 -0.9617136263 -0.1871936145 -0.2001635621 0.09647022693 0.45239412 -0.8865850526 0.2565158791 -0.8719507503 -0.4170149792 0.0004034837758 0
1.170772611 0.515139949 0 -0.04723056553 0.2599993061 0.4026578056 -0.006391898002 0.07215084604 0.2406351623 -0.9604488592 -0.1914681524 -0.2021829257 0.0987293614 0.4447588404 -0.890192163 0.2603660923 -0.8749454386 -0.4082645925 0.0004127234073 0
1.180841077 0.5195700738 0 -0.04797831473 0.2616007606 0.4009583756 -0.006499930329 0.07272700425 0.240392446 -0.9591551235 -0.1957908171 -0.2041749372 0.1010165287 0.4371168208 -0.8937139061 0.2642292754 -0.8778353153 -0.3994847296 0.0004221104632 0
1.190909542 0.5240001985 0 -0.04873021987 0.263187163 0.3992495003 -0.006608806631 0.07330204596 0.2401478359 -0.9578320846 -0.2001612291 -0.2061387401 0.1033316275 0.4294692509 -0.8971503426 0.2681049656 -0.8806200343 -0.3906764423 0.0004316463701 0
1.200062692 0.5280275847 0 -0.04941733206 0.2646162202 0.3976878817 -0.006708515748 0.07382383507 0.2399238235 -0.9566036136 -0.2041754324 -0.2078988198 0.10546041 0.4225130968 -0.9002004138 0.2716387829 -0.8830600635 -0.3826451304 0.0004404457486 0
1.210131158 0.5324577094 0 -0.05017702472 0.2661736735 0.3959613075 -0.006818997606 0.07439672149 0.2396756107 -0.9552237107 -0.2086358888 -0.2098064072 0.1078285269 0.4148582235 -0.9034742183 0.2755370599 -0.8856431111 -0.3737855111 0.0004502698034 0
1.220199623 0.5368878342 0 -0.05094071932 0.2677158534 0.3942256379 -0.00693031747 0.07496846651 0.2394255176 -0.9538135436 -0.2131429013 -0.2116833193 0.1102242424 0.4072012433 -0.9066629825 0.2794464894 -0.8881200657 -0.364900546 0.0004602468853 0
1.230268089 0.541317959 0 -0.05170836243 0.2692426864 0.3924809945 -0.007042473257 0.07553906165 0.2391735489 -0.9523727868 -0.2176960311 -0.2135287172 0.112647429 0.3995433331 -0.9097668282 0.2833666031 -0.8904906305 -0.3559912994 0.0004703784391 0
1.240336554 0.5457480837 0 -0.05247990039 0.2707541001 0.3907274991 -0.007155462868 0.07610849841 0.2389197094 -0.9509011171 -0.2222948243 -0.2153417672 0.1150979528 0.3918856662 -0.9127858927 0.2872969315 -0.8927545215 -0.3470588386 0.0004806659141 0
1.250405019 0.5501782085 0 -0.0532552793 0.2722500231 0.3889652743 -0.007269284191 0.07667676834 0.2386640039 -0.949398214 -0.2269388119 -0.2171216407 0.117575673 0.3842294116 -0.9157203287 0.2912370037 -0.8949114676 -0.3381042336 0.0004911107643 0
1.260473485 0.5546083332 0 -0.05403444504 0.2737303854 0.3871944431 -0.007383935095 0.07724386301 0.2384064372 -0.94786376 -0.2316275104 -0.2188675147 0.1200804427 0.3765757339 -0.9185703043 0.2951863477 -0.8969612104 -0.3291285571 0.0005017144482 0
1.27054195 0.559038458 0 -0.05481734324 0.2751951182 0.385415129 -0.007499413436 0.07780977399 0.2381470141 -0.9462974399 -0.2363604213 -0.2205785719 0.1226121079 0.3689257934 -0.9213360027 0.2991444904 -0.8989035044 -0.3201328844 0.0005124784292 0
1.280610415 0.5634685827 0 -0.05560391934 0.2766441539 0.383627456 -0.007615717054 0.07837449292 0.2378857397 -0.944698942 -0.2411370316 -0.2222540009 0.1251705086 0.3612807453 -0.9240176226 0.3031109577 -0.9007381168 -0.311118293 0.0005234041748 0
1.290678881 0.5678987075 0 -0.05639411855 0.2780774262 0.3818315488 -0.007732843773 0.07893801144 0.2376226188 -0.9430679573 -0.2459568136 -0.2238929964 0.1277554782 0.3536417398 -0.9266153774 0.3070852744 -0.902464828 -0.3020858628 0.0005344931576 0
1.300747346 0.5723288323 0 -0.05718788586 0.2794948699 0.3800275321 -0.007850791402 0.0795003212 0.2373576564 -0.9414041798 -0.2508192255 -0.2254947593 0.1303668435 0.3460099218 -0.9291294959 0.3110669645 -0.904083431 -0.2930366759 0.0005457468544 0
1.310815811 0.576758957 0 -0.05798516605 0.280896421 0.3782155317 -0.007969557734 0.0800614139 0.2370908575 -0.9397073069 -0.2557237107 -0.2270584972 0.1330044253 0.3383864306 -0.9315602216 0.315055551 -0.905593732 -0.2839718163 0.0005571667466 0
1.320884277 0.5811890818 0 -0.05878590372 0.2822820171 0.3763956734 -0.008089140549 0.08062128126 0.2368222271 -0.9379770393 -0.2606696986 -0.2285834245 0.1356680376 0.3307723998 -0.9339078129 0.319050556 -0.90699555 -0.2748923698 0.0005687543204 0
1.330037427 0.5852164679 0 -0.05951680056 0.2835277528 0.3747345442 -0.008198558834 0.08112918132 0.2365764327 -0.9363748408 -0.2652015742 -0.229935388 0.1381119305 0.3238597119 -0.9359700752 0.3226875459 -0.9081756504 -0.2666265848 0.0005794352412 0
1.340105892 0.5896465927 0 -0.06032398428 0.2848827196 0.3729000357 -0.008319694163 0.08168668648 0.23630432 -0.9345800006 -0.2702251591 -0.2313840658 0.1408246991 0.3162668674 -0.9381597266 0.326693475 -0.9093699093 -0.2575223124 0.0005913470769 0
1.350174358 0.5940767174 0 -0.06113446317 0.286221556 0.3710580382 -0.008441639425 0.08224294236 0.2360303907 -0.9327509143 -0.2752885067 -0.2327916878 0.1435629224 0.3086867455 -0.9402670793 0.3307044286 -0.910455233 -0.2484066216 0.0006034309426 0
1.360242823 0.5985068422 0 -0.06194818107 0.2875442044 0.3692086794 -0.00856439234 0.08279794076 0.23575465 -0.9308872964 -0.2803909918 -0.2341574964 0.1463263902 0.3011204549 -0.9422924489 0.3347199262 -0.9114314913 -0.2392806045 0.0006156883421 0
1.370311289 0.6029369669 0 -0.06276508163 0.2888506082 0.3673520872 -0.00868795061 0.08335167354 0.235477103 -0.9289888648 -0.2855319757 -0.2354807423 0.1491148862 0.2935690971 -0.9442361653 0.3387394867 -0.9122985674 -0.2301453542 0.0006281207832 0
1.380379754 0.6073670917 0 -0.06358510834 0.2901407123 0.3654883901 -0.008812311926 0.08390413257 0.2351977551 -0.9270553414 -0.2907108058 -0.2367606838 0.1519281881 0.2860337666 -0.9460985731 0.3427626287 -0.9130563574 -0.2210019651 0.0006407297787 0
1.390448219 0.6117972165 0 -0.06440820451 0.2914144625 0.363617717 -0.008937473961 0.08445530974 0.2349166114 -0.9250864521 -0.2959268162 -0.2379965874 0.1547660677 0.2785155503 -0.9478800307 0.3467888702 -0.9137047705 -0.2118515326 0.0006535168454 0
1.400516685 0.6162273412 0 -0.0652343133 0.2926718064 0.361740197 -0.009063434374 0.08500519699 0.2346336774 -0.9230819266 -0.301179328 -0.239187728 0.1576282906 0.2710155275 -0.9495809106 0.3508177288 -0.9142437291 -0.2026951526 0.0006664835047 0
1.41058515 0.620657466 0 -0.0660633777 0.2939126923 0.3598559598 -0.00919019081 0.08555378627 0.2343489583 -0.9210414987 -0.3064676488 -0.2403333892 0.1605146165 0.2635347698 -0.9512015996 0.3548487221 -0.9146731686 -0.1935339223 0.0006796312825 0
1.420653615 0.6250875907 0 -0.06689534053 0.2951370702 0.3579651352 -0.009317740899 0.08610106956 0.2340624594 -0.9189649065 -0.3117910732 -0.241432863 0.1634247993 0.2560743406 -0.9527424978 0.3588813671 -0.9149930376 -0.1843689388 0.000692961709 0
1.430722081 0.6295177155 0 -0.06773014448 0.2963448913 0.3560678535 -0.009446082254 0.08664703886 0.2337741863 -0.9168518921 -0.3171488833 -0.2424854506 0.1663585872 0.2486352948 -0.9542040194 0.3629151807 -0.9152032976 -0.1752013003 0.0007064763188 0
1.440790546 0.6339478402 0 -0.06856773209 0.2975361079 0.3541642452 -0.009575212477 0.08719168622 0.2334841443 -0.9147022022 -0.3225403481 -0.2434904621 0.1693157225 0.241218679 -0.9555865921 0.3669496797 -0.9153039237 -0.1660321048 0.0007201766508 0
1.450859011 0.638377965 0 -0.06940804575 0.2987106738 0.3522544415 -0.009705129151 0.0877350037 0.233192339 -0.9125155876 -0.3279647242 -0.2444472172 0.1722959417 0.233825531 -0.956890657 0.3709843808 -0.9152949037 -0.1568624508 0.0007340642483 0
1.460012162 0.6424053511 0 -0.07017428426 0.2997639741 0.3505129903 -0.009823915633 0.088227768 0.2329255358 -0.9104955083 -0.3329238989 -0.2452745542 0.1750250371 0.2271257179 -0.9580084262 0.3746520596 -0.9151915569 -0.1485269282 0.0007468531423 0
1.470080627 0.6468354759 0 -0.07101964175 0.3009066284 0.3485917233 -0.009955326958 0.08876852468 0.2326303793 -0.9082377259 -0.3384089965 -0.2461373281 0.178048574 0.2197802212 -0.9591638857 0.3786858045 -0.9149732266 -0.1393594491 0.000761102548 0
1.480149092 0.6512656007 0 -0.07186755695 0.3020325046 0.3466646433 -0.01008751763 0.08930792855 0.2323334755 -0.9059423201 -0.3439247728 -0.2469499205 0.1810943968 0.2124611596 -0.9602421961 0.3827183457 -0.9146452899 -0.1301947066 0.0007755437334 0
1.490217558 0.6556957254 0 -0.07271797176 0.3031415616 0.3447318824 -0.01022048517 0.0898459718 0.23203483 -0.9036090598 -0.3494704368 -0.2477116891 0.1841622203 0.2051695346 -0.9612438497 0.3867492 -0.914207786 -0.1210337987 0.0007901782587 0
1.500286023 0.6601258502 0 -0.07357082795 0.3042337594 0.3427935728 -0.01035422709 0.09038264662 0.2317344485 -0.9012377186 -0.3550451854 -0.2484220015 0.1872517542 0.197906338 -0.962169352 0.3907778846 -0.9136607673 -0.1118778227 0.0008050076882 0
1.510354488 0.6645559749 0 -0.07442606717 0.3053090594 0.3408498473 -0.01048874091 0.09091794524 0.2314323365 -0.8988280751 -0.3606482044 -0.249080236 0.1903627025 0.1906725514 -0.9630192208 0.3948039169 -0.9130042994 -0.1027278755 0.0008200335906 0
1.520422954 0.6689860997 0 -0.07528363097 0.3063674242 0.3389008387 -0.01062402409 0.09145185993 0.2311284999 -0.8963799128 -0.3662786679 -0.2496857813 0.1934947642 0.1834691467 -0.9637939865 0.3988268147 -0.912238461 -0.0935850532 0.0008352575387 0
1.530491419 0.6734162244 0 -0.07614346081 0.3074088179 0.33694668 -0.01076007411 0.09198438299 0.2308229443 -0.8938930201 -0.3719357386 -0.2502380367 0.196647633 0.1762970848 -0.964494192 0.402846096 -0.9113633437 -0.08445045097 0.0008506811095 0
1.540559885 0.6778463492 0 -0.07700549803 0.3084332057 0.3349875045 -0.01089688843 0.09251550672 0.2305156754 -0.8913671905 -0.3776185682 -0.2507364125 0.1998209974 0.1691573166 -0.9651203921 0.4068612794 -0.9103790525 -0.07532516309 0.0008663058842 0
1.55062835 0.682276474 0 -0.07786968389 0.3094405542 0.3330234457 -0.01103446449 0.09304522349 0.2302066991 -0.8888022228 -0.3833262977 -0.25118033 0.2030145409 0.1620507818 -0.965673154 0.4108718838 -0.9092857051 -0.06621028272 0.0008821334483 0
1.560696815 0.6867065987 0 -0.07873595956 0.3104308314 0.3310546374 -0.01117279972 0.09357352567 0.2298960212 -0.8861979209 -0.3890580571 -0.2515692215 0.206227942 0.1549784094 -0.9661530565 0.4148774288 -0.9080834327 -0.05710690175 0.000898165391 0
