0.008084819995 0.003180729883 0.002803653878 -2.185820178e-06 0.002061616131 0.5099944441 -2.736406736e-07 0.0005136557366 0.2549993099 -0.9999999999 -6.789419909e-08 -1.272945118e-05 3.450746713e-08 0.9999676441 -0.008044295705 1.272958547e-05 -0.008044295705 -0.999967644 3.204934259e-08 0.003728859658 0
0.01516963999 0.005968039765 0.005260527756 -7.695204003e-06 0.003868172537 0.5099804402 -9.687093024e-07 0.0009655651198 0.2549975569 -0.999999999 -4.50389331e-07 -4.481267538e-05 2.260255061e-07 0.9998860922 -0.01509312998 4.481436865e-05 -0.01509312997 -0.9998860912 5.131939571e-08 0.006996501915 0
0.02225445999 0.008755349648 0.007717401634 -1.656140057e-05 0.005674616838 0.509957904 -2.091659875e-06 0.001418070719 0.2549947245 -0.9999999953 -1.423009974e-06 -9.643939236e-05 7.126129239e-07 0.9997548558 -0.02214109815 9.644725781e-05 -0.02214109811 -0.9997548512 3.198280894e-08 0.01026414417 0
0.03022488248 0.01189107327 0.01048138475 -3.054792346e-05 0.00770666749 0.5099223529 -3.865688859e-06 0.001927196439 0.25499025 -0.9999999842 -3.565634023e-06 -0.000177869833 1.784261506e-06 0.9995478397 -0.03006852355 0.0001778966207 -0.03006852339 -0.9995478239 2.78963435e-08 0.01394024171 0
0.03730970248 0.01467838315 0.01293825862 -4.654617795e-05 0.009512699748 0.5098816883 -5.895958545e-06 0.002379681635 0.2549851292 -0.9999999633 -6.70691787e-06 -0.0002709957834 3.355253047e-06 0.9993110638 -0.03711330866 0.0002710580005 -0.0371133082 -0.9993110271 1.075160192e-07 0.01720788397 0
0.04439452247 0.01746569303 0.0153951325 -6.589989404e-05 0.01131845632 0.5098324948 -8.352617715e-06 0.002832090734 0.2549789329 -0.9999999264 -1.12988856e-05 -0.0003836297636 5.651677341e-06 0.9990246497 -0.04415596433 0.0003837545034 -0.04415596325 -0.9990245761 2.092010985e-07 0.02047552623 0
0.05236494497 0.02060141665 0.01815911562 -9.168280726e-05 0.01334953779 0.5097669595 -1.16258435e-05 0.003340970066 0.2549706769 -0.9999998574 -1.854132038e-05 -0.0005336390728 9.273576087e-06 0.9986431295 -0.05207590371 0.0005338805498 -0.05207590123 -0.998642987 3.480895916e-07 0.02415162377 0
0.05944976496 0.02338872653 0.02061598949 -0.0001181644992 0.01515453482 0.509699648 -1.49881527e-05 0.003793243943 0.2549621963 -0.9999997632 -2.712893425e-05 -0.0006876651656 1.356824906e-05 0.9982513157 -0.05911269348 0.0006880663207 -0.05911268881 -0.9982510789 4.925184263e-07 0.02741926603 0
0.06653458496 0.02617603641 0.02307286337 -0.0001479991622 0.01695909269 0.5096238138 -1.877653606e-05 0.004245463597 0.254952641 -0.9999996285 -3.80259465e-05 -0.000861133944 1.901798474e-05 0.9978099489 -0.06614609238 0.0008617632844 -0.06614608418 -0.9978095775 6.562988393e-07 0.03068690828 0
0.07361940495 0.0289633463 0.02552973725 -0.0001811857586 0.01876315913 0.5095394597 -2.299094e-05 0.004697631831 0.2549420112 -0.9999994432 -5.150657794e-05 -0.001054018198 2.576003885e-05 0.9973190646 -0.07317569732 0.001054961473 -0.07317568373 -0.997318508 8.392355036e-07 0.03395455054 0
0.08158982745 0.03209906991 0.02829372036 -0.0002225258461 0.02079208138 0.509434381 -2.824131024e-05 0.005206260977 0.2549287685 -0.9999991601 -7.010152462e-05 -0.001294182751 3.50603013e-05 0.9967076803 -0.08107896647 0.001295605646 -0.08107894375 -0.9967068407 1.067810987e-06 0.03763064808 0
0.08867464744 0.0348863798 0.03075059424 -0.0002628313243 0.02259493003 0.509331932 -3.336084332e-05 0.005658322195 0.2549158557 -0.9999988282 -8.998126415e-05 -0.001528220629 4.500363487e-05 0.9961117075 -0.08809917251 0.001530205735 -0.08809913805 -0.9961105362 1.291179223e-06 0.04089829034 0
0.09575946744 0.03767368968 0.03320746812 -0.000306484743 0.02439712399 0.5092209732 -3.890624116e-05 0.006110331971 0.2549018688 -0.9999984066 -0.0001132992321 -0.001781569315 5.666728382e-05 0.9954663538 -0.09511432735 0.00178426869 -0.09511427675 -0.9954647612 1.533536445e-06 0.0441659326 0
0.1037298899 0.0408094133 0.03597145123 -0.0003595947794 0.02642374468 0.5090859774 -4.565378916e-05 0.006618779506 0.2548848498 -0.9999978064 -0.0001439811082 -0.002089619407 7.201529439e-05 0.9946813701 -0.102999839 0.002093335525 -0.1029997635 -0.9946791778 1.82889814e-06 0.04784203014 0
0.1108147099 0.04359672318 0.03842832511 -0.0004103573865 0.02822437422 0.5089569483 -5.210397024e-05 0.007070674236 0.2548685808 -0.9999971432 -0.0001755098373 -0.002383867753 8.778796935e-05 0.9939312593 -0.1100029278 0.002388707274 -0.1100028228 -0.9939284044 2.111655781e-06 0.05110967239 0
0.1178995299 0.04638403306 0.04088519899 -0.0004644628045 0.03002418608 0.5088194225 -5.897984076e-05 0.007522511373 0.2548512381 -0.99999634 -0.0002113270322 -0.00269729258 0.0001057072174 0.9931319429 -0.1169997126 0.002703492623 -0.1169995695 -0.9931282857 2.413475683e-06 0.05437731465 0
0.1258699524 0.04951975668 0.0436491821 -0.0005293247566 0.03204793219 0.5086545555 -6.722394872e-05 0.008030756143 0.2548304444 -0.999995246 -0.0002570848066 -0.003072755991 0.0001286014801 0.9921739762 -0.1248630625 0.003080808926 -0.1248628641 -0.9921692264 2.775864221e-06 0.05805341219 0
0.1329547724 0.05230706656 0.04610605598 -0.0005905272571 0.03384583357 0.5084989902 -7.500419651e-05 0.008482462264 0.2548108207 -0.9999940827 -0.0003029139739 -0.003426763646 0.0001515333465 0.9912703164 -0.1318451248 0.003436786814 -0.1318448639 -0.9912644049 3.118347997e-06 0.06132105445 0
0.1400395924 0.05509437645 0.04856292986 -0.0006550663045 0.03564275459 0.5083349441 -8.320992577e-05 0.008934102366 0.2547901238 -0.9999927182 -0.0003538763897 -0.003799783949 0.0001770358737 0.9903176649 -0.1388196359 0.003812118159 -0.1388192978 -0.9903103909 3.480055005e-06 0.06458869671 0
0.1480100149 0.05823010006 0.05132691297 -0.000731658151 0.03766305419 0.5081402619 -9.294986221e-05 0.009442114911 0.2547655573 -0.9999909151 -0.0004176798559 -0.00424208473 0.0002089672632 0.9891874671 -0.1466564397 0.00425747249 -0.1466559938 -0.9891783931 3.910032043e-06 0.06826479425 0
0.1550948349 0.06101740995 0.05378378685 -0.0008032797668 0.0394577194 0.5079582132 -0.0001020594892 0.009893604891 0.2547425807 -0.9999890486 -0.0004804427188 -0.004655308516 0.0002403809336 0.9881309674 -0.1536135848 0.004673857035 -0.1536130216 -0.9881200305 4.312804129e-06 0.07153243651 0
0.1621796549 0.06380471983 0.05624066072 -0.0008782305339 0.04125124194 0.5077677024 -0.000111594354 0.01034501946 0.2547185314 -0.9999869085 -0.0005491770817 -0.005087351795 0.0002747867534 0.9870257284 -0.1605619383 0.005109524048 -0.1605612342 -0.9870126559 4.735012187e-06 0.07480007876 0
0.1701500774 0.06694044345 0.05900464384 -0.0009665262745 0.04326752438 0.5075432711 -0.0001228292622 0.01085276684 0.2546901943 -0.9999841424 -0.0006339730725 -0.00559581092 0.0003172370085 0.9857241863 -0.1683678349 0.00562266684 -0.1683669401 -0.985708354 5.233324271e-06 0.0784761763 0
0.1772348974 0.06972775333 0.06146151771 -0.001048542694 0.04505844663 0.5073348007 -0.0001332674681 0.01130401078 0.2546638667 -0.9999813353 -0.00071628134 -0.006067616253 0.0003584465203 0.9845156757 -0.1752961943 0.006099224709 -0.1752950973 -0.9844970433 5.697094158e-06 0.08174381856 0
0.1843197174 0.07251506321 0.06391839159 -0.00113387974 0.04684806433 0.5071178899 -0.0001441306316 0.01175516947 0.2546364673 -0.9999781716 -0.000805391758 -0.006558018825 0.0004030666454 0.9832587161 -0.1822145293 0.006594983251 -0.1822131951 -0.9832369286 6.180553419e-06 0.08501146082 0
0.1914045374 0.07530237309 0.06637526547 -0.001222534447 0.04863632576 0.5068925463 -0.0001554186551 0.0122062397 0.2546079963 -0.9999746224 -0.0009015683556 -0.007066941407 0.0004512305842 0.9819534085 -0.1891224472 0.007109914015 -0.1891208365 -0.981928082 6.683790943e-06 0.08827910308 0
0.1993749599 0.07843809671 0.06913924858 -0.001326232793 0.05064643441 0.5066289645 -0.0001686253959 0.01271358396 0.2545746859 -0.9999701314 -0.001018540884 -0.00766151657 0.0005098163587 0.9804272769 -0.1968809155 0.007712091089 -0.1968789409 -0.9803974736 7.273689699e-06 0.09195520062 0
0.2064597799 0.08122540659 0.07159612246 -0.001421927157 0.05243164237 0.5063857273 -0.000180815906 0.01316445549 0.2545439387 -0.9999656621 -0.001130605521 -0.008209524313 0.0005659514759 0.9790195822 -0.2037653977 0.008267663347 -0.2037630471 -0.9789853249 7.81926766e-06 0.09522284287 0
0.2135445999 0.08401271648 0.07405299634 -0.001520929172 0.05421533285 0.5061340827 -0.0001934309472 0.01361522843 0.2545121207 -0.99996071 -0.001250555331 -0.008775791784 0.0006260442306 0.9775638798 -0.2106382421 0.008842311841 -0.2106354602 -0.9775246884 8.384924771e-06 0.09849048513 0
0.2215150224 0.08714844009 0.07681697945 -0.001636255829 0.05622010668 0.505840944 -0.0002081301747 0.01412222609 0.254475046 -0.9999545202 -0.00139524781 -0.009434557445 0.0006985430325 0.9758689757 -0.2183557974 0.009511552358 -0.2183524571 -0.9758236187 9.045418864e-06 0.1021665827 0
0.2285998424 0.08993574998 0.07927385333 -0.00174227504 0.05800040167 0.505571463 -0.000221646964 0.01457277869 0.2544409537 -0.9999484299 -0.001532815588 -0.01003932666 0.0007674821878 0.9743116492 -0.2252026226 0.010126627 -0.2251987139 -0.9742602274 9.654092023e-06 0.1054342249 0
0.2356846623 0.09272305986 0.08173072721 -0.001851590774 0.05977901854 0.5052936028 -0.0002355879181 0.01502322248 0.2544057917 -0.9999417488 -0.001679077484 -0.01066206684 0.0008407888038 0.9727066925 -0.2320365994 0.0107606712 -0.2320320476 -0.9726486194 1.028317902e-05 0.1087018672 0
0.2436550848 0.09585878348 0.08449471032 -0.001978506615 0.06177789277 0.5049710065 -0.0002517783455 0.01552983759 0.254364956 -0.9999334807 -0.001854333721 -0.0113840079 0.0009286413614 0.9708443436 -0.2397089861 0.01149660014 -0.2397036125 -0.9707780417 1.101544493e-05 0.1123779647 0
0.2507399048 0.09864609336 0.0869515842 -0.002094814708 0.06355277343 0.5046753731 -0.0002666202305 0.01598003922 0.2543275217 -0.9999254209 -0.002019921054 -0.01204460625 0.001011660657 0.9691386048 -0.2465143832 0.01217083249 -0.2465081835 -0.9690642839 1.168829412e-05 0.115645607 0
0.2578247248 0.1014334032 0.08940845808 -0.002214407078 0.06532581594 0.5043713917 -0.0002818858772 0.01643012176 0.2542890186 -0.9999166519 -0.002195000365 -0.01272285868 0.001099452822 0.9673856506 -0.2533057328 0.0128639171 -0.2532986084 -0.9673026076 1.238192451e-05 0.1189132492 0
0.2657951473 0.1045691269 0.09217244119 -0.002352869055 0.06731822802 0.5040194473 -0.0002995660871 0.01693631814 0.2542444255 -0.9999058892 -0.00240362519 -0.0135068611 0.001204084343 0.9653573148 -0.2609287353 0.01366612205 -0.2609204424 -0.9652635701 1.318725361e-05 0.1225893468 0
0.2728799673 0.1073564367 0.09462931507 -0.002479426582 0.06908719501 0.5036977617 -0.0003157317687 0.01738613662 0.2542036525 -0.9998954788 -0.002599712755 -0.01422226868 0.001302445649 0.9635044987 -0.2676889698 0.01439913429 -0.2676795144 -0.9634004061 1.392546077e-05 0.125856989 0
0.2799647873 0.1101437466 0.09708618895 -0.00260925503 0.07085416453 0.5033677621 -0.0003323207719 0.01783582568 0.2541618118 -0.9998842305 -0.002806078043 -0.01495498566 0.001405980408 0.9616049185 -0.27443397 0.01515087091 -0.2744232254 -0.9614896487 1.468484826e-05 0.1291246313 0
0.2870496073 0.1129310565 0.09954306282 -0.002742349891 0.07261908574 0.5030294599 -0.0003493329481 0.01828538201 0.2541189039 -0.9998721008 -0.003022969769 -0.01570489594 0.001514815721 0.9596587263 -0.281163359 0.01592128877 -0.2811511884 -0.9595314074 1.546555038e-05 0.1323922736 0
0.2950200298 0.1160667801 0.1023070459 -0.002895980238 0.07460211056 0.5026389603 -0.0003689772803 0.01879097011 0.2540693572 -0.9998573461 -0.003279863251 -0.01656894822 0.001643748817 0.9574137382 -0.2887147936 0.01681028369 -0.2887008425 -0.957271768 1.636948918e-05 0.1360683711 0
0.3021048498 0.11885409 0.1047639198 -0.003036000747 0.07636251073 0.5022830544 -0.0003868881881 0.0192402334 0.2540241826 -0.9998431948 -0.003519943138 -0.01735499603 0.001764267301 0.9553690172 -0.2954097635 0.01762025107 -0.2953940605 -0.9552130002 1.719594516e-05 0.1393360134 0
0.3091896698 0.1216413999 0.1072207937 -0.003179272855 0.07812070428 0.5019188835 -0.0004052217798 0.01968935363 0.253977942 -0.9998280199 -0.003771317672 -0.01815785638 0.001890479935 0.9532781832 -0.3020879532 0.01844875798 -0.3020703272 -0.9531071088 1.804415565e-05 0.1426036556 0
0.3171600923 0.1247771235 0.1099847768 -0.00334433446 0.08009597156 0.5014993278 -0.0004263521053 0.02019443875 0.2539246476 -0.9998096654 -0.004067916941 -0.01908101163 0.002039430748 0.9508710839 -0.3095803975 0.01940292955 -0.309560388 -0.950681804 1.90245792e-05 0.1462797532 0
0.3242449123 0.1275644334 0.1124416507 -0.003494499568 0.08184930851 0.5011176362 -0.0004455833503 0.02064324396 0.2538761431 -0.9997921561 -0.00434409697 -0.0199191718 0.002178156923 0.9486828196 -0.3162216999 0.0202706738 -0.3161993622 -0.9484761795 1.991951033e-05 0.1495473954 0
0.3313297323 0.1303517433 0.1148985246 -0.003647900366 0.08360028135 0.5007277201 -0.0004652367533 0.02109189576 0.253826574 -0.999773471 -0.004632325415 -0.02077373693 0.002322965088 0.9464489768 -0.3228450683 0.02115680548 -0.3228201912 -0.946223818 2.083666584e-05 0.1528150377 0
0.3393001548 0.1334874669 0.1176625077 -0.003824337291 0.08556723744 0.5002792504 -0.0004878512229 0.02159644154 0.2537695366 -0.9997509817 -0.004971280311 -0.0217545623 0.002493297065 0.9438816457 -0.3302744653 0.02217561901 -0.3302464615 -0.943634207 2.189522594e-05 0.1564911352 0
0.3463849748 0.1362747768 0.1201193816 -0.003984596117 0.08731301995 0.4998719025 -0.0005084011223 0.02204475635 0.2537177065 -0.9997296283 -0.005285899859 -0.022643533 0.002651436492 0.9415515459 -0.3368585107 0.02310065385 -0.3368274716 -0.9412829618 2.286013182e-05 0.1597587775 0
0.3534697948 0.1390620867 0.1225762554 -0.00414807363 0.08905628177 0.4994563733 -0.0005293726167 0.02249290741 0.2536648132 -0.9997069371 -0.005613306175 -0.0235484747 0.002816039603 0.9391764374 -0.3434234839 0.02404391374 -0.3433891527 -0.9388853924 2.384776121e-05 0.1630264197 0
0.3614402173 0.1421978103 0.1253402385 -0.004335826104 0.09101437613 0.4989791416 -0.0005534692518 0.0229968775 0.2536040379 -0.9996797434 -0.005997212337 -0.02458544461 0.003009094584 0.936450877 -0.3507858325 0.02512679829 -0.3507474709 -0.9361329263 2.498621248e-05 0.1667025173 0
0.3685250373 0.1449851202 0.1277971124 -0.004506124362 0.09275211585 0.4985462753 -0.0005753360074 0.0234446696 0.2535488868 -0.9996540294 -0.006352561576 -0.02552384212 0.003187833203 0.9339807588 -0.3573090817 0.02610860537 -0.357266829 -0.933637378 2.602268334e-05 0.1699701595 0
0.3756098573 0.14777243 0.1302539863 -0.00467962322 0.09448717921 0.4981052737 -0.0005976237584 0.02389228762 0.253492674 -0.999626806 -0.006721419557 -0.02647775078 0.003373410666 0.931466236 -0.3638121374 0.02710846488 -0.3637656852 -0.9310959443 2.708240534e-05 0.1732378018 0
0.3835802797 0.1509081537 0.1330179694 -0.004878627658 0.09643586467 0.4975994417 -0.0006232004506 0.02439564569 0.2534281662 -0.9995943046 -0.007152815048 -0.02756924872 0.003590507524 0.9285845702 -0.3711034952 0.02825481364 -0.3710519278 -0.9281821655 2.830260264e-05 0.1769138993 0
0.3906650997 0.1536954635 0.1354748433 -0.005058907682 0.09816507624 0.4971412036 -0.0006463821491 0.02484288281 0.2533696989 -0.9995636836 -0.00755113196 -0.02855560897 0.003791010455 0.9259763577 -0.3775624627 0.02929284276 -0.3775059806 -0.9255437126 2.941231699e-05 0.1801815416 0
0.3977499197 0.1564827734 0.1379317172 -0.005242369142 0.09989145683 0.4966748789 -0.0006699842066 0.02528993552 0.2533101716 -0.9995313723 -0.007963662267 -0.02955699519 0.00399872048 0.9233243786 -0.384000133 0.03034874159 -0.38393837 -0.9228598387 3.054583787e-05 0.1834491838 0
0.4048347397 0.1592700833 0.140388591 -0.005429005681 0.1016149572 0.4962004838 -0.0006940064115 0.02573680051 0.2532495848 -0.9994973106 -0.008390627649 -0.03057324686 0.004213753917 0.9206288442 -0.3904161568 0.03142244952 -0.3903487269 -0.9201306978 3.170334873e-05 0.1867168261 0
0.4128051622 0.1624058069 0.1431525742 -0.005642758941 0.103550391 0.495657163 -0.0007215333315 0.02623929516 0.2531801587 -0.9994568234 -0.008888491705 -0.03173409574 0.004464564157 0.9175445732 -0.3976078771 0.03265158164 -0.3975335847 -0.9170065012 3.303445593e-05 0.1903929236 0
0.4198899822 0.1651931168 0.145609448 -0.005836120911 0.1052676078 0.495165673 -0.0007464476306 0.02668575033 0.2531173222 -0.9994188394 -0.009346858957 -0.03278139199 0.004695542585 0.9147572005 -0.4039767517 0.03376292809 -0.4038959028 -0.9141816911 3.424356715e-05 0.1936605659 0
0.4269748022 0.1679804267 0.1480663219 -0.006032637386 0.106981791 0.4946661649 -0.0007717813921 0.02713200748 0.2530534278 -0.999378912 -0.009820341658 -0.03384303587 0.004934202982 0.9119269545 -0.4103229013 0.03489188772 -0.4102350431 -0.9113121121 3.547725922e-05 0.1969282081 0
0.4349452247 0.1711161503 0.150830305 -0.006257480561 0.1089065605 0.4940946557 -0.0008007829799 0.02763380599 0.252980283 -0.9993315915 -0.01037134333 -0.03505432237 0.005212019094 0.9086919609 -0.4174347315 0.03618293985 -0.4173384183 -0.9080305278 3.689478703e-05 0.2006043057 0
0.4420300447 0.1739034602 0.1532871789 -0.006460677624 0.1106141358 0.4935781668 -0.0008270073411 0.02807963143 0.2529141428 -0.9992873219 -0.01087765326 -0.03614588479 0.005467378252 0.9057713603 -0.4237314606 0.03734911114 -0.4236270997 -0.9050663646 3.818136288e-05 0.2038719479 0
0.4491148647 0.1766907701 0.1557440528 -0.006667007562 0.1123185255 0.4930537147 -0.000853650443 0.02852524857 0.2528469466 -0.9992409069 -0.01139973957 -0.03725125299 0.005730770173 0.9028086005 -0.430004406 0.03853268982 -0.429891471 -0.9020579554 3.949313647e-05 0.2071395902 0
0.4570852872 0.1798264937 0.1585080359 -0.006902864605 0.114232096 0.4924542102 -0.0008841241616 0.02902631477 0.2527700895 -0.9991860429 -0.01200620236 -0.03851107223 0.006036825371 0.8994253955 -0.4370326243 0.03988493849 -0.4369093831 -0.8986208225 4.09992535e-05 0.2108156877 0
0.4641701072 0.1826138036 0.1609649098 -0.007115828046 0.1159295558 0.491912897 -0.0009116562908 0.02947147834 0.2527006514 -0.9991348473 -0.01256249901 -0.03964518248 0.006317652948 0.8963738329 -0.4432539215 0.04110528112 -0.4431209037 -0.8955189672 4.236524874e-05 0.21408333 0
0.4712549272 0.1854011135 0.1634217837 -0.007331901681 0.1176236792 0.4913636783 -0.0009396064027 0.02991642335 0.2526301593 -0.9990812957 -0.01313521268 -0.04079253322 0.006606855966 0.8932808572 -0.4494503973 0.0423428156 -0.4493069956 -0.8923734138 4.375708386e-05 0.2173509723 0
0.4792253497 0.1885368371 0.1661857668 -0.007578692857 0.1195255202 0.4907363813 -0.0009715495865 0.03041672113 0.2525495967 -0.9990181478 -0.01379938866 -0.04209889797 0.006942354926 0.8897520636 -0.4563913552 0.04375550304 -0.4562355118 -0.8887826583 4.535404752e-05 0.2210270698 0
0.4863101697 0.191324147 0.1686426406 -0.00780135069 0.1212123944 0.4901704268 -0.001000387076 0.03086119078 0.2524768669 -0.9989593589 -0.01440765171 -0.04327376519 0.007249712877 0.8865719035 -0.4625340004 0.04502933316 -0.4623663909 -0.8855448491 4.680149504e-05 0.2242947121 0
0.4933949897 0.1941114568 0.1710995145 -0.008027094996 0.1228957825 0.489596627 -0.001029641752 0.0313054316 0.2524030852 -0.9988979951 -0.01503295122 -0.04446128484 0.007565780482 0.8833511075 -0.468650808 0.04632012994 -0.4684707369 -0.8822639142 4.827544907e-05 0.2275623543 0
0.5013654122 0.1972471805 0.1738634976 -0.008284736911 0.124785368 0.4889417495 -0.001063051608 0.03180492492 0.2523188242 -0.9988257933 -0.01575701808 -0.0458121278 0.007931898132 0.8796794569 -0.4755009338 0.04779246451 -0.4753059746 -0.8785215483 4.996560292e-05 0.2312384519 0
0.5084502322 0.2000344903 0.1763203715 -0.00851701391 0.1264611904 0.4883513448 -0.001093191934 0.03224866861 0.2522428092 -0.998758718 -0.01641916014 -0.04702589063 0.008266821603 0.8763731601 -0.4815617758 0.04911906829 -0.4813527764 -0.8751495996 5.149661138e-05 0.2345060941 0
0.5155350522 0.2028218002 0.1787772454 -0.00875235263 0.1281333784 0.4877531579 -0.001123748618 0.03269217325 0.2521657443 -0.9986888406 -0.01709893613 -0.04825169573 0.008610780143 0.8730270346 -0.4875957867 0.05046240405 -0.4873719557 -0.8717351218 5.305481677e-05 0.2377737364 0
0.5226198722 0.2056091101 0.1812341193 -0.008990744932 0.1298018849 0.4871472093 -0.001154721384 0.03313543556 0.2520876303 -0.9986160866 -0.01779653245 -0.04948934326 0.008963875973 0.8696413451 -0.4936026538 0.05182239468 -0.4933631668 -0.8682783108 5.464044491e-05 0.2410413786 0
0.5305902947 0.2087448337 0.1839981024 -0.009262575993 0.1316744955 0.4864562656 -0.00119006275 0.03363381195 0.2519984989 -0.9985307063 -0.01860285826 -0.05089560056 0.009372156759 0.8657854862 -0.5003275473 0.05337219473 -0.5000694207 -0.8643390442 5.64573395e-05 0.2447174762 0
0.5376751146 0.2115321436 0.1864549763 -0.009507429667 0.1333350227 0.4858338934 -0.001221918768 0.03407654848 0.2519181577 -0.9984515892 -0.01933893093 -0.05215773996 0.009745004402 0.8623166152 -0.5062757055 0.05476731668 -0.5060000601 -0.8607929369 5.810200145e-05 0.2479851184 0
0.5447599346 0.2143194535 0.1889118501 -0.009755310827 0.1349917218 0.4852038259 -0.001254189989 0.03451903248 0.2518367696 -0.998369358 -0.02009339112 -0.05343108349 0.01012730263 0.8588090262 -0.5121957577 0.05617884647 -0.5119016625 -0.8572051243 5.97748068e-05 0.2512527607 0
0.5527303571 0.2174551771 0.1916758332 -0.01003778525 0.1368508746 0.4844858287 -0.001290991052 0.03501652108 0.2517439576 -0.998273029 -0.02096435735 -0.05487672758 0.01056880684 0.8548170533 -0.518821844 0.0577863291 -0.5185058352 -0.8531192408 6.169064609e-05 0.2549288582 0
0.5598151771 0.220242487 0.1941327071 -0.01029207126 0.1384992847 0.4838394813 -0.001324143618 0.03545845765 0.2516603472 -0.998183922 -0.02175847401 -0.05617318466 0.01097151257 0.8512281112 -0.5246811686 0.05923245545 -0.5243446115 -0.8494434911 6.34240403e-05 0.2581965005 0
0.5668999971 0.2230297969 0.196589581 -0.01054935764 0.1401437216 0.4831855075 -0.001357710472 0.03590013151 0.2515756923 -0.998091456 -0.02257152154 -0.05748018712 0.01138397263 0.8476013256 -0.5305114495 0.06069473341 -0.530153298 -0.8457266875 6.518632069e-05 0.2614641427 0
0.5748704196 0.2261655205 0.1993535641 -0.01084238015 0.1419889066 0.4824406991 -0.001395968014 0.03639669655 0.2514792078 -0.9979833171 -0.0235090383 -0.05896290212 0.01185976809 0.8434763128 -0.5370354324 0.06235899782 -0.5366516886 -0.8414964768 6.720371584e-05 0.2651402403 0
0.5819552396 0.2289528304 0.201810438 -0.01110601271 0.1436247478 0.4817705945 -0.001430414229 0.03683780138 0.2513923357 -0.997883447 -0.02436287096 -0.06029159713 0.01229327071 0.8397700619 -0.5428030201 0.06385531819 -0.5423953297 -0.8376931447 6.902818635e-05 0.2684078825 0
0.5890400596 0.2317401403 0.2042673119 -0.01137261756 0.1452564723 0.4810929349 -0.001465273781 0.03727863335 0.2513044214 -0.9977799658 -0.02523615327 -0.06163015903 0.01273682157 0.8360268695 -0.5485406519 0.06536752489 -0.5481078452 -0.8338494329 7.08823072e-05 0.2716755248 0
0.5970104821 0.2348758639 0.207031295 -0.01167608935 0.1470871848 0.4803215664 -0.001504984456 0.03777423913 0.2512042731 -0.9976591306 -0.02624204425 -0.06314755974 0.01324794147 0.8317719882 -0.5549593244 0.06708763846 -0.5544968122 -0.8294772655 7.300394462e-05 0.2753516223 0
0.6040953021 0.2376631738 0.2094881689 -0.01194897962 0.1487100101 0.4796279304 -0.001540721309 0.03821448052 0.2511141468 -0.997547702 -0.02715718735 -0.0645063521 0.0137131487 0.827951276 -0.560632352 0.06863331435 -0.5601420996 -0.8255484822 7.492190163e-05 0.2786192646 0
0.6111801221 0.2404504836 0.2119450427 -0.01222481308 0.1503285766 0.4789268134 -0.001576870512 0.03865443893 0.2510229809 -0.9974324032 -0.02809227355 -0.06587431392 0.01418868791 0.8240945512 -0.5662745375 0.07019460238 -0.5657552429 -0.8215800161 7.687029386e-05 0.2818869068 0
0.6182649421 0.2432377935 0.2144019166 -0.01250358022 0.1519428393 0.4782182395 -0.001613431741 0.03909411111 0.2509307762 -0.9973131499 -0.02904745531 -0.06725121815 0.01467464771 0.8202021164 -0.571885603 0.07177141295 -0.5713359201 -0.8175720951 7.884937676e-05 0.2851545491 0
0.6262353646 0.2463735171 0.2171658997 -0.01282068794 0.1537536845 0.477412211 -0.001655055215 0.03958839618 0.2508258052 -0.9971741573 -0.03014624161 -0.06881063934 0.01523391728 0.815780823 -0.5781605112 0.07356376644 -0.5775749761 -0.8130163093 8.111285063e-05 0.2888306466 0
0.6333201846 0.249160827 0.2196227736 -0.01310565711 0.1553586526 0.4766878727 -0.001692490908 0.04002744943 0.2507313958 -0.9970462178 -0.0311446203 -0.07020578399 0.01574231009 0.8118135215 -0.5837045366 0.07517326089 -0.5830856018 -0.8089253129 8.31580086e-05 0.2920982889 0
0.6404050046 0.2519481369 0.2220796475 -0.01339352959 0.1569591769 0.4759561548 -0.001730337591 0.04046620637 0.2506359502 -0.9969140562 -0.03216355353 -0.07160914985 0.01626139339 0.8078114727 -0.5892165915 0.07679799218 -0.5885627668 -0.8047955877 8.523466849e-05 0.2953659312 0
0.6483754271 0.2550838605 0.2248436306 -0.01372084415 0.1587543998 0.4751241824 -0.001773405951 0.04095944973 0.2505273364 -0.9967602193 -0.03333459827 -0.07319747138 0.01685824528 0.8032680241 -0.595379107 0.07864391155 -0.5946841902 -0.800103649 8.760889394e-05 0.2990420287 0
0.6554602471 0.2578711704 0.2273005045 -0.01401485311 0.1603453339 0.4743768667 -0.001812124861 0.04139756632 0.2504296918 -0.996618796 -0.03439767541 -0.07461752675 0.01740032375 0.7991931805 -0.6008223439 0.08030071049 -0.6000892102 -0.7958924147 8.975337343e-05 0.302309671 0
0.6625450671 0.2606584803 0.2297573784 -0.01431173406 0.161931686 0.4736222509 -0.001851253691 0.04183537654 0.2503310137 -0.9964728768 -0.03548173921 -0.07604506504 0.01795335184 0.7950845769 -0.6062327876 0.08197245203 -0.6054597937 -0.7916431995 9.193018536e-05 0.3055773132 0
0.6705154896 0.2637942039 0.2325213615 -0.01464914532 0.1637108007 0.4727646146 -0.001895763172 0.04232754282 0.2502187667 -0.996303233 -0.03672656149 -0.0776596915 0.01858869694 0.7904224436 -0.6122800184 0.08387090287 -0.6114601543 -0.7868177371 9.441808208e-05 0.3092534108 0
0.6776003096 0.2665815138 0.2349782353 -0.01495209517 0.1652872706 0.4719945728 -0.001935761915 0.04276469133 0.2501178956 -0.996147464 -0.03785565837 -0.07910233302 0.01916525913 0.7862431685 -0.6176199259 0.08557407786 -0.6167565396 -0.7824886249 9.66644984e-05 0.312521053 0
0.6846851295 0.2693688237 0.2374351092 -0.01525788475 0.1668590221 0.4712173129 -0.001976169472 0.04320152345 0.2500159938 -0.9959869194 -0.03900614654 -0.08055170295 0.01975301898 0.782031144 -0.622926246 0.08729189285 -0.6220175321 -0.7781223009 9.894409633e-05 0.3157886953 0
0.692655552 0.2725045473 0.2401990923 -0.01560527926 0.1686215485 0.4703343011 -0.002022116183 0.04369257738 0.2499001235 -0.9958004855 -0.04032616876 -0.0821899819 0.02042772935 0.7772538799 -0.6288554 0.0892418113 -0.6278934673 -0.7731660189 0.0001015486496 0.3194647928 0
0.699740372 0.2752918572 0.2426559662 -0.01591706818 0.1701831295 0.469541792 -0.002063391264 0.0441287265 0.2497960347 -0.9956294911 -0.04152252011 -0.0836528352 0.02103953846 0.7729733563 -0.634089527 0.09099040793 -0.6330782501 -0.7687214547 0.0001038996757 0.3227324351 0
0.706825192 0.2780791671 0.2451128401 -0.01623166361 0.1717398573 0.4687421493 -0.002105074016 0.04456454922 0.2496909182 -0.9954534359 -0.04274063927 -0.08512164705 0.02166278199 0.768661117 -0.6392893015 0.09275333373 -0.6382267034 -0.7642404688 0.0001062847507 0.3260000773 0
0.7147956145 0.2812148907 0.2478768232 -0.01658892466 0.1734853217 0.4678340586 -0.002152453943 0.04505445565 0.2495714349 -0.9952492096 -0.04413718506 -0.08678087204 0.02237768992 0.7637723553 -0.6450976889 0.09475362711 -0.6439749204 -0.7591561447 0.0001090090093 0.3296761749 0
0.7218804345 0.2840022006 0.2503336971 -0.01690944791 0.1750315946 0.4670193485 -0.002195001754 0.04548957415 0.2494641377 -0.995062093 -0.04540193717 -0.0882615157 0.02302547359 0.7593938364 -0.650223676 0.0965466655 -0.6490451952 -0.7545986191 0.0001114673742 0.3329438171 0
0.7289652545 0.2867895104 0.252790571 -0.01723274355 0.1765728814 0.4661975915 -0.002237956059 0.04592435629 0.2493558158 -0.9948696254 -0.04668880495 -0.08974733355 0.02368491688 0.7549846569 -0.6553145753 0.09835371421 -0.6540782242 -0.7500054824 0.0001139606727 0.3362114594 0
0.7360500745 0.2895768203 0.2552474448 -0.01755880048 0.1781091397 0.4653688158 -0.002281316473 0.04635879886 0.2492464701 -0.9946717129 -0.04799789356 -0.09123807169 0.02435608937 0.750545159 -0.6603701577 0.1001746696 -0.6590737186 -0.745376998 0.0001164891916 0.3394791016 0
0.744020497 0.2927125439 0.258011428 -0.01792890117 0.1798313677 0.4644280891 -0.002330581884 0.04684713692 0.2491222338 -0.9944424354 -0.04949730617 -0.09292071548 0.02512526359 0.7455149125 -0.6660151923 0.102239737 -0.6646484273 -0.7401280323 0.0001193762339 0.3431551992 0
0.751105317 0.2954998538 0.2604683018 -0.01826078853 0.1813568018 0.4635844936 -0.002374803988 0.04728084738 0.249010716 -0.9942326384 -0.0508539495 -0.09442106 0.02582158616 0.7410121332 -0.6709949807 0.104089896 -0.6695632116 -0.7354253186 0.000121980556 0.3464228414 0
0.758190137 0.2982871637 0.2629251757 -0.01859540187 0.1828770771 0.4627339691 -0.002419430978 0.04771420835 0.2488981777 -0.9940170999 -0.05223312286 -0.09592552272 0.02652984757 0.7364801177 -0.6759387572 0.1059536324 -0.6744395727 -0.7306880939 0.0001246210057 0.3496904837 0
0.7661605595 0.3014228873 0.2656891588 -0.01897508596 0.1845811689 0.4617688832 -0.002470119808 0.04820131776 0.2487703533 -0.993767637 -0.05381173857 -0.09762264287 0.02734099259 0.7313470903 -0.6814571914 0.108066432 -0.6798792028 -0.7253178034 0.0001276350611 0.3533665812 0
0.7732453795 0.3042101972 0.2681460327 -0.01931545375 0.1860903446 0.460903732 -0.002515605849 0.04863392556 0.2486556495 -0.9935395793 -0.05523909209 -0.09913499417 0.02807483676 0.7267541138 -0.6863237294 0.1099586645 -0.6846729882 -0.720508148 0.0001303532592 0.3566342235 0
0.7803301995 0.3069975071 0.2706029066 -0.01965851131 0.187594233 0.4600317439 -0.002561495515 0.04906617398 0.2485399284 -0.9933054793 -0.05668925497 -0.1006506492 0.02882081731 0.7221330027 -0.6911535913 0.1118641377 -0.6894274833 -0.7156648377 0.0001331085083 0.3599018657 0
0.788300622 0.3101332307 0.2733668897 -0.02004765155 0.1892797367 0.4590426223 -0.002613603337 0.04955201995 0.2484085273 -0.9930347734 -0.05834805577 -0.1023593825 0.02967462768 0.7169010669 -0.6965430904 0.1140234856 -0.6947289865 -0.7101762317 0.0001362528234 0.3635779633 0
0.795385442 0.3129205406 0.2758237636 -0.02039638572 0.1907722544 0.4581562053 -0.00266034934 0.04998349421 0.2482906477 -0.9927875106 -0.05984696028 -0.103881183 0.03044659786 0.7122213553 -0.7012943361 0.1159567312 -0.6993990867 -0.7052623299 0.0001390878004 0.3668456055 0
0.802470262 0.3157078505 0.2782806374 -0.02074777261 0.1922593583 0.4572630456 -0.002707497674 0.05041459924 0.2481717539 -0.9925339007 -0.06136892318 -0.1054054613 0.03123088973 0.7075146287 -0.7060082731 0.1179028733 -0.7040290515 -0.7003156482 0.0001419607679 0.3701132478 0
0.8104406845 0.3188435741 0.2810446206 -0.02114623868 0.1939258289 0.4562502194 -0.002761019935 0.05089914712 0.2480367877 -0.9922408804 -0.06310878446 -0.1071229043 0.03212801691 0.702187721 -0.7112666132 0.1201075594 -0.709189457 -0.6947118023 0.0001452386452 0.3737893453 0
0.8175255045 0.321630884 0.2835014944 -0.02150322249 0.1954012954 0.4553428334 -0.002809021817 0.05132945708 0.2479157426 -0.9919734561 -0.06467998558 -0.1086515617 0.03293867903 0.6974247919 -0.7159006238 0.1220807348 -0.7137332549 -0.6896964079 0.0001481933534 0.3770569876 0
0.8246103245 0.3244181938 0.2859583683 -0.02186282109 0.1968712234 0.4544288011 -0.002857424701 0.05175938798 0.2477936869 -0.9916993764 -0.06627446336 -0.1101818605 0.03376183573 0.6926359848 -0.7204967252 0.1240664552 -0.7182360949 -0.6846491267 0.000151187007 0.3803246299 0
0.8316951445 0.3272055037 0.2884152422 -0.02222502216 0.1983355735 0.4535081537 -0.002906228153 0.05218893669 0.2476706215 -0.9914185419 -0.06789228109 -0.111713531 0.03459753967 0.6878216671 -0.7250547321 0.1260646068 -0.7226977186 -0.6795702483 0.0001542199147 0.3835922721 0
0.8396655669 0.3303412273 0.2911792253 -0.0226355937 0.1999762513 0.4524645577 -0.002961610297 0.05267171825 0.2475309676 -0.9910944048 -0.06974029924 -0.113437963 0.0355527684 0.6823755257 -0.7301367287 0.1283272435 -0.7276674602 -0.6738191047 0.0001576792432 0.3872683697 0
0.8467503869 0.3331285372 0.2936360992 -0.02300328376 0.2014286185 0.4515299584 -0.003011263503 0.05310044441 0.2474057605 -0.990798885 -0.07140790984 -0.1149716486 0.03641530419 0.6775082244 -0.734613185 0.1303514296 -0.7320406521 -0.6686740525 0.0001607965981 0.3905360119 0
0.8538352069 0.3359158471 0.2960929731 -0.02337353727 0.202875286 0.4505888433 -0.003061315902 0.0535287786 0.2472795474 -0.9904962978 -0.07309903747 -0.1165058573 0.03729054341 0.6726165703 -0.7390509893 0.1323876861 -0.7363718355 -0.6634983198 0.0001639541819 0.3938036542 0
0.8618056294 0.3390515707 0.2988569562 -0.02379312081 0.2044959261 0.4495223405 -0.003118101454 0.05401018216 0.2471363565 -0.9901473143 -0.07502972838 -0.1182321266 0.03829043095 0.6670848155 -0.7439971047 0.1346927571 -0.7411938942 -0.6576393179 0.0001675549419 0.3974797517 0
0.8688904494 0.3418388806 0.3013138301 -0.02416877949 0.2059303541 0.4485674864 -0.003169000646 0.05443767308 0.2470080092 -0.9898293748 -0.07677099168 -0.1197665378 0.03919282035 0.6621426542 -0.7483522087 0.1367542744 -0.7454349873 -0.6523993778 0.0001707990598 0.400747394 0
0.8759752694 0.3446261905 0.3037707039 -0.02454696175 0.2073589627 0.4476062179 -0.003220297622 0.05486476229 0.2468786595 -0.9895040528 -0.07853591748 -0.1213006148 0.04010805657 0.6571773126 -0.7526681364 0.1388274947 -0.7496333033 -0.6471296912 0.0001740843959 0.4040150362 0
0.8839456919 0.3477619141 0.306534687 -0.02497541719 0.2089591443 0.4465171644 -0.003278481622 0.05534475364 0.2467319442 -0.9891291149 -0.08054979254 -0.1230257088 0.04115310695 0.6515640665 -0.757476527 0.1411737082 -0.7543049769 -0.6411661142 0.0001778300656 0.4076911338 0
0.8910305119 0.350549224 0.3089915609 -0.02535891909 0.2103752614 0.4455423743 -0.003330622358 0.05577097893 0.246600468 -0.9887877681 -0.08236512929 -0.1245581593 0.04209578427 0.6465507239 -0.7617086755 0.1432714016 -0.7584115946 -0.6358342226 0.0001812040532 0.410958776 0
0.8981153319 0.3533365339 0.3114484348 -0.02574490392 0.2117854415 0.4445612731 -0.003383159431 0.05619679283 0.2464679931 -0.9884387214 -0.08420424208 -0.1260894115 0.04305143882 0.6415153871 -0.7659011566 0.145380424 -0.7624746906 -0.6304735352 0.0001846202627 0.4142264183 0
0.9060857544 0.3564722575 0.3142124179 -0.02618208833 0.2133647516 0.4434500322 -0.0034427368 0.05667533787 0.2463177664 -0.9880367128 -0.08630170044 -0.1278102917 0.04414211051 0.635824819 -0.7705700965 0.1477664653 -0.7669933611 -0.6244087249 0.0001885143701 0.4179025158 0
0.9131705744 0.3592595674 0.3166692918 -0.02657330555 0.2147621929 0.4424556313 -0.003496114527 0.05710026729 0.246183173 -0.9876709645 -0.08819143132 -0.1293380739 0.04512546941 0.6307440149 -0.7746777909 0.1498991592 -0.7709632022 -0.6189878698 0.0001920213786 0.4211701581 0
0.9202553944 0.3620468773 0.3191261657 -0.02696696426 0.2161535819 0.4414550245 -0.003549887111 0.05752477566 0.2460475846 -0.9872971967 -0.09010501959 -0.1308637872 0.04612192285 0.6256424149 -0.7787453608 0.1520428018 -0.7748888012 -0.6135391856 0.0001955716263 0.4244378003 0
0.9282258169 0.3651826009 0.3218901488 -0.02741273193 0.217711615 0.4403219665 -0.00361085265 0.05800184046 0.2458938597 -0.9868669945 -0.09228634719 -0.1325773935 0.04725862829 0.6198787378 -0.7832732426 0.1544673337 -0.7792519365 -0.6073765407 0.0001996177485 0.4281138979 0
0.9353106369 0.3679699108 0.3243470227 -0.02781153414 0.2190900226 0.439308286 -0.003665462708 0.05842544387 0.2457561609 -0.9864758447 -0.09425069198 -0.1340977811 0.04828302137 0.6147342292 -0.7872550904 0.1566338331 -0.7830827763 -0.6018697598 0.0002032609721 0.4313815401 0
0.9423954569 0.3707572206 0.3268038965 -0.02821273562 0.2204622649 0.4382885069 -0.003720466111 0.05884861663 0.245617471 -0.9860763545 -0.09623894305 -0.1356152241 0.04932061311 0.6095701343 -0.7911963906 0.1588108947 -0.7868686785 -0.5963361321 0.000206948466 0.4346491824 0
0.9494802769 0.3735445305 0.3292607704 -0.0286163227 0.2218283062 0.4372626641 -0.003775862366 0.05927135565 0.2454777911 -0.9856684209 -0.09825110917 -0.1371294413 0.05037143402 0.6043868423 -0.7950970151 0.1609983936 -0.7906094259 -0.5907759752 0.0002106805631 0.4379168247 0
0.9574506994 0.3766802541 0.3320247535 -0.0290731926 0.2233576465 0.4361013863 -0.00383865212 0.05974641479 0.2453194695 -0.9851992748 -0.1005433886 -0.1388287292 0.05156945676 0.5985331784 -0.7994364425 0.1634716494 -0.7947635255 -0.5844894853 0.0002149329032 0.4415929222 0
0.9645355194 0.379467564 0.3344816274 -0.02948180336 0.2247103934 0.4350627742 -0.003894881541 0.06016822197 0.2451776903 -0.9847730567 -0.102606388 -0.1403351561 0.05264848469 0.5933103896 -0.8032502217 0.16568091 -0.7984076094 -0.5788740151 0.0002187608932 0.4448605644 0
0.9716203394 0.3822548739 0.3369385013 -0.02989275652 0.2260568294 0.4340182082 -0.003951502256 0.06058958586 0.2450349251 -0.9843380728 -0.1046933082 -0.1418374761 0.0537408283 0.5880696265 -0.8070229475 0.1679002137 -0.8020058763 -0.5732330177 0.0002226345351 0.4481282067 0
0.9795907619 0.3853905975 0.3397024844 -0.0303578613 0.2275639831 0.4328359989 -0.00401566765 0.06106308658 0.2448731373 -0.9838381096 -0.1070696797 -0.143522325 0.05498566215 0.5821527725 -0.8112180511 0.1704087763 -0.805998904 -0.5668567859 0.0002270473718 0.4518043042 0
0.9866755819 0.3881779074 0.3421593583 -0.03077374553 0.2288968933 0.4317788991 -0.004073118182 0.06148349836 0.2447282813 -0.9833841555 -0.1092074104 -0.145014979 0.05610638238 0.57687512 -0.8149031659 0.1726489979 -0.8094991275 -0.56116262 0.0002310191491 0.4550719465 0
0.9937604018 0.3909652173 0.3446162322 -0.03119192821 0.2302233849 0.430715957 -0.004130958416 0.06190345734 0.2445824434 -0.9829211128 -0.1113690349 -0.1465026419 0.05724049136 0.5715807243 -0.8185468843 0.1748988627 -0.8129528976 -0.5554439433 0.0002350376399 0.4583395888 0
1.001730824 0.3941009409 0.3473802153 -0.0316651134 0.2317079735 0.4295132088 -0.004196493852 0.06237536617 0.2444172037 -0.9823891971 -0.1138294031 -0.1481699442 0.05853239324 0.5656050084 -0.8225964584 0.1774413264 -0.8167826158 -0.5489815427 0.000239614706 0.4620156863 0
1.008815644 0.3968882508 0.3498370891 -0.03208813302 0.2330207131 0.4284379721 -0.004255160483 0.06279435287 0.2442692837 -0.9819064976 -0.1160417455 -0.1496460603 0.05969501981 0.5602763478 -0.8261518739 0.1797112536 -0.8201370175 -0.543211872 0.0002437336021 0.4652833286 0
1.015900464 0.3996755607 0.352293963 -0.03251340643 0.2343269287 0.4273570067 -0.004314215191 0.0632128773 0.2441203859 -0.9814143861 -0.1182779213 -0.1511162996 0.06087109471 0.5549321825 -0.8296655848 0.1819904187 -0.8234443552 -0.5374187207 0.0002479002865 0.4685509708 0
1.023870887 0.4028112843 0.3550579461 -0.03299451503 0.235788582 0.4261341187 -0.004381114951 0.06368316096 0.2439517089 -0.980849382 -0.1208220749 -0.1527629408 0.06221027406 0.5489019588 -0.8335685463 0.1845653588 -0.8271086179 -0.5308737727 0.0002526453597 0.4722270684 0
1.030955707 0.4055985942 0.35751482 -0.03342452973 0.2370808244 0.4250411018 -0.004440992564 0.06410069303 0.2438007379 -0.9803369272 -0.1231088058 -0.1542197496 0.06341497875 0.5435261674 -0.8369933368 0.1868637196 -0.830315318 -0.5250318304 0.0002569147463 0.4754947106 0
1.038040527 0.4083859041 0.3599716939 -0.03385675288 0.2383664401 0.4239424715 -0.004501256592 0.06451775341 0.2436487934 -0.9798147376 -0.125419277 -0.1556697947 0.06463317779 0.538136116 -0.8403761497 0.1891709078 -0.8334743701 -0.5191674508 0.0002612330082 0.4787623529 0
