0.007598264307 0.00182145592 -0.001981551349 -1.176388207e-06 0.001937547541 0.5099950927 -1.482882075e-07 0.0004826722887 0.2549993907 -1 -3.42868378e-08 -6.850884965e-06 1.750818084e-08 0.9999714213 -0.007560196825 6.850948391e-06 -0.007560196825 -0.9999714213 2.704218062e-08 -0.002635463294 0
0.0151391378 0.003629154113 -0.003948135747 -4.670035866e-06 0.003860402169 0.5099805188 -5.921609588e-07 0.0009636182407 0.2549975667 -0.9999999996 -2.727418022e-07 -2.71957698e-05 1.36934662e-07 0.999886549 -0.01506283971 2.719679267e-05 -0.01506283971 -0.9998865486 4.6989766e-08 -0.005251020543 0
0.02173740211 0.005210890033 -0.005668897095 -9.62781248e-06 0.005542806735 0.5099598373 -1.224570623e-06 0.001385043411 0.2549949677 -0.9999999984 -8.079653545e-07 -5.606446546e-05 4.047259983e-07 0.9997661106 -0.02162693192 5.606882638e-05 -0.02162693191 -0.999766109 3.163871207e-08 -0.007539633137 0
0.0292782756 0.007018588227 -0.007635481494 -1.746604199e-05 0.007465396318 0.5099271398 -2.22583997e-06 0.00186673773 0.2549908527 -0.9999999948 -1.974761001e-06 -0.0001017000682 9.883483841e-07 0.9995757036 -0.02912752713 0.0001017144371 -0.02912752708 -0.9995756984 1.753177105e-08 -0.01015519039 0
0.03681914909 0.008826286421 -0.009602065892 -2.762101035e-05 0.009387761451 0.509884778 -3.523792106e-06 0.002348361509 0.2549855184 -0.9999999871 -3.927614457e-06 -0.0001608137343 1.965047172e-06 0.9993290287 -0.03662638837 0.0001608496872 -0.03662638821 -0.9993290158 9.279096872e-08 -0.01277074764 0
0.0434174134 0.01040802234 -0.01132282724 -3.840677153e-05 0.01106960139 0.5098397849 -4.902698066e-06 0.0027697125 0.2549798513 -0.999999975 -6.440191957e-06 -0.0002235864723 3.221648464e-06 0.9990670444 -0.04318611866 0.000223656003 -0.0431861183 -0.9990670194 1.776746888e-07 -0.01505936023 0
0.05095828689 0.01221572053 -0.01328941164 -5.290457204e-05 0.01299138992 0.5097793068 -6.756427424e-06 0.003251185212 0.2549722327 -0.9999999525 -1.041200038e-05 -0.0003079422528 5.208055433e-06 0.9987149164 -0.05068052577 0.0003080742069 -0.05068052497 -0.998714869 2.947485511e-07 -0.01767491748 0
0.05849916039 0.01402341873 -0.01525599604 -6.971783285e-05 0.01491278788 0.5097091697 -8.906451096e-06 0.003732591559 0.2549633964 -0.9999999176 -1.575105196e-05 -0.0004057405854 7.878329126e-06 0.9983065802 -0.05817191609 0.0004059697652 -0.05817191449 -0.9983064978 4.323907827e-07 -0.02029047473 0
0.06509742469 0.01560515465 -0.01697675739 -8.632836228e-05 0.01659364529 0.5096398783 -1.103073859e-05 0.004153773236 0.2549546659 -0.9999998736 -2.170297397e-05 -0.000502328036 1.085524286e-05 0.9979031998 -0.06472405745 0.000502679459 -0.06472405472 -0.9979030735 5.693419403e-07 -0.02257908732 0
0.07263829819 0.01741285284 -0.01894334178 -0.0001074814106 0.01851415528 0.5095516377 -1.373619525e-05 0.004635071577 0.2549435469 -0.9999998041 -3.014949977e-05 -0.000625283936 1.508007821e-05 0.9973895524 -0.07220858994 0.000625828718 -0.07220858522 -0.9973893566 7.445153086e-07 -0.02519464457 0
0.07923656249 0.01899458876 -0.02066410313 -0.0001278881418 0.02019414693 0.5094665103 -1.634643122e-05 0.005056163497 0.2549328192 -0.9999997226 -3.913048621e-05 -0.0007438533821 1.957251867e-05 0.9968940766 -0.07875404559 0.0007446247145 -0.0787540383 -0.9968937993 9.140216341e-07 -0.02748325717 0
0.08677743599 0.02080228696 -0.02263068753 -0.0001533782948 0.02211356603 0.5093601773 -1.960719842e-05 0.005537361402 0.254919418 -0.9999996009 -5.139272304e-05 -0.0008918923803 2.570673063e-05 0.996275243 -0.08623015479 0.0008930019004 -0.08623014331 -0.9962748441 1.126234923e-06 -0.03009881442 0
0.09431830948 0.02260998515 -0.02459727193 -0.0001811802835 0.02403232041 0.5092442004 -2.316408309e-05 0.006018505364 0.2549047997 -0.9999994431 -6.597902682e-05 -0.001053273322 3.300417768e-05 0.99560037 -0.09370113224 0.001054821619 -0.09370111482 -0.9955998134 1.35815205e-06 -0.03271437167 0
0.1009165738 0.02419172107 -0.02631803328 -0.0002074026648 0.02571063988 0.5091348128 -2.651923857e-05 0.006439460992 0.2548910106 -0.9999992702 -8.080627903e-05 -0.001205404394 4.042281376e-05 0.994963923 -0.1002336786 0.001207433396 -0.1002336542 -0.9949631936 1.57724615e-06 -0.03500298426 0
0.1084574473 0.02599941926 -0.02828461768 -0.0002395365766 0.02762799255 0.5090007652 -3.063124772e-05 0.006920499574 0.2548741109 -0.9999990265 -0.0001002908771 -0.001391724683 5.017262395e-05 0.9941841052 -0.1076938369 0.001394431268 -0.1076938019 -0.9941831323 1.846135849e-06 -0.03761854151 0
0.1159983208 0.02780711746 -0.03025120207 -0.000273979216 0.02954451483 0.5088570865 -3.503926849e-05 0.00740147877 0.2548559947 -0.9999987264 -0.000122675646 -0.001591300724 6.137486138e-05 0.9933483928 -0.1151475873 0.001594841822 -0.1151475383 -0.99334712 2.134789501e-06 -0.04023409876 0
0.1225965851 0.02938885338 -0.03197196342 -0.0003060094291 0.03122074541 0.5087234714 -3.913907648e-05 0.007822284778 0.2548391452 -0.999998411 -0.0001447983721 -0.001776776607 7.244717522e-05 0.9925713387 -0.1216640141 0.001781194286 -0.1216639495 -0.9925697511 2.403610082e-06 -0.04252271135 0
0.1301374586 0.03119655157 -0.03393854782 -0.0003447775191 0.03313555562 0.508561749 -4.410200644e-05 0.008303145319 0.2548187485 -0.9999979828 -0.0001731589327 -0.002001112571 8.66431624e-05 0.9916309828 -0.1291045561 0.002006720833 -0.1291044691 -0.9916289675 2.729452069e-06 -0.0451382686 0
0.1376783321 0.03300424976 -0.03590513222 -0.0003858505408 0.03504937006 0.5083904116 -4.936082334e-05 0.008783938305 0.2547971357 -0.9999974733 -0.0002049927564 -0.002238599112 0.0001025798214 0.990634909 -0.1365374181 0.002245623609 -0.1365373027 -0.990632385 3.075212266e-06 -0.04775382585 0
0.1442765964 0.03458598568 -0.03762589357 -0.0004236790367 0.0367230957 0.5082326087 -5.420496999e-05 0.009204574276 0.2547772272 -0.9999969534 -0.0002358525884 -0.002457155229 0.0001180309116 0.9897176924 -0.1430345252 0.002465625066 -0.1430343794 -0.9897146493 3.394144234e-06 -0.05004243845 0
0.1518174699 0.03639368388 -0.03959247797 -0.0004690697475 0.03863488827 0.5080432599 -6.001844273e-05 0.009685232016 0.254753335 -0.9999962653 -0.0002747334942 -0.002719186756 0.000137500754 0.9886173363 -0.1504517977 0.002729569316 -0.1504516097 -0.9886136063 3.777436495e-06 -0.0526579957 0
0.1593583434 0.03820138207 -0.04155906237 -0.0005167609075 0.04054552004 0.5078443146 -6.612765659e-05 0.01016581288 0.2547282274 -0.9999954668 -0.0003176571472 -0.002994244792 0.0001589983773 0.9874614708 -0.1578601227 0.003006846762 -0.1578598832 -0.9874569439 4.180854885e-06 -0.05527355295 0
0.1659566077 0.03978311799 -0.04327982371 -0.0005603764098 0.04221632553 0.5076623711 -7.171577504e-05 0.0105862554 0.2547052615 -0.9999946688 -0.0003586866403 -0.003245569047 0.0001795504859 0.9864046163 -0.1643347218 0.00326038896 -0.1643344284 -0.9863992931 4.550420279e-06 -0.05756216554 0
0.1734974812 0.04159081618 -0.04524640811 -0.0006123762114 0.0441246263 0.5074454521 -7.837935099e-05 0.01106668293 0.2546778756 -0.9999936328 -0.0004097213435 -0.003544921811 0.0002051184215 0.9851448892 -0.171725086 0.003562621038 -0.1717247197 -0.9851385326 4.991800691e-06 -0.06017772279 0
0.1800957455 0.0431725521 -0.04696716946 -0.0006597589522 0.04579330411 0.5072477935 -8.445244473e-05 0.01148698598 0.2546529166 -0.9999926087 -0.0004581500441 -0.003817425934 0.0002293848257 0.983997287 -0.1781832948 0.003837971447 -0.1781828534 -0.9839899088 5.39471941e-06 -0.06246633538 0
0.187636619 0.0449802503 -0.04893375386 -0.0007160608036 0.04769907269 0.5070129284 -9.167016905e-05 0.01196724797 0.2546232535 -0.9999912923 -0.0005179852156 -0.00414089129 0.0002593719663 0.9826340048 -0.1855541575 0.004165094902 -0.1855536158 -0.982625314 5.87438148e-06 -0.06508189263 0
0.1951774925 0.04678794849 -0.05090033826 -0.0007746541982 0.04960340863 0.5067685041 -9.918334569e-05 0.01244741661 0.2545923762 -0.9999898077 -0.0005827945339 -0.004477137088 0.0002918582555 0.9812156271 -0.1929139912 0.004505466095 -0.1929133317 -0.9812054562 6.374601071e-06 -0.06769744988 0
0.2017757568 0.04836968441 -0.05262109961 -0.0008278015413 0.05126848249 0.5065467982 -0.0001059996847 0.01286748478 0.2545643628 -0.99998836 -0.000643735861 -0.004781790355 0.0003224114346 0.9799294281 -0.1993444557 0.004814142263 -0.1993436771 -0.9799178141 6.829237902e-06 -0.06998606248 0
0.2093166303 0.05017738261 -0.054587684 -0.0008906858208 0.05316997845 0.5062844743 -0.0001140666478 0.01334746878 0.2545312098 -0.9999865226 -0.0007183950895 -0.005141840635 0.0003598494837 0.9784080137 -0.2066824357 0.00517929773 -0.2066815004 -0.9783945688 7.368284488e-06 -0.07260161973 0
0.2168575037 0.0519850808 -0.0565542684 -0.000955855348 0.05506987784 0.5060126174 -0.0001224288592 0.01382734914 0.2544968434 -0.9999844762 -0.000798585514 -0.005514497769 0.0004000698746 0.9768317961 -0.2140081356 0.005557640557 -0.2140070195 -0.9768163124 7.928196626e-06 -0.07521717698 0
0.2234557681 0.05356681672 -0.05827502975 -0.001014751457 0.05673093541 0.5057669303 -0.0001299879302 0.01424715663 0.2544657778 -0.9999825021 -0.0008734407427 -0.00585086351 0.0004376222209 0.9754077355 -0.2204077087 0.0058994906 -0.2204064125 -0.9753902856 8.435326329e-06 -0.07750578957 0
0.2309966415 0.05537451491 -0.06024161415 -0.001084199428 0.05862768798 0.5054772258 -0.0001389035246 0.01472683298 0.2544291374 -0.9999800223 -0.0009645202691 -0.006246982357 0.0004833236974 0.9737290585 -0.2277092161 0.006302498403 -0.2277076863 -0.9737091394 9.034674463e-06 -0.08012134682 0
0.238537515 0.05718221311 -0.06220819855 -0.001155925671 0.0605226806 0.5051780174 -0.0001481141411 0.01520639534 0.2543912846 -0.9999772882 -0.001061682283 -0.006655516062 0.0005320888949 0.9719959017 -0.2349971999 0.0067186267 -0.234995404 -0.971973261 9.655229448e-06 -0.08273690407 0
0.2451357794 0.05876394903 -0.0639289599 -0.001220553 0.06217931087 0.5049084223 -0.0001564153749 0.01562591603 0.2543571692 -0.9999746743 -0.001151838204 -0.007023111306 0.0005773482362 0.9704347932 -0.2413627537 0.007093482409 -0.2413606958 -0.9704095512 1.021571051e-05 -0.08502551666 0
0.2526766528 0.06057164722 -0.0658955443 -0.001296543973 0.06407085084 0.5045914234 -0.0001661789294 0.01610525486 0.2543170442 -0.9999714181 -0.001260917173 -0.007454729603 0.0006321202708 0.9685998127 -0.2486242211 0.007534144247 -0.2486218272 -0.9685713312 1.087637182e-05 -0.08764107391 0
0.2602175263 0.06237934541 -0.06786212869 -0.001374805567 0.06596046807 0.5042649526 -0.0001762372577 0.01658446924 0.2542757079 -0.9999678584 -0.001376623584 -0.007898552531 0.0006902354079 0.9667107069 -0.2558709299 0.007987853257 -0.2558681576 -0.966678685 1.155861352e-05 -0.09025663116 0
0.2668157906 0.06396108133 -0.06958289004 -0.001445144865 0.06761226149 0.5039715298 -0.0001852800295 0.01700367689 0.2542385454 -0.9999644802 -0.00148345105 -0.00829684844 0.0007439045473 0.9650134422 -0.2621993573 0.008395530184 -0.2621962161 -0.9649780616 1.217338552e-05 -0.09254524376 0
0.2743566641 0.06576877953 -0.07154947444 -0.001527656208 0.0694981214 0.503627331 -0.0001958908094 0.01748264813 0.254194939 -0.9999603017 -0.00161208985 -0.008763344822 0.0008085483566 0.9630232063 -0.2694172423 0.00887362923 -0.2694136324 -0.9629836724 1.289646351e-05 -0.09516080101 0
0.2809549284 0.06735051545 -0.07327023579 -0.001601709525 0.07114654047 0.5033184151 -0.0002054168298 0.01790163743 0.2541557907 -0.999956353 -0.001730520393 -0.009181356348 0.0008680781912 0.9612376614 -0.2757197937 0.009302604231 -0.2757157295 -0.9611942041 1.354718654e-05 -0.0974494136 0
0.2884958019 0.06915821364 -0.07523682019 -0.001688460167 0.07302844504 0.5029565319 -0.0002165797217 0.01838035272 0.2541099156 -0.9999514885 -0.001872746621 -0.0096702399 0.0009395887284 0.9591467787 -0.2829073595 0.009804993251 -0.2829027213 -0.9590984894 1.431160832e-05 -0.1000649708 0
0.2960366754 0.07096591183 -0.07720340459 -0.00177746731 0.0749081593 0.5025852356 -0.0002280369283 0.01885892626 0.2540628311 -0.9999462293 -0.002022485243 -0.01017094131 0.001014899094 0.9570024237 -0.2900781464 0.01032029425 -0.2900728711 -0.9569489124 1.509829606e-05 -0.1026805281 0
0.3026349397 0.07254764775 -0.07892416593 -0.001857197079 0.07655106846 0.5022526403 -0.0002383033323 0.01927755895 0.2540206406 -0.9999412877 -0.002159813456 -0.01061868055 0.001083987651 0.9550823654 -0.2963384892 0.0107817504 -0.296332601 -0.9550239491 1.580503458e-05 -0.1049691407 0
0.3101758132 0.07435534595 -0.08089075033 -0.001950426458 0.07842652481 0.5018637308 -0.0002503120959 0.01975585686 0.2539712898 -0.9999352328 -0.002324132083 -0.01114130261 0.001166679367 0.9528381519 -0.3034766796 0.01132117808 -0.3034700226 -0.9527737278 1.663389146e-05 -0.1075846979 0
0.3177166867 0.07616304414 -0.08285733473 -0.002045902905 0.08029962986 0.5014654476 -0.0002626148672 0.02023400252 0.2539207309 -0.9999287228 -0.002496488496 -0.0116754849 0.001253444118 0.9505409018 -0.3105968818 0.01187342748 -0.3105893778 -0.9504700206 1.74854695e-05 -0.1102002552 0
0.324314951 0.07774478006 -0.08457809608 -0.002131285392 0.0819366241 0.5011092717 -0.0002736208822 0.0206522522 0.2538755014 -0.9999226358 -0.002654036014 -0.01215230377 0.001332778667 0.9484874258 -0.316811974 0.01236713771 -0.3168036604 -0.9484105096 1.82493686e-05 -0.1124888678 0
0.3318558245 0.07955247826 -0.08654468048 -0.00223096576 0.08380517009 0.5006934517 -0.0002864746139 0.02113010254 0.2538226787 -0.9999152126 -0.002841949779 -0.01270790721 0.00142743458 0.9460911621 -0.3238973225 0.01294333863 -0.3238879998 -0.9460068888 1.914399711e-05 -0.115104425 0
0.339396698 0.08136017645 -0.08851126488 -0.002332883094 0.08567120457 0.5002683001 -0.000299622024 0.02160779012 0.2537686494 -0.9999072696 -0.00303841832 -0.01327479578 0.001526434081 0.9436423273 -0.3309634846 0.0135322647 -0.3309530573 -0.943550185 2.006183151e-05 -0.1177199823 0
0.3459949623 0.08294191237 -0.09023202622 -0.002423892892 0.08730188085 0.4998886497 -0.000311366822 0.02202563037 0.2537203843 -0.9998998746 -0.003217485645 -0.01378000225 0.001616695217 0.941456605 -0.337130312 0.01405798607 -0.3371188348 -0.9413571396 2.088411048e-05 -0.1200085949 0
0.3535358358 0.08474961056 -0.09219861062 -0.002529994587 0.08916305662 0.4994460429 -0.0003250645546 0.02250300295 0.2536640939 -0.9998908934 -0.003430472617 -0.01436777996 0.001724090549 0.9389096577 -0.3441593848 0.01467067671 -0.3441466061 -0.9388013021 2.184593136e-05 -0.1226241521 0
0.3601341001 0.08633134648 -0.09391937197 -0.002624659885 0.09078939633 0.4990511435 -0.0003372906949 0.02292056195 0.2536138511 -0.9998825529 -0.003624264581 -0.01489110657 0.001821841019 0.9366383545 -0.3502931254 0.01521713653 -0.3502791137 -0.9365217463 2.270697566e-05 -0.1249127647 0
0.3676749736 0.08813904468 -0.09588595637 -0.002734932517 0.09264551884 0.4985911375 -0.0003515383117 0.02339760668 0.2535553014 -0.9998724479 -0.003854387523 -0.01549940917 0.001937958389 0.9339939124 -0.357283663 0.0158534635 -0.3572681279 -0.9338673099 2.371342229e-05 -0.127528322 0
0.3752158471 0.08994674287 -0.09785254077 -0.002847423978 0.09449886697 0.4981218756 -0.0003660790146 0.0238744713 0.2534955476 -0.9998617073 -0.004093899527 -0.01611850475 0.002058860065 0.9312977337 -0.3642530608 0.01650234238 -0.364235873 -0.9311605133 2.474393843e-05 -0.1301438792 0
0.3818141114 0.09152847879 -0.09957330212 -0.002947670959 0.09611822746 0.497703692 -0.000379042448 0.02429157724 0.2534422756 -0.9998517679 -0.004311309975 -0.016668981 0.002168645774 0.9288962831 -0.3703336229 0.01708037753 -0.3703148766 -0.9287492411 2.566553509e-05 -0.1324324918 0
0.3893549849 0.09333617698 -0.1015398865 -0.003064311753 0.09796622539 0.497217121 -0.0003941323288 0.02476809435 0.2533802655 -0.9998397661 -0.004568889914 -0.01730801676 0.002298764946 0.9261036019 -0.3772622884 0.01775268653 -0.3772416252 -0.9259447059 2.674170047e-05 -0.1350480491 0
0.3968958584 0.09514387518 -0.1035064709 -0.003183159527 0.09981129104 0.4967213435 -0.0004095149081 0.02524442087 0.2533170528 -0.9998270535 -0.004836350981 -0.01795752533 0.002433931091 0.9232597279 -0.3841686489 0.01843743437 -0.3841459157 -0.9230882821 2.784249498e-05 -0.1376636063 0
0.4034941227 0.0967256111 -0.1052272323 -0.003288958383 0.1014232751 0.4962800001 -0.0004232146592 0.02566104736 0.2532607558 -0.9998153258 -0.00507861772 -0.01853434573 0.002556412797 0.920729498 -0.3901931012 0.01904676043 -0.390168424 -0.92054648 2.882605169e-05 -0.1399522189 0
0.4110349962 0.09853330929 -0.1071938167 -0.00341193266 0.1032626954 0.4957670088 -0.0004391456689 0.0261370067 0.2531952901 -0.9998012073 -0.005365059732 -0.01920317857 0.002701285895 0.9177901685 -0.3970565574 0.01975472064 -0.3970294987 -0.9175932259 2.997357013e-05 -0.1425677762 0
0.4185758697 0.1003410075 -0.1091604011 -0.003537101416 0.1050990264 0.4952448631 -0.0004553689673 0.02661276498 0.2531286235 -0.9997862989 -0.005661864569 -0.01988214752 0.002851465346 0.9148002188 -0.4038965571 0.02047500051 -0.4038669372 -0.9145885804 3.114630426e-05 -0.1451833334 0
0.425174134 0.1019227434 -0.1108811624 -0.0036484207 0.1067032393 0.494780491 -0.0004698040057 0.02702888567 0.2530693058 -0.9997725839 -0.005930199314 -0.02048446511 0.002987295539 0.9121426504 -0.4098620029 0.02111531767 -0.4098299868 -0.9119174991 3.219329655e-05 -0.147471946 0
0.4327150075 0.1037304416 -0.1128477468 -0.003777691912 0.1085336317 0.4942412318 -0.0004865749457 0.02750425714 0.2530003895 -0.9997561176 -0.006246878169 -0.0211821118 0.003147665079 0.9090583458 -0.4166569526 0.02185858073 -0.4166220115 -0.9088169793 3.341387919e-05 -0.1500875033 0
0.440255881 0.1055381398 -0.1148143312 -0.003909144453 0.110360779 0.4936928731 -0.0005036377429 0.02797941707 0.2529302742 -0.9997387786 -0.006574390649 -0.02188954171 0.0033135969 0.9059240223 -0.4234273089 0.02261403821 -0.4233892337 -0.9056655906 3.466029034e-05 -0.1527030605 0
0.4468541453 0.1071198757 -0.1165350926 -0.004025951087 0.1119568284 0.4932056103 -0.0005188069825 0.02839500564 0.2528679404 -0.9997228676 -0.006869977715 -0.02251646879 0.003463419381 0.9031406277 -0.429330888 0.02328503139 -0.4292898905 -0.9028665445 3.57722598e-05 -0.1549916731 0
0.4543950188 0.1089275739 -0.118501677 -0.004161480828 0.1137777457 0.4926402435 -0.0005364165914 0.02886975916 0.2527955789 -0.9997038117 -0.007218236383 -0.02324189983 0.003640017794 0.8999131029 -0.4360540764 0.02406323159 -0.4360095232 -0.8996202847 3.706769261e-05 -0.1576072303 0
0.4609932831 0.1105093098 -0.1202224383 -0.004281847578 0.1153682611 0.4921381296 -0.0005520640467 0.02928498652 0.2527312806 -0.9996863518 -0.007532221144 -0.02388437928 0.003799308209 0.8970484962 -0.4419157847 0.02475405393 -0.4418679228 -0.8967385213 3.822289968e-05 -0.1598958429 0
0.4685341566 0.112317008 -0.1221890227 -0.004421437398 0.1171827595 0.491555826 -0.0005702199037 0.02975932084 0.2526566752 -0.9996654717 -0.007901783089 -0.02462735428 0.003986880256 0.8937285507 -0.4485904395 0.025554834 -0.4485385596 -0.8933980697 3.956814478e-05 -0.1625114002 0
0.4760750301 0.1141247062 -0.1241556071 -0.004563185418 0.1189937575 0.4909645194 -0.0005886668568 0.03023342639 0.2525808741 -0.9996435736 -0.008282931281 -0.02537949484 0.00418042941 0.890359641 -0.4552386558 0.02636758842 -0.4551824939 -0.8900076671 4.094028655e-05 -0.1651269574 0
0.4826732944 0.1157064421 -0.1258763684 -0.004688981333 0.1205754675 0.4904397575 -0.0006050465986 0.03064807821 0.2525135678 -0.9996235529 -0.008626061603 -0.02604503006 0.004354755636 0.887371861 -0.461033856 0.02708853324 -0.4609737209 -0.887000248 4.216315773e-05 -0.16741557 0
0.4902141679 0.1175141403 -0.1278429528 -0.004834762196 0.1223797588 0.4898316277 -0.0006240389022 0.03112174501 0.2524355265 -0.9995996603 -0.009029348627 -0.02681398965 0.004559743296 0.8839117702 -0.4676314694 0.02792360862 -0.4675665229 -0.8835167337 4.358636232e-05 -0.1700311273 0
0.4977550414 0.1193218385 -0.1298095372 -0.004982686416 0.1241803968 0.4892145569 -0.0006433218121 0.0315951726 0.2523562917 -0.9995746572 -0.009444661359 -0.02759172054 0.004770954031 0.88040339 -0.4742015489 0.02877051735 -0.4741314895 -0.8799838567 4.503714264e-05 -0.1726466845 0
0.5043533057 0.1209035744 -0.1315302986 -0.005113874158 0.1257529165 0.4886673029 -0.0006604326084 0.03200922267 0.2522859826 -0.9995518426 -0.009818042717 -0.02827931977 0.00496093482 0.8772941342 -0.4799274854 0.0295212299 -0.4798526942 -0.8768522617 4.632938615e-05 -0.1749352971 0
0.5118941792 0.1227112726 -0.133496883 -0.0052658028 0.127546562 0.4880335274 -0.0006802599301 0.03248219199 0.2522045116 -0.9995246681 -0.01025630645 -0.02907311635 0.005184041492 0.8736958634 -0.4864449239 0.03039018971 -0.4863644174 -0.8732273987 4.783252492e-05 -0.1775508544 0
0.5194350527 0.1245189708 -0.1354634674 -0.005419859327 0.1293364025 0.4873908755 -0.0007003773466 0.03295491169 0.2521218491 -0.9994962869 -0.01070702264 -0.02987527504 0.005413613162 0.8700500048 -0.49293375 0.03127083601 -0.492847186 -0.8695537856 4.936394221e-05 -0.1801664116 0
0.526033317 0.1261007067 -0.1371842287 -0.005556399975 0.1308993503 0.4868212916 -0.0007182179105 0.03336833384 0.2520485427 -0.9994704368 -0.01111172853 -0.03058390886 0.005619857086 0.8668210385 -0.4985877099 0.03205094692 -0.4984955534 -0.8662995556 5.072732594e-05 -0.1824550242 0
0.5335741905 0.1279084049 -0.1391508131 -0.005714431327 0.132681915 0.4861620585 -0.0007388787592 0.03384057579 0.2519636483 -0.9994397007 -0.0115861836 -0.03140135218 0.005861774388 0.8630866301 -0.5050218892 0.03295336356 -0.5049229935 -0.8625351277 5.231244114e-05 -0.1850705815 0
0.541115064 0.1297161031 -0.1411173975 -0.005874574469 0.1344605241 0.4854940161 -0.0007598291693 0.03431255775 0.2518775646 -0.9994076586 -0.01207350469 -0.03222673378 0.006110394406 0.8593053621 -0.5114263953 0.03386731413 -0.5113203743 -0.8587225861 5.392656069e-05 -0.1876861387 0
0.5477133283 0.1312978391 -0.1428381589 -0.006016427531 0.1360135214 0.4849022713 -0.0007783981593 0.03472532585 0.2518012665 -0.9993785225 -0.01251057542 -0.03295533608 0.006333499462 0.855958517 -0.5170057098 0.03467643952 -0.516893125 -0.8553473224 5.536291048e-05 -0.1899747513 0
0.5552542018 0.1331055372 -0.1448047433 -0.006180514738 0.1377845737 0.484217776 -0.0007998909812 0.0351968106 0.2517129551 -0.9993439358 -0.01302239812 -0.03379519426 0.006594906783 0.8520900891 -0.5233535969 0.03561186898 -0.5232331194 -0.8514451817 5.703210998e-05 -0.1925903086 0
0.5618524661 0.1346872732 -0.1465255046 -0.006325809863 0.1393308791 0.4836116725 -0.0008189342827 0.0356091381 0.2516347091 -0.9993125179 -0.01348112052 -0.03453622803 0.006829325198 0.8486673847 -0.5288828136 0.03643970326 -0.5287550752 -0.847991874 5.851705688e-05 -0.1948789212 0
0.5693933396 0.1364949714 -0.148492089 -0.006493820451 0.1410941928 0.4829108107 -0.0008409688292 0.03608011298 0.251544173 -0.9992752594 -0.01401792827 -0.03539002159 0.007103803409 0.8447127293 -0.5351728141 0.03739641585 -0.5350363564 -0.844000951 6.024226001e-05 -0.1974944784 0
0.5769342131 0.1383026696 -0.1504586734 -0.006663914883 0.1428533051 0.4822012561 -0.0008632920083 0.03655081076 0.2514524517 -0.9992365232 -0.01456825519 -0.03625102226 0.007385367473 0.8407124742 -0.5414314288 0.03836439784 -0.5412857856 -0.8399630178 6.199771539e-05 -0.2001100357 0
0.5835324774 0.1398844055 -0.1521794348 -0.006814452125 0.1443890418 0.481573285 -0.0008830613994 0.03696244118 0.2513712239 -0.9992013876 -0.01506098542 -0.03701018521 0.007637610825 0.8371750604 -0.5468816921 0.03922058123 -0.546727615 -0.836391452 6.355876753e-05 -0.2023986482 0
0.5910733509 0.1416921037 -0.1541460192 -0.006988437277 0.1461401387 0.4808475001 -0.0009059252153 0.03743260971 0.2512772824 -0.9991597799 -0.01563701666 -0.03788427018 0.00793267357 0.8330900471 -0.553080506 0.04020953751 -0.5529163202 -0.8322660247 6.537167624e-05 -0.2050142055 0
0.5986142244 0.1434998019 -0.1561126036 -0.007164488552 0.1478868874 0.4801130963 -0.0009290770731 0.03790249081 0.2511821581 -0.9991165864 -0.01622694342 -0.03876510162 0.008235048004 0.8289602302 -0.5592469229 0.04120959574 -0.559072109 -0.8280942858 6.721562098e-05 -0.2076297627 0
0.6052124887 0.1450815378 -0.1578333649 -0.007320223327 0.1494116856 0.4794634435 -0.0009495710674 0.03831339817 0.2510979547 -0.999077461 -0.01675462823 -0.039541235 0.008505684403 0.8253101096 -0.564615689 0.04209370696 -0.5644311343 -0.8244062193 6.885474995e-05 -0.2099183753 0
0.6127533622 0.146889236 -0.1597999493 -0.007500131527 0.1511501447 0.4787129504 -0.0009732624338 0.03878273068 0.2510006151 -0.9990311904 -0.01737095119 -0.04043427463 0.008821976542 0.8210970504 -0.5707204276 0.04311442033 -0.5705242185 -0.8201483176 7.075763712e-05 -0.2125339326 0
0.6202942356 0.1486969342 -0.1617665337 -0.007682087525 0.15288411 0.4779539149 -0.0009972412296 0.03925176546 0.2509020952 -0.9989832228 -0.01800153119 -0.04133358696 0.00914580146 0.8168400084 -0.5767917779 0.0441460627 -0.5765833379 -0.8158448257 7.269236478e-05 -0.2151494898 0
0.6268925 0.1502786701 -0.1634872951 -0.007842973737 0.1543976039 0.4772827727 -0.001018458286 0.03966192386 0.2508149229 -0.9989398281 -0.01856508005 -0.04212549895 0.00943538707 0.8130792458 -0.5820765529 0.04505766672 -0.5818569221 -0.8120420733 7.441159427e-05 -0.2174381024 0
0.6344333734 0.1520863683 -0.1654538795 -0.008028751741 0.1561230082 0.4765077935 -0.001042975422 0.04013039076 0.2507141926 -0.9988885721 -0.01922271992 -0.04303611914 0.009773539681 0.8087405231 -0.5880843852 0.04610963493 -0.5878513871 -0.8076537924 7.64067917e-05 -0.2200536597 0
0.6410316378 0.1536681042 -0.1671746408 -0.008192972037 0.1576289343 0.475822743 -0.001064663185 0.04054004676 0.2506250876 -0.9988422388 -0.01981013011 -0.04383766416 0.01007577726 0.804908744 -0.5933130645 0.04703892821 -0.5930678481 -0.8037772494 7.817937507e-05 -0.2223422723 0
0.6485725112 0.1554758024 -0.1691412252 -0.008382548677 0.1593456021 0.4750319178 -0.001089717877 0.04100793322 0.2505221502 -0.9987875537 -0.02049524712 -0.04475899235 0.01042851996 0.8004893834 -0.5992561999 0.04811100209 -0.598996404 -0.7993050979 8.023605846e-05 -0.2249578295 0
0.6561133847 0.1572835006 -0.1711078096 -0.008574141537 0.161057539 0.4742326817 -0.001115058939 0.04147550499 0.250418037 -0.9987309815 -0.02119518491 -0.04568578284 0.01078914993 0.7960274485 -0.6051643541 0.04919370753 -0.6048893001 -0.7947885969 8.232595522e-05 -0.2275733868 0
0.662711649 0.1588652365 -0.172828571 -0.008743433835 0.1625515643 0.4735264732 -0.001137467101 0.04188436934 0.2503259744 -0.9986799005 -0.02181987717 -0.04650106789 0.01111122849 0.7920885709 -0.6103050355 0.05014974532 -0.6100160562 -0.7908004896 8.418209271e-05 -0.2298619994 0
0.6702525225 0.1606729347 -0.1747951554 -0.008938788584 0.1642544979 0.4727115444 -0.001163344484 0.04235134146 0.2502196593 -0.998619679 -0.02254790748 -0.0474376278 0.01148684303 0.7875476331 -0.616146718 0.05125221068 -0.6158411463 -0.7862015603 8.633506359e-05 -0.2324775566 0
0.677793396 0.1624806329 -0.1767617398 -0.009136139664 0.1659525593 0.4718882877 -0.001189507567 0.04281798865 0.2501121714 -0.9985574516 -0.02329107878 -0.04837914349 0.01187055268 0.7829650046 -0.6219524833 0.05236512059 -0.6216295739 -0.7815590617 8.852210438e-05 -0.2350931139 0
0.6843916603 0.1640623688 -0.1784825011 -0.009310453931 0.1674343279 0.4711611299 -0.001212634442 0.0432260356 0.2500171582 -0.9985013241 -0.02395385861 -0.0492068944 0.012212995 0.7789212511 -0.6270028128 0.05334743248 -0.6266641024 -0.7774613523 9.046395066e-05 -0.2373817265 0
0.6919325338 0.165870067 -0.1804490855 -0.009511529066 0.1691231223 0.4703223383 -0.001239332571 0.04369206398 0.2499074738 -0.9984352221 -0.02472570763 -0.05015721891 0.01261207398 0.7742612976 -0.6327403722 0.05447974685 -0.6323828606 -0.7727379082 9.271568916e-05 -0.2399972837 0
0.6994734073 0.1676777652 -0.1824156699 -0.009714580064 0.1708069045 0.4694753043 -0.00126631571 0.04415775722 0.2497966194 -0.9983669927 -0.02551300153 -0.05111198118 0.01301945063 0.7695605597 -0.6384411005 0.05562231362 -0.6380639715 -0.7679716964 9.500237274e-05 -0.242612841 0
0.7060716716 0.1692595011 -0.1841364312 -0.009893864814 0.1722760645 0.4687274119 -0.00129015956 0.04456496111 0.2496986629 -0.9983055131 -0.02621463343 -0.05195089483 0.0133827663 0.7654142098 -0.6433987791 0.05663041626 -0.643003795 -0.7637664012 9.703212937e-05 -0.2449014536 0
0.7136125451 0.1710671993 -0.1861030156 -0.01010060096 0.1739503191 0.4678650052 -0.001317676428 0.04503001643 0.2495856176 -0.998233179 -0.02703115933 -0.05291348416 0.01380588709 0.7606378667 -0.6490296089 0.05779202248 -0.6486134073 -0.7589207666 9.938516869e-05 -0.2475170108 0
0.7211534186 0.1728748975 -0.1880696 -0.01030929192 0.1756194233 0.4669944438 -0.001345477594 0.04549472643 0.2494714054 -0.9981585934 -0.02786341736 -0.05387998216 0.01423750274 0.7558216673 -0.6546227163 0.05896368391 -0.6541844061 -0.7540331868 0.0001017740464 -0.2501325681 0
0.7277516829 0.1744566334 -0.1897903614 -0.01049349424 0.177075627 0.4662260377 -0.001370036628 0.04590106165 0.2493705132 -0.9980914496 -0.02860462385 -0.05472872765 0.01462218781 0.751575056 -0.6594855015 0.05999708126 -0.659027094 -0.749722375 0.0001038939605 -0.2524211807 0
0.7352925564 0.1762643316 -0.1917569458 -0.01070583038 0.178734946 0.4653402704 -0.001398370168 0.04636511467 0.2492541158 -0.9980125244 -0.02946663655 -0.0557020507 0.01506991221 0.7466850121 -0.6650070605 0.06118740776 -0.6645248002 -0.7447569342 0.0001063508855 -0.2550367379 0
0.7418908207 0.1778460675 -0.1934777071 -0.01089321061 0.1801825147 0.4645586075 -0.001423394635 0.0467708696 0.2491513133 -0.9979415157 -0.03023402148 -0.05655647852 0.01546879451 0.7423742966 -0.6698067782 0.06223702848 -0.669302852 -0.7403784469 0.0001085308298 -0.2573253505 0
0.7494316942 0.1796537657 -0.1954442915 -0.01110916528 0.1818318821 0.4636577454 -0.001452259644 0.04723425324 0.2490327345 -0.9978580952 -0.03112611239 -0.05753596264 0.01593285983 0.7374115776 -0.6752557361 0.06344577091 -0.6747261151 -0.7353361842 0.0001110569229 -0.2599409077 0
0.7569725677 0.1814614639 -0.1974108759 -0.0113270388 0.1834758746 0.4627488787 -0.001481407726 0.04769727482 0.248912994 -0.997772213 -0.03203437251 -0.05851845841 0.0164057337 0.7324105826 -0.6806655496 0.06466423198 -0.68010921 -0.7302533804 0.0001136203686 -0.262556465 0
0.763570832 0.1830431999 -0.1991316373 -0.01151924607 0.1849099221 0.4619470796 -0.001507144298 0.04810211893 0.2488072688 -0.9976950113 -0.03284243153 -0.05938046154 0.01682677448 0.7280035808 -0.6853667967 0.06573830073 -0.6847862156 -0.7257729085 0.0001158942797 -0.2648450776 0
0.7711117055 0.184850898 -0.2010982217 -0.01174069642 0.1865437108 0.4610232921 -0.001536822428 0.04856445217 0.2486853529 -0.9976043916 -0.03378123889 -0.06036808489 0.01731633652 0.7229317362 -0.6907024318 0.06697478828 -0.6900931334 -0.7206149076 0.0001185286386 -0.2674606348 0
0.778652579 0.1866585962 -0.2030648061 -0.0119640431 0.1881719909 0.4600915939 -0.001566782862 0.04902641324 0.2485622785 -0.99751118 -0.03473645678 -0.06135816389 0.01781488943 0.7178225992 -0.6959980932 0.06822078437 -0.6953589682 -0.7154172419 0.0001212012891 -0.2700761921 0
0.7852508433 0.1882403322 -0.2047855674 -0.01216102078 0.189592181 0.459269895 -0.001593229607 0.04943032113 0.2484536389 -0.9974274576 -0.03558579695 -0.06222634368 0.01825854736 0.7133217856 -0.7005987837 0.06931877264 -0.6999326263 -0.7108369901 0.0001235715293 -0.2723648047 0
0.7927917168 0.1900480304 -0.2067521518 -0.01238790157 0.1912100085 0.4583234541 -0.001623718628 0.04989157495 0.2483283953 -0.9973292623 -0.03657199783 -0.06322049898 0.01877412488 0.708143662 -0.7058187346 0.07058239689 -0.7051205875 -0.7055657888 0.0001263168691 -0.2749803619 0
0.8003325903 0.1918557285 -0.2087187362 -0.01261665565 0.1928221956 0.4573691989 -0.001654489164 0.05035244654 0.2482019966 -0.9972283426 -0.03757483265 -0.06421654468 0.0192988698 0.7029292495 -0.710997907 0.07185531493 -0.7102665711 -0.7002558187 0.0001291014562 -0.2775959192 0
0.8069308546 0.1934374645 -0.2104394976 -0.01281834573 0.1942281968 0.4565278419 -0.001681644093 0.05075539288 0.2480904509 -0.9971377665 -0.03846601594 -0.06508947921 0.01976558892 0.6983371482 -0.715496016 0.07297668245 -0.7147346312 -0.6955780408 0.0001315704291 -0.2798845318 0
0.8144717281 0.1952451627 -0.212406082 -0.01305059019 0.1958296859 0.4555590264 -0.001712941715 0.05121553837 0.2479618894 -0.9970316129 -0.03950023562 -0.06608853309 0.02030768388 0.6930556486 -0.7205979919 0.07426682164 -0.7198010831 -0.6901962329 0.0001344295123 -0.282500089 0
0.8210699924 0.1968268986 -0.2141268433 -0.0132553217 0.1972262568 0.4547049821 -0.001740557409 0.05161784402 0.2478484531 -0.9969363851 -0.04041898888 -0.066963792 0.02078967503 0.6884053947 -0.7250281387 0.07540313994 -0.7241990872 -0.6854560881 0.0001369641904 -0.2847887016 0
0.8286108659 0.1986345968 -0.2160934277 -0.01349102749 0.1988168898 0.4537217275 -0.001772381115 0.05207725115 0.247717733 -0.9968248326 -0.04148483701 -0.06796514885 0.02134932624 0.6830580659 -0.7300519741 0.07671023027 -0.729184947 -0.6800035688 0.0001398989641 -0.2874042589 0
0.8361517394 0.200442295 -0.2180600121 -0.0137285673 0.2004016686 0.4527308222 -0.001804484986 0.05253625949 0.2475858633 -0.9967103326 -0.04256764813 -0.06896744335 0.02191842343 0.6776761475 -0.7350337556 0.07802624958 -0.7341273966 -0.6745138026 0.0001428745986 -0.2900198161 0
0.8427500037 0.2020240309 -0.2197807735 -0.01393791246 0.201783513 0.4518575319 -0.001832805467 0.05293756192 0.2474695354 -0.9966076898 -0.04352907226 -0.06984506034 0.0224241766 0.6729388808 -0.7393581129 0.07918502945 -0.7384161988 -0.6696799597 0.0001455120689 -0.2923084287 0
0.8502908772 0.2038317291 -0.2217473579 -0.01417886824 0.203357196 0.4508523768 -0.001865433857 0.05339581316 0.2473355138 -0.9964875348 -0.04464385652 -0.07084856401 0.02301113683 0.66749309 -0.7442603458 0.08051757901 -0.7432764633 -0.6641212379 0.0001485652495 -0.294923986 0
0.8578317507 0.2056394273 -0.2237139423 -0.01442163359 0.2049248981 0.449839673 -0.001898341567 0.05385365563 0.2472003463 -0.9963642949 -0.04577577825 -0.07185241812 0.0236077036 0.6620137623 -0.7491197867 0.08185883089 -0.7480924787 -0.6585262145 0.0001516602884 -0.2975395432 0
0.864430015 0.2072211632 -0.2254347036 -0.0146355309 0.2062916969 0.4489473932 -0.001927364706 0.05425392975 0.2470811358 -0.9962538915 -0.04678031212 -0.07273091601 0.02413762268 0.6571921307 -0.7533364975 0.08303950214 -0.7522699686 -0.6536010522 0.0001544030598 -0.2998281558 0
0.8719708885 0.2090288614 -0.227401288 -0.01488166588 0.2078480673 0.4479206329 -0.001960795331 0.05471099644 0.2469438231 -0.9961247372 -0.0479445164 -0.07373487128 0.02475234775 0.6516509207 -0.7581150301 0.08439685525 -0.7570022463 -0.6479388628 0.000157577529 -0.3024437131 0
0.879511762 0.2108365596 -0.2293678724 -0.01512958547 0.2093983319 0.4468864281 -0.001994504407 0.05516764441 0.2468053682 -0.9959923589 -0.04912601367 -0.07473858245 0.02537683372 0.6460772437 -0.7628500583 0.08576267973 -0.7616894577 -0.6422413353 0.000160794869 -0.3050592703 0
0.8861100263 0.2124182955 -0.2310886338 -0.01534797212 0.210749771 0.4459754208 -0.002024228026 0.05556686519 0.2466832842 -0.9958738449 -0.05017404847 -0.07561646566 0.02593130699 0.6411739388 -0.766957331 0.08696466143 -0.7657535799 -0.637227277 0.0001636454884 -0.3073478829 0
0.8936508998 0.2142259937 -0.2330552182 -0.01559921406 0.2122884716 0.4449273566 -0.002058458373 0.05602271876 0.2465426911 -0.99573529 -0.05138810193 -0.07661915679 0.02657423479 0.6355404013 -0.7716101401 0.08834615019 -0.7703555421 -0.6314644063 0.0001669441711 -0.3099634401 0
0.9011917733 0.2160336919 -0.2350218026 -0.01585221514 0.2138209436 0.4438719542 -0.002092966285 0.05647814371 0.2464009595 -0.9955933704 -0.0526195847 -0.07762100253 0.02722707153 0.6298754834 -0.7762187591 0.08973587522 -0.7749116432 -0.6256671783 0.0001702867519 -0.3125789974 0
0.9077900376 0.2176154278 -0.2367425639 -0.01607502708 0.215156714 0.4429424867 -0.002123388152 0.05687628623 0.2462760114 -0.995466392 -0.05371146334 -0.07849675849 0.02780647146 0.6248932384 -0.7802148683 0.09095857591 -0.7788603978 -0.6205666912 0.0001732478037 -0.31486761 0
0.9153309111 0.219423126 -0.2387091483 -0.0163313023 0.2166773936 0.4418734261 -0.002158415651 0.05733089824 0.2461321487 -0.9953180308 -0.05497573973 -0.07949645081 0.02847802166 0.6191705124 -0.7847400072 0.09236352058 -0.7833297802 -0.6147059748 0.0001766736671 -0.3174831672 0
0.9219291754 0.2210048619 -0.2404299096 -0.01655696518 0.2180027811 0.4409320658 -0.00218929167 0.05772832415 0.2460053381 -0.9951853397 -0.05609637367 -0.08036999702 0.0290738711 0.6141382765 -0.7886627209 0.09359941015 -0.7872022448 -0.6095504706 0.0001797081499 -0.3197717798 0
0.9294700489 0.2228125601 -0.242396494 -0.01681648261 0.2195115214 0.4398494802 -0.002224837638 0.05818211116 0.245859349 -0.9950303626 -0.05739357883 -0.08136679073 0.02976430542 0.6083590967 -0.7931035844 0.0950192804 -0.7915839732 -0.6036274925 0.0001832185758 -0.3223873371 0
0.9370109224 0.2246202583 -0.2443630784 -0.01707771602 0.2210138346 0.4387597363 -0.002260659661 0.05863545325 0.2457122279 -0.9948717854 -0.05870839582 -0.08236173226 0.03046487927 0.6025503661 -0.7974991834 0.09644698965 -0.7959185766 -0.5976718143 0.0001867746288 -0.3250028943 0
0.9436091867 0.2262019942 -0.2460838398 -0.01730769562 0.222323054 0.4378003687 -0.002292230125 0.05903175992 0.2455825693 -0.9947300378 -0.0598733328 -0.08323061862 0.03108623537 0.5974437928 -0.8013080309 0.09770259887 -0.7996724945 -0.5924340501 0.0001899238937 -0.3272915069 0
0.9511500602 0.2280096924 -0.2480504242 -0.01757212151 0.2238132058 0.4366973072 -0.002328568869 0.05948425858 0.2454333291 -0.9945645756 -0.06122125524 -0.08422151036 0.03180594494 0.5915807082 -0.8056181773 0.0991447768 -0.8039180453 -0.5864180162 0.0001935664936 -0.3299070642 0
0.9586909337 0.2298173906 -0.2500170086 -0.01783823663 0.2252968131 0.4355871991 -0.002365182724 0.0599363025 0.2452829609 -0.9943953693 -0.06258687385 -0.0852099334 0.03253592496 0.5856892 -0.8098824449 0.1005945481 -0.8081157369 -0.5803703065 0.000197255786 -0.3325226214 0
0.965289198 0.2313991265 -0.2517377699 -0.01807246565 0.2265895693 0.4346101049 -0.002397445264 0.06033146524 0.2451504644 -0.9942442028 -0.06379632596 -0.08607260898 0.03318311705 0.5805111249 -0.8135758813 0.1018692592 -0.8117492609 -0.5750528597 0.0002005225132 -0.334811234 0
0.9728300715 0.2332068247 -0.2537043543 -0.01834172264 0.2280607972 0.4334868904 -0.002434574056 0.06078264738 0.2449979847 -0.9940678403 -0.06519518944 -0.0870558217 0.03393247208 0.5745673895 -0.8177535706 0.1033330352 -0.8158565451 -0.5689467301 0.0002043003632 -0.3374267913 0
0.980370945 0.2350145229 -0.2556709387 -0.01861264163 0.2295253653 0.4323567427 -0.002471976997 0.06123336501 0.244844381 -0.9938875886 -0.06661181345 -0.08803594447 0.03469222185 0.5685963716 -0.8218847948 0.1048041552 -0.8199152593 -0.5628099649 0.000208125985 -0.3400423485 0
0.9869692093 0.2365962588 -0.2573917001 -0.01885105158 0.2308013683 0.4313622077 -0.002504929191 0.06162735923 0.2447090568 -0.9937266381 -0.06786594259 -0.08889084652 0.03536556262 0.5633496654 -0.8254613446 0.1060973409 -0.8234266017 -0.5574154518 0.0002115128896 -0.3423309611 0
0.9945100828 0.238403957 -0.2593582845 -0.01912506096 0.232253343 0.4302191684 -0.002542845243 0.06207719679 0.2445533494 -0.9935389573 -0.06931591329 -0.08986459016 0.03614491422 0.5573285726 -0.829504917 0.1075819947 -0.8273935982 -0.5512222311 0.0002154291056 -0.3449465184 0
1.002050956 0.2402116552 -0.2613248689 -0.01940070466 0.233698545 0.4290693114 -0.002581034462 0.06252656011 0.2443965221 -0.9933472411 -0.07078368875 -0.09083461846 0.03693477818 0.5512813518 -0.8335014657 0.1090737396 -0.831311338 -0.54499943 0.0002193941866 -0.3475620756 0
