0.006591976899 0.00473112774 0.001501454578 -2.650927479e-06 0.001680944887 0.5099963064 -3.321203958e-07 0.0004186222887 0.2549995418 -0.9999999999 -6.698308053e-08 -1.543813363e-05 3.427624138e-08 0.9999784899 -0.006558945761 1.543824089e-05 -0.00655894576 -0.9999784898 3.1640303e-08 0.001996934589 0
0.01378166148 0.009891236263 0.003139049036 -1.158683522e-05 0.003514239402 0.5099838558 -1.460351827e-06 0.0008769538187 0.2549979853 -0.9999999977 -6.160696905e-07 -6.747581261e-05 3.092234593e-07 0.9999059847 -0.01371210206 6.747791646e-05 -0.01371210205 -0.9999059824 6.640395696e-08 0.004174935218 0
0.02017249222 0.01447799939 0.004594688554 -2.48241078e-05 0.005143721233 0.5099654121 -3.139364383e-06 0.001285075738 0.2549956688 -0.9999999895 -1.933355319e-06 -0.0001445562064 9.68217595e-07 0.9997985855 -0.02006958795 0.0001445658923 -0.02006958788 -0.9997985751 5.422824762e-08 0.006110935777 0
0.02656332297 0.01906476253 0.006050328072 -4.304369185e-05 0.006773043916 0.5099400263 -5.454259703e-06 0.001693307076 0.2549924748 -0.9999999686 -4.415307923e-06 -0.000250636785 2.209522769e-06 0.9996507764 -0.02642584444 0.000250665935 -0.02642584417 -0.999650745 8.164214093e-09 0.008046936336 0
0.03295415371 0.02365152566 0.00750596759 -6.624491091e-05 0.008402157045 0.5099076996 -8.404131122e-06 0.002101499848 0.2549884047 -0.9999999256 -8.430597766e-06 -0.0003857024712 4.217446391e-06 0.9994625756 -0.03278048231 0.0003857715443 -0.0327804815 -0.9994625012 7.40911395e-08 0.009982936895 0
0.03934498445 0.02823828879 0.008961607108 -9.442690357e-05 0.01003101022 0.5098684331 -1.198843431e-05 0.002509626311 0.2549834593 -0.9999998488 -1.434764335e-05 -0.0005497340681 7.176153088e-06 0.9992340064 -0.03913311254 0.0005498744432 -0.03913311056 -0.9992338552 1.776883759e-07 0.01191893745 0
0.04653466903 0.03339839731 0.01059920157 -0.0001320839163 0.01186309657 0.5098159648 -1.677874477e-05 0.002968690748 0.2549768498 -0.9999997041 -2.373583338e-05 -0.0007688637418 1.187025906e-05 0.9989286485 -0.04627693774 0.0007691384402 -0.04627693318 -0.9989283527 3.218429222e-07 0.01409693808 0
0.05292549978 0.03798516044 0.01205484108 -0.0001708463486 0.01349123005 0.5097619563 -2.171034863e-05 0.003376685075 0.2549700454 -0.999999505 -3.49158713e-05 -0.00099436537 1.746001138e-05 0.9986143966 -0.05262401133 0.0009948249871 -0.05262400264 -0.9986139017 4.732109827e-07 0.01603293864 0
0.05931633052 0.04257192358 0.0135104806 -0.000214585671 0.01511894616 0.5097010134 -2.727575232e-05 0.003784624998 0.2549623665 -0.9999992191 -4.914668433e-05 -0.001248746403 2.457476334e-05 0.9982598812 -0.0589678635 0.001249471511 -0.05896784814 -0.9982591005 6.458416438e-07 0.0179689392 0
0.06570716126 0.04715868671 0.01496612012 -0.0002633002597 0.01674619454 0.5096331384 -3.347485734e-05 0.004192513378 0.2549538132 -0.9999988243 -6.67950136e-05 -0.001531970687 3.339772828e-05 0.9978651462 -0.06530810665 0.00153306241 -0.06530808103 -0.9978639708 8.39448076e-07 0.01990493976 0
0.072097992 0.05174544984 0.01642175964 -0.0003169883062 0.01837292489 0.5095583337 -4.030757598e-05 0.004600351562 0.2549443857 -0.9999982959 -8.822703905e-05 -0.001843997973 4.411180125e-05 0.9974302405 -0.07164435362 0.001845580311 -0.07164431288 -0.9974285369 1.053896984e-06 0.02184094032 0
0.07848882274 0.05633221297 0.01787739916 -0.0003756478175 0.01999908689 0.5094766022 -4.77738241e-05 0.005008139748 0.2549340841 -0.9999976069 -0.0001138083193 -0.002184783917 5.689952495e-05 0.9969552178 -0.0779762178 0.002187006068 -0.07797615551 -0.9969528255 1.289146765e-06 0.02377694088 0
0.08567850733 0.06149232149 0.01951499361 -0.000447579503 0.0218277772 0.5093763783 -5.693051365e-05 0.005466840857 0.2549214501 -0.9999966026 -0.0001480012022 -0.002602483228 7.399116453e-05 0.9963729382 -0.08509384553 0.002605637852 -0.08509374899 -0.9963695422 1.578688937e-06 0.02595494151 0
0.09206933807 0.06607908463 0.02097063313 -0.0005167959169 0.02345256457 0.5092799377 -6.574272813e-05 0.005874519871 0.2549092914 -0.9999954705 -0.0001836102299 -0.003004215444 9.178968699e-05 0.9958128681 -0.0914151152 0.003008421148 -0.09141497689 -0.9958083407 1.858245546e-06 0.02789094207 0
0.09846016881 0.07066584776 0.02242627265 -0.0005909763784 0.02507662656 0.5091765805 -7.518819793e-05 0.006282145001 0.2548962589 -0.9999940767 -0.0002245062178 -0.003434541445 0.0001122296604 0.995212881 -0.09773079777 0.003440041058 -0.09773060434 -0.9952069609 2.158774068e-06 0.02982694262 0
0.1048509996 0.07525261089 0.02388191217 -0.000670118134 0.02669991299 0.5090663107 -8.526682686e-05 0.006689714155 0.2548823529 -0.999992384 -0.0002710515278 -0.003893400086 0.0001354918146 0.9945730511 -0.1040405093 0.003900471142 -0.1040402444 -0.9945654397 2.480384188e-06 0.03176294318 0
0.1112418303 0.07983937402 0.02533755169 -0.0007542182463 0.0283223737 0.5089491323 -9.59785135e-05 0.007097224997 0.2548675733 -0.9999903522 -0.0003236075942 -0.004380726167 0.0001617563534 0.9938934575 -0.1103438665 0.00438968319 -0.1103435106 -0.9938838163 2.823202926e-06 0.03369894374 0
0.1184315149 0.08499948254 0.02697514614 -0.0008547537644 0.03014659258 0.5088090541 -0.0001087857294 0.00755560185 0.2548499025 -0.9999876085 -0.0003903666591 -0.004962909125 0.0001951164022 0.9930814894 -0.1174270721 0.0049744128 -0.1174265853 -0.9930691075 3.234401911e-06 0.03587694437 0
0.1248223456 0.08958624567 0.02843078566 -0.0009493797913 0.03176713223 0.5086772097 -0.0001208423016 0.007962980241 0.2548332673 -0.9999847127 -0.0004568910732 -0.005510493596 0.0002283567418 0.9923176829 -0.1237156581 0.005524684817 -0.1237150252 -0.9923024087 3.622775598e-06 0.03781294493 0
0.1312131764 0.09417300881 0.02988642518 -0.00104895381 0.03338668964 0.5085384712 -0.0001335315782 0.008370292022 0.2548157592 -0.9999813375 -0.0005305490913 -0.006086315756 0.0002651588408 0.9915143913 -0.1299966981 0.006103639292 -0.1299958858 -0.9914957465 4.032842236e-06 0.03974894549 0
0.1376040071 0.09875977194 0.0313420647 -0.001153472126 0.0350052148 0.5083928437 -0.0001468534342 0.008777534329 0.2547973783 -0.9999774326 -0.0006116976935 -0.006690293802 0.0003057003775 0.9906717139 -0.1362698124 0.006711240757 -0.1362687824 -0.9906491701 4.464780326e-06 0.04168494605 0
0.1439948378 0.1033465351 0.03279770422 -0.00126293086 0.03662265774 0.5082403326 -0.0001608077383 0.009184704236 0.2547781248 -0.9999729458 -0.0007006926295 -0.007322341935 0.0003501583321 0.9897897548 -0.1425346227 0.007347451988 -0.1425333305 -0.9897627315 4.918778477e-06 0.04362094661 0
0.1503856686 0.1079332982 0.03425334373 -0.00137732595 0.03823896855 0.5080809436 -0.0001753943534 0.009591798761 0.2547579988 -0.9999678221 -0.0007978883593 -0.007982370374 0.0003987089541 0.9888686229 -0.1487907516 0.008012234007 -0.1487891465 -0.988836485 5.395034921e-06 0.04555694717 0
0.1575753532 0.1130934067 0.03589093819 -0.001511915622 0.04005590287 0.5078934171 -0.0001925599259 0.01004968624 0.2547343145 -0.9999612251 -0.0009174756791 -0.008758230692 0.0004584388892 0.9877856674 -0.1558180513 0.008794214022 -0.1558160246 -0.9877469455 5.957687723e-06 0.04773494779 0
0.1639661839 0.1176801699 0.03734657771 -0.001636786149 0.04166964238 0.5077194324 -0.0002084897184 0.0104566105 0.2547123353 -0.9999545546 -0.001033268788 -0.009477401074 0.0005162681017 0.9867816767 -0.1620544846 0.009519571563 -0.1620520129 -0.9867362986 6.481943058e-06 0.04967094835 0
0.1703570147 0.122266933 0.03880221723 -0.00176657916 0.04328209406 0.5075385892 -0.0002250513537 0.01086344984 0.2546894843 -0.9999470601 -0.001158361428 -0.01022424568 0.0005787356859 0.9857388844 -0.1682810648 0.01027336682 -0.1682780732 -0.9856860291 7.029134417e-06 0.05160694891 0
0.1767478454 0.1268536961 0.04025785675 -0.001901289842 0.04489320822 0.507350894 -0.0002422446695 0.01127020115 0.2546657618 -0.9999386768 -0.001293102127 -0.01099865844 0.0006460145279 0.9846574192 -0.1744974195 0.01105555361 -0.1744938241 -0.9845962015 7.599496382e-06 0.05354294947 0
0.1831386761 0.1314404593 0.04171349626 -0.002040913197 0.04650293519 0.507156354 -0.0002600694971 0.01167686129 0.2546411679 -0.9999293376 -0.001437837827 -0.01180052938 0.0007182766143 0.9835374145 -0.1807031777 0.01186608402 -0.1806988848 -0.9834668826 8.193271774e-06 0.05547895003 0
0.1895295069 0.1360272224 0.04316913578 -0.002185444045 0.04811122538 0.5069549762 -0.0002785256619 0.01208342712 0.2546157029 -0.9999189728 -0.001592913826 -0.01262974466 0.0007956930006 0.9823790082 -0.1868979696 0.01270490839 -0.1868928752 -0.9822981414 8.810711452e-06 0.05741495059 0
0.1967191915 0.1411873309 0.04480673024 -0.002353900556 0.04991877274 0.5067202623 -0.0003000432669 0.01254069704 0.254586014 -0.999905997 -0.001780161967 -0.01359515011 0.0008891591797 0.9810300775 -0.1938535439 0.01368234187 -0.1938474094 -0.9809362749 9.533939765e-06 0.05959295122 0
0.2031100222 0.145774094 0.04626236976 -0.002508841803 0.05152384533 0.5065043795 -0.0003198404148 0.01294705199 0.2545586988 -0.9998932115 -0.001958349768 -0.01448207636 0.0009780919694 0.9797905481 -0.2000238116 0.01458111812 -0.2000166162 -0.9796840022 1.020253474e-05 0.06152895178 0
0.2095008529 0.1503608572 0.04771800928 -0.002668673189 0.05312732653 0.5062816831 -0.000340268314 0.01335330275 0.2545305134 -0.999879168 -0.002147945711 -0.01539596623 0.001072707249 0.978513079 -0.2061819672 0.01550802199 -0.2061735691 -0.9783925391 1.0895628e-05 0.06346495234 0
0.2158916837 0.1549476203 0.04917364879 -0.002833388788 0.05472916699 0.5060521815 -0.0003613267646 0.01375944614 0.2545014579 -0.9998637874 -0.002349287717 -0.01633668999 0.001173171893 0.9771978275 -0.212327647 0.0164629967 -0.2123178911 -0.9770619647 1.161350189e-05 0.0654009529 0
0.2222825144 0.1595343834 0.05062928831 -0.00300298249 0.05632931743 0.5058158832 -0.00038301556 0.01416547896 0.2544715328 -0.9998469884 -0.002562711777 -0.01730411412 0.00127965168 0.9758449555 -0.2184604893 0.01744598374 -0.2184492056 -0.9756923604 1.235644603e-05 0.06733695345 0
0.229472199 0.164694492 0.05226688277 -0.003199598428 0.05812740532 0.5055419342 -0.0004081686494 0.01462212976 0.2544368278 -0.9998262895 -0.002817671466 -0.01842421044 0.001406836382 0.9742782138 -0.2253441435 0.01858525261 -0.2253309187 -0.9741050074 1.322259472e-05 0.06951495408 0
0.2358630298 0.1692812551 0.05372252229 -0.003379537 0.05972380119 0.5052912221 -0.0004311962148 0.01502791704 0.2544050555 -0.9998061953 -0.003057876336 -0.01944791229 0.001526643602 0.9728459568 -0.231448512 0.01962756377 -0.2314333462 -0.9726527464 1.401980707e-05 0.07145095464 0
0.2422538605 0.1738680182 0.05517816181 -0.003564333429 0.06131835351 0.5050337414 -0.0004548534407 0.01543358377 0.2543724145 -0.9997844133 -0.003311200165 -0.02049787299 0.001652976622 0.9713766148 -0.2375389228 0.02069769339 -0.2375215951 -0.9711617256 1.484303997e-05 0.0733869552 0
0.2486446912 0.1784547813 0.05663380132 -0.003753980864 0.06291101332 0.5047695018 -0.0004791400955 0.01583912675 0.254338905 -0.9997608529 -0.003577970391 -0.02157394355 0.001785996372 0.9698703685 -0.2436150213 0.02179557591 -0.2435952925 -0.9696320366 1.569261149e-05 0.07532295576 0
0.255035522 0.1830415445 0.05808944084 -0.003948472278 0.06450173172 0.5044985129 -0.0005040559412 0.01624454278 0.2543045274 -0.9997354211 -0.003858512238 -0.02267597132 0.001925862532 0.9683274028 -0.2496764546 0.02292114407 -0.2496540662 -0.9680637729 1.656884629e-05 0.07725895632 0
0.2614263527 0.1876283076 0.05954508036 -0.004147800461 0.06609045988 0.5042207849 -0.0005296007338 0.01664982865 0.254269282 -0.9997080226 -0.004153148662 -0.02380379997 0.002072733495 0.9667479075 -0.2557228715 0.02407432891 -0.2556975452 -0.9664570306 1.747207545e-05 0.07919495688 0
0.2686160373 0.1927884161 0.06118267482 -0.004377816915 0.06787533944 0.5039002983 -0.0005590901019 0.01710561567 0.2542285941 -0.9996747272 -0.004501861201 -0.02510324798 0.002246531784 0.9649275527 -0.262506707 0.02540458439 -0.2624777159 -0.9646035744 1.852089524e-05 0.08137295751 0
0.275006868 0.1973751793 0.06263831434 -0.004587398487 0.06945967665 0.503608284 -0.0005859705683 0.0175106143 0.2541915059 -0.9996428235 -0.004827510259 -0.02628536781 0.002408807826 0.9632710814 -0.2685200579 0.026616218 -0.2684874652 -0.962915395 1.948261523e-05 0.08330895807 0
0.2813976988 0.2019619424 0.06409395385 -0.004801793155 0.07104187161 0.5033095635 -0.0006134791794 0.01791547274 0.2541535509 -0.9996086416 -0.005168247936 -0.0274927766 0.00257857504 0.9615787011 -0.2745173083 0.02785524192 -0.2744807659 -0.9611890525 2.047240415e-05 0.08524495862 0
0.2877885295 0.2065487055 0.06554959337 -0.005020992977 0.07262187586 0.5030041479 -0.0006416156656 0.01832018778 0.2541147298 -0.9995720775 -0.005524387277 -0.02872530314 0.002755986201 0.9598506195 -0.2804981156 0.02912158024 -0.2804572507 -0.9594246526 2.149061821e-05 0.08718095918 0
0.2941793603 0.2111354687 0.06700523289 -0.005244989833 0.07419964102 0.5026920486 -0.0006703797516 0.01872475623 0.2540750426 -0.9995330248 -0.00589623879 -0.02998277269 0.002941192651 0.9580870483 -0.2864621392 0.03041515537 -0.2864165536 -0.9576223035 2.253761936e-05 0.08911695974 0
0.3013690449 0.2162955772 0.06864282735 -0.005502709914 0.07597189031 0.5023329619 -0.000703489175 0.01917971649 0.2540293601 -0.999485981 -0.00633373599 -0.03142701853 0.003159054267 0.9560608791 -0.2931511827 0.03190288516 -0.2930997771 -0.955549437 2.375036315e-05 0.09129496037 0
0.3077598756 0.2208823403 0.07009846687 -0.005736872702 0.07754473721 0.5020066981 -0.0007335859672 0.01958396275 0.2539878342 -0.999441278 -0.006739994965 -0.03273689574 0.003361321471 0.9542226157 -0.29907842 0.03325407332 -0.2990213575 -0.9536668152 2.485976429e-05 0.09323096093 0
0.3141507063 0.2254691034 0.07155410638 -0.005975806013 0.07911519445 0.5016737874 -0.0007643094584 0.01998805237 0.2539454437 -0.999393741 -0.007162919528 -0.03407114732 0.00357184732 0.9523495522 -0.3049878233 0.03463224513 -0.3049246186 -0.9517465968 2.599911944e-05 0.09516696149 0
0.3205415371 0.2300558666 0.0730097459 -0.006219501001 0.08068321405 0.5013342422 -0.0007956593477 0.02039198216 0.2539021889 -0.9993432553 -0.007602809181 -0.03542958421 0.00379077692 0.9504419178 -0.3108790614 0.03603731615 -0.3108091989 -0.9497888996 2.716881301e-05 0.09710296205 0
0.3269323678 0.2346426297 0.07446538542 -0.006467948644 0.08224874812 0.5009880751 -0.000827635328 0.0207957489 0.2538580703 -0.9992897041 -0.008059960627 -0.03681201393 0.004018253794 0.948499946 -0.3167518052 0.0374692003 -0.3166747377 -0.9477938434 2.836923456e-05 0.09903896261 0
0.3333231986 0.2392293928 0.07592102494 -0.006721139746 0.0838117489 0.5006352987 -0.0008602370862 0.02119934939 0.2538130883 -0.9992329686 -0.008534667723 -0.03821824061 0.004254419852 0.9465238741 -0.322605728 0.03892780986 -0.3225208757 -0.9457615505 2.960077865e-05 0.1009749632 0
0.3405128831 0.2443895014 0.0775586194 -0.007011637976 0.08556703732 0.5002305416 -0.0008976616666 0.02165319722 0.2537614521 -0.9991651845 -0.009090059861 -0.0398284423 0.004530667547 0.9442603337 -0.3291684906 0.0406005795 -0.3290741451 -0.9434308666 3.102396448e-05 0.1031529638 0
0.3469037139 0.2489762645 0.07901425891 -0.007274877598 0.08712449666 0.4998637645 -0.0009315921351 0.02205643379 0.2537146369 -0.9991012791 -0.00960303513 -0.04128457202 0.004785761789 0.9422126059 -0.3349813454 0.04211568182 -0.3348778688 -0.9413198619 3.232297625e-05 0.1050889644 0
0.3532945446 0.2535630276 0.08046989843 -0.007542830817 0.08867927406 0.4994904198 -0.0009661473635 0.02245949409 0.2536669597 -0.9990338055 -0.01013446547 -0.04276386525 0.005049977995 0.9401315459 -0.3407743743 0.04365722488 -0.3406610765 -0.9391720171 3.36543746e-05 0.1070249649 0
0.3596853754 0.2581497908 0.08192553795 -0.00781548772 0.09023132219 0.4991105214 -0.001001327013 0.02286237493 0.253618421 -0.9989626369 -0.01068463248 -0.04426611254 0.005323451136 0.9380174076 -0.3465472608 0.04522511424 -0.3464234139 -0.9369874638 3.501857354e-05 0.1089609655 0
0.3660762061 0.2627365539 0.08338117747 -0.008092838223 0.09178059382 0.4987240832 -0.00103713074 0.02326507311 0.2535690212 -0.9988876447 -0.01125381467 -0.0457911012 0.005606314435 0.9358704487 -0.3522996912 0.04681925386 -0.3521645281 -0.9347663358 3.641599152e-05 0.110896966 0
0.3732658907 0.2678966624 0.08501877192 -0.008410455075 0.09352014697 0.4982815412 -0.001078155463 0.02371788624 0.2535124179 -0.9987985454 -0.01191721647 -0.04753362759 0.005935923414 0.9334162152 -0.3587463366 0.04864391651 -0.3585974751 -0.9322240183 3.802832044e-05 0.1130749667 0
0.3796567214 0.2724834255 0.08647441144 -0.008697745201 0.09506336227 0.497881254 -0.001115284181 0.02412018564 0.2534611901 -0.9987149921 -0.01252771627 -0.04910622102 0.006239174991 0.9312003862 -0.3644542679 0.05029351164 -0.3642923236 -0.9299256237 3.949773781e-05 0.1150109672 0
0.3860475522 0.2770701887 0.08793005096 -0.008989696298 0.09660365424 0.4974744726 -0.001153035861 0.02452229239 0.2534091028 -0.998627201 -0.01315808115 -0.05070087082 0.006552221473 0.928952567 -0.3701407796 0.05196904651 -0.369964854 -0.9275910872 4.100170921e-05 0.1169469678 0
0.3924383829 0.2816569518 0.08938569048 -0.009286297575 0.09814097614 0.4970612119 -0.001191410132 0.02492420329 0.2533561565 -0.9985350359 -0.01380857637 -0.05231735137 0.006875188585 0.9266730309 -0.3758055689 0.05367041846 -0.3756147189 -0.9252205516 4.254067019e-05 0.1188829683 0
0.3988292137 0.2862437149 0.09084133 -0.009587538066 0.09967528135 0.4966414874 -0.001230406618 0.02532591516 0.2533023517 -0.9984383588 -0.01447946387 -0.05395543403 0.007208200172 0.924362055 -0.381448336 0.05539752328 -0.3812415722 -0.9228141623 4.411506024e-05 0.1208189689 0
0.4052200444 0.2908304781 0.09229696952 -0.009893406639 0.1012065234 0.4962153145 -0.001270024938 0.0257274248 0.253247689 -0.9983370298 -0.01517100222 -0.05561488709 0.007551378169 0.9220199202 -0.3870687838 0.05715025514 -0.386845069 -0.9203720666 4.572532258e-05 0.1227549695 0
0.412409729 0.2959905866 0.09393456397 -0.01024302671 0.1029254515 0.4957281817 -0.00131533835 0.02617887746 0.2531851686 -0.998217298 -0.01597398463 -0.05750702381 0.007949754798 0.9193481281 -0.3933647427 0.05915257705 -0.3931206573 -0.9175822151 4.758030298e-05 0.1249329701 0
0.4188005597 0.3005773497 0.09539020349 -0.01055869221 0.1044500304 0.4952883585 -0.001356276771 0.02657994679 0.2531286846 -0.9981056119 -0.01671024891 -0.05921110617 0.008314932436 0.9169407291 -0.3989367885 0.0609594079 -0.3986733838 -0.9150647429 4.926828244e-05 0.1268689706 0
0.4251913905 0.3051641129 0.09684584301 -0.01087894992 0.1059714017 0.4948421369 -0.001397835792 0.02698080394 0.2530713443 -0.9979888261 -0.01746794985 -0.06093581588 0.008690644978 0.9145030715 -0.4044856052 0.06279152506 -0.4042016859 -0.9125120391 5.099354274e-05 0.1288049712 0
0.4315822212 0.309750876 0.09830148253 -0.011203788 0.1074895194 0.4943895334 -0.001440015008 0.02738144574 0.2530131484 -0.997866794 -0.01824733166 -0.06268090918 0.009077006238 0.9120354508 -0.4100109077 0.06464881627 -0.409705225 -0.9099242601 5.275654174e-05 0.1307409718 0
0.437973052 0.3143376391 0.09975712204 -0.01153319445 0.1090043376 0.4939305646 -0.001482814005 0.02778186899 0.2529540974 -0.9977393671 -0.01904863496 -0.06444613946 0.009474128001 0.9095381656 -0.415512414 0.06653116777 -0.4151836639 -0.9073015645 5.455774065e-05 0.1326769723 0
0.4451627365 0.3194977476 0.1013947165 -0.0119092222 0.1107045073 0.4934066375 -0.001531703186 0.02823207997 0.2528866436 -0.9975893766 -0.01997659916 -0.06645578291 0.0099338887 0.9066936379 -0.4216728172 0.06867862441 -0.4213164872 -0.9043094958 5.663032859e-05 0.1348549729 0
0.4515535673 0.3240845108 0.102850356 -0.01224829586 0.1122121626 0.4929341993 -0.001575817818 0.02863202829 0.2528257775 -0.9974499861 -0.02082526795 -0.06826297281 0.0103542383 0.9041343233 -0.4271228338 0.07061384419 -0.4267404758 -0.9016131384 5.851424818e-05 0.1367909735 0
0.457944398 0.3286712739 0.1043059955 -0.01259189933 0.1137163761 0.4924554495 -0.001620550902 0.02903174814 0.252764058 -0.997304727 -0.0216965866 -0.07008951123 0.0107856844 0.9015462995 -0.4325481926 0.0725737588 -0.4321383204 -0.8988823736 6.043782928e-05 0.1387269741 0
0.4643352288 0.333258037 0.1057616351 -0.01294001994 0.1152171026 0.491970406 -0.001665901998 0.02943123637 0.252701486 -0.9971534447 -0.02259078049 -0.07193514027 0.01122833019 0.8989298789 -0.4379486241 0.07455824817 -0.4375096906 -0.8961173686 6.240154584e-05 0.1406629746 0
0.4707260595 0.3378448002 0.1072172746 -0.01329264484 0.1167142969 0.4914790865 -0.001711870664 0.0298304898 0.2526380619 -0.9969959828 -0.02350807124 -0.07379959939 0.0116822767 0.8962853773 -0.4433238623 0.07656719072 -0.4428542572 -0.8933182928 6.44058747e-05 0.1425989752 0
0.4771168903 0.3424315633 0.1086729141 -0.01364976102 0.1182079141 0.4909815092 -0.001758456449 0.03022950527 0.2525737864 -0.9968321837 -0.02444867662 -0.07568262545 0.01214762279 0.8936131132 -0.4486736444 0.07860046338 -0.4481716927 -0.8904853177 6.645129552e-05 0.1445349757 0
0.4843065748 0.3475916718 0.1103105086 -0.0140568688 0.1198839018 0.4904142776 -0.001811602539 0.03067810929 0.2525004595 -0.9966401365 -0.02553499212 -0.07782289212 0.0126848835 0.8905740323 -0.4546613979 0.08091682205 -0.454120972 -0.8872579167 6.880211239e-05 0.1467129764 0
0.4906974056 0.352178435 0.1117661481 -0.01442348502 0.121369769 0.4899034638 -0.001859498179 0.0310766086 0.2524343768 -0.9964623406 -0.02652584645 -0.07974448754 0.013174772 0.8878438456 -0.4599562276 0.08300138075 -0.4593796745 -0.8843534844 7.093645859e-05 0.1486489769 0
0.4970882363 0.3567651981 0.1132217876 -0.01479455082 0.1228519194 0.4893864502 -0.001908009493 0.03147486007 0.2523674448 -0.9962777055 -0.02754067086 -0.08168381122 0.01367635487 0.8850869123 -0.4652248005 0.08510987537 -0.4646102336 -0.8814157021 7.311341296e-05 0.1505849775 0
0.5034790671 0.3613519612 0.1146774271 -0.01517005251 0.1243303087 0.488863256 -0.001957136005 0.03187286055 0.2522996639 -0.9960860678 -0.02857966695 -0.0836405897 0.01418972185 0.8823035636 -0.4704668675 0.08724217673 -0.4698123288 -0.8784447497 7.533346595e-05 0.152520978 0
0.5098698978 0.3659387244 0.1161330666 -0.01554997627 0.1258048928 0.4883339005 -0.002006877234 0.0322706069 0.252231035 -0.9958872627 -0.02964303228 -0.0856145471 0.0147149604 0.8794941336 -0.4756821826 0.08939815422 -0.4749856414 -0.8754408092 7.75971105e-05 0.1544569786 0
0.5170595824 0.3710988329 0.1177706611 -0.01598265881 0.1274591966 0.4877310351 -0.00206357029 0.03271776383 0.2521528145 -0.9956548329 -0.03086868795 -0.08785543684 0.01532014996 0.8763027693 -0.4815171332 0.09185176473 -0.4807708193 -0.8720221744 8.019643293e-05 0.1566349792 0
0.5234504131 0.375685596 0.1192263006 -0.01637193277 0.1289255484 0.4871886517 -0.002114616169 0.03311495967 0.2520823857 -0.9954402443 -0.03198447543 -0.08986497278 0.01587089553 0.8734390387 -0.4866747994 0.0940576136 -0.4858819188 -0.8689487478 8.255435696e-05 0.1585709798 0
0.5298412439 0.3802723591 0.1206819401 -0.01676558451 0.1303879579 0.4866401687 -0.002166275224 0.03351189154 0.2520111108 -0.9952179653 -0.03312522335 -0.09189081055 0.01643377116 0.8705502889 -0.491804967 0.09628672105 -0.4909632512 -0.8658429149 8.495742798e-05 0.1605069804 0
0.5362320746 0.3848591223 0.1221375796 -0.01716359954 0.1318463815 0.4860856062 -0.002218546947 0.0339085563 0.2519389907 -0.9949878261 -0.03429111237 -0.09393266482 0.01700885476 0.8676368654 -0.4969074045 0.0985389505 -0.4960145052 -0.862704866 8.740614832e-05 0.1624429809 0
0.5426229054 0.3894458854 0.1235932192 -0.01756596321 0.1333007758 0.4855249847 -0.002271430829 0.03430495081 0.251866026 -0.9947496556 -0.03548231897 -0.09599024808 0.01759622189 0.8646991162 -0.5019818835 0.100814164 -0.5010353714 -0.8595347933 8.990102245e-05 0.1643789815 0
0.5490137361 0.3940326485 0.1250488587 -0.01797266069 0.1347510976 0.4849583248 -0.002324926351 0.03470107193 0.2517922175 -0.9945032816 -0.03669901544 -0.09806327068 0.01819594572 0.8617373921 -0.5070281793 0.1031122221 -0.5060255422 -0.8563328911 9.244255694e-05 0.166314982 0
0.5562034207 0.3991927571 0.1266864531 -0.01843535699 0.136377788 0.4843136406 -0.002385839261 0.03514637751 0.2517081752 -0.9942160895 -0.03809847636 -0.1004135126 0.01888549318 0.8583772347 -0.5126712992 0.1057246686 -0.511602413 -0.8526929491 9.535819022e-05 0.1684929827 0
0.5625942514 0.4037795202 0.1281420926 -0.01885121396 0.137819313 0.4837342186 -0.00244063277 0.0355419073 0.251632576 -0.9939517065 -0.03936989137 -0.1025183725 0.019511707 0.8553657395 -0.5176569761 0.1080708024 -0.5165263433 -0.8494240627 9.800056898e-05 0.1704289832 0
0.5689850822 0.4083662833 0.1295977322 -0.01927135745 0.1392566315 0.4831488241 -0.002496036263 0.03593715392 0.2515561352 -0.9936785752 -0.04066730711 -0.1046377533 0.02015049068 0.8523313812 -0.5226137908 0.1104393363 -0.521418629 -0.8461239663 0.0001006912038 0.1723649838 0
0.5753759129 0.4129530465 0.1310533717 -0.01969577203 0.1406897011 0.4825574786 -0.002552049196 0.03633211426 0.2514788536 -0.9933965188 -0.04199087816 -0.1067713569 0.0208019074 0.8492745205 -0.5275415333 0.1128301251 -0.5262789706 -0.8427928618 0.0001034306093 0.1743009843 0
0.5817667436 0.4175398096 0.1325090112 -0.02012444208 0.1421184793 0.4819602039 -0.002608671022 0.0367267852 0.251400732 -0.9931053599 -0.04334075474 -0.1089188833 0.02146601791 0.8461955205 -0.5324399977 0.1152430225 -0.5311070702 -0.8394309535 0.0001062193017 0.1762369849 0
0.5889564282 0.4226999181 0.1341466057 -0.02061176288 0.1437206728 0.4812812098 -0.002673097701 0.0371704402 0.251311842 -0.9927667036 -0.04489099063 -0.1113511168 0.02222838772 0.8427056369 -0.5379155215 0.1179837744 -0.5364997749 -0.8356122429 0.0001094161392 0.1784149855 0
0.595347259 0.4272866812 0.1356022452 -0.0210494233 0.1451401922 0.4806714086 -0.002731011575 0.03756448581 0.2512319378 -0.9924556082 -0.04629724518 -0.1135272248 0.02291966285 0.8395808064 -0.5427511019 0.1204431598 -0.5412583807 -0.8321855626 0.0001123112889 0.1803509861 0
0.6017380897 0.4318734444 0.1370578847 -0.02149128945 0.1465552891 0.4800557475 -0.002789532588 0.0379582323 0.251151196 -0.9921348497 -0.04773024631 -0.1157163065 0.02362380555 0.8364349851 -0.5475567838 0.1229241873 -0.5459838269 -0.8287287282 0.0001152573504 0.1822869866 0
0.6081289205 0.4364602075 0.1385135242 -0.02193734508 0.1479659218 0.4794342491 -0.002848660169 0.03835167655 0.2510696174 -0.9918042468 -0.04919012597 -0.1179180545 0.02434086624 0.8332685452 -0.5523323762 0.1254267049 -0.5506758239 -0.8252419516 0.0001182548469 0.1842229872 0
0.6145197512 0.4410469706 0.1399691637 -0.02238757383 0.1493720491 0.4788069362 -0.002908393737 0.03874481546 0.2509872028 -0.9914636175 -0.05067701163 -0.1201321596 0.02507089283 0.8300818606 -0.5570776921 0.1279505592 -0.5553340843 -0.8217254463 0.0001213043035 0.1861589878 0
0.6209105819 0.4456337338 0.1414248032 -0.02284195916 0.1507736296 0.4781738318 -0.002968732709 0.03913764593 0.2509039529 -0.9911127789 -0.05219102623 -0.1223583111 0.02581393068 0.8268753071 -0.5617925484 0.1304955957 -0.5599583228 -0.8181794279 0.0001244062466 0.1880949883 0
0.6281002665 0.4507938423 0.1430623977 -0.02335809028 0.1523449217 0.4774546958 -0.003037336963 0.03957920767 0.2508092995 -0.9907056537 -0.0539268675 -0.1248767419 0.02666545398 0.8232446556 -0.5670601297 0.1333838869 -0.5651195715 -0.8141551502 0.0001279593277 0.1902729889 0
0.6344910973 0.4553806054 0.1445180372 -0.02382125277 0.1537367043 0.476809362 -0.003098960448 0.03997137243 0.2507242775 -0.9903325101 -0.05549891862 -0.1271274533 0.02743627969 0.8199971377 -0.5717096682 0.1359734162 -0.5696705752 -0.8105471398 0.0001311745594 0.1922089895 0
0.640881928 0.4599673685 0.1459736767 -0.02428851922 0.1551238125 0.4761583102 -0.003161187471 0.04036321909 0.2506384228 -0.9899485814 -0.05709845357 -0.12938923 0.02822024188 0.8167309378 -0.5763281992 0.1385836361 -0.5741866786 -0.806910301 0.0001344439324 0.1941449901 0
0.6472727587 0.4645541317 0.1474293163 -0.0247598725 0.1565062057 0.475501564 -0.003224017421 0.04075474457 0.2505517364 -0.9895536817 -0.05872557645 -0.1316617552 0.0290173753 0.8134464393 -0.5809155553 0.1412143868 -0.578667605 -0.8032448567 0.0001377679792 0.1960809906 0
0.6536635895 0.4691408948 0.1488849558 -0.02523529531 0.1578838439 0.4748391477 -0.003287449686 0.04114594577 0.250464219 -0.9891476247 -0.06038038673 -0.1339447103 0.02982771208 0.8101440272 -0.585471573 0.143865507 -0.58311308 -0.7995510314 0.0001411472334 0.1980169912 0
0.6608532741 0.4743010033 0.1505225502 -0.02577498864 0.159427953 0.474087182 -0.003359530162 0.04158565568 0.2503647698 -0.9886772415 -0.06227526129 -0.1365251037 0.03075515976 0.8064078829 -0.5905594352 0.146872163 -0.5880715247 -0.7953618356 0.0001450155511 0.2001949918 0
0.6672441048 0.4788877665 0.1519781898 -0.02625900117 0.1607953536 0.4734127974 -0.003424240272 0.04197615759 0.2502754895 -0.9882468541 -0.06398921638 -0.1388291592 0.03159364846 0.8030686905 -0.5950483339 0.1495660277 -0.5924407637 -0.7916084542 0.0001485138998 0.2021309924 0
0.6736349356 0.4834745296 0.1534338293 -0.0267470283 0.1621578745 0.4727328192 -0.003489550735 0.04236632562 0.250185381 -0.9878047237 -0.06573113973 -0.1411426413 0.03244542408 0.799712798 -0.5995054087 0.1522797503 -0.5967737075 -0.7878274048 0.0001520691326 0.2040669929 0
0.6800257663 0.4880612927 0.1548894688 -0.02723905214 0.1635154763 0.4720472724 -0.003555460912 0.0427561567 0.2500944451 -0.9873506615 -0.06750111155 -0.1434652261 0.03331050791 0.7963405969 -0.6039305124 0.1550131646 -0.6010700905 -0.7840189189 0.0001556817886 0.2060029935 0
0.686416597 0.4926480559 0.1563451083 -0.02773505468 0.1648681196 0.4713561819 -0.003621970157 0.04314564777 0.2500026827 -0.9868844788 -0.06929920735 -0.1457965888 0.0341889186 0.7929524798 -0.6083235016 0.1577661031 -0.6053296495 -0.7801832298 0.0001593524082 0.207938994 0
0.6928074278 0.497234819 0.1578007478 -0.02823501775 0.1662157654 0.4706595732 -0.00368907782 0.04353479578 0.2499100948 -0.9864059861 -0.0711254979 -0.1481364036 0.03508067214 0.7895488408 -0.6126842371 0.1605383972 -0.6095521237 -0.7763205727 0.0001630815327 0.2098749946 0
0.6999971124 0.5023949275 0.1594383423 -0.0288021875 0.1677258451 0.469869324 -0.003765288417 0.0439721734 0.2498049477 -0.9858527313 -0.07321385833 -0.1507783908 0.03609986024 0.7857016857 -0.617551343 0.1636801523 -0.6142577571 -0.7719431427 0.0001673474051 0.2120529952 0
0.7063879431 0.5069816906 0.1608939818 -0.02931050579 0.1690627426 0.4691610737 -0.003833665527 0.04436058224 0.2497106085 -0.9853474494 -0.07510027604 -0.153135079 0.03702000825 0.7822663766 -0.6218430952 0.1664930115 -0.6184005697 -0.7680239661 0.0001712026557 0.2139889958 0
0.7127787739 0.5115684538 0.1623496213 -0.02982272696 0.1703945218 0.4684473855 -0.003902638983 0.04474863847 0.2496154465 -0.9848292635 -0.07701507903 -0.1554991941 0.03795353187 0.7788167847 -0.6261021844 0.1693246915 -0.6225054967 -0.7640785662 0.0001751181106 0.2159249964 0
0.7191696046 0.5161552169 0.1638052608 -0.0303388323 0.1717211447 0.4677282854 -0.003972208107 0.04513633904 0.2495194628 -0.9842979828 -0.07895831843 -0.1578704059 0.03890043604 0.7753533089 -0.6303284877 0.172175019 -0.6265722866 -0.7601071849 0.0001790943159 0.2178609969 0
0.7255604353 0.52074198 0.1652609004 -0.03085880292 0.1730425733 0.4670037997 -0.004042372221 0.04552368093 0.2494226582 -0.9837534163 -0.08093004057 -0.1602483836 0.03986072301 0.771876349 -0.6345218866 0.1750438193 -0.6306006901 -0.7561100654 0.0001831318187 0.2197969975 0
0.7327501199 0.5259020886 0.1668984948 -0.03144836643 0.1745229244 0.4661823488 -0.00412201719 0.04595900802 0.2493127731 -0.9831246604 -0.08318232526 -0.1629312829 0.04095704183 0.7679491504 -0.6391999868 0.1782930814 -0.6350864533 -0.7515828457 0.0001877479614 0.2219749981 0
0.7391409507 0.5304888517 0.1683541343 -0.03197648752 0.1758331897 0.4654465069 -0.004193443367 0.0463455776 0.2492142275 -0.9825512267 -0.08521470508 -0.1653225359 0.04194576241 0.7644448685 -0.6433230883 0.1812005514 -0.6390324694 -0.7475318476 0.0001919175424 0.2239109987 0
0.7455317814 0.5350756148 0.1698097738 -0.03250841407 0.1771381433 0.4647053628 -0.004265462366 0.04673177902 0.249114864 -0.9819639094 -0.08727568141 -0.1677195158 0.04294785542 0.7609283578 -0.6474129408 0.1841259413 -0.6429393359 -0.7434558817 0.000196150137 0.2258469992 0
0.7519226121 0.539662378 0.1712654134 -0.03304412664 0.178437748 0.4639589435 -0.004338073483 0.04711760925 0.2490146836 -0.9813625169 -0.08936528068 -0.1701218887 0.04396331195 0.7574000216 -0.6514694425 0.1870690718 -0.6468068134 -0.7393551978 0.0002004462964 0.2277829998 0
0.7583134429 0.5442491411 0.1727210529 -0.0335836057 0.179731967 0.4632072763 -0.004411276007 0.04750306526 0.2489136873 -0.9807468575 -0.09148352449 -0.1725293201 0.04499212037 0.7538602639 -0.6554924955 0.1900297626 -0.650634665 -0.7352300471 0.0002048065727 0.2297190003 0
0.7647042736 0.5488359042 0.1741766924 -0.03412683153 0.1810207637 0.4624503887 -0.004485069222 0.04788814405 0.2488118761 -0.9801167395 -0.09363042961 -0.1749414749 0.04603426633 0.7503094894 -0.6594820061 0.1930078323 -0.654422656 -0.7310806822 0.0002092315188 0.2316550009 0
0.7718939582 0.5539960127 0.1758142869 -0.0347424145 0.1824641331 0.4615926844 -0.004568791749 0.04832090303 0.2486963658 -0.9793903356 -0.0960799717 -0.1776603772 0.04722260171 0.7463022042 -0.6639300008 0.1963787068 -0.6586362115 -0.72638402 0.0002142875738 0.2338330015 0
0.778284789 0.5585827759 0.1772699264 -0.0352935363 0.1837412864 0.4608247951 -0.004643837776 0.04870517022 0.2485928262 -0.9787288568 -0.09828781553 -0.1800814545 0.04829302988 0.7427293652 -0.6678479418 0.1993930997 -0.6623387316 -0.7221840461 0.0002188517838 0.2357690021 0
0.7846756197 0.563169539 0.1787255659 -0.03584834252 0.1850129042 0.4600517723 -0.004719472217 0.04908905078 0.248488475 -0.9780523206 -0.1005243417 -0.1825062051 0.04937673319 0.7391467774 -0.6717320743 0.2024242979 -0.6660006743 -0.7179606573 0.0002234823976 0.2377050026 0
0.7910664504 0.5677563021 0.1801812054 -0.03640681295 0.1862789507 0.459273644 -0.004795694332 0.04947254171 0.248383313 -0.9773605357 -0.1027895469 -0.184934292 0.05047368605 0.7355548476 -0.6755823216 0.2054721157 -0.6696218151 -0.7137141125 0.0002281799719 0.2396410032 0
0.7974572812 0.5723430653 0.1816368449 -0.03696892724 0.1875393904 0.4584904387 -0.004872503375 0.04985564003 0.2482773412 -0.9766533107 -0.105083423 -0.1873653782 0.05158386015 0.7319539826 -0.6793986111 0.2085363664 -0.6732019323 -0.7094446717 0.000232945064 0.2415770038 0
0.8038481119 0.5769298284 0.1830924845 -0.03753466491 0.188794188 0.4577021848 -0.004949898594 0.05023834274 0.2481705609 -0.9759304545 -0.1074059568 -0.1897991263 0.05270722442 0.7283445897 -0.6831808744 0.2116168622 -0.6767408064 -0.7051525966 0.0002377782323 0.2435130043 0
0.8110377965 0.5820899369 0.1847300789 -0.03817542522 0.1901990475 0.4568094004 -0.005037667935 0.05066840669 0.2480494676 -0.9750983196 -0.1100530399 -0.1925398541 0.05398673343 0.7242743366 -0.6873951687 0.2151016031 -0.6806724717 -0.7002972844 0.000243297615 0.2456910049 0
0.8174286272 0.5866767001 0.1861857184 -0.03874879404 0.1914417395 0.4560105139 -0.005116306256 0.05105025882 0.2479409723 -0.9743416139 -0.112436406 -0.1949781374 0.05513801125 0.720648175 -0.6911049179 0.218215992 -0.6841229878 -0.6959579861 0.0002482773022 0.2476270055 0
0.823819458 0.5912634632 0.1876413579 -0.03932572146 0.1926786806 0.4552066692 -0.005195528366 0.05143170603 0.2478316716 -0.9735686814 -0.1148483576 -0.197418027 0.0563023646 0.7170147593 -0.6947804536 0.2213460331 -0.6875315918 -0.6915968796 0.0002533268152 0.2495630061 0
0.8302102887 0.5958502263 0.1890969975 -0.03990618649 0.1939098364 0.4543978954 -0.005275333491 0.05181274535 0.2477215666 -0.9727793322 -0.1172888616 -0.199859185 0.05747975117 0.713374497 -0.6984217245 0.2244915346 -0.6908980749 -0.6872142322 0.0002584467153 0.2514990066 0
0.8366011195 0.6004369895 0.190552637 -0.04049016804 0.1951351729 0.453584222 -0.005355720849 0.0521933738 0.2476106584 -0.9719733767 -0.11975788 -0.2023012735 0.05867012592 0.7097277959 -0.7020286832 0.2276523037 -0.6942222309 -0.6828103124 0.0002636375648 0.2534350072 0
0.8437908041 0.605597098 0.1921902314 -0.04115132418 0.1965066783 0.4526630196 -0.005446851598 0.05262108601 0.2474849279 -0.9710465914 -0.1225695556 -0.2050493145 0.06002476287 0.7056180681 -0.7060454446 0.2312261775 -0.6979110588 -0.6778308114 0.000269562778 0.2556130078 0
0.8501816348 0.6101838611 0.193645871 -0.04174270769 0.1977195365 0.4518390329 -0.005528473583 0.05300083155 0.2473723164 -0.9702047198 -0.1250990184 -0.2074922585 0.06124257551 0.7019590374 -0.709579352 0.2344187464 -0.7011445967 -0.6733825851 0.0002749062648 0.2575490084 0
0.8565724655 0.6147706242 0.1951015105 -0.04233754098 0.1989264703 0.4510102395 -0.005610675324 0.05338015698 0.2472589051 -0.969345652 -0.1276568452 -0.2099350774 0.06247321803 0.6982948407 -0.7130788263 0.2376259748 -0.7043351797 -0.6689139337 0.0002803224622 0.2594850089 0
0.8629632963 0.6193573874 0.19655715 -0.04293580246 0.2001274465 0.4501766696 -0.005693456016 0.05375905935 0.2471446951 -0.9684692005 -0.1302429779 -0.212377434 0.06371663416 0.6946258848 -0.7165438372 0.2408476662 -0.7074826124 -0.6644251311 0.0002858119354 0.2614210095 0
0.869354127 0.6239441505 0.1980127895 -0.04353747042 0.2013224324 0.4493383534 -0.00577681485 0.05413753573 0.2470296875 -0.9675751778 -0.1328573535 -0.214818991 0.06497276494 0.6909525763 -0.7199743587 0.2440836232 -0.7105867019 -0.6599164522 0.0002913752502 0.2633570101 0
0.8757449578 0.6285309136 0.199468429 -0.04414252301 0.2025113953 0.4484953212 -0.005860751009 0.05451558316 0.2469138835 -0.9666633975 -0.1354999043 -0.2172594116 0.06624154867 0.687275321 -0.7233703687 0.2473336476 -0.7136472581 -0.6553881733 0.0002970129728 0.2652930106 0
0.8829346423 0.6336910222 0.2011060235 -0.04482722556 0.2038417388 0.4475413112 -0.00595586825 0.05494037016 0.2467826534 -0.965616187 -0.1385063612 -0.2200031076 0.06768397434 0.6831341963 -0.727149606 0.251006492 -0.7170381146 -0.6502707768 0.0003034450575 0.2674710112 0
0.8893254731 0.6382777853 0.202561663 -0.04543939752 0.2050177955 0.4466883595 -0.006041028492 0.05531749637 0.2466651606 -0.9646660547 -0.1412085367 -0.2224399966 0.06897942848 0.6794499002 -0.730472225 0.2542857475 -0.7200055432 -0.6457017704 0.0003092427805 0.2694070118 0
0.8957163038 0.6428645484 0.2040173025 -0.04605488516 0.2061877288 0.445830788 -0.006126763474 0.05569418448 0.246546875 -0.9636975855 -0.1439386441 -0.2248746992 0.07028732544 0.6757629229 -0.7337602905 0.2575784453 -0.7229288615 -0.6411140348 0.0003151166854 0.2713430124 0
0.9021071346 0.6474513116 0.205472942 -0.04667366621 0.207351507 0.4449686277 -0.006213072357 0.05607043158 0.2464277976 -0.9627105957 -0.1466965956 -0.2273068803 0.07160759242 0.6720736679 -0.7370137974 0.2608843838 -0.7258078904 -0.6365078511 0.0003210673413 0.2732790129 0
0.9084979653 0.6520380747 0.2069285816 -0.04729571823 0.2085090988 0.4441019099 -0.006299954296 0.05644623476 0.2463079297 -0.9617049019 -0.1494822988 -0.2297362054 0.07294015396 0.6683825383 -0.7402327448 0.2642033604 -0.7286424534 -0.6318835015 0.0003270953177 0.2752150135 0
0.9156876499 0.6571981832 0.208566176 -0.04799940857 0.2098039562 0.4431214438 -0.006398380401 0.05686847907 0.2461721348 -0.9605509123 -0.1526492652 -0.2324653665 0.07445388411 0.6642282772 -0.7438127553 0.2679525405 -0.7317779701 -0.626659747 0.0003339699232 0.2773930141 0
0.9220784806 0.6617849463 0.2100218155 -0.04862833654 0.2109482989 0.4422451456 -0.006486477256 0.05724332925 0.2460505908 -0.9595048683 -0.1554936113 -0.2348875147 0.0758123088 0.6605344979 -0.7469582792 0.2712985469 -0.7345174701 -0.6219977368 0.0003401640995 0.2793290147 0
