0.006317828489 0.005226423618 0.001389543198 -2.806660648e-06 0.001611037239 0.5099966072 -3.516147934e-07 0.0004011800955 0.2549995793 -0.9999999999 -6.795090767e-08 -1.634508124e-05 3.479838789e-08 0.9999802418 -0.006286169611 1.634518544e-05 -0.00628616961 -0.9999802417 3.298642993e-08 0.001848092453 0
0.01315503655 0.01088250398 0.002893318738 -1.216840035e-05 0.003354452837 0.5099852905 -1.533276014e-06 0.0008369574349 0.2549981652 -0.9999999975 -6.175513783e-07 -7.08627391e-05 3.099978248e-07 0.9999143402 -0.01308863184 7.086475191e-05 -0.01308863182 -0.9999143377 7.260309049e-08 0.003848113922 0
0.01923255482 0.01591013097 0.004230008107 -2.600854941e-05 0.00490404686 0.5099685602 -3.288500241e-06 0.001225036097 0.2549960645 -0.9999999885 -1.931188099e-06 -0.000151454361 9.671575717e-07 0.9998169201 -0.01913442491 0.0001514635849 -0.01913442484 -0.9998169087 6.50459931e-08 0.005625910783 0
0.02531007309 0.02093775797 0.005566697476 -4.504214562e-05 0.006453488337 0.509945552 -5.706836428e-06 0.001613250349 0.2549931703 -0.9999999656 -4.402261868e-06 -0.0002622762 2.202996735e-06 0.9996829577 -0.02517903959 0.0002623038921 -0.0251790393 -0.9996829233 2.039451622e-08 0.007403707643 0
0.03214728115 0.02659383833 0.007070473016 -7.266184147e-05 0.008196367652 0.5099121646 -9.218914058e-06 0.002049960221 0.2549889669 -0.9999999105 -9.020711694e-06 -0.0004230665772 4.512453882e-06 0.9994885935 -0.03197735924 0.0004231386767 -0.03197735829 -0.9994885039 7.024017186e-08 0.009403729112 0
0.03822479942 0.03162146532 0.008407162385 -0.0001027289125 0.009745324961 0.5098758188 -1.304361194e-05 0.002438082715 0.2549843894 -0.999999821 -1.516434877e-05 -0.0005980729876 7.58429484e-06 0.9992770456 -0.03801823456 0.0005982171299 -0.03801823229 -0.9992768666 1.759843469e-07 0.01118152597 0
0.0443023177 0.03664909232 0.009743851754 -0.000137986567 0.01129397915 0.5098331985 -1.752946424e-05 0.002826143309 0.2549790206 -0.9999996771 -2.360643573e-05 -0.0008032494487 1.180506496e-05 0.9990290291 -0.04405676938 0.0008035095401 -0.04405676463 -0.9990287062 3.05455897e-07 0.01295932283 0
0.05113952576 0.04230517268 0.01124762729 -0.0001838541514 0.01303579281 0.5097777526 -2.336608162e-05 0.003262642992 0.2549720351 -0.9999994268 -3.63048466e-05 -0.001070101035 1.815340426e-05 0.9987064616 -0.05084686114 0.001070562806 -0.05084685142 -0.9987058884 4.777789195e-07 0.0149593443 0
0.05721704403 0.04733279967 0.01258431666 -0.0002301371849 0.01458364297 0.5097218046 -2.925628301e-05 0.00365058634 0.2549649856 -0.9999991019 -5.084046857e-05 -0.001339292033 2.541970762e-05 0.9983810681 -0.05687919006 0.001340015575 -0.05687917302 -0.9983801701 6.539408362e-07 0.01673714116 0
0.0632945623 0.05236042666 0.01392100603 -0.0002816060464 0.01613103955 0.5096595877 -3.580716704e-05 0.004038479374 0.2549571452 -0.9999986552 -6.881166509e-05 -0.001638553242 3.440281377e-05 0.9980193284 -0.0629080195 0.001639636612 -0.06290799127 -0.9980179839 8.514004023e-07 0.01851493802 0
0.07013177036 0.05801650703 0.01542478157 -0.000345704801 0.01787125864 0.5095821036 -4.396651375e-05 0.004474800421 0.2549473798 -0.9999979733 -9.358748031e-05 -0.00201111506 4.678630671e-05 0.997568988 -0.06968580898 0.002012747735 -0.06968576184 -0.9975669619 1.098825028e-06 0.02051495949 0
0.07620928863 0.06304413402 0.01676147094 -0.0004081869276 0.01941753165 0.5095065737 -5.192103337e-05 0.00486258942 0.2549378596 -0.9999971745 -0.0001200628752 -0.002374136613 6.001817809e-05 0.997130183 -0.07570597422 0.002376412752 -0.07570590281 -0.9971273584 1.341191361e-06 0.02229275635 0
0.08228680691 0.06807176101 0.01809816031 -0.0004758482369 0.02096320082 0.509424783 -6.053594392e-05 0.005250328872 0.254927549 -0.9999961602 -0.0001511051572 -0.002767089017 7.55311742e-05 0.9966552027 -0.08172148561 0.002770182203 -0.08172138082 -0.9966513643 1.604703021e-06 0.02407055321 0
0.08912401496 0.07372784138 0.01960193585 -0.0005581548 0.02270129704 0.5093252888 -7.101697422e-05 0.00568647498 0.2549150049 -0.999994717 -0.0001919353882 -0.003244871156 9.593360661e-05 0.99607769 -0.08848291474 0.003249126768 -0.08848275858 -0.9960724093 1.92652455e-06 0.02607057468 0
0.09520153324 0.07875546837 0.02093862522 -0.0006368132477 0.02424552357 0.5092302046 -8.103489732e-05 0.006074104537 0.2549030151 -0.999993123 -0.0002338781444 -0.003701245941 0.0001168898082 0.9955260587 -0.09448731514 0.003706785302 -0.09448709799 -0.9955191852 2.235261104e-06 0.02784837154 0
0.1012790515 0.08378309536 0.02227531459 -0.000720642346 0.02578899622 0.5091288699 -9.171290237e-05 0.006461679438 0.2548902353 -0.9999911933 -0.0002815113736 -0.004187372907 0.0001406867351 0.9949384712 -0.1004859135 0.004194466326 -0.1004856177 -0.9949296694 2.565477092e-06 0.0296261684 0
0.1081162596 0.08943917573 0.02377909013 -0.0008211267225 0.02752444214 0.509007402 -0.0001045145261 0.006897633089 0.2548749139 -0.9999885661 -0.0003423458692 -0.004769747272 0.0001710752953 0.9942345562 -0.1072269459 0.004778956265 -0.1072265358 -0.9942231297 2.962838425e-06 0.03162618987 0
0.1141937778 0.09446680272 0.0251157795 -0.0009159328268 0.02906615365 0.508892798 -0.0001165948358 0.007285084237 0.2548604558 -0.9999857734 -0.000403257405 -0.005318875402 0.0002014985986 0.993570834 -0.1132120012 0.005330333047 -0.1132114623 -0.9935566176 3.339233921e-06 0.03340398673 0
0.1202712961 0.09949442971 0.02645246887 -0.001015899167 0.03060696157 0.5087719563 -0.0001293348668 0.007672473241 0.2548452081 -0.9999824985 -0.000470973371 -0.005897538008 0.0002353163447 0.9928714224 -0.1191901139 0.005911632321 -0.1191894157 -0.9928539348 3.737646969e-06 0.03518178359 0
0.1263488144 0.1045220567 0.02778915824 -0.001121022012 0.03214681805 0.5086448812 -0.0001427344916 0.00805979745 0.2548291709 -0.999978689 -0.0005458478911 -0.006505657234 0.0002727042923 0.9921364168 -0.1251609211 0.006522818282 -0.1251600279 -0.9921151245 4.158279552e-06 0.03695958045 0
0.1331860224 0.1101781371 0.02929293378 -0.001245443957 0.03387795983 0.5084944769 -0.0001585973228 0.008495456332 0.2548101857 -0.9999736959 -0.0006390777665 -0.007224899213 0.0003192511053 0.9912671146 -0.1318688958 0.007246079475 -0.1318677336 -0.9912408361 4.658317901e-06 0.03895960192 0
0.1392635407 0.1152057641 0.03062962315 -0.001361511115 0.03541563588 0.5083541721 -0.0001733981311 0.008882633706 0.2547924716 -0.9999685646 -0.0007303342737 -0.007895337219 0.0003648057961 0.9904568107 -0.1378229775 0.007920647365 -0.1378215252 -0.9904254089 5.126893387e-06 0.04073739878 0
0.145341059 0.1202333911 0.03196631251 -0.001482721884 0.03695221126 0.5082076496 -0.000188858093 0.009269737553 0.2547739686 -0.9999627183 -0.0008298476967 -0.008594963129 0.0004144748782 0.9896112421 -0.1437686255 0.008624978201 -0.143766828 -0.9895740038 5.618396507e-06 0.04251519564 0
0.1521782671 0.1258894714 0.03347008806 -0.001625226585 0.03867948361 0.5080353864 -0.0002070382529 0.009705137894 0.2547522099 -0.9999552076 -0.0009521038975 -0.009416813662 0.0004754851916 0.9886179689 -0.1504469522 0.009452872326 -0.1504446909 -0.9885732336 6.199053864e-06 0.04451521711 0
0.1582557853 0.1309170984 0.03480677742 -0.001757352277 0.04021356191 0.5078756697 -0.0002238983971 0.01009207586 0.2547320311 -0.9999476285 -0.001070318908 -0.01017814667 0.0005344686137 0.9876978517 -0.1563734893 0.0102203031 -0.1563707397 -0.9876455524 6.740118298e-06 0.04629301397 0
0.1643333036 0.1359447254 0.03614346679 -0.001894606816 0.04174639078 0.507709753 -0.0002414171924 0.01047893116 0.254711064 -0.9999391282 -0.001197875219 -0.01096836069 0.00059810208 0.9867428458 -0.1622904758 0.01101735518 -0.1622871571 -0.9866820646 7.304922662e-06 0.04807081083 0
0.1711705117 0.1416008058 0.03764724233 -0.002055142364 0.04346927064 0.5075156937 -0.0002619129138 0.01091404086 0.254686534 -0.9999283754 -0.001352969787 -0.01189174093 0.0006754588962 0.9856269236 -0.1689352281 0.01194938428 -0.1689311606 -0.9855554146 7.96905342e-06 0.0500708323 0
0.1772480299 0.1466284328 0.0389839317 -0.002203278467 0.04499928679 0.5073366232 -0.0002808307562 0.01130071061 0.2546638925 -0.9999176777 -0.001501515628 -0.01274296972 0.0007495349625 0.9845982172 -0.1748307434 0.01280921636 -0.1748259023 -0.9845160374 8.585247046e-06 0.05184862916 0
0.1833255482 0.1516560597 0.04032062107 -0.002356526785 0.04652790523 0.5071513729 -0.0003004066838 0.01168728834 0.2546404633 -0.9999058275 -0.001660471338 -0.01362273492 0.000828787067 0.9835350444 -0.180715604 0.01369851028 -0.1807098759 -0.9834410463 9.226086927e-06 0.05362642603 0
0.1901627563 0.1573121401 0.04182439661 -0.002535034715 0.04824587134 0.5069355881 -0.0003232159775 0.01212207453 0.2546131643 -0.9998910198 -0.001852160718 -0.01464643345 0.0009243394339 0.9822979572 -0.1873229 0.01473411378 -0.1873160238 -0.9821891942 9.976876428e-06 0.05562644749 0
0.1962402745 0.1623397671 0.04316108598 -0.002699127282 0.04977136257 0.506737229 -0.0003441896823 0.01250844669 0.2545880623 -0.9998764545 -0.002034358358 -0.01558644152 0.001015140695 0.9811620295 -0.1931839574 0.01568582999 -0.1931759128 -0.9810387461 1.067112524e-05 0.05740424435 0
0.2023177928 0.1673673941 0.04449777535 -0.002868313576 0.05129530838 0.5065327125 -0.000365820843 0.01289471736 0.2545621733 -0.9998604808 -0.00222801681 -0.01655460422 0.001111633224 0.9799921029 -0.1990332699 0.01666683087 -0.1990239036 -0.9798528984 1.139101343e-05 0.05918204122 0
0.2091550009 0.1730234745 0.04600155089 -0.003064728893 0.05300784146 0.5062952809 -0.0003909414963 0.01332914676 0.254532108 -0.9998407184 -0.002459995475 -0.01767727891 0.00122719235 0.9786354945 -0.2055992773 0.01780538588 -0.2055882226 -0.978476597 1.223195225e-05 0.06118206268 0
0.2152325191 0.1780511015 0.04733824026 -0.003244718181 0.05452834683 0.5060777054 -0.0004139690294 0.01371519165 0.2545045479 -0.9998214598 -0.002679108895 -0.01870483415 0.001336316558 0.9773938544 -0.2114224863 0.01884841381 -0.2114097345 -0.9772157702 1.300744677e-05 0.06295985954 0
0.2213100374 0.1830787284 0.04867492963 -0.003429780859 0.05604715969 0.5058539971 -0.0004376533254 0.01410112552 0.2544762017 -0.9998005127 -0.002910714654 -0.01976012563 0.001451635414 0.9761187276 -0.2172328757 0.0199205316 -0.217218225 -0.9759197791 1.38096544e-05 0.06473765641 0
0.2273875557 0.1881063554 0.050011619 -0.003619910029 0.05756423313 0.5056241644 -0.0004619941493 0.0144869453 0.2544470697 -0.9997777823 -0.003155138454 -0.02084301185 0.001573307318 0.9748102876 -0.2230301052 0.02102167323 -0.2230133364 -0.9745887035 1.463893484e-05 0.06651545327 0
0.2342247637 0.1937624358 0.05151539454 -0.003839852557 0.05926880325 0.5053582925 -0.0004901620309 0.01492085236 0.2544133574 -0.999749958 -0.003445839473 -0.02209406227 0.001717977575 0.9732986943 -0.2295358366 0.02229506561 -0.2295164001 -0.9730494089 1.560469327e-05 0.06851547473 0
0.240302282 0.1987900628 0.05285208391 -0.004040724264 0.06078202494 0.5051154738 -0.0005158971658 0.01530641953 0.2543825566 -0.9997231128 -0.003718572815 -0.02323510075 0.001853669414 0.9719200591 -0.2353039793 0.02345765548 -0.2352818968 -0.9716440539 1.649273169e-05 0.0702932716 0
0.2463798003 0.2038176898 0.05418877328 -0.004246639697 0.06229336103 0.5048665582 -0.0005422880518 0.01569186303 0.2543509711 -0.999694173 -0.004005127422 -0.02440326825 0.001996200405 0.9705086806 -0.24105791 0.02464905132 -0.2410329018 -0.9702038778 1.740901446e-05 0.07207106846 0
0.2532170083 0.2094737702 0.05569254882 -0.004484313828 0.06399130222 0.5045792519 -0.0005727612994 0.01612533531 0.2543144996 -0.9996589816 -0.004344415652 -0.02574968939 0.00216491262 0.9688819801 -0.2475136802 0.02602371235 -0.2474850193 -0.9685421682 1.847407858e-05 0.07407108992 0
0.2592945266 0.2145013971 0.05702923818 -0.004700921475 0.06549847675 0.5043174113 -0.0006005447782 0.0165105058 0.2542812473 -0.9996252407 -0.004661387154 -0.02697498211 0.002322481567 0.9674016634 -0.2532363082 0.02727607503 -0.2532040544 -0.9670282946 1.945168217e-05 0.07584888679 0
0.2653720449 0.2195290241 0.05836592755 -0.004922548253 0.06700362028 0.5040495035 -0.0006289831677 0.01689554303 0.2542472112 -0.9995890707 -0.004993159716 -0.02822690308 0.002487361473 0.9658892162 -0.2589436909 0.0285570085 -0.2589074939 -0.9654798842 2.045876948e-05 0.07762668365 0
0.272209253 0.2251851045 0.05986970309 -0.005177867526 0.06869442136 0.5037408673 -0.0006617588272 0.01732854677 0.2542079841 -0.9995453368 -0.005384479526 -0.02966693456 0.002681774208 0.9641495624 -0.2653458674 0.03003211137 -0.2653047844 -0.9636967592 2.162749582e-05 0.07962670511 0
0.2782867712 0.2302127315 0.06120639246 -0.005410132322 0.07019509521 0.5034600999 -0.0006915879565 0.01771329059 0.2541722835 -0.9995036313 -0.005748724769 -0.03097488004 0.002862678629 0.9625695237 -0.2710197727 0.03137349361 -0.2709739181 -0.9620752775 2.269860544e-05 0.08140450198 0
0.2843642895 0.2352403585 0.06254308183 -0.005647389839 0.07169359348 0.5031732973 -0.0007220710928 0.01809789152 0.2541358001 -0.99945914 -0.00612872577 -0.03230891875 0.00305135051 0.9609580088 -0.2766774196 0.03274319426 -0.2766263617 -0.9604195642 2.380050088e-05 0.08318229884 0
0.2912014976 0.2408964389 0.06404685737 -0.005920261402 0.07337674616 0.5028434435 -0.0007571459869 0.01853039296 0.2540938212 -0.9994056094 -0.0065754333 -0.03384067969 0.003273068508 0.9591077026 -0.2830224404 0.03431785174 -0.2829649774 -0.9585160962 2.50774664e-05 0.0851823203 0
0.2972790158 0.2459240658 0.06538354674 -0.00616809889 0.07487046843 0.5025438514 -0.0007890178752 0.01891468007 0.2540556758 -0.9993548011 -0.006989907695 -0.0352295702 0.003478717874 0.9574300304 -0.2886444793 0.03574744674 -0.2885807999 -0.9567879817 2.624621356e-05 0.08696011717 0
0.3033565341 0.2509516928 0.06672023611 -0.006420900882 0.07636187141 0.5022382582 -0.0008215428033 0.0192988147 0.2540167487 -0.9993008286 -0.00742106582 -0.03664398544 0.003692574898 0.9557215773 -0.2942492679 0.03720509074 -0.2941788479 -0.9550259613 2.744710635e-05 0.08873791403 0
0.3101937422 0.2566077732 0.06822401165 -0.006711225533 0.07803687049 0.5018873067 -0.0008589135319 0.01973078007 0.253972022 -0.9992361708 -0.007926423254 -0.03826547733 0.003943145608 0.9537630623 -0.3005336464 0.03887835572 -0.3004549764 -0.9530032952 2.883709104e-05 0.0907379355 0
0.3162712604 0.2616354002 0.06956070102 -0.006974545626 0.07952319309 0.5015689989 -0.0008928250897 0.02011458047 0.2539314354 -0.9991750546 -0.008393996995 -0.03973350146 0.004174897425 0.9519899712 -0.3061007431 0.04039530363 -0.30601411 -0.9511695874 3.010778257e-05 0.09251573236 0
0.3223487787 0.2666630272 0.07089739039 -0.00724280021 0.08100705363 0.5012447262 -0.0009273886569 0.02049821878 0.2538900684 -0.9991103745 -0.008879154126 -0.04122644921 0.004415279842 0.950186834 -0.3116496203 0.04194001426 -0.3115543952 -0.9493023196 3.141203257e-05 0.09429352922 0
0.3291859868 0.2723191075 0.07240116593 -0.007550472444 0.08267339721 0.5008728045 -0.0009670515977 0.02092961433 0.2538425983 -0.999033185 -0.00944632412 -0.04293555893 0.004696190035 0.948122693 -0.3178699495 0.04371088033 -0.3177642617 -0.947161672 3.292000278e-05 0.09629355069 0
0.335263505 0.2773467345 0.0737378553 -0.007829179459 0.08415187504 0.5005358967 -0.001002999538 0.02131289804 0.2537995744 -0.9989604905 -0.009969777277 -0.04448080435 0.004955346877 0.9462565201 -0.3233791005 0.04531426874 -0.3232633627 -0.9452234738 3.429710633e-05 0.09807134755 0
0.3413410233 0.2823743615 0.07507454467 -0.008112789175 0.08562774904 0.5001930623 -0.001039598394 0.02169601007 0.2537557715 -0.9988838124 -0.01051168363 -0.0460503406 0.005223539064 0.9443610742 -0.3288690868 0.04694511691 -0.3287425529 -0.9432520818 3.570922966e-05 0.09984914441 0
0.3474185416 0.2874019885 0.07641123404 -0.008401291043 0.08710097408 0.4998443142 -0.001076847802 0.02207894736 0.25371119 -0.9988030121 -0.01107231497 -0.04764395866 0.005500892127 0.9424366104 -0.3343396111 0.04860332438 -0.334201495 -0.9412476176 3.715684995e-05 0.1016269413 0
0.3542557496 0.2930580689 0.07791500958 -0.008731689932 0.08875512984 0.49944492 -0.00111953054 0.02250953914 0.2536601057 -0.9987070096 -0.01172574165 -0.0494653 0.005824018179 0.940237226 -0.3404703212 0.05050138348 -0.3403181832 -0.9389532174 3.88284525e-05 0.1036269627 0
0.3603332679 0.2980856959 0.07925169895 -0.009030551781 0.09022257643 0.4990836485 -0.001158161137 0.02289209495 0.2536138711 -0.998616981 -0.01232705106 -0.05110938369 0.006121245797 0.9382519642 -0.345898514 0.05221738828 -0.3457329829 -0.936878887 4.035310808e-05 0.1054047596 0
0.3664107862 0.3031133229 0.08058838831 -0.009334271662 0.09168723368 0.4987165045 -0.001197441111 0.02327446646 0.2535668592 -0.9985223848 -0.01294791359 -0.05277687605 0.006428013647 0.9362385065 -0.351306333 0.05396042765 -0.3511264879 -0.9347718768 4.19147795e-05 0.1071825565 0
0.3732479942 0.3087694032 0.08209216385 -0.00968174933 0.09333158333 0.498296465 -0.001242406802 0.02370441028 0.2535130425 -0.9984103219 -0.01367007716 -0.05468050953 0.006784676833 0.9339400006 -0.35736542 0.05595352797 -0.3571683136 -0.9323625896 4.37165212e-05 0.1091825779 0
0.3793255125 0.3137970302 0.08342885322 -0.009995754822 0.09479016502 0.4979168875 -0.001283065396 0.02408637998 0.2534643807 -0.9983055309 -0.01433334254 -0.05639700563 0.007112104068 0.9318675293 -0.3627289977 0.05775365727 -0.362515466 -0.9301865684 4.535849795e-05 0.1109603748 0
0.3854030308 0.3188246572 0.08476554259 -0.01031458248 0.09624581814 0.4975314808 -0.001324372126 0.02446815581 0.2534149432 -0.9981957084 -0.01501695591 -0.05813620789 0.007449430656 0.9297677194 -0.3680713163 0.05958048016 -0.36784029 -0.9279782796 4.703904852e-05 0.1127381716 0
0.3922402388 0.3244807376 0.08626931813 -0.01067901282 0.09787987215 0.4970909485 -0.001371616412 0.02489741809 0.2533583993 -0.9980659544 -0.01581065073 -0.06011966384 0.007840893397 0.9273731059 -0.374055668 0.06166742291 -0.3738036192 -0.9254555544 4.89764061e-05 0.1147381931 0
0.3983177571 0.3295083646 0.0876060075 -0.01100804803 0.09932915506 0.4966932027 -0.001414299063 0.02527877183 0.253307315 -0.9979449325 -0.01653831964 -0.06190634665 0.008199620312 0.9252161408 -0.3793518933 0.063550594 -0.3790799081 -0.9231791512 5.074061117e-05 0.11651599 0
0.4043952754 0.3345359916 0.08894269687 -0.01134186779 0.1007753713 0.4962896733 -0.001457628547 0.02565992217 0.2532554565 -0.9978183975 -0.01728709682 -0.06371500476 0.008568584637 0.9230327286 -0.3846260019 0.06546010163 -0.3843328483 -0.9208709121 5.254498348e-05 0.1182937868 0
0.4112324835 0.3401920719 0.09044647241 -0.01172311863 0.1023986443 0.4958288079 -0.001507146849 0.02608846938 0.253196191 -0.9976692596 -0.01815499556 -0.06577571396 0.008996035316 0.9205451411 -0.3905326038 0.06763963158 -0.3902140943 -0.9182362663 5.462355838e-05 0.1202938083 0
0.4173100017 0.3452196989 0.09178316178 -0.0120670642 0.1038381983 0.4954130381 -0.001551849418 0.02646917738 0.2531426892 -0.997530484 -0.01894940602 -0.0676302704 0.009387095307 0.9183065028 -0.3957588272 0.0696047118 -0.3954163462 -0.9158608504 5.651500609e-05 0.1220716052 0
0.42338752 0.3502473259 0.09311985115 -0.01241575503 0.1052745488 0.4949915322 -0.001597197456 0.02684967246 0.2530884147 -0.9973856972 -0.01976564911 -0.06950604409 0.009788708915 0.9160423415 -0.4009621052 0.07159575565 -0.4005942432 -0.9134540492 5.844824658e-05 0.123849402 0
0.4302247281 0.3559034063 0.09462362669 -0.01281368813 0.1068865598 0.4945105009 -0.001648984975 0.02727747114 0.2530264333 -0.9972154239 -0.02071029818 -0.07164134167 0.01025325909 0.9134650284 -0.4067880437 0.07386656189 -0.4063898687 -0.9107090675 6.067375318e-05 0.1258494235 0
0.4363022463 0.3609310333 0.09596031606 -0.01317241941 0.1083159587 0.4940768578 -0.001695703131 0.02765750369 0.252970519 -0.9970573207 -0.02157367459 -0.07356137485 0.01067761646 0.9111476383 -0.4119417068 0.0759123693 -0.4115149546 -0.9082360675 6.26975549e-05 0.1276272204 0
0.4423797646 0.3659586603 0.09729700543 -0.01353585492 0.1097420185 0.493637528 -0.001743065327 0.02803731382 0.252913834 -0.9968926921 -0.02245957082 -0.07550184117 0.01111282105 0.9088056802 -0.4170716256 0.07798375183 -0.4166146941 -0.905732152 6.4764804e-05 0.1294050172 0
0.4484572829 0.3709862873 0.0986336948 -0.01390398118 0.1111646962 0.493192528 -0.001791071095 0.0284168985 0.2528563786 -0.9967213707 -0.02336819872 -0.0774624844 0.01155896192 0.9064394662 -0.4221775508 0.08008058191 -0.4216887731 -0.9031974751 6.687603562e-05 0.1311828141 0
0.4552944909 0.3766423676 0.1001374703 -0.01432371312 0.1127611126 0.4926851458 -0.001845846258 0.02884365802 0.2527908213 -0.9965204232 -0.02441783524 -0.07969200348 0.01207405046 0.9037488745 -0.4278927308 0.08246977265 -0.4273660505 -0.9003093888 6.930441369e-05 0.1331828355 0
0.4613720092 0.3816699946 0.1014741597 -0.01470176167 0.1141764609 0.4922281515 -0.001895218023 0.02922275357 0.2527317311 -0.9963343158 -0.02537545317 -0.08169466047 0.0125437156 0.9013321664 -0.432946857 0.084620248 -0.4323845651 -0.8977098649 7.151089674e-05 0.1349606324 0
0.4674495275 0.3866976216 0.1028108491 -0.01508445774 0.1155882935 0.4917655391 -0.001945231849 0.02960161421 0.2526718724 -0.996140982 -0.02635643906 -0.08371667767 0.01302457969 0.8988921965 -0.4379762315 0.08679576214 -0.4373764479 -0.8950800738 7.376305099e-05 0.1367384293 0
0.4742867355 0.392353702 0.1043146246 -0.01552052838 0.1171723496 0.4912384063 -0.002002264248 0.03002754787 0.2526036135 -0.9959146275 -0.02748822313 -0.08601425685 0.01357903628 0.8961198287 -0.4436043984 0.0892729778 -0.4429600999 -0.8920855818 7.635199495e-05 0.1387384507 0
0.4803642538 0.397381329 0.105651314 -0.01591305311 0.1185765701 0.4907639128 -0.002053640797 0.03040589929 0.2525421237 -0.9957053595 -0.02851950906 -0.08807652734 0.01408395726 0.8936315067 -0.4485803968 0.09150125252 -0.4478943713 -0.8893920131 7.870301396e-05 0.1405162476 0
0.4864417721 0.402408956 0.1069880034 -0.01631018047 0.1199771424 0.4902838556 -0.002105657834 0.03078400635 0.2524798674 -0.9954883182 -0.02957475937 -0.0901573181 0.01460031566 0.8911209445 -0.4535309174 0.09375414221 -0.4528010555 -0.8866686895 8.110141575e-05 0.1422940445 0
0.4932789801 0.4080650363 0.1084917789 -0.016762432 0.1215483732 0.4897371629 -0.002164941942 0.03120908096 0.2524089135 -0.9952346337 -0.03079078766 -0.09252000459 0.01519497858 0.8882703922 -0.4590695186 0.09631789283 -0.4582877237 -0.8835695931 8.38569426e-05 0.1442940659 0
0.4993564984 0.4130926633 0.1098284683 -0.01716929089 0.1229410538 0.4892453419 -0.002218318295 0.03158665876 0.2523450303 -0.9950004823 -0.03189756218 -0.0946392401 0.01573587438 0.8857136769 -0.4639651548 0.0986226267 -0.4631347839 -0.8807835996 8.635786873e-05 0.1460718628 0
0.5054340167 0.4181202903 0.1111651576 -0.01758070589 0.1243299553 0.4887480134 -0.002272333502 0.03196398279 0.2522803824 -0.994757998 -0.03302885659 -0.09677613393 0.01628842125 0.883135769 -0.4688346199 0.1009515369 -0.4679533183 -0.8779683816 8.890790989e-05 0.1478496596 0
0.5122712247 0.4237763707 0.1126689332 -0.01804897475 0.1258879007 0.4881819586 -0.002333863574 0.03238816525 0.2522067403 -0.9944750166 -0.03433108194 -0.09920089771 0.01692404151 0.8802107149 -0.4742812185 0.1036002805 -0.4733397028 -0.8747665447 9.183610926e-05 0.1498496811 0
0.518348743 0.4288039977 0.1140056225 -0.01847002069 0.1272686341 0.487672988 -0.002389234559 0.03276494004 0.2521404698 -0.9942142208 -0.03551503675 -0.1013743824 0.0175015529 0.8775889062 -0.4790943617 0.1059800872 -0.4780966366 -0.8718898022 9.449237601e-05 0.151627478 0
0.5244262613 0.4338316247 0.1153423119 -0.01889557459 0.1286454591 0.487158568 -0.002445242702 0.03314145168 0.2520734366 -0.993944521 -0.03672402507 -0.1035646429 0.01809090359 0.8749469768 -0.4838806743 0.1083836172 -0.482824123 -0.8689843829 9.719950864e-05 0.1534052748 0
0.5312634694 0.439487705 0.1168460874 -0.01937969154 0.1301896644 0.4865733556 -0.002509012773 0.03356470897 0.2519971135 -0.9936302353 -0.03811425307 -0.1060483812 0.01876814289 0.871951189 -0.4892329515 0.1111157606 -0.4881069839 -0.8656817314 0.0001003065357 0.1554052963 0
0.5373409876 0.444515332 0.1181827768 -0.01981477238 0.131558048 0.4860474193 -0.002566373024 0.03394065145 0.251928462 -0.9933409992 -0.03937694795 -0.1082733361 0.01938283066 0.869267661 -0.4939615769 0.1135692089 -0.4927709301 -0.8627159702 0.0001031236327 0.1571830932 0
0.5434185059 0.449542959 0.1195194662 -0.02025431145 0.1329223955 0.4855160937 -0.002624368675 0.0343163214 0.2518590499 -0.9930422776 -0.04066514716 -0.1105141647 0.02000952003 0.8665651067 -0.4986627467 0.1160459129 -0.4974045251 -0.8597220972 0.0001059933633 0.15896089 0
0.550255714 0.4551990394 0.1210232417 -0.02075410163 0.1344524115 0.4849119352 -0.002690372568 0.03473862062 0.2517800532 -0.9926946437 -0.04214503289 -0.1130537069 0.02072894885 0.8635024327 -0.5039185048 0.1188598128 -0.502580685 -0.8563206175 0.0001092854321 0.1609609115 0
0.5563332322 0.4602266664 0.1223599311 -0.02120306026 0.1358080479 0.484369223 -0.002749716526 0.03511370155 0.2517090274 -0.99237514 -0.04348789294 -0.1153272939 0.02138129218 0.860760628 -0.508560696 0.121385427 -0.5071488385 -0.8532676214 0.0001122688997 0.1627387084 0
0.5624107505 0.4652542934 0.1236966205 -0.02165642581 0.1371595219 0.4838211837 -0.002809694065 0.03548850063 0.2516372433 -0.9920455601 -0.04485668448 -0.1176158348 0.02204577295 0.8580009125 -0.5131748416 0.1239338155 -0.5116857552 -0.8501870955 0.0001153067836 0.1645165052 0
0.5684882688 0.4702819203 0.1250333098 -0.02211418151 0.1385067937 0.4832678374 -0.002870304589 0.03586301487 0.2515647015 -0.9917057131 -0.04625153484 -0.1199190316 0.02272242898 0.855223647 -0.5177607602 0.1265048214 -0.5161911556 -0.8470792295 0.0001183996572 0.1662943021 0
0.5753254768 0.4759380007 0.1265370854 -0.02263438324 0.1400174019 0.4826390049 -0.002939247297 0.03628399923 0.2514821873 -0.9913108742 -0.04785204262 -0.1225272732 0.02349826378 0.8520786976 -0.5228859576 0.1294240405 -0.5212217139 -0.8435504387 0.0001219455857 0.1682943235 0
0.5814029951 0.4809656277 0.1278737747 -0.0231014117 0.1413556118 0.4820744494 -0.003001200912 0.03665789833 0.251408038 -0.9909485724 -0.04930266988 -0.1248606169 0.02420090513 0.8492653458 -0.5274113088 0.1320425806 -0.5256592234 -0.8403851127 0.0001251572225 0.1700721204 0
0.5874805134 0.4859932547 0.1292104641 -0.02357277697 0.1426894955 0.4815046516 -0.003063785612 0.03703150331 0.2513331333 -0.990575402 -0.05077972432 -0.127207675 0.02491582202 0.8464355841 -0.5319078903 0.1346832387 -0.5300643561 -0.8371930504 0.0001284256495 0.1718499173 0
0.5943177214 0.4916493351 0.1307142397 -0.02410822506 0.1441848946 0.4808573889 -0.003134946971 0.03745145365 0.2512479636 -0.9901423525 -0.052473134 -0.129864129 0.02573480926 0.8432329461 -0.5369319494 0.1376802142 -0.5349810921 -0.8335702668 0.0001321712325 0.1738499387 0
0.6003952397 0.4966769621 0.132050929 -0.02458874808 0.1455094549 0.4802765209 -0.003198870659 0.03782442377 0.2511714563 -0.9897454417 -0.05400670007 -0.1322393173 0.0264758955 0.8403695388 -0.541366849 0.1403673311 -0.5393165254 -0.8303220446 0.0001355622616 0.1756277356 0
0.606472758 0.501704589 0.1333876184 -0.02507355302 0.1468295668 0.4796904769 -0.003263423471 0.03819709051 0.2510941959 -0.9893370541 -0.05556701632 -0.1346272636 0.02722933013 0.8374908784 -0.5457724729 0.1430760531 -0.5436187407 -0.8270477058 0.0001390118933 0.1774055325 0
0.613309966 0.5073606694 0.1348913939 -0.02562405454 0.1483093273 0.4790250172 -0.003336796586 0.03861597427 0.2510063789 -0.9888636558 -0.0573544634 -0.1373285684 0.02809172591 0.8342346182 -0.5506936142 0.1461489825 -0.5484186971 -0.8233331085 0.0001429635022 0.1794055539 0
0.6193874843 0.5123882964 0.1362280833 -0.02611789901 0.1496198581 0.4784280459 -0.003402684153 0.03898798651 0.250927521 -0.9884302291 -0.05897192897 -0.1397425983 0.0288714553 0.8313247865 -0.5550365199 0.1489030599 -0.5526494468 -0.8200039437 0.0001465395989 0.1811833508 0
0.6254650026 0.5174159234 0.1375647727 -0.02661596903 0.1509258201 0.4778259667 -0.003469198821 0.03935968614 0.2508479125 -0.9879847118 -0.06061642178 -0.1421684167 0.02966357818 0.8284008732 -0.5593496808 0.1516782167 -0.5568461571 -0.816649298 0.0001501761211 0.1829611477 0
0.6323022106 0.5230720038 0.1390685482 -0.02718132578 0.1523895188 0.4771425497 -0.003544776584 0.03977747089 0.2507574566 -0.9874688069 -0.0624988802 -0.1449111637 0.03056954102 0.8250951093 -0.5641662554 0.1548252517 -0.5615264469 -0.8128451211 0.0001543401652 0.1849611691 0
0.6383797289 0.5280996308 0.1404052376 -0.02768831395 0.1536856457 0.47652969 -0.003612621646 0.04014849644 0.2506762557 -0.986996941 -0.0642010618 -0.1473609924 0.03138802477 0.8221425285 -0.5684157411 0.157644633 -0.5656499681 -0.8094370162 0.000158107037 0.186738966 0
0.6444572472 0.5331272577 0.1417419269 -0.02819946981 0.1549770853 0.4759117923 -0.003681091726 0.04051920019 0.2505943067 -0.9865123662 -0.06593050119 -0.1498216282 0.03221891906 0.8191770507 -0.5726350503 0.1604845554 -0.5697386494 -0.8060040812 0.0001619361671 0.1885167628 0
0.6512944553 0.5387833381 0.1432457025 -0.02877947841 0.1564243053 0.4752106638 -0.003758866814 0.04093585361 0.2505012208 -0.9859517812 -0.06790878147 -0.1526023674 0.03316850887 0.8158259473 -0.577345541 0.1637038031 -0.5742964575 -0.8021126129 0.0001663190894 0.1905167843 0
0.6573719735 0.5438109651 0.1445823919 -0.02929942794 0.1577056599 0.4745821361 -0.003828662797 0.04130586379 0.2504176847 -0.9854395402 -0.06969634982 -0.1550849167 0.03402577025 0.8128343313 -0.5815002982 0.1665867927 -0.5783102702 -0.7986276177 0.0001702824733 0.1922945812 0
0.6634494918 0.5488385921 0.1459190812 -0.02982348585 0.1589822105 0.4739486421 -0.003899081656 0.041675543 0.2503334031 -0.9849139688 -0.0715113596 -0.1575772812 0.03489543091 0.8098310139 -0.5856244853 0.1694897726 -0.5822884631 -0.7951184583 0.000174309957 0.194072378 0
0.6695270101 0.5538662191 0.1472557706 -0.03035163288 0.1602539201 0.473310205 -0.003970122692 0.04204488833 0.2502483767 -0.9843748674 -0.07335385958 -0.1600791417 0.03577748126 0.8068163798 -0.5897179844 0.1724125638 -0.5862307912 -0.7915853506 0.0001784021316 0.1958501749 0
0.6763642181 0.5595222994 0.1487595461 -0.03095066185 0.1616787612 0.4725860842 -0.004050786676 0.0424599991 0.250151833 -0.9837519575 -0.07545958593 -0.1629046868 0.03678458173 0.8034118694 -0.5942863474 0.1757241606 -0.5906227383 -0.7875822499 0.0001830838906 0.1978501964 0
0.6824417364 0.5645499264 0.1500962355 -0.03148743356 0.162940062 0.4719372214 -0.004123147491 0.04282862523 0.2500652269 -0.9831834424 -0.07736064236 -0.1654256621 0.03769291488 0.8003744681 -0.598314261 0.1786884519 -0.5944880502 -0.7839989766 0.000187315499 0.1996279932 0
0.6885192547 0.5695775534 0.1514329249 -0.0320282332 0.1641964077 0.4712834896 -0.00419612826 0.04319690837 0.2499778788 -0.9826007732 -0.07928931006 -0.1679551302 0.03861358881 0.7973269574 -0.6023111436 0.181671988 -0.5983167458 -0.78039244 0.00019161365 0.2014057901 0
0.6953564627 0.5752336338 0.1529367004 -0.03264142268 0.1656038289 0.4705422512 -0.004278971763 0.04361081329 0.2498787262 -0.9819281031 -0.08149210086 -0.1708105318 0.03966407093 0.7938869069 -0.6067704183 0.1850512408 -0.602579967 -0.7763075561 0.0001965293488 0.2034058116 0
0.701433981 0.5802612608 0.1542733898 -0.03319071552 0.1668495254 0.4698782526 -0.004353267524 0.04397835791 0.2497898041 -0.9813146931 -0.08347953166 -0.1733569753 0.04061089328 0.7908192021 -0.6107010274 0.1880750606 -0.6063300729 -0.7726523243 0.0002009708761 0.2051836084 0
0.7075114993 0.5852888878 0.1556100792 -0.03374397372 0.1680901547 0.4692094606 -0.004428180957 0.04434555046 0.2497001426 -0.9806865045 -0.0854946471 -0.1759109015 0.04156997882 0.7877426019 -0.614600301 0.1911175471 -0.6100428332 -0.7689745281 0.0002054808047 0.2069614053 0
0.7143487073 0.5909449681 0.1571138547 -0.03437110376 0.1694797616 0.4684513705 -0.004513195953 0.04475821764 0.2495983908 -0.9799618784 -0.08779476022 -0.1787926086 0.04266356979 0.7842712789 -0.618949417 0.1945624235 -0.6141747643 -0.7648103178 0.0002106369775 0.2089614267 0
0.7204262256 0.5959725951 0.1584505441 -0.03493272075 0.1707095055 0.4677724742 -0.004589419463 0.04512465243 0.2495071611 -0.979301622 -0.08986874378 -0.1813613577 0.0436486083 0.7811770699 -0.6227818113 0.197643953 -0.6178074088 -0.761085326 0.0002152942388 0.2107392236 0
0.7265037439 0.6010002221 0.1597872334 -0.03549823918 0.1719340721 0.4670888617 -0.004666258302 0.04549072611 0.2494151949 -0.978625963 -0.09197043742 -0.183936574 0.04464580362 0.7780751841 -0.6265826044 0.2007435599 -0.6214020008 -0.7573384822 0.0002200217663 0.2125170205 0
0.7333409519 0.6066563025 0.161291009 -0.03613908502 0.1733054775 0.4663141916 -0.004753436557 0.04590212378 0.2493108537 -0.9778471875 -0.09436796229 -0.186841017 0.04578212947 0.7745768729 -0.6308206279 0.2042519879 -0.6254001565 -0.7530974504 0.0002254249692 0.2145170419 0
0.7394184702 0.6116839295 0.1626276983 -0.03671282497 0.1745189269 0.4656206407 -0.004831580432 0.04626742055 0.2492173254 -0.9771381364 -0.09652852708 -0.1894288938 0.0468050211 0.7714599713 -0.6345540187 0.2073893738 -0.6289131546 -0.749304939 0.0002303037983 0.2162948388 0
0.7454959885 0.6167115565 0.1639643877 -0.03729040109 0.1757270908 0.4649224526 -0.004910337234 0.04663234721 0.2491230634 -0.9764130607 -0.09871677934 -0.1920222185 0.04783993436 0.7683366146 -0.6382555816 0.2105442367 -0.6323874162 -0.7454913012 0.0002352547641 0.2180726357 0
0.7523331965 0.6223676368 0.1654681632 -0.03794473329 0.1770799151 0.4641314799 -0.004999670303 0.04704244374 0.2490161428 -0.9755779489 -0.1012116365 -0.1949458139 0.0490185198 0.7648156091 -0.6423817158 0.2141141061 -0.6362493919 -0.7411759986 0.000240911573 0.2200726571 0
0.7584107148 0.6273952638 0.1668048526 -0.03853039084 0.1782767344 0.4634235227 -0.005079726974 0.04740657441 0.2489203248 -0.9748181621 -0.1034586608 -0.1975496302 0.05007881147 0.7616798337 -0.6460154361 0.2173054613 -0.6396406307 -0.7373182488 0.0002460178206 0.221850454 0
0.7644882331 0.6324228908 0.168141542 -0.039119818 0.1794681625 0.4627110088 -0.005160394111 0.04777032602 0.2488237761 -0.9740417316 -0.1057333018 -0.2001578726 0.05115096076 0.7585388252 -0.6496171409 0.2205136828 -0.6429924723 -0.7334401109 0.0002511980805 0.2236282508 0
0.7705657514 0.6374505178 0.1694782314 -0.03971299318 0.1806541657 0.4619939641 -0.005241670915 0.04813369572 0.2487264976 -0.9732484602 -0.1080355269 -0.202770214 0.05223490912 0.7553929749 -0.6531867786 0.223738573 -0.6463047102 -0.7295418237 0.0002564529536 0.2254060477 0
0.7774029594 0.6431065982 0.1709820069 -0.04038476829 0.1819818936 0.461181906 -0.005333835056 0.04854202656 0.2486161881 -0.9723356546 -0.1106584544 -0.2057135903 0.0534683779 0.7518485923 -0.6571642313 0.2273862514 -0.649983385 -0.7251324651 0.0002624546212 0.2274060692 0
0.7834804777 0.6481342252 0.1723186963 -0.04098583581 0.1831562591 0.4604553209 -0.005416404715 0.04890457522 0.248517362 -0.9715059434 -0.1130191642 -0.2083335556 0.05457719143 0.7486937502 -0.6606655724 0.2306459018 -0.6532107906 -0.7211921596 0.0002678700456 0.229183866 0
0.789557996 0.6531618522 0.1736553856 -0.04159058309 0.1843250966 0.4597242876 -0.005499581502 0.04926673306 0.2484178091 -0.9706587782 -0.1154073238 -0.2109565973 0.05569760209 0.7455352867 -0.6641347103 0.2339215968 -0.656397963 -0.7172324593 0.0002733619648 0.2309616629 0
0.796395204 0.6588179325 0.1751591612 -0.04227529475 0.1856333908 0.4588965914 -0.005593880066 0.04967368994 0.2483049446 -0.9696846113 -0.1181267483 -0.2139107895 0.05697183819 0.7419781719 -0.6679989536 0.2376256808 -0.6599351966 -0.7127549173 0.0002796325596 0.2329616844 0
0.8024727223 0.6638455595 0.1764958505 -0.042887788 0.1867903739 0.4581561946 -0.005678344251 0.05003500788 0.2482038506 -0.9687997093 -0.1205730567 -0.2165392832 0.0581166545 0.7388133068 -0.6713995473 0.2409347996 -0.663036225 -0.7087548142 0.0002852890323 0.2347394812 0
0.8085502406 0.6688731865 0.1778325399 -0.04350389155 0.1879417282 0.4574114336 -0.005763412966 0.05039592613 0.2481020329 -0.967896746 -0.1230466329 -0.2191698321 0.05927283744 0.7356460371 -0.6747678407 0.2442593292 -0.6660964151 -0.7047360824 0.000291023885 0.2365172781 0
0.8153874486 0.6745292669 0.1793363155 -0.04420129543 0.1892302341 0.4565683948 -0.005859836821 0.05080147792 0.2479866243 -0.966859083 -0.1258619144 -0.2221312499 0.06058703045 0.7320804678 -0.6785185335 0.2480175909 -0.6694900799 -0.7001930502 0.000297570035 0.2385172996 0
0.8214649669 0.6795568939 0.1806730048 -0.04482499598 0.1903695219 0.4558144503 -0.005946187353 0.05116153749 0.2478832722 -0.9659170996 -0.1283932018 -0.2247650829 0.06176709895 0.7289093768 -0.6818181179 0.2513741877 -0.672462866 -0.6961355555 0.0003034734513 0.2402950964 0
0.8275424852 0.6845845209 0.1820096942 -0.04545223611 0.1915030823 0.4550562271 -0.006033139758 0.05152118857 0.2477791996 -0.9649564545 -0.1309515273 -0.2273999524 0.06295827511 0.7257370924 -0.6850853439 0.2547455524 -0.6753942332 -0.6920602093 0.0003094571364 0.2420728933 0
0.8343796932 0.6902406012 0.1835134697 -0.04616208367 0.192771453 0.4541981461 -0.006131679567 0.05192530426 0.2476612579 -0.9638531853 -0.1338618582 -0.2303650148 0.06431151473 0.7221673267 -0.6887222817 0.2585557313 -0.6786422881 -0.6874544193 0.0003162854818 0.2440729147 0
0.8404572115 0.6952682282 0.1848501591 -0.0467967693 0.1938927397 0.4534309226 -0.006219908084 0.05228407798 0.2475556577 -0.9628522532 -0.1364773562 -0.2330010079 0.06552599618 0.7189937873 -0.6919207163 0.2619577872 -0.6814850439 -0.6833419734 0.0003224417474 0.2458507116 0
0.8465347298 0.7002958552 0.1861868485 -0.04743492263 0.1950082026 0.4526595072 -0.00630873576 0.05264243443 0.2474493401 -0.9618320675 -0.1391196152 -0.2356370232 0.06675129817 0.7158202584 -0.6950867729 0.2653739592 -0.6842858251 -0.6792124641 0.0003286801737 0.2476285085 0
0.8533719378 0.7059519356 0.187690624 -0.04815696116 0.1962560994 0.4517866894 -0.006409381982 0.0530450832 0.2473288768 -0.9606611109 -0.1421240212 -0.2386021639 0.06814257494 0.7122505279 -0.6986098875 0.2692337637 -0.6873863165 -0.6745466866 0.0003357973653 0.2496285299 0
0.8594494561 0.7109795626 0.1890273134 -0.04880240602 0.1973590863 0.4510064599 -0.00649947994 0.0534025437 0.2472210386 -0.9595993898 -0.1448228137 -0.2412371527 0.06939054228 0.7090782924 -0.7017071525 0.2726792325 -0.6900973321 -0.6703817631 0.0003422123952 0.2514063268 0
0.8655269744 0.7160071896 0.1903640027 -0.04945124554 0.1984561554 0.4502221269 -0.006590174287 0.05375957821 0.2471124864 -0.9585178323 -0.1475480429 -0.2438711547 0.07064901509 0.7059072617 -0.7047720586 0.276138157 -0.6927658428 -0.6662005744 0.0003487114801 0.2531841237 0
0.8723641824 0.7216632699 0.1918677783 -0.0501852183 0.1996832477 0.4493348827 -0.006692917177 0.05416072939 0.2469895131 -0.9572771404 -0.1506453843 -0.2468328275 0.07207722138 0.7023417652 -0.7081814168 0.2800452655 -0.6957169059 -0.6614776158 0.0003561241781 0.2551841451 0
0.8784417007 0.7266908969 0.1932044677 -0.05084119296 0.2007676434 0.4485419245 -0.006784875855 0.05451684945 0.2468794473 -0.9561528205 -0.1534264085 -0.2494636668 0.0733576606 0.6991745544 -0.7111776123 0.2835320749 -0.6982945508 -0.6572627198 0.0003628038948 0.256961942 0
0.884519219 0.7317185239 0.194541157 -0.05150048815 0.2018460297 0.4477449524 -0.006877428091 0.05487253486 0.2467686709 -0.9550080923 -0.1562334986 -0.2520925177 0.07464826259 0.6960097313 -0.7141415061 0.2870316715 -0.7008291859 -0.6530323665 0.0003695695632 0.2587397388 0
0.8905967373 0.7367461509 0.1958778464 -0.05216307989 0.2029183775 0.4469439953 -0.006970572969 0.05522778283 0.246657185 -0.9538427753 -0.1590665263 -0.2547190615 0.07594891193 0.692847672 -0.7170731247 0.2905438398 -0.7033206549 -0.6487868167 0.0003764217909 0.2605175357 0
