0.01039073971 0.006338351222 0 -5.598071942e-06 0.002649605916 0.5099908228 -7.04553458e-07 0.000660607457 0.2549988578 -0.9999999995 -2.240745302e-07 -3.260090301e-05 1.129829663e-07 0.9999465559 -0.01033853329 3.260147728e-05 -0.01033853329 -0.9999465554 5.032399484e-08 0
0.02063518303 0.01258746165 0 -2.207764391e-05 0.005261715482 0.5099638071 -2.79579532e-06 0.001314632565 0.254995467 -0.9999999917 -1.758841225e-06 -0.0001285626832 8.809249465e-07 0.9997892368 -0.02053002783 0.000128571696 -0.02053002778 -0.9997892285 4.692025689e-08 0
0.03002592274 0.01831581287 0 -4.674278928e-05 0.007655821045 0.5099233725 -5.934069416e-06 0.00191448219 0.2549903783 -0.9999999629 -5.419947406e-06 -0.0002721657764 2.711980002e-06 0.9995538011 -0.02986969575 0.0002722062285 -0.02986969538 -0.999553764 3.167057919e-08 0
0.04027036605 0.02456492329 0 -8.407591394e-05 0.01026703933 0.5098621706 -1.06874899e-05 0.002568729937 0.2549826706 -0.9999998801 -1.307553528e-05 -0.0004894686963 6.540287364e-06 0.9991975043 -0.04005430572 0.0004895996313 -0.04005430412 -0.9991973844 1.761483075e-07 0
0.05051480937 0.03081403372 0 -0.0001322848681 0.01287751845 0.5097831396 -1.682740071e-05 0.003222817656 0.2549727147 -0.9999997032 -2.580542707e-05 -0.0007699788844 1.290566485e-05 0.9987375154 -0.05023320758 0.0007703030873 -0.05023320261 -0.9987372187 3.743173939e-07 0
0.06075925269 0.03706314414 0 -0.0001913654867 0.01548707048 0.5096862861 -2.435324634e-05 0.003876767391 0.2549605115 -0.9999993789 -4.489707464e-05 -0.001113598055 2.245176077e-05 0.9981739534 -0.06040495223 0.001114276579 -0.06040493971 -0.9981733325 6.223692886e-07 0
0.0701499924 0.04279149536 0 -0.0002550688332 0.01787818501 0.5095818544 -3.246915163e-05 0.004476112036 0.2549473514 -0.9999988966 -6.908402963e-05 -0.001483919345 3.454524929e-05 0.9975664927 -0.06972152812 0.00148512486 -0.06972150245 -0.9975653896 8.924784821e-07 0
0.08039443572 0.04904060579 0 -0.0003349717404 0.02048543524 0.509450866 -4.265047486e-05 0.005129827747 0.2549308423 -0.999998097 -0.0001039588443 -0.001948142003 5.198225934e-05 0.9968048454 -0.07987551207 0.001950221154 -0.07987546133 -0.9968029431 1.233388379e-06 0
0.09063887904 0.05528971621 0 -0.0004257288022 0.02309121089 0.5093020839 -5.421686456e-05 0.005783422372 0.2549120873 -0.9999969259 -0.0001489356111 -0.002475060806 7.446961172e-05 0.9959401245 -0.09001812534 0.002478419272 -0.09001803294 -0.9959370518 1.622557731e-06 0
0.1000296187 0.06101806743 0 -0.0005184511697 0.02547838309 0.50915008 -6.603588871e-05 0.006382440163 0.2548929227 -0.9999954409 -0.0002001282601 -0.003012989213 0.0001000642028 0.9950571066 -0.09930430311 0.003017969926 -0.09930415186 -0.99505255 2.021871058e-06 0
0.1102740621 0.06726717786 0 -0.0006299893145 0.02808080864 0.5089672306 -8.025617683e-05 0.007035786646 0.2548698644 -0.9999932679 -0.0002680295177 -0.003659540772 0.0001340117657 0.9939954749 -0.109421104 0.003666895053 -0.1094208578 -0.9939887473 2.504249308e-06 0
0.1205185054 0.07351628828 0 -0.0007523561307 0.03068121333 0.5087666293 -9.586063829e-05 0.007688991595 0.2548445617 -0.9999903983 -0.0003497417735 -0.004368188693 0.0001748632007 0.9928314951 -0.1195223481 0.004378677269 -0.1195219643 -0.9928219011 3.03584594e-06 0
0.1307629487 0.07976539871 0 -0.0008855410496 0.0332794102 0.5085482934 -0.000112848915 0.008342045287 0.2548170151 -0.9999866972 -0.000446527468 -0.005138684591 0.0002232492336 0.9915654679 -0.1296066084 0.005153215102 -0.1296060315 -0.9915521776 3.617166065e-06 0
0.1401536884 0.08549374993 0 -0.001017120821 0.0356589917 0.5083325888 -0.0001296368148 0.008940536108 0.2547897934 -0.9999824493 -0.0005495629324 -0.005899073939 0.0002747583575 0.9903155758 -0.138834379 0.005918243033 -0.1388335632 -0.9902980441 4.194206812e-06 0
0.1503981317 0.09174286035 0 -0.00117100749 0.03825243521 0.5080803156 -0.0001492762949 0.009593270499 0.254757948 -0.9999767354 -0.0006787477485 -0.006787338403 0.000339338165 0.9888548935 -0.1488821159 0.006812746195 -0.1488809555 -0.9888316579 4.872462325e-06 0
0.160642575 0.09799197078 0 -0.001335676108 0.04084312694 0.507810367 -0.0001702983751 0.01024582223 0.2547238606 -0.9999697304 -0.0008266552299 -0.007736602771 0.0004132751946 0.98729319 -0.1589087356 0.007769657966 -0.1589071228 -0.9872629633 5.602245561e-06 0
0.1700333148 0.103720322 0 -0.001496081857 0.04321535147 0.5075474068 -0.0001907827845 0.01084382451 0.2546906452 -0.999962021 -0.0009797422598 -0.008660064603 0.0004897990187 0.9857732276 -0.1680800517 0.008701534965 -0.1680779099 -0.985735309 6.317090861e-06 0
0.1802777581 0.1099694324 0 -0.001681375343 0.04580024929 0.507243647 -0.0002144534895 0.01149599431 0.2546522631 -0.9999520272 -0.001166990246 -0.009725296909 0.0005833958208 0.984019048 -0.1780622721 0.009777674341 -0.1780594037 -0.9839711611 7.147679402e-06 0
0.1905222014 0.1162185428 0 -0.001877406714 0.0483818536 0.5069222841 -0.0002395053179 0.01214794796 0.2546116417 -0.9999401841 -0.001376552346 -0.01085049887 0.000688142619 0.9821650941 -0.1880192926 0.01091579964 -0.1880155128 -0.9821053977 8.032014488e-06 0
0.2007666447 0.1224676533 0 -0.00208415905 0.05095997928 0.5065833458 -0.0002659377027 0.01279967373 0.2545687817 -0.9999262779 -0.001609644609 -0.01203527581 0.0008046461723 0.9802118435 -0.197949727 0.0121157486 -0.1979448179 -0.980138285 8.970942941e-06 0
0.2101573844 0.1281960045 0 -0.002283084868 0.05332004742 0.5062572379 -0.000291379659 0.01339687879 0.2545275277 -0.9999115261 -0.001845014564 -0.01317330173 0.0009222836056 0.9783345636 -0.2070280923 0.01326986624 -0.2070219252 -0.9782463049 9.88034424e-06 0
0.2204018277 0.1344451149 0 -0.002510335049 0.05589098945 0.5058846966 -0.0003204564117 0.01404813485 0.25448038 -0.999893027 -0.002126573789 -0.01447108461 0.001063000618 0.9761924222 -0.2169037228 0.0145878249 -0.2168959027 -0.9760857353 1.092642812e-05 0
0.2306462711 0.1406942253 0 -0.002748251571 0.05845791483 0.5054946696 -0.0003509118893 0.01469912857 0.2544309967 -0.9998717771 -0.002435159585 -0.01582717222 0.001217218062 0.9739525217 -0.2267487682 0.01596708374 -0.2267389589 -0.9738246745 1.202980913e-05 0
0.2400370108 0.1464225766 0 -0.002975694284 0.06080724432 0.5051218126 -0.000380039994 0.01529563217 0.2543837659 -0.9998496618 -0.002742780047 -0.01712106555 0.001370946246 0.9718138927 -0.2357453678 0.01728508705 -0.2357333983 -0.9716640318 1.309243214e-05 0
0.2502814541 0.152671687 0 -0.003233996462 0.06336595792 0.5046983665 -0.0004131360752 0.01594608977 0.254330101 -0.9998224106 -0.003106456528 -0.01858755631 0.001552679041 0.9693882525 -0.245528013 0.01878128083 -0.2455132703 -0.969211276 1.430846974e-05 0
0.2605258974 0.1589207974 0 -0.003502902548 0.06592012012 0.5042575368 -0.0004476087847 0.01659625027 0.2542742041 -0.999791627 -0.003500572481 -0.02011090697 0.001749612804 0.9668666027 -0.2552761476 0.02033817695 -0.2552581412 -0.9666590091 1.558483512e-05 0
0.2707703407 0.1651699078 0 -0.003782389348 0.06846954843 0.5037993617 -0.000483457343 0.01724610171 0.2542160763 -0.999757022 -0.003926276904 -0.02169058265 0.001962319655 0.964249591 -0.2649884443 0.02195555346 -0.2649666218 -0.9640075949 1.692263791e-05 0
0.2801610804 0.1708982591 0 -0.004047859876 0.07080221029 0.5033641641 -0.0005175264743 0.01784151717 0.2541608339 -0.9997216878 -0.004345227277 -0.02318762525 0.002171640828 0.9617674642 -0.2738587753 0.02349108216 -0.2738329122 -0.9614903563 1.82039047e-05 0
0.2904055237 0.1771473695 0 -0.004347558233 0.07334205685 0.5028728554 -0.000556009783 0.01849074286 0.2540984341 -0.9996789113 -0.004834645609 -0.02487368988 0.002416156758 0.9589695738 -0.2834987101 0.02522372758 -0.2834677806 -0.9586499783 1.966268879e-05 0
0.3006499671 0.1833964799 0 -0.004657764472 0.07587663985 0.5023643205 -0.0005958664886 0.01913962461 0.2540338075 -0.9996314096 -0.005358936526 -0.0266144067 0.002678079789 0.9560783478 -0.293098995 0.02701615689 -0.293062237 -0.9557115948 2.118633949e-05 0
0.3100407068 0.1891248311 0 -0.004951328252 0.07819522945 0.5018830684 -0.0006336075238 0.01973412054 0.2539726115 -0.9995834336 -0.005871112241 -0.02825755217 0.002933935415 0.9533466967 -0.3018633265 0.02871151749 -0.3018204863 -0.9529323391 2.264106012e-05 0
0.3202851501 0.1953739416 0 -0.005281599088 0.08071921956 0.5013416408 -0.0006760940274 0.02038230967 0.2539037209 -0.9995259436 -0.006465310341 -0.03010129308 0.003230747068 0.950278668 -0.3113840322 0.03061781109 -0.3113336682 -0.9498072945 2.429252667e-05 0
0.3305295934 0.201623052 0 -0.005622297305 0.08323742076 0.5007831192 -0.0007199512121 0.02103011999 0.253832608 -0.9994627368 -0.007097557197 -0.03199784897 0.00354654408 0.9471195293 -0.3208613708 0.03258311959 -0.3208024656 -0.9465855051 2.601255694e-05 0
0.3407740367 0.2078721624 0 -0.005973393548 0.08574965399 0.5002075516 -0.0007651780859 0.02167753955 0.2537592742 -0.9993934538 -0.007768915135 -0.03394655305 0.003881853805 0.9438700887 -0.3302940915 0.0346071628 -0.3302255284 -0.9432674301 2.780247588e-05 0
0.3501647764 0.2136005136 0 -0.006304340332 0.08804713931 0.4996650158 -0.0008078384143 0.02227065399 0.2536901022 -0.9993242912 -0.008419579967 -0.03577809087 0.004206806673 0.940812816 -0.3389004986 0.03651388627 -0.3388220121 -0.9401416809 2.950578503e-05 0
0.3604092198 0.2198496241 0 -0.006675280829 0.09054743555 0.4990569167 -0.0008556876401 0.02291729117 0.2536125167 -0.9992423211 -0.009168817832 -0.03782481448 0.004580962765 0.9373926372 -0.3482442512 0.0386496907 -0.3481536679 -0.9366403925 3.143346131e-05 0
0.3706536631 0.2260987345 0 -0.007056528661 0.09304124489 0.4984319202 -0.000904903485 0.02356350276 0.2535327154 -0.9991531703 -0.009960182418 -0.03992163659 0.004976126917 0.9338846408 -0.3575398101 0.04084336497 -0.3574356899 -0.9330442364 3.343504602e-05 0
0.3800444028 0.2318270857 0 -0.00741503253 0.09532138728 0.497844209 -0.0009512175965 0.0241554793 0.2534576193 -0.9990648016 -0.01072346514 -0.04188710371 0.005357240673 0.9305925958 -0.3660173775 0.04290480317 -0.365899478 -0.9296648589 3.533597815e-05 0
0.3902888461 0.2380761961 0 -0.007815943592 0.09780226999 0.4971869777 -0.001003049657 0.0248008418 0.2533735763 -0.9989607696 -0.01159836637 -0.04407787028 0.005794053617 0.9269188012 -0.3752172237 0.04520851351 -0.3750826761 -0.9258883175 3.748323445e-05 0
0.4005332894 0.2443253065 0 -0.008227063804 0.1002761522 0.4965130102 -0.001056245005 0.02544574393 0.2532873229 -0.9988483726 -0.01251827925 -0.0463165341 0.00625330247 0.923159858 -0.3843654158 0.04756915865 -0.3842124013 -0.9220184411 3.970863297e-05 0
0.4107777327 0.250574417 0 -0.008648357791 0.102742859 0.4958223643 -0.001110802435 0.02609017376 0.2531988612 -0.9987271866 -0.01348416117 -0.0486023067 0.006735460388 0.9193167224 -0.3934607955 0.04998640207 -0.3932873522 -0.9180557816 4.201367074e-05 0
0.4201684724 0.2563027682 0 -0.009043450388 0.1049975548 0.4951746715 -0.001162008912 0.02668047607 0.2531158331 -0.9986080092 -0.01441073908 -0.05073829447 0.007197960318 0.9157207213 -0.4017508555 0.05225163437 -0.4015568342 -0.9143423186 4.419787982e-05 0
0.4304129158 0.2625518786 0 -0.009484142075 0.1074500227 0.4944522261 -0.001219173527 0.02732396746 0.2530231444 -0.9984687611 -0.01546734275 -0.05311209371 0.00772531802 0.9117189647 -0.4107418275 0.05477638772 -0.4105231914 -0.910203415 4.665982322e-05 0
0.4406573591 0.268800989 0 -0.009934899422 0.1098948094 0.4937132796 -0.00127769654 0.0279669519 0.2529282533 -0.998319438 -0.01657261061 -0.05553060677 0.008276914636 0.9076359211 -0.4196766939 0.05735671186 -0.4194310233 -0.9059734126 4.920589449e-05 0
0.4500480988 0.2745293403 0 -0.01035690298 0.1121289692 0.4930214705 -0.00133253482 0.02855589883 0.252839337 -0.9981733175 -0.01762928305 -0.0577861288 0.008804212468 0.9038226064 -0.4278167622 0.05977051234 -0.4275440381 -0.9020163975 5.161504489e-05 0
0.4602925421 0.2807784507 0 -0.01082684381 0.1145585533 0.4922510757 -0.001393657704 0.02919787846 0.2527402309 -0.9980033986 -0.01883029502 -0.06028794599 0.009403483736 0.8995866721 -0.4366410355 0.06245631222 -0.4363361541 -0.8976134857 5.432678934e-05 0
0.4705369854 0.2870275611 0 -0.01130673489 0.1169799565 0.491464369 -0.001456135039 0.02983931659 0.2526389289 -0.9978220479 -0.02008251489 -0.06283194565 0.01002824558 0.8952725231 -0.4454060435 0.06519658801 -0.4450660647 -0.89312127 5.71273178e-05 0
0.4807814287 0.2932766715 0 -0.01179653502 0.119393009 0.490661418 -0.001519965413 0.03048020136 0.2525354332 -0.9976287845 -0.02138677845 -0.06541722974 0.01067890837 0.8908812497 -0.4541107352 0.06799094907 -0.4537325254 -0.8885403909 6.00182621e-05 0
0.4901721685 0.2990050228 0 -0.01225418737 0.1215974936 0.4899111683 -0.001579663964 0.03106718289 0.2524386373 -0.9974407446 -0.02262877019 -0.06782256126 0.01129844478 0.8867891106 -0.4620361658 0.07059961899 -0.4616199867 -0.8842639208 6.27491301e-05 0
0.5004166118 0.3052541332 0 -0.01276286152 0.1239940689 0.4890772762 -0.001646083601 0.03170697407 0.2523309439 -0.9972232771 -0.02403505041 -0.07048440958 0.01199986205 0.8822531292 -0.4706223744 0.07349652341 -0.4701613897 -0.8795149394 6.581799418e-05 0
0.5106610551 0.3115032436 0 -0.01328131969 0.126381803 0.4882273448 -0.00171385198 0.03234617749 0.2522210639 -0.9969924516 -0.02549570195 -0.07318483905 0.01272832037 0.8776433066 -0.4791452977 0.07644632983 -0.4786357651 -0.8746792344 6.898212853e-05 0
0.5200517948 0.3172315948 0 -0.01376513002 0.12856265 0.4874342131 -0.001777156519 0.03293158757 0.2521184219 -0.9967686917 -0.02688304506 -0.07569331006 0.0134201456 0.8733537586 -0.4869015425 0.07919643295 -0.4863440287 -0.8701709089 7.19677247e-05 0
0.5302962381 0.3234807053 0 -0.01430221583 0.1309329734 0.4865537445 -0.001847505678 0.03356963154 0.252004358 -0.9965108326 -0.02845001335 -0.07846500655 0.01420146039 0.8686056632 -0.4953004345 0.08224645302 -0.4946865661 -0.8651709209 7.531921079e-05 0
0.5405406814 0.3297298157 0 -0.0148489536 0.1332939719 0.4856574531 -0.001919199023 0.03420705344 0.251888115 -0.9962381096 -0.03007351075 -0.08127246169 0.01501086868 0.8637871562 -0.5036332223 0.08534812768 -0.5029585796 -0.860086254 7.877095161e-05 0
0.5507851248 0.3359789261 0 -0.01540529644 0.1356454818 0.4847454157 -0.001992234933 0.03484384154 0.2517696955 -0.9959499931 -0.03175423669 -0.08411468175 0.01584871046 0.8588994457 -0.511898975 0.08850101474 -0.5111588899 -0.8549176333 8.232468359e-05 0
0.5601758645 0.3417072773 0 -0.01592367446 0.1377925575 0.4838956156 -0.002060362513 0.03542699718 0.2516592346 -0.9956719062 -0.03334575559 -0.08674973078 0.01664199143 0.8543592959 -0.519416247 0.09143576613 -0.5186118531 -0.8501066089 8.567336177e-05 0
0.5704203078 0.3479563877 0 -0.01649829306 0.1401254253 0.4829536179 -0.002135967029 0.03606253777 0.251536651 -0.9953527829 -0.03513804752 -0.08965575974 0.0175352413 0.8493423789 -0.527550982 0.09468554774 -0.5266714735 -0.8447791463 8.942747828e-05 0
0.5806647511 0.3542054982 0 -0.01708237541 0.1424483312 0.4819961059 -0.002212909207 0.03669741042 0.2514118989 -0.9950166864 -0.03698948676 -0.09259358363 0.01845785374 0.8442598704 -0.5356160742 0.09798521059 -0.5346560101 -0.8393699121 9.328872437e-05 0
0.5900554908 0.3599338494 0 -0.01762605517 0.1445687734 0.4811048276 -0.00228461315 0.0372787803 0.2512956403 -0.9946932151 -0.03873912468 -0.09531363028 0.01932962957 0.839544366 -0.542947164 0.1010533192 -0.5419082373 -0.8343402717 9.692383512e-05 0
0.6002999341 0.3661829598 0 -0.01822813589 0.1468721381 0.48011781 -0.002364114289 0.03791234017 0.2511667399 -0.9943230356 -0.040705631 -0.09830947279 0.02030933973 0.8343396951 -0.5508763962 0.1044472669 -0.549745691 -0.8287764739 0.0001009954137 0
0.6105443774 0.3724320702 0 -0.01883953227 0.1491650757 0.4791155209 -0.002444947929 0.03854519812 0.2510356794 -0.9939342541 -0.04273301781 -0.1013340401 0.02131924579 0.8290731686 -0.5587335419 0.1078897041 -0.5575047715 -0.8231331858 0.0001051793615 0
0.6207888208 0.3786811807 0 -0.019460192 0.1514474288 0.4780980459 -0.002527112243 0.03917734253 0.2509024618 -0.9935263017 -0.04482183557 -0.1043862581 0.02235961086 0.8237460945 -0.5665178017 0.1113801402 -0.5651843725 -0.817411212 0.0001094774965 0
0.6301795605 0.3844095319 0 -0.02003722237 0.1535301539 0.4771520945 -0.002603596902 0.03975617152 0.2507784533 -0.9931350142 -0.0467910017 -0.1072074889 0.02334025115 0.8188108814 -0.5735886794 0.1146214474 -0.572153251 -0.8120976426 0.0001135193254 0
0.6404240038 0.3906586423 0 -0.02067548784 0.1557917832 0.4761057576 -0.00268830645 0.04038691592 0.2506411098 -0.9926887097 -0.0489990176 -0.1103096641 0.02443968857 0.8133714598 -0.5812310815 0.1182024845 -0.5796774661 -0.8062271441 0.0001180414384 0
0.6506684471 0.3969077527 0 -0.0213228597 0.1580423744 0.4750444923 -0.002774341167 0.04101691299 0.2505016182 -0.9922215475 -0.05126993935 -0.1134362991 0.02557028506 0.8078753773 -0.5887983825 0.1218300503 -0.5871190408 -0.8002803701 0.0001226830991 0
0.6600591868 0.402636104 0 -0.02192423639 0.1600955884 0.4740586289 -0.002854368785 0.04159374395 0.2503718665 -0.9917744915 -0.05340727218 -0.1163229181 0.02663422277 0.8027886849 -0.5956684863 0.1251957514 -0.5938669806 -0.7947628786 0.0001270445596 0
0.6703036301 0.4088852144 0 -0.02258890694 0.1623245948 0.472969005 -0.002942937941 0.04222227641 0.2502282665 -0.9912657081 -0.05580002986 -0.1194933161 0.02782513587 0.7971878031 -0.603089851 0.1289110459 -0.601147206 -0.7886722887 0.0001319205509 0
0.6805480735 0.4151343248 0 -0.02326252046 0.1645421182 0.4718647206 -0.003032826505 0.04285002792 0.2500825278 -0.9907343438 -0.05825696989 -0.1226849035 0.02904780578 0.7915342474 -0.6104340752 0.1326713423 -0.6083417302 -0.782507926 0.0001369215305 0
0.6907925168 0.4213834352 0 -0.02394501947 0.1667480084 0.4707458697 -0.003124032443 0.04347698698 0.2499346537 -0.9901798001 -0.06077848341 -0.1258965422 0.03030241343 0.7858294058 -0.6177005008 0.1364761046 -0.6154495275 -0.7762706693 0.0001420493808 0
0.7001832565 0.4271117865 0 -0.02457839952 0.1687597274 0.4697075418 -0.003208793402 0.04405099352 0.2497972294 -0.9896505922 -0.06314691078 -0.1288571805 0.03148067105 0.7805561084 -0.6242925027 0.1400024023 -0.6218879556 -0.7704899078 0.0001468629776 0
0.7104276998 0.4333608969 0 -0.0252777657 0.1709429042 0.4685610398 -0.003302518516 0.0446764017 0.2496452718 -0.9890499368 -0.06579319561 -0.1321040418 0.0327969532 0.774756885 -0.6314080528 0.1438908694 -0.6288267048 -0.7641154318 0.000152239289 0
0.7206721431 0.4396100073 0 -0.02598584553 0.1731140156 0.4674002532 -0.003397554903 0.04530098403 0.2494911888 -0.9884243382 -0.0685050569 -0.1353675917 0.03414562978 0.7689104798 -0.638444007 0.1478222029 -0.6356758067 -0.7576706838 0.0001577480086 0
0.7300628828 0.4453383585 0 -0.02664252189 0.1750934772 0.4663237346 -0.003485821673 0.0458727826 0.2493480818 -0.9878284394 -0.0710487902 -0.1383728434 0.03541048717 0.763511044 -0.6448232185 0.1514631037 -0.6418745634 -0.7517020508 0.0001629156194 0
0.7403073261 0.451587469 0 -0.02736713363 0.1772410562 0.4651358465 -0.003583365299 0.04649575018 0.2491899348 -0.9871533241 -0.07388714641 -0.1416651135 0.03682161105 0.7575781969 -0.6517050288 0.1554750261 -0.6485491232 -0.7451251915 0.0001686834767 0
0.7505517695 0.4578365794 0 -0.02810028107 0.1793761474 0.4639339655 -0.003682213846 0.04711785869 0.2490296727 -0.9864514779 -0.07679187386 -0.1449706519 0.0382654787 0.7516023465 -0.6585056308 0.1595281635 -0.6551312241 -0.7384807677 0.0001745893446 0
0.7607962128 0.4640856898 0 -0.02884190181 0.1814986082 0.4627181938 -0.003782365077 0.04773909678 0.248867299 -0.9857222835 -0.07976319655 -0.1482882744 0.03974218487 0.7455849406 -0.6652245148 0.163621938 -0.6616199277 -0.7317697265 0.0001806351579 0
0.7701869525 0.469814041 0 -0.02952911051 0.1834329812 0.4615916221 -0.003875312809 0.04830779071 0.2487166048 -0.9850293019 -0.08254558149 -0.151339028 0.0411247501 0.7400337221 -0.6713112878 0.1674097648 -0.6674850689 -0.7255602342 0.0001863017498 0
0.7804313958 0.4760631514 0 -0.03028679483 0.1855308398 0.4603495167 -0.003977954493 0.04892732884 0.2485501946 -0.9842459581 -0.08564507989 -0.1546764827 0.04266461466 0.7339407395 -0.6778722014 0.1715797909 -0.6737921869 -0.718724192 0.000192621225 0
0.7906758391 0.4823122619 0 -0.03105276653 0.1876156593 0.4590938254 -0.00408189217 0.04954596357 0.2483816838 -0.9834334558 -0.08881168383 -0.1580225387 0.04423752046 0.7278104619 -0.6843500371 0.175788736 -0.6800032473 -0.7118243491 0.0001990863277 0
0.8000665788 0.4880406131 0 -0.03176213194 0.1895151717 0.4579309312 -0.00417830486 0.05011224217 0.2482253735 -0.982662515 -0.0917734622 -0.1610962859 0.04570841445 0.7221595354 -0.6902147103 0.1796806126 -0.6856115789 -0.7054442858 0.0002051422761 0
0.8103110222 0.4942897235 0 -0.03254380537 0.1915746156 0.4566494994 -0.004284719927 0.05072911392 0.2480528473 -0.9817923828 -0.0950690146 -0.1644554636 0.04734476134 0.715961895 -0.6965321518 0.1839624706 -0.6916360657 -0.6984249151 0.0002118919842 0
0.8205554655 0.5005388339 0 -0.03333357453 0.193620622 0.4553547959 -0.004392424047 0.05134504947 0.2478782319 -0.980891272 -0.0984319681 -0.1678197251 0.04901424152 0.7097312676 -0.7027653462 0.1882814824 -0.6975619509 -0.6913446376 0.0002187930564 0
0.8307999088 0.5067879444 0 -0.03413137244 0.195653057 0.4540469304 -0.004501414784 0.05196003765 0.2477015311 -0.9799585572 -0.1018623743 -0.1711878583 0.05071686092 0.7034691391 -0.7089139372 0.1926370321 -0.7033883899 -0.6842044627 0.0002258474713 0
0.8401906485 0.5125162956 0 -0.03486968245 0.1975040868 0.4528365862 -0.004602451111 0.05252293501 0.247537727 -0.9790752712 -0.1050661913 -0.1742776773 0.05230670133 0.6977024539 -0.7144755383 0.1966611867 -0.7086412218 -0.6776075534 0.0002324504204 0
0.8504350918 0.518765406 0 -0.03568267914 0.1995101398 0.4515038047 -0.004713900946 0.05313607616 0.2473570407 -0.9780802336 -0.1086259328 -0.1776498336 0.05407280616 0.6913841147 -0.720461059 0.2010850275 -0.7142747459 -0.6703554274 0.0002398042941 0
0.8606795351 0.5250145164 0 -0.03650350549 0.2015022377 0.4501581877 -0.004826630124 0.05374823741 0.2471742809 -0.9770517677 -0.1122531315 -0.1810223127 0.05587199236 0.685038628 -0.7263610663 0.205543581 -0.7198064411 -0.6630463963 0.0002473173147 0
0.8700702749 0.5307428677 0 -0.03726274843 0.203315958 0.4489135272 -0.004931086894 0.05430851492 0.2470049332 -0.9760791078 -0.1156372819 -0.1841129935 0.05755026868 0.6791993628 -0.7316940564 0.2096605398 -0.724787034 -0.6562973514 0.0002543457653 0
0.8803147182 0.5369919781 0 -0.03809838682 0.2052809492 0.4475436282 -0.005046260994 0.05491876703 0.246818211 -0.974984825 -0.1193936159 -0.1874826806 0.05941272195 0.6728060318 -0.7374294353 0.2141838451 -0.7301213653 -0.6488821715 0.0002621694149 0
0.8905591615 0.5432410885 0 -0.03894165043 0.2072316128 0.4461612288 -0.005162706918 0.05552800692 0.2466294276 -0.9738552936 -0.1232171938 -0.1908491298 0.06130808651 0.6663899271 -0.7430785851 0.2187399957 -0.7353516086 -0.6414131477 0.0002701580626 0
0.9008036048 0.5494901989 0 -0.03979246796 0.2091678239 0.444766446 -0.005280422031 0.05613622359 0.2464385872 -0.9726898914 -0.1271078921 -0.1942111197 0.0632362782 0.6599525508 -0.7486413052 0.2233283421 -0.7404770182 -0.6338913449 0.0002783137247 0
0.9101943445 0.5552185502 0 -0.04057895857 0.2109298822 0.4434771171 -0.005389440224 0.05669284726 0.2462618469 -0.9715895644 -0.1307332021 -0.1972879832 0.06503254203 0.6540342193 -0.7536643871 0.2275620507 -0.7450825926 -0.6269509098 0.0002859381924 0
0.9204387878 0.5614676606 0 -0.04144405302 0.2128380479 0.4420589295 -0.005509580481 0.057299072 0.2460670763 -0.9703536762 -0.1347521093 -0.2006380125 0.0670233689 0.6475602726 -0.7590609734 0.2322102733 -0.7500050415 -0.6193309508 0.0002944196204 0
0.9306832312 0.567716771 0 -0.04231649007 0.2147314042 0.4406287048 -0.005630982079 0.05790424151 0.2458702614 -0.9690801117 -0.1388376306 -0.203980022 0.069046702 0.6410694368 -0.7643706759 0.2368887714 -0.7548205678 -0.6116613609 0.000303073973 0
0.9400739709 0.5734451222 0 -0.04312261147 0.2164538688 0.4393071943 -0.005743372585 0.05845804388 0.2456880559 -0.9678790545 -0.1426410196 -0.207035445 0.07092986402 0.6351059496 -0.7691614832 0.2412034211 -0.759140285 -0.6045882379 0.0003111607779 0
0.9503184142 0.5796942326 0 -0.04400891564 0.218318507 0.4378542367 -0.005867184052 0.05906116033 0.2454873357 -0.9665315592 -0.1468535703 -0.2103586791 0.07301510978 0.6285869385 -0.7743043682 0.245938079 -0.7637489703 -0.5968265842 0.0003201522645 0
0.9605628575 0.5859433431 0 -0.04490234617 0.2201679908 0.4363895964 -0.005992248768 0.05966318974 0.2452845845 -0.9651446 -0.1511320109 -0.2136703449 0.07513242881 0.6220554132 -0.77936011 0.2507010553 -0.7682487736 -0.5890185079 0.0003293226273 0
0.9708073008 0.5921924535 0 -0.04580282782 0.2220022045 0.434913397 -0.006118563905 0.06026412129 0.2450798068 -0.9637175692 -0.1554760432 -0.2169692302 0.07728164702 0.61551287 -0.7843286645 0.2554916709 -0.7726390534 -0.5811651222 0.0003386739162 0
0.9801980405 0.5979208047 0 -0.04663439881 0.2236700554 0.4335501659 -0.0062354488 0.06081400151 0.2448903179 -0.9623737392 -0.1595154173 -0.2199809485 0.0792796266 0.6095071354 -0.7888065623 0.2599067657 -0.7765667283 -0.5739273383 0.0003474066239 0
0.9904424838 0.6041699151 0 -0.04754818279 0.2254746841 0.4320521594 -0.006364152564 0.06141279859 0.2446816694 -0.9608682171 -0.1639842406 -0.2232519611 0.08148945055 0.6029476463 -0.793607967 0.2647484443 -0.780745352 -0.5659902443 0.0003571104336 0
1.000686927 0.6104190256 0 -0.04846879532 0.2272637142 0.4305429585 -0.006494098332 0.06201046633 0.2444710082 -0.9593208693 -0.168517641 -0.2265066764 0.08373059134 0.5963814859 -0.7983221851 0.2696157597 -0.7848126706 -0.5580111238 0.0003670011736 0
1.010077667 0.6161473768 0 -0.04931862278 0.2288898617 0.4291497987 -0.006614303844 0.06255732716 0.2442761381 -0.9578652166 -0.1727296483 -0.2294748251 0.08581228939 0.5903579116 -0.8025669985 0.2740993939 -0.788442772 -0.5506609824 0.0003762336638 0
1.02032211 0.6223964872 0 -0.05025210674 0.2306486887 0.4276194971 -0.006746621881 0.06315280036 0.2440616326 -0.9562360449 -0.1773856894 -0.2326949583 0.08811281407 0.5837831056 -0.8071142531 0.2790139037 -0.7922951488 -0.5426044957 0.0003864884687 0
1.030566554 0.6286455976 0 -0.05119219221 0.232391601 0.4260783734 -0.00688017327 0.06374711298 0.2438451285 -0.9545633253 -0.1821050788 -0.2358953123 0.0904439632 0.5772059401 -0.8115745143 0.2839520163 -0.796034574 -0.5345093165 0.0003969362452 0
1.040810997 0.6348947081 0 -0.05213880037 0.234118493 0.4245265568 -0.007014954988 0.06434025439 0.2436266307 -0.9528464757 -0.1868873462 -0.239074703 0.09280547431 0.5706278835 -0.815947892 0.288913028 -0.7996605144 -0.5263765989 0.000407579073 0
1.050201737 0.6406230593 0 -0.05301218676 0.2356873152 0.4230947758 -0.007139583103 0.06488292941 0.2434245938 -0.9512334367 -0.1913259059 -0.2419697226 0.09499663015 0.5645984646 -0.8198806097 0.2934801342 -0.8028841583 -0.5188896215 0.0004175081252 0
1.06044618 0.6468721697 0 -0.05397107456 0.2373832125 0.4215228286 -0.007276714405 0.06547379634 0.2432022886 -0.949430395 -0.1962272854 -0.2451056456 0.09741555498 0.558022782 -0.8240878499 0.298483056 -0.8062911554 -0.5106882004 0.0004285306289 0
1.070690623 0.6531212801 0 -0.05493625231 0.2390627905 0.41994057 -0.007415067064 0.06606346116 0.2429780042 -0.9475815532 -0.2011900308 -0.2482171862 0.0998640038 0.5514504553 -0.8282086549 0.3035068052 -0.8095832056 -0.502452637 0.0004397542726 0
1.080081363 0.6588496314 0 -0.05582645517 0.2405879825 0.418481221 -0.00754296059 0.06660292225 0.2427706759 -0.945846067 -0.2057926391 -0.251047022 0.1021340851 0.5454300027 -0.8319102961 0.3081295933 -0.8124995396 -0.49487438 0.0004502210979 0
1.090325806 0.6650987418 0 -0.05680346259 0.242236005 0.4168795695 -0.00768364541 0.06719025364 0.2425426125 -0.9439078743 -0.210871399 -0.2541085946 0.1046382392 0.5388681336 -0.8358660021 0.3131912573 -0.8155699772 -0.4865766627 0.0004618361198 0
1.10057025 0.6713478522 0 -0.05778652319 0.2438674222 0.4152679948 -0.007825542379 0.06777635231 0.2423125848 -0.9419222569 -0.2160098053 -0.2571424233 0.1071709729 0.5323138058 -0.8397359077 0.318271652 -0.8185241451 -0.4782482404 0.0004736584038 0
1.110814693 0.6775969626 0 -0.05877555492 0.2454821392 0.4136466313 -0.007968648286 0.0683612078 0.2420805982 -0.9398886693 -0.2212072218 -0.2601473706 0.1097319384 0.5257684382 -0.8435202731 0.3233700529 -0.8213616222 -0.4698903005 0.0004856900562 0
1.120205433 0.6833253139 0 -0.05968734236 0.2469475458 0.4121518978 -0.008100887955 0.06889622436 0.2418662274 -0.9379819459 -0.2260227955 -0.2628755695 0.1121039836 0.5197775934 -0.8469143701 0.3280587844 -0.8238597874 -0.4622039427 0.0004969047975 0
1.130449876 0.6895744243 0 -0.06068758778 0.2485299939 0.4105121512 -0.008246301921 0.06947866805 0.2416305009 -0.9358549132 -0.2313314492 -0.265822012 0.1147180432 0.513253332 -0.8505355888 0.3331896637 -0.8264724907 -0.4537927612 0.0005093436406 0
1.140694319 0.6958235347 0 -0.06169356251 0.2500954735 0.4088630123 -0.008392915304 0.07005983831 0.2413928308 -0.9336783555 -0.2366971217 -0.2687363041 0.1173592508 0.506742116 -0.8540721481 0.3383364225 -0.82896737 -0.4453555486 0.0005219980167 0
1.150085059 0.7015518859 0 -0.06262066754 0.2515155143 0.407343168 -0.008528361728 0.07059145022 0.2411732639 -0.931639227 -0.2416651226 -0.2713785534 0.1198038693 0.500786141 -0.8572399162 0.3430676079 -0.8311505336 -0.4375995966 0.0005337890123 0
1.160329502 0.7078009963 0 -0.06363738904 0.2530482239 0.4056764114 -0.008677264699 0.07117015092 0.2409318839 -0.9293662992 -0.2471380258 -0.2742281498 0.1224959963 0.49430378 -0.8606151893 0.3482427499 -0.8334186039 -0.429115856 0.0005468624234 0
1.170573946 0.7140501068 0 -0.06465959449 0.2545637104 0.4040006648 -0.008827357337 0.0717475482 0.2406885762 -0.92704235 -0.2526657596 -0.2770424068 0.1252140864 0.4878384622 -0.8639068627 0.3534316254 -0.83556786 -0.4206096022 0.0005601575618 0
1.180818389 0.7202992172 0 -0.06568719899 0.2560618895 0.4023160672 -0.008978636244 0.07232363183 0.2404433463 -0.924666881 -0.2582475293 -0.279820251 0.1279577106 0.4813915364 -0.86711534 0.3586334947 -0.8375979956 -0.4120820479 0.0005736765578 0
1.190209129 0.7260275684 0 -0.06663383987 0.2574199457 0.4007641969 -0.009118347758 0.07285054579 0.2402168685 -0.9224436895 -0.2634109231 -0.2823337127 0.1304947546 0.4754991533 -0.8699837207 0.3634126563 -0.8393540616 -0.4042474495 0.0005862674458 0
1.200453572 0.7322766788 0 -0.06767155387 0.2588847228 0.3990630264 -0.009271890759 0.07342408316 0.23996797 -0.9199681086 -0.2690939592 -0.2850388048 0.1332860786 0.4690912049 -0.8730339414 0.3686373561 -0.8411550884 -0.3956824699 0.0006002214687 0
1.210698015 0.7385257893 0 -0.06871441715 0.2603319562 0.3973534145 -0.009426609971 0.07399627727 0.2397171658 -0.9174395985 -0.2748285867 -0.2877044161 0.1361016208 0.4627055125 -0.8760022589 0.373872882 -0.842836198 -0.3870997435 0.0006144055811 0
1.220088755 0.7442541405 0 -0.06967482493 0.2616431087 0.3957789755 -0.009569466195 0.07451959992 0.2394855924 -0.9150749015 -0.2801298985 -0.2901123311 0.1387034056 0.4568726226 -0.8786516784 0.3786809871 -0.8442716664 -0.3792176992 0.0006276116411 0
1.230333198 0.7505032509 0 -0.07072731603 0.2630565004 0.3940535803 -0.009726430003 0.07508919131 0.2392311512 -0.9124436449 -0.2859609299 -0.2926994045 0.1415640344 0.4505332087 -0.8814643793 0.3839351754 -0.8457222797 -0.3706043802 0.0006422427498 0
1.240577642 0.7567523613 0 -0.07178470361 0.264452126 0.392320158 -0.009884559738 0.07565741012 0.2389748208 -0.9097581205 -0.2918409246 -0.2952440295 0.1444474714 0.4442198033 -0.8841966378 0.389198009 -0.8470523249 -0.3619768897 0.0006571102054 0
1.250822085 0.7630014718 0 -0.07284690034 0.2658299124 0.3905788519 -0.01004385182 0.07622424637 0.238716607 -0.9070178863 -0.2977689405 -0.2977452133 0.1473532121 0.4379336653 -0.8868489926 0.3944687375 -0.8482616123 -0.3533364576 0.0006722161593 0
1.260212825 0.768729823 0 -0.07382473051 0.2670771511 0.3889758516 -0.01019088758 0.07674262324 0.2384782616 -0.9044575742 -0.3032443184 -0.2999989662 0.1500359612 0.4321963888 -0.8892106004 0.3993065323 -0.8492638959 -0.3454057446 0.0006862746372 0
1.270457268 0.7749789334 0 -0.07489589948 0.2684205476 0.3872198369 -0.0103523974 0.07730678181 0.2382164544 -0.9016112782 -0.3092616665 -0.3024141608 0.1529830024 0.4259659787 -0.8917113804 0.4045902915 -0.8502412638 -0.3367439523 0.0007018437352 0
1.280701711 0.7812280438 0 -0.07597162106 0.2697459013 0.3854563589 -0.01051505898 0.07786952892 0.237952781 -0.8987090365 -0.3153241713 -0.3047830945 0.1559508165 0.419766423 -0.8941339346 0.4098797513 -0.8510974193 -0.3280728156 0.0007176576209 0
1.290092451 0.7869563951 0 -0.07696162288 0.2709449021 0.3838334051 -0.01066517408 0.07838413209 0.237709446 -0.8959991554 -0.3209202645 -0.3069131755 0.1586890961 0.4141116263 -0.8962864116 0.4147327865 -0.8517756423 -0.3201171208 0.000732370568 0
1.300336894 0.7932055055 0 -0.07804582252 0.2722354894 0.3820560287 -0.0108300329 0.07894414639 0.2374422125 -0.8929885607 -0.327066449 -0.3091908285 0.1616951939 0.4079745469 -0.8985607566 0.420031064 -0.8523991477 -0.3114315305 0.0007486596738 0
1.310581338 0.7994546159 0 -0.0791343157 0.2735078446 0.3802716136 -0.01099603267 0.07950272061 0.2371731302 -0.8899208664 -0.3332547581 -0.3114195206 0.1647204484 0.4018717745 -0.9007587084 0.4253328408 -0.8529011332 -0.3027402046 0.0007651998783 0
1.320825781 0.8057037263 0 -0.08022701304 0.2747619062 0.3784803065 -0.01116316965 0.08005984501 0.2369022053 -0.8867956966 -0.3394841151 -0.3135983549 0.1677642863 0.3958044606 -0.9028809297 0.4306373611 -0.8532815272 -0.2940443821 0.0007819933499 0
1.330216521 0.8114320775 0 -0.08123226898 0.2758953408 0.3768323459 -0.01131737431 0.08056926047 0.236652244 -0.8838801546 -0.3452294832 -0.3155510676 0.1705702988 0.3902748742 -0.9047603526 0.4355016022 -0.8535233602 -0.28607032 0.0007976117072 0
1.340460964 0.817681188 0 -0.08233277358 0.2771141734 0.37502824 -0.01148668032 0.08112357898 0.2363778046 -0.8806438106 -0.3515344383 -0.3176318901 0.173648119 0.3842786771 -0.9067393391 0.4408092668 -0.853670567 -0.2773693446 0.0008148966759 0
1.350705407 0.8239302984 0 -0.08343722024 0.2783145422 0.3732176717 -0.01165711244 0.08167641949 0.2361015405 -0.8773489543 -0.3578771963 -0.319660327 0.1767427979 0.3783211968 -0.9086446255 0.4461174685 -0.8536960726 -0.2686674894 0.0008324412481 0
1.360096147 0.8296586496 0 -0.0844530155 0.2793986135 0.3715524336 -0.01181432783 0.08218188338 0.2358467009 -0.8742769823 -0.3637236205 -0.3214729944 0.1795938769 0.3728951092 -0.9103270165 0.4509831456 -0.8536125383 -0.2606910757 0.0008487536857 0
1.37034059 0.83590776 0 -0.08556476505 0.2805634413 0.3697298934 -0.01198690749 0.08273186428 0.2355669571 -0.8708690523 -0.3701356128 -0.3233987043 0.1827191587 0.3670148445 -0.9120930944 0.4562902616 -0.8534047879 -0.251991002 0.000866801916 0
1.380585034 0.8421568705 0 -0.08668019254 0.2817096498 0.3679013237 -0.01216060194 0.08328033932 0.2352854069 -0.8674016655 -0.3765820143 -0.3252696378 0.185859499 0.3611764004 -0.9137876419 0.4615957077 -0.8530753743 -0.2432936668 0.0008851161024 0
1.390829477 0.8484059809 0 -0.08779920697 0.282837189 0.3660668738 -0.01233540724 0.08382729902 0.2350020568 -0.86387452 -0.3830616287 -0.3270850079 0.1890142636 0.355380804 -0.9154114333 0.4668987276 -0.8526243445 -0.2346003098 0.0009036984263 0
1.400220217 0.8541343321 0 -0.08882804337 0.2838543249 0.3643802568 -0.01249661791 0.08432733949 0.2347407435 -0.8605885587 -0.3890294167 -0.3286996282 0.1919182545 0.3501066755 -0.916838426 0.4717570522 -0.8521041185 -0.2266359526 0.0009209696389 0
1.41046466 0.8603834425 0 -0.08995367778 0.2849459479 0.3625349545 -0.01267354127 0.08487136844 0.2344539613 -0.8569460738 -0.3955692871 -0.3304063646 0.1950988646 0.3443960035 -0.9183288223 0.4770533091 -0.8514201852 -0.2179536842 0.0009400719957 0
1.420709103 0.866632553 0 -0.09108263267 0.2860187657 0.3606842087 -0.01285156387 0.08541385463 0.234165398 -0.8532430156 -0.4021387908 -0.3320553407 0.1982920044 0.3387310629 -0.9197508076 0.4823449361 -0.8506148717 -0.2092790067 0.0009594488606 0
1.430099843 0.8723609042 0 -0.09212034662 0.2869856251 0.3589830383 -0.01301571348 0.08590977041 0.2338993225 -0.8497951146 -0.4081857943 -0.3335155477 0.2012294885 0.3335791855 -0.9209949077 0.4871908826 -0.8497701362 -0.2013349436 0.0009774540019 0
1.440344286 0.8786100146 0 -0.09325540929 0.2880222801 0.3571222799 -0.01319583169 0.08644927362 0.2336073634 -0.8459752518 -0.4148085684 -0.3350518243 0.2044447791 0.3280045324 -0.9222881106 0.4924715278 -0.8487325128 -0.1926782708 0.0009973631201 0
1.45058873 0.884859125 0 -0.09439352449 0.2890400085 0.3552565172 -0.01337703734 0.086987207 0.2333136423 -0.8420941022 -0.4214572683 -0.3365282961 0.2076706399 0.3224783218 -0.9235153693 0.497745345 -0.8475738923 -0.1840327922 0.001017553127 0
1.460833173 0.8911082355 0 -0.09553460006 0.2900387722 0.3533859015 -0.01355932632 0.08752356133 0.2330181656 -0.8381514449 -0.4281305954 -0.3379442981 0.2109063852 0.317001442 -0.9246775559 0.5030115824 -0.8462944399 -0.1753997404 0.001038026212 0
1.470223913 0.8968365867 0 -0.09658310777 0.2909376145 0.3516670364 -0.01372737271 0.0880138245 0.2327457756 -0.8344831316 -0.4342683256 -0.3391886267 0.213880577 0.3120250457 -0.9256864856 0.5078316669 -0.8450156166 -0.1674980772 0.001057043753 0
1.480468356 0.9030856971 0 -0.09772959926 0.2918999287 0.3497875422 -0.01391172653 0.08854712675 0.232446953 -0.8304220131 -0.4409851755 -0.3404869383 0.2171333262 0.3066451223 -0.9267264362 0.5130812789 -0.8435050942 -0.1588922818 0.001078065526 0
1.490712799 0.9093348075 0 -0.09887878153 0.2928431767 0.3479036368 -0.01409715159 0.08907882335 0.2321463944 -0.8262988144 -0.4477227889 -0.3417229486 0.2203939218 0.3013169983 -0.9277039322 0.5183211249 -0.8418743201 -0.1503024971 0.001099376767 0
1.500103539 0.9150631588 0 -0.09993448326 0.2936910448 0.3461729783 -0.01426806203 0.08956479364 0.2318693632 -0.8224645331 -0.4539160227 -0.3428007236 0.2233890867 0.2964790757 -0.928545892 0.5231150999 -0.8402740041 -0.1424436388 0.001119168232 0
1.510347982 0.9213122692 0 -0.1010885638 0.294597663 0.344281043 -0.01445552856 0.09009338748 0.2315654964 -0.8182218789 -0.4606896515 -0.34391569 0.2266627283 0.2912524608 -0.9294062684 0.5283341409 -0.8384134118 -0.1338879624 0.001141040412 0
1.520592426 0.9275613796 0 -0.1022450646 0.2954851283 0.3423851401 -0.01464405402 0.0906203494 0.2312599135 -0.8139166804 -0.4674800758 -0.3449666884 0.2299421256 0.2860799261 -0.9302069096 0.5335412414 -0.8364332936 -0.1253518615 0.00116320845 0
1.530836869 0.93381049 0 -0.1034038927 0.2963534143 0.3404854219 -0.01483363416 0.09114567047 0.2309526214 -0.8095488038 -0.4742859129 -0.3459531861 0.2332265507 0.2809622095 -0.9309487703 0.538735659 -0.8343339317 -0.1168365531 0.001185674541 0
1.540227609 0.9395388412 0 -0.1044681168 0.2971324738 0.3387407921 -0.01500833879 0.09162576577 0.2306694414 -0.8054897529 -0.4805369469 -0.3468003756 0.2362410644 0.2763197361 -0.9315779961 0.5434854344 -0.8323050198 -0.1090501561 0.001206532158 0
1.550472052 0.9457879517 0 -0.1056311455 0.2979639326 0.3368341876 -0.01519992838 0.09214791712 0.2303588927 -0.801001418 -0.4873684221 -0.347661832 0.2395330725 0.2713090653 -0.9322099003 0.5486534749 -0.8299779589 -0.1005780905 0.001229575638 0
1.560716495 0.9520370621 0 -0.1067962302 0.2987761454 0.3349242128 -0.01539256008 0.09266840184 0.2300466551 -0.7964500908 -0.4942112183 -0.3484573498 0.2428279558 0.2663552323 -0.9327858672 0.5538066782 -0.8275325746 -0.09213034908 0.00125292356 0
1.570107235 0.9577654133 0 -0.1078659508 0.2995037501 0.3331705724 -0.01557005088 0.09314404128 0.2297589596 -0.792222634 -0.5004925123 -0.3491282621 0.2458501531 0.2618647018 -0.9332655464 0.5585167862 -0.8251873261 -0.08440898301 0.001274595135 0
