0.007645217487 0.002286225837 -0.001086691214 -1.485684239e-06 0.001949520114 0.5099950318 -1.868584943e-07 0.0004856618254 0.2549993831 -1 -4.35702358e-08 -8.652118161e-06 2.224692174e-08 0.999971067 -0.007606911475 8.652199265e-06 -0.007606911474 -0.999971067 2.809201273e-08 -0.001445299314 0
0.01523975176 0.004557295366 -0.002166178315 -5.903349572e-06 0.00388605476 0.509980259 -7.469057356e-07 0.0009700422781 0.2549975341 -0.9999999994 -3.47062629e-07 -3.437789439e-05 1.742465311e-07 0.9998850363 -0.01516291994 3.437920466e-05 -0.01516291994 -0.9998850357 4.840147485e-08 -0.002881017159 0
0.02188496925 0.006544481203 -0.003110729529 -1.217387283e-05 0.005580424504 0.5099592902 -1.545016587e-06 0.001394469422 0.2549948989 -0.9999999975 -1.02856471e-06 -7.089050187e-05 5.152255084e-07 0.9997629256 -0.02177366967 7.089609117e-05 -0.02177366965 -0.999762923 3.191596477e-08 -0.004137270273 0
0.02947950352 0.008815550732 -0.00419021663 -2.208858935e-05 0.007516680331 0.509926135 -2.808748482e-06 0.001879589878 0.2549907262 -0.9999999917 -2.514553377e-06 -0.0001286155001 1.258502429e-06 0.9995698557 -0.02932752407 0.0001286339225 -0.02932752399 -0.9995698474 1.982587041e-08 -0.005572988118 0
0.03707403779 0.01108662026 -0.005269703731 -3.493457552e-05 0.00945270001 0.5098831776 -4.447021525e-06 0.002364637152 0.2549853168 -0.9999999793 -5.001931407e-06 -0.0002033933723 2.502528262e-06 0.9993197178 -0.03687955418 0.0002034394764 -0.03687955392 -0.9993196972 9.868398978e-08 -0.007008705962 0
0.04371925528 0.0130738061 -0.006214254945 -4.857899255e-05 0.0111464757 0.5098375502 -6.187532329e-06 0.002788982395 0.2549795697 -0.99999996 -8.202454242e-06 -0.0002828023979 4.103169459e-06 0.9990540489 -0.04348571479 0.0002828915702 -0.04348571421 -0.9990540089 1.875081272e-07 -0.008264959077 0
0.05131378955 0.01534487563 -0.007293742046 -6.691971715e-05 0.01308188869 0.5097762182 -8.527439866e-06 0.003273875876 0.2549718435 -0.9999999241 -1.326197076e-05 -0.000389516482 6.633528002e-06 0.9986969645 -0.05103305856 0.0003896857271 -0.05103305727 -0.9986968886 3.099516406e-07 -0.009700676921 0
0.05890832382 0.01761594515 -0.008373229147 -8.81900213e-05 0.01501689072 0.5097050895 -1.124140119e-05 0.003758701655 0.2549628822 -0.9999998681 -2.006336934e-05 -0.0005132374011 1.003510759e-05 0.9982828799 -0.05857722825 0.0005135313674 -0.05857722567 -0.998282748 4.538721611e-07 -0.01113639477 0
0.0655535413 0.01960313099 -0.009317780361 -0.0001092040805 0.01670963259 0.5096348178 -1.392291097e-05 0.00418287413 0.254954028 -0.9999997977 -2.764564139e-05 -0.0006354270316 1.382735461e-05 0.9978738229 -0.06517540427 0.0006358778171 -0.06517539988 -0.9978736207 5.97058345e-07 -0.01239264788 0
0.07314807558 0.02187420052 -0.01039726746 -0.0001359650983 0.01864370027 0.5095453281 -1.733807096e-05 0.004667588987 0.2549427514 -0.9999996864 -3.84059583e-05 -0.0007909745491 1.920933522e-05 0.9973529528 -0.07271235867 0.00079167339 -0.07271235106 -0.9973526394 7.802055621e-07 -0.01382836572 0
0.08074260985 0.02414527005 -0.01147675456 -0.0001656530928 0.0205771823 0.5094460504 -2.112713757e-05 0.005152248249 0.2549302402 -0.9999995345 -5.164671144e-05 -0.0009634580324 2.583234046e-05 0.9967751867 -0.08024479144 0.0009644954397 -0.08024477898 -0.9967747214 9.840427202e-07 -0.01526408357 0
0.08738782733 0.02613245589 -0.01242130578 -0.0001940302464 0.02226845094 0.5093511562 -2.474925686e-05 0.005576279679 0.2549182802 -0.9999993614 -6.546858463e-05 -0.001128249994 3.274645517e-05 0.9962230038 -0.08683159304 0.001129673339 -0.08683157454 -0.9962223655 1.179328882e-06 -0.01652033668 0
0.09498236161 0.02840352541 -0.01350079288 -0.0002292032192 0.02420067129 0.5092335366 -2.923928011e-05 0.006060834339 0.2549034545 -0.9999991088 -8.405062964e-05 -0.001332403965 4.20424101e-05 0.9955386817 -0.09435428668 0.001334390224 -0.09435425861 -0.995537791 1.421848108e-06 -0.01795605453 0
0.1025768959 0.03067459494 -0.01458027998 -0.000267299654 0.02613213152 0.5091061408 -3.410308116e-05 0.006545331231 0.2548873946 -0.9999987879 -0.000105848904 -0.001553398271 5.294824099e-05 0.9947976042 -0.1018711143 0.001556099824 -0.1018710731 -0.9947963927 1.685004762e-06 -0.01939177237 0
0.1101714301 0.03294566447 -0.01565976708 -0.000308318115 0.02806277102 0.5089689737 -3.934061114e-05 0.007029768179 0.2548701007 -0.9999983872 -0.000131118538 -0.001791193862 6.559196879e-05 0.9939998286 -0.1093816094 0.001794788348 -0.1093815504 -0.9939982169 1.968831704e-06 -0.02082749022 0
0.1168166476 0.03493285031 -0.01660431829 -0.0003466050302 0.02975135968 0.5088409409 -4.422998374e-05 0.007453599311 0.2548539564 -0.9999979617 -0.0001562772783 -0.002013014339 7.818136801e-05 0.9932553133 -0.1159477313 0.002017557184 -0.1159476524 -0.9932532765 2.234173206e-06 -0.02208374333 0
0.1244111819 0.03720391984 -0.0176838054 -0.0003930980365 0.03168029701 0.5086854667 -5.016811339e-05 0.007937916665 0.2548343493 -0.999997378 -0.0001887417133 -0.002282196713 9.442813829e-05 0.992351399 -0.1234450967 0.00228804034 -0.1234449886 -0.9923487792 2.55689299e-06 -0.02351946118 0
0.1320057162 0.03947498937 -0.0187632925 -0.0004425083276 0.03360823949 0.508520237 -5.647981446e-05 0.008422165914 0.2548135086 -0.9999966771 -0.0002254082829 -0.002568051518 0.0001127799258 0.9913909763 -0.130934791 0.002575456888 -0.1309346455 -0.9913876566 2.900447129e-06 -0.02495517902 0
0.1386509337 0.0414621752 -0.01970784371 -0.0004881339561 0.03529432554 0.5083676633 -6.230895017e-05 0.008845825594 0.2547942614 -0.9999959563 -0.0002611376008 -0.002831811394 0.0001306646148 0.9905043101 -0.1374816156 0.00284082301 -0.1374814297 -0.9905002707 3.218205863e-06 -0.02621143214 0
0.1462454679 0.04373324473 -0.02078733081 -0.0005430090506 0.03722023972 0.5081841591 -6.932093001e-05 0.009329938309 0.2547711085 -0.9999949956 -0.0003063649575 -0.003148788379 0.0001533063403 0.9894381379 -0.1449556754 0.003159940649 -0.1449554327 -0.9894331394 3.601029981e-06 -0.02764714998 0
0.1538400022 0.04600431426 -0.02186681791 -0.0006007957802 0.03914498529 0.5079909183 -7.670629606e-05 0.00981397328 0.2547467228 -0.9999938733 -0.000356520543 -0.003482284436 0.0001784185883 0.9883156828 -0.1524207309 0.003495937442 -0.1524204184 -0.9883095641 4.004920133e-06 -0.02908286783 0
0.1604852197 0.0479915001 -0.02281136913 -0.0006537459101 0.04082813162 0.5078138513 -8.347472886e-05 0.01023743733 0.2547243742 -0.9999927452 -0.0004046469467 -0.00378759793 0.0002025180162 0.9872874334 -0.1589449048 0.00380376441 -0.1589445187 -0.9872801889 4.375677482e-06 -0.03033912094 0
0.168079754 0.05026256963 -0.02389085623 -0.0007169860002 0.04275052346 0.5076023743 -9.155999946e-05 0.01072131696 0.2546976775 -0.9999912728 -0.0004647197674 -0.004151905751 0.0002326038065 0.9860596859 -0.1663918321 0.004171352454 -0.1663913457 -0.9860509723 4.819320721e-06 -0.03177483878 0
0.1756742882 0.05253363915 -0.02497034333 -0.0007831311698 0.04467157335 0.5073811826 -0.0001000184421 0.01120510853 0.2546697488 -0.9999895872 -0.0005304414191 -0.004532554928 0.0002655237292 0.9847759172 -0.1738284283 0.004555756734 -0.1738278218 -0.9847655221 5.28431144e-06 -0.03321055663 0
0.1823195057 0.05452082499 -0.02591489454 -0.0008433893096 0.04635134386 0.5071796773 -0.0001077256334 0.01162835102 0.2546443006 -0.999987922 -0.0005927776018 -0.00487897499 0.0002967525774 0.9836067427 -0.1803266139 0.004905886275 -0.1803258838 -0.9835946868 5.708774881e-06 -0.03446680974 0
0.18991404 0.05679189452 -0.02699438164 -0.0009149747001 0.0482697154 0.5069402933 -0.0001168835518 0.01211196754 0.2546140623 -0.9999857831 -0.0006697618827 -0.005290080001 0.0003353258314 0.9822182056 -0.187742601 0.005321755723 -0.1877417058 -0.9822040169 6.214087819e-06 -0.03590252759 0
0.1975085743 0.05906296405 -0.02807386875 -0.0009894577107 0.05018657209 0.5066912195 -0.0001264143989 0.01259548534 0.2545825928 -0.9999833724 -0.000753109299 -0.005717324468 0.0003770946534 0.9807739447 -0.1951469376 0.005754369844 -0.1951458488 -0.9807573527 6.741072951e-06 -0.03733824543 0
0.2041537918 0.06105014989 -0.02901841996 -0.001057005096 0.05186253187 0.5064653388 -0.0001350597363 0.01301847949 0.2545540471 -0.9999810227 -0.0008314521107 -0.006104343209 0.0004163621343 0.9794645933 -0.2016158159 0.006146621934 -0.2016145313 -0.9794456594 7.22005909e-06 -0.03859449855 0
0.211748326 0.06332121941 -0.03009790706 -0.001136913496 0.05377638652 0.5061981223 -0.0001452895751 0.01350180206 0.2545202697 -0.9999780422 -0.0009273949899 -0.006561642414 0.0004644597401 0.977916155 -0.2089970769 0.006610558962 -0.2089955354 -0.9778942513 7.788013504e-06 -0.04003021639 0
0.2193428603 0.06559228894 -0.03117739416 -0.001219711156 0.05568855396 0.5059212441 -0.0001558920699 0.01398501507 0.2544852619 -0.9999747242 -0.00103040821 -0.007034855187 0.0005161118988 0.9763123258 -0.2163653763 0.00709116049 -0.2163635383 -0.976287117 8.37800512e-06 -0.04146593424 0
0.2259880778 0.06757947478 -0.03212194538 -0.001294526756 0.0573602694 0.5056710582 -0.0001654748671 0.0144077336 0.254453621 -0.999971525 -0.001126536645 -0.007461904376 0.0005643210586 0.974863635 -0.2228016488 0.007525333446 -0.2227995155 -0.9748352401 8.912432033e-06 -0.04272218735 0
0.2335826121 0.06985054431 -0.03320143248 -0.001382733288 0.05926911215 0.5053760925 -0.0001767758145 0.01489073094 0.2544163072 -0.9999675079 -0.001243464107 -0.007964726015 0.0006229725993 0.9731562858 -0.2301444226 0.008037099515 -0.2301419065 -0.9731238913 9.544113785e-06 -0.04415790519 0
0.2411771463 0.07212161384 -0.03428091958 -0.001473819821 0.0611760959 0.505071496 -0.0001884491154 0.01537360779 0.254377764 -0.9999630809 -0.001368161223 -0.008483211563 0.0006855349515 0.9713939141 -0.2374729327 0.008565441342 -0.2374699809 -0.9713571132 1.019823633e-05 -0.04559362304 0
0.2478223638 0.07410879967 -0.03522547079 -0.001555880346 0.06284313488 0.5047970828 -0.000198968612 0.01579602317 0.2543430306 -0.99995885 -0.001483834422 -0.008949663176 0.000743581979 0.9698068101 -0.2438733241 0.009041311929 -0.2438699436 -0.9697657992 1.078911919e-05 -0.04684987615 0
0.2554168981 0.0763798692 -0.03630495789 -0.001652357554 0.06474647244 0.5044744598 -0.0002113397711 0.01627866377 0.2543021833 -0.9999535816 -0.001623749022 -0.009497267373 0.0008138089438 0.9679416416 -0.2511738765 0.009600643907 -0.2511699464 -0.9678953898 1.148572385e-05 -0.048285594 0
0.2630114324 0.07865093873 -0.03738444499 -0.001751704611 0.06664777987 0.5041422398 -0.0002240829519 0.01676117286 0.2542601079 -0.999947824 -0.001772123912 -0.01006026229 0.0008882999795 0.9660218537 -0.2584588733 0.01017645438 -0.2584543245 -0.9659698763 1.220521025e-05 -0.04972131184 0
0.2696566498 0.08063812457 -0.03832899621 -0.001840984521 0.06830971186 0.5038436847 -0.0002355383133 0.01718325742 0.2542222846 -0.9999423619 -0.001909079184 -0.01056542913 0.0009570735193 0.9642973508 -0.2648201337 0.01069377792 -0.2648149819 -0.9642399434 1.285365823e-05 -0.05097756496 0
0.2772511841 0.0829091941 -0.03940848331 -0.001945702381 0.07020705286 0.5034935046 -0.0002489787026 0.0176655096 0.2541779073 -0.9999356079 -0.002073957793 -0.01115700861 0.001039888521 0.9622755548 -0.2720747605 0.01130038822 -0.2720688431 -0.9622114351 1.361648778e-05 -0.0524132828 0
0.2848457184 0.08518026363 -0.04048797041 -0.002053279047 0.07210219329 0.5031337646 -0.0002627907524 0.01814761924 0.254132303 -0.9999282786 -0.00224797787 -0.01176368238 0.001127317584 0.9601995773 -0.2793125507 0.01192337128 -0.2793057795 -0.9601281762 1.440267635e-05 -0.05384900065 0
0.2914909359 0.08716744946 -0.04143252162 -0.002149750564 0.07375858955 0.5028111605 -0.0002751810697 0.01856934522 0.2540913931 -0.999921369 -0.002407928733 -0.01230681871 0.001207698056 0.9583387771 -0.2856314578 0.01248188179 -0.2856238613 -0.9582605139 1.510988999e-05 -0.05510525376 0
0.2990854701 0.08943851899 -0.04251200873 -0.002262676495 0.07564944468 0.5024335323 -0.000289689623 0.01905117724 0.2540434893 -0.9999128757 -0.00259972031 -0.01294149961 0.001304104056 0.9561616448 -0.2928364872 0.01313545851 -0.2928278511 -0.9560749496 1.594034996e-05 -0.05654097161 0
0.3066800044 0.09170958852 -0.04359149583 -0.002378449304 0.07753792957 0.5020463841 -0.0003045694461 0.01953285566 0.2539943598 -0.9999037146 -0.002801324304 -0.01359095536 0.00140547057 0.9539308033 -0.300023411 0.01380529384 -0.3000136248 -0.9538350165 1.679468159e-05 -0.05797668945 0
0.3133252219 0.09369677436 -0.04453604704 -0.002482082418 0.07918836326 0.5016998314 -0.0003178937364 0.01995419526 0.2539503664 -0.9998951243 -0.002985958548 -0.01417125769 0.001498329496 0.9519348939 -0.3062967723 0.01440470415 -0.3062858824 -0.9518305851 1.756195044e-05 -0.05923294256 0
0.3209197562 0.09596784389 -0.04561553414 -0.002603181295 0.08107224546 0.5012948726 -0.0003334693028 0.02043557533 0.2538989401 -0.9998846192 -0.00320658193 -0.01484810036 0.001609319037 0.9496038151 -0.3134485675 0.01510491126 -0.3134362969 -0.9494890886 1.846154719e-05 -0.06066866041 0
0.3285142904 0.09823891341 -0.04669502124 -0.002727114238 0.08295358857 0.5008804366 -0.0003494157188 0.02091679074 0.2538462895 -0.9998733471 -0.003437677691 -0.0155393758 0.001725611743 0.9472195333 -0.3205810008 0.01582125445 -0.3205672132 -0.947093633 1.93855627e-05 -0.06210437825 0
0.3351595079 0.1002260993 -0.04763957246 -0.002837876721 0.08459763492 0.5005100431 -0.0003636729253 0.02133771613 0.2537992163 -0.9998628263 -0.003648655464 -0.01615598361 0.00183181108 0.9450897881 -0.3268056561 0.01646125637 -0.3267904217 -0.9449534631 2.0214263e-05 -0.06336063137 0
0.3427540422 0.1024971688 -0.04871905956 -0.002967110888 0.08647405954 0.5000778796 -0.0003803142693 0.02181861245 0.2537442715 -0.9998500181 -0.003899997193 -0.01687398356 0.001958365527 0.9426062498 -0.3339006179 0.01720773383 -0.3338835843 -0.9424572383 2.118460108e-05 -0.06479634921 0
0.3503485765 0.1047682383 -0.04979854666 -0.003099165432 0.08834777709 0.4996362847 -0.0003973260134 0.02229933306 0.253688104 -0.999836337 -0.004162459521 -0.01760605188 0.002090561726 0.9400700484 -0.3409749752 0.01797021657 -0.3409559767 -0.9399074919 2.217993857e-05 -0.06623206706 0
0.356993794 0.1067554241 -0.05074309787 -0.003217022848 0.08998501353 0.4992421654 -0.0004125150052 0.02271981643 0.2536379547 -0.9998236201 -0.004401411442 -0.01825804848 0.002210953207 0.9378078256 -0.3471477984 0.01865048104 -0.3471269362 -0.9376326838 2.307153092e-05 -0.06748832017 0
0.3645883282 0.1090264937 -0.05182258497 -0.003354352131 0.09185349851 0.4987829316 -0.0004302208069 0.02320019722 0.253579496 -0.9998081987 -0.00468532361 -0.01901613735 0.002354041999 0.9351734111 -0.3541823677 0.01944284505 -0.3541591999 -0.9349830142 2.411431045e-05 -0.06892403802 0
0.3721828625 0.1112975632 -0.05290207208 -0.003494487229 0.09371910936 0.498314315 -0.0004482965298 0.02368039123 0.2535198161 -0.9997917925 -0.004980992122 -0.01978790822 0.002503106804 0.9324869066 -0.3611951044 0.02025107529 -0.3611694321 -0.9322802879 2.518270265e-05 -0.07035975586 0
0.37882808 0.113284749 -0.05384662329 -0.003619402948 0.09534911569 0.4978965926 -0.0004644161022 0.02410040477 0.253466595 -0.9997765974 -0.005249517417 -0.02047432165 0.002638531289 0.9300936477 -0.3673130063 0.02097125253 -0.3672849698 -0.9298720114 2.613872969e-05 -0.07161600898 0
0.3864226143 0.1155558186 -0.05492611039 -0.003764784669 0.09720918168 0.4974104311 -0.0004831849573 0.02458023825 0.253404627 -0.9997582349 -0.005567815557 -0.02127136827 0.002799111192 0.9273100355 -0.3742836665 0.02180909568 -0.3742527187 -0.9270702594 2.725574371e-05 -0.07305172682 0
0.3940171485 0.1178268881 -0.05600559749 -0.003912956779 0.0990662075 0.4969149385 -0.0005023232254 0.02505987391 0.2533414396 -0.9997387693 -0.005898492577 -0.02208168889 0.002965996796 0.9244749391 -0.3812312814 0.02266265788 -0.3811971863 -0.9242159429 2.839901536e-05 -0.07448744466 0
0.400662366 0.1198140739 -0.05695014871 -0.004044891989 0.100688566 0.4964737427 -0.0005193720999 0.02547938983 0.2532851509 -0.9997207984 -0.006198157247 -0.02280149286 0.003117283627 0.9219521681 -0.3872912113 0.0234223776 -0.3872541577 -0.9216754361 2.942109949e-05 -0.07574369778 0
0.4082569003 0.1220851435 -0.05802963581 -0.004198280986 0.1025397366 0.4959608046 -0.0005392025198 0.02595864425 0.2532196787 -0.9996991489 -0.006552618246 -0.02363630431 0.003296298013 0.9190211302 -0.394194491 0.02430526911 -0.3941538094 -0.9187230423 3.06142313e-05 -0.07717941562 0
0.4158514346 0.124356213 -0.05910912291 -0.00435444408 0.104387702 0.4954385899 -0.0005594018153 0.02643768983 0.253152989 -0.9996762718 -0.006920066735 -0.02448396058 0.003481942956 0.9160392462 -0.4010735287 0.02520372438 -0.4010289417 -0.9157186032 3.183429646e-05 -0.07861513347 0
0.422496652 0.1263433988 -0.06005367412 -0.004493357807 0.1060019976 0.4949740576 -0.0005773786399 0.02685668038 0.2530936371 -0.9996552121 -0.007252401757 -0.02523607545 0.003649909325 0.9133885683 -0.4070724768 0.02600259597 -0.4070242326 -0.9130471724 3.292413747e-05 -0.07987138658 0
0.4300911863 0.1286144684 -0.06113316122 -0.004654706444 0.1078437995 0.4944345023 -0.000598269052 0.02733532404 0.2530246661 -0.9996299122 -0.007644761804 -0.02610739825 0.003848287447 0.9103119693 -0.4139049518 0.02693008188 -0.4138522394 -0.9099456548 3.419535797e-05 -0.08130710443 0
0.4376857206 0.1308855379 -0.06221264832 -0.004818812035 0.1096822322 0.4938857275 -0.0006195277729 0.02781374784 0.2529544794 -0.9996032542 -0.008050703326 -0.02699111591 0.004053615903 0.9071851942 -0.4207120056 0.02787296827 -0.4206545015 -0.9067926378 3.549421741e-05 -0.08274282227 0
0.4443309381 0.1328727237 -0.06315719954 -0.004964661149 0.1112880526 0.4933980031 -0.0006384311219 0.0282321853 0.2528920693 -0.9995787777 -0.008417202878 -0.02777440978 0.004239066233 0.9044082947 -0.4266470049 0.02871058098 -0.4265850293 -0.9039916567 3.665359019e-05 -0.08399907539 0
0.4519254723 0.1351437933 -0.06423668664 -0.00513391934 0.1131200156 0.4928319979 -0.0006603798695 0.02871018653 0.252819605 -0.9995494468 -0.008849155461 -0.02868093112 0.004457722517 0.9011880901 -0.433405301 0.02968218442 -0.4333378805 -0.9007426099 3.800495524e-05 -0.08543479323 0
0.4595200066 0.1374148628 -0.06531617374 -0.005305916491 0.1149484468 0.4922568336 -0.0006826963301 0.0291879569 0.252745927 -0.9995186216 -0.009295268184 -0.029599377 0.004683643592 0.8979184106 -0.4401370143 0.03066901714 -0.4400637748 -0.8974426363 3.938469373e-05 -0.08687051108 0
0.4661652241 0.1394020486 -0.06626072495 -0.005458655731 0.1165453827 0.4917460683 -0.0007025247045 0.02960581359 0.2526804637 -0.9994903853 -0.009697387912 -0.03041266678 0.004887368919 0.8950170535 -0.4460051431 0.03154494029 -0.4459264902 -0.8945135449 4.061544596e-05 -0.08812676419 0
0.4737597584 0.1416731181 -0.06734021206 -0.005635770954 0.1183670401 0.4911537889 -0.0007255300472 0.03008314079 0.2526045119 -0.9994566262 -0.01017058184 -0.03135301577 0.005127202266 0.8916552883 -0.4526859382 0.0325601617 -0.4526007138 -0.8911186395 4.204909372e-05 -0.08956248203 0
0.4813542926 0.1439441877 -0.06841969916 -0.005815606304 0.1201850042 0.4905524134 -0.0007489024778 0.03056022614 0.2525273486 -0.9994212307 -0.01065849858 -0.03230479911 0.005374609304 0.8882447802 -0.4593390078 0.03359043335 -0.4592467822 -0.8876734061 4.351187746e-05 -0.09099819988 0
0.4879995101 0.1459313735 -0.06936425037 -0.005975188286 0.1217726492 0.4900187658 -0.0007696543053 0.03097747442 0.2524588375 -0.9993888774 -0.01109765389 -0.0331468517 0.005597386677 0.8852208068 -0.465137391 0.03450421658 -0.4650386708 -0.8846177105 4.48159273e-05 -0.09225445299 0
0.4955940444 0.148202443 -0.07044373747 -0.006160105607 0.1235835379 0.4894003959 -0.0007937144188 0.03145409601 0.2523794045 -0.9993502764 -0.01161369137 -0.03411960073 0.005859279785 0.8817196139 -0.4717374177 0.03556253396 -0.4716308351 -0.8810786921 4.633407567e-05 -0.09369017084 0
0.5031885787 0.1504735126 -0.07152322457 -0.006347723384 0.125390573 0.4887729956 -0.0008181409662 0.03193046479 0.2522987621 -0.9993098915 -0.01214499767 -0.03510327451 0.006129049686 0.8781704404 -0.4783085954 0.03663571481 -0.4781936602 -0.8774899701 4.788214966e-05 -0.09512588868 0
0.5098337962 0.1524606984 -0.07246777579 -0.006514098628 0.1269685241 0.4882166311 -0.0008398146013 0.03234707709 0.2522272086 -0.9992730498 -0.01262256208 -0.03597280799 0.006371641577 0.8750257681 -0.4840344072 0.03758688829 -0.4839117441 -0.8743092415 4.926148348e-05 -0.0963821418 0
0.5174283304 0.1547317679 -0.07354726289 -0.006706760716 0.1287681846 0.4875723625 -0.0008649275779 0.03282296157 0.2521443009 -0.9992291774 -0.0131829968 -0.03697647413 0.006656460266 0.8713873669 -0.4905504545 0.0386877575 -0.4904184595 -0.8706279297 5.086642749e-05 -0.09781785964 0
0.5250228647 0.1570028375 -0.07462674999 -0.006902102763 0.1305638327 0.486919132 -0.0008904063053 0.0332985823 0.252060186 -0.9991833679 -0.01375922907 -0.03799053651 0.006949452825 0.8677017767 -0.4970365497 0.03980329577 -0.4968946672 -0.8668975645 5.2502113e-05 -0.09925357749 0
0.5316680822 0.1589900233 -0.0755713012 -0.007075219703 0.1321316901 0.486340223 -0.0009130000296 0.03371453108 0.251985596 -0.9991416528 -0.01427653256 -0.03888622138 0.007212606549 0.8644383975 -0.5026870152 0.04079137044 -0.5025360062 -0.8635934382 5.395878321e-05 -0.1005098306 0
0.5392626165 0.1612610928 -0.0766507883 -0.007275566857 0.1339196668 0.4856702553 -0.0009391638783 0.03418964701 0.2518992201 -0.999092064 -0.01488286791 -0.03991926781 0.007521199102 0.8606650917 -0.5091159313 0.04193422544 -0.5089539274 -0.8597717258 5.56528925e-05 -0.1019455484 0
0.5468571507 0.1635321624 -0.07773027541 -0.00747857265 0.1357034736 0.484991397 -0.0009656927656 0.03466448825 0.2518116396 -0.9990403797 -0.01550551157 -0.04096216357 0.007838256351 0.8568454179 -0.5155138132 0.04309154756 -0.5153401876 -0.8559016354 5.737858457e-05 -0.1033812663 0
0.5535023682 0.1655193482 -0.07867482662 -0.007658377658 0.1372608411 0.4843901229 -0.0009892047878 0.03507974604 0.2517340191 -0.9989933928 -0.01606383902 -0.0418826241 0.008122703499 0.8534653966 -0.5210862102 0.04411601539 -0.5209018812 -0.8524758104 5.891470739e-05 -0.1046375194 0
0.5610969025 0.1677904177 -0.07975431372 -0.007866347823 0.1390366826 0.4836946635 -0.001016417434 0.03555406203 0.2516441821 -0.9989376274 -0.01671752621 -0.04294346162 0.008455900023 0.849559573 -0.5274249043 0.04530026858 -0.5272277081 -0.8485156625 6.070042378e-05 -0.1060732372 0
0.5686914368 0.1700614873 -0.08083380082 -0.008076954497 0.140808198 0.4829903876 -0.001043994378 0.03602809245 0.251553143 -0.9988796031 -0.01738801395 -0.04401358372 0.008797845598 0.8456082306 -0.5337315039 0.04649877949 -0.5335207375 -0.8445078367 6.251858875e-05 -0.1075089551 0
0.5753366543 0.1720486731 -0.08177835204 -0.0082633919 0.1423546828 0.4823669345 -0.001068422834 0.03644263182 0.2514724983 -0.9988269332 -0.01798860357 -0.04495739923 0.009104301483 0.8421137037 -0.5392231651 0.04755911373 -0.538999926 -0.8409620744 6.413634216e-05 -0.1087652082 0
0.5829311885 0.1743197426 -0.08285783914 -0.008478920694 0.1441179416 0.4816461989 -0.001096682121 0.03691611657 0.2513792075 -0.9987645165 -0.01869103995 -0.04604438783 0.009462913276 0.83807783 -0.5454686096 0.04878415621 -0.5452304062 -0.836865527 6.601617724e-05 -0.1102009261 0
0.5905257228 0.1765908121 -0.08393732624 -0.008697063063 0.1458767198 0.4809167233 -0.001125304936 0.03738930486 0.2512847172 -0.9986996724 -0.01941074997 -0.04714007894 0.00983055179 0.8339973146 -0.5516809218 0.05002323968 -0.5514269688 -0.8327220266 6.792935042e-05 -0.1116366439 0
0.5971709403 0.178577998 -0.08488187745 -0.008890075167 0.1474119332 0.4802712842 -0.001150647889 0.03780309847 0.2512010548 -0.9986408958 -0.02005479182 -0.04810578524 0.01015971491 0.8303904882 -0.5570892364 0.05111889515 -0.5568208351 -0.82905815 6.963097203e-05 -0.112892897 0
0.6047654746 0.1808490675 -0.08596136455 -0.009113095905 0.1491621663 0.4795254952 -0.001179951576 0.03827572073 0.2511043178 -0.9985713391 -0.02080731914 -0.04921723568 0.01054453385 0.8262271115 -0.5632384691 0.05238409705 -0.5629527651 -0.8248273096 7.160750483e-05 -0.1143286149 0
0.6123600088 0.183120137 -0.08704085165 -0.009338706486 0.1509077658 0.4787710457 -0.001209617992 0.03874803569 0.2510063839 -0.9984991817 -0.02157757347 -0.05033678985 0.01093865028 0.8220199971 -0.5693535547 0.053663116 -0.569049675 -0.820550265 7.361828819e-05 -0.1157643327 0
0.6190052263 0.1851073229 -0.08798540287 -0.009538233593 0.1524313226 0.4781038202 -0.001235873434 0.03916105624 0.2509197107 -0.9984338626 -0.02226620799 -0.05132288065 0.01129120177 0.8183031455 -0.5746759702 0.05479352935 -0.5743554457 -0.8167701581 7.540607334e-05 -0.1170205858 0
0.6265997606 0.1873783924 -0.08906488997 -0.00976867731 0.1541680916 0.4773332086 -0.001266219198 0.03963278485 0.2508195353 -0.9983566633 -0.02307011077 -0.05245705614 0.01170299972 0.8140148899 -0.5807260962 0.05609824015 -0.5803856726 -0.8124071999 7.748194812e-05 -0.1184563037 0
0.6341942949 0.1896494619 -0.09014437707 -0.01000168635 0.1559000753 0.4765540184 -0.001296926864 0.04010419534 0.2507181658 -0.9982766857 -0.02389217363 -0.05359872042 0.01212435883 0.8096838272 -0.5867410842 0.05741653694 -0.586379795 -0.8079988102 7.959300808e-05 -0.1198920215 0
0.6408395123 0.1916366478 -0.09108892828 -0.01020766679 0.1574115947 0.4758652127 -0.001324092714 0.0405164156 0.2506284888 -0.9982043766 -0.02462649023 -0.05460364883 0.01250096199 0.8058592912 -0.5919751082 0.05858112696 -0.591594742 -0.8041044166 8.146930787e-05 -0.1211482746 0
0.6484340466 0.1939077173 -0.09216841539 -0.01044546226 0.1591344655 0.4750700165 -0.00135547815 0.04098721948 0.2505248831 -0.9981190194 -0.02548299415 -0.05575876673 0.0129404902 0.8014488562 -0.5979233017 0.05992467582 -0.5975201653 -0.799611584 8.364723193e-05 -0.1225839925 0
0.6560285809 0.1961787868 -0.09324790249 -0.01068579776 0.1608524013 0.4742663264 -0.001387224632 0.04145769444 0.2504200862 -0.9980307015 -0.0263580704 -0.05692074295 0.01338983595 0.7969965702 -0.603835391 0.06128157265 -0.6034084182 -0.7950741158 8.586129725e-05 -0.1240197103 0
0.6626737984 0.1981659727 -0.0941924537 -0.01089816789 0.1623515063 0.4735561534 -0.001415298736 0.04186908726 0.2503274126 -0.997950944 -0.0271391061 -0.05794292297 0.01379113569 0.7930667552 -0.6089785928 0.06247974055 -0.6085298602 -0.7910674379 8.782851675e-05 -0.1252759634 0
0.6702683326 0.2004370422 -0.0952719408 -0.01114324168 0.1640600499 0.4727366183 -0.001447721356 0.04233893539 0.250220385 -0.9978569007 -0.02804937647 -0.05911715654 0.01425912425 0.7885369134 -0.6148220992 0.06386143667 -0.6143474333 -0.7864470409 9.01112584e-05 -0.1267116813 0
0.6778628669 0.2027081117 -0.0963514279 -0.01139082943 0.1657635103 0.4719086763 -0.001480504139 0.04280844384 0.2501121692 -0.9977597102 -0.02897861007 -0.06029760302 0.01473717924 0.7839662018 -0.6206285604 0.06525623586 -0.6201267892 -0.7817828273 9.243111813e-05 -0.1281473991 0
0.6845080844 0.2046952976 -0.09729597912 -0.01160952368 0.1672498284 0.4711773553 -0.001509484271 0.04321898215 0.2500165065 -0.997672035 -0.02980734817 -0.06133541112 0.01516380164 0.7799335759 -0.6256785727 0.06648736558 -0.6251520929 -0.7776659251 9.449171459e-05 -0.1294036522 0
0.6921026187 0.2069663671 -0.09837546622 -0.01186180013 0.1689436205 0.4703337342 -0.001542941507 0.04368784362 0.2499060657 -0.9975687655 -0.03077248843 -0.0625268913 0.01566095894 0.775287171 -0.6314147106 0.06790649855 -0.6308588244 -0.7729203394 9.688210117e-05 -0.1308393701 0
0.6996971529 0.2092374366 -0.09945495332 -0.01211656372 0.1706321831 0.469481796 -0.001576757991 0.04415635466 0.2497944398 -0.9974621581 -0.03175696095 -0.0637239247 0.01616842387 0.7706009018 -0.6371128881 0.06933848295 -0.6365263117 -0.7681317786 9.931060274e-05 -0.1322750879 0
0.7072916872 0.2115085061 -0.1005344404 -0.01237380494 0.1723154659 0.4686215726 -0.0016109334 0.04462451156 0.2496816298 -0.9973521457 -0.03276088888 -0.06492627865 0.01668627849 0.7658751235 -0.6427727929 0.07078322972 -0.6421542022 -0.7633005404 0.0001017775706 -0.1337108058 0
0.7139369047 0.213495692 -0.1014789916 -0.01260091591 0.1737839676 0.4678621057 -0.001641131056 0.04503385541 0.2495819507 -0.9972530384 -0.03365538007 -0.0659825187 0.01714798785 0.761707939 -0.6476935712 0.07205778164 -0.6470458493 -0.7590384345 0.000103968 -0.1349670589 0
0.721531439 0.2157667615 -0.1025584787 -0.01286277676 0.1754572151 0.466986434 -0.001675978562 0.04550133825 0.2494669237 -0.9971364587 -0.03469610932 -0.06719421588 0.01768554098 0.7569090483 -0.6532808846 0.07352621498 -0.6525985539 -0.7541279886 0.0001065080473 -0.1364027767 0
0.7291259732 0.218037831 -0.1036379658 -0.01312708743 0.1771250388 0.4661025701 -0.001711184042 0.04596845625 0.2493507159 -0.9970162782 -0.0357566328 -0.06841055568 0.01823371437 0.7520716853 -0.658829046 0.07500715018 -0.6581106619 -0.7491757364 0.000109087584 -0.1378384946 0
0.7357711907 0.2200250169 -0.1045825171 -0.01336036112 0.1785798962 0.4653224949 -0.001742282222 0.0463768823 0.2492480663 -0.9969081123 -0.0367009168 -0.06947847372 0.01872213961 0.747807721 -0.6636513346 0.07631315151 -0.6629001849 -0.7448084638 0.0001113773554 -0.1390947477 0
0.743365725 0.2222960864 -0.1056620042 -0.01362923854 0.1802374166 0.4644233596 -0.001778157989 0.04684330622 0.2491296475 -0.9967809941 -0.03779885547 -0.07070287359 0.01929043628 0.7428992109 -0.6691252809 0.07781727878 -0.6683352519 -0.7397786576 0.0001140319072 -0.1405304655 0
0.7509602593 0.2245671559 -0.1067414913 -0.01390053721 0.181889371 0.4635161276 -0.001814390751 0.04730935464 0.2490100512 -0.9966500757 -0.03891690422 -0.07193122544 0.01986957568 0.7379532878 -0.6745592228 0.07933364097 -0.6737287434 -0.7347079378 0.0001167269901 -0.1419661834 0
0.7576054768 0.2265543418 -0.1076860425 -0.01413990177 0.1833302268 0.4627156843 -0.00184638699 0.04771683607 0.2489044394 -0.9965323496 -0.03991177557 -0.07300908411 0.02038527644 0.7335952083 -0.6792808778 0.08067042021 -0.6784136795 -0.730237744 0.0001191187239 -0.1432224365 0
0.765200011 0.2288254113 -0.1087655296 -0.01441571295 0.1849716132 0.4617933623 -0.001883288176 0.04818217045 0.2487826384 -0.9963941165 -0.04106780989 -0.07424418961 0.02098494856 0.7285801446 -0.6846390325 0.08220946803 -0.6837283144 -0.7250911635 0.0001218907921 -0.1446581543 0
0.7727945453 0.2310964808 -0.1098450167 -0.01469391607 0.1866072936 0.4608630415 -0.001920545348 0.0486471187 0.2486596634 -0.9962518804 -0.04224424677 -0.07548254439 0.02159567763 0.7235287487 -0.6899563584 0.08376047756 -0.6890004161 -0.7199045832 0.0001247044512 -0.1460938722 0
0.7794397628 0.2330836667 -0.1107895679 -0.01493929782 0.1880337952 0.4600424765 -0.001953437113 0.04905362877 0.248551098 -0.9961240841 -0.04329044117 -0.07656857602 0.02213919279 0.7190792729 -0.6945753058 0.08512734738 -0.6935783567 -0.7153337667 0.0001272008133 -0.1473501253 0
0.7870342971 0.2353547362 -0.111869055 -0.01522195787 0.1896586467 0.4590972516 -0.001991360793 0.04951784309 0.2484259247 -0.99597415 -0.04450538975 -0.07781235608 0.02277084838 0.7139607828 -0.699815325 0.08670052445 -0.6987698269 -0.7100730583 0.0001300934615 -0.1487858431 0
0.7946288313 0.2376258057 -0.1129485421 -0.01550697987 0.1912776539 0.4581441283 -0.002029639424 0.04998166068 0.2482995808 -0.9958200071 -0.04574100954 -0.07905867136 0.02341376672 0.7088070621 -0.7050137192 0.08828538383 -0.7039178281 -0.7047732843 0.0001330287778 -0.150221561 0
0.8012740488 0.2396129916 -0.1138930933 -0.01575830332 0.1926894536 0.4573036941 -0.002063424108 0.05038717275 0.2481880706 -0.9956816226 -0.04683920279 -0.08015107968 0.02398561397 0.7042689614 -0.709527956 0.08968164146 -0.7083864193 -0.7001041952 0.0001356324785 -0.1514778141 0
0.8088685831 0.2418840611 -0.1149725804 -0.01604772532 0.1942973746 0.456335857 -0.002102367279 0.05085023658 0.2480595351 -0.9955193927 -0.04811381541 -0.08140147123 0.0246498367 0.6990502309 -0.7146475776 0.09128813889 -0.7134520554 -0.6947320637 0.0001386488202 -0.1529135319 0
0.8164631174 0.2441551306 -0.1160520675 -0.01633947856 0.1958993152 0.4553602242 -0.002141664336 0.05131289313 0.2479298327 -0.995352745 -0.04940934368 -0.08265367328 0.0253255194 0.6937973916 -0.7197248068 0.09290603326 -0.7184733093 -0.6893218209 0.0001417089245 -0.1543492498 0
0.8231083348 0.2461423165 -0.1169966187 -0.01659666647 0.1972960704 0.454500179 -0.002176339263 0.05171738063 0.2478153867 -0.9952032467 -0.05056015071 -0.08375063525 0.0259261949 0.6891734874 -0.7241324027 0.09433096078 -0.7228302535 -0.6845568599 0.0001444227171 -0.1556055029 0
0.8307028691 0.248413386 -0.1180761058 -0.01689276148 0.1988866714 0.4535100271 -0.002216298839 0.05217926365 0.2476834995 -0.9950281178 -0.05189510721 -0.08500554525 0.02662354366 0.6838577595 -0.7291294479 0.09596995259 -0.727767451 -0.6790760675 0.0001475659147 -0.1570412207 0
0.8382974034 0.2506844555 -0.1191555929 -0.01719115634 0.2004711576 0.4525121845 -0.00225661121 0.05264072886 0.2475504489 -0.9948483593 -0.05325119926 -0.0862615311 0.02733254091 0.6785090633 -0.7340833626 0.09762005008 -0.7326593757 -0.6735581378 0.0001507539861 -0.1584769386 0
0.8449426209 0.2526716413 -0.1201001441 -0.01745412972 0.2018525309 0.4516327926 -0.002292173633 0.05304416532 0.2474330764 -0.9946872147 -0.05445517318 -0.08736119867 0.02796251887 0.6738022253 -0.738382461 0.09907291485 -0.7369024327 -0.6686997549 0.0001535806659 -0.1597331917 0
0.8525371551 0.2549427109 -0.1211796312 -0.01775680684 0.203425428 0.4506206299 -0.00233314645 0.05350483732 0.2472978481 -0.9944985756 -0.05585108244 -0.08861850622 0.02869352736 0.6683927966 -0.7432548358 0.1007435583 -0.741708653 -0.6631131197 0.0001568539293 -0.1611689095 0
0.8601316894 0.2572137804 -0.1222591183 -0.01806175172 0.2049920785 0.4496008838 -0.002374470941 0.05396508102 0.2471614602 -0.9943050929 -0.05726832223 -0.08987614575 0.02943636401 0.6629515589 -0.7480833717 0.1024250105 -0.7464687333 -0.6574903401 0.0001601731939 -0.1626046274 0
0.8667769069 0.2592009662 -0.1232036695 -0.01833042986 0.2063577376 0.4487024148 -0.002410918044 0.05436744007 0.2470411706 -0.9941317631 -0.05852595348 -0.09097664771 0.03009609637 0.6581647025 -0.7522721911 0.1039050655 -0.7505957216 -0.6525410333 0.0001631155971 -0.1638608805 0
0.8743714412 0.2614720358 -0.1242831566 -0.01863959623 0.2079125532 0.4476685519 -0.002452900856 0.05482687092 0.2469026122 -0.9939289958 -0.05998335246 -0.09223420611 0.03086127273 0.6526649218 -0.7570178873 0.1056065017 -0.7552684935 -0.6468514277 0.0001665221826 -0.1652965983 0
0.8819659754 0.2637431053 -0.1253626438 -0.01895099761 0.2094609923 0.4466272151 -0.002495234195 0.05528586304 0.2467628981 -0.9937211682 -0.06146225168 -0.09349134417 0.03163844791 0.6471345083 -0.7617190668 0.107318444 -0.759894282 -0.6411266894 0.0001699759128 -0.1667323162 0
0.8886111929 0.2657302911 -0.126307195 -0.01922529815 0.2108106105 0.4457099447 -0.00253256309 0.05568711839 0.2466397012 -0.9935351085 -0.06277396721 -0.09459078803 0.03232836401 0.6422705928 -0.7657959014 0.1088249283 -0.7639030794 -0.6360890034 0.0001730369153 -0.1679885693 0
0.8962057272 0.2680013607 -0.1273866821 -0.019540859 0.2123469731 0.4446546984 -0.002575552573 0.05614527811 0.2464978239 -0.9933175884 -0.06429331999 -0.09584642696 0.0331281904 0.6366838578 -0.7704129985 0.1105562823 -0.7684400004 -0.6302993528 0.0001765801246 -0.1694242871 0
0.9038002615 0.2702724302 -0.1284661692 -0.01985862145 0.2138768315 0.4435920899 -0.002618891407 0.05660298869 0.2463547948 -0.9930947894 -0.0658343172 -0.09710088551 0.03394017718 0.6310676828 -0.7749849315 0.1122978346 -0.7729291186 -0.6244755992 0.0001801716373 -0.170860005 0
0.910445479 0.272259616 -0.1294107204 -0.02013846035 0.2152100874 0.442656299 -0.002657099139 0.05700311416 0.2462287006 -0.9928954498 -0.06720047972 -0.09819735935 0.03466068344 0.6261297089 -0.7789481528 0.1138299736 -0.7768176641 -0.6193521243 0.0001833541544 -0.1721162581 0
0.9180400132 0.2745306856 -0.1304902075 -0.02046031904 0.216727632 0.4415799925 -0.002701091888 0.05745997286 0.2460835158 -0.9926625464 -0.06878217669 -0.09944888701 0.03549561572 0.6204594638 -0.7834348186 0.1155903552 -0.7812164014 -0.6134654056 0.0001870373333 -0.173551976 0
0.9256345475 0.2768017551 -0.1315696946 -0.02078434528 0.2182385467 0.4404964377 -0.002745432786 0.05791637204 0.2459371833 -0.9924241436 -0.07038563647 -0.1006984673 0.03634286073 0.6147609874 -0.787875704 0.1173606221 -0.7855665412 -0.607545631 0.0001907699897 -0.1749876938 0
0.932279765 0.2787889409 -0.1325142458 -0.0210696369 0.2195551246 0.4395424127 -0.002784516329 0.05831534155 0.2458082021 -0.9922109693 -0.07180654373 -0.1017900417 0.03709434037 0.609751995 -0.7917237615 0.1189176279 -0.7893328353 -0.6023390016 0.0001940769746 -0.1762439469 0
0.9398742993 0.2810600105 -0.1335937329 -0.02139769494 0.2210534923 0.4384453754 -0.00282950886 0.05877086946 0.2456597216 -0.9919620472 -0.07345090083 -0.103035247 0.03796480778 0.6040017283 -0.7960782535 0.1207061321 -0.7935911274 -0.5963582415 0.0001979035124 -0.1776796648 0
0.9474688335 0.28333108 -0.13467322 -0.02172788586 0.222545107 0.4373412057 -0.00287484831 0.05922592752 0.2455100976 -0.9917074034 -0.07511711305 -0.1042777318 0.03884773092 0.5982244533 -0.80038638 0.1225042033 -0.7978000519 -0.5903454898 0.0002017807166 -0.1791153826 0
0.954114051 0.2853182658 -0.1356177712 -0.02201854295 0.2238446968 0.4363692384 -0.002914804571 0.05962371509 0.2453782397 -0.9914798356 -0.07659299724 -0.1053624618 0.03963054365 0.5931475194 -0.8041178025 0.1240852755 -0.8014421583 -0.5850583829 0.0002052151601 -0.1803716357 0
0.9617085853 0.2875893353 -0.1366972583 -0.02235270006 0.2253235355 0.4352518056 -0.002960793322 0.06007788255 0.2452264755 -0.9912142545 -0.07830025524 -0.1065991166 0.04053694848 0.5873207607 -0.8083384687 0.1259009826 -0.8055578155 -0.5789866565 0.0002091884887 -0.1818073536 0
0.9693031196 0.2898604049 -0.1377767454 -0.02268895475 0.2267955002 0.4341273584 -0.003007127735 0.06053156988 0.2450735721 -0.9909427283 -0.08002943436 -0.1078322722 0.04145594259 0.5814682306 -0.8125122163 0.1277259336 -0.8096233609 -0.5728840192 0.0002132136871 -0.1832430714 0
0.9759483371 0.2918475907 -0.1387212966 -0.02298488852 0.2280777978 0.4331377457 -0.003047953549 0.06092814963 0.2449388482 -0.9907002045 -0.08156046151 -0.1089081991 0.04227042439 0.5763264668 -0.8161256122 0.1293302592 -0.8131394067 -0.5675191532 0.0002167786168 -0.1844993245 0
0.9835428713 0.2941186602 -0.1398007837 -0.02332504265 0.229536762 0.4320002587 -0.00309493488 0.06138092711 0.2447838126 -0.9904173206 -0.08333078537 -0.1101340604 0.0432131417 0.5704267845 -0.8202108923 0.1311722358 -0.8171103131 -0.5613595825 0.0002209022098 -0.1859350424 0
0.9911374056 0.2963897298 -0.1408802708 -0.02366725846 0.2309887335 0.4308558773 -0.003142260587 0.06183321423 0.2446276421 -0.9901282667 -0.08512306986 -0.1113556393 0.04416857232 0.5645025807 -0.8242487329 0.1330231282 -0.8210303888 -0.5551701973 0.0002250788905 -0.1873707602 0
0.9977826231 0.2983769156 -0.141824822 -0.02396837859 0.2322534405 0.4298489213 -0.003183952723 0.0622285604 0.2444900631 -0.9898702217 -0.08670933933 -0.1124207929 0.04501503516 0.5592991309 -0.8277427914 0.1346498824 -0.8244185664 -0.5497303308 0.0002287773702 -0.1886270133 0
1.005377157 0.3006479851 -0.1429043091 -0.02431442595 0.2336921914 0.428691727 -0.003231922914 0.0626799185 0.2443317687 -0.9895693878 -0.08854281765 -0.1136336051 0.04599441252 0.5533301296 -0.8316912178 0.1365171813 -0.8282426801 -0.5434860827 0.0002330547423 -0.1900627312 0
1.012971692 0.3029190547 -0.1439837962 -0.0246624985 0.2351238335 0.4275277605 -0.00328023617 0.06313077603 0.2441723437 -0.9892621582 -0.09039826941 -0.1148413477 0.04698661758 0.5473378684 -0.8355917158 0.1383930635 -0.8320152707 -0.5372131321 0.0002373864341 -0.191498449 0
