0.007547751337 0.002691452649 0.0009473182703 -1.72671976e-06 0.001924666292 0.5099951577 -2.16487354e-07 0.0004794561231 0.2549993988 -0.9999999999 -4.999069208e-08 -1.005582903e-05 2.552932006e-08 0.9999718001 -0.007509933009 1.005592089e-05 -0.007509933009 -0.9999718 2.856493743e-08 0.0012599333 0
0.01503089572 0.005359867106 0.001886527722 -6.84781911e-06 0.003832797071 0.5099807964 -8.636517697e-07 0.0009567067371 0.2549976015 -0.9999999992 -3.970678505e-07 -3.987801014e-05 1.993566962e-07 0.999888166 -0.01495511282 3.987948862e-05 -0.01495511282 -0.9998881653 5.008910838e-08 0.00250908187 0
0.02251404011 0.008028281562 0.002825737174 -1.536323063e-05 0.005740806893 0.5099569163 -1.944284707e-06 0.001434653124 0.2549946003 -0.999999996 -1.335406467e-06 -8.946210993e-05 6.688224264e-07 0.9997491029 -0.02239935814 8.946957639e-05 -0.02239935811 -0.9997490989 2.987941924e-08 0.003758230441 0
0.02999718449 0.01069669602 0.003764946626 -2.727263183e-05 0.007648635544 0.5099235182 -3.457785991e-06 0.001912654187 0.2549903967 -0.9999999874 -3.159263565e-06 -0.0001587995318 1.581071518e-06 0.9995546223 -0.02984220384 0.0001588230854 -0.02984220371 -0.9995546096 2.516832724e-08 0.005007379012 0
0.03748032888 0.01336511048 0.004704156078 -4.257557172e-05 0.00955622282 0.5098806036 -5.403569765e-06 0.002390580518 0.2549849926 -0.9999999693 -6.162773013e-06 -0.0002478782539 3.083202583e-06 0.9993047404 -0.03728318491 0.0002479356819 -0.03728318453 -0.9993047096 1.071507989e-07 0.006256527583 0
0.04496347326 0.01603352493 0.005643365529 -6.127147077e-05 0.01146350853 0.5098281739 -7.781336511e-06 0.002868422679 0.2549783886 -0.9999999363 -1.063990461e-05 -0.0003566828304 5.322252423e-06 0.9989994781 -0.04472183654 0.0003568017975 -0.04472183559 -0.9989994145 2.131406064e-07 0.007505676154 0
0.0515112246 0.01836838758 0.0064651738 -8.041311582e-05 0.01313208883 0.5097744942 -1.0216119e-05 0.003286473065 0.2549716262 -0.9999998903 -1.599716942e-05 -0.0004680534514 8.001456655e-06 0.9986869644 -0.05122838059 0.0004682583897 -0.05122837872 -0.9986868548 3.241917491e-07 0.008598681154 0
0.05899436899 0.02103680204 0.007404383252 -0.000105468804 0.01503864689 0.5097042295 -1.340348328e-05 0.003764183022 0.2549627737 -0.9999998113 -2.402893833e-05 -0.0006137904624 1.201825877e-05 0.9982779365 -0.05866141245 0.0006141430478 -0.05866140876 -0.9982777479 4.712826819e-07 0.009847829725 0
0.06647751337 0.02370521649 0.008343592703 -0.0001339150697 0.0169447304 0.5096244565 -1.702252144e-05 0.004241832925 0.2549527222 -0.9999996958 -3.43782086e-05 -0.0007791898685 1.719422674e-05 0.9978136141 -0.06609077987 0.0007797583414 -0.06609077317 -0.99781331 6.394802549e-07 0.0110969783 0
0.07396065776 0.02637363095 0.009282802155 -0.0001657508357 0.01885027924 0.5095351781 -2.107317687e-05 0.004719426263 0.2549414719 -0.999999534 -4.733792826e-05 -0.0009642229783 2.36760124e-05 0.9972940361 -0.07351601911 0.0009650939217 -0.07351600768 -0.9972935702 8.285559719e-07 0.01234612687 0
0.08144380214 0.02904204541 0.01022201161 -0.0002009748965 0.02075523328 0.5094363978 -2.555539747e-05 0.005196964426 0.2549290231 -0.9999993149 -6.320068216e-05 -0.00116885769 3.161013079e-05 0.9967192458 -0.08093666682 0.001170138207 -0.08093664832 -0.9967185609 1.038395173e-06 0.01359527544 0
0.08892694653 0.03171045986 0.01116122106 -0.0002395859183 0.02265953245 0.5093281194 -3.046913179e-05 0.005674447342 0.2549153757 -0.9999990263 -8.22586513e-05 -0.001393058494 4.114294475e-05 0.9960892914 -0.08835226009 0.001394878386 -0.08835223138 -0.9960883181 1.268948063e-06 0.01484442401 0
0.09641009092 0.03437887432 0.01210043051 -0.0002815824391 0.02456311668 0.5092103468 -3.581432696e-05 0.006151873929 0.2549005301 -0.999998655 -0.0001048035721 -0.00163678648 5.242064961e-05 0.9954042255 -0.09576233647 0.001639300413 -0.09576229347 -0.9954028812 1.520204381e-06 0.01609357258 0
0.1029578423 0.03671373697 0.01292223878 -0.000321105315 0.02622811923 0.5090995112 -4.084526201e-05 0.006569574588 0.2548865572 -0.9999982508 -0.0001276197427 -0.001866033682 6.383478719e-05 0.9947596291 -0.1022412646 0.001869302978 -0.1022412049 -0.994757881 1.757048625e-06 0.01718657758 0
0.1104409866 0.03938215143 0.01386144823 -0.0003694452599 0.02813020121 0.5089639495 -4.699929461e-05 0.007046890326 0.2548694651 -0.9999976844 -0.0001574872986 -0.002146258432 7.877755646e-05 0.9939713872 -0.1096397522 0.00215058634 -0.1096396674 -0.9939690731 2.047179702e-06 0.01843572615 0
0.117924131 0.04205056588 0.01480065768 -0.0004211657869 0.03003139576 0.5088189075 -5.358462015e-05 0.007524143342 0.2548511752 -0.9999969905 -0.0001916777044 -0.002445879588 9.588445659e-05 0.9931282108 -0.1170313964 0.002451504328 -0.1170312787 -0.9931252035 2.358103048e-06 0.01968487472 0
0.1254072754 0.04471898034 0.01573986714 -0.000476264938 0.03193164298 0.5086643907 -6.060117337e-05 0.008001330743 0.2548316875 -0.9999961512 -0.0002304805907 -0.002764845103 0.0001153008893 0.9922301704 -0.1244157371 0.00277203814 -0.124415577 -0.992226325 2.689874275e-06 0.02093402329 0
0.1328904198 0.04738739479 0.01667907659 -0.0005347406273 0.03383088296 0.5085004049 -6.804888516e-05 0.008478449437 0.2548110024 -0.9999951478 -0.0002741849458 -0.003103099555 0.0001371720144 0.9912773411 -0.1317923146 0.003112167745 -0.1317921008 -0.9912724936 3.042557653e-06 0.02218317186 0
0.1403735642 0.05005580925 0.01761828604 -0.0005965906409 0.03572905588 0.5083269563 -7.592768243e-05 0.008955496175 0.2547891201 -0.99999396 -0.0003230790758 -0.003460584156 0.0001616427345 0.9902698025 -0.1391606703 0.003471871889 -0.1391603892 -0.990263769 3.416224851e-06 0.02343232043 0
0.1478567086 0.05272422371 0.01855749549 -0.0006618126376 0.03762610192 0.5081440516 -8.423748805e-05 0.009432467595 0.2547660406 -0.9999925665 -0.0003774505642 -0.003837236754 0.0001888576798 0.9892076387 -0.1465203461 0.003851128096 -0.1465199816 -0.9892002142 3.810954092e-06 0.024681469 0
0.1544044599 0.05505908636 0.01937930376 -0.0007216460268 0.03928504585 0.5079762584 -9.186206581e-05 0.009849753088 0.2547448644 -0.9999911611 -0.0004297442606 -0.004182480113 0.0002150353591 0.9882335054 -0.1529525827 0.004198997478 -0.1529521302 -0.988224678 4.173685689e-06 0.025774474 0
0.1618876043 0.05772750081 0.02031851321 -0.0007931837371 0.041179818 0.5077756422 -0.0001009797901 0.01032657392 0.2547195411 -0.9999893208 -0.000495158237 -0.004594893523 0.0002477845379 0.9870691623 -0.1602947521 0.004614848967 -0.1602941788 -0.9870584985 4.608137593e-06 0.02702362257 0
0.1693707487 0.06039591527 0.02125772267 -0.000868085989 0.04307329163 0.5075655908 -0.0001105282782 0.01080330933 0.2546930215 -0.9999872075 -0.0005668719859 -0.005026277595 0.0002836920997 0.9858504613 -0.1676269294 0.005050181096 -0.1676262109 -0.985837689 5.063908389e-06 0.02827277115 0
0.1768538931 0.06306432973 0.02219693212 -0.0009463499475 0.04496540714 0.5073461119 -0.0001205074372 0.01127995569 0.2546653058 -0.9999847954 -0.0006451699124 -0.005476557231 0.0003229014766 0.9845775044 -0.17494866 0.005504966663 -0.1749477684 -0.9845623259 5.541097555e-06 0.02952191972 0
0.1843370374 0.06573274418 0.02313614157 -0.001027972651 0.04685610498 0.507117214 -0.0001309171699 0.01175650935 0.2546363942 -0.9999820577 -0.0007303355038 -0.005945654011 0.0003655557546 0.9832503977 -0.1822594904 0.005979177248 -0.1822583937 -0.983232489 6.039809474e-06 0.03077106829 0
0.1918201818 0.06840115864 0.02407535102 -0.00111295101 0.04874532568 0.5068789057 -0.0001417573749 0.01223296664 0.2546062872 -0.9999789665 -0.0008226512907 -0.006433486207 0.0004117976591 0.9818692521 -0.1895589679 0.00647278322 -0.1895576301 -0.9818482612 6.560153311e-06 0.03202021686 0
0.1993033262 0.0710695731 0.02501456047 -0.001201281809 0.05063300981 0.506631196 -0.0001530279468 0.01270932383 0.2545749848 -0.9999754927 -0.0009223988069 -0.006939968788 0.0004617695395 0.9804341828 -0.1968466408 0.006985753733 -0.1968450213 -0.9804097291 7.102242897e-06 0.03326936543 0
0.2058510776 0.07340443574 0.02583636874 -0.001281318682 0.05228342629 0.5064067453 -0.0001632426463 0.01312605135 0.2545466151 -0.9999721155 -0.001015994759 -0.00739837084 0.000508666289 0.979134357 -0.2032133171 0.00745046274 -0.2032114139 -0.9791065375 7.594502575e-06 0.03436237043 0
0.2133342219 0.0760728502 0.0267755782 -0.001375926198 0.05416806941 0.5061414336 -0.0001753198572 0.01360221082 0.2545130725 -0.9999678421 -0.001130431952 -0.007939582266 0.0005660141788 0.9775985072 -0.2104776434 0.007999654424 -0.2104753688 -0.9775664298 8.177688163e-06 0.035611519 0
0.2208173663 0.07874126466 0.02771478765 -0.001473876204 0.05605100549 0.5058667484 -0.0001878271084 0.01407825946 0.2544783357 -0.9999630961 -0.001253104375 -0.008499181329 0.0006274990709 0.9760090901 -0.2177288733 0.008568115239 -0.2177261715 -0.9759722853 8.782972067e-06 0.03686066757 0
0.2283005107 0.08140967911 0.0286539971 -0.001575164994 0.05793217537 0.5055827 -0.0002007642782 0.01455419348 0.2544424048 -0.9999578444 -0.00138428933 -0.009077070313 0.000693261718 0.9743662383 -0.2249665597 0.009155809664 -0.2249633689 -0.9743242036 9.410485519e-06 0.03810981614 0
0.2357836551 0.08407809357 0.02959320655 -0.001679788737 0.05981151997 0.5052892994 -0.000214131241 0.01503000914 0.2544052803 -0.9999520523 -0.001524262929 -0.009673148255 0.0007634424249 0.9726700889 -0.2321902568 0.009762700974 -0.2321865087 -0.9726222879 1.00603641e-05 0.03935896471 0
0.2432667995 0.08674650803 0.030532416 -0.001787743474 0.06168898028 0.5049865575 -0.0002279278666 0.01550570263 0.2543669626 -0.9999456842 -0.001673300057 -0.01028731096 0.0008381810333 0.9709207832 -0.2393995202 0.01038875125 -0.2393951397 -0.9708666443 1.073274771e-05 0.04060811328 0
0.2507499439 0.08941492248 0.03147162545 -0.001899025123 0.06356449737 0.5046744858 -0.000242154021 0.01598127017 0.254327452 -0.9999387034 -0.001831674336 -0.01091945102 0.0009176169079 0.969118467 -0.2465939067 0.01103392136 -0.2465888112 -0.9690573826 1.142778048e-05 0.04185726185 0
0.2572976952 0.09174978513 0.03229343373 -0.001999122367 0.06520393452 0.5043937789 -0.0002549541453 0.01639728548 0.254291902 -0.9999320629 -0.001978125322 -0.01148723373 0.0009910857088 0.9674980733 -0.252876444 0.01161409779 -0.2528706491 -0.9674303838 1.205463011e-05 0.04295026685 0
0.2647808396 0.09441819959 0.03323264318 -0.002116630533 0.06707564954 0.504064246 -0.0002699852899 0.01687260665 0.2542501558 -0.9999238306 -0.002154739685 -0.01215278064 0.001079702864 0.965596771 -0.2600417469 0.01229500801 -0.2600350611 -0.9655208956 1.27925333e-05 0.04419941543 0
0.272263984 0.09708661405 0.03417185263 -0.002237453173 0.06894525239 0.5037254181 -0.0002854455544 0.01734779097 0.2542072179 -0.999914874 -0.002341470463 -0.01283597826 0.001173415168 0.9636429019 -0.2671909069 0.01299491896 -0.2671832239 -0.9635581233 1.35535235e-05 0.045448564 0
0.2797471284 0.0997550285 0.03511106208 -0.002361585718 0.07081268447 0.5033773081 -0.0003013347884 0.01782283463 0.2541630887 -0.9999051521 -0.002538586013 -0.01353670683 0.001272359997 0.9616366288 -0.2743234864 0.01371378689 -0.274314691 -0.9615421896 1.433776102e-05 0.04669771257 0
0.2872302727 0.102423443 0.03605027153 -0.002489023475 0.07267788728 0.5030199291 -0.0003176528374 0.01829773383 0.2541177686 -0.9998946229 -0.002746353239 -0.01425484343 0.001376674181 0.9595781188 -0.2814390496 0.01445156689 -0.2814290166 -0.9594732205 1.514541024e-05 0.04794686114 0
0.2947134171 0.1050918574 0.03698948098 -0.002619761627 0.0745408024 0.5026532947 -0.0003343995428 0.01877248476 0.2540712581 -0.9998832435 -0.002965037556 -0.014990262 0.001486493988 0.9574675433 -0.2885371619 0.01520821285 -0.2885257563 -0.9573513452 1.597663957e-05 0.04919600971 0
0.3021965615 0.1077602719 0.03792869044 -0.00275379523 0.07640137152 0.5022774188 -0.0003515747418 0.01924708361 0.2540235577 -0.9998709696 -0.003194902853 -0.01574283337 0.001601955106 0.955305078 -0.2956173908 0.0159836775 -0.2956044665 -0.9551766964 1.683162147e-05 0.05044515828 0
0.3087443129 0.1100951345 0.03875049871 -0.002873773955 0.07802739927 0.5019409575 -0.0003669544084 0.01966222987 0.253980844 -0.9998594607 -0.003405413146 -0.01641530005 0.001707717446 0.9533704962 -0.3017975822 0.01667760821 -0.3017832004 -0.9532306947 1.759935373e-05 0.05153816328 0
0.3162274572 0.112763549 0.03968970816 -0.003013972779 0.0798834128 0.5015477922 -0.0003849325796 0.02013653332 0.2539309137 -0.999845387 -0.003656948569 -0.01719967393 0.001834119687 0.9511112258 -0.3088431191 0.01748822636 -0.3088269142 -0.9509574644 1.849935024e-05 0.05278731185 0
0.3237106016 0.1154319634 0.04062891761 -0.003157452156 0.08173691323 0.5011454271 -0.0004033387531 0.02061067376 0.2538797948 -0.9998302862 -0.00392041481 -0.01800081199 0.001966550012 0.9488005943 -0.3158695378 0.01831752073 -0.3158513299 -0.94863186 1.942361704e-05 0.05403646042 0
0.331193746 0.1181003779 0.04156812706 -0.003304206665 0.08358784263 0.5007338774 -0.0004221727501 0.02108464737 0.2538274878 -0.9998141099 -0.004196069489 -0.01881857309 0.002105141744 0.946438794 -0.3228764124 0.01916543948 -0.3228560086 -0.946254027 2.037234177e-05 0.05528560899 0
0.3386768904 0.1207687923 0.04250733651 -0.003454230761 0.08543614319 0.5003131586 -0.0004414343874 0.02155845034 0.2537739933 -0.9997968089 -0.004484168522 -0.01965281308 0.002250027561 0.9440260211 -0.3298633186 0.02003192965 -0.3298405127 -0.9438241139 2.134571589e-05 0.05653475756 0
0.3461600348 0.1234372068 0.04344654597 -0.003607518776 0.08728175721 0.4998832868 -0.0004611234779 0.02203207886 0.2537193117 -0.9997783331 -0.004784966078 -0.02050338478 0.002401339481 0.9415624761 -0.3368298341 0.02091693707 -0.3368044056 -0.9413422726 2.234393465e-05 0.05778390613 0
0.3536431792 0.1261056213 0.04438575542 -0.00376406492 0.08912462711 0.499444278 -0.0004812398301 0.02250552914 0.2536634437 -0.999758631 -0.005098714548 -0.02137013799 0.002559208852 0.9390483638 -0.3437755384 0.02182040645 -0.3437472523 -0.938808658 2.336719708e-05 0.0590330547 0
0.3601909305 0.1284404839 0.04520756369 -0.003903710834 0.09073484203 0.4990526632 -0.0004991919728 0.02291964892 0.2536135863 -0.9997403448 -0.005384065287 -0.02214170061 0.002702826443 0.9368071986 -0.349835629 0.02262604238 -0.3498046375 -0.9365493995 2.428325464e-05 0.0601260597 0
0.3676740749 0.1311088984 0.04614677314 -0.004066349936 0.09257241187 0.4985965677 -0.0005201089105 0.02339275472 0.2535554951 -0.9997182018 -0.005722770644 -0.02303837897 0.002873342653 0.9341988386 -0.356741186 0.02356397487 -0.3567068541 -0.9339191396 2.535402333e-05 0.06137520828 0
0.3751572193 0.1337773128 0.04708598259 -0.004232229839 0.09440707265 0.4981313838 -0.0005414525366 0.02386567134 0.253496219 -0.9996946795 -0.006075142299 -0.0239507905 0.003050790062 0.9315405227 -0.3636247341 0.02452020391 -0.3635867808 -0.9312375703 2.645042852e-05 0.06262435685 0
0.3826403637 0.1364457273 0.04802519204 -0.004401344278 0.09623876725 0.4976571293 -0.0005632226437 0.02433839496 0.2534357587 -0.9996697228 -0.006441425408 -0.02487877353 0.003235297282 0.9288324715 -0.3704858604 0.02549466974 -0.3704439876 -0.9285048594 2.757268349e-05 0.06387350542 0
0.390123508 0.1391141417 0.04896440149 -0.004573686871 0.09806743868 0.4971738218 -0.0005854190202 0.0248109218 0.2533741146 -0.9996432754 -0.006821863173 -0.0258221635 0.003426992184 0.9260749096 -0.3773241545 0.02648731148 -0.3772780461 -0.9257211774 2.872100509e-05 0.06512265399 0
0.3976066524 0.1417825562 0.04990361095 -0.00474925111 0.09989303004 0.4966814798 -0.0006080414504 0.02528324804 0.2533112875 -0.9996152802 -0.007216696806 -0.02678079296 0.003626001887 0.9232680657 -0.3841392079 0.02749806711 -0.3840885291 -0.9228866984 2.989561376e-05 0.06637180256 0
0.4041544038 0.1441174188 0.05072541922 -0.00490550737 0.1014878513 0.496243284 -0.0006281854011 0.02569636596 0.2532553438 -0.999589469 -0.007574173434 -0.02763196104 0.003806235151 0.9207718334 -0.3900829954 0.02839728769 -0.390028028 -0.920364999 3.09451359e-05 0.06746480756 0
0.4116375482 0.1467858333 0.05166462867 -0.005087094242 0.1033075146 0.4957340524 -0.000651606086 0.02616830586 0.2531903001 -0.9995584143 -0.0079966424 -0.02861870321 0.004019300058 0.9178732161 -0.396853379 0.02944183571 -0.3967931613 -0.9174357555 3.216963912e-05 0.06871395613 0
0.4191206925 0.1494542478 0.05260383812 -0.005271883385 0.1051239352 0.4952158406 -0.0006754521813 0.02664003425 0.2531240751 -0.999525642 -0.008434189336 -0.02962018751 0.004240040925 0.9149259965 -0.4035993596 0.03050431299 -0.4035334998 -0.9144562327 3.342108257e-05 0.0699631047 0
0.4266038369 0.1521226622 0.05354304757 -0.005459867828 0.1069370565 0.4946886681 -0.0006997234553 0.02711154734 0.2530566696 -0.9994910912 -0.008887047426 -0.0306362355 0.004468581831 0.9119304186 -0.4103205373 0.03158465314 -0.4102486222 -0.9114266167 3.469970012e-05 0.07121225327 0
0.4340869813 0.1547910767 0.05448225702 -0.00565104048 0.1087468224 0.4941525548 -0.000724419672 0.02758284134 0.2529880841 -0.9994547003 -0.009355447697 -0.03166666591 0.004705046041 0.9088867306 -0.4170165147 0.03268278864 -0.4169381089 -0.908347097 3.600572899e-05 0.07246140184 0
0.4415701257 0.1574594911 0.05542146648 -0.005845394128 0.1105531767 0.4936075209 -0.0007495405915 0.02805391245 0.2529183193 -0.9994164063 -0.009839618988 -0.03271129474 0.004949555987 0.9057951841 -0.4236868965 0.03379865088 -0.4236015419 -0.905217866 3.733940978e-05 0.07371055041 0
0.4490532701 0.1601279056 0.05636067593 -0.006042921445 0.1123560636 0.4930535869 -0.0007750859696 0.0285247569 0.2528473759 -0.9993761455 -0.01033978792 -0.03376993524 0.005202233264 0.9026560351 -0.4303312899 0.03493217012 -0.4302385049 -0.9020391191 3.870098638e-05 0.07495969898 0
0.4556010214 0.1624627682 0.0571824842 -0.006218355393 0.1139307013 0.4925616103 -0.0007977861692 0.02893655689 0.2527843342 -0.9993392533 -0.01079073523 -0.03470759075 0.005430120582 0.8998704347 -0.4361235084 0.03593842808 -0.4360238077 -0.8992172532 3.99154434e-05 0.07605270398 0
0.4630841658 0.1651311827 0.05812169365 -0.006421813168 0.1157269364 0.4919910453 -0.000824126735 0.02940696614 0.2527111829 -0.9992951301 -0.01132150265 -0.03579199032 0.005698436349 0.8966427334 -0.4427181231 0.03710486244 -0.4426100228 -0.895946202 4.132999336e-05 0.07730185255 0
0.4705673102 0.1677995971 0.0590609031 -0.006628422878 0.117519544 0.4914116412 -0.0008508910347 0.02987713784 0.2526368551 -0.9992488519 -0.01186890656 -0.03688984959 0.005975264222 0.893368186 -0.4492856334 0.03828874722 -0.44916858 -0.8926262144 4.277315844e-05 0.07855100113 0
0.4780504546 0.1704680116 0.06000011255 -0.006838176735 0.1193084687 0.4908234198 -0.0008780788081 0.03034706823 0.2525613514 -0.9992003516 -0.01243316466 -0.0380009714 0.006260722413 0.8900470631 -0.4558256562 0.03949000843 -0.4556990695 -0.8892574978 4.424519502e-05 0.0798001497 0
0.485533599 0.1731364261 0.06093932201 -0.007051066836 0.1210936554 0.4902264033 -0.0009056897912 0.03081675351 0.2524846727 -0.999149561 -0.01301449225 -0.03912515596 0.006554928231 0.8866796387 -0.4623378107 0.04070857101 -0.4622010832 -0.8858402627 4.574636261e-05 0.08104929827 0
0.4930167433 0.1758048405 0.06187853146 -0.007267085159 0.122875049 0.4896206143 -0.0009337237156 0.03128618993 0.2524068198 -0.9990964111 -0.01361310225 -0.04026220089 0.00685799807 0.8832661908 -0.4688217189 0.04194435881 -0.4686742148 -0.8823747226 4.727692385e-05 0.08229844684 0
0.5004998877 0.178473255 0.06281774091 -0.007486223564 0.1246525946 0.4890060754 -0.0009621803089 0.0317553737 0.2523277932 -0.9990408321 -0.01422920511 -0.04141190123 0.007170047398 0.8798070009 -0.4752770051 0.04319729461 -0.4751180599 -0.8788610942 4.883714444e-05 0.08354759541 0
0.5070476391 0.1808081176 0.06363954918 -0.007680522627 0.1262047473 0.4884611946 -0.0009874263314 0.03216569929 0.252257683 -0.9989901522 -0.0147828083 -0.04242810735 0.007450546605 0.8767429112 -0.4809016084 0.04430761864 -0.4807320836 -0.8757473943 5.022687858e-05 0.08464060041 0
0.5145307835 0.1834765321 0.06457875863 -0.007905488849 0.1279749305 0.4878303125 -0.00101667468 0.03263439921 0.2521764582 -0.9989298274 -0.0154322689 -0.04360097529 0.007779740417 0.8731987268 -0.4873022258 0.04559249509 -0.4871199325 -0.8721441943 5.184343712e-05 0.08588974898 0
0.5220139278 0.1861449465 0.06551796808 -0.008133551112 0.1297411087 0.4871907482 -0.001046344893 0.03310283565 0.2520940621 -0.9988668678 -0.01609981355 -0.04478589525 0.008118240413 0.8696096301 -0.4936731565 0.04689429158 -0.4934773422 -0.8684935453 5.349043568e-05 0.08713889755 0
0.5294970722 0.188813361 0.06645717754 -0.008364700829 0.1315032277 0.4865425255 -0.001076436679 0.03357100486 0.2520104956 -0.9988012004 -0.01678564294 -0.04598265254 0.008466158357 0.8659759167 -0.5000140356 0.04821292675 -0.4998039154 -0.8647956752 5.516815153e-05 0.08838804612 0
0.5369802166 0.1914817754 0.06739638699 -0.008598929298 0.1332612335 0.485885669 -0.001106949748 0.03403890308 0.2519257595 -0.9987327511 -0.0174899552 -0.04719102999 0.008823605026 0.8622978857 -0.506324501 0.04954831822 -0.5060992568 -0.8610508152 5.687686484e-05 0.08963719469 0
0.544463361 0.1941501899 0.06833559644 -0.008836227705 0.1350150721 0.4852202033 -0.001137883803 0.03450652655 0.2518398546 -0.9986614453 -0.0182129458 -0.04841080804 0.009190690201 0.8585758397 -0.5126041931 0.05090038254 -0.512362973 -0.8572591994 5.861685867e-05 0.09088634326 0
0.5519465054 0.1968186044 0.06927480589 -0.00907658712 0.1367646898 0.4845461535 -0.001169238544 0.03497387153 0.2517527817 -0.9985872072 -0.01895480758 -0.0496417647 0.009567522657 0.8548100846 -0.5188527554 0.05226903522 -0.5185946727 -0.8534210646 6.038841889e-05 0.09213549183 0
0.5584942567 0.199153467 0.07009661416 -0.009289405484 0.1382921006 0.4839493382 -0.001197018796 0.03538256698 0.2516756356 -0.9985197836 -0.01961956645 -0.05072784544 0.009905331606 0.8514794371 -0.5242944331 0.05348014675 -0.52402084 -0.850024725 6.196465529e-05 0.09322849683 0
0.5659774011 0.2018218815 0.07103582361 -0.009535479826 0.1400336598 0.4832592618 -0.001229161497 0.03584937967 0.2515863752 -0.9984398413 -0.02039732208 -0.05197915551 0.01030072984 0.8476325645 -0.530483676 0.05487967128 -0.5301914605 -0.8461000159 6.379618282e-05 0.0944776454 0
0.5734605455 0.2044902959 0.07197503306 -0.009784588872 0.1417708446 0.4825606751 -0.001261723997 0.03631590309 0.2514959493 -0.998356745 -0.02119448827 -0.05324099292 0.01070618236 0.8437428819 -0.5366407802 0.05629553552 -0.5363289504 -0.8421294851 6.566011421e-05 0.09572679398 0
0.5809436899 0.2071587104 0.07291424252 -0.01003672326 0.1435036019 0.4818536043 -0.001294705979 0.03678213349 0.2514043589 -0.9982704163 -0.02201124729 -0.05451312669 0.01112179394 0.8398107083 -0.5427654004 0.05772765098 -0.542432926 -0.8381133808 6.755674604e-05 0.09697594255 0
0.5884268343 0.2098271248 0.07385345197 -0.0102918735 0.1452318788 0.4811380759 -0.001328107123 0.03724806715 0.2513116049 -0.9981807757 -0.02284777865 -0.05579532355 0.01154766827 0.8358363664 -0.5488571945 0.05917592819 -0.548503006 -0.834051954 6.948637758e-05 0.09822509112 0
0.5959099786 0.2124955393 0.07479266142 -0.01055003001 0.1469556227 0.480414117 -0.001361927105 0.03771370033 0.2512176881 -0.998087743 -0.02370425902 -0.05708734803 0.01198390799 0.8318201819 -0.5549158233 0.06064027663 -0.5545388111 -0.8299454583 7.144931077e-05 0.09947423969 0
0.603393123 0.2151639537 0.07573187087 -0.01081118309 0.1486747812 0.4796817547 -0.001396165595 0.03817902929 0.2511226095 -0.9979912376 -0.02458086226 -0.05838896243 0.01243061464 0.8277624839 -0.5609409506 0.06212060482 -0.5605399642 -0.8257941505 7.344585014e-05 0.1007233883 0
0.6099408744 0.2174988164 0.07655367914 -0.01104214244 0.1501752422 0.4790340659 -0.001426467321 0.03858593964 0.2510384635 -0.9979038824 -0.02536453159 -0.05953555326 0.01283014812 0.8241782053 -0.5661851935 0.06342892766 -0.5657622527 -0.8221252001 7.522063106e-05 0.1018163933 0
0.6174240188 0.2201672308 0.07749288859 -0.01130888755 0.1518856621 0.4782860216 -0.001461489616 0.03905068815 0.250941209 -0.9978006449 -0.02627932371 -0.06085450059 0.01329675016 0.8200435675 -0.5721466105 0.06493896774 -0.571697424 -0.8178905708 7.728101191e-05 0.1030655418 0
0.6249071631 0.2228356453 0.07843209805 -0.01157860072 0.1535913467 0.4775296539 -0.001496929454 0.03951512174 0.2508427955 -0.9976936981 -0.02721472237 -0.0621823425 0.01377410495 0.81586838 -0.5780735771 0.06646471895 -0.577596871 -0.8136118827 7.937588887e-05 0.1043146904 0
0.6323903075 0.2255040598 0.0793713075 -0.01185127181 0.1552922442 0.4767649911 -0.001532786489 0.03997923667 0.2507432239 -0.9975829584 -0.02817089016 -0.06351883305 0.01426230974 0.8116529841 -0.5839657694 0.06800608594 -0.5834602251 -0.8092894031 8.150557638e-05 0.105563839 0
0.6398734519 0.2281724742 0.08031051695 -0.01212689061 0.1569883033 0.475992062 -0.001569060373 0.04044302925 0.2506424952 -0.9974683414 -0.02914798665 -0.06486372424 0.01476146066 0.8073977243 -0.5898228667 0.06956297239 -0.5892871199 -0.8049234021 8.367039136e-05 0.1068129875 0
0.6473565963 0.2308408887 0.0812497264 -0.01240544675 0.1586794725 0.4752108956 -0.001605750755 0.04090649576 0.2505406103 -0.9973497623 -0.03014616845 -0.06621676607 0.01527165268 0.803102948 -0.5956445514 0.07113528102 -0.5950771912 -0.8005141525 8.587065319e-05 0.1080621361 0
0.6548397407 0.2335093031 0.08218893585 -0.01268692979 0.1603657006 0.4744215211 -0.001642857277 0.04136963249 0.2504375704 -0.9972271354 -0.03116558912 -0.06757770652 0.01579297961 0.7987690056 -0.6014305092 0.07272291357 -0.6008300772 -0.7960619298 8.810668365e-05 0.1093112847 0
0.661387492 0.2358441658 0.08301074412 -0.01293562012 0.1618370571 0.4737241086 -0.001675666566 0.04177460369 0.2503464636 -0.9971164486 -0.03207512313 -0.06877480914 0.01625834766 0.7949449555 -0.6064636707 0.0741245845 -0.6058330663 -0.7921312023 9.009280657e-05 0.1104042897 0
0.6688706364 0.2385125802 0.08394995358 -0.01322256254 0.1635138839 0.4729194242 -0.001713552378 0.04223711209 0.2502412605 -0.996985999 -0.03313476999 -0.07014987345 0.0168008014 0.7905385317 -0.6121818054 0.07574068128 -0.611515263 -0.7875991572 9.23967789e-05 0.1116534383 0
0.6763537808 0.2411809947 0.08488916303 -0.0135124012 0.1651856239 0.4721066177 -0.001751853284 0.04269928008 0.2501349052 -0.9968512519 -0.0342160802 -0.07153210104 0.01735465328 0.7860939661 -0.6178633283 0.0773718142 -0.6171592472 -0.783024946 9.47374583e-05 0.1129025868 0
0.6838369252 0.2438494091 0.08582837248 -0.01380512525 0.1668522268 0.4712857196 -0.001790568912 0.04316110395 0.2500273988 -0.9967121191 -0.03531919538 -0.07292123246 0.01791999257 0.7816116203 -0.6235079381 0.07901788134 -0.6227646662 -0.7784088546 9.71151757e-05 0.1141517354 0
0.6913200696 0.2465178236 0.08676758193 -0.0141007237 0.1685136426 0.4704567607 -0.001829698887 0.04362258001 0.2499187423 -0.9965685119 -0.03644425404 -0.07431700644 0.01849690734 0.777091859 -0.6291153369 0.08067877985 -0.6283311699 -0.7737511715 9.953026436e-05 0.115400884 0
0.6988032139 0.2491862381 0.08770679138 -0.01439918548 0.1701698212 0.4696197721 -0.001869242827 0.04408370457 0.2498089368 -0.9964203411 -0.03759139152 -0.0757191599 0.01908548444 0.7725350496 -0.6346852302 0.08235440593 -0.6338584104 -0.7690521877 0.0001019830598 0.1166500325 0
0.7062863583 0.2518546525 0.08864600083 -0.0147004994 0.1718207132 0.468774785 -0.001909200349 0.04454447396 0.2496979834 -0.9962675167 -0.03876073996 -0.07712742798 0.01968580951 0.7679415625 -0.6402173268 0.08404465488 -0.6393460422 -0.7643121969 0.0001044738997 0.1178991811 0
0.7128341097 0.2541895152 0.0894678091 -0.01496647987 0.173260868 0.4680288851 -0.001944502143 0.04494735292 0.2495999584 -0.996129907 -0.03980224124 -0.07836446892 0.02022079734 0.7638924671 -0.6450266802 0.08553553503 -0.644114959 -0.7601312991 0.0001066848602 0.1189921861 0
0.7203172541 0.2568579296 0.09040701856 -0.01527311106 0.1749017143 0.4671689866 -0.001985234083 0.04540744644 0.2494868556 -0.9959681131 -0.04101358027 -0.07978348203 0.02084337641 0.7592312163 -0.6504871358 0.08725291647 -0.6495274023 -0.7553152204 0.0001092479517 0.1202413347 0
0.7278003984 0.2595263441 0.09134622801 -0.01558256167 0.1765371323 0.4663011816 -0.002026378479 0.04586717421 0.2493726081 -0.9958014041 -0.04224749229 -0.08120783873 0.0214779428 0.7545343672 -0.6559089774 0.08898461468 -0.654899258 -0.7504589931 0.0001118500711 0.1214904833 0
0.7352835428 0.2621947585 0.09228543746 -0.01589482011 0.1781670733 0.4654255024 -0.002067934931 0.04632653256 0.249257217 -0.995629688 -0.04350409692 -0.08263726761 0.02212457736 0.7498023003 -0.6612919276 0.09073052146 -0.6602301902 -0.7455629205 0.0001144915645 0.1227396318 0
0.7427666872 0.264863173 0.09322464691 -0.01620987469 0.1797914887 0.4645419818 -0.002109903037 0.04678551784 0.2491406834 -0.9954528722 -0.04478351049 -0.08407149565 0.02278335966 0.7450353987 -0.6666357125 0.0924905277 -0.6655198659 -0.7406273087 0.0001171727804 0.1239887804 0
0.7502498316 0.2675315874 0.09416385636 -0.01652771364 0.1814103302 0.463650653 -0.002152282388 0.04724412638 0.2490230085 -0.9952708638 -0.04608584602 -0.08551024824 0.02345436803 0.7402340482 -0.6719400617 0.09426452343 -0.6707679545 -0.7356524661 0.0001198940693 0.125237929 0
0.757732976 0.2702000019 0.09510306582 -0.01684832505 0.1830235496 0.4627515492 -0.002195072573 0.04770235453 0.2489041933 -0.995083569 -0.04741121321 -0.08695324925 0.02413767949 0.7353986368 -0.6772047086 0.09605239779 -0.6759741281 -0.7306387035 0.0001226557837 0.1264870775 0
0.7642807273 0.2725348646 0.09592487409 -0.01713112491 0.1844304672 0.461958482 -0.002232850671 0.04810298924 0.2487992958 -0.9949152758 -0.04858988636 -0.08821914193 0.02474572899 0.7311400185 -0.6817784994 0.09762808487 -0.6804948907 -0.726219981 0.0001251057241 0.1275800825 0
0.7717638717 0.275203279 0.09686408354 -0.01745690232 0.1860330166 0.461044891 -0.002276410048 0.0485604943 0.248678346 -0.9947178153 -0.04995872195 -0.08966935921 0.02545231194 0.7262417981 -0.6869679982 0.09944167988 -0.6856215988 -0.7211340898 0.0001279441939 0.1288292311 0
0.7792470161 0.2778716935 0.09780329299 -0.01778541746 0.1876298069 0.4601236225 -0.002320379054 0.04901760849 0.2485562595 -0.9945147969 -0.05135088591 -0.09112302272 0.0261714123 0.7213106465 -0.6921170482 0.10126883 -0.6907054638 -0.7160101859 0.0001308241142 0.1300783797 0
0.7867301605 0.2805401079 0.09874250244 -0.01811665805 0.1892207911 0.4591947109 -0.002364757262 0.04947432815 0.2484330374 -0.9943061251 -0.05276647485 -0.09257985068 0.02690310211 0.7163469614 -0.6972253969 0.1031094211 -0.6957461678 -0.7108485895 0.0001337458457 0.1313275282 0
0.7942133049 0.2832085224 0.09968171189 -0.01845061173 0.1908059221 0.4582581908 -0.002409544242 0.04993064965 0.2483086809 -0.994091704 -0.05420558202 -0.09403955992 0.02764745206 0.7113511424 -0.7022927955 0.1049633381 -0.700743396 -0.7056496231 0.0001367097507 0.1325766768 0
0.8016964492 0.2858769368 0.1006209213 -0.01878726602 0.1923851534 0.4573140974 -0.002454739559 0.05038656937 0.2481831913 -0.9938714375 -0.05566829719 -0.09550186594 0.02840453155 0.7063235917 -0.707318999 0.1068304652 -0.7056968361 -0.7004136115 0.0001397161937 0.1338258254 0
0.8091795936 0.2885453513 0.1015601308 -0.01912660835 0.1939584384 0.4563624657 -0.002500342775 0.05084208366 0.2480565698 -0.9936452288 -0.05715470671 -0.09696648295 0.02917440866 0.7012647136 -0.7123037662 0.1087106857 -0.7106061785 -0.695140882 0.000142765541 0.135074974 0
0.815727345 0.2908802139 0.1023819391 -0.01942572796 0.1953301487 0.4555236323 -0.002540579844 0.05124032326 0.2479448485 -0.9934423454 -0.05847481703 -0.09824969292 0.02985860166 0.6968128165 -0.7166312599 0.110366527 -0.714865438 -0.6904973825 0.0001454692044 0.136167979 0
0.8232104894 0.2935486284 0.1033211485 -0.01977007616 0.1968921601 0.4545579625 -0.002586946673 0.05169506764 0.2478161081 -0.9932047331 -0.06000587407 -0.09971786832 0.03065265309 0.6916962969 -0.7215376967 0.1122709804 -0.7196912727 -0.6851566967 0.0001485999917 0.1374171275 0
0.8306936337 0.2962170429 0.104260358 -0.02011707572 0.1984480932 0.4535848573 -0.002633720117 0.0521493962 0.2476862394 -0.9929608984 -0.06156085432 -0.1011875261 0.03145969037 0.6865496243 -0.7264020245 0.1141881872 -0.7244721351 -0.6797802463 0.0001517747474 0.1386662761 0
0.8381767781 0.2988854573 0.1051995674 -0.02046671371 0.1999979024 0.4526043532 -0.002680899723 0.05260330534 0.2475552437 -0.9927107432 -0.06313983058 -0.1026583758 0.03227977636 0.6813732113 -0.7312240169 0.1161180277 -0.7292077267 -0.6743683674 0.0001549938453 0.1399154247 0
0.8456599225 0.3015538718 0.1061387769 -0.02081897709 0.2015415424 0.4516164865 -0.002728485031 0.05305679144 0.2474231223 -0.9924541689 -0.06474287215 -0.1041301257 0.03311297256 0.6761674725 -0.7360034512 0.1180603812 -0.7338977515 -0.668921398 0.000158257661 0.1411645732 0
0.8531430669 0.3042222862 0.1070779863 -0.02117385273 0.2030789684 0.4506212941 -0.002776475582 0.0535098509 0.2472898765 -0.9921910767 -0.06637004478 -0.1056024831 0.0339593391 0.6709328244 -0.7407401086 0.1200151265 -0.7385419164 -0.6634396786 0.0001615665721 0.1424137218 0
0.8606262113 0.3068907007 0.1080171958 -0.0215313274 0.2046101356 0.4496188132 -0.002824870909 0.05396248014 0.2471555076 -0.9919213674 -0.06802141067 -0.1070751544 0.03481893474 0.6656696856 -0.745433774 0.1219821412 -0.7431399312 -0.6579235517 0.0001649209578 0.1436628704 0
0.8671739626 0.3092255633 0.108839004 -0.0218462393 0.2059447378 0.4487356928 -0.002867548493 0.05435817497 0.2470370145 -0.9916798653 -0.06948624803 -0.1083637673 0.03558197809 0.6610413983 -0.7495052986 0.1237132474 -0.7471251108 -0.6530689866 0.0001678936484 0.1447558754 0
0.874657107 0.3118939778 0.1097782135 -0.02220855121 0.2074640503 0.4477196466 -0.002916701506 0.05480998785 0.2469005434 -0.9913974803 -0.07118313148 -0.1098362316 0.0364665319 0.6557259739 -0.7541177887 0.1257029356 -0.751635822 -0.6474892764 0.0001713343279 0.146005024 0
0.8821402514 0.3145623922 0.110717423 -0.02257342363 0.2089769768 0.4466964199 -0.002966257935 0.05526136018 0.246762953 -0.9911081913 -0.07290436707 -0.1113081594 0.03736447608 0.6503832724 -0.7586866909 0.127704538 -0.756099565 -0.6418761553 0.0001748215827 0.1472541725 0
0.8896233958 0.3172308067 0.1116566324 -0.02294084297 0.2104834738 0.4456660507 -0.003016217298 0.0557122884 0.2466242447 -0.9908118979 -0.0746500031 -0.1127792534 0.03827586401 0.6450137195 -0.7632118054 0.1297179294 -0.7605160608 -0.6362299742 0.0001783557991 0.1485033211 0
0.8971065402 0.3198992212 0.1125958419 -0.02331079556 0.2119834978 0.4446285775 -0.003066579111 0.05616276892 0.2464844199 -0.9905084995 -0.07642008425 -0.1142492153 0.0392007477 0.6396177425 -0.7676929366 0.131742984 -0.7648850333 -0.6305510859 0.0001819373653 0.1497524697 0
0.9045896845 0.3225676356 0.1135350513 -0.02368326765 0.2134770057 0.4435840387 -0.003117342886 0.05661279818 0.2463434799 -0.9901978952 -0.07821465156 -0.1157177456 0.04013917773 0.6341957705 -0.7721298926 0.1337795754 -0.7692062096 -0.6248398453 0.000185566671 0.1510016182 0
0.9120728289 0.3252360501 0.1144742608 -0.02405824539 0.2149639546 0.4425324732 -0.003168508129 0.05706237262 0.2462014261 -0.9898799839 -0.08003374244 -0.1171845446 0.04109120329 0.6287482342 -0.7765224858 0.1358275761 -0.7734793197 -0.6190966092 0.0001892441077 0.1522507668 0
0.9186205803 0.3275709127 0.115296069 -0.02438839536 0.2162596209 0.44160662 -0.003213606657 0.05745537436 0.2460762165 -0.9895957379 -0.08164559058 -0.118466337 0.04193541582 0.623961009 -0.780329469 0.1376288355 -0.7771786518 -0.6140453134 0.0001925016565 0.1533437718 0
0.9261037247 0.3302393272 0.1162352785 -0.02476803355 0.217734157 0.4405419851 -0.003265523314 0.05790408641 0.2459320781 -0.9892638529 -0.08351075127 -0.1199290784 0.04291306061 0.6184667061 -0.7846383898 0.1396978835 -0.7813609204 -0.6082430546 0.0001962704003 0.1545929204 0
0.933586869 0.3329077416 0.1171744879 -0.02515013707 0.2192020124 0.4394704365 -0.003317840003 0.05835233343 0.24578683 -0.988924369 -0.0854005227 -0.1213892218 0.04390443444 0.612948086 -0.7889024303 0.141777971 -0.7854943632 -0.6024098375 0.0002000884104 0.155842069 0
0.9410700134 0.3355761561 0.1181136974 -0.02553469173 0.2206631451 0.438392014 -0.003370556215 0.05880011186 0.2456404737 -0.9885771844 -0.08731492808 -0.1228464644 0.04490958096 0.6074055854 -0.7931214185 0.1438689682 -0.789578722 -0.5965460265 0.0002039560851 0.1570912175 0
0.9485531578 0.3382445705 0.1190529068 -0.02592168327 0.2221175137 0.4373067577 -0.003423671441 0.05924741818 0.2454930104 -0.9882221971 -0.08925398693 -0.124300503 0.04592854243 0.6018396424 -0.7972951862 0.1459707444 -0.7936137415 -0.5906519881 0.0002078738241 0.1583403661 0
0.9560363022 0.340912985 0.1199921163 -0.02631109731 0.2235650769 0.4362147079 -0.003477185164 0.05969424883 0.2453444418 -0.9878593048 -0.09121771507 -0.1257510336 0.04696135964 0.5962506965 -0.8014235694 0.1480831682 -0.7975991696 -0.5847280906 0.0002118420289 0.1595895147 0
0.9635194466 0.3435813995 0.1209313257 -0.02670291942 0.2250057937 0.435115905 -0.003531096865 0.06014060031 0.2451947692 -0.9874884051 -0.0932061246 -0.1271977519 0.04800807197 0.5906391887 -0.8055064083 0.1502061076 -0.8015347573 -0.5787747041 0.0002158611028 0.1608386632 0
0.9700671979 0.3459162621 0.121753134 -0.02704772771 0.2262607728 0.434148945 -0.00357859566 0.060530762 0.2450629013 -0.9871572189 -0.0949662361 -0.1284602632 0.04893537344 0.5857109591 -0.8090414091 0.1520722015 -0.8049373183 -0.5735415932 0.0002194198391 0.1619316682 0
0.9775503423 0.3485846766 0.1226923435 -0.02744402571 0.2276885432 0.4330375902 -0.003633252159 0.06097620551 0.2449111628 -0.9867710292 -0.09700094297 -0.1298990109 0.05000824018 0.5800583404 -0.8130384355 0.1542144996 -0.8087787947 -0.5675339191 0.0002235353848 0.1631808168 0
0.9850334867 0.351253091 0.1236315529 -0.02784268977 0.229109351 0.4319196002 -0.003688305123 0.06142115973 0.2447583247 -0.9863765372 -0.09906034536 -0.1313330683 0.05109510715 0.5743844344 -0.8169894807 0.1563669303 -0.8125697321 -0.5614978305 0.0002277029677 0.1644299654 0
0.9925166311 0.3539215055 0.1245707624 -0.02824370511 0.2305231564 0.4307950164 -0.003743754019 0.06186562114 0.2446043883 -0.9859736402 -0.101144441 -0.1327621293 0.05219600811 0.5686896867 -0.8208944006 0.158529359 -0.8163098935 -0.5554337045 0.0002319229974 0.1656791139 0
0.9999997755 0.3565899199 0.1255099718 -0.0286470569 0.2319299197 0.4296638804 -0.003799598308 0.06230958624 0.2444493553 -0.9855622352 -0.1032532237 -0.1341858873 0.05331097533 0.5629745442 -0.8247530554 0.1607016505 -0.8199990453 -0.5493419201 0.0002361958849 0.1669282625 0
1.00748292 0.3592583344 0.1264491813 -0.0290527302 0.2333296017 0.428526234 -0.003855837449 0.06275305154 0.2442932272 -0.9851422194 -0.1053866838 -0.1356040356 0.05444003966 0.5572394548 -0.8285653095 0.1628836692 -0.823636957 -0.543222858 0.000240522043 0.1681774111 0
1.014966064 0.3619267488 0.1273883907 -0.02946071 0.2347221633 0.4273821195 -0.003912470897 0.06319601354 0.2441360054 -0.9847134897 -0.1075448078 -0.1370162671 0.05558323045 0.5514848675 -0.8323310312 0.1650752786 -0.8272234011 -0.5370769005 0.000244901886 0.1694265597 0
1.021513816 0.3642616115 0.128210199 -0.0298195725 0.2359347835 0.4263757467 -0.003962348187 0.06358318969 0.2439975405 -0.9843311223 -0.1094533847 -0.1382468744 0.05659513248 0.5464339628 -0.8355877664 0.1670006967 -0.830319144 -0.531677427 0.0002487786139 0.1705195647 0
1.02899696 0.366930026 0.1291494084 -0.03023183623 0.2373138904 0.4252196185 -0.004019719477 0.06402519862 0.2438382724 -0.9838857766 -0.1116577037 -0.1396471835 0.05776488444 0.5406440303 -0.8392658999 0.1692099193 -0.833808485 -0.5254820772 0.0002532602381 0.1717687132 0
