0.007025490582 0.003888960312 0.001460248218 -2.322350106e-06 0.001791490472 0.5099958046 -2.91003108e-07 0.0004462102488 0.2549994794 -0.9999999999 -6.256156145e-08 -1.352459428e-05 3.198078638e-08 0.9999755676 -0.006990288753 1.352470117e-05 -0.006990288753 -0.9999755675 2.994942247e-08 0.001942130129 0
0.01391176553 0.007700857811 0.002891560466 -9.106149782e-06 0.003547425466 0.5099835495 -1.147547774e-06 0.0008852592939 0.2549979469 -0.9999999986 -4.88676591e-07 -5.302959694e-05 2.453862432e-07 0.9999042001 -0.01384162922 5.303128079e-05 -0.01384162922 -0.9999041987 5.741445071e-08 0.00384577542 0
0.02079804048 0.01151275531 0.004322872715 -2.035205878e-05 0.005303250577 0.5099632336 -2.573873968e-06 0.001325035649 0.2549953948 -0.999999993 -1.634175239e-06 -0.0001185141864 8.184845113e-07 0.9997858951 -0.02069212077 0.0001185226265 -0.02069212072 -0.9997858881 4.39217065e-08 0.005749420711 0
0.02768431544 0.01532465281 0.005754184963 -3.605965908e-05 0.007058911419 0.5099348574 -4.569422627e-06 0.001764916331 0.2549918242 -0.9999999779 -3.855013032e-06 -0.0002099681976 1.929255566e-06 0.9996206653 -0.02754134332 0.0002099947216 -0.02754134311 -0.9996206432 7.429001257e-09 0.007653066001 0
0.03457059039 0.01913655031 0.007185497212 -5.622836684e-05 0.008814353614 0.5098984222 -7.133371264e-06 0.00220474487 0.2549872365 -0.9999999464 -7.506982649e-06 -0.0003273774336 3.755599994e-06 0.9994085276 -0.03438887691 0.0003274419556 -0.0343888763 -0.999408474 8.407989074e-08 0.009556711292 0
0.04145686534 0.02294844781 0.00861680946 -8.085743239e-05 0.01056952279 0.5098539293 -1.026525786e-05 0.00264449846 0.2549816326 -0.9999998891 -1.294566003e-05 -0.0004707236684 6.475312726e-06 0.9991495045 -0.04123430182 0.0004708571253 -0.0412343003 -0.9991493936 1.8661195e-07 0.01146035658 0
0.04834314029 0.02676034531 0.01004812171 -0.0001099459403 0.01232436459 0.5098013803 -1.396483404e-05 0.00308418174 0.2549750129 -0.999999795 -2.052635053e-05 -0.0006399846486 1.026605678e-05 0.9988436228 -0.04807719854 0.0006402314344 -0.04807719525 -0.9988434179 3.117090918e-07 0.01336400187 0
0.05609019961 0.03104872999 0.01165834799 -0.0001479995862 0.01429810263 0.5097326356 -1.880524135e-05 0.003578750697 0.2549663519 -0.9999996285 -3.205698092e-05 -0.0008613465958 1.603186836e-05 0.9984435354 -0.05577191342 0.0008617938195 -0.05577190652 -0.998443164 4.781535633e-07 0.01550560283 0
0.06297647456 0.03486062749 0.01308966024 -0.0001865606129 0.01605206834 0.5096629742 -2.371072222e-05 0.004018307187 0.2549575745 -0.9999994097 -4.536762398e-05 -0.001085584156 2.268769506e-05 0.9980381917 -0.06260804628 0.001086294826 -0.06260803396 -0.9980376015 6.484017613e-07 0.01740924812 0
0.06986274951 0.03867252499 0.01452097249 -0.0002295771531 0.01780553689 0.5095852639 -2.918355112e-05 0.004457810163 0.2549477818 -0.9999991061 -6.192827302e-05 -0.001335641001 3.096861108e-05 0.9975861055 -0.06944034214 0.001336717225 -0.06944032143 -0.9975852119 8.393739648e-07 0.01931289341 0
0.07674902446 0.04248442249 0.01595228473 -0.0002770476081 0.019558454 0.5094995075 -3.522365527e-05 0.004897260964 0.2549369742 -0.9999986982 -8.209254886e-05 -0.001611478306 4.105145824e-05 0.9970873242 -0.07626838302 0.001613045658 -0.07626834989 -0.9970860228 1.050953422e-06 0.0212165387 0
0.08363529941 0.04629631999 0.01738359698 -0.0003289702137 0.02131076541 0.5094057082 -4.183096368e-05 0.005336659651 0.2549251516 -0.9999981645 -0.0001062135264 -0.001913053238 5.311281225e-05 0.9965418998 -0.08309175146 0.001915263176 -0.08309170055 -0.996540065 1.283098753e-06 0.02312018399 0
0.09052157436 0.05010821749 0.01881490923 -0.0003853430401 0.02306241687 0.5093038695 -4.900540422e-05 0.005776005375 0.2549123143 -0.9999974814 -0.0001346436814 -0.002240318966 6.732895664e-05 0.9959498892 -0.08991003053 0.002243351243 -0.08990995492 -0.9959473718 1.535815902e-06 0.02502382928 0
0.09740784932 0.05392011499 0.02024622148 -0.0004461639922 0.02481335417 0.5091939951 -5.67469019e-05 0.006215296635 0.2548984623 -0.9999966235 -0.0001677348364 -0.002593224665 8.38758567e-05 0.9953113544 -0.09672280387 0.002597289737 -0.0967226948 -0.9953079797 1.809142521e-06 0.02692747457 0
0.1042941243 0.05773201249 0.02167753373 -0.0005114308099 0.02656352313 0.5090760892 -6.505537794e-05 0.006654531463 0.2548835959 -0.9999955633 -0.0002058381081 -0.002971715525 0.0001029291335 0.9946263619 -0.1035296558 0.00297705695 -0.1035295023 -0.9946219278 2.103138907e-06 0.02883111986 0
0.1111803992 0.06154390999 0.02310884598 -0.0005811410678 0.0283128696 0.5089501561 -7.393074918e-05 0.007093707544 0.2548677151 -0.9999942711 -0.0002493038538 -0.003375732756 0.0001246640378 0.9938949833 -0.1103301713 0.003382629588 -0.1103299601 -0.9938892583 2.417882525e-06 0.03073476515 0
0.1180666742 0.06535580749 0.02454015823 -0.0006552921754 0.03006133945 0.5088162006 -8.337292771e-05 0.007532822314 0.2548508201 -0.9999927156 -0.0002984816182 -0.003805213598 0.0001492554244 0.9931172948 -0.1171239361 0.003813982777 -0.1171236509 -0.993110016 2.75346459e-06 0.03263841044 0
0.1249529491 0.06916770499 0.02597147047 -0.0007338813774 0.03180887861 0.5086742275 -9.338182065e-05 0.007971873016 0.2548329111 -0.9999908632 -0.0003537200804 -0.00426009133 0.000176877726 0.9922933778 -0.1239105367 0.004271090061 -0.1239101581 -0.9922842488 3.109987874e-06 0.03454205573 0
0.1318392241 0.07297960248 0.02740278272 -0.0008169057536 0.03355543302 0.5085242422 -0.00010395733 0.008410856748 0.2548139882 -0.9999886785 -0.000415367001 -0.004740295278 0.0002077049276 0.9914233181 -0.1306895605 0.004753923404 -0.1306890655 -0.9914120074 3.487565223e-06 0.03644570102 0
0.138725499 0.07679149998 0.02883409497 -0.0009043622192 0.0353009487 0.5083662502 -0.0001150993525 0.008849770497 0.2547940517 -0.9999861239 -0.0004837691695 -0.005245750822 0.0002419105408 0.9905072065 -0.1374605956 0.005262453191 -0.1374599572 -0.9904933451 3.886318575e-06 0.03834934631 0
0.145611774 0.08060339748 0.03026540722 -0.000996247525 0.03704537167 0.5082002574 -0.0001268077797 0.009288611165 0.2547731017 -0.9999831602 -0.0005592723513 -0.005776379415 0.0002796675778 0.9895451386 -0.1442232313 0.005796648234 -0.1442224181 -0.9895283184 4.30637825e-06 0.0402529916 0
0.1524980489 0.08441529498 0.03169671947 -0.001092558257 0.03878864803 0.50802627 -0.0001390824976 0.009727375586 0.2547511385 -0.9999797458 -0.0006422212355 -0.006332098582 0.0003211485262 0.9885372147 -0.1509770577 0.006356475768 -0.1509760333 -0.9885169865 4.74788244e-06 0.04215663689 0
0.1593843239 0.08822719248 0.03312803172 -0.001193290838 0.04053072389 0.5078442944 -0.0001519233871 0.01016606054 0.2547281622 -0.9999758375 -0.0007329593824 -0.006912821942 0.0003665253234 0.98748354 -0.1577216659 0.006941901458 -0.1577203887 -0.9874594113 5.210976833e-06 0.04406028218 0
0.1662705988 0.09203908998 0.03455934397 -0.001298441525 0.04227154546 0.5076543374 -0.0001653303235 0.01060466276 0.2547041731 -0.99997139 -0.0008318291712 -0.007518459213 0.0004159693306 0.9863842242 -0.1644566482 0.007552889396 -0.1644550705 -0.9863556578 5.695814324e-06 0.04596392748 0
0.1731568738 0.09585098748 0.03599065621 -0.001408006412 0.04401105896 0.5074564061 -0.0001793031767 0.01104317894 0.2546791715 -0.999966356 -0.0009391717481 -0.008148916228 0.0004696513084 0.9852393821 -0.1711815978 0.00818940211 -0.1711796657 -0.9852057936 6.202554787e-06 0.04786757277 0
0.1800431487 0.09966288498 0.03742196846 -0.00152198143 0.04574921067 0.5072505078 -0.0001938418112 0.01148160577 0.2546531575 -0.9999606863 -0.001055326975 -0.008804094946 0.0005277413907 0.9840491328 -0.1778961094 0.008851400559 -0.1778937619 -0.9840098893 6.731364882e-06 0.04977121806 0
0.1869294237 0.1034747825 0.03885328071 -0.001640362346 0.04748594694 0.5070366501 -0.0002089460861 0.0119199399 0.2546261314 -0.9999543299 -0.001180633375 -0.009483893465 0.0005904090597 0.9828136004 -0.1845997786 0.009538844142 -0.1845969473 -0.9827680182 7.282417911e-06 0.05167486335 0
0.1938156986 0.10728668 0.04028459296 -0.001763144763 0.04922121418 0.506814841 -0.000224615855 0.01235817795 0.2545980935 -0.9999472337 -0.001315428086 -0.01018820604 0.0006578231209 0.9815329136 -0.1912922024 0.01025169069 -0.1912888106 -0.9814802564 7.855893672e-06 0.05357850864 0
0.2007019736 0.1110985775 0.04171590521 -0.001890324121 0.05095495885 0.5065850888 -0.000240850966 0.01279631654 0.254569044 -0.9999393427 -0.001460046804 -0.01091692309 0.0007301516781 0.9802072059 -0.1979729791 0.0109898965 -0.1979689416 -0.9801466831 8.451978347e-06 0.05548215393 0
0.2075882485 0.114910475 0.04314721746 -0.002021895697 0.05268712747 0.5063474019 -0.000257651262 0.01323435227 0.2545389833 -0.9999306001 -0.001614823737 -0.01166993123 0.0008075621082 0.9788366151 -0.2046417084 0.01175341627 -0.2046369305 -0.9787673799 9.070864389e-06 0.05738579922 0
0.2144745235 0.1187223725 0.04457852971 -0.002157854607 0.05441766663 0.5061017892 -0.0002750165801 0.01367228174 0.2545079117 -0.9999209472 -0.001780091548 -0.01244711326 0.0008902210367 0.977421284 -0.2112979913 0.01254220319 -0.2112923683 -0.9773424314 9.712750427e-06 0.05928944451 0
0.2213607984 0.12253427 0.04600984195 -0.002298195801 0.05614652299 0.5058482598 -0.0002929467521 0.01411010154 0.2544758293 -0.9999103233 -0.00195618131 -0.01324834819 0.0009782943126 0.9759613598 -0.2179414303 0.01335620887 -0.2179348468 -0.9758719251 1.037784117e-05 0.0611930898 0
0.2282470734 0.1263461675 0.0474411542 -0.002442914069 0.05787364328 0.5055868231 -0.0003114416044 0.01454780823 0.2544427367 -0.9998986659 -0.002143422454 -0.01407351129 0.001071946984 0.9744569945 -0.2245716293 0.01419538339 -0.2245639586 -0.9743559512 1.10663473e-05 0.06309673509 0
0.2351333483 0.130158065 0.04887246645 -0.00259200404 0.0595989743 0.5053174889 -0.0003305009578 0.01498539839 0.254408634 -0.9998859106 -0.002342142715 -0.01492247406 0.001171343274 0.9729083446 -0.231188194 0.01505967528 -0.2311792972 -0.9727946025 1.177848544e-05 0.06500038038 0
0.2420196233 0.1339699625 0.0503037787 -0.002745460178 0.06132246293 0.505040267 -0.0003501246279 0.01542286859 0.2543735216 -0.9998719911 -0.002552668088 -0.01579510427 0.001276646555 0.9713155709 -0.2377907313 0.01594903153 -0.2377804567 -0.971187975 1.251447799e-05 0.06690402567 0
0.2489058982 0.13778186 0.05173509095 -0.002903276788 0.0630440561 0.5047551679 -0.0003703124245 0.01586021538 0.2543373998 -0.9998568394 -0.002775322773 -0.01669126596 0.001388019326 0.9696788391 -0.24437885 0.01686339759 -0.2443670323 -0.9695361671 1.327455312e-05 0.06880767096 0
0.2557921732 0.1415937575 0.0531664032 -0.003065448012 0.06476370084 0.5044622021 -0.0003910641522 0.01629743533 0.2543002691 -0.9998403854 -0.003010429128 -0.01761081951 0.001505623188 0.9679983193 -0.2509521605 0.01780271738 -0.2509386201 -0.9678392801 1.405894462e-05 0.07071131625 0
0.2626784481 0.145405655 0.05459771545 -0.003231967832 0.06648134428 0.5041613805 -0.00041237961 0.016734525 0.2542621297 -0.9998225575 -0.00325830762 -0.0185536216 0.001629618817 0.9662741861 -0.2575102749 0.0187669333 -0.2574948169 -0.9660974182 1.486789189e-05 0.07261496154 0
0.2695647231 0.1492175525 0.0560290277 -0.003402830069 0.06819693358 0.5038527142 -0.0004342585916 0.01717148092 0.254222982 -0.9998032821 -0.003519276774 -0.01951952524 0.001760165947 0.9645066184 -0.2640528071 0.01975598619 -0.2640352207 -0.9643106881 1.57016398e-05 0.07451860683 0
0.276450998 0.15302945 0.05746033994 -0.003578028382 0.06991041604 0.5035362146 -0.0004567008851 0.01760829967 0.2541828265 -0.9997824836 -0.003793653128 -0.02050837983 0.001897423339 0.9626957997 -0.2705793727 0.02076981541 -0.2705594304 -0.9624791995 1.656043865e-05 0.07642225213 0
0.283337273 0.1568413475 0.05889165219 -0.003757556272 0.07162173901 0.5032118936 -0.0004797062731 0.01804497778 0.2541416635 -0.999760085 -0.004081751178 -0.02152003114 0.002041548761 0.9608419181 -0.2770895894 0.02180835876 -0.2770670456 -0.9606030646 1.744454406e-05 0.07832589742 0
0.2902235479 0.160653245 0.06032296444 -0.003941407079 0.07333084994 0.5028797632 -0.0005032745331 0.01848151181 0.2540994934 -0.9997360072 -0.004383883336 -0.02255432135 0.002192698963 0.9589451657 -0.2835830765 0.02287155255 -0.2835576675 -0.9586823986 1.835421692e-05 0.08022954271 0
0.2971098229 0.1644651425 0.06175427669 -0.004129573983 0.07503769637 0.5025398356 -0.0005274054367 0.0189178983 0.2540563167 -0.9997101695 -0.004700359879 -0.02361108907 0.002351029655 0.9570057393 -0.2900594554 0.02395933157 -0.2900308977 -0.9567173192 1.928972331e-05 0.082133188 0
0.3039960978 0.16827704 0.06318558894 -0.004322050004 0.07674222595 0.5021921236 -0.0005520987503 0.01935413381 0.2540121337 -0.9996824894 -0.005031488904 -0.02469016934 0.002516695484 0.9550238399 -0.2965183495 0.02507162911 -0.2964863394 -0.954707947 2.025133438e-05 0.08403683329 0
0.3108823728 0.1720889375 0.06461690119 -0.004518828005 0.07844438639 0.5018366399 -0.0005773542349 0.01979021488 0.2539669448 -0.9996528826 -0.005377576276 -0.02579139369 0.002689850008 0.9529996728 -0.302959384 0.02620837694 -0.3029235965 -0.9526544051 2.123932632e-05 0.08594047858 0
0.3177686478 0.175900835 0.06604821344 -0.004719900688 0.08014412553 0.5014733977 -0.0006031716459 0.02022613806 0.2539207506 -0.9996212631 -0.005738925584 -0.02691459015 0.002870645677 0.9509334478 -0.3093821865 0.02736950535 -0.3093422743 -0.9505568197 2.225398028e-05 0.08784412387 0
0.3246549227 0.1797127325 0.06747952568 -0.004925260597 0.0818413913 0.5011024106 -0.0006295507335 0.02066189991 0.2538735515 -0.9995875431 -0.006115838096 -0.02805958325 0.003059233807 0.9488253786 -0.3157863866 0.02855494311 -0.3157419791 -0.9484153193 2.329558225e-05 0.08974776916 0
0.3315411977 0.18352463 0.06891083793 -0.00513490012 0.08353613173 0.5007236923 -0.0006564912421 0.02109749697 0.2538253479 -0.9995516333 -0.006508612709 -0.02922619407 0.003255764558 0.9466756836 -0.3221716158 0.02976461753 -0.3221223184 -0.9462300352 2.436442302e-05 0.09165141445 0
0.3384274726 0.1873365275 0.07034215018 -0.005348811484 0.08522829495 0.5003372568 -0.000683992911 0.02153292578 0.2537761402 -0.9995134424 -0.006917545904 -0.03041424027 0.003460386915 0.9444845851 -0.3285375081 0.0309984544 -0.3284829007 -0.9440011016 2.54607981e-05 0.09355505974 0
0.3453137476 0.191148425 0.07177346243 -0.005566986761 0.0869178292 0.4999431185 -0.0007120554739 0.02196818291 0.2537259291 -0.9994728777 -0.007342931702 -0.03162353609 0.003673248659 0.9422523096 -0.3348836997 0.03225637805 -0.3348233361 -0.941728655 2.658500763e-05 0.09545870503 0
0.3522000225 0.1949603225 0.07320477468 -0.005789417865 0.08860468284 0.4995412919 -0.0007406786592 0.02240326491 0.253674715 -0.9994298447 -0.007785061615 -0.03285389238 0.003894496351 0.9399790878 -0.3412098289 0.03353831133 -0.3411432357 -0.9394128349 2.773735631e-05 0.09736235032 0
0.3590862975 0.19877222 0.07463608693 -0.006016096553 0.09028880432 0.499131792 -0.0007698621897 0.02283816832 0.2536224983 -0.9993842473 -0.008244224605 -0.03410511666 0.004124275306 0.9376651547 -0.3475155365 0.03484417562 -0.3474422118 -0.9370537834 2.891815333e-05 0.09926599561 0
0.3659725724 0.2025841175 0.07606739918 -0.006247014426 0.09197014221 0.4987146339 -0.0007996057829 0.0232728897 0.2535692796 -0.9993359877 -0.008720707038 -0.03537701309 0.004362729575 0.935310749 -0.3538004655 0.03617389082 -0.353719878 -0.934651645 3.012771227e-05 0.1011696409 0
0.3737196317 0.2068725021 0.07767762546 -0.006511853526 0.09385825619 0.4982361963 -0.0008337364165 0.02376172939 0.2535082115 -0.9992783895 -0.009277805087 -0.0368323582 0.004641538043 0.9326139681 -0.3608457326 0.03769822811 -0.3607563013 -0.9318979207 3.15232416e-05 0.1033112419 0
0.3806059067 0.2106843996 0.0791089377 -0.006751751067 0.09553350873 0.4978028162 -0.0008646691801 0.02419605253 0.2534528653 -0.9992241405 -0.009792030042 -0.03814751773 0.004898899736 0.9301743702 -0.3670853332 0.03907835389 -0.3669874074 -0.9294047154 3.279498057e-05 0.1052148871 0
0.3874921816 0.2144962971 0.08054024995 -0.006995860543 0.09720581772 0.4973618272 -0.0008961610887 0.02463018288 0.2533965187 -0.9991669134 -0.01032445211 -0.03948271631 0.0051653785 0.9276950725 -0.3733030555 0.04048207089 -0.3731960049 -0.9268688925 3.409648903e-05 0.1071185324 0
0.3943784566 0.2183081946 0.0819715622 -0.007244172913 0.09887513222 0.4969132456 -0.0009282118372 0.02506411701 0.2533391723 -0.9991066036 -0.01087534647 -0.04083774466 0.005441112932 0.9251763306 -0.3794985529 0.041909293 -0.3793817131 -0.9242906074 3.5428098e-05 0.1090221777 0
0.4012647315 0.2221200921 0.08340287445 -0.007496678983 0.1005414014 0.4964570879 -0.0009608211155 0.02549785147 0.2532808266 -0.9990431054 -0.0114449855 -0.04221239035 0.005726240258 0.9226184037 -0.3856714811 0.04335993271 -0.3855441525 -0.9216700184 3.679014248e-05 0.110925823 0
0.4081510065 0.2259319896 0.0848341867 -0.007753369403 0.1022045746 0.4959933711 -0.0009939886079 0.02593138282 0.2532214823 -0.9989763111 -0.01203363871 -0.04360643774 0.006020896306 0.9200215552 -0.3918214986 0.04483390102 -0.3916829451 -0.9190072861 3.818296147e-05 0.1128294683 0
0.4150372814 0.2297438871 0.08626549895 -0.008014234673 0.1038646012 0.4955221124 -0.001027713993 0.02636470765 0.2531611398 -0.9989061118 -0.01264157269 -0.04501966812 0.006325215486 0.9173860523 -0.3979482663 0.04633110755 -0.3977977145 -0.9163025738 3.960689783e-05 0.1147331136 0
0.4219235564 0.2335557846 0.0876968112 -0.008279265136 0.1055214308 0.4950433292 -0.001061996945 0.0267978225 0.2530997999 -0.9988323969 -0.01326905111 -0.04645185963 0.006639330774 0.914712166 -0.404051448 0.04785146045 -0.4038880855 -0.9135560476 4.106229825e-05 0.1166367589 0
0.4288098313 0.2373676821 0.08912812344 -0.008548450984 0.1071750132 0.4945570391 -0.001096837132 0.02723072395 0.253037463 -0.9987550544 -0.01391633462 -0.04790278739 0.006963373687 0.912000171 -0.4101307102 0.04939486649 -0.4099536848 -0.9107678757 4.254951317e-05 0.1185404042 0
0.4356961063 0.2411795796 0.09055943569 -0.008821782258 0.108825298 0.4940632603 -0.001132234215 0.02766340858 0.2529741298 -0.9986739707 -0.01458368086 -0.04937222345 0.007297474264 0.9092503459 -0.4161857221 0.050961231 -0.4159941402 -0.9079382293 4.40688967e-05 0.1204440495 0
0.4425823812 0.2449914771 0.09199074794 -0.009099248846 0.1104722353 0.4935620109 -0.001168187854 0.02809587295 0.252909801 -0.998589031 -0.01527134441 -0.05085993687 0.00764176105 0.906462973 -0.4222161557 0.05255045791 -0.4220090813 -0.9050672819 4.562080658e-05 0.1223476948 0
0.4494686562 0.2488033746 0.09342206019 -0.009380840482 0.1121157753 0.4930533096 -0.001204697699 0.02852811364 0.252844477 -0.9985001188 -0.01597957674 -0.05236569373 0.00799636107 0.9036383381 -0.4282216857 0.05416244974 -0.4279981391 -0.9021552095 4.720560407e-05 0.1242513401 0
0.4563549311 0.2526152721 0.09485337244 -0.009666546754 0.113755868 0.492537175 -0.001241763398 0.02896012723 0.2527781587 -0.9984071162 -0.01670862614 -0.05388925719 0.008361399817 0.9007767309 -0.4342019899 0.05579710764 -0.4339609463 -0.8992021908 4.882365392e-05 0.1261549853 0
0.4632412061 0.2564271696 0.09628468469 -0.009956357097 0.115392464 0.4920136264 -0.001279384591 0.0293919103 0.2527108466 -0.9983099041 -0.01745873774 -0.05543038748 0.008737001227 0.8978784445 -0.4401567489 0.05745433134 -0.4398971372 -0.8962084069 5.04753243e-05 0.1280586306 0
0.470127481 0.2602390671 0.09771599694 -0.01025026079 0.1170255137 0.4914826831 -0.001317560914 0.02982345943 0.2526425414 -0.9982083617 -0.01823015345 -0.05698884196 0.009123287663 0.8949437758 -0.4460856462 0.05913401919 -0.4458063477 -0.8931740413 5.216098673e-05 0.1299622759 0
0.477013756 0.2640509646 0.09914730918 -0.01054824698 0.1186549679 0.4909443646 -0.001356291998 0.0302547712 0.2525732437 -0.9981023671 -0.0190231119 -0.05856437517 0.009520379894 0.891973025 -0.4519883683 0.06083606818 -0.4516882154 -0.8900992803 5.388101601e-05 0.1318659212 0
0.4839000309 0.2678628621 0.1005786214 -0.01085030465 0.1202807773 0.4903986909 -0.001395577468 0.0306858422 0.2525029542 -0.9979917968 -0.01983784841 -0.0601567388 0.00992839708 0.8889664958 -0.4578646047 0.06256037392 -0.4575423795 -0.8869843125 5.563579016e-05 0.1337695665 0
0.4907863059 0.2716747596 0.1020099337 -0.01115642262 0.1219028929 0.4898456822 -0.001435416943 0.03111666903 0.2524316737 -0.9978765263 -0.02067459499 -0.06176568181 0.01034745675 0.8859244956 -0.4637140479 0.06430683064 -0.463368481 -0.8838293287 5.742569037e-05 0.1356732118 0
0.4976725809 0.2754866571 0.1034412459 -0.01146658961 0.1235212659 0.4892853589 -0.001475810038 0.03154724826 0.2523594027 -0.9977564294 -0.02153358023 -0.06339095041 0.01077767479 0.882847335 -0.4695363936 0.06607533123 -0.4691661625 -0.8806345227 5.925110094e-05 0.1375768571 0
0.5045588558 0.2792985546 0.1048725582 -0.01178079414 0.1251358475 0.4887177416 -0.001516756363 0.0319775765 0.2522861421 -0.9976313788 -0.02241502936 -0.06503228808 0.01121916541 0.8797353279 -0.4753313404 0.06786576723 -0.4749350685 -0.8774000902 6.111240919e-05 0.1394805024 0
0.5114451308 0.2831104521 0.1063038704 -0.01209902461 0.1267465891 0.4881428514 -0.00155825552 0.03240765035 0.2522118925 -0.997501246 -0.0233191641 -0.06668943567 0.01167204116 0.8765887918 -0.4810985903 0.06967802882 -0.4806748451 -0.8741262298 6.301000547e-05 0.1413841477 0
0.5183314057 0.2869223496 0.1077351827 -0.01242126926 0.1283534424 0.4875607095 -0.001600307107 0.0328374664 0.2521366546 -0.9973659011 -0.02424620274 -0.06836213138 0.01213641286 0.8734080472 -0.4868378482 0.07151200484 -0.4863851402 -0.8708131421 6.494428301e-05 0.143287793 0
0.5252176807 0.2907342471 0.1091664949 -0.01274751621 0.1299563591 0.4869713373 -0.001642910719 0.03326702125 0.2520604293 -0.997225213 -0.02519636002 -0.0700501108 0.01261238963 0.8701934182 -0.4925488225 0.07336758282 -0.4920656037 -0.8674610305 6.691563794e-05 0.1451914382 0
0.5321039556 0.2945461446 0.1105978072 -0.01307775341 0.1315552912 0.4863747567 -0.001686065942 0.03369631151 0.2519832171 -0.9970790494 -0.02616984714 -0.07175310699 0.01310007886 0.8669452317 -0.4982312246 0.07524464895 -0.4977158872 -0.8640701004 6.892446922e-05 0.1470950835 0
0.5389902306 0.2983580421 0.1120291194 -0.01341196867 0.1331501906 0.4857709897 -0.001729772359 0.03412533379 0.251905019 -0.9969272768 -0.02716687168 -0.07347085047 0.01359958618 0.863663818 -0.5038847693 0.0771430881 -0.503335644 -0.8606405599 7.097117854e-05 0.1489987288 0
0.5458765055 0.3021699396 0.1134604317 -0.01375014965 0.1347410096 0.4851600584 -0.001774029546 0.0345540847 0.2518258356 -0.9967697605 -0.02818763765 -0.07520306927 0.01411101546 0.8603495105 -0.5095091746 0.07906278383 -0.5089245296 -0.8571726194 7.305617033e-05 0.1509023741 0
0.5527627805 0.3059818371 0.1148917439 -0.01409228389 0.1363277007 0.4845419856 -0.001818837076 0.03498256084 0.2517456677 -0.9966063647 -0.02923234536 -0.07694948898 0.01463446877 0.8570026457 -0.5151041618 0.0810036184 -0.5144822011 -0.8536664914 7.517985167e-05 0.1528060194 0
0.5596490554 0.3097937346 0.1163230562 -0.01443835875 0.1379102164 0.4839167939 -0.001864194515 0.03541075884 0.2516645161 -0.9964369524 -0.03030119145 -0.07870983279 0.0151700464 0.8536235631 -0.5206694559 0.08296547277 -0.5200083176 -0.8501223912 7.734263226e-05 0.1547096647 0
0.5665353304 0.3136056321 0.1177543684 -0.01478836148 0.1394885095 0.4832845064 -0.001910101424 0.03583867532 0.2515823816 -0.9962613854 -0.03139436884 -0.08048382149 0.01571784682 0.850212605 -0.5262047848 0.08494822663 -0.5255025403 -0.8465405359 7.954492434e-05 0.15661331 0
0.5734216053 0.3174175296 0.1191856807 -0.01514227918 0.1410625329 0.4826451465 -0.001956557357 0.0362663069 0.251499265 -0.9960795247 -0.0325120667 -0.08227117355 0.01627796667 0.8467701171 -0.5317098801 0.08695175835 -0.5309645321 -0.8429211454 8.178714268e-05 0.1585169553 0
0.5803078803 0.3212294271 0.1206169929 -0.01550009878 0.1426322397 0.4819987376 -0.002003561867 0.0366936502 0.251415167 -0.9958912299 -0.03365447041 -0.08407160516 0.01685050073 0.8432964475 -0.5371844769 0.08897594505 -0.536393958 -0.8392644416 8.406970451e-05 0.1604206006 0
0.5871941552 0.3250413246 0.1220483052 -0.01586180712 0.1441975832 0.4813453037 -0.002051114497 0.03712070184 0.2513300887 -0.9956963598 -0.03482176155 -0.08588483023 0.01743554195 0.8397919475 -0.5426283136 0.09102066259 -0.5417904851 -0.8355706488 8.639302947e-05 0.1623242459 0
0.5940804302 0.3288532221 0.1234796174 -0.01622739085 0.1457585168 0.4806848688 -0.002099214788 0.03754745847 0.2512440306 -0.9954947719 -0.03601411784 -0.08771056048 0.01803318137 0.8362569711 -0.5480411322 0.09308578556 -0.5471537824 -0.8318399936 8.875753958e-05 0.1642278912 0
0.6009667051 0.3326651196 0.1249109297 -0.01659683651 0.1473149942 0.4800174573 -0.002147862274 0.03797391672 0.2511569938 -0.995286323 -0.03723171314 -0.08954850542 0.01864350816 0.8326918751 -0.5534226783 0.09517118729 -0.5524835208 -0.8280727047 9.116365919e-05 0.1661315364 0
0.6078529801 0.3364770171 0.1263422419 -0.01697013049 0.1488669692 0.4793430937 -0.002197056484 0.03840007322 0.251068979 -0.9950708686 -0.0384747174 -0.09139837246 0.01926660958 0.8290970188 -0.5587727008 0.09727673988 -0.5577793736 -0.8242690133 9.361181493e-05 0.1680351817 0
0.614739255 0.3402889146 0.1277735542 -0.01734725905 0.1504143958 0.4786618028 -0.002246796943 0.03882592461 0.2509799871 -0.9948482636 -0.03974329666 -0.09325986688 0.01990257099 0.8254727645 -0.5640909526 0.0994023142 -0.5630410158 -0.8204291526 9.610243567e-05 0.169938827 0
0.62162553 0.3441008121 0.1292048664 -0.0177282083 0.1519572282 0.4779736098 -0.002297083167 0.03925146753 0.250890019 -0.9946183616 -0.04103761296 -0.09513269193 0.02055147578 0.8218194769 -0.5693771898 0.1015477799 -0.5682681249 -0.8165533581 9.86359525e-05 0.1718424723 0
0.6285118049 0.3479127096 0.1306361787 -0.01811296421 0.1534954208 0.4772785399 -0.002347914672 0.03967669865 0.2507990755 -0.9943810155 -0.04235782441 -0.09701654884 0.02121340544 0.8181375234 -0.5746311724 0.1037130053 -0.5734603801 -0.8126418676 0.0001012127986 0.1737461176 0
0.6353980799 0.3517246071 0.1320674909 -0.01850151264 0.1550289281 0.4765766188 -0.002399290966 0.04010161459 0.2507071576 -0.9941360772 -0.04370408506 -0.09891113685 0.02188843946 0.8144272739 -0.5798526639 0.1058978577 -0.578617463 -0.808694921 0.0001038334095 0.1756497629 0
0.6422843548 0.3555365046 0.1334988032 -0.01889383927 0.1565577049 0.4758678723 -0.00245121155 0.04052621203 0.250614266 -0.9938833978 -0.04507654495 -0.1008161533 0.02257665539 0.8106891007 -0.5850414316 0.108102203 -0.5837390574 -0.8047127603 0.0001064982224 0.1775534082 0
0.6491706298 0.3593484021 0.1349301154 -0.01928992969 0.1580817062 0.4751523265 -0.002503675922 0.04095048761 0.2505204019 -0.9936228274 -0.04647535005 -0.1027312936 0.02327812879 0.8069233786 -0.5901972466 0.1103259062 -0.5888248491 -0.8006956297 0.000109207677 0.1794570535 0
0.6560569047 0.3631602996 0.1363614276 -0.01968976932 0.1596008871 0.4744300076 -0.002556683575 0.041374438 0.2504255659 -0.9933542155 -0.04790064223 -0.1046562514 0.02399293322 0.8031304848 -0.5953198834 0.1125688306 -0.5938745262 -0.7966437758 0.0001119622147 0.1813606988 0
0.6629431797 0.3669721971 0.1377927399 -0.02009334346 0.1611152029 0.4737009422 -0.002610233996 0.04179805985 0.2503297592 -0.9930774107 -0.04935255926 -0.1065907184 0.02472114022 0.7993107988 -0.6004091206 0.1148308389 -0.598887779 -0.7925574469 0.000114762279 0.1832643441 0
0.6698294546 0.3707840946 0.1392240521 -0.02050063729 0.1626246093 0.4729651571 -0.002664326666 0.04222134985 0.2502329825 -0.9927922607 -0.05083123477 -0.1085343846 0.02546281933 0.7954647025 -0.6054647405 0.1171117923 -0.6038642999 -0.7884368937 0.0001176083153 0.1851679894 0
0.6767157296 0.3745959921 0.1406553644 -0.02091163583 0.1641290619 0.4722226794 -0.002718961062 0.04264430465 0.2501352369 -0.9924986126 -0.05233679822 -0.1104869384 0.02621803805 0.7915925798 -0.610486529 0.1194115509 -0.6088037838 -0.784282369 0.0001205007709 0.1870716346 0
0.6836020045 0.3784078896 0.1420866766 -0.02132632397 0.1656285167 0.4714735363 -0.002774136656 0.04306692093 0.2500365233 -0.9921963126 -0.05386937489 -0.1124480663 0.02698686184 0.787694817 -0.6154742761 0.1217299735 -0.6137059277 -0.7800941276 0.0001234400951 0.1889752799 0
0.6913490639 0.3826962743 0.1436969029 -0.02179723941 0.1673093749 0.4706228174 -0.002836855434 0.04354195549 0.2499243147 -0.9918456913 -0.05562596349 -0.1146641917 0.02786812978 0.7832796696 -0.6210445447 0.1243603314 -0.6191758323 -0.7753423738 0.000126803419 0.1911168809 0
0.6982353388 0.3865081718 0.1451282152 -0.02221971724 0.1687980642 0.4698596021 -0.002893179292 0.0439638414 0.2498235473 -0.9915244927 -0.05721634002 -0.1166424918 0.0286660723 0.7793287137 -0.6259592737 0.1267179418 -0.6239976333 -0.7710833397 0.0001298438386 0.1930205262 0
0.7051216138 0.3903200693 0.1465595274 -0.02264583665 0.1702816193 0.4690898082 -0.002950042662 0.04438537843 0.249721815 -0.9911941574 -0.05883409407 -0.1186283764 0.02947781116 0.7753533382 -0.6308393294 0.1290937681 -0.6287811624 -0.7667913985 0.0001329325423 0.1949241715 0
0.7120078887 0.3941319668 0.1479908397 -0.02307558201 0.1717599971 0.468313464 -0.003007444994 0.04480656326 0.2496191187 -0.9908545291 -0.06047933345 -0.1206215257 0.03030340329 0.7713539379 -0.6356845178 0.1314876648 -0.6335261263 -0.7624668133 0.0001360699865 0.1968278168 0
0.7188941637 0.3979438643 0.1494221519 -0.02350893753 0.1732331547 0.4675305979 -0.00306538573 0.0452273926 0.2495154595 -0.9905054505 -0.06215216165 -0.1226216184 0.03114290352 0.7673309094 -0.6404946487 0.1338994849 -0.6382322338 -0.7581098493 0.0001392566297 0.198731462 0
0.7257804386 0.4017557618 0.1508534642 -0.02394588732 0.1747010492 0.4667412387 -0.003123864312 0.04564786313 0.2494108383 -0.9901467641 -0.06385267786 -0.1246283318 0.03199636456 0.7632846512 -0.6452695358 0.1363290805 -0.6428991964 -0.7537207739 0.0001424929319 0.2006351073 0
0.7326667136 0.4055676593 0.1522847764 -0.02438641536 0.1761636381 0.4659454153 -0.003182880174 0.04606797155 0.2493052561 -0.9897783116 -0.06558097695 -0.1266413417 0.03286383702 0.7592155637 -0.6500089969 0.1387763027 -0.6475267278 -0.7492998562 0.0001457793546 0.2025387526 0
0.7395529885 0.4093795568 0.1537160887 -0.0248305055 0.1776208791 0.4651431569 -0.003242432743 0.04648771458 0.2491987141 -0.9893999341 -0.06733714943 -0.128660323 0.03374536939 0.7551240491 -0.6547128535 0.1412410013 -0.6521145443 -0.7448473674 0.0001491163613 0.2044423979 0
0.7464392635 0.4131914543 0.1551474009 -0.02527814146 0.1790727301 0.4643344929 -0.003302521444 0.04690708893 0.2490912132 -0.9890114724 -0.06912128144 -0.1306849488 0.03464100802 0.7510105111 -0.6593809315 0.1437230251 -0.6566623643 -0.7403635805 0.0001525044169 0.2063460432 0
0.7533255384 0.4170033518 0.1565787132 -0.02572930684 0.1805191491 0.4635194529 -0.003363145696 0.04732609129 0.2489827544 -0.9886127668 -0.07093345476 -0.1327148913 0.03555079711 0.7468753553 -0.6640130605 0.146222222 -0.661169909 -0.7358487706 0.0001559439879 0.2082496885 0
0.7602118134 0.4208152493 0.1580100254 -0.02618398511 0.1819600945 0.4626980668 -0.003424304911 0.0477447184 0.248873339 -0.9882036569 -0.07277374675 -0.1347498214 0.03647477874 0.7427189889 -0.6686090741 0.1487384385 -0.665636902 -0.7313032145 0.0001594355423 0.2101533338 0
0.7670980883 0.4246271468 0.1594413377 -0.02664215962 0.1833955248 0.4618703647 -0.003485998499 0.04816296698 0.2487629678 -0.987783982 -0.07464223036 -0.136789409 0.0374129928 0.7385418206 -0.6731688103 0.1512715205 -0.6700630692 -0.7267271912 0.0001629795499 0.2120569791 0
0.7739843633 0.4284390443 0.1608726499 -0.02710381359 0.1848253989 0.4610363769 -0.003548225862 0.04858083374 0.248651642 -0.987353581 -0.07653897411 -0.1388333227 0.03836547705 0.7343442606 -0.6776921109 0.1538213126 -0.6744481392 -0.7221209811 0.0001665764818 0.2139606244 0
0.7808706382 0.4322509418 0.1623039622 -0.02756893013 0.1862496757 0.4601961338 -0.003610986398 0.04899831542 0.2485393627 -0.9869122925 -0.07846404208 -0.1408812301 0.03933226706 0.7301267205 -0.6821788217 0.1563876583 -0.678791843 -0.7174848669 0.0001702268106 0.2158642697 0
0.7877569132 0.4360628393 0.1637352744 -0.02803749221 0.1876683144 0.4593496663 -0.0036742795 0.04941540875 0.2484261309 -0.9864599545 -0.08041749389 -0.142932798 0.04031339622 0.7258896136 -0.6866287927 0.1589704003 -0.6830939142 -0.7128191329 0.0001739310104 0.217767915 0
0.7946431881 0.4398747368 0.1651665867 -0.02850948271 0.1890812745 0.4584970053 -0.003738104556 0.04983211047 0.2483119478 -0.9859964049 -0.0823993847 -0.1449876921 0.04130889575 0.7216333541 -0.6910418781 0.1615693801 -0.687354089 -0.7081240652 0.0001776895569 0.2196715602 0
0.8015294631 0.4436866343 0.1665978989 -0.02898488434 0.1904885157 0.457638182 -0.003802460948 0.05024841732 0.2481968144 -0.9855214812 -0.08440976516 -0.1470455771 0.04231879466 0.717358358 -0.6954179361 0.1641844384 -0.691572106 -0.7033999519 0.0001815029271 0.2215752055 0
0.808415738 0.4474985318 0.1680292111 -0.02946367975 0.191889998 0.4567732278 -0.003867348053 0.05066432605 0.248080732 -0.9850350204 -0.08644868144 -0.1491061169 0.04334311979 0.7130650421 -0.699756829 0.1668154147 -0.6957477066 -0.6986470827 0.0001853715993 0.2234788508 0
0.815302013 0.4513104293 0.1694605234 -0.02994585142 0.1932856815 0.4559021743 -0.003932765243 0.0510798334 0.2479637016 -0.9845368595 -0.0885161752 -0.1511689747 0.04438189576 0.7087538247 -0.7040584233 0.1694621478 -0.6998806347 -0.6938657491 0.0001892960535 0.2253824961 0
0.8221882879 0.4551223268 0.1708918356 -0.03043138175 0.1946755265 0.4550250533 -0.003998711887 0.05149493614 0.2478457244 -0.9840268353 -0.0906122836 -0.1532338129 0.04543514498 0.704425125 -0.7083225895 0.1721244751 -0.7039706367 -0.6890562443 0.0001932767709 0.2272861414 0
0.8290745629 0.4589342243 0.1723231479 -0.03092025299 0.1960594938 0.4541418969 -0.004065187345 0.05190963102 0.2477268014 -0.9835047842 -0.09273703923 -0.1553002929 0.04650288766 0.7000793636 -0.7125492026 0.1748022336 -0.7080174618 -0.6842188633 0.000197314234 0.2291897867 0
0.8359608378 0.4627461218 0.1737544601 -0.03141244729 0.1974375442 0.4532527373 -0.004132190975 0.05232391481 0.247606934 -0.9829705425 -0.09489047018 -0.1573680759 0.04758514179 0.6957169618 -0.7167381414 0.1774952589 -0.7120208619 -0.6793539029 0.0002014089268 0.231093432 0
0.8428471128 0.4665580193 0.1751857724 -0.0319079467 0.1988096387 0.4523576069 -0.004199722128 0.05273778426 0.2474861232 -0.9824239462 -0.09707259998 -0.1594368221 0.04868192313 0.6913383421 -0.7208892891 0.1802033859 -0.7159805913 -0.6744616613 0.0002055613346 0.2329970773 0
0.8497333877 0.4703699168 0.1766170846 -0.03240673312 0.2001757389 0.4514565385 -0.004267780152 0.05315123617 0.2473643702 -0.9818648314 -0.0992834476 -0.1615061913 0.04979324521 0.6869439277 -0.725002533 0.1829264484 -0.7198964072 -0.6695424388 0.0002097719439 0.2349007226 0
0.8566196627 0.4741818143 0.1780483969 -0.03290878837 0.2015358063 0.4505495649 -0.004336364387 0.05356426729 0.2472416762 -0.981293034 -0.1015230275 -0.1635758426 0.05091911936 0.682534143 -0.7290777646 0.1856642795 -0.7237680695 -0.6645965369 0.0002140412426 0.2368043679 0
0.8635059376 0.4779937118 0.1794797091 -0.03341409413 0.2028898026 0.4496367191 -0.00440547417 0.05397687442 0.2471180424 -0.9807083897 -0.1037913494 -0.1656454348 0.05205955464 0.678109413 -0.7331148797 0.1884167112 -0.7275953407 -0.6596242591 0.0002183697199 0.2387080132 0
0.8703922126 0.4818056093 0.1809110214 -0.03392263198 0.2042376902 0.4487180345 -0.004475108833 0.05438905434 0.2469934701 -0.9801107343 -0.1060884187 -0.1677146262 0.0532145579 0.6736701634 -0.7371137781 0.1911835747 -0.731377986 -0.6546259102 0.0002227578661 0.2406116584 0
0.8772784875 0.4856175068 0.1823423336 -0.03443438339 0.2055794311 0.4477935446 -0.004545267703 0.05480080384 0.2468679603 -0.9794999035 -0.108414236 -0.1697830746 0.05438413374 0.6692168207 -0.741074364 0.1939647004 -0.7351157734 -0.649601797 0.0002272061731 0.2425153037 0
0.8841647625 0.4894294043 0.1837736459 -0.03494932972 0.2069149882 0.446863283 -0.004615950099 0.05521211971 0.2467415144 -0.978875733 -0.1107687974 -0.1718504377 0.05556828452 0.664749812 -0.7449965457 0.1967599176 -0.7388084738 -0.6445522274 0.0002317151336 0.244418949 0
0.8910510374 0.4932413018 0.1852049581 -0.03546745221 0.2082443242 0.4459272835 -0.00468715534 0.05562299876 0.2466141335 -0.9782380584 -0.1131520944 -0.1739163726 0.05676701034 0.6602695652 -0.748880236 0.1995690549 -0.7424558605 -0.6394775113 0.000236285242 0.2463225943 0
0.8979373124 0.4970531993 0.1866362704 -0.035988732 0.2095674022 0.4449855803 -0.004758882735 0.0560334378 0.246485819 -0.9775867155 -0.115564114 -0.1759805363 0.05798030908 0.6557765084 -0.7527253515 0.20239194 -0.74605771 -0.6343779599 0.0002409169934 0.2482262396 0
0.9048235873 0.5008650968 0.1880675826 -0.03651315011 0.2108841855 0.4440382077 -0.004831131592 0.05644343362 0.246356572 -0.9769215402 -0.1180048384 -0.1780425857 0.05920817636 0.6512710704 -0.7565318134 0.2052283998 -0.7496138012 -0.6292538859 0.0002456108846 0.2501298849 0
0.9117098623 0.5046769943 0.1894988949 -0.03704068748 0.2121946379 0.4430852001 -0.00490390121 0.05685298304 0.2462263939 -0.9762423684 -0.1204742453 -0.1801021774 0.06045060555 0.6467536804 -0.760299547 0.2080782602 -0.7531239161 -0.6241056037 0.0002503674132 0.2520335302 0
0.9185961372 0.5084888918 0.1909302071 -0.0375713249 0.2134987231 0.4421265922 -0.004977190888 0.05726208289 0.2460952858 -0.9755490361 -0.1229723079 -0.1821589679 0.06170758777 0.642224768 -0.7640284818 0.2109413466 -0.7565878394 -0.618933429 0.0002551870783 0.2539371755 0
0.9254824122 0.5123007893 0.1923615194 -0.0381050431 0.2147964052 0.4411624188 -0.005050999914 0.05767072999 0.2459632491 -0.9748413795 -0.1254989947 -0.1842126137 0.06297911188 0.6376847631 -0.7677185515 0.2138174833 -0.7600053587 -0.6137376789 0.0002600703799 0.2558408208 0
0.9323686871 0.5161126868 0.1937928316 -0.03864182266 0.2160876488 0.4401927149 -0.005125327577 0.05807892117 0.245830285 -0.9741192351 -0.1280542695 -0.1862627713 0.0642651645 0.6331340957 -0.7713696944 0.216706494 -0.7633762643 -0.6085186723 0.0002650178193 0.2577444661 0
0.9392549621 0.5199245843 0.1952241439 -0.0391816441 0.2173724183 0.4392175158 -0.005200173156 0.05848665325 0.2456963949 -0.9733824392 -0.1306380916 -0.1883090971 0.06556573 0.6285731963 -0.7749818526 0.2196082013 -0.7667003495 -0.6032767292 0.0002700298989 0.2596481113 0
0.946141237 0.5237364818 0.1966554561 -0.03972448781 0.2186506788 0.438236857 -0.005275535928 0.05889392308 0.24556158 -0.9726308288 -0.1332504157 -0.1903512478 0.06688079048 0.6240024953 -0.7785549728 0.2225224274 -0.7699774104 -0.5980121711 0.0002751071223 0.2615517566 0
0.953027512 0.5275483793 0.1980867684 -0.04027033407 0.2199223954 0.437250774 -0.005351415164 0.05930072751 0.2454258417 -0.9718642409 -0.1358911919 -0.1923888801 0.06821032581 0.6194224234 -0.7820890057 0.2254489935 -0.773207246 -0.5927253209 0.0002802499942 0.2634554019 0
0.9599137869 0.5313602768 0.1995180806 -0.04081916309 0.2211875335 0.4362593025 -0.00542781013 0.05970706337 0.2452891812 -0.9710825129 -0.1385603657 -0.1944216508 0.0695543136 0.6148334113 -0.7855839063 0.2283877201 -0.7763896583 -0.5874165029 0.0002854590203 0.2653590472 0
0.9668000619 0.5351721743 0.2009493929 -0.04137095494 0.2224460589 0.4352624787 -0.005504720087 0.06011292753 0.2451516 -0.9702854822 -0.1412578779 -0.1964492171 0.0709127292 0.6102358894 -0.7890396341 0.231338427 -0.779524452 -0.5820860426 0.0002907347077 0.2672626925 0
0.9736863368 0.5389840718 0.2023807051 -0.04192568963 0.2236979375 0.4342603385 -0.005582144292 0.06051831685 0.2450130993 -0.969472987 -0.1439836648 -0.1984712364 0.07228554573 0.6056302885 -0.7924561524 0.2343009332 -0.7826114348 -0.576734267 0.0002960775642 0.2691663378 0
