0.007675158768 0.003130236752 0.003988165999 -2.042123429e-06 0.00195715428 0.5099949928 -2.551821948e-07 0.0004875681383 0.2549993783 -0.9999999999 -6.020525976e-08 -1.189262674e-05 3.061687558e-08 0.99997084 -0.007636696396 1.189273972e-05 -0.007636696396 -0.9999708399 3.02349124e-08 0.005304260779 0
0.01518471238 0.006192933098 0.007890280248 -7.993114691e-06 0.003872014882 0.5099804013 -1.004759112e-06 0.0009665273032 0.254997552 -0.9999999989 -4.683473711e-07 -4.654753571e-05 2.349517639e-07 0.9998858659 -0.01510811839 4.65492989e-05 -0.01510811839 -0.9998858648 5.183599746e-08 0.01049407273 0
0.02352866084 0.009595929038 0.01222596275 -1.919062602e-05 0.005999485692 0.5099529457 -2.421202265e-06 0.001499465108 0.2549941008 -0.9999999938 -1.743508289e-06 -0.0001117484005 8.728345222e-07 0.999725983 -0.02340852345 0.0001117585925 -0.0234085234 -0.9997259767 2.516600686e-08 0.01626053045 0
0.03103821446 0.01265862538 0.016128077 -3.339471981e-05 0.007914003622 0.5099181181 -4.220432445e-06 0.001979144508 0.2549897168 -0.9999999811 -4.002950597e-06 -0.0001944436924 2.00285398e-06 0.9995231826 -0.03087729814 0.0001944745786 -0.03087729795 -0.9995231636 3.612710474e-08 0.0214503424 0
0.03854776807 0.01572132173 0.02003019124 -5.150739487e-05 0.009828261296 0.5098737069 -6.515832609e-06 0.002458743621 0.2549841239 -0.999999955 -7.668208375e-06 -0.0002998745303 3.83583874e-06 0.999264596 -0.03834406243 0.0002999480317 -0.03834406185 -0.999264551 1.249162772e-07 0.02664015436 0
0.04605732168 0.01878401808 0.02393230549 -7.352793643e-05 0.01174219577 0.5098197138 -9.30708722e-06 0.002938258337 0.2549773228 -0.9999999083 -1.307901092e-05 -0.0004280222736 6.54170509e-06 0.9989502474 -0.04580833029 0.0004281720837 -0.04580832889 -0.9989501557 2.383247972e-07 0.03182996631 0
0.0535668753 0.02184671442 0.02783441974 -9.945547552e-05 0.0136557441 0.5097561409 -1.25940291e-05 0.003417698663 0.2549693139 -0.9999998322 -2.057482774e-05 -0.0005788642632 1.029026384e-05 0.998580166 -0.053269616 0.0005791383852 -0.05326961302 -0.9985799983 3.747643288e-07 0.03701977826 0
0.06107642891 0.02490941077 0.03173653399 -0.000129288989 0.01556884339 0.5096829909 -1.637655499e-05 0.003897073251 0.2549600975 -0.9999997165 -3.049481807e-05 -0.0007523738252 1.525119982e-05 0.9981543861 -0.06072743412 0.0007528371056 -0.06072742837 -0.9981541027 5.334718038e-07 0.04220959021 0
0.06858598253 0.02797210711 0.03563864824 -0.0001630272995 0.01748143073 0.5096002665 -2.06545889e-05 0.00437638751 0.2549496738 -0.9999995492 -4.317778031e-05 -0.0009485202737 2.159405133e-05 0.9976729474 -0.06818129957 0.0009492569343 -0.06818128932 -0.9976724967 7.140560452e-07 0.04739940216 0
0.07609553614 0.03103480346 0.03954076249 -0.0002006690759 0.01939344325 0.5095079711 -2.542806593e-05 0.004855644166 0.2549380429 -0.999999317 -5.896210164e-05 -0.001167268915 2.94881897e-05 0.9971358945 -0.07563072772 0.001168385081 -0.07563071049 -0.9971352117 9.163122255e-07 0.05258921411 0
0.08360508975 0.03409749981 0.04344287674 -0.0002422128327 0.02130481811 0.5094061082 -3.069692467e-05 0.005334844016 0.2549252049 -0.9999990049 -7.818570759e-05 -0.001408581054 3.910279883e-05 0.9965432775 -0.08307523438 0.001410207276 -0.08307520679 -0.9965422828 1.140135976e-06 0.05777902606 0
0.09111464337 0.03716019615 0.04734499099 -0.0002876569307 0.02321549249 0.5092946819 -3.646110343e-05 0.005813986521 0.25491116 -0.9999985964 -0.0001011860117 -0.001672413996 5.060685468e-05 0.9958951513 -0.09051433586 0.001674707774 -0.09051429345 -0.9958937484 1.385480856e-06 0.06296883801 0
0.09945859183 0.04056319209 0.05168067349 -0.0003427226612 0.02533756609 0.5091596639 -4.344659954e-05 0.006346298023 0.2548941394 -0.9999980075 -0.0001315810505 -0.001991918078 6.581039253e-05 0.9951099813 -0.09877307722 0.001995174226 -0.09877301151 -0.9951079899 1.683314806e-06 0.06873529574 0
0.1069681454 0.04362588844 0.05558278773 -0.0003963947374 0.0272465555 0.5090280631 -5.02562399e-05 0.006825313881 0.2548775472 -0.9999973344 -0.0001636598407 -0.002303136773 8.185713619e-05 0.9943448733 -0.1061991821 0.002307492784 -0.1061990875 -0.9943422093 1.97408583e-06 0.07392510769 0
0.1144776991 0.04668858478 0.05948490198 -0.0004539610715 0.02915464921 0.5088869138 -5.756098971e-05 0.007304265939 0.2548597487 -0.9999965037 -0.0002005612387 -0.002636717944 0.0001003174778 0.9935244604 -0.1136183809 0.002642431216 -0.1136182481 -0.9935209667 2.286412516e-06 0.07911491964 0
0.1219872527 0.04975128113 0.06338701623 -0.0005154193923 0.03106178452 0.5087362216 -6.536077291e-05 0.007783151262 0.254840744 -0.9999954927 -0.0002426200261 -0.002992602525 0.0001213593245 0.9926488189 -0.1210301926 0.002999967711 -0.1210300102 -0.9926443154 2.620336827e-06 0.08430473159 0
0.1294968063 0.05281397747 0.06728913048 -0.000580767275 0.0329678988 0.5085759924 -7.365550886e-05 0.008261966676 0.2548205333 -0.999994277 -0.0002901702163 -0.00337072749 0.0001451502714 0.9917180302 -0.1284341369 0.003380078988 -0.1284338912 -0.9917123124 2.975909899e-06 0.08949454354 0
0.1370063599 0.05587667382 0.07119124473 -0.0006500021419 0.03487292947 0.5084062325 -8.244511219e-05 0.008740708833 0.2547991168 -0.9999928306 -0.0003435450046 -0.003771025855 0.0001718575815 0.9907321806 -0.1358297346 0.003782740295 -0.1358294089 -0.9907250186 3.353190425e-06 0.09468435549 0
0.1445159135 0.05893937017 0.07509335898 -0.0007231212616 0.03677681399 0.5082269487 -9.172949273e-05 0.009219374249 0.2547764949 -0.9999911263 -0.000403076719 -0.004193426691 0.0002016481654 0.9896913617 -0.143216507 0.004207925412 -0.1432160817 -0.9896824982 3.752243607e-06 0.09987416744 0
0.1520254671 0.06200206651 0.07899547323 -0.0008001217498 0.03867948986 0.5080381479 -0.0001015085554 0.009697959339 0.2547526676 -0.9999891351 -0.00046909677 -0.004637855134 0.0002346885609 0.9885956702 -0.1505939764 0.004655606652 -0.1505934287 -0.9885848191 4.173140442e-06 0.1050639794 0
0.1595350207 0.06506476286 0.08289758748 -0.0008810005694 0.04058089465 0.5078398378 -0.0001117822002 0.01017646044 0.2547276352 -0.9999868265 -0.0005419356014 -0.005104232391 0.0002711449135 0.9874452078 -0.1579616664 0.005125754864 -0.1579609695 -0.9874320527 4.615957217e-06 0.1102537913 0
0.1670445744 0.0681274592 0.08679970173 -0.0009657545301 0.04248096597 0.507632026 -0.0001225503222 0.01065487382 0.254701398 -0.9999841686 -0.0006219226408 -0.005592475753 0.0003111829556 0.9862400813 -0.1653191012 0.005618339433 -0.1653182242 -0.9862242742 5.080775175e-06 0.1154436033 0
0.174554128 0.07119015555 0.09070181597 -0.001054380289 0.04437964149 0.5074147207 -0.0001338128116 0.01113319571 0.2546739563 -0.999981128 -0.0007093862505 -0.006102498608 0.0003549679869 0.9849804025 -0.1726658063 0.006133328284 -0.1726647139 -0.9849615621 5.567680248e-06 0.1206334152 0
0.1828980764 0.07459315149 0.09503749847 -0.001157390097 0.0464875682 0.5071621467 -0.0001469063622 0.01166455253 0.2546420532 -0.999977258 -0.0008157348413 -0.006694624303 0.0004082131226 0.9835169207 -0.180815652 0.006731773907 -0.1808142727 -0.9834942206 6.134700668e-06 0.126399873 0
0.19040763 0.07765584784 0.09893961272 -0.00125417799 0.04838309266 0.5069248284 -0.0001592121324 0.01214266871 0.2546120695 -0.9999732928 -0.0009200555704 -0.007250324142 0.0004604492382 0.9821424661 -0.1881381523 0.007293948788 -0.1881364661 -0.9821158121 6.668536383e-06 0.1315896849 0
0.1979171837 0.08071854418 0.102841727 -0.001354826306 0.05027702784 0.5066780446 -0.0001720118961 0.01262068143 0.2545808822 -0.9999688312 -0.001032867094 -0.007827509162 0.0005169436237 0.9807138393 -0.195448454 0.007878418839 -0.1954464085 -0.9806827377 7.224754758e-06 0.1367794969 0
0.2054267373 0.08378124053 0.1067438412 -0.001459331079 0.05216931168 0.5064218049 -0.0001853055228 0.01309858679 0.2545484916 -0.9999638335 -0.001154492879 -0.00842607682 0.0005778595904 0.979231173 -0.2027460874 0.008485146002 -0.2027436239 -0.9791950905 7.803459463e-06 0.1419693088 0
0.2129362909 0.08684393687 0.1106459555 -0.001567688186 0.0540598822 0.5061561196 -0.000199092877 0.01357638089 0.2545148981 -0.9999582588 -0.00128525508 -0.009045920732 0.000643359915 0.9776946045 -0.2100305844 0.009114090769 -0.2100276372 -0.9776529675 8.404758252e-06 0.1471591208 0
0.2204458445 0.08990663322 0.1145480697 -0.001679893357 0.05594867748 0.505880999 -0.0002133738183 0.01405405981 0.2544801019 -0.9999520645 -0.001425474486 -0.009686930689 0.0007136068207 0.9761042764 -0.2173014779 0.009765212184 -0.2172979741 -0.9760564692 9.0287629e-06 0.1523489327 0
0.2279553981 0.09296932957 0.118450184 -0.001795942168 0.05783563571 0.5055964541 -0.0002281482012 0.0145316196 0.2544441035 -0.9999452066 -0.001575470476 -0.01034899267 0.0007887619567 0.9744603361 -0.2245583026 0.01043846785 -0.2245541612 -0.9744056994 9.675589159e-06 0.1575387447 0
0.2354649517 0.09603202591 0.1223522982 -0.001915830044 0.05972069512 0.505302496 -0.0002434158751 0.01500905633 0.2544069032 -0.9999376396 -0.001735560969 -0.01103198885 0.0008689863793 0.9727629358 -0.2318005944 0.01113381392 -0.2317957259 -0.9727007657 1.034535671e-05 0.1627285566 0
0.2429745053 0.09909472226 0.1262544125 -0.002039552259 0.06160379405 0.5049991363 -0.0002591766846 0.01548636604 0.2543685014 -0.9999293165 -0.001906062377 -0.01173579763 0.0009544405323 0.9710122329 -0.2390278909 0.01185120513 -0.2390221967 -0.9709417791 1.103818914e-05 0.1679183686 0
0.250484059 0.1021574186 0.1301565267 -0.002167103937 0.06348487093 0.504686387 -0.0002754304692 0.01596354477 0.2543288985 -0.999920189 -0.002087289559 -0.01246029364 0.001045284227 0.9692083895 -0.2462397311 0.01259059475 -0.246233103 -0.9691288541 1.175421385e-05 0.1731081805 0
0.2588280074 0.1055604145 0.1344922092 -0.002313313251 0.06557251001 0.5043278902 -0.0002940682088 0.01649358492 0.2542834871 -0.9999090431 -0.002301613655 -0.01328939484 0.001152736295 0.9671419971 -0.2542342005 0.01343788077 -0.2542263954 -0.9670513757 1.257715748e-05 0.1788746383 0
0.266337561 0.1086231109 0.1383943235 -0.002448932661 0.06744911628 0.5039953593 -0.0003113621687 0.01697047412 0.2542413499 -0.999898052 -0.002506510844 -0.01405713535 0.001255479772 0.9652265226 -0.2614119046 0.01422355164 -0.2614029026 -0.9651249728 1.334257934e-05 0.1840644502 0
0.2738471146 0.1116858072 0.1422964377 -0.002588365402 0.06932350948 0.5036534783 -0.0003291485722 0.01744722 0.2541980128 -0.9998860966 -0.002723102907 -0.01484514916 0.001364105732 0.9632584432 -0.268572729 0.01503106645 -0.268562388 -0.9631450103 1.413161424e-05 0.1892542622 0
0.2813566683 0.1147485036 0.146198552 -0.00273160598 0.07119562842 0.5033022607 -0.0003474272381 0.01792381859 0.2541534764 -0.9998731229 -0.002951697814 -0.01565329561 0.001478771187 0.9612379411 -0.2757162198 0.01586037261 -0.2757043853 -0.9611116171 1.494440512e-05 0.1944440741 0
0.2888662219 0.1178111999 0.1501006662 -0.002878648752 0.073065412 0.5029417204 -0.0003661979804 0.01840026591 0.2541077411 -0.9998590749 -0.003192601742 -0.01648143036 0.001599632418 0.959165203 -0.2828419248 0.01671141612 -0.2828284295 -0.9590249256 1.578109863e-05 0.1996338861 0
0.2963757755 0.1208738963 0.1540027805 -0.003029487926 0.07493279923 0.5025718715 -0.0003854606078 0.01887655798 0.2540608074 -0.9998438958 -0.003446119025 -0.01732940541 0.00172684496 0.9570404208 -0.2899493938 0.01758414157 -0.2899340567 -0.9568850718 1.664184509e-05 0.204823698 0
0.3038853291 0.1239365926 0.1579048947 -0.00318411756 0.0767977292 0.5021927286 -0.0004052149243 0.01935269083 0.2540126758 -0.9998275269 -0.003712552113 -0.01819706912 0.001860563578 0.9548637907 -0.2970381785 0.01847849212 -0.2970208042 -0.954692195 1.752679844e-05 0.21001351 0
0.3113948827 0.126999289 0.161807009 -0.003342531564 0.07866014113 0.5018043067 -0.0004254607286 0.01982866048 0.2539633467 -0.9998099085 -0.003992201521 -0.01908426624 0.002000942252 0.952635514 -0.3041078323 0.01939440953 -0.3040882105 -0.9524464379 1.843611628e-05 0.2152033219 0
0.3189044363 0.1300619853 0.1657091232 -0.003504723701 0.08051997436 0.501406621 -0.0004461978148 0.02030446295 0.2539128206 -0.9997909792 -0.004285365787 -0.01999083794 0.002148134156 0.9503557966 -0.3111579108 0.02033183418 -0.3111358154 -0.9501479469 1.936995975e-05 0.2203931339 0
0.3264139899 0.1331246817 0.1696112375 -0.003670687583 0.08237716832 0.5009996872 -0.0004674259715 0.02078009426 0.2538610981 -0.9997706764 -0.004592341425 -0.02091662177 0.002302291643 0.9480248489 -0.3181879718 0.021290705 -0.3181631599 -0.9477968715 2.032849361e-05 0.2255829458 0
0.3347579384 0.1365276776 0.17394692 -0.003859507596 0.0844375482 0.5005367115 -0.0004915884964 0.02130836791 0.2538022261 -0.9997464289 -0.004949982047 -0.02196760126 0.002481931498 0.9453750841 -0.3259751377 0.02238119397 -0.3259470019 -0.9451230788 2.142269385e-05 0.2313494035 0
0.342267492 0.1395903739 0.1778490342 -0.004033412413 0.086288972 0.500110307 -0.0005138526419 0.02178362482 0.2537479796 -0.9997230147 -0.005287079398 -0.02293339474 0.002651290608 0.9429366961 -0.3329614959 0.02338513333 -0.3329300736 -0.942661499 2.243390869e-05 0.2365392155 0
0.3497770456 0.1426530703 0.1817511484 -0.004211068163 0.08813756887 0.4996747054 -0.0005366071694 0.02225869819 0.2536925384 -0.9996980235 -0.005638897179 -0.02391787244 0.002828083817 0.9404477627 -0.3399264738 0.02441032005 -0.3398914657 -0.9401478223 2.347034889e-05 0.2417290274 0
0.3572865992 0.1457157666 0.1856532627 -0.004392467853 0.08998327873 0.4992299239 -0.000559851847 0.02273358406 0.253635903 -0.9996713871 -0.006005723114 -0.02492085747 0.003012459901 0.9379085133 -0.3468696379 0.02545668738 -0.3468307251 -0.9375822125 2.453219357e-05 0.2469188394 0
0.3647961529 0.148778463 0.1895553769 -0.004577604345 0.09182604165 0.4987759799 -0.0005835864381 0.02320827843 0.2535780741 -0.9996430359 -0.006387842679 -0.0259421695 0.003204566718 0.9353191822 -0.3537905569 0.02652416718 -0.3537473998 -0.9349648366 2.561962524e-05 0.2521086513 0
0.3723057065 0.1518411593 0.1934574912 -0.004766470352 0.09366579781 0.4983128914 -0.0006078107012 0.02368277735 0.2535190521 -0.9996128993 -0.006785539051 -0.02698162474 0.003404551193 0.9326800079 -0.360688802 0.02761268993 -0.3606410394 -0.9322958651 2.673282983e-05 0.2572984633 0
0.3798152601 0.1549038557 0.1973596054 -0.004959058446 0.09550248752 0.4978406766 -0.0006325243895 0.02415707683 0.2534588378 -0.9995809049 -0.007199093073 -0.02803903602 0.003612559297 0.9299912336 -0.3675639466 0.02872218476 -0.367511195 -0.9295754717 2.787199664e-05 0.2624882752 0
0.3873248137 0.157966552 0.2012617197 -0.005155361049 0.09733605124 0.497359354 -0.0006577272516 0.02463117291 0.2533974317 -0.9995469795 -0.007628783204 -0.02911421276 0.003828736034 0.9272531069 -0.3744155666 0.02985257942 -0.3743574194 -0.9268038337 2.90373183e-05 0.2676780872 0
0.3948343673 0.1610292484 0.2051638339 -0.005355370439 0.09916642955 0.4968689426 -0.000683419031 0.02510506162 0.2533348345 -0.9995110483 -0.008074885483 -0.03020696101 0.004053225419 0.9244658798 -0.3812432404 0.0310038003 -0.3811792665 -0.9239811314 3.022899079e-05 0.2728678991 0
0.4023439209 0.1640919447 0.2090659482 -0.005559078752 0.1009935632 0.4963694617 -0.0007095994659 0.02557873898 0.2532710468 -0.9994730354 -0.00853767348 -0.03131708353 0.004286170464 0.9216298089 -0.3880465488 0.03217577243 -0.3879762924 -0.9211075487 3.144721335e-05 0.2780577111 0
0.4098534745 0.1671546411 0.2129680624 -0.005766477976 0.102817393 0.4958609308 -0.0007362682901 0.02605220103 0.2532060693 -0.9994328634 -0.009017418257 -0.03244437972 0.004527713157 0.918745155 -0.3948250751 0.03336841951 -0.3947480542 -0.9181832727 3.269218849e-05 0.283247523 0
0.418197423 0.170557637 0.2173037449 -0.006001240482 0.104839924 0.4952853068 -0.0007664727888 0.02657801264 0.2531324774 -0.9993856001 -0.009570682091 -0.03371682495 0.004806348989 0.9154833267 -0.4023272022 0.03471773682 -0.4022420672 -0.9148748538 3.410712105e-05 0.2890139808 0
0.4257069766 0.1736203333 0.2212058592 -0.006216404677 0.1066565856 0.4947577367 -0.0007941717594 0.02705100714 0.2530649903 -0.9993406109 -0.01008710315 -0.03487970327 0.005066503864 0.9124969849 -0.4090520543 0.03595377433 -0.408959048 -0.911844188 3.540925344e-05 0.2942037927 0
0.4332165302 0.1766830297 0.2251079734 -0.006435233942 0.1084697604 0.49422118 -0.0008223582583 0.027523774 0.2529963154 -0.9992932144 -0.0106213078 -0.03605911038 0.005335691412 0.9094628994 -0.4157508449 0.03721024077 -0.4156493984 -0.9087634321 3.673878903e-05 0.2993936047 0
0.4407260838 0.179745726 0.2290100877 -0.006657719677 0.1102793898 0.4936756579 -0.0008510319987 0.02799630928 0.2529264535 -0.9992433283 -0.01117355636 -0.03725483241 0.005614049244 0.9063813488 -0.4224231682 0.03848705432 -0.4223126829 -0.9056327868 3.809594346e-05 0.3045834166 0
0.4482356375 0.1828084224 0.2329122019 -0.00688385314 0.1120854154 0.4931211918 -0.0008801926889 0.028468609 0.2528554054 -0.999190869 -0.01174410643 -0.03846665228 0.005901713861 0.9032526159 -0.4290686212 0.03978413185 -0.4289484676 -0.9024524558 3.948093548e-05 0.3097732286 0
0.4557451911 0.1858711187 0.2368143162 -0.007113625446 0.1138877792 0.4925578034 -0.0009098400319 0.02894066923 0.2527831717 -0.9991357518 -0.01233321285 -0.0396943498 0.006198820641 0.9000769877 -0.4356868037 0.04110138888 -0.4355563203 -0.8992226463 4.089398697e-05 0.3149630405 0
0.4632547447 0.1889338151 0.2407164304 -0.00734702757 0.115686423 0.491985515 -0.0009399737261 0.029412486 0.2527097532 -0.9990778908 -0.01294112766 -0.04093770166 0.00650550382 0.8968547553 -0.4422773184 0.04243873964 -0.4421358108 -0.8959435687 4.233532285e-05 0.3201528525 0
0.4707642983 0.1919965114 0.2446185447 -0.007584050343 0.1174812889 0.4914043489 -0.0009705934649 0.02988405538 0.2526351506 -0.9990171989 -0.01356810006 -0.04219648148 0.006821896476 0.893586214 -0.4488397707 0.04379609706 -0.4486865105 -0.8926154363 4.380517107e-05 0.3253426644 0
0.4782738519 0.1950592078 0.2485206589 -0.007824684458 0.1192723192 0.490814328 -0.001001698937 0.03035537341 0.2525593647 -0.9989535878 -0.01421437639 -0.04347045983 0.007148130516 0.8902716634 -0.4553737692 0.04517337273 -0.455207993 -0.889238466 4.530376264e-05 0.3305324764 0
0.4857834055 0.1981219041 0.2524227732 -0.008068920467 0.1210594564 0.4902154755 -0.001033289825 0.03082643615 0.2524823963 -0.9988869683 -0.01488020006 -0.04475940424 0.007484336657 0.8869114066 -0.4618789251 0.04657047699 -0.4616998337 -0.8858128777 4.68313315e-05 0.3357222883 0
0.494127354 0.2015249 0.2567584557 -0.008344506586 0.1230405286 0.4895397543 -0.001068959736 0.03134953499 0.25239549 -0.9988093079 -0.01564322239 -0.04620883103 0.00786975219 0.8831245564 -0.4690725796 0.04814596009 -0.4688777106 -0.8819499187 4.856290422e-05 0.3414887461 0
0.5016369076 0.2045875964 0.2606605699 -0.008596314936 0.1248192587 0.4889223349 -0.00110157433 0.03182004585 0.2523160278 -0.9987360384 -0.01635109868 -0.04752859371 0.008227434367 0.8796688238 -0.4755155831 0.04958462435 -0.475305588 -0.8784224286 5.0152429e-05 0.346678558 0
0.5091464612 0.2076502927 0.2645626842 -0.008851694892 0.1265939177 0.4882961581 -0.001134673324 0.03229028918 0.2522353856 -0.998659475 -0.01707926055 -0.04886258031 0.008595487541 0.8761683549 -0.4819285544 0.05104282995 -0.4817025148 -0.8748470247 5.177167777e-05 0.35186837 0
0.5166560148 0.2107129891 0.2684647984 -0.009110636434 0.1283644488 0.4876612484 -0.001168256382 0.03276026104 0.2521535642 -0.9985795239 -0.01782793901 -0.05021054628 0.008974037377 0.8726234693 -0.4883111174 0.05252048192 -0.4880680745 -0.87122394 5.342089649e-05 0.3570581819 0
0.5241655684 0.2137756854 0.2723669127 -0.009373129404 0.1301307953 0.4870176309 -0.001202323161 0.03322995749 0.2520705645 -0.99849609 -0.01859736201 -0.05157224426 0.009363208269 0.8690344909 -0.4946628993 0.05401748404 -0.4944018525 -0.8675534103 5.510033397e-05 0.3622479939 0
0.5316751221 0.2168383818 0.2762690269 -0.009639163506 0.1318929008 0.4863653308 -0.001236873316 0.03369937463 0.2519863873 -0.9984090771 -0.01938775431 -0.05294742402 0.009763123327 0.8654017471 -0.5009835303 0.05553373885 -0.5007034364 -0.8638356746 5.681024182e-05 0.3674378058 0
0.5391846757 0.2199010781 0.2801711412 -0.009908728308 0.1336507089 0.4857043735 -0.001271906494 0.03416850852 0.2519010334 -0.9983183881 -0.02019933754 -0.05433583256 0.01017390437 0.8617255691 -0.5072726439 0.05706914759 -0.5069724158 -0.860070975 5.855087446e-05 0.3726276178 0
0.5466942293 0.2229637745 0.2840732554 -0.01018181324 0.1354041636 0.4850347851 -0.001307422339 0.03463735524 0.2518145039 -0.9982239248 -0.02103233008 -0.05573721413 0.01059567188 0.858006292 -0.513529877 0.0586236103 -0.5132083826 -0.8562595567 6.032248909e-05 0.3778174297 0
0.5542037829 0.2260264708 0.2879753697 -0.01045840759 0.1371532089 0.4843565918 -0.001343420489 0.03510591088 0.2517267994 -0.9981255879 -0.02188694707 -0.05715131025 0.01102854506 0.8542442547 -0.5197548696 0.06019702575 -0.5194109306 -0.8524016678 6.212534563e-05 0.3830072417 0
0.5617133365 0.2290891672 0.2918774839 -0.01073850053 0.1388977891 0.4836698202 -0.00137990058 0.03557417152 0.251637921 -0.9980232773 -0.02276340038 -0.05857785975 0.01147264171 0.8504397996 -0.5259472652 0.06178929148 -0.525579656 -0.8484975596 6.395970672e-05 0.3881970536 0
0.5692228901 0.2321518635 0.2957795982 -0.01102208108 0.1406378487 0.4829744972 -0.001416862238 0.03604213326 0.2515478696 -0.9979168915 -0.02366189854 -0.06001659881 0.01192807832 0.8465932729 -0.5321067104 0.06340030381 -0.5317141571 -0.8445474863 6.582583769e-05 0.3933868656 0
0.5775668386 0.2355548594 0.3001152807 -0.01134124747 0.1425658791 0.4821919197 -0.001458495093 0.03656173543 0.2514464377 -0.9977937814 -0.02468633436 -0.06162917003 0.0124475589 0.8422704365 -0.5389114678 0.06521217663 -0.5384896441 -0.8401049192 6.793690358e-05 0.3991533233 0
0.5850763922 0.2386175558 0.3040173949 -0.01163215409 0.1442962137 0.4814786336 -0.001496472156 0.03702905332 0.2513539129 -0.997678456 -0.02563204138 -0.06309276453 0.01292731173 0.8383362446 -0.5450002069 0.06686241914 -0.5445505848 -0.8360586568 6.987098762e-05 0.4043431352 0
0.5925859458 0.2416802521 0.3079195092 -0.01192651332 0.1460218563 0.4807568818 -0.001534929601 0.03749606016 0.2512602179 -0.9975587343 -0.02660042048 -0.06456771125 0.01341875805 0.8343610809 -0.5510549188 0.0685310779 -0.5505760658 -0.8319672392 7.183768395e-05 0.4095329472 0
0.6000954994 0.2447429485 0.3118216234 -0.01222431363 0.1477427521 0.4800266927 -0.001573867038 0.03796275205 0.2511653538 -0.9974345111 -0.02759166619 -0.06605373585 0.01392200863 0.830345306 -0.5570752646 0.07021804426 -0.5565656949 -0.827830933 7.383726869e-05 0.4147227591 0
0.607605053 0.2478056448 0.3157237377 -0.01252554336 0.1494588466 0.4792880949 -0.001613284071 0.03842912511 0.2510693215 -0.9973056804 -0.0286059696 -0.06755056152 0.01443717277 0.8262892841 -0.5630609088 0.07192320836 -0.5625190819 -0.8236500074 7.587002053e-05 0.4199125711 0
0.6151146067 0.2508683412 0.3196258519 -0.01283019071 0.1511700856 0.4785411173 -0.001653180298 0.03889517544 0.250972122 -0.9971721351 -0.02964351826 -0.069057909 0.01496435837 0.8221933827 -0.5690115196 0.07364645918 -0.5684358392 -0.8194247347 7.793622069e-05 0.425102383 0
0.6226241603 0.2539310375 0.3235279662 -0.01313824378 0.152876415 0.4777857891 -0.001693555313 0.03936089916 0.2508737563 -0.9970337673 -0.03070449615 -0.07057549667 0.01550367187 0.8180579728 -0.5749267687 0.07538768449 -0.5743155815 -0.81515539 8.00361529e-05 0.430292195 0
0.6301337139 0.2569937339 0.3274300804 -0.0134496905 0.1545777809 0.4770221398 -0.001734408708 0.03982629239 0.2507742253 -0.9968904683 -0.03178908372 -0.07210304051 0.01605521822 0.8138834285 -0.5808063316 0.07714677091 -0.5801579259 -0.8108422515 8.217010338e-05 0.4354820069 0
0.6376432675 0.2600564302 0.3313321947 -0.0137645187 0.1562741296 0.4762501993 -0.001775740065 0.04029135124 0.2506735302 -0.9967421283 -0.03289745776 -0.07364025423 0.01661910092 0.8096701274 -0.5866498873 0.07892360391 -0.585962492 -0.8064855998 8.433836081e-05 0.4406718189 0
0.6451528211 0.2631191266 0.3352343089 -0.01408271607 0.1579654078 0.4754699979 -0.001817548964 0.04075607185 0.250571672 -0.9965886368 -0.03402979147 -0.07518684921 0.01719542197 0.8054184502 -0.5924571187 0.08071806777 -0.5917289019 -0.8020857187 8.654121632e-05 0.4458616308 0
0.6534967696 0.2665221225 0.3395699914 -0.01444020506 0.1598385942 0.4745934556 -0.00186456286 0.04127202666 0.2504571333 -0.9964119135 -0.0353162469 -0.076915937 0.01785048906 0.8006498225 -0.5988666143 0.08273245252 -0.5980908162 -0.7971466094 8.902976865e-05 0.4516280886 0
0.6610063232 0.2695848188 0.3434721057 -0.0147654741 0.1615189935 0.4737959148 -0.001907378503 0.04173602048 0.2503528229 -0.9962471802 -0.03649971426 -0.07848137913 0.01845339702 0.7963183938 -0.6045961361 0.08456375198 -0.6037754438 -0.7926564106 9.130663144e-05 0.4568179005 0
0.6685158768 0.2726475152 0.3473742199 -0.01509407318 0.1631941574 0.472990209 -0.001950670349 0.04219966403 0.2502473528 -0.9960769464 -0.03770765646 -0.08005529053 0.01906905099 0.7919497937 -0.6102883709 0.08641231504 -0.6094207553 -0.7881238829 9.361901337e-05 0.4620077125 0
0.6760254304 0.2757102115 0.3512763342 -0.01542598946 0.1648640336 0.4721763695 -0.00199443796 0.04266295345 0.2501407239 -0.9959010983 -0.03894023141 -0.08163737363 0.01969754672 0.7875444157 -0.6159430168 0.08827802133 -0.6150263829 -0.7835493215 9.596721537e-05 0.4671975244 0
0.683534984 0.2787729079 0.3551784484 -0.01576120999 0.1665285696 0.4713544282 -0.002038680889 0.04312588488 0.2500329373 -0.9957195214 -0.04019759325 -0.08322732881 0.02033897838 0.7831026564 -0.6215597763 0.09016074935 -0.6205919618 -0.7789330243 9.835154068e-05 0.4723873364 0
0.6910445376 0.2818356042 0.3590805626 -0.01609972167 0.1681877135 0.4705244173 -0.002083398687 0.04358845447 0.2499239941 -0.9955321002 -0.0414798923 -0.08482485439 0.02099343861 0.7786249154 -0.6271383552 0.09206037651 -0.6261171293 -0.7742752918 0.0001007722948 0.4775771483 0
0.6985540913 0.2848983006 0.3629826769 -0.01644151128 0.1698414135 0.469686369 -0.0021285909 0.04405065837 0.2498138955 -0.9953387189 -0.04278727504 -0.08642964669 0.02166101847 0.7741115951 -0.6326784639 0.09397677911 -0.6316015258 -0.7695764274 0.0001032297857 0.4827669603 0
0.7060636449 0.2879609969 0.3668847911 -0.01678656549 0.171489618 0.4688403161 -0.002174257067 0.04451249275 0.2497026425 -0.9951392605 -0.04411988409 -0.08804140008 0.02234180741 0.7695631007 -0.6381798161 0.09590983235 -0.6370447942 -0.764836737 0.0001057243233 0.4879567722 0
0.7135731985 0.2910236933 0.3707869054 -0.01713487083 0.1731322756 0.4679862916 -0.002220396726 0.04497395376 0.2495902364 -0.9949336075 -0.0454778582 -0.08965980701 0.02303589331 0.7649798405 -0.6436421298 0.09785941038 -0.64244658 -0.7600565293 0.0001082562199 0.4931465842 0
0.7210827521 0.2940863896 0.3746890196 -0.01748641371 0.1747693354 0.4671243289 -0.002267009406 0.04543503757 0.2494766783 -0.994721642 -0.04686133219 -0.09128455806 0.02374336243 0.7603622252 -0.6490651271 0.09982538623 -0.6478065313 -0.7552361155 0.0001108257902 0.4983363961 0
0.7285923057 0.297149086 0.3785911339 -0.01784118043 0.1764007464 0.4662544615 -0.002314094634 0.04589574035 0.2493619693 -0.9945032449 -0.04827043694 -0.09291534197 0.02446429942 0.7557106685 -0.6544485339 0.1018076319 -0.6531242993 -0.7503758096 0.0001134333509 0.5035262081 0
0.7369362542 0.3005520819 0.3829268164 -0.01823912988 0.1782067386 0.4652787125 -0.002366965195 0.0464071808 0.2492331666 -0.9942528931 -0.04986632391 -0.09473401885 0.02528123708 0.7505029709 -0.6603833355 0.1040290519 -0.658983035 -0.7449290677 0.000116375585 0.5092926658 0
0.7444458078 0.3036147782 0.3868289306 -0.01860065689 0.1798260586 0.4643922693 -0.002415046446 0.04686706663 0.2491160319 -0.9940205253 -0.05132995004 -0.09637650862 0.02603087687 0.7457811305 -0.6656822807 0.1060452198 -0.6642106154 -0.7399855875 0.0001190643975 0.5144824778 0
0.7519553614 0.3066774746 0.3907310449 -0.01896536431 0.1814395732 0.4634980279 -0.002463598742 0.04732655955 0.24899775 -0.9937813524 -0.05281958871 -0.09802405163 0.02679423742 0.7410266525 -0.670940809 0.1080772524 -0.6693949442 -0.7350032082 0.0001217921995 0.5196722897 0
0.759464915 0.3097401709 0.3946331591 -0.01933323791 0.1830472326 0.4625960232 -0.002512621587 0.04778565574 0.2488783223 -0.9935352528 -0.05433535438 -0.09967632951 0.02757139661 0.7362399612 -0.6761586631 0.1101250175 -0.6745356839 -0.7299822543 0.0001245593168 0.5248621017 0
0.7669744686 0.3128028673 0.3985352734 -0.01970426339 0.1846489873 0.4616862902 -0.002562114483 0.04824435139 0.2487577498 -0.9932821047 -0.05587735747 -0.1013330223 0.02836243068 0.7314214834 -0.68133559 0.1121883818 -0.6796324996 -0.7249230528 0.0001273660769 0.5300519136 0
0.7744840222 0.3158655636 0.4024373876 -0.02007842627 0.186244788 0.4607688646 -0.002612076929 0.04870264272 0.2486360338 -0.9930217855 -0.0574457043 -0.1029938084 0.02916741416 0.7265716484 -0.6864713408 0.1142672108 -0.6846850596 -0.7198259329 0.0001302128096 0.5352417256 0
0.7819935759 0.31892826 0.4063395019 -0.02045571202 0.1878345856 0.4598437818 -0.002662508416 0.0491605259 0.2485131756 -0.9927541722 -0.05904049712 -0.1046583648 0.02998641992 0.7216908879 -0.6915656708 0.1163613692 -0.6896930347 -0.7146912268 0.0001330998467 0.5404315375 0
0.7895031295 0.3219909563 0.4102416161 -0.02083610593 0.1894183312 0.4589110781 -0.002713408431 0.04961799716 0.2483891764 -0.9924791411 -0.06066183406 -0.1063263669 0.03081951913 0.7167796357 -0.6966183396 0.1184707207 -0.6946560989 -0.7095192687 0.0001360275221 0.5456213495 0
0.7970126831 0.3250536527 0.4141437304 -0.02121959321 0.1909959765 0.4579707895 -0.002764776458 0.0500750527 0.2482640375 -0.9921965683 -0.0623098091 -0.1079974888 0.03166678124 0.7118383283 -0.701629111 0.1205951278 -0.699573929 -0.7043103954 0.0001389961717 0.5508111614 0
0.8045222367 0.328116349 0.4180458446 -0.02160615895 0.1925674731 0.4570229528 -0.002816611975 0.05053168875 0.2481377602 -0.991906329 -0.06398451209 -0.1096714029 0.03252827401 0.706867404 -0.706597753 0.1227344523 -0.7044462048 -0.6990649461 0.0001420061333 0.5560009734 0
0.8128661852 0.331519345 0.4223815271 -0.02203926869 0.1943063106 0.4559609928 -0.002874754642 0.05103856553 0.2479961185 -0.9915746975 -0.06587674484 -0.1115341824 0.03350225873 0.7013099551 -0.7120687786 0.1251288057 -0.7098060308 -0.6931941868 0.0001453994011 0.5617674311 0
0.8203757388 0.3345820413 0.4262836414 -0.02243228389 0.1958646694 0.4549973424 -0.002927575346 0.05149430355 0.2478674422 -0.9912678624 -0.06760814972 -0.1132129101 0.03439400874 0.6962779563 -0.7169477385 0.1272991637 -0.714581098 -0.6878726461 0.0001484976957 0.566957243 0
0.8278852924 0.3376447376 0.4301857556 -0.02282833041 0.197416731 0.4540262593 -0.002980861886 0.05194961034 0.2477376315 -0.9909529705 -0.0693665353 -0.1148934029 0.03530018915 0.6912177187 -0.7217838749 0.1294840025 -0.7193096337 -0.6825155998 0.0001516383664 0.572147055 0
0.835394846 0.340707434 0.4340878699 -0.02322739287 0.1989624484 0.4530477813 -0.00303461372 0.05240448212 0.2476066878 -0.9906298953 -0.07115197413 -0.1165753283 0.03622086059 0.6861296894 -0.7265769736 0.1316831798 -0.72399133 -0.6771233967 0.000154821759 0.5773368669 0
0.8429043996 0.3437701303 0.4379899841 -0.02362945576 0.2005017747 0.4520619465 -0.003088830303 0.05285891513 0.2474746125 -0.9902985099 -0.07296453457 -0.1182583523 0.03715608194 0.6810143178 -0.7313268247 0.1338965525 -0.7286258819 -0.6716963879 0.0001580482216 0.5825266789 0
0.8504139532 0.3468328267 0.4418920984 -0.02403450347 0.2020346632 0.451068793 -0.003143511083 0.05331290563 0.2473414068 -0.9899586873 -0.07480428068 -0.11994214 0.03810591031 0.6758720547 -0.7360332229 0.1361239764 -0.7332129876 -0.6662349269 0.000161318104 0.5877164908 0
0.8579235068 0.349895523 0.4457942126 -0.0244425203 0.2035610676 0.4500683594 -0.003198655506 0.05376644985 0.2472070721 -0.9896102999 -0.07667127228 -0.1216263551 0.03907040107 0.6707033533 -0.7406959671 0.1383653064 -0.7377523486 -0.6607393693 0.0001646317579 0.5929063028 0
0.8654330605 0.3529582194 0.4496963269 -0.02485349039 0.205080942 0.4490606846 -0.003254263011 0.05421954407 0.2470716099 -0.9892532198 -0.07856556487 -0.1233106607 0.04004960778 0.6655086683 -0.7453148605 0.1406203966 -0.7422436692 -0.6552100729 0.000167989537 0.5980961147 0
0.8729426141 0.3560209157 0.4535984411 -0.02526739783 0.2065942404 0.4480458076 -0.003310333034 0.05467218453 0.2469350215 -0.9888873189 -0.08048720968 -0.1249947186 0.04104358226 0.6602884563 -0.7498897111 0.1428891002 -0.7466866569 -0.6496473978 0.0001713917967 0.6032859267 0
0.8804521677 0.3590836121 0.4575005554 -0.02568422655 0.2081009176 0.4470237678 -0.003366865005 0.05512436751 0.2467973083 -0.9885124685 -0.08243625361 -0.1266781898 0.04205237452 0.6550431756 -0.7544203311 0.1451712695 -0.7510810224 -0.6440517062 0.0001748388945 0.6084757386 0
0.8879617213 0.3621463084 0.4614026696 -0.0261039604 0.2096009282 0.4459946048 -0.00342385835 0.05557608927 0.2466584718 -0.9881285399 -0.08441273922 -0.1283607342 0.04307603278 0.6497732861 -0.7589065371 0.1474667557 -0.7554264796 -0.6384233625 0.0001783311895 0.6136655506 0
0.8963056698 0.3655493044 0.4657383521 -0.0265737188 0.2112597333 0.4448427844 -0.003487724703 0.05607745689 0.2465028931 -0.9876911484 -0.08664106539 -0.1302287267 0.04423092269 0.6438895528 -0.7638389027 0.1500327329 -0.7601970597 -0.6321317975 0.0001822649655 0.6194320083 0
0.9038152234 0.3686120007 0.4696404664 -0.02699953216 0.212745523 0.4437987148 -0.003545690155 0.05652819275 0.2463616897 -0.9872876306 -0.08867560371 -0.1319081945 0.04528611502 0.6385692293 -0.7682307643 0.1523558409 -0.7644383407 -0.6264357278 0.0001858538647 0.6246218203 0
0.911324777 0.371674697 0.4735425806 -0.0274281997 0.2142245075 0.4427476469 -0.003604115165 0.05697845584 0.2462193673 -0.9868746323 -0.09073768835 -0.1335856728 0.04635631186 0.6332257382 -0.7725776704 0.1546917982 -0.7686298435 -0.620708153 0.0001894890904 0.6298116322 0
0.9188343306 0.3747373934 0.4774446949 -0.02785970482 0.2156966428 0.4416896214 -0.00366299914 0.05742824245 0.2460759276 -0.9864520238 -0.09282734397 -0.1352608184 0.04744155403 0.6278595459 -0.7768794563 0.1570404525 -0.7727712953 -0.6149494463 0.0001931710091 0.6350014442 0
0.9263438842 0.3778000897 0.4813468091 -0.02829403083 0.2171618851 0.4406246792 -0.003722341483 0.05787754886 0.2459313718 -0.986019675 -0.09494459084 -0.1369332873 0.04854188051 0.62247112 -0.7811359617 0.159401651 -0.7768624263 -0.6091599825 0.0001968999894 0.6401912561 0
0.9338534378 0.3808627861 0.4852489234 -0.02873116093 0.2186201911 0.4395528616 -0.003782141592 0.05832637139 0.2457857015 -0.9855774559 -0.09708944484 -0.1386027352 0.04965732846 0.6170609296 -0.7853470309 0.1617752398 -0.7809029702 -0.6033401386 0.0002006764014 0.6453810681 0
0.9413629914 0.3839254824 0.4891510376 -0.02917107821 0.2200715177 0.43847421 -0.003842398859 0.05877470635 0.2456389182 -0.9851252361 -0.09926191742 -0.1402688169 0.0507879332 0.6116294449 -0.7895125128 0.1641610645 -0.7848926639 -0.5974902937 0.0002045006171 0.65057088 0
0.9488725451 0.3869881788 0.4930531519 -0.02961376567 0.221515822 0.437388766 -0.003903112672 0.05922255004 0.2454910235 -0.9846628852 -0.1014620157 -0.1419311871 0.05193372824 0.6061771378 -0.7936322609 0.1665589697 -0.7888312475 -0.5916108287 0.0002083730103 0.655760692 0
0.9563820987 0.3900508751 0.4969552661 -0.0300592062 0.2229530616 0.4362965717 -0.003964282416 0.0596698988 0.2453420187 -0.9841902727 -0.1036897422 -0.1435894997 0.05309474524 0.6007044808 -0.7977061331 0.1689687991 -0.7927184646 -0.5857021263 0.0002122939564 0.6609505039 0
0.9638916523 0.3931135715 0.5008573804 -0.0305073826 0.2243831944 0.4351976692 -0.004025907469 0.06011674895 0.2451919055 -0.983707268 -0.1059450952 -0.1452434081 0.05427101402 0.5952119479 -0.8017339921 0.171390396 -0.7965540621 -0.5797645715 0.0002162638325 0.6661403159 0
0.9722356007 0.3965165674 0.5051930629 -0.03100854405 0.2259638446 0.4339688504 -0.004094912995 0.06061265985 0.2450238148 -0.9831582488 -0.1084834367 -0.1470754971 0.05559590119 0.5890864003 -0.8061552634 0.1740946687 -0.8007549918 -0.5731339192 0.000220732654 0.6719067736 0
0.9797451544 0.3995792638 0.5090951771 -0.03146243921 0.2273788367 0.4328559258 -0.004157497198 0.06105844533 0.2448713666 -0.9826528756 -0.1107970865 -0.1487189687 0.0568044578 0.5835534685 -0.8100855529 0.1765405891 -0.8044807984 -0.5671367255 0.0002248070733 0.6770965856 0
0.987254708 0.4026419601 0.5129972914 -0.03191901606 0.2287865927 0.4317364259 -0.004220534751 0.06150372081 0.2447178147 -0.9821367035 -0.1131383289 -0.1503569561 0.05802834717 0.578002142 -0.8139694311 0.1789977839 -0.8081542195 -0.5611118881 0.0002289316071 0.6822863975 0
0.9947642616 0.4057046564 0.5168994056 -0.03237825701 0.2301870715 0.4306103938 -0.004284025012 0.06194848263 0.2445631608 -0.9816096015 -0.1155071437 -0.1519891117 0.05926759151 0.5724328988 -0.8178067797 0.181466093 -0.8117750157 -0.5550597994 0.0002331066396 0.6874762095 0
1.002273815 0.4087673528 0.5208015199 -0.03284014434 0.2315802327 0.4294778729 -0.004347967339 0.06239272715 0.2444074063 -0.9810714388 -0.1179035065 -0.1536150875 0.06052221118 0.5668462179 -0.8215974849 0.1839453557 -0.8153429514 -0.5489808536 0.0002373325566 0.6926660214 0
1.009783369 0.4118300491 0.5247036341 -0.03330466024 0.2329660359 0.4283389068 -0.004412361083 0.06283645073 0.244250553 -0.9805220847 -0.1203273883 -0.1552345355 0.0617922247 0.5612425789 -0.8253414376 0.1864354107 -0.8188577943 -0.5428754465 0.0002416097456 0.6978558334 0
1.017292922 0.4148927455 0.5286057484 -0.03377178683 0.2343444412 0.4271935395 -0.004477205589 0.06327964975 0.2440926025 -0.9799614084 -0.1227787556 -0.1568471076 0.06307764869 0.5556224624 -0.8290385332 0.1889360956 -0.8223193154 -0.5367439756 0.000245938596 0.7030456453 0
1.024802476 0.4179554418 0.5325078626 -0.03424150612 0.2357154089 0.4260418151 -0.004542500201 0.06372232056 0.2439335562 -0.9793892793 -0.1252575707 -0.1584524555 0.06437849794 0.5499863495 -0.8326886719 0.1914472478 -0.8257272893 -0.5305868402 0.0002503194984 0.7082354573 0
1.03231203 0.4210181382 0.5364099768 -0.03471380001 0.2370788997 0.4248837779 -0.004608244256 0.06416445956 0.2437734159 -0.9788055666 -0.127763791 -0.1600502312 0.06569478536 0.5443347221 -0.8362917586 0.1939687036 -0.8290814942 -0.5244044413 0.0002547528455 0.7134252692 0
1.039821583 0.4240808345 0.5403120911 -0.03518865035 0.2384348745 0.4237194725 -0.004674437088 0.06460606313 0.2436121832 -0.9782101399 -0.1302973699 -0.1616400864 0.06702652199 0.5386680626 -0.8398477027 0.1965002989 -0.8323817116 -0.5181971814 0.0002592390313 0.7186150812 0
1.047331137 0.4271435309 0.5442142053 -0.03566603885 0.2397832948 0.4225489436 -0.004741078025 0.06504712766 0.2434498598 -0.9776028689 -0.1328582558 -0.1632216732 0.06837371702 0.5329868539 -0.8433564184 0.1990418689 -0.8356277266 -0.5119654647 0.0002637784517 0.7238048931 0
1.055675085 0.4305465268 0.5485498878 -0.03619942505 0.2412726325 0.4212411116 -0.004815648243 0.06553656277 0.2432682232 -0.9769140733 -0.1357356437 -0.1649688712 0.06988873943 0.526657924 -0.8471995014 0.2018773329 -0.8391705822 -0.5050131448 0.0002688851711 0.7295713508 0
1.063184639 0.4336092232 0.5524520021 -0.03668211152 0.2426049785 0.4200575924 -0.004883232954 0.06597647751 0.2431036026 -0.9762813699 -0.1383539895 -0.1665318602 0.07126859057 0.5209475886 -0.8506082517 0.2044394161 -0.8423014802 -0.4987311316 0.0002735382825 0.7347611628 0
1.070694193 0.4366719195 0.5563541163 -0.03716727875 0.2439296517 0.4188679905 -0.004951263652 0.06641584202 0.2429378964 -0.9756364173 -0.1409994544 -0.1680854991 0.07266391669 0.5152242095 -0.8539695364 0.2070109571 -0.8453775297 -0.4924259293 0.0002782458702 0.7399509747 0
