0.006603431781 0.003896090785 -0.003043851879 -2.186836998e-06 0.001683866855 0.5099962936 -2.751036722e-07 0.0004193512982 0.2549995402 -0.9999999999 -5.535318157e-08 -1.273542523e-05 2.832422576e-08 0.999978415 -0.006570350891 1.273551403e-05 -0.006570350891 -0.9999784149 2.822452387e-08 -0.004048323 0
0.01300735382 0.007674468825 -0.005995739742 -8.484988399e-06 0.003316812178 0.5099856189 -1.073176884e-06 0.0008275332628 0.2549982063 -0.9999999988 -4.257188237e-07 -4.941250555e-05 2.13805075e-07 0.999916251 -0.01294182996 4.941387689e-05 -0.01294182996 -0.9999162498 5.782043846e-08 -0.007974333856 0
0.01941127585 0.01145284687 -0.008947627604 -1.889624149e-05 0.004949665815 0.509967973 -2.398610408e-06 0.001236455423 0.2549959907 -0.9999999939 -1.416092355e-06 -0.0001100378806 7.092894088e-07 0.9998134943 -0.01931260069 0.0001100447064 -0.01931260065 -0.9998134883 5.13622869e-08 -0.01190034471 0
0.02581519789 0.01523122491 -0.01189951547 -3.342025093e-05 0.00658238263 0.5099433565 -4.251128308e-06 0.001645524633 0.254992894 -0.9999999811 -3.331615275e-06 -0.0001946033092 1.667347051e-06 0.999670155 -0.02568231444 0.0001946246839 -0.02568231428 -0.999670136 1.234859896e-08 -0.01582635557 0
0.03221911992 0.01900960295 -0.01485140333 -5.205653492e-05 0.008214917492 0.5099117701 -6.629956105e-06 0.002054564684 0.2549889174 -0.999999954 -6.477301658e-06 -0.0003030972955 3.240483276e-06 0.9994862468 -0.03205062267 0.0003031491799 -0.03205062218 -0.9994862009 5.698950426e-08 -0.01975236643 0
0.03862304196 0.02278798099 -0.01780329119 -7.480447528e-05 0.009847225277 0.5098732149 -9.534615698e-06 0.00246354088 0.2549840617 -0.9999999051 -1.115799613e-05 -0.0004355050908 5.58111753e-06 0.9992617878 -0.038417177 0.0004356122543 -0.03841717579 -0.9992616929 1.469761827e-07 -0.02367837728 0
0.04502696399 0.02656635903 -0.02075517905 -0.0001016633175 0.01147926087 0.5098276922 -1.296484187e-05 0.002872453079 0.2549783274 -0.9999998247 -1.767833187e-05 -0.0005918086951 8.841562157e-06 0.9989967996 -0.04478162925 0.0005920066569 -0.04478162663 -0.9989966243 2.578912405e-07 -0.02760438814 0
0.05143088603 0.03034473707 -0.02370706691 -0.0001326321705 0.01311097916 0.5097752035 -1.692047765e-05 0.003281307238 0.2549717148 -0.9999997017 -2.634268868e-05 -0.0007719868596 1.317400114e-05 0.9986913081 -0.05114363145 0.0007723238273 -0.05114362636 -0.9986910098 3.885267238e-07 -0.031530399 0
0.05783480806 0.03412311511 -0.02665895478 -0.0001677100073 0.01474233507 0.5097157506 -2.140141834e-05 0.003690108734 0.2549642241 -0.999999523 -3.745515099e-05 -0.000976015089 1.873046886e-05 0.9983453428 -0.05750283589 0.000976553896 -0.05750282674 -0.9983448659 5.382985516e-07 -0.03545640985 0
0.06503922035 0.0383737904 -0.02997982862 -0.0002120826392 0.01657712115 0.509640544 -2.707028143e-05 0.004149951936 0.2549547475 -0.9999992372 -5.32611086e-05 -0.001234020464 2.663367251e-05 0.9979077952 -0.06465316414 0.00123488214 -0.06465314769 -0.9979070325 7.293066604e-07 -0.03987317207 0
0.07144314239 0.04215216844 -0.03293171648 -0.0002558880334 0.01820755731 0.5095662988 -3.266724454e-05 0.004558651625 0.2549453912 -0.9999988895 -7.058385709e-05 -0.001488633948 3.529519586e-05 0.9974759397 -0.07100527028 0.001489888372 -0.07100524397 -0.9974748295 9.189619228e-07 -0.04379918292 0
0.07784706442 0.04593054648 -0.03588360435 -0.0003037983231 0.01983749025 0.5094850963 -3.878929334e-05 0.00496730515 0.254935157 -0.9999984347 -9.130261034e-05 -0.001767000063 4.565465764e-05 0.9970037286 -0.07735349419 0.001768768227 -0.07735345378 -0.9970021638 1.127281015e-06 -0.04772519378 0
0.08425098646 0.04970892452 -0.03883549221 -0.0003558119192 0.02146687494 0.5093969392 -4.543636509e-05 0.00537591229 0.2549240452 -0.9999978528 -0.0001157197921 -0.002069080959 5.786325102e-05 0.9964912076 -0.08369748965 0.00207150644 -0.08369742965 -0.9964890612 1.35428609e-06 -0.05165120464 0
0.0906549085 0.05348730256 -0.04178738007 -0.0004119270967 0.02309566638 0.5093018303 -5.260839566e-05 0.005784472182 0.2549120558 -0.999997122 -0.0001441373167 -0.002394835562 7.207191112e-05 0.9959384266 -0.09003691088 0.00239808644 -0.09003682435 -0.9959355498 1.600037211e-06 -0.05557721549 0
0.09705883053 0.0572656806 -0.04473926793 -0.0004721419945 0.02472381958 0.5091997729 -6.030531842e-05 0.00619298349 0.2548991889 -0.999996219 -0.000176856547 -0.002744219575 8.843129382e-05 0.995345439 -0.09637141259 0.002748490353 -0.09637129088 -0.99534166 1.864621906e-06 -0.05950322635 0
0.1034627526 0.06104405864 -0.0476911558 -0.0005364546155 0.02635128958 0.5090907703 -6.85270635e-05 0.00660144453 0.2548854448 -0.9999951186 -0.0002141782535 -0.003117185486 0.0001070917548 0.9947123026 -0.10270065 0.003122698999 -0.1027004825 -0.9947074241 2.148148801e-06 -0.06342923721 0
0.1098666746 0.06482243668 -0.05064304366 -0.000604862827 0.02797803144 0.5089748261 -7.727355738e-05 0.007009853361 0.2548708234 -0.9999937941 -0.0002564025721 -0.003513682575 0.0001282033284 0.9940390788 -0.109024279 0.003520691895 -0.1090240529 -0.994032877 2.450743642e-06 -0.06735524806 0
0.1162705966 0.06860081472 -0.05359493152 -0.0006773643605 0.02960400026 0.5088519443 -8.654472264e-05 0.007418207843 0.2548553249 -0.999992217 -0.0003038289633 -0.003933656915 0.0001519157068 0.9933258328 -0.1153419559 0.003942447258 -0.1153416558 -0.9933180556 2.772546679e-06 -0.07128125892 0
0.1226745187 0.07237919276 -0.05654681938 -0.0007539568117 0.03122915114 0.5087221288 -9.634047775e-05 0.007826505687 0.2548389495 -0.999990357 -0.0003567561706 -0.004377051387 0.0001783782191 0.9925726339 -0.1216533378 0.004387942003 -0.1216529455 -0.9925629989 3.11371093e-06 -0.07520726978 0
0.1290784407 0.0761575708 -0.05949870724 -0.0008346376408 0.03285343923 0.5085853839 -0.000106660737 0.008234744487 0.2548216973 -0.9999881824 -0.0004154821795 -0.004843805681 0.0002077398102 0.9917795551 -0.1279580824 0.004857151746 -0.1279575765 -0.9917677484 3.474400962e-06 -0.07913328063 0
0.1354823627 0.07993594884 -0.06245059511 -0.0009194041727 0.03447681972 0.5084417143 -0.0001175054102 0.008642921748 0.2548035685 -0.9999856595 -0.0004803041758 -0.005333856303 0.0002401490203 0.9909466734 -0.1342558481 0.005350050805 -0.1342552037 -0.9909323475 3.854792033e-06 -0.08305929149 0
0.1418862848 0.08371432688 -0.06540248297 -0.001008253597 0.03609924783 0.5082911246 -0.000128874403 0.009051034903 0.2547845632 -0.9999827533 -0.0005515185053 -0.005847136589 0.0002757539638 0.9900740695 -0.1405462941 0.0058666122 -0.1405454825 -0.9900568419 4.255069447e-06 -0.08698530235 0
0.1482902068 0.08749270492 -0.06835437083 -0.001101182967 0.03772067879 0.5081336198 -0.0001407676166 0.009459081329 0.2547646816 -0.9999794267 -0.0006294206325 -0.006383576708 0.0003147023088 0.9891618281 -0.1468290804 0.006406807658 -0.1468280686 -0.9891412796 4.675428068e-06 -0.0909113132 0
0.1546941288 0.09127108296 -0.07130625869 -0.001198189203 0.03934106789 0.5079692053 -0.0001531849477 0.009867058356 0.2547439238 -0.9999756412 -0.0007143050997 -0.006943103671 0.0003571412564 0.9882100375 -0.1531038678 0.006970607612 -0.153102618 -0.9881857108 5.116071936e-06 -0.09483732406 0
0.1610980509 0.095049461 -0.07425814656 -0.001299269088 0.04096037046 0.5077978863 -0.0001661262885 0.01027496328 0.2547222901 -0.9999713568 -0.0008064654866 -0.007525641344 0.00040321752 0.98721879 -0.1593703178 0.007557981202 -0.1593687874 -0.9871901876 5.577213944e-06 -0.09876333492 0
0.1675019729 0.09882783904 -0.07721003442 -0.001404419271 0.04257854186 0.5076196687 -0.0001795915268 0.01068279336 0.2546997806 -0.9999665314 -0.0009061943696 -0.008131110454 0.0004530773046 0.9861881816 -0.165628093 0.008168896278 -0.1656262337 -0.9861547647 6.05907558e-06 -0.1026893458 0
0.173905895 0.1026062171 -0.08016192228 -0.001513636268 0.0441955375 0.5074345583 -0.000193580546 0.01109054584 0.2546763955 -0.9999611216 -0.001013783281 -0.008759428599 0.0005068662868 0.9851183123 -0.1718768568 0.008803319402 -0.1718746144 -0.9850794986 6.561886694e-06 -0.1066153566 0
0.180309817 0.1063845951 -0.08311381014 -0.001626916457 0.04581131282 0.5072425612 -0.0002080932248 0.01149821794 0.2546521351 -0.9999550822 -0.001129522669 -0.009410510261 0.0005647295939 0.9840092856 -0.1781162738 0.009461215848 -0.1781135876 -0.9839644482 7.085885285e-06 -0.1105413675 0
0.186713739 0.1101629732 -0.086065698 -0.001744256085 0.04742582331 0.5070436839 -0.0002231294375 0.01190580686 0.2546269995 -0.9999483666 -0.001253701858 -0.01008426681 0.0006268117838 0.9828612089 -0.1843460092 0.01014254961 -0.1843428118 -0.9828096746 7.631317321e-06 -0.1144673783 0
0.1931176611 0.1139413512 -0.08901758587 -0.001865651261 0.04903902453 0.5068379328 -0.000238689054 0.01231330979 0.254600989 -0.9999409262 -0.001386609008 -0.01078060654 0.0006932568246 0.9816741935 -0.1905657296 0.01084728339 -0.1905619459 -0.9816152409 8.198436558e-06 -0.1183933892 0
0.1995215831 0.1177197292 -0.09196947373 -0.001991097964 0.05065087205 0.5066253149 -0.0002547719395 0.01272072391 0.2545741038 -0.999932711 -0.001528531074 -0.01149943463 0.0007642080745 0.9804483541 -0.1967751025 0.01157537861 -0.1967706497 -0.9803812126 8.787504373e-06 -0.1223194001 0
0.2059255051 0.1214981073 -0.09492136159 -0.002120592035 0.05226132152 0.5064058371 -0.0002713779547 0.01312804639 0.2545463441 -0.9999236695 -0.001679753768 -0.0122406532 0.0008398082614 0.9791838094 -0.2029737965 0.01232679543 -0.2029685832 -0.9791076572 9.398789613e-06 -0.1262454109 0
0.2123294272 0.1252764853 -0.09787324945 -0.002254129184 0.05387032862 0.5061795068 -0.000288506956 0.01353527437 0.2545177102 -0.9999137483 -0.001840561517 -0.01300416133 0.0009201994634 0.9778806819 -0.2091614813 0.01310149272 -0.2091554072 -0.9777946444 1.003256842e-05 -0.1301714218 0
0.2187333492 0.1290548634 -0.1008251373 -0.002391704987 0.05547784909 0.5059463314 -0.0003061587951 0.01394240503 0.2544882023 -0.9999028927 -0.002011237427 -0.01378985501 0.001005523088 0.9765390974 -0.215337828 0.01389942807 -0.2153307831 -0.976442246 1.068912413e-05 -0.1340974326 0
0.2251372712 0.1328332414 -0.1037770252 -0.002533314884 0.05708383874 0.5057063187 -0.0003243333192 0.01434943549 0.2544578207 -0.9998910461 -0.002192063241 -0.01459762724 0.001095919854 0.9751591858 -0.2215025086 0.0147205578 -0.2214943729 -0.9750505361 1.136874704e-05 -0.1380234435 0
0.2315411933 0.1366116194 -0.106728913 -0.002678954185 0.05868825342 0.5054594766 -0.000343030371 0.01475636291 0.2544265657 -0.9998781506 -0.002383319299 -0.01542736797 0.001191529768 0.9737410804 -0.2276551967 0.01556483698 -0.2276458392 -0.9736195909 1.207173436e-05 -0.1419494543 0
0.2379451153 0.1403899975 -0.1096808009 -0.002828618065 0.06029104904 0.5052058134 -0.0003622497888 0.01516318443 0.2543944374 -0.9998641466 -0.002585284504 -0.01627896416 0.001292492109 0.9722849183 -0.2337955668 0.01643221939 -0.2337848453 -0.9721494886 1.279839001e-05 -0.1458754652 0
0.2443490373 0.1441683755 -0.1126326888 -0.002982301566 0.06189218157 0.5049453373 -0.0003819914061 0.01556989717 0.2543614363 -0.9998489728 -0.002798236277 -0.01715229976 0.001398945408 0.9707908402 -0.239923295 0.01732265756 -0.2399110552 -0.9706403099 1.35490245e-05 -0.1498014761 0
0.2507529594 0.1479467536 -0.1155845766 -0.003139999598 0.06349160704 0.504678057 -0.0004022550521 0.01597649827 0.2543275626 -0.9998325667 -0.003022450522 -0.01804725575 0.001511027423 0.9692589904 -0.2460380587 0.01823610275 -0.2460241336 -0.9690921371 1.432395477e-05 -0.1537274869 0
0.2571568814 0.1517251316 -0.1185364645 -0.003301706938 0.06508928156 0.5044039814 -0.0004230405515 0.01638298487 0.2542928165 -0.9998148638 -0.00325820159 -0.01896371015 0.00162887513 0.9676895168 -0.2521395365 0.01917250495 -0.2521237458 -0.9675050552 1.51235041e-05 -0.1576534978 0
0.2635608035 0.1555035096 -0.1214883524 -0.003467418232 0.06668516127 0.5041231196 -0.0004443477245 0.01678935408 0.2542571985 -0.9997957984 -0.003505762234 -0.01990153803 0.001752624692 0.9660825709 -0.2582274086 0.02013181292 -0.2582095581 -0.9658791509 1.594800191e-05 -0.1615795086 0
0.2699647255 0.1592818877 -0.1244402402 -0.003637127991 0.06827920241 0.5038354808 -0.0004661763865 0.01719560303 0.2542207087 -0.9997753031 -0.003765403577 -0.02086061153 0.001882411448 0.9644383077 -0.2643013567 0.02111397416 -0.2642812373 -0.9642145133 1.679778369e-05 -0.1655055195 0
0.2763686475 0.1630602657 -0.1273921281 -0.003810830596 0.06987136127 0.5035410746 -0.0004885263488 0.01760172885 0.2541833476 -0.999753309 -0.004037395072 -0.02184079986 0.002018369893 0.9627568859 -0.2703610638 0.02211893489 -0.270338451 -0.9625112335 1.76731908e-05 -0.1694315303 0
0.2827725696 0.1668386438 -0.1303440159 -0.003988520297 0.07146159421 0.5032399107 -0.0005113974179 0.01800772866 0.2541451154 -0.9997297458 -0.004322004466 -0.02284196935 0.002160633653 0.9610384676 -0.2764062146 0.02314664011 -0.2763808678 -0.9607694047 1.857457039e-05 -0.1733575412 0
0.2891764916 0.1706170218 -0.1332959038 -0.004170191211 0.07304985767 0.5029319991 -0.0005347893959 0.01841359959 0.2541060126 -0.9997045416 -0.004619497758 -0.02386398343 0.002309335475 0.9592832184 -0.2824364951 0.02419703358 -0.2824081568 -0.9589891222 1.950227526e-05 -0.1772835521 0
0.2955804136 0.1743953998 -0.1362477917 -0.004355837325 0.07463610815 0.50261735 -0.0005587020804 0.01881933876 0.2540660393 -0.999677623 -0.004930139169 -0.02490670267 0.0024646072 0.9574913076 -0.2884515932 0.0252700578 -0.2884199883 -0.9571704835 2.045666371e-05 -0.1812095629 0
0.3019843357 0.1781737779 -0.1391996795 -0.004545452494 0.07622030224 0.5022959738 -0.0005831352644 0.01922494329 0.254025196 -0.9996489151 -0.0052541911 -0.02596998479 0.002626579749 0.9556629076 -0.2944511983 0.02636565404 -0.2944160331 -0.9553135882 2.143809942e-05 -0.1851355738 0
0.3083882577 0.1819521559 -0.1421515674 -0.004739030442 0.07780239658 0.5019678812 -0.0006080887366 0.01963041031 0.2539834831 -0.9996183415 -0.005591914096 -0.02705368469 0.002795383105 0.9537981945 -0.3004350012 0.02748376233 -0.3003959631 -0.9534185378 2.244695133e-05 -0.1890615846 0
0.31559267 0.1862028312 -0.1454724412 -0.004961534413 0.07957968901 0.5015907622 -0.0006367830305 0.02008639275 0.253935517 -0.9995816193 -0.005988515641 -0.0282970684 0.00299361244 0.9516572105 -0.3071475086 0.02876846684 -0.3071037145 -0.9512411281 2.361514662e-05 -0.1934783468 0
0.321996592 0.1899812093 -0.1484243291 -0.005163511836 0.08115717784 0.5012484334 -0.0006628413922 0.020491558 0.2538919572 -0.9995468211 -0.00635614606 -0.02942366144 0.003177358442 0.9497159323 -0.313096714 0.0299342085 -0.3130483147 -0.9492653453 2.468350624e-05 -0.1974043577 0
0.3284005141 0.1937595873 -0.151376217 -0.005369431588 0.082732432 0.5008994227 -0.0006894193521 0.02089657674 0.253847529 -0.9995099093 -0.006738249391 -0.03057020074 0.003368335184 0.9477389132 -0.3190291628 0.03112226689 -0.3189757803 -0.9472517385 2.578046752e-05 -0.2013303686 0
0.3348044361 0.1975379653 -0.1543281048 -0.005579286857 0.08430540845 0.5005437419 -0.0007165166804 0.0213014461 0.2538022326 -0.9994708016 -0.007135078146 -0.03173652972 0.003566668579 0.9457263432 -0.3249445531 0.03233257698 -0.3248857867 -0.9452004179 2.69064198e-05 -0.2052563794 0
0.3412083581 0.2013163434 -0.1572799927 -0.005793070702 0.08587606428 0.5001814025 -0.0007441331424 0.02170616321 0.2537560685 -0.9994294144 -0.007546882794 -0.03292248905 0.003772483505 0.9436784157 -0.330842585 0.03356507252 -0.3307780105 -0.9431114959 2.806175705e-05 -0.2091823903 0
0.3476122802 0.2050947214 -0.1602318805 -0.006010776052 0.08744435662 0.4998124167 -0.0007722684992 0.02211072519 0.2537090371 -0.9993856623 -0.007973911733 -0.03412791668 0.003985903791 0.9415953274 -0.3367229602 0.03481968605 -0.3366521291 -0.9409850867 2.924687775e-05 -0.2131084011 0
0.3540162022 0.2088730995 -0.1631837684 -0.006232395707 0.08901024274 0.4994367965 -0.0008009225072 0.02251512916 0.2536611389 -0.999339459 -0.00841641125 -0.0353526479 0.004207052198 0.9394772783 -0.3425853824 0.0360963489 -0.3425078212 -0.9388213068 3.04621848e-05 -0.217034412 0
0.3604201242 0.2126514775 -0.1661356563 -0.00645792234 0.09057367994 0.4990545544 -0.0008300949185 0.02291937226 0.2536123741 -0.9992907165 -0.008874625487 -0.0365965153 0.0044360504 0.9373244716 -0.3484295574 0.03739499119 -0.348344766 -0.9366202745 3.170808539e-05 -0.2209604228 0
0.3668240463 0.2164298555 -0.1690875441 -0.006687348493 0.09213462566 0.4986657031 -0.0008597854805 0.02332345161 0.2535627433 -0.9992393456 -0.009348796409 -0.03785934881 0.004673018968 0.9351371137 -0.3542551926 0.03871554185 -0.3541626443 -0.9343821104 3.298499092e-05 -0.2248864337 0
0.3732279683 0.2202082336 -0.172039432 -0.006920666583 0.09369303741 0.4982702554 -0.0008899939363 0.02372736435 0.2535122469 -0.9991852555 -0.009839163769 -0.03914097576 0.004918077353 0.9329154144 -0.3600619976 0.04005792858 -0.3599611374 -0.9321069369 3.429331685e-05 -0.2288124445 0
0.3796318903 0.2239866116 -0.1749913199 -0.007157868898 0.09524887279 0.4978682244 -0.0009207200244 0.0241311076 0.2534608853 -0.9991283544 -0.01034596507 -0.04044122085 0.005171343867 0.9306595865 -0.3658496839 0.04142207793 -0.3657399281 -0.9297948787 3.563348262e-05 -0.2327384554 0
0.3860358124 0.2277649897 -0.1779432077 -0.007398947597 0.09680208949 0.4974596234 -0.0009519634788 0.02453467849 0.253408659 -0.999068549 -0.01086943555 -0.04175990619 0.00543293567 0.9283698461 -0.3716179651 0.04280791521 -0.3714987001 -0.9274460622 3.700591155e-05 -0.2366644663 0
0.3924397344 0.2315433677 -0.1808950956 -0.007643894715 0.09835264532 0.4970444658 -0.0009837240291 0.02493807417 0.2533555684 -0.9990057446 -0.0114098081 -0.04309685135 0.005702968749 0.9260464124 -0.3773665568 0.04421536458 -0.377237138 -0.925060616 3.841103075e-05 -0.2405904771 0
0.3988436564 0.2353217457 -0.1838469834 -0.007892702158 0.09990049817 0.4966227654 -0.0010160014 0.02534129175 0.253301614 -0.9989398452 -0.01196731331 -0.04445187332 0.005981557902 0.9236895077 -0.3830951766 0.04564434899 -0.3829549279 -0.9226386707 3.984927097e-05 -0.244516488 0
0.4052475785 0.2391001238 -0.1867988713 -0.008145361705 0.101445606 0.4961945362 -0.001048795313 0.02574432838 0.2532467963 -0.9988707537 -0.01254217935 -0.04582478661 0.006268816724 0.9212993573 -0.3888035445 0.04709479024 -0.3886517568 -0.9201803588 4.132106659e-05 -0.2484424988 0
0.4116515005 0.2428785018 -0.1897507592 -0.008401865012 0.102987927 0.4957597922 -0.001082105484 0.0261471812 0.2531911157 -0.9987983716 -0.01313463201 -0.04721540321 0.006564857589 0.9188761896 -0.3944913824 0.04856660894 -0.3943273128 -0.9176858149 4.282685543e-05 -0.2523685097 0
0.4180554226 0.2466568799 -0.192702647 -0.008662203605 0.1045274193 0.4953185478 -0.001115931624 0.02654984734 0.2531345727 -0.9987225991 -0.01374489463 -0.04862353265 0.006869791633 0.9164202362 -0.4001584145 0.05005972452 -0.3999812853 -0.9151551756 4.436707874e-05 -0.2562945205 0
0.4244593446 0.2504352579 -0.1956545349 -0.008926368889 0.1060640411 0.4948708176 -0.00115027344 0.02695232394 0.2530771679 -0.9986433352 -0.01437318805 -0.050048982 0.007183728739 0.9139317314 -0.4058043671 0.05157405526 -0.4056133649 -0.9125885793 4.594218106e-05 -0.2602205314 0
0.4308632666 0.2542136359 -0.1986064228 -0.009194352139 0.107597751 0.4944166164 -0.001185130636 0.02735460815 0.2530189017 -0.9985604776 -0.01501973064 -0.05149155592 0.00750677752 0.9114109128 -0.4114289688 0.05310951827 -0.4112232433 -0.9099861665 4.755261017e-05 -0.2641465423 0
0.4372671887 0.257992014 -0.2015583106 -0.00946614451 0.1091285074 0.4939559592 -0.001220502909 0.02775669711 0.2529597747 -0.9984739228 -0.01568473821 -0.05295105665 0.007839045307 0.9088580206 -0.4170319505 0.05466602951 -0.4168106133 -0.9073480798 4.919881697e-05 -0.2680725531 0
0.4436711107 0.261770392 -0.2045101985 -0.00974173703 0.1106562689 0.4934888612 -0.001256389953 0.02815858797 0.2528997873 -0.9983835663 -0.016368424 -0.05442728409 0.008180638127 0.9062732982 -0.4226130453 0.05624350378 -0.4223751692 -0.9046744634 5.088125542e-05 -0.271998564 0
0.4500750327 0.2655487701 -0.2074620863 -0.0100211206 0.1121809943 0.4930153377 -0.001292791458 0.02856027786 0.2528389401 -0.9982893021 -0.01707099868 -0.05592003575 0.008531660694 0.9036569918 -0.4281719887 0.05784185474 -0.4279166065 -0.9019654637 5.260038246e-05 -0.2759245748 0
0.4564789548 0.2693271481 -0.2104139742 -0.01030428601 0.1137026424 0.4925354045 -0.001329707108 0.02896176394 0.2527772337 -0.9981910231 -0.01779267026 -0.05742910685 0.008892216388 0.9010093504 -0.4337085184 0.05946099491 -0.4334346218 -0.899221229 5.435665791e-05 -0.2798505857 0
0.4628828768 0.2731055261 -0.2133658621 -0.0105912239 0.1152211721 0.4920490773 -0.001367136584 0.02936304336 0.2527146685 -0.9980886212 -0.0185336441 -0.05895429029 0.009262407245 0.8983306259 -0.4392223747 0.06110083567 -0.438928913 -0.8964419096 5.615054443e-05 -0.2837765965 0
0.4692867988 0.2768839042 -0.2163177499 -0.01088192482 0.1167365426 0.4915563722 -0.001405079561 0.02976411327 0.252651245 -0.9979819869 -0.01929412288 -0.06049537671 0.009642333939 0.8956210729 -0.4447133001 0.06276128724 -0.4443991794 -0.8936276574 5.798250743e-05 -0.2877026074 0
0.4756907209 0.2806622822 -0.2192696378 -0.01117637918 0.118248713 0.4910573055 -0.001443535712 0.03016497083 0.252586964 -0.9978710099 -0.02007430655 -0.06205215449 0.01003209577 0.8928809488 -0.4501810396 0.06444225876 -0.4498451217 -0.8907786267 5.985301497e-05 -0.2916286183 0
0.4820946429 0.2844406603 -0.2222215256 -0.01147457726 0.1197576427 0.4905518936 -0.001482504702 0.03056561319 0.2525218259 -0.9977555784 -0.02087439233 -0.0636244098 0.01043179064 0.8901105138 -0.4556253406 0.06614365821 -0.4552664418 -0.8878949732 6.176253776e-05 -0.2955546291 0
0.4884985649 0.2882190383 -0.2251734135 -0.01177650923 0.1212632909 0.4900401532 -0.001521986196 0.0309660375 0.2524558312 -0.9976355798 -0.02169457466 -0.06521192663 0.01084151506 0.8873100307 -0.4610459531 0.06786539247 -0.4606628428 -0.8849768549 6.371154901e-05 -0.29948064 0
0.494902487 0.2919974163 -0.2281253014 -0.01208216514 0.1227656174 0.4895221011 -0.00156197985 0.03136624093 0.2523889807 -0.9975109002 -0.02253504516 -0.06681448678 0.01126136411 0.8844797652 -0.4664426295 0.0696073673 -0.4660340295 -0.8820244315 6.570052442e-05 -0.3034066508 0
0.501306409 0.2957757944 -0.2310771892 -0.01239153491 0.1242645817 0.4889977544 -0.001602485318 0.03176622064 0.2523212747 -0.9973814249 -0.02339599265 -0.06843186993 0.01169143144 0.8816199853 -0.4718151247 0.07136948735 -0.4713797079 -0.8790378645 6.772994211e-05 -0.3073326617 0
0.507710331 0.2995541724 -0.2340290771 -0.01270460835 0.1257601437 0.4884671305 -0.00164350225 0.0321659738 0.2522527141 -0.9972470378 -0.02427760307 -0.07006385364 0.01213180925 0.8787309619 -0.4771631962 0.07315165617 -0.4766995852 -0.8760173175 6.980028255e-05 -0.3112586725 0
0.5141142531 0.3033325505 -0.236980965 -0.01302137515 0.1272522632 0.4879302467 -0.001685030291 0.03256549756 0.2521832993 -0.997107622 -0.02518005948 -0.07171021338 0.0125825883 0.8758129683 -0.482486604 0.07495377622 -0.4819933705 -0.8729629558 7.191202848e-05 -0.3151846834 0
0.5205181751 0.3071109285 -0.2399328528 -0.01334182485 0.1287409003 0.4873871208 -0.001727069081 0.03296478909 0.2521130309 -0.9969630596 -0.02610354203 -0.07337072259 0.01304385784 0.8728662803 -0.4877851109 0.07677574886 -0.4872607739 -0.8698749465 7.40656649e-05 -0.3191106943 0
0.5269220972 0.3108893065 -0.2428847407 -0.01366594692 0.1302260151 0.4868377707 -0.001769618255 0.03336384558 0.2520419096 -0.9968132315 -0.02704822795 -0.07504515266 0.01351570566 0.8698911765 -0.4930584821 0.07861747436 -0.4925015071 -0.8667534588 7.626167899e-05 -0.3230367051 0
0.5333260192 0.3146676846 -0.2458366285 -0.01399373067 0.131707568 0.4862822144 -0.001812677445 0.03376266418 0.251969936 -0.9966580177 -0.02801429147 -0.076733273 0.01399821804 0.8668879376 -0.4983064855 0.08047885191 -0.4977152832 -0.8635986633 7.850056002e-05 -0.326962716 0
0.5397299412 0.3184460626 -0.2487885164 -0.01432516531 0.1331855194 0.4857204703 -0.001856246279 0.03416124207 0.2518971107 -0.9964972974 -0.02900190386 -0.07843485105 0.01449147974 0.863856847 -0.5035288918 0.08235977963 -0.5029018169 -0.8604107329 8.078279938e-05 -0.3308887268 0
0.5461338633 0.3222244407 -0.2517404043 -0.01466023992 0.1346598298 0.4851525569 -0.001900324378 0.03455957643 0.2518234344 -0.9963309486 -0.03001123337 -0.08014965229 0.01499557402 0.8607981905 -0.5087254742 0.08426015458 -0.5080608243 -0.857189842 8.310889045e-05 -0.3348147377 0
0.5525377853 0.3260028187 -0.2546922921 -0.01499894349 0.13613046 0.4845784927 -0.001944911362 0.03495766444 0.2517489077 -0.9961588485 -0.0310424452 -0.08187744031 0.01551058257 0.857712256 -0.5138960086 0.08617987273 -0.513192023 -0.8539361669 8.547932859e-05 -0.3387407485 0
0.5589417073 0.3297811967 -0.25764418 -0.01534126487 0.1375973707 0.4839982969 -0.001990006843 0.03535550327 0.2516735312 -0.9959808733 -0.0320957015 -0.08361797682 0.01603658554 0.8545993341 -0.519040274 0.08811882901 -0.5182951322 -0.8506498856 8.789461111e-05 -0.3426667594 0
0.5661461196 0.334031872 -0.2609650538 -0.01573068679 0.1392431507 0.4833382709 -0.002041346587 0.03580277061 0.2515877178 -0.9957734734 -0.03330716279 -0.08559101974 0.01664157844 0.8510654032 -0.5247959007 0.09032301822 -0.5240022065 -0.8469140688 9.066602858e-05 -0.3470835216 0
0.5725500417 0.3378102501 -0.2639169417 -0.01608065845 0.1407020281 0.4827451086 -0.002087521324 0.03620007061 0.2515105378 -0.9955825986 -0.03440778782 -0.08735784717 0.01719120354 0.8478961078 -0.529883622 0.09230250184 -0.5290446999 -0.8435590991 9.317826509e-05 -0.3510095325 0
0.5789539637 0.3415886281 -0.2668688296 -0.01643421233 0.1421570646 0.4821458749 -0.002134203324 0.03659711263 0.2514325102 -0.9953854563 -0.03553094402 -0.08913666663 0.01775206341 0.8447007473 -0.5349444006 0.09430088847 -0.5340582361 -0.8401720912 9.573691195e-05 -0.3549355433 0
0.5853578857 0.3453670062 -0.2698207174 -0.0167913368 0.1436082214 0.4815405895 -0.002181392181 0.03699389388 0.2513536356 -0.9951819191 -0.03667678064 -0.09092723239 0.01832423167 0.8414796214 -0.5399780267 0.09631806872 -0.5390425406 -0.8367532307 9.834247394e-05 -0.3588615542 0
0.5917618078 0.3491453842 -0.2727726053 -0.01715202012 0.1450554602 0.4809292722 -0.002229087488 0.03739041155 0.2512739147 -0.9949718588 -0.03784544375 -0.092729297 0.01890778035 0.8382330319 -0.5449842935 0.09835393219 -0.5439973407 -0.8333027045 0.0001009954576 -0.362787565 0
0.5981657298 0.3529237622 -0.2757244932 -0.01751625044 0.1464987427 0.4803119431 -0.002277288831 0.03778666283 0.2511933482 -0.9947551464 -0.03903707622 -0.09454261131 0.01950277983 0.8349612828 -0.5499629967 0.1004083674 -0.5489223651 -0.8298207016 0.000103696371 -0.3667135759 0
0.6045696518 0.3567021403 -0.278676381 -0.01788401578 0.1479380306 0.4796886226 -0.002325995792 0.03818264492 0.2511119368 -0.9945316521 -0.0402518177 -0.09636692452 0.02010929887 0.8316646803 -0.5549139354 0.102481262 -0.5538173443 -0.8263074126 0.000106445724 -0.3706395867 0
0.6109735739 0.3604805183 -0.2816282689 -0.01825530406 0.149373286 0.4790593311 -0.002375207949 0.03857835502 0.2510296813 -0.9943012453 -0.04148980459 -0.09820198417 0.0207274046 0.8283435323 -0.5598369112 0.1045725025 -0.5586820103 -0.8227630298 0.0001092440281 -0.3745655976 0
0.6173774959 0.3642588964 -0.2845801567 -0.01863010309 0.1508044709 0.4784240893 -0.002424924877 0.03897379034 0.2509465823 -0.9940637947 -0.04275117001 -0.1000475362 0.02135716247 0.8249981491 -0.5647317288 0.1066819744 -0.5635160968 -0.8191877471 0.0001120917961 -0.3784916085 0
0.6237814179 0.3680372744 -0.2875320446 -0.01900840056 0.1522315477 0.477782918 -0.002475146144 0.03936894807 0.2508626405 -0.9938191682 -0.04403604381 -0.1019033251 0.02199863629 0.8216288428 -0.5695981958 0.1088095622 -0.5683193394 -0.8155817603 0.0001149895427 -0.3824176193 0
0.63018534 0.3718156524 -0.2904839325 -0.01939018403 0.1536544787 0.4771358383 -0.002525871314 0.03976382544 0.2507778568 -0.9935672331 -0.04534455251 -0.1037690937 0.02265188817 0.8182359274 -0.5744361228 0.1109551495 -0.573091475 -0.8119452667 0.0001179377838 -0.3863436302 0
0.636589262 0.3755940305 -0.2934358203 -0.01977544099 0.1550732266 0.4764828715 -0.002577099949 0.04015841964 0.2506922319 -0.9933078559 -0.04667681933 -0.1056445832 0.02331697855 0.8148197187 -0.5792453232 0.1131186189 -0.5778322425 -0.8082784654 0.000120937037 -0.390269641 0
0.642993184 0.3793724085 -0.2963877082 -0.02016415879 0.156487754 0.4758240389 -0.002628831605 0.04055272789 0.2506057664 -0.9930409023 -0.04803296411 -0.1075295337 0.02399396618 0.8113805347 -0.5840256137 0.1152998519 -0.5825413824 -0.804581557 0.0001239878212 -0.3941956519 0
0.6493971061 0.3831507866 -0.299339596 -0.02055632466 0.1578980238 0.4751593623 -0.002681065832 0.04094674742 0.2505184612 -0.9927662377 -0.04941310336 -0.1094236836 0.02468290809 0.807918695 -0.5887768137 0.1174987292 -0.5872186369 -0.8008547441 0.0001270906567 -0.3981216627 0
0.6558010281 0.3869291646 -0.3022914839 -0.02095192575 0.1593039991 0.4744888633 -0.002733802179 0.04134047543 0.250430317 -0.9924837264 -0.05081735017 -0.1113267699 0.02538385961 0.8044345208 -0.5934987459 0.1197151304 -0.5918637501 -0.7970982304 0.0001302460654 -0.4020476736 0
0.6622049502 0.3907075426 -0.3052433718 -0.02135094907 0.1607056431 0.4738125641 -0.002787040189 0.04173390915 0.2503413346 -0.9921932325 -0.05224581425 -0.1132385282 0.02609687434 0.8009283354 -0.5981912359 0.1219489341 -0.5964764676 -0.7933122217 0.0001334545703 -0.4059736845 0
0.6686088722 0.3944859207 -0.3081952596 -0.02175338155 0.1621029191 0.4731304867 -0.002840779399 0.0421270458 0.2502515148 -0.9918946192 -0.05369860189 -0.115158693 0.02682200417 0.7974004637 -0.6028541122 0.1242000182 -0.601056537 -0.7894969251 0.0001367166959 -0.4098996953 0
0.6750127942 0.3982642987 -0.3111471475 -0.02215920999 0.1634957906 0.4724426535 -0.002895019344 0.04251988262 0.2501608583 -0.9915877492 -0.05517581593 -0.1170869973 0.02755929922 0.793851232 -0.6074872068 0.1264682594 -0.6056037076 -0.7856525496 0.0001400329681 -0.4138257062 0
0.6814167163 0.4020426768 -0.3140990354 -0.02256842109 0.1648842213 0.4717490871 -0.002949759555 0.04291241683 0.250069366 -0.9912724847 -0.05667755578 -0.1190231728 0.02830880788 0.7902809687 -0.6120903544 0.1287535335 -0.6101177306 -0.7817793054 0.0001434039138 -0.417751717 0
0.6878206383 0.4058210548 -0.3170509232 -0.02298100144 0.1662681751 0.4710498103 -0.003004999555 0.04330464566 0.2499770386 -0.9909486874 -0.05820391736 -0.12096695 0.02907057677 0.7866900033 -0.6166633929 0.1310557155 -0.6145983588 -0.7778774047 0.0001468300615 -0.4216777279 0
0.6942245603 0.4095994328 -0.3200028111 -0.02339693752 0.1676476159 0.4703448458 -0.003060738868 0.04369656636 0.249883877 -0.9906162182 -0.05975499311 -0.1229180583 0.02984465078 0.7830786673 -0.6212061636 0.1333746793 -0.619045347 -0.773947061 0.0001503119407 -0.4256037387 0
0.7006284824 0.4133778109 -0.3229546989 -0.02381621572 0.1690225078 0.4696342168 -0.003116977009 0.04408817615 0.2497898819 -0.9902749378 -0.06133087198 -0.1248762259 0.03063107298 0.7794472933 -0.6257185105 0.1357102981 -0.6234584518 -0.7699884894 0.0001538500823 -0.4295297496 0
0.7070324044 0.4171561889 -0.3259065868 -0.02423882229 0.1703928153 0.4689179467 -0.00317371349 0.04447947229 0.2496950542 -0.9899247062 -0.06293163939 -0.1268411797 0.0314298847 0.7757962156 -0.630200281 0.138062444 -0.6278374316 -0.7660019067 0.0001574450183 -0.4334557605 0
0.7134363264 0.420934567 -0.3288584747 -0.02466474341 0.1717585028 0.4681960587 -0.003230947821 0.04487045201 0.2495993948 -0.9895653831 -0.06455737724 -0.1288126456 0.03224112546 0.77212577 -0.6346513256 0.1404309882 -0.6321820468 -0.7619875309 0.0001610972821 -0.4373817713 0
0.7198402485 0.424712945 -0.3318103625 -0.02509396513 0.173119535 0.4674685766 -0.003288679504 0.04526111257 0.2495029044 -0.9891968276 -0.06620816389 -0.1307903485 0.03306483301 0.7684362934 -0.6390714981 0.1428158011 -0.6364920596 -0.7579455818 0.0001648074079 -0.4413077822 0
0.7262441705 0.428491323 -0.3347622504 -0.02552647342 0.1744758766 0.4667355241 -0.003346908039 0.04565145121 0.2494055839 -0.9888188986 -0.06788407413 -0.1327740123 0.03390104328 0.7647281244 -0.6434606554 0.1452167522 -0.640767234 -0.7538762807 0.0001685759314 -0.445233793 0
0.7326480925 0.4322697011 -0.3377141383 -0.02596225412 0.1758274928 0.4659969253 -0.003405632921 0.0460414652 0.2493074342 -0.9884314542 -0.0695851792 -0.1347633597 0.0347497904 0.7610016026 -0.6478186574 0.1476337101 -0.6450073361 -0.7497798504 0.0001724033892 -0.4491598039 0
0.7390520146 0.4360480791 -0.3406660261 -0.02640129298 0.1771743487 0.4652528042 -0.003464853642 0.04643115178 0.2492084561 -0.9880343526 -0.07131154674 -0.1367581126 0.03561110668 0.7572570691 -0.6521453675 0.1500665424 -0.6492121338 -0.7456565149 0.0001762903193 -0.4530858147 0
0.7454559366 0.4398264572 -0.343617914 -0.02684357565 0.1785164097 0.4645031853 -0.003524569687 0.04682050821 0.2491086504 -0.9876274513 -0.07306324081 -0.138757992 0.03648502262 0.753494866 -0.6564406523 0.152515116 -0.6533813968 -0.7415065001 0.0001802372606 -0.4570118256 0
0.7518598586 0.4436048352 -0.3465698018 -0.02728908767 0.1798536412 0.463748093 -0.003584780538 0.04720953177 0.2490080181 -0.9872106075 -0.07484032185 -0.1407627178 0.03737156691 0.7497153368 -0.6607043815 0.1549792969 -0.6575148971 -0.737330033 0.000184244753 -0.4609378365 0
0.7582637807 0.4473832132 -0.3495216897 -0.02773781449 0.181186009 0.4629875519 -0.003645485674 0.04759821971 0.2489065601 -0.9867836781 -0.07664284669 -0.1427720092 0.03827076637 0.7459188261 -0.664936428 0.1574589502 -0.6616124084 -0.7331273423 0.0001883133378 -0.4648638473 0
0.7646677027 0.4511615913 -0.3524735776 -0.02818974143 0.1825134789 0.462221587 -0.003706684568 0.0479865693 0.2488042771 -0.9863465199 -0.07847086853 -0.1447855847 0.03918264602 0.7421056795 -0.6691366682 0.1599539402 -0.6656737063 -0.728898658 0.0001924435572 -0.4687898582 0
0.7710716248 0.4549399693 -0.3554254654 -0.02864485376 0.1838360171 0.4614502233 -0.003768376689 0.04837457783 0.2487011702 -0.985898989 -0.08032443694 -0.1468031617 0.04010722901 0.7382762436 -0.6733049816 0.1624641303 -0.6696985687 -0.7246442116 0.0001966359543 -0.472715869 0
0.7774755468 0.4587183474 -0.3583773533 -0.02910313659 0.1851535897 0.4606734859 -0.003830561502 0.04876224256 0.2485972402 -0.9854409416 -0.08220359783 -0.1488244572 0.04104453668 0.7344308664 -0.677441251 0.1649893832 -0.6736867752 -0.7203642359 0.0002008910734 -0.4766418799 0
0.7838794688 0.4624967254 -0.3613292412 -0.02956457498 0.1864661632 0.4598914002 -0.003893238468 0.04914956077 0.248492488 -0.9849722336 -0.08410839347 -0.1508491871 0.04199458849 0.7305698964 -0.6815453624 0.1675295605 -0.6776381075 -0.7160589652 0.0002052094599 -0.4805678907 0
0.7902833909 0.4662751034 -0.364281129 -0.03002915386 0.1877737041 0.4591039917 -0.003956407042 0.04953652975 0.2483869145 -0.9844927204 -0.08603886243 -0.152877067 0.04295740205 0.7266936833 -0.6856172053 0.1700845233 -0.6815523493 -0.7117286352 0.00020959166 -0.4844939016 0
0.7966873129 0.4700534815 -0.3672330169 -0.03049685809 0.1890761793 0.4583112861 -0.004020066678 0.04992314679 0.2482805207 -0.9840022576 -0.08799503964 -0.1549078116 0.04393299312 0.7228025777 -0.6896566724 0.1726541318 -0.6854292864 -0.7073734828 0.0002140382212 -0.4884199124 0
0.8030912349 0.4738318595 -0.3701849047 -0.0309676724 0.1903735557 0.4575133093 -0.004084216822 0.05030940916 0.2481733075 -0.9835007003 -0.08997695634 -0.1569411351 0.04492137558 0.718896931 -0.6936636595 0.1752382452 -0.6892687066 -0.7029937465 0.0002185496917 -0.4923459233 0
0.809495157 0.4776102376 -0.3731367926 -0.03144158145 0.1916658005 0.4567100872 -0.004148856918 0.05069531417 0.2480652758 -0.9829879036 -0.09198464006 -0.1589767511 0.04592256146 0.7149770955 -0.6976380661 0.1778367222 -0.6930703997 -0.6985896659 0.0002231266209 -0.4962719342 0
0.815899079 0.4813886156 -0.3760886805 -0.03191856978 0.192952881 0.4559016461 -0.004213986406 0.05108085912 0.2479564266 -0.9824637224 -0.09401811466 -0.1610143726 0.04693656092 0.711043424 -0.7015797948 0.1804494204 -0.6968341577 -0.6941614822 0.0002277695589 -0.500197945 0
0.8231034913 0.4856392909 -0.3794095543 -0.03245884302 0.1943946332 0.4549859443 -0.004287841351 0.05151416342 0.2478329952 -0.9818602299 -0.09633662667 -0.1633087362 0.04809263676 0.7066019458 -0.7059750623 0.1834055268 -0.7010227847 -0.6891512665 0.0002330724519 -0.5046147072 0
0.8295074133 0.4894176689 -0.3823614422 -0.03294232311 0.1956706321 0.4541665004 -0.004354008914 0.05189893425 0.2477224119 -0.9813113746 -0.09842496913 -0.1653496647 0.04913389021 0.7026400483 -0.7098470423 0.1860479696 -0.7047052491 -0.6846726699 0.0002378574904 -0.5085407181 0
0.8359113354 0.493196047 -0.38531333 -0.03342883361 0.1969413658 0.4533419203 -0.004420664088 0.05228333659 0.2476110141 -0.9807506808 -0.1005391531 -0.1673916989 0.05018797686 0.6986654224 -0.7136860616 0.1887041842 -0.7083491415 -0.680170732 0.0002427102636 -0.5124667289 0
0.8423152574 0.496974425 -0.3882652179 -0.03391835867 0.1982068024 0.4525122309 -0.004487806295 0.05266736775 0.2474988028 -0.9801780031 -0.1026791871 -0.1694345502 0.05125489912 0.694678424 -0.7174920366 0.1913740253 -0.7119542625 -0.675645699 0.0002476313257 -0.5163927398 0
0.8487191794 0.5007528031 -0.3912171058 -0.03441088236 0.1994669104 0.4516774591 -0.004555434952 0.05305102503 0.2473857788 -0.9795931961 -0.1048450759 -0.1714779295 0.0523346575 0.6906794091 -0.7212648871 0.1940573468 -0.7155204147 -0.6710978187 0.0002526212317 -0.5203187507 0
0.8551231015 0.5045311811 -0.3941689936 -0.03490638865 0.2007216583 0.4508376322 -0.004623549472 0.05343430576 0.2472719433 -0.9789961142 -0.1070368206 -0.1735215473 0.05342725065 0.6866687347 -0.7250045363 0.1967540018 -0.719047403 -0.66652734 0.0002576805379 -0.5242447615 0
0.8615270235 0.5083095591 -0.3971208815 -0.03540486144 0.2019710146 0.4499927773 -0.004692149264 0.05381720726 0.2471572972 -0.9783866121 -0.1092544185 -0.1755651139 0.05453267529 0.682646758 -0.7287109105 0.1994638426 -0.7225350343 -0.6619345131 0.000262809801 -0.5281707724 0
0.8679309455 0.5120879372 -0.4000727693 -0.0359062845 0.2032149484 0.4491429221 -0.004761233733 0.05419972685 0.2470418414 -0.9777645444 -0.1114978633 -0.1776083394 0.05565092628 0.6786138366 -0.7323839397 0.202186721 -0.7259831178 -0.6573195894 0.0002680095789 -0.5320967832 0
0.8743348676 0.5158663152 -0.4030246572 -0.03641064155 0.2044534287 0.4482880942 -0.004830802279 0.05458186186 0.2469255772 -0.9771297656 -0.1137671447 -0.1796509336 0.05678199659 0.6745703285 -0.7360235572 0.2049224879 -0.7293914646 -0.6526828214 0.0002732804304 -0.5360227941 0
0.8807387896 0.5196446933 -0.4059765451 -0.0369179162 0.2056864248 0.4474283212 -0.004900854298 0.05496360963 0.2468085053 -0.9764821305 -0.116062249 -0.1816926063 0.05792587726 0.6705165923 -0.7396296994 0.2076709936 -0.7327598882 -0.648024463 0.000278622915 -0.5399488049 0
0.8871427116 0.5234230713 -0.4089284329 -0.03742809196 0.2069139062 0.4465636312 -0.004971389182 0.05534496749 0.2466906269 -0.9758214939 -0.1183831585 -0.1837330669 0.05908255749 0.6664529865 -0.7432023064 0.2104320876 -0.7360882044 -0.6433447691 0.0002840375934 -0.5438748158 0
0.8935466337 0.5272014493 -0.4118803208 -0.03794115226 0.2081358426 0.4456940522 -0.005042406319 0.05572593277 0.246571943 -0.9751477107 -0.1207298519 -0.1857720249 0.06025202454 0.66237987 -0.7467413215 0.2132056188 -0.7393762308 -0.6386439959 0.0002895250268 -0.5478008267 0
0.8999505557 0.5309798274 -0.4148322087 -0.03845708047 0.2093522039 0.4448196124 -0.005113905092 0.05610650283 0.2464524546 -0.974460636 -0.1231023039 -0.1878091897 0.0614342638 0.6582976022 -0.7502466916 0.2159914355 -0.7426237875 -0.6339224006 0.0002950857775 -0.5517268375 0
