0.006045278583 0.004677655209 -0.003453002674 -2.403599931e-06 0.001541538533 0.5099968937 -3.021784039e-07 0.0003838429442 0.2549996149 -0.9999999999 -5.566548127e-08 -1.3997798e-05 2.853219954e-08 0.9999819098 -0.006014994203 1.39978796e-05 -0.006014994202 -0.9999819097 2.924238435e-08 -0.004592493556 0
0.01109055717 0.008581540419 -0.006334815348 -8.089715951e-06 0.002828045734 0.5099895451 -1.021529148e-06 0.0007052370205 0.2549986979 -0.9999999989 -3.459540108e-07 -4.71110347e-05 1.7392537e-07 0.9999391153 -0.01103474633 4.711198388e-05 -0.01103474632 -0.9999391142 6.19927258e-08 -0.008425304413 0
0.01685658983 0.01304312352 -0.009628315547 -1.868789511e-05 0.00429826769 0.5099758483 -2.368926962e-06 0.001073287887 0.2549969803 -0.9999999941 -1.216051681e-06 -0.0001088264755 6.092535873e-07 0.9998593561 -0.01677104975 0.0001088315642 -0.01677104971 -0.9998593501 6.921964603e-08 -0.01280565968 0
0.0226226225 0.01750470661 -0.01292181575 -3.365882441e-05 0.005768375415 0.5099565002 -4.276970351e-06 0.001441585385 0.2549945479 -0.9999999808 -2.940318734e-06 -0.0001959980114 1.471649586e-06 0.9997466973 -0.02250647071 0.0001960145408 -0.02250647056 -0.9997466781 4.159430827e-08 -0.01718601494 0
0.02766790108 0.02140859182 -0.01580362842 -5.034503726e-05 0.007054595257 0.5099349354 -6.405787794e-06 0.001763863544 0.2549918339 -0.999999957 -5.379286052e-06 -0.0002931470152 2.691331363e-06 0.9996211429 -0.02752400297 0.0002931840139 -0.02752400258 -0.9996210999 1.228521009e-08 -0.0210188258 0
0.03343393375 0.02587017492 -0.01909712862 -7.351347663e-05 0.008524383503 0.5099049931 -9.363038133e-06 0.002132141572 0.2549880638 -0.9999999084 -9.491999333e-06 -0.0004280185299 4.747845268e-06 0.9994468344 -0.03325695624 0.0004280974398 -0.03325695522 -0.9994467428 8.679721944e-08 -0.02539918106 0
0.03919996642 0.03033175801 -0.02239062882 -0.0001010529177 0.009993945214 0.5098694019 -1.287918446e-05 0.002500364158 0.2549835811 -0.9999998268 -1.529787704e-05 -0.0005883083322 7.650815085e-06 0.9992396726 -0.03898816004 0.0005884574613 -0.03898815779 -0.9992394995 1.864370721e-07 -0.02977953633 0
0.04496599908 0.03479334111 -0.02568412902 -0.0001329624823 0.01146324134 0.5098281628 -1.695398923e-05 0.002868532393 0.2549783862 -0.9999997002 -2.308832007e-05 -0.0007739974368 1.154586486e-05 0.9989996806 -0.04471731316 0.0007742556398 -0.04471730869 -0.9989993808 3.062277602e-07 -0.03415989159 0
0.05001127767 0.03869722632 -0.02856594169 -0.0001644674216 0.0127486269 0.5097874466 -2.097759702e-05 0.003190638207 0.2549732566 -0.9999995413 -3.17617834e-05 -0.0009572935532 1.588220017e-05 0.9987627775 -0.04972840331 0.0009576886308 -0.0497283957 -0.9987623188 4.267693516e-07 -0.03799270245 0
0.05577731033 0.04315880942 -0.03185944189 -0.0002045681155 0.01421731984 0.5097356215 -2.609951112e-05 0.003558715129 0.2549667267 -0.9999992903 -4.405767123e-05 -0.00119054471 2.202929292e-05 0.9984613039 -0.05545290034 0.001191155949 -0.05545288721 -0.9984605943 5.820412533e-07 -0.04237305771 0
0.061543343 0.04762039251 -0.03515294209 -0.0002490356317 0.01568563499 0.5096781529 -3.177974688e-05 0.003926747563 0.2549594851 -0.9999989483 -5.917415605e-05 -0.001449123843 2.958610369e-05 0.998127087 -0.0611744821 0.001450029708 -0.06117446064 -0.9981260355 7.557405948e-07 -0.04675341298 0
0.06658862158 0.05152427772 -0.03803475476 -0.0002915257562 0.01697007017 0.5096232398 -3.720789121e-05 0.004248740631 0.2549525648 -0.9999985588 -7.494288296e-05 -0.00169613344 3.746858332e-05 0.9978078168 -0.06617823876 0.001697374793 -0.06617820694 -0.9978063759 9.227509113e-07 -0.05058622383 0
0.07235465425 0.05598586082 -0.04132825496 -0.0003441771332 0.01843757184 0.5095551945 -4.393477836e-05 0.004616692899 0.2549439888 -0.9999979911 -9.612942027e-05 -0.002002117637 4.805876534e-05 0.9974123098 -0.07189354575 0.002003847861 -0.07189349755 -0.9974103015 1.130766812e-06 -0.0549665791 0
0.07812068692 0.06044744392 -0.04462175516 -0.0004011908808 0.01990458362 0.5094815115 -5.121977839e-05 0.004984602615 0.2549347013 -0.9999972705 -0.0001209692135 -0.002333333702 6.047431173e-05 0.9969841767 -0.07760507563 0.002335684605 -0.07760500491 -0.9969814481 1.357107578e-06 -0.05934693436 0
0.0831659655 0.06435132912 -0.04750356783 -0.0004546549914 0.02118778644 0.5094124158 -5.805192491e-05 0.005306488231 0.254925991 -0.9999964945 -0.0001459277729 -0.002643815018 7.294849357e-05 0.9965828341 -0.08259933082 0.0026468342 -0.08259923413 -0.9965793299 1.570249417e-06 -0.06317974522 0
0.08893199817 0.06881291222 -0.05079706803 -0.0005198431748 0.02265377469 0.5093281684 -6.638319465e-05 0.00567431615 0.2549153696 -0.9999954171 -0.0001783949678 -0.003022232786 8.91744531e-05 0.9960936587 -0.08830297316 0.00302617972 -0.08830283798 -0.9960890779 1.831189451e-06 -0.06756010048 0
0.09469803083 0.07327449532 -0.05409056823 -0.0005893881277 0.02411916109 0.5092382903 -7.527236798e-05 0.006042098683 0.2549040369 -0.9999941089 -0.0002153437089 -0.003425761638 0.0001076388436 0.9955720045 -0.09400198011 0.003430835116 -0.09400179508 -0.9955661163 2.110765718e-06 -0.07194045575 0
0.09974330942 0.07717838053 -0.05697238091 -0.0006538121343 0.02540084991 0.5091550304 -8.350798817e-05 0.006363869941 0.2548935375 -0.9999927506 -0.0002515756799 -0.003799410835 0.000125743796 0.9950889599 -0.09898457482 0.003805653888 -0.09898433499 -0.9950817144 2.370805056e-06 -0.0757732666 0
0.1055093421 0.08163996362 -0.0602658811 -0.0007315199445 0.02686500303 0.5090546029 -9.344301564e-05 0.006731563002 0.2548808714 -0.9999909249 -0.0002977000502 -0.004249891875 0.0001487902552 0.9945065676 -0.1046740889 0.004257706863 -0.1046737713 -0.994497498 2.685760311e-06 -0.08015362187 0
0.1112753748 0.08610154672 -0.0635593813 -0.0008135777755 0.02832844253 0.5089485535 -0.00010393571 0.007099205696 0.2548674944 -0.9999887746 -0.0003491288972 -0.004725338667 0.000174485047 0.9938918735 -0.1103581137 0.004735004907 -0.1103576994 -0.9938806558 3.019848568e-06 -0.08453397713 0
0.1163206533 0.09000543193 -0.06644119398 -0.0008889447008 0.02960833617 0.5088511512 -0.0001135742077 0.007420850165 0.2548552065 -0.9999865984 -0.0003987043766 -0.005161790161 0.0001992518771 0.9933275726 -0.1153268999 0.00517332983 -0.1153263829 -0.9933141809 3.328029955e-06 -0.08836678799 0
0.122086686 0.09446701503 -0.06973469418 -0.0009791516608 0.03107033298 0.5087345701 -0.0001251122804 0.007788392948 0.2548404967 -0.9999837404 -0.0004608461058 -0.005683893744 0.0002302939133 0.9926525005 -0.1209998355 0.005697893641 -0.1209991771 -0.9926362542 3.698549659e-06 -0.09274714325 0
0.1278527187 0.09892859812 -0.07302819438 -0.001073700747 0.03253150461 0.5086123774 -0.0001372077485 0.008155879369 0.2548250764 -0.9999804484 -0.0005291088975 -0.006230793359 0.0002643904376 0.9919453336 -0.1266664331 0.006247626734 -0.1266656039 -0.9919257996 4.088820296e-06 -0.09712749852 0
0.1328979973 0.1028324833 -0.07591000705 -0.001159990733 0.0338093224 0.5085008585 -0.0001482484404 0.008477382007 0.2548110008 -0.9999771794 -0.0005940820215 -0.006729620213 0.000296840829 0.9913002966 -0.1316192758 0.006749267159 -0.1316182698 -0.9912774982 4.446696223e-06 -0.1009603094 0
0.1386640299 0.1072940664 -0.07920350725 -0.001262673074 0.03526884237 0.5083681545 -0.0001613887432 0.008844756722 0.2547942484 -0.9999729601 -0.000674582134 -0.00732283566 0.0003370422073 0.9905331673 -0.1372731983 0.007346113647 -0.1372719545 -0.990506156 4.874651307e-06 -0.1053406646 0
0.1444300626 0.1117556495 -0.08249700745 -0.001369688505 0.03672742583 0.5082298506 -0.0001750861326 0.009212068561 0.2547767858 -0.9999681822 -0.0007620125721 -0.007940653214 0.000380699906 0.9897341794 -0.14291994 0.007968042684 -0.1429184156 -0.9897023981 5.323072423e-06 -0.1097210199 0
0.1494753412 0.1156595347 -0.08537882012 -0.001466878817 0.03800288773 0.5081042444 -0.000187528242 0.009533413006 0.2547609236 -0.9999635062 -0.0008444190571 -0.008501367604 0.0004218446671 0.989009001 -0.1478547193 0.008532780423 -0.1478529097 -0.9889725521 5.73244079e-06 -0.1135538308 0
0.1552413738 0.1201211178 -0.08867232032 -0.001582009488 0.03945961104 0.5079554525 -0.0002022698515 0.009900600628 0.2547421298 -0.9999575524 -0.0009455966141 -0.009165114837 0.0004723561861 0.9881505213 -0.1534872119 0.009201649992 -0.1534850259 -0.9881081299 6.219968998e-06 -0.117934186 0
0.1610074065 0.1245827009 -0.09196582052 -0.001701463072 0.04091528679 0.5078010739 -0.0002175682007 0.01026771858 0.2547226262 -0.9999508996 -0.001054505468 -0.009853246257 0.0005267209629 0.9872604486 -0.1591116878 0.009895504465 -0.1591090652 -0.9872114183 6.728763581e-06 -0.1223145413 0
0.1660526851 0.1284865861 -0.09484763319 -0.001809528107 0.04218811343 0.5076614135 -0.0002314108549 0.01058888775 0.2547049784 -0.9999444639 -0.001156360171 -0.0104753 0.0005775585884 0.9864557968 -0.1640263007 0.01052309389 -0.1640232414 -0.9864003451 7.19163708e-06 -0.1261473521 0
0.1718187178 0.1329481692 -0.09814113339 -0.001937076782 0.04364172109 0.5074965729 -0.0002477527378 0.01095586857 0.2546841444 -0.9999363581 -0.001280509492 -0.01120893017 0.0006395164414 0.9855067575 -0.1696349669 0.01126369561 -0.1696313393 -0.985443219 7.741113469e-06 -0.1305277074 0
0.1775847504 0.1374097523 -0.1014346336 -0.002068937055 0.04509417044 0.5073261602 -0.000264650975 0.01132277277 0.2546626011 -0.9999273978 -0.001413181829 -0.01196670285 0.0007057190281 0.9845264197 -0.1752347881 0.01202917373 -0.1752305108 -0.9844539436 8.312734087e-06 -0.1349080627 0
0.182630029 0.1413136375 -0.1043164463 -0.002187848351 0.04636408322 0.5071724823 -0.0002798932045 0.01164374917 0.2546431691 -0.9999188116 -0.001536476336 -0.01264948799 0.0007672342748 0.9836430353 -0.1801271507 0.01271934187 -0.1801222316 -0.983561996 8.831320533e-06 -0.1387408735 0
0.1883960617 0.1457752206 -0.1076099465 -0.002327781437 0.04781425715 0.5069916365 -0.0002978342164 0.0120105031 0.2546202964 -0.9999080927 -0.001685864248 -0.01345228419 0.0008417584275 0.9826043099 -0.1857096166 0.01353135363 -0.1857038721 -0.9825125823 9.445337065e-06 -0.1431212288 0
0.1941620943 0.1502368037 -0.1109034467 -0.002472013673 0.04926316236 0.5068052345 -0.0003163311586 0.01237717334 0.254596715 -0.9998963491 -0.001844556694 -0.01427895773 0.0009209127686 0.9815346091 -0.1912824172 0.01436812245 -0.1912757403 -0.9814311735 1.008244709e-05 -0.1475015841 0
0.1992073729 0.1541406889 -0.1137852593 -0.002601739916 0.05052988354 0.5066375798 -0.0003329718964 0.01269793923 0.2545755 -0.9998851835 -0.001991256924 -0.01502180721 0.000994075247 0.9805733049 -0.1961504666 0.01512056912 -0.1961428781 -0.9804587395 1.065913398e-05 -0.1513343949 0
0.2049734056 0.158602272 -0.1170787595 -0.002754020566 0.05197630665 0.5064407762 -0.0003525107819 0.01306444591 0.2545505903 -0.9998713479 -0.002168120043 -0.01589298523 0.001082267835 0.9794458488 -0.2017043826 0.01600363773 -0.2016956334 -0.9793174945 1.134048277e-05 -0.1557147502 0
0.2107394383 0.1630638551 -0.1203722597 -0.002910586788 0.05342135101 0.5062384342 -0.0003726051346 0.01343086181 0.2545249724 -0.9998563022 -0.002355058074 -0.0167877522 0.001175469492 0.9782877687 -0.2072478224 0.0169113333 -0.2072377749 -0.9781444226 1.204594033e-05 -0.1600951054 0
0.2165054709 0.1675254382 -0.1236657599 -0.003071433596 0.05486497843 0.50603056 -0.0003932547846 0.01379718443 0.2544986466 -0.9998399787 -0.002552336193 -0.01770600243 0.001273810361 0.9770991933 -0.2127805062 0.01784360808 -0.2127690109 -0.9769395855 1.277587437e-05 -0.1644754607 0
0.2215507495 0.1714293234 -0.1265475726 -0.003215681947 0.05612696011 0.5058441372 -0.0004117786083 0.01411763825 0.2544750309 -0.9998245928 -0.002733643973 -0.01852864979 0.00136417602 0.976034278 -0.2176125622 0.01867947259 -0.2175996677 -0.9758593454 1.343493953e-05 -0.1683082716 0
0.2273167822 0.1758909065 -0.1298410728 -0.003384540939 0.05756782804 0.5056259083 -0.0004334689658 0.01448377928 0.2544473784 -0.9998056844 -0.002951019242 -0.01949063666 0.001472500597 0.9747888827 -0.2231243285 0.01965770012 -0.2231096719 -0.9745951206 1.421178284e-05 -0.1726886268 0
0.2330828148 0.1803524896 -0.133134573 -0.003557665424 0.05900716954 0.5054021668 -0.0004557141053 0.01484981986 0.2544190185 -0.9997852934 -0.003179488501 -0.02047578761 0.001586333545 0.9735133808 -0.2286245412 0.02066036232 -0.2286079355 -0.9732993174 1.501419905e-05 -0.1770689821 0
0.2381280934 0.1842563748 -0.1360163857 -0.003712644055 0.06026531136 0.5052018765 -0.0004756335492 0.01517002103 0.2543936236 -0.9997661766 -0.003388703413 -0.02135670513 0.001690555504 0.9723727313 -0.2334275337 0.02155769438 -0.2334090576 -0.972139639 1.573760091e-05 -0.180901793 0
0.2438941261 0.1887179579 -0.1393098859 -0.003893751376 0.0617016885 0.5049678181 -0.000498918394 0.01553586658 0.2543639383 -0.9997428034 -0.003638671119 -0.02238497317 0.001815057094 0.9710411641 -0.2389053436 0.02260602838 -0.238884528 -0.9707848113 1.658903443e-05 -0.1852821482 0
0.2496601588 0.193179541 -0.1426033861 -0.004079107976 0.06313643019 0.5047282681 -0.0005227574669 0.01590160452 0.2543335464 -0.9997177288 -0.003900473425 -0.02343606369 0.001945428376 0.9696799064 -0.2443708133 0.0236786419 -0.2443474276 -0.9693986056 1.746719198e-05 -0.1896625035 0
0.2547054373 0.1970834262 -0.1454851988 -0.004244776105 0.06439045784 0.504514163 -0.0005440711375 0.01622153497 0.2543063741 -0.9996943302 -0.00413945849 -0.02437439203 0.002064415532 0.9684645691 -0.2491427633 0.0246370512 -0.2491169268 -0.9681599932 1.825782594e-05 -0.1934953143 0
0.26047147 0.2015450093 -0.1487786989 -0.004438084098 0.06582203116 0.5042643368 -0.0005689488407 0.01658706441 0.2542746581 -0.9996658497 -0.004424134779 -0.02546793835 0.002206125195 0.9670480514 -0.2545843659 0.0257550357 -0.2545554819 -0.9667151518 1.918720722e-05 -0.1978756696 0
0.2662375027 0.2060065924 -0.1520721991 -0.004635624047 0.06725186045 0.5040090414 -0.0005943801794 0.01695247904 0.2542422363 -0.9996354348 -0.004721372099 -0.02658394348 0.002354057505 0.965602286 -0.260012853 0.02689713403 -0.2599806415 -0.9652391466 2.014451392e-05 -0.2022560249 0
0.2712827813 0.2099104776 -0.1549540118 -0.004811938088 0.06850150086 0.5037811778 -0.0006170865857 0.01727212071 0.2542132885 -0.9996071688 -0.004991954662 -0.02757876782 0.002488697711 0.9643133749 -0.2647518108 0.02791620371 -0.2647164433 -0.9639221391 2.100540191e-05 -0.2060888357 0
0.2770488139 0.2143720607 -0.158247512 -0.005017395902 0.06992795871 0.5035156495 -0.000643555407 0.01763731336 0.254179544 -0.9995728986 -0.005313414086 -0.02873652646 0.002648621974 0.9628132045 -0.2701549889 0.02910335245 -0.2701157175 -0.9623879124 2.201622905e-05 -0.210469191 0
0.2828148466 0.2188336438 -0.1615410122 -0.005227067237 0.07135256449 0.5032446758 -0.0006705772322 0.01800238402 0.2541450946 -0.9995364475 -0.005648145911 -0.02991635856 0.002815112957 0.9612842556 -0.2755442888 0.03031443881 -0.2755007775 -0.9608227497 2.305622911e-05 -0.2148495463 0
0.2878601252 0.2227375291 -0.1644228249 -0.005413980818 0.07259754583 0.5030031136 -0.0006946747858 0.01832171881 0.2541143732 -0.999502694 -0.005952115439 -0.03096670953 0.002966271731 0.9599229509 -0.2802483355 0.03139372564 -0.280200822 -0.9594279198 2.399050899e-05 -0.2186823571 0
0.2936261578 0.2271991121 -0.1677163251 -0.00563153442 0.07401857808 0.502721953 -0.0007227328735 0.018686554 0.2540786027 -0.9994619128 -0.006312388448 -0.03218755259 0.003145391114 0.9583405009 -0.2856109082 0.03264952227 -0.285558467 -0.9578049752 2.508640883e-05 -0.2230627124 0
0.2993921905 0.2316606952 -0.1710098253 -0.005853282005 0.07543765075 0.5024353723 -0.000751343295 0.01905126001 0.2540421281 -0.999418691 -0.006686629313 -0.0334300625 0.003331411908 0.9567297673 -0.2909588528 0.03392906991 -0.2909010851 -0.9561513358 2.62127712e-05 -0.2274430676 0
0.3044374691 0.2355645805 -0.173891638 -0.006050745978 0.07667770258 0.502180175 -0.00077683031 0.01937026983 0.2540096354 -0.9993787963 -0.007025735238 -0.03453491729 0.003499931161 0.955297314 -0.2956261023 0.03506810445 -0.2955633282 -0.9546792902 2.722368682e-05 -0.2312758785 0
0.3102035018 0.2400261635 -0.1771851382 -0.006280338169 0.07809300067 0.5018834561 -0.0008064757011 0.01973472688 0.2539718413 -0.9993307451 -0.007426805731 -0.03581765617 0.003699198742 0.9536340311 -0.3009459266 0.03639200277 -0.3008770136 -0.9529683336 2.840840375e-05 -0.2356562338 0
0.3159695344 0.2444877466 -0.1804786384 -0.00651410371 0.07950623224 0.5015813437 -0.0008366727173 0.02009904757 0.253933344 -0.9992799803 -0.00784252278 -0.03712163447 0.003905692545 0.9519429847 -0.3062503867 0.03773945515 -0.3061748661 -0.9512269366 2.962491123e-05 -0.240036589 0
0.321014813 0.2483916319 -0.183360451 -0.00672206617 0.08074108555 0.5013125785 -0.0008635474105 0.02041771433 0.2538990822 -0.9992332584 -0.008218472378 -0.03827991788 0.004092389341 0.9504406913 -0.3108789873 0.03893774198 -0.3107972798 -0.9496783156 3.071580307e-05 -0.2438693999 0
0.3267808457 0.252853215 -0.1866539512 -0.006963636605 0.0821503426 0.5010003792 -0.000894778031 0.02078177259 0.2538592672 -0.9991771408 -0.008662275307 -0.03962330455 0.004312729344 0.9486980941 -0.3161539602 0.04032916615 -0.3160646946 -0.9478800911 3.199318861e-05 -0.2482497551 0
0.3325468783 0.257314798 -0.1899474514 -0.007209358667 0.08355742681 0.5006828144 -0.0009265595291 0.02114568728 0.2538187499 -0.9991180243 -0.009121385912 -0.04098748288 0.004540610023 0.9469282784 -0.3214128473 0.04174393721 -0.3213154771 -0.9460516941 3.330372766e-05 -0.2526301104 0
0.3375921569 0.2612186833 -0.1928292641 -0.007427764965 0.08478681412 0.5004005519 -0.0009548200203 0.02146399292 0.2537827215 -0.9990637571 -0.009535842245 -0.0421980685 0.004746275366 0.9453575153 -0.3260009834 0.04300095514 -0.325896051 -0.9444271713 3.447802415e-05 -0.2564629213 0
0.3433581896 0.2656802664 -0.1961227643 -0.007681250172 0.08618972502 0.5000729543 -0.0009876336851 0.02182763172 0.2537408884 -0.9989987411 -0.01002426127 -0.04360079688 0.004988581789 0.943537193 -0.3312290439 0.04445929997 -0.331114904 -0.9425424611 3.585202723e-05 -0.2608432765 0
0.3491242223 0.2701418495 -0.1994162645 -0.007938864198 0.08759035737 0.4997400207 -0.001020997441 0.02219111979 0.253698354 -0.9989304285 -0.01052863071 -0.04502384926 0.005238732512 0.9416902209 -0.3364403119 0.04594077436 -0.3363163329 -0.9406278592 3.726057853e-05 -0.2652236318 0
0.3541695008 0.2740457347 -0.2022980772 -0.008167656962 0.08881401279 0.4994443349 -0.001050641753 0.02250904625 0.2536605614 -0.9988678671 -0.0109832106 -0.04628556072 0.005464130167 0.9400524191 -0.3409862059 0.04725597664 -0.3408530746 -0.9389281411 3.852178797e-05 -0.2690564427 0
0.3599355335 0.2785073178 -0.2055915774 -0.008432990361 0.09021027427 0.499101425 -0.001085036166 0.02287224497 0.2536167131 -0.9987930856 -0.0115180758 -0.04774626805 0.005729265444 0.9381560292 -0.3461653368 0.04878060783 -0.3460210959 -0.936957765 3.999644596e-05 -0.2734367979 0
0.3657015662 0.2829689009 -0.2088850776 -0.008702428696 0.09160415219 0.49875321 -0.001119979846 0.02323528579 0.2535721646 -0.9987146979 -0.01206951499 -0.04922681238 0.006002537359 0.9362335818 -0.3513269842 0.05032814117 -0.3511709087 -0.9349577911 4.150707569e-05 -0.2778171532 0
0.3707468448 0.2868727861 -0.2117668903 -0.008941547845 0.0928218115 0.4984441787 -0.001151005904 0.02355281502 0.2535326105 -0.9986430637 -0.01256578707 -0.05053842458 0.006248402697 0.9345302312 -0.3558288977 0.05170095577 -0.355661845 -0.9331836171 4.285877883e-05 -0.281649964 0
0.3765128774 0.2913343692 -0.2150603905 -0.009218659768 0.09421112225 0.4980860465 -0.001186978658 0.02391555305 0.2534867501 -0.9985576158 -0.01314887272 -0.05205569293 0.006537196395 0.9325594979 -0.3609571275 0.05329121019 -0.3607767869 -0.931128432 4.443820932e-05 -0.2860303193 0
0.3822789101 0.2957959523 -0.2183538907 -0.009499851675 0.09559794511 0.4977226415 -0.001223499816 0.02427812603 0.2534401906 -0.9984682406 -0.01374913603 -0.05359229242 0.006834407338 0.9305633222 -0.366067199 0.05490412939 -0.3658727437 -0.9290439559 4.605506113e-05 -0.2904106746 0
0.3873241887 0.2996998375 -0.2212357033 -0.009749234441 0.09680934584 0.4974003458 -0.001255905449 0.02459524002 0.2533988778 -0.9983867259 -0.01428861882 -0.05495253288 0.007101446227 0.92879597 -0.3705234347 0.0563339592 -0.3703159213 -0.9271960976 4.75009044e-05 -0.2942434854 0
0.3930902213 0.3041614206 -0.2245292035 -0.01003805216 0.09819140658 0.4970270854 -0.001293454027 0.0249574968 0.2533510085 -0.9982896781 -0.01492164124 -0.05652489066 0.007414693782 0.9267526824 -0.3755988392 0.05798914517 -0.375375559 -0.9250569976 4.918929762e-05 -0.2986238407 0
0.398856254 0.3086230037 -0.2278227037 -0.01033092384 0.09957087581 0.4966485857 -0.001331550108 0.02531958136 0.2533024412 -0.9981883709 -0.01557242432 -0.05811605543 0.007736627031 0.9246845895 -0.3806554276 0.0596667487 -0.3804154433 -0.9228889259 5.091658539e-05 -0.303004196 0
0.4046222867 0.3130845868 -0.2311162039 -0.01062784021 0.1009477177 0.4962648588 -0.001370193368 0.02568149123 0.2532531764 -0.9980826862 -0.01624116589 -0.05972584069 0.008067336419 0.9225919179 -0.3856929751 0.06136668151 -0.3854353091 -0.9206919968 5.268328527e-05 -0.3073845512 0
0.4096675653 0.316988472 -0.2339980166 -0.01089095252 0.1021502709 0.4959248194 -0.001404454822 0.02599801711 0.2532094977 -0.9979865275 -0.01684119983 -0.0611495292 0.008363976243 0.9207408482 -0.3900850348 0.06287236941 -0.3898110625 -0.9187461024 5.426188667e-05 -0.3112173621 0
0.4154335979 0.3214500551 -0.2372915168 -0.01119542716 0.1035220901 0.4955313244 -0.001444123159 0.02635959273 0.2531589261 -0.9978723126 -0.01754413758 -0.06279371788 0.008711379304 0.9186027113 -0.3950862825 0.06461392759 -0.3947926823 -0.9164953782 5.610388785e-05 -0.3155977173 0
0.4211996306 0.3259116382 -0.240585017 -0.01150391904 0.1048911793 0.4951326376 -0.001484337722 0.02672098651 0.2531076582 -0.9977533739 -0.01826558785 -0.06445597915 0.009067809909 0.9164406614 -0.4000678553 0.06637755473 -0.399753527 -0.914216133 5.798680273e-05 -0.3199780726 0
0.4262449092 0.3298155234 -0.2434668297 -0.01177713715 0.1060868651 0.4947795377 -0.001519973273 0.02703705497 0.2530622278 -0.9976453309 -0.01891219037 -0.06592513003 0.009387158475 0.9145294375 -0.4044104218 0.06793875897 -0.4040770188 -0.9121984915 5.966832932e-05 -0.3238108835 0
0.4320109418 0.3342771065 -0.2467603299 -0.0120931349 0.10745074 0.4943711505 -0.001561211089 0.02739810114 0.2530096554 -0.9975172029 -0.0196688549 -0.0676207514 0.009760741921 0.9123231898 -0.4093545228 0.06974351433 -0.4089982073 -0.9098660938 6.162937893e-05 -0.3281912387 0
0.4377769745 0.3387386896 -0.2500538301 -0.01241312143 0.1088117832 0.4939576083 -0.00160299414 0.02775895837 0.2529563879 -0.9973839947 -0.02044456371 -0.06933388054 0.0101435912 0.9100937152 -0.414278333 0.07157006869 -0.4138978732 -0.9075055238 6.363286255e-05 -0.332571594 0
0.4428222531 0.3426425748 -0.2529356427 -0.01269637371 0.1100003455 0.4935915405 -0.001640001295 0.02807455149 0.2529092091 -0.9972631708 -0.02113907243 -0.07084707294 0.01048624792 0.9081240628 -0.4185698571 0.07318611024 -0.4181672228 -0.9054170128 6.542113873e-05 -0.3364044048 0
0.4485882858 0.3471041579 -0.2562291429 -0.01302381175 0.1113559843 0.4931683682 -0.001682805704 0.02843504776 0.2528546395 -0.9971200959 -0.02195097115 -0.07259248767 0.01088668427 0.9058516953 -0.4234550582 0.07505327779 -0.4230258397 -0.9030039559 6.750562396e-05 -0.3407847601 0
0.4543543184 0.351565741 -0.2595226431 -0.01335520907 0.1127086905 0.492740079 -0.001726154318 0.02879534797 0.2527993763 -0.9969715746 -0.02278242295 -0.07435482902 0.01129661124 0.9035568066 -0.4283193714 0.07694196494 -0.4278621957 -0.900563088 6.96340805e-05 -0.3451651154 0
0.459399597 0.3554696262 -0.2624044558 -0.01364842131 0.1138898752 0.4923611392 -0.001764530484 0.02911044788 0.2527504522 -0.9968370491 -0.02352611779 -0.07591060102 0.01166314159 0.9015305009 -0.432558351 0.07861214088 -0.4320755463 -0.8984046158 7.153297341e-05 -0.3489979262 0
0.4651656297 0.3599312093 -0.265697956 -0.01398721386 0.1152369886 0.4919232926 -0.001808898489 0.02947037381 0.2526938894 -0.9966779662 -0.02439469155 -0.07770412345 0.0120910642 0.8991940603 -0.4373829536 0.08054090851 -0.4368694782 -0.8959119494 7.374532877e-05 -0.3533782815 0
0.4709316623 0.3643927924 -0.2689914562 -0.01432993516 0.1165810691 0.4914803686 -0.001853809631 0.0298300966 0.2526366342 -0.9965130617 -0.02528330362 -0.07951397564 0.01252868838 0.896835823 -0.4421860905 0.08249090696 -0.4416404207 -0.8933918452 7.600320816e-05 -0.3577586368 0
0.4759769409 0.3682966776 -0.2718732689 -0.01463303056 0.1177546245 0.4910886561 -0.001893552124 0.03014468545 0.2525859683 -0.9963638908 -0.02607740519 -0.08111082585 0.01291962296 0.8947546866 -0.4463710723 0.08421449087 -0.4457959396 -0.8911643506 7.801662373e-05 -0.3615914476 0
0.4817429736 0.3727582607 -0.2751667691 -0.0149830889 0.1190929253 0.4906362499 -0.001939480618 0.03050402068 0.2525274162 -0.9961877131 -0.02700402649 -0.08295072577 0.01337562504 0.8923562728 -0.4511334338 0.08620401967 -0.4505231015 -0.8885931589 8.036132669e-05 -0.3659718029 0
0.4875090063 0.3772198438 -0.2784602693 -0.01533704446 0.1204280941 0.4901788071 -0.001985951144 0.03086314567 0.2524681731 -0.99600533 -0.02795114715 -0.08480634354 0.01384152542 0.8899368048 -0.4558737716 0.08821448127 -0.4552265555 -0.8859949145 8.275312042e-05 -0.3703521581 0
0.4925542848 0.381123729 -0.281342082 -0.01564994368 0.1215937705 0.4897744243 -0.002027057179 0.03117720565 0.252415769 -0.9958405482 -0.02879681523 -0.08644273269 0.01425735912 0.8878027055 -0.460003352 0.08999072348 -0.4593224353 -0.8836993664 8.488499985e-05 -0.374184969 0
0.4983203175 0.3855853121 -0.2846355822 -0.0160111762 0.1229229744 0.4893075769 -0.002074542948 0.03153592983 0.2523552316 -0.9956461645 -0.02978278652 -0.08832723724 0.01474199271 0.8853444695 -0.4647018872 0.0920401481 -0.4639807711 -0.8810507677 8.736656698e-05 -0.3785653243 0
0.5040863502 0.3900468952 -0.2879290824 -0.01637627338 0.1242489479 0.4888357349 -0.002122569603 0.03189443671 0.2522940048 -0.9954451835 -0.03078969348 -0.09022683334 0.01523670679 0.8828659391 -0.469377861 0.09411019841 -0.4686146908 -0.8783755132 8.989680438e-05 -0.3829456795 0
0.5091316288 0.3939507804 -0.290810895 -0.01669889457 0.1254064982 0.4884187878 -0.002165036302 0.03220795005 0.2522398661 -0.9952638048 -0.0316880256 -0.09190118594 0.0156778979 0.8806807878 -0.4734506875 0.09593832635 -0.47264915 -0.87601291 9.215112098e-05 -0.3867784904 0
0.5148976614 0.3984123635 -0.2941043952 -0.01707120676 0.1267263233 0.4879376213 -0.002214076019 0.03256604289 0.2521773478 -0.9950500809 -0.03273457765 -0.09382848151 0.01619167295 0.8781649293 -0.4780838699 0.09804675539 -0.4772366335 -0.8732880564 9.477410447e-05 -0.3911588456 0
0.5206636941 0.4028739466 -0.2973978954 -0.01744735009 0.1280428208 0.4874515036 -0.002263655441 0.03292391138 0.2521141415 -0.9948293602 -0.03380247638 -0.0957702286 0.01671569583 0.8756295523 -0.4826939741 0.1001754941 -0.4817990035 -0.8705369554 9.744734939e-05 -0.3955392009 0
0.5257089727 0.4067778318 -0.3002797081 -0.01777960887 0.1291919999 0.4870221011 -0.002307479831 0.03323686036 0.252058272 -0.9946303794 -0.03475450644 -0.09748093468 0.01718266529 0.8733953012 -0.4867087464 0.1020547126 -0.4857702874 -0.8681083248 9.982810579e-05 -0.3993720118 0
0.5314750053 0.4112394149 -0.3035732083 -0.01816290339 0.1305021673 0.4865267413 -0.002358070062 0.03359430161 0.2519937772 -0.9943961598 -0.0358627968 -0.09944916884 0.01772604875 0.8708240659 -0.4912751097 0.104221229 -0.4902849233 -0.8653084013 0.0001025970904 -0.403752367 0
0.537241038 0.415700998 -0.3068667085 -0.01854999453 0.1318089107 0.4860264749 -0.002409198777 0.03395151148 0.2519285958 -0.9941545366 -0.03699281903 -0.1014312015 0.01827983224 0.8682341036 -0.4958178991 0.1064077301 -0.4947737591 -0.8624826504 0.0001054179382 -0.4081327223 0
0.5422863166 0.4196048832 -0.3097485212 -0.01889180407 0.1329494761 0.4855847292 -0.002454377787 0.0342638784 0.2518709995 -0.9939369307 -0.03799951598 -0.1031766183 0.01877296288 0.8659527437 -0.4997733701 0.1083372219 -0.4986801404 -0.8599890488 0.0001079291639 -0.4119655332 0
0.5480523493 0.4240664663 -0.3130420214 -0.01928598077 0.1342497096 0.4850753056 -0.002506514989 0.03462064787 0.2518045326 -0.9936810397 -0.03917062752 -0.1051839018 0.0193463779 0.8633284211 -0.5042715092 0.1105608833 -0.5031199651 -0.8571152733 0.0001108487642 -0.4163458884 0
0.5538183819 0.4285280494 -0.3163355216 -0.0196839186 0.1355464236 0.4845610212 -0.002559189417 0.03497717895 0.2517373808 -0.9934173319 -0.04036382981 -0.1072043185 0.0199303297 0.8606861775 -0.5087456003 0.1128041959 -0.5075333143 -0.8542161016 0.0001138218393 -0.4207262437 0
0.5588636605 0.4324319346 -0.3192173342 -0.0200351896 0.1366781353 0.4841070478 -0.002605719884 0.03528894617 0.2516780617 -0.9931800612 -0.04142609645 -0.1089827722 0.02044996554 0.8583597366 -0.5126405773 0.1147831216 -0.5113730939 -0.8516586134 0.0001164675883 -0.4245590545 0
0.5646296932 0.4368935177 -0.3225108344 -0.02044014554 0.1379681616 0.4835836934 -0.002659400404 0.03564502371 0.2516096273 -0.9929013048 -0.04266103597 -0.1110271811 0.02105379064 0.8556846571 -0.5170691496 0.117062961 -0.5157361764 -0.848712236 0.0001195424462 -0.4289394098 0
0.5703957258 0.4413551008 -0.3258043346 -0.02084882614 0.1392545739 0.4830555254 -0.002713616854 0.03600085586 0.2515405098 -0.9926143122 -0.04391839837 -0.1130840462 0.02166827359 0.8529924765 -0.5214732217 0.1193621093 -0.5200721194 -0.8457409045 0.0001226723995 -0.4333197651 0
0.5754410044 0.445258986 -0.3286861473 -0.02120946691 0.1403771946 0.4825894427 -0.002761495517 0.03631200579 0.251479472 -0.9923563217 -0.04503707015 -0.1148938339 0.02221471917 0.8506230167 -0.5253065673 0.1213896083 -0.5238436272 -0.8431206422 0.0001254567487 -0.4371525759 0
0.5812070371 0.4497205691 -0.3319796475 -0.02162509639 0.1416567432 0.4820522941 -0.002816715595 0.03666737131 0.2514090751 -0.992053489 -0.0463367671 -0.1169734115 0.02284928754 0.8478995495 -0.5296642937 0.1237246339 -0.5281280697 -0.8401029443 0.0001286915313 -0.4415329312 0
0.5869730698 0.4541821522 -0.3352731477 -0.02204441313 0.1429325846 0.4815103802 -0.002872470269 0.03702248446 0.2513379966 -0.9917419952 -0.04765919188 -0.1190647573 0.0234946189 0.8451598137 -0.5339970901 0.1260786179 -0.5323847206 -0.8370607453 0.0001319830383 -0.4459132865 0
0.5927391024 0.4586437353 -0.3385666479 -0.02246740389 0.1442046866 0.480963718 -0.002928759068 0.03737734283 0.2512662373 -0.9914216913 -0.04900444409 -0.1211676298 0.02415074604 0.8424041018 -0.5383048122 0.1284514364 -0.536613356 -0.8339942054 0.000135331838 -0.4502936417 0
0.597784381 0.4625476205 -0.3414484606 -0.02284052418 0.1453146831 0.4804815072 -0.00297844954 0.037687633 0.2512028898 -0.9911340808 -0.05020034116 -0.1230169077 0.02473373749 0.8399799794 -0.542053389 0.1305430046 -0.5402902553 -0.8312911427 0.0001383094833 -0.4541264526 0
0.6035504137 0.4670092036 -0.3447419608 -0.02327036769 0.1465796873 0.4799259887 -0.003035738532 0.03804200713 0.2511298555 -0.9907968546 -0.05158865163 -0.1251407369 0.02541018826 0.8371951052 -0.5463137177 0.1329508005 -0.5444657628 -0.8281793995 0.0001417672421 -0.4585068078 0
0.6093164463 0.4714707867 -0.348035461 -0.02370384657 0.1478408602 0.479365772 -0.003093560264 0.03839611953 0.251056142 -0.9904503868 -0.05300005719 -0.1272753914 0.02609751812 0.8343951032 -0.550548573 0.1353770692 -0.5486126189 -0.8250437828 0.0001452839329 -0.4628871631 0
0.6143617249 0.4753746719 -0.3509172737 -0.02408611198 0.1489412188 0.4788717423 -0.003144590908 0.03870575128 0.2509910861 -0.9901395278 -0.05425405036 -0.1291519006 0.02670787581 0.8319329259 -0.5542330702 0.1375151075 -0.5522174434 -0.822280664 0.0001484098294 -0.466719974 0
0.6201277576 0.479836255 -0.3542107739 -0.02452637025 0.1501951227 0.4783027641 -0.003203410203 0.03905936643 0.250916101 -0.9897753247 -0.05570898979 -0.1313061881 0.02741567014 0.8291053625 -0.5584198053 0.1399756679 -0.5563099912 -0.8191007301 0.0001520385594 -0.4711003292 0
0.6258937903 0.4842978381 -0.3575042741 -0.0249702243 0.1514451046 0.4777291388 -0.003262760816 0.03941271292 0.2508404385 -0.9894014445 -0.05718726391 -0.1334705903 0.02813441045 0.8262635302 -0.5625806908 0.1424543315 -0.5603732645 -0.8158974003 0.0001557278675 -0.4754806845 0
0.6309390688 0.4882017233 -0.3603860867 -0.02536153526 0.1525355968 0.4772234188 -0.003315128055 0.03972166882 0.2507736787 -0.9890662413 -0.05849995587 -0.1353725436 0.02877230261 0.8237654586 -0.5662001623 0.14463791 -0.5639044461 -0.8130754274 0.0001590061563 -0.4793134953 0
0.6367051015 0.4926633064 -0.3636795869 -0.02581209361 0.1537781406 0.476641129 -0.00337547353 0.04007450508 0.250696748 -0.9886738054 -0.06002218652 -0.1375552386 0.02951161725 0.8208976845 -0.5703122443 0.1471501648 -0.5679122544 -0.8098286858 0.0001628105964 -0.4836938506 0
0.6424711342 0.4971248895 -0.3669730871 -0.02626620724 0.1550166727 0.4760542445 -0.003436348865 0.04042706577 0.2506191419 -0.9882712532 -0.06156796305 -0.1397473295 0.03026192813 0.8180165101 -0.574398124 0.1496801453 -0.5718901775 -0.8065590363 0.0001666772673 -0.4880742059 0
0.6475164128 0.5010287747 -0.3698548998 -0.02666646187 0.1560970733 0.4755369659 -0.003490049027 0.04073532843 0.2505506829 -0.9879106007 -0.06293988505 -0.1416729186 0.03092748122 0.8154847292 -0.5779516825 0.1519083141 -0.5753461804 -0.8036794366 0.000170112106 -0.4919070167 0
0.6532824454 0.5054903578 -0.3731484 -0.02712720304 0.1573280003 0.4749415162 -0.003551916453 0.04108736595 0.2504718121 -0.9874886663 -0.06452998726 -0.1438819471 0.03169844501 0.8125792499 -0.5819881194 0.1544711706 -0.5792675058 -0.8003672995 0.0001740970134 -0.496287372 0
0.6590484781 0.5099519409 -0.3764419002 -0.02759145809 0.1585548273 0.4743415251 -0.003614312243 0.04143912102 0.2503922677 -0.9870561732 -0.06614381785 -0.146099645 0.03248043854 0.8096612476 -0.585998025 0.1570513675 -0.5831583486 -0.7970327524 0.0001781458103 -0.5006677273 0
0.6640937567 0.5138558261 -0.3793237129 -0.02800055227 0.1596249136 0.4738128226 -0.003669341565 0.04174667312 0.2503221143 -0.986668959 -0.06757542896 -0.1480470424 0.03317373681 0.807097964 -0.5894848426 0.1593231576 -0.5865376696 -0.7940967784 0.0001817413717 -0.5045005381 0
0.6698597893 0.5183174092 -0.3826172131 -0.02847135641 0.1608439708 0.4732043677 -0.003732726605 0.04209789212 0.2502413088 -0.986216252 -0.06923390033 -0.1502803093 0.03397643025 0.804157309 -0.5934447106 0.1619355011 -0.5903708067 -0.7907206865 0.0001859115209 -0.5088808934 0
0.675625822 0.5227789923 -0.3859107133 -0.02894563216 0.1620588406 0.4725914262 -0.003796638474 0.0424488218 0.2501598318 -0.9857525416 -0.07091625363 -0.1525215123 0.03479017002 0.8012050158 -0.597377742 0.1645647921 -0.5941728768 -0.7873226922 0.0001901472241 -0.5132612486 0
0.6806711006 0.5266828775 -0.3887925259 -0.02936345953 0.1631183931 0.4720514371 -0.003852993099 0.04275564606 0.2500879889 -0.9853376468 -0.07240794012 -0.1544888734 0.03551125522 0.7986124557 -0.6007970509 0.1668792154 -0.5974740462 -0.7843316209 0.0001939076954 -0.5170940595 0
0.6864371333 0.5311444606 -0.3920860261 -0.02984420428 0.1643253306 0.4714301352 -0.003917891309 0.04310602683 0.2500052545 -0.9848528867 -0.07413519481 -0.1567442646 0.03634571007 0.7956391756 -0.604679495 0.1695399096 -0.6012173277 -0.7808930425 0.000198267877 -0.5214744148 0
0.6922031659 0.5356060437 -0.3953795263 -0.03032837749 0.1655279947 0.4708044025 -0.003983314777 0.04345611142 0.2499218504 -0.9843566765 -0.07588645581 -0.1590068526 0.03719121082 0.792655149 -0.6085348211 0.1722171513 -0.6049289715 -0.777433079 0.0002026952826 -0.52585477 0
0.6972484445 0.5395099289 -0.398261339 -0.03075482951 0.166576797 0.4702532671 -0.004040990752 0.04376219062 0.2498483232 -0.9839129777 -0.07743853055 -0.1609923176 0.03794008185 0.7900355552 -0.611885914 0.174573201 -0.6081505533 -0.7743882114 0.0002066248647 -0.5296875809 0
0.7030144772 0.543971512 -0.4015548392 -0.03124539001 0.1677713686 0.4696192796 -0.004107397581 0.0441117135 0.2497636656 -0.9833948791 -0.07923489866 -0.1632677025 0.03880628084 0.7870322191 -0.6156901482 0.1772810887 -0.6118023512 -0.7708886422 0.0002111798845 -0.5340679362 0
0.7087805098 0.5484330951 -0.4048483394 -0.03173933497 0.168961582 0.4689809181 -0.004174328061 0.04446093338 0.2496783404 -0.9828648825 -0.08105536809 -0.1655495397 0.03968350817 0.7840190339 -0.6194670077 0.1800051165 -0.6154219542 -0.7673682143 0.0002158038034 -0.5384482914 0
0.7138257884 0.5523369803 -0.4077301521 -0.03217430093 0.1699994207 0.4684187796 -0.004233321342 0.04476625036 0.2496031338 -0.9823912528 -0.08266807009 -0.1675512356 0.04046012085 0.7813746638 -0.622749238 0.182401768 -0.6185625474 -0.7642708748 0.0002199067099 -0.5422811023 0
0.7195918211 0.5567985634 -0.4110236523 -0.03267454988 0.1711813838 0.467772271 -0.004301232133 0.04511489574 0.249516559 -0.9818385272 -0.08453379713 -0.1698444693 0.04135799737 0.7783438563 -0.6264745465 0.1851556714 -0.6221212732 -0.7607118369 0.0002246613882 -0.5466614575 0
0.7253578538 0.5612601465 -0.4143171525 -0.03317813842 0.1723589051 0.4671214464 -0.00436966493 0.04546323134 0.2494293186 -0.9812734549 -0.08642369098 -0.1721434062 0.04226686748 0.7753041017 -0.6301722477 0.1879253005 -0.6256472612 -0.7571324758 0.0002294866453 -0.5510418128 0
0.7304031323 0.5651640317 -0.4171989652 -0.03362150551 0.17338557 0.4665484504 -0.00442997138 0.045767769 0.2493524381 -0.980768766 -0.08809718498 -0.1741594488 0.04307113435 0.7726372245 -0.6333850303 0.1903615113 -0.6287054996 -0.7539840116 0.0002337671021 -0.5548746237 0
0.736169165 0.5696256148 -0.4204924654 -0.03413131317 0.1745546855 0.4658895884 -0.00449938137 0.04611551738 0.249263952 -0.9801801233 -0.09003243146 -0.1764683743 0.04400057229 0.7695815428 -0.6370307674 0.1931602326 -0.6321696056 -0.750367053 0.0002387262726 -0.5592549789 0
0.7419351977 0.5740871979 -0.4237859656 -0.03464441476 0.175719277 0.4652264694 -0.004569311685 0.04646294919 0.2491748027 -0.9795786854 -0.09199188058 -0.1787822502 0.04494095177 0.7665178199 -0.6406486889 0.1959742584 -0.635600445 -0.7467303157 0.0002437577064 -0.5636353342 0
0.7469804763 0.5779910831 -0.4266677782 -0.03509606806 0.1767345611 0.4646427646 -0.004630927073 0.0467666905 0.2490962534 -0.9790418085 -0.09372625672 -0.1808107463 0.04577274195 0.7638307142 -0.6437915005 0.1984489689 -0.6385749986 -0.7435320961 0.0002482199507 -0.567468145 0
0.7527465089 0.5824526662 -0.4299612784 -0.03561530234 0.1778905938 0.4639717198 -0.004701831393 0.04711352241 0.2490058624 -0.9784159592 -0.0957310978 -0.1831331967 0.04673357549 0.7607527653 -0.6473570908 0.2012912908 -0.641942978 -0.7398587901 0.0002533884602 -0.5718485003 0
0.7585125416 0.5869142493 -0.4332547786 -0.03613778405 0.1790420215 0.4632964782 -0.00477325432 0.04746003102 0.2489148103 -0.9777768664 -0.09776014762 -0.1854598422 0.04770528124 0.7576676838 -0.6508946821 0.2041484893 -0.6452771765 -0.7361662583 0.0002586309216 -0.5762288556 0
0.7635578202 0.5908181345 -0.4361365913 -0.0365976066 0.1800457212 0.4627022157 -0.004836174324 0.04776295898 0.2488345979 -0.9772066741 -0.09955542122 -0.1874988912 0.0485644203 0.7549626351 -0.6539670608 0.2066606232 -0.6481667514 -0.7329196744 0.0002632792016 -0.5800616664 0
0.7693238528 0.5952797176 -0.4394300915 -0.03712613307 0.1811884396 0.4620191619 -0.004908568 0.04810885506 0.2487423082 -0.9765423305 -0.1016298465 -0.1898326925 0.04955643387 0.7518650329 -0.6574519999 0.2095453094 -0.6514371394 -0.7291916187 0.000268661909 -0.5844420217 0
0.7750898855 0.5997413007 -0.4427235917 -0.03765785968 0.1823264733 0.4613319724 -0.004981478528 0.04845442109 0.2486493597 -0.9758642963 -0.1037284568 -0.1921699312 0.05055923301 0.7487612083 -0.6609087811 0.2124444378 -0.6546732469 -0.7254448984 0.0002741202612 -0.588822377 0
