0.007517360983 0.004983484116 0.001949552397 -3.184312218e-06 0.001916914056 0.5099951966 -3.991676266e-07 0.0004775211512 0.2549994037 -0.9999999998 -9.194099661e-08 -1.854434225e-05 4.676720582e-08 0.9999720268 -0.007479673781 1.85445112e-05 -0.007479673781 -0.9999720267 3.627823722e-08 0.002592904688 0
0.01484939209 0.009844107497 0.003851041344 -1.242501883e-05 0.003786494825 0.5099812574 -1.566657173e-06 0.000945117222 0.2549976594 -0.9999999974 -7.119381785e-07 -7.235653138e-05 3.571617898e-07 0.999890853 -0.01477437131 7.235915233e-05 -0.0147743713 -0.9998908504 6.393010836e-08 0.005121884988 0
0.02136675307 0.01416466161 0.005541253741 -2.5724645e-05 0.005448223653 0.5099611955 -3.253838982e-06 0.0013613622 0.2549951385 -0.9999999888 -2.122203661e-06 -0.0001497988077 1.062641146e-06 0.9997740314 -0.02125761409 0.0001498100708 -0.02125761401 -0.9997740202 4.527352475e-08 0.007369867476 0
0.02869878418 0.01902528499 0.007442742688 -4.64074655e-05 0.007317466968 0.5099299964 -5.881598924e-06 0.001829711277 0.2549912122 -0.9999999635 -5.143205505e-06 -0.0002702172358 2.573513388e-06 0.9995923741 -0.02854970473 0.0002702539252 -0.02854970439 -0.9995923376 1.838219656e-08 0.009898847776 0
0.03603081528 0.02388590838 0.009344231635 -7.314660897e-05 0.009186427164 0.5098896616 -9.280887554e-06 0.002297992115 0.2549861331 -0.9999999093 -1.017818033e-05 -0.0004258687121 5.09132701e-06 0.9993575548 -0.03583960858 0.0004259598968 -0.0358396075 -0.9993574641 1.146969878e-07 0.01242782808 0
0.04254817627 0.02820646249 0.01103444403 -0.0001019980597 0.01084742898 0.5098461405 -1.294968507e-05 0.002714168651 0.2549806513 -0.9999998236 -1.675982195e-05 -0.0005937810523 8.382365572e-06 0.9991042245 -0.04231723614 0.0005939583872 -0.04231723365 -0.9991040481 2.262146477e-07 0.01467581056 0
0.04988020737 0.03306708587 0.01293593298 -0.0001401733099 0.01271565714 0.5097885549 -1.780489193e-05 0.003182291175 0.2549733968 -0.9999996668 -2.70003842e-05 -0.0008159008925 1.350275301e-05 0.9987690886 -0.04960148714 0.00081623585 -0.04960148163 -0.9987687554 3.780543346e-07 0.01720479086 0
0.05721223848 0.03792770925 0.01483742193 -0.0001844005296 0.01458339335 0.5097218401 -2.343052718e-05 0.003650341149 0.2549649911 -0.9999994233 -4.073773978e-05 -0.001073153891 2.037130568e-05 0.9983809115 -0.05688194046 0.001073733601 -0.05688192952 -0.9983803349 5.567040749e-07 0.01973377116 0
0.06372959946 0.04224826337 0.01652763432 -0.0002287926261 0.01624313192 0.5096548766 -2.907775326e-05 0.00406632928 0.2549565532 -0.9999991123 -5.629826729e-05 -0.0013312798 2.815117023e-05 0.9979913827 -0.06334981639 0.001332172253 -0.06334979763 -0.9979904952 7.375448155e-07 0.02198175365 0
0.07106163057 0.04710888675 0.01842912327 -0.0002844455146 0.01810974183 0.5095709268 -3.615826611e-05 0.004534255303 0.2549459737 -0.9999986278 -7.803710443e-05 -0.001654761752 3.901968049e-05 0.9975031785 -0.07062157833 0.00165614121 -0.070621546 -0.9975018067 9.655402602e-07 0.02451073395 0
0.07839366167 0.05196951013 0.02033061222 -0.0003461436748 0.01997565117 0.5094778579 -4.40088409e-05 0.00500211798 0.2549342436 -0.999997968 -0.0001047497185 -0.002013223302 5.237441421e-05 0.9969621189 -0.0778879367 0.002015266109 -0.07788788387 -0.9969600876 1.219428229e-06 0.02703971425 0
0.08491102265 0.05629006425 0.02202082461 -0.0004060592176 0.0216335908 0.509387478 -5.163351063e-05 0.005417942262 0.254922851 -0.9999972036 -0.0001330816544 -0.002361168477 6.653824307e-05 0.9964368686 -0.08434193742 0.002363979689 -0.08434185868 -0.9964340733 1.466835889e-06 0.02928769674 0
0.09224305376 0.06115068763 0.02392231356 -0.0004791681829 0.02349798004 0.5092771964 -6.093833775e-05 0.005885682715 0.254908948 -0.9999961059 -0.0001705782877 -0.002785518402 8.528307423e-05 0.9957961939 -0.09159657735 0.00278943301 -0.09159645822 -0.9957923016 1.769664324e-06 0.03181667704 0
0.09957508486 0.06601131101 0.02582380251 -0.0005583133805 0.02536146041 0.5091578095 -7.101289105e-05 0.006353355345 0.2548938948 -0.9999947131 -0.0002145173786 -0.003244640932 0.000107247684 0.9951029141 -0.09884421492 0.003249955448 -0.09884404032 -0.9950976301 2.09852214e-06 0.03434565734 0
0.1060924458 0.07033186513 0.02751401491 -0.0006337291578 0.02701706618 0.5090440482 -8.061413624e-05 0.00676900504 0.2548795489 -0.9999931882 -0.0002593919252 -0.003681873862 0.0001296790527 0.9944425852 -0.1052802351 0.003688721005 -0.1052799955 -0.9944357777 2.412795748e-06 0.03659363983 0
0.113424477 0.07519248851 0.02941550385 -0.0007242658776 0.02887863332 0.5089074776 -9.214226156e-05 0.007236541195 0.2548623239 -0.9999911027 -0.0003168795693 -0.004206443534 0.0001584141357 0.993650224 -0.1125131426 0.004215386675 -0.1125128079 -0.993641333 2.791193068e-06 0.03912262012 0
0.1207565081 0.08005311189 0.0313169928 -0.0008208274531 0.03073908367 0.5087618188 -0.0001044397218 0.007704000011 0.2548439494 -0.9999885718 -0.0003822675953 -0.004765525696 0.000191096719 0.9928055724 -0.1197374582 0.004777012217 -0.1197370005 -0.9927941533 3.19605873e-06 0.04165160042 0
0.127273869 0.084373666 0.0330072052 -0.0009117142513 0.03239182165 0.5086247202 -0.0001160165363 0.008119450934 0.2548266516 -0.9999859005 -0.0004474283352 -0.005291378473 0.0002236642239 0.9920109728 -0.1261514163 0.005305549224 -0.1261508211 -0.9919968858 3.578314536e-06 0.04389958291 0
0.1346059001 0.08923428938 0.03490869414 -0.001019643656 0.03424996647 0.5084619135 -0.0001297667631 0.008586753062 0.2548061065 -0.9999823641 -0.0005291068255 -0.005915366564 0.0002644853874 0.9910678944 -0.1333580095 0.005933090519 -0.1333572221 -0.9910502761 4.033713337e-06 0.04642856321 0
0.1419379313 0.09409491277 0.03681018309 -0.001133584208 0.03610678704 0.5082900394 -0.0001442858617 0.009053966347 0.2547844125 -0.9999782017 -0.0006201304289 -0.00657355431 0.0003099746183 0.9900729041 -0.1405544326 0.006595460086 -0.1405534064 -0.9900511299 4.516179245e-06 0.04895754351 0
0.1484552922 0.09841546688 0.03850039549 -0.001239906825 0.03775612456 0.5081296565 -0.0001578370562 0.009469189051 0.2547641647 -0.99997392 -0.0007092870681 -0.00718722364 0.0003545284844 0.9891450055 -0.1469422759 0.007213430622 -0.1469409917 -0.9891189571 4.967951613e-06 0.051205526 0
0.1557873233 0.1032760903 0.04040188444 -0.001365187114 0.03961024829 0.5079406768 -0.0001738079755 0.009936222947 0.2547403014 -0.9999683824 -0.00081931584 -0.007909676944 0.0004095096482 0.988052363 -0.1541180077 0.00794144632 -0.1541163739 -0.9880207876 5.502200161e-06 0.0537345063 0
0.1631193544 0.1081367136 0.04230337338 -0.001496462516 0.0414628409 0.5077426538 -0.0001905472276 0.01040315561 0.2547152902 -0.9999620079 -0.0009401188468 -0.008665964818 0.0004698709817 0.9869082502 -0.1612820045 0.008704136426 -0.1612799489 -0.9868703137 6.064235174e-06 0.0562634866 0
0.1696367154 0.1124572678 0.04399358578 -0.001618179778 0.04310824674 0.5075590488 -0.0002060714179 0.01081811833 0.2546920944 -0.9999555747 -0.00105694101 -0.009366513248 0.0005282396989 0.9858481866 -0.1676397148 0.00941114539 -0.1676372151 -0.9858038316 6.587370051e-06 0.05851146909 0
0.1769687465 0.1173178911 0.04589507473 -0.001760762438 0.04495775235 0.5073439693 -0.0002242613998 0.01128484775 0.2546649155 -0.9999473987 -0.001199432141 -0.01018632813 0.0005994291018 0.984607315 -0.1747800786 0.01023917003 -0.1747769909 -0.9845548044 7.202648269e-06 0.06104044939 0
0.1843007776 0.1221785145 0.04779656367 -0.001909321859 0.04680552064 0.5071198741 -0.0002432190984 0.01175146312 0.2546365896 -0.9999381453 -0.001354108627 -0.0110395608 0.0006767010155 0.9833154773 -0.1819071579 0.01110169305 -0.1819033765 -0.9832537384 7.84653778e-06 0.06356942969 0
0.1908181386 0.1264990686 0.04948677607 -0.002046386639 0.04844646527 0.5069131181 -0.000260714702 0.01216613296 0.2546104482 -0.999928943 -0.001502219716 -0.01182591814 0.0007506880091 0.9821245434 -0.1882307566 0.01189728841 -0.1882262591 -0.9820536288 8.443152515e-06 0.06581741217 0
0.1981501697 0.131359692 0.05138826502 -0.002206216468 0.05029075773 0.506672022 -0.0002811218932 0.01263252063 0.2545799565 -0.999917406 -0.001681231039 -0.01274184221 0.0008401044772 0.9807369578 -0.1953312923 0.0128247926 -0.1953258636 -0.9806545425 9.141936521e-06 0.06834639247 0
0.2054822008 0.1362203154 0.05328975396 -0.002372002395 0.05213310739 0.5064219414 -0.0003022961071 0.01309878121 0.2545483188 -0.999904522 -0.001873818473 -0.01369071623 0.0009362947547 0.9792989721 -0.2024170114 0.01378659707 -0.2024105036 -0.9792037162 9.870253934e-06 0.07087537277 0
0.2119995618 0.1405408695 0.05497996636 -0.002524361634 0.05376906321 0.5061921143 -0.0003217613423 0.0135131247 0.2545192345 -0.9998918577 -0.002056789596 -0.0145616812 0.001027675096 0.9779786211 -0.2087025648 0.01467027016 -0.2086949599 -0.9778707465 1.05427159e-05 0.07312335526 0
0.2193315929 0.1454014929 0.05688145531 -0.002701376767 0.05560754971 0.505925095 -0.0003443836646 0.01397913281 0.2544854331 -0.999876153 -0.002276317902 -0.01557231521 0.001137304357 0.9764460143 -0.2157588646 0.01569666089 -0.2157498539 -0.9763224956 1.132775704e-05 0.07565233556 0
0.226663624 0.1502621163 0.05878294426 -0.002884325033 0.0574438888 0.5056491258 -0.000367772238 0.01444500068 0.2544504868 -0.9998588026 -0.002510790376 -0.016615381 0.00125438642 0.9748636343 -0.2227988353 0.01675713188 -0.2227882188 -0.9747228366 1.21433451e-05 0.07818131586 0
0.2339956551 0.1551227397 0.0606844332 -0.003073197952 0.05927800984 0.5053642195 -0.0003919267772 0.01491072373 0.254414396 -0.9998396963 -0.002760674867 -0.0176906876 0.001379153227 0.9732317121 -0.2298219585 0.01785160188 -0.2298095153 -0.973071892 1.298985128e-05 0.08071029616 0
0.2405130161 0.1594432938 0.0623746456 -0.003246051699 0.0609064206 0.5051034774 -0.0004140402738 0.01532457448 0.2543813549 -0.9998211473 -0.002996108688 -0.01867342303 0.001496694632 0.9717397159 -0.2360501737 0.01885293877 -0.2360359039 -0.9715614334 1.376856521e-05 0.08295827865 0
0.2478450472 0.1643039172 0.06427613455 -0.003446091514 0.06273615973 0.5048017264 -0.0004396408259 0.01579001147 0.2543431036 -0.9997984124 -0.003276370247 -0.01980908708 0.001636603928 0.9700148695 -0.2430400678 0.02001139826 -0.2430234936 -0.9698139644 1.467452074e-05 0.08548725895 0
0.2551770783 0.1691645405 0.06617762349 -0.003652029938 0.06456347745 0.5044910776 -0.0004660064674 0.01625529039 0.2543037092 -0.999773585 -0.003573377705 -0.02097640724 0.001784858431 0.9682411882 -0.2500116311 0.02120360746 -0.2499924646 -0.968015586 1.561252299e-05 0.08801623925 0
0.2616944393 0.1734850947 0.06786783589 -0.003840030523 0.06618567036 0.5042074872 -0.0004900846306 0.01666873524 0.2542677326 -0.9997496602 -0.003851810776 -0.02204042802 0.001923828117 0.9666237945 -0.2561927767 0.02229160827 -0.2561710434 -0.9663743999 1.647353705e-05 0.09026422174 0
0.2690264704 0.178345718 0.06976932484 -0.004057084502 0.06800822299 0.503880071 -0.000517894556 0.01713370306 0.2542261802 -0.9997205421 -0.004181688857 -0.02326695531 0.002088458561 0.9647585809 -0.2631283316 0.0235473156 -0.2631033904 -0.9644802382 1.747319697e-05 0.09279320203 0
0.2763585015 0.1832063414 0.07167081378 -0.004280008773 0.0698281519 0.5035437998 -0.0005464686164 0.01759849953 0.2541834862 -0.9996889672 -0.004529618692 -0.02452450564 0.002262079487 0.9628452985 -0.2700440965 0.02483650174 -0.2700155803 -0.9625355757 1.850611217e-05 0.09532218233 0
0.2828758625 0.1875268955 0.07336102618 -0.004483083484 0.07144360743 0.5032374708 -0.0005725089959 0.01801150439 0.2541445778 -0.9996587313 -0.004854404119 -0.02566818618 0.00242413434 0.9611044741 -0.2761744257 0.02601047085 -0.2761423991 -0.9607647115 1.945252941e-05 0.09757016482 0
0.2902078936 0.1923875189 0.07526251513 -0.004717067685 0.07325839012 0.5028845162 -0.0006025254643 0.01847596468 0.2540997286 -0.9996221521 -0.005237643106 -0.02698370283 0.002615334833 0.9591011608 -0.2830514501 0.02736262319 -0.2830150711 -0.9587250682 2.054945726e-05 0.1000991451 0
0.2975399247 0.1972481423 0.07716400408 -0.004956891602 0.07507034789 0.5025227526 -0.0006333050357 0.01894024033 0.2540537393 -0.9995827249 -0.005640209475 -0.02832956203 0.002816154697 0.9570506021 -0.2899072513 0.02874796203 -0.2898660607 -0.956635365 2.168092432e-05 0.1026281254 0
0.3040572857 0.2015686964 0.07885421647 -0.00517496192 0.07667854939 0.5021938034 -0.0006613049813 0.0193527711 0.2540119031 -0.9995451733 -0.006014622747 -0.029551155 0.00300290954 0.9551884613 -0.2959830838 0.03000714886 -0.2959372022 -0.9547359548 2.271604134e-05 0.1048761079 0
0.3113893168 0.2064293198 0.08075570542 -0.005425785885 0.07848498204 0.5018154468 -0.0006935249381 0.01981668547 0.2539637617 -0.999499978 -0.006454877658 -0.03095365112 0.003222480546 0.9530494803 -0.3027974631 0.03145488169 -0.3027458052 -0.9525521339 2.391401415e-05 0.1074050882 0
0.3187213479 0.2112899432 0.08265719437 -0.005682416742 0.08028838977 0.5014283307 -0.0007265068884 0.02028040194 0.2539144818 -0.9994515173 -0.006915703198 -0.03238576292 0.003452282264 0.9508641336 -0.3095892137 0.03293548751 -0.3095312141 -0.9503187261 2.514788097e-05 0.1099340685 0
0.3252387089 0.2156104973 0.08434740676 -0.005915398381 0.08188882372 0.5010768884 -0.0007564635508 0.02069242449 0.2538697221 -0.9994055782 -0.00734293666 -0.03368340187 0.003665306856 0.9488829352 -0.3156069405 0.03427908701 -0.3155427968 -0.9482919843 2.627517639e-05 0.112182051 0
0.33257074 0.2204711207 0.08624889571 -0.006182965174 0.0836863298 0.500673276 -0.0007908837173 0.02115575459 0.2538182934 -0.9993505365 -0.007843766969 -0.03517073461 0.003914997061 0.9466108797 -0.322354642 0.03582147472 -0.3222829777 -0.9459653821 2.757817174e-05 0.1147110313 0
0.3399027711 0.225331744 0.08815038466 -0.006456303804 0.08548061229 0.500260957 -0.0008260646901 0.0216188735 0.2537657279 -0.9992917864 -0.008366376671 -0.03668691089 0.004175510634 0.944293393 -0.3290783389 0.03739640089 -0.3289984677 -0.9435896976 2.891848239e-05 0.1172400116 0
0.3464201321 0.2296522982 0.08984059706 -0.006704106746 0.08707276848 0.4998871574 -0.000857975021 0.02203035376 0.2537180493 -0.9992363223 -0.008849534118 -0.03805861314 0.004416326755 0.9421955363 -0.3350344271 0.03882355401 -0.334946648 -0.9414369201 3.014160551e-05 0.1194879941 0
0.3537521632 0.2345129215 0.091742086 -0.006988313001 0.08886077532 0.4994584451 -0.0008945918946 0.02249306124 0.2536633385 -0.9991701308 -0.009414397731 -0.03962850995 0.004697829812 0.9397931568 -0.3417115054 0.04045961049 -0.3416140975 -0.9389690241 3.155378895e-05 0.1220169744 0
0.3610841943 0.2393735449 0.09364357495 -0.007278253822 0.09064536126 0.4990210824 -0.0009319683101 0.02295554427 0.2536074929 -0.9990997632 -0.01000221296 -0.04122643405 0.004990729097 0.9373463338 -0.3483632345 0.04212785007 -0.348255375 -0.9364525818 3.300477117e-05 0.1245459547 0
0.3676015553 0.243694099 0.09533378735 -0.00754078236 0.09222873307 0.49862507 -0.0009658290624 0.02336644817 0.2535569002 -0.999033573 -0.01054430438 -0.04267010368 0.005260807697 0.9351343557 -0.3542542317 0.04363764436 -0.35413635 -0.934175145 3.432753103e-05 0.1267939372 0
0.3749335864 0.2485547224 0.09723527629 -0.007841518325 0.09400667206 0.4981714233 -0.001004638917 0.02382849473 0.2534989129 -0.9989548576 -0.01117655176 -0.04432016577 0.005575759049 0.9326045554 -0.3608568333 0.04536632357 -0.3607268051 -0.9315675331 3.585324382e-05 0.1293229175 0
0.3822656175 0.2534153458 0.09913676524 -0.008147949387 0.09578099432 0.4977091859 -0.001044206972 0.02429030361 0.2534397928 -0.9988714744 -0.01183288446 -0.04599739605 0.005902658618 0.9300313516 -0.3674327744 0.04712680998 -0.3672896241 -0.9289119419 3.741929691e-05 0.1318518978 0
0.3887829785 0.2577358999 0.1008269776 -0.008425102171 0.09735507889 0.4972911134 -0.0010800147 0.02470059714 0.2533862913 -0.9987932953 -0.0124368209 -0.04751082708 0.006203417055 0.9277079222 -0.3732553131 0.04871828015 -0.3730996337 -0.9265113019 3.88456516e-05 0.1340998803 0
0.3961150096 0.2625965233 0.1027284666 -0.008742251762 0.09912238574 0.4968127076 -0.001121013587 0.02516194454 0.2533250334 -0.9987006135 -0.01313968937 -0.04923853307 0.006553390855 0.9250537531 -0.3797796821 0.05053847686 -0.3796088808 -0.9237656412 4.048939891e-05 0.1366288606 0
0.4034470407 0.2674571467 0.1046299555 -0.009065054799 0.1008858816 0.4963257738 -0.001162769255 0.02562304103 0.253262645 -0.9986027489 -0.0138677364 -0.05099250658 0.006915842946 0.9223572708 -0.3862761138 0.05239008452 -0.3860890452 -0.920972599 4.217508209e-05 0.1391578409 0
0.4099644017 0.2717777008 0.1063201679 -0.00935672488 0.10245018 0.4958858026 -0.001200520315 0.02603269024 0.2532062399 -0.998511259 -0.01453632501 -0.05257338634 0.007248642302 0.9199251897 -0.3920269157 0.05406221306 -0.3918243748 -0.9184502907 4.370912855e-05 0.1414058233 0
0.4172964328 0.2766383242 0.1082216569 -0.009690165731 0.1042062951 0.4953828221 -0.001243704062 0.0264933003 0.2531417178 -0.9984031021 -0.01531293322 -0.05437609608 0.007635148432 0.9171498479 -0.3984693977 0.05597276352 -0.3982482523 -0.9155683367 4.54755681e-05 0.1439348036 0
0.4246284639 0.2814989476 0.1101231458 -0.01002921622 0.1059584064 0.4948713798 -0.001287643095 0.02695364625 0.2530760673 -0.9982892253 -0.01611577089 -0.0562041325 0.00803464 0.914333332 -0.4048827022 0.05791430861 -0.4046416191 -0.9126396293 4.728558937e-05 0.1464637839 0
0.4311458249 0.2858195017 0.1118133582 -0.0103352911 0.1075124241 0.4944096796 -0.001327333647 0.02736261724 0.2530167646 -0.9981830454 -0.01685171013 -0.05785004513 0.008400782492 0.9117955238 -0.4105585824 0.05966602643 -0.4102986017 -0.9099972652 4.893155367e-05 0.1487117664 0
0.438477856 0.2906801251 0.1137148472 -0.01068489462 0.1092567923 0.4938823185 -0.00137269786 0.02782245185 0.2529489848 -0.9980578415 -0.01770505272 -0.05972500373 0.008825263675 0.9089023448 -0.4169156298 0.06166570913 -0.4166330025 -0.9069808606 5.082548495e-05 0.1512407467 0
0.4458098871 0.2955407484 0.1156163361 -0.01104006183 0.110996966 0.4933465648 -0.001418815786 0.02828200918 0.252880079 -0.9979263594 -0.01858563153 -0.06162430941 0.009263213545 0.9059691776 -0.4232422972 0.0636959503 -0.422935484 -0.9039183604 5.276469047e-05 0.153769727 0
0.4523272481 0.2998613026 0.1173065485 -0.01136042351 0.1125402126 0.4928633136 -0.001460441791 0.02869026812 0.2528178847 -0.9978040557 -0.01939150652 -0.06333273956 0.009663940022 0.9033286879 -0.4288401682 0.06552613745 -0.4285105029 -0.9011576301 5.452691852e-05 0.1560177095 0
0.4596592792 0.3047219259 0.1192080375 -0.01172605495 0.1142722842 0.4923117751 -0.001507981855 0.02914928926 0.2527468542 -0.9976601723 -0.02032444895 -0.06527708157 0.01012776905 0.900321141 -0.4351083443 0.06761367389 -0.434751377 -0.8980087034 5.65532726e-05 0.1585466898 0
0.4669913103 0.3095825493 0.1211095264 -0.01209720201 0.1159999721 0.4917519165 -0.001556273982 0.02960801997 0.2526747 -0.9975094319 -0.02128558849 -0.06724475381 0.01060552518 0.8972748373 -0.4413449774 0.06973131311 -0.4409589437 -0.8948143685 5.862663672e-05 0.1610756701 0
0.4735086713 0.3139031034 0.1227997388 -0.01243172705 0.117531962 0.4912473005 -0.001599831204 0.0300155331 0.2526096205 -0.9973695185 -0.02216386655 -0.06901309042 0.01104201272 0.8945348279 -0.4468618529 0.07163879944 -0.4464484344 -0.8919370369 6.050958557e-05 0.1633236526 0
0.4808407024 0.3187637268 0.1247012277 -0.01281324555 0.1192511924 0.4906717971 -0.001649542282 0.03047370282 0.2525353464 -0.9972052652 -0.02317914017 -0.07102384418 0.01154648979 0.8914165118 -0.4530378362 0.07381285495 -0.4525917917 -0.8886576014 6.267341547e-05 0.1658526329 0
0.4881727335 0.3236243502 0.1266027167 -0.0132002295 0.1209658519 0.4900880493 -0.001700003697 0.03093156899 0.2524599514 -0.997033557 -0.02422352426 -0.07305687561 0.01206532664 0.8882607136 -0.4591811544 0.07601653829 -0.4587004748 -0.8853334741 6.488603129e-05 0.1683816132 0
0.4946900944 0.3279449043 0.1282929291 -0.01354878909 0.1224861042 0.4895622628 -0.001745487704 0.03133830265 0.2523919932 -0.9968744982 -0.02517655063 -0.07488241593 0.01253868625 0.8854244576 -0.464614153 0.07800010426 -0.4641009277 -0.882341381 6.689426095e-05 0.1706295957 0
0.5020221256 0.3328055277 0.130194418 -0.01394604776 0.1241919543 0.4889630161 -0.001797364738 0.03179558309 0.2523144833 -0.9966881299 -0.02627674794 -0.07695650811 0.0130850364 0.8821990944 -0.4706947415 0.08025928884 -0.4701428404 -0.8789335334 6.920073266e-05 0.173158576 0
0.5093541567 0.3376661511 0.132095907 -0.01434871963 0.1258930481 0.4883556037 -0.001849990307 0.0322525469 0.252235855 -0.9964936904 -0.02740691994 -0.07905179126 0.01364615242 0.8789375652 -0.4767415851 0.08254760739 -0.4761487343 -0.875481739 7.155780329e-05 0.1756875563 0
0.5158715176 0.3419867052 0.1337861194 -0.01471117961 0.1274010872 0.4878088492 -0.001897396472 0.03265846749 0.2521650252 -0.9963139036 -0.0284369137 -0.08093174492 0.01415742685 0.8760084425 -0.4820879339 0.08460598478 -0.4814566966 -0.8723767974 7.369596911e-05 0.1779355388 0
0.5232035487 0.3468473286 0.1356876083 -0.01512402558 0.1290930235 0.4871860897 -0.001951434183 0.0331148209 0.2520842872 -0.9961036235 -0.02962448381 -0.08306600516 0.01474679753 0.8726798722 -0.4880700489 0.08694885403 -0.4873933018 -0.8688427166 7.61503532e-05 0.1804645191 0
0.5305355799 0.351707952 0.1375890973 -0.01554223046 0.1307800204 0.4865552465 -0.002006218552 0.03357084463 0.2520024338 -0.9958846385 -0.03084284217 -0.08522033721 0.01535131279 0.8693164918 -0.4940173826 0.08932034473 -0.4932925666 -0.865265462 7.865718356e-05 0.1829934994 0
0.537867611 0.3565685753 0.1394905862 -0.01596577499 0.1324620149 0.4859163486 -0.00206174891 0.03402653418 0.2519194659 -0.9956567256 -0.03209225834 -0.08739434641 0.01597109718 0.8659187793 -0.4999295868 0.09172027521 -0.499154039 -0.8616453078 8.12171072e-05 0.1855224797 0
0.5443849719 0.3608891294 0.1411807986 -0.01634672592 0.1339528708 0.4853417014 -0.002111734943 0.03443130737 0.2518447818 -0.9954464594 -0.03322913667 -0.08934299623 0.0165349332 0.8628701584 -0.5051551105 0.09387727352 -0.5043321467 -0.8583916025 8.353769298e-05 0.1877704622 0
0.551717003 0.3657497528 0.1430822876 -0.01678030303 0.1356252455 0.4846876699 -0.002168672538 0.03488635341 0.2517597116 -0.9952010672 -0.03453793073 -0.09155308386 0.01718388708 0.8594089165 -0.5110000276 0.09633042016 -0.5101210107 -0.854691175 8.619968226e-05 0.1902994425 0
0.5590490342 0.3706103762 0.1449837765 -0.01721916276 0.1372924373 0.4840256697 -0.002226354141 0.03534105226 0.2516735298 -0.9949460922 -0.03587852572 -0.09378168847 0.01784845069 0.8559147482 -0.5168088395 0.09881146951 -0.5158707931 -0.8509486579 8.891665445e-05 0.1928284228 0
0.5655663951 0.3749309303 0.1466739889 -0.01761367878 0.1387699846 0.4834305601 -0.002278250709 0.03574493393 0.2515959916 -0.9947112168 -0.03709706081 -0.09577788545 0.01845236831 0.8527815789 -0.5219416527 0.1010401176 -0.5209485453 -0.8475868733 9.137843353e-05 0.1950764053 0
0.5728984262 0.3797915537 0.1485754779 -0.01806246151 0.1404272179 0.4827535916 -0.002337335736 0.03619896475 0.2515077132 -0.9944375114 -0.03849838676 -0.09804034985 0.0191467174 0.8492265695 -0.5276813781 0.1035733518 -0.5266233073 -0.8437656386 9.420106821e-05 0.1976053856 0
0.5802304573 0.3846521771 0.1504769668 -0.01851646787 0.1420790904 0.4820687435 -0.002397162717 0.03665263543 0.2514183264 -0.9941535536 -0.03993220289 -0.1003201427 0.01985698769 0.8456400741 -0.533384069 0.1061339337 -0.5322577235 -0.8399031515 9.708060411e-05 0.2001343659 0
0.5867478183 0.3889727312 0.1521671792 -0.01892439747 0.1435428714 0.4814534001 -0.00245096454 0.03705559231 0.2513379418 -0.9938923499 -0.04123416453 -0.1023608348 0.02050178667 0.8424260546 -0.5384217856 0.1084328067 -0.5372318738 -0.836435437 9.968850235e-05 0.2023823483 0
0.5940798494 0.3938333546 0.1540686682 -0.01938821352 0.1451844509 0.4807537545 -0.00251219099 0.03750857052 0.2512464643 -0.9935883843 -0.0427299617 -0.1046722168 0.02124240274 0.8387814698 -0.5440536795 0.1110445088 -0.5427889058 -0.8324958383 0.0001026773498 0.2049113286 0
0.6014118805 0.398693978 0.1559701571 -0.01985719222 0.1468204936 0.4800463213 -0.002574157261 0.03796117567 0.2511538816 -0.9932734834 -0.04425888317 -0.106999712 0.02199922167 0.8351068718 -0.549647657 0.1136829862 -0.5483043534 -0.8285158506 0.0001057250434 0.2074403089 0
0.6079292415 0.4030145321 0.1576603695 -0.02027837884 0.1482700568 0.4794109803 -0.002629858865 0.03836317457 0.2510706589 -0.9929841979 -0.04564589956 -0.1090817791 0.02268562522 0.831815784 -0.5545880128 0.1160506143 -0.5531717214 -0.8249444233 0.000108484055 0.2096882914 0
0.6152612726 0.4078751555 0.1595618584 -0.02075705024 0.1498954767 0.4786889261 -0.002693220509 0.03881506289 0.2509759916 -0.9926479876 -0.04723794689 -0.1114385444 0.02347329336 0.8280859076 -0.5601095733 0.1187391144 -0.5586074704 -0.8208889795 0.0001116447576 0.2122172717 0
0.6225933037 0.4127357788 0.1614633474 -0.02124082139 0.1515151862 0.4779591791 -0.002757319767 0.03926656528 0.2508802224 -0.9923001468 -0.04886369633 -0.113810183 0.02427741561 0.824327521 -0.5655923843 0.1214538005 -0.5640004232 -0.8167940359 0.000114866276 0.214746252 0
0.6291106647 0.417056333 0.1631535598 -0.0216751035 0.152950086 0.4773040841 -0.002814915486 0.03966757314 0.2507941701 -0.9919809948 -0.05033725116 -0.1159304411 0.02500606884 0.8209632243 -0.5704332396 0.1238886699 -0.5687578971 -0.8131211792 0.0001177814585 0.2169942345 0
0.6364426958 0.4219169563 0.1650550487 -0.02216844672 0.1545588472 0.4765598981 -0.002880405878 0.04011833441 0.2506963228 -0.991610521 -0.05202716393 -0.1183289856 0.02584148571 0.8171524254 -0.5758421062 0.1266522492 -0.5740688877 -0.8089524831 0.0001211197283 0.2195232148 0
0.6437747269 0.4267775797 0.1669565377 -0.02266682488 0.156161727 0.4758081172 -0.002946631602 0.04056869691 0.2505973769 -0.9912277109 -0.05375129925 -0.1207411407 0.02669357695 0.8133146474 -0.5812114395 0.1294414082 -0.5793358976 -0.8047452017 0.0001245208065 0.2220521951 0
0.6502920879 0.4310981338 0.1686467501 -0.02311403608 0.1575815242 0.4751335193 -0.003006115578 0.04096868078 0.2505085038 -0.9908768793 -0.05531272887 -0.1228963472 0.02746504541 0.8098810732 -0.5859507816 0.1319419623 -0.5839804357 -0.8009732638 0.0001275972767 0.2243001776 0
0.657624119 0.4359587572 0.170548239 -0.02362186211 0.1591731349 0.4743674866 -0.003073728055 0.04141827797 0.2504074863 -0.990470093 -0.05710195569 -0.1253330027 0.02834881765 0.8059937997 -0.5912447373 0.1347788539 -0.5891632724 -0.7966939808 0.0001311188905 0.2268291579 0
0.6649561501 0.4408193806 0.172449728 -0.0241346564 0.1607586957 0.4735939595 -0.00314207351 0.0418674636 0.2503053738 -0.9900502545 -0.05892586716 -0.127781985 0.02924945299 0.8020811037 -0.5964984263 0.1376407026 -0.5943009719 -0.7923770515 0.0001347053266 0.2293581382 0
0.6714735111 0.4451399347 0.1741399404 -0.02459462543 0.1621629573 0.472900117 -0.00320343969 0.04226639064 0.250213689 -0.9896659055 -0.06057635814 -0.1299688436 0.03006422133 0.7985822496 -0.601134372 0.1402053425 -0.5988296046 -0.7885084442 0.0001379482559 0.2316061207 0
0.6788055422 0.4500005581 0.1760414293 -0.02511673987 0.1637369331 0.4721125309 -0.003273167376 0.04271478684 0.2501095116 -0.9892207306 -0.0624661782 -0.1324398831 0.03099686409 0.7946230213 -0.6063113461 0.1431137326 -0.6038809738 -0.7841213101 0.0001416590509 0.234135101 0
0.6861375733 0.4548611815 0.1779429183 -0.02564375405 0.1653046928 0.4713175538 -0.003343625608 0.04316275874 0.250004243 -0.9887617794 -0.06439108577 -0.1349219465 0.03194652673 0.7906399508 -0.6114473711 0.1460464413 -0.6088860782 -0.7796974931 0.0001454367021 0.2366640813 0
0.6926549343 0.4591817356 0.1796331307 -0.02611630493 0.1666929928 0.4706047321 -0.003406867752 0.04356059623 0.2499097558 -0.9883420533 -0.06613167254 -0.137137112 0.03280499746 0.7870798742 -0.6159781682 0.1486735274 -0.6132959102 -0.7757346897 0.0001488513132 0.2389120638 0
0.6999869654 0.464042359 0.1815346196 -0.02665250809 0.1682488565 0.4697958939 -0.003478703554 0.04400775468 0.2498024293 -0.9878563907 -0.06812319312 -0.1396387554 0.03378693312 0.7830532765 -0.6210362384 0.1516515565 -0.6182125822 -0.7712425096 0.000152757183 0.2414410441 0
0.7073189965 0.4689029824 0.1834361086 -0.02719354062 0.1697983409 0.4689797707 -0.003551267396 0.04445447614 0.2496940152 -0.9873562202 -0.07015014405 -0.1421501029 0.03478601303 0.7790044377 -0.6260527289 0.1546532501 -0.6230818914 -0.7667146332 0.0001567319615 0.2439700244 0
0.7138363575 0.4732235365 0.185126321 -0.02767849271 0.1711702598 0.4682482423 -0.00361637907 0.04485119147 0.2495967352 -0.986899239 -0.07198170689 -0.1443901864 0.0356885055 0.77538725 -0.6304767586 0.1573411028 -0.6273701033 -0.7626601674 0.000160323525 0.2462180069 0
0.7211683886 0.4780841599 0.1870278099 -0.02822857966 0.1727075422 0.467418461 -0.003690315681 0.04529707555 0.2494862705 -0.9863709697 -0.07407586117 -0.1469186063 0.03672006248 0.7712979264 -0.6354141529 0.1603868669 -0.6321489346 -0.7580658134 0.0001644304158 0.2487469872 0
0.7285004197 0.4829447832 0.1889292988 -0.02878342386 0.1742382847 0.4665815035 -0.003764977754 0.04574250998 0.2493747221 -0.9858274554 -0.07620572787 -0.1494553955 0.03776885531 0.7671879816 -0.6403093897 0.1634556263 -0.6368793355 -0.7534367726 0.0001686082853 0.2512759675 0
0.7350177807 0.4872653374 0.1906195112 -0.02928059194 0.1755934101 0.4658315479 -0.003831952336 0.0461380707 0.2492746593 -0.985331326 -0.07812899109 -0.1517169693 0.03871560471 0.763517842 -0.6446251678 0.166202527 -0.6410431855 -0.7492932365 0.0001723821165 0.25352395 0
0.7423498118 0.4921259607 0.1925210002 -0.02984435265 0.1771116499 0.4649811403 -0.003907982236 0.04658264392 0.2491610676 -0.9847583156 -0.08032653614 -0.1542682969 0.03979701646 0.7593704878 -0.6494402665 0.1693140789 -0.6456811209 -0.744599646 0.0001766960241 0.2560529303 0
0.7496818429 0.4969865841 0.1944224891 -0.03041279673 0.1786231919 0.4641236681 -0.003984734945 0.0470267549 0.2490463962 -0.9841693183 -0.08256001434 -0.1568266459 0.04089572258 0.7552041483 -0.6542126827 0.172447942 -0.650269589 -0.7398724004 0.0001810829967 0.2585819106 0
0.7561992039 0.5013071382 0.1961127015 -0.03092199108 0.1799611185 0.4633555714 -0.004053565622 0.04742112866 0.2489435607 -0.9836321359 -0.08457554471 -0.1591062492 0.04188687918 0.7514852576 -0.6584188613 0.1752521345 -0.6543064151 -0.7356424434 0.0001850444533 0.260829893 0
0.763531235 0.5061677616 0.1980141905 -0.03149921049 0.1814598624 0.4624848619 -0.004131681078 0.04786435469 0.2488268537 -0.983012238 -0.08687705986 -0.1616765799 0.04301828333 0.7472846124 -0.6631101985 0.1784274847 -0.6588004891 -0.7308526173 0.0001895714196 0.2633588733 0
0.7708632661 0.511028385 0.1999156794 -0.03208103767 0.1829517536 0.4616072019 -0.004210516618 0.04830710594 0.248709071 -0.9823756081 -0.08921466702 -0.1642525732 0.04416700703 0.7430666316 -0.6677583818 0.181624448 -0.6632440909 -0.7260301893 0.0001941735529 0.2658878536 0
0.7773806271 0.5153489391 0.2016058918 -0.03260206417 0.1842720834 0.4608212569 -0.004281196391 0.04870026053 0.2486034734 -0.9817954594 -0.09132287244 -0.166546717 0.04520263546 0.7393032259 -0.6718537504 0.1844841395 -0.6671513121 -0.7217165157 0.000198328032 0.2681358361 0
0.7847126582 0.5202095625 0.2035073808 -0.0331925223 0.1857508865 0.4599305774 -0.004361389459 0.04914210319 0.2484836629 -0.9811265194 -0.09372875786 -0.1691321165 0.04638407309 0.7350540666 -0.6764200151 0.1877212579 -0.6714986516 -0.7168335164 0.0002030741431 0.2706648164 0
0.7920446893 0.5250701859 0.2054088697 -0.03378751091 0.1872226848 0.459033064 -0.004442299811 0.04958345858 0.2483627809 -0.9804401005 -0.09617083188 -0.171721811 0.04758282189 0.7307892328 -0.6809427086 0.1909792773 -0.675794546 -0.7119189893 0.0002078975375 0.2731937967 0
0.7985620503 0.52939074 0.2070990821 -0.03432017113 0.1885250274 0.45822957 -0.004514821491 0.04997536194 0.248254432 -0.9798150675 -0.09837196029 -0.1740269833 0.04866290063 0.7269855769 -0.6849261953 0.1938926394 -0.6795696641 -0.7075243572 0.0002122504738 0.2754417792 0
0.8058940814 0.5342513634 0.2090005711 -0.03492364316 0.1899834531 0.4573192597 -0.004597084015 0.0504157852 0.2481315302 -0.9790949268 -0.1008824359 -0.1766234937 0.04989431572 0.7226927108 -0.6893662328 0.1971894562 -0.6837674896 -0.7025513067 0.0002172218569 0.2779707595 0
0.8132261125 0.5391119867 0.21090206 -0.03553156677 0.191434725 0.4564022344 -0.004680060951 0.05085570877 0.2480075613 -0.9783565595 -0.103429134 -0.1792229245 0.05114299991 0.7183858399 -0.6937623359 0.2005064488 -0.68791293 -0.6975478225 0.0002222726535 0.2804997398 0
0.8197434735 0.5434325409 0.2125922724 -0.03607565804 0.1927186976 0.4555814972 -0.004754417164 0.05124632897 0.2478964721 -0.9776847227 -0.1057232726 -0.1815355959 0.05226742085 0.7145462215 -0.6976330082 0.2034716188 -0.6915535316 -0.6930750416 0.0002268295171 0.2827477223 0
0.8270755046 0.5482931642 0.2144937614 -0.03669191445 0.1941563182 0.4546519022 -0.004838740779 0.05168529698 0.2477704916 -0.9769112221 -0.1083383772 -0.1841392413 0.0535486599 0.7102144787 -0.7019458207 0.2068260264 -0.6955991592 -0.6880151194 0.0002320323385 0.2852767026 0
0.8344075357 0.5531537876 0.2163952503 -0.03731254189 0.1955866389 0.4537157137 -0.004923775861 0.05212375291 0.2476434483 -0.9761187482 -0.1109896754 -0.1867444279 0.05484709213 0.7058704072 -0.7062143901 0.2101998713 -0.6995914953 -0.6829258773 0.0002373167167 0.2878056829 0
0.8409248967 0.5574743417 0.2180854627 -0.03786785742 0.1968518665 0.4528780453 -0.004999959044 0.05251305818 0.2475296301 -0.9753981902 -0.11337675 -0.1890610567 0.05601566036 0.7019991299 -0.7099714553 0.2132149535 -0.7030952525 -0.6783778073 0.0002420830114 0.2900536654 0
0.8482569278 0.5623349651 0.2199869516 -0.03849666406 0.1982682629 0.4519295189 -0.005086335175 0.05295053523 0.2474005837 -0.9745691741 -0.1160963406 -0.1916678497 0.05734647209 0.6976333566 -0.7141562027 0.2166248071 -0.7069860957 -0.6732342486 0.0002475234747 0.2925826457 0
0.8555889589 0.5671955885 0.2218884406 -0.03912975963 0.1996772165 0.4509745228 -0.005173419756 0.0533874879 0.2472704791 -0.9737204401 -0.1188520331 -0.194274802 0.05869436723 0.6932569343 -0.718296453 0.2200533474 -0.7108227749 -0.6680625023 0.0002530476506 0.295111626 0
0.86292099 0.5720562119 0.2237899295 -0.03976711535 0.2010786786 0.4500131004 -0.005261211727 0.05382391193 0.2471393179 -0.9728517313 -0.1216437808 -0.1968814349 0.06005929988 0.6888704448 -0.7223921309 0.2235003117 -0.7146049963 -0.6628629646 0.000258656288 0.2976406063 0
0.869438351 0.576376766 0.2254801419 -0.04033720678 0.2023180944 0.4491531432 -0.005339842028 0.05421139718 0.2470218444 -0.9720625693 -0.1241555596 -0.199197787 0.06128683615 0.6849633622 -0.725995259 0.2265795336 -0.7179210189 -0.6582181444 0.0002637132561 0.2998885888 0
0.8767703821 0.5812373894 0.2273816309 -0.04098253028 0.2037052741 0.4481797018 -0.005428967254 0.05464681111 0.2468886917 -0.9711554307 -0.1270152584 -0.2018025111 0.06268381122 0.680559445 -0.7300065627 0.2300605772 -0.7215995884 -0.6529672005 0.0002694834805 0.3024175691 0
0.8841024132 0.5860980128 0.2292831198 -0.04163202977 0.2050848235 0.4471999611 -0.005518796755 0.05508168416 0.246754487 -0.9702275777 -0.1299108359 -0.2044055336 0.06409766846 0.6761471417 -0.7339731137 0.2335592781 -0.7252228743 -0.6476896218 0.0002753403379 0.3049465494 0
0.8906197742 0.5904185669 0.2309733322 -0.04221284459 0.2063046459 0.4463238282 -0.005599235561 0.05546778051 0.2466343122 -0.9693852235 -0.1325147419 -0.2067175166 0.06536855338 0.6722185243 -0.7374613263 0.2366838412 -0.7283969377 -0.6429764074 0.0002806197722 0.3071945319 0
0.8979518053 0.5952791903 0.2328748212 -0.04287015147 0.2076696541 0.4453323104 -0.005690392369 0.05590162041 0.2464981249 -0.9684175484 -0.1354778773 -0.2093160211 0.06681412768 0.6677919669 -0.7413432142 0.2402151625 -0.7319150454 -0.6376496232 0.000286642329 0.3097235122 0
0.9052838364 0.6001398136 0.2347763101 -0.04353154869 0.2090268966 0.4443346225 -0.005782250268 0.05633490727 0.2463608905 -0.9674284246 -0.138476652 -0.2119114442 0.06827639503 0.6633587023 -0.7451802238 0.2437633631 -0.7353770794 -0.6322973777 0.0002927537016 0.3122524925 0
0.9118011973 0.6044603678 0.2364665225 -0.04412286695 0.2102267778 0.4434426456 -0.0058644894 0.05671958346 0.2462380265 -0.9665309928 -0.14117207 -0.2142155146 0.06959014296 0.659412861 -0.7485531983 0.2469312699 -0.7384071542 -0.6275187827 0.000298261207 0.314500475 0
0.9191332285 0.6093209911 0.2383680115 -0.04479190841 0.2115692263 0.4424334267 -0.005957668522 0.05715181422 0.2460988186 -0.9655006659 -0.1442378909 -0.2168038167 0.07108373834 0.6549685098 -0.7523053591 0.250510611 -0.7417625509 -0.6221195639 0.000304542412 0.3170294553 0
0.9264652596 0.6141816145 0.2402695004 -0.0454649531 0.2129037769 0.4414181692 -0.00605154548 0.05758347982 0.2459585684 -0.9644481627 -0.1473390487 -0.2193876617 0.072593804 0.6505191257 -0.7560125705 0.2541060428 -0.7450611195 -0.6166960736 0.0003109146262 0.3195584355 0
0.9329826205 0.6185021686 0.2419597128 -0.04606655117 0.2140833775 0.4405106856 -0.006135576577 0.05796670475 0.2458330278 -0.963493785 -0.1501252029 -0.2216802872 0.07394984293 0.6465603598 -0.7592701245 0.2573152677 -0.7479452685 -0.6118551531 0.000316655835 0.321806418 0
0.9403146516 0.623362792 0.2438612018 -0.04674707425 0.2154028876 0.4394841473 -0.006230768541 0.05839729144 0.2456908134 -0.9623987117 -0.1532927772 -0.2242544185 0.0754907842 0.6421030454 -0.7628924043 0.2609403404 -0.751135809 -0.6063869517 0.0003232020343 0.3243353983 0
0.9476466828 0.6282234154 0.2457626907 -0.04743151207 0.216714371 0.4384517037 -0.006326655013 0.05882730093 0.2455475617 -0.9612807424 -0.1564953238 -0.2268227235 0.07704793954 0.6376423654 -0.7664697181 0.2645807046 -0.7542688032 -0.6008956842 0.0003298414464 0.3268643786 0
0.9541640437 0.6325439695 0.2474529031 -0.04804316268 0.2178733601 0.4375290563 -0.006412469533 0.05920904366 0.2454193574 -0.960267571 -0.1593712778 -0.2291003884 0.07844561154 0.6336749559 -0.7696118088 0.2678291959 -0.7570051823 -0.5959955333 0.0003358220172 0.3291123611 0
0.9614960748 0.6374045929 0.249354392 -0.04873491042 0.2191695628 0.4364855861 -0.006509664661 0.05963795154 0.2452741509 -0.9591056809 -0.1626394935 -0.2316564009 0.08003312708 0.6292094863 -0.7731042109 0.2714976823 -0.7600288267 -0.5904618455 0.0003426395862 0.3316413414 0
0.9688281059 0.6422652163 0.251255881 -0.04943048304 0.2204576135 0.4354363462 -0.0066075509 0.06006627023 0.2451279123 -0.9579201845 -0.165942255 -0.2342052264 0.08163656725 0.6247423088 -0.7765516844 0.2751806515 -0.7629942435 -0.5849063116 0.0003495525814 0.3341703217 0
0.9753454669 0.6465857704 0.2529460934 -0.05005195542 0.2215956691 0.4344988831 -0.00669514012 0.0604465 0.2449970572 -0.9568463956 -0.1689069136 -0.2364644366 0.08307512909 0.6207705121 -0.779578408 0.2784663322 -0.7655811034 -0.5799500633 0.0003557781979 0.3364183042 0
0.982677498 0.6514463938 0.2548475823 -0.05075466695 0.2228682053 0.4334388745 -0.006794328532 0.06087369452 0.2448488735 -0.9556156466 -0.1722744802 -0.238998409 0.08470835158 0.6163016653 -0.7829410914 0.282175887 -0.7684359185 -0.5743544271 0.0003628735399 0.3389472845 0
0.9900095291 0.6563070172 0.2567490713 -0.05146111217 0.2241324674 0.4323732337 -0.006894204588 0.06130028794 0.2446996628 -0.9543605917 -0.1756761044 -0.2415238441 0.08635717631 0.6118327561 -0.7862589374 0.2858991064 -0.771231862 -0.5687381788 0.0003700665308 0.3414762648 0
0.9965268901 0.6606275713 0.2584392837 -0.05209217217 0.2252492763 0.4314213082 -0.006983559604 0.06167897415 0.2445661703 -0.9532243889 -0.1787282142 -0.2437611327 0.0878358002 0.6078607979 -0.7891705282 0.2892198758 -0.7736675486 -0.5637290019 0.0003765429012 0.3437242473 0
