0.007310661402 0.003509117473 0 -2.180580252e-06 0.001864208442 0.5099954571 -2.736910445e-07 0.0004643622072 0.2549994361 -0.9999999999 -6.113868167e-08 -1.269896489e-05 3.123557682e-08 0.9999735439 -0.007274029166 1.269907365e-05 -0.007274029166 -0.9999735438 2.983925152e-08 0
0.01452284586 0.006970966014 0 -8.605140863e-06 0.003703245609 0.5099820726 -1.086352988e-06 0.0009242700355 0.2549977617 -0.9999999987 -4.820888907e-07 -5.011182124e-05 2.420578582e-07 0.9998955989 -0.01444961289 5.01135555e-05 -0.01444961288 -0.9998955976 5.453247056e-08 0
0.02173503032 0.01043281455 0 -1.92738308e-05 0.005542164273 0.5099598462 -2.441709647e-06 0.001384889847 0.2549949688 -0.9999999937 -1.617337959e-06 -0.0001122346495 8.100338396e-07 0.9997661679 -0.02162428109 0.0001122433792 -0.02162428105 -0.9997661616 3.683194822e-08 0
0.02894721478 0.0138946631 0 -3.418624039e-05 0.007380905592 0.5099287787 -4.339099381e-06 0.00184558622 0.254991059 -0.9999999802 -3.821478776e-06 -0.0001990571149 1.91246921e-06 0.9995852637 -0.02879757925 0.000199084608 -0.02879757906 -0.9995852439 1.763896975e-08 0
0.03615939924 0.01735651164 0 -5.3341797e-05 0.009219410729 0.5098888713 -6.777764712e-06 0.002306217186 0.2549860337 -0.9999999517 -7.448943408e-06 -0.0003105647734 3.726597745e-06 0.9993529042 -0.035969053 0.0003106317397 -0.03596905242 -0.999352856 9.948954529e-08 0
0.0433715837 0.02081836018 0 -7.673976509e-05 0.01105762086 0.5098401255 -9.757302293e-06 0.002766767394 0.2549798939 -0.9999999001 -1.285394977e-05 -0.0004467390733 6.429557461e-06 0.9990691125 -0.04313824816 0.0004468777064 -0.04313824672 -0.9990690126 2.064207387e-07 0
0.05058376816 0.02428020872 0 -0.0001043792462 0.01289547717 0.5097825432 -1.327749892e-05 0.003227244278 0.25497264 -0.9999998152 -2.039044832e-05 -0.0006075573581 1.019836678e-05 0.9987339165 -0.05030471082 0.0006078138754 -0.05030470772 -0.9987337318 3.362837342e-07 0
0.05779595262 0.02774205726 0 -0.000136259179 0.01473292086 0.5097161267 -1.733822672e-05 0.003687656238 0.2549642722 -0.9999996851 -3.04120688e-05 -0.0007929928693 1.52099007e-05 0.9983473495 -0.05746798736 0.0007934300496 -0.05746798133 -0.9983470346 4.881681254e-07 0
0.06410661402 0.03077117473 0 -0.0001676316575 0.01634029941 0.5096507674 -2.13346966e-05 0.004090468042 0.2549560368 -0.9999995234 -4.149727947e-05 -0.0009754186031 2.075333576e-05 0.9979669929 -0.0637328844 0.0009760803115 -0.06373287427 -0.9979665165 6.387691588e-07 0
0.07131879848 0.03423302327 0 -0.0002074590101 0.01817681103 0.5095677937 -2.640869001e-05 0.004550771767 0.254945581 -0.99999927 -5.713030385e-05 -0.001206925026 2.857111145e-05 0.9974842123 -0.07088896564 0.001207938567 -0.07088894838 -0.9974834825 8.309054689e-07 0
0.07853098294 0.03769487181 0 -0.0002515228565 0.02001274109 0.509475994 -3.202299046e-05 0.005011020712 0.2549340118 -0.999998927 -7.626286757e-05 -0.001462948932 3.813911317e-05 0.9969501842 -0.07804055879 0.001464438804 -0.07804053085 -0.9969491115 1.04429227e-06 0
0.0857431674 0.04115672035 0 -0.000299821505 0.02184803089 0.5093753719 -3.817753088e-05 0.00547121491 0.2549213293 -0.9999984753 -9.924685534e-05 -0.001743447705 4.963343557e-05 0.9963649615 -0.0851872119 0.001745564768 -0.08518716855 -0.9963634374 1.278893164e-06 0
0.09295535186 0.04461856889 0 -0.000352353101 0.02368262172 0.509265931 -4.487224281e-05 0.005931353389 0.2549075337 -0.9999978941 -0.0001264335722 -0.002048374653 6.32299141e-05 0.9957286021 -0.09232847357 0.002051298649 -0.09232840866 -0.9957264972 1.53471947e-06 0
0.1001675363 0.04808041743 0 -0.0004091156279 0.02551645494 0.5091476758 -5.210705484e-05 0.006391434467 0.2548926252 -0.9999971608 -0.0001581736906 -0.002377679011 7.910410134e-05 0.9950411689 -0.099463893 0.002381621073 -0.09946379869 -0.9950383312 1.811814295e-06 0
0.1073797208 0.05154226598 0 -0.0004701069065 0.02734947192 0.5090206106 -5.988189169e-05 0.006851455956 0.2548766039 -0.999996251 -0.0001948171977 -0.002731305947 9.743124332e-05 0.9943027298 -0.10659302 0.002736511112 -0.1065928865 -0.9942989832 2.110243413e-06 0
0.1145919052 0.05500411452 0 -0.0005353245951 0.02918161405 0.5088847404 -6.819667372e-05 0.007311415304 0.25485947 -0.9999951384 -0.0002367133423 -0.00310919657 0.000118386256 0.993513358 -0.1137154053 0.003115946279 -0.1137152205 -0.9935085 2.430089826e-06 0
0.1218040897 0.05846596306 0 -0.0006047661904 0.03101282281 0.5087400704 -7.705131656e-05 0.007771309689 0.2548412236 -0.999993795 -0.0002842105825 -0.003511287943 0.0001421437017 0.9926731315 -0.1208305999 0.003519902533 -0.1208303493 -0.9926669315 2.771450409e-06 0
0.1281147511 0.06149508053 0 -0.0006689904179 0.03261431879 0.50860627 -8.524191356e-05 0.008173661614 0.2548243455 -0.9999924068 -0.0003306386097 -0.003882917512 0.0001653672799 0.9918962816 -0.1270501447 0.003893459125 -0.1270498221 -0.9918886952 3.08787437e-06 0
0.1353269356 0.06495692907 0 -0.0007463445258 0.03444361976 0.5084451156 -9.510855082e-05 0.00863342593 0.2548040138 -0.9999905487 -0.000389574132 -0.00433020158 0.0001948484565 0.9909609301 -0.1341506506 0.004343322209 -0.1341502264 -0.9909514884 3.469874835e-06 0
0.14253912 0.06841877761 0 -0.00082791444 0.03627181922 0.5082751782 -0.0001055147785 0.009093116216 0.2547825701 -0.9999883693 -0.0004551076871 -0.004801482963 0.0002276317503 0.9899749761 -0.1412426806 0.004817628611 -0.1412421308 -0.9899633584 3.873728673e-06 0
0.1497513045 0.07188062615 0 -0.0009136970298 0.0380988588 0.5080964645 -0.0001164604927 0.009552729107 0.2547600148 -0.9999858333 -0.0005275841736 -0.005296683109 0.0002638901316 0.9889385171 -0.1483257894 0.005316348279 -0.1483250859 -0.9889243679 4.29957173e-06 0
0.1569634889 0.07534247469 0 -0.001003689003 0.03992468015 0.5079089812 -0.000127945584 0.01001226116 0.254736348 -0.9999829041 -0.0006073474445 -0.005815719468 0.000303796103 0.9878516553 -0.1553995327 0.005839449613 -0.1553986428 -0.9878345826 4.747548077e-06 0
0.1641756734 0.07880432323 0 -0.001097886905 0.04174922499 0.5077127356 -0.000139969938 0.01047170889 0.2547115701 -0.9999795432 -0.0006947402548 -0.006358505494 0.0003475216762 0.9867144982 -0.1624634672 0.006386899468 -0.1624623535 -0.9866940717 5.217809643e-06 0
0.1713878579 0.08226617177 0 -0.001196287122 0.0435724351 0.5075077352 -0.0001525334348 0.01093106874 0.2546856811 -0.9999757101 -0.0007901042102 -0.00692495066 0.0003952383487 0.9855271581 -0.1695171508 0.006958663159 -0.1695157702 -0.9855029075 5.710515916e-06 0
0.1786000423 0.08572802031 0 -0.001298885877 0.04539425229 0.5072939878 -0.0001656359493 0.01139033714 0.2546586815 -0.9999713629 -0.0008937797152 -0.007514960474 0.0004471170808 0.9842897522 -0.1765601424 0.007554704456 -0.1765584462 -0.9842611653 6.225833738e-06 0
0.1858122268 0.08918986885 0 -0.001405679233 0.04721461846 0.5070715016 -0.0001792773511 0.01184951049 0.2546305714 -0.9999664576 -0.001006105922 -0.008128436485 0.0005033282724 0.9830024026 -0.1835920021 0.008174985594 -0.1835899352 -0.9829689239 6.763937097e-06 0
0.1930244112 0.0926517174 0 -0.001516663093 0.04903347555 0.5068402852 -0.0001934575044 0.01230858515 0.2546013512 -0.9999609487 -0.001127420678 -0.008765276302 0.0005640417404 0.9816652363 -0.1906122913 0.008819467272 -0.1906097917 -0.9816262651 7.325006984e-06 0
0.1993350726 0.09568083487 0 -0.00161720815 0.050623692 0.5066308164 -0.0002063069724 0.01271019165 0.2545748731 -0.999955596 -0.001241209072 -0.009341593279 0.0006209923356 0.9804544543 -0.1967452092 0.00940320868 -0.196742274 -0.9804101475 7.834930381e-06 0
0.2065472571 0.09914268341 0 -0.001736037602 0.05243956334 0.506383255 -0.0002214969003 0.01316907142 0.2545435721 -0.9999488264 -0.001380283209 -0.01002195059 0.000690603153 0.9790242414 -0.2037426263 0.0100929551 -0.2037391212 -0.978973188 8.439574148e-06 0
0.2137594416 0.102604532 0 -0.001859044883 0.05425375906 0.5061269898 -0.0002372251598 0.01362784198 0.2545111619 -0.9999413123 -0.001529309483 -0.0107253555 0.0007652010141 0.9775446044 -0.2107272192 0.01080678054 -0.2107230591 -0.9774860643 9.067742632e-06 0
0.220971626 0.1060663805 0 -0.001986225275 0.05606622138 0.5058620307 -0.0002534915943 0.01408649962 0.2544776428 -0.9999330014 -0.001688620209 -0.01145169048 0.0008449532599 0.9760156891 -0.2176985547 0.01154463976 -0.2176936453 -0.9759488706 9.719642793e-06 0
0.2281838105 0.109528229 0 -0.002117573899 0.05787689259 0.5055883877 -0.0002702960421 0.01454504067 0.254443015 -0.9999238398 -0.001858546151 -0.01220083413 0.0009300265376 0.9744376463 -0.2246562009 0.01230648601 -0.2246504381 -0.9743617044 1.039548805e-05 0
0.2353959949 0.1129900776 0 -0.002253085719 0.05968571505 0.5053060714 -0.0002876383361 0.0150034614 0.2544072791 -0.9999137717 -0.002039416468 -0.01297266119 0.001020586778 0.9728106314 -0.2315997274 0.01309227103 -0.2315929967 -0.9727246662 1.109549817e-05 0
0.2426081794 0.1164519261 0 -0.002392755536 0.0614926312 0.5050150926 -0.0003055183038 0.01546175811 0.2543704352 -0.9999027396 -0.002231558671 -0.01376704258 0.001116799172 0.9711348049 -0.2385287056 0.01390194501 -0.2385208812 -0.9710378598 1.181989921e-05 0
0.2498203639 0.1199137747 0 -0.002536577995 0.06329758356 0.5047154625 -0.0003239357675 0.01591992709 0.2543324837 -0.9998906844 -0.002435298569 -0.01458384539 0.00121882815 0.9694103318 -0.2454427081 0.01473545667 -0.2454336526 -0.969301392 1.256892339e-05 0
0.2570325483 0.1233756232 0 -0.002684547581 0.06510051474 0.5044071925 -0.000342890544 0.01637796461 0.2542934252 -0.9998775453 -0.002650960219 -0.01542293291 0.00132683736 0.9676373819 -0.2523413097 0.01559275319 -0.252330873 -0.9675153728 1.334280902e-05 0
0.2633432097 0.1264047407 0 -0.002817418453 0.06667637646 0.5041303782 -0.0003599165899 0.01677863667 0.2542583411 -0.9998651103 -0.002849697107 -0.01617530456 0.001426379113 0.9660464218 -0.2583646191 0.016362356 -0.2583528405 -0.9659120473 1.404054505e-05 0
0.2705553942 0.1298665892 0 -0.002973148485 0.06847536352 0.5038059407 -0.0003798783159 0.01723641767 0.2542172077 -0.999849769 -0.003088579174 -0.01705579429 0.001546039516 0.964183052 -0.2652332029 0.01726410154 -0.2652197256 -0.9640334268 1.486170915e-05 0
0.2777675786 0.1333284377 0 -0.003133008907 0.07027216488 0.5034728981 -0.0004003767984 0.01769405651 0.2541749683 -0.9998331596 -0.003340304461 -0.0179581547 0.001672146071 0.96227172 -0.272085172 0.01818947172 -0.2720698059 -0.9621055887 1.570845308e-05 0
0.2849797631 0.1367902863 0 -0.003296993591 0.07206672348 0.5031312634 -0.0004214118338 0.01815154944 0.2541316234 -0.9998152148 -0.003605189778 -0.01888223452 0.001804859184 0.9603126136 -0.2789201079 0.01913840791 -0.2789026474 -0.9601286552 1.658103799e-05 0
0.2921919476 0.1402521348 0 -0.003465096251 0.07385898238 0.5027810495 -0.000442983213 0.01860889275 0.2540871734 -0.9997958658 -0.003883549946 -0.01982787882 0.001944338366 0.9583059256 -0.2857375939 0.02011084998 -0.2857178172 -0.9581027516 1.747973073e-05 0
0.299404132 0.1437139834 0 -0.003637310445 0.07564888472 0.5024222699 -0.0004650907213 0.01906608269 0.2540416187 -0.9997750419 -0.004175697749 -0.02079492893 0.002090742221 0.9562518531 -0.2925372153 0.02110673632 -0.2925148835 -0.9560280062 1.840480376e-05 0
0.3066163165 0.1471758319 0 -0.003813629573 0.07743637375 0.5020549384 -0.0004877341392 0.01952311555 0.2539949598 -0.9997526711 -0.004481943887 -0.02178322257 0.002244228416 0.9541505979 -0.2993185592 0.02212600382 -0.2992934156 -0.9539045504 1.935653503e-05 0
0.3138285009 0.1506376805 0 -0.00399404688 0.07922139282 0.501679069 -0.0005109132414 0.01997998757 0.2539471971 -0.9997286796 -0.004802596926 -0.02279259377 0.002404953667 0.9520023666 -0.306081215 0.02316858791 -0.306052984 -0.9517325189 2.033520798e-05 0
0.3210406854 0.154099529 0 -0.004178555453 0.08100388538 0.5012946761 -0.0005346277975 0.02043669504 0.2538983312 -0.9997029919 -0.005137963255 -0.02382287298 0.002573073711 0.94980737 -0.3128247739 0.02423442252 -0.3127931604 -0.9495120492 2.134111138e-05 0
0.3282528699 0.1575613775 0 -0.004367148224 0.08278379499 0.5009017745 -0.0005588775718 0.02089323422 0.2538483625 -0.9996755313 -0.005488347034 -0.02487388704 0.002748743291 0.9475658236 -0.3195488295 0.02532344013 -0.3195135178 -0.947243282 2.23745393e-05 0
0.3345635313 0.160590495 0 -0.004535511542 0.0843390528 0.5005510176 -0.000580534981 0.02129256502 0.2538037357 -0.999649987 -0.005807489226 -0.02581039455 0.002908768026 0.9455664578 -0.3254160612 0.02629529362 -0.3253772379 -0.9452186047 2.330160255e-05 0
0.3417757157 0.1640523435 0 -0.004731742591 0.08611396765 0.5001422029 -0.0006057876354 0.02174877859 0.2537517006 -0.9996189891 -0.006186842588 -0.02689980733 0.003099006505 0.9432382267 -0.3321024598 0.02742759221 -0.3320592878 -0.9428596696 2.438744953e-05 0
0.3489879002 0.1675141921 0 -0.004932036651 0.08788613793 0.4997249236 -0.0006315748006 0.02220481315 0.2536985643 -0.9995859882 -0.006582075042 -0.02800943732 0.003297233663 0.9408640901 -0.3387681983 0.02858287146 -0.3387202979 -0.9404528586 2.550169513e-05 0
0.3562000846 0.1709760406 0 -0.005136386052 0.08965550762 0.4992991957 -0.0006578962201 0.02266066496 0.2536443272 -0.9995509013 -0.006993481685 -0.02913909765 0.003503600183 0.9384442806 -0.3454128789 0.02976105818 -0.3453598462 -0.9379983241 2.664465307e-05 0
0.3634122691 0.1744378892 0 -0.00534478297 0.09142202086 0.4988650355 -0.0006847516324 0.02311633029 0.2535889899 -0.9995136439 -0.007421355163 -0.030288598 0.003718255651 0.9359790353 -0.3520361061 0.03096207771 -0.3519775119 -0.9354962217 2.781664201e-05 0
0.3706244536 0.1778997377 0 -0.005557219428 0.09318562188 0.4984224595 -0.0007121407705 0.02357180542 0.253532553 -0.99947413 -0.007865985624 -0.03145774458 0.003941348535 0.9334685956 -0.3586374866 0.03218585397 -0.3585728758 -0.9329467099 2.901798538e-05 0
0.377836638 0.1813615863 0 -0.005773687293 0.09494625504 0.4979714848 -0.0007400633621 0.02402708662 0.253475017 -0.9994322721 -0.008327660677 -0.03264634018 0.004173026165 0.9309132072 -0.3652166296 0.03343230941 -0.36514552 -0.9303499502 3.024901136e-05 0
0.3850488225 0.1848234348 0 -0.00599417828 0.09670386485 0.4975121286 -0.0007685191296 0.02448217017 0.2534163824 -0.9993879811 -0.008806665347 -0.03385418419 0.004413434714 0.92831312 -0.3717731469 0.03470136504 -0.371695028 -0.9277061073 3.151005277e-05 0
0.3922610069 0.1882852833 0 -0.006218683953 0.09845839593 0.4970444084 -0.0007975077901 0.02493705234 0.2533566499 -0.9993411666 -0.009303282026 -0.03508107264 0.004662719176 0.9256685884 -0.3783066527 0.03599294047 -0.3782209848 -0.9250153485 3.280144698e-05 0
0.3985716683 0.1913144008 0 -0.006418412964 0.09999104166 0.4966283063 -0.0008233097805 0.02533490612 0.2533034838 -0.9992980615 -0.009752488936 -0.03617005952 0.004888237178 0.923318368 -0.3840042921 0.03714147794 -0.3839115526 -0.9226225829 3.395658437e-05 0
0.4057838528 0.1947762493 0 -0.006650422898 0.1017396513 0.4961449523 -0.0008532968346 0.02578940067 0.2532416944 -0.9992462663 -0.01028287993 -0.0374320949 0.005154550601 0.9205912031 -0.3904936202 0.03847505629 -0.3903922376 -0.9198443188 3.530581506e-05 0
0.4129960373 0.1982380979 0 -0.006886422411 0.1034850237 0.4956532866 -0.0008838159391 0.02624368316 0.2531788088 -0.9991916791 -0.01083167978 -0.03871256978 0.00543015006 0.9178203481 -0.3969588419 0.03983091533 -0.3968481868 -0.9170196371 3.66863933e-05 0
0.4202082217 0.2016999464 0 -0.007126402476 0.1052271041 0.4951533282 -0.0009148667904 0.02669774986 0.2531148277 -0.999134204 -0.01139916028 -0.04001126738 0.005715175802 0.9150060735 -0.4033995814 0.04120896914 -0.4032789911 -0.9141487167 3.809867348e-05 0
0.4274204062 0.205161795 0 -0.007370353915 0.1069658377 0.494645096 -0.00094644908 0.02715159706 0.2530497516 -0.9990737434 -0.01198559038 -0.04132796772 0.006009766801 0.9121486538 -0.4098154658 0.04260913042 -0.409684243 -0.9112317395 3.954301415e-05 0
0.4346325906 0.2086236435 0 -0.007618267402 0.1087011699 0.4941286096 -0.0009785624939 0.02760522105 0.2529835814 -0.9990101983 -0.01259123615 -0.04266244759 0.006314060741 0.9092483677 -0.4162061249 0.04403131045 -0.4160635367 -0.9082688903 4.101977801e-05 0
0.4418447751 0.212085492 0 -0.007870133457 0.1104330463 0.4936038886 -0.001011206713 0.02805861811 0.2529163176 -0.9989434685 -0.01321636076 -0.04401448065 0.006628193995 0.9063054979 -0.4225711911 0.04547541911 -0.4224164679 -0.905260357 4.252933181e-05 0
0.4490569596 0.2155473406 0 -0.008125942454 0.1121614126 0.4930709532 -0.001044381412 0.02851178454 0.2528479609 -0.9988734523 -0.01386122438 -0.04538383738 0.00695230161 0.9033203308 -0.4289102999 0.0469413649 -0.4287426342 -0.90220633 4.407204626e-05 0
0.456269144 0.2190091891 0 -0.008385684615 0.1138862148 0.4925298237 -0.001078086263 0.02896471663 0.252778512 -0.9988000467 -0.0145260842 -0.04677028517 0.007286517284 0.9002931573 -0.4352230895 0.04842905494 -0.4350416346 -0.899107003 4.564829601e-05 0
0.4634813285 0.2224710377 0 -0.008649350016 0.1156073987 0.4919805208 -0.001112320929 0.02941741069 0.2527079715 -0.9987231473 -0.01521119436 -0.04817358834 0.00763097335 0.8972242716 -0.4415092011 0.04993839498 -0.4413130702 -0.8959625722 4.725845951e-05 0
0.4697919899 0.2255001551 0 -0.008883267607 0.1171104243 0.4914931925 -0.001142710609 0.02981331981 0.2526453539 -0.9986529113 -0.01582747479 -0.04941511769 0.007940875709 0.8945050143 -0.4469873844 0.05127675211 -0.4467776521 -0.8931743527 4.869547285e-05 0
0.4770041743 0.2289620037 0 -0.009154261811 0.1188246792 0.4909286212 -0.001177937758 0.03026555757 0.2525727688 -0.9985691751 -0.01655122854 -0.05084937887 0.008304884365 0.891358726 -0.4532225176 0.05282642704 -0.4529963338 -0.8899458917 5.037025782e-05 0
0.4842163588 0.2324238522 0 -0.009429149893 0.1205351615 0.4903559377 -0.00121369373 0.03071754666 0.2524990943 -0.9984816378 -0.01729594595 -0.052299801 0.008679506107 0.8881715939 -0.4594299576 0.05439747333 -0.4591863129 -0.8866729075 5.208006539e-05 0
0.4914285433 0.2358857008 0 -0.009707921356 0.1222418179 0.4897751638 -0.001249978171 0.03116928338 0.2524243312 -0.99839019 -0.01806186898 -0.05376613677 0.009064867811 0.8849439275 -0.4656093571 0.05598979144 -0.4653471974 -0.8833556074 5.382528826e-05 0
0.4986407277 0.2393475493 0 -0.009990565555 0.1239445953 0.4891863218 -0.001286790718 0.03162076405 0.2523484801 -0.9982947209 -0.01884923637 -0.05524813597 0.009461094903 0.8816760398 -0.4717603719 0.05760328048 -0.4714785967 -0.8799942017 5.560632265e-05 0
0.5058529122 0.2428093978 0 -0.0102770717 0.1256434404 0.488589434 -0.001324131006 0.03207198497 0.2522715418 -0.9981951187 -0.01965828356 -0.0567455455 0.009868311338 0.8783682477 -0.4778826611 0.05923783822 -0.4775801223 -0.8765889032 5.742356818e-05 0
0.5130650966 0.2462712464 0 -0.01056742885 0.1273383006 0.4879845232 -0.001361998665 0.03252294245 0.2521935171 -0.9980912702 -0.02048924269 -0.05825810942 0.01028663959 0.8750208717 -0.4839758868 0.0608933611 -0.4836513878 -0.8731399279 5.927742791e-05 0
0.5202772811 0.2497330949 0 -0.01086162594 0.1290291229 0.4873716126 -0.001400393317 0.03297363283 0.2521144068 -0.9979830611 -0.02134234256 -0.05978556899 0.01071620062 0.871634236 -0.4900397144 0.0625697442 -0.4896920084 -0.8696474941 6.116830816e-05 0
0.5274894656 0.2531949435 0 -0.01115965172 0.130715855 0.4867507256 -0.001439314581 0.03342405241 0.2520342116 -0.9978703757 -0.02221780858 -0.06132766266 0.01115711389 0.8682086681 -0.4960738124 0.06426688132 -0.4957016013 -0.8661118233 6.309661856e-05 0
0.533800127 0.2562240609 0 -0.01142355609 0.1321883491 0.4862009248 -0.001473802369 0.03381794452 0.2519631517 -0.9977680125 -0.02300236316 -0.06268879148 0.01155231811 0.8651796201 -0.5013290026 0.06576881658 -0.5009342434 -0.8629828194 6.481491901e-05 0
0.5410123114 0.2596859095 0 -0.01172872994 0.1338672709 0.485565146 -0.001513709983 0.03426784645 0.2518809247 -0.9976466188 -0.0239203613 -0.06425760968 0.01201483342 0.8616819502 -0.5073064758 0.06750457662 -0.5068846347 -0.8593666849 6.681452603e-05 0
0.5482244959 0.263147758 0 -0.01203769942 0.1355419523 0.4849214596 -0.001554143083 0.03471746703 0.2517976152 -0.9975204101 -0.02486135444 -0.06584029494 0.01248903578 0.8581463101 -0.513253285 0.06926077799 -0.5128029091 -0.8557079648 6.885275842e-05 0
0.5554366803 0.2666096066 0 -0.01235045274 0.1372123415 0.4842698901 -0.001595101267 0.03516680258 0.2517132241 -0.9973892666 -0.02582555453 -0.06743657532 0.01297503859 0.8545730408 -0.5191691115 0.07103730943 -0.5186886915 -0.8520068908 7.093003787e-05 0
0.5626488648 0.2700714551 0 -0.012666978 0.1388783868 0.4836104625 -0.001636584127 0.03561584944 0.2516277523 -0.9972530669 -0.02681316998 -0.06904617626 0.01347295368 0.8509624871 -0.5250536403 0.07283405837 -0.524541609 -0.8482636974 7.304678904e-05 0
0.5698610493 0.2735333036 0 -0.01298726312 0.1405400368 0.4829432018 -0.001678591251 0.03606460394 0.2515412005 -0.997111689 -0.02782440557 -0.07066882064 0.01398289125 0.8473149968 -0.5309065595 0.07465091097 -0.5303612907 -0.8444786219 7.520343949e-05 0
0.5770732337 0.2769951522 0 -0.0133112959 0.14219724 0.4822681335 -0.001721122222 0.03651306243 0.2514535696 -0.9969650094 -0.0288594625 -0.07230422884 0.01450495988 0.8436309213 -0.5367275611 0.07648775211 -0.5361473679 -0.840651904 7.74004197e-05 0
0.5842854182 0.2804570007 0 -0.01363906399 0.1438499455 0.4815852834 -0.001764176617 0.03696122126 0.2513648606 -0.9968129038 -0.02991853827 -0.07395211872 0.0150392665 0.839910615 -0.5425163401 0.0783444654 -0.541899474 -0.8367837862 7.963816291e-05 0
0.5914976026 0.2839188493 0 -0.01397055491 0.1454981023 0.4808946773 -0.001807754008 0.03740907675 0.2512750743 -0.9966552469 -0.03100182671 -0.07561220572 0.0155859164 0.8361544357 -0.5482725954 0.08022093319 -0.5476172444 -0.8328745136 8.191710517e-05 0
0.5987097871 0.2873806978 0 -0.01430575603 0.1471416596 0.4801963416 -0.001851853962 0.03785662528 0.2511842116 -0.9964919121 -0.03210951794 -0.07728420284 0.01614501317 0.8323627442 -0.5539960294 0.08211703661 -0.5533003171 -0.828924334 8.423768524e-05 0
0.6050204485 0.2904098153 0 -0.01460209051 0.1485759595 0.4795789781 -0.001890869741 0.03824797556 0.2511038245 -0.9963442364 -0.03309891226 -0.07875674295 0.01664451334 0.8290161692 -0.5589768791 0.08379214002 -0.5582442594 -0.8254345668 8.630269576e-05 0
0.612232633 0.2938716638 0 -0.01494421376 0.1502107569 0.4788662213 -0.001935948315 0.03869493869 0.2510109461 -0.9961699115 -0.03425285801 -0.08045028986 0.01722722138 0.8251588761 -0.5646379832 0.08572473542 -0.5638613047 -0.821408363 8.870253855e-05 0
0.6194448174 0.2973335124 0 -0.01529001015 0.15184081 0.4781458122 -0.001981548176 0.03914158437 0.250916994 -0.9959895398 -0.03543173208 -0.08215490876 0.01782266473 0.8212671256 -0.5702654303 0.08767661771 -0.5694426229 -0.8173419786 9.114529526e-05 0
0.6266570019 0.3007953609 0 -0.01563946652 0.153466069 0.4774177781 -0.002027668874 0.03958790897 0.2508219691 -0.995802991 -0.03663570986 -0.08387030372 0.01843094038 0.8173412905 -0.5758589369 0.08964766322 -0.5749878603 -0.8132356712 9.363141474e-05 0
0.6338691863 0.3042572094 0 -0.01599256958 0.1550864841 0.4766821467 -0.002074309948 0.04003390886 0.2507258723 -0.9956101341 -0.03786496288 -0.08559617658 0.0190521436 0.8133817466 -0.5814182231 0.09163774705 -0.5804966657 -0.8090897011 9.616134831e-05 0
0.6410813708 0.307719058 0 -0.01634930589 0.1567020057 0.4759389461 -0.002121470935 0.04047958039 0.2506287048 -0.995410837 -0.03911965875 -0.087332227 0.01968636788 0.8093888724 -0.5869430127 0.0936467431 -0.5859686899 -0.804904331 9.873554975e-05 0
0.6482935553 0.3111809065 0 -0.0167096619 0.1583125845 0.4751882044 -0.002169151367 0.04092491996 0.2505304673 -0.9952049668 -0.04039996117 -0.08907815253 0.02033370498 0.8053630495 -0.5924330334 0.0956745241 -0.5914035862 -0.800679826 0.0001013544752 0
0.6555057397 0.3146427551 0 -0.0170736239 0.1599181714 0.4744299502 -0.00221735077 0.04136992394 0.2504311609 -0.9949923896 -0.04170602986 -0.09083364859 0.02099424484 0.801304662 -0.5978880166 0.09772096155 -0.5968010102 -0.7964164538 0.0001040185833 0
0.6627179242 0.3181046036 0 -0.01744117806 0.1615187174 0.4736642124 -0.002266068664 0.0418145887 0.2503307867 -0.9947729708 -0.04303802058 -0.09259840859 0.02166807564 0.797214097 -0.6033076977 0.0997859258 -0.6021606201 -0.7921144846 0.0001067283349 0
0.6690285856 0.3211337211 0 -0.01776572366 0.1629150218 0.4729880757 -0.002309121766 0.04220338926 0.250242084 -0.9945752607 -0.04422489602 -0.09414993034 0.02226864826 0.7936087634 -0.6080207546 0.1016078644 -0.6068189922 -0.7883188141 0.0001091371735 0
0.67624077 0.3245955696 0 -0.01813997537 0.1645059851 0.4722083846 -0.002358810523 0.04264740826 0.2501397102 -0.9943426482 -0.04560589637 -0.09593122684 0.02296763093 0.7894589183 -0.6133735439 0.1037072128 -0.6121067869 -0.783945212 0.0001119337568 0
0.6834529545 0.3280574182 0 -0.01851777872 0.1660917681 0.4714212943 -0.002409016365 0.04309107767 0.2500362714 -0.9941028023 -0.0470132441 -0.09772089473 0.02368014795 0.7852780234 -0.6186902914 0.1058247087 -0.6173557977 -0.7795338031 0.0001147773211 0
0.690665139 0.3315192667 0 -0.01889911938 0.1676723226 0.4706268346 -0.002459738794 0.04353439387 0.2499317687 -0.9938555855 -0.04844707928 -0.09951861986 0.02440628043 0.781066476 -0.6239707474 0.107960218 -0.6225656918 -0.7750848668 0.0001176683361 0
0.6978773234 0.3349811152 0 -0.01928398286 0.1692476009 0.4698250357 -0.002510977305 0.04397735328 0.2498262032 -0.9936008591 -0.04990753787 -0.1013240862 0.02514610763 0.776824676 -0.6292146661 0.1101136052 -0.6277361392 -0.7705986851 0.0001206072734 0
0.7050895079 0.3384429638 0 -0.01967235455 0.1708175552 0.469015928 -0.002562731389 0.0444199523 0.2497195758 -0.9933384839 -0.05139475168 -0.103136976 0.02589970698 0.7725530256 -0.6344218059 0.112284734 -0.6328668123 -0.7660755422 0.0001235946068 0
0.7123016923 0.3419048123 0 -0.02006421973 0.1723821382 0.4681995422 -0.002615000532 0.04486218732 0.2496118877 -0.99306832 -0.05290884838 -0.1049569697 0.026667154 0.7682519296 -0.6395919289 0.1144734669 -0.637957386 -0.7615157247 0.0001266308121 0
0.7195138768 0.3453666609 0 -0.02045956352 0.1739413027 0.4673759093 -0.002667784215 0.04530405477 0.2495031399 -0.9927902268 -0.05444995146 -0.106783746 0.02744852235 0.7639217952 -0.6447248013 0.116679665 -0.6430075378 -0.7569195216 0.0001297163673 0
0.7267260613 0.3488285094 0 -0.02085837093 0.1754950018 0.4665450606 -0.002721081912 0.04574555107 0.2493933336 -0.9925040628 -0.05601818019 -0.1086169819 0.0282438838 0.7595630317 -0.6498201935 0.1189031888 -0.6480169476 -0.752287224 0.0001328517523 0
0.7339382457 0.3522903579 0 -0.02126062685 0.1770431886 0.4657070274 -0.002774893094 0.04618667262 0.2492824698 -0.9922096862 -0.05761364962 -0.1104563529 0.0290533082 0.7551760509 -0.6548778797 0.1211438971 -0.6529852981 -0.7476191254 0.000136037449 0
0.7402489071 0.3553194754 0 -0.02161541763 0.1783932937 0.4649678799 -0.002822398676 0.04657234377 0.2491845974 -0.9919452577 -0.05903211848 -0.1120705789 0.02977314404 0.7513146211 -0.6592722503 0.1231185021 -0.6572986757 -0.7435054037 0.0001388665853 0
0.7474610916 0.358781324 0 -0.02202409829 0.17993102 0.4641164619 -0.002877171196 0.04701275305 0.2490717539 -0.9916350977 -0.06067895955 -0.113920573 0.03060911812 0.7468758504 -0.6642586439 0.1253910482 -0.6621891935 -0.7387709774 0.0001421479222 0
0.754673276 0.3622431725 0 -0.02243618327 0.181463101 0.4632579515 -0.002932455651 0.04745277732 0.2489578561 -0.9913163134 -0.06235334837 -0.1157757604 0.03145934532 0.7424100584 -0.6692067056 0.1276803679 -0.6670377539 -0.7340016066 0.000145480967 0
0.7618854605 0.365705021 0 -0.02285165696 0.182989491 0.4623923813 -0.002988251489 0.04789241302 0.2488429053 -0.9909887607 -0.06405538343 -0.1176358107 0.03232388805 0.7379176651 -0.6741162257 0.1299863161 -0.6718440499 -0.7291975934 0.0001488662092 0
0.769097645 0.3691668696 0 -0.02327050364 0.1845101443 0.4615197841 -0.003044558157 0.04833165659 0.2487269026 -0.9906522948 -0.06578515888 -0.1195003921 0.03320280675 0.7333990928 -0.6789869987 0.1323087467 -0.6766077768 -0.7243592423 0.00015230414 0
0.7763098294 0.3726287181 0 -0.02369270744 0.1860250156 0.4606401928 -0.003101375095 0.04877050447 0.2486098491 -0.9903067703 -0.06754276455 -0.1213691712 0.03409615992 0.7288547654 -0.6838188231 0.1346475126 -0.6813286328 -0.7194868599 0.0001557952522 0
0.7835220139 0.3760905667 0 -0.0241182524 0.1875340599 0.4597536408 -0.003158701738 0.04920895311 0.248491746 -0.9899520413 -0.06932828588 -0.1232418137 0.03500400408 0.7242851092 -0.6886115017 0.1370024655 -0.6860063188 -0.7145807547 0.0001593400408 0
0.7907341983 0.3795524152 0 -0.02454712241 0.1890372323 0.4588601617 -0.003216537516 0.04964699897 0.2483725945 -0.9895879617 -0.07114180395 -0.1251179837 0.03592639379 0.7196905519 -0.6933648417 0.1393734564 -0.6906405384 -0.7096412378 0.0001629390023 0
0.7979463828 0.3830142637 0 -0.02497930124 0.1905344882 0.4579597891 -0.003274881856 0.0500846385 0.2482523958 -0.9892143845 -0.07298339543 -0.1269973442 0.03686338162 0.7150715234 -0.6980786543 0.1417603348 -0.6952309979 -0.7046686221 0.0001665926351 0
0.8042570442 0.3860433812 0 -0.02536015915 0.1918396988 0.4571663351 -0.003326349875 0.05046723699 0.2481463639 -0.9888795979 -0.07461787386 -0.1286441359 0.0376952608 0.7110101385 -0.7021706703 0.1438617674 -0.6992115244 -0.7002906797 0.0001698348044 0
0.8114692287 0.3895052298 0 -0.02579849791 0.1933257419 0.4562531294 -0.003385646199 0.05090410513 0.248024205 -0.9884878159 -0.07651229429 -0.1305285662 0.03865975486 0.7063463907 -0.7068098752 0.1462780268 -0.7037191521 -0.6952568545 0.0001735922949 0
0.8186814131 0.3929670783 0 -0.02624009818 0.1948057417 0.4553331288 -0.003445449403 0.05134055678 0.2479010024 -0.9880861122 -0.07843498395 -0.1324152116 0.03963898708 0.7016594169 -0.7114090338 0.1487097363 -0.7081821912 -0.690190842 0.000177405899 0
0.8258935976 0.3964289268 0 -0.0266849433 0.1962796546 0.4544063681 -0.003505758893 0.05177658842 0.2477767573 -0.9876743383 -0.08038600233 -0.1343037309 0.04063300227 0.6969496534 -0.715967974 0.1511567419 -0.7126003587 -0.6850929631 0.0001812761216 0
0.833105782 0.3998907754 0 -0.02713301647 0.1977474371 0.4534728824 -0.003566574069 0.05221219653 0.247651471 -0.9872523456 -0.08236540446 -0.1361937817 0.04164184324 0.692217538 -0.720486528 0.1536188885 -0.7169733749 -0.6799635408 0.0001852034693 0
0.8403179665 0.4033526239 0 -0.02758430075 0.1992090463 0.4525327068 -0.003627894326 0.0526473776 0.2475251447 -0.9868199852 -0.08437324088 -0.1380850208 0.04266555077 0.6874635101 -0.7249645322 0.1560960202 -0.7213009625 -0.6748029001 0.0001891884502 0
0.847530151 0.4068144725 0 -0.02803877913 0.2006644393 0.4515858768 -0.003689719057 0.05308212812 0.2473977798 -0.9863771078 -0.08640955762 -0.139977104 0.0437041636 0.6826880107 -0.7294018276 0.1585879799 -0.7255828473 -0.6696113681 0.0001932315742 0
0.8547423354 0.410276321 0 -0.02849643445 0.2021135734 0.4506324282 -0.003752047645 0.05351644457 0.2472693775 -0.9859235636 -0.08847439623 -0.1418696863 0.04475771846 0.677891482 -0.7337982592 0.1610946099 -0.7298187582 -0.6643892736 0.0001973333526 0
0.8619545199 0.4137381695 0 -0.02895724945 0.2035564064 0.449672397 -0.003814879472 0.05395032346 0.247139939 -0.985459203 -0.09056779372 -0.1437624219 0.04582625002 0.6730743676 -0.7381536767 0.1636157511 -0.7340084267 -0.6591369475 0.0002014942986 0
0.8691667043 0.4172000181 0 -0.02942120675 0.2049928962 0.4487058193 -0.003878213914 0.0543837613 0.2470094657 -0.9849838758 -0.09268978257 -0.1456549641 0.0469097909 0.6682371124 -0.742467934 0.166151244 -0.7381515873 -0.6538547227 0.0002057149267 0
0.8754773657 0.4202291356 0 -0.02982973331 0.2062445885 0.4478547223 -0.003934043356 0.05476265485 0.2468944538 -0.9845588504 -0.09456999875 -0.147310507 0.04787022558 0.6639883432 -0.7462090335 0.1683814468 -0.7417384953 -0.6492085127 0.0002094573399 0
0.8826895502 0.4236909841 0 -0.03029953519 0.2076690724 0.4468759683 -0.003998318499 0.0551952563 0.2467620438 -0.9840625557 -0.09674566814 -0.1492017502 0.04898198973 0.6591145276 -0.750445737 0.1709434153 -0.7457937484 -0.6438711312 0.0002137912641 0
0.8899017347 0.4271528326 0 -0.0307724288 0.2090870938 0.4458907733 -0.004063094433 0.05562740666 0.2466286027 -0.9835548618 -0.09894999695 -0.1510917997 0.05010884555 0.6542218572 -0.7546408849 0.1735192711 -0.7498017469 -0.6385048183 0.0002181863583 0
0.8971139191 0.4306146812 0 -0.03124839631 0.2104986115 0.4448991744 -0.004128370514 0.05605910247 0.246494132 -0.983035618 -0.101183 -0.1529803066 0.05125081769 0.6493107814 -0.7587943482 0.176108851 -0.7537622368 -0.6331099138 0.0002226431429 0
0.9043261036 0.4340765297 0 -0.03172741981 0.2119035849 0.4439012087 -0.004194146094 0.05649034025 0.246358633 -0.9825046734 -0.1034446876 -0.1548669213 0.05240792874 0.6443817507 -0.7629060023 0.1787119909 -0.7576749672 -0.6276867598 0.0002271621399 0
0.911538288 0.4375383783 0 -0.03220948127 0.2133019735 0.442896914 -0.00426042052 0.05692111654 0.2462221069 -0.981961877 -0.1057350653 -0.1567512936 0.05358019918 0.6394352166 -0.7669757271 0.181328526 -0.7615396902 -0.6222356997 0.0002317438728 0
0.9187504725 0.4410002268 0 -0.03269456256 0.2146937371 0.441886328 -0.004327193132 0.05735142786 0.2460845553 -0.9814070777 -0.1080541343 -0.158633073 0.05476764747 0.6344716314 -0.7710034071 0.1839582903 -0.7653561609 -0.6167570789 0.0002363888664 0
0.925962657 0.4444620753 0 -0.03318264542 0.2160788359 0.4408694887 -0.004394463267 0.05778127077 0.2459459795 -0.9808401244 -0.1104018911 -0.1605119086 0.05597028993 0.6294914484 -0.7749889309 0.1866011174 -0.7691241375 -0.6112512447 0.0002410976471 0
0.9331748414 0.4479239239 0 -0.03367371152 0.2174572301 0.4398464343 -0.004462230256 0.05821064182 0.2458063808 -0.9802608659 -0.1127783274 -0.1623874492 0.05718814085 0.6244951216 -0.7789321919 0.1892568396 -0.7728433812 -0.6057185458 0.0002458707426 0
0.9394855028 0.4509530414 0 -0.03410582702 0.2186577944 0.4389461937 -0.004521933419 0.0585859517 0.2456833941 -0.9797438017 -0.1148812256 -0.164025568 0.0582662457 0.6201104504 -0.782347796 0.1915910425 -0.776057558 -0.6008556724 0.0002501003755 0
0.9466976873 0.4544148899 0 -0.03460243685 0.2200235119 0.4379115899 -0.004590630191 0.05901442872 0.2455418814 -0.9791410635 -0.1173113983 -0.1658939828 0.05951264363 0.6150850806 -0.786211542 0.1942704892 -0.7796847949 -0.5952735486 0.0002549954889 0
0.9539098717 0.4578767384 0 -0.03510197656 0.2213824126 0.4368708822 -0.004659821869 0.05944242398 0.24539935 -0.9785255855 -0.1197702016 -0.1677580914 0.06077427939 0.6100448766 -0.7900327433 0.1969623451 -0.7832626298 -0.5896655724 0.0002599564424 0
0.9611220562 0.461338587 0 -0.0356044274 0.2227344579 0.4358241096 -0.004729507764 0.05986993404 0.2452558012 -0.9778972167 -0.1222576095 -0.1696175417 0.06205115914 0.6049902951 -0.7938113104 0.1996664398 -0.7867908361 -0.5840320993 0.0002649837692 0
0.9683342407 0.4648004355 0 -0.03610977051 0.2240796096 0.4347713114 -0.004799687185 0.0602969555 0.2451112365 -0.977255806 -0.1247735914 -0.1714719816 0.06334328696 0.5999217933 -0.7975471584 0.2023826019 -0.7902691901 -0.5783734863 0.0002700780041 0
0.9755464251 0.4682622841 0 -0.03661798694 0.2254178297 0.4337125272 -0.004870359433 0.06072348492 0.2449656574 -0.9766012026 -0.127318112 -0.1733210587 0.06465066483 0.594839829 -0.8012402071 0.2051106593 -0.7936974715 -0.5726900917 0.000275239683 0
0.9827586096 0.4717241326 0 -0.03712905763 0.2267490807 0.4326477966 -0.004941523806 0.06114951889 0.2448190653 -0.9759332557 -0.1298911315 -0.175164421 0.06597329263 0.5897448603 -0.8048903804 0.2078504392 -0.797075463 -0.5669822759 0.0002804693433 0
0.989970794 0.4751859811 0 -0.03764296341 0.2280733251 0.4315771596 -0.005013179597 0.061575054 0.2446714616 -0.9752518147 -0.1324926053 -0.1770017162 0.06731116813 0.5846373458 -0.808497607 0.2106017679 -0.8004029507 -0.5612504004 0.0002857675237 0
0.9971829785 0.4786478297 0 -0.03815968503 0.2293905258 0.4305006562 -0.005085326095 0.06200008685 0.244522848 -0.974556729 -0.1351224845 -0.1788325923 0.06866428702 0.5795177444 -0.8120618201 0.2133644712 -0.8036797236 -0.5554948283 0.0002911347642 0
1.004395163 0.4821096782 0 -0.03867920313 0.2307006461 0.4294183268 -0.005157962582 0.06242461405 0.2443732258 -0.9738478486 -0.1377807151 -0.1806566973 0.07003264289 0.5743865152 -0.8155829572 0.2161383739 -0.8069055742 -0.5497159245 0.0002965716064 0
1.010705824 0.4851387957 0 -0.03913606017 0.2318411646 0.4284665413 -0.005221920885 0.06279565788 0.2442414802 -0.9732161442 -0.1401298782 -0.1822469583 0.07124244672 0.5698875124 -0.8186285709 0.2185745877 -0.8096862605 -0.544640532 0.0003013863649 0
1.017918009 0.4886006442 0 -0.03966076916 0.2331379111 0.4273733976 -0.005295474153 0.06321922782 0.244089971 -0.9724809943 -0.142841107 -0.1840574198 0.07263934732 0.5647357194 -0.8220687882 0.2213690151 -0.8128160834 -0.5388188691 0.0003069551739 0
1.025130193 0.4920624928 0 -0.04018821844 0.2344274731 0.4262745449 -0.005369515321 0.06364228237 0.2439374577 -0.971731619 -0.1455805071 -0.1858600997 0.07405145476 0.5595736196 -0.8254657753 0.2241741349 -0.815894405 -0.532974931 0.0003125951484 0
1.032342378 0.4955243413 0 -0.04071838829 0.2357098149 0.4251700244 -0.005444043655 0.06406481814 0.2437839417 -0.9709678688 -0.1483480068 -0.1876546472 0.0754787545 0.5544016728 -0.8288194875 0.2269897693 -0.8189210304 -0.5271090879 0.0003183068349 0
1.039554562 0.4989861899 0 -0.04125125887 0.2369849014 0.4240598773 -0.005519058414 0.06448683178 0.2436294245 -0.970189595 -0.1511435298 -0.1894407117 0.07692122988 0.5492203386 -0.8321298841 0.2298157398 -0.8218957678 -0.5212217117 0.0003240907813 0
1.046766747 0.5024480384 0 -0.04178681029 0.2382526975 0.4229441452 -0.005594558851 0.0649083199 0.2434739078 -0.9693966487 -0.1539669953 -0.1912179432 0.07837886218 0.5440300766 -0.8353969294 0.2326518674 -0.8248184286 -0.5153131752 0.0003299475366 0
1.053978931 0.5059098869 0 -0.04232502252 0.2395131684 0.4218228698 -0.005670544219 0.06532927916 0.243317393 -0.9685888819 -0.1568183178 -0.192985992 0.07985163054 0.5388313463 -0.838620592 0.2354979724 -0.8276888277 -0.5093838528 0.0003358776513 0
1.061191116 0.5093717355 0 -0.04286587547 0.2407662798 0.4206960928 -0.00574701376 0.06574970621 0.2431598818 -0.9677661465 -0.1596974072 -0.1947445091 0.08133951205 0.533624607 -0.841800845 0.2383538745 -0.8305067832 -0.5034341204 0.0003418816771 0
1.0684033 0.512833584 0 -0.04340934895 0.2420119975 0.4195638564 -0.005823966715 0.06616959769 0.2430013758 -0.9669282951 -0.1626041689 -0.196493146 0.08284248169 0.5284103178 -0.8449376659 0.2412193927 -0.8332721166 -0.4974643548 0.0003479601668 0
1.074713961 0.5158627015 0 -0.04388702196 0.2430959089 0.4185687042 -0.005891696501 0.06653656077 0.2428618681 -0.9661826596 -0.1651702074 -0.198014825 0.08416993584 0.5238419821 -0.8476467423 0.2437344666 -0.8356484789 -0.4922246737 0.0003533403647 0
1.081926146 0.51932455 0 -0.04443535422 0.2443276728 0.4174263454 -0.005969553793 0.06695543907 0.2427015009 -0.9653160695 -0.1681285835 -0.1997439994 0.08570112102 0.5186147733 -0.8507020835 0.2466175252 -0.8383146762 -0.4862183664 0.0003595599692 0
1.08913833 0.5227863986 0 -0.04498624847 0.2455519468 0.416278649 -0.006047892289 0.06737377221 0.2425401435 -0.9644339418 -0.1711143341 -0.2014622955 0.08724731077 0.5133813327 -0.8537139533 0.2495096764 -0.8409277567 -0.4801931168 0.0003658556345 0
1.096350515 0.5262482471 0 -0.04553968418 0.246768698 0.415125658 -0.006126711209 0.06779155688 0.2423777974 -0.9635361307 -0.1741273469 -0.2031693673 0.088808472 0.508142118 -0.8566823467 0.2524107368 -0.8434875547 -0.4741493066 0.0003722279183 0
1.103562699 0.5297100957 0 -0.04609564075 0.2479778937 0.4139674151 -0.006206009771 0.06820878976 0.2422144643 -0.9626224911 -0.1771675049 -0.2048648699 0.09038456955 0.5028975866 -0.8596072632 0.2553205227 -0.8459939082 -0.4680873188 0.0003786773799 0
