0.007372273196 0.003351140504 7.276433645e-05 -2.099962596e-06 0.001879919391 0.5099953802 -2.635656465e-07 0.0004682844011 0.2549994265 -0.9999999999 -5.937684649e-08 -1.22294731e-05 3.033200186e-08 0.9999730961 -0.007335332453 1.222957962e-05 -0.007335332453 -0.999973096 2.96061611e-08 9.677656747e-05 0
0.01465487113 0.006661518223 0.0001446435781 -8.297906228e-06 0.003736911439 0.5099817452 -1.047570124e-06 0.0009326989754 0.2549977206 -0.9999999988 -4.691056067e-07 -4.832261806e-05 2.355350665e-07 0.999893692 -0.01458097329 4.832432099e-05 -0.01458097328 -0.9998936908 5.353601204e-08 0.0001923759589 0
0.02193746907 0.009971895942 0.0002165228198 -1.859390363e-05 0.005593783917 0.5099590947 -2.35554852e-06 0.001397821601 0.2549948743 -0.9999999941 -1.574819495e-06 -0.0001082751673 7.887359209e-07 0.9997617912 -0.02182569036 0.0001082837467 -0.02182569032 -0.9997617854 3.508460198e-08 0.0002879753503 0
0.02922006701 0.01328227366 0.0002884020614 -3.298755946e-05 0.007450477412 0.5099274297 -4.186838178e-06 0.001863014988 0.2549908892 -0.9999999815 -3.722252165e-06 -0.0001920770263 1.862812698e-06 0.9995774066 -0.02906902473 0.0001921040581 -0.02906902455 -0.9995773882 1.974136156e-08 0.0003835747417 0
0.03559234021 0.01617885416 0.0003512963978 -4.894293815e-05 0.009074890697 0.509892329 -6.217915705e-06 0.002270004281 0.2549864692 -0.9999999594 -6.727466492e-06 -0.0002849565457 3.365765548e-06 0.9993730306 -0.03540544739 0.0002850160756 -0.03540544691 -0.99937299 9.026100985e-08 0.0004672242091 0
0.04287493815 0.01948923188 0.0004231756395 -7.101809029e-05 0.01093108849 0.5098437652 -9.028732892e-06 0.002735057815 0.2549803524 -0.9999999145 -1.17594048e-05 -0.0004134346721 5.882195428e-06 0.9990902902 -0.0426449528 0.0004135600458 -0.04264495158 -0.9990902047 1.94388849e-07 0.0005628236005 0
0.05015753608 0.0227996096 0.0004950548812 -9.718888801e-05 0.01278693654 0.5097861913 -1.236157196e-05 0.0032000364 0.2549730996 -0.9999998398 -1.882600637e-05 -0.0005657107222 9.416075888e-06 0.9987551303 -0.04988175709 0.0005659455604 -0.04988175442 -0.9987549701 3.215219181e-07 0.0006584229919 0
0.05744013402 0.02610998732 0.0005669341228 -0.0001274543265 0.01464237548 0.5097196095 -1.621630531e-05 0.003664948883 0.2549647111 -0.9999997245 -2.827212015e-05 -0.0007417590515 1.413990218e-05 0.9983675829 -0.05711540218 0.0007421629649 -0.05711539693 -0.9983673075 4.706939265e-07 0.0007540223833 0
0.06472273196 0.02942036504 0.0006388133645 -0.0001618132437 0.01649734595 0.5096440223 -2.05928444e-05 0.004129801431 0.254955187 -0.9999995559 -4.044224187e-05 -0.0009415500092 2.02260167e-05 0.9979276853 -0.06434543034 0.0009422010948 -0.06434542081 -0.9979272414 6.414254399e-07 0.0008496217747 0
0.07109500516 0.03231694554 0.0007017077009 -0.0001952341948 0.01812001418 0.5095704985 -2.485030324e-05 0.004536501028 0.2549459221 -0.9999993535 -5.359614856e-05 -0.001135817115 2.680422013e-05 0.9974998644 -0.07066837844 0.001136764971 -0.0706683632 -0.9974992181 8.083088373e-07 0.0009332712422 0
0.0783776031 0.03562732326 0.0007735869426 -0.0002372647056 0.01997394638 0.5094780344 -3.02050397e-05 0.00500124894 0.2549342693 -0.9999990452 -7.180086216e-05 -0.001380031655 3.590851561e-05 0.9969619278 -0.07789039253 0.001381431616 -0.07789036772 -0.9969609733 1.018919862e-06 0.001028870634 0
0.08566020103 0.03893770098 0.0008454661842 -0.0002833844792 0.0218272396 0.5093765741 -3.608138846e-05 0.005465941879 0.2549214814 -0.9999986379 -9.371757872e-05 -0.001647881301 4.686953195e-05 0.9963717757 -0.08510747607 0.001649878485 -0.08510743738 -0.9963704141 1.250702731e-06 0.001124470025 0
0.09294279897 0.0422480787 0.0009173454259 -0.0003335917451 0.02367983458 0.5092661216 -4.247928407e-05 0.005930578938 0.2549075585 -0.9999981124 -0.0001196889427 -0.001939320924 5.985881032e-05 0.9957294646 -0.09231917312 0.00194208857 -0.09231911494 -0.9957275779 1.503660897e-06 0.001220069416 0
0.1002253969 0.04555845642 0.0009892246675 -0.0003878845757 0.02553167209 0.5091466812 -4.939865831e-05 0.006395158468 0.2548925008 -0.9999974478 -0.0001500569964 -0.00225430141 7.504763135e-05 0.9950350562 -0.09952502832 0.002258043357 -0.0995249435 -0.9950325054 1.777829743e-06 0.001315668808 0
0.1065976701 0.04845503692 0.001052119004 -0.0004387406078 0.02715136201 0.5090348015 -5.588082979e-05 0.006801616663 0.2548783946 -0.9999967345 -0.0001805040977 -0.002549178563 9.027659662e-05 0.994384765 -0.105825002 0.002553966173 -0.1058248866 -0.9943815016 2.035171947e-06 0.001399318275 0
0.113880268 0.05176541464 0.001123998246 -0.0005006881317 0.02900161973 0.5088985214 -6.377777936e-05 0.007266082161 0.2548612095 -0.9999957471 -0.0002200355446 -0.002908151961 0.0001100502145 0.9935928573 -0.1130186786 0.002914387143 -0.113018518 -0.9935886075 2.349280268e-06 0.001494917667 0
0.121162866 0.05507579236 0.001195877487 -0.0005667148061 0.03085094988 0.5087532673 -7.219598926e-05 0.007730482932 0.2548428902 -0.9999945512 -0.0002649432402 -0.003290502905 0.0001325141563 0.9927490571 -0.120205208 0.003298491214 -0.120204989 -0.9927436127 2.68480861e-06 0.001590517058 0
0.1284454639 0.05838617008 0.001267756729 -0.0006368180964 0.03269929336 0.508599045 -8.113537472e-05 0.008194815963 0.2548234367 -0.9999931194 -0.0003155664147 -0.003696166923 0.0001578384856 0.9918534451 -0.1273841374 0.003706254052 -0.1273838443 -0.9918465707 3.04185527e-06 0.001686116449 0
0.1357280619 0.0616965478 0.001339635971 -0.0007109953121 0.03454659114 0.5084358604 -9.059584612e-05 0.008659078074 0.2548028492 -0.9999914226 -0.0003722434494 -0.004125075594 0.0001861928983 0.9909061072 -0.1345550151 0.004137649821 -0.134554629 -0.9908975384 3.420528565e-06 0.001781715841 0
0.1421003351 0.0645931283 0.001402530307 -0.0007792400333 0.0361620725 0.5082857268 -9.930113769e-05 0.009065246655 0.2547839051 -0.9999896963 -0.0004270672407 -0.004519381777 0.0002136217323 0.9900348262 -0.1408225736 0.00453448606 -0.140822088 -0.990024534 3.769700323e-06 0.001865365308 0
0.149382933 0.06790350602 0.001474409549 -0.0008610480625 0.03800725057 0.5081057549 -0.0001097383864 0.009529366826 0.2547611921 -0.9999874185 -0.0004960041376 -0.004991676068 0.0002481135632 0.9889907505 -0.1479771395 0.005010118734 -0.1479765162 -0.9889781845 4.189246329e-06 0.0019609647 0
0.1566655309 0.07121388374 0.00154628879 -0.0009469214111 0.03985121343 0.5079168396 -0.0001206964357 0.009993406353 0.2547373457 -0.9999847827 -0.0005719625566 -0.005486996419 0.0002861211093 0.987895223 -0.1551223598 0.005509301732 -0.1551215692 -0.9878800263 4.630778259e-06 0.002056564091 0
0.1639481289 0.07452426146 0.001618168032 -0.001036856784 0.0416939022 0.5077189881 -0.0001321751766 0.01045736172 0.2547123663 -0.9999817536 -0.0006552771147 -0.006005259216 0.000327812437 0.9867483485 -0.1622577863 0.006032003428 -0.1622567942 -0.9867301291 5.094436062e-06 0.002152163483 0
0.1712307268 0.07783463918 0.001690047274 -0.001130850729 0.04353525808 0.507512208 -0.0001441744948 0.01092122935 0.254686254 -0.9999782938 -0.0007462813357 -0.006546376952 0.0003733551394 0.9855502369 -0.1693829718 0.006578190706 -0.1693817392 -0.9855285657 5.58036687e-06 0.002247762874 0
0.177603 0.08073121968 0.00175294161 -0.001216421897 0.04514530491 0.5073239575 -0.0001551008407 0.01132703874 0.2546624768 -0.9999748827 -0.00083247928 -0.007038531409 0.0004164957089 0.9844599488 -0.1756087577 0.007075342923 -0.1756072784 -0.9844348751 6.023948116e-06 0.002331412341 0
0.1848855979 0.0840415974 0.001824820852 -0.001318015823 0.04698400332 0.507100458 -0.000168075916 0.01179073214 0.2546342412 -0.9999705095 -0.0009387965521 -0.007622252777 0.0004697097157 0.9831660804 -0.1827135403 0.007665471228 -0.1827117323 -0.9831366454 6.552061451e-06 0.002427011733 0
0.1921681959 0.08735197512 0.001896700093 -0.001423657534 0.04882120009 0.5068680536 -0.000181571212 0.01225432737 0.2546048735 -0.9999655896 -0.001053755828 -0.008228555905 0.0005272540963 0.9818213175 -0.1898068029 0.008278981625 -0.1898046101 -0.9817869771 7.102908938e-06 0.002522611124 0
0.1994507938 0.09066235284 0.001968579335 -0.001533342976 0.05065683665 0.5066267534 -0.0001955865948 0.01271782076 0.2545743741 -0.9999600795 -0.001177685927 -0.008857338304 0.0005892944068 0.980425789 -0.196888103 0.008915835243 -0.1968854627 -0.9803859559 7.676663764e-06 0.002618210516 0
0.2067333918 0.09397273056 0.002040458577 -0.001647067942 0.0524908545 0.5063765665 -0.0002101219251 0.0131812086 0.2545427433 -0.999953934 -0.001310914333 -0.009508493653 0.0006559956257 0.9789796281 -0.2039569992 0.009575991734 -0.2039538412 -0.9789336704 8.273505515e-06 0.002713809907 0
0.213105665 0.09686931106 0.002103352913 -0.001749887534 0.05409424631 0.5061503706 -0.0002232667453 0.01358658346 0.2545141385 -0.9999479986 -0.001435373099 -0.0100965209 0.0007183118328 0.9776728115 -0.2101317626 0.01017271146 -0.2101280879 -0.9776209402 8.814826518e-06 0.002797459374 0
0.2203882629 0.1001796888 0.002175232155 -0.001871174727 0.05592507161 0.5058835473 -0.0002387765844 0.01404976341 0.2544803871 -0.9999405343 -0.001586913651 -0.01078932568 0.000794194822 0.9761320915 -0.2171762171 0.01087644695 -0.2171718714 -0.9760727848 9.45546215e-06 0.002893058766 0
0.2276708608 0.1034900665 0.002247111396 -0.001996488487 0.05775411038 0.5056078659 -0.0002548059425 0.01451282711 0.2544455052 -0.9999322957 -0.001748686154 -0.01150417651 0.0008752096225 0.9745411495 -0.2242070069 0.01160336109 -0.2242018957 -0.9744736384 1.011973578e-05 0.002988658157 0
0.2349534588 0.1068004442 0.002318990638 -0.002125824005 0.05958130438 0.5053233368 -0.0002713546604 0.01497577085 0.2544094931 -0.9999232315 -0.001921012461 -0.01224095236 0.0009615187745 0.9729001377 -0.2312236961 0.01235340783 -0.2312177153 -0.9728236024 1.08078509e-05 0.003084257549 0
0.2422360567 0.1101108219 0.00239086988 -0.002259176323 0.06140659548 0.5050299711 -0.000288422574 0.01543859087 0.2543723513 -0.9999132885 -0.002104212854 -0.01299952842 0.001053284137 0.9712092126 -0.2382258505 0.01312653966 -0.2382188858 -0.9711227813 1.152001697e-05 0.00317985694 0
0.2486083299 0.1130074024 0.002453764216 -0.002379150616 0.06300211857 0.5047660361 -0.000303782768 0.01584345396 0.2543389258 -0.9999038248 -0.0022736839 -0.01368106452 0.001138181338 0.9696888357 -0.2443404724 0.01382192852 -0.2443325444 -0.9695929878 1.216306072e-05 0.003263506408 0
0.2558909278 0.1163177802 0.002525643458 -0.00252002053 0.06482368528 0.5044561322 -0.000321823713 0.01630603191 0.2542996666 -0.999892086 -0.002478130794 -0.01448016661 0.001240610901 0.9679047625 -0.2513142091 0.0146382117 -0.251305053 -0.9677972376 1.292090729e-05 0.003359105799 0
0.2631735258 0.1196281579 0.002597522699 -0.002664892128 0.06664318237 0.5041374249 -0.0003403833528 0.01676847535 0.2542592788 -0.9998793074 -0.002694363402 -0.01530068935 0.001348958043 0.966071253 -0.2582721714 0.01547743521 -0.2582616399 -0.9659510207 1.370343952e-05 0.00345470519 0
0.2704561237 0.1229385356 0.002669401941 -0.002813759857 0.06846055202 0.5038099264 -0.0003594615035 0.01723078054 0.2542177627 -0.9998654298 -0.002922695465 -0.01614249352 0.001463381792 0.9641884821 -0.2652139314 0.01633954588 -0.2652018641 -0.9640544541 1.451088925e-05 0.003550304582 0
0.2777387217 0.1262489133 0.002741281183 -0.002966618011 0.07027573651 0.5034736492 -0.0003790579756 0.0176929437 0.2541751188 -0.9998503927 -0.003163438925 -0.01700543625 0.001584040391 0.9622566296 -0.2721390629 0.01722448908 -0.2721252862 -0.962107658 1.53434939e-05 0.003645903973 0
0.2841109949 0.1291454938 0.002804175519 -0.003103637687 0.07186218511 0.5031722156 -0.0003966299217 0.01809721701 0.2541368805 -0.9998362352 -0.003384514493 -0.01777773627 0.001694854985 0.9605261411 -0.2781845787 0.01801750015 -0.2781691525 -0.9603631044 1.609284875e-05 0.003729553441 0
0.2913935928 0.1324558715 0.002876054761 -0.003263961974 0.07367311713 0.5028195134 -0.0004171977187 0.01855910373 0.254092123 -0.999818855 -0.003649363618 -0.018679916 0.001827627649 0.9585027605 -0.2850773893 0.0189451021 -0.2850598889 -0.9583224629 1.697327806e-05 0.003825152832 0
0.2986761907 0.1357662493 0.002947934003 -0.003428259429 0.07548169855 0.5024580706 -0.0004382832644 0.01902083761 0.254046239 -0.9998001324 -0.003927510499 -0.01960280323 0.001967085585 0.9564308402 -0.2919523564 0.01989537151 -0.291932565 -0.956231955 1.787957544e-05 0.003920752223 0
0.3059587887 0.139076627 0.003019813244 -0.003596523759 0.07728787201 0.5020879009 -0.0004598863496 0.01948241487 0.2539992288 -0.9997800007 -0.004219259646 -0.02054624104 0.002113383823 0.9543105777 -0.2988090609 0.02086824817 -0.2987867452 -0.9540917131 1.881199935e-05 0.004016351615 0
0.3132413866 0.1423870047 0.003091692486 -0.003768748514 0.07909158025 0.5017090186 -0.0004820067602 0.01994383176 0.2539510929 -0.9997583919 -0.004524913542 -0.02151006892 0.00226667651 0.9521421748 -0.3056470859 0.02186367044 -0.3056219954 -0.951901873 1.977081344e-05 0.004111951006 0
0.3196136598 0.1452835852 0.003154586822 -0.003922688779 0.08066775779 0.5013703608 -0.0005017863154 0.02034743701 0.253908051 -0.9997382177 -0.004804003152 -0.02237001567 0.002406665741 0.9502054944 -0.3116147083 0.02275310984 -0.3115869703 -0.9499451858 2.063163519e-05 0.004195600474 0
0.3268962577 0.1485939629 0.003226466064 -0.004102321432 0.08246668981 0.5009751816 -0.0005248761153 0.02080854304 0.2538578059 -0.9997136505 -0.005136536476 -0.02337162998 0.002573485352 0.9479473883 -0.3184165922 0.02379063404 -0.3183855604 -0.9476627252 2.164065951e-05 0.004291199865 0
0.3341788557 0.1519043406 0.003298345306 -0.004285895134 0.08426299261 0.5005713324 -0.0005484825958 0.02126947785 0.2538064365 -0.999687402 -0.005483832467 -0.02439315319 0.002747737509 0.9456417475 -0.3251986091 0.0248505187 -0.3251639786 -0.9453310736 2.267686063e-05 0.004386799256 0
0.3414614536 0.1552147184 0.003370224547 -0.004473402856 0.08605660936 0.5001588286 -0.0005726055227 0.0217302377 0.2537539434 -0.9996593984 -0.005846185314 -0.02543441115 0.002929572766 0.9432887912 -0.33196035 0.02593269667 -0.3319217957 -0.9429503787 2.374052184e-05 0.004482398648 0
0.3487440516 0.1585250961 0.003442103789 -0.004664837417 0.08784748334 0.4997376861 -0.0005972446567 0.0221908188 0.2537003272 -0.9996295645 -0.006223886954 -0.02649522624 0.003119140702 0.9408887432 -0.3387014081 0.0270370994 -0.3386585834 -0.9405207914 2.483193133e-05 0.004577998039 0
0.3551163248 0.1614216766 0.003504998125 -0.004835558134 0.08941220365 0.4993621125 -0.0006192271581 0.02259367769 0.253652492 -0.999601898 -0.006567194454 -0.02743934015 0.003291472691 0.9387502505 -0.3445825496 0.02802162805 -0.3445356864 -0.9383549164 2.580990713e-05 0.004661647507 0
0.3623989227 0.1647320543 0.003576877367 -0.005034335643 0.09119778248 0.498924816 -0.0006448335177 0.02305391352 0.2535967712 -0.9995684242 -0.00697445393 -0.02853633415 0.003495939083 0.9362625236 -0.351283739 0.02916751248 -0.3512318947 -0.9358340731 2.695413813e-05 0.004757246898 0
0.3696815206 0.168042432 0.003648756609 -0.005237018514 0.09298045615 0.4984789279 -0.0006709553679 0.0235139598 0.2535399288 -0.9995328954 -0.007397888591 -0.02965235553 0.003708562586 0.9337283725 -0.3579630888 0.03033541672 -0.3579058502 -0.9332647882 2.812697255e-05 0.00485284629 0
0.3769641186 0.1713528097 0.00372063585 -0.00544359899 0.09476016839 0.4980244654 -0.0006975924496 0.02397381275 0.2534819653 -0.9994952309 -0.007837781245 -0.03078721345 0.003929488817 0.9311480377 -0.364620201 0.03152526677 -0.36455713 -0.9306472245 2.932871684e-05 0.004948445681 0
0.3842467165 0.1746631875 0.003792515092 -0.005654069164 0.09653686308 0.4975614459 -0.0007247444987 0.02443346864 0.2534228814 -0.9994553484 -0.008294412231 -0.03194071376 0.004158862328 0.928521764 -0.3712546803 0.03273698724 -0.3711853129 -0.9279815479 3.055968201e-05 0.005044045072 0
0.3915293144 0.1779735652 0.003864394334 -0.005868420981 0.09831048424 0.497089887 -0.0007524112457 0.02489292368 0.2533626777 -0.9994131643 -0.008768059388 -0.03311265894 0.004396826582 0.9258498005 -0.3778661334 0.03397050137 -0.3777899787 -0.9252679272 3.182018352e-05 0.005139644464 0
0.3979015876 0.1808701457 0.00392728867 -0.006059156539 0.09985983756 0.4966702822 -0.000777041647 0.02529477915 0.2533090812 -0.9993742983 -0.009196675704 -0.03415308378 0.004612204337 0.9234745516 -0.3836319593 0.03506764245 -0.3835494411 -0.922854315 3.294760274e-05 0.005223293931 0
0.4051841856 0.1841805234 0.003999167912 -0.006280764216 0.1016275454 0.4961827609 -0.000805672709 0.02575384752 0.2532467794 -0.9993275682 -0.009702968131 -0.03535906935 0.004866659052 0.9207176057 -0.3901991877 0.03634180796 -0.390108886 -0.9200512649 3.426435047e-05 0.005318893323 0
0.4124667835 0.1874909011 0.004071047153 -0.006506229561 0.1033920193 0.495686753 -0.0008348176664 0.02621270425 0.2531833594 -0.9992782884 -0.01022706117 -0.03658291376 0.005130110746 0.9179157096 -0.396742274 0.03763753875 -0.3966436149 -0.9172007732 3.561156581e-05 0.005414492714 0
0.4197493815 0.1908012788 0.004142926395 -0.00673554395 0.1051532041 0.4951822775 -0.0008644762299 0.02667134561 0.253118822 -0.9992263698 -0.01076922254 -0.03782440687 0.005402698501 0.9150691285 -0.4032608349 0.03895475271 -0.403153214 -0.9143030205 3.698958091e-05 0.005510092105 0
0.4270319794 0.1941116566 0.004214805637 -0.006968698614 0.1069110442 0.4946693536 -0.0008946481053 0.02712976785 0.2530531678 -0.9991717222 -0.01132971727 -0.03908333541 0.005684560219 0.9121781317 -0.4097544897 0.04029336639 -0.4096372707 -0.9113581903 3.839873203e-05 0.005605691497 0
0.4334042526 0.1970082371 0.004277699973 -0.007175852165 0.1084463673 0.4942136304 -0.0009214693375 0.0275307046 0.2529948048 -0.9991215949 -0.01183539548 -0.04019903027 0.005938904272 0.9096122897 -0.4154157097 0.04148214118 -0.4152895446 -0.9087429923 3.965754801e-05 0.005689340964 0
0.4406868505 0.2003186148 0.004349579215 -0.0074161832 0.1101977876 0.493684919 -0.0009526028623 0.02798870587 0.2529270584 -0.9990615825 -0.01243096995 -0.04149006433 0.006238522196 0.9066387537 -0.4218616492 0.0428606497 -0.4217246035 -0.9057103971 4.11259997e-05 0.005784940356 0
0.4479694485 0.2036289925 0.004421458456 -0.007660328487 0.111945705 0.4931478166 -0.0009842488249 0.02844647725 0.2528581971 -0.9989985742 -0.01304562424 -0.04279790306 0.006547803845 0.9036215991 -0.4282816034 0.04426031047 -0.4281329434 -0.9026312689 4.262657666e-05 0.005880539747 0
0.4552520464 0.2069393702 0.004493337698 -0.007908278695 0.1136900648 0.4926023436 -0.001016406912 0.028904015 0.2527882216 -0.9989324747 -0.01367961249 -0.0441223211 0.006866882401 0.9005611108 -0.4346752024 0.04568103483 -0.4345141584 -0.8995058028 4.415963058e-05 0.005976139138 0
0.4625346443 0.2102497479 0.00456521694 -0.00816002435 0.1154308122 0.4920485209 -0.001049076803 0.02936131537 0.2527171326 -0.9988631874 -0.01433318593 -0.04546309001 0.007195889782 0.8974575777 -0.4410420789 0.04712273276 -0.4408678441 -0.8963341967 4.572551694e-05 0.00607173853 0
0.4689069175 0.2131463284 0.004628111276 -0.00838340769 0.1169509602 0.4915570933 -0.001078082544 0.02976125554 0.2526540169 -0.9987998693 -0.01492132392 -0.04664949378 0.007492018715 0.8947069062 -0.4465908885 0.04840135156 -0.44640442 -0.8935213501 4.71228827e-05 0.006155387997 0
0.4761895155 0.2164567062 0.004699990518 -0.008642243767 0.118684788 0.4909876721 -0.001111711193 0.03021810077 0.2525808421 -0.9987243403 -0.01561228645 -0.04802029444 0.007839993747 0.8915234563 -0.4529066807 0.0498821277 -0.4527054047 -0.8902637755 4.875130108e-05 0.006250987389 0
0.4834721134 0.2197670839 0.004771869759 -0.008904847249 0.1204148472 0.4904099629 -0.001145850701 0.03067469789 0.2525065559 -0.9986453389 -0.01632353992 -0.04940677257 0.008198269695 0.8882978138 -0.4591947108 0.05138361126 -0.4589777076 -0.8869606465 5.041359462e-05 0.00634658678 0
0.4907547114 0.2230774616 0.004843749001 -0.009171208109 0.122141084 0.4898239878 -0.001180500731 0.03113104318 0.252431159 -0.9985627637 -0.01705532394 -0.05080868825 0.008566973432 0.8850302825 -0.465454623 0.05290570709 -0.4652209314 -0.8836121724 5.2110133e-05 0.006442186171 0
0.4980373093 0.2263878393 0.004915628243 -0.009441316174 0.1238634445 0.4892297691 -0.001215660938 0.03158713291 0.2523546523 -0.9984765123 -0.01780787502 -0.05222579863 0.008946230488 0.88172117 -0.4716860644 0.05444831876 -0.4714346805 -0.8802185653 5.384128943e-05 0.006537785563 0
0.5044095825 0.2292844198 0.004978522579 -0.009680726508 0.1253672879 0.4887030832 -0.00124684435 0.03198599885 0.252286799 -0.9983979449 -0.01848357625 -0.05347804157 0.009286835078 0.8787918317 -0.4771149455 0.05581485658 -0.4768472229 -0.8772123049 5.538474492e-05 0.00662143503 0
0.5116921804 0.2325947975 0.005050401821 -0.009957832679 0.1270822356 0.4880934691 -0.001282960196 0.03244159937 0.2522082133 -0.9983045198 -0.01927569214 -0.05492297762 0.009686213204 0.8754055966 -0.4832920636 0.05739567102 -0.4830046472 -0.8737346552 5.718182801e-05 0.006717034422 0
0.5189747784 0.2359051753 0.005122281063 -0.01023865603 0.1287931532 0.4874756775 -0.001319585203 0.03289693362 0.2521285199 -0.9982071169 -0.02008923751 -0.05638239446 0.01009649792 0.8719786852 -0.4894397136 0.05899671684 -0.4891314701 -0.8702124984 5.901462109e-05 0.006812633813 0
0.5262573763 0.239215553 0.005194160304 -0.01052318584 0.1304999873 0.486849732 -0.001356719008 0.0333519979 0.2520477197 -0.9981056291 -0.02092443656 -0.05785603834 0.0105178094 0.8685114196 -0.4955575544 0.0606178926 -0.4952273033 -0.8666460576 6.08835104e-05 0.006908233205 0
0.5335399742 0.2425259307 0.005266039546 -0.01081141126 0.132202685 0.4862156563 -0.001394361243 0.03380678849 0.2519658134 -0.9979999482 -0.0217815102 -0.05934365284 0.0109502664 0.8650041251 -0.5016452485 0.0622590956 -0.5012917608 -0.8630355587 6.278888542e-05 0.007003832596 0
0.5399122474 0.2454225112 0.005328933882 -0.01106663142 0.1336891107 0.4856541899 -0.001427714976 0.03420450283 0.2518932388 -0.997903952 -0.02254956479 -0.06065657212 0.01133790134 0.8619026647 -0.506946988 0.06371149509 -0.506572121 -0.8598404106 6.448632684e-05 0.007087482063 0
0.5471948454 0.2487328889 0.005400813124 -0.01136175637 0.1353839102 0.4850049358 -0.001466309507 0.03465877026 0.2518092609 -0.9977901137 -0.02344823721 -0.06216968091 0.01179157125 0.8583212054 -0.512977258 0.06538996789 -0.5125767148 -0.8561479216 6.646117333e-05 0.007183081455 0
0.5544774433 0.2520432666 0.005472692366 -0.01166054493 0.1370744218 0.484347622 -0.00150541138 0.03511275334 0.2517241794 -0.9976717651 -0.02436940083 -0.06369600811 0.01225672004 0.8547006725 -0.5189764284 0.06708816557 -0.5185488335 -0.8524120396 6.847364276e-05 0.007278680846 0
0.5617600413 0.2553536444 0.005544571607 -0.01196298574 0.1387605932 0.4836822735 -0.001545020208 0.03556644837 0.251637995 -0.9975487938 -0.02531326358 -0.06523528701 0.01273346082 0.8510414049 -0.5249441743 0.06880598056 -0.5244880989 -0.8486330015 7.052413661e-05 0.007374280238 0
0.5690426392 0.2586640221 0.005616450849 -0.01226906725 0.1404423721 0.4830089158 -0.001585135599 0.03601985166 0.2515507088 -0.9974210863 -0.02628002995 -0.06678724836 0.01322190519 0.8473437449 -0.5308801741 0.07054330401 -0.5303941346 -0.8448110465 7.261305932e-05 0.007469879629 0
0.5754149124 0.2615606026 0.005679345185 -0.01253986592 0.1419102847 0.4824131777 -0.001620651792 0.03641633731 0.2514734301 -0.9973053672 -0.02714489676 -0.0681554045 0.01365898122 0.8440770704 -0.5360478817 0.07207937857 -0.5355343629 -0.841431821 7.447271054e-05 0.007553529096 0
0.5826975103 0.2648709803 0.005751224427 -0.01285274221 0.143583688 0.4817248719 -0.00166171591 0.03686918361 0.2513840802 -0.99716847 -0.02815514646 -0.06973041091 0.0141696654 0.8403083591 -0.5419235021 0.07385298275 -0.5413770861 -0.8375300518 7.663478759e-05 0.007649128488 0
0.5899801083 0.268181358 0.005823103669 -0.0131692253 0.14525255 0.4810286314 -0.001703285433 0.03732172755 0.2512936308 -0.9970265047 -0.02918886825 -0.07131731171 0.0146923656 0.8365022583 -0.5477664706 0.07564577564 -0.5471855095 -0.8335860692 7.883647238e-05 0.007744727879 0
0.5972627062 0.2714917357 0.00589498291 -0.01348930315 0.1469168194 0.4803244827 -0.001745359949 0.03777396545 0.251202083 -0.9968793539 -0.03024625298 -0.07291582804 0.01522718751 0.832659123 -0.5535764786 0.07745764365 -0.5529592653 -0.8296001232 8.10781804e-05 0.007840327271 0
0.6045453041 0.2748021135 0.005966862152 -0.01381296355 0.1485764448 0.4796124526 -0.001787939039 0.03822589362 0.2511094376 -0.9967268993 -0.03132748793 -0.07452567871 0.01577423525 0.8287793115 -0.5593532214 0.07928847199 -0.5586979876 -0.8255724662 8.336032985e-05 0.007935926662 0
0.6109175773 0.277698694 0.006029756488 -0.01409909555 0.1500247674 0.4789829823 -0.001825609322 0.03862107379 0.2510274734 -0.9965890569 -0.03229327761 -0.07594337288 0.01626301168 0.8253546746 -0.5643803465 0.08090590902 -0.5636903452 -0.8220142508 8.539071606e-05 0.00801957613 0
0.6182001753 0.2810090717 0.00610163573 -0.01442943994 0.1516755481 0.4782562479 -0.001869133349 0.0390724113 0.2509327726 -0.9964263353 -0.03341972385 -0.07757370932 0.01683325799 0.821407072 -0.5700939077 0.0827719744 -0.5693624015 -0.8179090757 8.774982977e-05 0.008115175521 0
0.6254827732 0.2843194494 0.006173514972 -0.01476333111 0.1533215387 0.4775217109 -0.001913160725 0.03952342851 0.250836977 -0.9962579644 -0.03457053843 -0.07921455869 0.01741602066 0.8174238406 -0.5757733469 0.08465666341 -0.5749983849 -0.8137629303 9.015060212e-05 0.008210774912 0
0.6327653712 0.2876298271 0.006245394213 -0.01510075635 0.1549626888 0.4767793991 -0.001957691011 0.03997412175 0.2507400876 -0.9960838222 -0.03574589442 -0.08086563089 0.01801139761 0.8134053508 -0.5814183733 0.08655985665 -0.5805979386 -0.8095760773 9.259346151e-05 0.008306374304 0
0.6400479691 0.2909402048 0.006317273455 -0.01544170283 0.1565989481 0.4760293408 -0.002002723767 0.04042448736 0.2506421052 -0.9959037859 -0.03694596115 -0.08252663365 0.01861948516 0.8093519758 -0.5870286995 0.08848143353 -0.5861607076 -0.805348782 9.507883883e-05 0.008401973695 0
0.6464202423 0.2938367853 0.006380167791 -0.01574290932 0.1580266238 0.4753667078 -0.00204253926 0.04081828562 0.2505554749 -0.9957413219 -0.03801642032 -0.08398792584 0.0191620629 0.8057769516 -0.5919090468 0.09017779797 -0.5909976786 -0.8016169339 9.728876264e-05 0.008485623163 0
0.6537028402 0.2971471631 0.006452047033 -0.01609042307 0.1596535782 0.474602202 -0.002088512939 0.04126802705 0.250455446 -0.9955499001 -0.03926326296 -0.08566675319 0.0197942367 0.801659183 -0.5974535484 0.09213351515 -0.5964905285 -0.7973145332 9.985503115e-05 0.008581222554 0
0.6609854382 0.3004575408 0.006523926275 -0.01644142042 0.1612754987 0.4738300325 -0.002134987791 0.04171743032 0.250354327 -0.9953522263 -0.04053528209 -0.08735465896 0.02043938881 0.7975076184 -0.6029625444 0.09410726285 -0.6019455868 -0.7929724671 0.0001024650702 0.008676821945 0
0.6682680361 0.3037679185 0.006595805516 -0.01679588804 0.1628923357 0.4730502287 -0.002181963354 0.04216649179 0.2502521191 -0.9951481745 -0.04183263229 -0.08905134276 0.02109760911 0.7933226422 -0.6084357618 0.09609891603 -0.6073625081 -0.7885910106 0.00010511932 0.008772421337 0
0.675550634 0.3070782962 0.006667684758 -0.01715381246 0.16450404 0.4722628202 -0.002229439162 0.0426152078 0.2501488231 -0.9949376177 -0.04315546428 -0.0907565022 0.02176898582 0.7891046415 -0.6138729315 0.0981083485 -0.6127409491 -0.7841704415 0.0001078182232 0.008868020728 0
0.6819229072 0.3099748767 0.006730579094 -0.01746982129 0.1659100323 0.471567623 -0.002271390482 0.04300754807 0.2500575474 -0.9947479442 -0.04433396081 -0.09225523016 0.02236730084 0.7853871068 -0.618600676 0.09988108643 -0.6174152512 -0.7802705788 0.000110216743 0.008951670196 0
0.6892055052 0.3132852544 0.006802458336 -0.01783419045 0.167511981 0.4707660365 -0.002319802978 0.04345560654 0.2499522142 -0.994524846 -0.04570496377 -0.09397545957 0.02306357759 0.781108238 -0.6239695441 0.101923511 -0.6227206251 -0.7757774301 0.0001130005724 0.009047269587 0
0.6964881031 0.3165956322 0.006874337578 -0.01820197698 0.1691086567 0.469956932 -0.002368714353 0.04390330909 0.249845796 -0.9942948738 -0.04710186002 -0.09570328447 0.02377325481 0.7767974725 -0.6293016122 0.1039833459 -0.6279865457 -0.7712459804 0.0001158303404 0.009142868978 0
0.7037707011 0.3199060099 0.006946216819 -0.01857316691 0.1707000111 0.4691403403 -0.002418124121 0.04435065209 0.2497382939 -0.9940578979 -0.04852478503 -0.09743839509 0.02449641405 0.7724552078 -0.6345966259 0.1060604606 -0.6332126793 -0.7666765169 0.0001187064985 0.00923846837 0
0.711053299 0.3232163876 0.007018096061 -0.01894774615 0.1722859961 0.4683162923 -0.002468031793 0.04479763191 0.249629709 -0.9938137877 -0.04997387028 -0.09918047989 0.02523313512 0.7680818438 -0.6398543351 0.1081547234 -0.6383986948 -0.762069329 0.0001216295 0.009334067761 0
0.7174255722 0.3261129681 0.007080990398 -0.01927827212 0.1736692907 0.4675891585 -0.002512109054 0.04518843847 0.2495338097 -0.9935942359 -0.05126337974 -0.1007102788 0.02588895241 0.7642299554 -0.6444240355 0.1100011659 -0.6429032907 -0.7580073234 0.0001242259108 0.009417717229 0
0.7247081701 0.3294233458 0.007152869639 -0.01965916792 0.1752450791 0.4667512145 -0.002562948958 0.04563472755 0.2494231974 -0.9933363949 -0.0527618558 -0.1024645944 0.02665131093 0.7597993666 -0.6496111377 0.1121272231 -0.6480132013 -0.753330191 0.0001272379736 0.00951331662 0
0.7319907681 0.3327337235 0.007224748881 -0.02004341183 0.176815361 0.465905905 -0.002614285329 0.04608064304 0.2493115054 -0.9930710407 -0.05428684765 -0.1042249788 0.02742745095 0.7553388419 -0.6547602377 0.114270044 -0.6530820562 -0.74861618 0.0001302981954 0.009608916012 0
0.739273366 0.3360441013 0.007296628123 -0.0204309893 0.1783800891 0.4650532618 -0.002666117659 0.04652618132 0.2491987348 -0.9927980404 -0.05583847107 -0.1059911139 0.02821744542 0.7508487906 -0.6598711007 0.116429493 -0.6581095341 -0.7438655889 0.0001334070379 0.009704515403 0
0.7465559639 0.339354479 0.007368507364 -0.02082188562 0.1799392164 0.4641933174 -0.002718445434 0.04697133879 0.2490848867 -0.9925172601 -0.05741683775 -0.10776268 0.02902136553 0.7463296242 -0.6649434957 0.1186054333 -0.6630953166 -0.7390787187 0.0001365649646 0.009800114794 0
0.7529282371 0.3422510595 0.007431401701 -0.02116663077 0.1812988216 0.4634349024 -0.002764638248 0.04736053634 0.2489843868 -0.9922650899 -0.05881993109 -0.1093170029 0.02973627358 0.7423517954 -0.6693501072 0.1205228006 -0.6674234245 -0.7348606854 0.0001393687808 0.009883764262 0
0.7602108351 0.3455614372 0.007503280942 -0.02156370993 0.1828473216 0.4625613562 -0.002817893579 0.04780497006 0.2488685217 -0.99196936 -0.06044872805 -0.1110978851 0.03056648981 0.7377791553 -0.6743497666 0.1227292894 -0.6723301788 -0.7300066111 0.0001426199969 0.009979363653 0
0.767493433 0.3488718149 0.007575160184 -0.02196406504 0.184390087 0.4616806031 -0.00287164285 0.04824901261 0.2487515825 -0.9916654628 -0.06210456634 -0.1128832705 0.03141082624 0.7331785958 -0.6793103169 0.1249518704 -0.6771943366 -0.7251171358 0.000145921641 0.01007496304 0
0.774776031 0.3521821926 0.007647039426 -0.02236768093 0.1859270717 0.4607926766 -0.002925885527 0.0486926604 0.2486335703 -0.9913532623 -0.06378754155 -0.1146728339 0.03226934701 0.7285505369 -0.684231543 0.1271904027 -0.6820155898 -0.7201925692 0.0001492741844 0.01017056244 0
0.7820586289 0.3554925704 0.007718918667 -0.02277454233 0.1874582299 0.4598976102 -0.002980621073 0.04913590983 0.2485144864 -0.9910326223 -0.06549774509 -0.1164662483 0.03314211443 0.7238954006 -0.6891132339 0.1294447444 -0.686793633 -0.7152332234 0.0001526781001 0.01026616183 0
0.7884309021 0.3583891509 0.007781813004 -0.02313319628 0.1887931779 0.4591085967 -0.003028918556 0.04952342349 0.2484094097 -0.9907450316 -0.06701657756 -0.1180383869 0.03391752021 0.7198002779 -0.6933521196 0.1314301498 -0.690938737 -0.7108655129 0.0001556990409 0.01034981129 0
0.7957135 0.3616995286 0.007853692245 -0.02354610141 0.1903132887 0.4582002345 -0.003084576765 0.04996591636 0.2482883195 -0.990408198 -0.06877806588 -0.1198381364 0.03481716162 0.7150955162 -0.698159128 0.1337137485 -0.6956349476 -0.7058418046 0.000159200561 0.01044541069 0
0.802996098 0.3650099063 0.007925571487 -0.02396220746 0.1918274426 0.4572848305 -0.003140726269 0.05040800058 0.248166161 -0.9900625302 -0.07056702174 -0.12164079 0.03573121853 0.7103649017 -0.7029260178 0.1360127434 -0.7002870853 -0.7007842262 0.0001627548237 0.01054101008 0
0.8102786959 0.368320284 0.007997450729 -0.0243814987 0.1933355947 0.4563624193 -0.003197366512 0.05084967259 0.2480429354 -0.9897078898 -0.07238352013 -0.1234460158 0.03665974606 0.7056088639 -0.7076525943 0.1383269888 -0.7048948554 -0.6956930983 0.0001663623092 0.01063660947 0
0.8175612938 0.3716306617 0.00806932997 -0.02480395928 0.1948377004 0.4554330357 -0.003254496933 0.05129092882 0.247918644 -0.9893441384 -0.07422763172 -0.1252534809 0.03760279745 0.7008278343 -0.7123386668 0.140656338 -0.7094579659 -0.6905687433 0.0001700234992 0.01073220886 0
0.823933567 0.3745272422 0.008132224307 -0.02517619959 0.1961470481 0.4546141333 -0.003304887704 0.05167668414 0.2478090157 -0.9890182727 -0.07586393311 -0.1268365873 0.03843992196 0.6966242728 -0.7164056079 0.1427067925 -0.7134138254 -0.6860579313 0.0001732714753 0.01081585833 0
0.831216165 0.37783762 0.008204103548 -0.02560455956 0.1976376975 0.4536717715 -0.003362935675 0.05211715118 0.2476827292 -0.9886370631 -0.07775999498 -0.12864735 0.03941034257 0.6917975523 -0.7210152367 0.145064063 -0.7178924222 -0.6808721523 0.0001770346666 0.01091145772 0
0.8384987629 0.3811479977 0.00827598279 -0.02603604265 0.1991221736 0.452722539 -0.003421472183 0.0525571922 0.2475553805 -0.9882463418 -0.07968384928 -0.1304593888 0.04039542963 0.6869470899 -0.7255838373 0.1474360106 -0.7223255359 -0.6756540853 0.0001808529578 0.01100705711 0
0.8457813609 0.3844583754 0.008347862032 -0.02647063259 0.2006004328 0.4517664718 -0.003480496646 0.05299680366 0.2474269709 -0.9878459688 -0.08163554995 -0.1322723666 0.04139522907 0.6820733236 -0.7301112355 0.149822485 -0.7267128857 -0.6704040608 0.0001847268374 0.0111026565 0
0.8530639588 0.3877687531 0.008419741273 -0.02690831296 0.2020724319 0.4508036058 -0.003540008478 0.05343598202 0.2472975016 -0.9874358037 -0.08361514659 -0.1340859456 0.04240978489 0.6771766928 -0.7345972617 0.1522233349 -0.7310541936 -0.6651224115 0.0001886567958 0.01119825589 0
0.859436232 0.3906653336 0.00848263561 -0.02729380543 0.2033552618 0.4499555495 -0.003592480664 0.05381990503 0.2471833478 -0.9870687662 -0.08537021272 -0.1356730539 0.04330965923 0.6728737316 -0.7384884663 0.1543357515 -0.734814853 -0.6604752892 0.0001921418983 0.01128190536 0
0.8667188299 0.3939757113 0.008554514851 -0.02773723577 0.2048154069 0.4489800339 -0.003652904721 0.05425826178 0.2470518952 -0.9866398618 -0.08740223275 -0.1374868459 0.04435199524 0.6679354198 -0.742896477 0.156763145 -0.7390690933 -0.6551352469 0.0001961783317 0.01137750475 0
0.8740014279 0.3972860891 0.008626394093 -0.02818370876 0.2062691687 0.4479978248 -0.00371381444 0.05469617527 0.2469193867 -0.9862007603 -0.08946226698 -0.1393002626 0.04540920351 0.6629755155 -0.7472626514 0.1592044742 -0.7432765089 -0.6497645471 0.0002002722628 0.01147310414 0
0.8812840258 0.4005964668 0.008698273335 -0.02863320758 0.2077165048 0.447008959 -0.003775209215 0.05513364196 0.2467858236 -0.9857513203 -0.09155034802 -0.1411129628 0.0464813206 0.6579944636 -0.7515868364 0.1616595847 -0.7474368332 -0.6443635302 0.0002044241882 0.01156870354 0
0.8885666237 0.4039068445 0.008770152576 -0.02908571528 0.209157373 0.446013474 -0.003837088438 0.05557065835 0.2466512074 -0.9852914003 -0.09366650407 -0.1429246046 0.04756838114 0.6529927107 -0.7558688834 0.1641283208 -0.7515498026 -0.6389325383 0.000208634606 0.01166430293 0
0.8949388969 0.406803425 0.008833046913 -0.02948411434 0.2104127943 0.4451370241 -0.003891629675 0.05595267552 0.2465325552 -0.9848802618 -0.09554118971 -0.1445086536 0.04853184317 0.6485995474 -0.7595809946 0.1662995192 -0.7551096001 -0.634156102 0.0002123670968 0.01174795239 0
0.9022214949 0.4101138027 0.008904926154 -0.02994221765 0.2118414231 0.444129229 -0.003954415582 0.0563888381 0.2463959678 -0.9844003093 -0.09771004705 -0.146317387 0.04964700929 0.6435601874 -0.7637836471 0.1687933811 -0.7591330792 -0.6286698359 0.0002166885366 0.01184355179 0
0.9095040928 0.4134241804 0.008976805396 -0.03040328055 0.2132634647 0.4431149231 -0.00401768416 0.05682454027 0.2462583311 -0.9839094686 -0.09990703584 -0.1481240755 0.05077720763 0.6385014166 -0.7679437585 0.1713004167 -0.7631084623 -0.6231545892 0.0002210699104 0.01193915118 0
0.9167866908 0.4167345582 0.009048684638 -0.03086728568 0.2146788781 0.4420941445 -0.004081434782 0.05725977854 0.2461196465 -0.9834075975 -0.1021321671 -0.1499283749 0.05192246527 0.6334236858 -0.7720611969 0.173820467 -0.7670354976 -0.6176107112 0.0002255117223 0.01203475057 0
0.9240692887 0.4200449359 0.009120563879 -0.03133421557 0.2160876227 0.4410669316 -0.004145666817 0.05769454941 0.2459799153 -0.9828945536 -0.1043854475 -0.1517299404 0.05308280737 0.6283274473 -0.7761358351 0.1763533726 -0.7709139364 -0.6120385532 0.0002300144782 0.01213034996 0
0.9304415619 0.4229415164 0.009183458216 -0.03174516465 0.2173147719 0.4401628726 -0.004202264256 0.05807458775 0.2458567932 -0.9824363631 -0.1063801606 -0.1533037962 0.05411049893 0.6238534124 -0.7796659373 0.178580084 -0.7742675127 -0.607139994 0.0002340047816 0.01221399943 0
0.9377241598 0.4262518941 0.009255337458 -0.03221753106 0.2187109036 0.4391236997 -0.004267397219 0.05850847284 0.2457151036 -0.9819019862 -0.1086862226 -0.1550993051 0.0552991853 0.6187236934 -0.7836599973 0.1811366598 -0.7780541731 -0.6015157639 0.0002386231764 0.01230959882 0
0.9450067578 0.4295622718 0.009327216699 -0.03269277147 0.2201002509 0.4380782043 -0.004333009751 0.0589418805 0.2455723714 -0.9813560269 -0.1110204278 -0.1568910866 0.05650301747 0.6135767716 -0.7876109156 0.1837056272 -0.7817915387 -0.5958642736 0.000243303978 0.01240519821 0
0.9522893557 0.4328726495 0.009399095941 -0.03317086803 0.2214827743 0.4370264255 -0.004399101202 0.05937480726 0.2454285983 -0.9807983425 -0.1133827654 -0.1586787948 0.05772201297 0.6084131025 -0.7915185822 0.1862868235 -0.7854793729 -0.590185881 0.0002480476982 0.0125007976 0
0.9595719536 0.4361830272 0.009470975182 -0.03365180276 0.2228584343 0.4359684029 -0.004465670916 0.05980724965 0.2452837855 -0.9802287903 -0.1157732201 -0.1604620831 0.05895618734 0.6032331425 -0.7953828913 0.1888800852 -0.789117442 -0.5844809459 0.00025285485 0.01259639699 0
0.9659442268 0.4390796078 0.009533869519 -0.03407493465 0.2240564761 0.4350375426 -0.004524311222 0.06018523669 0.2451562227 -0.9797205849 -0.1178879175 -0.1620185621 0.06004855207 0.5986876734 -0.7987285153 0.1911589573 -0.7922597482 -0.5794676388 0.0002571135463 0.01268004646 0
0.9732268248 0.4423899855 0.009605748761 -0.03456114222 0.2254191625 0.4339679201 -0.004591775898 0.06061676155 0.2450094646 -0.9791283964 -0.1203310353 -0.1637926287 0.0613112219 0.5934784008 -0.8025112596 0.193774398 -0.795803889 -0.5737139121 0.0002620410209 0.01277564585 0
0.9805094227 0.4457003632 0.009677628002 -0.03505013579 0.2267748741 0.4328921687 -0.004659716927 0.06104779211 0.2448616711 -0.9785239304 -0.1228022015 -0.1655612783 0.06258910433 0.5882541536 -0.8062503673 0.1964014297 -0.7992976105 -0.5679346866 0.0002670334107 0.01287124524 0
0.9877920207 0.4490107409 0.009749507244 -0.03554189702 0.2281235727 0.4318103286 -0.004728133636 0.0614783249 0.2447128437 -0.9779070444 -0.1253013836 -0.1673241641 0.06388220725 0.5830153906 -0.80994575 0.1990398859 -0.8027406914 -0.5621303284 0.0002720912346 0.01296684463 0
