0.006372796339 0.004783293476 -0.002333463108 -2.591042962e-06 0.001625054468 0.5099965479 -3.255318057e-07 0.0004046771992 0.2549995719 -0.9999999999 -6.328001453e-08 -1.50893939e-05 3.240108124e-08 0.9999798965 -0.006340865927 1.50894918e-05 -0.006340865927 -0.9999798964 3.102284842e-08 -0.003103505933 0
0.01251313501 0.009392108878 -0.004581809516 -9.98947948e-06 0.003190784338 0.509986691 -1.261645708e-06 0.0007959937029 0.2549983406 -0.9999999983 -4.821425112e-07 -5.817402947e-05 2.421653903e-07 0.9999224949 -0.01245006645 5.81755234e-05 -0.01245006644 -0.9999224932 6.577045358e-08 -0.006093806656 0
0.01788593135 0.01342482235 -0.006549112624 -2.040930296e-05 0.004560722409 0.5099728086 -2.586101411e-06 0.001139027535 0.2549965985 -0.9999999929 -1.409188271e-06 -0.0001188499884 7.059743507e-07 0.9998416559 -0.01779503312 0.0001188562458 -0.01779503308 -0.9998416488 6.520282171e-08 -0.008710319789 0
0.02402627002 0.01803363776 -0.008797459032 -3.682722745e-05 0.006126238105 0.509950935 -4.677275424e-06 0.001531247965 0.2549938477 -0.999999977 -3.416717114e-06 -0.0002144449723 1.710047014e-06 0.9997142925 -0.02390257908 0.0002144653721 -0.02390257889 -0.9997142695 2.984090543e-08 -0.01170062051 0
0.0301666087 0.02264245316 -0.01104580544 -5.805478217e-05 0.00769157325 0.5099226534 -7.383570653e-06 0.001923463376 0.2549902877 -0.9999999428 -6.763272556e-06 -0.0003380287591 3.383587462e-06 0.9995496366 -0.03000873039 0.0003380794805 -0.03000872982 -0.9995495795 3.891716428e-08 -0.01469092124 0
0.03553940504 0.02667516663 -0.01301310855 -8.057370636e-05 0.00906105713 0.5098926514 -1.025566062e-05 0.002266605678 0.2549865095 -0.9999998899 -1.105865041e-05 -0.0004691113067 5.531435259e-06 0.9993749867 -0.0353501888 0.0004692090313 -0.0353501875 -0.9993748767 1.176403416e-07 -0.01730743437 0
0.04167974371 0.03128398203 -0.01526145496 -0.0001108171606 0.01062592942 0.509852358 -1.411380329e-05 0.002658709356 0.2549814343 -0.9999997917 -1.783698196e-05 -0.0006451268703 8.920644297e-06 0.9991404647 -0.04145276552 0.0006453117532 -0.04145276265 -0.9991402564 2.297597286e-07 -0.02029773509 0
0.04782008238 0.03589279744 -0.01750980137 -0.0001458676284 0.01219048855 0.5098056601 -1.85858665e-05 0.003050753816 0.2549755514 -0.9999996392 -2.69363085e-05 -0.0008490739544 1.347011848e-05 0.9988687197 -0.04755292445 0.0008493943141 -0.04755291873 -0.9988683589 3.635691166e-07 -0.02328803582 0
0.05396042106 0.04050161284 -0.01975814777 -0.0001857238702 0.01375468845 0.5097525595 -2.367170038e-05 0.003442743966 0.2549688611 -0.9999994151 -3.869753585e-05 -0.001080925435 1.935019314e-05 0.9985597848 -0.05365031022 0.001081444804 -0.05365029975 -0.9985592 5.182104493e-07 -0.02627833654 0
0.0593332174 0.04453432631 -0.02172545088 -0.0002245392144 0.01512303243 0.5097008457 -2.862520163e-05 0.003785693747 0.254962345 -0.999999145 -5.143987667e-05 -0.001306661656 2.572048641e-05 0.9982589888 -0.05898296882 0.00130742082 -0.058982952 -0.998258134 6.70270914e-07 -0.02889484967 0
0.06547355607 0.04914314171 -0.02397379729 -0.0002734023498 0.01668643453 0.5096357452 -3.486157377e-05 0.00417759088 0.2549541412 -0.9999987324 -6.910950306e-05 -0.001590747855 3.455366489e-05 0.9978804275 -0.0650741984 0.001591873395 -0.06507417088 -0.9978791601 8.630101968e-07 -0.0318851504 0
0.07161389474 0.05375195712 -0.0262221437 -0.0003270667492 0.01824934494 0.509564248 -4.171144244e-05 0.004569440536 0.2549451304 -0.9999981859 -9.041859185e-05 -0.001902639816 4.520568041e-05 0.9974647962 -0.07116163529 0.001904250571 -0.0711615922 -0.9974629826 1.075896466e-06 -0.03487545112 0
0.07775423342 0.05836077252 -0.02847049011 -0.0003855305149 0.01981171761 0.5094863565 -4.917472714e-05 0.004961242831 0.2549353126 -0.9999974794 -0.00011570611 -0.002242296063 5.784574167e-05 0.9970121454 -0.07724492574 0.002244534118 -0.07724486074 -0.9970096256 1.308936566e-06 -0.03786575184 0
0.08312702976 0.06239348599 -0.03043779322 -0.0004406216689 0.02117831642 0.5094129584 -5.62082306e-05 0.005304030515 0.2549260603 -0.9999967075 -0.0001413622368 -0.002562235254 7.066935556e-05 0.9965857515 -0.08256412581 0.002565158596 -0.08256403504 -0.9965824603 1.529428431e-06 -0.04048226498 0
0.08926736843 0.0670023014 -0.03268613962 -0.0005080785409 0.02273955684 0.5093230854 -6.482145066e-05 0.005695741902 0.2549147298 -0.9999956221 -0.0001750206916 -0.002953824905 8.749177101e-05 0.9960638408 -0.08863869006 0.002957711785 -0.08863856045 -0.9960594649 1.800461852e-06 -0.0434725657 0
0.0954077071 0.0716111168 -0.03493448603 -0.0005803283785 0.02430012731 0.5092268267 -7.404784707e-05 0.006087402783 0.2549025927 -0.9999942885 -0.0002136283995 -0.003373039068 0.0001067865536 0.9955050806 -0.0947080939 0.003378109868 -0.09470791317 -0.995499372 2.091934509e-06 -0.04646286642 0
0.1007805034 0.07564383027 -0.03690178914 -0.000647476712 0.02566504078 0.5091373648 -8.262386919e-05 0.00643006318 0.2548913112 -0.9999928902 -0.0002517344119 -0.003762468466 0.0001258293794 0.9949859906 -0.1000143128 0.003768780458 -0.1000140751 -0.9949788847 2.363862084e-06 -0.04907937956 0
0.1069208421 0.08025264567 -0.03915013555 -0.0007287063418 0.02722423127 0.5090291423 -9.299972388e-05 0.006821624211 0.2548776621 -0.9999909943 -0.0003005275282 -0.004233325482 0.0001502112354 0.9943583238 -0.106073094 0.004241320316 -0.1060727746 -0.9943493238 2.694096131e-06 -0.05206968028 0
0.1130611808 0.08486146108 -0.04139848196 -0.0008147211366 0.0287826198 0.5089145446 -0.0001039884821 0.00721312885 0.2548632067 -0.9999887426 -0.0003552342247 -0.004731636904 0.0001775460051 0.9936940145 -0.1121257062 0.004741630159 -0.112125284 -0.9936827651 3.045272289e-06 -0.055059981 0
0.1192015195 0.08947027648 -0.04364682837 -0.0009055180555 0.0303401605 0.5087935756 -0.0001155900392 0.007604574716 0.2548479452 -0.9999860935 -0.0004161881642 -0.005257336491 0.0002079998152 0.9929931432 -0.1181717999 0.005269680792 -0.1181712501 -0.9929792476 3.417599206e-06 -0.05805028173 0
0.1245743158 0.09350298995 -0.04561413147 -0.0009888856764 0.03170227712 0.5086825046 -0.0001262440019 0.007947039682 0.2548339302 -0.9999834148 -0.0004749091011 -0.00573973564 0.0002373356459 0.9923499552 -0.1234565108 0.005754457026 -0.1234558255 -0.9923333842 3.760910655e-06 -0.06066679486 0
0.1307146545 0.09811180535 -0.04786247788 -0.001088640293 0.03325810468 0.5085496013 -0.0001389942561 0.008338368567 0.2548171576 -0.9999798997 -0.0005484724508 -0.006316596845 0.0002740833893 0.9915807627 -0.1294894437 0.006334437309 -0.1294885722 -0.9915606812 4.173507647e-06 -0.06365709558 0
0.1368549931 0.1027206208 -0.05011082429 -0.001193167351 0.03481295277 0.5084103395 -0.0001523569782 0.008729631298 0.2547995794 -0.9999758541 -0.0006292366116 -0.006920635553 0.0003144244686 0.9907752643 -0.1355148584 0.00694206543 -0.1355137623 -0.9907511433 4.607933153e-06 -0.06664739631 0
0.1422277895 0.1067533342 -0.0520781274 -0.001288540519 0.03617260545 0.5082832736 -0.0001645516763 0.009071929801 0.2547835376 -0.9999718394 -0.0007060712455 -0.007471400454 0.0003527992954 0.9900407477 -0.140780657 0.007496392065 -0.1407793284 -0.9900126185 5.006165963e-06 -0.06926390944 0
0.1483681282 0.1113621496 -0.05432647381 -0.001402005812 0.03772549385 0.5081321034 -0.000179062432 0.009463061188 0.2547644491 -0.9999666611 -0.000801224155 -0.008126177798 0.0004003186153 0.9891674425 -0.1467910433 0.00815576304 -0.1467894025 -0.989134144 5.482230561e-06 -0.07225421016 0
0.1545084668 0.115970965 -0.05657482022 -0.00152023247 0.03927727145 0.5079745897 -0.0001941852787 0.009854118553 0.2547445555 -0.9999608007 -0.0009045219881 -0.008807892187 0.0004519000736 0.9882581239 -0.1527929196 0.008842675564 -0.1527909105 -0.9882189761 5.980903055e-06 -0.07524451089 0
0.1606488055 0.1205797804 -0.05882316662 -0.001643216313 0.04082789267 0.5078107379 -0.0002099200743 0.01024509909 0.2547238569 -0.9999542011 -0.001016290687 -0.009516453048 0.0005077053122 0.9873129021 -0.1587859426 0.009557089551 -0.158783502 -0.9872671683 6.502476216e-06 -0.07823481161 0
0.1660216018 0.1246124939 -0.06079046973 -0.001754726143 0.04218370181 0.5076621731 -0.0002241898937 0.01058714181 0.2547050854 -0.9999477735 -0.001121292266 -0.01015839239 0.0005601261926 0.986456471 -0.1640223066 0.01020472885 -0.1640194303 -0.9864043238 6.977876676e-06 -0.08085132474 0
0.1721619405 0.1292213093 -0.06303881614 -0.001886617864 0.04373203205 0.5074864533 -0.0002410716908 0.01097797066 0.2546828779 -0.9999396263 -0.001249817629 -0.01091703389 0.0006242839489 0.9854442425 -0.1699978093 0.01097059445 -0.1699943613 -0.9853839674 7.543214398e-06 -0.08384162547 0
0.1783022792 0.1338301247 -0.06528716255 -0.002023253823 0.04527907506 0.5073044128 -0.0002585649968 0.01136871448 0.254659866 -0.9999305634 -0.001387743264 -0.0117022417 0.000693125745 0.9843964515 -0.175963479 0.01176383733 -0.1759593718 -0.9843271365 8.132352558e-06 -0.08683192619 0
0.1836750755 0.1378628382 -0.06725446566 -0.002146698254 0.04663164607 0.5071399474 -0.0002743731391 0.01171054332 0.2546390709 -0.9999218306 -0.0015163913 -0.01241100931 0.0007573292738 0.9834505614 -0.1811751077 0.01248034644 -0.1811703446 -0.9833725373 8.667633207e-06 -0.08944843932 0
0.1898154142 0.1424716536 -0.06950281206 -0.002292216516 0.04817615318 0.506946073 -0.0002930125775 0.01210111996 0.2546145513 -0.999910872 -0.001672804914 -0.01324574513 0.0008353799986 0.9823364357 -0.1871214292 0.0133247957 -0.1871158167 -0.9822474846 9.302300233e-06 -0.09243874005 0
0.1959557529 0.147080469 -0.07175115847 -0.002442464685 0.04971924265 0.5067458969 -0.0003122630377 0.01249160327 0.254589228 -0.9998988029 -0.001839535855 -0.01410673802 0.0009185678503 0.9811871234 -0.193056948 0.01419648487 -0.1930503692 -0.9810861403 9.961748456e-06 -0.09542904077 0
0.2020960916 0.1516892844 -0.07399950488 -0.002597437455 0.05126086922 0.5065394262 -0.0003321243392 0.01288199034 0.2545631011 -0.9998855514 -0.002016899982 -0.01499387367 0.001007048614 0.9800027635 -0.1989813294 0.01509536307 -0.1989736558 -0.9798885724 1.06463369e-05 -0.09841934149 0
0.2074688879 0.1557219979 -0.07596680799 -0.002736909977 0.05260855691 0.5063536066 -0.0003500039126 0.01322349778 0.2545395811 -0.9998729281 -0.002181063151 -0.01579147011 0.001088932845 0.978937811 -0.2041557649 0.01590414379 -0.2041470183 -0.9788110406 1.126626361e-05 -0.1010358546 0
0.2136092266 0.1603308133 -0.0782151544 -0.002900726486 0.05414731877 0.5061353533 -0.0003710100353 0.01361369653 0.2545119483 -0.9998572582 -0.002379209918 -0.01672730333 0.001187754268 0.9776881261 -0.2100583665 0.01685385879 -0.2100482503 -0.9775457432 1.19989883e-05 -0.1040261553 0
0.2197495652 0.1649396287 -0.08046350081 -0.003069251407 0.05568448796 0.5059108271 -0.0003926264486 0.01400379062 0.2544835126 -0.9998401869 -0.002588888374 -0.01768893148 0.001292310916 0.9764038164 -0.2159488763 0.01783060774 -0.2159372244 -0.9762444287 1.275793393e-05 -0.1070164561 0
0.2251223616 0.1689723422 -0.08243080391 -0.003220568408 0.05702816911 0.505709227 -0.0004120412801 0.0143450348 0.2544579731 -0.9998240371 -0.002782059594 -0.0185514158 0.001388622036 0.9752517643 -0.2210928946 0.01870739459 -0.2210797514 -0.9750762929 1.344382876e-05 -0.1096329692 0
0.2312627002 0.1735811576 -0.08467915032 -0.003397905431 0.05856223072 0.5054729603 -0.0004348014378 0.01473492478 0.2544280329 -0.9998041206 -0.003014191416 -0.01956106286 0.00150434057 0.9739029546 -0.2269598466 0.01973467733 -0.2269448164 -0.9737076527 1.425300173e-05 -0.1126232699 0
0.2374030389 0.178189973 -0.08692749673 -0.00357993331 0.06009457038 0.505230444 -0.0004581712883 0.01512470166 0.2543972907 -0.9997825664 -0.003258738268 -0.02059612888 0.001626227839 0.9725199773 -0.232813765 0.02078882591 -0.2327966375 -0.9723032193 1.508954427e-05 -0.1156135707 0
0.2435433776 0.1827987884 -0.08917584314 -0.003766645617 0.06162514326 0.5049816867 -0.0004821506124 0.0155143625 0.2543657468 -0.9997592884 -0.003516003633 -0.02165647655 0.00175443244 0.9711029992 -0.2386543253 0.02186977881 -0.2386348733 -0.9708630748 1.595387088e-05 -0.1186038714 0
0.2489161739 0.1868315018 -0.09114314625 -0.003933856402 0.06296291002 0.5047589112 -0.0005036323035 0.01585521825 0.2543374884 -0.9997374366 -0.003751781018 -0.02260490917 0.001871909578 0.9698353863 -0.2437536039 0.02283755096 -0.2437319175 -0.9695737201 1.673327977e-05 -0.1212203845 0
0.2550565126 0.1914403172 -0.09339149266 -0.004129334114 0.06449004959 0.5044984757 -0.0005287537806 0.0162446536 0.254304442 -0.9997106867 -0.004033704488 -0.02371227833 0.002012355586 0.9683551206 -0.2495682489 0.0239685907 -0.2495437631 -0.9680668453 1.765084431e-05 -0.1242106852 0
0.2611968513 0.1960491326 -0.09563983906 -0.00432947686 0.06601529386 0.5042318249 -0.0005544840701 0.01663396445 0.2542705948 -0.9996819534 -0.004329207537 -0.02484451593 0.002159539506 0.9668413563 -0.2553686124 0.0251262492 -0.255341046 -0.9665245066 1.85974251e-05 -0.127200986 0
0.2665696476 0.2000818461 -0.09760714217 -0.004508422997 0.06734829285 0.5039934144 -0.0005774973002 0.016974507 0.2542403218 -0.9996551109 -0.00459914446 -0.02585550583 0.002293965778 0.9654894765 -0.2604319651 0.02616098302 -0.2604014566 -0.9651459394 1.944983302e-05 -0.1298174991 0
0.2727099863 0.2046906615 -0.09985548858 -0.00471729351 0.06886986343 0.5037151356 -0.0006043684581 0.01736357646 0.2542049738 -0.9996224034 -0.004920903604 -0.02703396468 0.002454170107 0.9639133972 -0.2662046953 0.02736836838 -0.2661705233 -0.9635373501 2.045201592e-05 -0.1328077998 0
0.278850325 0.2092994769 -0.102103835 -0.004930808305 0.07038941084 0.5034306692 -0.0006318477196 0.01775251295 0.2541688259 -0.9995874365 -0.005257085529 -0.02823685173 0.002621522557 0.9623043543 -0.2719622351 0.0286021741 -0.271924057 -0.9618935611 2.148450362e-05 -0.1357981005 0
0.2849906636 0.2139082923 -0.1043521814 -0.005148959847 0.07190689074 0.5031400253 -0.0006599348271 0.01814131351 0.2541318784 -0.9995501102 -0.00560797913 -0.02946400758 0.002796163261 0.9606625415 -0.2777042721 0.02986232817 -0.277661722 -0.9602146684 2.254775671e-05 -0.1387884013 0
0.29036346 0.2179410058 -0.1063194845 -0.005343639982 0.07323295486 0.5028806523 -0.0006850094632 0.01848140017 0.2540988938 -0.9995154342 -0.005927304528 -0.03055754924 0.002955061649 0.959199229 -0.2827155932 0.03098651909 -0.2826688983 -0.9587169184 2.350370708e-05 -0.1414049144 0
0.2965037987 0.2225498212 -0.1085678309 -0.005570464554 0.07474643897 0.5025784533 -0.0007142355681 0.01886993792 0.254060448 -0.999473408 -0.006306552988 -0.03182976847 0.003143740773 0.9574965082 -0.2884277269 0.03229587691 -0.2883759077 -0.956972472 2.462590766e-05 -0.1443952151 0
0.3026441373 0.2271586366 -0.1108161773 -0.005801903306 0.07625772858 0.5022701067 -0.0007440687469 0.01925833126 0.2540212037 -0.9994287242 -0.006701330481 -0.03312578063 0.003340103364 0.9557615957 -0.2941234704 0.03363136753 -0.2940660883 -0.9551932091 2.5780231e-05 -0.1473855158 0
0.3080169337 0.2311913501 -0.1127834804 -0.006008190872 0.0775782722 0.5019952692 -0.0007706705491 0.01959805466 0.2539862101 -0.9993873616 -0.007059719281 -0.03427917408 0.003518329415 0.9542173039 -0.2990935612 0.03482129765 -0.2990309304 -0.9536078753 2.681699432e-05 -0.150002029 0
0.3141572723 0.2358001655 -0.1150318268 -0.006248259085 0.07908532857 0.5016754256 -0.0008016412334 0.01998616929 0.2539454695 -0.9993374042 -0.007484365234 -0.03561933305 0.003729460458 0.9524225969 -0.3047577531 0.03620557601 -0.3046886628 -0.951763613 2.803285432e-05 -0.1529923297 0
0.320297611 0.2404089809 -0.1172801732 -0.006492917574 0.08059006414 0.5013494663 -0.0008332181724 0.02037413104 0.2539039314 -0.9992844754 -0.007925337129 -0.03698278329 0.003948658317 0.9505963077 -0.3104046842 0.03761575901 -0.3103286144 -0.9498848382 2.928224055e-05 -0.1559826304 0
0.3264379497 0.2450177963 -0.1195285197 -0.006742157714 0.08209243517 0.5010174029 -0.0008654010702 0.02076193696 0.2538615962 -0.9992284625 -0.008382907163 -0.03836934439 0.004176053436 0.9487386554 -0.3160340557 0.03905176436 -0.315950456 -0.9479716605 3.056565123e-05 -0.1589729311 0
0.331810746 0.2490505098 -0.1214958228 -0.006963994318 0.08340503583 0.5007218493 -0.0008940579443 0.02110113699 0.2538238993 -0.9991768312 -0.008797108572 -0.03960139935 0.00438184986 0.9470876572 -0.3209451184 0.04032938559 -0.3208544538 -0.9462694966 3.171694168e-05 -0.1615894443 0
0.3379510847 0.2536593252 -0.1237441692 -0.007221801242 0.08490285575 0.5003783724 -0.0009273761973 0.02148864279 0.2537800706 -0.9991147252 -0.009286524524 -0.04103079654 0.00462496107 0.9451718025 -0.3265407684 0.04181358078 -0.326441456 -0.944292116 3.306550812e-05 -0.164579745 0
0.3440914234 0.2582681406 -0.1259925156 -0.007484164122 0.08639818586 0.5000288255 -0.0009612995265 0.0218759843 0.253735446 -0.9990492007 -0.009793306289 -0.04248276916 0.004876635933 0.9432252351 -0.3321180125 0.04332335335 -0.332009408 -0.9422806589 3.444955833e-05 -0.1675700457 0
0.3494642197 0.262300854 -0.1279598187 -0.007717461684 0.08770452319 0.4997180025 -0.0009914785413 0.02221477103 0.2536957469 -0.9989889684 -0.01025119153 -0.04377161326 0.005103974113 0.9414969778 -0.3369827744 0.04466531655 -0.3368654834 -0.9404927728 3.569011595e-05 -0.1701865589 0
0.3556045584 0.2669096694 -0.1302081651 -0.007988341934 0.08919506807 0.4993571079 -0.001026535527 0.02260179654 0.2536496311 -0.9989167098 -0.01079123735 -0.04526539508 0.00537203973 0.9394934551 -0.3425247275 0.04622280805 -0.3423968413 -0.9384177402 3.71420937e-05 -0.1731768596 0
0.3617448971 0.2715184848 -0.1324565115 -0.008263751127 0.09068299869 0.4989901794 -0.001062196659 0.02298864931 0.2536027205 -0.9988406836 -0.01134939376 -0.04678119257 0.005649022118 0.9374598995 -0.348047447 0.04780561961 -0.3479082179 -0.9363089739 3.863105169e-05 -0.1761671603 0
0.3678852357 0.2761273002 -0.1347048579 -0.008543679561 0.09216827196 0.4986172299 -0.001098461604 0.02337532638 0.2535550157 -0.998760765 -0.01192591426 -0.04831880547 0.005935040883 0.935396554 -0.3535506499 0.04941365887 -0.3533992916 -0.934166597 4.015751851e-05 -0.179157461 0
0.3732580321 0.2801600137 -0.136672161 -0.008792316382 0.09346567242 0.4982859703 -0.001130688479 0.02371352239 0.2535126228 -0.9986875437 -0.01244563105 -0.04968195259 0.006192812686 0.9335668835 -0.3583497217 0.05084131407 -0.3581870744 -0.9322645443 4.152436451e-05 -0.1817739742 0
0.3793983707 0.2847688291 -0.1389205074 -0.009080691692 0.09494584737 0.497901767 -0.001168084652 0.02409986212 0.2534634299 -0.9985999843 -0.01305725727 -0.0512599197 0.006496091098 0.9314483494 -0.3638155757 0.05249640117 -0.3636392173 -0.930059486 4.312259879e-05 -0.1847642749 0
0.3855387094 0.2893776445 -0.1411688538 -0.009373557469 0.09642324168 0.4975115811 -0.001206083644 0.02448601771 0.2534134441 -0.9985081643 -0.01368795992 -0.05285911073 0.006808740206 0.9293007436 -0.3692611122 0.05417644222 -0.3690701393 -0.9278211818 4.47598832e-05 -0.1877545756 0
0.3909115058 0.293410358 -0.1431361569 -0.009633490508 0.09771364713 0.4971652715 -0.001239826984 0.0248237505 0.2533690565 -0.9984242235 -0.01425566365 -0.05427564726 0.007090083868 0.9273979419 -0.3740090748 0.05566687114 -0.373804539 -0.9258354962 4.62249673e-05 -0.1903710887 0
0.3970518444 0.2980191734 -0.1453845034 -0.009934747994 0.09918571275 0.4967639053 -0.001278955299 0.02520955294 0.2533175851 -0.9983240597 -0.01492278427 -0.05591406205 0.007420605907 0.9251965198 -0.3794157804 0.05739343545 -0.3791948184 -0.9235352096 4.793693751e-05 -0.1933613895 0
0.4031921831 0.3026279888 -0.1476328498 -0.01024046588 0.1006548753 0.4963565964 -0.001318685395 0.02559516281 0.2532653222 -0.9982192534 -0.0156096685 -0.05757308657 0.007760818371 0.9229667714 -0.3848013885 0.05914466794 -0.384562969 -0.9212020577 4.968952883e-05 -0.1963516902 0
0.4093325218 0.3072368042 -0.1498811962 -0.01055063341 0.1021210925 0.4959433593 -0.001359016899 0.02598057719 0.2532122682 -0.9981096689 -0.01631654928 -0.05925250201 0.008110828949 0.9207089623 -0.390165633 0.06092046641 -0.3899086777 -0.9188361768 5.148329412e-05 -0.1993419909 0
0.4147053181 0.3112695177 -0.1518484993 -0.01082567151 0.1034015831 0.4955769252 -0.001394800011 0.02631765211 0.2531651974 -0.9980097548 -0.01695165408 -0.0607385434 0.00842520897 0.918710572 -0.3948416147 0.06249436042 -0.394567518 -0.9167392915 5.308705131e-05 -0.201958504 0
0.4208456568 0.3158783331 -0.1540968457 -0.01114415257 0.1048621638 0.4951526119 -0.001436258132 0.02670269205 0.2531106614 -0.9978908396 -0.0176966451 -0.06245559288 0.008793874811 0.9164008759 -0.4001650939 0.06431593966 -0.3998703081 -0.9143124174 5.495951886e-05 -0.2049488048 0
0.4269859955 0.3204871485 -0.1563451921 -0.01146705147 0.106319678 0.4947224127 -0.001478316559 0.02708752808 0.2530553358 -0.9977667469 -0.01846228444 -0.06419238961 0.009172637989 0.9140639002 -0.4054664586 0.0661617831 -0.4051497629 -0.9118532163 5.687476708e-05 -0.2079391055 0
0.4323587918 0.3245198619 -0.1583124952 -0.01175320309 0.1075924545 0.494341172 -0.00151560981 0.02742409006 0.2530062786 -0.9976538073 -0.01914933025 -0.06572810586 0.009512417713 0.9119968868 -0.4100868109 0.06779671569 -0.4097499014 -0.9096750099 5.85861465e-05 -0.2105556186 0
0.4384991305 0.3291286773 -0.1605608416 -0.01208435471 0.109044106 0.4938999777 -0.001558792743 0.0278085359 0.2529494738 -0.9975196239 -0.01995427649 -0.06750130999 0.009910382479 0.9096095123 -0.4153460238 0.06968776306 -0.4149847732 -0.9071555841 6.058313217e-05 -0.2135459193 0
0.4446394691 0.3337374928 -0.162809188 -0.01241989111 0.1104925709 0.4934529416 -0.001602574833 0.02819276945 0.2528918809 -0.9973798516 -0.02078049552 -0.06929359679 0.01031872799 0.9071956644 -0.4205823941 0.07160276114 -0.4201954276 -0.9046042489 6.262452885e-05 -0.2165362201 0
0.4507798078 0.3383463082 -0.1650575344 -0.01275980048 0.1119378076 0.4930000793 -0.00164695567 0.02857678779 0.2528335004 -0.9972343448 -0.021628198 -0.07110473032 0.01073754904 0.9047556294 -0.4257956742 0.07354159818 -0.4253815607 -0.9020211534 6.471090873e-05 -0.2195265208 0
0.4561526042 0.3423790216 -0.1670248375 -0.01306079901 0.1131997089 0.4925990581 -0.001686279734 0.028912625 0.2527817719 -0.9971022063 -0.0223877238 -0.07270474505 0.01111268367 0.9025993442 -0.4303381602 0.07525754707 -0.4298990739 -0.8997350098 6.657384314e-05 -0.2221430339 0
0.4622929428 0.346987837 -0.1692731839 -0.01340887539 0.1146387811 0.4921353148 -0.001731782094 0.02929623196 0.2527219161 -0.9969455491 -0.02327626352 -0.07455057192 0.01155139487 0.9001109894 -0.4355074878 0.07724077611 -0.4350384147 -0.8970927713 6.874611744e-05 -0.2251333346 0
0.4684332815 0.3515966524 -0.1715215304 -0.01376128999 0.1160745064 0.4916657918 -0.001777881989 0.02967961534 0.2526612744 -0.9967827301 -0.02418687304 -0.07641455393 0.01200084295 0.8975972862 -0.4406530285 0.07924751509 -0.4401523678 -0.8944192107 7.096503369e-05 -0.2281236354 0
0.4745736202 0.3562054678 -0.1737698768 -0.01411803044 0.1175068436 0.4911905054 -0.001824578986 0.03006277223 0.2525998472 -0.9966135985 -0.02511974949 -0.07829644599 0.01246111487 0.8950585317 -0.4457745455 0.0812776469 -0.445240635 -0.8917144841 7.323117336e-05 -0.2311139361 0
0.4799464165 0.3602381813 -0.1757371799 -0.01443371701 0.1187573272 0.4907699153 -0.001865928326 0.03039784643 0.2525454547 -0.9964603101 -0.02595443448 -0.07995759901 0.01287279852 0.8928168072 -0.4502359823 0.08307310857 -0.4496715646 -0.8893224064 7.52532423e-05 -0.2337304492 0
0.4860867552 0.3648469967 -0.1779855263 -0.0147985345 0.1201832017 0.4902838678 -0.001913743706 0.03078057081 0.2524825564 -0.9962789304 -0.02692958031 -0.08187240403 0.01335359232 0.8902318918 -0.4553118276 0.08514678156 -0.4547108713 -0.8865596704 7.760950068e-05 -0.23672075 0
0.4922270939 0.3694558121 -0.1802338727 -0.01516764139 0.121605571 0.4897921056 -0.001962154916 0.03116306036 0.2524188744 -0.9960907964 -0.02792753984 -0.083804402 0.01384544841 0.8876227945 -0.4603629854 0.08724350311 -0.4597236423 -0.883766227 8.001466618e-05 -0.2397110507 0
0.4975998902 0.3734885256 -0.1822011758 -0.0154941184 0.1228472367 0.4893571393 -0.002005003133 0.0314975438 0.2523625102 -0.995920516 -0.02881961285 -0.08550880445 0.01428495906 0.8853202391 -0.46476232 0.08909694534 -0.4640878194 -0.8812969024 8.215976856e-05 -0.2423275638 0
0.5037402289 0.378097341 -0.1844495222 -0.01587123288 0.1242629244 0.4888547085 -0.002054530292 0.03187958521 0.2522973603 -0.9957192966 -0.02986083875 -0.08747235382 0.01479776781 0.8826666313 -0.4697665847 0.09123655211 -0.4690500488 -0.8784463235 8.465822557e-05 -0.2453178645 0
0.5098805675 0.3827061564 -0.1866978686 -0.01625259911 0.1256749907 0.4883466131 -0.002104651961 0.03226138347 0.2522314284 -0.9955108714 -0.03092539488 -0.0894523611 0.01532185979 0.8799897323 -0.474745523 0.09339885207 -0.4739849058 -0.8755655107 8.720728995e-05 -0.2483081653 0
0.5160209062 0.3873149718 -0.188946215 -0.01663820371 0.1270833954 0.487832871 -0.002155367667 0.03264293566 0.2521647151 -0.9952950811 -0.03201345367 -0.09144856661 0.0158573077 0.8772898569 -0.4796989189 0.09558371903 -0.4788921025 -0.8726546321 8.980755669e-05 -0.251298466 0
0.5213937026 0.3913476853 -0.1909135181 -0.01697907389 0.1283127145 0.4873787286 -0.002200230833 0.03297658972 0.2521057005 -0.9951000969 -0.03298491732 -0.09320832832 0.01633519549 0.8749088672 -0.4840120199 0.09751388941 -0.4831629841 -0.8700830835 9.212526113e-05 -0.2539149791 0
0.5275340412 0.3959565007 -0.1931618645 -0.01737258885 0.1297141462 0.4868544474 -0.002252059075 0.03335767277 0.2520375238 -0.9948700639 -0.0341174952 -0.09523419848 0.01689212403 0.8721667676 -0.4889169517 0.0997407248 -0.4880175469 -0.8671162908 9.482314212e-05 -0.2569052798 0
0.5336743799 0.4005653161 -0.1954102109 -0.01777030288 0.1311118017 0.4863245718 -0.002304479973 0.03373850147 0.2519685675 -0.9946322017 -0.03527405038 -0.09727550904 0.01746060523 0.8694026095 -0.493795737 0.1019897571 -0.4928436303 -0.8641199254 9.757394572e-05 -0.2598955806 0
0.5390471762 0.4045980295 -0.1973775141 -0.01812173626 0.1323316216 0.4858563561 -0.002350834034 0.03407151567 0.2519075918 -0.9944175216 -0.03630582908 -0.09907411162 0.01796755355 0.8669661309 -0.4980430652 0.1039757656 -0.49704287 -0.8614739843 0.0001000247848 -0.2625120937 0
0.5451875149 0.4092068449 -0.1996258605 -0.01852728587 0.1337220905 0.4853160411 -0.002404364832 0.03445185968 0.2518371756 -0.9941645385 -0.03750776357 -0.1011436509 0.0185578671 0.864161488 -0.5028722783 0.1062660624 -0.5018147969 -0.8584226427 0.0001028764409 -0.2655023944 0
0.5513278536 0.4138156604 -0.2018742069 -0.01893699408 0.1351086699 0.4847701856 -0.002458486856 0.03483194106 0.2517659818 -0.9939032537 -0.03873411814 -0.1032278569 0.01915991164 0.8613357236 -0.507674767 0.1085781752 -0.5065574394 -0.8553422359 0.0001057827531 -0.2684926951 0
0.5574681923 0.4184244758 -0.2041225533 -0.01935084653 0.1364913208 0.4842188087 -0.0025131996 0.03521175694 0.2516940109 -0.9936335009 -0.03998503921 -0.105326457 0.01977374484 0.8584891679 -0.5124503367 0.1109119692 -0.5112705206 -0.8522329434 0.0001087443274 -0.2714829959 0
0.5628409886 0.4224571892 -0.2060898564 -0.0197163556 0.137697887 0.4837318399 -0.002561557422 0.03554387577 0.2516303995 -0.9933903894 -0.04109985946 -0.1071743241 0.02032056285 0.8559816375 -0.5166067276 0.1129717173 -0.5153700009 -0.8494887599 0.0001113815145 -0.274099509 0
0.5689813273 0.4270660046 -0.2083382028 -0.02013793931 0.1390730669 0.4831701627 -0.002617376378 0.03592318607 0.2515569735 -0.9931043079 -0.04239722361 -0.1092991721 0.02095664719 0.8530969952 -0.5213313108 0.1153457955 -0.5200269148 -0.8463257974 0.0001144483433 -0.2770898097 0
0.575121666 0.43167482 -0.2105865492 -0.02056362519 0.1404442065 0.4826030201 -0.002673784562 0.03630222262 0.2514827725 -0.9928092754 -0.04371955313 -0.1114376207 0.02160467317 0.8501925223 -0.5260284337 0.1177411599 -0.5246534815 -0.8431344754 0.0001175721838 -0.2800801104 0
0.5804944623 0.4357075335 -0.2125538523 -0.02093945369 0.1416406092 0.4821023026 -0.002723624659 0.03663365278 0.2514172114 -0.992543646 -0.04489717393 -0.1133197004 0.02218153013 0.8476351069 -0.530115747 0.1198544552 -0.5286766207 -0.8403189515 0.0001203527923 -0.2826966236 0
0.586634801 0.4403163489 -0.2148021987 -0.02137279086 0.1430040698 0.4815249662 -0.002781136217 0.03701216832 0.251341559 -0.9922313725 -0.04626666334 -0.1154828959 0.02285207617 0.8446943641 -0.5347608941 0.1222893536 -0.5332455599 -0.8370749589 0.0001235851784 -0.2856869243 0
0.5927751396 0.4449251643 -0.2170505451 -0.02181018697 0.1443633799 0.480942222 -0.002839235467 0.03739040187 0.2512651336 -0.9919096581 -0.04766148375 -0.1176588848 0.02353469764 0.8417347675 -0.539378067 0.124745133 -0.5377833803 -0.8338031468 0.0001268763369 -0.288677225 0
0.5989154783 0.4495339797 -0.2192988915 -0.02225162673 0.1457185013 0.4803540905 -0.002897921865 0.03776835059 0.2511879359 -0.9915783308 -0.04908175443 -0.1198473831 0.02422943651 0.8387566604 -0.5439670936 0.1272216501 -0.5422898173 -0.8305037061 0.0001302268827 -0.2916675257 0
0.6042882747 0.4535666932 -0.2212661946 -0.02264119143 0.1469007668 0.4798350723 -0.002949753675 0.03809881982 0.2511197549 -0.9912803982 -0.05034545909 -0.1217723565 0.0248473043 0.8361359037 -0.5479592704 0.1294055004 -0.5462069986 -0.8275941827 0.0001332078104 -0.2942840389 0
0.6104286133 0.4581755086 -0.2235145411 -0.02309017128 0.1482479326 0.4792368951 -0.003009539486 0.03847622678 0.2510411111 -0.9909305811 -0.05181375621 -0.12398354 0.02556486822 0.8331240211 -0.5524950705 0.1319205103 -0.5506538841 -0.8242434585 0.0001366713681 -0.2972743396 0
0.616568952 0.462784324 -0.2257628875 -0.02354315 0.1495908013 0.4786333902 -0.003069910847 0.03885334071 0.250961697 -0.9905706529 -0.05330782359 -0.1262064087 0.02629465704 0.8300946249 -0.5570022484 0.1344558391 -0.555068635 -0.8208656636 0.0001401960869 -0.3002646403 0
0.6219417483 0.4668170375 -0.2277301906 -0.02394277426 0.150762257 0.4781009696 -0.003123215676 0.03918307278 0.2508915785 -0.9902472843 -0.05463635348 -0.128160777 0.02694327627 0.8274298116 -0.5609224248 0.1366908035 -0.5589049791 -0.8178880416 0.0001433308737 -0.3028811535 0
0.628082087 0.4714258529 -0.229978537 -0.02440320807 0.1520969679 0.4774875322 -0.003184683411 0.03955962961 0.2508107223 -0.989867927 -0.0561790151 -0.1304047747 0.0276960731 0.8243685217 -0.5653755106 0.1392638307 -0.5632587848 -0.8144600216 0.0001469719389 -0.3058714542 0
0.6342224257 0.4760346683 -0.2322268834 -0.02486759487 0.1534272745 0.4768688283 -0.003246735052 0.03993588525 0.2507290981 -0.9894779553 -0.05774773255 -0.1326596222 0.02846118245 0.8212907283 -0.5697995267 0.1418567484 -0.5675797203 -0.8110055018 0.0001506759481 -0.3088617549 0
0.6403627644 0.4806434837 -0.2344752298 -0.02533591842 0.1547531399 0.4762448794 -0.003309370018 0.04031183685 0.2506467066 -0.9890771929 -0.059342597 -0.1349250263 0.02923863012 0.8181967858 -0.5741943245 0.1444694052 -0.5718675335 -0.8075246839 0.0001544435232 -0.3118520556 0
0.6457355607 0.4846761971 -0.2364425329 -0.02574891803 0.1559096001 0.4756946388 -0.003364653658 0.04064054287 0.2505739852 -0.9887175351 -0.06075962057 -0.1369156833 0.02992903651 0.8154766183 -0.5780156899 0.1467715524 -0.5755920027 -0.8044575551 0.0001577927851 -0.3144685688 0
0.6518758994 0.4892850125 -0.2386908793 -0.02622457881 0.1572270393 0.4750609145 -0.003428380767 0.04101591677 0.2504901571 -0.9882960634 -0.06240374169 -0.1392000868 0.03072967952 0.8123533559 -0.5823553142 0.1494208082 -0.5798170386 -0.8009279767 0.0001616812264 -0.3174588695 0
0.658016238 0.4938938279 -0.2409392257 -0.02670412895 0.1585399322 0.4744220084 -0.003492689496 0.04139097851 0.250405564 -0.9878632915 -0.06407424833 -0.1414941976 0.03154272139 0.8092149706 -0.5866653119 0.1520893618 -0.5840082381 -0.7973726882 0.0001656350275 -0.3204491702 0
0.6633890344 0.4979265414 -0.2429065288 -0.02712691267 0.1596849554 0.4738587324 -0.003549436268 0.04171889924 0.2503309181 -0.9874752066 -0.06555764485 -0.1435092736 0.03226431682 0.8064567605 -0.5904121504 0.154440054 -0.5876475888 -0.7942408836 0.0001691487108 -0.3230656833 0
0.6695293731 0.5025353568 -0.2451548752 -0.02761371017 0.1609892262 0.4732101706 -0.003614833902 0.04209336806 0.2502448927 -0.9870207668 -0.06727782233 -0.1458207825 0.03310064852 0.8032909897 -0.5946662366 0.1571443701 -0.5917746872 -0.790637949 0.0001732267487 -0.3260559841 0
0.6756697117 0.5071441722 -0.2474032216 -0.02810434857 0.1622888468 0.4725564915 -0.003680811404 0.04246751661 0.2501581045 -0.9865545138 -0.06902458852 -0.1481411403 0.03394941926 0.8001111328 -0.5988903172 0.1598675333 -0.5958672514 -0.7870099049 0.0001773719478 -0.3290462848 0
0.6818100504 0.5117529876 -0.2496515681 -0.02859881076 0.1635837814 0.4718977181 -0.003747368157 0.04284134207 0.2500705544 -0.9860762686 -0.07079800574 -0.1504700464 0.03481063822 0.7969175527 -0.6030842675 0.1626093846 -0.5999250425 -0.783356963 0.0001815849362 -0.3320365855 0
0.6871828467 0.5157857011 -0.2516188712 -0.02903458833 0.1647129774 0.4713171303 -0.003806079991 0.04316817211 0.2499933237 -0.9856478256 -0.07237165369 -0.1525146145 0.03557442158 0.7941121988 -0.6067291622 0.1650237087 -0.6034468987 -0.7801403823 0.000185327404 -0.3346530986 0
0.6933231854 0.5203945165 -0.2538672176 -0.02953617356 0.1659990304 0.4706488668 -0.00387372115 0.04354138421 0.2499043472 -0.985146611 -0.07419519452 -0.1548587355 0.03645899704 0.7908938692 -0.6108662941 0.167800168 -0.6074388536 -0.7764413325 0.0001896691936 -0.3376433994 0
0.6994635241 0.5250033319 -0.256115564 -0.03004153268 0.1672802956 0.4699755753 -0.003941939748 0.04391426516 0.2498146112 -0.9846328875 -0.07604554143 -0.1572105357 0.03735603325 0.7876628653 -0.6149729567 0.1705948524 -0.61139536 -0.7727180016 0.0001940805831 -0.3406337001 0
0.7048363204 0.5290360454 -0.2580828671 -0.03048680382 0.1683974479 0.4693823392 -0.004002104199 0.04424026213 0.2497354698 -0.9841729765 -0.07768662021 -0.1592744213 0.0381511613 0.7848256282 -0.6185412049 0.1730550234 -0.6148280429 -0.7694403398 0.000197998139 -0.3432502132 0
0.7109766591 0.5336448608 -0.2603312135 -0.03099919141 0.1696696421 0.4686996837 -0.004071403766 0.04461251461 0.2496443119 -0.983635313 -0.0795873477 -0.1616398004 0.03907155808 0.7815718489 -0.6225904419 0.1758834396 -0.618717463 -0.7656720686 0.0002025417308 -0.3462405139 0
0.7171169978 0.5382536762 -0.2625795599 -0.03151530192 0.1709369485 0.4680120681 -0.004141278916 0.0449844279 0.2495523969 -0.9830846221 -0.08151500028 -0.164011983 0.0400044074 0.7783064518 -0.6266089007 0.1787296093 -0.6225707766 -0.7618801447 0.0002071567396 -0.3492308147 0
0.7232573364 0.5428624916 -0.2648279063 -0.03203511739 0.1721993325 0.4673195164 -0.004211728994 0.0453559992 0.2494597257 -0.9825207231 -0.08346961086 -0.1663906631 0.04094970154 0.7750298058 -0.6305964812 0.1815933662 -0.6263877587 -0.7580647895 0.0002118437989 -0.3522211154 0
0.7286301328 0.5468952051 -0.2667952094 -0.03249298094 0.1732998538 0.4667095034 -0.004273843913 0.04568084136 0.2493780187 -0.9820163347 -0.08520203163 -0.1684770972 0.04178703456 0.7721538036 -0.634060208 0.1841134493 -0.6296976397 -0.7547073077 0.0002160045783 -0.3548376285 0
0.7347704715 0.5515040205 -0.2690435558 -0.03301969436 0.1745529163 0.4660077615 -0.004345370194 0.04605176393 0.2492839318 -0.9814271834 -0.08720726185 -0.1708671333 0.04275563313 0.7688570629 -0.6379896337 0.1870097313 -0.6334459017 -0.7508486199 0.000220828442 -0.3578279293 0
0.7409108101 0.5561128359 -0.2712919022 -0.03355006039 0.1758009583 0.4653011532 -0.004417469486 0.04642233651 0.2491890913 -0.9808243042 -0.08923952018 -0.1732627839 0.04373664025 0.7655501379 -0.6418879129 0.1899231174 -0.6371571976 -0.7469671445 0.0002257261812 -0.36081823 0
0.7462836065 0.5601455493 -0.2732592053 -0.03401711248 0.1768888503 0.4646788984 -0.004481025883 0.04674629823 0.2491054882 -0.9802853817 -0.09103993028 -0.1753633414 0.04460518665 0.7626485162 -0.6452732895 0.1924862274 -0.6403740875 -0.7435523387 0.000230072804 -0.3634347431 0
0.7524239451 0.5647543647 -0.2755075518 -0.03455427738 0.1781273884 0.4639632319 -0.004554197743 0.04711620711 0.2490092368 -0.9796562755 -0.09312290555 -0.1777686879 0.0456094106 0.7593234971 -0.6491129397 0.1954312248 -0.6440154899 -0.7396287482 0.0002351107747 -0.3664250438 0
0.7585642838 0.5693631801 -0.2777558982 -0.03509504156 0.1793608096 0.4632427702 -0.004627940654 0.04748575802 0.2489122342 -0.9790129215 -0.09523294257 -0.1801787615 0.04662598589 0.7559893627 -0.6529212057 0.1983928348 -0.6476193095 -0.7356830248 0.0002402244514 -0.3694153446 0
0.7647046225 0.5739719955 -0.2800042446 -0.03563938623 0.1805890809 0.4625175381 -0.004702253923 0.04785494821 0.2488144814 -0.9783551392 -0.09737004447 -0.1825932528 0.04765488775 0.7526464859 -0.656698012 0.2013708847 -0.651185336 -0.7317153989 0.000245414472 -0.3724056453 0
0.7700774188 0.578004709 -0.2819715477 -0.03611861008 0.1816595676 0.4618790667 -0.004767745358 0.04817769154 0.248728333 -0.977767602 -0.09926220937 -0.184709313 0.04856526705 0.7497145902 -0.6599768542 0.2039900276 -0.6542744432 -0.7282259413 0.0002500188678 -0.3750221584 0
0.7762177575 0.5826135244 -0.2842198941 -0.03666961713 0.1828780939 0.4611449584 -0.004843126164 0.04854619793 0.248629176 -0.9770822799 -0.1014500509 -0.1871312521 0.04961720549 0.7463563267 -0.6636944829 0.206998433 -0.6577690482 -0.7242178732 0.0002553537546 -0.3780124591 0
0.7823580962 0.5872223398 -0.2864682405 -0.03722414999 0.1840913758 0.4604061526 -0.004919075308 0.04891433566 0.2485292714 -0.9763820106 -0.1036649417 -0.1895567175 0.05068138502 0.7429903937 -0.6673804553 0.2100227761 -0.6612252678 -0.7201885716 0.0002607668226 -0.3810027599 0
0.7877308925 0.5912550533 -0.2884355436 -0.0377122434 0.1851486702 0.4597558643 -0.004985996463 0.04923615161 0.2484412424 -0.9757568722 -0.1056251489 -0.1916816482 0.05162255646 0.7400392047 -0.670579665 0.2126820115 -0.6642178132 -0.7166456995 0.0002655678935 -0.383619273 0
0.7938712312 0.5958638687 -0.29068389 -0.03827333523 0.186352032 0.4590083199 -0.005063009314 0.0496035907 0.2483399386 -0.975028092 -0.1078907156 -0.1941128882 0.05270959267 0.7366598988 -0.6742061201 0.2157357613 -0.6676015181 -0.7125772199 0.0002711292773 -0.3866095737 0
0.8000115699 0.6004726841 -0.2929322364 -0.03883789725 0.1875500571 0.4582561522 -0.005140588437 0.04997065325 0.2482378899 -0.9742838476 -0.110183279 -0.1965467611 0.05380876352 0.733273998 -0.677800753 0.2188049388 -0.6709462637 -0.7084881862 0.0002767706845 -0.3895998744 0
0.8061519085 0.6050814995 -0.2951805828 -0.03940590988 0.1887427135 0.4574993873 -0.005218733105 0.0503373365 0.2481350974 -0.9735239598 -0.1125028126 -0.1989829562 0.05492002708 0.7298818763 -0.6813635133 0.2218893651 -0.6742518549 -0.7043788369 0.0002824927567 -0.3925901752 0
0.8115247049 0.609114213 -0.2971478859 -0.03990573606 0.1897818591 0.4568334674 -0.005287573035 0.05065787106 0.2480445444 -0.9728460848 -0.1145545038 -0.2011162873 0.05590226758 0.7269089605 -0.6844547462 0.2246006052 -0.6771119766 -0.7007666797 0.0002875662454 -0.3952066883 0
0.8176650435 0.6137230284 -0.2993962323 -0.04048016546 0.1909643643 0.4560681533 -0.005366776115 0.05102383577 0.2479403596 -0.9720563834 -0.1169245184 -0.2035559983 0.05703608309 0.723506182 -0.6879576221 0.2277131368 -0.680343635 -0.6966198861 0.0002934412963 -0.398196989 0
0.8238053822 0.6183318438 -0.3016445788 -0.04105798859 0.1921414107 0.4552983179 -0.005446542615 0.05138941333 0.2478354336 -0.9712505251 -0.1193214013 -0.2059971374 0.05818185659 0.720098257 -0.6914285009 0.2308403972 -0.6835355905 -0.6924534696 0.0002993988604 -0.4011872897 0
0.8291781786 0.6223645573 -0.3036118819 -0.04156635201 0.193166824 0.4546210237 -0.005516799893 0.05170897398 0.2477430163 -0.9705320056 -0.1214406798 -0.2081340613 0.05919417708 0.7171123945 -0.6944392436 0.2335886889 -0.6862958363 -0.6887919493 0.0003046799215 -0.4038038029 0
