0.007309833118 0.005133549602 0.002471089085 -3.189645501e-06 0.001863995051 0.5099954582 -3.996273173e-07 0.0004643093552 0.2549994362 -0.9999999998 -8.95419828e-08 -1.857541169e-05 4.556285069e-08 0.99997355 -0.007273188198 1.857557163e-05 -0.007273188197 -0.9999735498 3.620655096e-08 0.003286548484 0
0.01440839538 0.0101187279 0.004870758057 -1.239235167e-05 0.003674045909 0.5099823541 -1.561578675e-06 0.0009169623093 0.254997797 -0.9999999974 -6.889665253e-07 -7.216646625e-05 3.456553193e-07 0.9998972397 -0.01433562012 7.216892717e-05 -0.0143356201 -0.9998972371 6.610527228e-08 0.006478108215 0
0.02071822849 0.01454999751 0.007003797142 -2.562244355e-05 0.005282866087 0.5099635153 -3.239058708e-06 0.001319935397 0.2549954303 -0.9999999889 -2.049601702e-06 -0.0001492044216 1.026303534e-06 0.9997875407 -0.02061245729 0.000149214969 -0.02061245722 -0.9997875296 5.064267017e-08 0.009315050199 0
0.02781679075 0.01953517581 0.009403466113 -4.618683302e-05 0.007092598705 0.509934233 -5.850650255e-06 0.001773372987 0.2549917456 -0.9999999638 -4.961424555e-06 -0.0002689350309 2.482561561e-06 0.999617045 -0.02767243076 0.0002689693356 -0.02767243043 -0.9996170088 1.033804951e-08 0.01250660993 0
0.03491535301 0.02452035411 0.01180313508 -7.276500654e-05 0.008902064503 0.5098963875 -9.228190403e-06 0.002226752382 0.2549869802 -0.9999999102 -9.811603476e-06 -0.0004236531723 4.907936236e-06 0.9993967196 -0.03473034333 0.000423738351 -0.03473034229 -0.9993966299 1.016274177e-07 0.01569816966 0
0.04201391527 0.02950553241 0.01420280406 -0.0001053557643 0.01071119542 0.5098499804 -1.337104364e-05 0.002680049419 0.254981135 -0.9999998118 -1.70940769e-05 -0.0006133318844 8.54933824e-06 0.9991265975 -0.04178566966 0.0006135104862 -0.04178566704 -0.9991264092 2.243461908e-07 0.01888972939 0
0.04832374838 0.03393680201 0.01633584314 -0.000139371745 0.01231897564 0.5098015439 -1.769578641e-05 0.003082914915 0.2549750331 -0.9999996706 -2.600824208e-05 -0.0008112582154 1.3006397e-05 0.9988447163 -0.04805447533 0.0008115707944 -0.04805447006 -0.9988443869 3.564508193e-07 0.02172667138 0
0.05542231064 0.03892198032 0.01873551211 -0.0001833153728 0.01412728835 0.5097389711 -2.328341367e-05 0.003536072212 0.2549671494 -0.9999994301 -3.923092683e-05 -0.00106687846 1.961741089e-05 0.9984806486 -0.05510348478 0.001067419257 -0.05510347431 -0.9984800788 5.298346887e-07 0.02491823111 0
0.0625208729 0.04390715862 0.02113518108 -0.0002332665943 0.01593506964 0.5096678439 -2.963567647e-05 0.003989164517 0.2549581869 -0.9999990772 -5.630978546e-05 -0.00135734719 2.815603839e-05 0.9980669198 -0.06214839297 0.001358222891 -0.06214837383 -0.9980659972 7.288537746e-07 0.02810979084 0
0.06961943516 0.04889233692 0.02353485005 -0.0002892231548 0.01774225155 0.5095881655 -3.675245174e-05 0.004442194847 0.2549481458 -0.9999985814 -7.773633259e-05 -0.001682613791 3.886783199e-05 0.9976035914 -0.0691886766 0.001683960035 -0.06918864385 -0.9976021731 9.532117183e-07 0.03130135057 0
0.07592926827 0.05332360652 0.02566788914 -0.000344001803 0.01934807735 0.5095101643 -4.372019583e-05 0.004844837284 0.2549383148 -0.9999979931 -0.0001008287349 -0.002000907004 5.0411942e-05 0.9971501599 -0.07544240171 0.002002811501 -0.07544235117 -0.9971481537 1.173813999e-06 0.03413829256 0
0.08302783053 0.05830878483 0.02806755811 -0.000411294671 0.02115394171 0.5094143438 -5.228074372e-05 0.005297752071 0.2549262366 -0.9999971311 -0.000131805504 -0.002391743388 6.589681836e-05 0.9965933365 -0.082472525 0.002394465856 -0.082472446 -0.9965904686 1.445792582e-06 0.03732985229 0
0.09012639279 0.06329396313 0.03046722708 -0.0004845848422 0.02295901047 0.5093099834 -6.160547883e-05 0.00575060412 0.2549130802 -0.9999960175 -0.0001685447078 -0.002817197406 8.42613294e-05 0.9959871317 -0.0894965164 0.002820976528 -0.08949639736 -0.9959831509 1.743014907e-06 0.04052141202 0
0.09722495505 0.06827914143 0.03286689605 -0.0005638690086 0.02476321579 0.509197088 -7.169428243e-05 0.006203391271 0.2548988457 -0.9999946076 -0.0002115339633 -0.00327719493 0.0001057488438 0.9953316354 -0.0965138559 0.003282311748 -0.09651368202 -0.9953262458 2.065569455e-06 0.04371297175 0
0.1035347882 0.07271041103 0.03499993514 -0.0006393729324 0.02636617417 0.5090895755 -8.130344693e-05 0.006605812085 0.254885288 -0.9999930667 -0.000255386816 -0.003715016447 0.0001276668351 0.9947076699 -0.1027454871 0.003721595197 -0.1027452491 -0.9947007407 2.373648935e-06 0.04654991373 0
0.1106333504 0.07769558933 0.03739960411 -0.000729969108 0.0281685636 0.5089605726 -9.28351431e-05 0.007058468973 0.2548690178 -0.9999909625 -0.0003115076791 -0.004240039292 0.0001557148639 0.9939593384 -0.1097488469 0.004248614258 -0.1097485153 -0.9939503069 2.744406121e-06 0.04974147347 0
0.1177319127 0.08268076764 0.03979927308 -0.0008265482042 0.02996989384 0.5088230503 -0.0001051305249 0.007511052189 0.25485167 -0.9999884126 -0.0003752799644 -0.004799357746 0.0001875848702 0.9931620158 -0.1167440587 0.004810351519 -0.1167436062 -0.9931504372 3.140913346e-06 0.0529330332 0
0.1248304749 0.08766594594 0.04219894205 -0.0009291058626 0.03177009725 0.5086770151 -0.0001181894442 0.007963558164 0.254833245 -0.9999853584 -0.0004471859292 -0.005392874367 0.0002235172196 0.9923158202 -0.123730607 0.005406765136 -0.1237300008 -0.9923011911 3.563355186e-06 0.05612459293 0
0.1311403081 0.09209721554 0.04433198114 -0.00102528353 0.03336927742 0.5085400645 -0.0001304382404 0.008365717839 0.254815963 -0.9999821698 -0.0005183192137 -0.005949070815 0.0002590610532 0.9915227182 -0.1299331835 0.005965985731 -0.1299324079 -0.9915049049 3.960793343e-06 0.05896153491 0
0.1382388703 0.09708239384 0.04673165011 -0.001139121183 0.03516716796 0.5083779672 -0.0001449389624 0.00881806763 0.2547955037 -0.9999779901 -0.000606898804 -0.006606897069 0.0003033192915 0.9905845546 -0.1369019659 0.00662777583 -0.1369009567 -0.9905625678 4.432782818e-06 0.06215309465 0
0.1453374326 0.1020675721 0.04913131908 -0.001258923294 0.03696373654 0.508207377 -0.0001602027452 0.009270329077 0.2547739678 -0.9999731163 -0.0007049958638 -0.007298606611 0.0003523289974 0.9895978995 -0.1438606034 0.007324106902 -0.1438593075 -0.989571047 4.931326863e-06 0.06534465438 0
0.1524359948 0.1070527504 0.05153098805 -0.001384684458 0.03875891574 0.5080283014 -0.0001762294068 0.009722498157 0.2547513556 -0.999967476 -0.0008130858428 -0.008024078953 0.0004063267224 0.9885628989 -0.1508085865 0.008054927078 -0.150806942 -0.9885304165 5.456666733e-06 0.06853621411 0
0.1587458279 0.11148402 0.05366402714 -0.001501470239 0.04035340974 0.5078620063 -0.0001911156153 0.01012434538 0.2547303524 -0.9999617574 -0.000917937745 -0.008697185312 0.0004587025329 0.9876024358 -0.1569752161 0.008733454874 -0.1569732024 -0.9875642463 5.946335721e-06 0.07137315609 0
0.1658443902 0.1164691984 0.05606369611 -0.001638471693 0.04214578087 0.5076669253 -0.0002085827415 0.01057632881 0.2547057078 -0.9999544588 -0.001046193368 -0.009486082326 0.0005227635098 0.9864765395 -0.1639016891 0.009529270527 -0.1638991838 -0.9864310673 6.522992409e-06 0.07456471582 0
0.1729429525 0.1214543767 0.05846336508 -0.001781415077 0.04393656825 0.5074633834 -0.00022681217 0.01102820794 0.2546799877 -0.9999461643 -0.001185803964 -0.01030836114 0.0005924894536 0.9853027595 -0.1708160445 0.01035941102 -0.1708129561 -0.9852490125 7.127211169e-06 0.07775627556 0
0.1800415147 0.126439555 0.06086303405 -0.001930293942 0.04572570477 0.5072513898 -0.000245803684 0.01147997857 0.2546531923 -0.9999367878 -0.001337236747 -0.01116387854 0.0006681123024 0.9840812692 -0.1777177795 0.01122381451 -0.1777140043 -0.9840181699 7.759279997e-06 0.08094783529 0
0.1863513478 0.1308708246 0.06299607314 -0.002067608162 0.04731460822 0.5070558635 -0.0002633246228 0.01188145798 0.2546284718 -0.9999274724 -0.001482144324 -0.01195212214 0.0007404695706 0.9829555928 -0.1838416553 0.01202088517 -0.1838371719 -0.9828832039 8.34474089e-06 0.08378477727 0
0.1934499101 0.1358560029 0.06539574211 -0.002227679956 0.04910044357 0.5068279319 -0.0002837550077 0.01233301214 0.2545996464 -0.9999158047 -0.001657174278 -0.01287001239 0.0008278591483 0.9816444814 -0.190718187 0.01294982992 -0.190712784 -0.9815604596 9.0302406e-06 0.086976337 0
0.2005484724 0.1408411812 0.06779541108 -0.002393667105 0.0508844346 0.5065915773 -0.0003049468007 0.01278444554 0.2545697467 -0.9999027868 -0.001845362643 -0.01382069515 0.00092180811 0.9802862001 -0.1975806572 0.0139128447 -0.1975741897 -0.9801892023 9.744484432e-06 0.09016789673 0
0.2076470346 0.1458263595 0.07019508005 -0.002565562122 0.05266651453 0.5063468102 -0.0003268997498 0.01323575392 0.254538773 -0.999888319 -0.00204716699 -0.01480400488 0.001022542993 0.9788809498 -0.2044285709 0.01490985778 -0.2044208779 -0.9787695341 1.04878026e-05 0.09335945647 0
0.2139568677 0.1502576291 0.07232811913 -0.002723311127 0.05424892728 0.5061221861 -0.0003470522667 0.01363680849 0.2545103397 -0.9998741586 -0.002238347119 -0.01570531024 0.001117963883 0.9775925749 -0.2105029872 0.01582457343 -0.2104940551 -0.9774670509 1.117321299e-05 0.09619639845 0
0.22105543 0.1552428074 0.07472778811 -0.002906344091 0.05602721546 0.5058615594 -0.0003704422356 0.01408786899 0.2544773385 -0.9998566689 -0.002467109352 -0.01674977702 0.001232129309 0.9760991765 -0.217322064 0.01688560085 -0.2173115529 -0.9759562313 1.197238659e-05 0.09938795818 0
0.2281539922 0.1602279857 0.07712745708 -0.00309526181 0.05780340015 0.5055925531 -0.0003945925819 0.01453879204 0.2544432646 -0.999837423 -0.00271079394 -0.01782636082 0.001353726417 0.9745594268 -0.2241251684 0.01798040513 -0.2241128628 -0.9743973162 1.280164566e-05 0.1025795179 0
0.2352525545 0.165213164 0.07952712605 -0.003290055767 0.05957741494 0.5053151795 -0.0004195030185 0.01498957335 0.2544081183 -0.9998163084 -0.002969847434 -0.01893487422 0.001482975573 0.9729735528 -0.230911815 0.0191089047 -0.2308974784 -0.9727904215 1.366135937e-05 0.1057710776 0
0.2415623876 0.1696444336 0.08166016513 -0.003468131996 0.06115244175 0.5050616108 -0.0004422834902 0.01539014535 0.2543759772 -0.9997958775 -0.003213378101 -0.01994686871 0.001604464458 0.9715253544 -0.2369301828 0.02014023495 -0.236913824 -0.9713218884 1.445142215e-05 0.1086080196 0
0.2486609499 0.1746296119 0.0840598341 -0.003674001344 0.06292217709 0.5047684665 -0.0004686288378 0.01584064713 0.2543388064 -0.9997709144 -0.003502669259 -0.02111516268 0.001748762645 0.9698530002 -0.2436844269 0.02133214983 -0.2436655277 -0.9696246954 1.536970218e-05 0.1117995794 0
0.2557595121 0.1796147902 0.08645950308 -0.003885720845 0.06468955134 0.504466992 -0.0004957333957 0.01629099467 0.2543005644 -0.999743739 -0.003808601905 -0.02231481384 0.001901339717 0.9681352153 -0.2504208255 0.02255751033 -0.2503990805 -0.9678798785 1.63195563e-05 0.1149911391 0
0.2628580744 0.1845999685 0.08885917205 -0.004103280958 0.06645449856 0.5041572009 -0.0005235968417 0.01674118366 0.2542612517 -0.9997142261 -0.004131610225 -0.0235456134 0.002062409118 0.9663722527 -0.2571389036 0.02381622519 -0.2571139807 -0.9660875676 1.730138975e-05 0.1181826988 0
0.2691679075 0.1890312381 0.09099221113 -0.004301563037 0.06802124979 0.5038748604 -0.000549001173 0.01714121504 0.2542254086 -0.9996859264 -0.004433412201 -0.02466563371 0.002212882336 0.9647674574 -0.2630947666 0.02496300827 -0.2630667176 -0.9644546388 1.820131197e-05 0.1210196408 0
0.2762664698 0.1940164164 0.0933918801 -0.004530128461 0.06978143308 0.5035493984 -0.0005782971635 0.01759109272 0.2541840748 -0.9996516453 -0.004789847131 -0.02595468045 0.002390568396 0.9629198724 -0.2697769534 0.02628446796 -0.2697450217 -0.9625729842 1.924468751e-05 0.1242112005 0
0.283365032 0.1990015947 0.09579154907 -0.004764505465 0.0715389995 0.5032156612 -0.0006083510609 0.01804079935 0.2541416717 -0.9996146471 -0.005164592682 -0.02727424226 0.002577352551 0.9610278769 -0.2764394636 0.02763900437 -0.2764032322 -0.9606442311 2.032126195e-05 0.1274027603 0
0.2904635943 0.203986773 0.09819121805 -0.005004683492 0.07329388357 0.5028736637 -0.0006391625079 0.01849033058 0.2540981998 -0.9995747943 -0.00555806936 -0.02862408957 0.002773440585 0.9590917492 -0.2830818338 0.0290265166 -0.283040853 -0.9586685229 2.143147381e-05 0.13059432 0
0.2967734274 0.2084180426 0.1003242571 -0.005223036326 0.07485147586 0.5025627437 -0.0006671861326 0.01888976316 0.2540586612 -0.9995368595 -0.00592388832 -0.02984918899 0.002955716443 0.9573339273 -0.2889688831 0.03028746071 -0.2889232756 -0.9568730378 2.244692847e-05 0.133431262 0
0.3038719897 0.2134032209 0.1027239261 -0.005474142117 0.07660111515 0.5022051858 -0.0006994275003 0.01933895129 0.2540131718 -0.9994912285 -0.006353880082 -0.03125559735 0.003169932519 0.9553152199 -0.2955719577 0.03173697663 -0.2955206572 -0.9548090414 2.362190263e-05 0.1366228217 0
0.3109705519 0.2183883992 0.1051235951 -0.005731016973 0.07834788374 0.5018394131 -0.0007324253353 0.01978795152 0.2539666152 -0.9994423284 -0.006803796547 -0.03269159867 0.003394035082 0.9532532192 -0.3021535712 0.0332191631 -0.3020960251 -0.9526985246 2.483182594e-05 0.1398143814 0
0.3180691142 0.2233735775 0.107523264 -0.005993649329 0.08009171672 0.5014654421 -0.0007661792455 0.02023675952 0.2539189919 -0.9993900097 -0.007274043267 -0.03415694323 0.003628221548 0.9511482278 -0.3087132727 0.03473390973 -0.3086488896 -0.9505416448 2.607716749e-05 0.1430059412 0
0.3243789473 0.2278048471 0.1096563031 -0.006231924217 0.08163927364 0.5011261545 -0.0007968171267 0.02063553509 0.253875765 -0.9993405113 -0.007709432402 -0.03548389967 0.003845010607 0.9492412828 -0.3145253614 0.03610759445 -0.3144543715 -0.948585626 2.721425663e-05 0.1458428832 0
0.3314775095 0.2327900254 0.1120559721 -0.006505399386 0.08337738494 0.5007367441 -0.000831998077 0.02108396819 0.2538261283 -0.9992813174 -0.008219172848 -0.03700397103 0.004098775024 0.9470559338 -0.3210424555 0.03768353377 -0.3209633989 -0.9463416127 2.852780525e-05 0.1490344429 0
0.3385760718 0.2377752037 0.1144556411 -0.0067845972 0.08511237391 0.5003391849 -0.000867933919 0.02153219656 0.2537754265 -0.9992182569 -0.008750392133 -0.03855263579 0.004363180773 0.9448285025 -0.3275363545 0.03929170068 -0.3274485173 -0.9440517098 2.987816834e-05 0.1522260026 0
0.3456746341 0.242760382 0.11685531 -0.007069505094 0.08684417621 0.4999334951 -0.0009046242258 0.02198021588 0.2537236603 -0.999151169 -0.009303479621 -0.04012962473 0.004638416212 0.942559315 -0.334006621 0.04093197539 -0.3339092437 -0.941716088 3.126584291e-05 0.1554175624 0
0.3519844672 0.2471916516 0.1189883491 -0.007327539846 0.08838082892 0.4995660707 -0.0009378708573 0.02237827629 0.2536767529 -0.9990880221 -0.009813782784 -0.04155494951 0.004892311881 0.9405074731 -0.3397377789 0.04241685332 -0.3396312453 -0.9396017389 3.253106177e-05 0.1582545043 0
0.3590830294 0.2521768299 0.1213880181 -0.007623198267 0.090106437 0.4991450728 -0.0009759850673 0.02282588895 0.2536229778 -0.9990128782 -0.01040922376 -0.04318468786 0.005188508659 0.9381603234 -0.3461622264 0.0441174408 -0.3460445863 -0.9371802365 3.399059351e-05 0.1614460641 0
0.3661815917 0.2571620082 0.1237876871 -0.007924529042 0.09182867346 0.4987159978 -0.001014852458 0.02327328009 0.2535681401 -0.9989332266 -0.01102763304 -0.04484194531 0.005496065427 0.9357723927 -0.3525617993 0.0458497766 -0.35243215 -0.934713527 3.548891004e-05 0.1646376238 0
0.373280154 0.2621471865 0.126187356 -0.008231518619 0.09354747461 0.4982788651 -0.001054472567 0.02372044537 0.2535122404 -0.9988488957 -0.0116693826 -0.04652643388 0.005815160824 0.9333440299 -0.3589360748 0.04761373168 -0.3587934607 -0.9322017942 3.702653384e-05 0.1678291835 0
0.3795899871 0.2665784561 0.1283203951 -0.008509137689 0.09507236253 0.497883554 -0.001090321974 0.02411773254 0.2534616608 -0.9987698657 -0.01225971805 -0.04804638125 0.006108630296 0.9311518286 -0.3645805217 0.04920813016 -0.3644255362 -0.9299314966 3.842673645e-05 0.1706661255 0
0.3866885493 0.2715636344 0.1307200641 -0.008826778247 0.09678450158 0.497431255 -0.001131362594 0.02456445947 0.253403757 -0.9986762181 -0.01294655327 -0.0497815041 0.00644999904 0.9286480657 -0.3709058743 0.05103145015 -0.3707359664 -0.927335233 4.004005442e-05 0.1738576853 0
0.3937871116 0.2765488127 0.1331197331 -0.009150037042 0.0984930223 0.496970956 -0.001173154548 0.02501094809 0.2533447932 -0.9985773802 -0.01365777703 -0.05154299992 0.006803407715 0.9261049101 -0.377204731 0.05288600342 -0.3770187801 -0.9246944956 4.1694223e-05 0.177049245 0
0.4008856738 0.281533991 0.135519402 -0.009478899543 0.1001978617 0.4965026776 -0.00121569734 0.02545719411 0.2532847701 -0.99847317 -0.01439374281 -0.05333056278 0.007169024606 0.9235227324 -0.3834766847 0.05477165184 -0.3832735092 -0.9220094812 4.338978772e-05 0.1802408047 0
0.407195507 0.2859652606 0.1376524411 -0.00977591417 0.1017101331 0.4960797486 -0.00125414308 0.02585365008 0.2532305276 -0.9983758795 -0.01506898757 -0.05494114013 0.007504400148 0.9211950079 -0.3890288439 0.05647377483 -0.3888093144 -0.9195857925 4.493215407e-05 0.1830777467 0
0.4142940692 0.2909504389 0.1400521101 -0.01011532093 0.1034078475 0.4955964559 -0.001298102734 0.0262994261 0.2531685055 -0.998261016 -0.01585263521 -0.05677709015 0.007893526361 0.918540152 -0.3952488854 0.05841777341 -0.3950097254 -0.9168176921 4.67074195e-05 0.1862693064 0
0.4213926315 0.2959356172 0.1424517791 -0.01046028802 0.1051016996 0.4951052457 -0.001342811742 0.02674494709 0.2531054263 -0.9981402401 -0.01666201805 -0.05863819835 0.008295331305 0.9158473747 -0.4014408719 0.06039245507 -0.4011807116 -0.9140059015 4.852568783e-05 0.1894608662 0
0.4284911937 0.3009207955 0.144851448 -0.01081079994 0.1067916271 0.4946061401 -0.001388269571 0.02719020876 0.2530412906 -0.99801336 -0.01749747 -0.06052414164 0.00870997231 0.9131170675 -0.4076044129 0.06239767271 -0.4073218133 -0.9111506302 5.038752543e-05 0.1926524259 0
0.4348010268 0.3053520651 0.1469844871 -0.01112700831 0.10829044 0.4941558804 -0.001429304734 0.02758577573 0.2529833948 -0.9978952964 -0.01826224494 -0.06222112035 0.009089442946 0.9106589414 -0.4130589237 0.06420560283 -0.4127551124 -0.9085762806 5.207953068e-05 0.1954893679 0
0.4418995891 0.3103372434 0.1493841561 -0.01148795067 0.1099727851 0.4936419225 -0.001476175524 0.02803053584 0.2529172657 -0.9977563546 -0.019147831 -0.06415307784 0.009528748779 0.90785883 -0.4191676846 0.06626809017 -0.4188385195 -0.9056394618 5.40252288e-05 0.1986809276 0
0.4489981514 0.3153224217 0.1517838251 -0.01185439173 0.1116510268 0.4931201348 -0.00152379355 0.02847502424 0.2528500824 -0.9976107413 -0.02006042123 -0.06610891331 0.009981328701 0.9050223476 -0.4252468969 0.0683606758 -0.4248907269 -0.9026597854 5.601616018e-05 0.2018724873 0
0.4560967136 0.3203076 0.154183494 -0.01222631504 0.1133251036 0.4925905408 -0.001572158248 0.02891923664 0.2527818457 -0.9974582554 -0.02100032889 -0.06808828743 0.01044732851 0.9021499054 -0.4312961876 0.07048320386 -0.4309112836 -0.8996374735 5.805291002e-05 0.2050640471 0
0.4624065467 0.3247388696 0.1563165331 -0.01256150242 0.1148096258 0.4921132562 -0.001615775462 0.02931385695 0.2527203071 -0.9973167787 -0.02185898445 -0.06986721444 0.01087293212 0.899566771 -0.4366479176 0.07239490453 -0.4362359561 -0.896915363 5.990229583e-05 0.2079009891 0
0.469505109 0.3297240479 0.1587162021 -0.01294373535 0.1164756685 0.491568982 -0.001665548963 0.02975753635 0.2526500828 -0.9971507553 -0.022851327 -0.0718901104 0.01136466759 0.8966275429 -0.4426396882 0.07457355731 -0.4421955066 -0.893813134 6.202720419e-05 0.2110925488 0
0.4766036713 0.3347092262 0.1611158711 -0.01333140164 0.1181373699 0.491016971 -0.001716067452 0.03020092739 0.2525788075 -0.9969772665 -0.02387186102 -0.07393554227 0.01187022689 0.8936535694 -0.4486004856 0.07678168969 -0.4481221175 -0.8906689283 6.419964655e-05 0.2142841085 0
0.4837022335 0.3396944046 0.16351554 -0.0137244839 0.1197946692 0.490457248 -0.001767330328 0.03064402582 0.2525064821 -0.9967961026 -0.02492087817 -0.07600315537 0.01238974375 0.8906452797 -0.454529955 0.07901913721 -0.4540153473 -0.8874829803 6.642022505e-05 0.2174756683 0
0.4900120666 0.3441256742 0.1656485791 -0.01407842287 0.1212640796 0.4899532624 -0.001813521753 0.03103764198 0.2524413118 -0.9966284539 -0.02587748092 -0.07785936527 0.01286335958 0.8879427867 -0.4597740114 0.08103245498 -0.4592253951 -0.8846161754 6.843497314e-05 0.2203126102 0
0.4971106289 0.3491108525 0.1680482481 -0.01448168703 0.1229128992 0.4893790411 -0.001866189024 0.03148017604 0.2523670051 -0.9964322141 -0.02698107508 -0.07996789525 0.01340959431 0.8848708657 -0.4656433547 0.08332481901 -0.4650543759 -0.8813520307 7.074813257e-05 0.22350417 0
0.5042091911 0.3540960308 0.1704479171 -0.0148903156 0.1245571427 0.4887971812 -0.001919598897 0.03192240517 0.2522916506 -0.9962276826 -0.02811396268 -0.08209756081 0.01397015493 0.8817658949 -0.4714803722 0.08564601076 -0.4708487143 -0.8780468377 7.311119006e-05 0.2266957297 0
0.5113077534 0.3590812091 0.172847586 -0.01530429026 0.1261967503 0.4882077088 -0.00197375074 0.03236432511 0.2522152495 -0.9960146421 -0.02927641287 -0.08424799293 0.0145451626 0.878628321 -0.4772847282 0.08799585733 -0.4766079785 -0.8747008425 7.552476296e-05 0.2298872894 0
0.5176175865 0.3635124787 0.1749806251 -0.01567674082 0.1276502392 0.487677364 -0.002022508078 0.03275687984 0.2521464593 -0.9958179523 -0.03033473282 -0.08617662068 0.01506850428 0.8758123605 -0.4824164687 0.09010852427 -0.4816975328 -0.8716925724 7.771307104e-05 0.2327242314 0
0.5247161488 0.368497657 0.1773802941 -0.01610076286 0.1292809278 0.4870735848 -0.002078059653 0.03319820417 0.2520680834 -0.9955882395 -0.03155373678 -0.08836525919 0.01567111969 0.8726144373 -0.4881582323 0.09251201729 -0.4873893777 -0.868270189 8.022375916e-05 0.2359157911 0
0.531814711 0.3734828353 0.1797799631 -0.01653007676 0.1309068091 0.4864622704 -0.002134351315 0.03363920705 0.2519886634 -0.9953493793 -0.03280304735 -0.09057357854 0.01628851348 0.8693852256 -0.4938663927 0.09494365367 -0.4930449164 -0.8648077319 8.278676632e-05 0.2391073509 0
0.5389132733 0.3784680136 0.182179632 -0.0169646633 0.1325278242 0.4858434481 -0.002191382394 0.03407988423 0.2519082003 -0.9951011472 -0.03408291032 -0.09280119633 0.01692079377 0.8661251884 -0.4995406337 0.09740325228 -0.4986637276 -0.8613054587 8.540272356e-05 0.2422989106 0
0.5452231064 0.3828992832 0.1843126711 -0.01735537314 0.1339645939 0.4852871032 -0.002242696884 0.03447132044 0.2518358026 -0.9948724458 -0.0352464091 -0.09479719049 0.01749540273 0.8632018768 -0.5045556766 0.09961288853 -0.503627055 -0.8581591122 8.777298351e-05 0.2451358526 0
0.5523216687 0.3878844615 0.1867123401 -0.01779986584 0.1355762575 0.4846541752 -0.002301122784 0.03491137088 0.2517533717 -0.9946058924 -0.036584631 -0.09706020606 0.01815608485 0.8598848907 -0.510165004 0.1021248031 -0.5091753524 -0.8545823454 9.04906908e-05 0.2483274123 0
0.5594202309 0.3928696398 0.1891120091 -0.01824957435 0.1371828861 0.4840138202 -0.00236028612 0.03535108341 0.2516699005 -0.9943293089 -0.03795408069 -0.09934139725 0.0188319465 0.8565384386 -0.5157395283 0.104664145 -0.5146857206 -0.8509665244 9.326318931e-05 0.2515189721 0
0.5665187932 0.3978548181 0.191511678 -0.01870447854 0.1387844219 0.4833660669 -0.002420186189 0.0357904538 0.2515853899 -0.9940424643 -0.0393549798 -0.1016403693 0.01952308233 0.8531629981 -0.521278954 0.1072307249 -0.5201577494 -0.8473119186 9.609112235e-05 0.2547105318 0
0.5728286263 0.4022860877 0.1936447171 -0.01911318319 0.1402036872 0.4827840987 -0.002474048611 0.03618071463 0.2515093977 -0.9937786892 -0.04062679964 -0.1036985058 0.02015032179 0.8501386599 -0.5261731878 0.1095348414 -0.5249892591 -0.8440310399 9.865190064e-05 0.2575474738 0
0.5799271886 0.407271266 0.1960443861 -0.01957784576 0.141795446 0.4821224501 -0.002535338338 0.03661942727 0.2514229266 -0.9934718269 -0.0420876855 -0.1060299766 0.0208705546 0.8467097802 -0.5316455285 0.112152348 -0.5303877589 -0.8403039189 0.000101586309 0.2607390335 0
0.5870257508 0.4122564443 0.1984440551 -0.02004764461 0.143381946 0.4814534878 -0.002597362718 0.0370577856 0.2513354192 -0.9931540277 -0.04358062536 -0.1083780714 0.0216063151 0.8432533128 -0.5370819469 0.1147965348 -0.5357467495 -0.8365388072 0.0001045780268 0.2639305932 0
0.5941243131 0.4172416226 0.200843724 -0.02052255875 0.1449631304 0.4807772416 -0.002660121015 0.03749578543 0.2512468764 -0.9928250549 -0.04510581599 -0.1107423842 0.02235768411 0.8397697488 -0.5424821683 0.117467205 -0.5410658318 -0.8327359854 0.0001076277085 0.267122153 0
0.6004341462 0.4216728922 0.2029767631 -0.02094898182 0.1463641193 0.4801700435 -0.002716521693 0.03788481424 0.2511673034 -0.992523062 -0.04648876968 -0.1128572805 0.02303873356 0.8366508998 -0.5472517598 0.1198632063 -0.5457600812 -0.8293242705 0.0001103877287 0.2699590949 0
0.6075327084 0.4266580705 0.2053764321 -0.02143350009 0.1479351086 0.4794801218 -0.002780664236 0.03832212543 0.2510768078 -0.9921723329 -0.04807539228 -0.1152511103 0.02381979287 0.833117506 -0.5525828795 0.1225833562 -0.5510027023 -0.8254509936 0.0001135486924 0.2731506547 0
0.6146312707 0.4316432488 0.2077761011 -0.02192307174 0.1495006193 0.4787830043 -0.002845538519 0.03875906599 0.2509852799 -0.9918097391 -0.04969479745 -0.1176599703 0.02461667364 0.8295584534 -0.55787704 0.1253294095 -0.5562042786 -0.8215408326 0.0001167695252 0.2763422144 0
0.621729833 0.4366284271 0.21017577 -0.0224176749 0.1510605954 0.4780787223 -0.002911143769 0.03919563173 0.2508927208 -0.9914350387 -0.05134715645 -0.1200834445 0.02542944244 0.8259742457 -0.5631339884 0.1281011615 -0.5613644226 -0.8175940787 0.0001200508915 0.2795337741 0
0.6280396661 0.4410596967 0.2123088091 -0.02286152829 0.1524425497 0.4774467046 -0.002970072571 0.03958337214 0.2508095813 -0.9910916118 -0.05284371818 -0.1222495742 0.02616529259 0.8227675749 -0.5677753915 0.1305863485 -0.5659161238 -0.8140553706 0.0001230190188 0.2823707161 0
0.6351382283 0.446044875 0.2147084781 -0.023365575 0.1539919204 0.4767289756 -0.003037056407 0.04001921851 0.2507150774 -0.9906933801 -0.05455876704 -0.1246995091 0.02700824063 0.8191372363 -0.57296138 0.1334060777 -0.5709969606 -0.8100403011 0.0001264165474 0.2855622759 0
0.6422367906 0.4510300533 0.2171081471 -0.02387458885 0.1555355967 0.4760041738 -0.003104768936 0.040454678 0.2506195455 -0.9902823373 -0.05630722698 -0.1271628428 0.02786724812 0.8154832137 -0.5781094574 0.1362509041 -0.5760352632 -0.8059894954 0.0001298765422 0.2887538356 0
0.6493353529 0.4560152316 0.219507816 -0.02438854712 0.1570735239 0.4752723314 -0.003173209355 0.04088974645 0.2505229868 -0.9898582376 -0.0580892432 -0.1296391499 0.02874236713 0.8118060214 -0.5832193927 0.1391206157 -0.5810306562 -0.8019032553 0.0001333996766 0.2919453953 0
0.655645186 0.4604465012 0.2216408551 -0.02484953128 0.1584356997 0.4746159206 -0.003234655694 0.04127614232 0.2504362958 -0.9894700993 -0.05970154036 -0.1318508579 0.02953381551 0.8085183729 -0.5877293548 0.1416921889 -0.5854346819 -0.7982415404 0.000136584904 0.2947823373 0
0.6627437482 0.4654316795 0.2240405241 -0.02537276632 0.1599626189 0.4738708687 -0.00330446879 0.04171046079 0.2503378006 -0.9890206624 -0.06154731274 -0.1343505033 0.030439496 0.8047988284 -0.5927666344 0.1446083211 -0.590348011 -0.7940892011 0.0001402291474 0.297973897 0
0.6698423105 0.4704168578 0.2264401931 -0.02590087901 0.1614836323 0.4731188714 -0.003375007404 0.04214437621 0.250238282 -0.988557453 -0.06342702257 -0.1368618824 0.03136141706 0.8010576146 -0.5977651375 0.1475487159 -0.5952173644 -0.7899023139 0.0001439384881 0.3011654568 0
0.6769408727 0.4754020361 0.228839862 -0.0264338458 0.1629986862 0.4723599621 -0.003446270697 0.04257788444 0.250137741 -0.988080222 -0.06534078844 -0.1393845623 0.03229961596 0.7972952554 -0.6027246557 0.1505131544 -0.6000423794 -0.7856811906 0.0001477136076 0.3043570165 0
0.6832507059 0.4798333057 0.2309729011 -0.02691164992 0.1643403546 0.4716796008 -0.003510223536 0.0429628799 0.2500475141 -0.9876440433 -0.06707059437 -0.1416360799 0.03314726297 0.7939336096 -0.6071002244 0.1531682171 -0.6042937687 -0.7819005937 0.0001511250439 0.3071939585 0
0.6903492681 0.484818484 0.2333725701 -0.02745372064 0.1658440064 0.4709077282 -0.003582853352 0.0433956077 0.2499450454 -0.9871396441 -0.06904898746 -0.1441789178 0.03411629693 0.7901327462 -0.6119855567 0.1561774673 -0.6090340554 -0.7776156622 0.0001550262792 0.3103855182 0
0.6974478304 0.4898036623 0.2357722391 -0.02800057631 0.1673415453 0.4701290421 -0.003656205379 0.04382791636 0.2498415579 -0.9866204991 -0.07106174034 -0.1467317956 0.03510169471 0.786312263 -0.6168313353 0.1592101184 -0.6137289745 -0.7732974098 0.0001589952737 0.3135770779 0
0.7045463926 0.4947888406 0.238171908 -0.0285521926 0.1688329189 0.4693435772 -0.003730278747 0.04425980176 0.2497370528 -0.9860863563 -0.07310894459 -0.1492942736 0.03610347854 0.7824726917 -0.6216373746 0.1622659445 -0.6183781763 -0.7689461583 0.0001630327163 0.3167686377 0
0.7108562258 0.4992201102 0.2403049471 -0.02904649493 0.1701533663 0.4686397236 -0.003796726598 0.04464334123 0.2496433061 -0.985598768 -0.07495767238 -0.1515797345 0.03700772416 0.7790441465 -0.6258759031 0.1650015058 -0.62247214 -0.7650509381 0.0001666795754 0.3196055797 0
0.717954788 0.5042052885 0.2427046161 -0.02960703637 0.1716329521 0.4678415499 -0.00387216009 0.0450744159 0.2495368824 -0.985035607 -0.07707017655 -0.1541591412 0.0380405063 0.7751699779 -0.6306063948 0.1681004843 -0.6270340447 -0.7606382412 0.0001708481956 0.3227971394 0
0.7250533503 0.5091904668 0.2451042851 -0.03017226697 0.1731062226 0.4670366991 -0.003948312356 0.04550505542 0.2494294446 -0.9844567178 -0.07921735728 -0.1567468696 0.03908971681 0.771278268 -0.6352966452 0.1712219754 -0.6315492409 -0.7561934881 0.0001750872647 0.3259886991 0
0.7321519125 0.5141756451 0.247503954 -0.03074216161 0.1745731267 0.466225207 -0.004025182493 0.0459352557 0.2493209942 -0.9838618466 -0.08139927879 -0.1593424746 0.04015536271 0.7673695552 -0.639946492 0.1743657468 -0.6360173922 -0.75171701 0.0001793974787 0.3291802589 0
0.7384617456 0.5186069147 0.2496369931 -0.03125262964 0.1758716553 0.4654983345 -0.004094113423 0.04631728389 0.2492237447 -0.98331945 -0.08336797604 -0.1616559306 0.04111640372 0.7638813062 -0.6440456439 0.1771787252 -0.6399493188 -0.7477115545 0.0001832890705 0.3320172008 0
0.7455603079 0.523592093 0.2520366621 -0.03183126487 0.1773263948 0.4646743964 -0.004172337042 0.0467466433 0.249113385 -0.9826936974 -0.08561566923 -0.1642651947 0.04221309953 0.759941951 -0.6486187519 0.1803639411 -0.6443277025 -0.7431760629 0.0001877355738 0.3352087606 0
0.7526588702 0.5285772713 0.2544363311 -0.03241449044 0.1787746213 0.463843922 -0.00425127587 0.04717555166 0.2490020164 -0.9820512285 -0.08789824893 -0.1668810427 0.04332622891 0.7559871564 -0.6531510218 0.1835707561 -0.6486580896 -0.738609816 0.0001922552417 0.3384003203 0
0.7597574324 0.5335624496 0.256836 -0.03300228045 0.1802162848 0.4630069482 -0.004330928972 0.04760400487 0.2488896401 -0.9813917885 -0.09021575175 -0.1695030253 0.04445578355 0.7520174659 -0.6576423149 0.1867989314 -0.6529401574 -0.7340131539 0.0001968487762 0.34159188 0
0.7660672655 0.5379937192 0.2589690391 -0.03352857125 0.1814922136 0.4622575451 -0.004402330602 0.04798446678 0.2487889053 -0.9807911664 -0.09230509639 -0.1718384623 0.04547361139 0.7484767872 -0.6616000678 0.1896861582 -0.6567056176 -0.729901975 0.0002009944984 0.344428822 0
0.7731658278 0.5429788975 0.2613687081 -0.03412491166 0.1829213449 0.461408396 -0.004483330299 0.04841204916 0.2486746295 -0.9800989748 -0.09468863969 -0.1744708029 0.04663415482 0.7444804468 -0.6660136035 0.1929540234 -0.6608955484 -0.725248798 0.00020572948 0.3476203818 0
0.78026439 0.5479640758 0.2637683771 -0.03472574062 0.1843437705 0.4605528555 -0.004565041514 0.04883916465 0.24855935 -0.9793890762 -0.09710717168 -0.1771079746 0.04781107722 0.7404707865 -0.6703857959 0.1962425498 -0.6650362483 -0.720566201 0.0002105403653 0.3508119415 0
0.7873629523 0.5529492541 0.266168046 -0.0353310315 0.1857594415 0.4596909616 -0.004647463276 0.0492658092 0.2484430681 -0.9786612156 -0.09956070116 -0.1797495252 0.04900435483 0.7364483535 -0.67471653 0.1995514927 -0.669127409 -0.7158545329 0.0002154278621 0.3540035012 0
0.7936727854 0.5573805237 0.2683010851 -0.03587279197 0.1870121061 0.4589195307 -0.004721322783 0.04964465015 0.2483388661 -0.9779989435 -0.1017709983 -0.1821008798 0.05007875402 0.7328625776 -0.6785311789 0.2025097156 -0.6727221613 -0.7116422618 0.000219837193 0.3568404432 0
0.8007713477 0.562365702 0.2707007541 -0.03648643757 0.1884148867 0.4580457402 -0.004805084013 0.05007039408 0.2482206947 -0.9772364603 -0.1042906327 -0.1847494646 0.05130284594 0.7288175137 -0.682783311 0.2058565489 -0.6767189193 -0.706876641 0.000224871337 0.3600320029 0
0.8078699099 0.5673508804 0.2731004231 -0.03710446708 0.1898107737 0.4571657073 -0.004889552942 0.05049565538 0.248101525 -0.9764552799 -0.1068452495 -0.1874011179 0.05254320209 0.7247612613 -0.686993687 0.2092230825 -0.6806652678 -0.7020829687 0.0002299841455 0.3632235627 0
0.8149684722 0.5723360587 0.275500092 -0.03772685312 0.1911997196 0.456279471 -0.004974728564 0.05092043002 0.2479813585 -0.9756551484 -0.1094348297 -0.1900553852 0.05379978325 0.7206943699 -0.6911622158 0.2126090654 -0.6845609128 -0.6972616023 0.0002351763317 0.3664151224 0
0.8212783053 0.5767673283 0.2776331311 -0.03828372025 0.1924284732 0.4554865292 -0.005051032686 0.05129759567 0.247873708 -0.9749278056 -0.1117660095 -0.1924165609 0.0549303304 0.717070868 -0.6948323748 0.2156349521 -0.6879809078 -0.692952984 0.0002398588241 0.3692520644 0
0.8283768676 0.5817525066 0.2800328001 -0.03891426001 0.1938041801 0.4545886826 -0.00513754041 0.05172144009 0.2477516623 -0.9740911855 -0.1144215538 -0.1950745252 0.05621743762 0.7129853802 -0.6989216318 0.2190569836 -0.6917799908 -0.6880802876 0.0002452028967 0.3724436241 0
0.8354754298 0.5867376849 0.2824324691 -0.03954907625 0.1951728108 0.4536847465 -0.005224751885 0.05214478624 0.2476286239 -0.9732348822 -0.1171119655 -0.1977337897 0.0575206341 0.7088908415 -0.7029688126 0.2224977319 -0.6955275425 -0.6831809401 0.0002506284148 0.3756351838 0
0.8425739921 0.5917228632 0.284832138 -0.04018814088 0.1965343192 0.452774761 -0.005312666075 0.05256763012 0.2475045942 -0.9723586433 -0.1198371976 -0.2003938993 0.05883986511 0.704787802 -0.7069738499 0.2259569408 -0.6992232835 -0.6782553064 0.0002561360967 0.3788267436 0
0.8488838252 0.5961541328 0.2869651771 -0.04075974206 0.1977385327 0.4519608389 -0.005391401111 0.05294306646 0.2473935146 -0.9715628244 -0.1222888143 -0.202758783 0.06002592861 0.7011339637 -0.7104984538 0.2290470827 -0.7024646688 -0.6738551944 0.0002611013723 0.3816636856 0
0.8559823875 0.6011393111 0.2893648461 -0.04140675425 0.1990864633 0.4510395366 -0.005480639798 0.05336495069 0.2472676166 -0.9706482423 -0.1250796641 -0.2054192479 0.06137528366 0.697016367 -0.7144237249 0.2325404574 -0.7060617974 -0.6688809116 0.000266766216 0.3848552453 0
0.8630809497 0.6061244894 0.2917645151 -0.04205793276 0.2004271404 0.4501123017 -0.005570578161 0.05378632113 0.2471407315 -0.9697129982 -0.1279051577 -0.2080792441 0.06274049279 0.6928918574 -0.7183066926 0.2360515447 -0.7096063308 -0.6638814078 0.000272515305 0.388046805 0
0.870179512 0.6111096677 0.294164184 -0.04271324885 0.2017605192 0.4491791752 -0.005661215134 0.05420717378 0.247012861 -0.968756842 -0.1307652199 -0.2107383172 0.06412148582 0.6887609838 -0.7221473134 0.2395800829 -0.7130980048 -0.6588570554 0.0002783493619 0.3912383648 0
0.8764893451 0.6155409373 0.2962972231 -0.04329920219 0.2029395819 0.4483448166 -0.005742366951 0.05458082713 0.2468983723 -0.967889168 -0.1333364516 -0.2131007957 0.065362226 0.6850841972 -0.7255256178 0.242730999 -0.716157129 -0.6543704064 0.0002836071067 0.3940753067 0
0.8835879074 0.6205261156 0.2986968921 -0.04396225468 0.2042590543 0.447400674 -0.005834320578 0.05500069091 0.2467686444 -0.9668928315 -0.1362615799 -0.2157568867 0.06677282756 0.6809427994 -0.7292861533 0.2462917819 -0.7195482512 -0.6493001404 0.0002896036349 0.3972668665 0
0.8906864696 0.6255112939 0.3010965611 -0.04462936073 0.2055711013 0.4464507593 -0.005926969685 0.05542002545 0.2466379356 -0.9658748648 -0.1392210197 -0.2184107443 0.06819898804 0.676796621 -0.7330042509 0.249869253 -0.7228857735 -0.6442061121 0.0002956872255 0.4004584262 0
0.8977850319 0.6304964722 0.30349623 -0.04530049096 0.2068756794 0.4454951145 -0.006020313171 0.0558388268 0.2465062472 -0.9648350209 -0.142214668 -0.2210619159 0.06964062189 0.6726462087 -0.736679891 0.2534631457 -0.7261694473 -0.6390887009 0.0003018586057 0.4036499859 0
0.904094865 0.6349277418 0.3056292691 -0.04590040557 0.2080289996 0.444640876 -0.006103867199 0.05621064386 0.2463883699 -0.9638921504 -0.1449043181 -0.2234158926 0.07093499193 0.6689538402 -0.7399114721 0.2566712867 -0.7290428645 -0.6345205689 0.0003074185653 0.4064869279 0
0.9111934272 0.6399129201 0.3080289381 -0.0465790562 0.2093193531 0.4436745227 -0.006198519261 0.05662842731 0.2462548356 -0.9628103127 -0.1479622766 -0.2260607583 0.07240560594 0.6647969192 -0.7435068826 0.2602954667 -0.7322241603 -0.6293600314 0.0003137577576 0.4096784876 0
0.9182919895 0.6448980984 0.3104286071 -0.04726164512 0.2106021148 0.4427025615 -0.00629386248 0.0570456662 0.2461203264 -0.9617058902 -0.1510541062 -0.2287016348 0.07389142411 0.6606373386 -0.747059813 0.2639352917 -0.735350912 -0.6241772168 0.0003201868458 0.4128700474 0
0.9253905518 0.6498832767 0.312828276 -0.04794814231 0.2118772427 0.4417250352 -0.006389895725 0.05746235659 0.2459848439 -0.96057864 -0.1541796765 -0.2313380724 0.07539234567 0.6564756414 -0.7505702675 0.2675904905 -0.7384228867 -0.6189725114 0.0003267065611 0.4160616071 0
0.9317003849 0.6543145463 0.3149613151 -0.04856161863 0.2130042476 0.4408514857 -0.006475836967 0.05783228443 0.2458635991 -0.9595572804 -0.1569861757 -0.2336774836 0.07673909301 0.652775016 -0.7536550206 0.2708522426 -0.7411073601 -0.6143280423 0.0003325785373 0.4188985491 0
0.9387989471 0.6592997246 0.3173609841 -0.04925541557 0.2142648433 0.439863565 -0.006573170476 0.05824792811 0.2457262824 -0.9583862527 -0.1601750972 -0.2363043141 0.07826825444 0.6486107975 -0.7570852751 0.2745357371 -0.7440752459 -0.6090830464 0.0003392714353 0.4220901088 0
0.9458975094 0.6642849029 0.319760653 -0.0499530331 0.2155176864 0.438870204 -0.006671190695 0.058663012 0.245587997 -0.9571917025 -0.1633973427 -0.2389254131 0.07981220627 0.6444460234 -0.7604730992 0.2782338159 -0.7469877049 -0.6038172839 0.0003460570779 0.4252816686 0
0.9529960716 0.6692700812 0.322160322 -0.05065444058 0.2167627364 0.4378714465 -0.006769896461 0.05907753221 0.2454487445 -0.9559733919 -0.1666527542 -0.2415403353 0.08137083266 0.6402812315 -0.7638185205 0.2819462035 -0.74984452 -0.5985311472 0.0003529362002 0.4284732283 0
0.9593059048 0.6737013508 0.3242933611 -0.05128107069 0.2178628729 0.4369791669 -0.006858209494 0.05944551827 0.2453241541 -0.9548703106 -0.1695741632 -0.2438591664 0.08276850105 0.6365796124 -0.7667566578 0.2852578923 -0.7523370257 -0.5938155729 0.0003591300472 0.4313101703 0
0.966404467 0.6786865291 0.3266930301 -0.0519895528 0.2190930939 0.4359703355 -0.006958206981 0.05985896315 0.2451830796 -0.9536064746 -0.1728917662 -0.2464612115 0.0843545164 0.6324162476 -0.7700220811 0.2889965521 -0.7550881584 -0.588492027 0.0003661877505 0.43450173 0
0.9735030293 0.6836717074 0.329092699 -0.05270173546 0.2203154073 0.4349562348 -0.007058886609 0.06027183315 0.2450410428 -0.9523181985 -0.1762420398 -0.2490558012 0.08595485011 0.6282544085 -0.7732452147 0.292748719 -0.7577830439 -0.5831492484 0.0003733410618 0.4376932897 0
0.9806015915 0.6886568857 0.331492368 -0.05341758744 0.2215297742 0.4339369091 -0.007160247183 0.06068412439 0.2448980455 -0.9510052501 -0.1796247993 -0.2516424959 0.08756937149 0.6240946259 -0.7764261092 0.2965141134 -0.7604214814 -0.577787635 0.0003805907194 0.4408848495 0
