0.00383570599 0.004030214641 -0.003845256898 -1.313989033e-06 0.0009781025043 0.5099987494 -1.650399705e-07 0.0002434055954 0.2549998452 -1 -1.907520592e-08 -7.652286666e-06 1.012994602e-08 0.9999927171 -0.003816507966 7.652303736e-06 -0.003816507966 -0.9999927171 1.773098924e-08 -0.005114191674 0
0.007805694376 0.008201521138 -0.007825130555 -5.441543352e-06 0.001990430802 0.5099948211 -6.857364613e-07 0.0004958804654 0.2549993569 -0.9999999995 -1.635768893e-07 -3.168960802e-05 8.254543619e-08 0.9999698403 -0.00776650162 3.168992269e-05 -0.007766501618 -0.9999698398 5.574958634e-08 -0.01040742364 0
0.01177568276 0.01237282763 -0.01180500421 -1.238419125e-05 0.003002726098 0.5099882135 -1.565930391e-06 0.0007489411097 0.2549985313 -0.9999999974 -5.627288547e-07 -7.21198034e-05 2.822827177e-07 0.9999313625 -0.0117162403 7.212144634e-05 -0.01171624029 -0.9999313599 8.521953935e-08 -0.0157006556 0
0.01574567115 0.01654413413 -0.01578487787 -2.214179461e-05 0.004014971609 0.5099789268 -2.807289903e-06 0.001002345365 0.2549973668 -0.9999999917 -1.346015016e-06 -0.0001289402839 6.740763481e-07 0.999877287 -0.01566559437 0.0001289455474 -0.01566559433 -0.9998772787 9.294294251e-08 -0.02099388757 0
0.01914851834 0.0201195397 -0.01919619815 -3.274578373e-05 0.004882558271 0.5099688346 -4.158876538e-06 0.001219669223 0.254996099 -0.9999999818 -2.421265848e-06 -0.0001906861522 1.211811627e-06 0.9998185256 -0.01905035061 0.0001906976735 -0.01905035049 -0.9998185074 8.146922753e-08 -0.02553094353 0
0.02311850672 0.0242908462 -0.0231760718 -4.773060398e-05 0.005894666798 0.509954573 -6.07091305e-06 0.001473257463 0.2549943053 -0.9999999614 -4.261332183e-06 -0.0002779352852 2.131930411e-06 0.9997354961 -0.0229986465 0.0002779597751 -0.0229986462 -0.9997354575 4.99351583e-08 -0.0308241755 0
0.02708849511 0.02846215269 -0.02715594546 -6.552967643e-05 0.006906677593 0.509937633 -8.343565444e-06 0.001726845503 0.2549921733 -0.9999999272 -6.855230644e-06 -0.0003815615244 3.428887226e-06 0.9996368856 -0.02694618752 0.0003816076963 -0.02694618686 -0.9996368127 1.734147129e-08 -0.03611740746 0
0.03049134229 0.03203755826 -0.03056726574 -8.302567234e-05 0.007774024913 0.5099209814 -1.057835391e-05 0.00194419059 0.2549900768 -0.9999998831 -9.776547844e-06 -0.0004834138539 4.889455022e-06 0.9995399672 -0.03032909513 0.0004834879815 -0.03032909395 -0.9995398503 6.179925045e-08 -0.04065446343 0
0.03446133068 0.03620886476 -0.03454713939 -0.0001060502312 0.008785809695 0.509899068 -1.352002445e-05 0.002197734495 0.2549873172 -0.9999998093 -1.411329939e-05 -0.0006174363221 7.057556799e-06 0.9994124433 -0.03427489074 0.000617557275 -0.03427488856 -0.9994122526 1.389273736e-07 -0.04594769539 0
0.03843131907 0.04038017126 -0.03852701305 -0.000131887882 0.009797448817 0.5098744774 -1.682169686e-05 0.002451249365 0.2549842198 -0.999999705 -1.957296494e-05 -0.0007678141603 9.786859287e-06 0.9992693656 -0.03821956168 0.000768001239 -0.03821955793 -0.9992690707 2.303669508e-07 -0.05124092736 0
0.04183416625 0.04395557683 -0.04193833333 -0.0001562730431 0.01066443942 0.5098512691 -1.99381523e-05 0.00266852496 0.2549812962 -0.9999995859 -2.524419651e-05 -0.0009097197208 1.262174235e-05 0.9991343571 -0.04159971506 0.0009099823798 -0.04159970932 -0.999133943 3.190885728e-07 -0.05577798333 0
0.04580415464 0.04812688332 -0.04591820699 -0.0001873336012 0.01167576354 0.5098217076 -2.390813756e-05 0.002921987396 0.2549775719 -0.9999994049 -3.313136376e-05 -0.001090445485 1.656404088e-05 0.9989624268 -0.04554195442 0.001090822935 -0.04554194538 -0.9989618318 4.341679528e-07 -0.06107121529 0
0.04977414303 0.05229818982 -0.04989808064 -0.000221205634 0.0126868941 0.5097894703 -2.823788388e-05 0.003175423141 0.25497351 -0.9999991703 -4.250960923e-05 -0.001287496341 2.125127867e-05 0.9987749806 -0.04948269999 0.001288022623 -0.04948268629 -0.998774151 5.614113107e-07 -0.06636444725 0
0.05374413141 0.05646949632 -0.0538779543 -0.0002578884677 0.01369781433 0.5097545579 -3.292733769e-05 0.003428833113 0.2549691108 -0.9999988723 -5.350751788e-05 -0.001500859677 2.674757885e-05 0.9985720345 -0.05342182278 0.00150157497 -0.05342180268 -0.998570907 7.006396e-07 -0.07165767922 0
0.0571469786 0.06004490188 -0.05728927458 -0.000291567513 0.01456413729 0.5097225043 -3.723313178e-05 0.003646021651 0.2549650714 -0.9999985585 -6.432076778e-05 -0.001696715617 3.215116696e-05 0.998385757 -0.05679682445 0.001697629921 -0.05679679713 -0.9983843157 8.294453226e-07 -0.07619473519 0
0.06111696699 0.06421620838 -0.06126914823 -0.000333468427 0.01557462249 0.5096826256 -4.259049288e-05 0.003899385292 0.2549600455 -0.9999981145 -7.866720355e-05 -0.001940336543 3.931975168e-05 0.9981540717 -0.06073259171 0.001941532484 -0.06073255349 -0.9981521865 9.907303645e-07 -0.08148796715 0
0.06508695537 0.06838751488 -0.06524902189 -0.0003781779085 0.0165848495 0.5096400739 -4.830743716e-05 0.004152724341 0.2549546823 -0.999997575 -9.499975071e-05 -0.002200228175 4.74799703e-05 0.9979069388 -0.06466636834 0.002201766252 -0.06466631599 -0.9979045144 1.16387697e-06 -0.08678119911 0
0.06848980256 0.07196292045 -0.06866034217 -0.0004187350391 0.0174505402 0.5096014742 -5.349384388e-05 0.004369852505 0.2549498168 -0.999997027 -0.0001106768069 -0.002435930008 5.531195444e-05 0.9976828315 -0.0680364951 0.00243781561 -0.06803642756 -0.9976798593 1.321753613e-06 -0.09131825508 0
0.07245979095 0.07613422694 -0.07264021582 -0.0004686580298 0.01846024335 0.5095539606 -5.98784804e-05 0.004623145668 0.2549438272 -0.9999962759 -0.000131036983 -0.002725993765 6.548253644e-05 0.9974070668 -0.0719662341 0.002728355683 -0.0719661446 -0.9974033437 1.517035144e-06 -0.09661148705 0
0.07642977933 0.08030553344 -0.07662008948 -0.0005213868988 0.01946964052 0.5095037766 -6.662258687e-05 0.004876413707 0.2549375004 -0.9999953908 -0.0001537480955 -0.003032277969 7.682622001e-05 0.9971159176 -0.07589361582 0.003035201129 -0.07589349897 -0.9971113099 1.724332859e-06 -0.101904719 0
0.07983262652 0.08388093901 -0.08003140976 -0.0005688155287 0.02033458188 0.509458637 -7.268932765e-05 0.005093480259 0.254931809 -0.9999945142 -0.0001751823812 -0.00330770262 8.753099332e-05 0.9968541351 -0.07925796976 0.003311181634 -0.07925782449 -0.9968486512 1.911648047e-06 -0.106441775 0
0.0838026149 0.08805224551 -0.08401128342 -0.0006267524895 0.02134336644 0.5094034962 -8.010091304e-05 0.005346700356 0.254924856 -0.9999933399 -0.0002025969328 -0.003644057764 0.0001012208807 0.996534481 -0.08318063419 0.003648281354 -0.08318044905 -0.9965278235 2.141509279e-06 -0.1117350069 0
0.08777260329 0.092223552 -0.08799115707 -0.0006874921838 0.02235179727 0.509345688 -8.787184983e-05 0.005599893775 0.2549175659 -0.9999919866 -0.0002327253243 -0.003996574651 0.0001162640308 0.9961995162 -0.0871005761 0.004001656244 -0.08710034278 -0.9961915062 2.383676283e-06 -0.1170282389 0
0.09174259168 0.0963948585 -0.09197103073 -0.0007510334034 0.02335985766 0.5092852134 -9.600209406e-05 0.005853059816 0.2549099387 -0.999990437 -0.000265694063 -0.004365230748 0.0001327231539 0.995849269 -0.09101766803 0.004371294703 -0.091017377 -0.9958397104 2.638271787e-06 -0.1223214709 0
0.09514543886 0.09997026407 -0.09538235101 -0.0008077261351 0.02422360194 0.5092312568 -0.0001032568198 0.006070036918 0.2549031328 -0.999988939 -0.0002963093536 -0.004694049349 0.0001480053672 0.9955369158 -0.09437281058 0.004701062958 -0.09437246147 -0.9955258603 2.866488204e-06 -0.1268585268 0
0.09911542725 0.1041415706 -0.09936222466 -0.0008764667924 0.02523093012 0.5091658338 -0.0001120542273 0.00632315007 0.2548948797 -0.9999869765 -0.0003348876752 -0.005092614974 0.0001672598632 0.9951583662 -0.09828427226 0.005100872589 -0.09828384404 -0.9951453497 3.144520915e-06 -0.1321517588 0
0.1030854156 0.1083128771 -0.1033420983 -0.0009480052166 0.0262378402 0.509097748 -0.0001212108079 0.006576233561 0.2548862897 -0.999984764 -0.0003766661833 -0.005507249769 0.0001881084101 0.994764622 -0.102192521 0.005516909701 -0.1021919999 -0.994749395 3.435379685e-06 -0.1374449908 0
0.1064882628 0.1118882826 -0.1067534186 -0.001011549583 0.02710056058 0.5090372704 -0.0001293451399 0.006793137995 0.2548786587 -0.9999826534 -0.0004151184397 -0.005875420718 0.0002072942679 0.9944150585 -0.1055397952 0.005886418353 -0.1055391824 -0.9943977228 3.695011828e-06 -0.1419820467 0
0.1104582512 0.1160595891 -0.1107332923 -0.001088280043 0.02810665 0.5089642432 -0.0001391686215 0.007046164055 0.254869443 -0.9999799224 -0.0004631724358 -0.006319827212 0.0002312672938 0.993993185 -0.1094417414 0.006332555576 -0.1094410056 -0.9939731209 4.010102548e-06 -0.1472752787 0
0.1144282396 0.1202308956 -0.1147131659 -0.001167804057 0.02911227373 0.5088885572 -0.0001493511278 0.007299157878 0.2548598905 -0.9999768815 -0.0005147838417 -0.006780224494 0.00025701067 0.9935562151 -0.1133401135 0.006794879845 -0.1133392358 -0.9935331133 4.338475041e-06 -0.1525685107 0
0.1178310868 0.1238063012 -0.1181244862 -0.001238189742 0.02997385367 0.5088215685 -0.0001583647027 0.007515983352 0.2548514346 -0.9999740113 -0.0005619478714 -0.007187555847 0.0002805319091 0.9931696821 -0.1166786353 0.007204029866 -0.1166776193 -0.9931437132 4.630638195e-06 -0.1571055666 0
0.1218010752 0.1279776077 -0.1221043598 -0.001322897548 0.03097856843 0.5087409489 -0.0001692138207 0.007768914782 0.2548412567 -0.9999703345 -0.0006204955406 -0.007677571561 0.0003097253834 0.9927047751 -0.1205700362 0.007696375119 -0.1205688374 -0.9926751338 4.984136078e-06 -0.1623987986 0
0.1257710636 0.1321489142 -0.1260842335 -0.001410394244 0.03198277 0.5086576751 -0.0001804218001 0.008021811224 0.2548307422 -0.9999662815 -0.000682954935 -0.0081834914 0.0003408635308 0.9922248805 -0.1244575043 0.008204862643 -0.1244560972 -0.9921911913 5.351420642e-06 -0.1676920306 0
0.1297410519 0.1363202207 -0.1300641072 -0.001500678088 0.03298644178 0.5085717485 -0.0001919885802 0.008274671687 0.254819891 -0.9999618275 -0.0007494493242 -0.008705283085 0.0003740068608 0.9917300388 -0.1283409144 0.008729475743 -0.1283392711 -0.9916919016 5.732679123e-06 -0.1729852625 0
0.1331438991 0.1398956263 -0.1334754274 -0.001580281224 0.03384629763 0.5084959873 -0.0002021884918 0.008491379829 0.2548103222 -0.9999576714 -0.0008097491867 -0.009165140594 0.0004040570578 0.9912940237 -0.1316662272 0.009191965717 -0.1316643572 -0.9912517363 6.070739878e-06 -0.1775223185 0
0.1371138875 0.1440669328 -0.1374553011 -0.001675736398 0.03484894149 0.508405139 -0.0002144214485 0.008744170801 0.2547988461 -0.9999524047 -0.0008840627919 -0.009716319504 0.0004410838911 0.9907715347 -0.1355417703 0.009746480222 -0.1355396049 -0.9907239886 6.478464007e-06 -0.1828155505 0
0.1410838759 0.1482382392 -0.1414351748 -0.001773973445 0.03585100819 0.5083116431 -0.000227013022 0.008996922901 0.2547870335 -0.9999466623 -0.000962761322 -0.01028327251 0.0004802872496 0.9902342211 -0.1394128998 0.01031706969 -0.1394104028 -0.9901809419 6.900724649e-06 -0.1881087824 0
0.1444867231 0.1518136448 -0.144846495 -0.001860389293 0.03670945057 0.5082293979 -0.0002380911775 0.009213535837 0.2547766408 -0.9999413407 -0.001033799467 -0.01078175976 0.0005156675026 0.9897619018 -0.142727404 0.01081892655 -0.1427245915 -0.98970331 7.274388306e-06 -0.1926458384 0
0.1484567115 0.1559849513 -0.1488263687 -0.001963787453 0.03771040147 0.50813099 -0.0002513485716 0.009466213008 0.2547642036 -0.9999346412 -0.001120963814 -0.01137791088 0.0005590703506 0.989197178 -0.1465900083 0.01141931943 -0.1465867884 -0.9891318985 7.724195482e-06 -0.1979390704 0
0.1524266999 0.1601562578 -0.1528062423 -0.002069961761 0.03871072792 0.50802994 -0.0002649643831 0.009718848347 0.2547514302 -0.999927385 -0.00121285943 -0.01198973023 0.0006048186306 0.9886177622 -0.1504478461 0.01203573236 -0.1504441729 -0.9885452402 8.189139813e-06 -0.2032323023 0
0.155829547 0.1637316634 -0.1562175626 -0.002163176298 0.03956764106 0.5079412242 -0.000276920294 0.009935358837 0.2547402139 -0.9999207 -0.001295484025 -0.01252658792 0.0006459425721 0.9881094636 -0.1537506771 0.01257682161 -0.1537465761 -0.9880302697 8.599877058e-06 -0.2077693583 0
0.1597995354 0.1679029699 -0.1601974363 -0.002274500665 0.04056676402 0.5078352727 -0.0002912015413 0.01018791371 0.2547268162 -0.9999123308 -0.001396485137 -0.01316740125 0.000696201625 0.9875028933 -0.1575993368 0.01322293196 -0.1575946873 -0.9874153476 9.093516346e-06 -0.2130625902 0
0.1637695238 0.1720742764 -0.1641773099 -0.002388595003 0.04156521537 0.5077266848 -0.0003058409909 0.01044042375 0.2547130825 -0.9999033182 -0.001502559996 -0.01382376885 0.0007489723885 0.9868817739 -0.1614428796 0.01388500314 -0.1614376246 -0.986785235 9.602928225e-06 -0.2183558222 0
0.1677395122 0.1762455829 -0.1681571836 -0.002505457045 0.04256297865 0.5076154628 -0.0003208385639 0.01069288791 0.2546990128 -0.9998936302 -0.001613827501 -0.01449564896 0.000804312404 0.9862461576 -0.1652811838 0.01456301341 -0.1652752619 -0.9861399528 1.012834277e-05 -0.2236490542 0
0.1711423594 0.1798209884 -0.1715685039 -0.002607825616 0.04341764417 0.5075180348 -0.0003339786022 0.01090924842 0.2546866857 -0.999884764 -0.00171342232 -0.01508386052 0.0008538349772 0.9856898458 -0.1685668973 0.01515683444 -0.1685603514 -0.9855747959 1.059161209e-05 -0.2281861101 0
0.1751123478 0.1839922949 -0.1755483775 -0.002729821474 0.04441408592 0.5074019268 -0.0003496410453 0.01116162454 0.2546719922 -0.9998737349 -0.00183464698 -0.01578443545 0.0009140979106 0.9850274496 -0.1723951507 0.01586438644 -0.1723878117 -0.9849013979 1.114736913e-05 -0.2334793421 0
0.1790823362 0.1881636014 -0.1795282512 -0.002854578254 0.04540979259 0.5072831911 -0.0003656613757 0.01141395172 0.254656963 -0.9998619354 -0.001961401097 -0.0165003982 0.0009770925258 0.9843507126 -0.1762178195 0.01658781255 -0.1762096124 -0.9842128921 1.171980669e-05 -0.2387725741 0
0.1824851834 0.191739007 -0.1829395715 -0.002963708227 0.04626265795 0.507179328 -0.0003796778709 0.01163019241 0.2546438136 -0.9998511821 -0.002074537052 -0.01712629354 0.001033304667 0.9837592814 -0.1794898566 0.01722050859 -0.179480842 -0.9836107367 1.222392872e-05 -0.24330963 0
0.1864551717 0.1959103135 -0.1869194451 -0.003093585815 0.04725695593 0.5070557187 -0.0003963626183 0.01188242589 0.2546281611 -0.9998378595 -0.002211869685 -0.01787071223 0.001101521043 0.9830560634 -0.1833018352 0.01797335179 -0.1832917995 -0.9828942338 1.28279945e-05 -0.248602862 0
0.1904251601 0.20008162 -0.1908993188 -0.003226217096 0.04825047199 0.5069294885 -0.000413405001 0.01213460739 0.254612173 -0.9998236656 -0.002355064062 -0.01863038619 0.00117262846 0.9823386706 -0.1871078865 0.01874199986 -0.1870967394 -0.9821626889 1.344944702e-05 -0.253896094 0
0.1938280073 0.2036570256 -0.1943106391 -0.003342090771 0.0491014224 0.5068192072 -0.0004282973365 0.01235072077 0.2545982019 -0.9998107783 -0.002482554894 -0.01929364072 0.001235920421 0.9817125261 -0.1903654083 0.01941340135 -0.1903532324 -0.9815236965 1.399615105e-05 -0.2584331499 0
0.1977979957 0.2078283321 -0.1982905127 -0.003479829023 0.05009344287 0.5066881166 -0.0004460036539 0.01260280287 0.254581591 -0.9997948686 -0.002636940495 -0.02008151724 0.001312542567 0.9809689693 -0.1941601363 0.02021133399 -0.1941466658 -0.9807642806 1.465056793e-05 -0.2637263819 0
0.2017679841 0.2119996386 -0.2022703864 -0.003620313295 0.05108463468 0.5065544124 -0.000464067339 0.01285482992 0.2545646448 -0.999777981 -0.002797515333 -0.02088450871 0.001392211858 0.9802114131 -0.197948598 0.02102499803 -0.1979337253 -0.9799898927 1.532310372e-05 -0.2690196139 0
0.2057379725 0.2161709451 -0.20625026 -0.003763540797 0.05207498151 0.5064180975 -0.0004824882946 0.01310680084 0.2545473634 -0.9997600768 -0.002964392846 -0.02170256422 0.001474982129 0.9794399211 -0.2017306755 0.02185436676 -0.2017142865 -0.9792005582 1.601402039e-05 -0.2743128458 0
0.2091408197 0.2197463506 -0.2096615803 -0.003888488459 0.05292316534 0.5062991801 -0.0004985619679 0.01332273042 0.2545322841 -0.9997438914 -0.003112532658 -0.02241570512 0.001548436695 0.9787675996 -0.2049672861 0.02257773327 -0.2049495015 -0.9785121092 1.662106501e-05 -0.2788499018 0
0.213110808 0.2239176571 -0.213641454 -0.004036802942 0.0539118997 0.5061580237 -0.0005176461608 0.01357459423 0.2545143804 -0.9997239942 -0.003291413941 -0.02326159842 0.001637107284 0.9779703997 -0.2087371965 0.02343619522 -0.2087176656 -0.9776950858 1.734682217e-05 -0.2841431338 0
0.2170807964 0.2280889636 -0.2176213276 -0.004187852382 0.05489974257 0.5060142643 -0.0005370873354 0.01382639884 0.2544961419 -0.9997029662 -0.003476918494 -0.02412240511 0.001729030276 0.9771594523 -0.2125003889 0.0243102827 -0.2124789775 -0.9768631912 1.80917239e-05 -0.2894363657 0
0.2204836436 0.2316643692 -0.2210326479 -0.004319497861 0.05574574316 0.5058889724 -0.0005540352482 0.01404218341 0.2544802424 -0.9996840107 -0.003641278093 -0.02487206797 0.001810449592 0.9764534642 -0.2157205474 0.02507191544 -0.2156974116 -0.976138323 1.874565498e-05 -0.2939734217 0
0.224453632 0.2358356757 -0.2250125215 -0.004475618508 0.05673188732 0.5057403865 -0.0005741391093 0.01429387519 0.2544613822 -0.9996607723 -0.003839376828 -0.02576042568 0.00190855074 0.9756171672 -0.219470956 0.02597494523 -0.2194456704 -0.9752788832 1.952683529e-05 -0.2992666537 0
0.2284236204 0.2400069822 -0.2289923952 -0.004634465399 0.05771709362 0.505589206 -0.0005945996476 0.01454550466 0.2544421873 -0.9996362831 -0.004044414008 -0.02666353862 0.002010052036 0.9747673202 -0.2232143166 0.0268935172 -0.2231867248 -0.9744046514 2.032794478e-05 -0.3045598856 0
0.2318264676 0.2435823877 -0.2324037155 -0.004772787355 0.05856079745 0.5054575598 -0.0006124210543 0.01476113667 0.2544254683 -0.999614264 -0.00422576523 -0.02744933613 0.002099797917 0.9740281493 -0.2264172148 0.02769321206 -0.2263875156 -0.9736435584 2.103068361e-05 -0.3090969416 0
0.235796456 0.2477536942 -0.2363835891 -0.004936688861 0.05954421911 0.5053015686 -0.0006335436992 0.01501264759 0.2544056523 -0.9995873367 -0.004443976699 -0.02837969945 0.002207748216 0.9731533282 -0.2301471828 0.02864056769 -0.2301148647 -0.9727419323 2.186954682e-05 -0.3143901736 0
0.2397664443 0.2519250007 -0.2403634628 -0.005103307457 0.06052665673 0.5051429914 -0.0006550227012 0.01526409312 0.2543855019 -0.9995590333 -0.004669436113 -0.02932465243 0.002319242561 0.9722651637 -0.2338697768 0.02960337797 -0.233834659 -0.9718255976 2.272914281e-05 -0.3196834055 0
0.2437364327 0.2560963072 -0.2443433365 -0.005272639834 0.06150809419 0.5049818315 -0.0006768579446 0.01551547218 0.2543650173 -0.9995293088 -0.004902250405 -0.03028413539 0.002434330373 0.9713637305 -0.2375848841 0.03058161132 -0.2375467766 -0.9708945844 2.360975699e-05 -0.3249766375 0
0.2471392799 0.2596717128 -0.2477546567 -0.005419939275 0.06234851804 0.5048416411 -0.0006958573174 0.01573088623 0.2543471932 -0.9995026647 -0.005107739917 -0.03111806815 0.002535874273 0.9705805698 -0.2407632176 0.03143234821 -0.2407223891 -0.9700849132 2.438151577e-05 -0.3295136935 0
0.2511092683 0.2638430193 -0.2517345304 -0.005594302575 0.06332805535 0.504675693 -0.0007183538382 0.01598213898 0.2543260882 -0.9994701789 -0.005354494454 -0.03210437399 0.002657765076 0.9696546957 -0.2444641228 0.03243913879 -0.2444199265 -0.9691267212 2.53019279e-05 -0.3348069254 0
0.2550792567 0.2680143258 -0.255714404 -0.005771369912 0.06430654655 0.5045071714 -0.0007412062591 0.01623332218 0.2543046493 -0.9994361395 -0.005608905302 -0.03310503442 0.002783387774 0.9687157716 -0.2481572215 0.03346125932 -0.2481094395 -0.9681539393 2.624418473e-05 -0.3401001574 0
0.2584821039 0.2715897314 -0.2591257243 -0.005925291446 0.06514440852 0.5043606785 -0.0007610772226 0.01644856588 0.2542860074 -0.9994056902 -0.005833144419 -0.03397412064 0.00289407064 0.9679006523 -0.2513164371 0.03434953861 -0.2512654008 -0.9673085379 2.706944203e-05 -0.3446372133 0
0.2624520923 0.2757610379 -0.263105598 -0.006107371202 0.06612091441 0.5041873864 -0.0007845902726 0.01669961703 0.2542639488 -0.9993686387 -0.006102049543 -0.03500127157 0.003026749497 0.9669377019 -0.2549947441 0.03540003965 -0.2549396903 -0.9663087454 2.805304606e-05 -0.3499304453 0
0.2664220807 0.2799323444 -0.2670854716 -0.006292144814 0.06709632843 0.5040115305 -0.0008084588657 0.01695059553 0.2542415565 -0.9993298959 -0.006378906139 -0.03604259455 0.003163294427 0.9659619288 -0.2586649293 0.03646577345 -0.2586056102 -0.9652944555 2.905933637e-05 -0.3552236773 0
0.2698249278 0.2835077499 -0.2704967919 -0.006452663508 0.06793151646 0.5038587588 -0.0008292005457 0.01716566131 0.2542220978 -0.9992953044 -0.00662261769 -0.03694638723 0.003283444847 0.9651154081 -0.2618042552 0.03739135708 -0.2617410744 -0.9644135505 2.994015309e-05 -0.3597607332 0
0.2737949162 0.2876790564 -0.2744766656 -0.006642430228 0.06890486038 0.5036781507 -0.0008537290905 0.01741650202 0.2541990864 -0.9992532894 -0.006914510728 -0.03801385519 0.003427291065 0.9641160391 -0.2654590679 0.03848528707 -0.2653911314 -0.9633724254 3.098936649e-05 -0.3650539652 0
0.2777649046 0.2918503629 -0.2784565392 -0.00683488019 0.06987706687 0.5034949889 -0.0008786128059 0.017667267 0.2541757417 -0.9992094405 -0.007214643891 -0.03909530566 0.003575133126 0.9631040837 -0.2691054485 0.03959434852 -0.2690324755 -0.9623168993 3.206212139e-05 -0.3703471972 0
0.281734893 0.2960216694 -0.2824364129 -0.007030009575 0.07084812003 0.503309277 -0.0009038515577 0.01791795515 0.254152064 -0.9991637067 -0.007523116627 -0.04019067069 0.003727015375 0.9620796263 -0.2727432895 0.04071850501 -0.2726649873 -0.9612470068 3.315872009e-05 -0.3756404291 0
0.2851377402 0.299597075 -0.2858477332 -0.007199393004 0.07167952133 0.5031480684 -0.0009257672505 0.01813276875 0.2541315038 -0.9991229668 -0.007794234218 -0.04114057771 0.003860449024 0.9611916344 -0.2758545611 0.04169405419 -0.2757714486 -0.9603185482 3.411786975e-05 -0.3801774851 0
0.2891077286 0.3037683815 -0.2898276068 -0.007399488154 0.07264839051 0.5029576304 -0.0009516649934 0.01838331136 0.2541072078 -0.9990735948 -0.008118455708 -0.04226160088 0.004019950202 0.9601441871 -0.27947626 0.04284614606 -0.2793872413 -0.9592220688 3.52595567e-05 -0.3854707171 0
0.293077717 0.307939688 -0.2938074805 -0.00760225153 0.07361606107 0.5027646529 -0.000977917379 0.01863377408 0.2540825791 -0.9990221886 -0.008451296258 -0.04339633982 0.004183615133 0.9590844853 -0.2830891158 0.04401322623 -0.2829938616 -0.9581113245 3.642595899e-05 -0.390763949 0
0.2964805641 0.3115150936 -0.2972188008 -0.007778169354 0.07444452701 0.5025972253 -0.001000701583 0.01884839198 0.254061204 -0.9989764667 -0.008743521145 -0.04437983592 0.004327245315 0.9581664828 -0.2861787313 0.04502548108 -0.2860778602 -0.9571479321 3.74456369e-05 -0.395301005 0
0.3004505525 0.3156864001 -0.3011986744 -0.007985877301 0.07540992969 0.5023995419 -0.001027612214 0.01909870343 0.2540359577 -0.9989211408 -0.009092622991 -0.04553985761 0.004498754243 0.9570842579 -0.289774886 0.04622029462 -0.2896671323 -0.9560107933 3.865875617e-05 -0.400594237 0
0.3044205409 0.3198577065 -0.3051785481 -0.008196241849 0.07637408869 0.5021993301 -0.001054877079 0.01934893188 0.2540103791 -0.9988636269 -0.009450616326 -0.04671338962 0.004674545707 0.9559900338 -0.2933618993 0.04742998567 -0.2932468946 -0.954859495 3.989747299e-05 -0.4058874689 0
0.3078233881 0.3234331121 -0.3085898683 -0.008378665596 0.0771995089 0.5020257106 -0.001078528792 0.01956334653 0.2539881901 -0.998812546 -0.009764615663 -0.04772997164 0.00482866331 0.9550426462 -0.2964291281 0.04847867492 -0.2963076041 -0.953861427 4.097983964e-05 -0.4104245249 0
0.3117933765 0.3276044186 -0.312569742 -0.008593952728 0.07816131652 0.5018208138 -0.001106451127 0.01981341799 0.2539619946 -0.9987508223 -0.01013936952 -0.04892839872 0.005012514826 0.9539263808 -0.2999988913 0.04971588992 -0.2998693937 -0.9526839334 4.226692104e-05 -0.4157177569 0
0.3157633649 0.3317757251 -0.3165496157 -0.008811884407 0.07912183562 0.5016134001 -0.001134727271 0.02006340337 0.2539354671 -0.998686752 -0.01052328 -0.05014012411 0.005200762736 0.9527983794 -0.3035592202 0.05096786767 -0.3034213386 -0.9514923898 4.358049187e-05 -0.4210109888 0
0.3197333533 0.3359470316 -0.3205294893 -0.009032456315 0.08008105056 0.5014034735 -0.001163357071 0.02031330159 0.2539086079 -0.9986202786 -0.01091643817 -0.05136507211 0.005393445698 0.9516587362 -0.3071100136 0.05223456708 -0.3069633221 -0.9502868351 4.492086638e-05 -0.4263042208 0
0.3231362005 0.3395224372 -0.3239408096 -0.009223616046 0.08090218495 0.5012215397 -0.001188178264 0.02052742988 0.2538853217 -0.9985613455 -0.0112608596 -0.05242549367 0.005562161306 0.9506727052 -0.3101458851 0.05333199516 -0.3099912913 -0.9492423808 4.609133131e-05 -0.4308412768 0
0.3271061888 0.3436937437 -0.3279206832 -0.009449079601 0.08185893647 0.5010069576 -0.001217464443 0.02077716338 0.2538578466 -0.9984902574 -0.01167143037 -0.05367479439 0.005763181208 0.9495116939 -0.3136787034 0.05462592408 -0.3135144669 -0.9480109111 4.748232126e-05 -0.4361345087 0
0.3310761772 0.3478650502 -0.3319005569 -0.009677170761 0.0828143393 0.5007898747 -0.001247103832 0.02102680664 0.2538300401 -0.9984166019 -0.01209150378 -0.05493709711 0.005968743135 0.9483393143 -0.3172017009 0.05593445457 -0.3170273497 -0.9467655445 4.890101827e-05 -0.4414277407 0
0.3344790244 0.3514404557 -0.3353118772 -0.009874765405 0.08363217079 0.5006018165 -0.001272790028 0.02124071395 0.2538059423 -0.9983513807 -0.01245919631 -0.05602935979 0.006148581613 0.9473254433 -0.3202135216 0.05706764122 -0.3200301125 -0.9456870579 5.013933785e-05 -0.4459647967 0
0.3384490128 0.3556117622 -0.3392917508 -0.01010772437 0.08458502773 0.5003801007 -0.001303084953 0.02149018678 0.2537775208 -0.9982728012 -0.01289714865 -0.05731559978 0.006362674285 0.9461322108 -0.3237180194 0.05840317455 -0.3235235746 -0.944415992 5.161033515e-05 -0.4512580286 0
0.3424190012 0.3597830687 -0.3432716245 -0.0103432979 0.0855364917 0.5001558966 -0.001333732627 0.0217395663 0.2537487683 -0.9981914856 -0.0133448508 -0.05861461501 0.006581410689 0.9449278911 -0.3272124168 0.05975318543 -0.3270064153 -0.9431311474 5.310995041e-05 -0.4565512606 0
0.3458218484 0.3633584743 -0.3466829448 -0.01054729551 0.08635091183 0.4999617444 -0.001360282696 0.02195324509 0.25372386 -0.9981195633 -0.01373641974 -0.05973816345 0.006772621107 0.9438868684 -0.3301995022 0.06092182698 -0.3299831669 -0.9420189173 5.441835536e-05 -0.4610883165 0
0.3497918368 0.3675297808 -0.3506628184 -0.01078771223 0.08729974789 0.4997329308 -0.001391585035 0.02220244846 0.2536944932 -0.9980330068 -0.01420245248 -0.06106068917 0.007000072157 0.9426622244 -0.3336748862 0.06229860679 -0.3334459792 -0.940708596 5.597196904e-05 -0.4663815485 0
0.3537618251 0.3717010873 -0.3546426921 -0.01103073005 0.08824714694 0.4995016417 -0.001423239645 0.02245155545 0.253664796 -0.9979435414 -0.01467847422 -0.06239575732 0.007232263248 0.9414267814 -0.3371398961 0.06368973627 -0.3368978444 -0.9393846177 5.755511835e-05 -0.4716747805 0
0.3577318135 0.3758723938 -0.3586225657 -0.01127634414 0.08919309363 0.4992678816 -0.001455246357 0.02270056498 0.2536347684 -0.9978511059 -0.01516456675 -0.06374328503 0.007469226788 0.9401806421 -0.3405944376 0.06509516973 -0.3403386493 -0.9380470258 5.916812597e-05 -0.4769680124 0
0.3611346607 0.3794477994 -0.362033886 -0.01148893326 0.09000273749 0.4990655526 -0.001482960794 0.02291392334 0.2536087676 -0.9977694645 -0.01558929427 -0.06490816223 0.007676160941 0.9391040875 -0.3435470701 0.06631117683 -0.3432790217 -0.9368897166 6.057471381e-05 -0.4815050684 0
0.3651046491 0.3836191059 -0.3660137597 -0.01173935609 0.0909459463 0.4988272158 -0.001515620948 0.02316274903 0.2535781269 -0.9976713485 -0.01609430322 -0.06627860682 0.007922071247 0.9378383583 -0.3469819225 0.06774305208 -0.3466989864 -0.9355269594 6.224403104e-05 -0.4867983004 0
0.3690746375 0.3877904124 -0.3699936333 -0.01199236118 0.09188765907 0.4985864214 -0.001548632704 0.02341147419 0.2535471563 -0.9975700844 -0.01660961104 -0.0676612703 0.008172842816 0.9365622302 -0.350406041 0.06918909825 -0.3501075688 -0.9341507153 6.394413235e-05 -0.4920915323 0
0.3724774847 0.3913658179 -0.3734049536 -0.01221127416 0.09269363916 0.4983780737 -0.001577208208 0.02362458637 0.2535203476 -0.9974807331 -0.01705955954 -0.0688560708 0.008391681607 0.9354602097 -0.3533323872 0.07043980932 -0.3530200668 -0.9329603773 6.542611023e-05 -0.4966285883 0
0.3764474731 0.3955371244 -0.3773848273 -0.01246906155 0.09363253317 0.4981327278 -0.001610872468 0.023873122 0.2534887647 -0.9973734547 -0.01759419955 -0.07026119892 0.008651559611 0.9341650506 -0.3567363295 0.07191204661 -0.3564072143 -0.9315592064 6.718424551e-05 -0.5019218203 0
0.3804174614 0.3997084309 -0.3813647009 -0.01272941676 0.09456988772 0.497884938 -0.001644887818 0.02412155405 0.2534568525 -0.9972628465 -0.01813935806 -0.0716782996 0.00891638199 0.9328597968 -0.360129279 0.07339831795 -0.359782661 -0.930144679 6.897409595e-05 -0.5072150522 0
0.3843874498 0.4038797374 -0.3853445746 -0.01299233464 0.09550568767 0.4976347093 -0.001679254073 0.02436988143 0.253424611 -0.9971488443 -0.0186951099 -0.07310728535 0.009186176462 0.9315445564 -0.3635111463 0.07489857454 -0.3631462959 -0.9287168413 7.07959886e-05 -0.5125082842 0
0.387790297 0.407455143 -0.3887558949 -0.01321972856 0.09630655313 0.49741829 -0.001708990016 0.02458264937 0.2533967135 -0.9970483776 -0.01917995601 -0.074341523 0.009421406736 0.9304093414 -0.3664010023 0.07619560256 -0.3660199267 -0.9274824222 7.238336216e-05 -0.5170453402 0
0.3917602854 0.4116264495 -0.3927357685 -0.01348739185 0.09723942595 0.4971635448 -0.001744007461 0.02483077955 0.253363861 -0.9969278998 -0.01975557612 -0.07579234658 0.009700506189 0.9290758435 -0.3697620548 0.07772170075 -0.3693613328 -0.9260299904 7.426563132e-05 -0.5223385721 0
0.3957302738 0.415797756 -0.3967156422 -0.01375760282 0.09817070113 0.4969063749 -0.001779375278 0.02507880202 0.2533306797 -0.9968038417 -0.0203419975 -0.07725480157 0.009984652964 0.9277326717 -0.3731117748 0.07926164226 -0.3726906129 -0.9245643835 7.618088012e-05 -0.5276318041 0
0.399133121 0.4193731615 -0.4001269625 -0.01399123593 0.09896765404 0.4966840175 -0.001809969272 0.02529130617 0.2533019771 -0.9966946065 -0.02085329495 -0.07851752385 0.01023224351 0.9265737661 -0.3759738783 0.08059257196 -0.3755345471 -0.9232976992 7.784902052e-05 -0.5321688601 0
0.4031031094 0.423544468 -0.4041068361 -0.0142661641 0.09989592242 0.4964223581 -0.001845987271 0.02553912576 0.2532681858 -0.9965637237 -0.02145996257 -0.08000134073 0.01052582945 0.9252129234 -0.3793023245 0.08215808801 -0.3788410174 -0.9218077523 7.982639075e-05 -0.537462092 0
0.4070730978 0.4277157745 -0.4080867098 -0.01454362455 0.1008225504 0.4961582886 -0.001882355092 0.02578683459 0.2532340662 -0.9964290711 -0.02207763053 -0.08149653013 0.01082453197 0.9238427256 -0.3826191944 0.08373730173 -0.3821350503 -0.9203047689 8.183768225e-05 -0.542755324 0
0.4104759449 0.4312911801 -0.41149803 -0.01478345914 0.1016154861 0.4959300291 -0.001913805792 0.02599906748 0.2532045598 -0.9963106032 -0.02261586683 -0.08278710309 0.01108465239 0.9226609101 -0.3854529485 0.08510177643 -0.3849485259 -0.9190061589 8.358889544e-05 -0.54729238 0
0.4144459333 0.4354624866 -0.4154779037 -0.01506560782 0.1025390281 0.4956614976 -0.00195082276 0.02624656777 0.2531698311 -0.9961687711 -0.02325414238 -0.08430316888 0.01139291706 0.9212736389 -0.388748098 0.08670629079 -0.3882191741 -0.9174790962 8.566406067e-05 -0.5525856119 0
0.4184159217 0.4396337931 -0.4194577774 -0.015350273 0.1034608873 0.4953905711 -0.001988188985 0.02649395425 0.2531347748 -0.9960229765 -0.02390360832 -0.08583034329 0.01170636149 0.9198773373 -0.3920314342 0.0883243535 -0.391477077 -0.9159391392 8.777409256e-05 -0.5578788439 0
0.4223859101 0.4438050996 -0.423437651 -0.01563744904 0.1043810489 0.495117255 -0.002025904265 0.02674122586 0.2530993909 -0.9958731512 -0.02456432899 -0.08736853278 0.01202500631 0.9184721202 -0.3953028758 0.08995591144 -0.3947221277 -0.9143863384 8.99193228e-05 -0.5631720758 0
0.4257887573 0.4473805052 -0.4268489713 -0.01588559408 0.1051683964 0.4948810861 -0.002058509313 0.02695308071 0.2530688013 -0.9957414695 -0.0251396668 -0.0886956767 0.01230228465 0.9172606401 -0.3980974403 0.09136509018 -0.3974932897 -0.9130451823 9.178635835e-05 -0.5677091318 0
0.4297587457 0.4515518117 -0.4308288449 -0.01617741806 0.1060853661 0.4946033462 -0.002096872296 0.02720013615 0.2530328096 -0.9955839768 -0.02582145599 -0.09025407262 0.01263063956 0.9158391729 -0.4013465787 0.09302156825 -0.4007141896 -0.9114686644 9.399783842e-05 -0.5730023638 0
0.4337287341 0.4557231182 -0.4348087186 -0.01647173658 0.1070005961 0.4943232323 -0.002135583749 0.02744707367 0.252996491 -0.9954222568 -0.02651467751 -0.09182321319 0.01296424968 0.9144091224 -0.4045835947 0.09469138733 -0.403921934 -0.9098794494 9.624546679e-05 -0.5782955957 0
0.4371315812 0.4592985237 -0.4382200389 -0.01672599063 0.1077836833 0.4940812492 -0.002169042189 0.02765863975 0.2529651006 -0.9952802226 -0.02711801206 -0.0931766701 0.01325439736 0.9131766221 -0.4073484722 0.09613323764 -0.4066608787 -0.9085071989 9.820102905e-05 -0.5828326517 0
0.4411015696 0.4634698302 -0.4421999125 -0.01702492638 0.1086956436 0.4937967409 -0.002208400243 0.02790535546 0.2529281753 -0.9951104678 -0.02783262322 -0.09476551053 0.01359781349 0.9117309431 -0.4105627685 0.09782768713 -0.4098439124 -0.9068945424 0.0001005166743 -0.5881258837 0
0.445071558 0.4676411367 -0.4461797862 -0.01732633993 0.1096058225 0.4935098743 -0.002248106164 0.02815195023 0.2528909235 -0.9949362866 -0.02855883491 -0.09636482054 0.01394653332 0.9102770179 -0.4137647217 0.09953531985 -0.4130134909 -0.9052693392 0.0001028694207 -0.5934191156 0
0.4484744052 0.4712165423 -0.4495911065 -0.01758666202 0.110384547 0.4932621161 -0.002282416523 0.02836322011 0.2528587338 -0.994783412 -0.02919057811 -0.09774391686 0.01424966906 0.9090243234 -0.4164993714 0.1010094553 -0.4157194843 -0.903866362 0.0001049158434 -0.5979561716 0
0.4524443936 0.4753878488 -0.4535709801 -0.01789266137 0.111291379 0.492970885 -0.002322767914 0.02860958744 0.2528208763 -0.9946008236 -0.02993848299 -0.09936241177 0.01460827901 0.9075554007 -0.4196782015 0.1027414221 -0.4188637987 -0.9022179993 0.0001073383791 -0.6032494036 0
0.456414382 0.4795591553 -0.4575508538 -0.0182011214 0.1121963882 0.4926773121 -0.002363466556 0.0288558308 0.252782693 -0.9944136072 -0.03069814707 -0.1009910968 0.01497223473 0.9060785741 -0.4228444748 0.1044864108 -0.4219943618 -0.9005572433 0.0001097989717 -0.6085426355 0
0.4603843704 0.4837304618 -0.4615307274 -0.01851203601 0.1130995601 0.492381403 -0.002404512229 0.02910194912 0.2527441841 -0.9942216915 -0.03146962361 -0.1026298731 0.01534154941 0.9045939643 -0.4259981181 0.1062443642 -0.4251110708 -0.8988841486 0.0001122979563 -0.6138358675 0
0.4637872176 0.4873058674 -0.4649420477 -0.01878048325 0.1138722342 0.4921259118 -0.002439970275 0.02931280736 0.2527109174 -0.9940533982 -0.03214033046 -0.104042495 0.01566237957 0.903315339 -0.4286911337 0.1077614564 -0.4277714313 -0.8974402883 0.0001144707543 -0.6183729235 0
0.4677572059 0.4914771738 -0.4689219214 -0.01909594008 0.114771956 0.4918256797 -0.002481659846 0.02955869067 0.2526718042 -0.9938525658 -0.03293388164 -0.1056997483 0.01604167891 0.9018165976 -0.4318211306 0.1095433334 -0.4308621401 -0.8957444247 0.0001170419284 -0.6236661554 0
0.4717271943 0.4956484803 -0.472901795 -0.01941383384 0.1156697995 0.4915231283 -0.00252369581 0.02980444592 0.252632366 -0.9936468297 -0.03373939086 -0.1073668078 0.0164263705 0.9003104215 -0.4349382937 0.1113380091 -0.4339387036 -0.8940363803 0.0001196524535 -0.6289593874 0
0.4751300415 0.4992238859 -0.4763131153 -0.01968824906 0.1164378739 0.4912619571 -0.002560002165 0.03001499055 0.2525983033 -0.9934665266 -0.03443938186 -0.1088034445 0.01676040563 0.8990135892 -0.4375998803 0.1128864445 -0.4365644229 -0.8925626898 0.0001219216215 -0.6334964434 0
0.4791000299 0.5033951924 -0.480292989 -0.0200106519 0.1173321914 0.4909551143 -0.002602680829 0.03026050518 0.252558262 -0.9932514916 -0.03526722698 -0.1104884477 0.01715513761 0.8974939325 -0.4406930251 0.1147047324 -0.4396144491 -0.8908321731 0.0001246061193 -0.6387896753 0
0.4830700183 0.5075664989 -0.4842728626 -0.02033547365 0.1182245901 0.4906459693 -0.002645705234 0.03050588874 0.2525178963 -0.9930313461 -0.03610716588 -0.112182968 0.01755528855 0.8959671938 -0.4437731396 0.1165356494 -0.4426500426 -0.8890896368 0.0001273309293 -0.6440829073 0
0.4864728655 0.5111419045 -0.4876841829 -0.02061581269 0.1189879652 0.4903791601 -0.0026828583 0.03071611239 0.252483039 -0.9928385271 -0.03683677345 -0.1136429113 0.01790259403 0.8946530182 -0.4464028159 0.118115013 -0.4452404172 -0.8875865111 0.0001296988213 -0.6486199633 0
0.4904428539 0.515313211 -0.4916640566 -0.02094510967 0.1198767628 0.4900657558 -0.002726524178 0.03096124974 0.2524420713 -0.9926086971 -0.03769929113 -0.115354835 0.01831282875 0.8931134577 -0.4494585542 0.1199692244 -0.4482489433 -0.8858218049 0.0001324993909 -0.6539131952 0
0.4944128422 0.5194845175 -0.4956439302 -0.02127680715 0.1207636012 0.489750067 -0.002770535128 0.03120625301 0.2524007798 -0.9923735479 -0.03857402839 -0.1170759828 0.01872850247 0.8915671719 -0.4525010732 0.1218358921 -0.4512427533 -0.8840452438 0.000135341236 -0.6592064272 0
0.4983828306 0.523655824 -0.4996238039 -0.02161089858 0.1216484663 0.4894320996 -0.002814890914 0.03145112116 0.2523591647 -0.9921330062 -0.03946102688 -0.1188062514 0.0191496206 0.8900142865 -0.4555303084 0.1237149548 -0.4542217489 -0.8822568859 0.0001382246941 -0.6644996592 0
0.5017856778 0.5272312295 -0.5030351242 -0.02189916308 0.1224053411 0.4891577475 -0.002853184438 0.03166089979 0.2523232372 -0.9919224798 -0.04023110091 -0.1202965196 0.01951491582 0.8886780848 -0.4581161748 0.1253353987 -0.4567633086 -0.8807146631 0.0001407296064 -0.6690367151 0
0.5057556662 0.531402536 -0.5070149978 -0.02223768294 0.1232865048 0.4888355655 -0.002898179996 0.03190551419 0.2522810217 -0.991671728 -0.04114097655 -0.1220434513 0.01994615657 0.8871132782 -0.4611205726 0.1272373168 -0.4597145328 -0.8789045531 0.0001436912423 -0.6743299471 0
0.5097256546 0.5355738425 -0.5109948715 -0.02257857785 0.1241656554 0.4885111231 -0.002943519701 0.03214999047 0.2522384832 -0.9914153729 -0.04206322561 -0.1237992062 0.02038285266 0.8855422337 -0.4641115078 0.1291514526 -0.4626506645 -0.8770828153 0.000146695457 -0.6796231791 0
0.5131285018 0.5391492481 -0.5144061917 -0.02287265873 0.1249176004 0.4882312353 -0.002982656032 0.03235943083 0.2522017648 -0.9911911241 -0.042863601 -0.1253110819 0.0207615073 0.8841907558 -0.4666644053 0.1308018171 -0.4651552634 -0.8755121162 0.0001493046439 -0.684160235 0
0.5170984902 0.5433205546 -0.5183860654 -0.02321794658 0.1257929759 0.487902612 -0.003028634216 0.0326036478 0.2521586272 -0.9909241663 -0.04380892611 -0.1270829441 0.02120833998 0.8826084649 -0.4696301779 0.1327384759 -0.4680631108 -0.8736689426 0.0001523888315 -0.689453467 0
0.5210684785 0.5474918611 -0.5223659391 -0.02356559017 0.1266662989 0.4875717466 -0.003074955843 0.03284772365 0.2521151673 -0.9906513932 -0.04476672662 -0.1288633285 0.0216606321 0.881020301 -0.4725823168 0.1346871718 -0.4709555917 -0.871814313 0.0001555165652 -0.6947466989 0
0.5244713257 0.5510672667 -0.5257772593 -0.02386544019 0.1274132175 0.4872863681 -0.003114933258 0.03305681841 0.2520776596 -0.9904129026 -0.04559765315 -0.130396075 0.02205265623 0.8796544407 -0.4751018262 0.1363670147 -0.4734225585 -0.8702155586 0.0001582323959 -0.6992837549 0
0.5284413141 0.5552385732 -0.529757133 -0.02421744055 0.1282826924 0.4869513562 -0.003161892043 0.03330062941 0.2520336017 -0.9901291318 -0.04657870959 -0.1321920049 0.0225150862 0.8780557112 -0.4780284918 0.1383378952 -0.4762862499 -0.8683398153 0.0001614419005 -0.7045769869 0
