0.00726346842 0.003575151791 -0.0005963307572 -2.207272948e-06 0.001852174331 0.5099955156 -2.772018544e-07 0.0004613580301 0.2549994434 -0.9999999999 -6.148571681e-08 -1.285441568e-05 3.14156884e-08 0.9999738844 -0.007227072919 1.285452434e-05 -0.007227072919 -0.9999738843 2.985535174e-08 -0.0007931199071 0
0.01531649924 0.007538934093 -0.001257484588 -9.814813641e-06 0.003905612455 0.5099800597 -1.240443855e-06 0.0009749421945 0.2549975091 -0.9999999984 -5.800094985e-07 -5.715603722e-05 2.910692177e-07 0.9998838769 -0.01523918392 5.715823896e-05 -0.01523918391 -0.9998838753 5.51703073e-08 -0.001672454502 0
0.02247474887 0.01106229614 -0.001845176882 -2.113223483e-05 0.005730761286 0.5099570666 -2.679453955e-06 0.001432142182 0.2549946192 -0.9999999924 -1.833714472e-06 -0.0001230555887 9.182743279e-07 0.9997499826 -0.02236005988 0.0001230658247 -0.02236005982 -0.999749975 3.315740096e-08 -0.002454085253 0
0.02963299849 0.01458565819 -0.002432869176 -3.673642313e-05 0.007555727726 0.5099253643 -4.666237419e-06 0.001889389457 0.2549906291 -0.9999999771 -4.203894361e-06 -0.0002139042957 2.103730192e-06 0.9995653843 -0.02947952684 0.0002139352584 -0.02947952661 -0.9995653614 2.450177122e-08 -0.003235716004 0
0.03679124811 0.01810902023 -0.00302056147 -5.66267826e-05 0.009380453696 0.509884954 -7.20007394e-06 0.002346568021 0.2549855404 -0.9999999456 -8.045879494e-06 -0.0003296872148 4.025118584e-06 0.9993301004 -0.03659713627 0.0003297608136 -0.03659713561 -0.999330046 1.090362898e-07 -0.004017346755 0
0.04394949773 0.02163238228 -0.003608253764 -8.080255359e-05 0.01120488113 0.5098358372 -1.028058331e-05 0.002803667124 0.2549793537 -0.9999998893 -1.37147785e-05 -0.0004703853003 6.86002063e-06 0.9990441545 -0.04371243989 0.000470535191 -0.04371243827 -0.9990440437 2.182177427e-07 -0.004798977506 0
0.05110774736 0.02515574433 -0.004195946058 -0.0001092628128 0.01302895196 0.5097780159 -1.390756181e-05 0.003260694481 0.2549720695 -0.9999997975 -2.156542483e-05 -0.0006359754072 1.078589252e-05 0.998707575 -0.05082498962 0.0006362495192 -0.05082498619 -0.9987073725 3.50129117e-07 -0.005580608257 0
0.05826599698 0.02867910637 -0.004783638352 -0.0001420064733 0.01485260816 0.5097114921 -1.808088506e-05 0.003717658119 0.2549636881 -0.999999658 -3.195232328e-05 -0.0008264302941 1.598004123e-05 0.9983203956 -0.05793433775 0.0008268933548 -0.05793433114 -0.9983200537 5.039238311e-07 -0.006362239008 0
0.0654242466 0.03220246842 -0.005371330646 -0.0001790322847 0.01667579169 0.5096362685 -2.280046378e-05 0.004174563443 0.2549542097 -0.9999994564 -4.522959658e-05 -0.001041718627 2.261960028e-05 0.997882655 -0.06504003688 0.001042454684 -0.06504002509 -0.9978821115 6.791815249e-07 -0.007143869759 0
0.07258249622 0.03572583047 -0.00595902294 -0.0002203388328 0.01849844456 0.5095523479 -2.806622374e-05 0.004631413401 0.2549436343 -0.9999991766 -6.175093204e-05 -0.001281804983 3.08815055e-05 0.9973943968 -0.07214164005 0.001282919921 -0.07214162024 -0.9973935736 8.756967212e-07 -0.00792550051 0
0.07974074585 0.03924919251 -0.006546715234 -0.0002659245404 0.02032050879 0.5094597336 -3.387809626e-05 0.005088209101 0.2549319622 -0.9999988006 -8.186952822e-05 -0.001546649856 4.094247083e-05 0.9968556699 -0.07923870076 0.001548273913 -0.07923866904 -0.9968544709 1.093381807e-06 -0.008707131261 0
0.08689899547 0.04277255456 -0.007134407528 -0.0003157876667 0.02214192641 0.509358429 -4.02360134e-05 0.005544950343 0.2549191934 -0.9999983086 -0.0001059380417 -0.001836209662 5.297896412e-05 0.996266528 -0.086330773 0.001838499938 -0.08633072426 -0.9962648373 1.332218798e-06 -0.009488762012 0
0.09405724509 0.04629591661 -0.007722099822 -0.0003699263074 0.0239626395 0.509248438 -4.713990546e-05 0.006001636006 0.2549053281 -0.9999976788 -0.000134308534 -0.002150436745 6.716718304e-05 0.9956270299 -0.09341741135 0.002153579705 -0.09341733894 -0.9956247099 1.592233907e-06 -0.01027039276 0
0.1012154947 0.04981927865 -0.008309792116 -0.0004283383954 0.02578259015 0.5091297649 -5.458969953e-05 0.006458264319 0.2548903665 -0.9999968877 -0.0001673324183 -0.002489279381 8.368303092e-05 0.9949372395 -0.100498171 0.002493493358 -0.1004980665 -0.994934129 1.873483459e-06 -0.01105202351 0
0.1083737443 0.0533426407 -0.00889748441 -0.0004910217002 0.02760172051 0.5090024142 -6.258531874e-05 0.006914833043 0.2548743087 -0.99999591 -0.0002053604065 -0.00285268179 0.0001027020927 0.9941972257 -0.1075726077 0.002858219476 -0.1075724607 -0.9941931383 2.176045723e-06 -0.01183365427 0
0.115531994 0.05686600275 -0.009485176704 -0.0005579738284 0.02941997275 0.5088663907 -7.112668172e-05 0.007371339602 0.2548571549 -0.9999947184 -0.0002487424566 -0.003240584139 0.0001243996109 0.9934070622 -0.1146402781 0.003247735074 -0.1146400757 -0.9934017844 2.500015991e-06 -0.01261528502 0
0.1226902436 0.06038936479 -0.010072869 -0.0006291922237 0.03123728905 0.5087216996 -8.021370232e-05 0.007827781168 0.2548389052 -0.9999932837 -0.0002978277193 -0.003652922554 0.0001489504617 0.9925668279 -0.1217007395 0.003662015605 -0.1217004662 -0.9925601172 2.845503517e-06 -0.01339691577 0
0.1298484932 0.06391272684 -0.01066056129 -0.000704674167 0.03305361168 0.5085683465 -8.984628944e-05 0.00828415473 0.2548195599 -0.9999915751 -0.000352964486 -0.004089629123 0.0001765291309 0.9916766067 -0.1287535499 0.004101034962 -0.1287531871 -0.9916681896 3.212629524e-06 -0.01417854652 0
0.137901524 0.06787650914 -0.01132171512 -0.000794684031 0.03509571503 0.5083854777 -0.0001013349524 0.008797489765 0.254796487 -0.9999892847 -0.0004226592772 -0.004609961851 0.0002113910456 0.9906154686 -0.1366782673 0.004624467857 -0.1366777773 -0.9906047645 3.651675613e-06 -0.01505788111 0
0.1450597736 0.07139987119 -0.01190940742 -0.000879216243 0.03690973452 0.5082137375 -0.0001121265425 0.009253708204 0.2547748141 -0.9999868831 -0.0004918076933 -0.005098206906 0.0002459812545 0.9896193261 -0.1437133564 0.005115963417 -0.1437127254 -0.9896062245 4.065233372e-06 -0.01583951186 0
0.1522180233 0.07492323323 -0.01249709971 -0.0009680024581 0.03872258013 0.5080333548 -0.0001234633811 0.009709848446 0.2547520462 -0.9999840992 -0.0005680899045 -0.005610582 0.0002841417715 0.9885734908 -0.1507394194 0.005632106175 -0.1507386168 -0.9885576103 4.50087329e-06 -0.01662114262 0
0.1593762729 0.07844659528 -0.013084792 -0.001061039287 0.0405341943 0.5078443362 -0.0001353453557 0.01016590707 0.2547281834 -0.9999808945 -0.0006518501013 -0.006147002686 0.0003260452204 0.9874780668 -0.1577560184 0.006172863605 -0.1577550086 -0.987458988 4.958755775e-06 -0.01740277337 0
0.1665345225 0.08196995733 -0.0136724843 -0.001158323178 0.04234451951 0.5076466891 -0.0001477723485 0.0106218806 0.2547032262 -0.9999772289 -0.0007434313468 -0.006707380535 0.0003718637129 0.9863331633 -0.1647627165 0.006738201628 -0.1647614589 -0.986310427 5.439049473e-06 -0.01818440412 0
0.1736927721 0.08549331937 -0.01426017659 -0.001259850419 0.04415349831 0.5074404209 -0.0001607442361 0.01107776553 0.2546771746 -0.9999730603 -0.0008431755241 -0.007291623148 0.000421768825 0.9851388945 -0.1717590776 0.007328084618 -0.1717575259 -0.9851119995 5.941930997e-06 -0.01896603487 0
0.1808510218 0.08901668142 -0.01484786889 -0.001365617134 0.04596107329 0.5072255396 -0.0001742608901 0.01153355831 0.254650029 -0.9999683448 -0.0009514232851 -0.007899634172 0.0004759315735 0.9838953793 -0.1787446673 0.007942475399 -0.1787427688 -0.9838637811 6.467584712e-06 -0.01974766562 0
0.1880092714 0.09254004347 -0.01543556118 -0.001475619287 0.04776718711 0.5070020534 -0.0001883221765 0.01198925537 0.2546217897 -0.9999630368 -0.001068513999 -0.008531313307 0.0005345223925 0.9826027417 -0.185719052 0.008581335253 -0.1857167474 -0.9825658504 7.016202553e-06 -0.02052929637 0
0.195167521 0.09606340551 -0.01602325347 -0.00158985268 0.04957178249 0.5067699708 -0.0002029279562 0.01244485312 0.2545924568 -0.9999570889 -0.001194785699 -0.009186556326 0.0005977111102 0.9812611105 -0.1926817994 0.00924462392 -0.1926790222 -0.9812182893 7.587983861e-06 -0.02131092712 0
0.2023257706 0.09958676756 -0.01661094577 -0.001708312954 0.05137480221 0.5065293006 -0.0002180780844 0.01290034794 0.2545620308 -0.9999504519 -0.001330575035 -0.009865255084 0.0006656669255 0.9798706192 -0.1996324788 0.0099322996 -0.1996291544 -0.9798211827 8.183135252e-06 -0.02209255787 0
0.2094840203 0.1031101296 -0.01719863806 -0.001830995589 0.05317618914 0.506280052 -0.0002337724111 0.0133557362 0.2545305119 -0.9999430749 -0.00147621722 -0.01056729754 0.0007385583848 0.9784314062 -0.2065706606 0.01064431896 -0.2065667061 -0.9783746186 8.801870479e-06 -0.02287418862 0
0.2166422699 0.1066334917 -0.01778633036 -0.001957895904 0.05497588618 0.5060222346 -0.0002500107811 0.01381101428 0.2544979005 -0.9999349051 -0.001632045978 -0.01129256775 0.0008165533589 0.976943615 -0.2134959165 0.01138063712 -0.21349124 -0.9768786882 9.444410329e-06 -0.02365581937 0
0.2238005195 0.1101568537 -0.01837402265 -0.002089009057 0.05677383634 0.5057558582 -0.0002667930336 0.01426617851 0.2544641968 -0.999925888 -0.001798393495 -0.01204094594 0.0008998190202 0.9754073935 -0.22040782 0.01214120768 -0.2204023198 -0.9753334858 1.01109825e-05 -0.02443745013 0
0.2309587691 0.1136802157 -0.01896171494 -0.002224330047 0.05856998267 0.5054809328 -0.0002841190024 0.01472122526 0.2544294013 -0.9999159674 -0.00197559037 -0.01281230843 0.0009885218193 0.9738228945 -0.2273059458 0.01292598271 -0.2272995099 -0.9737391087 1.080182149e-05 -0.02521908088 0
0.2381170187 0.1172035778 -0.01954940724 -0.002363853712 0.06036426832 0.5051974691 -0.0003019885161 0.01517615084 0.2543935141 -0.9999050853 -0.002163965563 -0.01360652773 0.001082827463 0.9721902757 -0.2341898702 0.01373491276 -0.2341823757 -0.9720956574 1.151716851e-05 -0.02600071163 0
0.2452752684 0.1207269398 -0.02013709953 -0.00250757473 0.06215663651 0.5049054779 -0.0003204013979 0.0156309516 0.2543565358 -0.9998931821 -0.002363846344 -0.01442347255 0.00118290089 0.9705096994 -0.2410591712 0.01456794685 -0.2410504833 -0.9704032355 1.225727138e-05 -0.02678234238 0
0.252433518 0.1242503019 -0.02072479183 -0.00265548762 0.06394703055 0.5046049702 -0.0003393574655 0.01608562387 0.2543184667 -0.9998801964 -0.002575558246 -0.01526300777 0.00128890625 0.9687813328 -0.2479134285 0.01542503248 -0.2479034001 -0.9686619496 1.302238442e-05 -0.02756397313 0
0.2604865488 0.1282140842 -0.02138594566 -0.002826893188 0.06595879363 0.5042567335 -0.0003613320846 0.01659697199 0.2542743356 -0.9998642147 -0.002828279049 -0.01623431438 0.001415456135 0.9667800098 -0.2556059645 0.01641793561 -0.2555942359 -0.966644732 1.391335642e-05 -0.02844330772 0
0.2676447984 0.1317374462 -0.02197363795 -0.002983694877 0.06774480473 0.5039381669 -0.0003814417926 0.01705135898 0.2542339497 -0.9998487168 -0.003066204723 -0.01712138832 0.001534608144 0.9649506647 -0.2624268654 0.01732594953 -0.2624134393 -0.9647999784 1.47324896e-05 -0.02922493848 0
0.2748030481 0.1352608083 -0.02256133025 -0.003144670282 0.06952866504 0.5036111207 -0.0004020940824 0.01750560598 0.2541924743 -0.9998319334 -0.003316967056 -0.01803060614 0.001660199715 0.9630740814 -0.2692314199 0.01825784119 -0.2692161054 -0.962906714 1.557746854e-05 -0.03000656923 0
0.2819612977 0.1387841703 -0.02314902254 -0.003309813265 0.07131031824 0.5032756074 -0.0004232887496 0.0179597093 0.2541499097 -0.999813796 -0.003580883888 -0.01896181724 0.001792391504 0.9611504463 -0.2760192146 0.01921355186 -0.2760018057 -0.960965058 1.644857336e-05 -0.03078819998 0
0.2891195473 0.1423075324 -0.02373671483 -0.003479117531 0.07308970807 0.5029316399 -0.0004450255846 0.01841366525 0.2541062564 -0.9997942347 -0.003858271068 -0.01991486732 0.001931343262 0.9591799504 -0.2827898383 0.0201930213 -0.2827701124 -0.9589751328 1.734609021e-05 -0.03156983073 0
0.2962777969 0.1458308944 -0.02432440713 -0.003652576627 0.0748667784 0.5025792312 -0.0004673043723 0.01886747015 0.2540615148 -0.9997731777 -0.004149442408 -0.02088959841 0.002077213813 0.9571627891 -0.2895428817 0.02119618779 -0.2895205991 -0.9569370639 1.827031114e-05 -0.03235146148 0
0.3034360465 0.1493542565 -0.02491209942 -0.00383018394 0.07664147318 0.5022183947 -0.0004901248921 0.01932112032 0.2540156853 -0.9997505515 -0.004454709634 -0.02188584888 0.002230161034 0.9550991625 -0.2962779374 0.02222298812 -0.2962528403 -0.9548509797 1.922153403e-05 -0.03313309223 0
0.3105942962 0.1528776185 -0.02549979172 -0.004011932702 0.07841373645 0.5018491443 -0.0005134869184 0.01977461206 0.2539687684 -0.9997262811 -0.004774382338 -0.02290345345 0.002390341834 0.9529892752 -0.3029946 0.02327335757 -0.3029664117 -0.9527170116 2.020006249e-05 -0.03391472298 0
0.3177525458 0.1564009806 -0.02608748401 -0.004197815987 0.08018351237 0.5014714939 -0.0005373902199 0.02022794168 0.2539207645 -0.9997002898 -0.00510876793 -0.02394224323 0.002557912127 0.9508333363 -0.3096924662 0.02434722994 -0.3096608903 -0.9505352941 2.120620575e-05 -0.03469635373 0
0.3249107954 0.1599243426 -0.0266751763 -0.004387826713 0.0819507452 0.501085458 -0.0005618345601 0.02068110551 0.2538716743 -0.9996724994 -0.005458171593 -0.02500204574 0.002733026818 0.9486315595 -0.3163711347 0.02544453758 -0.3163358542 -0.9483059648 2.224027859e-05 -0.03547798448 0
0.332069045 0.1634477047 -0.0272628686 -0.00458195764 0.08371537932 0.5006910513 -0.0005868196972 0.02113409985 0.253821498 -0.9996428299 -0.005822896233 -0.02608268493 0.002915839775 0.9463841628 -0.3230302065 0.02656521132 -0.3229908827 -0.946029164 2.330260126e-05 -0.03625961523 0
0.3392272947 0.1669710667 -0.02785056089 -0.004780201373 0.08547735919 0.5002882888 -0.000612345384 0.02158692101 0.2537702363 -0.9996111999 -0.006203242437 -0.02718398122 0.003106503815 0.9440913686 -0.3296692848 0.02770918053 -0.3296255565 -0.9437050354 2.439349932e-05 -0.03704124599 0
0.3463855443 0.1704944287 -0.02843825319 -0.00498255036 0.08723662942 0.4998771858 -0.0006384113678 0.02203956532 0.2537178897 -0.9995775262 -0.006599508422 -0.02830575149 0.003305170674 0.9417534039 -0.3362879749 0.02887637314 -0.3362394574 -0.9413337253 2.551330364e-05 -0.03782287674 0
0.3535437939 0.1740177908 -0.02902594548 -0.005188996896 0.0889931347 0.4994577581 -0.0006650173909 0.02249202909 0.2536644587 -0.9995417243 -0.007011989992 -0.02944780913 0.003511990993 0.9393705 -0.3428858844 0.03006671558 -0.3428321685 -0.9389153832 2.666235022e-05 -0.03860450749 0
0.3607020435 0.1775411528 -0.02961363777 -0.005399533118 0.09074681985 0.4990300215 -0.0006921631898 0.02294430863 0.2536099437 -0.9995037078 -0.00744098049 -0.03060996407 0.003727114297 0.9369428924 -0.3494626233 0.03128013283 -0.3494032746 -0.9364501615 2.784098018e-05 -0.03938613824 0
0.3678602931 0.1810645149 -0.03020133007 -0.005614151011 0.09249762983 0.4985939924 -0.0007198484961 0.02339640027 0.2535543455 -0.9994633891 -0.007886770758 -0.03179202278 0.00395068897 0.934470821 -0.356017804 0.03251654843 -0.3559523613 -0.9339382156 2.90495396e-05 -0.04016776899 0
0.3750185428 0.1845878769 -0.03078902236 -0.005832842402 0.09424550969 0.4981496873 -0.0007480730358 0.02384830031 0.2534976644 -0.9994206788 -0.008349649085 -0.03299378832 0.004182862238 0.9319545301 -0.3625510411 0.03377588446 -0.3624790161 -0.9313797037 3.028837948e-05 -0.04094939974 0
0.3830715736 0.1885516592 -0.03145017619 -0.00608372895 0.09620830389 0.4976399729 -0.0007804698475 0.02435645427 0.2534326047 -0.999369658 -0.008891168397 -0.03436908083 0.004454516969 0.9290711563 -0.369874227 0.0352199357 -0.3697941774 -0.9284459179 3.171871216e-05 -0.04182873434 0
0.3902298232 0.1920750213 -0.03203786849 -0.006311048694 0.09794977542 0.497178138 -0.0008098393242 0.02480793497 0.2533736246 -0.9993215624 -0.009391304164 -0.03561205406 0.004705445676 0.9264617292 -0.3763595663 0.03652771235 -0.3762718004 -0.9257889924 3.302308527e-05 -0.04261036509 0
0.3973880728 0.1955983833 -0.03262556078 -0.006542415413 0.09968814597 0.4967080811 -0.000839747144 0.02525921259 0.2533135636 -0.9992707864 -0.009909411976 -0.03687409697 0.004965425364 0.923808873 -0.382821774 0.03785815664 -0.3827257108 -0.9230860146 3.435886629e-05 -0.04339199584 0
0.4045463225 0.1991217454 -0.03321325307 -0.006777820301 0.1014233611 0.49622982 -0.0008701930109 0.02571028346 0.2532524223 -0.9992172346 -0.01044576914 -0.03815499881 0.005234598266 0.9211128493 -0.3892604755 0.03921118474 -0.389155502 -0.9203371547 3.572642552e-05 -0.04417362659 0
0.4117045721 0.2026451074 -0.03380094537 -0.007017254404 0.1031553666 0.4957433729 -0.0009011766236 0.02616114389 0.2531902011 -0.9991608101 -0.01100065019 -0.03945454557 0.005513105352 0.9183739238 -0.3956752983 0.04058671137 -0.3955607687 -0.917542586 3.712613768e-05 -0.04495525734 0
0.4188628217 0.2061684695 -0.03438863766 -0.007260708612 0.1048841083 0.4952487584 -0.0009326976756 0.02661179022 0.2531269009 -0.9991014146 -0.01157432684 -0.04077251997 0.005801086311 0.9155923663 -0.402065873 0.04198464986 -0.4019411074 -0.9147024846 3.855838187e-05 -0.04573688809 0
0.4260210713 0.2096918315 -0.03497632996 -0.007508173666 0.1066095322 0.4947459953 -0.0009647558549 0.02706221879 0.2530625221 -0.999038948 -0.01216706794 -0.04210870153 0.006098679533 0.9127684505 -0.4084318326 0.0434049121 -0.4082961158 -0.9118170296 4.002354147e-05 -0.04651851884 0
0.4331793209 0.2132151936 -0.03556402225 -0.007759640155 0.1083315844 0.4942351026 -0.0009973508445 0.02751242592 0.2529970655 -0.9989733094 -0.01277913945 -0.04346286659 0.006406022086 0.9099024544 -0.4147728129 0.0448474086 -0.4146253937 -0.9088864026 4.152200409e-05 -0.04730014959 0
0.4403375706 0.2167385556 -0.03615171454 -0.008015098517 0.1100502112 0.4937160998 -0.001030482322 0.02796240795 0.2529305317 -0.9989043959 -0.01341080438 -0.04483478832 0.006723249701 0.9069946598 -0.4210884527 0.04631204844 -0.4209285419 -0.9059107885 4.305416144e-05 -0.04808178034 0
0.4474958202 0.2202619177 -0.03673940684 -0.00827453904 0.1117653591 0.4931890066 -0.001064149959 0.02841216121 0.2528629213 -0.9988321035 -0.01406232276 -0.04622423677 0.007050496753 0.9040453525 -0.4273783933 0.04779873933 -0.4272051635 -0.9028903748 4.462040928e-05 -0.04886341109 0
0.4546540698 0.2237852797 -0.03732709913 -0.008537951863 0.1134769745 0.4926538432 -0.001098353423 0.02886168206 0.2527942352 -0.9987563269 -0.0147339516 -0.0476309789 0.007387896237 0.9010548223 -0.4336422792 0.04930738757 -0.4334548627 -0.8998253517 4.622114734e-05 -0.04964504185 0
0.4618123194 0.2273086418 -0.03791479143 -0.008805326972 0.1151850043 0.4921106297 -0.001133092375 0.02931096682 0.2527244738 -0.9986769592 -0.01542594482 -0.0490547786 0.007735579758 0.8980233626 -0.4398797574 0.0508378981 -0.4396772457 -0.8967159125 4.785677923e-05 -0.0504266726 0
0.4689705691 0.2308320038 -0.03850248372 -0.009076654209 0.1168893953 0.4915593868 -0.001168366471 0.02976001184 0.252653638 -0.9985938924 -0.01613855327 -0.05049539676 0.008093677506 0.8949512711 -0.4460904782 0.05239017445 -0.4458719204 -0.8935622531 4.952771237e-05 -0.05120830335 0
0.4761288187 0.2343553658 -0.03909017601 -0.009351923264 0.1185900945 0.4910001356 -0.001204175364 0.03020881347 0.2525817284 -0.998507017 -0.01687202462 -0.05195259122 0.00846231824 0.8918388489 -0.4522740947 0.05396411882 -0.4520384965 -0.8903645723 5.123435793e-05 -0.0519899341 0
0.4832870683 0.2378787279 -0.03967786831 -0.00963112368 0.1202870492 0.4904328972 -0.001240518697 0.03065736806 0.2525087458 -0.9984162223 -0.01762660339 -0.05342611691 0.008841629271 0.8886864011 -0.458430263 0.05555963199 -0.4581765853 -0.8871230715 5.297713073e-05 -0.05277156485 0
0.4904453179 0.2414020899 -0.0402655606 -0.009914244853 0.1219802066 0.4898576932 -0.001277396112 0.03110567196 0.2524346909 -0.9983213961 -0.01840253086 -0.0549157258 0.009231736443 0.8854942365 -0.4645586424 0.05717661344 -0.4642857999 -0.8838379551 5.47564492e-05 -0.0535531956 0
0.4976035676 0.244925452 -0.0408532529 -0.01020127603 0.1236695142 0.4892745454 -0.001314807244 0.03155372153 0.2523595645 -0.9982224252 -0.01920004504 -0.05642116697 0.009632764116 0.8822626674 -0.4706588951 0.05881496125 -0.4703657555 -0.88050943 5.657273526e-05 -0.05433482635 0
0.5056565984 0.2488892343 -0.04151440673 -0.01052884621 0.1255653185 0.4886090364 -0.001357532265 0.03205746874 0.2522737673 -0.998105986 -0.02012334349 -0.05813339671 0.01009712657 0.8785804454 -0.4774876427 0.06068351342 -0.4771702547 -0.8767132138 5.866077469e-05 -0.05521416095 0
0.512814848 0.2524125963 -0.04210209902 -0.01082414978 0.1272462719 0.4880090819 -0.001396076309 0.03250496575 0.2521963662 -0.9979978255 -0.02096750463 -0.05967163533 0.01052176635 0.8752661962 -0.4835270192 0.06236692029 -0.4831867647 -0.8732931453 6.055703352e-05 -0.0559957917 0
0.5199730976 0.2559359584 -0.04268979131 -0.01112332881 0.1289232126 0.4874012539 -0.001435152896 0.03295219705 0.252117896 -0.9978851581 -0.02183397487 -0.06122490381 0.0109577055 0.8719135423 -0.4895372339 0.06407136643 -0.4891728245 -0.8698303327 6.249160042e-05 -0.05677742245 0
0.5271313472 0.2594593204 -0.04327748361 -0.01142637196 0.1305960887 0.4867855754 -0.001474761639 0.03339915901 0.2520383574 -0.9977678653 -0.02272297839 -0.06279293967 0.01140506208 0.8685228112 -0.4955179623 0.06579674443 -0.4951280569 -0.8663249943 6.446491114e-05 -0.0575590532 0
0.5342895969 0.2629826825 -0.0438651759 -0.01173326771 0.1322648486 0.4861620696 -0.001514902146 0.03384584798 0.2519577513 -0.9976458275 -0.0236347359 -0.06437547767 0.01186395257 0.8650943336 -0.501468883 0.06754294557 -0.5010520864 -0.8627773509 6.647740458e-05 -0.05834068395 0
0.5414478465 0.2665060445 -0.0444528682 -0.01204400444 0.1339294409 0.4855307604 -0.001555574019 0.03429226035 0.2518760783 -0.997518924 -0.02456946464 -0.06597224994 0.01233449188 0.8616284437 -0.507389678 0.06930985979 -0.5069445398 -0.8591876261 6.852952277e-05 -0.0591223147 0
0.5486060961 0.2700294066 -0.04504056049 -0.01235857035 0.1355898142 0.4848916715 -0.001596776857 0.03473839249 0.2517933394 -0.9973870327 -0.02552737834 -0.06758298592 0.01281679331 0.8581254791 -0.5132800326 0.07109737576 -0.5128050458 -0.8555560462 7.06217108e-05 -0.05990394545 0
0.5557643457 0.2735527686 -0.04562825278 -0.01267695352 0.1372459175 0.4842448274 -0.001638510251 0.03518424077 0.2517095353 -0.9972500306 -0.02650868715 -0.06920741246 0.01331096852 0.854585781 -0.5191396354 0.07290538081 -0.518633235 -0.8518828399 7.275441674e-05 -0.0606855762 0
0.5629225954 0.2770761307 -0.04621594508 -0.01299914187 0.1388976998 0.4835902524 -0.001680773789 0.03562980157 0.2516246669 -0.9971077935 -0.02751359765 -0.07084525386 0.01381712756 0.8510096935 -0.5249681786 0.07473376101 -0.5244287401 -0.8481682389 7.492809159e-05 -0.06146720695 0
0.570080845 0.2805994927 -0.04680363737 -0.0133251232 0.1405451103 0.4829279714 -0.001723567052 0.03607507128 0.2515387351 -0.9969601962 -0.02854231278 -0.07249623185 0.01433537883 0.8473975644 -0.5307653576 0.07658240115 -0.530191196 -0.8444124771 7.714318924e-05 -0.06224883771 0
0.5772390946 0.2841228548 -0.04739132967 -0.01365488515 0.1421880985 0.4822580095 -0.001766889618 0.03652004629 0.2514517407 -0.9968071121 -0.02959503185 -0.0741600657 0.01486582905 0.8437497444 -0.5365308714 0.0784511847 -0.5359202394 -0.8406157913 7.940016641e-05 -0.06303046846 0
0.5843973442 0.2876462168 -0.04797902196 -0.01398841522 0.143826614 0.4815803921 -0.001810741057 0.03696472298 0.2513636845 -0.9966484139 -0.03067195044 -0.07583647221 0.01540858326 0.8400665876 -0.5422644226 0.08033999392 -0.5416155093 -0.8367784208 8.169948257e-05 -0.06381209921 0
0.5915555938 0.2911695788 -0.04856671425 -0.01432570078 0.1454606067 0.4808951448 -0.001855120935 0.03740909775 0.2512745676 -0.9964839731 -0.03177326046 -0.07752516576 0.01596374482 0.8363484512 -0.547965717 0.08224870976 -0.5472766468 -0.8329006073 8.404159992e-05 -0.06459372996 0
0.5987138435 0.2946929409 -0.04915440655 -0.01466672906 0.1470900265 0.4802022936 -0.001900028814 0.03785316698 0.2511843906 -0.9963136601 -0.03289915003 -0.07922585835 0.01653141537 0.8325956955 -0.5536344644 0.08417721194 -0.5529032951 -0.8289825953 8.642698329e-05 -0.06537536071 0
0.6058720931 0.2982163029 -0.04974209884 -0.01501148715 0.1487148236 0.4795018648 -0.001945464248 0.03829692709 0.2510931547 -0.9961373444 -0.03404980349 -0.08093825967 0.01711169483 0.8288086839 -0.5592703777 0.08612537893 -0.5584950997 -0.8250246316 8.885610017e-05 -0.06615699146 0
0.6130303427 0.301739665 -0.05032979114 -0.01535996198 0.1503349484 0.4787938848 -0.00199142679 0.03874037448 0.2510008606 -0.9959548946 -0.03522540137 -0.08266207707 0.01770468136 0.8249877827 -0.5648731739 0.08809308795 -0.5640517082 -0.8210269657 9.132942058e-05 -0.06693862221 0
0.6201885923 0.305263027 -0.05091748343 -0.01571214037 0.1519503515 0.4780783804 -0.002037915982 0.03918350554 0.2509075093 -0.9957661781 -0.03642612038 -0.08439701566 0.01831047141 0.8211333613 -0.5704425734 0.09008021501 -0.5695727703 -0.8169898495 9.384741706e-05 -0.06772025296 0
0.6282416232 0.3092268093 -0.05157863726 -0.01611275138 0.1537619747 0.4772644778 -0.002090845264 0.03968164541 0.2508012266 -0.9955462153 -0.03780717186 -0.08636174487 0.0190074072 0.8167575338 -0.5766678849 0.09233878759 -0.5757410431 -0.8124012553 9.67341565e-05 -0.06859958756 0
0.6353998728 0.3127501714 -0.05216632956 -0.01647275542 0.155367181 0.4765330745 -0.002138452058 0.04012409237 0.2507056318 -0.995343738 -0.03906184217 -0.08811932681 0.01964071678 0.8128331217 -0.5821654048 0.09436676065 -0.5811854169 -0.8082811551 9.934866982e-05 -0.06938121831 0
0.6425581224 0.3162735334 -0.05275402185 -0.01683642093 0.1569675125 0.4757942323 -0.002186584048 0.0405662118 0.2506089829 -0.995134574 -0.04034216063 -0.0898870943 0.02028711975 0.8088763622 -0.5876286782 0.09641375638 -0.5865931646 -0.8041224079 0.0001020093516 -0.07016284906 0
0.649716372 0.3197968955 -0.05334171414 -0.01720373414 0.1585629205 0.4750479792 -0.002235240759 0.04100800012 0.2505112806 -0.9949185871 -0.04164828778 -0.09166474358 0.02094670518 0.8048876366 -0.5930574408 0.09847964578 -0.5919639454 -0.7999252757 0.0001047166843 -0.07094447981 0
0.6568746216 0.3233202575 -0.05392940644 -0.01757468117 0.1601533568 0.4742943435 -0.002284421709 0.04144945376 0.250412526 -0.9946956401 -0.04298038013 -0.09345196881 0.02161956028 0.8008673286 -0.5984514322 0.1005642987 -0.5972974209 -0.7956900231 0.0001074711526 -0.07172611056 0
0.6640328713 0.3268436196 -0.05451709873 -0.01794924801 0.161738773 0.4735333536 -0.002334126412 0.04189056913 0.2503127202 -0.9944655951 -0.04433859021 -0.09524846215 0.02230577047 0.7968158247 -0.6038103958 0.1026675836 -0.6025932549 -0.7914169169 0.0001102732435 -0.07250774131 0
0.6711911209 0.3303669816 -0.05510479103 -0.01832742049 0.1633191214 0.4727650383 -0.002384354375 0.04233134268 0.250211864 -0.9942283133 -0.04572306647 -0.09705391383 0.0230054193 0.7927335143 -0.6091340788 0.1047893682 -0.6078511138 -0.7871062265 0.0001131234462 -0.07328937206 0
0.6783493705 0.3338903437 -0.05569248332 -0.01870918433 0.1648943541 0.4719894266 -0.002435105102 0.04277177084 0.2501099585 -0.9939836551 -0.04713395332 -0.09886801211 0.02371858847 0.788620789 -0.6144222324 0.1069295185 -0.6130706661 -0.7827582235 0.000116022252 -0.07407100281 0
0.6855076201 0.3374137057 -0.05628017561 -0.01909452512 0.1664644237 0.4712065478 -0.00248637809 0.04321185004 0.2500070047 -0.9937314801 -0.04857139106 -0.1006904434 0.02444535781 0.7844780431 -0.6196746116 0.1090878999 -0.6182515829 -0.7783731819 0.0001189701544 -0.07485263357 0
0.6926658698 0.3409370678 -0.05686786791 -0.01948342829 0.1680292828 0.4704164314 -0.002538172832 0.04365157673 0.2499030036 -0.9934716472 -0.05003551585 -0.1025208923 0.02518580527 0.7803056735 -0.6248909753 0.1112643762 -0.6233935378 -0.7739513781 0.000121967649 -0.07563426432 0
0.6998241194 0.3444604298 -0.0574555602 -0.01987587917 0.1695888843 0.4696191074 -0.002590488816 0.04409094736 0.2497979564 -0.9932040145 -0.05152645976 -0.1043590415 0.02594000692 0.7761040794 -0.6300710864 0.1134588103 -0.6284962067 -0.7694930906 0.0001250152334 -0.07641589507 0
0.706982369 0.3479837918 -0.0580432525 -0.02027186294 0.1711431813 0.4688146057 -0.002643325523 0.04452995837 0.249691864 -0.9929284394 -0.05304435063 -0.106204572 0.0267080369 0.7718736625 -0.6352147117 0.1156710639 -0.633559268 -0.7649986006 0.0001281134073 -0.07719752582 0
0.7141406186 0.3515071539 -0.05863094479 -0.02067136467 0.1726921273 0.4680029567 -0.002696682432 0.04496860622 0.2495847275 -0.9926447786 -0.05458931214 -0.1080571633 0.02748996747 0.7676148266 -0.640321622 0.1179009975 -0.6385824026 -0.7604681912 0.0001312626724 -0.07797915657 0
0.7212988682 0.3550305159 -0.05921863708 -0.02107436929 0.1742356758 0.4671841911 -0.002750559013 0.04540688736 0.2494765479 -0.9923528881 -0.05616146377 -0.1099164928 0.02828586894 0.7633279782 -0.6453915922 0.1201484708 -0.643565294 -0.7559021479 0.0001344635323 -0.07876078732 0
0.7284571179 0.358553878 -0.05980632938 -0.02148086158 0.1757737806 0.4663583398 -0.002804954735 0.04584479827 0.2493673264 -0.9920526234 -0.05776092073 -0.1117822368 0.0290958097 0.7590135257 -0.6504244012 0.1224133419 -0.6485076283 -0.7513007586 0.0001377164925 -0.07954241807 0
0.7356153675 0.36207724 -0.06039402167 -0.02189082624 0.1773063958 0.4655254338 -0.002859869058 0.0462823354 0.2492570641 -0.9917438391 -0.05938779399 -0.1136540696 0.02991985619 0.7546718798 -0.6554198319 0.1246954683 -0.6534090938 -0.746664313 0.0001410220605 -0.08032404882 0
0.7427736171 0.3656006021 -0.06098171397 -0.0223042478 0.1788334756 0.4646855046 -0.002915301439 0.04671949523 0.249145762 -0.9914263894 -0.06104219025 -0.1155316641 0.03075807289 0.7503034533 -0.6603776714 0.126994706 -0.6582693817 -0.7419931036 0.0001443807456 -0.08110567957 0
0.7508266479 0.3695643844 -0.0616428678 -0.02277345974 0.1805447672 0.4637322286 -0.002978281427 0.04721084464 0.2490193057 -0.9910587182 -0.06293641195 -0.1176504359 0.0317180823 0.7453574793 -0.6659100475 0.1296016214 -0.6636876043 -0.7366968057 0.0001482233946 -0.08198501417 0
0.7579848976 0.3730877464 -0.06223056009 -0.02319417534 0.1820599336 0.4628774805 -0.003034812854 0.047647191 0.2489057978 -0.9907223675 -0.06464962918 -0.1195391815 0.03258661585 0.7409335246 -0.670787317 0.1319367384 -0.6684593762 -0.731952703 0.0001516966533 -0.08276664492 0
0.7651431472 0.3766111085 -0.06281825238 -0.02361829875 0.1835694231 0.4620158088 -0.003091860609 0.04808314904 0.2487912537 -0.9903768919 -0.06639067502 -0.1214326574 0.03346950846 0.7364840928 -0.6756263561 0.1342885103 -0.673189022 -0.7271747635 0.0001552246326 -0.08354827567 0
0.7723013968 0.3801344705 -0.06340594468 -0.024045814 0.1850731912 0.4611472461 -0.003149424126 0.04851871527 0.2486756746 -0.9900221431 -0.06815963831 -0.1233305307 0.03436681643 0.732009605 -0.6804269689 0.1366567892 -0.6778762437 -0.7223632882 0.0001588078492 -0.08432990642 0
0.7794596464 0.3836578326 -0.06399363697 -0.02447670498 0.1865711931 0.4602718251 -0.003207502836 0.04895388616 0.2485590614 -0.9896579726 -0.06995660351 -0.1252324672 0.0352785941 0.7275104844 -0.6851889636 0.1390414255 -0.682520746 -0.7175185804 0.0001624468218 -0.08511153717 0
0.7866178961 0.3871811946 -0.06458132927 -0.0249109555 0.1880633847 0.4593895786 -0.003266096165 0.04938865823 0.2484414156 -0.9892842312 -0.07178165069 -0.1271381315 0.0362048938 0.7229871557 -0.6899121526 0.1414422692 -0.6871222361 -0.7126409455 0.0001661420705 -0.08589316792 0
0.7937761457 0.3907045567 -0.06516902156 -0.02534854922 0.189549722 0.45850054 -0.003325203532 0.04982302796 0.2483227381 -0.9889007693 -0.07363485551 -0.129047187 0.03714576583 0.7184400456 -0.6945963525 0.1438591689 -0.691680424 -0.7077306907 0.0001698941173 -0.08667479867 0
0.8009343953 0.3942279187 -0.06575671385 -0.02578946967 0.1910301611 0.4576047426 -0.003384824352 0.05025699186 0.2482030302 -0.988507437 -0.0755162892 -0.1309592957 0.03810125847 0.7138695824 -0.6992413842 0.1462919723 -0.6961950225 -0.7027881256 0.0001737034857 -0.08745642943 0
0.8080926449 0.3977512808 -0.06634440615 -0.02623370028 0.1925046585 0.45670222 -0.003444958036 0.05069054645 0.2480822932 -0.9881040837 -0.07742601855 -0.1328741188 0.03907141796 0.7092761962 -0.7038470727 0.1487405261 -0.7006657471 -0.6978135616 0.0001775707011 -0.08823806018 0
0.8152508945 0.4012746428 -0.06693209844 -0.02668122435 0.1939731709 0.4557930063 -0.003505603989 0.05112368823 0.2479605281 -0.9876905587 -0.07936410589 -0.1347913164 0.04005628853 0.7046603186 -0.7084132474 0.1512046759 -0.705092316 -0.6928073123 0.0001814962903 -0.08901969093 0
0.8224091442 0.4047980048 -0.06751979074 -0.02713202507 0.1954356553 0.4548771356 -0.003566761609 0.05155641373 0.2478377362 -0.9872667108 -0.08133060909 -0.1367105473 0.04105591233 0.7000223828 -0.7129397419 0.1536842665 -0.7094744503 -0.687769693 0.0001854807817 -0.08980132168 0
0.8295673938 0.4083213669 -0.06810748303 -0.02758608551 0.1968920689 0.4539546423 -0.003628430293 0.05198871946 0.2477139188 -0.9868323885 -0.08332558153 -0.1386314696 0.04207032948 0.6953628235 -0.7174263942 0.1561791417 -0.7138118738 -0.6827010214 0.0001895247055 -0.09058295243 0
0.8367256434 0.4118447289 -0.06869517532 -0.02804338861 0.1983423691 0.453025561 -0.00369060943 0.05242060196 0.2475890771 -0.9863874401 -0.0853490721 -0.1405537405 0.04309957804 0.6906820769 -0.7218730464 0.1586891441 -0.7181043132 -0.6776016167 0.0001936285933 -0.09136458318 0
0.843883893 0.415368091 -0.06928286762 -0.0285039172 0.1997865137 0.4520899267 -0.003753298404 0.05285205776 0.2474632124 -0.9859317133 -0.08740112516 -0.1424770161 0.04414369399 0.6859805805 -0.726279545 0.1612141156 -0.7223514979 -0.6724718004 0.0001977929784 -0.09214621393 0
0.8510421427 0.418891453 -0.06987055991 -0.02896765401 0.2012244607 0.4511477743 -0.003816496596 0.05328308339 0.2473363258 -0.9854650557 -0.08948178056 -0.1444009518 0.04520271127 0.6812587732 -0.730645741 0.1637538971 -0.7265531604 -0.6673118958 0.0002020183953 -0.09292784468 0
0.8582003923 0.4224148151 -0.07045825221 -0.02943458163 0.2026561682 0.4501991393 -0.003880203379 0.0537136754 0.2472084187 -0.9849873148 -0.09159107363 -0.1463252023 0.04627666171 0.6765170953 -0.7349714894 0.1663083286 -0.7307090358 -0.6621222281 0.0002063053805 -0.09370947543 0
0.8653586419 0.4259381771 -0.0710459445 -0.02990468255 0.2040815949 0.4492440573 -0.003944418123 0.05414383033 0.2470794923 -0.9844983378 -0.09372903514 -0.1482494213 0.04736557508 0.6717559883 -0.73925665 0.168877249 -0.7348188622 -0.6569031242 0.0002106544716 -0.09449110618 0
0.8734116727 0.4299019594 -0.07170709833 -0.03043731723 0.2056776409 0.4481619284 -0.004017266092 0.05462722789 0.2469332334 -0.9839346172 -0.09616854205 -0.1504136984 0.04860852238 0.66637707 -0.744028771 0.1717844018 -0.7393870516 -0.6509968565 0.0002156221066 -0.09537044078 0
0.8805699223 0.4334253215 -0.07229479062 -0.03091410276 0.207089584 0.4471932656 -0.004082558138 0.05505644259 0.2468021454 -0.9834212547 -0.09836750538 -0.1523366983 0.04972932127 0.661576147 -0.7482272358 0.1743835726 -0.7433981676 -0.6457162953 0.0002201049652 -0.09615207153 0
0.887728172 0.4369486835 -0.07288248292 -0.03139400615 0.2084951183 0.4462182683 -0.004148356143 0.05548520945 0.2466700422 -0.9828961772 -0.1005952039 -0.1542585811 0.05086516264 0.6567571816 -0.7523847019 0.1769967235 -0.747362435 -0.6404073318 0.0002246516197 -0.09693370228 0
0.8948864216 0.4404720456 -0.07347017521 -0.03187700941 0.2098942033 0.4452369732 -0.004214659456 0.05591352503 0.2465369252 -0.982359231 -0.1028516496 -0.1561789979 0.05201606762 0.65192062 -0.7565010469 0.1796236897 -0.751279604 -0.6350703006 0.000229262614 -0.09771533303 0
0.9020446712 0.4439954076 -0.07405786751 -0.03236309446 0.2112867989 0.444249417 -0.00428146742 0.05634138592 0.2464027956 -0.9818102626 -0.1051368498 -0.1580975996 0.05318205524 0.6470669091 -0.7605761528 0.1822643058 -0.7551494276 -0.6297055382 0.0002339384933 -0.09849696378 0
0.9092029208 0.4475187697 -0.0746455598 -0.03285224311 0.2126728652 0.4432556366 -0.004348779375 0.05676878869 0.2462676548 -0.9812491183 -0.1074508072 -0.1600140366 0.05436314241 0.6421964966 -0.7646099061 0.1849184053 -0.758971662 -0.6243133825 0.0002386798042 -0.09927859453 0
0.9163611705 0.4510421317 -0.07523325209 -0.03334443705 0.2140523626 0.4422556692 -0.004416594653 0.05719572991 0.2461315041 -0.9806756442 -0.10979352 -0.161927959 0.05555934395 0.6373098314 -0.7686021976 0.187585821 -0.7627460664 -0.6188941735 0.0002434870948 -0.1000602253 0
0.9235194201 0.4545654938 -0.07582094439 -0.03383965789 0.2154252519 0.4412495522 -0.004484912585 0.05762220618 0.245994345 -0.9800896865 -0.1121649818 -0.1638390164 0.05677067255 0.6324073629 -0.7725529226 0.1902663848 -0.7664724028 -0.6134482525 0.0002483609145 -0.100841856 0
0.9306776697 0.4580888558 -0.07640863668 -0.03433788709 0.216791494 0.4402373233 -0.004553732494 0.05804821408 0.2458561787 -0.9794910914 -0.1145651813 -0.1657468583 0.05799713879 0.6274895413 -0.7764619807 0.1929599277 -0.7701504365 -0.6079759629 0.0002533018141 -0.1016234868 0
0.9378359193 0.4616122179 -0.07699632898 -0.03483910605 0.21815105 0.4392190202 -0.004623053699 0.05847375022 0.2457170067 -0.9788797052 -0.1169941031 -0.1676511336 0.05923875113 0.6225568175 -0.7803292762 0.19566628 -0.7737799356 -0.6024776495 0.0002583103459 -0.1024051175 0
0.9449941689 0.4651355799 -0.07758402127 -0.03534329602 0.2195038817 0.4381946811 -0.004692875514 0.05889881119 0.2455768304 -0.978255374 -0.1194517267 -0.1695514914 0.06049551591 0.6176096432 -0.7841547176 0.1983852711 -0.7773606715 -0.5969536587 0.0002633870632 -0.1031867483 0
0.9521524186 0.4686589419 -0.07817171356 -0.03585043818 0.2208499506 0.4371643441 -0.004763197248 0.05932339361 0.2454356511 -0.9776179441 -0.1219380272 -0.1714475804 0.06176743734 0.6126484705 -0.7879382179 0.2011167297 -0.7808924184 -0.5914043387 0.0002685325211 -0.103968379 0
0.9593106682 0.472182304 -0.07875940586 -0.0363605136 0.222189219 0.4361280478 -0.004834018204 0.05974749408 0.2452934703 -0.976967262 -0.1244529751 -0.1733390493 0.06305451753 0.6076737519 -0.7916796947 0.2038604837 -0.7843749539 -0.5858300393 0.0002737472758 -0.1047500098 0
0.9664689178 0.475705666 -0.07934709815 -0.03687350323 0.2235216492 0.4350858308 -0.004905337683 0.06017110923 0.2451502894 -0.976303174 -0.1269965361 -0.1752255467 0.06435675643 0.6026859406 -0.7953790699 0.2066163602 -0.7878080583 -0.5802311117 0.0002790318848 -0.1055316405 0
0.9736271674 0.4792290281 -0.07993479045 -0.03738938794 0.2248472039 0.434037732 -0.004977154978 0.06059423567 0.2450061098 -0.9756255269 -0.1295686714 -0.1771067212 0.06567415187 0.5976854902 -0.7990362699 0.2093841854 -0.7911915155 -0.5746079087 0.0002843869069 -0.1063132713 0
0.9807854171 0.4827523901 -0.08052248274 -0.03790814849 0.2261658459 0.4329837905 -0.005049469379 0.06101687004 0.2448609329 -0.9749341673 -0.1321693376 -0.1789822215 0.06700669958 0.5926728545 -0.8026512255 0.212163785 -0.7945251121 -0.5689607847 0.0002898129024 -0.107094902 0
0.9888384479 0.4867161724 -0.08118363657 -0.03849516755 0.2276410097 0.4317911714 -0.005131416384 0.06149174134 0.2446964188 -0.9741398066 -0.1351291304 -0.1810849396 0.06852391937 0.5870196395 -0.8066674751 0.2153046904 -0.7982155479 -0.5625796204 0.0002960026819 -0.1079742366 0
0.9959966975 0.4902395345 -0.08177132887 -0.03901997491 0.2289448406 0.4307249448 -0.005204784752 0.06191331889 0.2445491276 -0.9734188002 -0.1377902593 -0.1829472161 0.06988864167 0.5819826182 -0.8101924523 0.2181087279 -0.8014424973 -0.5568828479 0.0003015813616 -0.1087558674 0
1.003154947 0.4937628965 -0.08235902116 -0.03954759735 0.2302416451 0.429652999 -0.005278647972 0.06233439386 0.2444008438 -0.9726836038 -0.1404797535 -0.1848027212 0.07126848911 0.5769348317 -0.8136749981 0.22092399 -0.8046189402 -0.5511632714 0.0003072327736 -0.1095374981 0
