0.005212344547 0.005261340585 -0.0005208174671 -2.331026799e-06 0.001329141784 0.5099976907 -2.921512497e-07 0.0003308784258 0.2549997139 -0.9999999999 -4.638456651e-08 -1.357517799e-05 2.402013256e-08 0.9999865514 -0.005186235885 1.357523599e-05 -0.005186235885 -0.9999865513 2.905546365e-08 -0.0006926872313 0
0.01082880394 0.0109305947 -0.00108201409 -1.00609286e-05 0.002761290529 0.5099900328 -1.26717425e-06 0.0006885421694 0.2549987589 -0.9999999983 -4.200820582e-07 -5.859051024e-05 2.112104878e-07 0.9999419562 -0.01077423904 5.859163549e-05 -0.01077423903 -0.9999419545 7.676224498e-08 -0.00143907874 0
0.01574320591 0.01589119205 -0.001573061135 -2.126462421e-05 0.004014350113 0.5099789334 -2.687575157e-06 0.001002186219 0.2549973677 -0.9999999923 -1.292207367e-06 -0.000123832271 6.475603668e-07 0.9998773246 -0.01566319661 0.0001238373199 -0.01566319657 -0.9998773169 8.930607296e-08 -0.002092171309 0
0.02065760788 0.0208517894 -0.00206410818 -3.661201041e-05 0.00526731183 0.5099637289 -4.638155655e-06 0.001316059613 0.2549954571 -0.9999999773 -2.920273119e-06 -0.0002131973396 1.461847094e-06 0.9997887977 -0.02055139815 0.0002132123275 -0.020551398 -0.999788775 6.88180557e-08 -0.002745263879 0
0.02627406728 0.02652104351 -0.002625304803 -5.92252057e-05 0.006699109061 0.5099413263 -7.515788852e-06 0.001674821437 0.2549926383 -0.9999999405 -6.009034331e-06 -0.0003448564697 3.006423891e-06 0.9996583785 -0.02613668589 0.0003448957156 -0.02613668538 -0.999658319 1.600575927e-08 -0.003491655388 0
0.03118846925 0.03148164086 -0.003116351848 -8.345026152e-05 0.007951758217 0.5099173269 -1.060040511e-05 0.001988712299 0.2549896168 -0.9999998819 -1.005079505e-05 -0.0004858824547 5.027318579e-06 0.9995186872 -0.03102247327 0.0004859603938 -0.03102247205 -0.9995185691 6.876688541e-08 -0.004144747957 0
0.03610287122 0.03644223821 -0.003607398893 -0.0001118171887 0.009204213524 0.5098892241 -1.421352102e-05 0.00230256168 0.2549860775 -0.999999788 -1.558904221e-05 -0.0006509969614 7.796206204e-06 0.9993551442 -0.03590676372 0.0006511369143 -0.03590676118 -0.9993549322 1.652649425e-07 -0.004797840527 0
0.04171933062 0.04211149233 -0.004168595515 -0.0001493071433 0.01063531449 0.5098520833 -1.898962679e-05 0.00266119327 0.2549813991 -0.999999622 -2.405263956e-05 -0.0008691749497 1.202725154e-05 0.9991390572 -0.04148667495 0.0008694245038 -0.04148666972 -0.9991386792 2.994351052e-07 -0.005544232035 0
0.04663373259 0.04707208968 -0.00465964256 -0.0001865465594 0.01188725162 0.5098151906 -2.37345146e-05 0.002974951021 0.2549767512 -0.9999994099 -3.358941524e-05 -0.001085851338 1.679435207e-05 0.9989244738 -0.0463669651 0.001086240916 -0.04636695598 -0.9989238837 4.362554115e-07 -0.006197324605 0
0.05154813456 0.05203268703 -0.005150689605 -0.000227924831 0.01313889898 0.5097741977 -2.900735636e-05 0.003288669111 0.2549715861 -0.9999991191 -4.536107618e-05 -0.001326558615 2.267806468e-05 0.9986861106 -0.05124501903 0.001327140192 -0.05124500397 -0.9986852298 5.905744098e-07 -0.006850417175 0
0.05646253653 0.05699328437 -0.00564173665 -0.0002734407476 0.01439022607 0.5097291057 -3.480806078e-05 0.003602349212 0.254965904 -0.9999987321 -5.960194536e-05 -0.001591273661 2.979526101e-05 0.9984239967 -0.05612060196 0.001592110705 -0.05612057822 -0.998422729 7.620787268e-07 -0.007503509745 0
0.06207899593 0.06266253849 -0.006202933273 -0.0003305237286 0.01581988289 0.5096725543 -4.208369916e-05 0.003960795556 0.2549587771 -0.9999981476 -7.920085607e-05 -0.001923169695 3.958919084e-05 0.9980953963 -0.06168937023 0.00192439267 -0.06168933209 -0.9980935442 9.789276953e-07 -0.008249901253 0
0.0669933979 0.06762313584 -0.006693980318 -0.0003849013889 0.01707042103 0.509618683 -4.901528111e-05 0.004274397035 0.2549519872 -0.9999974879 -9.952021926e-05 -0.002239241409 4.97419673e-05 0.9977824986 -0.0665588689 0.002240899841 -0.06655881309 -0.9977799872 1.186845395e-06 -0.008902993823 0
0.07190779987 0.07258373319 -0.007185027363 -0.0004434121025 0.0183205431 0.5095607172 -5.647449539e-05 0.004587961973 0.2549446805 -0.9999966662 -0.000123042741 -0.002579233257 6.149386976e-05 0.9974459598 -0.07142516061 0.002581434139 -0.0714250811 -0.9974426269 1.411735295e-06 -0.009556086393 0
0.07752425927 0.0782529873 -0.007746223986 -0.00051534017 0.01974870552 0.5094894589 -6.564530305e-05 0.004946276549 0.2549356971 -0.999995497 -0.0001541462344 -0.002997043356 7.703117111e-05 0.9970324481 -0.07698241043 0.003000016023 -0.07698229465 -0.9970279466 1.689605712e-06 -0.0103024779 0
0.08243866124 0.08321358465 -0.008237271031 -0.0005827015084 0.0209978335 0.5094227249 -7.423492269e-05 0.005259761244 0.2549272831 -0.9999942429 -0.0001853153233 -0.003388179797 9.259904316e-05 0.9966453907 -0.0818410443 0.003391980177 -0.08184088687 -0.9966396358 1.951088321e-06 -0.01095557047 0
0.08735306321 0.088174182 -0.008728318076 -0.0006541901147 0.02224644977 0.509351902 -8.335195111e-05 0.005573207021 0.2549183524 -0.9999927438 -0.0002204169246 -0.003803126099 0.0001101286081 0.9962348301 -0.08669573865 0.003807915891 -0.0866955284 -0.996227577 2.22981321e-06 -0.01160866304 0
0.0929695226 0.09384343612 -0.009289514698 -0.0007409424887 0.0236727742 0.5092659575 -9.441712113e-05 0.005931381565 0.2549075134 -0.9999906919 -0.0002656445753 -0.004306454201 0.0001327114644 0.9957369025 -0.092238839 0.004312598114 -0.09223855195 -0.9957275988 2.569642178e-06 -0.01235505455 0
0.09788392457 0.09880403347 -0.009780561743 -0.0008212680451 0.02492019157 0.50918638 -0.000104664051 0.006244739725 0.2548974759 -0.9999885645 -0.0003099498442 -0.004772284656 0.0001548300469 0.995276149 -0.09708431014 0.004779832361 -0.09708393883 -0.9952647196 2.885788672e-06 -0.01300814712 0
0.1027983265 0.1037646308 -0.01027160879 -0.0009057138922 0.02616700174 0.5091027205 -0.0001154381395 0.00655805476 0.254886922 -0.9999860923 -0.0003589113362 -0.005261792202 0.0001792691135 0.9947920582 -0.1019251134 0.005270971173 -0.1019246392 -0.9947781586 3.219652987e-06 -0.01366123969 0
0.1084147859 0.1094338849 -0.01083280541 -0.001007265512 0.02759114518 0.5090021146 -0.0001283967724 0.006916074287 0.2548742282 -0.9999827991 -0.00042086245 -0.005850161436 0.0002101861481 0.9942103108 -0.1074514484 0.005861513099 -0.1074508298 -0.994193121 3.623138805e-06 -0.0144076312 0
0.1133291879 0.1143944823 -0.01132385246 -0.001100532084 0.02883655202 0.5089097166 -0.0001403001892 0.007229291598 0.2548625681 -0.9999794667 -0.000480571502 -0.006390244655 0.0002399784442 0.9936764127 -0.112281473 0.006403794661 -0.112280701 -0.993655894 3.995590362e-06 -0.01506072377 0
0.1182435899 0.1193550796 -0.0118148995 -0.00119791078 0.03008125635 0.5088132447 -0.0001527304787 0.007542460692 0.2548503918 -0.9999756728 -0.0005456538054 -0.00695384986 0.0002724455458 0.9931193713 -0.1171061065 0.006969902393 -0.1171051522 -0.9930950628 4.386362744e-06 -0.01571381634 0
0.1238600493 0.1250243337 -0.01237609612 -0.001314232314 0.03150287653 0.5086980064 -0.000167581547 0.007900306965 0.2548358443 -0.9999707198 -0.0006269036877 -0.007626703148 0.000312969327 0.9924545003 -0.1226130782 0.007646022452 -0.122611875 -0.9924252448 4.855667562e-06 -0.01646020784 0
0.1287744512 0.1299849311 -0.01286714317 -0.001420412962 0.03274597356 0.5085928146 -0.000181140511 0.008213366866 0.2548225624 -0.9999657983 -0.0007042620186 -0.008240527893 0.0003515435526 0.9918480966 -0.1274253889 0.008263092767 -0.1274239277 -0.9918139261 5.28642935e-06 -0.01711330041 0
0.1336888532 0.1349455284 -0.01335819021 -0.001530696383 0.033988273 0.5084835582 -0.000195226023 0.008526372999 0.2548087647 -0.9999602822 -0.0007877029171 -0.008877697382 0.0003931417468 0.9912187709 -0.132231591 0.008903899497 -0.1322298293 -0.9911790922 5.736213554e-06 -0.01776639298 0
0.1386032552 0.1399061258 -0.01384923726 -0.00164507935 0.03522974467 0.5083702404 -0.0002098379712 0.00883932354 0.2547944514 -0.9999541258 -0.000877450292 -0.009538150613 0.0004378738149 0.9905665994 -0.1370314574 0.00956841171 -0.1370293477 -0.9905207738 6.205261624e-06 -0.01841948555 0
0.1442197146 0.1455753799 -0.01441043388 -0.0017808183 0.03664751712 0.5082357655 -0.0002271818079 0.009196910861 0.254777462 -0.999946245 -0.0009880269472 -0.01032138382 0.0004929737462 0.9897933876 -0.1425089708 0.01035684016 -0.1425063984 -0.9897396942 6.765225598e-06 -0.01916587706 0
0.1491341166 0.1505359773 -0.01490148093 -0.001903974598 0.0378871134 0.5081137561 -0.000242921439 0.00950973604 0.2547620439 -0.9999385547 -0.001092037873 -0.01103151509 0.0005447884685 0.9890925303 -0.1472944997 0.01107204035 -0.147291459 -0.9890311603 7.276404244e-06 -0.01981896963 0
0.1540485185 0.1554965746 -0.01539252797 -0.002031219531 0.03912578718 0.5079876961 -0.0002591871287 0.009822499772 0.2547461106 -0.9999300695 -0.001203052871 -0.01176472403 0.0006000783904 0.9883690846 -0.1520729842 0.01181084136 -0.1520694094 -0.9882992455 7.807657804e-06 -0.0204720622 0
0.1596649779 0.1611658287 -0.01595372459 -0.002181644027 0.04054024616 0.5078386725 -0.0002784204768 0.01017986637 0.2547272703 -0.9999193314 -0.001338785609 -0.01263084542 0.0006676597359 0.9875147426 -0.1575251962 0.01268403853 -0.157520922 -0.9874341873 8.43973779e-06 -0.02121845371 0
0.1645793799 0.1661264261 -0.01644477164 -0.002317637645 0.04177684188 0.5077039453 -0.0002958129968 0.01049249205 0.2547102331 -0.9999089641 -0.001465548466 -0.01341326761 0.0007307566784 0.9867431913 -0.1622878322 0.01347329117 -0.1622828601 -0.9866522912 9.014940153e-06 -0.02187154628 0
0.1694937819 0.1710870234 -0.01693581868 -0.002457707807 0.04301242065 0.5075651795 -0.0003137311573 0.01080505031 0.2546926811 -0.9998976313 -0.001600002935 -0.0142185398 0.0007976634241 0.9859493357 -0.1670427226 0.01428602871 -0.1670369643 -0.9858471291 9.611101855e-06 -0.02252463885 0
0.1751102413 0.1767562775 -0.01749701531 -0.002622774424 0.04442322699 0.5074016501 -0.0003348525146 0.01116217473 0.2546719912 -0.9998834236 -0.00176336115 -0.01516673169 0.0008789279338 0.9850148841 -0.1724671145 0.01524357827 -0.1724603394 -0.9848985048 1.031847368e-05 -0.02327103036 0
0.1800246432 0.1817168749 -0.01798806235 -0.002771566104 0.04565652569 0.507254244 -0.0003538965656 0.01147458204 0.2546533363 -0.9998698264 -0.001915025176 -0.01602070639 0.0009543509535 0.9841735603 -0.1772046624 0.01610650704 -0.1771968844 -0.9840436192 1.096055251e-05 -0.02392412293 0
0.1849390452 0.1866774722 -0.0184791094 -0.002924421065 0.04688871334 0.5071028125 -0.0003734657983 0.01178691588 0.2546341668 -0.9998550775 -0.00207505731 -0.01689728213 0.001033910999 0.9833102429 -0.1819337717 0.0169927936 -0.1819248757 -0.9831655937 1.162454205e-05 -0.0245772155 0
0.1905555046 0.1923467263 -0.01904030602 -0.003104082159 0.04829552901 0.5069248245 -0.0003964735166 0.01214377639 0.2546116292 -0.9998367313 -0.00226847073 -0.01792665034 0.001130033912 0.9822967973 -0.1873278545 0.01803423897 -0.1873175274 -0.9821338555 1.241062207e-05 -0.02532360701 0
0.1954699066 0.1973073237 -0.01953135306 -0.003265628958 0.04952523531 0.5067647821 -0.0004171676126 0.01245594627 0.2545913578 -0.9998193023 -0.002447149408 -0.01885137255 0.001218802971 0.9813867052 -0.1920381459 0.01897043243 -0.1920264211 -0.9812063882 1.312263429e-05 -0.02597669958 0
0.2003843085 0.202267921 -0.02002240011 -0.003431224604 0.0507537368 0.5066007285 -0.0004383863905 0.01276803658 0.2545705725 -0.99980052 -0.002634860672 -0.01979842584 0.001312028249 0.980454956 -0.1967393146 0.01992984542 -0.1967260451 -0.9802559178 1.385756984e-05 -0.02662979215 0
0.2060007679 0.2079371752 -0.02058359673 -0.00362542833 0.05215622509 0.5064083333 -0.0004632786748 0.0131246113 0.2545461887 -0.9997773111 -0.002860715865 -0.02090800081 0.001424155967 0.9793637253 -0.2021006316 0.02105469004 -0.2020854023 -0.9791415578 1.472599449e-05 -0.02737618365 0
0.2109151699 0.2128977725 -0.02107464378 -0.003799683635 0.05338204474 0.5062357008 -0.0004856212015 0.01343652455 0.2545243025 -0.9997554003 -0.003068483879 -0.02190259991 0.001527265107 0.9783859502 -0.206781527 0.02206370181 -0.2067643994 -0.978141951 1.551118379e-05 -0.02802927622 0
0.2158295719 0.2178583699 -0.02156569082 -0.003977972187 0.05460656623 0.5060590725 -0.0005084878696 0.01374835212 0.2545019029 -0.9997319196 -0.003285935987 -0.0229192395 0.001635140993 0.9773868802 -0.2114526254 0.02309578379 -0.2114334153 -0.9771194889 1.632036502e-05 -0.02868236879 0
0.2207439739 0.2228189672 -0.02205673787 -0.00416028878 0.05582975993 0.5058784538 -0.0005318784984 0.01406009205 0.25447899 -0.9997067968 -0.00351327661 -0.02395782286 0.001747880511 0.9763666357 -0.2161137146 0.02415088616 -0.2160922248 -0.9760742211 1.715388913e-05 -0.02933546136 0
0.2263604332 0.2284882213 -0.02261793449 -0.00437357606 0.05722603179 0.5056671527 -0.0005592519932 0.01441625643 0.2544521756 -0.99967598 -0.003785463176 -0.02517151837 0.001882804149 0.9751748721 -0.2214281463 0.0253848403 -0.2214037922 -0.9748517686 1.813675255e-05 -0.03008185287 0
0.2312748352 0.2334488187 -0.02310898154 -0.00456450609 0.0584462807 0.5054780007 -0.0005837647681 0.01472780198 0.2544281635 -0.9996470889 -0.004034675116 -0.02625678885 0.00200628749 0.9741096712 -0.2260670768 0.02648909916 -0.2260399739 -0.9737578025 1.902364481e-05 -0.03073494544 0
0.2361892372 0.238409416 -0.02360002858 -0.004759447036 0.05966510902 0.5052848751 -0.0006088009094 0.01503925375 0.2544036386 -0.9996163198 -0.004294408546 -0.02736368583 0.002134932616 0.973023691 -0.2306953376 0.02761621461 -0.2306652439 -0.9726411928 1.993601485e-05 -0.03138803801 0
0.2418056966 0.2440786701 -0.0241612252 -0.004987140705 0.0610562784 0.5050593019 -0.0006380542454 0.01539508128 0.2543749827 -0.9995787549 -0.004604384482 -0.02865505745 0.00228839514 0.9717572945 -0.2359714471 0.02893226437 -0.2359376194 -0.9713374099 2.101039654e-05 -0.03213442952 0
0.2467200986 0.2490392675 -0.02465227225 -0.005190657154 0.06227196353 0.5048576806 -0.0006642112154 0.0157063255 0.2543493598 -0.9995436962 -0.004887329615 -0.02980794044 0.002428412319 0.9706272306 -0.2405761461 0.0301081736 -0.2405387563 -0.9701724613 2.197861588e-05 -0.03278752209 0
0.2516345005 0.2539998648 -0.02514331929 -0.00539816624 0.0634861357 0.504652104 -0.0006908909168 0.01601746979 0.2543232249 -0.999506509 -0.005181414093 -0.03098211291 0.002573879346 0.9694768066 -0.2451695264 0.03130676472 -0.2451282817 -0.9689850422 2.297349286e-05 -0.03344061466 0
0.2572509599 0.2596691189 -0.02570451592 -0.00564020065 0.06487187089 0.5044123235 -0.000722021813 0.01637293838 0.2542927297 -0.9994612971 -0.005531398511 -0.03234995016 0.002746915349 0.9681372832 -0.2504049826 0.03270428261 -0.2503589512 -0.9676005506 2.414363008e-05 -0.03418700617 0
0.2621653619 0.2646297163 -0.02619556296 -0.005856244844 0.06608270249 0.5041982912 -0.0007498209385 0.01668386194 0.2542654981 -0.999419269 -0.005850001721 -0.0335693656 0.0029043604 0.9669436996 -0.254973423 0.03395128153 -0.2549228496 -0.9663651749 2.519692919e-05 -0.03484009874 0
0.2670797639 0.2695903136 -0.02668661001 -0.006076262252 0.06729192927 0.5039803227 -0.0007781421195 0.01699467942 0.2542377552 -0.9993748482 -0.00618034612 -0.03480971414 0.003067532681 0.965730199 -0.2595299077 0.03522077682 -0.259474442 -0.9651075126 2.627810645e-05 -0.03549319131 0
0.2726962233 0.2752595678 -0.02724780663 -0.006332567638 0.0686719003 0.5037264042 -0.0008111481482 0.01734976699 0.254205423 -0.9993210402 -0.006572500628 -0.03625273703 0.003261138393 0.9643191401 -0.2647224224 0.03669909649 -0.2646609117 -0.9636429723 2.754838256e-05 -0.03623958282 0
0.2776106252 0.2802201651 -0.02773885367 -0.006561077312 0.06987759018 0.5035000225 -0.0008405872616 0.01766035057 0.2541765849 -0.9992711978 -0.006928635545 -0.03753754452 0.003436871161 0.9630634543 -0.2692526156 0.03801659053 -0.2691853954 -0.9623377587 2.869063751e-05 -0.03689267539 0
0.2825250272 0.2851807625 -0.02822990072 -0.006793539638 0.0710815839 0.5032697249 -0.000870547714 0.01797082191 0.254147236 -0.9992186851 -0.007297096618 -0.03884290982 0.003618597284 0.9617883175 -0.2737702285 0.03935638469 -0.2736968846 -0.9610104528 2.986202778e-05 -0.03754576796 0
0.2874394292 0.2901413598 -0.02872094776 -0.007029947836 0.07228385249 0.5030355183 -0.0009010292688 0.01828117906 0.2541173766 -0.9991634111 -0.007678066297 -0.04016870964 0.003806398987 0.960493883 -0.2782750655 0.0407184143 -0.2781951618 -0.9596611187 3.106296045e-05 -0.03819886053 0
0.2930558886 0.2958106139 -0.02928214439 -0.007304951463 0.07365572427 0.5027630756 -0.0009365031074 0.01863573062 0.2540826269 -0.9990967409 -0.008129008497 -0.04170877068 0.004028572856 0.9589910986 -0.2834075569 0.04230216225 -0.2833195933 -0.9580921329 3.247215575e-05 -0.03894525203 0
0.2979702905 0.3007712113 -0.02977319143 -0.007549791738 0.07485419892 0.5025205154 -0.000968100495 0.01894583651 0.2540516744 -0.9990352369 -0.008537388191 -0.04307793499 0.004229664872 0.9576558376 -0.2878843633 0.04371161647 -0.2877888283 -0.9566958163 3.373777911e-05 -0.0395983446 0
0.3028846925 0.3057318086 -0.03026423848 -0.007798555833 0.07605085782 0.5022740679 -0.001000218215 0.01925582206 0.2540202122 -0.9989706768 -0.008958837919 -0.04446713433 0.004437082906 0.9563017744 -0.292347787 0.0451430959 -0.292244171 -0.9552776798 3.503424467e-05 -0.04025143717 0
0.3085011519 0.3114010627 -0.0308254351 -0.008087653024 0.07741620777 0.5019876629 -0.001037560997 0.01960994141 0.2539836315 -0.9988930282 -0.009456722931 -0.04607915546 0.004681977056 0.9547314589 -0.2974322117 0.04680595333 -0.2973187042 -0.9536303219 3.655422403e-05 -0.04099782868 0
0.3134155539 0.3163616601 -0.03131648214 -0.008344800737 0.07860887914 0.5017329099 -0.001070792856 0.01991966253 0.2539510777 -0.9988215935 -0.009906765782 -0.04751084407 0.00490320876 0.9533376546 -0.3018663196 0.04828439557 -0.301743554 -0.9521656604 3.791819677e-05 -0.04165092125 0
0.3183299559 0.3213222574 -0.03180752919 -0.008605849096 0.0797996447 0.5014742926 -0.001104544237 0.02022925718 0.2539180151 -0.9987467958 -0.01037042129 -0.04896215044 0.005131004395 0.9519255653 -0.3062864523 0.04978464228 -0.3061538378 -0.9506793976 3.931433991e-05 -0.04230401382 0
0.3239464152 0.3269915116 -0.03236872581 -0.008908956615 0.08115814939 0.5011740077 -0.001143753051 0.02058292227 0.2538796063 -0.9986570662 -0.01091719804 -0.05064463296 0.0053994733 0.9502895762 -0.3113206819 0.05152581634 -0.3111760532 -0.9489544532 4.094987365e-05 -0.04305040533 0
0.3288608172 0.3319521089 -0.03285977286 -0.00917833774 0.0823447351 0.5009071352 -0.001178616791 0.02089223935 0.2538454539 -0.9985747232 -0.01141058865 -0.05213751582 0.005641578567 0.9488388767 -0.3157102447 0.05307254168 -0.3155544081 -0.947422145 4.241639798e-05 -0.0437034979 0
0.3337752192 0.3369127062 -0.0333508199 -0.009451595223 0.08352932556 0.5006364224 -0.001213999201 0.02120142382 0.2538107933 -0.9984886984 -0.01191811496 -0.05364958189 0.005890472638 0.9473704304 -0.3200852542 0.05464084034 -0.3199175303 -0.9458684646 4.391644627e-05 -0.04435659047 0
0.3393916786 0.3425819604 -0.03391201652 -0.009768625834 0.08488066373 0.5003223441 -0.00125507099 0.02155461264 0.2537705594 -0.9983857427 -0.01251566202 -0.05540096509 0.006183323935 0.9456707003 -0.3250672131 0.05645950083 -0.3248850331 -0.9440667561 4.56723957e-05 -0.04510298198 0
0.3443060806 0.3475425577 -0.03440306357 -0.01005016285 0.08606088336 0.5000434289 -0.001291563892 0.02186350641 0.2537348109 -0.9982914771 -0.01305402261 -0.05695365844 0.006446995116 0.9441648184 -0.3294104308 0.05807377179 -0.3292148055 -0.942467532 4.72457504e-05 -0.04575607455 0
0.3492204825 0.3525031551 -0.03489411061 -0.01033555083 0.08723901894 0.4997606986 -0.001328574573 0.02217226145 0.2536985551 -0.9981931995 -0.01360702159 -0.05852508373 0.006717666436 0.9426417478 -0.3337385326 0.05970937464 -0.3335286857 -0.9408471748 4.885400512e-05 -0.04640916712 0
0.3548369419 0.3581724092 -0.03545530724 -0.01066641333 0.08858287165 0.4994329172 -0.001371506135 0.02252495201 0.2536564992 -0.9980758318 -0.01425714446 -0.06034374679 0.007035659136 0.9408802816 -0.3386662003 0.06160465441 -0.3384391076 -0.9389695613 5.073531249e-05 -0.04715555863 0
0.3597513439 0.3631330065 -0.03594635428 -0.01096002525 0.08975644682 0.4991420396 -0.001409625354 0.02283340325 0.2536191574 -0.9979685942 -0.01484203251 -0.06195481489 0.007321545518 0.9393209924 -0.3429613216 0.06328570129 -0.342718233 -0.9373041837 5.24198443e-05 -0.04780865119 0
0.3646657459 0.3680936039 -0.03643740133 -0.01125746165 0.0909278498 0.498847373 -0.00144826142 0.02314170965 0.2535813093 -0.9978570036 -0.01544204058 -0.0635841475 0.007614629356 0.9377450921 -0.3472407804 0.06498782848 -0.3469808144 -0.9356179223 5.414067215e-05 -0.04846174376 0
0.3695801478 0.3730542012 -0.03692844837 -0.01155871387 0.09209705271 0.4985489262 -0.001487414029 0.02344986928 0.2535429551 -0.9977409493 -0.01605731738 -0.06523159259 0.007914970419 0.9361527684 -0.3515044061 0.0667109538 -0.351226646 -0.9339108586 5.589824406e-05 -0.04911483633 0
0.3751966072 0.3787234553 -0.03748964499 -0.0119076633 0.09343055492 0.4982032264 -0.001532791971 0.0238018695 0.2534985024 -0.9976027068 -0.01677937506 -0.06713636845 0.008267178452 0.9343131026 -0.3563575172 0.06870584514 -0.3560582521 -0.931934562 5.795246735e-05 -0.04986122784 0
0.3801110092 0.3836840527 -0.03798069204 -0.01221706261 0.09459494975 0.4978967083 -0.00157305041 0.02410970808 0.2534590648 -0.9974767101 -0.01742786093 -0.06882210685 0.008583265075 0.9326862262 -0.3605866485 0.07047368507 -0.3602675023 -0.9301832005 5.979029296e-05 -0.05051432041 0
0.3850254112 0.38864465 -0.03847173908 -0.01253024982 0.09575705729 0.4975864377 -0.001613824407 0.02441739378 0.2534191221 -0.9973458954 -0.0180920683 -0.07052546986 0.00890678707 0.931043528 -0.3647994217 0.07226225833 -0.3644593612 -0.928411299 6.166628148e-05 -0.05116741298 0
0.3906418706 0.3943139042 -0.03903293571 -0.0128928046 0.09708234401 0.4972272592 -0.001661054142 0.02476884491 0.2533728551 -0.997190346 -0.01887059189 -0.0724935484 0.009285699652 0.9291470356 -0.3695937797 0.07433161898 -0.3692285024 -0.9263612273 6.385758177e-05 -0.05191380449 0
0.3955562725 0.3992745015 -0.03952398275 -0.01321407791 0.09823945736 0.4969089777 -0.001702931815 0.02507619651 0.2533318311 -0.9970488193 -0.01956895442 -0.0742341433 0.009625332932 0.9274710932 -0.3737709516 0.07616432876 -0.3733824143 -0.9245456007 6.581688085e-05 -0.05256689706 0
0.4004706745 0.4042350989 -0.0400150298 -0.01353911012 0.09939419694 0.4965869723 -0.001745324021 0.02538338916 0.253290303 -0.9969021106 -0.02028346857 -0.07599186016 0.009972564689 0.9257799482 -0.3779312575 0.07801749715 -0.377518302 -0.9227097061 6.781577665e-05 -0.05321998963 0
0.4060871339 0.409904353 -0.04057622642 -0.01391516611 0.1007109575 0.4962144184 -0.001794401866 0.02573426935 0.2532422254 -0.9967279473 -0.02112000288 -0.07802143599 0.01037876761 0.9238288531 -0.382665038 0.08016034044 -0.3822227042 -0.9205868369 7.014930368e-05 -0.05396638114 0
0.4110015359 0.4148649503 -0.04106727346 -0.01424822114 0.1018605184 0.4958844649 -0.001837895508 0.02604111486 0.2531996181 -0.9965697372 -0.02186956907 -0.07981529226 0.0107424437 0.9221058087 -0.3867886729 0.08205704621 -0.3863192973 -0.9187078108 7.223459696e-05 -0.05461947371 0
0.4159159378 0.4198255477 -0.04155832051 -0.01458500501 0.1030076198 0.4955508173 -0.001881902618 0.02634779535 0.2531565078 -0.9964059723 -0.02263569371 -0.08162575364 0.01111386592 0.9203681975 -0.3908949513 0.08397392614 -0.3903972417 -0.9168087987 7.43609339e-05 -0.05527256628 0
0.4215323972 0.4254948018 -0.04211951713 -0.01497445423 0.1043155464 0.4951649948 -0.001932824747 0.02669808279 0.2531066232 -0.9962118564 -0.02353169993 -0.08371497046 0.01154788947 0.9183647832 -0.395566393 0.08618923036 -0.3950346619 -0.914614144 7.684188462e-05 -0.05601895779 0
0.4264467992 0.4304553991 -0.04261056418 -0.01531919538 0.1054572862 0.4948234641 -0.001977930968 0.02700440315 0.253062436 -0.9960357822 -0.02433372294 -0.08556044909 0.01193605555 0.9165966519 -0.3996349688 0.08814902778 -0.399071983 -0.9126726145 7.905773233e-05 -0.05667205036 0
0.4313612012 0.4354159965 -0.04310161122 -0.01566763424 0.1065964816 0.49447827 -0.002023549551 0.02731055243 0.2530177468 -0.9958537723 -0.02515268735 -0.08742200245 0.01233209958 0.9148146054 -0.4036857158 0.09012870527 -0.4030900398 -0.9107113903 8.131608216e-05 -0.05732514293 0
0.4362756032 0.4403765938 -0.04359265827 -0.01601976071 0.1077331057 0.4941294227 -0.002069680136 0.02761652869 0.2529725559 -0.9956657037 -0.0259887099 -0.08929945907 0.01273606013 0.9130188539 -0.4077184876 0.09212816727 -0.4070886382 -0.9087305659 8.361740033e-05 -0.0579782355 0
0.4418920626 0.4460458479 -0.04415385489 -0.01642669326 0.1090289218 0.4937262797 -0.002123027278 0.02796600154 0.2529202954 -0.9954431908 -0.02696519822 -0.09146437546 0.01320747029 0.910950057 -0.4123051739 0.09443736877 -0.4116343909 -0.9064428893 8.63006919e-05 -0.058724627 0
0.4468064645 0.4510064453 -0.04464490194 -0.01678668716 0.110159946 0.4933696382 -0.002170253778 0.02827160059 0.2528740307 -0.9952417221 -0.02783815545 -0.09337532707 0.01362851697 0.9091256534 -0.416298943 0.09647889992 -0.4155906442 -0.9044203881 8.869565952e-05 -0.05937771957 0
0.4517208665 0.4559670426 -0.04513594898 -0.01715033617 0.111288315 0.4930093757 -0.002217991122 0.0285770206 0.2528272656 -0.9950338037 -0.02872852144 -0.09530163472 0.01405759057 0.9072882156 -0.420274289 0.09853990903 -0.4195268357 -0.9023785904 9.113506692e-05 -0.06003081214 0
0.4573373259 0.4616362968 -0.0456971456 -0.01757039713 0.1125745943 0.4925932265 -0.002273173126 0.02892585033 0.2527732072 -0.9947881235 -0.02976753568 -0.0975217058 0.0145578298 0.9051726042 -0.4247948048 0.1009190709 -0.4240005312 -0.9000216057 9.39779801e-05 -0.06077720365 0
0.4622517279 0.4665968941 -0.04618819265 -0.01794184284 0.1136971845 0.4922252399 -0.002322003861 0.02923088021 0.2527253708 -0.9945659596 -0.03069556086 -0.09948032281 0.01500420836 0.9033079664 -0.4287302085 0.1030214823 -0.4278930947 -0.8979387917 9.65141993e-05 -0.06143029622 0
0.4671661298 0.4715574915 -0.04667923969 -0.01831691014 0.1148170366 0.4918536654 -0.002371344243 0.02953572501 0.2526770349 -0.994336948 -0.03164132027 -0.1014537366 0.01545870761 0.9014309788 -0.43264676 0.1051430558 -0.4317650025 -0.8958369943 9.909633812e-05 -0.06208338879 0
0.4727825892 0.4772267456 -0.04724043632 -0.01874997912 0.116093481 0.4914246294 -0.002428356807 0.02988388999 0.252621183 -0.9940666716 -0.03274402944 -0.1037269539 0.01598811268 0.8992710107 -0.4370995648 0.1075910437 -0.4361645077 -0.8934118253 0.0001021041881 -0.0628297803 0
0.4776969912 0.4821873429 -0.04773148336 -0.01913277019 0.1172073774 0.491045403 -0.002478787971 0.03018833176 0.2525717784 -0.9938225551 -0.03372811817 -0.1057314665 0.01646009975 0.8973683032 -0.4409752754 0.1097533329 -0.4399915255 -0.8912696918 0.0001047863178 -0.06348287287 0
0.4826113932 0.4871479403 -0.04822253041 -0.01951914832 0.1183184534 0.490662623 -0.002529727544 0.03049258246 0.2525218756 -0.993571187 -0.03473024099 -0.1077502054 0.01694028435 0.8954539428 -0.4448317244 0.1119344592 -0.4437973035 -0.8891088967 0.0001075158542 -0.06413596544 0
0.4882278526 0.4928171944 -0.04878372703 -0.01996510125 0.1195847679 0.490220823 -0.002588566225 0.03084006111 0.2524642343 -0.9932748631 -0.03589772209 -0.1100745197 0.01749913121 0.8932521214 -0.449215347 0.1144501059 -0.4481205208 -0.8866166997 0.0001106939822 -0.06488235695 0
0.4931422545 0.4977777917 -0.04927477407 -0.02035912807 0.1206897132 0.4898304656 -0.002640593887 0.03114389592 0.2524132654 -0.9930075182 -0.03693878896 -0.1121231232 0.0179969499 0.8913135473 -0.4530300985 0.1166712419 -0.451880168 -0.884416268 0.000113526703 -0.06553544952 0
0.4980566565 0.5027383891 -0.04976582112 -0.02075670638 0.1217917569 0.4894365897 -0.002693128681 0.03144753366 0.2523617995 -0.992732512 -0.03799816373 -0.114185372 0.01850302573 0.889364029 -0.4568251985 0.1189108812 -0.4556180017 -0.8821975056 0.000116408324 -0.06618854209 0
0.5036731159 0.5084076432 -0.05032701774 -0.0212154156 0.1230476496 0.4889821522 -0.002753788891 0.03179430447 0.2523023734 -0.9924086697 -0.03923140013 -0.116558696 0.01909152848 0.8871228992 -0.4611382388 0.1214929871 -0.4598628697 -0.8796394688 0.0001197620937 -0.0669349336 0
0.5085875179 0.5133682405 -0.05081806479 -0.02162056537 0.1241433895 0.4885807753 -0.002807408995 0.0320975135 0.2522498441 -0.9921168037 -0.04033027739 -0.1186495534 0.01961534751 0.8851506973 -0.4648908273 0.1237719109 -0.4635533539 -0.8773817882 0.0001227501051 -0.06758802617 0
0.5135019198 0.5183288379 -0.05130911183 -0.0220292301 0.1252361475 0.4881759163 -0.002861534914 0.03240051949 0.2521968191 -0.9918168622 -0.04144770987 -0.1207534648 0.02014746584 0.8831682704 -0.4686233945 0.1260689952 -0.467221461 -0.8751061164 0.0001257885153 -0.06824111874 0
0.5184163218 0.5232894352 -0.05180015888 -0.02244139797 0.1263258983 0.4877675867 -0.002916166222 0.03270332053 0.2521432989 -0.9915087123 -0.04258377065 -0.1228702404 0.02068789318 0.8811758495 -0.4723358269 0.128384129 -0.4708670139 -0.8728125633 0.0001288778022 -0.06889421131 0
0.5240327812 0.5289586894 -0.0523613555 -0.02291672119 0.1275676131 0.4872966899 -0.002979220292 0.03304912549 0.2520815271 -0.9911463191 -0.04390502612 -0.1253049195 0.02131570879 0.8788868569 -0.4765538094 0.1310519543 -0.4750055172 -0.8701696064 0.0001324713273 -0.06964060281 0
0.5289471832 0.5339192867 -0.05285240254 -0.02333635547 0.1286508349 0.4868809635 -0.003034933118 0.03335148099 0.2520269471 -0.990820131 -0.04508123807 -0.1274486169 0.02187396548 0.8768738023 -0.4802227238 0.1334053883 -0.4786021488 -0.8678381102 0.0001356712467 -0.07029369538 0
0.5338615852 0.5388798841 -0.05334344959 -0.02375945504 0.1297309704 0.486461804 -0.003091149965 0.03365362559 0.2519718733 -0.9904853149 -0.04627629017 -0.1296045756 0.02244054997 0.8748514854 -0.4838711607 0.1357765177 -0.4821756769 -0.8654890836 0.0001389235474 -0.07094678795 0
0.5394780446 0.5445491382 -0.05390464621 -0.02424722493 0.1309616 0.4859785765 -0.003156014387 0.03399867305 0.2519083275 -0.9900919306 -0.04766521262 -0.1320832935 0.02309827516 0.8725292258 -0.4880155939 0.1385079009 -0.4862311977 -0.8627831615 0.000142705218 -0.07169317946 0
0.5443924465 0.5495097355 -0.05439569326 -0.02467770881 0.1320350382 0.4855521014 -0.003213309778 0.03430035937 0.2518521967 -0.9897381733 -0.04890084071 -0.134264873 0.02368271006 0.8704878525 -0.4916198001 0.1409165625 -0.4897546389 -0.8603969526 0.0001460713795 -0.07234627203 0
0.5493068485 0.5544703329 -0.0548867403 -0.0251116192 0.1331053121 0.4851222318 -0.003271107781 0.03460182887 0.2517955734 -0.9893753649 -0.05015549352 -0.1364581024 0.02427547358 0.8684379573 -0.4952032065 0.1433425569 -0.4932544382 -0.8579935725 0.0001494914305 -0.0729993646 0
0.5549233079 0.560139587 -0.05544793692 -0.02561169641 0.134324576 0.4846268116 -0.0033377775 0.03494609752 0.2517302585 -0.9889494706 -0.05161274585 -0.1389786641 0.0249631113 0.8660850888 -0.4992729334 0.1461361956 -0.497225043 -0.8552259754 0.0001534666639 -0.07374575611 0
0.5598377099 0.5651001843 -0.05593898397 -0.02605290694 0.1353879863 0.4841897098 -0.003396650989 0.03524709604 0.2516725813 -0.9885668119 -0.05290834068 -0.1411961965 0.02557370763 0.8640177312 -0.5028114414 0.1485989364 -0.5006736138 -0.8527861916 0.000157003811 -0.07439884868 0
0.5647521118 0.5700607817 -0.05643003101 -0.02649750424 0.1364481552 0.4837492528 -0.003456025644 0.03554787182 0.2516144129 -0.9881746767 -0.05422311724 -0.1434247603 0.02619261528 0.8619425991 -0.5063288484 0.1510786392 -0.5040980157 -0.850329604 0.000160596359 -0.07505194125 0
0.5703685712 0.5757300358 -0.05699122764 -0.02700974601 0.1376557766 0.4832417813 -0.003524495464 0.03589134042 0.251547334 -0.9877147442 -0.05574926333 -0.1459849437 0.0269101034 0.8595618065 -0.5103227873 0.1539332014 -0.5079818112 -0.8475016513 0.0001647705834 -0.07579833276 0
0.5752829732 0.5806906331 -0.05748227468 -0.02746155727 0.138708918 0.4827941775 -0.003584942463 0.03619163258 0.2514881148 -0.9873018448 -0.05710528857 -0.1482364776 0.02754678726 0.8574708207 -0.5137946732 0.1564488471 -0.5113538674 -0.8450094559 0.0001684834687 -0.07645142533 0
0.5801973752 0.5856512305 -0.05797332173 -0.02791671461 0.1397587419 0.4823432588 -0.003645889143 0.03649169611 0.2514284058 -0.9868790417 -0.05848062471 -0.1504984173 0.0281917469 0.8553728141 -0.5172451782 0.1589810759 -0.514701239 -0.8425008321 0.0001722532686 -0.0771045179 0
0.5851117771 0.5906118278 -0.05846436877 -0.02837520489 0.1408052243 0.4818890382 -0.003707335022 0.03679152913 0.2513682077 -0.9864461986 -0.059875307 -0.1527705629 0.02884496715 0.8532680276 -0.5206742177 0.1615297655 -0.5180237646 -0.8399759009 0.0001760804651 -0.07775761047 0
0.5907282365 0.596281082 -0.05902556539 -0.02890325794 0.1419970822 0.4813659026 -0.003778169526 0.03713391078 0.2512988114 -0.9859390521 -0.06149296018 -0.1553795397 0.0296015977 0.8508545652 -0.5245667301 0.1644625518 -0.5217903072 -0.8370704536 0.0001805253042 -0.07850400198 0
0.5956426385 0.6012416793 -0.05951661244 -0.02936884555 0.1430363242 0.4809046507 -0.00384068348 0.03743324356 0.2512375665 -0.9854842358 -0.06292920389 -0.1576728777 0.03027245956 0.8487360641 -0.5279494973 0.1670460992 -0.5250590527 -0.8345109897 0.0001844771176 -0.07915709454 0
0.6005570405 0.6062022767 -0.06000765948 -0.02983772419 0.1440721503 0.4804401385 -0.003903695097 0.03773233997 0.2511758339 -0.9850189509 -0.06438488594 -0.1599757883 0.03095152224 0.8466115435 -0.5313105473 0.169645718 -0.528302452 -0.8319356042 0.0001884878439 -0.07981018711 0
0.6061734999 0.6118715308 -0.06056885611 -0.03037759798 0.1452517383 0.4799052923 -0.003976317118 0.03807387261 0.2511046858 -0.9844742031 -0.06607235451 -0.162619148 0.03173760624 0.8441764607 -0.5351250578 0.1726362294 -0.5319779573 -0.8289729701 0.0001931442885 -0.08055657862 0
0.6110879018 0.6168321281 -0.06105990315 -0.03085348319 0.1462801652 0.4794338387 -0.004040393475 0.03837245623 0.2510419097 -0.9839860263 -0.06756976531 -0.1649418891 0.03243416262 0.8420398594 -0.5384393191 0.1752698635 -0.535166518 -0.8263638865 0.0001972828822 -0.08120967119 0
0.6160023038 0.6217927255 -0.0615509502 -0.03133261663 0.1473051024 0.4789591672 -0.00410496592 0.03867079763 0.2509786474 -0.9834869523 -0.06908667839 -0.1672735649 0.03313884155 0.8398980028 -0.5417316329 0.1779191722 -0.5383292447 -0.8237392745 0.0002014819064 -0.08186276376 0
0.6216187632 0.6274619796 -0.06211214682 -0.03188415741 0.1484721565 0.4784127626 -0.004179369799 0.03901146025 0.2509057529 -0.9829030636 -0.07084419203 -0.1699490162 0.03395409788 0.8374440446 -0.5454673148 0.1809659827 -0.5419119603 -0.8207208663 0.0002063554072 -0.08260915527 0
0.6265331652 0.6324225769 -0.06260319387 -0.03237020474 0.1494895381 0.4779312416 -0.004245003566 0.03930927636 0.2508414505 -0.9823801794 -0.07240294053 -0.1722991508 0.03467608295 0.8352917481 -0.5487123698 0.1836484479 -0.5450188159 -0.818063407 0.0002106855518 -0.08326224784 0
0.6314475672 0.6373831743 -0.06309424091 -0.03285945661 0.1505033576 0.4774465459 -0.004311131806 0.03960684441 0.2507766633 -0.9818459699 -0.07398122689 -0.174657578 0.03540609378 0.8331349635 -0.5519352689 0.1863461832 -0.548099362 -0.8153908201 0.0002150776453 -0.08391534041 0
0.6370640266 0.6430524284 -0.06365543753 -0.03342250744 0.1516576175 0.4768887384 -0.004387311745 0.03994661609 0.2507020282 -0.9812214025 -0.07580891341 -0.1773628145 0.03625017477 0.8306648848 -0.5555913732 0.1894478401 -0.5515875795 -0.8123180769 0.0002201736565 -0.08466173192 0
0.6419784285 0.6480130258 -0.06414648458 -0.03391857861 0.1526637274 0.4763972869 -0.004454497808 0.0402436464 0.2506362043 -0.9806624667 -0.077429081 -0.1797383206 0.03699726446 0.8284993061 -0.5587665901 0.1921778574 -0.5546112487 -0.809613509 0.0002247001251 -0.08531482449 0
0.6468928305 0.6529736231 -0.06463753162 -0.03441780976 0.1536662039 0.4759027048 -0.004522176691 0.04054042285 0.2505698973 -0.9800917787 -0.0790687936 -0.1821214738 0.03775226458 0.826330008 -0.5619194643 0.194922733 -0.5576081454 -0.8068942213 0.0002292900616 -0.08596791706 0
0.6525092899 0.6586428772 -0.06519872825 -0.03499221055 0.1548074135 0.4753336531 -0.004600126755 0.04087928275 0.2504935272 -0.9794249998 -0.08096667865 -0.184854177 0.03862475594 0.8238465698 -0.5654953206 0.1980777575 -0.5610002017 -0.8037686083 0.0002346140392 -0.08671430857 0
0.6574236919 0.6636034746 -0.06568977529 -0.03549816457 0.1558020288 0.4748324108 -0.004668859878 0.04117550904 0.250426187 -0.978828673 -0.08264825727 -0.1872530228 0.03939656789 0.821670126 -0.5686001359 0.2008540252 -0.5639392429 -0.8010182213 0.000239341606 -0.08736740114 0
0.6623380938 0.6685640719 -0.06618082234 -0.03600723312 0.1567929405 0.4743280829 -0.004738084131 0.04147147569 0.2503583654 -0.9782201692 -0.08434935957 -0.1896588677 0.0401761564 0.8194907321 -0.5716824437 0.2036447323 -0.5668510612 -0.7982535296 0.0002441341601 -0.08802049371 0
0.6672524958 0.6735246693 -0.06667186938 -0.03651940158 0.1577801266 0.473820684 -0.004807798968 0.04176718089 0.2502900629 -0.9775993539 -0.08606997279 -0.1920715048 0.04096347497 0.8173086331 -0.5747421962 0.2064497442 -0.5697355159 -0.7954746665 0.0002489921846 -0.08867358628 0
0.6728689552 0.6791939234 -0.067233066 -0.03710851386 0.1589037492 0.4732370578 -0.004888073075 0.04210480716 0.2502114148 -0.9768746032 -0.08806025862 -0.1948368561 0.04187267091 0.814811807 -0.5782113788 0.2096728144 -0.5729983508 -0.7922816424 0.0002546250006 -0.08941997778 0
0.6777833572 0.6841545207 -0.06772411305 -0.03762727529 0.159882878 0.4727231273 -0.004958837305 0.0423999459 0.2501420837 -0.9762269543 -0.08982262458 -0.1972633516 0.0426763887 0.812624735 -0.5812226475 0.2125080224 -0.5758237024 -0.7894728647 0.0002596249466 -0.09007307035 0
0.6826977591 0.6891151181 -0.06821516009 -0.03814909008 0.1608582127 0.4722061719 -0.005030090377 0.04269481742 0.2500722734 -0.9755665729 -0.09160444258 -0.1996959889 0.04348767831 0.8104357264 -0.5842112248 0.2153571074 -0.5786212573 -0.7866503396 0.0002646918821 -0.09072616292 0
0.6883142185 0.6947843722 -0.06877635672 -0.03874916942 0.1619682071 0.4716116808 -0.00511212032 0.0430314839 0.2499919042 -0.9747960897 -0.09366459305 -0.2024834008 0.04442406841 0.8079319444 -0.5875989069 0.2186300202 -0.5817842532 -0.7834079378 0.0002705653132 -0.09147255443 0
0.6932286205 0.6997449695 -0.06926740376 -0.03927747656 0.1629353388 0.4710882935 -0.005184419014 0.04332577667 0.249921069 -0.9741079764 -0.09548800718 -0.2049285016 0.04525139838 0.8057396083 -0.5905387325 0.2215083774 -0.5845217909 -0.7805564135 0.0002757774246 -0.092125647 0
0.6981430225 0.7047055669 -0.06975845081 -0.03980878969 0.1638986088 0.4705619282 -0.005257204771 0.0436197965 0.2498497564 -0.9734067135 -0.09733078608 -0.2073790932 0.04608612349 0.8035461026 -0.5934557526 0.224400177 -0.5872311122 -0.7776915722 0.0002810580437 -0.09277873957 0
0.7037594819 0.710374821 -0.07031964743 -0.04041966595 0.1649947331 0.4699567407 -0.00534098416 0.04395548261 0.2497676723 -0.9725889993 -0.09946048768 -0.2101862266 0.0470490732 0.8010381189 -0.5967615243 0.2277213718 -0.5902927608 -0.7744013387 0.0002871775437 -0.09352513108 0
0.7086738838 0.7153354184 -0.07081069447 -0.04095736907 0.165949657 0.4694240449 -0.005414811685 0.04424891144 0.2496953384 -0.971859115 -0.1013446453 -0.212647886 0.04789944044 0.798842926 -0.5996295716 0.2306415057 -0.5929411796 -0.7715084273 0.0002926065915 -0.09417822365 0
0.7135882858 0.7202960157 -0.07130174152 -0.04149803001 0.166900653 0.4688884189 -0.005489124457 0.04454206162 0.2496225288 -0.9711156683 -0.1032480521 -0.2151143848 0.04875700785 0.7966473275 -0.6024747213 0.2335746411 -0.5955609754 -0.7686026357 0.0002981056647 -0.09483131622 0
