0.00537556258 0.00483435094 -0.00143796299 -2.208919488e-06 0.001370762487 0.5099975438 -2.77089077e-07 0.0003412547739 0.2549996956 -0.9999999999 -4.534568841e-08 -1.286406033e-05 2.346017033e-08 0.9999856959 -0.005348638637 1.286411886e-05 -0.005348638637 -0.9999856958 2.739595296e-08 -0.001912490777 0
0.01120964602 0.01008105886 -0.00299858031 -9.605324455e-06 0.002858405595 0.5099893193 -1.211054103e-06 0.0007128324769 0.2549986697 -0.9999999984 -4.151829699e-07 -5.593720823e-05 2.087205787e-07 0.9999378014 -0.01115317951 5.593835962e-05 -0.0111531795 -0.9999377998 7.073093199e-08 -0.003988111813 0
0.01631446903 0.01467192829 -0.004364120466 -2.034551142e-05 0.004160022703 0.5099773768 -2.574121567e-06 0.001038666196 0.2549971723 -0.999999993 -1.281242768e-06 -0.0001184796314 6.420408722e-07 0.9998682588 -0.01623160724 0.0001184848194 -0.0162316072 -0.9998682518 7.9334761e-08 -0.005804280219 0
0.02141929204 0.01926279772 -0.005729660621 -3.506916151e-05 0.00546154177 0.5099610048 -4.447179351e-06 0.00136471601 0.2549951145 -0.9999999791 -2.900392348e-06 -0.000204212226 1.451881282e-06 0.9997729316 -0.02130927759 0.0002042276611 -0.02130927745 -0.9997729107 5.644600535e-08 -0.007620448626 0
0.02725337548 0.02450950564 -0.007290277941 -5.677336082e-05 0.006948832737 0.5099368708 -7.211470272e-06 0.001737379889 0.2549920775 -0.9999999453 -5.975065375e-06 -0.0003305775518 2.989451529e-06 0.9996324266 -0.02711109819 0.0003306180308 -0.0271110977 -0.999632372 1.17278956e-08 -0.009696069662 0
0.03235819849 0.02910037507 -0.008655818096 -8.003145668e-05 0.00825003844 0.5099110089 -1.017530273e-05 0.002063428354 0.2549888213 -0.9999998914 -1.000074367e-05 -0.0004659720829 5.002378101e-06 0.9994818853 -0.03218634815 0.0004660525434 -0.03218634699 -0.9994817767 8.009700853e-08 -0.01151223807 0
0.0374630215 0.0336912445 -0.01002135825 -0.0001072713277 0.009551049719 0.5098807195 -1.364750647e-05 0.002389432314 0.2549850065 -0.9999998049 -1.551909647e-05 -0.0006245226429 7.761455554e-06 0.9993056015 -0.03726009671 0.0006246672183 -0.03726009428 -0.9993054064 1.747453961e-07 -0.01332840647 0
0.04256784451 0.03828211393 -0.01138689841 -0.0001384922036 0.01085183592 0.5098460034 -1.762786358e-05 0.002715391157 0.2549806334 -0.9999996748 -2.276507558e-05 -0.0008062136547 1.138405789e-05 0.9991035945 -0.04233210741 0.000806454654 -0.04233210282 -0.9991032693 2.877432746e-07 -0.01514457488 0
0.04840192795 0.04352882185 -0.01294751573 -0.0001790467666 0.0123381338 0.5098009087 -2.279888752e-05 0.003087863384 0.2549749522 -0.9999994564 -3.346274001e-05 -0.001042172771 1.673192146e-05 0.9988412601 -0.04812626002 0.0010425756 -0.04812625129 -0.9988407165 4.380305934e-07 -0.01722019592 0
0.05350675096 0.04811969128 -0.01431305588 -0.0002187952497 0.01363833449 0.5097567103 -2.786770659e-05 0.003413733769 0.2549693833 -0.9999991882 -4.520081248e-05 -0.001273387448 2.259945608e-05 0.9985842099 -0.05319375143 0.001273988999 -0.05319373702 -0.9985833983 5.874675e-07 -0.01903636432 0
0.05861157397 0.0527105607 -0.01567859604 -0.0002625215838 0.0149382138 0.5097080888 -3.344433531e-05 0.003739566155 0.2549632564 -0.9999988313 -5.940326465e-05 -0.001527678836 2.969834505e-05 0.9983015154 -0.05825876316 0.001528544857 -0.05825874045 -0.9983003469 7.533666803e-07 -0.02085253273 0
0.06371639698 0.05730143013 -0.01704413619 -0.0003102245325 0.01623774112 0.5096550454 -3.95287036e-05 0.004065361666 0.2549565718 -0.999998368 -7.630387534e-05 -0.001805021959 3.814521614e-05 0.9979932074 -0.06332105968 0.001806231296 -0.0633210252 -0.9979915758 9.356014962e-07 -0.02266870114 0
0.06955048042 0.06254813805 -0.01860475351 -0.0003696097765 0.01772244492 0.5095890119 -4.71039061e-05 0.004437654845 0.2549482491 -0.9999976834 -9.922213231e-05 -0.002150177098 4.959867462e-05 0.9976095352 -0.0691029149 0.002151893714 -0.06910286146 -0.9976072192 1.163819634e-06 -0.02474432217 0
0.07465530343 0.06713900748 -0.01997029367 -0.0004258293557 0.0190211149 0.5095264985 -5.427607148e-05 0.004763372339 0.2549403693 -0.9999969251 -0.0001226899889 -0.002476822179 6.132570019e-05 0.997246458 -0.07415860132 0.002479100663 -0.07415852518 -0.9972433841 1.380983813e-06 -0.02656049058 0
0.07976012644 0.07172987691 -0.02133583382 -0.0004860209316 0.02031933673 0.5094595684 -6.195577636e-05 0.005089052913 0.2549319319 -0.9999959945 -0.0001495882182 -0.002826425789 7.476564968e-05 0.9968578826 -0.07921083422 0.002829393835 -0.07921072826 -0.9968538785 1.614514167e-06 -0.02837665899 0
0.08559420988 0.07697658483 -0.02289645114 -0.0005596727851 0.02180243084 0.5093776711 -7.135397589e-05 0.005461213069 0.2549216064 -0.9999946885 -0.0001848271767 -0.003254041123 9.237124605e-05 0.9963826286 -0.08498028548 0.003257976714 -0.08498013468 -0.9963773192 1.901555579e-06 -0.03045228002 0
0.09069903289 0.08156745426 -0.0242619913 -0.0006283699077 0.02309958941 0.5093012833 -8.012104503e-05 0.005786811616 0.2549119743 -0.9999933046 -0.0002198570078 -0.003652723118 0.0001098703947 0.9959395604 -0.09002432985 0.003657683936 -0.09002412843 -0.995932868 2.17046852e-06 -0.03226844843 0
0.0958038559 0.08615832369 -0.02562753145 -0.0007010333003 0.02439620381 0.5092204851 -8.939544264e-05 0.006112370075 0.2549017848 -0.9999916667 -0.0002590448489 -0.004074248208 0.0001294444978 0.9954711366 -0.09506418596 0.004080422382 -0.09506392115 -0.9954628075 2.456081513e-06 -0.03408461683 0
0.1009086789 0.09074919312 -0.02699307161 -0.0007776609086 0.02569224352 0.509135279 -9.917709583e-05 0.006437887091 0.2548910381 -0.9999897454 -0.0003026211036 -0.004518575023 0.0001512080361 0.9949774083 -0.1000996209 0.004526172324 -0.1000992777 -0.9949671594 2.758535635e-06 -0.03590078524 0
0.1067427624 0.09599590104 -0.02855368893 -0.0008700866754 0.02717268892 0.509032506 -0.0001109771595 0.006809853901 0.2548780737 -0.9999871631 -0.0003580908776 -0.005054241545 0.0001789079464 0.9943822316 -0.1058486919 0.005063751437 -0.1058482373 -0.9943694027 3.12501725e-06 -0.03797640628 0
0.1118475854 0.1005867705 -0.02991922908 -0.000955201593 0.02846739446 0.5089378624 -0.0001218455281 0.007135277051 0.254866133 -0.9999845289 -0.0004118439261 -0.005547279525 0.0002057468484 0.9938344643 -0.1108738707 0.005558740305 -0.1108732967 -0.9938190039 3.464092473e-06 -0.03979257468 0
0.1169524084 0.1051776399 -0.03128476924 -0.001044273541 0.02976142951 0.5088388187 -0.0001332209013 0.00746065387 0.2548536352 -0.9999815092 -0.0004707055096 -0.006062974709 0.0002351324357 0.9932615712 -0.1158938995 0.006076671683 -0.1158931822 -0.9932430943 3.820529995e-06 -0.04160874309 0
0.1220572314 0.1097685093 -0.0326503094 -0.001137300001 0.03105476364 0.5087353778 -0.0001451031919 0.007785982666 0.2548405805 -0.9999780683 -0.0005349033735 -0.006601276518 0.0002671774986 0.9926636146 -0.1209085474 0.0066175214 -0.1209076594 -0.9926417009 4.194516836e-06 -0.0434249115 0
0.1278913148 0.1150152172 -0.03421092672 -0.001248454836 0.0325319625 0.5086117791 -0.000159303551 0.008157725973 0.2548249791 -0.999973572 -0.0006150977741 -0.007244092351 0.0003072010056 0.9919496296 -0.1266326893 0.007263666209 -0.1266315681 -0.9919232254 4.64367132e-06 -0.04550053253 0
0.1329961378 0.1196060867 -0.03557646687 -0.001349946253 0.03382369227 0.5084989256 -0.0001722717825 0.008482945971 0.2548107313 -0.9999691009 -0.0006914940289 -0.007830656349 0.0003453225907 0.9912981888 -0.131635032 0.007853540295 -0.1316336687 -0.9912673197 5.05593535e-06 -0.04731670094 0
0.1381009608 0.1241969561 -0.03694200703 -0.001455383543 0.0351146256 0.5083816844 -0.0001857466333 0.008808112375 0.2547959269 -0.999964086 -0.0007739374988 -0.008439653663 0.0003864550594 0.9906218987 -0.1366312719 0.008466249801 -0.1366296265 -0.9905860224 5.486393752e-06 -0.04913286934 0
0.1439350443 0.129443664 -0.03850262435 -0.001580711154 0.03658896383 0.5082423263 -0.0002017666813 0.009179663144 0.2547783262 -0.9999576349 -0.0008758513856 -0.009163043296 0.0004372924547 0.9898186627 -0.1423334949 0.00919441425 -0.1423314718 -0.9897763459 6.000910335e-06 -0.05120849038 0
0.1490398673 0.1340345335 -0.0398681645 -0.001694593706 0.03787808839 0.5081156944 -0.0002163267949 0.009504708506 0.2547623294 -0.9999513111 -0.0009720082524 -0.009819908223 0.0004852491055 0.9890893758 -0.1473158895 0.009855959155 -0.147313482 -0.9890407464 6.471114463e-06 -0.05302465879 0
0.1541446903 0.1386254029 -0.04123370466 -0.00181241239 0.03916632125 0.5079846858 -0.0002313931927 0.009829694451 0.2547457764 -0.9999443061 -0.001074915198 -0.01049901155 0.000536562916 0.9883354802 -0.152291466 0.01054024604 -0.1522886176 -0.9882798592 6.960236522e-06 -0.05484082719 0
0.1592495133 0.1432162723 -0.04259924481 -0.001934163876 0.04045363216 0.5078493041 -0.0002469657604 0.01015461909 0.2547286673 -0.9999365729 -0.001184794014 -0.01120028677 0.0005913428919 0.9875570583 -0.157259998 0.01124724296 -0.1572566467 -0.9874937198 7.46852188e-06 -0.0566569956 0
0.1650835968 0.1484629802 -0.04415986213 -0.002078119691 0.04192367693 0.5076892322 -0.0002653826286 0.01052588403 0.2547084332 -0.9999267811 -0.001319190054 -0.01202880524 0.0006583318985 0.9866375097 -0.1629294054 0.0120830053 -0.1629253948 -0.9865644007 8.073208693e-06 -0.05873261664 0
0.1701884198 0.1530538497 -0.04552540229 -0.002208286884 0.04320891048 0.5075444926 -0.0002820394428 0.0108506709 0.2546901329 -0.9999173225 -0.001444751028 -0.01277735767 0.0007209036207 0.9858068199 -0.167882084 0.01283855415 -0.1678774152 -0.9857242743 8.623416591e-06 -0.06054878504 0
0.1752932428 0.1576447191 -0.04689094244 -0.002342375694 0.04449312719 0.5073953924 -0.0002992020424 0.01117539046 0.2546712769 -0.9999069784 -0.001577974665 -0.01354785897 0.0007872801096 0.9849518791 -0.1728270122 0.01361670579 -0.1728216015 -0.984859015 9.193603341e-06 -0.06236495345 0
0.1811273262 0.162891427 -0.04845155976 -0.002500417164 0.04595951967 0.507219658 -0.0003194356037 0.01154641365 0.2546490468 -0.9998940042 -0.001739892311 -0.01445521122 0.0008679343119 0.9839452281 -0.1784685822 0.01453365222 -0.1784622114 -0.9838394239 9.870059695e-06 -0.06444057448 0
0.1862321492 0.1674822964 -0.04981709992 -0.002642896541 0.04724145601 0.5070612279 -0.0003376815856 0.0118709825 0.2546290005 -0.999881582 -0.001890267625 -0.01527248921 0.0009428212911 0.9830386373 -0.1833961521 0.01536011479 -0.1833888339 -0.9829204456 1.048398543e-05 -0.06625674289 0
0.1913369722 0.1720731659 -0.05118264007 -0.002789285257 0.04852228093 0.5068984508 -0.0003564329308 0.01219547797 0.2546083989 -0.9998681024 -0.002048986159 -0.01611147199 0.001021845136 0.9821080967 -0.1883152735 0.01620906248 -0.1883068986 -0.9819764652 1.111876867e-05 -0.0680729113 0
0.1964417952 0.1766640353 -0.05254818023 -0.002939579178 0.0498019644 0.5067313313 -0.0003756894968 0.01251989812 0.2545872423 -0.9998535077 -0.002216262163 -0.01697207755 0.001105110056 0.9811537074 -0.1932257258 0.01708045568 -0.1932161757 -0.9810075267 1.177470138e-05 -0.0698890797 0
0.2022758787 0.1819107432 -0.05410879755 -0.00311612009 0.05126302365 0.5065350264 -0.0003983154513 0.01289056928 0.2545623838 -0.9998353866 -0.002418186571 -0.01798199565 0.001205595821 0.9800339077 -0.1988267748 0.0181037657 -0.1988157243 -0.9798696655 1.255061822e-05 -0.07196470074 0
0.2073807017 0.1865016127 -0.0554743377 -0.00327476787 0.05254016025 0.5063586178 -0.000418654137 0.01321482148 0.2545400382 -0.9998182012 -0.002604516037 -0.01888864985 0.001298296229 0.9790287669 -0.203717913 0.01902311814 -0.2037054003 -0.9788473992 1.325288083e-05 -0.07378086915 0
0.2124855247 0.1910924821 -0.05683987786 -0.003437307144 0.05381606128 0.506177882 -0.0004394975718 0.01353899223 0.2545171381 -0.9997997098 -0.002800068656 -0.01981665549 0.001395560359 0.9780001122 -0.2085996955 0.01996478476 -0.2085855704 -0.9778003207 1.397724711e-05 -0.07559703755 0
0.2175903477 0.1956833515 -0.05820541801 -0.00360373332 0.05509069688 0.5059928242 -0.0004608455976 0.01386307957 0.2544936836 -0.9997798488 -0.003005053694 -0.02076592197 0.001497489257 0.9769480553 -0.2134719061 0.02092872163 -0.2134560067 -0.9767284791 1.472403179e-05 -0.07741320596 0
0.2234244312 0.2009300594 -0.05976603533 -0.003798688105 0.05654583552 0.505776044 -0.000485861 0.01423336048 0.2544661998 -0.9997553899 -0.00325113896 -0.02187671268 0.00161981993 0.9757171957 -0.2190281495 0.0220575757 -0.2190100093 -0.9754732591 1.560536161e-05 -0.079488827 0
0.2285292542 0.2055209289 -0.06113157549 -0.003973427397 0.0578176591 0.5055817424 -0.0005082897422 0.01455726252 0.2544415579 -0.9997323729 -0.003477035029 -0.02287122348 0.001732081221 0.9746153793 -0.2238791242 0.02306908171 -0.2238588229 -0.9743485233 1.640126908e-05 -0.0813049954 0
0.2336340772 0.2101117983 -0.06249711565 -0.004152038455 0.05908812364 0.5053831356 -0.0005312225538 0.014881075 0.2544163622 -0.9997077769 -0.003713012774 -0.02388669708 0.001849319493 0.9734905284 -0.2287198531 0.0241027131 -0.22869719 -0.9731991854 1.722061672e-05 -0.08312116381 0
0.2394681606 0.2153585062 -0.06405773297 -0.004360899845 0.0605383809 0.505150892 -0.0005580484859 0.01525103423 0.2543868892 -0.9996776447 -0.003995307906 -0.02507277996 0.001989525477 0.9721769354 -0.2342392965 0.02531103649 -0.2342136712 -0.9718556002 1.818614625e-05 -0.08519678484 0
0.2445729836 0.2199493756 -0.06542327312 -0.004547790428 0.06180583328 0.5049430787 -0.0005820608557 0.0155746482 0.2543605074 -0.9996494295 -0.004253573719 -0.02613283785 0.002117756133 0.9710031387 -0.2390573568 0.02639191567 -0.2390288933 -0.9706537256 1.905685678e-05 -0.08701295325 0
0.2496778066 0.2245402451 -0.06678881328 -0.004738536567 0.06307183344 0.5047309783 -0.0006065767354 0.01589816644 0.2543335724 -0.9996194124 -0.004522556997 -0.02721354064 0.002251267428 0.9698066991 -0.2438645079 0.02749476515 -0.2438329611 -0.9694274212 1.995207555e-05 -0.08882912166 0
0.2547826296 0.2291311145 -0.06815435343 -0.004933132877 0.06433635182 0.5045145967 -0.0006315959393 0.01622158699 0.2543060844 -0.9995875197 -0.004802457071 -0.02831478306 0.002390154099 0.9685877464 -0.2486605411 0.02861953349 -0.2486256502 -0.9681767444 2.087215144e-05 -0.09064529006 0
0.2606167131 0.2343778224 -0.06971497075 -0.005160236107 0.06577966341 0.504262069 -0.000660805387 0.01659108835 0.2542739927 -0.9995486777 -0.005135964114 -0.02959835879 0.002555584097 0.9671672601 -0.2541278419 0.02993175505 -0.2540887895 -0.9667176305 2.195455709e-05 -0.0927209111 0
0.2657215361 0.2389686918 -0.07108051091 -0.005363064155 0.06704090725 0.5040365341 -0.0006869024989 0.01691429296 0.2542453204 -0.9995125111 -0.005439921637 -0.03074325121 0.002706304059 0.9659005128 -0.2588993535 0.03110331431 -0.2588563435 -0.9654149249 2.292909218e-05 -0.09453707951 0
0.2708263591 0.2435595613 -0.07244605106 -0.005569724753 0.06830057672 0.5038067376 -0.0007135023258 0.01723739371 0.2542160957 -0.9994742283 -0.005755412685 -0.03190833977 0.002862690956 0.9646116756 -0.2636590988 0.03229662402 -0.263611818 -0.9640880341 2.392960732e-05 -0.09635324791 0
0.2759311821 0.2481504307 -0.07381159122 -0.005780212071 0.06955864246 0.5035726859 -0.0007406046662 0.01756038863 0.254186319 -0.9994337502 -0.006082630294 -0.03309351119 0.003024835531 0.9633008878 -0.2684068738 0.03351162849 -0.2683549909 -0.96273702 2.495646779e-05 -0.09816941632 0
0.2817652656 0.2533971386 -0.07537220854 -0.006025447165 0.07099443056 0.5032999965 -0.0007721938283 0.01792939358 0.2541516126 -0.9993846981 -0.006471197848 -0.03447243621 0.003217308897 0.9617761486 -0.2738179851 0.03492669729 -0.2737604128 -0.961163546 2.616275563e-05 -0.1002450374 0
0.2868700886 0.2579880081 -0.07673774869 -0.006244114466 0.07224896114 0.5030568491 -0.0008003722862 0.01825215512 0.2541206535 -0.9993392429 -0.006824186407 -0.035700252 0.003392092203 0.9604188046 -0.2785394289 0.03618799834 -0.2784764806 -0.9597610528 2.724731725e-05 -0.1020612058 0
0.2919749116 0.2625788775 -0.07810328885 -0.006466589467 0.07350179606 0.5028094677 -0.000829052599 0.01857480466 0.254089143 -0.9992913352 -0.007189497759 -0.03694778227 0.003572911739 0.9590399636 -0.2832482701 0.03747081257 -0.2831795531 -0.9583346383 2.835939549e-05 -0.1038773742 0
0.297808995 0.2678255854 -0.07966390617 -0.006725501046 0.07493149369 0.5025215707 -0.0008624443361 0.01894340733 0.2540524561 -0.9992334717 -0.007622324474 -0.0383975159 0.003787064803 0.9574380137 -0.2886141162 0.0389631518 -0.2885382992 -0.9566752441 2.966452309e-05 -0.1059529952 0
0.302913818 0.2724164548 -0.08102944632 -0.006956114139 0.07618059699 0.5022651402 -0.0008921993147 0.01926581027 0.2540197649 -0.9991800221 -0.008014666938 -0.03968688136 0.003981108885 0.9560136123 -0.2932952844 0.04029186282 -0.2932127866 -0.955197795 3.083684819e-05 -0.1077691636 0
0.308018641 0.2770073243 -0.08239498648 -0.007190514856 0.07742791322 0.502004498 -0.0009224554518 0.01958809503 0.253986523 -0.9991238502 -0.00841991194 -0.04099557452 0.004181457295 0.9545681897 -0.2979632302 0.04164189552 -0.2978735911 -0.9536966375 3.203789389e-05 -0.109585332 0
0.3131234641 0.2815981937 -0.08376052663 -0.007428696589 0.07867341341 0.5017396515 -0.000953212518 0.01991025966 0.2539527308 -0.9990648675 -0.008838240363 -0.04232346857 0.004388193065 0.953101902 -0.3026177593 0.04301318688 -0.3025204951 -0.9521718415 3.326804961e-05 -0.1114015004 0
0.3189575475 0.2868449016 -0.08532114395 -0.007705525483 0.08009458139 0.5014318313 -0.000988976534 0.0202782982 0.2539134375 -0.9989939022 -0.00933258018 -0.04386440793 0.00463238879 0.9514007983 -0.3079205448 0.0446063259 -0.3078139436 -0.950400364 3.471009015e-05 -0.1134771215 0
0.3240623705 0.291435771 -0.08668668411 -0.007951786651 0.08133609277 0.5011580009 -0.00102080623 0.02060019881 0.2538784667 -0.9989285936 -0.009779545315 -0.04523301125 0.004853086106 0.9498903349 -0.3125456755 0.0460229548 -0.3124303317 -0.9488251554 3.600394909e-05 -0.1152932899 0
0.3291671935 0.2960266405 -0.08805222426 -0.008201807379 0.08257569744 0.50087999 -0.001053136108 0.02092197312 0.2538429464 -0.998860189 -0.0102401507 -0.04662040515 0.005080424349 0.9483595106 -0.3171567875 0.04746063792 -0.3170321402 -0.9472265357 3.732816028e-05 -0.1171094583 0
0.3342720165 0.3006175099 -0.08941776442 -0.008455580625 0.08381336666 0.5005978065 -0.001085965926 0.02124361918 0.2538068767 -0.998788595 -0.01071456971 -0.04802645546 0.005314481795 0.9468084905 -0.3217536925 0.04891930817 -0.3216191542 -0.9456045796 3.868312452e-05 -0.1189256267 0
0.3401061 0.3058642178 -0.09097838174 -0.008750192933 0.08522543906 0.500270212 -0.001124097566 0.02161105512 0.253764982 -0.998702747 -0.01127389744 -0.04965604024 0.00559030245 0.9450113807 -0.3269896617 0.05061197105 -0.3268430656 -0.9437224374 4.026982929e-05 -0.1210012477 0
0.345210923 0.3104550872 -0.0923439219 -0.009011983076 0.08645886444 0.4999791141 -0.001157997837 0.02193241976 0.2537277363 -0.9986239997 -0.01177849217 -0.05110160864 0.005839016233 0.9434176487 -0.3315554947 0.05211538327 -0.3313976573 -0.9420507309 4.169205401e-05 -0.1228174161 0
0.350315746 0.3150459567 -0.09370946205 -0.009277502913 0.08769026449 0.499683869 -0.00119239725 0.02225365 0.2536899421 -0.9985417627 -0.01229743314 -0.05256540049 0.006094687436 0.9418042526 -0.3361065376 0.0536395654 -0.3359367842 -0.9403559294 4.31463073e-05 -0.1246335845 0
0.3561498294 0.3202926646 -0.09527007937 -0.009585511531 0.08909506229 0.4993413785 -0.001232321726 0.02262060318 0.2536460775 -0.9984433789 -0.01290828752 -0.0542604386 0.006395496316 0.9399365154 -0.3412893854 0.05540682909 -0.3411051496 -0.9383908355 4.48480566e-05 -0.1267092056 0
0.3612546524 0.324883534 -0.09663561953 -0.009858998257 0.09032202653 0.4990372745 -0.001267789849 0.02294153882 0.2536071091 -0.9983533332 -0.01345852508 -0.05576280286 0.006666321388 0.9382815686 -0.3458081232 0.05697527744 -0.3456104253 -0.9366468127 4.637232811e-05 -0.128525374 0
0.3663594754 0.3294744035 -0.09800115968 -0.01013619083 0.09154687617 0.4987290499 -0.001303756282 0.02326233391 0.2535675931 -0.9982594867 -0.01402362227 -0.057282941 0.006944329928 0.9366075096 -0.350311503 0.05856426891 -0.3500995728 -0.9348799471 4.792992601e-05 -0.1303415424 0
0.3714642985 0.3340652729 -0.09936669984 -0.01041708144 0.09276958293 0.4984167133 -0.001340220754 0.02358298649 0.25352753 -0.998161738 -0.01460373829 -0.05882070657 0.007229591237 0.9349145181 -0.3547993474 0.06017372936 -0.3545723829 -0.9330903212 4.952126753e-05 -0.1321577108 0
0.3772983819 0.3393119808 -0.1009273172 -0.01074261735 0.094164302 0.4980547332 -0.001382503922 0.0239492696 0.2534810738 -0.9980451161 -0.01528531997 -0.06059954757 0.007564572289 0.9329567209 -0.3599090637 0.06203808038 -0.3596638929 -0.931017272 5.138180008e-05 -0.1342333318 0
0.3824032049 0.3439028502 -0.1022928573 -0.01103140558 0.09538232202 0.4977336148 -0.001420034682 0.02426961025 0.2534398391 -0.9979386604 -0.01589814581 -0.06217458563 0.007865602592 0.9312237736 -0.3643630274 0.06369114879 -0.364100992 -0.9291791567 5.304686329e-05 -0.1360495002 0
0.3875080279 0.3484937197 -0.1036583975 -0.01132386665 0.09659811078 0.4974084123 -0.001458062597 0.02458980227 0.2533980581 -0.9978279778 -0.01652647749 -0.06376678048 0.008174095007 0.9294724709 -0.3688009083 0.06536444692 -0.3685211002 -0.9273185471 5.474699379e-05 -0.1378656686 0
0.3933421114 0.3537404276 -0.1052190148 -0.01166259469 0.09798481559 0.4970317632 -0.001502131465 0.02495555151 0.2533496399 -0.9976961724 -0.0172637507 -0.0656072437 0.008535876919 0.9274487468 -0.3738528598 0.06730145853 -0.3735515827 -0.9251647036 5.673348471e-05 -0.1399412897 0
0.3984469344 0.358331297 -0.1065845549 -0.01196289831 0.09919572892 0.4966978402 -0.001541223739 0.02527541847 0.2533066895 -0.9975760762 -0.01792581366 -0.06723568592 0.008860572924 0.925658745 -0.3782557045 0.06901784193 -0.3779345882 -0.9232561858 5.851019223e-05 -0.1417574581 0
0.4035517574 0.3629221664 -0.1079500951 -0.01226684858 0.1004043233 0.4963598624 -0.001580812251 0.02559513068 0.2532631938 -0.9974514185 -0.01860384867 -0.06888079892 0.009192927233 0.9238509834 -0.3826419352 0.07075420648 -0.3822999572 -0.9213254501 6.032330793e-05 -0.1435736265 0
0.4086565804 0.3675130359 -0.1093156353 -0.01257443694 0.1016105709 0.4960178391 -0.0016208967 0.02591468619 0.2532191531 -0.9973220911 -0.01929799961 -0.07054242494 0.009532999448 0.9220256551 -0.3870113864 0.07251047116 -0.3866474861 -0.9193725866 6.217326176e-05 -0.1453897949 0
0.4144906638 0.3727597438 -0.1108762526 -0.01293041021 0.1029862306 0.4956220142 -0.001667314378 0.02627969812 0.2531681542 -0.99716843 -0.02011123042 -0.07246144179 0.009931178524 0.9199183057 -0.3919842886 0.07454189311 -0.3915939851 -0.9171137645 6.433315615e-05 -0.1474654159 0
0.4195954868 0.3773506132 -0.1122417927 -0.01324576524 0.1041873563 0.4952713548 -0.00170846052 0.0265989113 0.253122947 -0.9970287267 -0.02084038977 -0.07415791476 0.01028798336 0.9180559935 -0.3963172343 0.07634052375 -0.3959026029 -0.9151137926 6.626350353e-05 -0.1492815843 0
0.4247003098 0.3819414827 -0.1136073329 -0.01356473084 0.1053860486 0.4949166806 -0.001750101632 0.02691796168 0.2530771959 -0.9968840069 -0.0215861029 -0.07587039539 0.01065268435 0.9161767332 -0.4006328917 0.07815879382 -0.4001927457 -0.9130919829 6.823204985e-05 -0.1510977527 0
0.4298051329 0.3865323521 -0.114972873 -0.01388729805 0.10658228 0.4945580015 -0.001792237397 0.02723684732 0.2530309014 -0.9967341586 -0.02234850448 -0.07759871993 0.0110253353 0.9142807252 -0.4049311022 0.07999661848 -0.4044642134 -0.9110484296 7.023923093e-05 -0.1529139211 0
0.4356392163 0.39177906 -0.1165334904 -0.0142603448 0.107946353 0.4941431917 -0.001840997844 0.02760108384 0.2529773282 -0.9965564787 -0.02324042518 -0.07959313673 0.01146102382 0.9120936107 -0.4098217786 0.08212082385 -0.4093227674 -0.9086864379 7.258102083e-05 -0.1549895422 0
0.4407440393 0.3963699294 -0.1178990305 -0.0145905991 0.1091372188 0.4937759651 -0.001884192499 0.02791960994 0.2529298702 -0.9963952592 -0.0240390307 -0.08135485457 0.01185088483 0.910162397 -0.4140820783 0.08400026124 -0.4135535468 -0.9065966137 7.467246422e-05 -0.1568057106 0
0.4458488623 0.4009607989 -0.1192645707 -0.01492442618 0.110325538 0.4934047656 -0.001927880791 0.02823796521 0.2528818697 -0.9962285534 -0.0248547331 -0.08313189263 0.01224885546 0.9082150759 -0.4183244452 0.08589898061 -0.4177650275 -0.9044853492 7.68039203e-05 -0.158621879 0
0.4516829458 0.4062075068 -0.120825188 -0.01531030566 0.1116804638 0.4929756864 -0.001978414294 0.02860158814 0.2528263484 -0.9960311663 -0.02580805985 -0.08518133533 0.01271367041 0.9059701082 -0.4231507126 0.08809244251 -0.4225542652 -0.9020463483 7.928943087e-05 -0.1606975 0
0.4567877688 0.4107983762 -0.1221907281 -0.01565175702 0.1128632345 0.4925960092 -0.002023159258 0.02891957083 0.2527771869 -0.9958523139 -0.02666081693 -0.08699063025 0.0131291778 0.9039889702 -0.4273541464 0.09003218092 -0.426723731 -0.8998894731 8.150811447e-05 -0.1625136684 0
0.4618925918 0.4153892456 -0.1235562683 -0.01599675137 0.1140433735 0.4922123923 -0.002068396804 0.02923737662 0.2527274841 -0.9956676094 -0.02753105637 -0.08881470853 0.01355293999 0.9019923805 -0.4315391794 0.09199091984 -0.4308732836 -0.8977114704 8.376820007e-05 -0.1643298368 0
0.4669974148 0.4199801151 -0.1249218085 -0.01634527902 0.115220854 0.4918248465 -0.002114126589 0.02955500357 0.2526772405 -0.995476935 -0.02841889592 -0.09065339667 0.01398500008 0.8999805508 -0.4357056666 0.09396856786 -0.4350027293 -0.895512442 8.60701319e-05 -0.1661460052 0
0.4728314982 0.425226823 -0.1264824258 -0.01674791028 0.1165632563 0.4913771402 -0.002166991498 0.02991778435 0.2526191574 -0.9952515588 -0.02945526872 -0.09277241998 0.014488997 0.8976629294 -0.4404444733 0.09625177261 -0.4396972279 -0.8929736525 8.875272259e-05 -0.1682216263 0
0.4779363212 0.4298176924 -0.1278479659 -0.01710397624 0.1177349498 0.4909812122 -0.002213774909 0.0302350216 0.252567756 -0.9950476909 -0.03038120812 -0.09464182502 0.01493897638 0.8956191627 -0.4445707395 0.09826962824 -0.4437829398 -0.8907299156 9.114582534e-05 -0.1700377947 0
0.4830411442 0.4344085618 -0.1292135061 -0.01746354442 0.1189039009 0.4905813899 -0.002261049457 0.03055207397 0.252515815 -0.9948374777 -0.03132510203 -0.09652528665 0.01539737923 0.8935608309 -0.4486780161 0.1003061 -0.4478479423 -0.8884654787 9.358217673e-05 -0.1718539631 0
0.4881459673 0.4389994313 -0.1305790462 -0.01782660475 0.120070083 0.4901776845 -0.002308814784 0.03086893952 0.2524633347 -0.9946207983 -0.03228705816 -0.09842262634 0.01586424231 0.8914881518 -0.4527661659 0.1023610928 -0.4518920458 -0.8861804476 9.606222485e-05 -0.1736701315 0
0.4939800507 0.4442461392 -0.1321396636 -0.01824579388 0.1213994381 0.4897115667 -0.002364004217 0.03123084036 0.2524026973 -0.9943650912 -0.03340868852 -0.1006077775 0.01640820471 0.8891020885 -0.457414743 0.1047322118 -0.4564880457 -0.8835439027 9.89506477e-05 -0.1757457525 0
0.4990848737 0.4488370086 -0.1335052037 -0.01861630297 0.1225595978 0.4892995786 -0.002412819987 0.03154729913 0.2523490628 -0.994134146 -0.03440970068 -0.1025342494 0.01689331348 0.886999404 -0.4614614536 0.1068265686 -0.4604867313 -0.8812151012 0.0001015258445 -0.1775619209 0
0.5041896967 0.4534278781 -0.1348707439 -0.01899027188 0.1237169058 0.4888837434 -0.002462125384 0.03186356505 0.2522948902 -0.9938963507 -0.03542909751 -0.1044740307 0.01738698794 0.8848830648 -0.4654886188 0.1089391422 -0.4644639282 -0.8788660437 0.0001041461516 -0.1793780894 0
0.5100237802 0.458674586 -0.1364313612 -0.01942188799 0.1250360181 0.4884038073 -0.002519073473 0.03222477322 0.2522323204 -0.9936160386 -0.0366167592 -0.106706986 0.01796171469 0.8824479575 -0.4700669943 0.1113756917 -0.4689827452 -0.876156744 0.0001071966046 -0.1814537104 0
0.5151286032 0.4632654554 -0.1377969013 -0.01980323538 0.1261871273 0.4879797676 -0.002569426808 0.03254061944 0.2521769963 -0.9933631484 -0.03767587663 -0.1086746693 0.01847384415 0.8803031106 -0.4740518438 0.1135269682 -0.4729132709 -0.8737646512 0.0001099150979 -0.1832698788 0
0.5202334262 0.4678563248 -0.1391624415 -0.02018800934 0.1273353028 0.4875519177 -0.002620268582 0.0328562668 0.2521211355 -0.9931030184 -0.03875367645 -0.1106550828 0.01899462913 0.8781453139 -0.4780167485 0.1156961489 -0.476821728 -0.8713526501 0.0001126801226 -0.1850860472 0
0.5253382492 0.4724471943 -0.1405279817 -0.02057619907 0.1284805189 0.4871202697 -0.00267159841 0.03317171338 0.2520647383 -0.9928355236 -0.03985024813 -0.1126480399 0.01952409493 0.8759747941 -0.4819615854 0.1178831324 -0.480707934 -0.8689208533 0.0001154921324 -0.1869022156 0
0.5311723326 0.4776939022 -0.142088599 -0.02102401311 0.1297856803 0.4866223223 -0.002730858187 0.03353197545 0.2519996283 -0.9925206356 -0.04112657022 -0.1149408241 0.02013985856 0.8734789133 -0.4864452427 0.1204042106 -0.4851218334 -0.8661175629 0.0001187639733 -0.1889778366 0
0.5362771556 0.4822847716 -0.1434541391 -0.02141948563 0.1309244679 0.4861825761 -0.002783232529 0.03384698536 0.2519420834 -0.992236935 -0.04226365664 -0.1169600276 0.02068800372 0.8712818987 -0.4903466728 0.1226289984 -0.4889597492 -0.86364373 0.0001216781958 -0.190794005 0
0.5413819787 0.486875641 -0.1448196793 -0.02181833945 0.1320602153 0.4857390701 -0.002836093689 0.0341617885 0.2518840036 -0.991945473 -0.04341977937 -0.1189911822 0.02124489862 0.869072881 -0.4942276619 0.1248712655 -0.4927748475 -0.8611504612 0.0001246408331 -0.1926101735 0
0.5472160621 0.492122349 -0.1463802966 -0.02227829841 0.1333544569 0.4852276182 -0.002897102032 0.03452130787 0.2518169722 -0.9916027065 -0.04476447318 -0.1213268911 0.02189208763 0.8665338884 -0.4986379015 0.1274551256 -0.4971067916 -0.8582773612 0.0001280865728 -0.1946857945 0
0.5523208851 0.4967132184 -0.1477458368 -0.02268436015 0.1344836039 0.4847760973 -0.002951005019 0.0348356615 0.2517577475 -0.9912941839 -0.04596164991 -0.1233830121 0.02246779236 0.8642999297 -0.5024747056 0.1297344952 -0.5008723971 -0.8557428367 0.0001311544926 -0.1965019629 0
0.5574257081 0.5013040878 -0.1491113769 -0.02309376777 0.1356096309 0.484320856 -0.00300539355 0.03514980237 0.2516979893 -0.9909774988 -0.04717810172 -0.1254504823 0.02305229962 0.8620546982 -0.5062907156 0.1320310125 -0.5046146292 -0.853189245 0.0001342722625 -0.1983181313 0
0.5625305311 0.5058949572 -0.1504769171 -0.02350650984 0.1367325128 0.4838619069 -0.003060267214 0.03546372859 0.2516376979 -0.9906525228 -0.04841389914 -0.1275291083 0.02364562278 0.8597984282 -0.5100858236 0.1343445705 -0.5083333132 -0.8506167052 0.0001374403403 -0.2001342997 0
0.5683646146 0.5111416652 -0.1520375344 -0.02398228325 0.138011923 0.4833328701 -0.00312357348 0.03582223613 0.2515681413 -0.9902708041 -0.04985001453 -0.129918092 0.02433451634 0.857206619 -0.5143973596 0.1370093642 -0.5125541809 -0.8476536119 0.0001411231901 -0.2022099207 0
0.5734694376 0.5157325346 -0.1534030746 -0.02440213156 0.139127981 0.4828660193 -0.003179485308 0.03613569598 0.2515067092 -0.9899276274 -0.05112749205 -0.1320199685 0.02494676806 0.8549274883 -0.5181473233 0.1393590732 -0.5162218219 -0.8450408744 0.0001444006143 -0.2040260892 0
0.5785742606 0.520323404 -0.1547686147 -0.02482527774 0.1402408153 0.4823955013 -0.003235880948 0.03644893522 0.2514447453 -0.9895757537 -0.05242451961 -0.1341323879 0.02556786691 0.8526380613 -0.5218760587 0.1417254808 -0.5198653732 -0.8424095689 0.0001477297883 -0.2058422576 0
0.5836790836 0.5249142735 -0.1561341549 -0.02525170995 0.1413504012 0.4819213295 -0.003292759973 0.03676195195 0.2513822503 -0.9892150531 -0.05374115672 -0.1362551535 0.02619781934 0.850338576 -0.5255834667 0.1441084766 -0.5234846648 -0.8397598185 0.0001511111717 -0.207658426 0
0.589513167 0.5301609814 -0.1576947722 -0.02574306947 0.1426144901 0.4813749617 -0.003358355919 0.03711941048 0.2513101775 -0.9887918484 -0.05526996932 -0.138693587 0.02692861216 0.8476985829 -0.5297942642 0.1468520699 -0.5275910756 -0.8367091051 0.0001550401301 -0.209734047 0
0.59461799 0.5347518508 -0.1590603123 -0.02617650295 0.1437170322 0.4808930048 -0.003416269311 0.03743194406 0.2512465458 -0.9884117944 -0.05662881481 -0.1408378575 0.02757755051 0.8453783491 -0.5334556454 0.1492702364 -0.5311578148 -0.8340202469 0.0001585349408 -0.2115502154 0
0.5997228131 0.5393427202 -0.1604258525 -0.0266131847 0.1448162487 0.480407436 -0.003474664718 0.03774424919 0.2511823844 -0.9880225035 -0.0580074394 -0.1429918515 0.02823535178 0.8430488099 -0.5370954003 0.1517046391 -0.5346997673 -0.8313133352 0.0001620834084 -0.2133663838 0
0.6055568965 0.5445894282 -0.1619864698 -0.02711621141 0.1460683928 0.4798480948 -0.003541991983 0.03810088721 0.2511084091 -0.9875661212 -0.05960729155 -0.1454652091 0.02899797647 0.8403753942 -0.5412285231 0.1545065488 -0.53871715 -0.8281977775 0.000166205094 -0.2154420048 0
0.6106617195 0.5491802976 -0.16335201 -0.0275598126 0.1471604013 0.4793548319 -0.003601418786 0.0384126965 0.2510431142 -0.9871565958 -0.06102845923 -0.1476393662 0.02967476575 0.8380267272 -0.5448216339 0.1569753597 -0.5422054331 -0.825452606 0.0001698700945 -0.2172581733 0
0.6157665425 0.553771167 -0.1647175501 -0.02800662346 0.1482490079 0.478858 -0.003661326201 0.03872427143 0.2509772911 -0.9867374214 -0.06246954878 -0.1498226173 0.03036041054 0.8356695145 -0.5483928409 0.1594600472 -0.5456684139 -0.8226897808 0.0001735902029 -0.2190743417 0
0.6208713655 0.5583620364 -0.1660830903 -0.02845663153 0.1493341889 0.4783576129 -0.003721713773 0.03903561013 0.2509109404 -0.9863084664 -0.06393059999 -0.1520147609 0.03105490495 0.8333039991 -0.5519420603 0.1619604952 -0.549105931 -0.8199094307 0.0001773658817 -0.2208905101 0
0.626705449 0.5636087444 -0.1676437076 -0.02897482528 0.1505701702 0.4777814067 -0.003791315501 0.03939113412 0.2508344656 -0.9858060869 -0.06562486305 -0.1545306973 0.03185943926 0.8305906988 -0.5559712826 0.1648372992 -0.5530031359 -0.8167105953 0.000181749582 -0.2229661311 0
0.631810272 0.5681996138 -0.1690092478 -0.0294316421 0.1516479299 0.4772734487 -0.003852730435 0.03970196031 0.2507669858 -0.9853557298 -0.06712881048 -0.156741215 0.03257286931 0.8282082128 -0.5594731133 0.1673711262 -0.556385549 -0.81389313 0.0001856458985 -0.2247822995 0
0.636915095 0.5727904832 -0.1703747879 -0.02989161638 0.152722189 0.4767619797 -0.003914624074 0.04001254437 0.25069898 -0.9848951779 -0.06865282676 -0.1589599882 0.03329511927 0.8258181912 -0.5629527068 0.1699203446 -0.5597419981 -0.8110585503 0.0001895992406 -0.2265984679 0
0.642019918 0.5773813527 -0.1717403281 -0.0303547353 0.1537929241 0.4762470141 -0.003976995948 0.04032288445 0.2506304486 -0.9844242992 -0.07019694029 -0.1611868131 0.03402617615 0.8234208794 -0.5664099882 0.1724848355 -0.5630723266 -0.8082069886 0.0001936100719 -0.2284146363 0
0.6478540014 0.5826280606 -0.1733009454 -0.03088784807 0.155012276 0.4756542187 -0.004048863079 0.04067725766 0.2505514841 -0.9838733375 -0.07198628312 -0.1637413531 0.03487243472 0.8206724825 -0.570333753 0.1754342297 -0.5668462327 -0.8049274374 0.000198264869 -0.2304902574 0
0.6529588244 0.58721893 -0.1746664855 -0.03135766191 0.1560753805 0.4751318086 -0.004112258146 0.04098706863 0.2504818282 -0.9833798851 -0.07357354501 -0.1659847433 0.03562231173 0.818260376 -0.5737429808 0.1780310435 -0.5701200668 -0.8020399347 0.0002024004536 -0.2323064258 0
0.6580636475 0.5918097994 -0.1760320257 -0.03183057955 0.1571348877 0.4746059472 -0.004176129951 0.04129662974 0.2504116483 -0.9828756907 -0.07518097542 -0.168235542 0.03638094353 0.8158417522 -0.5771296754 0.1806427513 -0.5733672961 -0.7991358709 0.0002065949862 -0.2341225942 0
0.6638977309 0.5970565073 -0.177592643 -0.0323748405 0.1583413183 0.4740007556 -0.004249709436 0.04165010555 0.2503308019 -0.9822861456 -0.07704275653 -0.170816691 0.03725864551 0.8130699471 -0.5809725074 0.1836456413 -0.5770456436 -0.7957968357 0.0002114615147 -0.2361982152 0
0.6690025539 0.6016473768 -0.1789581832 -0.03285436466 0.1593930389 0.4734675481 -0.004314601183 0.04195912501 0.2502595012 -0.9817584877 -0.07869345873 -0.1730826719 0.03803596746 0.8106381892 -0.5843106976 0.1862888535 -0.5802353537 -0.7928577409 0.0002157839289 -0.2380143836 0
0.6741073769 0.6062382462 -0.1803237233 -0.03333695094 0.1604410898 0.4729309357 -0.004379968131 0.04226788878 0.2501876781 -0.9812196728 -0.08036437337 -0.175355414 0.03882197499 0.8082006906 -0.587626155 0.1889465744 -0.583397987 -0.7899025135 0.000220166752 -0.239830552 0
0.6792121999 0.6108291156 -0.1816892635 -0.0338225859 0.1614854483 0.4723909333 -0.004445809784 0.04257639501 0.2501153334 -0.9806695688 -0.08205550864 -0.1776347104 0.03961664251 0.8057576988 -0.5909188206 0.1916186798 -0.5865333958 -0.7869312913 0.0002246104492 -0.2416467204 0
0.6850462834 0.6160758236 -0.1832498808 -0.03438131306 0.1626744505 0.4717696559 -0.00452163802 0.04292865582 0.2500320155 -0.980026886 -0.08401300146 -0.1802473808 0.04053540285 0.8029592997 -0.5946538861 0.1946899685 -0.5900831964 -0.7835162012 0.000229764097 -0.2437223415 0
0.6901511064 0.620666693 -0.184615421 -0.03487343534 0.1637108205 0.4712224399 -0.004588495214 0.04323660394 0.2499585546 -0.9794521472 -0.08574748136 -0.1825400251 0.04134853316 0.8005053714 -0.597897524 0.1973924773 -0.593159776 -0.7805111723 0.0002343398062 -0.2455385099 0
0.6952559294 0.6252575624 -0.1859809611 -0.03536856359 0.1647434273 0.4706718814 -0.004655825531 0.04354428871 0.2498845737 -0.9788657053 -0.08750218956 -0.1848385723 0.04217023168 0.7980467293 -0.6011181993 0.2001089767 -0.5962086755 -0.7774905869 0.000238977853 -0.2473546783 0
0.7010900128 0.6305042703 -0.1875415784 -0.03593808756 0.1659189128 0.4700385985 -0.004733353145 0.0438956036 0.2497993881 -0.9781809869 -0.0895323353 -0.1874724452 0.04311976522 0.7952313989 -0.6047707897 0.203230516 -0.5996590558 -0.7740196213 0.0002443554073 -0.2494302993 0
0.7061948358 0.6350951398 -0.1889071186 -0.03643961072 0.1669433807 0.4694809292 -0.004801695575 0.04420271783 0.2497242949 -0.9775690244 -0.09133037503 -0.1897829421 0.04395971151 0.7927634916 -0.6079420945 0.2059765673 -0.6026481636 -0.7709661761 0.0002491286037 -0.2512464677 0
0.7112996588 0.6396860092 -0.1902726587 -0.03694409632 0.1679640158 0.4689199658 -0.00487050951 0.04450956291 0.2496486834 -0.9769449462 -0.09314862317 -0.1920986884 0.0448081171 0.7902916507 -0.6110902875 0.2087362085 -0.6056091486 -0.7678976198 0.0002539656027 -0.2530626361 0
0.7164044819 0.6442768786 -0.1916381989 -0.03745153035 0.1689807963 0.4683557239 -0.00493979443 0.04481613701 0.2495725542 -0.9763086215 -0.09498706762 -0.1944194759 0.04566494374 0.7878161247 -0.614215326 0.2115093108 -0.6085418726 -0.7648140955 0.0002588668706 -0.2548788045 0
0.7222385653 0.6495235865 -0.1931988162 -0.03803504721 0.170138083 0.4677068816 -0.005019553237 0.04516617325 0.2494849163 -0.97556623 -0.09711285791 -0.1970777101 0.04665443432 0.7849827581 -0.6177583939 0.2146948875 -0.6118587764 -0.7612719244 0.0002645476147 -0.2569544256 0
0.7273433883 0.654114456 -0.1945643564 -0.03854875177 0.1711465301 0.4671356672 -0.005089845634 0.0454721605 0.2494076798 -0.9749032232 -0.0989945264 -0.1994085983 0.04752916924 0.7825001713 -0.6208336814 0.2174963986 -0.6147304821 -0.7581568116 0.0002695881728 -0.258770594 0
0.7324482113 0.6587053254 -0.1959298965 -0.03906536024 0.1721510544 0.4665612238 -0.005160607352 0.04577787101 0.2493299274 -0.9742275605 -0.100896335 -0.2017438723 0.04841219377 0.7800146795 -0.6238856941 0.2203109619 -0.6175735012 -0.7550271854 0.0002746944664 -0.2605867624 0
0.7375530343 0.6632961948 -0.1972954367 -0.03958485827 0.1731516346 0.4659835673 -0.005231837853 0.04608330295 0.2492516598 -0.9735391119 -0.10281826 -0.2040833237 0.04930346248 0.7775265307 -0.6269143982 0.2231384462 -0.620387701 -0.7518831919 0.0002798669623 -0.2624029308 0
0.7433871178 0.6685429028 -0.198856054 -0.04018209006 0.1742902979 0.4653194746 -0.005313817467 0.04643202458 0.2491615809 -0.9727364915 -0.1050393441 -0.2067618297 0.05033208968 0.7746799965 -0.630347193 0.2263855092 -0.623568472 -0.7482726522 0.0002858600494 -0.2644785518 0
