0.005307393228 0.004853717255 -0.004760837874 -2.189644155e-06 0.001353379439 0.5099976057 -2.753599221e-07 0.0003369209788 0.2549997033 -0.9999999999 -4.4472326e-08 -1.275180799e-05 2.286818443e-08 0.9999860564 -0.005280811188 1.275186504e-05 -0.005280811188 -0.9999860563 2.723165606e-08 -0.006331914372 0
0.009614786457 0.00879291451 -0.008624655747 -7.18600861e-06 0.002451735862 0.5099921423 -9.071104975e-07 0.0006111389318 0.2549990226 -0.9999999991 -2.663590175e-07 -4.184847745e-05 1.339943102e-07 0.9999542405 -0.009566444552 4.184911059e-05 -0.00956644455 -0.9999542396 6.236977734e-08 -0.01147079214 0
0.01453752157 0.01329485423 -0.0130404476 -1.642799079e-05 0.003706948113 0.5099820365 -2.081514365e-06 0.0009252070033 0.2549977571 -0.9999999954 -9.218700685e-07 -9.566757559e-05 4.619533528e-07 0.9998953922 -0.01446390771 9.567090186e-05 -0.01446390769 -0.9998953876 8.127907678e-08 -0.01734379531 0
0.0188449148 0.01723405149 -0.01690426548 -2.760490958e-05 0.004805192127 0.5099698149 -3.505808411e-06 0.001200278324 0.2549962222 -0.9999999871 -2.008687298e-06 -0.0001607506031 1.005526223e-06 0.9998242282 -0.01874867266 0.0001607600079 -0.01874867258 -0.9998242153 7.261130979e-08 -0.02248267308 0
0.02376764992 0.02173599121 -0.02132005733 -4.390986396e-05 0.006060226819 0.5099519859 -5.586535709e-06 0.001514726038 0.2549939798 -0.9999999673 -4.030294172e-06 -0.0002556865604 2.016481092e-06 0.9997204235 -0.02364476417 0.0002557103718 -0.02364476392 -0.9997203908 3.767535379e-08 -0.02835567625 0
0.02869038504 0.02623793093 -0.02573584919 -6.39811532e-05 0.007315126673 0.5099300385 -8.14984986e-06 0.001829169112 0.2549912173 -0.9999999306 -7.089129082e-06 -0.0003725397953 3.545975413e-06 0.9995926565 -0.0285398142 0.0003725903661 -0.02853981353 -0.9995925871 2.742488435e-08 -0.03422867942 0
0.03299777827 0.03017712818 -0.02959966706 -8.463268403e-05 0.008413031488 0.5099074567 -1.078827783e-05 0.00210427809 0.2549883739 -0.9999998785 -1.078512505e-05 -0.0004927569881 5.393936233e-06 0.9994612143 -0.0328219592 0.0004928454867 -0.03282195787 -0.9994610929 9.357752402e-08 -0.03936755719 0
0.03792051339 0.0346790679 -0.03401545892 -0.0001117643277 0.009667603274 0.5098777891 -1.425540049e-05 0.002418648719 0.2549846373 -0.9999997882 -1.636690161e-05 -0.0006506745487 8.184593709e-06 0.9992885561 -0.03771447569 0.0006508288994 -0.03771447302 -0.9992883442 1.885679625e-07 -0.04524056036 0
0.0428432485 0.03918100762 -0.03843125077 -0.0001426604945 0.01092195997 0.5098440051 -1.820423914e-05 0.002732977253 0.2549803815 -0.9999996549 -2.360226745e-05 -0.0008304730379 1.1801747e-05 0.9990919805 -0.04260533148 0.0008307245346 -0.04260532658 -0.9990916355 3.009405332e-07 -0.05111356353 0
0.04715064173 0.04312020488 -0.04229506865 -0.00017278208 0.0120193237 0.509811068 -2.205452817e-05 0.003007981902 0.254976232 -0.9999994938 -3.14579177e-05 -0.001005732958 1.572876116e-05 0.9989003734 -0.04688329894 0.001006101879 -0.04688329102 -0.9988998672 4.127863325e-07 -0.0562524413 0
0.05207337685 0.0476221446 -0.0467108605 -0.0002107344255 0.01327320189 0.5097695683 -2.690626348e-05 0.003322237473 0.2549710032 -0.9999992469 -4.237039674e-05 -0.001226512015 2.118353038e-05 0.9986590103 -0.05177046138 0.00122706081 -0.05177044837 -0.9986582574 5.556395136e-07 -0.06212544447 0
0.05699611197 0.05212408432 -0.05112665236 -0.0002524486518 0.0145267848 0.509723955 -3.223942335e-05 0.003636456928 0.2549652555 -0.9999989193 -5.555107354e-05 -0.001469119017 2.777162804e-05 0.9983937956 -0.05665534529 0.001469906577 -0.05665532486 -0.9983927151 7.142871675e-07 -0.06799844764 0
0.0613035052 0.05606328157 -0.05499047023 -0.0002920336447 0.01562340569 0.50968067 -3.730080416e-05 0.003911370252 0.2549598007 -0.9999985538 -6.911244438e-05 -0.001699288384 3.454953409e-05 0.9981421886 -0.06092758098 0.00170034228 -0.06092755158 -0.9981407427 8.659667672e-07 -0.07313732541 0
0.06622624032 0.06056522129 -0.05940626209 -0.000340798317 0.01687635978 0.5096273473 -4.35364597e-05 0.004225524663 0.2549530804 -0.9999980305 -8.712050812e-05 -0.00198276105 4.354920155e-05 0.9978323286 -0.06580761473 0.001984196268 -0.06580757147 -0.9978303596 1.053985861e-06 -0.07901032858 0
0.07114897543 0.06506716101 -0.06382205394 -0.0003933213979 0.01812893845 0.5095699149 -5.025336066e-05 0.004539644815 0.2549458414 -0.9999973767 -0.0001080089737 -0.002287992094 5.398748864e-05 0.9974987031 -0.07068475396 0.002289903734 -0.07068469206 -0.9974960805 1.257678705e-06 -0.08488333174 0
0.07545636866 0.06900635827 -0.06768587182 -0.0004423610633 0.01922461494 0.5095162915 -5.652537495e-05 0.004814471668 0.2549390819 -0.9999966818 -0.0001288160832 -0.002572895906 6.438424764e-05 0.9971873129 -0.07494970837 0.002575313883 -0.07494962532 -0.9971839958 1.448819732e-06 -0.09002220952 0
0.08037910378 0.07350829799 -0.07210166367 -0.000501927302 0.02047641464 0.5094511577 -6.414445392e-05 0.005128526702 0.2549308706 -0.999995728 -0.0001556770921 -0.002918846673 7.780477784e-05 0.9968092228 -0.07982084458 0.002921959561 -0.07982073069 -0.9968049524 1.68210922e-06 -0.09589521268 0
0.08468649701 0.07744749524 -0.07596548155 -0.0005571273587 0.02157136671 0.5093907981 -7.120578265e-05 0.005403295583 0.2549232605 -0.9999947368 -0.0001820357806 -0.003239332783 9.097309713e-05 0.9964589849 -0.08408021827 0.003243167865 -0.08408007043 -0.9964537238 1.899317162e-06 -0.1010340905 0
0.08960923213 0.08194943496 -0.0803812734 -0.0006237311651 0.02282228962 0.5093179688 -7.972682793e-05 0.005717282853 0.2549140771 -0.9999934032 -0.0002156128384 -0.003625891437 0.0001077459105 0.9960365687 -0.08894460217 0.003630698064 -0.0889444061 -0.9960299748 2.162631133e-06 -0.1069070936 0
0.09453196724 0.08645137468 -0.08479706526 -0.0006940858273 0.02407270493 0.5092410381 -8.872883055e-05 0.006031232468 0.2549043754 -0.9999918311 -0.0002530747679 -0.004034057379 0.0001264572517 0.995590574 -0.09380507926 0.004040009201 -0.09380482312 -0.9955824092 2.442179809e-06 -0.1127800968 0
0.09883936047 0.09039057194 -0.08866088313 -0.0007587215567 0.02516638009 0.5091703609 -9.700006562e-05 0.006305906532 0.2548954613 -0.9999902389 -0.0002892059694 -0.00440889786 0.0001445019449 0.9951810235 -0.09805462517 0.004416009467 -0.09805430515 -0.9951712677 2.700239639e-06 -0.1179189746 0
0.1037620956 0.09489251166 -0.09307667499 -0.0008361039332 0.02641576878 0.5090857456 -0.0001069036806 0.006619782161 0.2548847879 -0.9999881464 -0.0003345179921 -0.004857474784 0.0001671291196 0.9946909465 -0.1029072057 0.004866110503 -0.1029067977 -0.9946791 3.010710869e-06 -0.1237919777 0
0.1086848307 0.09939445138 -0.09749246684 -0.0009172314968 0.02766457003 0.5089970351 -0.0001172880526 0.006933616357 0.2548735964 -0.9999857347 -0.0003843175786 -0.005327545804 0.0001919940163 0.9941774312 -0.1077552707 0.005337938047 -0.1077547564 -0.9941631752 3.337955973e-06 -0.1296649809 0
0.1129922239 0.1033336486 -0.1013562847 -0.000991288639 0.02875676744 0.5089160558 -0.0001267686897 0.007208186137 0.2548633789 -0.9999833383 -0.0004317373834 -0.005756455914 0.0002156677069 0.9937089206 -0.1119934578 0.005768593356 -0.1119928333 -0.9936922706 3.638221136e-06 -0.1348038587 0
0.1179149591 0.1078355884 -0.1057720766 -0.001079432514 0.0300043925 0.5088196731 -0.0001380542748 0.007521938649 0.2548512162 -0.9999802437 -0.0004905127842 -0.006266710404 0.0002450066529 0.9931516045 -0.1168324885 0.006281101322 -0.1168317157 -0.9931318633 3.997495421e-06 -0.1406768618 0
0.1228376942 0.1123375281 -0.1101878684 -0.001171315082 0.03125135043 0.5087192023 -0.0001498203911 0.007835645374 0.2548385355 -0.9999767374 -0.0005543736827 -0.006798329526 0.0002768794653 0.9925710104 -0.1216663987 0.006815273456 -0.1216654508 -0.9925477672 4.374179868e-06 -0.146549865 0
0.1271450874 0.1162767253 -0.1140516863 -0.0012547773 0.03234186959 0.5086279389 -0.0001605098618 0.008110099943 0.2548270152 -0.9999733044 -0.000614586212 -0.007280983599 0.0003069271056 0.9920439428 -0.1258917052 0.007300426983 -0.1258905792 -0.9920172709 4.718249639e-06 -0.1516887428 0
0.1320678225 0.1207786651 -0.1184674782 -0.00135366323 0.03358750204 0.5085198101 -0.0001731767424 0.008423716487 0.2548133638 -0.9999689314 -0.0006885391285 -0.007852528284 0.0003438260838 0.991419867 -0.1307154506 0.00787515525 -0.1307140893 -0.9913888283 5.12823462e-06 -0.1575617459 0
0.1369905576 0.1252806048 -0.12288327 -0.001456280535 0.03483238782 0.5084076012 -0.000186323901 0.008737282571 0.2547991947 -0.9999640428 -0.0007681700839 -0.008445291991 0.0003835516172 0.9907726935 -0.1355334747 0.008471477454 -0.1355318406 -0.9907367734 5.556346948e-06 -0.1634347491 0
0.1412979509 0.129219802 -0.1267470879 -0.00154912942 0.03592102867 0.5083060738 -0.0001982215687 0.009011610188 0.2547863723 -0.999959312 -0.0008426658932 -0.008981323741 0.0004207094665 0.990187522 -0.1397443893 0.00901095253 -0.1397424819 -0.9901468787 5.946024683e-06 -0.1685736269 0
0.146220686 0.1337217417 -0.1311628797 -0.001658735595 0.03716444002 0.5081862227 -0.0002122689914 0.009325077136 0.254771233 -0.9999533514 -0.0009334943679 -0.009613724953 0.0004660064243 0.9894972232 -0.1445511264 0.009647691808 -0.1445488633 -0.9894506295 6.408850819e-06 -0.1744466301 0
0.1511434211 0.1382236815 -0.1355786716 -0.001772065004 0.03840702535 0.5080623004 -0.0002267964113 0.009638488767 0.2547555765 -0.99994676 -0.001030587401 -0.01026718357 0.0005144187678 0.9887840265 -0.1493515461 0.01030594693 -0.1493488763 -0.9887308535 6.890592859e-06 -0.1803196332 0
0.1554508143 0.1421628787 -0.1394424895 -0.001874280079 0.03949358826 0.5079505313 -0.0002399015697 0.009912677215 0.2547414527 -0.9999404417 -0.001120841898 -0.01085618643 0.0005594133798 0.9881412541 -0.1535465692 0.0108995471 -0.1535434973 -0.9880817751 7.327861656e-06 -0.185458511 0
0.1603735494 0.1466648184 -0.1438582813 -0.001994582327 0.04073455056 0.5078189845 -0.000255328701 0.01022598048 0.2547248265 -0.9999325517 -0.001230226076 -0.01154896461 0.0006139347976 0.9873853255 -0.1583345888 0.01159806552 -0.1583309997 -0.9873179728 7.845857795e-06 -0.1913315142 0
0.1646809427 0.1506040157 -0.1477220992 -0.002102893772 0.04181965099 0.5077005492 -0.0002692209393 0.01050007144 0.2547098544 -0.9999250285 -0.001331544961 -0.0121722758 0.0006644267153 0.9867052819 -0.162518446 0.01222684945 -0.1625143493 -0.9866304224 8.315310578e-06 -0.1964703919 0
0.1696036778 0.1551059554 -0.1521378911 -0.002230157575 0.04305889356 0.50756139 -0.0002855473931 0.01081326023 0.254692259 -0.9999156809 -0.001453926565 -0.01290415025 0.000725403395 0.9859068975 -0.167293345 0.01296552297 -0.1672885997 -0.9858227121 8.870628187e-06 -0.2023433951 0
0.1745264129 0.1596078951 -0.1565536829 -0.002361129369 0.04429717947 0.5074181763 -0.0003023533189 0.01112638545 0.2546741468 -0.9999054879 -0.001583526909 -0.0136567804 0.0007899631447 0.9850859883 -0.1720609533 0.01372556617 -0.1720554798 -0.9849916348 9.446303097e-06 -0.2082163983 0
0.1788338061 0.1635470924 -0.1604175008 -0.002478768656 0.04537987331 0.5072895413 -0.0003174517262 0.01140031648 0.2546578748 -0.999895837 -0.001703004752 -0.01433230379 0.0008494682852 0.9843492823 -0.1762264702 0.01440810747 -0.1762202888 -0.9842453029 9.966972158e-06 -0.213355276 0
0.1837565413 0.1680490321 -0.1648332926 -0.002616683441 0.04661629156 0.5071387357 -0.0003351563347 0.01171331775 0.2546387941 -0.9998839256 -0.001846673988 -0.01512366357 0.0009210067522 0.9834863707 -0.180979862 0.0152081278 -0.1809727838 -0.9833705123 1.05816941e-05 -0.2192282792 0
0.1886792764 0.1725509718 -0.1692490845 -0.002758295907 0.04785167438 0.5069838867 -0.0003533400597 0.01202625036 0.254619197 -0.9998710241 -0.001998129515 -0.01593557576 0.0009964049694 0.9826011856 -0.1857253815 0.016029419 -0.1857173057 -0.9824724628 1.121772082e-05 -0.2251012824 0
0.1929866696 0.1764901691 -0.1731129024 -0.002885237104 0.04893176347 0.5068450804 -0.0003696437422 0.01230000869 0.2546016261 -0.9998588818 -0.002137194008 -0.01666279993 0.001065619322 0.9818084495 -0.1898710956 0.01676546914 -0.1898620575 -0.981667621 1.179198924e-05 -0.2302401602 0
0.1979094047 0.1809921088 -0.1775286942 -0.003033772468 0.05016513117 0.5066826614 -0.000388725457 0.01261280781 0.2545810612 -0.9998439807 -0.002303774965 -0.01751304609 0.001148510153 0.980881751 -0.1946013142 0.01762654495 -0.1945910666 -0.9807260687 1.246888803e-05 -0.2361131633 0
0.2028321398 0.1854940485 -0.1819444861 -0.003185994392 0.05139738492 0.5065162114 -0.0004082859048 0.01292553316 0.2545599804 -0.9998279344 -0.002478701501 -0.01838362596 0.001235532123 0.9799330493 -0.1993230856 0.01850878508 -0.1993115025 -0.9797613739 1.316808978e-05 -0.2419861665 0
0.2071395331 0.1894332458 -0.185808304 -0.003322209518 0.05247467174 0.5063672642 -0.0004257938972 0.01319910593 0.2545411116 -0.9998129098 -0.002638759552 -0.0191620008 0.001315138369 0.979084963 -0.2034475501 0.01929807601 -0.2034346878 -0.9788983155 1.379846822e-05 -0.2471250443 0
0.2120622682 0.1939351855 -0.1902240958 -0.003481332726 0.05370476341 0.5061932678 -0.000446251589 0.01351168818 0.2545190638 -0.9997945626 -0.002829852007 -0.02007049033 0.001410156573 0.9780952722 -0.2081529487 0.02021989374 -0.2081384888 -0.9778903442 1.45404579e-05 -0.2529980474 0
0.2169850033 0.1984371252 -0.1946398877 -0.00364413056 0.05493366288 0.5060152533 -0.0004671876017 0.01382419153 0.2544965005 -0.999774904 -0.003029840473 -0.02099907971 0.001509571636 0.977083867 -0.2128493318 0.02116276153 -0.2128331198 -0.9768593556 1.5305795e-05 -0.2588710506 0
0.2212923965 0.2023763225 -0.1985037055 -0.0037895896 0.05600795059 0.5058561982 -0.0004858988678 0.01409756584 0.2544763348 -0.9997565799 -0.003212276711 -0.02182801691 0.001600238193 0.9761811573 -0.2169511174 0.02200500584 -0.2169332371 -0.9759383947 1.599491053e-05 -0.2640099284 0
0.2262151317 0.2068782622 -0.2029194974 -0.003959265587 0.05723454154 0.5056706627 -0.0005077313256 0.01440991644 0.2544528054 -0.9997342995 -0.003429454426 -0.02279406338 0.001708142126 0.9751293221 -0.221630069 0.0229872298 -0.2216101173 -0.9748643717 1.680503423e-05 -0.2698829315 0
0.2311378668 0.2113802019 -0.2073352893 -0.004132603463 0.05845986234 0.5054811229 -0.0005300416643 0.014722183 0.2544287609 -0.9997105314 -0.003656069141 -0.02377996089 0.001820702594 0.9740560798 -0.2262994442 0.0239903819 -0.2262772339 -0.9737674645 1.76395919e-05 -0.2757559347 0
0.23544526 0.2153193992 -0.2111991071 -0.004287274368 0.05953095485 0.505311995 -0.0005499550966 0.01499534589 0.2544072996 -0.9996884639 -0.003862244441 -0.02465883455 0.001923082676 0.9730995197 -0.2303771399 0.02488527288 -0.2303527901 -0.9727889367 1.839017755e-05 -0.2808948125 0
0.2403679951 0.2198213389 -0.215614899 -0.004467465756 0.06075382126 0.5051149611 -0.0005731610284 0.01530745004 0.25438229 -0.9996617338 -0.004107053487 -0.02568170875 0.002044612972 0.9719864404 -0.2350280391 0.0259275454 -0.2350010462 -0.9716492529 1.927159574e-05 -0.2867678156 0
0.2446753883 0.2237605362 -0.2194787169 -0.00462812617 0.06182272467 0.5049392838 -0.0005938578518 0.01558046806 0.2543599844 -0.9996369737 -0.004329432013 -0.02659279477 0.002154976586 0.9709951985 -0.2390892731 0.02685659679 -0.2390597842 -0.970633372 2.006378922e-05 -0.2919066934 0
0.2495981235 0.2282624759 -0.2238945087 -0.00481515419 0.06304304186 0.5047347743 -0.0006179587926 0.01589240349 0.2543340102 -0.9996070493 -0.004593080538 -0.02765231759 0.002285783762 0.9698426873 -0.2437210231 0.02793782829 -0.2436884599 -0.9694510881 2.099345767e-05 -0.2977796966 0
0.2545208586 0.2327644156 -0.2283103006 -0.00500582129 0.0642619608 0.5045262856 -0.000642536825 0.01620424636 0.2543075217 -0.9995753235 -0.004867037651 -0.02873124821 0.002421662284 0.9686693161 -0.2483422871 0.02903976982 -0.2483063994 -0.9682461587 2.194943729e-05 -0.3036526998 0
0.2588282518 0.2367036128 -0.2321741184 -0.005175636196 0.06532734676 0.5043405981 -0.0006644338292 0.01647703153 0.2542839227 -0.9995460312 -0.005115347743 -0.02969115571 0.00254478288 0.9676255999 -0.2523771432 0.0300209192 -0.2523381294 -0.9671733107 2.280782268e-05 -0.3087915775 0
0.2637509869 0.2412055526 -0.2365899103 -0.005373112807 0.06654357163 0.5041246634 -0.0006899059311 0.016788696 0.2542564707 -0.9995107398 -0.00540911693 -0.03080620958 0.002690398456 0.966413445 -0.2569782387 0.03116156047 -0.2569353904 -0.9659260646 2.381423565e-05 -0.3146645807 0
0.268673722 0.2457074923 -0.2410057022 -0.005574213636 0.06775832116 0.5039047657 -0.0007158546094 0.01710026275 0.254228505 -0.9994734441 -0.005713707889 -0.03194038393 0.002841327266 0.9651807844 -0.2615683089 0.03232276973 -0.2615213316 -0.9646563283 2.484813993e-05 -0.3205375839 0
0.2729811153 0.2496466895 -0.24486952 -0.005753145644 0.06881999575 0.503709109 -0.0007389504985 0.01737280207 0.2542036139 -0.999439109 -0.005989240472 -0.03294839015 0.002977813307 0.9640854856 -0.2655754302 0.03335565983 -0.2655245855 -0.9635269039 2.577568576e-05 -0.3256764616 0
0.2779038504 0.2541486293 -0.2492853119 -0.00596102737 0.07003190701 0.5034817966 -0.0007657922539 0.01768418075 0.2541746858 -0.9993978581 -0.006314595058 -0.03411813581 0.003138925888 0.962814722 -0.2701443286 0.03455529549 -0.2700887577 -0.9622151498 2.686226418e-05 -0.3315494648 0
0.2828265855 0.258650569 -0.2537011037 -0.006172517656 0.0712422662 0.5032505384 -0.0007931100423 0.01799545653 0.2541452446 -0.9993543903 -0.0066512731 -0.03530670061 0.003305586237 0.9615238244 -0.2747016713 0.03577534963 -0.2746410306 -0.9608810689 2.797754327e-05 -0.337422468 0
0.2871339787 0.2625897662 -0.2575649216 -0.00636052738 0.07230003641 0.5030449554 -0.0008174034492 0.01826773702 0.2541190629 -0.9993144778 -0.00695529018 -0.03636204746 0.003456027695 0.9603778775 -0.2786797234 0.03685960431 -0.2786143505 -0.9596954794 2.897729156e-05 -0.3425613457 0
0.2920567139 0.267091706 -0.2619807135 -0.006578768465 0.07350741382 0.5028063154 -0.0008456132695 0.01857881505 0.2540886603 -0.9992666474 -0.007313661342 -0.03758560558 0.003633304429 0.9590495893 -0.2832149084 0.03811779752 -0.283143772 -0.958319695 3.014753758e-05 -0.3484343489 0
0.296979449 0.2715936457 -0.2663965053 -0.006800601664 0.07471316283 0.5025637475 -0.0008742985511 0.01888978502 0.2540577454 -0.9992163783 -0.007683845614 -0.03882766771 0.003816355774 0.9577015554 -0.2877380165 0.03939625226 -0.2876607189 -0.9569217555 3.134771993e-05 -0.3543073521 0
0.3012868422 0.2755328429 -0.2702603232 -0.00699764773 0.0757668366 0.5023482835 -0.0008997880379 0.0191617937 0.2540302746 -0.9991703301 -0.008017578928 -0.03992956254 0.003981323273 0.9565059374 -0.2916856884 0.04053147668 -0.291602658 -0.9556804326 3.242277889e-05 -0.3594462298 0
0.3062095773 0.2800347827 -0.2746761151 -0.007226200153 0.07696946104 0.5020983684 -0.0009293642532 0.01947255625 0.2539983994 -0.9991152737 -0.008410362759 -0.04120601449 0.004175408881 0.9551212564 -0.2961856706 0.04184776927 -0.2960956793 -0.9542411189 3.368026772e-05 -0.365319233 0
0.3105169706 0.2839739799 -0.2785399329 -0.007429116253 0.07802036023 0.5018764857 -0.0009556329837 0.01974438067 0.2539700888 -0.9990649122 -0.008764124838 -0.04233782349 0.004350147731 0.9538937901 -0.3001128346 0.04301601326 -0.3000163785 -0.9529636904 3.480614548e-05 -0.3704581108 0
0.3154397057 0.2884759196 -0.2829557248 -0.007664366516 0.07921976741 0.5016192467 -0.000986099388 0.02005492947 0.2539372542 -0.9990047826 -0.009180086498 -0.04364825819 0.004555531901 0.9524729633 -0.3045890695 0.04436993982 -0.3044847782 -0.9514832254 3.612248951e-05 -0.376331114 0
0.3203624408 0.2929778593 -0.2873715166 -0.007903180001 0.08041742093 0.5013581114 -0.001017040248 0.02036536171 0.2539039083 -0.9989418277 -0.009608642507 -0.04497664695 0.004767047733 0.9510330682 -0.3090523879 0.04574385245 -0.3089397631 -0.9499809065 3.747086201e-05 -0.3822041171 0
0.324669834 0.2969170566 -0.2912353345 -0.008115059764 0.08146390859 0.5011264272 -0.001044502527 0.02063689288 0.2538743114 -0.9988843585 -0.009994086052 -0.04615362051 0.004957210783 0.9497576342 -0.3129470598 0.04696237327 -0.3128267163 -0.9486485024 3.867731317e-05 -0.3873429949 0
0.3295925691 0.3014189963 -0.2956511264 -0.008360537093 0.08265820335 0.5008580052 -0.00107633239 0.02094710171 0.2538400073 -0.9988158782 -0.01044668613 -0.04751534761 0.005180417372 0.9482823865 -0.317385694 0.04837359595 -0.31725602 -0.9471053864 4.008694747e-05 -0.3932159981 0
0.3345153043 0.305920936 -0.3000669182 -0.008609559124 0.0838506692 0.5005857071 -0.001108636062 0.02125718882 0.2538051926 -0.9987443273 -0.01091233579 -0.04889467867 0.005409960483 0.9467885011 -0.3218109172 0.04980462832 -0.3216713463 -0.9455406094 4.152990342e-05 -0.3990890012 0
0.3388226975 0.3098601333 -0.3039307361 -0.008830355961 0.08489255604 0.5003442724 -0.001137290265 0.02152841379 0.2537743111 -0.9986791328 -0.01133060597 -0.05011593605 0.005616063054 0.9454661834 -0.325671853 0.05107298223 -0.325523138 -0.9441537148 4.282018093e-05 -0.404227879 0
0.3437454326 0.314362073 -0.3083465279 -0.009086006385 0.08608152245 0.5000647264 -0.001170481703 0.02183826784 0.2537385396 -0.9986015884 -0.01182114035 -0.05152793708 0.005857672788 0.9439377676 -0.3300714748 0.05254098713 -0.3299117328 -0.9425485097 4.43268404e-05 -0.4101008822 0
0.3486681677 0.3188640127 -0.3127623198 -0.00934518222 0.08726858515 0.4997813255 -0.001204146275 0.02214799503 0.2537022582 -0.9985207196 -0.01232516569 -0.05295717934 0.00610581504 0.9423911603 -0.3344572019 0.05402861812 -0.3342857927 -0.9409218444 4.586813243e-05 -0.4159738853 0
0.3529755609 0.32280321 -0.3166261377 -0.009574847598 0.088305683 0.4995301933 -0.001233990704 0.02241890084 0.2536700939 -0.9984471615 -0.01277737275 -0.05422180808 0.006328350161 0.9410230809 -0.3382831849 0.05534634324 -0.3381010203 -0.9394809643 4.724553387e-05 -0.4211127631 0
0.3578982961 0.3273051497 -0.3210419295 -0.009840614931 0.08948910644 0.4992395848 -0.001268541751 0.02272838533 0.2536328571 -0.9983598156 -0.013307097 -0.05568302862 0.006588918004 0.9394427935 -0.3426424139 0.0568705958 -0.3424473081 -0.9378142548 4.885300265e-05 -0.4269857663 0
0.3628210312 0.3318070894 -0.3254577214 -0.01010988761 0.09067055184 0.4989451432 -0.00130356523 0.02303773782 0.2535951112 -0.9982688836 -0.01385073919 -0.05716111538 0.006856205201 0.9378447755 -0.3469872757 0.05841428368 -0.3467785087 -0.9361262935 5.049643079e-05 -0.4328587694 0
0.3671284244 0.3357462867 -0.3293215393 -0.01034837107 0.0917026737 0.4986843688 -0.00133459812 0.02330831155 0.253561666 -0.9981863032 -0.01433795727 -0.05846817215 0.007095642854 0.9364320937 -0.3507771169 0.05978090017 -0.3505557829 -0.9346319527 5.196429378e-05 -0.4379976472 0
0.3720511595 0.3402482264 -0.3337373311 -0.01062419692 0.09288034091 0.4983827615 -0.00137050673 0.02361741171 0.2535229661 -0.9980883958 -0.01490808522 -0.0599775228 0.007375697159 0.9348012732 -0.3550946053 0.06136084532 -0.354858181 -0.9329043456 5.367640015e-05 -0.4438706504 0
0.3769738946 0.3447501661 -0.338153123 -0.01090350729 0.09405595622 0.4980773441 -0.001406887042 0.02392637473 0.2534837578 -0.9979866325 -0.01549254329 -0.06150335276 0.007662648203 0.9331531972 -0.3593972653 0.06296002796 -0.3591449451 -0.931155703 5.542580697e-05 -0.4497436536 0
0.3812812879 0.3486893634 -0.3420169408 -0.01115075644 0.09508291631 0.4978069846 -0.001439106554 0.02419660347 0.2534490337 -0.9978943516 -0.01601580926 -0.06285186423 0.0079194346 0.9316971084 -0.3631498049 0.06437503817 -0.3628828903 -0.9296084457 5.698750503e-05 -0.4548825313 0
0.386204023 0.3531913031 -0.3464327327 -0.01143658023 0.09625461542 0.4974944449 -0.001476370601 0.02450530455 0.253408873 -0.9977851005 -0.01662751172 -0.06440822168 0.008219476286 0.930017134 -0.3674242379 0.06601010056 -0.367139832 -0.9278205701 5.880811689e-05 -0.4607555345 0
0.3905114162 0.3571305004 -0.3502965506 -0.011689517 0.09727810965 0.4972178662 -0.001509362973 0.02477530135 0.2533733159 -0.9976861189 -0.01717482755 -0.06578323056 0.008487805848 0.9285333968 -0.3711518397 0.06745639536 -0.3708513938 -0.9262391044 6.043284474e-05 -0.4658944123 0
0.3954341513 0.3616324401 -0.3547123424 -0.01198182752 0.09844580309 0.4968982335 -0.001547509818 0.02508373422 0.2533322037 -0.9975690383 -0.01781425357 -0.06736962371 0.008801139242 0.9268221275 -0.3753975013 0.06912708425 -0.3750778538 -0.9244122727 6.2326322e-05 -0.4717674154 0
0.4003568865 0.3661343798 -0.3591281343 -0.0122775865 0.09961132371 0.49657483 -0.001586127096 0.02539202149 0.2532905845 -0.9974476403 -0.01846865709 -0.06897183175 0.009121641001 0.9250944178 -0.3796275988 0.07081666848 -0.3792877889 -0.9225647797 6.425934287e-05 -0.4776404186 0
0.4046642797 0.3700735771 -0.3629919522 -0.01253919825 0.100629352 0.4962887654 -0.001620302899 0.02566165202 0.253253752 -0.9973377971 -0.01905364927 -0.07038662396 0.009408002577 0.9235693242 -0.3833160483 0.07231049627 -0.3829577808 -0.9209313385 6.598354851e-05 -0.4827792964 0
0.4095870148 0.3745755168 -0.367407744 -0.01284140187 0.1017907305 0.4959583149 -0.001659801492 0.02596966149 0.253211183 -0.9972080349 -0.01973648662 -0.07201809645 0.009742088751 0.9218112652 -0.3875165584 0.07403530797 -0.3871362324 -0.9190453257 6.799199799e-05 -0.4886522995 0
0.4145097499 0.3790774565 -0.3718235359 -0.01314703113 0.1029498638 0.4956241185 -0.001699769713 0.02627752026 0.2531681078 -0.9970736667 -0.02043467224 -0.07366496706 0.01008349429 0.9200372767 -0.3917010755 0.07577879878 -0.3912976279 -0.9171388881 7.004136335e-05 -0.4945253027 0
0.4188171431 0.3830166538 -0.3756873537 -0.01341726046 0.1039622438 0.4953286309 -0.001735126924 0.02654677165 0.253130002 -0.996952236 -0.02105827349 -0.07511849422 0.01038826771 0.9184721116 -0.3953492938 0.07731961556 -0.3949247135 -0.9154540664 7.186849889e-05 -0.4996641805 0
0.4237398783 0.3875185935 -0.3801031456 -0.01372929088 0.1051170996 0.4949874351 -0.001775974925 0.02685434305 0.2530859786 -0.9968089563 -0.0217855729 -0.07679383788 0.01074353106 0.9166687434 -0.3995034311 0.07909792199 -0.3990536352 -0.9135095593 7.399587523e-05 -0.5055371837 0
0.4286626134 0.3920205332 -0.3845189375 -0.01404472338 0.1062696381 0.4946425192 -0.001817291722 0.02716175863 0.2530414499 -0.9966607754 -0.02252857501 -0.07848415234 0.01110625436 0.914849969 -0.4036411592 0.08089468447 -0.4031649757 -0.9115448713 7.616554943e-05 -0.5114101868 0
0.4329700066 0.3959597304 -0.3883827553 -0.01432351102 0.1072761889 0.4943376733 -0.001853828247 0.02743061805 0.2530020731 -0.9965270148 -0.02319167688 -0.07997533954 0.01142979324 0.9132460487 -0.4072480992 0.08248192916 -0.4067478341 -0.9098092826 7.809909136e-05 -0.5165490646 0
0.4378927417 0.4004616702 -0.3927985472 -0.01464529981 0.1084243156 0.493985807 -0.001896023236 0.02773773671 0.2529565979 -0.996369363 -0.02396444169 -0.08169331625 0.011806628 0.9113988871 -0.4113546792 0.08431308274 -0.4108257223 -0.9078069894 8.034937616e-05 -0.5224220678 0
0.4428154769 0.4049636099 -0.397214339 -0.01497046639 0.1095700536 0.4936302471 -0.001938686162 0.02804469446 0.2529106184 -0.9962065088 -0.02475324687 -0.08342582631 0.01219105262 0.9095368546 -0.4154444469 0.08616246261 -0.4148855107 -0.9057847664 8.264334959e-05 -0.5282950709 0
0.4471228701 0.4089028071 -0.4010781569 -0.01525775121 0.1105705957 0.4933161099 -0.001976399835 0.02831314911 0.2528699729 -0.9960596603 -0.02545669877 -0.08495357309 0.01253368378 0.9078955257 -0.4190090943 0.0877955572 -0.4184228374 -0.9039990428 8.468679643e-05 -0.5334339487 0
0.4520456052 0.4134047469 -0.4054939488 -0.01558922784 0.1117117886 0.4929536502 -0.002019939314 0.0286198004 0.2528230487 -0.9958867647 -0.02627588382 -0.08671291593 0.01293245329 0.9060061204 -0.4230669703 0.08967889112 -0.4224482071 -0.9019396925 8.706399572e-05 -0.5393069519 0
0.4569683403 0.4179066866 -0.4099097406 -0.01592405723 0.1128505222 0.4925875244 -0.00206394584 0.0289262857 0.252775621 -0.9957083595 -0.0271114298 -0.08848634492 0.01333893171 0.9041023909 -0.4271076441 0.09158021491 -0.4264549649 -0.8998606709 8.948628232e-05 -0.545179955 0
0.4612757335 0.4218458838 -0.4137735585 -0.01621977628 0.1138448774 0.4922641645 -0.002102834428 0.02919432278 0.2527337092 -0.9955476503 -0.02785603811 -0.09004952633 0.01370095457 0.9024250287 -0.4306290182 0.09325856473 -0.4299454717 -0.8980254626 9.164315257e-05 -0.5503188328 0
0.4661984687 0.4263478236 -0.4181893504 -0.01656086812 0.1149789337 0.4918911909 -0.002147715816 0.0295004921 0.2526853387 -0.9953586224 -0.02872254869 -0.09184894076 0.01412199071 0.9004949618 -0.434637082 0.09519339315 -0.4339168571 -0.8959098052 9.415129447e-05 -0.556191836 0
0.4705058619 0.4302870208 -0.4220531682 -0.01686205297 0.1159691587 0.4915618543 -0.002187369416 0.02976824999 0.2526426023 -0.9951884508 -0.02949441167 -0.09343461442 0.01449680836 0.8987948537 -0.4381297223 0.09690092899 -0.4373761433 -0.8940426831 9.638404082e-05 -0.5613307137 0
0.475428597 0.4347889605 -0.4264689601 -0.01720937548 0.1170984522 0.4911820677 -0.002233124535 0.03007409712 0.2525932901 -0.9949884159 -0.03039225043 -0.09525945243 0.01493252973 0.8968391354 -0.4421047216 0.09886896237 -0.4413115412 -0.8918907175 9.897975988e-05 -0.5672037169 0
0.4803513321 0.4392909003 -0.4308847519 -0.01756000782 0.1182251706 0.4907986618 -0.002279345173 0.0303797699 0.2525434761 -0.9947823521 -0.0313069413 -0.0970976175 0.01537613223 0.8948700197 -0.4460619043 0.1008545807 -0.4452274961 -0.8897195233 0.0001016228926 -0.5730767201 0
0.4846587254 0.4432300975 -0.4347485698 -0.01786951892 0.1192089179 0.4904602208 -0.002320169842 0.03064708916 0.2524994776 -0.9945970133 -0.03212119628 -0.09871681628 0.01577077485 0.8931362095 -0.4495097262 0.1026063532 -0.4486378718 -0.8878040303 0.0001039749145 -0.5782155979 0
0.4895814605 0.4477320372 -0.4391643617 -0.01822633211 0.1203307432 0.4900700563 -0.002367262434 0.03095243027 0.2524487239 -0.9943793453 -0.03306774512 -0.1005795298 0.01622924048 0.89114251 -0.4534331688 0.1046247071 -0.4525169069 -0.8855970413 0.0001067082746 -0.584088601 0
0.4945041956 0.452233977 -0.4435801535 -0.0185864282 0.1214499243 0.4896763021 -0.002414819583 0.03125759196 0.2523974694 -0.9941553274 -0.03403141958 -0.1024550994 0.01669567639 0.8891359875 -0.4573384416 0.1066603923 -0.4563760054 -0.8833711012 0.0001094904647 -0.5899616042 0
0.4988115888 0.4561731742 -0.4474439714 -0.01890419781 0.12242702 0.4893288306 -0.002456812904 0.03152445988 0.2523522113 -0.9939540143 -0.03488875457 -0.1041066384 0.01711036821 0.88736992 -0.4607405565 0.1084557636 -0.4597362286 -0.8814079347 0.0001119653254 -0.595100482 0
0.5037343239 0.4606751139 -0.4518597633 -0.0192704236 0.1235411789 0.4889283738 -0.002505240177 0.03182928044 0.252300019 -0.9937177863 -0.03588478272 -0.1060058656 0.01759182354 0.8853398993 -0.4646114402 0.1105237029 -0.4635574884 -0.8791467261 0.0001148404041 -0.6009734851 0
0.5086570591 0.4651770536 -0.4562755551 -0.01963990467 0.1246526251 0.4885243574 -0.002554131019 0.03213391654 0.2522473271 -0.993474883 -0.0368981917 -0.1079174696 0.01808132668 0.8832976392 -0.4684638153 0.1126087138 -0.4673583251 -0.8768668505 0.0001177657351 -0.6068464883 0
0.5129644523 0.4691162509 -0.460139373 -0.01996586327 0.1256228967 0.4881679315 -0.002597290501 0.03240032043 0.2522008121 -0.9932567771 -0.03779924868 -0.1096001435 0.01851626271 0.8815007826 -0.4718193704 0.11444703 -0.4706671723 -0.8748567256 0.000120367012 -0.6119853661 0
0.5178871874 0.4736181906 -0.4645551648 -0.02034142157 0.1267291928 0.4877572699 -0.002647049586 0.03270460596 0.2521471843 -0.9930010497 -0.03884547247 -0.1115344993 0.01902091961 0.8794361271 -0.4756367343 0.1165638018 -0.4744292652 -0.8725421207 0.000123387903 -0.6178583692 0
0.5228099225 0.4781201303 -0.4689709567 -0.02072020681 0.1278327085 0.4873430796 -0.002697271223 0.03300870199 0.252093058 -0.9927383176 -0.03990931369 -0.113480745 0.01953369005 0.8773598245 -0.479435265 0.1186973789 -0.4781704561 -0.8702091399 0.0001264604735 -0.6237313724 0
0.5271173157 0.4820593276 -0.4728347746 -0.02105428314 0.1287959853 0.4869777773 -0.002741594309 0.03327462921 0.2520452889 -0.9925025901 -0.04085468785 -0.115193329 0.01998903564 0.875533669 -0.4827434442 0.1205779707 -0.4814267223 -0.8681527884 0.0001291917574 -0.6288702502 0
0.5320400509 0.4865612673 -0.4772505664 -0.02143909185 0.1298942243 0.4865570006 -0.002792682256 0.03357836524 0.2519902289 -0.9922264126 -0.04195176991 -0.1171614066 0.02051707193 0.8734360895 -0.4865063692 0.1227428041 -0.4851282784 -0.8657856302 0.0001323625688 -0.6347432533 0
0.5363474441 0.4905004646 -0.4811143843 -0.02177842312 0.1308528481 0.4861859521 -0.002837762802 0.03384397478 0.2519416433 -0.9919787418 -0.04292634467 -0.1188928285 0.02098580288 0.8715916387 -0.489783229 0.1246505989 -0.4883496127 -0.8636995334 0.00013518058 -0.6398821311 0
0.5412701792 0.4950024043 -0.4855301762 -0.02216921954 0.1319457286 0.485758628 -0.002889715772 0.03414734468 0.2518856509 -0.9916887101 -0.04405692623 -0.1208821308 0.02152916598 0.8694735199 -0.4935101754 0.1268463531 -0.4920109607 -0.8612985645 0.0001384513856 -0.6457551343 0
0.5461929143 0.499504344 -0.489945968 -0.02256319459 0.1330357179 0.4853278282 -0.002942129552 0.03445051681 0.2518291619 -0.9913911214 -0.04520547471 -0.1228825029 0.02208072497 0.8673447504 -0.4972177849 0.1290584598 -0.495650632 -0.858879715 0.0001417762393 -0.6516281375 0
0.5505003076 0.5034435413 -0.4938097859 -0.02291052206 0.1339870688 0.4849480361 -0.002988369324 0.03471562882 0.2517793268 -0.9911244399 -0.04622524578 -0.1246417715 0.02257007264 0.865473507 -0.5004460015 0.1310073905 -0.4988174368 -0.8567486378 0.0001447302159 -0.6567670152 0
0.5554230427 0.507945481 -0.4982255777 -0.02331042894 0.1350715751 0.48451075 -0.003041646109 0.03501842544 0.2517219076 -0.9908123653 -0.04740766074 -0.1266624271 0.02313703313 0.8633253404 -0.5041170839 0.1332498946 -0.5024160331 -0.85429655 0.0001481577586 -0.6626400184 0
0.5603457778 0.5124474207 -0.5026413696 -0.0237134843 0.1361531242 0.4840700211 -0.003095382616 0.03532101929 0.2516639929 -0.9904923954 -0.04860822868 -0.1286936471 0.02371222325 0.8611671358 -0.5077685444 0.135508469 -0.5059924943 -0.85182689 0.000151640789 -0.6685130216 0
0.564653171 0.516386618 -0.5065051875 -0.02406873213 0.137097036 0.4836815683 -0.003142778871 0.03558562121 0.2516129113 -0.990205852 -0.04967366409 -0.1304794916 0.02422227246 0.8592706412 -0.510947401 0.137497826 -0.5091036164 -0.8496516084 0.000154734352 -0.6736518993 0
0.5695759061 0.5208885577 -0.5109209793 -0.02447766218 0.138172979 0.4832344157 -0.003197376313 0.03588783018 0.2515540686 -0.9898707591 -0.05090842917 -0.1325300421 0.0248129158 0.8570941946 -0.5145618143 0.1397862634 -0.5126381505 -0.8471492945 0.0001583227739 -0.6795249025 0
0.5744986413 0.5253904974 -0.5153367712 -0.02488970991 0.1392458996 0.4827838539 -0.003252432358 0.0361898314 0.2514947316 -0.9895274299 -0.05216151382 -0.1345906458 0.02541181019 0.8549083293 -0.5181563359 0.142090483 -0.5161500993 -0.8446297234 0.0001619681269 -0.6853979057 0
0.5788060345 0.5293296947 -0.5192005891 -0.02525280059 0.1401822079 0.4823868252 -0.003300982286 0.03645391068 0.2514424066 -0.9892201668 -0.05327303267 -0.13640178 0.02594261481 0.8529881412 -0.5212851539 0.1441195418 -0.5192044057 -0.8424110296 0.0001652049072 -0.6905367834 0
0.5837287696 0.5338316344 -0.5236163809 -0.02567066461 0.1412494006 0.4819299036 -0.003356897147 0.0367555177 0.2513821439 -0.9888610731 -0.05456060844 -0.1384807501 0.02655699097 0.8507852007 -0.5248421368 0.1464530791 -0.5226735906 -0.8398594009 0.0001689583617 -0.6964097866 0
0.5886515047 0.5383335741 -0.5280321728 -0.02609161482 0.1423135063 0.4814696072 -0.003413269467 0.03705691198 0.2513213881 -0.9884933998 -0.05586665072 -0.1405692566 0.02717962716 0.8485734665 -0.5283789737 0.1488021049 -0.526119748 -0.8372908362 0.0001727701942 -0.7022827898 0
0.592958898 0.5422727714 -0.5318959906 -0.0264624692 0.1432420488 0.4810640891 -0.003462970189 0.03732045612 0.2512678226 -0.9881645536 -0.05702462261 -0.1424043803 0.02773120983 0.8466311576 -0.5314571131 0.1508701266 -0.5291161266 -0.8350295381 0.0001761538322 -0.7074216676 0
0.5978816331 0.5467747111 -0.5363117825 -0.02688917607 0.1443003062 0.4805974981 -0.003520199152 0.03762144689 0.2512061435 -0.9877804704 -0.05836541295 -0.1445102792 0.02836933294 0.8444035254 -0.5349559488 0.153247914 -0.532518699 -0.8324295238 0.0001800764829 -0.7132946707 0
0.6028043682 0.5512766508 -0.5407275744 -0.02731893703 0.1453554128 0.4801275674 -0.003577884403 0.03792221998 0.2511439725 -0.9873874627 -0.0597247969 -0.1466251924 0.02901571258 0.8421677301 -0.5384343997 0.1556408907 -0.5358978102 -0.8298129007 0.0001840589622 -0.7191676739 0
0.6071117614 0.5552158481 -0.5445913922 -0.02769747427 0.146276029 0.4797136484 -0.00362873297 0.03818521651 0.2510891698 -0.9870361654 -0.06092954157 -0.1484829926 0.02958806444 0.8402048862 -0.5414612596 0.1577471222 -0.5388351698 -0.8275098218 0.000187593107 -0.7243065517 0
0.6120344965 0.5597177878 -0.5490071841 -0.02813293105 0.1473251683 0.4792374896 -0.003687272641 0.0384855768 0.2510260779 -0.9866260996 -0.0623238932 -0.1506143151 0.0302499126 0.8379543794 -0.5449012762 0.1601682939 -0.5421698906 -0.8248623687 0.0001916891275 -0.7301795548 0
0.6163418898 0.563656985 -0.552871002 -0.02851643454 0.1482405296 0.4788181401 -0.003738868183 0.03874820949 0.25097047 -0.986259691 -0.06355929018 -0.1524861913 0.03083578972 0.8359790031 -0.5478943881 0.1622990326 -0.545068182 -0.8225324924 0.0001953233989 -0.7353184326 0
0.6212646249 0.5681589247 -0.5572867938 -0.02895754681 0.149283625 0.4783357971 -0.003798260797 0.03904815095 0.2509064587 -0.985832143 -0.06498873247 -0.1546332775 0.03151308164 0.8337145632 -0.5512957036 0.1647480244 -0.548357996 -0.8198546192 0.0001995347395 -0.7411914358 0
0.62618736 0.5726608645 -0.5617025857 -0.02940165867 0.1503234658 0.4778501742 -0.003858107704 0.03934786656 0.2508419577 -0.9853950975 -0.06643693451 -0.1567885057 0.03219859663 0.8314430115 -0.554676274 0.1672116987 -0.551623651 -0.8171606914 0.0002038083125 -0.7470644389 0
0.6304947532 0.5766000617 -0.5655664035 -0.02979270797 0.1512306397 0.4774225736 -0.00391084607 0.03960993111 0.2507851179 -0.9850047968 -0.06771952221 -0.1586808641 0.03280515875 0.8294497451 -0.5576172002 0.1693793726 -0.5544611679 -0.8147904279 0.0002075991376 -0.7522033167 0
0.6354174883 0.5811020014 -0.5699821954 -0.0302424125 0.1522643199 0.4769308353 -0.003971543613 0.03990921865 0.2507197 -0.9845496176 -0.06920297226 -0.1608508597 0.03350605989 0.8271654595 -0.5609586853 0.1718702836 -0.5576811376 -0.8120667179 0.0002119907636 -0.7580763199 0
0.6403402235 0.5856039412 -0.5743979873 -0.03069508282 0.1532946838 0.476435854 -0.004032694204 0.04020827542 0.2506537937 -0.9840845932 -0.07070525589 -0.1630284643 0.03421514699 0.8248747035 -0.5642792281 0.1743755634 -0.5608765375 -0.8093272963 0.0002164460809 -0.763949323 0
0.6446476167 0.5895431384 -0.5782618051 -0.03109359285 0.154193515 0.4760000953 -0.004086572267 0.04046975946 0.2505957255 -0.9836695255 -0.07203522 -0.1649399637 0.03484230081 0.8228651602 -0.5671674728 0.1765793833 -0.5636522467 -0.8069175089 0.0002203971298 -0.7690882008 0
0.6495703518 0.5940450781 -0.582677597 -0.03155179185 0.1552176033 0.4754990685 -0.004148571136 0.04076837895 0.2505289048 -0.983185715 -0.07357287105 -0.1671313327 0.03556669257 0.8205628756 -0.5704485757 0.1791113065 -0.5668011995 -0.8041489539 0.0002249732382 -0.774961204 0
0.6544930869 0.5985470179 -0.5870933888 -0.03201292218 0.1562383143 0.4749948364 -0.004211021783 0.04106676278 0.2504615972 -0.9826917113 -0.0751294092 -0.1693297742 0.03629922044 0.8182547649 -0.5737085552 0.1816572794 -0.5699251807 -0.8013650362 0.0002296144996 -0.7808342072 0
0.6588004802 0.6024862151 -0.5909572067 -0.03241880632 0.1571286494 0.4745510144 -0.004266036345 0.04132765397 0.2504023038 -0.9822510012 -0.07650688435 -0.1712590649 0.03694684055 0.8162305653 -0.5765436629 0.1838964427 -0.5726380715 -0.7989166023 0.0002337294495 -0.7859730849 0
