0.00513645612 0.005000391397 -0.002030543833 -2.183159125e-06 0.001309790702 0.5099977574 -2.739159907e-07 0.0003260543796 0.2549997222 -0.9999999999 -4.280285467e-08 -1.271404549e-05 2.217576445e-08 0.9999869401 -0.005110730503 1.27140982e-05 -0.005110730503 -0.9999869401 2.735219177e-08 -0.002700623298 0
0.009962321593 0.009698419694 -0.003938304972 -8.212516576e-06 0.002540351083 0.509991564 -1.034791338e-06 0.0006332925869 0.2549989504 -0.9999999989 -3.153545342e-07 -4.782636533e-05 1.587251609e-07 0.999950873 -0.009912193813 4.782714162e-05 -0.009912193809 -0.9999508719 6.859376886e-08 -0.005237945613 0
0.01478818707 0.01439644799 -0.005846066111 -1.809589071e-05 0.00377085385 0.5099814117 -2.288356708e-06 0.0009412093005 0.2549976787 -0.9999999944 -1.032853235e-06 -0.0001053802513 5.177405472e-07 0.9998917548 -0.014713212 0.0001053840409 -0.01471321197 -0.9998917493 8.638087778e-08 -0.007775267927 0
0.01961405254 0.01909447629 -0.007753827249 -3.183301253e-05 0.005001271094 0.5099673008 -4.035595543e-06 0.001249403687 0.2549959062 -0.9999999828 -2.410761127e-06 -0.0001853704648 1.206937371e-06 0.9998095922 -0.0195135695 0.0001853822114 -0.01951356939 -0.999809575 7.298178844e-08 -0.01031259024 0
0.02443991801 0.02379250458 -0.009661588388 -4.942350817e-05 0.00623157491 0.5099492316 -6.276012929e-06 0.001557665369 0.2549936332 -0.9999999586 -4.664452204e-06 -0.0002877897256 2.333972958e-06 0.9997043941 -0.02431305083 0.0002878180603 -0.02431305049 -0.9997043527 3.322376355e-08 -0.01284991256 0
0.02995519284 0.02916167978 -0.01184188683 -7.424472977e-05 0.007637461733 0.509923735 -9.439639073e-06 0.001909948397 0.2549904237 -0.9999999065 -8.588611776e-06 -0.0004322923978 4.296142295e-06 0.9995559761 -0.02979682313 0.000432356363 -0.02979682221 -0.9995558826 4.676170567e-08 -0.01574970949 0
0.03478105831 0.03385970808 -0.01374964797 -0.0001000907085 0.008867428543 0.5098971857 -1.273511774e-05 0.002218156371 0.2549870803 -0.9999998301 -1.344363811e-05 -0.0005827398973 6.723539786e-06 0.9994014588 -0.0345937017 0.0005828561686 -0.03459369975 -0.9994012889 1.328489449e-07 -0.0182870318 0
0.03960692378 0.03855773637 -0.01565740911 -0.0001297882033 0.01009719425 0.5098666802 -1.652248125e-05 0.002526322658 0.2549832379 -0.9999997144 -1.985044241e-05 -0.0007555802805 9.926537778e-06 0.9992239511 -0.03938902749 0.0007557758028 -0.03938902374 -0.9992236655 2.379686681e-07 -0.02082435412 0
0.04443278926 0.04325576467 -0.01756517025 -0.0001633364061 0.01132673097 0.5098322191 -2.080156325e-05 0.002834448294 0.2549788966 -0.9999995476 -2.802372721e-05 -0.0009507978194 1.401235102e-05 0.9990234727 -0.0441825855 0.0009511075 -0.04418257883 -0.9990230203 3.603176087e-07 -0.02336167643 0
0.04925865473 0.04795379297 -0.01947293139 -0.0002007344039 0.01255601083 0.5097938034 -2.557224599e-05 0.003142535386 0.2549740566 -0.9999993167 -3.817795914e-05 -0.001168374751 1.908803878e-05 0.9988000457 -0.04897416092 0.001168842488 -0.04897414976 -0.9987993625 4.99187267e-07 -0.02589899875 0
0.0540845202 0.05265182126 -0.02138069253 -0.0002419811789 0.01378500595 0.5097514343 -3.083443923e-05 0.003450585827 0.2549687179 -0.9999990071 -5.052734036e-05 -0.001408291279 2.526048602e-05 0.9985536947 -0.05376353915 0.001408970989 -0.05376352134 -0.998552702 6.542021473e-07 -0.02843632106 0
0.05891038567 0.05734984956 -0.02328845366 -0.0002870756086 0.01501368848 0.5097051128 -3.658806806e-05 0.003758600957 0.2549628807 -0.9999986025 -6.528577988e-05 -0.001670525578 3.26363845e-05 0.998284447 -0.05855050579 0.001671482219 -0.05855047849 -0.9982830498 8.251646233e-07 -0.03097364337 0
0.06373625115 0.06204787785 -0.0251962148 -0.0003360164659 0.01624203056 0.5096548403 -4.283306576e-05 0.00406658154 0.2549565449 -0.9999980855 -8.266686504e-05 -0.001955053793 4.132221396e-05 0.9979923324 -0.0633348467 0.001956364388 -0.06333480623 -0.9979904183 1.011986021e-06 -0.03351096569 0
0.06856211662 0.06674590615 -0.02710397594 -0.000388802419 0.01747000434 0.509600618 -4.956936955e-05 0.004374527841 0.2549497106 -0.9999974367 -0.000102883833 -0.002261850045 5.142422337e-05 0.997677383 -0.068116348 0.002263604704 -0.06811628971 -0.9976748204 1.21464916e-06 -0.036048288 0
0.07338798209 0.07144393445 -0.02901173708 -0.0004454320315 0.01869758201 0.5095424474 -5.679691803e-05 0.004682439717 0.254942378 -0.9999966357 -0.0001261495421 -0.002590886431 6.304841209e-05 0.9973396336 -0.07289479609 0.002593189369 -0.0728947142 -0.9973362703 1.433186342e-06 -0.03858561032 0
0.07821384757 0.07614196274 -0.03091949822 -0.0005059037624 0.01992473573 0.5094803302 -6.451564952e-05 0.004990316697 0.2549345471 -0.9999956603 -0.0001526764438 -0.002942133031 7.630051123e-05 0.9969791215 -0.07766997769 0.002945103581 -0.07766986511 -0.9969747832 1.667665777e-06 -0.04112293263 0
0.08372912239 0.08151113794 -0.03309979666 -0.0005797168313 0.02132664235 0.5094045086 -7.393842463e-05 0.005342132431 0.2549249873 -0.9999943016 -0.0001872581524 -0.003370712838 9.357437677e-05 0.9965392862 -0.08312305514 0.003374613236 -0.08312289688 -0.99653359 1.95528691e-06 -0.04402272956 0
0.08855498787 0.08620916624 -0.0350075578 -0.0006484159983 0.02255279401 0.5093339401 -8.270947647e-05 0.00564993193 0.2549160887 -0.9999928711 -0.0002214866584 -0.003769442635 0.0001106695293 0.9961301342 -0.08789052047 0.003774321975 -0.08789031107 -0.9961230083 2.224277361e-06 -0.04656005188 0
0.09338085334 0.09090719453 -0.03691531894 -0.0007209517607 0.02377843439 0.5092594306 -9.197150605e-05 0.005957693622 0.254906692 -0.9999911871 -0.0002596410941 -0.004190275506 0.0001297229349 0.9956983529 -0.09265405122 0.004196307219 -0.09265377824 -0.9956895442 2.509578011e-06 -0.04909737419 0
0.09820671881 0.09560522283 -0.03882308008 -0.0007973221449 0.02500353573 0.5091809821 -0.0001017244428 0.006265416276 0.2548967973 -0.9999892212 -0.0003019319227 -0.004633173208 0.0001508390144 0.9952439901 -0.09741343562 0.004640550017 -0.09741308448 -0.995233217 2.811340794e-06 -0.05163469651 0
0.1030325843 0.1003032511 -0.04073084122 -0.0008775250731 0.02622807027 0.5090985968 -0.000111968213 0.006573098562 0.2548864046 -0.9999869439 -0.0003485690548 -0.005098095498 0.0001741218248 0.9947670959 -0.1021684623 0.005107030418 -0.1021680161 -0.9947540474 3.129730651e-06 -0.05417201882 0
0.1078584498 0.1050012794 -0.04263860236 -0.0009615583633 0.0274520103 0.5090122769 -0.0001227027399 0.006880739072 0.254875514 -0.9999843239 -0.0003997618203 -0.00558500014 0.0001996750405 0.9942677228 -0.1069189203 0.005595727473 -0.1069183594 -0.9942520567 3.46492421e-06 -0.05670934114 0
0.1126843152 0.1096993077 -0.0445463635 -0.001049419729 0.02867532811 0.5089220247 -0.0001339279435 0.007188336331 0.2548641256 -0.9999813285 -0.000455718941 -0.006093842908 0.000227601935 0.993745926 -0.1116645993 0.006106619237 -0.1116639013 -0.9937272676 3.817108804e-06 -0.05924666345 0
0.1175101807 0.114397336 -0.04645412464 -0.001141106781 0.02989799601 0.5088278428 -0.0001456437403 0.007495888816 0.2548522394 -0.9999779238 -0.0005166485022 -0.006624577595 0.0002580053628 0.993201763 -0.1164052891 0.006639682765 -0.1164044285 -0.9931797036 4.186481711e-06 -0.06178398577 0
0.1223360462 0.1190953643 -0.04836188577 -0.001236617024 0.03111998632 0.5087297336 -0.0001578500435 0.00780339496 0.2548398556 -0.9999740741 -0.000582757925 -0.007177156013 0.0002909877406 0.9926352939 -0.1211407804 0.007194894118 -0.1211397282 -0.9926093893 4.573249563e-06 -0.06432130808 0
0.1271619116 0.1237933926 -0.05026964691 -0.001335947861 0.03234127139 0.5086276999 -0.0001705467629 0.008110853159 0.2548269743 -0.9999697424 -0.0006542539385 -0.007751528004 0.0003266510296 0.992046581 -0.1258708642 0.007772228363 -0.1258695877 -0.9920163503 4.977627853e-06 -0.06685863039 0
0.1319877771 0.1284914209 -0.05217740805 -0.00143909659 0.0335618236 0.5085217444 -0.0001837338048 0.008418261782 0.2548135955 -0.9999648904 -0.0007313425527 -0.008347641444 0.0003650967167 0.9914356893 -0.130595332 0.008371659572 -0.1305937946 -0.9914006133 5.399840538e-06 -0.06939595271 0
0.1368136426 0.1331894492 -0.05408516919 -0.001546060405 0.03478161535 0.50841187 -0.000197411072 0.008725619172 0.2547997193 -0.9999594781 -0.00081422903 -0.008965442245 0.0004064257971 0.990802686 -0.1353139761 0.008993160826 -0.1353121367 -0.9907622059 5.840119685e-06 -0.07193327502 0
0.1423289174 0.1385586244 -0.05626546763 -0.001672972562 0.03617469648 0.5082815045 -0.0002136423808 0.009076819875 0.254783252 -0.9999525536 -0.0009163181377 -0.009697984282 0.0004573185953 0.9900522681 -0.1406993152 0.009730436669 -0.1406970746 -0.9900048746 6.365726123e-06 -0.07483307195 0
0.1471547829 0.1432566527 -0.05817322877 -0.001788101632 0.0373927658 0.5081632427 -0.0002283697869 0.009384061813 0.2547683104 -0.9999457999 -0.00101231616 -0.0103620668 0.0005051640648 0.9893721211 -0.1454047827 0.01039913562 -0.1454021363 -0.9893179857 6.845536558e-06 -0.07737039427 0
0.1519806484 0.147954681 -0.06008098991 -0.001907036296 0.03860998803 0.5080410717 -0.0002435870897 0.009691247195 0.2547528718 -0.9999383514 -0.001114751988 -0.01104765401 0.000556206936 0.9886700899 -0.1501037771 0.01108981357 -0.1501006682 -0.9886085198 7.344192474e-06 -0.07990771658 0
0.1568065138 0.1526527093 -0.06198875105 -0.002029773321 0.03982633568 0.5079149949 -0.0002592941774 0.009998374298 0.2547369362 -0.9999301624 -0.001223827497 -0.01175468377 0.0006105459738 0.987946252 -0.1547960931 0.01180243949 -0.1547924593 -0.987876509 7.861956661e-06 -0.0824450389 0
0.1616323793 0.1573507376 -0.06389651219 -0.002156309368 0.04104178126 0.5077850157 -0.0002754909346 0.01030544139 0.2547205039 -0.9999211856 -0.001339743677 -0.01248309202 0.0006682793591 0.9872006869 -0.1594815262 0.01253698139 -0.1594772989 -0.987121986 8.399098755e-06 -0.08498236121 0
0.1664582448 0.1620487659 -0.06580427333 -0.002286640998 0.04225629733 0.5076511376 -0.0002921772421 0.01061244673 0.2547035749 -0.9999113727 -0.001462700603 -0.01323281279 0.000729504671 0.9864334768 -0.1641598723 0.01329340627 -0.1641549767 -0.9863449848 8.955895018e-06 -0.08751968353 0
0.1712841103 0.1667467942 -0.06771203447 -0.002420764666 0.04346985646 0.5075133644 -0.0003093529776 0.01091938857 0.2546861494 -0.9999006735 -0.001592897409 -0.01400377817 0.000794318869 0.9856447061 -0.1688309284 0.01407168017 -0.1688252825 -0.9855455402 9.532628162e-06 -0.09005700584 0
0.1761099757 0.1714448225 -0.06961979561 -0.002558676726 0.04468243125 0.5073716996 -0.0003270180148 0.01122626515 0.2546682274 -0.9998890369 -0.001730532262 -0.01479591839 0.000862818276 0.9848344616 -0.173494492 0.01487176813 -0.1734880067 -0.9847236882 1.012958716e-05 -0.09259432816 0
0.1809358412 0.1761428508 -0.07152755674 -0.002700373429 0.04589399434 0.5072261472 -0.0003451722241 0.01153307471 0.2546498091 -0.9998764101 -0.001875802337 -0.01560916174 0.0009350985603 0.9840028325 -0.1781503613 0.01569363423 -0.1781429398 -0.9838794656 1.074706705e-05 -0.09513165047 0
0.1857617067 0.1808408791 -0.07343531788 -0.002845850923 0.04710451839 0.5070767112 -0.0003638154721 0.01183981549 0.2546308946 -0.9998627391 -0.002028903784 -0.01644343467 0.001011254719 0.9831499102 -0.1827983354 0.01653724156 -0.1827898728 -0.9830129104 1.138536882e-05 -0.09766897279 0
0.1905875721 0.1855389074 -0.07534307902 -0.002995105254 0.04831397611 0.5069233955 -0.000382947622 0.01214648572 0.2546114842 -0.9998479685 -0.00219003171 -0.01729866173 0.00109138106 0.9822757886 -0.1874382141 0.01740255222 -0.187428597 -0.9821240615 1.204479917e-05 -0.1002062951 0
0.1954134376 0.1902369357 -0.07725084016 -0.003148132364 0.04952234021 0.5067662044 -0.0004025685334 0.01245308363 0.2545915778 -0.9998320415 -0.002359380149 -0.01817476559 0.001175571185 0.9813805636 -0.1920697982 0.01828952737 -0.1920589041 -0.9812129588 1.272567038e-05 -0.1027436174 0
0.2009287124 0.1956061109 -0.07943113861 -0.003327634881 0.05090195371 0.5065818175 -0.0004255907307 0.01280339039 0.2545682207 -0.9998123487 -0.002563234601 -0.01920148894 0.001276883644 0.980331735 -0.1973526257 0.01932969004 -0.1973401103 -0.9801445016 1.353047083e-05 -0.1056434143 0
0.2057545779 0.2003041392 -0.08133889974 -0.003488732383 0.05210788268 0.5064163364 -0.0004462584986 0.01310982733 0.2545472522 -0.9997937465 -0.002750846657 -0.02012205983 0.001370093684 0.9793916231 -0.2019657681 0.0202629537 -0.201951681 -0.9791858512 1.425836333e-05 -0.1081807367 0
0.2105804434 0.2050021674 -0.08324666088 -0.003653589251 0.05331263256 0.5062469936 -0.0004674145633 0.01341618636 0.2545257884 -0.9997738009 -0.002947281771 -0.02106325249 0.0014676569 0.9784307248 -0.2065699948 0.02121775338 -0.2065541825 -0.978205079 1.500871272e-05 -0.110718059 0
0.2154063089 0.2097001957 -0.08515442202 -0.003822201003 0.0545161762 0.5060737938 -0.0004890587696 0.01372246568 0.2545038292 -0.9997524496 -0.003152729257 -0.02202498195 0.001569663788 0.9774491457 -0.2111651101 0.02219404621 -0.2111474079 -0.9772022291 1.578185273e-05 -0.1132553813 0
0.2202321743 0.214398224 -0.08706218316 -0.00399456306 0.05571848653 0.5058967416 -0.0005111909586 0.01402866352 0.254481375 -0.9997296291 -0.003367377224 -0.02300716143 0.001676204053 0.9764469936 -0.2157509191 0.02319178834 -0.215731151 -0.9761773463 1.657812187e-05 -0.1157927036 0
0.2250580398 0.2190962523 -0.0889699443 -0.004170670738 0.05691953647 0.5057158419 -0.0005338109679 0.0143347781 0.2544584258 -0.9997052745 -0.003591412549 -0.02400970235 0.00178736659 0.9754243784 -0.2203272279 0.02421093496 -0.220305206 -0.9751304768 1.73978633e-05 -0.1183300259 0
0.2298839053 0.2237942806 -0.09087770544 -0.004350519253 0.05811929902 0.5055310996 -0.0005569186316 0.01464080761 0.2544349819 -0.9996793198 -0.003825020857 -0.02503251433 0.001903239468 0.9743814124 -0.2248938436 0.02525144031 -0.2248693675 -0.9740616676 1.824142467e-05 -0.1208673482 0
0.2347097708 0.2284923089 -0.09278546658 -0.00453410372 0.0593177472 0.5053425196 -0.0005805137801 0.01494675029 0.2544110434 -0.9996516975 -0.00406838649 -0.0260755052 0.002023909915 0.9733182099 -0.2294505741 0.02631325766 -0.2294234304 -0.9729709667 1.910915799e-05 -0.1234046705 0
0.2395356362 0.2331903372 -0.09469322772 -0.004721419153 0.06051485406 0.5051501072 -0.0006045962402 0.01525260433 0.2543866104 -0.9996223389 -0.004321692488 -0.027138581 0.002149464301 0.9722348877 -0.2339972286 0.02739633932 -0.2339671903 -0.971858423 2.000141951e-05 -0.1259419929 0
0.2443615017 0.2378883655 -0.09660098885 -0.004912460463 0.06171059271 0.5049538675 -0.0006291658352 0.01555836795 0.2543616832 -0.9995911741 -0.004585120559 -0.02822164604 0.00227998812 0.9711315644 -0.2385336169 0.02850063666 -0.2385004432 -0.9707240866 2.091856954e-05 -0.1284793152 0
0.2491873672 0.2425863938 -0.09850874999 -0.005107222464 0.0629049363 0.5047538059 -0.0006542223849 0.01586403936 0.254336262 -0.999558132 -0.004858851059 -0.02932460283 0.00241556598 0.9700083609 -0.2430595501 0.02962610008 -0.2430229853 -0.9695680083 2.186097239e-05 -0.1310166375 0
0.254702642 0.247955569 -0.1006890484 -0.005334356766 0.06426815776 0.504520491 -0.0006834544767 0.0162132629 0.2543066044 -0.9995179778 -0.005184530662 -0.03060935478 0.002576808053 0.9687005147 -0.248219002 0.03093819676 -0.2481782294 -0.96822022 2.29693984e-05 -0.1339164344 0
0.2595285075 0.2526535973 -0.1025968096 -0.005537073736 0.06545942167 0.504312258 -0.000709553877 0.01651873068 0.2542801251 -0.9994806675 -0.005480938674 -0.03175460046 0.002723496661 0.967535128 -0.2527219 0.03210884465 -0.2526771368 -0.9670177282 2.396715873e-05 -0.1364537567 0
0.2643543729 0.2573516256 -0.1045045707 -0.005743494437 0.06664920639 0.5041002204 -0.0007361396421 0.01682410063 0.2542531523 -0.9994412481 -0.005788206862 -0.03291942027 0.002875499244 0.966350255 -0.2572137559 0.0333004966 -0.257164697 -0.965793661 2.499134114e-05 -0.1389910791 0
0.2691802384 0.2620496539 -0.1064123319 -0.005953613265 0.06783748524 0.5038843841 -0.000763211577 0.01712937095 0.2542256863 -0.9993996436 -0.006106509718 -0.03410370959 0.003032896551 0.9651460254 -0.2616943852 0.03451309906 -0.2616407084 -0.9645480733 2.604232498e-05 -0.1415284014 0
0.2740061039 0.2667476822 -0.108320093 -0.006167424517 0.06902423158 0.5036647548 -0.0007907694829 0.01743453984 0.2541977271 -0.9993557764 -0.006436020256 -0.03530736211 0.003195768364 0.9639225709 -0.2661636046 0.0357465976 -0.2661049698 -0.9632810212 2.712049294e-05 -0.1440657237 0
0.2788319694 0.2714457105 -0.1102278541 -0.006384922389 0.07020941883 0.5034413387 -0.0008188131578 0.01773960553 0.2541692751 -0.9993095681 -0.00677690999 -0.03653026984 0.003364193481 0.9626800253 -0.2706212316 0.03700093682 -0.270557281 -0.9619925615 2.822623094e-05 -0.146603046 0
0.2836578348 0.2761437388 -0.1121356153 -0.00660610098 0.07139302045 0.5032141416 -0.0008473423958 0.01804456622 0.2541403305 -0.9992609389 -0.007129348912 -0.03777232311 0.003538249696 0.9614185246 -0.2750670853 0.03827606038 -0.2749974419 -0.9606827521 2.935992799e-05 -0.1491403683 0
0.2884837003 0.2808417671 -0.1140433764 -0.006830954286 0.07257500995 0.5029831699 -0.0008763569876 0.01834942013 0.2541108934 -0.9992098079 -0.007493505469 -0.03903341062 0.003718013791 0.9601382064 -0.2795009858 0.03957191103 -0.279425253 -0.9593516518 3.052197612e-05 -0.1516776906 0
0.2933095658 0.2855397954 -0.1159511375 -0.007059476208 0.07375536089 0.5027484297 -0.0009058567204 0.01865416545 0.2540809641 -0.9991560931 -0.007869546539 -0.0403134194 0.003903561516 0.9588392106 -0.2839227542 0.04088843056 -0.2838405157 -0.9579993204 3.171277026e-05 -0.1542150129 0
0.2981354313 0.2902378237 -0.1178588987 -0.007291660545 0.07493404688 0.5025099274 -0.0009358413776 0.01895880041 0.2540505428 -0.9990997114 -0.008257637407 -0.04161223485 0.00409496758 0.9575216792 -0.288332213 0.04222555986 -0.2882430316 -0.9566258186 3.29327081e-05 -0.1567523353 0
0.3029612967 0.294935852 -0.1197666598 -0.007527500999 0.07611104157 0.5022676696 -0.0009663107392 0.01926332321 0.2540196296 -0.9990405785 -0.008657941749 -0.04292974078 0.004292305628 0.9561857559 -0.292729186 0.04358323887 -0.2926326029 -0.9552312081 3.418219008e-05 -0.1592896576 0
0.3077871622 0.2996338803 -0.121674421 -0.007766991173 0.07728631867 0.5020216627 -0.0009972645818 0.01956773208 0.253988225 -0.9989786089 -0.009070621604 -0.04426581936 0.004495648237 0.9548315864 -0.2971134981 0.04496140663 -0.2970090326 -0.9538155516 3.54616192e-05 -0.1618269799 0
0.313302437 0.3050030555 -0.1238547194 -0.008045154937 0.07862735567 0.5017359298 -0.001033233352 0.0199154861 0.2539517323 -0.9989042022 -0.009557615072 -0.0458153551 0.004735483964 0.9532618114 -0.3021084145 0.04656146432 -0.3019943227 -0.9521719693 3.69610142e-05 -0.1647267768 0
0.3181283025 0.3097010838 -0.1257624805 -0.008292443942 0.07979886394 0.5014819119 -0.001065224599 0.02021964478 0.253919275 -0.9988358617 -0.009997351789 -0.04719082814 0.004951932794 0.9518690427 -0.3064650125 0.04798332695 -0.3063419306 -0.9507114293 3.830598442e-05 -0.1672640991 0
0.322954168 0.3143991121 -0.1276702417 -0.008543361923 0.08096857233 0.5012241662 -0.0010976996 0.0205236839 0.2538863269 -0.9987644093 -0.01044996239 -0.0485844933 0.00517460713 0.9504584984 -0.3108084076 0.04942548072 -0.3106757813 -0.9492300463 3.968218433e-05 -0.1698014214 0
0.3277800335 0.3190971404 -0.1295780028 -0.008797902077 0.08213645478 0.5009626998 -0.001130658119 0.02082760168 0.2538528882 -0.9986897551 -0.01091560192 -0.04999622626 0.00540357495 0.9490303321 -0.3151384302 0.05088786087 -0.3149956801 -0.9477278867 4.109002675e-05 -0.1723387438 0
0.3326058989 0.3237951687 -0.131485764 -0.009056057504 0.08330248525 0.5006975198 -0.001164099912 0.02113139633 0.2538189591 -0.9986118084 -0.01139442367 -0.0514259012 0.005638903089 0.9475846991 -0.3194549119 0.05237040172 -0.3193014329 -0.9462050179 4.252992667e-05 -0.1748760661 0
0.3374317644 0.328493197 -0.1333935251 -0.009317821208 0.08446663781 0.5004286333 -0.001198024735 0.02143506607 0.25378454 -0.9985304771 -0.01188657915 -0.05287339075 0.005880657223 0.946121757 -0.3237576855 0.0538730367 -0.3235928464 -0.9446615085 4.400230116e-05 -0.1774133884 0
0.3422576299 0.3331912253 -0.1353012862 -0.009583186093 0.08562888654 0.5001560476 -0.001232432339 0.02173860912 0.253749631 -0.9984456686 -0.0123922181 -0.05433856606 0.006128901857 0.9446416646 -0.3280465853 0.05539569833 -0.3278697279 -0.9430974277 4.550756927e-05 -0.1799507107 0
0.3470834953 0.3378892536 -0.1372090474 -0.009852144969 0.08678920559 0.4998797701 -0.001267322471 0.02204202369 0.2537142324 -0.9983572889 -0.01291148846 -0.05582129681 0.00638370031 0.9431445829 -0.3323214471 0.05693831822 -0.3321318854 -0.9415128457 4.704615197e-05 -0.182488033 0
0.3519093608 0.3425872818 -0.1391168085 -0.01012469055 0.08794756918 0.4995998084 -0.001302694875 0.022345308 0.2536783445 -0.9982652431 -0.01344453632 -0.05732145117 0.006645114706 0.9416306745 -0.3365821078 0.0585008271 -0.3363791273 -0.9399078337 4.861847209e-05 -0.1850253553 0
0.3567352263 0.3472853101 -0.1410245697 -0.01040081545 0.08910395157 0.4993161699 -0.001338549291 0.02264846027 0.2536419675 -0.9981694356 -0.01399150596 -0.05883889588 0.006913205958 0.9401001039 -0.340828406 0.0600831548 -0.340611263 -0.9382824639 5.022495423e-05 -0.1875626776 0
0.3615610918 0.3519833384 -0.1429323308 -0.01068051219 0.09025832711 0.4990288624 -0.001374885457 0.02295147872 0.2536051016 -0.9980697694 -0.01455253974 -0.06037349624 0.007188033757 0.938553037 -0.3450601814 0.06168523025 -0.3448281024 -0.9366368091 5.186602472e-05 -0.1901 0
0.3663869572 0.3566813667 -0.1448400919 -0.01096377319 0.09141067017 0.4987378936 -0.001411703106 0.02325436158 0.2535677473 -0.9979661469 -0.01512777819 -0.06192511611 0.007469656558 0.9369896419 -0.3492772756 0.06330698152 -0.3490294562 -0.9349709433 5.354211151e-05 -0.1926373223 0
0.3719022321 0.3620505419 -0.1470203904 -0.01129185461 0.09272511216 0.4984008848 -0.001454369644 0.0236003451 0.2535244587 -0.9978427502 -0.01580276474 -0.0637190597 0.007799904927 0.9351831282 -0.3540786328 0.06518441091 -0.3538117994 -0.9330424445 5.550106748e-05 -0.1955371192 0
0.3767280975 0.3667485702 -0.1489281515 -0.01158272737 0.09387301398 0.4981020972 -0.001492218127 0.02390293141 0.2534860583 -0.9977303166 -0.016408906 -0.06530668504 0.00809627947 0.9335853166 -0.3582637393 0.06684807825 -0.3579793352 -0.9313335224 5.725363761e-05 -0.1980744415 0
0.381553963 0.3714465985 -0.1508359127 -0.01187713997 0.09501880324 0.4977996734 -0.001530547233 0.02420537654 0.2534471703 -0.9976136138 -0.01702968103 -0.06691089297 0.008399624557 0.931971715 -0.3624336751 0.06853118956 -0.3621307947 -0.9296046276 5.904257911e-05 -0.2006117638 0
0.3863798285 0.3761446268 -0.1527436738 -0.01217508443 0.09616245459 0.4974936216 -0.001569356679 0.02450767871 0.2534077949 -0.9974925402 -0.01766522232 -0.06853154163 0.008709993397 0.9303424979 -0.3665882877 0.07023366923 -0.3662659916 -0.9278558375 6.086832614e-05 -0.2031490861 0
0.391205694 0.3808426551 -0.1546514349 -0.01247655269 0.09730394276 0.4971839501 -0.001608646181 0.02480983615 0.2533679324 -0.9973669936 -0.0183156604 -0.07016848782 0.009027437904 0.9286978416 -0.3707274261 0.07195544082 -0.37038474 -0.9260872307 6.273131417e-05 -0.2056864085 0
0.3960315594 0.3855406834 -0.1565591961 -0.0127815366 0.0984432425 0.4968706674 -0.001648415451 0.02511184709 0.2533275831 -0.9972368708 -0.01898112376 -0.071821587 0.009352008685 0.9270379239 -0.3748509406 0.073696427 -0.3744868552 -0.9242988867 6.463198e-05 -0.2082237308 0
0.4008574249 0.3902387117 -0.1584669572 -0.01309002789 0.09958032869 0.4965537818 -0.001688664196 0.02541370976 0.2532867473 -0.997102068 -0.01966173892 -0.07349069335 0.009683755028 0.9253629241 -0.3789586833 0.07545654958 -0.3785721527 -0.9224908858 6.657076166e-05 -0.2107610531 0
0.4056832904 0.39493674 -0.1603747183 -0.01340201824 0.1007151762 0.4962333019 -0.001729392122 0.02571542239 0.2532454252 -0.9969624803 -0.02035763035 -0.07517565974 0.01002272489 0.9236730231 -0.3830505077 0.07723572953 -0.3826404492 -0.9206633091 6.854809837e-05 -0.2132983754 0
0.4105091558 0.3996347683 -0.1622824795 -0.01371749919 0.1018477601 0.4959092365 -0.001770598929 0.02601698321 0.2532036172 -0.9968180021 -0.02106892045 -0.07687633777 0.01036896489 0.9219684032 -0.3871262689 0.07903388694 -0.3866915619 -0.9188162388 7.05644305e-05 -0.2158356977 0
0.4153350213 0.4043327966 -0.1641902406 -0.01403646221 0.1029780553 0.4955815942 -0.001812284315 0.02631839045 0.2531613236 -0.9966685271 -0.02179572958 -0.07859257779 0.01072252029 0.9202492483 -0.3911858235 0.08085094106 -0.390725309 -0.9169497577 7.262019953e-05 -0.21837302 0
0.4201608868 0.4090308249 -0.1660980018 -0.01435889869 0.104106037 0.495250384 -0.001854447974 0.02661964234 0.2531185447 -0.9965139482 -0.022538176 -0.08032422891 0.011083435 0.9185157437 -0.3952290298 0.08268681029 -0.3947415093 -0.9150639498 7.471584799e-05 -0.2209103423 0
0.4256761616 0.4144000001 -0.1682783002 -0.01473163953 0.1053922942 0.4948675006 -0.001903220256 0.02696373773 0.2530690607 -0.9963308984 -0.02340598284 -0.0823219343 0.01150497484 0.9165172641 -0.399829639 0.08480787966 -0.3993097352 -0.9128851839 7.71602758e-05 -0.2238101393 0
0.4305020271 0.4190980284 -0.1701860613 -0.01506148963 0.1065152349 0.494528675 -0.00194640774 0.0272646508 0.2530252429 -0.9961650183 -0.02418232622 -0.08408609542 0.01188180094 0.9147536405 -0.4038373434 0.08668378828 -0.4032877288 -0.9109582475 7.934287504e-05 -0.2263474616 0
0.4353278926 0.4237960567 -0.1720938225 -0.01539478547 0.1076357843 0.4941863099 -0.001990072512 0.02756540297 0.2529809407 -0.9959936928 -0.02497466484 -0.08586518552 0.01226611535 0.9129762587 -0.4078282646 0.08857825006 -0.4072476115 -0.9090122532 8.156675097e-05 -0.2288847839 0
0.440153758 0.428494085 -0.1740015836 -0.01573151805 0.1087539179 0.4938404145 -0.002034214253 0.02786599249 0.2529361546 -0.9958168117 -0.02578310819 -0.08765904877 0.01265795623 0.9111853098 -0.4118022674 0.09049117992 -0.4111892054 -0.9070472886 8.383235009e-05 -0.2314221062 0
0.4449796235 0.4331921133 -0.1759093448 -0.01607167826 0.1098696111 0.4934909983 -0.002078832639 0.0281664176 0.2528908848 -0.9956342643 -0.02660776356 -0.08946752818 0.01305736032 0.9093809859 -0.4157592185 0.09242249197 -0.4151123334 -0.9050634418 8.614011975e-05 -0.2339594285 0
0.449805489 0.4378901416 -0.1778171059 -0.01641525691 0.1109828395 0.4931380706 -0.002123927341 0.02846667654 0.2528451317 -0.9954459392 -0.02744873607 -0.09129046563 0.01346436295 0.9075634809 -0.4196989862 0.09437209947 -0.4190168194 -0.9030608019 8.849050812e-05 -0.2364967509 0
0.4546313545 0.4425881699 -0.179724867 -0.01676224473 0.1120935787 0.4927816409 -0.002169498029 0.02876676754 0.2527988956 -0.995251724 -0.02830612866 -0.09312770189 0.013878998 0.9057329897 -0.4236214405 0.09633991485 -0.4229024882 -0.9010394588 9.088396418e-05 -0.2390340732 0
0.4594572199 0.4472861982 -0.1816326282 -0.01711263235 0.1132018044 0.492421719 -0.002215544369 0.02906668887 0.2527521768 -0.9950515063 -0.02918004205 -0.09497907664 0.01430129792 0.9038897084 -0.4275264529 0.09832584976 -0.426769165 -0.8989995034 9.332093765e-05 -0.2415713955 0
0.4642830854 0.4519842265 -0.1835403893 -0.01746641029 0.1143074924 0.4920583145 -0.002262066023 0.02936643875 0.2527049756 -0.9948451725 -0.03007057475 -0.09684442849 0.01473129372 0.9020338345 -0.4314138969 0.100329815 -0.4306166764 -0.8969410272 9.580187899e-05 -0.2441087178 0
0.4691089509 0.4566822548 -0.1854481505 -0.01782356902 0.1154106186 0.4916914371 -0.002309062649 0.02966601543 0.2526572925 -0.9946326087 -0.03097782303 -0.09872359498 0.01516901494 0.9001655665 -0.4352836475 0.1023517206 -0.4344448495 -0.8948641226 9.832723934e-05 -0.2466460401 0
0.4739348163 0.4613802831 -0.1873559116 -0.01818409889 0.1165111588 0.491321097 -0.002356533902 0.02996541717 0.2526091277 -0.9944137004 -0.0319018809 -0.1006164126 0.01561448966 0.8982851044 -0.4391355815 0.1043914757 -0.4382535125 -0.8927688831 0.0001008974705 -0.2491833624 0
0.4787606818 0.4660783114 -0.1892636727 -0.01854799018 0.1176090892 0.4909473039 -0.002404479435 0.03026464222 0.2525604817 -0.9941883324 -0.03284284014 -0.1025227169 0.01606774449 0.896392649 -0.4429695773 0.1064489888 -0.4420424942 -0.8906554026 0.000103513025 -0.2517206847 0
0.4842759566 0.4714474866 -0.1914439712 -0.01896796934 0.1188606402 0.4905158968 -0.002459854627 0.03060639508 0.2525042974 -0.993922711 -0.03393903235 -0.1047176523 0.01659530883 0.8942154164 -0.4473291682 0.1088220582 -0.4463484413 -0.8882177822 0.0001065583094 -0.2546204817 0
0.4891018221 0.4761455148 -0.1933517323 -0.01933903047 0.1199528975 0.4901347388 -0.002508815281 0.0309052356 0.2524546212 -0.9936831109 -0.03491650719 -0.106652298 0.01706531802 0.892297943 -0.4511243241 0.1109173118 -0.4500946772 -0.8860655346 0.0001092725117 -0.257157804 0
0.4939276876 0.4808435431 -0.1952594935 -0.01971342186 0.12104247 0.4897501599 -0.002558249098 0.03120389392 0.2524044648 -0.993436686 -0.03591115692 -0.1085999069 0.01754318125 0.8903691151 -0.4549011714 0.1130300303 -0.4538207 -0.883895347 0.0001120334632 -0.2596951263 0
0.4987535531 0.4855415714 -0.1971672546 -0.0200911334 0.122129334 0.4893621705 -0.002608155712 0.03150236831 0.2523538287 -0.993183319 -0.0369230638 -0.1105603104 0.01802891895 0.888429138 -0.4586595958 0.1151601188 -0.4575263425 -0.881707317 0.0001148416189 -0.2622324486 0
0.5035794185 0.4902395997 -0.1990750157 -0.02047215493 0.123213466 0.4889707811 -0.002658534759 0.03180065702 0.2523027132 -0.9929228922 -0.03795230777 -0.1125333393 0.01852255003 0.8864782183 -0.4623994849 0.1173074817 -0.4612114384 -0.8795015429 0.0001176974339 -0.2647697709 0
0.508405284 0.494937628 -0.2009827769 -0.02085647615 0.1242948425 0.4885760021 -0.002709385868 0.0320987583 0.2522511185 -0.9926552875 -0.03899896644 -0.114518823 0.01902409188 0.8845165633 -0.4661207281 0.1194720224 -0.4648758219 -0.8772781235 0.0001206013643 -0.2673070932 0
0.5132311495 0.4996356563 -0.202890538 -0.02124408672 0.1253734401 0.4881778444 -0.002760708666 0.03239667042 0.2521990453 -0.9923803862 -0.04006311507 -0.1165165905 0.01953356036 0.8825443816 -0.4698232163 0.1216536438 -0.4685193287 -0.8750371589 0.0001235538663 -0.2698444156 0
0.518057015 0.5043336846 -0.2047982992 -0.02163497619 0.1264492354 0.4877763185 -0.002812502777 0.03269439165 0.2521464937 -0.9920980694 -0.04114482656 -0.1185264695 0.0200509698 0.8805618823 -0.4735068427 0.123852248 -0.4721417951 -0.8727787497 0.0001265553968 -0.2723817379 0
0.5228828804 0.5090317129 -0.2067060603 -0.02202913403 0.1275222052 0.4873714353 -0.002864767821 0.03299192023 0.2520934642 -0.9918082176 -0.04224417144 -0.1205482872 0.02057633301 0.8785692758 -0.4771715019 0.1260677362 -0.4757430584 -0.8705029973 0.0001296064129 -0.2749190602 0
0.5277087459 0.5137297412 -0.2086138214 -0.02242654962 0.1285923263 0.4869632057 -0.002917503413 0.03328925444 0.2520399571 -0.991510711 -0.04336121788 -0.1225818699 0.02110966123 0.8765667731 -0.4808170905 0.1283000088 -0.4793229569 -0.8682100038 0.0001327073722 -0.2774563825 0
0.5325346114 0.5184277695 -0.2105215826 -0.02282721227 0.1296595757 0.4865516407 -0.002970709166 0.03358639254 0.2519859729 -0.9912054294 -0.04449603165 -0.124627043 0.02165096416 0.8745545863 -0.4844435068 0.1305489657 -0.4828813299 -0.8658998723 0.0001358587329 -0.2799937048 0
0.5373604768 0.5231257978 -0.2124293437 -0.02323111117 0.1307239303 0.4861367514 -0.003024384691 0.0338833328 0.251931512 -0.9908922524 -0.04564867613 -0.1266836312 0.02220024994 0.8725329281 -0.4880506513 0.1328145058 -0.4864180174 -0.8635727065 0.0001390609532 -0.2825310271 0
0.5428757517 0.528494973 -0.2146096422 -0.02369665874 0.1319367617 0.4856585359 -0.003086302873 0.03422244862 0.2518686877 -0.990524513 -0.04698789573 -0.1290477694 0.02283778843 0.8702111381 -0.4921493782 0.13542387 -0.4904331888 -0.8608923642 0.0001427834993 -0.2854308241 0
0.5477016171 0.5331930013 -0.2165174033 -0.02410745577 0.1329948363 0.4852365607 -0.003140983719 0.03451895911 0.2518132065 -0.99019401 -0.0481789511 -0.1311282246 0.02340420051 0.8681699045 -0.4957148983 0.1377246021 -0.4939228742 -0.8585290492 0.00014609625 -0.2879681464 0
0.5525274826 0.5378910296 -0.2184251644 -0.02452145461 0.1340499445 0.4848112966 -0.003196133086 0.03481526632 0.2517572498 -0.9898552307 -0.04938802068 -0.133219539 0.02397861087 0.8661198734 -0.4992608449 0.1400415952 -0.4973903783 -0.856149031 0.0001494613033 -0.2905054687 0
0.5573533481 0.5425890579 -0.2203329256 -0.02493864411 0.1351020637 0.4843827551 -0.003251750571 0.03511136852 0.251700818 -0.9895080536 -0.05061515782 -0.1353215343 0.02456102114 0.8640612607 -0.5027871259 0.1423747453 -0.5008355454 -0.8537524163 0.000152879119 -0.293042791 0
0.5621792136 0.5472870862 -0.2222406867 -0.02535901307 0.1361511713 0.4839509475 -0.003307835763 0.03540726401 0.2516439116 -0.9891523566 -0.05186041346 -0.1374340314 0.02515143141 0.8619942831 -0.5062936513 0.1447239475 -0.5042582209 -0.8513393129 0.0001563501572 -0.2955801133 0
0.567005079 0.5519851145 -0.2241484478 -0.02578255016 0.1371972448 0.4835158857 -0.003364388253 0.03570295104 0.2515865309 -0.9887880175 -0.05312383608 -0.1395568507 0.02574984014 0.859919158 -0.5097803326 0.1470890964 -0.507658251 -0.8489098291 0.0001598748783 -0.2981174356 0
0.5718309445 0.5566831428 -0.226056209 -0.02620924401 0.138240262 0.4830775811 -0.003421407623 0.0359984279 0.2515286763 -0.9884149138 -0.05440547169 -0.1416898119 0.02635624424 0.857836103 -0.5132470835 0.1494700857 -0.5110354831 -0.846464074 0.0001634537429 -0.3006547579 0
0.57665681 0.5613811711 -0.2279639701 -0.02663908315 0.1392802006 0.4826360457 -0.003478893457 0.03629369288 0.2514703483 -0.9880329231 -0.05570536386 -0.143832734 0.02697063901 0.8557453369 -0.5166938193 0.1518668086 -0.5143897654 -0.8440021574 0.0001670872119 -0.3031920803 0
0.5814826755 0.5660791994 -0.2298717313 -0.02707205602 0.1403170383 0.4821912913 -0.003536845332 0.03658874425 0.2514115474 -0.9876419224 -0.05702355368 -0.1459854355 0.02759301814 0.8536470787 -0.5201204576 0.1542791574 -0.5177209474 -0.8415241899 0.0001707757464 -0.3057294026 0
0.5863085409 0.5707772277 -0.2317794924 -0.027508151 0.1413507531 0.4817433298 -0.003595262823 0.03688358029 0.2513522739 -0.987241789 -0.0583600798 -0.1481477343 0.02822337375 0.851541548 -0.5235269174 0.1567070237 -0.5210288794 -0.8390302829 0.0001745198077 -0.3082667249 0
0.5911344064 0.575475256 -0.2336872535 -0.02794735636 0.1423813231 0.4812921733 -0.0036541455 0.0371781993 0.2512925282 -0.9868323996 -0.05971497834 -0.1503194479 0.02886169633 0.8494289649 -0.52691312 0.1591502986 -0.5243134129 -0.8365205482 0.0001783198575 -0.3108040472 0
0.5966496812 0.5808444312 -0.235867552 -0.02845309886 0.1435552384 0.4807726691 -0.003722009051 0.03751463879 0.2512236699 -0.9863530343 -0.06128597374 -0.1528126994 0.02960094901 0.8470062318 -0.5307581626 0.1619613395 -0.5280383251 -0.8336330438 0.0001827319211 -0.3137038441 0
0.6014755467 0.5855424595 -0.2377753131 -0.02889892952 0.1445789957 0.4803147071 -0.003781887097 0.03780878697 0.2511629139 -0.985923396 -0.06268035194 -0.1550039698 0.03025630422 0.8448792801 -0.5341007004 0.1644372623 -0.5312722236 -0.8310897733 0.0001866535012 -0.3162411665 0
0.6063014122 0.5902404878 -0.2396830743 -0.02934783323 0.1455995398 0.4798535883 -0.003842228961 0.03810271273 0.2511016873 -0.9854841144 -0.06409319997 -0.1572040775 0.03091958609 0.842745971 -0.5374227457 0.1669282464 -0.5344822636 -0.8285310317 0.0001906325216 -0.3187784888 0
0.6111272776 0.5949385161 -0.2415908354 -0.02979979794 0.1466168488 0.4793893253 -0.003903034199 0.03839641437 0.2510399903 -0.985035066 -0.06552454367 -0.1594128378 0.03159077844 0.8406065265 -0.5407242276 0.1694341801 -0.5376683009 -0.825956934 0.0001946694446 -0.3213158111 0
0.6159531431 0.5996365444 -0.2434985965 -0.03025481153 0.1476309014 0.4789219304 -0.003964302364 0.0386898902 0.2509778234 -0.9845761275 -0.06697440635 -0.1616300655 0.0322698635 0.8384611689 -0.5440050773 0.1719549508 -0.5408301925 -0.8233675958 0.0001987647328 -0.3238531334 0
0.6207790086 0.6043345727 -0.2454063577 -0.03071286178 0.1486416762 0.4784514162 -0.004026033008 0.0389831385 0.2509151872 -0.9841071753 -0.06844280882 -0.1638555751 0.03295682185 0.836310121 -0.5472652276 0.1744904452 -0.5439677963 -0.8207631334 0.0002029188487 -0.3263904557 0
0.6256048741 0.609032601 -0.2473141188 -0.03117393643 0.1496491519 0.4779777954 -0.004088225676 0.03927615758 0.2508520819 -0.983628086 -0.06992976938 -0.1660891805 0.03365163249 0.8341536058 -0.5505046136 0.1770405495 -0.5470809715 -0.8181436637 0.0002071322552 -0.328927778 0
0.6304307395 0.6137306292 -0.24922188 -0.03163802309 0.1506533073 0.4775010805 -0.004150879913 0.03956894573 0.2507885082 -0.9831387361 -0.07143530383 -0.1683306955 0.03435427278 0.8319918465 -0.5537231721 0.1796051492 -0.5501695782 -0.8155093044 0.0002114054151 -0.3314651003 0
0.635256605 0.6184286575 -0.2511296411 -0.03210510935 0.1516541212 0.4770212845 -0.004213995258 0.03986150127 0.2507244664 -0.9826390022 -0.07295942543 -0.1705799332 0.03506471844 0.8298250667 -0.5569208419 0.1821841291 -0.5532334777 -0.8128601738 0.0002157387914 -0.3340024227 0
0.6400824705 0.6231266858 -0.2530374022 -0.03257518267 0.1526515727 0.4765384201 -0.004277571248 0.04015382248 0.2506599571 -0.982128761 -0.07450214492 -0.1728367067 0.0357829436 0.8276534903 -0.5600975638 0.1847773734 -0.5562725325 -0.8101963909 0.0002201328473 -0.336539745 0
0.644908336 0.6278247141 -0.2549451634 -0.03304823047 0.1536456408 0.4760525003 -0.004341607417 0.04044590769 0.2505949807 -0.9816078893 -0.07606347054 -0.1751008285 0.03650892075 0.8254773411 -0.5632532805 0.1873847656 -0.5592866061 -0.8075180752 0.0002245880461 -0.3390770673 0
0.6497342014 0.6325227424 -0.2568529245 -0.03352424007 0.1546363049 0.475563538 -0.004406103294 0.0407377552 0.2505295376 -0.9810762638 -0.077643408 -0.1773721109 0.03724262076 0.8232968434 -0.5663879367 0.1900061887 -0.5622755631 -0.8048253471 0.0002291048509 -0.3416143896 0
0.6552494763 0.6378919176 -0.259033223 -0.0340718614 0.1557642975 0.4750010155 -0.004480375168 0.04107100199 0.2504541748 -0.9804553662 -0.07947184476 -0.1799763894 0.03809055209 0.820799809 -0.5699445442 0.1930191303 -0.5656605868 -0.8017304509 0.000234342944 -0.3445141865 0
0.6600753417 0.6425899459 -0.2609409841 -0.03455417471 0.1567475974 0.4745055781 -0.004545854536 0.04136233446 0.2503877334 -0.9799002829 -0.08109167217 -0.1822623829 0.03884069544 0.8186107484 -0.5730338934 0.1956702223 -0.568595272 -0.799007247 0.0002389933225 -0.3470515088 0
0.6649012072 0.6472879742 -0.2628487452 -0.03503940951 0.1577274286 0.4740071396 -0.004611792113 0.04165342392 0.250320827 -0.9793340597 -0.08273011289 -0.1845549456 0.03959845953 0.8164180445 -0.576102021 0.198334973 -0.5715044226 -0.7962700129 0.0002437067636 -0.3495888312 0
0.6697270727 0.6519860025 -0.2647565064 -0.03552755283 0.1587037705 0.4735057135 -0.004678187415 0.0419442687 0.2502534558 -0.978756574 -0.08438716216 -0.1868538887 0.0403638085 0.8142219219 -0.5791488797 0.2010132628 -0.5743879079 -0.7935188715 0.000248483731 -0.3521261535 0
0.6745529381 0.6566840308 -0.2666642675 -0.03601859159 0.1596766029 0.4730013132 -0.004745039954 0.04223486712 0.2501856206 -0.9781677035 -0.08606281268 -0.1891590234 0.04113670488 0.8120226052 -0.5821744242 0.2037049714 -0.5772455984 -0.7907539464 0.0002533246884 -0.3546634758 0
0.6793788036 0.6613820591 -0.2685720286 -0.03651251268 0.1606459058 0.4724939521 -0.004812349241 0.04252521749 0.2501173217 -0.9775673261 -0.08775705462 -0.1914701606 0.04191710956 0.8098203189 -0.5851786112 0.2064099779 -0.5800773659 -0.7879753617 0.0002582300994 -0.3572007981 0
0.6842046691 0.6660800874 -0.2704797898 -0.03700930288 0.1616116589 0.4719836438 -0.00488011478 0.04281531814 0.2500485596 -0.9769553198 -0.08946987565 -0.1937871112 0.04270498182 0.8076152876 -0.5881613994 0.2091281608 -0.5828830831 -0.7851832422 0.0002632004277 -0.3597381204 0
