0.007427088038 0.002882749951 0.001400823075 -1.819881427e-06 0.001893897432 0.5099953113 -2.280288177e-07 0.0004717740093 0.254999418 -0.9999999999 -5.184185458e-08 -1.059837429e-05 2.648022434e-08 0.9999726945 -0.007389875202 1.0598468e-05 -0.007389875202 -0.9999726944 2.85240631e-08 0.00186309469 0
0.01477233151 0.005733732753 0.002786209446 -7.199460697e-06 0.003766865713 0.5099814514 -9.074053269e-07 0.0009401981835 0.2549976837 -0.9999999991 -4.102720518e-07 -4.192583929e-05 2.059924186e-07 0.9998919806 -0.01469786087 4.19273406e-05 -0.01469786087 -0.9998919797 5.109491575e-08 0.003705658563 0
0.02211757498 0.008584715554 0.004171595818 -1.613875843e-05 0.005639717071 0.5099584203 -2.041156934e-06 0.001409326928 0.2549947895 -0.9999999956 -1.378108707e-06 -9.39784099e-05 6.902145619e-07 0.9997578619 -0.02200494322 9.398597935e-05 -0.02200494319 -0.9997578575 3.256077365e-08 0.005548222437 0
0.02946281846 0.01143569836 0.005556982189 -2.863744165e-05 0.007512393373 0.5099262188 -3.628690344e-06 0.001878521674 0.2549907367 -0.9999999861 -3.258260694e-06 -0.0001667473258 1.630615613e-06 0.9995703499 -0.02931067319 0.0001667711846 -0.02931067305 -0.999570336 2.077713447e-08 0.007390786311 0
0.03772621736 0.01464305401 0.007115541857 -4.695245342e-05 0.009618872595 0.5098790322 -5.956310604e-06 0.002406281432 0.2549847946 -0.9999999626 -6.840926438e-06 -0.0002733594778 3.422374934e-06 0.9992955974 -0.03752744393 0.0002734236452 -0.03752744347 -0.99929556 1.125784899e-07 0.009463670669 0
0.04507146083 0.01749403681 0.008500928228 -6.701312e-05 0.01149098392 0.5098273481 -8.506420892e-06 0.002875314707 0.2549782845 -0.9999999238 -1.166486753e-05 -0.0003901056229 5.834830546e-06 0.9989946836 -0.04482880976 0.0003902363654 -0.04482880862 -0.9989946074 2.193357475e-07 0.01130623454 0
0.05241670431 0.02034501961 0.009886314599 -9.063127713e-05 0.01336273859 0.5097664985 -1.150917574e-05 0.003344275815 0.2549706189 -0.9999998607 -1.834670456e-05 -0.0005275182697 9.176407037e-06 0.9986404418 -0.05212742096 0.0005277574443 -0.05212741853 -0.9986403025 3.479956476e-07 0.01314879842 0
0.05976194778 0.02319600241 0.01127170097 -0.0001178060451 0.01523407852 0.5096964857 -1.49644784e-05 0.003813173308 0.2549617979 -0.9999997646 -2.7188552e-05 -0.0006855742859 1.359825979e-05 0.9982329023 -0.05942282929 0.0006859784298 -0.05942282463 -0.9982326669 4.977874332e-07 0.01499136229 0
0.06710719125 0.02604698521 0.01265708734 -0.0001485364119 0.01710494563 0.5096173123 -1.887225909e-05 0.004282012775 0.2549518218 -0.9999996258 -3.849222397e-05 -0.0008642470605 1.925142563e-05 0.9977721 -0.06671458684 0.0008648895973 -0.06671457852 -0.9977717259 6.683169676e-07 0.01683392616 0
0.07445243472 0.02889796801 0.01404247371 -0.0001828212328 0.01897528187 0.5095289812 -2.323245941e-05 0.004750797219 0.2549406907 -0.9999994331 -5.255919231e-05 -0.001063506508 2.628680628e-05 0.9972580744 -0.07400224603 0.001064479951 -0.07400223204 -0.9972575076 8.593795629e-07 0.01867649004 0
0.0817976782 0.03174895082 0.01542786008 -0.0002206592309 0.02084502922 0.5094314958 -2.804502496e-05 0.005219527752 0.2549284049 -0.9999991741 -6.969054461e-05 -0.001283319073 3.485515173e-05 0.9966908694 -0.08128535968 0.001284737224 -0.08128533728 -0.9966900438 1.070873176e-06 0.02051905391 0
0.08914292167 0.03459993362 0.01681324646 -0.0002620489972 0.02271412967 0.5093248596 -3.330990171e-05 0.005688204164 0.2549149643 -0.9999988352 -9.018694227e-05 -0.001523647731 4.510704379e-05 0.9960705335 -0.08856348105 0.001525647878 -0.08856344662 -0.9960693692 1.302755292e-06 0.02236161779 0
0.09648816514 0.03745091642 0.01819863283 -0.00030698899 0.02458252525 0.5092090766 -3.902703403e-05 0.00615682532 0.2549003692 -0.9999984013 -0.0001143485787 -0.001784451997 5.719287947e-05 0.99539712 -0.09583616388 0.001787197107 -0.09583611273 -0.9953955221 1.555020254e-06 0.02420418166 0
0.1038334086 0.04030189922 0.0195840192 -0.0003554775358 0.02645015801 0.5090841512 -4.519636363e-05 0.006625389435 0.2548846196 -0.9999978563 -0.0001424751377 -0.002065687927 7.126285457e-05 0.9946706862 -0.1031029624 0.002069368837 -0.1031028886 -0.9946685438 1.827686731e-06 0.02604674553 0
0.1111786521 0.04315288202 0.02096940557 -0.0004075128289 0.02831697003 0.508950088 -5.181782898e-05 0.007093894263 0.2548677159 -0.9999971826 -0.0001748657512 -0.002367308128 8.746694711e-05 0.9938912945 -0.1103634316 0.002372145724 -0.1103633277 -0.9938884791 2.120790488e-06 0.02788930941 0
0.1185238956 0.04600386482 0.02235479194 -0.0004630929315 0.03018290344 0.508806892 -5.889136488e-05 0.007562337218 0.2548496581 -0.9999963615 -0.0002118189583 -0.002689261757 0.0001059549009 0.9930590115 -0.1176171267 0.00269550916 -0.1176169837 -0.9930553758 2.434380042e-06 0.02973187328 0
0.125869139 0.04885484762 0.02374017831 -0.0005222157739 0.03204790038 0.5086545685 -6.64169023e-05 0.00803071547 0.2548304464 -0.9999953728 -0.0002536326631 -0.003031494535 0.0001268762092 0.9921739083 -0.1248636039 0.00303943927 -0.1248634107 -0.9921692852 2.768513973e-06 0.03157443716 0
0.1332143825 0.05170583042 0.02512556468 -0.0005848791548 0.03391190305 0.5084931232 -7.439436817e-05 0.008499026004 0.254810081 -0.9999941954 -0.0003006040936 -0.003393948748 0.0001503800982 0.9912360607 -0.13210242 0.003403914916 -0.1321021635 -0.9912302617 3.123259192e-06 0.03341700103 0
0.140559626 0.05455681323 0.02651095106 -0.0006510807407 0.03577485368 0.5083225621 -8.282368532e-05 0.008967265663 0.2547885621 -0.9999928064 -0.0003530297599 -0.003776563256 0.0001766155106 0.9902455488 -0.1393331325 0.003788913696 -0.1393327972 -0.9902383631 3.498689808e-06 0.0352595649 0
0.1479048694 0.05740779603 0.02789633743 -0.0007208180669 0.03763669456 0.5081428916 -9.170477243e-05 0.009435431187 0.2547658899 -0.9999911823 -0.000411205413 -0.004179273501 0.0002057310895 0.9892024574 -0.1465552997 0.00419441195 -0.1465548672 -0.9891936503 3.894886358e-06 0.03710212878 0
0.1552501129 0.06025877883 0.0292817238 -0.0007940885369 0.039497368 0.5079541183 -0.0001010375439 0.009903519229 0.2547420646 -0.9999892977 -0.0004754260038 -0.004602011514 0.0002378751618 0.9881068757 -0.1537684808 0.004620384753 -0.1537679298 -0.9880961875 4.311935266e-06 0.03894469265 0
0.1625953564 0.06310976163 0.03066711017 -0.0008708894229 0.04135681638 0.5077562492 -0.00011082191 0.01037152638 0.2547170865 -0.9999871263 -0.0005459856413 -0.005044705926 0.0002731957221 0.9869588972 -0.1609722357 0.005066805926 -0.1609715416 -0.9869460422 4.749928475e-06 0.04078725652 0
0.1699405999 0.06596074443 0.03205249654 -0.0009512178658 0.04321498212 0.5075492918 -0.0001210577767 0.01083944918 0.2546909559 -0.9999846406 -0.0006231775524 -0.005507281972 0.0003118404165 0.9857586201 -0.1681661254 0.005533648031 -0.1681652599 -0.9857432851 5.208963159e-06 0.0426298204 0
0.1772858433 0.06881172723 0.03343788291 -0.001035070875 0.04507180769 0.5073332538 -0.0001317450456 0.01130728412 0.2546636728 -0.9999818117 -0.00070729404 -0.005989661505 0.0003539565264 0.9845061469 -0.1753497118 0.006020882376 -0.1753486425 -0.98448799 5.689141526e-06 0.04447238427 0
0.1846310868 0.07166271003 0.03482326928 -0.00112244533 0.04692723563 0.5071081431 -0.0001428836141 0.01177502768 0.2546352378 -0.9999786094 -0.0007986264428 -0.006491763003 0.000399690952 0.9832015847 -0.1825225576 0.006528479014 -0.182521248 -0.9831802342 6.190570653e-06 0.04631494815 0
0.1919763303 0.07451369284 0.03620865565 -0.001213337978 0.04878120853 0.5068739682 -0.0001544733753 0.01224267628 0.2546056509 -0.9999750024 -0.0008974650943 -0.007013501581 0.0004491901967 0.981845045 -0.1896842267 0.007056406747 -0.1896826355 -0.981820098 6.713362365e-06 0.04815751202 0
0.1993215738 0.07736467564 0.03759404203 -0.001307745436 0.05063366904 0.5066307378 -0.0001665142179 0.01271022635 0.2545749125 -0.9999709581 -0.001004099282 -0.007554788997 0.0005026003507 0.9804366435 -0.1968342842 0.00760463313 -0.1968323648 -0.9804076651 7.257633136e-06 0.05000007589 0
0.2066668172 0.08021565844 0.0389794284 -0.001405664191 0.05248455986 0.5063784609 -0.0001790060265 0.01317767428 0.2545430229 -0.9999664426 -0.001118817208 -0.00811553367 0.000560067075 0.9789765006 -0.203972296 0.008173124468 -0.2039699965 -0.9789430221 7.823504006e-06 0.05184263977 0
0.2140120607 0.08306664124 0.04036481477 -0.001507090598 0.05433382377 0.5061171469 -0.0001919486812 0.01364501646 0.2545099824 -0.999961421 -0.001241905947 -0.008695640685 0.0006217355856 0.977464741 -0.2110978295 0.00876184582 -0.211095092 -0.9774262592 8.411100508e-06 0.05368520364 0
0.2213573042 0.08591762404 0.04175020114 -0.001612020883 0.05618140362 0.5058468056 -0.0002053420579 0.01411224926 0.2544757913 -0.9999558569 -0.001373651407 -0.009295011808 0.0006877506374 0.9759014936 -0.2182104531 0.009370761003 -0.2182072132 -0.9758574696 9.020552611e-06 0.05552776752 0
0.2287025476 0.08876860684 0.04313558751 -0.001720451143 0.05802724233 0.5055674469 -0.0002191860281 0.01457936904 0.25444045 -0.9999497129 -0.001514338289 -0.009913545498 0.0007582565084 0.9742868919 -0.2253097364 0.009999832592 -0.2253059232 -0.9742367496 9.651994659e-06 0.05737033139 0
0.2360477911 0.09161958964 0.04452097388 -0.001832377342 0.05987128287 0.5052790814 -0.000233480459 0.01504637216 0.2544039588 -0.9999429503 -0.001664250047 -0.01055113692 0.0008333969836 0.9726210737 -0.2323952504 0.01064902192 -0.2323907856 -0.972564199 1.030556533e-05 0.05921289526 0
0.2433930346 0.09447057245 0.04590636025 -0.001947795316 0.06171346831 0.5049817197 -0.0002482252137 0.01551325496 0.254366318 -0.999935529 -0.001823668848 -0.01120767795 0.0009133153399 0.9709041811 -0.2394665674 0.0113182891 -0.2394613649 -0.9708399204 1.098140759e-05 0.06105545914 0
0.2507382781 0.09732155525 0.04729174663 -0.002066700772 0.06355374178 0.5046753729 -0.0002634201507 0.01598001379 0.2543275281 -0.9999274081 -0.001992875533 -0.0118830572 0.0009981543297 0.9691363606 -0.2465232611 0.01200759299 -0.2465172266 -0.9690640199 1.167966863e-05 0.06289802301 0
0.2580835215 0.100172538 0.048677133 -0.002189089287 0.06539204651 0.5043600523 -0.0002790651243 0.01644664498 0.2542875894 -0.9999185451 -0.002172149579 -0.01257716004 0.001088056165 0.9673177629 -0.2535649065 0.01271689122 -0.253557937 -0.9672366066 1.240049987e-05 0.06474058689 0
0.265428765 0.1030235208 0.05006251937 -0.002314956308 0.06722832578 0.5040357698 -0.0002951599845 0.01691314487 0.2542465022 -0.9999088966 -0.002361769053 -0.01328986857 0.001183162504 0.965448543 -0.2605910801 0.01344614019 -0.2605830635 -0.9653577929 1.314405685e-05 0.06658315076 0
0.2727740085 0.1058745037 0.05144790574 -0.002444297154 0.06906252298 0.5037025373 -0.0003117045771 0.01737950978 0.254204267 -0.9998984178 -0.002562010583 -0.01402106169 0.001283614432 0.9635288602 -0.26760136 0.0141952951 -0.2675921741 -0.9634276942 1.391049927e-05 0.06842571463 0
0.280119252 0.1087254865 0.05283329211 -0.002577107015 0.07089458157 0.5033603674 -0.0003286987433 0.01784573605 0.2541608843 -0.9998870629 -0.002773149309 -0.01477061507 0.001389552449 0.9615588782 -0.2745953256 0.0149643099 -0.2745848382 -0.9614464291 1.46999909e-05 0.07026827851 0
0.2874644954 0.1115764693 0.05421867848 -0.002713380953 0.07272444512 0.5030092725 -0.0003461423204 0.01831182 0.2541163543 -0.9998747848 -0.002995458853 -0.01553840121 0.001501116451 0.9595387648 -0.2815725581 0.01575313731 -0.2815606259 -0.9594141195 1.551269953e-05 0.07211084238 0
0.2948097389 0.1144274521 0.05560406485 -0.0028531139 0.07455205726 0.502649266 -0.000364035141 0.01877775795 0.2540706776 -0.9998615353 -0.003229211273 -0.0163242894 0.001618445721 0.957468692 -0.2885326401 0.01656172887 -0.2885191085 -0.9573308901 1.6348797e-05 0.07395340625 0
0.3021549824 0.1172784349 0.05698945122 -0.002996300662 0.07637736173 0.5022803611 -0.0003823770336 0.01924354624 0.2540238546 -0.999847265 -0.003474677029 -0.01712814577 0.001741678904 0.9553488361 -0.295475156 0.01739003487 -0.2954598583 -0.9551968691 1.72084591e-05 0.07579597013 0
0.3095002258 0.1201294177 0.0583748376 -0.003142935915 0.07820030238 0.5019025715 -0.0004011678225 0.01970918117 0.2539758857 -0.9998319232 -0.003732124944 -0.01794983333 0.001870954002 0.9531793776 -0.3023996919 0.0182380044 -0.3023824488 -0.9530121877 1.809186556e-05 0.077638534 0
0.3168454693 0.1229804005 0.05976022397 -0.003293014208 0.08002082313 0.5015159112 -0.0004204073274 0.02017465909 0.2539267715 -0.9998154584 -0.004001822164 -0.01878921194 0.002006408352 0.950960501 -0.3093058355 0.01910558535 -0.3092864545 -0.95077698 1.899920001e-05 0.07948109788 0
0.3241907128 0.1258313833 0.06114561034 -0.003446529965 0.08183886802 0.5011203948 -0.000440095364 0.0206399763 0.2538765123 -0.9997978177 -0.004284034121 -0.01964613834 0.002148178614 0.9486923951 -0.3161931763 0.01999272439 -0.316171451 -0.9484913835 1.993064993e-05 0.08132366175 0
0.3315359563 0.1286823661 0.06253099671 -0.003603477478 0.08365438117 0.5007160368 -0.0004602317435 0.02110512913 0.2538251088 -0.9997789471 -0.0045790245 -0.02052046618 0.002296400752 0.9463752529 -0.3230613056 0.020899367 -0.3230370152 -0.9461555386 2.088640664e-05 0.08316622562 0
0.3388811997 0.1315333489 0.06391638308 -0.003763850917 0.08546730684 0.5003028523 -0.000480816273 0.0215701139 0.2537725613 -0.9997587914 -0.004887055191 -0.02141204604 0.002451210027 0.9440092713 -0.3299098168 0.02182545746 -0.3298827251 -0.943769589 2.186666525e-05 0.0850087895 0
0.3462264432 0.1343843317 0.06530176945 -0.003927644323 0.08727758935 0.4998808566 -0.000501848755 0.02203492694 0.2537188704 -0.9997372945 -0.005208386264 -0.02232072543 0.002612740975 0.9415946515 -0.3367383047 0.02277093885 -0.33670816 -0.9413336812 2.287162462e-05 0.08685135337 0
0.3535716867 0.1372353145 0.06668715582 -0.004094851609 0.08908517318 0.4994500654 -0.0005233289881 0.02249956457 0.2536640366 -0.9997143989 -0.005543275923 -0.02324634884 0.002781127394 0.9391315986 -0.3435463665 0.02373575305 -0.3435129003 -0.938847965 2.390148731e-05 0.08869391725 0
0.3609169301 0.1400862973 0.06807254219 -0.004265466565 0.09089000289 0.4990104948 -0.0005452567664 0.02296402312 0.2536080605 -0.9996900462 -0.005891980472 -0.02418875772 0.00295650233 0.9366203217 -0.350333601 0.02471984078 -0.3502965279 -0.9363125931 2.495645958e-05 0.09053648112 0
0.3682621736 0.1429372801 0.06945792857 -0.004439482854 0.09269202315 0.4985621609 -0.0005676318796 0.02342829891 0.2535509425 -0.999664177 -0.006254754281 -0.02514779053 0.003138998064 0.9340610343 -0.3570996092 0.02572314154 -0.3570586258 -0.9337277214 2.603675132e-05 0.09237904499 0
0.3756074171 0.1457882629 0.07084331494 -0.004616894012 0.09449117876 0.4981050806 -0.0005904541133 0.02389238827 0.2534926833 -0.9996367304 -0.006631849744 -0.02612328273 0.003328746096 0.9314539535 -0.3638439941 0.02674559367 -0.3637987784 -0.9310935088 2.714257604e-05 0.09422160887 0
0.3829526606 0.1486392457 0.07222870131 -0.004797693453 0.09628741465 0.4976392707 -0.0006137232488 0.02435628752 0.2534332834 -0.9996076447 -0.00702351725 -0.02711506684 0.003525877127 0.9287993004 -0.3705663607 0.02778713434 -0.3705165714 -0.9284101171 2.827415079e-05 0.09606417274 0
0.3912160595 0.1518466013 0.07378726098 -0.005005134515 0.09830462159 0.4971048217 -0.0006404349356 0.02487794239 0.2533650957 -0.9995728859 -0.007481870473 -0.02825008557 0.00375663623 0.9257562327 -0.3781022154 0.0289816046 -0.3780468479 -0.9253327225 2.957822653e-05 0.0981370571 0
0.3985613029 0.1546975841 0.07517264735 -0.005193111609 0.1000944707 0.4966205194 -0.0006646529916 0.02534142549 0.2533032738 -0.9995401074 -0.007905325551 -0.0292759205 0.003969886398 0.9230012414 -0.3847764915 0.03006349439 -0.3847157577 -0.9225453767 3.076525691e-05 0.09997962097 0
0.4059065464 0.1575485669 0.07655803372 -0.005384455593 0.1018812287 0.4961275427 -0.0006893172381 0.02580470703 0.253240313 -0.99950549 -0.00834412179 -0.03031750508 0.004190922729 0.9201993946 -0.3914275289 0.03116426879 -0.3913610224 -0.9197093772 3.197873826e-05 0.1018221848 0
0.4132517899 0.1603995497 0.07794342009 -0.005579159364 0.1036648411 0.4956259098 -0.000714427439 0.02626778333 0.253176214 -0.9994689676 -0.008798500914 -0.03137465985 0.004419872496 0.9173509297 -0.3980549416 0.03228386015 -0.3979822335 -0.9168248983 3.321890196e-05 0.1036647487 0
0.4205970334 0.1632505325 0.07932880646 -0.005777215698 0.1054452533 0.4951156395 -0.0007399833535 0.02673065074 0.2531109774 -0.9994304729 -0.009268702458 -0.03244720249 0.004656862103 0.914456088 -0.4046583458 0.03342219965 -0.4045789841 -0.9138921174 3.44859828e-05 0.1055073126 0
0.4279422768 0.1661015153 0.08071419283 -0.005978617246 0.1072224112 0.4945967505 -0.0007659847368 0.02719330559 0.2530446037 -0.9993899379 -0.009754963731 -0.03353494783 0.00490201707 0.9115151144 -0.4112373601 0.03457921734 -0.4111508687 -0.9109112146 3.578021889e-05 0.1073498765 0
0.4352875203 0.1689524981 0.0820995792 -0.006183356535 0.1089962605 0.4940692623 -0.0007924313395 0.02765574422 0.2529770938 -0.9993472932 -0.01025751978 -0.03463770791 0.005155462024 0.908528258 -0.4177916055 0.03575484209 -0.4176974835 -0.9078823732 3.710185164e-05 0.1091924403 0
0.4426327638 0.1718034809 0.08348496558 -0.00639142597 0.1107667471 0.4935331943 -0.0008193229084 0.02811796298 0.2529084482 -0.9993024687 -0.01077660337 -0.03575529201 0.005417320682 0.9054957713 -0.4243207051 0.03694900166 -0.424218426 -0.9048057794 3.845112576e-05 0.1110350042 0
0.4499780072 0.1746544637 0.08487035195 -0.006602817836 0.1125338172 0.4929885664 -0.0008466591857 0.0285799582 0.2528386675 -0.999255393 -0.01131244493 -0.03688750661 0.005687715839 0.9024179108 -0.4308242846 0.03816162265 -0.4307132954 -0.9016816221 3.982828917e-05 0.1128775681 0
0.4573232507 0.1775054465 0.08625573832 -0.006817524292 0.114297417 0.4924353988 -0.0008744399094 0.02904172623 0.2527677525 -0.9992059939 -0.01186527252 -0.03803415549 0.005966769353 0.8992949365 -0.4373019721 0.03939263053 -0.4371816927 -0.8985100936 4.123359298e-05 0.114720132 0
0.4646684942 0.1803564293 0.08764112469 -0.007035537377 0.1160574929 0.4918737121 -0.0009026648134 0.02950326343 0.2526957039 -0.9991541983 -0.01243531183 -0.03919503971 0.006254602132 0.8961271124 -0.4437533982 0.04064194964 -0.4436232202 -0.8952913886 4.266729148e-05 0.1165626958 0
0.4720137377 0.1832074121 0.08902651106 -0.007256849009 0.1178139914 0.4913035271 -0.0009313336272 0.02996456614 0.2526225223 -0.9990999317 -0.01302278611 -0.04036995763 0.006551334123 0.8929147058 -0.4501781961 0.04190950319 -0.450037482 -0.892025705 4.412964206e-05 0.1184052597 0
0.4793589811 0.1860583949 0.09041189743 -0.007481450985 0.1195668592 0.4907248648 -0.0009604460761 0.03042563071 0.2525482085 -0.9990431192 -0.01362791614 -0.04155870497 0.006857084294 0.8896579879 -0.4565760012 0.0431952133 -0.456424084 -0.8887132435 4.562090523e-05 0.1202478236 0
0.4867042246 0.1889093777 0.0917972838 -0.00770933498 0.1213160431 0.4901377467 -0.0009900018811 0.0308864535 0.2524727632 -0.9989836844 -0.01425092022 -0.0427610748 0.007171970628 0.8863572335 -0.462946452 0.04449900092 -0.4627826335 -0.8853542077 4.714134451e-05 0.1220903875 0
0.4940494681 0.1917603605 0.09318267018 -0.00794049255 0.1230614901 0.4895421947 -0.001020000759 0.03134703087 0.252396187 -0.9989215504 -0.01489201413 -0.04397685761 0.007496110103 0.8830127209 -0.4692891891 0.04582078593 -0.4691127397 -0.8819488041 4.869122649e-05 0.1239329513 0
0.5013947116 0.1946113433 0.09456805655 -0.008174915132 0.1248031473 0.4889382307 -0.001050442422 0.03180735918 0.2523184809 -0.9988566391 -0.0155514111 -0.04520584127 0.007829618684 0.879624732 -0.475603856 0.0471604871 -0.4754140137 -0.8784972419 5.027082068e-05 0.1257755152 0
0.508739955 0.1974623261 0.09595344292 -0.00841259404 0.126540962 0.4883258772 -0.00108132658 0.03226743478 0.2522396455 -0.9987888716 -0.01622932174 -0.04644781111 0.008172611309 0.8761935522 -0.481890099 0.04851802207 -0.4816860681 -0.8749997333 5.18803996e-05 0.1276180791 0
0.5160851985 0.2003133089 0.09733882929 -0.008653520473 0.1282748817 0.4877051567 -0.001112652935 0.03272725405 0.2521596815 -0.9987181679 -0.01692595409 -0.04770254994 0.008525201874 0.8727194704 -0.4881475668 0.04989330742 -0.4879285174 -0.8714564933 5.352023863e-05 0.129460643 0
0.523430442 0.2031642917 0.09872421566 -0.008897685508 0.130004854 0.4870760924 -0.001144421188 0.03318681335 0.2520785898 -0.9986444472 -0.0176415135 -0.04896983805 0.008887503225 0.8692027789 -0.4943759111 0.05128625863 -0.494140978 -0.8678677396 5.519061606e-05 0.1313032068 0
0.5307756854 0.2060152745 0.100109602 -0.009145080105 0.1317308266 0.4864387074 -0.001176631034 0.03364610905 0.2519963712 -0.998567628 -0.01837620266 -0.05024945327 0.009259627142 0.8656437736 -0.5005747862 0.05269679007 -0.5003230681 -0.8642336929 5.689181301e-05 0.1331457707 0
0.5381209289 0.2088662573 0.1014949884 -0.009395695107 0.1334527474 0.4857930254 -0.001209282165 0.03410513753 0.2519130263 -0.9984876275 -0.01913022155 -0.05154117097 0.009641684328 0.8620427536 -0.5067438493 0.05412481506 -0.5064744076 -0.8605545763 5.862411341e-05 0.1349883346 0
0.5454661724 0.2117172402 0.1028803748 -0.009649521236 0.1351705646 0.4851390703 -0.001242374269 0.03456389515 0.2518285562 -0.9984043624 -0.01990376741 -0.0528447641 0.0100337844 0.8584000216 -0.5128827606 0.05557024582 -0.5125946185 -0.8568306162 6.038780397e-05 0.1368308984 0
0.5528114159 0.214568223 0.1042657611 -0.009906549102 0.1368842265 0.4844768663 -0.001275907027 0.03502237831 0.2517429615 -0.9983177484 -0.0206970347 -0.05416000322 0.01043603587 0.8547158834 -0.5189911827 0.05703299352 -0.5186833247 -0.8530620413 6.218317415e-05 0.1386734623 0
0.5601566593 0.2174192058 0.1056511475 -0.01016676919 0.1385936814 0.4838064379 -0.001309880119 0.03548058337 0.2516562431 -0.9982277003 -0.0215102151 -0.05548665655 0.01084854613 0.8509906483 -0.5250687817 0.05851296827 -0.524740152 -0.8492490833 6.401051611e-05 0.1405160262 0
0.5675019028 0.2202701886 0.1070365339 -0.01043017189 0.140298878 0.4831278098 -0.001344293219 0.03593850672 0.2515684019 -0.998134132 -0.02234349745 -0.05682448993 0.01127142147 0.8472246288 -0.5311152261 0.06001007908 -0.530764728 -0.8453919765 6.587012468e-05 0.1423585901 0
0.5748471463 0.2231211714 0.1084219203 -0.01069674744 0.1419997651 0.4824410073 -0.001379145998 0.03639614475 0.2514794387 -0.9980369568 -0.02319706773 -0.05817326693 0.01170476702 0.8434181406 -0.5371301877 0.06152423397 -0.5367566825 -0.841490958 6.776229736e-05 0.1442011539 0
0.5821923898 0.2259721542 0.1098073066 -0.01096648599 0.1436962916 0.4817460556 -0.001414438122 0.03685349386 0.2513893543 -0.9979360869 -0.02407110904 -0.05953274883 0.01214868678 0.8395715026 -0.5431133412 0.06305533985 -0.5427156472 -0.8375462676 6.968733424e-05 0.1460437178 0
0.5895376332 0.228823137 0.111192693 -0.01123937757 0.1453884068 0.4810429805 -0.001450169252 0.03731055042 0.2512981497 -0.9978314339 -0.02496580159 -0.06090269468 0.01260328357 0.835685037 -0.5490643643 0.06460330264 -0.5486412559 -0.8335581477 7.164553802e-05 0.1478862817 0
0.5968828767 0.2316741198 0.1125780794 -0.01151541209 0.1470760598 0.4803318079 -0.001486339047 0.03776731085 0.2512058257 -0.9977229086 -0.02588132261 -0.06228286129 0.01306865906 0.831759069 -0.5549829378 0.06616802718 -0.5545331444 -0.8295268434 7.363721392e-05 0.1497288456 0
0.6042281202 0.2345251026 0.1139634657 -0.01179457935 0.1487592003 0.4796125641 -0.001522947159 0.03822377153 0.2511123832 -0.9976104208 -0.0268178464 -0.0636730033 0.01354491374 0.827793927 -0.5608687455 0.06774941731 -0.5603909506 -0.8254526025 7.56626697e-05 0.1515714094 0
0.6115733636 0.2373760854 0.1153488521 -0.01207686904 0.1504377779 0.4788852758 -0.00155999324 0.03867992887 0.2510178232 -0.9974938798 -0.02777554424 -0.06507287318 0.01403214688 0.8237899425 -0.5667214744 0.06934737584 -0.5662143144 -0.8213356754 7.772221561e-05 0.1534139733 0
0.6189186071 0.2402270682 0.1167342385 -0.01236227073 0.1521117425 0.4781499698 -0.001597476932 0.03913577928 0.2509221464 -0.997373194 -0.02875458441 -0.0664822213 0.01453045658 0.8197474499 -0.5725408145 0.07096180455 -0.5720028779 -0.8171763151 7.981616437e-05 0.1552565372 0
0.6262638506 0.243078051 0.1181196249 -0.01265077387 0.1537810442 0.4774066732 -0.001635397878 0.03959131916 0.250825354 -0.997248271 -0.02975513213 -0.06790079592 0.0150399397 0.8156667867 -0.5783264592 0.07259260423 -0.5777562853 -0.8129747773 8.194483111e-05 0.1570991011 0
0.6336090941 0.2459290338 0.1195050112 -0.01294236782 0.1554456332 0.4766554135 -0.001673755715 0.04004654492 0.2507274468 -0.9971190178 -0.03077734956 -0.06932834324 0.0155606919 0.8115482933 -0.5840781048 0.07423967463 -0.5834741831 -0.8087313202 8.410853338e-05 0.1589416649 0
0.6409543375 0.2487800166 0.1208903976 -0.01323704181 0.1571054601 0.4758962184 -0.001712550074 0.04050145299 0.2506284257 -0.9969853405 -0.03182139574 -0.07076460742 0.01609280758 0.8073923132 -0.5897954511 0.07590291453 -0.5891562199 -0.8044462046 8.63075911e-05 0.1607842288 0
0.648299581 0.2516309994 0.122275784 -0.01353478496 0.1587604754 0.4751291159 -0.001751780585 0.04095603977 0.2505282918 -0.9968471446 -0.03288742661 -0.07220933065 0.01663637991 0.8031991926 -0.595478201 0.07758222171 -0.5948020462 -0.800119694 8.854232653e-05 0.1626267927 0
0.6556448245 0.2544819822 0.1236611703 -0.01383558628 0.16041063 0.4743541344 -0.001791446871 0.0414103017 0.250427046 -0.996704335 -0.03397559496 -0.07366225312 0.0171915008 0.7989692806 -0.6011260608 0.07927749295 -0.6004113153 -0.7957520541 9.081306427e-05 0.1644693566 0
0.6629900679 0.257332965 0.1250465567 -0.01413943469 0.162055875 0.4735713024 -0.001831548554 0.04186423519 0.2503246892 -0.9965568157 -0.03508605041 -0.07512311311 0.0177582609 0.7947029293 -0.6067387398 0.08098862405 -0.6059836823 -0.7913435534 9.312013119e-05 0.1663119204 0
0.6703353114 0.2601839478 0.1264319431 -0.01444631896 0.1636961617 0.4727806488 -0.001872085248 0.04231783668 0.2502212225 -0.9964044902 -0.03621893937 -0.07659164699 0.01833674958 0.7904004933 -0.612315951 0.08271550986 -0.6115188048 -0.7868944629 9.546385643e-05 0.1681544843 0
0.6776805549 0.2630349306 0.1278173295 -0.01475622779 0.1653314414 0.4719822028 -0.001913056565 0.04277110259 0.2501166469 -0.9962472612 -0.03737440504 -0.07806758926 0.01892705492 0.7860623302 -0.6178574104 0.08445804424 -0.6170163425 -0.7824050561 9.784457138e-05 0.1699970482 0
0.6850257984 0.2658859134 0.1292027158 -0.01506914975 0.1669616659 0.4711759938 -0.001954462114 0.04322402937 0.2500109634 -0.9960850308 -0.03855258738 -0.07955067259 0.01952926371 0.7816888001 -0.6233628378 0.08621612008 -0.6224759576 -0.7778756089 0.0001002626096 0.1718396121 0
0.6923710418 0.2687368962 0.1305881022 -0.0153850733 0.168586787 0.4703620516 -0.001996301498 0.04367661346 0.249904173 -0.9959177005 -0.03975362309 -0.08104062784 0.02014346144 0.777280266 -0.6288319561 0.08798962934 -0.6278973144 -0.7733063996 0.000102718307 0.1736821759 0
0.6997162853 0.271587879 0.1319734886 -0.0157039868 0.1702067568 0.469540406 -0.002038574316 0.04412885128 0.2497962767 -0.9957451711 -0.04097764558 -0.08253718412 0.02076973227 0.7728370934 -0.6342644916 0.08977846301 -0.6332800799 -0.7686977091 0.0001052120014 0.1755247398 0
0.7070615288 0.2744388618 0.1333588749 -0.0160258785 0.1718215276 0.4687110875 -0.002081280163 0.04458073931 0.2496872757 -0.995567343 -0.04222478494 -0.08404006878 0.02140815907 0.7683596503 -0.6396601742 0.09158251115 -0.6386239232 -0.7640498206 0.0001077440329 0.1773673037 0
0.7144067723 0.2772898446 0.1347442613 -0.01635073655 0.1734310519 0.4678741265 -0.00212441863 0.04503227397 0.2495771709 -0.9953841156 -0.04349516794 -0.08554900749 0.02205882335 0.7638483075 -0.6450187372 0.09340166288 -0.6439285158 -0.7593630199 0.0001103147437 0.1792098675 0
0.7217520157 0.2801408274 0.1361296477 -0.01667854898 0.1750352825 0.4670295538 -0.002167989305 0.04548345173 0.2494659634 -0.9951953882 -0.04478891799 -0.08706372425 0.02272180528 0.7593034382 -0.6503399175 0.0952358064 -0.6491935317 -0.7546375949 0.0001129244781 0.1810524314 0
0.7290972592 0.2829918102 0.1375150341 -0.01700930372 0.1766341722 0.4661774006 -0.002211991771 0.04593426905 0.2493536544 -0.9950010592 -0.04610615515 -0.08858394143 0.02339718369 0.7547254179 -0.6556234554 0.09708482897 -0.6544186473 -0.7498738361 0.0001155735825 0.1828949953 0
0.7364425027 0.285842793 0.1389004204 -0.0173429886 0.1782276742 0.4653176983 -0.002256425605 0.04638472239 0.2492402448 -0.9948010265 -0.04744699606 -0.09010937978 0.02408503606 0.750114625 -0.6608690948 0.09894861696 -0.6596035415 -0.7450720363 0.0001182624052 0.1847375592 0
0.7447059016 0.2890501486 0.1404589801 -0.01772187123 0.180013866 0.4643415488 -0.002306928759 0.04689104292 0.249111345 -0.9945690442 -0.0489837968 -0.09183138921 0.02487387495 0.7448887831 -0.6667248242 0.1010628851 -0.6653880736 -0.7396249081 0.0001213352431 0.1868104435 0
0.7520511451 0.2919011314 0.1418443665 -0.01806174176 0.1815957647 0.4634659098 -0.002352277835 0.04734071107 0.2489956005 -0.9943565497 -0.05037516739 -0.09336698836 0.02558848545 0.7402096144 -0.6718890952 0.1029576681 -0.6704864423 -0.734743254 0.0001241096334 0.1886530074 0
0.7593963885 0.2947521142 0.1432297528 -0.01840450371 0.1831721308 0.4625828214 -0.002398056937 0.0477900042 0.248878759 -0.9941380292 -0.05179048419 -0.09490692621 0.02631580314 0.7354988698 -0.6770146904 0.1048668556 -0.675543602 -0.7298244887 0.0001269248438 0.1904955713 0
0.766741632 0.297603097 0.1446151392 -0.01875014449 0.1847429184 0.461692316 -0.002444265626 0.0482389188 0.2487608216 -0.9939133783 -0.05322984963 -0.09645091729 0.02705589982 0.7307569372 -0.6821013685 0.1067903302 -0.6805592419 -0.7248689148 0.0001297812309 0.1923381352 0
0.7740868755 0.3004540798 0.1460005256 -0.01909865137 0.1863080817 0.4607944263 -0.002490903461 0.04868745134 0.2486417894 -0.9936824925 -0.05469336268 -0.09799867476 0.02780884587 0.7259842066 -0.6871488921 0.1087279737 -0.6855330538 -0.7198768366 0.0001326791532 0.194180699 0
0.7814321189 0.3033050626 0.147385912 -0.01945001157 0.1878675753 0.4598891854 -0.002537969995 0.04913559832 0.2485216637 -0.9934452664 -0.05618111878 -0.09954991038 0.02857471026 0.7211810701 -0.692157027 0.110679667 -0.6904647319 -0.7148485611 0.0001356189712 0.1960232629 0
0.7887773624 0.3061560454 0.1487712983 -0.01980421216 0.1894213541 0.4589766266 -0.002585464777 0.04958335622 0.2484004455 -0.9932015944 -0.05769320987 -0.1011043346 0.02935356054 0.7163479222 -0.6971255431 0.1126452902 -0.6953539731 -0.7097843973 0.0001386010473 0.1978658268 0
0.7961226059 0.3090070282 0.1501566847 -0.02016124015 0.1909693729 0.4580567833 -0.002633387353 0.05003072154 0.248278136 -0.9929513704 -0.05922972431 -0.1026616564 0.03014546286 0.7114851592 -0.7020542139 0.1146247225 -0.700200477 -0.7046846564 0.0001416257456 0.1997083906 0
0.8034678494 0.311858011 0.1515420711 -0.02052108241 0.192511587 0.4571296893 -0.002681737264 0.05047769078 0.2481547365 -0.992694488 -0.06079074693 -0.1042215838 0.03095048193 0.7065931798 -0.7069428166 0.1166178421 -0.7050039457 -0.6995496519 0.0001446934323 0.2015509545 0
0.8108130928 0.3147089939 0.1529274574 -0.02088372575 0.194047952 0.4561953786 -0.002730514047 0.05092426043 0.2480302481 -0.9924308402 -0.06237635897 -0.1057838233 0.03176868101 0.7016723845 -0.7117911321 0.1186245267 -0.7097640838 -0.6943796994 0.0001478044754 0.2033935184 0
0.8181583363 0.3175599767 0.1543128438 -0.02124915685 0.1955784235 0.4552538856 -0.002779717236 0.05137042702 0.2479046721 -0.9921603196 -0.06398663808 -0.1073480803 0.03260012195 0.6967231759 -0.7165989452 0.1206446528 -0.714480599 -0.6891751167 0.0001509592445 0.2052360823 0
0.8255035798 0.3204109595 0.1556982302 -0.0216173623 0.1971029575 0.4543052447 -0.00282934636 0.05181618704 0.2477780095 -0.9918828185 -0.06562165831 -0.1089140591 0.0334448651 0.6917459585 -0.7213660443 0.1226780963 -0.7191532012 -0.6839362235 0.0001541581112 0.2070786461 0
0.8328488232 0.3232619423 0.1570836166 -0.02198832861 0.1986215103 0.4533494909 -0.002879400943 0.05226153702 0.2476502618 -0.9915982289 -0.06728149008 -0.1104814628 0.03430296941 0.6867411388 -0.7260922218 0.1247247322 -0.7237816034 -0.678663342 0.000157401449 0.20892121 0
0.8401940667 0.3261129251 0.1584690029 -0.02236204217 0.2001340382 0.452386659 -0.002929880507 0.05270647347 0.2475214301 -0.9913064421 -0.06896620018 -0.1120499935 0.03517449232 0.681709125 -0.7307772739 0.1267844348 -0.728365521 -0.6733567962 0.0001606896329 0.2107637739 0
0.8475393102 0.3289639079 0.1598543893 -0.02273848928 0.2016404979 0.4514167845 -0.002980784569 0.05315099293 0.2473915156 -0.9910073495 -0.07067585174 -0.1136193522 0.03605948983 0.6766503272 -0.7354210004 0.1288570774 -0.7329046723 -0.6680169122 0.0001640230398 0.2126063378 0
0.8548845537 0.3318148907 0.1612397757 -0.02311765614 0.2031408464 0.4504399028 -0.003032112641 0.05359509191 0.2472605197 -0.9907008419 -0.07241050424 -0.1151892388 0.03695801646 0.6715651574 -0.7400232053 0.1309425327 -0.7373987783 -0.6626440182 0.0001674020484 0.2144489016 0
0.8622297971 0.3346658735 0.162625162 -0.02349952887 0.204635041 0.4494560497 -0.003083864232 0.05403876696 0.2471284435 -0.9903868098 -0.07417021346 -0.1167593523 0.03787012524 0.6664540291 -0.7445836962 0.1330406725 -0.7418475629 -0.6572384445 0.0001708270389 0.2162914655 0
0.8695750406 0.3375168563 0.1640105484 -0.02388409348 0.2061230389 0.4484652613 -0.003136038848 0.0544820146 0.2469952885 -0.9900651435 -0.07595503153 -0.1183293909 0.03879586771 0.6613173577 -0.7491022848 0.1351513678 -0.7462507525 -0.6518005233 0.0001742983935 0.2181340294 0
0.8769202841 0.3403678391 0.1653959348 -0.02427133589 0.2076047981 0.4474675738 -0.003188635988 0.05492483139 0.2468610558 -0.989735733 -0.07776500683 -0.1198990517 0.03973529394 0.6561555601 -0.7535787864 0.1372744889 -0.7506080766 -0.6463305888 0.0001778164959 0.2199765933 0
0.8842655276 0.3432188219 0.1667813212 -0.02466124193 0.2090802763 0.4464630238 -0.00324165515 0.05536721388 0.2467257467 -0.9893984678 -0.07960018405 -0.1214680311 0.04068845249 0.6509690549 -0.7580130206 0.1394099053 -0.7549192673 -0.6408289772 0.0001813817315 0.2218191571 0
0.891610771 0.3460698047 0.1681667075 -0.02505379732 0.2105494318 0.4454516481 -0.003295095827 0.0558091586 0.2465893627 -0.9890532375 -0.08146060416 -0.1230360245 0.0416553904 0.6457582623 -0.7624048105 0.1415574859 -0.7591840598 -0.6352960267 0.0001849944875 0.223661721 0
0.8989560145 0.3489207875 0.1695520939 -0.02544898773 0.212012223 0.4444334835 -0.003348957506 0.05625066213 0.2464519049 -0.9886999312 -0.0833463044 -0.1246027267 0.04263615323 0.6405236039 -0.7667539836 0.1437170984 -0.7634021918 -0.6297320773 0.0001886551526 0.2255042849 0
0.906301258 0.3517717703 0.1709374803 -0.02584679868 0.2134686088 0.4434085673 -0.003403239673 0.05669172101 0.2463133748 -0.988338438 -0.08525731822 -0.1261678316 0.04363078501 0.6352655028 -0.7710603709 0.1458886104 -0.7675734041 -0.624137471 0.0001923641172 0.2273468488 0
0.9136465014 0.3546227531 0.1723228666 -0.02624721564 0.2149185481 0.4423769371 -0.003457941809 0.05713233183 0.2461737736 -0.9879686464 -0.08719367537 -0.1277310326 0.04463932826 0.6299843836 -0.7753238077 0.1480718882 -0.7716974403 -0.6185125516 0.0001961217734 0.2291894126 0
0.9209917449 0.3574737359 0.173708253 -0.02665022398 0.2163620001 0.4413386304 -0.00351306339 0.05757249114 0.2460331028 -0.9875904451 -0.0891554018 -0.1292920222 0.04566182397 0.6246806722 -0.7795441332 0.1502667978 -0.7757740471 -0.6128576648 0.0001999285148 0.2310319765 0
0.9283369884 0.3603247187 0.1750936394 -0.02705580898 0.2177989244 0.4402936853 -0.003568603889 0.05801219553 0.2458913637 -0.9872037225 -0.09114251969 -0.1308504925 0.04669831161 0.6193547959 -0.7837211905 0.1524732041 -0.7798029737 -0.6071731583 0.0002037847366 0.2328745404 0
0.9356822319 0.3631757015 0.1764790258 -0.02746395583 0.2192292807 0.4392421399 -0.003624562775 0.05845144157 0.2457485576 -0.9868083667 -0.09315504743 -0.1324061348 0.04774882912 0.6140071834 -0.7878548268 0.1546909716 -0.7837839727 -0.6014593814 0.0002076908357 0.2347171042 0
0.9430274753 0.3660266843 0.1778644121 -0.02787464962 0.2206530292 0.4381840325 -0.003680939512 0.05889022586 0.245604686 -0.9864042658 -0.09519299964 -0.1339586399 0.0488134129 0.6086382644 -0.7919448932 0.156919964 -0.7877167993 -0.5957166852 0.0002116472106 0.2365596681 0
0.9503727188 0.3688776671 0.1792497985 -0.02828787536 0.22207013 0.4371194019 -0.003737733561 0.05932854497 0.2454597502 -0.9859913077 -0.09725638711 -0.1355076983 0.04989209781 0.6032484701 -0.7959912449 0.1591600444 -0.7916012118 -0.5899454227 0.0002156542612 0.238402232 0
0.9577179623 0.3717286499 0.1806351849 -0.02870361799 0.2234805439 0.4360482867 -0.003794944379 0.05976639551 0.2453137517 -0.9855693802 -0.09934521685 -0.1370529998 0.05098491717 0.5978382326 -0.7999937412 0.1614110749 -0.7954369715 -0.5841459486 0.0002197123892 0.2402447959 0
0.9650632057 0.3745796327 0.1820205712 -0.02912186234 0.2248842317 0.4349707262 -0.003852571419 0.06020377409 0.2451666918 -0.9851383709 -0.101459492 -0.1385942338 0.05209190276 0.5924079852 -0.8039522453 0.1636729173 -0.7992238426 -0.5783186195 0.0002238219975 0.2420873597 0
0.9724084492 0.3774306155 0.1834059576 -0.02954259316 0.2262811544 0.4338867595 -0.00391061413 0.06064067729 0.245018572 -0.9846981675 -0.103599212 -0.1401310894 0.05321308481 0.5869581625 -0.8078666246 0.1659454325 -0.8029615923 -0.5724637933 0.000227983491 0.2439299236 0
0.9797536927 0.3802815983 0.184791344 -0.02996579512 0.2276712736 0.4327964262 -0.003969071956 0.06107710174 0.2448693937 -0.9842486574 -0.1057643724 -0.1416632553 0.05434849198 0.5814891998 -0.8117367504 0.1682284809 -0.806649991 -0.5665818301 0.0002321972757 0.2457724875 0
0.9870989362 0.3831325811 0.1861767304 -0.03039145281 0.229054551 0.431699766 -0.004027944338 0.06151304405 0.2447191584 -0.9837897282 -0.1079549648 -0.1431904198 0.05549815139 0.5760015336 -0.8155624982 0.1705219222 -0.810288812 -0.5606730912 0.0002364637594 0.2476150514 0
0.9944441796 0.3859835639 0.1875621167 -0.03081955072 0.2304309484 0.4305968189 -0.004087230714 0.06194850084 0.2445678675 -0.9833212671 -0.1101709771 -0.1447122711 0.05666208859 0.5704956013 -0.8193437476 0.1728256154 -0.8138778316 -0.5547379399 0.0002407833514 0.2494576152 0
1.001789423 0.3888345467 0.1889475031 -0.03125007326 0.2318004282 0.4294876249 -0.004146930517 0.06238346874 0.2444155225 -0.9828431617 -0.1124123933 -0.1462284971 0.0578403276 0.5649718411 -0.8230803821 0.1751394188 -0.8174168292 -0.5487767409 0.0002451564622 0.2513001791 0
1.009134667 0.3916855295 0.1903328895 -0.03168300477 0.2331629529 0.4283722245 -0.004207043175 0.06281794437 0.2442621249 -0.9823552992 -0.1146791937 -0.1477387854 0.05903289083 0.5594306921 -0.8267722894 0.1774631904 -0.8209055873 -0.5427898606 0.0002495835043 0.253142743 0
1.01647991 0.3945365123 0.1917182758 -0.03211832951 0.2345184853 0.4272506582 -0.004267568115 0.06325192439 0.2441076761 -0.981857567 -0.1169713545 -0.1492428235 0.06023979915 0.5538725943 -0.8304193614 0.1797967873 -0.8243438915 -0.536777667 0.0002540648912 0.2549853069 0
1.023825154 0.3973874951 0.1931036622 -0.03255603163 0.2358669884 0.4261229669 -0.004328504757 0.06368540542 0.2439521776 -0.9813498525 -0.1192888482 -0.1507402989 0.06146107186 0.5482979884 -0.834021494 0.1821400661 -0.8277315305 -0.5307405296 0.0002586010383 0.2568278707 0
1.031170397 0.4002384779 0.1944890486 -0.03299609524 0.2372084258 0.4249891914 -0.004389852518 0.06411838411 0.243795631 -0.9808320431 -0.1216316435 -0.152230899 0.06269672669 0.5427073158 -0.8375785873 0.1844928827 -0.831068296 -0.5246788194 0.0002631923621 0.2586704346 0
1.03851564 0.4030894607 0.1958744349 -0.03343850433 0.238542761 0.4238493731 -0.004451610813 0.06455085713 0.2436380378 -0.9803040262 -0.1239997051 -0.1537143109 0.06394677978 0.5371010185 -0.8410905452 0.1868550925 -0.8343539831 -0.5185929091 0.0002678392808 0.2605129985 0
