0.004778232713 0.004807093239 -0.003411562592 -1.95239538e-06 0.001218444677 0.5099980593 -2.451715557e-07 0.000303286108 0.2549997596 -0.9999999999 -3.557785839e-08 -1.137015712e-05 1.847974433e-08 0.9999886982 -0.004754305509 1.137019776e-05 -0.004754305509 -0.9999886982 2.499617481e-08 -0.004537378248 0
0.009186170878 0.00924165535 -0.006558742284 -7.216049884e-06 0.002342440429 0.5099928273 -9.096485066e-07 0.0005838212975 0.2549991082 -0.9999999991 -2.554655602e-07 -4.202348211e-05 1.286390627e-07 0.9999582295 -0.009139983946 4.202406172e-05 -0.009139983943 -0.9999582286 6.505688799e-08 -0.008723127237 0
0.01359410904 0.01367621746 -0.009705921975 -1.580256547e-05 0.003466390393 0.5099842923 -1.999023338e-06 0.0008649826324 0.25499804 -0.9999999958 -8.290922175e-07 -9.202589505e-05 4.156622546e-07 0.9999085288 -0.01352530863 9.202869107e-05 -0.01352530861 -0.9999085246 8.770534261e-08 -0.01290887623 0
0.01737234176 0.0174772707 -0.01240350457 -2.580701158e-05 0.004429722977 0.5099743479 -3.271929521e-06 0.001106224902 0.2549967918 -0.9999999887 -1.730947089e-06 -0.0001502825159 8.667566377e-07 0.9998506249 -0.01728374815 0.0001502899847 -0.01728374808 -0.9998506136 8.558687671e-08 -0.01649666107 0
0.02178027992 0.02191183281 -0.01555068426 -4.056396146e-05 0.005553529618 0.5099596796 -5.152470454e-06 0.001387774575 0.2549949477 -0.9999999721 -3.411662965e-06 -0.0002362075797 1.707275789e-06 0.9997652221 -0.02166796564 0.0002362260472 -0.02166796544 -0.9997651942 5.977225218e-08 -0.02068241006 0
0.02618821809 0.02634639492 -0.01869786395 -5.864299019e-05 0.006677227703 0.5099417091 -7.458442207e-06 0.001669340826 0.2549926864 -0.9999999417 -5.930762416e-06 -0.0003414667457 2.966918495e-06 0.9996606061 -0.02605134463 0.0003415053583 -0.02605134413 -0.9996605478 1.763775329e-08 -0.02486815905 0
0.03059615625 0.03078095704 -0.02184504364 -8.004367369e-05 0.007800795269 0.5099204369 -1.018943483e-05 0.001950886127 0.2549900083 -0.9999998914 -9.45770649e-06 -0.0004660518913 4.73036566e-06 0.9995367872 -0.03043371558 0.0004661238432 -0.03043371448 -0.9995366785 5.976870092e-08 -0.02905390804 0
0.03500409442 0.03521551915 -0.02499222333 -0.00010476551 0.008924210357 0.5098958635 -1.334516574e-05 0.002232398563 0.2549869137 -0.9999998139 -1.416183897e-05 -0.0006099534029 7.082219814e-06 0.9993937773 -0.03481490903 0.0006100766784 -0.03481490687 -0.9993935912 1.428935809e-07 -0.03323965703 0
0.03941203258 0.03965008126 -0.02813940302 -0.0001328079192 0.01004745101 0.5098679894 -1.692544533e-05 0.002513875761 0.2549834027 -0.9999997009 -2.021236666e-05 -0.000773160177 1.010699195e-05 0.9992315903 -0.03919475564 0.000773358292 -0.03919475173 -0.9992312912 2.423992487e-07 -0.03742540602 0
0.04381997075 0.04408464337 -0.03128658271 -0.0001641702436 0.01117049528 0.5098368154 -2.093014255e-05 0.002795318521 0.2549794755 -0.999999543 -2.777833972e-05 -0.0009556596215 1.388908837e-05 0.999050242 -0.04357308617 0.0009559623641 -0.04357307953 -0.999049785 3.568849403e-07 -0.04161115501 0
0.04759820346 0.04788569661 -0.03398416531 -0.0001936940618 0.0121329317 0.5098074688 -2.470046879e-05 0.003036528948 0.2549757782 -0.9999993638 -3.559764478e-05 -0.001127432475 1.779754921e-05 0.998879563 -0.04732460606 0.001127853903 -0.04732459602 -0.9988789269 4.664850056e-07 -0.04519893986 0
0.05200614163 0.05232025872 -0.037131345 -0.0002312199323 0.01325555303 0.5097701683 -2.949313248e-05 0.003317911825 0.2549710782 -0.9999990934 -4.642590095e-05 -0.001345722684 2.320962854e-05 0.9986626774 -0.05169967251 0.001346323222 -0.05169965687 -0.998661771 6.074416843e-07 -0.04938468885 0
0.05641407979 0.05675482083 -0.04027852469 -0.0002720634096 0.01437791529 0.50972957 -3.470998942e-05 0.003599264241 0.2549659623 -0.9999987449 -5.925156429e-05 -0.001583261394 2.961949891e-05 0.9984266858 -0.05607274014 0.001584092824 -0.05607271666 -0.9984254309 7.623217892e-07 -0.05357043784 0
0.06082201796 0.06118938295 -0.04342570438 -0.0003162235358 0.01549999653 0.509685675 -4.035098346e-05 0.003880586932 0.2549604305 -0.9999983044 -7.424289663e-05 -0.001840030283 3.711103982e-05 0.998171611 -0.06044364031 0.001841153503 -0.06044360611 -0.9981699157 9.310359214e-07 -0.05775618683 0
0.06522995612 0.06562394506 -0.04657288407 -0.0003636992752 0.01662177486 0.5096384843 -4.641606255e-05 0.004161880254 0.2549544828 -0.9999977571 -9.156790778e-05 -0.002116009551 4.576796234e-05 0.9978974777 -0.06481220458 0.002117495311 -0.06481215606 -0.9978952353 1.1135596e-06 -0.06194193582 0
0.06963789429 0.07005850717 -0.04972006376 -0.0004144895144 0.01774322835 0.509587999 -5.290517649e-05 0.00444314424 0.2549481192 -0.9999970869 -0.000111394336 -0.002411177914 5.567379611e-05 0.9976043126 -0.06917826469 0.002413107552 -0.0691781974 -0.9976014003 1.309913803e-06 -0.0661276848 0
0.07404583245 0.07449306928 -0.05286724345 -0.0004685930621 0.01886433509 0.5095342202 -5.981827556e-05 0.004724378659 0.2549413399 -0.9999962768 -0.0001338896285 -0.002725512614 6.691187626e-05 0.9972921442 -0.0735416526 0.002727978784 -0.07354156116 -0.9972884221 1.520152797e-06 -0.07031343379 0
0.07845377062 0.07892763139 -0.05601442315 -0.0005260086494 0.01998507319 0.5094771494 -6.715530952e-05 0.005005583063 0.2549341448 -0.9999953086 -0.000159220922 -0.003058989419 7.956533043e-05 0.9969610027 -0.07790220053 0.003062096819 -0.07790207845 -0.9969563129 1.744356229e-06 -0.07449918278 0
0.08223200333 0.08272868463 -0.05871200574 -0.0005778571047 0.02094539586 0.5094256122 -7.378157444e-05 0.005246591054 0.2549276468 -0.9999943382 -0.0001833171361 -0.003360042787 9.160052176e-05 0.9966620904 -0.08163742563 0.003363792807 -0.0816372712 -0.9966564307 1.9477203e-06 -0.07808696763 0
0.0866399415 0.08716324674 -0.06185918543 -0.0006414199917 0.02206539129 0.5093624309 -8.190577862e-05 0.005527737967 0.2549196798 -0.9999930243 -0.0002143575721 -0.003728999902 0.0001071023087 0.9962957998 -0.08599225496 0.003733620031 -0.08599205449 -0.9962888269 2.198134897e-06 -0.08227271662 0
0.09104787966 0.09159780885 -0.06500636512 -0.0007082908653 0.02318495557 0.5092959615 -9.045376661e-05 0.005808852746 0.2549112972 -0.9999914941 -0.0002487096576 -0.00411702178 0.0001242557179 0.9959106328 -0.09034376629 0.004122655134 -0.0903435094 -0.9959021307 2.46284072e-06 -0.08645846561 0
0.09545581783 0.09603237097 -0.06815354481 -0.0007784681575 0.02430406686 0.5092262056 -9.942548187e-05 0.006089934442 0.2549024991 -0.9999897253 -0.0002865391495 -0.004524078525 0.0001431429552 0.9955066267 -0.09469179285 0.004530883058 -0.09469146751 -0.9954963571 2.741978433e-06 -0.0906442146 0
0.09986375599 0.1004669331 -0.0713007245 -0.0008519502227 0.0254227033 0.5091531647 -0.0001088208657 0.006370982029 0.2548932854 -0.9999876942 -0.0003280113998 -0.004950138779 0.0001638459559 0.9950838209 -0.09903616818 0.004958288002 -0.09903576052 -0.9950715218 3.035699658e-06 -0.09482996359 0
0.1042716942 0.1049014952 -0.07444790419 -0.0009287353377 0.02654084307 0.5090768405 -0.000118639857 0.00665199442 0.2548836564 -0.9999853763 -0.0003732913368 -0.005395169725 0.0001864463723 0.9946422562 -0.1033767261 0.005404853424 -0.1033762203 -0.9946276412 3.344165924e-06 -0.09901571258 0
0.1086796323 0.1093360573 -0.07759508389 -0.001008821702 0.02765846434 0.508997235 -0.0001288823924 0.006932970476 0.2548736121 -0.9999827458 -0.0004225434455 -0.005859137093 0.0002110255604 0.9941819754 -0.1077133009 0.005870562039 -0.1077126788 -0.9941647325 3.667547867e-06 -0.1032014616 0
0.1130875705 0.1137706194 -0.08074226358 -0.001092207438 0.02877554532 0.5089143499 -0.0001395484061 0.007213909015 0.2548631524 -0.999979776 -0.0004759317487 -0.00634200516 0.0002376645677 0.9937030233 -0.112045727 0.00635539582 -0.1120449683 -0.9936828136 4.006024604e-06 -0.1073872106 0
0.1168658032 0.1175716727 -0.08343984617 -0.001166305477 0.02973259674 0.5088406967 -0.0001490277057 0.007454682697 0.2548538565 -0.9999769393 -0.0005251092053 -0.006770907352 0.000262198651 0.9932776672 -0.1157558079 0.0067861755 -0.1157549138 -0.9932546238 4.308303358e-06 -0.1109749954 0
0.1212737414 0.1220062348 -0.08658702586 -0.001255813372 0.0308486165 0.5087517262 -0.0001604799954 0.007735548316 0.2548426258 -0.9999732645 -0.0005866125191 -0.00728877701 0.0002928769541 0.9927641642 -0.1200800916 0.007306477102 -0.1200790159 -0.9927374503 4.675315384e-06 -0.1151607444 0
0.1256816795 0.1264407969 -0.08973420555 -0.001348614849 0.03196403374 0.5086594819 -0.0001723555612 0.008016372871 0.25483098 -0.9999691678 -0.0006527179463 -0.007825437339 0.0003258448252 0.9922321274 -0.1243997559 0.007845848292 -0.1243984703 -0.9922013219 5.057976532e-06 -0.1193464934 0
0.1300896177 0.130875359 -0.09288138524 -0.00144470773 0.03307882671 0.5085639659 -0.0001846543271 0.008297155075 0.2548189191 -0.9999646183 -0.0007235875481 -0.008380847056 0.0003611820014 0.9916816081 -0.1287146369 0.008404268194 -0.1287131097 -0.9916462593 5.456494589e-06 -0.1235322424 0
0.1344975559 0.1353099211 -0.09602856493 -0.001544089764 0.03419297369 0.5084651805 -0.000197376215 0.008577893622 0.2548064433 -0.999959584 -0.0007993828311 -0.008954963443 0.0003989678495 0.9911126598 -0.1330245708 0.008981715195 -0.1330227672 -0.991072284 5.871084029e-06 -0.1277179914 0
0.138905494 0.1397444832 -0.09917574462 -0.001646758621 0.03530645295 0.5083631281 -0.0002105211438 0.008858587192 0.2547935527 -0.9999540318 -0.0008802647285 -0.009547742356 0.0004392813536 0.9905253376 -0.1373293947 0.009578166942 -0.137327276 -0.9904794183 6.301965748e-06 -0.1319037404 0
0.1433134322 0.1441790453 -0.1023229243 -0.001752711895 0.03641924279 0.5082578109 -0.00022408903 0.009139234452 0.2547802473 -0.9999479276 -0.0009663935815 -0.01015913822 0.0004822011022 0.9899196984 -0.1416289457 0.01019360035 -0.1416264695 -0.9898676849 6.749366872e-06 -0.1360894893 0
0.1477213704 0.1486136074 -0.105470104 -0.001861947102 0.03753132155 0.5081492315 -0.0002380797872 0.009419834056 0.2547665272 -0.9999412363 -0.00105792912 -0.01078910406 0.0005278052761 0.9892958008 -0.1459230616 0.0108279916 -0.1459201811 -0.9892371077 7.213520532e-06 -0.1402752383 0
0.1514996031 0.1524146607 -0.1081676866 -0.001958187491 0.03848394953 0.508053569 -0.0002504083685 0.009660309047 0.2547544371 -0.9999350061 -0.001140812053 -0.01134381831 0.0005690901068 0.9887465451 -0.1495992838 0.01138682583 -0.1495960164 -0.9886816333 7.62488116e-06 -0.1438630232 0
0.1559075412 0.1568492228 -0.1113148663 -0.002073510866 0.03959465024 0.5079389379 -0.00026518422 0.009940816551 0.2547399471 -0.9999271273 -0.001242810193 -0.01200814175 0.0006198856178 0.9880889008 -0.1538828772 0.0120563588 -0.153879107 -0.9880161257 8.120784938e-06 -0.1480487722 0
0.1603154794 0.1612837849 -0.114462046 -0.002192108655 0.04070457802 0.5078210522 -0.0002803826817 0.01022127251 0.2547250426 -0.9999185551 -0.001350667861 -0.01269089314 0.0006735865699 0.9874131754 -0.1581605745 0.0127447775 -0.1581562416 -0.9873318459 8.634138854e-06 -0.1522345212 0
0.1647234176 0.165718347 -0.1176092257 -0.002313978079 0.04181371128 0.5076999144 -0.0002960036571 0.01050167555 0.2547097238 -0.9999092503 -0.001464542255 -0.01339202006 0.0007302694551 0.9867194343 -0.1624322155 0.0134520553 -0.1624272546 -0.9866288204 9.165197561e-06 -0.1564202701 0
0.1691313557 0.1701529091 -0.1207564054 -0.002439116282 0.04292202841 0.5075755275 -0.000312047047 0.01078202429 0.2546939907 -0.9998991727 -0.001584589877 -0.01411146871 0.0007900102978 0.9860077447 -0.1666976403 0.01417816483 -0.1666919808 -0.9859070763 9.714220896e-06 -0.1606060191 0
0.1735392939 0.1745874712 -0.1239035851 -0.002567520333 0.04402950787 0.5074478944 -0.0003285127497 0.01106231735 0.2546778435 -0.9998882809 -0.001710966507 -0.01484918387 0.0008528846424 0.9852781754 -0.1709566895 0.01492307796 -0.1709502551 -0.9851666418 1.028147372e-05 -0.1647917681 0
0.1779472321 0.1790220333 -0.1270507647 -0.002699187222 0.04513612811 0.507317018 -0.0003454006607 0.01134255333 0.2546612822 -0.9998765328 -0.00184382719 -0.01560510899 0.0009189675417 0.9845307969 -0.1752092046 0.01568676588 -0.1752019126 -0.9844075453 1.086722579e-05 -0.1689775171 0
0.1817254648 0.1828230866 -0.1297483473 -0.002814639172 0.04608395957 0.5072022592 -0.0003602119752 0.01158270912 0.2546467573 -0.9998657486 -0.001962985527 -0.01626749453 0.0009782202978 0.983876067 -0.1788488968 0.01635627633 -0.1788407993 -0.9837420601 1.138423081e-05 -0.172565302 0
0.1861334029 0.1872576487 -0.132895527 -0.002952357377 0.04718892704 0.5070653678 -0.0003778837012 0.01186283542 0.2546294274 -0.9998522946 -0.002108296776 -0.0170570833 0.001050459334 0.9830958075 -0.1830888577 0.01715475273 -0.1830797322 -0.9829483843 1.200507032e-05 -0.176751051 0
0.1905413411 0.1916922108 -0.1360427067 -0.003093329404 0.04829297388 0.5069252421 -0.0003959773224 0.01214290065 0.2546116837 -0.9998378579 -0.002260530839 -0.01786471279 0.001126118543 0.9822979499 -0.1873218339 0.01797191753 -0.1873115789 -0.9821361324 1.26452054e-05 -0.1809367999 0
0.1949492793 0.1961267729 -0.1391898864 -0.003237551951 0.04939607862 0.5067818855 -0.000414492724 0.01242290343 0.2545935264 -0.9998223924 -0.00241983975 -0.01869032113 0.00120527097 0.9814825713 -0.191547669 0.01880773911 -0.1915361755 -0.981305336 1.330492332e-05 -0.1851225489 0
0.1993572174 0.200561335 -0.1423370661 -0.003385021641 0.05049821985 0.5066353011 -0.0004334297887 0.01270284234 0.2545749555 -0.9998058509 -0.002586374718 -0.01953384512 0.001287989109 0.9806497505 -0.1957662071 0.01966218511 -0.1957533587 -0.9804560271 1.398451555e-05 -0.1893082979 0
0.2037651556 0.2049958971 -0.1454842458 -0.003535735018 0.05159937616 0.5064854926 -0.0004527883964 0.01298271599 0.2545559713 -0.9997881855 -0.002760286109 -0.02039522017 0.00137434489 0.979799568 -0.1999772931 0.02053522246 -0.199962965 -0.9795882386 1.468427766e-05 -0.1934940469 0
0.2081730938 0.2094304593 -0.1486314255 -0.003689688554 0.05269952617 0.5063324634 -0.0004725684244 0.01326252297 0.2545365738 -0.9997693469 -0.002941723433 -0.0212743804 0.001464409675 0.9789321058 -0.2041807722 0.02142681737 -0.2041648317 -0.9787020042 1.540450916e-05 -0.1976797959 0
0.2125810319 0.2138650214 -0.1517786052 -0.003846878643 0.05379864854 0.506176217 -0.0004927697471 0.01354226187 0.2545167631 -0.9997492852 -0.003130835321 -0.02217125856 0.001558254236 0.9780474477 -0.2083764907 0.02233693533 -0.208358796 -0.9777973581 1.614551342e-05 -0.2018655449 0
0.2163592646 0.2176660746 -0.1544761878 -0.003984186249 0.05473991933 0.5060397338 -0.000510420386 0.01378198282 0.2544994537 -0.9997310772 -0.003299151563 -0.02295406136 0.001641754039 0.9772755475 -0.2119665277 0.02313175259 -0.21194721 -0.9770073194 1.679742602e-05 -0.2054533297 0
0.2207672028 0.2221006367 -0.1576233675 -0.004147377256 0.05583707666 0.5058775225 -0.0005314037717 0.01406159156 0.2544788761 -0.9997086077 -0.003502907478 -0.02388366135 0.001742803914 0.976359182 -0.2161474273 0.0240761765 -0.2161260681 -0.9760685736 1.75778257e-05 -0.2096390787 0
0.225175141 0.2265351988 -0.1607705472 -0.004313794098 0.05693314549 0.5057121048 -0.0005528080792 0.01434112819 0.2544578856 -0.9996847668 -0.003714757633 -0.02483077986 0.001847832455 0.9754258689 -0.2203201301 0.02503902091 -0.220296561 -0.9751115181 1.837988496e-05 -0.2138248277 0
0.2295830791 0.2309697609 -0.1639177268 -0.004483432881 0.05802810458 0.5055434845 -0.0005746331729 0.0146205913 0.2544364825 -0.9996595006 -0.003934847117 -0.02579534459 0.001956908074 0.9744756983 -0.2244844848 0.02602024856 -0.2244585271 -0.9741361898 1.920392088e-05 -0.2180105767 0
0.2339910173 0.235404323 -0.1670649065 -0.004656289632 0.05912193272 0.5053716655 -0.0005968789144 0.01489997949 0.2544146669 -0.9996327545 -0.004163320057 -0.0267772819 0.002070098543 0.9735087617 -0.2286403409 0.02701982146 -0.2286118054 -0.9731426266 2.00502538e-05 -0.2221963257 0
0.2383989555 0.2398388852 -0.1702120862 -0.004832360305 0.06021460871 0.5051966519 -0.0006195451627 0.01517929135 0.2543924389 -0.9996044729 -0.004400319606 -0.02777651689 0.002187470983 0.9725251525 -0.2327875486 0.02803770093 -0.2327562352 -0.9721308669 2.091920723e-05 -0.2263820747 0
0.2428068936 0.2442734473 -0.1733592659 -0.005011640779 0.0613061114 0.5050184478 -0.000642631774 0.01545852545 0.2543697986 -0.9995745993 -0.004645987922 -0.02879297335 0.002309091853 0.9715249653 -0.2369259588 0.02907384758 -0.2368916559 -0.9711009498 2.181110776e-05 -0.2305678237 0
0.2472148318 0.2487080094 -0.1765064456 -0.005194126858 0.06239641968 0.5048370573 -0.000666138602 0.01573768039 0.2543467462 -0.9995430761 -0.004900466151 -0.02982657381 0.002435026938 0.9705082965 -0.2410554231 0.03012822128 -0.2410179077 -0.9700529153 2.272628492e-05 -0.2347535727 0
0.2509930645 0.2525090626 -0.1792040282 -0.005353091661 0.06333000297 0.5046790469 -0.0006866216571 0.01597689198 0.2543266591 -0.9995146991 -0.005125708562 -0.03072610264 0.002546454426 0.9696238224 -0.244587732 0.03104644652 -0.244547276 -0.9691402107 2.352950068e-05 -0.2383413575 0
0.2554010027 0.2569436247 -0.1823512079 -0.005541519619 0.06441803709 0.5044917502 -0.0007109084903 0.01625589616 0.2543028418 -0.999479957 -0.005396919019 -0.03179133208 0.002680573816 0.968576806 -0.2487001918 0.03213456168 -0.2486560761 -0.9680586376 2.448878988e-05 -0.2425271065 0
0.2598089408 0.2613781868 -0.1854983876 -0.005733140782 0.06550481661 0.5043012795 -0.0007356151073 0.01653481714 0.2542786127 -0.9994433963 -0.005677336955 -0.0328734772 0.002819191573 0.9675135919 -0.2528032863 0.03324078545 -0.2527552517 -0.9669590648 2.547231274e-05 -0.2467128555 0
0.264216879 0.265812749 -0.1886455673 -0.005927950666 0.06659032052 0.5041076392 -0.0007607413516 0.01681365351 0.2542539722 -0.999404956 -0.005967099468 -0.03397245566 0.002962370784 0.9664342825 -0.2568968703 0.03436507499 -0.2568446443 -0.9658415348 2.648040931e-05 -0.2508986045 0
0.2686248172 0.2702473111 -0.191792747 -0.006125944715 0.06767452785 0.5039108338 -0.0007862870639 0.01709240385 0.2542289202 -0.9993645743 -0.006266342566 -0.0350881839 0.00311017381 0.9653389815 -0.2609807992 0.0355073868 -0.2609240956 -0.9647060909 2.751342218e-05 -0.2550843535 0
0.2730327553 0.2746818732 -0.1949399267 -0.006327118296 0.06875741766 0.5037108681 -0.0008122520822 0.01737106676 0.254203457 -0.9993221885 -0.006575201151 -0.03622057711 0.003262662278 0.9642277944 -0.2650549294 0.03666767666 -0.2649934477 -0.9635527771 2.857169633e-05 -0.2592701025 0
0.2774406935 0.2791164353 -0.1980871063 -0.006531466705 0.06983896907 0.5035077465 -0.000838636242 0.01764964082 0.2541775828 -0.9992777353 -0.006893809006 -0.03736954929 0.003419897065 0.9631008278 -0.2691191182 0.03784589966 -0.269052543 -0.9623816379 2.965557908e-05 -0.2634558514 0
0.2818486317 0.2835509974 -0.201234286 -0.006738985161 0.07091916119 0.5033014739 -0.0008654393759 0.01792812462 0.2541512977 -0.99923115 -0.007222298774 -0.0385350132 0.003581938294 0.9619581902 -0.2731732236 0.03904201019 -0.2731012245 -0.9611927188 3.076542002e-05 -0.2676416004 0
0.2856268644 0.2873520506 -0.2039318686 -0.006919377545 0.07184394249 0.5031221646 -0.0008887468311 0.01816675211 0.2541284406 -0.9991894735 -0.007511826335 -0.03954704133 0.003724701325 0.9609663967 -0.2766400386 0.04008144973 -0.2765631155 -0.9601595287 3.173763941e-05 -0.2712293853 0
0.2900348025 0.2917866128 -0.2070790483 -0.007132770301 0.072921555 0.502910053 -0.0009163276071 0.01844506454 0.2541013929 -0.9991387552 -0.007859016203 -0.04074289721 0.003895825687 0.959794948 -0.2806750442 0.04131065663 -0.2805920415 -0.9589377122 3.289662318e-05 -0.2754151343 0
0.2944427407 0.2962211749 -0.210226228 -0.007349319043 0.07399774881 0.5026948043 -0.0009443268647 0.01872328266 0.2540739347 -0.9990857164 -0.008216460568 -0.04195498899 0.004071924008 0.9586081456 -0.2846995656 0.04255761695 -0.284610107 -0.957698249 3.40825756e-05 -0.2796008833 0
0.2988506789 0.300655737 -0.2133734077 -0.007569018709 0.07507250319 0.5024764237 -0.0009727444264 0.01900140509 0.2540460662 -0.9990302894 -0.008584287546 -0.04318322485 0.004253053395 0.9574061035 -0.2887134645 0.04382228244 -0.2886171565 -0.9564411872 3.529585421e-05 -0.2837866322 0
0.303258617 0.3050902991 -0.2165205874 -0.007791864162 0.07614579745 0.5022549161 -0.001001580112 0.01927943039 0.2540177877 -0.9989724058 -0.008962624042 -0.0444275118 0.004439270149 0.956188937 -0.2927166031 0.04510460414 -0.2926130349 -0.9551665752 3.653681841e-05 -0.2879723812 0
0.3076665552 0.3095248612 -0.2196677671 -0.008017850194 0.07721761095 0.5020302869 -0.001030833739 0.01955735717 0.2539890993 -0.9989119964 -0.009351595735 -0.04568775568 0.004630629758 0.9549567627 -0.2967088448 0.04640453243 -0.2965975876 -0.9538744626 3.780582942e-05 -0.2921581302 0
0.3120744934 0.3139594233 -0.2228149468 -0.008246971523 0.07828792306 0.5018025411 -0.001060505121 0.01983518401 0.2539600012 -0.9988489913 -0.009751327063 -0.04696386119 0.004827186882 0.9537096989 -0.3006900537 0.04772201698 -0.3005706602 -0.9525648993 3.910325022e-05 -0.2963438792 0
0.3158527261 0.3177604766 -0.2255125294 -0.008445852618 0.07920412287 0.5016048541 -0.001086270092 0.02007324069 0.253934734 -0.9987928671 -0.01010261111 -0.04807021742 0.004999842039 0.9526290267 -0.3040936352 0.04886522417 -0.3039668973 -0.9514285655 4.023821344e-05 -0.2999316641 0
0.3202606643 0.3221950387 -0.2286597091 -0.00868078238 0.08027159216 0.5013713348 -0.001116716805 0.02035087819 0.2539048754 -0.9987248528 -0.01052265047 -0.04937552353 0.005206193857 0.9513546289 -0.3080539979 0.05021517741 -0.3079182423 -0.9500867287 4.158936397e-05 -0.3041174131 0
0.3246686024 0.3266296008 -0.2318068888 -0.008918831948 0.08133750138 0.5011347144 -0.00114758073 0.02062841173 0.2538746077 -0.9986540382 -0.01095379803 -0.05069641276 0.005417894732 0.9500656864 -0.3120029453 0.05158253943 -0.3118576691 -0.9487275878 4.296997043e-05 -0.308303162 0
0.3290765406 0.3310641629 -0.2349540684 -0.009159995759 0.08240183009 0.5008949984 -0.00117886167 0.02090583989 0.253843931 -0.9985803505 -0.01139617331 -0.05203278543 0.005634996053 0.9487623227 -0.3159403453 0.0529672573 -0.3157850253 -0.9473511954 4.438040196e-05 -0.312488911 0
0.3334844787 0.335498725 -0.2381012481 -0.009404268182 0.08346455786 0.5006521926 -0.001210559427 0.02118316128 0.2538128455 -0.998503716 -0.01184989452 -0.05338454082 0.005857548338 0.9474446625 -0.3198660667 0.05436927741 -0.3197001588 -0.9459576048 4.582102915e-05 -0.31667466 0
0.3378924169 0.3399332871 -0.2412484278 -0.00965164351 0.08452566431 0.5004063024 -0.0012426738 0.02146037448 0.2537813514 -0.99842406 -0.01231507854 -0.05475157709 0.006085601226 0.9461128317 -0.3237799797 0.05578854552 -0.3236029181 -0.94454687 4.7292224e-05 -0.320860409 0
0.3423003551 0.3443678492 -0.2443956075 -0.009902115965 0.08558512912 0.5001573337 -0.001275204586 0.02173747808 0.2537494489 -0.9983413075 -0.01279184092 -0.05613379131 0.006319203465 0.9447669576 -0.3276819549 0.05722500667 -0.3274931522 -0.9431190454 4.879435986e-05 -0.325046158 0
0.3467082932 0.3488024113 -0.2475427872 -0.0101556797 0.08664293199 0.4999052923 -0.001308151578 0.02201447069 0.2537171382 -0.9982553825 -0.01328029584 -0.0575310795 0.006558402906 0.9434071687 -0.3315718645 0.05867860528 -0.3313707104 -0.9416741865 5.032781137e-05 -0.329231907 0
0.350486526 0.3526034646 -0.2502403698 -0.01037547596 0.08754828204 0.4996868157 -0.001336722965 0.02225180351 0.2536891186 -0.9981791493 -0.01370836336 -0.05874067314 0.006767921523 0.9422306589 -0.3348963731 0.05993814432 -0.3346841291 -0.9404222204 5.166740798e-05 -0.3328196918 0
0.3548944641 0.3570380267 -0.2533875495 -0.01063476488 0.08860294476 0.4994290835 -0.001370442355 0.02252858625 0.2536560504 -0.9980871286 -0.0142188313 -0.06016567634 0.00701763962 0.9408453739 -0.3387635387 0.06142341986 -0.3385377487 -0.938945875 5.326001531e-05 -0.3370054408 0
0.3593024023 0.3614725888 -0.2565347292 -0.01089712797 0.08965588781 0.4991682955 -0.001404577348 0.02280525398 0.2536225745 -0.9979917145 -0.01474131048 -0.06160545059 0.00727308661 0.9394465485 -0.3426182785 0.06292567034 -0.342378265 -0.9374526568 5.488501544e-05 -0.3411911898 0
0.3637103405 0.3659071509 -0.2596819089 -0.01116255911 0.09070709105 0.498904458 -0.001439127727 0.02308180529 0.2535886913 -0.9978928285 -0.01527590976 -0.06305988786 0.007534306798 0.938034316 -0.3464604684 0.06444483763 -0.3462055293 -0.9359426234 5.654278758e-05 -0.3453769388 0
0.3681182786 0.370341713 -0.2628290886 -0.01143105211 0.09175653441 0.4986375769 -0.001474093273 0.02335823879 0.2535544008 -0.9977903912 -0.01582273657 -0.06452887912 0.007801343553 0.9366088112 -0.3502899854 0.06598086292 -0.3500193935 -0.9344158335 5.823371202e-05 -0.3495626878 0
0.3725262168 0.3747762751 -0.2659762683 -0.01170260069 0.09280419787 0.4983676586 -0.001509473764 0.02363455306 0.2535197034 -0.9976843227 -0.01638189693 -0.06601231431 0.008074239291 0.9351701697 -0.3541067077 0.06753368676 -0.3538197101 -0.932872346 5.995817009e-05 -0.3537484368 0
0.3769341549 0.3792108372 -0.2691234479 -0.01197719853 0.09385006143 0.4980947094 -0.001545268976 0.02391074672 0.2534845992 -0.9975745425 -0.01695349539 -0.06751008239 0.008353035475 0.9337185285 -0.3579105144 0.06910324904 -0.3576063318 -0.9313122207 6.171654412e-05 -0.3579341858 0
0.3813420931 0.3836453994 -0.2722706276 -0.01225483922 0.09489410515 0.4978187356 -0.001581478681 0.02418681835 0.2534490885 -0.9974609692 -0.01753763509 -0.06902207132 0.008637772605 0.9322540258 -0.3617012858 0.07068948903 -0.3613791121 -0.929735518 6.350921739e-05 -0.3621199348 0
0.3851203258 0.3874464526 -0.2749682102 -0.01249523391 0.09578753626 0.4975797842 -0.001612845301 0.024423353 0.2534183273 -0.9973605397 -0.01804838514 -0.07032929484 0.008886591497 0.9309886067 -0.3649400536 0.07206235086 -0.3646017965 -0.9283709106 6.50733851e-05 -0.3657077196 0
0.389528264 0.3918810147 -0.2781153899 -0.01277850836 0.09682814756 0.4972982104 -0.00164982417 0.02469919431 0.2533820622 -0.9972397045 -0.01865608425 -0.07186739339 0.009182465933 0.9295005888 -0.3687063028 0.07367940033 -0.3683484844 -0.9267635837 6.693077697e-05 -0.3698934686 0
0.3939362022 0.3963155768 -0.2812625696 -0.01306480698 0.09786688231 0.4970136307 -0.001687216869 0.02497490961 0.2533453912 -0.9971148408 -0.0192766111 -0.07341938737 0.009484391643 0.9280001104 -0.3724591809 0.07531295037 -0.3720809152 -0.9251398554 6.882356815e-05 -0.3740792176 0
0.3983441403 0.4007501389 -0.2844097493 -0.01335412307 0.09890372078 0.4967260516 -0.001725023162 0.02525049749 0.2533083145 -0.996985865 -0.01991006306 -0.07498516106 0.009792405332 0.9264873139 -0.3761985725 0.07696293775 -0.3757989443 -0.9234997887 7.075214531e-05 -0.3782649666 0
0.4027520785 0.405184701 -0.287556929 -0.01364644991 0.09993864324 0.4964354798 -0.001763242809 0.02552595656 0.2532708325 -0.9968526928 -0.02055653604 -0.07656459778 0.01010654271 0.924962343 -0.3799243632 0.07862929862 -0.3795024279 -0.9218434469 7.27168959e-05 -0.3824507156 0
0.4071600167 0.4096192632 -0.2907041087 -0.01394178067 0.1009716301 0.4961419221 -0.001801875568 0.02580128542 0.2532329452 -0.9967152396 -0.02121612439 -0.07815757996 0.01042683846 0.9234253424 -0.38363644 0.08031196846 -0.3831912226 -0.9201708943 7.471820812e-05 -0.3866364646 0
0.4115679548 0.4140538253 -0.2938512884 -0.01424010847 0.1020026616 0.4958453854 -0.001840921193 0.02607648269 0.253194653 -0.9965734199 -0.02188892095 -0.07976398911 0.01075332629 0.9218764577 -0.3873346909 0.08201088217 -0.3868651857 -0.9184821954 7.675647095e-05 -0.3908222135 0
0.4153461875 0.4178548785 -0.296548871 -0.01449819814 0.1028848319 0.4955888452 -0.001874717292 0.02631226025 0.2531615089 -0.9964483197 -0.02247618561 -0.08115150755 0.01103812615 0.9205394947 -0.3904935319 0.08347997286 -0.3900023843 -0.9170219378 7.853325838e-05 -0.3944099984 0
0.4197541257 0.4222894406 -0.2996960507 -0.01480207337 0.1039121804 0.4952867944 -0.00191452901 0.02658720942 0.2531224653 -0.9962981627 -0.02317375271 -0.08278253512 0.01137619938 0.9189689298 -0.3941658131 0.08520887879 -0.3936484261 -0.9153034271 8.064117805e-05 -0.3985957474 0
0.4241620639 0.4267240027 -0.3028432304 -0.0151089256 0.1049375179 0.4949817844 -0.001954752881 0.026862023 0.2530830174 -0.9961433925 -0.0238847847 -0.08442664625 0.01172055525 0.9173869028 -0.3978239551 0.08695383902 -0.3972792314 -0.9135689586 8.278716342e-05 -0.4027814964 0
0.428570002 0.4311585648 -0.30599041 -0.01541874768 0.1059608251 0.4946738224 -0.001995388648 0.02713669961 0.2530431655 -0.9959839217 -0.02460936838 -0.08608371905 0.01207122345 0.9157935634 -0.4014678503 0.08871478604 -0.4008946598 -0.9118185995 8.497160604e-05 -0.4069672454 0
0.4329779402 0.435593127 -0.3091375897 -0.01573153238 0.1069820825 0.4943629156 -0.002036436055 0.02741123786 0.2530029099 -0.9958196624 -0.025347589 -0.0877536308 0.01242823263 0.9141890622 -0.4050973927 0.09049165167 -0.4044945713 -0.9100524176 8.719489803e-05 -0.4111529944 0
0.4373858784 0.4400276891 -0.3122847694 -0.01604727243 0.1080012708 0.4940490712 -0.00207789484 0.02768563636 0.2529622507 -0.9956505262 -0.02609953018 -0.08943625796 0.01279161038 0.9125735509 -0.4087124771 0.09228436714 -0.4080788267 -0.9082704811 8.945743215e-05 -0.4153387433 0
0.4417938165 0.4444622512 -0.3154319491 -0.01636596048 0.1090183708 0.4937322965 -0.002119764741 0.02795989371 0.2529211883 -0.9954764242 -0.02686527395 -0.09113147614 0.01316138323 0.9109471818 -0.4123129999 0.09409286306 -0.4116472871 -0.906472859 9.175960168e-05 -0.4195244923 0
0.4462017547 0.4488968133 -0.3185791288 -0.0166875891 0.1100333634 0.4934125988 -0.002162045493 0.02823400854 0.2528797229 -0.9952972671 -0.02764490071 -0.09283916014 0.01353757665 0.9093101086 -0.4158988584 0.09591706943 -0.4151998144 -0.904659621 9.410180047e-05 -0.4237102413 0
0.4499799874 0.4526978665 -0.3212767114 -0.01696560556 0.1109016651 0.4931362515 -0.002198612937 0.02846884962 0.2528438606 -0.9951396123 -0.02832426173 -0.09431271558 0.01386515692 0.9078985002 -0.418960703 0.09749312563 -0.4182320521 -0.9030930412 9.614155836e-05 -0.4272980262 0
0.4543879256 0.4571324286 -0.3244238911 -0.01729267533 0.111912693 0.4928111453 -0.002241655983 0.02874269607 0.2528016475 -0.9949508284 -0.02912987899 -0.09604321553 0.01425333813 0.9062419579 -0.42251906 0.09934632078 -0.4217546252 -0.9012509887 9.855914384e-05 -0.4314837752 0
0.4587958637 0.4615669907 -0.3275710708 -0.01762266412 0.1129215589 0.4924831377 -0.002285109107 0.02901639604 0.2527590322 -0.9947567316 -0.02994960001 -0.09778581926 0.01464800671 0.9045751547 -0.4260624665 0.101215023 -0.4252608739 -0.8993935224 0.0001010178866 -0.4356695241 0
0.4632038019 0.4660015529 -0.3307182505 -0.01795556423 0.1139282438 0.4921522363 -0.002328972032 0.02928994814 0.2527160149 -0.9945572308 -0.03078349888 -0.09954039856 0.01504918395 0.9028982475 -0.4295908247 0.1030991601 -0.4287506627 -0.8975207142 0.0001035181825 -0.4398552731 0
0.4676117401 0.470436115 -0.3338654302 -0.01829136794 0.1149327287 0.4918184486 -0.00237324448 0.02956335098 0.2526725959 -0.9943522345 -0.03163164802 -0.1013068245 0.01545689005 0.901211394 -0.4331040381 0.104998659 -0.4322238565 -0.8956326365 0.0001060604276 -0.4440410221 0
0.4720196782 0.4748706771 -0.3370126099 -0.01863006741 0.1159349949 0.4914817826 -0.00241792617 0.02983660319 0.2526287755 -0.9941416508 -0.0324941182 -0.1030849673 0.01587114407 0.8995147528 -0.4366020114 0.1069134462 -0.4356803207 -0.8937293624 0.0001086450187 -0.4482267711 0
0.4764276164 0.4793052392 -0.3401597896 -0.01897165479 0.1169350234 0.491142246 -0.00246301682 0.03010970339 0.2525845539 -0.9939253874 -0.0333709785 -0.1048746966 0.01629196401 0.897808483 -0.4400846506 0.1088434477 -0.4391199217 -0.8918109656 0.0001112723526 -0.4524125201 0
0.4808355546 0.4837398013 -0.3433069692 -0.01931612213 0.1179327956 0.4907998468 -0.002508516143 0.03038265018 0.2525399314 -0.9937033518 -0.03426229631 -0.1066758813 0.01671936673 0.8960927449 -0.4435518631 0.1107885887 -0.4425425263 -0.8898775203 0.000113942827 -0.4565982691 0
0.4846137873 0.4875408545 -0.3460045518 -0.01961366598 0.1187862189 0.4905040893 -0.002547840614 0.03061648145 0.2525013648 -0.9935083708 -0.03503783986 -0.1082287716 0.01709096324 0.8946146982 -0.4465114117 0.1124678451 -0.4454625591 -0.8882083608 0.0001162664428 -0.4601860539 0
0.4890217254 0.4919754167 -0.3491517315 -0.01996346052 0.1197797512 0.4901563949 -0.002594098134 0.03088913971 0.2524559986 -0.9932753681 -0.03595618037 -0.1100508803 0.01753063206 0.8928818034 -0.4499497329 0.1144409022 -0.448853248 -0.8862471674 0.0001190180908 -0.4643718029 0
0.4934296636 0.4964099788 -0.3522989112 -0.02031611196 0.1207709739 0.4898058606 -0.002640763494 0.03116164064 0.2524102324 -0.9930363264 -0.03688916159 -0.1118840659 0.01797692567 0.8911399019 -0.4533723694 0.1164288821 -0.4522265638 -0.8842711408 0.0001218140167 -0.4685575519 0
0.4978376018 0.5008445409 -0.3554460909 -0.0206716121 0.1217598685 0.4894524948 -0.002687836401 0.03143398287 0.2523640664 -0.9927911517 -0.03783684433 -0.1137281947 0.0184298566 0.8893891567 -0.4567792337 0.118431708 -0.4555823758 -0.8822803576 0.0001246546196 -0.4727433009 0
0.5022455399 0.505279103 -0.3585932706 -0.0210299527 0.1227464165 0.4890963056 -0.002735316554 0.03170616501 0.2523175009 -0.9925397497 -0.0387992877 -0.1155831323 0.01888943624 0.8876297314 -0.4601702392 0.1204493022 -0.4589205543 -0.8802748948 0.0001275402985 -0.4769290499 0
0.5066534781 0.5097136651 -0.3617404503 -0.02139112543 0.1237305995 0.4887373013 -0.002783203653 0.03197818571 0.2522705363 -0.9922820258 -0.03977654905 -0.1174487436 0.01935567485 0.8858617905 -0.4635453009 0.1224815867 -0.4622409699 -0.8782548301 0.000130471453 -0.4811147989 0
0.5110614163 0.5141482272 -0.36488763 -0.0217551219 0.1247123992 0.4883754901 -0.002831497393 0.03225004357 0.2522231727 -0.9920178851 -0.04076868401 -0.1193248931 0.01982858152 0.8840854989 -0.466904335 0.1245284829 -0.4655434943 -0.8762202417 0.0001334484828 -0.4853005479 0
0.5154693544 0.5185827893 -0.3680348097 -0.02212193367 0.1256917972 0.4880108806 -0.002880197469 0.03252173724 0.2521754105 -0.9917472323 -0.04177574645 -0.1212114444 0.02030816423 0.8823010223 -0.470247259 0.1265899115 -0.4688279995 -0.8741712082 0.0001364717882 -0.4894862969 0
0.5192475871 0.5223838426 -0.3707323923 -0.02243857803 0.126529356 0.4876961373 -0.002922263567 0.0327544858 0.2521341545 -0.9915099888 -0.04265086345 -0.1228366636 0.02072455388 0.8807650823 -0.4730997385 0.1283683565 -0.4716288515 -0.8724034568 0.0001391003278 -0.4930740817 0
0.5236555253 0.5268184047 -0.373879572 -0.02281059555 0.1275042457 0.4873263533 -0.002971717444 0.03302587089 0.2520856529 -0.9912269888 -0.04368578532 -0.1247421691 0.0212165521 0.8789658466 -0.4764125296 0.1304565618 -0.4748795559 -0.8703278077 0.0001422106358 -0.4972598307 0
0.5280634635 0.5312529668 -0.3770267516 -0.02318540386 0.1284766819 0.4869537952 -0.003021576767 0.03329708788 0.2520367535 -0.9909372035 -0.04473577894 -0.1266576839 0.02171524272 0.8771589027 -0.4797089823 0.13255907 -0.4781118797 -0.8682379417 0.0001453683639 -0.5014455797 0
0.5324714016 0.5356875289 -0.3801739313 -0.02356299426 0.1294466465 0.4865784718 -0.00307184122 0.03356813539 0.2519874568 -0.9906405365 -0.04580089139 -0.1285830696 0.02222062922 0.8753444184 -0.4829890194 0.1346757999 -0.481325698 -0.8661339396 0.0001485739134 -0.5056313287 0
0.5368793398 0.540122091 -0.383321111 -0.023943358 0.1304141217 0.4862003916 -0.003122510482 0.03383901206 0.2519377629 -0.9903368916 -0.04688116798 -0.1305181871 0.02273271393 0.8735225623 -0.4862525649 0.1368066694 -0.4845208863 -0.8640158829 0.0001518276857 -0.5098170777 0
0.541287278 0.5445566531 -0.3864682907 -0.02432648626 0.1313790894 0.4858195636 -0.003173584234 0.03410971653 0.2518876722 -0.9900261723 -0.04797665224 -0.1324628969 0.02325149801 0.8716935035 -0.4894995442 0.1389515961 -0.4876973209 -0.8618838536 0.0001551300822 -0.5140028267 0
0.5456952161 0.5489912152 -0.3896154704 -0.02471237014 0.132341532 0.4854359964 -0.003225062151 0.03438024743 0.2518371851 -0.9897082817 -0.04908738591 -0.1344170589 0.02377698142 0.8698574115 -0.4927298841 0.1411104969 -0.4908548789 -0.8597379342 0.000158481505 -0.5181885756 0
0.5494734488 0.5527922685 -0.392313053 -0.02504531423 0.1331644593 0.4851050513 -0.003269507514 0.03461199188 0.251793595 -0.9894300228 -0.05005161095 -0.1360994717 0.02423272702 0.8682781495 -0.4954854488 0.1429720423 -0.4935462403 -0.8578875823 0.0001613934786 -0.5217763605 0
0.553881387 0.5572268306 -0.3954602327 -0.02543629193 0.134122165 0.4847164209 -0.003321735155 0.03488219683 0.2517423724 -0.9890985569 -0.05119076959 -0.1380708146 0.02477064799 0.8664294476 -0.4986846973 0.1451566731 -0.496668418 -0.8557160877 0.0001648370169 -0.5259621095 0
0.5582893252 0.5616613927 -0.3986074124 -0.02582999953 0.1350772948 0.484325077 -0.00337436602 0.03515222432 0.2516907541 -0.9887596424 -0.052345287 -0.140051207 0.02531526174 0.8645741997 -0.5018671047 0.1473550378 -0.4997713719 -0.8535309418 0.0001683307306 -0.5301478585 0
0.5626972633 0.5660959548 -0.4017545921 -0.02622642792 0.1360298311 0.4839310287 -0.003427399776 0.03542207301 0.2516387407 -0.9884131818 -0.053515198 -0.1420405069 0.0258665637 0.8627125772 -0.505032603 0.1495670515 -0.5028549819 -0.8513322291 0.0001718750225 -0.5343336075 0
0.5671052015 0.5705305169 -0.4049017718 -0.02662556791 0.1369797565 0.483534285 -0.003480836086 0.03569174152 0.2515863323 -0.9880590778 -0.05470053558 -0.1440385719 0.0264245481 0.8608447518 -0.5081811257 0.1517926284 -0.5059191285 -0.8491200347 0.0001754702953 -0.5385193565 0
0.5715131397 0.574965079 -0.4080489515 -0.02702741024 0.1379270534 0.4831348552 -0.003534674612 0.0359612285 0.2515335293 -0.9876972327 -0.05590133091 -0.1460452593 0.02698920799 0.8589708959 -0.5113126075 0.1540316825 -0.5089636933 -0.8468944442 0.0001791169521 -0.5427051054 0
0.5759210778 0.5793996411 -0.4111961312 -0.02743194563 0.1388717045 0.4827327486 -0.003588915011 0.03623053261 0.251480332 -0.9873275488 -0.05711761335 -0.1480604259 0.02756053523 0.857091182 -0.5144269847 0.156284127 -0.5119885584 -0.8446555438 0.0001828153959 -0.5468908544 0
0.580329016 0.5838342033 -0.4143433108 -0.0278391647 0.1398136925 0.4823279743 -0.003643556939 0.03649965249 0.2514267409 -0.9869499282 -0.05834941045 -0.1500839281 0.02813852048 0.8552057831 -0.5175241948 0.1585498749 -0.5149936066 -0.8424034202 0.0001865660302 -0.5510766034 0
0.5841072487 0.5876352565 -0.4170408934 -0.02819033846 0.140618978 0.4819789089 -0.0036907122 0.03673017901 0.2513804923 -0.9866198624 -0.05941760446 -0.1518248838 0.02863922769 0.8535853334 -0.5201652365 0.1605024664 -0.5175535015 -0.8404625699 0.0001898227048 -0.5546643883 0
0.5885151869 0.5920698186 -0.4201880731 -0.02860251645 0.1415559744 0.4815692055 -0.003746098904 0.03699895315 0.2513261704 -0.9862272428 -0.0606782813 -0.1538634841 0.02922954896 0.8516898365 -0.5232304041 0.1627926873 -0.5205214391 -0.8381861204 0.0001936713349 -0.5588501373 0
0.592923125 0.5965043807 -0.4233352528 -0.02901735104 0.1424902586 0.4811568615 -0.00380188614 0.0372675392 0.2512714556 -0.9858264068 -0.06195454139 -0.1559100076 0.02982649497 0.8497891506 -0.5262782341 0.1650959595 -0.5234692296 -0.8358966981 0.0001975733085 -0.5630358862 0
0.5973310632 0.6009389428 -0.4264824325 -0.02943483262 0.1434218135 0.4807418864 -0.003858073554 0.03753593581 0.2512163482 -0.9854172564 -0.0632464052 -0.1579643093 0.03043005176 0.8478834498 -0.5293086694 0.1674121941 -0.5263967589 -0.8335943915 0.0002015290297 -0.5672216352 0
0.6017390014 0.6053735049 -0.4296296122 -0.02985495154 0.1443506222 0.4803242897 -0.003914660789 0.03780414164 0.2511608485 -0.9849996936 -0.06455389137 -0.1600262438 0.03104020417 0.8459729086 -0.5323216544 0.1697413011 -0.5293039137 -0.8312792898 0.0002055389025 -0.5714073842 0
