0.007711523928 0.002284847425 3.786358248e-05 -1.497665881e-06 0.001966428001 0.5099949453 -1.880321746e-07 0.0004898837427 0.2549993724 -1 -4.430413621e-08 -8.721893438e-06 2.261924814e-08 0.999970563 -0.007672884408 8.721976632e-06 -0.007672884408 -0.999970563 2.837699274e-08 5.03585647e-05 0
0.01538183699 0.004557484481 7.552481961e-05 -5.958634406e-06 0.003922284307 0.5099798892 -7.525987294e-07 0.0009791144588 0.2549974877 -0.9999999994 -3.535807396e-07 -3.469981345e-05 1.775162574e-07 0.9998828827 -0.01530427785 3.47011608e-05 -0.01530427785 -0.9998828821 4.830718487e-08 0.0001004480101 0
0.02209336092 0.006546041906 0.0001084784021 -1.229271929e-05 0.005633557757 0.5099585112 -1.557396603e-06 0.001407781128 0.2549948009 -0.9999999974 -1.048497213e-06 -7.15824353e-05 5.252073512e-07 0.9997583893 -0.02198096821 7.158818721e-05 -0.0219809682 -0.9997583868 3.088959659e-08 0.0001442762748 0
0.02976367398 0.008818678962 0.0001461396392 -2.230940932e-05 0.007589127399 0.5099247041 -2.831873716e-06 0.001897740642 0.2549905461 -0.9999999916 -2.564172866e-06 -0.0001299008394 1.283334423e-06 0.9995615235 -0.02961014698 0.0001299198065 -0.0296101469 -0.999561515 2.219937217e-08 0.0001943657202 0
0.0364751979 0.01080723639 0.0001790932217 -3.350424279e-05 0.009300053769 0.5098869208 -4.257007051e-06 0.002326393498 0.2549857882 -0.999999981 -4.719615174e-06 -0.0001950675369 2.361353618e-06 0.9993415132 -0.03628415602 0.0001951103347 -0.03628415579 -0.9993414942 9.135331595e-08 0.0002381939849 0
0.04414551096 0.01307987344 0.0002167544588 -4.907530215e-05 0.01125511677 0.5098343673 -6.239724061e-06 0.002816199608 0.2549791688 -0.9999999592 -8.367031161e-06 -0.0002856895475 4.185501483e-06 0.9990355163 -0.04390942097 0.0002857813961 -0.04390942037 -0.9990354754 1.934104931e-07 0.0002882834302 0
0.05181582402 0.0153525105 0.000254415696 -6.760788004e-05 0.01320981963 0.5097718186 -8.599893775e-06 0.003305927027 0.2549712893 -0.9999999225 -1.352940064e-05 -0.0003935180121 6.767308232e-06 0.9986713487 -0.05153190418 0.0003936923597 -0.05153190285 -0.9986712712 3.18182436e-07 0.0003383728756 0
0.05852734795 0.01734106792 0.0002873692784 -8.625269973e-05 0.01491984005 0.509708891 -1.097460256e-05 0.003734382111 0.2549633612 -0.9999998738 -1.94957449e-05 -0.0005019674123 9.751260549e-06 0.9983050066 -0.0581989156 0.000502251212 -0.05819891315 -0.9983048804 4.452702702e-07 0.0003822011403 0
0.06619766101 0.01961370498 0.0003250305156 -0.0001103361175 0.01687369913 0.5096276077 -1.404228399e-05 0.004223986906 0.2549531196 -0.9999997935 -2.820656416e-05 -0.0006420032532 1.410796327e-05 0.9978318501 -0.06581488216 0.0006424677056 -0.06581487763 -0.9978316437 6.105663926e-07 0.0004322905857 0
0.07290918494 0.02160226241 0.000357984098 -0.0001338365836 0.01858288509 0.5095482919 -1.703598033e-05 0.004652343241 0.254943125 -0.9999996962 -3.768133893e-05 -0.0007785976234 1.884697416e-05 0.9973701965 -0.07247544965 0.0007792810366 -0.0724754423 -0.9973698928 7.725599965e-07 0.0004761188504 0
0.080579498 0.02387489946 0.0003956453352 -0.0001634675903 0.02053568065 0.5094482852 -2.081099261e-05 0.005141840269 0.2549305219 -0.9999995467 -5.086248468e-05 -0.00095075224 2.544017392e-05 0.996788182 -0.08008320445 0.0009517718276 -0.08008319234 -0.9967877289 9.774167971e-07 0.0005262082958 0
0.08824981106 0.02614753652 0.0004333065723 -0.0001960557235 0.02248781921 0.5093382979 -2.496318365e-05 0.005631280879 0.2549166596 -0.999999348 -6.680402419e-05 -0.001139993611 3.34146665e-05 0.9961481737 -0.08768588738 0.001141460324 -0.0876858683 -0.996147522 1.203250206e-06 0.0005762977412 0
0.09496133499 0.02813609394 0.0004662601548 -0.0002269951269 0.02419535244 0.5092338752 -2.890571955e-05 0.006059494428 0.2549034973 -0.9999991259 -8.322263581e-05 -0.001319569576 4.162839642e-05 0.995540633 -0.09433369628 0.00132153583 -0.09433366875 -0.9955397594 1.418045376e-06 0.0006201260059 0
0.102631648 0.030408731 0.0005039213919 -0.0002651244104 0.0261460909 0.5091051861 -3.376499659e-05 0.006548826127 0.2548872744 -0.9999988075 -0.0001050437115 -0.001540754342 5.254568575e-05 0.9947920259 -0.1019255734 0.001543436774 -0.1019255328 -0.9947908341 1.683178349e-06 0.0006702154512 0
0.109343172 0.03239728842 0.0005368749744 -0.0003009101526 0.02785230309 0.5089844067 -3.832615801e-05 0.006976941367 0.2548720468 -0.9999984638 -0.000127007817 -0.001748221755 6.353548173e-05 0.9940895483 -0.1085631883 0.001751677348 -0.1085631326 -0.9940880131 1.932384692e-06 0.0007140437159 0
0.117013485 0.03466992548 0.0005745362115 -0.0003445754403 0.02980142219 0.5088370332 -4.389234547e-05 0.007466156419 0.2548534638 -0.9999979855 -0.0001556239909 -0.002001209831 7.785500012e-05 0.9932325493 -0.1161425718 0.002005741313 -0.1161424936 -0.9932305363 2.236900724e-06 0.0007641331613 0
0.1246837981 0.03694256254 0.0006121974486 -0.0003911909016 0.03174958807 0.5086797027 -4.983547309e-05 0.007955305179 0.2548336225 -0.9999974033 -0.0001882374674 -0.002271095407 9.417651524e-05 0.9923178362 -0.1237146032 0.002276936203 -0.1237144958 -0.9923152418 2.562486494e-06 0.0008142226067 0
0.131395322 0.03893111996 0.0006451510311 -0.0004343980904 0.03345340233 0.5085338753 -5.534487209e-05 0.008383253484 0.2548152292 -0.9999967978 -0.0002202568837 -0.002521068336 0.0001102024455 0.9914701752 -0.1303337236 0.002528270964 -0.1303335841 -0.9914669761 2.864702971e-06 0.0008580508714 0
0.1390656351 0.04120375702 0.0006828122683 -0.0004865402148 0.03539961314 0.5083578919 -6.199460048e-05 0.008872269287 0.2547930289 -0.9999959827 -0.0002610628089 -0.002822503162 0.000130628416 0.9904474459 -0.1378906811 0.002831539176 -0.1378904959 -0.9904434328 3.2299559e-06 0.0009081403168 0
0.145777159 0.04319231444 0.0007157658507 -0.0005345802388 0.03710162105 0.5081957534 -6.812217677e-05 0.00930009604 0.2547725718 -0.9999951498 -0.0003006476394 -0.003100000284 0.0001504455313 0.989505391 -0.1444958776 0.003110909338 -0.1444956431 -0.9895005464 3.566985409e-06 0.0009519685815 0
0.1534474721 0.0454649515 0.0007534270879 -0.0005922419901 0.03904565822 0.5080011408 -7.547827504e-05 0.009788966768 0.2547480134 -0.9999940465 -0.0003505524262 -0.003432793169 0.0001754322464 0.988374928 -0.1520360841 0.00344618332 -0.1520357812 -0.9883689822 3.972154438e-06 0.001002058027 0
0.1611177851 0.04773758856 0.000791088325 -0.0006528444084 0.04098844685 0.5077966033 -8.321100135e-05 0.01027775494 0.2547221975 -0.9999927651 -0.0004056790641 -0.003782225252 0.0002030374159 0.9871871331 -0.1595666728 0.003798496962 -0.1595662862 -0.9871799085 4.398727266e-06 0.001052147472 0
0.1678293091 0.04972614598 0.0008240419075 -0.0007082819647 0.04268731394 0.5076094976 -9.028602988e-05 0.01070537397 0.2546985775 -0.9999914834 -0.0004583995861 -0.004101578125 0.000229441399 0.9861008556 -0.1661476749 0.004120731724 -0.166147201 -0.9860923523 4.789604542e-06 0.001095975737 0
0.1754996221 0.05199878304 0.0008617031446 -0.000774391776 0.04462759442 0.5073863722 -9.872472597e-05 0.01119399736 0.2546704048 -0.9999898183 -0.0005240062476 -0.004482036213 0.000262303977 0.9848058184 -0.1736589512 0.004504933716 -0.1736583587 -0.9847956539 5.256547814e-06 0.001146065182 0
0.182211146 0.05398734046 0.0008946567271 -0.000834644482 0.0463241716 0.507183015 -0.0001064173533 0.01162146641 0.254644723 -0.9999881712 -0.0005862887028 -0.004828433278 0.0002935062235 0.9836258571 -0.1802223267 0.004855034136 -0.180221612 -0.9836140499 5.682893545e-06 0.001189893447 0
0.1898814591 0.05625997752 0.0009323179642 -0.0009062527674 0.04826172624 0.5069413319 -0.0001155617278 0.01210991173 0.2546141945 -0.9999860528 -0.0006632698407 -0.005239675586 0.000332078389 0.9822239354 -0.1877126273 0.005271038899 -0.1877117492 -0.9822100159 6.190545078e-06 0.001239982892 0
0.1975517722 0.05853261457 0.0009699792013 -0.0009807896695 0.05019773823 0.5066897645 -0.0001250823367 0.01259825657 0.25458241 -0.9999836623 -0.0007466812199 -0.005667230441 0.0003738799133 0.9807651651 -0.1951910632 0.0057039677 -0.1951899931 -0.9807488625 6.720056347e-06 0.001290072338 0
0.2042632961 0.060521172 0.001002932784 -0.001048409594 0.05189043473 0.5064615424 -0.000133721426 0.01302547285 0.2545535685 -0.9999813299 -0.0008251391005 -0.006054661552 0.0004132057918 0.9794421975 -0.201724592 0.006096641864 -0.2017233276 -0.9794235703 7.201396258e-06 0.001333900602 0
0.2119336092 0.06279380906 0.001040594021 -0.001128429856 0.05382338789 0.5061914683 -0.0001439472197 0.01351361887 0.2545194299 -0.9999783685 -0.0009212856411 -0.006512591473 0.0004614065287 0.9778771486 -0.2091795147 0.006561228462 -0.2091779948 -0.9778555705 7.772192297e-06 0.001383990048 0
0.2186451331 0.06478236648 0.001073547603 -0.001200843082 0.05551331311 0.5059470685 -0.0001532031941 0.01394065521 0.254488529 -0.9999755003 -0.001011272373 -0.006926475324 0.0005065275737 0.976461373 -0.2156917486 0.006981558712 -0.2156899726 -0.9764369378 8.289833699e-06 0.001427818313 0
0.2263154461 0.06705500354 0.001111208841 -0.001286335911 0.05744299087 0.505658524 -0.00016413382 0.01442858874 0.2544520374 -0.9999718839 -0.001121033787 -0.007414488585 0.0005615746337 0.9747904777 -0.2231215122 0.007477699623 -0.2231194027 -0.9747624409 8.902327041e-06 0.001477907758 0
0.2339857592 0.06932764059 0.001148870078 -0.001374742775 0.05937083335 0.5053601445 -0.0001754402039 0.01491640332 0.2544142915 -0.999967882 -0.001238413917 -0.00791842027 0.0006204551093 0.9730633177 -0.2305371873 0.00799062476 -0.2305346959 -0.9730312965 9.537237311e-06 0.001527997203 0
0.2406972831 0.07131619802 0.00118182366 -0.001454486538 0.06105614175 0.5050910036 -0.0001856414418 0.01534314041 0.2543802351 -0.9999640433 -0.001347565711 -0.008372346738 0.000675219325 0.9715060047 -0.2370139805 0.008453177043 -0.2370111114 -0.9714701626 1.011127438e-05 0.001571825468 0
0.2483675962 0.07358883507 0.001219484897 -0.001548347991 0.06298037768 0.5047742145 -0.0001976520703 0.01583072138 0.2543401382 -0.9999592468 -0.001479896687 -0.008905876612 0.0007416272489 0.9696737175 -0.2444019878 0.008997484173 -0.2443986324 -0.9696331026 1.078856866e-05 0.001621914913 0
0.2550791201 0.0755773925 0.00125243848 -0.001632859064 0.0646624361 0.5044889836 -0.0002084693437 0.01625724801 0.2543040253 -0.9999546706 -0.001602508526 -0.009385554509 0.0008031712472 0.9680246361 -0.2508538595 0.009487443437 -0.2508500267 -0.9679794691 1.139989977e-05 0.001665743178 0
0.2627494332 0.07785002956 0.001290099717 -0.00173216245 0.0665828502 0.5041538275 -0.0002211838028 0.01674458153 0.2542615788 -0.9999489816 -0.001750652573 -0.00994834169 0.0008775477144 0.9660877273 -0.2582125734 0.01006301132 -0.2582081299 -0.9660369027 1.212006045e-05 0.001715832623 0
0.2694609571 0.07983858698 0.001323053299 -0.00182142944 0.06826147052 0.503852545 -0.000232616739 0.01717088559 0.2542234107 -0.9999435797 -0.001887475607 -0.01045346435 0.0009462563181 0.9643473326 -0.2646381051 0.01058026843 -0.2646330658 -0.9642911378 1.276911942e-05 0.001759660888 0
0.2771312702 0.08211122404 0.001360714537 -0.001926161373 0.07017784807 0.5034990672 -0.0002460345905 0.0176579578 0.2541786162 -0.9999368944 -0.002052287306 -0.0110451488 0.001029039792 0.9623063366 -0.271965909 0.01118696886 -0.2719601123 -0.9622434978 1.353265559e-05 0.001809750334 0
0.2848015832 0.08438386109 0.001398375774 -0.002033782805 0.07209198522 0.5031358372 -0.000259827397 0.01814488496 0.2541325701 -0.9999296336 -0.002226335079 -0.01165209134 0.001116485331 0.9602100557 -0.2792765698 0.01181021849 -0.2792699275 -0.9601400035 1.43195426e-05 0.001859839779 0
0.2915131072 0.08637241852 0.001431329356 -0.00213031861 0.07376496959 0.5028100219 -0.0002722035769 0.01857082415 0.2540912533 -0.9999227833 -0.002386391676 -0.01219559552 0.001196921622 0.9583305882 -0.2856589769 0.01236910643 -0.2856515164 -0.9582537328 1.502734647e-05 0.001903668044 0
0.2991834202 0.08864505557 0.001468990593 -0.002243346646 0.07567474215 0.5024285442 -0.0002866990569 0.01905746872 0.2540428615 -0.9999143569 -0.002578401649 -0.01283084641 0.001293441035 0.9561310947 -0.2929362673 0.01302327857 -0.2929277753 -0.9560458737 1.585844053e-05 0.001953757489 0
0.3058949441 0.090633613 0.001501944176 -0.002344606647 0.0773438142 0.5020867844 -0.0002996898603 0.01948315455 0.2539994931 -0.999906436 -0.002754540754 -0.01339894403 0.001382005936 0.9541615783 -0.2992887778 0.01360916072 -0.2992792925 -0.9540684964 1.660517425e-05 0.001997585754 0
0.3135652572 0.09290625006 0.001539605413 -0.002463026057 0.07924900907 0.5016871104 -0.0003148875144 0.01996950262 0.2539487575 -0.9998967268 -0.002965346271 -0.01406209539 0.001488030371 0.9518594785 -0.3065311059 0.01429410966 -0.3065203743 -0.9517567644 1.74810503e-05 0.002047675199 0
0.3212355703 0.09517888711 0.00157726665 -0.002584314388 0.08115167561 0.5012777536 -0.0003304594487 0.02045568687 0.2538967724 -0.9998862835 -0.003186513695 -0.0147399538 0.001599299365 0.9495029129 -0.3137541403 0.01499541094 -0.3137420349 -0.9493898426 1.838105393e-05 0.002097764644 0
0.3279470942 0.09716744454 0.001610220232 -0.002692791439 0.08281438737 0.5009116358 -0.000344391798 0.02088096059 0.2538502611 -0.9998765154 -0.003388718418 -0.01534504679 0.001701057248 0.9473963841 -0.3200581162 0.01562242868 -0.3200446968 -0.9472736309 1.918848638e-05 0.002141592909 0
0.3356174072 0.09944008159 0.00164788147 -0.002819446386 0.08471215077 0.5004841662 -0.0003606650935 0.02136682702 0.2537959349 -0.999864599 -0.003629941349 -0.01605014423 0.001822486217 0.9449381961 -0.3272437685 0.01635427002 -0.3272287105 -0.9448036351 2.013420262e-05 0.002191682355 0
0.3423289312 0.101428639 0.001680835052 -0.002932611843 0.08637047977 0.5001022247 -0.0003752108913 0.02179181657 0.2537473759 -0.9998534854 -0.0038500499 -0.0166788745 0.001933319489 0.9427430408 -0.3335143495 0.01700793975 -0.3334977303 -0.9425974718 2.098191012e-05 0.002235510619 0
0.3499992442 0.1037012761 0.001718496289 -0.003064616347 0.08826312872 0.4996567 -0.0003921849873 0.02227735127 0.2536907106 -0.9998399651 -0.004112137821 -0.01741075635 0.002065331356 0.9401839073 -0.3406610556 0.01777015814 -0.3406424969 -0.9400249522 2.19739773e-05 0.002285600065 0
0.3576695573 0.1059739131 0.001756157526 -0.003199466725 0.09015296383 0.4992015703 -0.000409532606 0.02276270337 0.2536327984 -0.9998255342 -0.004385681244 -0.01815673106 0.002203159164 0.9375712225 -0.3477863551 0.01854850863 -0.3477656804 -0.9373979861 2.299103439e-05 0.00233568951 0
0.3643810812 0.1079624706 0.001789111109 -0.003319791255 0.09180421433 0.4987954664 -0.0004250180441 0.02318723356 0.253581103 -0.9998121292 -0.004634606375 -0.0188209117 0.002328622761 0.9352413552 -0.3540030863 0.01924275992 -0.3539804062 -0.9350548584 2.390160986e-05 0.002379517775 0
0.3720513943 0.1102351076 0.001826772346 -0.003459963642 0.09368861248 0.4983223746 -0.0004430655567 0.02367223263 0.2535208547 -0.9997958839 -0.004930236185 -0.01959293863 0.00247767512 0.9325288161 -0.3610870648 0.02005122437 -0.361061906 -0.9323262564 2.496604379e-05 0.00242960722 0
0.3787629182 0.112223665 0.001859725928 -0.003584936754 0.09533501396 0.4979005813 -0.0004591631327 0.02409644783 0.253467116 -0.999780829 -0.005198830714 -0.02027969814 0.002613141661 0.9301118996 -0.367266968 0.02077174735 -0.3672394675 -0.9298944607 2.591837726e-05 0.002473435485 0
0.3864332313 0.1144963021 0.001897387166 -0.003730412281 0.09721376582 0.497409591 -0.0004779099175 0.02458107997 0.2534045337 -0.9997626256 -0.005517329967 -0.02107727716 0.002773832377 0.9273002522 -0.3743080926 0.02161014568 -0.3742777062 -0.9270648307 2.703088726e-05 0.00252352493 0
0.3941035443 0.1167689391 0.001935048403 -0.003878708189 0.09908942103 0.4969090817 -0.0004970293849 0.02506551075 0.2533407075 -0.9997433172 -0.005848342614 -0.02188827339 0.002940898097 0.9244360614 -0.3813257393 0.02246443281 -0.3812922307 -0.9241815753 2.81693318e-05 0.002573614376 0
0.4008150683 0.1187574966 0.001968001985 -0.004010776242 0.1007280326 0.4964633425 -0.0005140644879 0.02548921938 0.2532838396 -0.9997254823 -0.006148414872 -0.0226087836 0.003092401317 0.9218869685 -0.3874465827 0.02322492531 -0.3874101372 -0.9216148808 2.918690947e-05 0.00261744264 0
0.4084853813 0.1210301336 0.002005663222 -0.004164344981 0.1025977222 0.495945037 -0.0005338822274 0.02597326195 0.2532176827 -0.9997039856 -0.00650347591 -0.02344453097 0.003271732393 0.9189248656 -0.3944190503 0.02410885726 -0.3943790008 -0.9186315729 3.037454746e-05 0.002667532086 0
0.4151969052 0.1230186911 0.002038616805 -0.004301017801 0.1042310232 0.4954837565 -0.0005515280225 0.02639662484 0.2531587766 -0.9996841679 -0.006824921772 -0.02418646222 0.003434144928 0.9162904525 -0.4004997045 0.02489520357 -0.4004562737 -0.9159776208 3.143549833e-05 0.00271136035 0
0.4228672183 0.1252913281 0.002076278042 -0.00445983871 0.1060945401 0.4949477245 -0.0005720433514 0.02688026534 0.2530902914 -0.9996603264 -0.00720478533 -0.02504641645 0.003626145175 0.9132312511 -0.4074254939 0.02580858345 -0.4073779241 -0.9128949249 3.267308741e-05 0.002761449796 0
0.4305375314 0.1275639652 0.002113939279 -0.004621452087 0.1079546806 0.4944022678 -0.0005929304406 0.02736368573 0.2530205655 -0.9996351686 -0.007598181094 -0.02591905255 0.003825065992 0.9101206057 -0.4143257801 0.02673758612 -0.4142737631 -0.9097595016 3.39376346e-05 0.002811539241 0
0.4372490553 0.1295525226 0.002146892861 -0.00476514963 0.1095794877 0.4939172782 -0.0006115114424 0.02778649493 0.252958538 -0.9996120393 -0.007953667531 -0.02669288479 0.004004887607 0.9073567815 -0.4203422795 0.02756323277 -0.4202861052 -0.9069729092 3.506640445e-05 0.002855367506 0
0.4449193684 0.1318251596 0.002184554099 -0.004931982137 0.1114331397 0.4933542066 -0.0006330950276 0.02826949202 0.2528864875 -0.9995842874 -0.008372998538 -0.0275888602 0.004217088618 0.9041503361 -0.4271936165 0.02852136875 -0.4271323714 -0.9037391597 3.638210776e-05 0.002905456951 0
0.4516308923 0.1338137171 0.002217507681 -0.005080236685 0.1130521798 0.4928538368 -0.0006522851408 0.02869192477 0.2528224271 -0.999558815 -0.008751495963 -0.02838285938 0.004408702826 0.9013030689 -0.4331666439 0.02937241439 -0.4331006689 -0.9008668447 3.755599272e-05 0.002949285216 0
0.4593012053 0.1360863541 0.002255168918 -0.005252265893 0.1148991386 0.4922732259 -0.0006745644786 0.02917448473 0.2527480545 -0.9995283004 -0.009197484991 -0.02930158712 0.004634577005 0.898001703 -0.4399675693 0.03035947025 -0.4398958373 -0.8975354895 3.892366571e-05 0.002999374661 0
0.4669715184 0.1383589912 0.002292830155 -0.005427057265 0.1167424443 0.4916832925 -0.0006972145722 0.02965680589 0.2526724445 -0.9994962417 -0.009657982684 -0.03023220376 0.004867902672 0.8946500815 -0.4467410159 0.03136186055 -0.4466631338 -0.89415238 4.031939591e-05 0.003049464107 0
0.4736830423 0.1403475486 0.002325783738 -0.005582260302 0.1183522948 0.4911594711 -0.0007173373653 0.03007863794 0.2526052714 -0.9994668845 -0.01007297698 -0.03105610913 0.005078261514 0.8916763925 -0.4526449186 0.0322514812 -0.4525613176 -0.8911498728 4.156386465e-05 0.003093292371 0
0.4813533554 0.1426201857 0.002363444975 -0.005762212638 0.1201885954 0.4905521191 -0.000740682025 0.03056050078 0.2525273435 -0.9994317954 -0.01056121553 -0.0320085463 0.00532585411 0.8882312487 -0.4593657412 0.03328245164 -0.4592752003 -0.8876703041 4.301285336e-05 0.003143381817 0
0.4880648793 0.1446087431 0.002396398557 -0.005921921019 0.1217922278 0.4900130918 -0.0007614122145 0.03098192576 0.2524581433 -0.9993997082 -0.01100078609 -0.03285127163 0.005548863869 0.8851761378 -0.4652229737 0.03419698016 -0.4651259914 -0.8845837319 4.43043003e-05 0.003187210081 0
0.4957351924 0.1468813801 0.002434059795 -0.006107010143 0.1236213211 0.4893884028 -0.0007854506364 0.03146331649 0.2523779 -0.9993614082 -0.01151745458 -0.03382490126 0.005811104699 0.8816384153 -0.4718897495 0.0352563011 -0.4717849647 -0.8810084792 4.58074145e-05 0.003237299527 0
0.5034055054 0.1491540172 0.002471721032 -0.006294828767 0.1254464883 0.4887545014 -0.0008098587278 0.0319444498 0.2522964232 -0.9993213206 -0.01204956267 -0.03480957128 0.006081312172 0.878051712 -0.4785271243 0.03633064623 -0.4784140457 -0.8773825192 4.733975716e-05 0.003287388972 0
0.5101170294 0.1511425746 0.002504674614 -0.006461403467 0.1270402442 0.4881922999 -0.0008315188644 0.03236522719 0.2522241195 -0.9992847355 -0.01252797189 -0.03568006836 0.006324362464 0.8748733863 -0.4843103967 0.03728296926 -0.4841896403 -0.874168389 4.870473424e-05 0.003331217237 0
0.5177873424 0.1534152117 0.002542335851 -0.006654320484 0.1288578963 0.4875411911 -0.0008566194389 0.03284586727 0.2521403317 -0.9992411517 -0.01308953934 -0.03668493731 0.006609793421 0.8711955992 -0.4908915751 0.03838530052 -0.4907615427 -0.8704479748 5.029257123e-05 0.003381306682 0
0.5244988664 0.1554037691 0.002575289434 -0.006825345023 0.1304449891 0.486963971 -0.0008788851226 0.03326620707 0.2520660073 -0.9992014242 -0.01359401287 -0.03757281814 0.006866326197 0.8679380126 -0.4966250697 0.03936200469 -0.4964864642 -0.8671515574 5.170650522e-05 0.003425134947 0
0.5321691794 0.1576764062 0.002612950671 -0.007023334533 0.1322549269 0.4862957422 -0.0009046773157 0.03374634017 0.2519799115 -0.9991541527 -0.01418569281 -0.03859721856 0.007167349476 0.8641701474 -0.5031486713 0.04049207654 -0.5029997241 -0.8633375176 5.335075445e-05 0.003475224392 0
0.5398394925 0.1599490432 0.002650611908 -0.007224018552 0.1340606692 0.4856184193 -0.0009308380104 0.03422619726 0.251892586 -0.9991048345 -0.0147936947 -0.03963175766 0.007476837706 0.86035466 -0.5096410068 0.04163684085 -0.509481114 -0.8594738902 5.502547225e-05 0.003525313838 0
0.5465510164 0.1619376006 0.002683565491 -0.007401821389 0.1356372079 0.485018322 -0.0009540307035 0.03464584274 0.2518151681 -0.999059958 -0.01533922646 -0.0405451419 0.007754664536 0.8569772765 -0.5152958496 0.04265050502 -0.5151258639 -0.8560527313 5.651605591e-05 0.003569142102 0
0.5542213295 0.1642102377 0.002721226728 -0.007607536886 0.1374349324 0.4843240174 -0.0009808816453 0.03512517181 0.2517255393 -0.9990066499 -0.01597831345 -0.0415981599 0.00808030062 0.8530732995 -0.5217285256 0.04382262144 -0.5215463921 -0.8520967895 5.824863105e-05 0.003619231548 0
0.5609328534 0.1661987951 0.00275418031 -0.007789730269 0.1390043695 0.4837091017 -0.001004677903 0.03554434927 0.2516461074 -0.9989581942 -0.01655131547 -0.04252740635 0.008372412997 0.8496189512 -0.5273305799 0.04486010516 -0.5271372609 -0.8485952387 5.979026061e-05 0.003663059812 0
0.5686031664 0.1684714322 0.002791841547 -0.008000449651 0.1407938798 0.4829979086 -0.001032218167 0.03602313661 0.2515541785 -0.9989006939 -0.01722210255 -0.04359819823 0.008714552532 0.8456275501 -0.5337022607 0.04605931262 -0.5334954974 -0.8445478636 6.158165954e-05 0.003713149258 0
0.5762734795 0.1707440692 0.002829502784 -0.008213826261 0.1425789294 0.4822777473 -0.001060125684 0.03650162944 0.2514610241 -0.9988408737 -0.01791004244 -0.04467817626 0.009065637433 0.8415899665 -0.5400408711 0.04727285979 -0.5398199316 -0.8404520915 6.340483275e-05 0.003763238703 0
0.5829850034 0.1727326267 0.002862456367 -0.008402704157 0.144137145 0.4816402708 -0.001084845808 0.03692006601 0.2513785094 -0.9987865813 -0.01852619269 -0.04563053009 0.009380252382 0.838019443 -0.5455597346 0.04834641618 -0.5453257681 -0.8368287941 6.502639649e-05 0.003807066968 0
0.5906553165 0.1750052637 0.002900117604 -0.008621041059 0.1459136818 0.4809033681 -0.001113441184 0.03739799614 0.2512830598 -0.9987222507 -0.01924674522 -0.04672717326 0.009748375385 0.833896114 -0.551835338 0.04958664235 -0.5515857448 -0.8326429793 6.690991123e-05 0.003857156413 0
0.5973668404 0.1769938211 0.002933071186 -0.008814246481 0.147464364 0.480251286 -0.001138762756 0.03781593438 0.2511985383 -0.9986639192 -0.01989168482 -0.04769378655 0.01007804876 0.8302510521 -0.5572985047 0.05068342267 -0.5570345692 -0.8289413003 6.858471488e-05 0.003900984678 0
0.6050371535 0.1792664582 0.002970732424 -0.009037514414 0.1492321947 0.4794977407 -0.001168045007 0.03829328817 0.2511007969 -0.9985948659 -0.02064542479 -0.04880635415 0.01046355147 0.8260431011 -0.5635098129 0.05195005159 -0.5632286939 -0.8246663753 7.052958383e-05 0.003951074123 0
0.6117486774 0.1812550156 0.003003686006 -0.009235021475 0.150775175 0.4788311402 -0.001193967156 0.03871071614 0.2510142716 -0.9985323078 -0.02131964956 -0.04978657284 0.01080857969 0.8223244936 -0.5689161642 0.05306981154 -0.5686192925 -0.8208871392 7.225852121e-05 0.003994902388 0
0.6194189905 0.1835276527 0.003041347243 -0.009463190528 0.1525341078 0.4780610533 -0.001223935272 0.03918747996 0.2509142417 -0.9984583154 -0.02210713535 -0.05091431065 0.01121179801 0.8180330659 -0.5750619086 0.05436256108 -0.5747461855 -0.8165240561 7.426577468e-05 0.004044991833 0
0.6270893035 0.1858002897 0.00307900848 -0.009693961059 0.1542882169 0.4772821862 -0.001254268764 0.03966392356 0.2508129928 -0.998381599 -0.02291284148 -0.05204982626 0.01162459997 0.8136975932 -0.5811721737 0.05566912424 -0.5808366625 -0.8121143516 7.630672714e-05 0.004095081279 0
0.6338008275 0.1877888472 0.003111962063 -0.009898012392 0.1558190631 0.4765934983 -0.001281110057 0.04008054599 0.2507234008 -0.9983121881 -0.02363289988 -0.05304960955 0.01199373641 0.8098681874 -0.5864892747 0.05682363344 -0.5861356541 -0.8082178355 7.81204405e-05 0.004138909544 0
0.6414711405 0.1900614842 0.0031496233 -0.01013363693 0.1575639826 0.4757982486 -0.001312127823 0.04055637876 0.2506198689 -0.9982301938 -0.02447317546 -0.05419911335 0.01242475765 0.8054510366 -0.5925320692 0.05815587332 -0.5921568131 -0.8037214711 8.022539075e-05 0.004188998989 0
0.6481826644 0.1920500416 0.003182576882 -0.01034192179 0.1590867053 0.4750952722 -0.001339567393 0.04097246079 0.2505282808 -0.9981560663 -0.02522370959 -0.05521079336 0.01280997703 0.8015506851 -0.5977895982 0.05933272046 -0.5973945628 -0.7997495637 8.209556995e-05 0.004232827254 0
0.6558529775 0.1943226787 0.00322023812 -0.0105823688 0.1608222467 0.4742837463 -0.001371268366 0.04144766917 0.2504224696 -0.9980685684 -0.0260990701 -0.05637349829 0.01325953846 0.797053056 -0.6037637042 0.06069034033 -0.6033450625 -0.7951675409 8.426559146e-05 0.004282916699 0
0.6635232906 0.1965953158 0.003257899357 -0.01082537469 0.1625527099 0.473463584 -0.001403333272 0.041922539 0.2503154442 -0.9979780418 -0.02699334733 -0.05754291772 0.01371911712 0.792513003 -0.6097006856 0.06206137289 -0.6092573343 -0.7905402499 8.647076226e-05 0.004333006144 0
0.6702348145 0.1985838732 0.003290852939 -0.01104009664 0.1640626578 0.472738882 -0.001431688357 0.04233776936 0.2502208018 -0.9978962948 -0.02779146685 -0.05857148755 0.01412953538 0.7885059309 -0.6148648251 0.06327196072 -0.6143989187 -0.7864544664 8.842936572e-05 0.004376834409 0
0.6779051276 0.2008565102 0.003328514176 -0.01128787542 0.1657834566 0.4719026109 -0.001464434787 0.04281199404 0.2501115027 -0.9977999119 -0.02872158542 -0.05975287738 0.01460813443 0.7838872796 -0.6207312908 0.06466790729 -0.6202385053 -0.7817430897 9.070128563e-05 0.004426923854 0
0.6846166515 0.2028450677 0.003361467759 -0.01150675923 0.1672848671 0.4711638623 -0.001493385715 0.04322665398 0.2500148726 -0.9977129386 -0.02955127408 -0.06079156486 0.0150353298 0.7798119794 -0.6258332171 0.06590015945 -0.6253159193 -0.7775841884 9.271878042e-05 0.004470752119 0
0.6922869645 0.2051177047 0.003399128996 -0.01175927777 0.1689958167 0.4703115941 -0.001526812543 0.04370022 0.2499033037 -0.9976104651 -0.03051770472 -0.06198410737 0.01553325452 0.7751159815 -0.6316280023 0.06732070908 -0.6310815201 -0.7727897755 9.505856403e-05 0.004520841565 0
0.6999572776 0.2073903418 0.003436790233 -0.01201431043 0.1707014383 0.4694508406 -0.001560601781 0.04417342922 0.2497905259 -0.9975046465 -0.03150368803 -0.06318225961 0.0160416089 0.7703792506 -0.6373840891 0.06875425131 -0.6368071356 -0.7679515122 9.743500277e-05 0.00457093101 0
0.7066688015 0.2093788992 0.003469743816 -0.01223951874 0.1721894456 0.4686907464 -0.001590464393 0.04458719158 0.2496908545 -0.9974092575 -0.03238256183 -0.06423505785 0.01649504067 0.766201484 -0.6423886671 0.07001918737 -0.6417839634 -0.7636823016 9.954470988e-05 0.004614759275 0
0.7143391146 0.2116515363 0.003507405053 -0.01249923917 0.1738849373 0.4678141714 -0.001624932255 0.04505972147 0.2495758129 -0.9972969829 -0.03340554371 -0.0654430867 0.01702317645 0.761389364 -0.6480713293 0.07147684527 -0.6474336306 -0.758762647 0.0001019907517 0.00466484872 0
0.7210506385 0.2136400937 0.003540358635 -0.01272853418 0.1753640016 0.4670402843 -0.001655388147 0.04547288354 0.2494741624 -0.9971958393 -0.03431697896 -0.06650415796 0.01749404412 0.7571461989 -0.6530111729 0.07276274109 -0.6523434513 -0.7544226966 0.0001041618647 0.004708676985 0
0.7287209516 0.2159127307 0.003578019872 -0.01299290769 0.1770491822 0.4661480047 -0.001690533446 0.04594472067 0.2493568611 -0.9970768664 -0.03537738371 -0.06772121723 0.01804225031 0.7522599908 -0.6586193009 0.07424418997 -0.6579159118 -0.7494227467 0.0001066786634 0.00475876643 0
0.7363912646 0.2181853678 0.003615681109 -0.01325974845 0.1787287901 0.465247398 -0.001726039553 0.04641618283 0.2492383562 -0.9969542209 -0.03645791435 -0.06894274305 0.01860127662 0.7473348073 -0.6641872314 0.07573819279 -0.6634466868 -0.7443804269 0.0001092336761 0.004808855875 0
0.7431027886 0.2201739252 0.003648634692 -0.01349525008 0.1801938356 0.4644525631 -0.001757403098 0.04682840163 0.2491336782 -0.9968438384 -0.03741997666 -0.07001504935 0.0190993629 0.7429935971 -0.6690259554 0.077055669 -0.6682516443 -0.7399338915 0.0001115009227 0.00485268414 0
0.7507731016 0.2224465623 0.003686295929 -0.01376668957 0.1818628578 0.4635364354 -0.00179358478 0.04729915047 0.2490129199 -0.9967141175 -0.03853854421 -0.07124428767 0.01967888994 0.7379963563 -0.6745176938 0.07857295467 -0.6737033165 -0.7348129913 0.0001141284904 0.004902773586 0
0.7574846256 0.2244351197 0.003719249511 -0.01400619931 0.1833185631 0.4627280728 -0.00182553891 0.04771073925 0.248906272 -0.9965974351 -0.03953405559 -0.07232296187 0.02019503417 0.7335926835 -0.6792892869 0.07991065611 -0.6784385257 -0.7302981952 0.0001164597422 0.00494660185 0
0.7651549386 0.2267077568 0.003756910749 -0.01428220132 0.1849768223 0.4617965462 -0.001862394921 0.04818076138 0.2487832646 -0.9964603891 -0.04069103634 -0.07355904038 0.02079533407 0.728524733 -0.6847037809 0.08145088668 -0.6838098808 -0.7250998552 0.0001191610562 0.004996691296 0
0.7728252517 0.2289803938 0.003794571986 -0.01456062166 0.1866292694 0.4608568576 -0.001899610056 0.04865039047 0.2486590594 -0.9963193335 -0.0418686513 -0.07479840697 0.02140682176 0.7234196275 -0.6900766555 0.08300321456 -0.6891379097 -0.7198606864 0.0001219021935 0.005046780741 0
0.7795367756 0.2309689512 0.003827525568 -0.01480621496 0.1880703538 0.4600279626 -0.001932467609 0.04906099053 0.2485493983 -0.996192564 -0.04291606844 -0.07588535167 0.02195110951 0.7189224889 -0.6947435525 0.08437134775 -0.6937641285 -0.7152431822 0.0001243336275 0.005090609006 0
0.7872070887 0.2332415883 0.003865186805 -0.01508914116 0.1897117694 0.4590730664 -0.00197035512 0.04952987247 0.2484229506 -0.9960437954 -0.04413263586 -0.07713020228 0.02258377408 0.7137487738 -0.7000376141 0.08594609241 -0.6990100131 -0.7099283561 0.0001271503654 0.005140698451 0
0.7939186126 0.2352301457 0.003898140388 -0.01533866065 0.1911431253 0.4582309202 -0.002003800434 0.04993981295 0.2483113292 -0.9959101652 -0.0452142816 -0.07822155448 0.02314670381 0.7091922084 -0.7046351124 0.08733368736 -0.7035638424 -0.7052451678 0.0001296484851 0.005184526716 0
0.8015889257 0.2375027828 0.003935801625 -0.01562605501 0.1927733364 0.4572609436 -0.002042359017 0.05040793442 0.2481826434 -0.9957534275 -0.04647012827 -0.07947099306 0.02380079997 0.7039512746 -0.7098493677 0.08893049804 -0.7087264142 -0.6998558683 0.0001325420506 0.005234616161 0
0.8092592387 0.2397754198 0.003973462862 -0.01591581678 0.1943975014 0.4562829769 -0.002081274966 0.05087564488 0.2480527658 -0.9955923341 -0.04774705063 -0.08072250917 0.02446642805 0.6986750654 -0.7150206618 0.09053893212 -0.7138440811 -0.6944273394 0.0001354770972 0.005284705607 0
0.8159707626 0.2417639773 0.004006416445 -0.01617129172 0.1958136481 0.4554207306 -0.002115619271 0.05128455142 0.2479381463 -0.9954477461 -0.04888171266 -0.0818190867 0.02505836695 0.6940297621 -0.7195100885 0.09195576668 -0.7182849486 -0.6896454666 0.0001380795695 0.005328533871 0
0.8236410757 0.2440366143 0.004044077682 -0.01646546275 0.1974263465 0.4544278823 -0.002155204249 0.05175148108 0.2478060376 -0.9952782861 -0.05019837661 -0.0830738001 0.02574580351 0.6886884992 -0.7246000998 0.09358571942 -0.7233175472 -0.6841443116 0.0001410933518 0.005378623317 0
0.8303525996 0.2460251717 0.004077031264 -0.01672477872 0.1988323858 0.4535526723 -0.002190133362 0.05215969863 0.2476894679 -0.9951262629 -0.05136793553 -0.08417277482 0.02635692923 0.6839868986 -0.7290179935 0.09502122448 -0.7276834873 -0.6792994253 0.0001437652681 0.005422451581 0
0.8380229127 0.2482978088 0.004114692501 -0.01702331985 0.2004334486 0.4525450746 -0.002230386007 0.05262583426 0.2475551326 -0.9949481743 -0.05272461704 -0.08542976819 0.02706641104 0.6785820139 -0.7340257896 0.0966723328 -0.7326298965 -0.6737268696 0.0001468590473 0.005472541027 0
0.8456932257 0.2505704459 0.004152353738 -0.01732417551 0.2020282373 0.4515296652 -0.002270994177 0.05309154101 0.2474196119 -0.9947653758 -0.05410274705 -0.0866875998 0.02778774463 0.6731437882 -0.738989365 0.09833457401 -0.7375298863 -0.6681167401 0.0001499960118 0.005522630472 0
0.8524047497 0.2525590033 0.004185307321 -0.0175893139 0.2034184936 0.4506348041 -0.002306817655 0.05349867966 0.2473000598 -0.9946015042 -0.05532626005 -0.08778868237 0.02842868419 0.6683583162 -0.7432960184 0.09979808475 -0.7417790547 -0.6631773339 0.0001527765679 0.005566458737 0
0.8600750627 0.2548316403 0.004222968558 -0.01789447857 0.2050013914 0.4496048514 -0.002348091361 0.05396357216 0.2471623198 -0.9944096712 -0.05674479108 -0.08904737258 0.02917241202 0.6628586939 -0.7481759969 0.1014809157 -0.7465911737 -0.6574977134 0.000155995489 0.005616548182 0
0.8667865867 0.2568201978 0.004255922141 -0.01816336967 0.2063811709 0.4486973247 -0.002384496564 0.05436999258 0.2470408279 -0.9942377777 -0.05800375527 -0.09014879767 0.02983304289 0.6580201412 -0.7524091196 0.102962279 -0.750762984 -0.6524980544 0.000158848322 0.005660376447 0
0.8744568997 0.2590928348 0.004293583378 -0.0184728028 0.2079520132 0.4476529657 -0.002426434386 0.05483405768 0.2469008735 -0.9940366429 -0.05946291125 -0.09140741043 0.0305993833 0.6524605919 -0.7572046314 0.1046653249 -0.7554861602 -0.646750208 0.0001621504942 0.005710465892 0
0.8821272128 0.2613654719 0.004331244615 -0.01878449568 0.2095163594 0.4466009799 -0.002468725815 0.05529767613 0.24675974 -0.9938304373 -0.06094381824 -0.0926655968 0.03137787048 0.6468696873 -0.7619547472 0.1063789973 -0.7601614688 -0.640966497 0.0001654976006 0.005760555338 0
0.8888387367 0.2633540293 0.004364198197 -0.01905907139 0.2108797972 0.4456742671 -0.002506020559 0.05570297296 0.2466352822 -0.9936457874 -0.06225749748 -0.09376594856 0.03206905721 0.6419522582 -0.7660736739 0.1078870922 -0.7642128645 -0.6358766178 0.0001684634725 0.005804383602 0
0.8965090498 0.2656266664 0.004401859434 -0.0193749695 0.2124318393 0.4446080883 -0.002548973885 0.05616574391 0.2464919419 -0.9934298669 -0.06377933226 -0.09502260934 0.03287047735 0.6363037074 -0.7707380383 0.109620396 -0.7687976254 -0.6300266502 0.0001718958392 0.005854473048 0
0.9032205737 0.2676152238 0.004434813017 -0.01965320652 0.213784441 0.4436690185 -0.002586847144 0.05657029345 0.2463655552 -0.9932365978 -0.06512890042 -0.09612121026 0.03358181854 0.6313364945 -0.7747815771 0.1111455001 -0.7727693427 -0.6248793649 0.0001749368928 0.005898301312 0
0.9108908868 0.2698878608 0.004472474254 -0.01997326796 0.2153240193 0.4425887882 -0.002630460889 0.05703220384 0.2462200131 -0.9930106908 -0.06669183381 -0.09737539321 0.03440637112 0.6256318019 -0.7793593844 0.1128980493 -0.7772625346 -0.6189644438 0.0001784558461 0.005948390758 0
0.9185611998 0.2721604979 0.004510135491 -0.02029553251 0.2168568855 0.4415011222 -0.002674426246 0.05749364992 0.2460732987 -0.9927793461 -0.06827674899 -0.09862786335 0.03524333994 0.6198977867 -0.7838907073 0.1146607033 -0.7817064792 -0.6130154187 0.0001820215255 0.005998480203 0
0.9252727237 0.2741490553 0.004543089074 -0.0205793117 0.2181926023 0.4405433471 -0.002713184027 0.05789703146 0.2459439631 -0.9925723977 -0.0696816127 -0.09972215485 0.0359859149 0.6148568103 -0.7878173118 0.1162112269 -0.7855543111 -0.6077823419 0.0001851801256 0.006042308468 0
0.9329430368 0.2764216924 0.004580750311 -0.02090567429 0.2197127632 0.4394418499 -0.002757807494 0.058357597 0.2457950547 -0.9923306472 -0.07130784716 -0.1009706763 0.0368463073 0.6090689849 -0.7922608921 0.1179925259 -0.7899051605 -0.6017703892 0.0001888344489 0.006092397913 0
0.9396545607 0.2784102498 0.004613703893 -0.02119302039 0.2210372948 0.4384720362 -0.002797140454 0.05876020238 0.2456638017 -0.9921144735 -0.07274891874 -0.1020610907 0.03760945758 0.6039815954 -0.796110395 0.1195591908 -0.7936711077 -0.5964828352 0.0001920712048 0.006136226178 0
0.9473248738 0.2806828869 0.00465136513 -0.02152343779 0.2225445953 0.4373568538 -0.002842420499 0.0592198744 0.2455127045 -0.9918620422 -0.07441658926 -0.1033046976 0.03849345375 0.5981414959 -0.8004654926 0.1213587382 -0.7979278928 -0.5904092941 0.000195815529 0.006186315623 0
0.9540363977 0.2826714443 0.004684318713 -0.02181431276 0.2238578067 0.4363751299 -0.002882327285 0.05962169229 0.2453795386 -0.9916364019 -0.07589396148 -0.1043903878 0.03927733366 0.5930090424 -0.8042372577 0.1229411954 -0.8016111166 -0.5850684406 0.0001991316333 0.006230143888 0
0.9617067108 0.2849440813 0.00472197995 -0.02214874121 0.2253520936 0.4352464099 -0.00292826235 0.06008045784 0.2452262579 -0.9913730133 -0.0776031633 -0.10562811 0.04018510609 0.5871182165 -0.8085031584 0.1247585902 -0.8057728892 -0.5789346641 0.0002029673274 0.006280233333 0
0.9693770238 0.2872167184 0.004759641187 -0.02248529083 0.2268393779 0.4341105308 -0.002974546116 0.06053873466 0.2450718149 -0.9911036674 -0.0793345466 -0.1068622954 0.04110562705 0.5812009732 -0.8127212045 0.1265853383 -0.809883608 -0.5727693197 0.0002068523158 0.006330322779 0
0.9760885478 0.2892052758 0.00479259477 -0.02278150182 0.2281349737 0.4331107975 -0.003015330099 0.06093932308 0.244935725 -0.9908630408 -0.08086771668 -0.107939088 0.0419215766 0.5760020646 -0.8163725884 0.1281913247 -0.8134384021 -0.567349055 0.0002102924276 0.006374151043 0
0.9837588608 0.2914779129 0.004830256007 -0.02312199445 0.2296090132 0.4319616104 -0.003062266456 0.06139667364 0.2447791068 -0.990582312 -0.08264073516 -0.1091658927 0.04286612321 0.5700364893 -0.8205003939 0.130035298 -0.8174526957 -0.5611255755 0.0002142709078 0.006424240489 0
0.9904703848 0.2934664703 0.004863209589 -0.02342163593 0.2308929548 0.4309502989 -0.003103620753 0.06179644596 0.244641116 -0.9903316034 -0.08421035601 -0.1102357988 0.04370316291 0.5647959781 -0.8240725312 0.1316561771 -0.8209227242 -0.5556550476 0.0002177934353 0.006468068754 0
0.9981406978 0.2957391074 0.004900870826 -0.02376602656 0.2323536012 0.4297879559 -0.003151208088 0.06225285741 0.244482328 -0.9900392126 -0.08602504978 -0.1114542429 0.04467188791 0.5587836457 -0.8281094491 0.1335169648 -0.8248396984 -0.5493748193 0.0002218668056 0.006518158199 0
1.005811011 0.2980117444 0.004938532063 -0.02411247755 0.2338070448 0.4286186589 -0.003199141944 0.06270876276 0.2443223851 -0.989740488 -0.08786197921 -0.112667826 0.04565356779 0.5527470236 -0.8320976383 0.1353865509 -0.8287044108 -0.543064896 0.0002259913597 0.006568247644 0
