0.0106 0.00795 0 -7.162887123e-06 0.002702960455 0.5099904495 -9.01656967e-07 0.0006739510984 0.2549988111 -0.9999999991 -2.92599747e-07 -4.171368436e-05 1.473580111e-07 0.9999443821 -0.01054669447 4.171445029e-05 -0.01054669447 -0.9999443812 5.834051943e-08 0
0.0202 0.01515 0 -2.601172078e-05 0.005150726332 0.5099653177 -3.293440684e-06 0.001286832962 0.2549956569 -0.9999999885 -2.028606232e-06 -0.0001514718052 1.015915038e-06 0.9997980372 -0.0200968857 0.0001514819822 -0.02009688562 -0.9997980257 5.575681257e-08 0
0.0306 0.02295 0 -5.968858343e-05 0.00780204869 0.5099204152 -7.578382349e-06 0.001951142847 0.2549900059 -0.9999999396 -7.05341931e-06 -0.0003475397386 3.528837703e-06 0.9995366065 -0.03043965083 0.0003475933945 -0.03043965021 -0.999536546 4.400416375e-08 0
0.0402 0.03015 0 -0.0001030095439 0.01024884315 0.5098626539 -1.309436695e-05 0.002564220925 0.2549827313 -0.9999998201 -1.599162543e-05 -0.0005996902089 7.998180299e-06 0.9992003866 -0.03998233891 0.0005998500711 -0.03998233651 -0.9992002066 1.999334742e-07 0
0.0506 0.03795 0 -0.0001631903039 0.01289869897 0.5097824129 -2.075924646e-05 0.00322822372 0.2549726226 -0.9999995484 -3.188595838e-05 -0.0009498506753 1.594501095e-05 0.9987334596 -0.05031377932 0.0009502519542 -0.05031377175 -0.9987330081 4.296158854e-07 0
0.0602 0.04515 0 -0.000230967147 0.01534375753 0.5096920438 -2.93931879e-05 0.003841015082 0.2549612359 -0.9999990953 -5.368460524e-05 -0.001344037831 2.684297847e-05 0.9982077973 -0.05984306682 0.001344841694 -0.05984304876 -0.9982068928 6.939506533e-07 0
0.0706 0.05295 0 -0.0003176292389 0.01799131899 0.5095764943 -4.043473813e-05 0.004504738937 0.254946674 -0.9999982891 -8.656776595e-05 -0.001847796941 4.328113778e-05 0.9975359749 -0.07015680223 0.00184931724 -0.07015676217 -0.9975342644 1.03567669e-06 0
0.0802 0.06015 0 -0.0004098365516 0.02043387792 0.5094535513 -5.218486076e-05 0.005117286598 0.2549311776 -0.9999971515 -0.0001268634507 -0.002383464821 6.342299747e-05 0.9968215464 -0.07966680953 0.002385995895 -0.07966673376 -0.9968186989 1.401954343e-06 0
0.0906 0.06795 0 -0.0005229474825 0.02307831814 0.5093027367 -6.660154008e-05 0.0057807464 0.2549121645 -0.9999953621 -0.000182826154 -0.003040112116 9.139329783e-05 0.9959456927 -0.08995648321 0.003044232966 -0.08995634385 -0.9959410569 1.854001399e-06 0
0.1002 0.07515 0 -0.0006395506943 0.02551761472 0.5091472657 -8.146647516e-05 0.006393041669 0.2548925602 -0.9999930632 -0.0002472243409 -0.003716505315 0.0001235762338 0.9950434168 -0.09944135635 0.003722668471 -0.09944112582 -0.9950364839 2.322658562e-06 0
0.1106 0.08295 0 -0.0007790680584 0.02815810813 0.5089612426 -9.925673429e-05 0.007056212763 0.2548690979 -0.9999897064 -0.0003323184536 -0.004525114856 0.0001660969238 0.9939646579 -0.1097006436 0.004534259788 -0.109700266 -0.9939543713 2.886630963e-06 0
0.1202 0.09015 0 -0.0009200234564 0.03059338102 0.5087733021 -0.0001172349436 0.00766822411 0.2548453877 -0.9999856444 -0.0004263840344 -0.005341279674 0.0002130945554 0.9928756946 -0.1191545621 0.00535403237 -0.1191539897 -0.9928613504 3.459798731e-06 0
0.1306 0.09795 0 -0.001085894954 0.0332291037 0.5085521401 -0.0001383969752 0.008331066373 0.2548174786 -0.9999800009 -0.000546612382 -0.006300711454 0.0002731554012 0.991595417 -0.1293771786 0.006318475769 -0.1293763123 -0.9915754367 4.138506673e-06 0
0.1402 0.10515 0 -0.001251149703 0.03565959322 0.5083318004 -0.0001594866498 0.008942753166 0.254789665 -0.9999734501 -0.000675860301 -0.007255497359 0.0003377123402 0.9903211654 -0.1387943631 0.0072790782 -0.1387931284 -0.9902946443 4.819149876e-06 0
0.1506 0.11295 0 -0.001443313164 0.03828972322 0.5080755824 -0.0001840183356 0.00960522 0.2547573119 -0.9999646674 -0.0008371665527 -0.008364399046 0.0004182687535 0.9888410138 -0.1489740734 0.008395776943 -0.1489723083 -0.9888057252 5.616150178e-06 0
0.1602 0.12015 0 -0.00163280533 0.0407146717 0.5078229262 -0.0002082173708 0.01021653759 0.2547253976 -0.9999547796 -0.001007052511 -0.00945646043 0.0005030952083 0.9873831103 -0.1583487934 0.009496614862 -0.1583463903 -0.9873379538 6.407839636e-06 0
0.1706 0.12795 0 -0.00185118874 0.04333838942 0.5075317483 -0.0002361162672 0.01087857939 0.2546886038 -0.9999418727 -0.001215311158 -0.01071326943 0.0006070624302 0.9857049847 -0.168479419 0.010764878 -0.1684761294 -0.9856469506 7.327289588e-06 0
0.1802 0.13515 0 -0.002064847317 0.04575704148 0.5072468702 -0.0002634222551 0.01148948117 0.2546525919 -0.9999276786 -0.001431222413 -0.01194106767 0.0007148288667 0.9840653003 -0.1778060004 0.01200527028 -0.1778016771 -0.9839931083 8.23411477e-06 0
0.1906 0.14295 0 -0.002309368854 0.04837352997 0.5069208415 -0.0002946855877 0.01215104682 0.254611361 -0.9999095327 -0.001692228858 -0.01334401353 0.0008450762176 0.9821913535 -0.1878814281 0.01342431309 -0.1878757076 -0.9821010673 9.280704751e-06 0
0.2002 0.15015 0 -0.002547113796 0.05078513286 0.5066038483 -0.0003250958144 0.01276148517 0.2545712552 -0.9998899436 -0.001959475129 -0.01470581932 0.0009784080844 0.9803719907 -0.1971542607 0.01480349224 -0.197146951 -0.9802621774 1.030722563e-05 0
0.2106 0.15795 0 -0.002817681861 0.05339357819 0.5062430909 -0.000359720477 0.01342252273 0.2545255913 -0.9998653153 -0.002278935901 -0.01625292642 0.001137753289 0.9783046247 -0.2071684504 0.0163724367 -0.2071590398 -0.9781702692 1.148613559e-05 0
0.2202 0.16515 0 -0.00307942412 0.05579738211 0.5058941012 -0.0003932319213 0.01403244947 0.2544813956 -0.9998391251 -0.002602740401 -0.01774682245 0.001299225816 0.9763079145 -0.2163819956 0.01788954937 -0.2163702423 -0.9761474695 1.263734722e-05 0
0.2306 0.17295 0 -0.003375937382 0.0583969737 0.5054987502 -0.0004312144747 0.01469290655 0.2544313033 -0.9998066451 -0.002986263508 -0.01943591301 0.001490429411 0.9740497767 -0.2263289885 0.01960742473 -0.2263141946 -0.9738569886 1.395421142e-05 0
0.2402 0.18015 0 -0.003661578943 0.06079223207 0.5051178947 -0.0004678238085 0.01530227319 0.254383022 -0.9997725322 -0.003371754112 -0.02105979685 0.001682562494 0.9718782749 -0.235477786 0.02126153222 -0.2354596568 -0.9716515308 1.523551318e-05 0
0.2506 0.18795 0 -0.003983926381 0.06338216302 0.5046880982 -0.0005091604807 0.01596209714 0.2543285063 -0.9997307075 -0.003824839559 -0.02288849429 0.001908322332 0.9694322542 -0.2453517126 0.02312727555 -0.2453293198 -0.9691638943 1.669638817e-05 0
0.2602 0.19515 0 -0.004293360311 0.06576813282 0.5042755196 -0.0005488640685 0.01657085502 0.2542761443 -0.9996872377 -0.004277040124 -0.02464008163 0.002133575499 0.9670887371 -0.254430388 0.0249173544 -0.2544033833 -0.9667771429 1.811355508e-05 0
0.2706 0.20295 0 -0.004641421269 0.06834760026 0.5038114383 -0.0005935507546 0.01722999308 0.2542172105 -0.9996344542 -0.004805070592 -0.02660581416 0.002396521355 0.9644579591 -0.2642254753 0.02692981129 -0.2641926502 -0.9640938901 1.97248893e-05 0
0.2802 0.21015 0 -0.004974531759 0.07072354236 0.503367291 -0.0006363446539 0.01783809344 0.254160773 -0.9995800828 -0.005328892441 -0.02848264231 0.00265728884 0.9619454197 -0.2732287472 0.02885475391 -0.2731897004 -0.9615273219 2.128404448e-05 0
0.2906 0.21795 0 -0.005348175993 0.07329174776 0.5028690987 -0.0006843769167 0.01849649277 0.254097427 -0.9995146083 -0.00593712416 -0.03058264689 0.002959977123 0.959133242 -0.2829393267 0.03101267917 -0.2828925143 -0.958650113 2.305264897e-05 0
0.3002 0.22515 0 -0.005704838417 0.07565692717 0.5023935488 -0.0007302568783 0.01910388684 0.2540369196 -0.999447683 -0.006537357746 -0.03258207849 0.003258583044 0.9564548849 -0.2918620132 0.03307129453 -0.2918069843 -0.9559053161 2.476023713e-05 0
0.3106 0.23295 0 -0.006103926157 0.07821307669 0.5018614318 -0.0007816299485 0.01976149459 0.2539691677 -0.9993676705 -0.007230911568 -0.03481340503 0.003603491638 0.9534648919 -0.3014825281 0.03537335296 -0.3014173416 -0.9528359313 2.669325736e-05 0
0.3202 0.24015 0 -0.00648400712 0.08056676293 0.5013546572 -0.0008305914166 0.02036813359 0.2539045964 -0.9992864342 -0.007912218332 -0.03693263214 0.003942185286 0.9506241285 -0.3103195539 0.03756436731 -0.3102437158 -0.9499146041 2.855601928e-05 0
0.3306 0.24795 0 -0.006908389132 0.08311006774 0.5007888145 -0.0008853001931 0.02102489694 0.2538324454 -0.9991899246 -0.008696071015 -0.03929214801 0.004331708514 0.9474601256 -0.3198445663 0.04000913455 -0.3197556703 -0.9466549427 3.066090812e-05 0
0.3402 0.25515 0 -0.007311746534 0.08545153507 0.5002510046 -0.0009373383062 0.02163073213 0.2537638166 -0.9990925187 -0.009462975445 -0.04152819635 0.004712659769 0.9444605687 -0.3285909692 0.04233119221 -0.3284884874 -0.9435588926 3.268585629e-05 0
0.3506 0.26295 0 -0.007761264187 0.0879812117 0.4996516478 -0.0009953773567 0.0222865983 0.2536872737 -0.9989774451 -0.01034195117 -0.04401259113 0.005149103493 0.9411265767 -0.3380151672 0.04491715558 -0.3378961536 -0.9401109714 3.497034828e-05 0
0.3602 0.27015 0 -0.008187747285 0.09030973949 0.4990830036 -0.001050486948 0.02289158098 0.2536145943 -0.9988619129 -0.01119883308 -0.04636232463 0.005574398368 0.9379720348 -0.3466661044 0.04736881981 -0.3465300103 -0.9368421142 3.716474382e-05 0
0.3706 0.27795 0 -0.008662232619 0.0928250101 0.4984503565 -0.001111850509 0.02354649726 0.253533667 -0.9987261035 -0.01217759521 -0.04896811524 0.006059975236 0.9344722834 -0.3559843089 0.05009437928 -0.3558275673 -0.9332080666 3.963683088e-05 0
0.3802 0.28515 0 -0.009111682094 0.09513988309 0.4978510905 -0.001170026106 0.0241505788 0.2534569441 -0.9985903934 -0.01312868226 -0.05142824082 0.00653161156 0.9311667551 -0.3645350632 0.05267413314 -0.3643571215 -0.9297684248 4.20081618e-05 0
0.3906 0.29295 0 -0.009610957898 0.09763997586 0.4971853895 -0.001234708086 0.02480449255 0.2533716406 -0.998431576 -0.01421172536 -0.05415177673 0.007068436405 0.9275056762 -0.3737422345 0.05553760229 -0.3735388166 -0.9259504993 4.467607043e-05 0
0.4002 0.30015 0 -0.01008320593 0.09994048444 0.4965557254 -0.001295943911 0.02540762441 0.2532908819 -0.9982735454 -0.01526108579 -0.05671884933 0.007588319645 0.9240533434 -0.3821882206 0.05824384958 -0.3819587907 -0.9223422012 4.723203127e-05 0
0.4106 0.30795 0 -0.01060708581 0.1024246338 0.4958572189 -0.001363937886 0.02606048308 0.2532012106 -0.9980893511 -0.01645272789 -0.05955631821 0.008178405046 0.9202355644 -0.3912794649 0.06124345667 -0.3910189429 -0.9183427602 5.010420134e-05 0
0.4202 0.31515 0 -0.01110195615 0.1047100744 0.4951973918 -0.00142822786 0.0266626168 0.2531164241 -0.9979067702 -0.01760426352 -0.06222674604 0.00874834429 0.9166407864 -0.3996162348 0.06407452293 -0.3993241272 -0.9145680385 5.285267437e-05 0
0.4306 0.32295 0 -0.01165024464 0.1071775215 0.4944663405 -0.001499527079 0.02731436794 0.2530223939 -0.9976947377 -0.01890863872 -0.06517417951 0.009393596294 0.912671123 -0.4085868103 0.06720841199 -0.4082571305 -0.9103895566 5.593773944e-05 0
0.4402 0.33015 0 -0.01216755267 0.1094471967 0.4937765964 -0.001566864818 0.02791545516 0.2529335881 -0.9974852936 -0.02016607825 -0.06794422952 0.01001530038 0.9089384293 -0.4168100593 0.07016254553 -0.4164423862 -0.9064507467 5.888677719e-05 0
0.4506 0.33795 0 -0.0127400453 0.1118971895 0.4930132729 -0.001641462199 0.02856604644 0.2528352083 -0.9972428739 -0.02158712952 -0.07099750924 0.01071751441 0.9048218777 -0.4256553823 0.07342877749 -0.4252427135 -0.9020958093 6.219354649e-05 0
0.4602 0.34515 0 -0.01327959814 0.1141504084 0.4922938691 -0.001711841016 0.02916603891 0.252742392 -0.9970041745 -0.02295402205 -0.0738633128 0.01139258823 0.9009559611 -0.4337609539 0.07650415048 -0.4333029761 -0.8979953485 6.535135583e-05 0
0.4706 0.35295 0 -0.01387608151 0.1165822023 0.491498558 -0.001789729154 0.0298154181 0.2526396724 -0.996728735 -0.02449549443 -0.07701817672 0.01215344516 0.8966976906 -0.4424766043 0.0799007044 -0.4419651823 -0.8934666502 6.888879768e-05 0
0.4802 0.36015 0 -0.01443767812 0.118818281 0.4907497625 -0.00186314206 0.03041426767 0.2525428548 -0.9964583135 -0.02597520331 -0.07997573553 0.01288338612 0.8927033997 -0.4504604962 0.08309541397 -0.4498954646 -0.8892070755 7.226372521e-05 0
0.4906 0.36795 0 -0.01505793002 0.1212311386 0.48992276 -0.001944313218 0.03106238269 0.2524358057 -0.9961471433 -0.02764063737 -0.08322778438 0.01370444855 0.8883087445 -0.459042223 0.08662018827 -0.45841419 -0.8845074185 7.604095195e-05 0
0.5002 0.37515 0 -0.01564136124 0.1234494002 0.4891448517 -0.002020752924 0.03166004133 0.2523349964 -0.9958424626 -0.02923633428 -0.08627297654 0.01449064325 0.8841910763 -0.466900591 0.08993225774 -0.4662095852 -0.8800913655 7.964147076e-05 0
0.5106 0.38295 0 -0.01628515074 0.1258425923 0.4882864657 -0.002105199043 0.03230684022 0.2522236284 -0.9954927769 -0.03102905995 -0.08961768052 0.01537335197 0.8796655271 -0.4753443178 0.09358307151 -0.474579559 -0.8752236576 8.366772512e-05 0
0.5202 0.39015 0 -0.01689019943 0.1280423673 0.4874797341 -0.002184657957 0.03290326004 0.2521188375 -0.9951512342 -0.03274371938 -0.09274626682 0.01621707297 0.8754296193 -0.4830734811 0.09701045157 -0.4822352439 -0.8706538588 8.750242281e-05 0
0.5306 0.39795 0 -0.01755728698 0.1304151727 0.486590284 -0.002272370651 0.03354869099 0.2520031615 -0.9947601795 -0.03466685002 -0.09617897252 0.01716274362 0.8707788148 -0.4913753107 0.1007850459 -0.4904512873 -0.8656211119 9.178706555e-05 0
0.5402 0.40515 0 -0.01818372807 0.1325957992 0.4857550292 -0.002354840882 0.03414382422 0.2518943994 -0.994379111 -0.03650324401 -0.09938660285 0.01806514652 0.8664299377 -0.4989717563 0.1043256159 -0.4979625249 -0.8609003947 9.586463339e-05 0
0.5506 0.41295 0 -0.01887386563 0.1349475051 0.4848348458 -0.00244581144 0.03478783555 0.2517744271 -0.9939437705 -0.03855967095 -0.1029025403 0.01907496647 0.8616596558 -0.5071279752 0.1082216553 -0.5060195543 -0.8557057228 0.0001004171322 0
0.5602 0.42015 0 -0.01952146626 0.1371083292 0.4839713783 -0.002531284798 0.03538163458 0.2516617046 -0.9935204561 -0.04052036412 -0.1061847603 0.02003708707 0.857203204 -0.5145883618 0.1118732245 -0.5133816972 -0.8508370082 0.0001047463554 0
0.5706 0.42795 0 -0.02023439738 0.1394382317 0.4830208035 -0.002625504187 0.03602417477 0.2515374478 -0.9930378548 -0.04271275147 -0.1097790502 0.02111211249 0.852319353 -0.5225954451 0.1158882984 -0.5212747274 -0.8454836254 0.0001095762748 0
0.5802 0.43515 0 -0.02090291699 0.1415786076 0.482129444 -0.002713972184 0.03661659211 0.2514207761 -0.9925695233 -0.04480009646 -0.113131308 0.02213486423 0.8477608372 -0.5299166073 0.1196486075 -0.5284832204 -0.840469926 0.0001141660239 0
0.5906 0.44295 0 -0.02163837692 0.1438860116 0.4811488308 -0.002811431046 0.03725760981 0.2512922472 -0.992036633 -0.04713087629 -0.1167989692 0.02327601738 0.8427694461 -0.5377712224 0.1237802315 -0.5362073677 -0.8349611447 0.0001192830165 0
0.6002 0.45015 0 -0.02232756735 0.1460053022 0.4802299102 -0.002902884896 0.03784859813 0.2511716378 -0.9915204669 -0.04934700945 -0.1202166224 0.02436018891 0.8381144845 -0.544950174 0.1276469539 -0.5432577506 -0.8298055625 0.0001241422392 0
0.6106 0.45795 0 -0.02308528319 0.148289522 0.4792196224 -0.003003573552 0.03848804215 0.2510388496 -0.9909342127 -0.0518183774 -0.1239525793 0.02556825569 0.8330216943 -0.5526491845 0.1318925716 -0.5508082357 -0.8241447913 0.0001295560376 0
0.6202 0.46515 0 -0.0237948888 0.1503870987 0.4782734816 -0.003098004173 0.03907755427 0.2509143146 -0.9903673534 -0.05416521491 -0.1274309019 0.02671450869 0.8282760035 -0.559683122 0.1358633147 -0.5576961462 -0.8188505164 0.0001346937524 0
0.6306 0.47295 0 -0.0245745796 0.1526474582 0.4772338939 -0.003201912623 0.0397153736 0.2507772802 -0.9897246182 -0.05677912607 -0.1312299925 0.02799013634 0.8230880573 -0.567223591 0.1402202993 -0.5650682975 -0.8130412578 0.0001404141619 0
0.6402 0.48015 0 -0.02530433738 0.1547227014 0.4762608835 -0.003299310637 0.04030336252 0.2506488319 -0.9891041714 -0.05925836033 -0.1347641821 0.02919900358 0.8182574439 -0.5741098969 0.1442926063 -0.5717894737 -0.807611566 0.0001458394511 0
0.6506 0.48795 0 -0.02610571426 0.1569585345 0.475192381 -0.003406428562 0.04093950631 0.250507565 -0.9884018024 -0.06201652561 -0.1386211654 0.03054269865 0.812980677 -0.5814890905 0.1487582619 -0.5789787297 -0.8016574144 0.0001518763436 0
0.6602 0.49515 0 -0.02685535394 0.1590108337 0.4741928614 -0.003506784295 0.04152592517 0.2503752161 -0.9877248432 -0.06462962205 -0.1422063506 0.03181458216 0.8080710283 -0.5882253357 0.1529296131 -0.585529013 -0.7960956653 0.0001575983484 0
0.6706 0.50295 0 -0.02767812024 0.1612214842 0.4730958397 -0.003617101056 0.04216034278 0.2502297307 -0.9869596573 -0.06753350486 -0.1461159147 0.03322670875 0.8027118587 -0.5954407256 0.1575011766 -0.5925309254 -0.7900003049 0.0001639616564 0
0.6802 0.51015 0 -0.02844736442 0.1632502387 0.4720701808 -0.003720404542 0.04274514492 0.2500934944 -0.9862232354 -0.07028169908 -0.1497471625 0.0345618783 0.7977291338 -0.602024672 0.161768991 -0.5989062631 -0.7843099398 0.0001699895715 0
0.6906 0.51795 0 -0.0292912158 0.1654350609 0.4709450456 -0.003833909183 0.04337778587 0.2499438049 -0.9853920254 -0.07333251245 -0.1537039328 0.03604265647 0.792294052 -0.6090739381 0.1664436339 -0.6057164996 -0.778077142 0.0001766892831 0
0.7002 0.52515 0 -0.03007978008 0.1674396795 0.4698936266 -0.00394015016 0.0439609248 0.2498036947 -0.984593171 -0.07621680772 -0.1573762556 0.03744124824 0.787244272 -0.6155035411 0.1708052708 -0.6119129468 -0.7722616817 0.0001830323524 0
0.7106 0.53295 0 -0.03094440469 0.1695980382 0.4687407937 -0.004056831408 0.04459173882 0.249649816 -0.9836927109 -0.0794155118 -0.161374803 0.03899075265 0.7817398311 -0.6223845738 0.1755801007 -0.6185272936 -0.7658953031 0.000190078507 0
0.7202 0.54015 0 -0.03175199776 0.1715779397 0.467664003 -0.004165999326 0.04517316823 0.2495058459 -0.9828284399 -0.08243667696 -0.1650831667 0.04045276809 0.7766290704 -0.6286579837 0.1800328615 -0.6245410165 -0.7599583459 0.0001967460196 0
0.7306 0.54795 0 -0.03263707635 0.1737092108 0.4664838982 -0.004285845592 0.04580210526 0.2493477933 -0.9818554915 -0.08578397693 -0.1691180152 0.04207092699 0.7710618758 -0.6353688856 0.1849049239 -0.6309553812 -0.7534623256 0.0002041487032 0
0.7402 0.55515 0 -0.03346340016 0.1756638242 0.4653821331 -0.004397929608 0.04638177903 0.2491999774 -0.9809228111 -0.08894254462 -0.1728573468 0.04359623196 0.7658962523 -0.6414844497 0.1894460534 -0.6367826587 -0.747407545 0.0002111499898 0
0.7506 0.56295 0 -0.03436860623 0.1777673947 0.4641751917 -0.004520928989 0.04700878922 0.2490377665 -0.9798741297 -0.09243888899 -0.1769229824 0.04528282627 0.7602729513 -0.6480235375 0.1944123338 -0.6429930725 -0.7407859024 0.000218919332 0
0.7602 0.57015 0 -0.03521335611 0.1796961592 0.4630488585 -0.004635917971 0.04758666142 0.2488861197 -0.9788700439 -0.0957351543 -0.1806881772 0.04687115032 0.755058617 -0.653979801 0.1990390224 -0.6486302992 -0.7346170448 0.0002262637618 0
0.7706 0.57795 0 -0.03613835606 0.1817714275 0.4618155253 -0.00476205825 0.04821169511 0.2487197666 -0.9777423844 -0.09938073364 -0.1847790561 0.04862581307 0.7493858889 -0.6603456063 0.204096448 -0.6546329195 -0.7278738769 0.0002344099319 0
0.7802 0.58515 0 -0.03700122084 0.1836737933 0.4606650389 -0.004879940776 0.04878772002 0.2485643038 -0.9766638995 -0.1028147531 -0.1885649858 0.05027674907 0.7441290203 -0.6661413136 0.2088058328 -0.6600766074 -0.7215947592 0.0002421069093 0
0.7906 0.59295 0 -0.03794567411 0.1857201694 0.4594057679 -0.005009209425 0.0494107278 0.248393825 -0.9754540225 -0.1066094992 -0.1926755425 0.05209896502 0.7384135657 -0.6723325842 0.2139512745 -0.6658677201 -0.7147342384 0.0002506401137 0
0.8002 0.60015 0 -0.03882633627 0.1875955972 0.4582315516 -0.005129973788 0.0499848599 0.2482345617 -0.9742981531 -0.1101810902 -0.1964770627 0.05381196889 0.7331203543 -0.6779666793 0.2187404417 -0.6711145011 -0.7083487458 0.0002586990761 0
0.8106 0.60795 0 -0.0397898955 0.1896125031 0.456946806 -0.005262357967 0.05060579257 0.2480599741 -0.9730028308 -0.1141246755 -0.2006017189 0.05570107443 0.7273688848 -0.6839823797 0.2239707157 -0.676690523 -0.7013751169 0.0002676295552 0
0.8202 0.61515 0 -0.04068803131 0.1914604649 0.4557492916 -0.005385992172 0.05117798655 0.247896926 -0.9717666051 -0.117833416 -0.204413677 0.05747546516 0.7220455273 -0.6894540068 0.228836702 -0.6817371507 -0.6948872004 0.0002760599702 0
0.8306 0.62295 0 -0.04167034249 0.1934473345 0.4544395433 -0.005521478733 0.05179679513 0.247718247 -0.9703826277 -0.1219252537 -0.2085468492 0.05943064845 0.7162647552 -0.6952933183 0.2341485721 -0.6870946318 -0.6878047784 0.0002853979961 0
0.8402 0.63015 0 -0.04258562215 0.1952673135 0.4532191705 -0.0056479705 0.0523670059 0.2475514303 -0.9690630929 -0.1257704825 -0.2123640922 0.06126560834 0.7109174443 -0.7006018218 0.2390883669 -0.6919379836 -0.6812184522 0.0002942093592 0
0.8506 0.63795 0 -0.04358632476 0.1972235931 0.4518849003 -0.005786545986 0.05298364166 0.2473686776 -0.9675872746 -0.1300097269 -0.2165002009 0.06328590968 0.705114072 -0.7062641426 0.2444785465 -0.6970736091 -0.6740316193 0.0003039652332 0
0.8602 0.64515 0 -0.04451841255 0.199015084 0.4506421166 -0.005915882751 0.05355182435 0.2471981088 -0.966181503 -0.133990544 -0.220317583 0.06518048481 0.6997489864 -0.7114090668 0.2494890932 -0.7017106883 -0.6673509588 0.0003131670662 0
0.8706 0.65295 0 -0.04553713974 0.2009402324 0.4492838137 -0.006057533398 0.05416623881 0.2470113004 -0.9646106877 -0.138376091 -0.2244510605 0.06726479726 0.6939296962 -0.7168940115 0.2549542472 -0.7066212805 -0.6600641618 0.0003233511166 0
0.8802 0.66015 0 -0.04648569415 0.2027027416 0.4480190745 -0.006189702315 0.05473234876 0.2468369965 -0.9631157821 -0.1424913586 -0.2282634507 0.06921789818 0.6885529915 -0.7218751003 0.2600324457 -0.7110492181 -0.6532933006 0.0003329529648 0
0.8906 0.66795 0 -0.04752207291 0.2045962306 0.4466372361 -0.006334414054 0.05534449367 0.246646151 -0.9614468499 -0.1470218475 -0.23238875 0.07136496845 0.6827244352 -0.727182499 0.2655691926 -0.7157317388 -0.6459110481 0.0003435755448 0
0.9002 0.67515 0 -0.04848674682 0.2063292761 0.4453510042 -0.006469401997 0.05590848648 0.2464681291 -0.959859949 -0.1512701914 -0.2361910401 0.07337537109 0.6773422338 -0.7319996948 0.2707119007 -0.719947795 -0.6390541756 0.000353586976 0
0.9106 0.68295 0 -0.04954039811 0.2081905902 0.4439461359 -0.006617160455 0.05651831386 0.2462732654 -0.958089822 -0.1559440059 -0.2403026426 0.07558380062 0.6715110225 -0.7371295922 0.2763168147 -0.7243993468 -0.6315810354 0.0003646584617 0
0.9202 0.69015 0 -0.05052083893 0.2098937025 0.4426388814 -0.006754954016 0.05708014535 0.2460915433 -0.9564081061 -0.1603238169 -0.2440897548 0.07765014742 0.6661294046 -0.7417830349 0.2815208505 -0.728400913 -0.6246423942 0.0003750890637 0
0.9306 0.69795 0 -0.05159137786 0.2117223394 0.4412114962 -0.006905744517 0.05768760747 0.2458926807 -0.9545337542 -0.1651390873 -0.2481821789 0.07991839379 0.6603020983 -0.746735689 0.2871904636 -0.7326187417 -0.6170829902 0.0003866198521 0
0.9402 0.70515 0 -0.05258722767 0.2133950608 0.4398836964 -0.00704633001 0.0582472337 0.2457072764 -0.9527544505 -0.1696485235 -0.2519490731 0.0820391951 0.6549270923 -0.7512257145 0.2924526072 -0.7364033421 -0.6100668737 0.0003974792311 0
0.9506 0.71295 0 -0.05367426369 0.2151905316 0.4384343151 -0.007200137578 0.05885228308 0.2455044345 -0.9507728978 -0.1746031294 -0.2560168824 0.08436557356 0.6491101901 -0.7560015947 0.2981834114 -0.740384838 -0.6024258832 0.0004094797385 0
0.9602 0.72015 0 -0.05468515942 0.2168324172 0.4370864541 -0.007343501041 0.05940966037 0.2453153663 -0.948893286 -0.1792401185 -0.2597585641 0.08653920919 0.6437477634 -0.7603287331 0.3035004069 -0.7439501308 -0.5953366325 0.0004207775177 0
0.9706 0.72795 0 -0.05578829647 0.2185942465 0.4356156047 -0.0075003104 0.06001224983 0.2451085653 -0.946801616 -0.1843316911 -0.2637963754 0.08892189456 0.637947693 -0.764928518 0.3092888564 -0.7476928304 -0.5876187834 0.0004332581774 0
0.9802 0.73515 0 -0.05681387005 0.2202048638 0.4342481733 -0.007646437594 0.06056733473 0.2449158518 -0.9448190337 -0.1890939332 -0.2675079028 0.09114661557 0.6326037427 -0.7690934919 0.3146574139 -0.7510366098 -0.5804607848 0.000445003995 0
0.9906 0.74295 0 -0.05793270674 0.2219325899 0.432756391 -0.007806233171 0.06116741736 0.2447051122 -0.9426143953 -0.1943198589 -0.2715103943 0.09358364426 0.6268268509 -0.7735180673 0.3204999272 -0.7545381974 -0.5726708525 0.0004579752557 0
1.0002 0.75015 0 -0.05897258525 0.223511519 0.4313698863 -0.007955109583 0.06172016669 0.2445087726 -0.940526243 -0.1992048296 -0.2751868859 0.09585757503 0.6215071949 -0.7775217888 0.325916725 -0.7576583944 -0.5654485351 0.0004701787631 0
1.0106 0.75795 0 -0.06010671505 0.2252046942 0.4298577133 -0.008117875507 0.06231769584 0.2442941151 -0.9382058565 -0.2045622536 -0.2791488048 0.09834684737 0.6157597377 -0.781772245 0.331809687 -0.7609167036 -0.5575913394 0.0004836510873 0
1.0202 0.76515 0 -0.06116052091 0.2267515282 0.4284526388 -0.008269486352 0.0628680667 0.2440941689 -0.9360096029 -0.2095672076 -0.2827854464 0.1006679878 0.6104701055 -0.7856158136 0.3372713736 -0.7638113876 -0.5503091719 0.0004963219477 0
1.0306 0.77295 0 -0.06230953229 0.2284097188 0.4269206236 -0.00843520646 0.06346299602 0.2438756148 -0.9335707653 -0.2150530375 -0.286701617 0.1032072705 0.6047582386 -0.7896934419 0.3432111382 -0.7668244023 -0.5423895746 0.0005103058093 0
1.0402 0.78015 0 -0.06337688341 0.229924064 0.4254974888 -0.008589536681 0.06401094575 0.2436720816 -0.9312639527 -0.2201750123 -0.2902936692 0.1055734985 0.5995042625 -0.7933781417 0.3487143342 -0.7694917824 -0.5350520628 0.0005234536958 0
1.0506 0.78795 0 -0.06454036006 0.2315468504 0.4239461866 -0.008758194514 0.06460322919 0.2434496525 -0.9287040431 -0.2257859229 -0.2941590002 0.1081604276 0.5938340315 -0.7972844316 0.3546972262 -0.7722576384 -0.527074964 0.0005379595786 0
1.0602 0.79515 0 -0.06562087 0.2330283263 0.4225055067 -0.008915228787 0.0651487154 0.2432425525 -0.9262842918 -0.2310217432 -0.2977018052 0.1105695015 0.5886212384 -0.8008117276 0.3602385266 -0.7746960642 -0.519686648 0.0005515941724 0
1.0706 0.80295 0 -0.066798391 0.2346153034 0.4209354787 -0.009086807597 0.0657383072 0.2430162705 -0.9236007769 -0.2367541812 -0.3015112977 0.1132015852 0.5829985698 -0.8045483632 0.3662608443 -0.7772130501 -0.5116569834 0.0005666325681 0
1.0802 0.81015 0 -0.06789166914 0.2360635425 0.4194777745 -0.009246530326 0.0662812878 0.2428056241 -0.9210657909 -0.2421004632 -0.305000286 0.1156511469 0.5778323721 -0.8079198982 0.3718368204 -0.7794210129 -0.5042224346 0.0005807635567 0
1.0906 0.81795 0 -0.06908280914 0.2376143197 0.4178895878 -0.009421013076 0.0668681425 0.2425755115 -0.9182562302 -0.2479506518 -0.3087490404 0.1183257686 0.5722630643 -0.8114887539 0.3778948374 -0.7816875715 -0.4961451726 0.000596344963 0
1.1002 0.82515 0 -0.07018846088 0.2390289683 0.4164153855 -0.009583408402 0.06740857568 0.2423613396 -0.9156038014 -0.2534038085 -0.3121797378 0.1208133466 0.567148752 -0.8147063449 0.3835020393 -0.7836637053 -0.4886689911 0.0006109820385 0
1.1106 0.83295 0 -0.07139279029 0.2405431698 0.414809613 -0.009760777765 0.06799264813 0.242127419 -0.9126658524 -0.2593677535 -0.3158629613 0.1235277687 0.561638466 -0.8181094816 0.3895920074 -0.7856784342 -0.4805491295 0.0006271169566 0
1.1202 0.84015 0 -0.07251041717 0.2419238877 0.4133194438 -0.009925829563 0.06853049235 0.2419097428 -0.9098938654 -0.2649239992 -0.3192309954 0.1260507811 0.5565811985 -0.8211751153 0.3952269656 -0.7874215162 -0.4730359411 0.0006422698137 0
1.1306 0.84795 0 -0.07372750234 0.2434011522 0.4116966636 -0.01010606793 0.06911173772 0.2416720374 -0.9068252886 -0.2709974945 -0.3228440088 0.1288021481 0.5511354498 -0.8244147758 0.4013451167 -0.7891831688 -0.4648785039 0.0006589687468 0
1.1402 0.85515 0 -0.07485670228 0.2447476129 0.4101910636 -0.01027375981 0.06964695174 0.2414508783 -0.9039317252 -0.2766528509 -0.3261451153 0.1313579064 0.5461402481 -0.8273306049 0.4070043447 -0.7906921206 -0.4573329574 0.0006746470806 0
1.1506 0.86295 0 -0.07608610568 0.2461875942 0.4085518591 -0.01045684929 0.07022532551 0.2412094116 -0.9007303888 -0.2828314846 -0.3296833602 0.1341432492 0.5407643977 -0.8304092093 0.4131468932 -0.7921996071 -0.4491429919 0.0006919205313 0
1.1602 0.87015 0 -0.0772264731 0.2474994852 0.4070313692 -0.0106271646 0.07075786839 0.2409847915 -0.8977133328 -0.2885817865 -0.3329133891 0.1367289613 0.5358361366 -0.8331775476 0.4188268894 -0.793473495 -0.441569756 0.0007081340358 0
1.1706 0.87795 0 -0.07846775356 0.2489018522 0.4053763286 -0.01081308701 0.07133332638 0.2407395872 -0.8943772175 -0.2948609475 -0.3363724342 0.1395452011 0.5305353835 -0.8360976879 0.4249900348 -0.7947258826 -0.4333523298 0.000725992504 0
1.1802 0.88515 0 -0.07961887958 0.2501788746 0.4038414939 -0.01098600885 0.07186315748 0.2405115282 -0.8912348583 -0.3007018489 -0.339527356 0.1421579757 0.5256787841 -0.838721006 0.4306872849 -0.7957639186 -0.4257560905 0.0007427508691 0
1.1906 0.89295 0 -0.08087159241 0.2515433113 0.4021712101 -0.01117474573 0.07243565582 0.2402626107 -0.8877620619 -0.3070767335 -0.3429029036 0.1450019278 0.5204581568 -0.8414854413 0.4368672138 -0.7967604325 -0.417516288 0.0007612048497 0
1.2002 0.90015 0 -0.08203306502 0.2527851805 0.40062258 -0.01135025694 0.07296273482 0.2400311353 -0.8844926991 -0.3130037139 -0.345978815 0.1476387781 0.5156777796 -0.8439663612 0.4425781925 -0.7975619742 -0.4099017453 0.0007785177598 0
1.2106 0.90795 0 -0.08329676227 0.2541113862 0.3989376503 -0.01154178956 0.07353222999 0.239778529 -0.8808814406 -0.3194693332 -0.3492667072 0.1505071569 0.5105421288 -0.846578012 0.4487710812 -0.7983019979 -0.4016446649 0.0007975777399 0
1.2202 0.91515 0 -0.08446816652 0.2553178318 0.397375778 -0.0117198727 0.07405651685 0.23954366 -0.8774834878 -0.3254777043 -0.3522598368 0.1531650047 0.5058423668 -0.848919302 0.4544922551 -0.7988665495 -0.3940165302 0.0008154548711 0
1.2306 0.92295 0 -0.08574239714 0.2566055211 0.3956768038 -0.01191418205 0.07462296567 0.2392873898 -0.873732112 -0.3320288914 -0.3554560616 0.1560544276 0.5007963579 -0.8513812446 0.4606942718 -0.7993496252 -0.3857472809 0.0008351313279 0
1.2402 0.93015 0 -0.08692331529 0.2577762867 0.3941022463 -0.01209481946 0.0751444207 0.2390491504 -0.8702041006 -0.3381138042 -0.3583627754 0.1587301077 0.4961814296 -0.853585814 0.466422101 -0.7996768374 -0.3781102741 0.0008535823457 0
1.2506 0.93795 0 -0.08820762532 0.2590251898 0.3923898329 -0.01229188626 0.07570778032 0.2387892416 -0.8663110817 -0.3447452218 -0.3614634722 0.1616371003 0.4912295356 -0.8559012742 0.4726294082 -0.7999026662 -0.3698339724 0.0008738857434 0
1.2602 0.94515 0 -0.08939763709 0.2601600334 0.3908031505 -0.01247506001 0.07622636414 0.2385476552 -0.8626516643 -0.3509016738 -0.3642802785 0.1643273648 0.4867034791 -0.8579721678 0.4783603487 -0.7999923367 -0.3621928189 0.0008929203004 0
1.2706 0.95295 0 -0.09069156987 0.2613698959 0.3890779068 -0.01267486468 0.07678659208 0.2382841334 -0.85861561 -0.3576078224 -0.3672817441 0.1672483657 0.4818499742 -0.8601445149 0.4845691059 -0.7999607789 -0.3539145856 0.0009138610876 0
1.2802 0.96015 0 -0.09189025254 0.2624685901 0.3874796633 -0.0128605566 0.07730226563 0.2380392238 -0.8548235644 -0.363830665 -0.3700052986 0.1699498887 0.4774166405 -0.8620849069 0.4902996116 -0.7998128522 -0.3462740133 0.0009334888203 0
1.2906 0.96795 0 -0.09319334892 0.2636391732 0.3857422014 -0.01306307934 0.07785931975 0.2377721149 -0.8506432193 -0.3706058909 -0.3729039918 0.1728812544 0.4726655933 -0.8641176475 0.4965059772 -0.7995239274 -0.3379989707 0.0009550774272 0
1.3002 0.97515 0 -0.09440027757 0.2647015048 0.3841329632 -0.01325127099 0.07837204431 0.2375239063 -0.8467174509 -0.3768898371 -0.3755311026 0.1755906365 0.4683286413 -0.8659308356 0.5022325026 -0.7991384951 -0.330363707 0.000975307954 0
1.3106 0.98295 0 -0.09571207607 0.2658325855 0.3823838986 -0.0134564917 0.07892588285 0.2372532366 -0.8423917002 -0.3837283409 -0.3783236496 0.1785286467 0.463683909 -0.8678276066 0.5084326364 -0.7985923822 -0.3220969751 0.000997554789 0
1.3202 0.99015 0 -0.09692682373 0.2668583559 0.380764235 -0.01364716442 0.07943562003 0.2370017533 -0.838331246 -0.3900679732 -0.3808512811 0.1812424201 0.4594467995 -0.8695170059 0.5141516383 -0.7979696829 -0.3144717444 0.001018397707 0
1.3306 0.99795 0 -0.09824686079 0.2679497271 0.3790041856 -0.01385506274 0.07998620158 0.2367275494 -0.8338591183 -0.3969638187 -0.3835344802 0.1841832829 0.4549120219 -0.8712815679 0.5203417042 -0.7971667197 -0.3062184382 0.001041313154 0
1.3402 1.00515 0 -0.09946899864 0.2689387523 0.3773746685 -0.01404819761 0.08049291332 0.2364728162 -0.829663149 -0.4033535972 -0.385959758 0.1868979163 0.4507780125 -0.8728507045 0.526049644 -0.7963071387 -0.2986079585 0.001062778035 0
1.3506 1.01295 0 -0.1007968088 0.2699902225 0.375604255 -0.01425875292 0.08104019686 0.2361951051 -0.8250438199 -0.41030072 -0.3885305837 0.1898377738 0.4463566068 -0.8744869348 0.5322258119 -0.7952478222 -0.2903731846 0.00108637245 0
1.3602 1.02015 0 -0.1020259063 0.2709423331 0.3739654582 -0.01445433079 0.08154384547 0.235937147 -0.8207116431 -0.4167349909 -0.3908507979 0.1925496775 0.4423287473 -0.8759394391 0.537919158 -0.7941518914 -0.2827821649 0.00110846884 0
1.3706 1.02795 0 -0.1033610224 0.2719537267 0.3721853035 -0.0146675222 0.08208779033 0.2356559559 -0.8159444373 -0.4237272078 -0.3933064055 0.1954846112 0.438023903 -0.8774513247 0.5440776066 -0.7928368772 -0.2745710185 0.001132752547 0
1.3802 1.03515 0 -0.1045966477 0.272868768 0.3705378031 -0.01486552367 0.08258833845 0.2353947983 -0.8114754997 -0.4302002119 -0.3955190148 0.1981901421 0.4341050308 -0.8787909249 0.5497528362 -0.7915052747 -0.2670041557 0.00115548996 0
1.3906 1.04295 0 -0.1059386009 0.2738399255 0.3687485321 -0.01508133006 0.08312890437 0.2351101549 -0.8065598942 -0.4372312299 -0.3978567439 0.2011161789 0.4299197049 -0.8801825549 0.555889755 -0.7899353764 -0.2588217174 0.001180473249 0
1.4002 1.05015 0 -0.1071803207 0.2747177575 0.3670929057 -0.0152817355 0.083626315 0.2348458233 -0.8019537838 -0.4437371111 -0.3999593791 0.2038116461 0.426112441 -0.8814130703 0.5615433568 -0.7883689263 -0.2512836933 0.001203861165 0
1.4106 1.05795 0 -0.1085286412 0.275648535 0.3652951451 -0.01550013546 0.08416346208 0.2345577555 -0.7968894098 -0.4508005373 -0.4021767573 0.2067247636 0.4220493539 -0.8826886286 0.5676549486 -0.7865451153 -0.243135026 0.001229554286 0
1.4202 1.06515 0 -0.1097760211 0.2764890325 0.3636319718 -0.01570292501 0.08465769859 0.234290276 -0.7921458583 -0.4573333514 -0.404167224 0.2094064336 0.4183560986 -0.8838139625 0.5732834245 -0.7847447868 -0.2356305047 0.001253602149 0
1.4306 1.07295 0 -0.1111302377 0.2773793024 0.3618263497 -0.01592389689 0.08519138733 0.233998812 -0.7869325035 -0.4644227024 -0.4062619702 0.2123025664 0.4144177302 -0.8849777202 0.579365908 -0.7826681917 -0.2275206503 0.001280015311 0
1.4402 1.08015 0 -0.1123828425 0.2781823548 0.36015621 -0.01612905044 0.08568241345 0.2337282107 -0.7820513877 -0.4709764264 -0.4081382521 0.2149666686 0.4108406604 -0.8860018528 0.5849657754 -0.7806350989 -0.2200542752 0.001304732522 0
1.4506 1.08795 0 -0.1137424832 0.2790320054 0.3583433557 -0.01635257234 0.08621260476 0.2334333791 -0.7766889982 -0.4780851381 -0.4101082794 0.217841714 0.4070292462 -0.8870581606 0.5910153871 -0.7783070046 -0.2119882516 0.001331875886 0
1.4602 1.09515 0 -0.1149998768 0.279797517 0.356666831 -0.01656006957 0.08670038456 0.2331596826 -0.771670342 -0.484653679 -0.4118685406 0.2204844464 0.4035703118 -0.887985142 0.5965831813 -0.7760424053 -0.2045646424 0.001357271803 0
1.4706 1.10295 0 -0.1163644689 0.2806064526 0.3548473747 -0.01678611935 0.08722703974 0.2328615123 -0.7661590238 -0.4917751167 -0.4137119588 0.2233342706 0.3998878402 -0.8889384224 0.6025961781 -0.7734642525 -0.1965474403 0.00138515548 0
1.4802 1.11015 0 -0.1176262147 0.2813343425 0.353165047 -0.0169959397 0.0877115377 0.2325847473 -0.7610029995 -0.4983523209 -0.4153545463 0.2259518051 0.3965487614 -0.889772365 0.608128454 -0.7709695481 -0.1891711904 0.00141123941 0
1.4906 1.11795 0 -0.1189952852 0.2821024835 0.3513396198 -0.01722449496 0.08823461845 0.2322832676 -0.7553430199 -0.5054797891 -0.4170696645 0.2287722493 0.3929969708 -0.8906271043 0.6141011156 -0.7681429319 -0.1812077704 0.001439873456 0
1.5002 1.12515 0 -0.1202609462 0.2827926855 0.3496520717 -0.01743661764 0.08871579941 0.2320034612 -0.7500499492 -0.5120594516 -0.41859311 0.2313607375 0.389779236 -0.8913721761 0.6195944503 -0.765419666 -0.1738834438 0.001466654655 0
1.5106 1.13295 0 -0.1216340215 0.2835199681 0.3478213047 -0.01766765575 0.08923526786 0.2316987015 -0.7442417384 -0.5191862044 -0.4201784384 0.2341476242 0.3863596123 -0.8921329161 0.6255230811 -0.7623463354 -0.1659787332 0.001496049066 0
1.5202 1.14015 0 -0.1229031607 0.2841724309 0.3461291191 -0.01788205976 0.08971309704 0.2314158811 -0.7388120934 -0.5257620785 -0.42158146 0.2367032033 0.383264476 -0.8927933327 0.6309740757 -0.7593961932 -0.1587108617 0.001523536733 0
1.5306 1.14795 0 -0.1242797671 0.2848588075 0.3442936438 -0.01811555784 0.09022891572 0.2311078712 -0.7328562447 -0.5328813296 -0.4230357116 0.2394523421 0.3799782507 -0.8934646635 0.6368550075 -0.7560780499 -0.1508697515 0.001553701441 0
1.5402 1.15515 0 -0.1255519474 0.2854734945 0.3425974034 -0.01833222194 0.09070335873 0.2308220645 -0.727290649 -0.539447136 -0.4243172155 0.2419711404 0.3770067318 -0.8940446809 0.6422602892 -0.7529028567 -0.1436628319 0.001581904712 0
1.5506 1.16295 0 -0.1269316117 0.2861189335 0.3407578511 -0.01856815688 0.09121549059 0.2305108344 -0.7211879198 -0.5465520692 -0.4256393074 0.2446783346 0.3738548808 -0.8946312317 0.6480898833 -0.7493419538 -0.1358901737 0.001612849582 0
1.5602 1.17015 0 -0.1282063961 0.2866958228 0.3390581386 -0.01878705964 0.09168651343 0.2302220693 -0.7154871485 -0.5531015058 -0.4267983887 0.2471564775 0.3710077614 -0.8951351387 0.6534461079 -0.7459436743 -0.1287486655 0.001641777529 0
1.5706 1.17795 0 -0.1295886449 0.2873003085 0.3372151401 -0.01902540808 0.09219492185 0.2299076495 -0.7092384611 -0.5601852852 -0.4279874433 0.2498175302 0.3679910034 -0.8956415706 0.6592207573 -0.7421422153 -0.1210492685 0.001673512349 0
1.5802 1.18515 0 -0.1308655969 0.287839393 0.3355125374 -0.01924652784 0.09266249091 0.2296159541 -0.7034034414 -0.5667120365 -0.4290233867 0.2522511459 0.3652688282 -0.8960736814 0.6645246106 -0.7385229521 -0.1139775902 0.001703173973 0
1.5906 1.19295 0 -0.1322499578 0.2884029258 0.3336667229 -0.01948726621 0.0931671397 0.2292983753 -0.6970098823 -0.5737678171 -0.4300787323 0.2548618666 0.3623876242 -0.8965046786 0.6702407425 -0.7344832891 -0.1063562184 0.001735708454 0
1.6002 1.20015 0 -0.1335286414 0.2889042131 0.3319618114 -0.01971058109 0.09363122178 0.2290037781 -0.6910416934 -0.5802655639 -0.4309910131 0.2572470917 0.3597906996 -0.8968693251 0.6754889428 -0.7306452818 -0.09935874565 0.001766112681 0
1.6106 1.20795 0 -0.1349146424 0.2894268091 0.3301138102 -0.01995368558 0.09413207517 0.2286830711 -0.6845045142 -0.5872865018 -0.4319121842 0.2598033022 0.3570452526 -0.897229587 0.6811430203 -0.7263699143 -0.0918201147 0.00179945645 0
1.6202 1.21515 0 -0.1361946224 0.2898903215 0.3284071701 -0.0201791735 0.09459263747 0.2283856009 -0.678404387 -0.5937489308 -0.4327004678 0.262136288 0.3545736471 -0.897531111 0.6863323205 -0.7223155377 -0.08490117705 0.001830612125 0
1.6306 1.22295 0 -0.1375817924 0.2903720127 0.3265576101 -0.02042462006 0.09508966015 0.2280617971 -0.6717250034 -0.6007281937 -0.4334872052 0.264633829 0.3519639023 -0.8978253438 0.6919208454 -0.7178071111 -0.07744995138 0.00186477472 0
1.6402 1.23015 0 -0.1388626346 0.2907977872 0.3248498205 -0.02065225873 0.09554667026 0.2277614827 -0.6654943205 -0.6071490071 -0.4341513476 0.2669107469 0.3496174463 -0.8980680901 0.6970480347 -0.7135388738 -0.07061382989 0.001896690603 0
