0.004742493617 0.004556635292 -0.003815051565 -1.836830199e-06 0.001209331513 0.5099980882 -2.307628526e-07 0.0003010148742 0.2549997632 -0.9999999999 -3.321831018e-08 -1.069714216e-05 1.725917212e-08 0.9999888666 -0.004718747468 1.069717981e-05 -0.004718747468 -0.9999888666 2.3585105e-08 -0.005074018582 0
0.009732485106 0.009351069015 -0.007829200319 -7.735706434e-06 0.002481746028 0.5099919488 -9.760809453e-07 0.0006186412968 0.2549989985 -0.999999999 -2.902499656e-07 -4.504966558e-05 1.460035039e-07 0.9999531135 -0.009683531609 4.5050364e-05 -0.009683531605 -0.9999531125 6.614484856e-08 -0.01041283642 0
0.01409872766 0.01354619852 -0.01134158048 -1.623334364e-05 0.003595061026 0.5099831045 -2.055179863e-06 0.0008971943402 0.2549978911 -0.9999999955 -8.833861155e-07 -9.453427196e-05 4.427660446e-07 0.9999016119 -0.01402734919 9.453736248e-05 -0.01402734917 -0.9999016074 8.467053215e-08 -0.01508430204 0
0.01908871915 0.01834063224 -0.01535572923 -2.975738747e-05 0.004867339137 0.5099690289 -3.777594573e-06 0.001215850054 0.2549961234 -0.999999985 -2.193320073e-06 -0.0001732845065 1.097935348e-06 0.9998196532 -0.01899107954 0.0001732949087 -0.01899107945 -0.9998196382 7.483543057e-08 -0.02042311988 0
0.0234549617 0.02253576175 -0.01886810939 -4.492653478e-05 0.005980487928 0.509953241 -5.712362933e-06 0.001494750759 0.2549941377 -0.9999999658 -4.069288884e-06 -0.0002616070838 2.036057613e-06 0.9997277342 -0.02333361318 0.0002616308084 -0.02333361291 -0.9997277 4.246878279e-08 -0.02509458549 0
0.02782120425 0.02673089126 -0.02238048955 -6.320857011e-05 0.007093527091 0.5099342132 -8.045809655e-06 0.001773649353 0.2549917429 -0.9999999322 -6.791242452e-06 -0.0003680445746 3.397103088e-06 0.9996169655 -0.02767530004 0.0003680915505 -0.02767529941 -0.9996168978 1.89000082e-08 -0.0297660511 0
0.03281119574 0.03152532498 -0.0263946383 -8.791350536e-05 0.008365411438 0.5099085006 -1.120036131e-05 0.002092357887 0.2549885053 -0.9999998689 -1.113969061e-05 -0.0005118587778 5.571261637e-06 0.9994673042 -0.03263598902 0.0005119496676 -0.03263598759 -0.9994671732 9.477332993e-08 -0.03510486894 0
0.0371774383 0.03572045449 -0.02990701846 -0.000112864573 0.009478146988 0.5098825319 -1.438713336e-05 0.002371192037 0.2549852346 -0.999999784 -1.620392121e-05 -0.0006570856857 8.103121994e-06 0.9993161786 -0.03697533122 0.0006572355018 -0.03697532856 -0.9993159626 1.814484032e-07 -0.03977633456 0
0.04216742979 0.04051488821 -0.03392116722 -0.0001451899134 0.01074963083 0.509848888 -1.851643743e-05 0.002689818265 0.2549809966 -0.9999996425 -2.364143886e-05 -0.0008452042823 1.182124984e-05 0.9991204279 -0.04193292778 0.0008454522189 -0.04193292278 -0.9991200705 2.98215788e-07 -0.0451151524 0
0.04653367234 0.04471001772 -0.03743354738 -0.0001768074932 0.01186196912 0.5098159808 -2.255583486e-05 0.002968581586 0.2549768508 -0.9999994699 -3.176893806e-05 -0.001029171242 1.588402794e-05 0.9989290068 -0.04626920314 0.00102953893 -0.04626919496 -0.9989284767 4.150368706e-07 -0.04978661801 0
0.05089991489 0.04890514723 -0.04094592754 -0.00021153506 0.01297408999 0.5097798367 -2.699299292e-05 0.003247314232 0.2549722968 -0.9999992412 -4.157228999e-05 -0.001231196295 2.078419956e-05 0.9987188067 -0.05060380049 0.00123172261 -0.05060378768 -0.9987180481 5.451327916e-07 -0.05445808362 0
0.05588990638 0.05369958095 -0.04496007629 -0.0002550308722 0.01424479289 0.5097345668 -3.255100758e-05 0.003565829877 0.2549665924 -0.9999988971 -5.50289496e-05 -0.001484174777 2.750994599e-05 0.9984556075 -0.05555537004 0.001484939782 -0.0555553496 -0.9984545048 7.098102574e-07 -0.05979690146 0
0.06025614893 0.05789471046 -0.04847245645 -0.0002964200371 0.01535637924 0.5096914894 -3.78403171e-05 0.003844500565 0.2549611638 -0.9999985101 -6.895019068e-05 -0.001724843681 3.446732907e-05 0.9982052317 -0.0598858435 0.001725877127 -0.05988581373 -0.9982037421 8.677872661e-07 -0.06446836708 0
0.06524614042 0.06268914418 -0.0524866052 -0.0003475268095 0.01662641781 0.5096382981 -4.437208954e-05 0.0041629471 0.25495446 -0.999997952 -8.752281593e-05 -0.002021941667 4.37485131e-05 0.9978961731 -0.06483228904 0.002023362156 -0.06483224473 -0.9978941257 1.064156185e-06 -0.06980718492 0
0.06961238298 0.06688427369 -0.05599898536 -0.0003955733922 0.01773737611 0.5095882918 -5.051333132e-05 0.004441557975 0.254948157 -0.9999973467 -0.0001062785678 -0.002301172647 5.31203467e-05 0.9976057234 -0.06915791977 0.002303013008 -0.06915785851 -0.9976030707 1.249839876e-06 -0.07447865053 0
0.07397862553 0.0710794032 -0.05951136552 -0.0004467251503 0.01884800935 0.5095350536 -5.705207144e-05 0.004720140835 0.254941446 -0.9999966161 -0.0001275350107 -0.002598367594 6.374074785e-05 0.9972966118 -0.07348104504 0.002600714604 -0.07348096201 -0.9972932289 1.448507998e-06 -0.07915011614 0
0.07896861702 0.07587383692 -0.06352551427 -0.0005089851116 0.02011688033 0.5094702541 -6.501159258e-05 0.005038486459 0.2549332769 -0.9999956072 -0.0001550893403 -0.002959987394 7.750634066e-05 0.9969205255 -0.07841849168 0.00296303406 -0.07841837662 -0.9969161342 1.691546739e-06 -0.08448893399 0
0.08333485957 0.08006896643 -0.06703789443 -0.0005667869409 0.0212267485 0.5094100947 -7.240196318e-05 0.005317007827 0.2549256918 -0.9999945529 -0.0001822269251 -0.003295600825 9.106225039e-05 0.9965715187 -0.08273572325 0.003299378596 -0.08273557268 -0.9965660736 1.918296373e-06 -0.0891603996 0
0.08832485106 0.08486340015 -0.07105204319 -0.0006366437418 0.02249469178 0.5093373885 -8.133465447e-05 0.005635281549 0.2549165239 -0.9999931275 -0.0002169087613 -0.003701064154 0.0001083846866 0.9961499165 -0.08766602595 0.003705830277 -0.08766582461 -0.996143047 2.193683105e-06 -0.09449921744 0
0.09269109361 0.08905852966 -0.07456442335 -0.0007010898051 0.02360370155 0.5092703138 -8.95764388e-05 0.005913738297 0.254908065 -0.9999916658 -0.0002506375884 -0.004074982099 0.0001252290708 0.9957611562 -0.09197664991 0.004080761692 -0.09197639367 -0.995752826 2.448992817e-06 -0.09917068305 0
0.09705733617 0.09325365916 -0.07807680351 -0.0007686343247 0.02471227884 0.5092000142 -9.82154708e-05 0.006192163539 0.2548991984 -0.9999899827 -0.0002876844389 -0.00446673283 0.0001437282781 0.9953538973 -0.09628394669 0.004473679324 -0.09628362419 -0.9953438853 2.717827777e-06 -0.1038421487 0
0.1020473277 0.09804809289 -0.08209095226 -0.000849620181 0.02597866868 0.5091157251 -0.0001085750082 0.006510324007 0.254888566 -0.9999877608 -0.0003342835827 -0.004936246805 0.0001669942476 0.9948658537 -0.1012022991 0.004944733659 -0.1012018848 -0.9948536215 3.041808053e-06 -0.1091809665 0
0.1064135702 0.1022432224 -0.08560333242 -0.0009237991607 0.02708625087 0.5090385205 -0.0001180651049 0.00678867844 0.254878826 -0.9999855305 -0.0003789571747 -0.005366111447 0.0001892956935 0.9944190785 -0.1055019458 0.005376144319 -0.105501435 -0.994404618 3.34010503e-06 -0.1138524321 0
0.1114035617 0.1070376561 -0.08961748117 -0.001012363071 0.02835145028 0.5089463442 -0.0001293971405 0.007106755248 0.2548671955 -0.9999826235 -0.0004346739714 -0.005879102623 0.0002171058939 0.9938859747 -0.1104111506 0.005891150494 -0.1104105084 -0.99386861 3.698156675e-06 -0.11919125 0
0.1157698043 0.1112327856 -0.09312986133 -0.001093169021 0.02945794431 0.5088622423 -0.0001397380393 0.007385033988 0.2548565822 -0.9999797391 -0.0004876757519 -0.006346935314 0.0002435568747 0.9933998646 -0.1147024398 0.00636098228 -0.1147016617 -0.9933796186 4.026634944e-06 -0.1238627156 0
0.1201360468 0.1154279151 -0.09664224149 -0.001177064806 0.03056389872 0.5087749245 -0.000150475883 0.007663275635 0.2548455615 -0.9999765102 -0.0005448029276 -0.006832432899 0.0002720624085 0.9928954648 -0.1189895877 0.006848717514 -0.1189886516 -0.9928719937 4.369464174e-06 -0.1285341812 0
0.1251260383 0.1202223489 -0.1006563902 -0.001276726804 0.03182715991 0.5086711974 -0.0001632336771 0.007981219177 0.2548324677 -0.9999723646 -0.0006153368609 -0.007408871706 0.0003072518286 0.9922966696 -0.1238839181 0.007428029061 -0.1238827709 -0.992269058 4.779071211e-06 -0.133872999 0
0.1294922808 0.1244174784 -0.1041687704 -0.001367237366 0.03293188988 0.5085769951 -0.0001748218983 0.008259377397 0.2548205742 -0.999968308 -0.0006818134824 -0.007932100229 0.0003404113315 0.9917532297 -0.1281616769 0.00795406838 -0.1281603153 -0.991721567 5.153262519e-06 -0.1385444646 0
0.1344822723 0.1292119121 -0.1081829192 -0.001474453981 0.0341936987 0.5084654053 -0.0001885513745 0.008577222456 0.2548064831 -0.9999631433 -0.0007634278428 -0.008551560527 0.0003811144384 0.9911099412 -0.1330448767 0.008577106814 -0.1330432323 -0.9910731212 5.599207374e-06 -0.1438832825 0
0.1388485149 0.1334070416 -0.1116952993 -0.001571570181 0.03529711149 0.5083643278 -0.0002009896564 0.00885529172 0.2547937172 -0.999958129 -0.0008399445964 -0.009112342618 0.000419268158 0.9905276819 -0.1373125473 0.009141362542 -0.1373106184 -0.9904858553 6.005642057e-06 -0.1485547481 0
0.1438385064 0.1382014753 -0.1157094481 -0.001686330589 0.03655736202 0.5082448865 -0.0002156904397 0.009173031896 0.2547786292 -0.9999517917 -0.0009334259555 -0.009774614462 0.0004658719827 0.989840161 -0.1421838199 0.00980802402 -0.1421815191 -0.9897920076 6.488964662e-06 -0.1538935659 0
0.1482047489 0.1423966048 -0.1192218282 -0.001790042626 0.03765936503 0.5081369442 -0.0002289784428 0.009451006541 0.2547649911 -0.9999456806 -0.001020668572 -0.01037276011 0.0005093569211 0.9892193184 -0.1464407068 0.01041040211 -0.1464380357 -0.9891650647 6.928580296e-06 -0.1585650315 0
0.1525709915 0.1465917343 -0.1227342084 -0.001896829178 0.0387606785 0.508025802 -0.0002426628598 0.009728935063 0.2547509462 -0.9999390075 -0.001113149785 -0.01098827352 0.0005554441237 0.9885805555 -0.1506923246 0.01103053667 -0.1506892368 -0.9885196413 7.384016133e-06 -0.1632364972 0
0.157560983 0.1513861681 -0.1267483571 -0.002022632649 0.04001845233 0.5078948672 -0.0002587874942 0.01004650956 0.2547343969 -0.9999306504 -0.001225446558 -0.01171292578 0.0006113943503 0.98782867 -0.1555446716 0.01176097558 -0.1555410459 -0.9877594153 7.92416931e-06 -0.168575315 0
0.1619272255 0.1555812976 -0.1302607373 -0.002135999457 0.04111822049 0.5077768763 -0.0002733210934 0.01032433499 0.2547194804 -0.9999226602 -0.0013296497 -0.01236550136 0.0006633007077 0.9871516985 -0.1597844932 0.01241908307 -0.1597803376 -0.9870744704 8.414255238e-06 -0.1732467806 0
0.166917217 0.1603757313 -0.1342748861 -0.002269316777 0.04237417555 0.5076381212 -0.0002904159987 0.01064178833 0.2547019352 -0.9999127068 -0.001455727829 -0.01313238592 0.0007260893998 0.9863563005 -0.1646229669 0.01319285783 -0.1646181318 -0.9862691414 8.994608468e-06 -0.1785855985 0
0.1712834596 0.1645708608 -0.1377872662 -0.002389252401 0.04347230621 0.5075132936 -0.0003057983842 0.0109195048 0.2546861476 -0.9999032381 -0.001572324962 -0.01382180284 0.0007841429645 0.9856413946 -0.1688503074 0.01388882858 -0.1688448074 -0.9855447892 9.520405728e-06 -0.1832570641 0
0.1756497021 0.1687659903 -0.1412996464 -0.002512249372 0.04456964122 0.5073852797 -0.0003215767281 0.0111971684 0.2546699536 -0.9998930216 -0.001694934244 -0.01452833332 0.0008451763736 0.9849088843 -0.1730715903 0.01460242953 -0.1730653544 -0.9848020878 1.006324421e-05 -0.1879285297 0
0.1806396936 0.173560424 -0.1453137951 -0.002656562455 0.04582273841 0.5072350803 -0.000340093848 0.01151443186 0.2546509487 -0.9998803814 -0.001842606138 -0.01535668533 0.0009186675987 0.984050256 -0.1778883067 0.01543952822 -0.1778811356 -0.9839308525 1.070481272e-05 -0.1932673475 0
0.1850059362 0.1777555535 -0.1488261753 -0.002786110265 0.04691830103 0.5071002485 -0.0003567203562 0.01179197783 0.2546338842 -0.9998684336 -0.001978583939 -0.01609971097 0.0009863220517 0.9832802414 -0.1820961124 0.01619082013 -0.1820880341 -0.9831489232 1.128499958e-05 -0.1979388131 0
0.1899959277 0.1825499872 -0.152840324 -0.002937902647 0.04816932021 0.5069422647 -0.0003762065515 0.01210910346 0.2546138846 -0.9998537112 -0.002141910158 -0.01696962995 0.001067562392 0.9823789271 -0.1868970409 0.01707092354 -0.1868878161 -0.9822329295 1.196991345e-05 -0.203277631 0
0.1943621702 0.1867451168 -0.1563527042 -0.003073988229 0.04926301874 0.5068006284 -0.0003936807716 0.01238652585 0.2545959501 -0.999839849 -0.002291912854 -0.01774889967 0.001142155672 0.9815717199 -0.1910906963 0.0178597812 -0.1910803649 -0.9814119025 1.258861602e-05 -0.2079490966 0
0.1987284128 0.1909402463 -0.1598650844 -0.003213120112 0.05035581604 0.5066558215 -0.0004115504294 0.01266388854 0.2545776096 -0.9998250283 -0.002448683189 -0.01854499397 0.001220094555 0.980747267 -0.1952775194 0.01866612493 -0.195265978 -0.9805726764 1.322570304e-05 -0.2126205622 0
0.2037184042 0.19573468 -0.1638792331 -0.003375854221 0.05160359813 0.5064864497 -0.0004324569687 0.01298079967 0.2545561523 -0.9998068618 -0.002636316662 -0.0194753424 0.001313351103 0.9797840114 -0.2000539081 0.01960903455 -0.200040848 -0.9795913152 1.397665597e-05 -0.21795938 0
0.2080846468 0.1999298095 -0.1673916133 -0.003521503518 0.05269439719 0.5063348596 -0.0004511736331 0.01325803001 0.2545369425 -0.9997898423 -0.002808061952 -0.02030729072 0.001398686636 0.9789228502 -0.2042256034 0.02045274905 -0.2042110874 -0.9787131944 1.465403997e-05 -0.2226308457 0
0.2130746383 0.2047242432 -0.171405762 -0.003691677797 0.05393984345 0.5061577442 -0.0004730478924 0.01357478646 0.254514492 -0.9997690474 -0.003013175691 -0.02127845645 0.001500572173 0.9779178391 -0.2089843256 0.02143828864 -0.20896799 -0.9776874649 1.545176088e-05 -0.2279696635 0
0.2174408808 0.2089193727 -0.1749181422 -0.003843829817 0.05502855309 0.5059993861 -0.0004926110544 0.01385187845 0.2544944134 -0.9997496248 -0.003200534643 -0.02214597813 0.001593610578 0.9770203177 -0.2131402335 0.02231923329 -0.2131221606 -0.9767705956 1.617070018e-05 -0.2326411291 0
0.2218071234 0.2131145022 -0.1784305223 -0.003999011231 0.05611625652 0.5058378751 -0.0005125690679 0.01412890383 0.2544739296 -0.9997290084 -0.003395396392 -0.02303000134 0.001690347041 0.9761059516 -0.21728855 0.02321750213 -0.2172685953 -0.9758356957 1.690947195e-05 -0.2373125947 0
0.2267971149 0.217908936 -0.1824446711 -0.004180066506 0.0573580887 0.5056494348 -0.0005358615659 0.014445421 0.2544500234 -0.9997039246 -0.003627457843 -0.02406043627 0.001805514675 0.9750404388 -0.2220200055 0.02426526655 -0.2219977123 -0.9747452039 1.777843221e-05 -0.2426514126 0
0.2311633574 0.2221040655 -0.1859570513 -0.004341727918 0.0584435694 0.5054811795 -0.0005566652886 0.01472229922 0.2544286715 -0.9996805904 -0.003838855986 -0.02497959994 0.001910393954 0.9740902495 -0.2261515779 0.02520054807 -0.2261270638 -0.973771782 1.856066387e-05 -0.2473228782 0
0.2361533489 0.2268984992 -0.1899712 -0.004530179683 0.05968280951 0.5052850411 -0.0005809239913 0.01503864477 0.2544037737 -0.999652273 -0.004090171116 -0.02605002014 0.002035036087 0.9729840132 -0.2308635281 0.02629052448 -0.2308362634 -0.9726373568 1.948005189e-05 -0.252661696 0
0.2405195915 0.2310936287 -0.1934835802 -0.004698304795 0.06076597688 0.5051100584 -0.0006025728572 0.0153153698 0.2543815544 -0.999625996 -0.004318724768 -0.02700401477 0.002148351594 0.9719983845 -0.2349777118 0.0272626628 -0.2349478433 -0.9716255751 2.03070793e-05 -0.2573331616 0
0.244885834 0.2352887582 -0.1969959603 -0.004869440541 0.06184803378 0.5049319423 -0.0006246159231 0.01559202129 0.2543589305 -0.9995982664 -0.004555493827 -0.02797415471 0.002265702866 0.9709963527 -0.2390835619 0.02825194588 -0.2390508951 -0.9705959495 2.115547649e-05 -0.2620046272 0
0.2498758255 0.2400831919 -0.2010101091 -0.005068705918 0.06308328527 0.5047245492 -0.0006502905248 0.01590810269 0.2543325794 -0.9995647307 -0.00483631614 -0.02910256462 0.002404840014 0.9698312011 -0.2437655803 0.02940350261 -0.2437294636 -0.9693974327 2.215162496e-05 -0.2673434451 0
0.2542420681 0.2442783214 -0.2045224892 -0.005246280287 0.06416289645 0.5045397318 -0.0006731778625 0.01618459217 0.254309089 -0.9995337139 -0.005091133327 -0.0301070609 0.002531047767 0.9687943181 -0.2478531079 0.03042940275 -0.2478137399 -0.9683296968 2.304682716e-05 -0.2720149107 0
0.2592320596 0.2490727552 -0.208536638 -0.005452893956 0.0653953014 0.5043246907 -0.0006998169936 0.01650048496 0.2542817479 -0.9994962828 -0.005392924859 -0.03127454391 0.002680467083 0.9675895734 -0.2525138263 0.03162271069 -0.2524704611 -0.9670877263 2.409726448e-05 -0.2773537285 0
0.2635983021 0.2532678847 -0.2120490182 -0.005636889054 0.06647237694 0.5041331907 -0.0007235479803 0.0167768064 0.2542573916 -0.9994617343 -0.005666387833 -0.03231305903 0.002815810698 0.9665182573 -0.2565824031 0.0326850569 -0.2565352811 -0.9659820581 2.504067311e-05 -0.2820251941 0
0.2679645447 0.2574630142 -0.2155613983 -0.005823874187 0.06754823848 0.5039385787 -0.0007476724505 0.01705304736 0.2542326314 -0.9994254517 -0.005948754125 -0.03336733096 0.00295551164 0.9654310192 -0.2606419232 0.03376435105 -0.2605907894 -0.9648587509 2.600706434e-05 -0.2866966598 0
0.2729545362 0.2622574479 -0.2195755471 -0.006041227483 0.06877628299 0.5037123599 -0.0007757249065 0.01736865109 0.2542038398 -0.9993817911 -0.006282523601 -0.03459140836 0.003120580899 0.9641690876 -0.2652701122 0.03501853238 -0.2652140651 -0.9635534246 2.714005453e-05 -0.2920354776 0
0.2773207787 0.2664525774 -0.2230879272 -0.006234605935 0.06984947749 0.5035110938 -0.0008006920711 0.01764471517 0.2541782147 -0.999341604 -0.006584395491 -0.03567918406 0.003269816517 0.9630480542 -0.2693097727 0.03613401084 -0.2692491246 -0.9623924575 2.815674964e-05 -0.2967069432 0
0.2823107702 0.2712470111 -0.227102076 -0.00645925484 0.07107442295 0.5032772818 -0.0008297072216 0.01796011331 0.2541484349 -0.9992933316 -0.006940786673 -0.03694134462 0.003445934403 0.9617477553 -0.273914915 0.03742944026 -0.2738486455 -0.961044201 2.93480594e-05 -0.3020457611 0
0.2866770128 0.2754421406 -0.2306144561 -0.006659007133 0.07214486122 0.5030693819 -0.0008555164015 0.01823599449 0.2541219455 -0.9992489765 -0.007262738558 -0.03806225944 0.003604968879 0.9605933777 -0.2779341054 0.0385809171 -0.2778625836 -0.9598457675 3.041651486e-05 -0.3067172267 0
0.2916670042 0.2802365743 -0.2346286049 -0.006890929021 0.07336660583 0.5028280003 -0.0008854934572 0.01855118015 0.2540911785 -0.9991957868 -0.007642402264 -0.03936208026 0.003792433636 0.9592552347 -0.2825155077 0.0399173787 -0.282437583 -0.9584548057 3.166782013e-05 -0.3120560445 0
0.2960332468 0.2844317039 -0.2381409851 -0.007097035038 0.07443419895 0.5026134875 -0.0009121439503 0.01882687241 0.2540638256 -0.9991469927 -0.007984998609 -0.04051575883 0.003961524669 0.9580679773 -0.2865136248 0.04110466201 -0.2864297308 -0.9572191056 3.278951204e-05 -0.3167275101 0
0.3003994894 0.2886268334 -0.2416533652 -0.007306099062 0.075500434 0.5023958961 -0.0009391868094 0.01910247444 0.2540360701 -0.9990960324 -0.008337419346 -0.04168459571 0.004135395082 0.9568655385 -0.2905017037 0.04230858765 -0.2904114818 -0.9559660845 3.393655796e-05 -0.3213989757 0
0.3053894808 0.2934212671 -0.245667514 -0.007548645543 0.0767173007 0.5021434565 -0.0009705731768 0.01941733603 0.2540038565 -0.9990350607 -0.008752369207 -0.04303886125 0.004340025643 0.9554728682 -0.295047051 0.04370482493 -0.2949491383 -0.9545129094 3.527893313e-05 -0.3267377936 0
0.3097557234 0.2976163966 -0.2491798941 -0.007764032638 0.07778056079 0.5019192841 -0.0009984562779 0.0196927403 0.2539752385 -0.9989792508 -0.009126243738 -0.04423989227 0.00452431846 0.9542382537 -0.2990131864 0.04494426477 -0.2989081243 -0.9532229258 3.648141309e-05 -0.3314092592 0
0.3147457149 0.3024108303 -0.2531940429 -0.008013793185 0.07899397714 0.5016593362 -0.001030802492 0.02000737245 0.2539420397 -0.9989125729 -0.009566021598 -0.04563072332 0.004740998992 0.9528090928 -0.303533121 0.04638097249 -0.3034193861 -0.9517276299 3.788800711e-05 -0.336748077 0
0.3191119574 0.3066059598 -0.256706423 -0.008235481669 0.08005417417 0.5014286054 -0.001059525076 0.02028257295 0.2539125601 -0.998851625 -0.009961888705 -0.04686354735 0.004935955142 0.9515427984 -0.3074767295 0.04765571994 -0.3073549473 -0.950400899 3.914743986e-05 -0.3414195426 0
0.3234782 0.3108010893 -0.2602188032 -0.008460103206 0.08111291171 0.5011948219 -0.001088639153 0.02055767631 0.2538826786 -0.9987881785 -0.01036820034 -0.04811106796 0.005135967974 0.950261893 -0.3114096282 0.04894687193 -0.3112793522 -0.9490570945 4.043397464e-05 -0.3460910083 0
0.3284681915 0.3155955231 -0.264232952 -0.008720398709 0.08232108589 0.5009239093 -0.001122391542 0.0208719595 0.2538480366 -0.9987125254 -0.01084549171 -0.0495546854 0.005370810275 0.9487802538 -0.3158910958 0.05044250125 -0.3157505429 -0.9475004743 4.193791674e-05 -0.3514298261 0
0.332834434 0.3197906526 -0.2677453321 -0.008951288701 0.08337663179 0.5006836016 -0.001152343949 0.02114685027 0.2538172947 -0.9986435051 -0.01127456638 -0.05083339239 0.005581826912 0.9474684175 -0.319800627 0.05176864724 -0.3196505623 -0.9461202488 4.328365893e-05 -0.3561012917 0
0.3378244255 0.3245850863 -0.2717594809 -0.009218734966 0.08458110847 0.5004052467 -0.001187053966 0.02146088708 0.2537816697 -0.9985613084 -0.01177816649 -0.05231240942 0.005829373518 0.9459517273 -0.3242550663 0.0533041442 -0.3240935118 -0.9445221352 4.485615292e-05 -0.3614401096 0
0.3421906681 0.3287802158 -0.275271861 -0.009455870184 0.08563337548 0.500158439 -0.001217843888 0.02173555925 0.2537500681 -0.9984864089 -0.01223051565 -0.05362187694 0.006051617068 0.9446094856 -0.3281406674 0.05466506316 -0.3279684957 -0.9431057187 4.626265671e-05 -0.3661115752 0
0.3465569106 0.3329753453 -0.2787842412 -0.009695911717 0.08668408259 0.4999086066 -0.001249024364 0.02201012736 0.2537180657 -0.9984086595 -0.01269389803 -0.05494555092 0.006279174089 0.9432532379 -0.3320149112 0.05604213223 -0.3318315751 -0.9416724936 4.769805134e-05 -0.3707830408 0
0.3515469021 0.337769779 -0.2827983899 -0.009973796904 0.08788295641 0.4996193869 -0.001285137187 0.02232379039 0.2536810008 -0.9983162253 -0.01323712607 -0.05647559385 0.006545804749 0.9416862418 -0.3364285577 0.05763563696 -0.3362317661 -0.9400140067 4.93743182e-05 -0.3761218586 0
0.3559131447 0.3419649085 -0.2863107701 -0.01022004847 0.08893025735 0.4993630911 -0.00131715394 0.02259813111 0.25364814 -0.9982321373 -0.01372451217 -0.0578293863 0.006784902274 0.9403003804 -0.3402780623 0.05904714434 -0.3400688641 -0.9385449389 5.087277634e-05 -0.3807933242 0
0.3609031362 0.3467593423 -0.2903249189 -0.01050501678 0.09012518904 0.4990664993 -0.001354222015 0.02291153084 0.2536100947 -0.9981322763 -0.01429545047 -0.05939359483 0.007064839909 0.9386998551 -0.3446631254 0.0606798735 -0.3444389961 -0.9368456281 5.262201913e-05 -0.3861321421 0
0.3652693787 0.3509544718 -0.293837299 -0.01075745362 0.0911689975 0.498803766 -0.001387074176 0.02318563818 0.2535763764 -0.9980415285 -0.01480732288 -0.06077705633 0.007315682224 0.937284934 -0.3484873502 0.06212558395 -0.3482494733 -0.9353409625 5.418512427e-05 -0.3908036077 0
0.3696356213 0.3551496013 -0.2973496792 -0.01101276828 0.0922111467 0.4985380374 -0.001420315888 0.02345963455 0.2535422583 -0.9979475613 -0.01533078398 -0.06217420697 0.007572073134 0.9358566443 -0.3522995955 0.0635871737 -0.3520473098 -0.9338197701 5.577894288e-05 -0.3954750733 0
0.3746256128 0.359944035 -0.3013638279 -0.01130807314 0.09340011867 0.4982306875 -0.001458783166 0.02377263573 0.2535027768 -0.9978361358 -0.01594334525 -0.06378758343 0.007871939299 0.9342081028 -0.3566416313 0.06527693795 -0.3563720392 -0.9320610983 5.763850483e-05 -0.4008138911 0
0.3789918553 0.3641391645 -0.3048762081 -0.01156953565 0.0944386495 0.4979585603 -0.001492858966 0.02404638994 0.2534678025 -0.9977350272 -0.01649197845 -0.06521372732 0.008140360282 0.9327515856 -0.3604278209 0.06677237541 -0.3601423249 -0.9305046779 5.929931153e-05 -0.4054853568 0
0.3839818468 0.3689335982 -0.3088903568 -0.0118718517 0.09562343737 0.4976439133 -0.001532278961 0.02435911095 0.2534273431 -0.9976152491 -0.01713356801 -0.06685997053 0.008454081689 0.9310711144 -0.3647397819 0.06850068113 -0.364435208 -0.9287058931 6.123634877e-05 -0.4108241746 0
0.3883480893 0.3731287277 -0.312402737 -0.01213943579 0.0966582645 0.4973654148 -0.001567187922 0.02463261702 0.2533915137 -0.9975066634 -0.01770782555 -0.06831463584 0.008734717268 0.9295869502 -0.3684993986 0.07002971705 -0.3681773146 -0.9271145041 6.296575136e-05 -0.4154956402 0
0.3927143319 0.3773238572 -0.3159151172 -0.01240986745 0.09769133415 0.4970839527 -0.001602485367 0.02490600526 0.2533552855 -0.9973944719 -0.01829419231 -0.06978244721 0.009021113819 0.9280900857 -0.3722464403 0.07157434537 -0.3719060571 -0.9255068869 6.472771803e-05 -0.4201671058 0
0.3977043234 0.382118291 -0.3199292659 -0.01272241144 0.09886980949 0.4967586605 -0.001643300731 0.025218303 0.2533133938 -0.9972617419 -0.01897927444 -0.0714759077 0.009355526525 0.9263639986 -0.3765132351 0.07335865569 -0.3761509394 -0.9236498137 6.67817213e-05 -0.4255059237 0
0.4020705659 0.3863134205 -0.3234416461 -0.01299892505 0.09989905104 0.4964708683 -0.001679429935 0.02549143434 0.2532763118 -0.997141571 -0.01959190581 -0.07297153272 0.009654393311 0.9248403574 -0.3802329627 0.07493650679 -0.3798505897 -0.922007619 6.861465738e-05 -0.4301773893 0
0.4070605574 0.3911078542 -0.3274557948 -0.01331840406 0.1010731032 0.4961383582 -0.001721195322 0.02580343508 0.253233445 -0.9969995229 -0.02030724675 -0.07469649969 0.01000315255 0.9230840131 -0.3844682584 0.07675863649 -0.3840618707 -0.9201111842 7.075069775e-05 -0.4355162071 0
0.4114268 0.3953029837 -0.330968175 -0.01360097186 0.1020984323 0.4958442649 -0.001758155302 0.02607630357 0.2531955103 -0.9968710236 -0.02094656322 -0.07621944535 0.01031465345 0.9215342009 -0.3881601788 0.07836944739 -0.387731812 -0.9184346856 7.265623117e-05 -0.4401876727 0
0.4157930425 0.3994981132 -0.3344805551 -0.01388635527 0.1031219069 0.4955472411 -0.001795502635 0.02634904736 0.253157178 -0.9967385167 -0.02159847294 -0.0777549696 0.01063210393 0.9199723856 -0.3918389568 0.07999554799 -0.3913876795 -0.9167422738 7.45962025e-05 -0.4448591383 0
0.420783034 0.4042925469 -0.3384947039 -0.01421594742 0.104289298 0.4952042054 -0.001838659326 0.02666060019 0.2531128831 -0.9965820734 -0.0223590449 -0.07952511571 0.01100223188 0.9181729293 -0.396027048 0.081872595 -0.3955484104 -0.9147886823 7.685593916e-05 -0.4501979562 0
0.4251492766 0.4084876764 -0.3420070841 -0.01450734321 0.1053087374 0.494900924 -0.001876835951 0.02693307239 0.2530736995 -0.9964407168 -0.02303823249 -0.08108722273 0.01133254122 0.9165858488 -0.399677314 0.08353125975 -0.3991736735 -0.9130623785 7.887090826e-05 -0.4548694218 0
0.4301392681 0.4132821102 -0.3460212328 -0.01484379004 0.1064714692 0.494550754 -0.001920939815 0.02724431145 0.2530284323 -0.9962739537 -0.0238302025 -0.08288745715 0.01171744763 0.9147578761 -0.4038325514 0.08544536573 -0.4032990821 -0.9110702168 8.121729562e-05 -0.4602082396 0
0.4345055106 0.4174772397 -0.349533613 -0.01514116897 0.1074867901 0.4942412454 -0.001959944693 0.02751650614 0.2529883986 -0.996123386 -0.02453705546 -0.08447563404 0.01206075823 0.9131461593 -0.4074538377 0.08713631819 -0.4068931367 -0.9093103086 8.330890717e-05 -0.4648797052 0
0.4394955021 0.4222716734 -0.3535477617 -0.0154844367 0.1086447678 0.4938839763 -0.002004994529 0.02782742463 0.2529421604 -0.9959458874 -0.02536085855 -0.08630536619 0.01246060077 0.9112903942 -0.4115756927 0.0890871641 -0.4109825353 -0.9072799088 8.57438283e-05 -0.4702185231 0
0.4438617447 0.4264668029 -0.3570601419 -0.01578776894 0.1096558875 0.4935682716 -0.002044826599 0.02809933586 0.2529012776 -0.9957857425 -0.02609575066 -0.08791909239 0.01281704614 0.9096546791 -0.4151675422 0.09081012244 -0.4145447823 -0.9054866896 8.791373293e-05 -0.4748899887 0
0.4482279872 0.4306619324 -0.360572522 -0.01609386903 0.1106650185 0.4932496862 -0.002085044323 0.02837111278 0.2528599989 -0.9956210018 -0.02684385171 -0.08954456135 0.0131796642 0.9080079856 -0.4187455009 0.0925479189 -0.4180919823 -0.9036780273 9.012074077e-05 -0.4795614543 0
0.4532179787 0.4354563661 -0.3645866708 -0.0164470783 0.111815853 0.49288207 -0.002131479357 0.02868154886 0.2528123388 -0.995426995 -0.02771509717 -0.09141647054 0.0136016768 0.906112789 -0.4228174642 0.09455206018 -0.4221273351 -0.9015921588 9.268893137e-05 -0.4849002722 0
0.4575842213 0.4396514956 -0.368099051 -0.01675908688 0.1128206624 0.4925573351 -0.002172522675 0.02895303364 0.2527702127 -0.9952521322 -0.02849176033 -0.09306671187 0.01397760903 0.9044430484 -0.4263653347 0.09632143952 -0.4256418586 -0.8997506257 9.497666313e-05 -0.4895717378 0
0.4625742128 0.4444459294 -0.3721131997 -0.01711903095 0.1139665111 0.4921827094 -0.00221990061 0.02926313247 0.2527215848 -0.9950463428 -0.02939584398 -0.09496662559 0.01441490252 0.9025218876 -0.4304026638 0.09836150774 -0.4296395312 -0.8976273653 9.763805959e-05 -0.4949105556 0
0.4669404553 0.4486410589 -0.3756255799 -0.01743691675 0.1149669172 0.4918518575 -0.002261768403 0.02953431919 0.2526786123 -0.9948609815 -0.03020140834 -0.09664110076 0.01480425991 0.9008297587 -0.4339200154 0.1001621751 -0.4331207924 -0.8957532684 0.0001000081789 -0.4995820212 0
0.4713066979 0.4528361884 -0.37913796 -0.01775753441 0.1159652407 0.4915181624 -0.002304020563 0.02980536479 0.2526352453 -0.9946705909 -0.03102057196 -0.0983266988 0.01519991773 0.8991274095 -0.4374229806 0.101977341 -0.4365863323 -0.8938640816 0.0001024173163 -0.5042534868 0
0.4762966893 0.4576306221 -0.3831521088 -0.01812729072 0.117103609 0.4911333243 -0.002352779078 0.03011495675 0.2525852002 -0.9944467364 -0.03197349986 -0.1002665631 0.01565984006 0.8971695404 -0.4414086375 0.1040694853 -0.4405275373 -0.8916866216 0.0001052188602 -0.5095923047 0
0.4806629319 0.4618257516 -0.3866644889 -0.01845373868 0.1180974105 0.490793561 -0.002395854034 0.03038569564 0.2525409885 -0.9942452879 -0.03282203601 -0.1019755927 0.01606906894 0.8954457832 -0.4448804721 0.1059154973 -0.4439589658 -0.8897653309 0.0001077128335 -0.5142637703 0
0.4856529234 0.4666201853 -0.3906786377 -0.01883013961 0.1192305649 0.4904018072 -0.002445552221 0.03069493371 0.2524899788 -0.9940085757 -0.03380870795 -0.1039419196 0.01654455257 0.8934638338 -0.4488303192 0.1080427192 -0.4478608589 -0.887551363 0.0001106122889 -0.5196025881 0
0.4900191659 0.4708153148 -0.3941910179 -0.0191623852 0.120219764 0.4900560098 -0.002489448801 0.03096535999 0.2524449238 -0.9937956833 -0.03468692003 -0.1056738256 0.01696744034 0.8917193462 -0.4522706199 0.1099192695 -0.4512576041 -0.8855982887 0.0001131927725 -0.5242740537 0
0.4943854085 0.4750104443 -0.397703398 -0.019497325 0.121206788 0.4897074083 -0.002533728398 0.03123563838 0.2523994756 -0.9935773174 -0.03557908056 -0.1074162155 0.01739672962 0.8899654182 -0.45569607 0.1118099644 -0.4546379696 -0.8836304932 0.0001158142018 -0.5289455194 0
0.4993754 0.4798048781 -0.4017175468 -0.01988340301 0.1223321299 0.4893055828 -0.002584802315 0.03154434522 0.2523470537 -0.993320945 -0.03661585095 -0.109420198 0.01789520512 0.8879495617 -0.4595925777 0.1139879902 -0.4584810305 -0.8813636496 0.0001188607278 -0.5342843372 0
0.5037416425 0.4840000076 -0.4052299269 -0.02022409146 0.1233144347 0.4889509982 -0.002629901775 0.03181430238 0.2523007638 -0.9930905632 -0.03753810564 -0.1111846388 0.01833826479 0.8861759098 -0.462985923 0.1159087629 -0.4618258844 -0.8793645496 0.0001215711304 -0.5389558028 0
0.508731634 0.4887944413 -0.4092440757 -0.02061671995 0.1244343378 0.4885423549 -0.002681911979 0.03212263875 0.2522473808 -0.9928202337 -0.03860942386 -0.1132134973 0.01885251585 0.8841379076 -0.4668455237 0.1181209813 -0.4656280411 -0.8770621193 0.0001247203019 -0.5442946206 0
0.5130978766 0.4929895708 -0.4127564558 -0.02096312296 0.1254118443 0.4881818227 -0.002727830074 0.03239226881 0.2522002506 -0.9925774422 -0.03956203941 -0.1149994187 0.01930940999 0.8823452263 -0.4702063891 0.1200715118 -0.468936826 -0.8750320482 0.0001275213615 -0.5489660863 0
0.5174641191 0.4971847003 -0.416268836 -0.02131218094 0.1263870847 0.4878185271 -0.002774129771 0.03266174421 0.2521527287 -0.9923287239 -0.0405289104 -0.1167951676 0.01977277941 0.8805439039 -0.4735519723 0.1220358183 -0.4722285894 -0.8729876393 0.0001303653048 -0.5536375519 0
0.5224541106 0.501979134 -0.4202829847 -0.02171434558 0.1274988485 0.4873999588 -0.002827510628 0.0329695251 0.2520979386 -0.9920371059 -0.04165142969 -0.118859324 0.0203102872 0.8784748657 -0.4773566828 0.124297517 -0.4759696091 -0.8706337109 0.0001336685083 -0.5589763697 0
0.5268203532 0.5061742635 -0.4237953649 -0.02206906711 0.1284691757 0.4870307687 -0.002874627119 0.03323866482 0.2520495782 -0.9917753951 -0.04264902537 -0.1206757069 0.02078756737 0.8766555438 -0.480669257 0.1262911028 -0.4792244967 -0.8685588288 0.0001366055841 -0.5636478353 0
0.5318103447 0.5109686973 -0.4278095137 -0.02247768419 0.1295752798 0.4866054848 -0.002928940723 0.03354605872 0.2519938305 -0.9914687001 -0.0438067917 -0.1227631121 0.02134099732 0.8745663391 -0.4844360436 0.1285860744 -0.4829230617 -0.8661702708 0.0001400161909 -0.5689866532 0
0.5361765872 0.5151638268 -0.4313218938 -0.02283803381 0.1305406159 0.486230437 -0.002976872723 0.0338148569 0.251944633 -0.9911935964 -0.04483534126 -0.124599545 0.02183222807 0.872729727 -0.4877152627 0.1306086071 -0.4861405309 -0.8640652614 0.0001430480908 -0.5736581188 0
0.5405428298 0.5193589563 -0.434834274 -0.02320099758 0.1315035965 0.4858526685 -0.003025184849 0.0340834937 0.2518950452 -0.990912105 -0.04587841007 -0.1264451332 0.02232997993 0.8708852904 -0.4909788008 0.1326445333 -0.4893403543 -0.8619463124 0.0001461248216 -0.5783295844 0
0.5455328213 0.52415339 -0.4388484227 -0.0236190042 0.1326012399 0.485417612 -0.003080863799 0.03439030796 0.2518378959 -0.9905824659 -0.04708832501 -0.1285654225 0.02290683121 0.8687679824 -0.4946892659 0.1349876116 -0.4929755393 -0.859507686 0.0001496964541 -0.5836684022 0
0.5498990638 0.5283485195 -0.4423608029 -0.02398754306 0.1335591164 0.485034041 -0.003129989513 0.03465859468 0.2517874729 -0.9902869901 -0.04816265594 -0.1304301952 0.02341857402 0.8669073059 -0.4979189627 0.1370519888 -0.49613716 -0.8573591259 0.0001528704949 -0.5883398678 0
0.5548890553 0.5331429532 -0.4463749516 -0.02441190025 0.134650883 0.4845923749 -0.003186597516 0.0349650055 0.2517293699 -0.9899411373 -0.04940841033 -0.1325720695 0.02401142503 0.8647718499 -0.5015905691 0.1394273865 -0.4997283828 -0.8548868623 0.000156554309 -0.5936786857 0
0.5592552979 0.5373380827 -0.4498873318 -0.0247859774 0.1356035793 0.4842030397 -0.003236535478 0.03523293632 0.251678113 -0.9896312714 -0.05051419434 -0.1344554306 0.02453717393 0.8628956557 -0.5047861077 0.1415198705 -0.5028512738 -0.8527090492 0.0001598273583 -0.5983501513 0
0.5642452893 0.5421325165 -0.4539014806 -0.02521664279 0.1366893821 0.4837548081 -0.003294070991 0.03553893708 0.2516190578 -0.9892687402 -0.05179599746 -0.1366182063 0.02514603618 0.8607428799 -0.5084185004 0.1439271917 -0.5063979357 -0.8502035604 0.0001636252963 -0.6036889691 0
0.5686115319 0.546327646 -0.4574138607 -0.02559622089 0.1376368223 0.4833597476 -0.003344819842 0.03580650618 0.2515669685 -0.9889440768 -0.05293340983 -0.1385195552 0.0256857962 0.8588518948 -0.5115795761 0.1460474338 -0.5094815766 -0.8479968574 0.0001669990546 -0.6083604348 0
0.5729777745 0.5505227755 -0.4609262409 -0.02597835315 0.1385817839 0.4829620288 -0.003395946636 0.03607390449 0.2515144912 -0.9886123679 -0.05408563764 -0.1404290918 0.02623209359 0.8569542572 -0.5147244683 0.1481805091 -0.5125467245 -0.8457767979 0.0001704203931 -0.6130319004 0
0.5779677659 0.5553172092 -0.4649403896 -0.02641819265 0.1396586841 0.4825042489 -0.003454839655 0.03637929182 0.2514540424 -0.9882245307 -0.05542065319 -0.1426212754 0.02686443559 0.8547775876 -0.5182987342 0.1506339241 -0.5160269634 -0.8432233357 0.0001743892318 -0.6183707182 0
0.5823340085 0.5595123387 -0.4684527698 -0.02680577013 0.1405982796 0.4821008627 -0.003506775302 0.03664631992 0.2514007346 -0.9878774241 -0.05660473785 -0.1445479114 0.02742473303 0.8528662329 -0.5214087387 0.1527942376 -0.5190521096 -0.8409749274 0.0001779137779 -0.6230421838 0
0.587324 0.5643067724 -0.4724669185 -0.02725181071 0.1416690045 0.4816366288 -0.00356659192 0.03695128085 0.2513393376 -0.9874717548 -0.05797624127 -0.1467592889 0.028073065 0.850674307 -0.5249429744 0.1552785769 -0.5224863432 -0.8383892799 0.0001820015427 -0.6283810017 0
0.5916902425 0.5685019019 -0.4759792987 -0.02764479473 0.1426031596 0.4812276155 -0.003619335005 0.03721793296 0.2512852009 -0.9871088397 -0.05919231895 -0.1487024138 0.02864734233 0.848749972 -0.5280178168 0.1574657686 -0.5254709835 -0.8361128974 0.0001856310024 -0.6330524673 0
0.5960564851 0.5726970314 -0.4794916789 -0.02804028844 0.1435347505 0.4808159902 -0.003672454405 0.03748440763 0.2512306779 -0.9867384065 -0.06042336883 -0.1506530237 0.02922813382 0.8468198325 -0.5310761597 0.1596653789 -0.5284365503 -0.8338235899 0.0001893100062 -0.6377239329 0
0.6010464766 0.5774914652 -0.4835058276 -0.02849534332 0.1445962656 0.4803423743 -0.003733622678 0.03778873123 0.2511678932 -0.9863057334 -0.06184864768 -0.1528912852 0.02989986213 0.8446070587 -0.5345511338 0.1621943234 -0.5318022764 -0.8311915184 0.0001935757258 -0.6430627507 0
0.6054127191 0.5816865947 -0.4870182078 -0.02889618595 0.1455223082 0.4799251819 -0.003787547401 0.03805482144 0.2511125434 -0.9859188877 -0.06311186138 -0.1548574821 0.03049458532 0.8426650256 -0.5375739343 0.1644202758 -0.5347266101 -0.8288747948 0.0001973621491 -0.6477342163 0
0.6104027106 0.5864810284 -0.4910323565 -0.02935733114 0.1465774407 0.4794452273 -0.003849635207 0.03835870238 0.2510488147 -0.9854672218 -0.06457395636 -0.1571132043 0.03118221098 0.8404390842 -0.5410081473 0.166979114 -0.538044933 -0.8262116106 0.0002017516112 -0.6530730342 0
0.6147689532 0.5906761579 -0.4945447367 -0.02976348276 0.1474978622 0.4790225094 -0.003904363783 0.03862440239 0.2509926396 -0.9850635511 -0.06586943053 -0.1590943694 0.03179082027 0.838485902 -0.5439951616 0.1692310373 -0.5409275462 -0.823867857 0.0002056471648 -0.6577444998 0
0.6191351957 0.5948712874 -0.4980571168 -0.0301720981 0.1484156358 0.4785972272 -0.003959466981 0.03888991834 0.2509360799 -0.9846518875 -0.06717998812 -0.1610823071 0.03240589124 0.8365277726 -0.5469653956 0.1714949523 -0.5437905249 -0.8215116228 0.0002095942319 -0.6624159654 0
0.6241251872 0.5996657211 -0.5020712656 -0.03064209248 0.1494612575 0.4781080625 -0.004022900367 0.03919313816 0.2508709697 -0.9841715121 -0.06869625801 -0.1633623546 0.03311672469 0.8342840614 -0.5503393385 0.1740968618 -0.5470383251 -0.8188036111 0.000214168722 -0.6677547833 0
0.6284914298 0.6038608506 -0.5055836458 -0.03105595732 0.1503733043 0.4776773167 -0.004078805225 0.03945825549 0.2508135869 -0.9837424178 -0.07003918859 -0.1653643474 0.03374559614 0.8323158794 -0.5532734511 0.1763861958 -0.549858881 -0.8164209214 0.0002182274316 -0.6724262489 0
0.6334814213 0.6086552844 -0.5095977945 -0.03153192767 0.1514123404 0.4771819323 -0.004143153924 0.03976101647 0.2507475369 -0.9832418857 -0.07159249087 -0.1676601008 0.03447216235 0.8300611081 -0.5566059889 0.1790169382 -0.5530579283 -0.8136829012 0.0002229304929 -0.6777650667 0
0.6378476638 0.6128504139 -0.5131101747 -0.03195100083 0.1523185892 0.4767457657 -0.004199858917 0.04002572946 0.2506893326 -0.9827949479 -0.07296785117 -0.1696755232 0.03511476309 0.8280836239 -0.559503767 0.1813313097 -0.5558355913 -0.8112741531 0.0002271025599 -0.6824365323 0
0.6422139064 0.6170455434 -0.5166225548 -0.03237249029 0.1532221082 0.4763070843 -0.004256936778 0.0402902518 0.2506307455 -0.9823395417 -0.07435836018 -0.1716969978 0.03576374353 0.8261020558 -0.5623845197 0.1836572336 -0.5585930787 -0.8088533816 0.0002313281142 -0.6871079979 0
0.6472038979 0.6218399771 -0.5206367036 -0.03285713958 0.1542513388 0.4758026669 -0.004322624758 0.04059232799 0.2505633204 -0.981808593 -0.07596607191 -0.1740144898 0.03651322315 0.8238326163 -0.5656559067 0.1863294697 -0.5617196598 -0.8060721758 0.0002362232936 -0.6924468158 0
