0.01033129184 0.01002135308 0 -8.800258327e-06 0.002634433938 0.5099909276 -1.107524204e-06 0.0006568165539 0.2549988708 -0.9999999987 -3.504588361e-07 -5.124904882e-05 1.763632074e-07 0.9999471668 -0.010279284 5.124994363e-05 -0.01027928399 -0.9999471655 7.079067195e-08 0
0.02038037536 0.0197689641 0 -3.424502684e-05 0.005196646586 0.5099646958 -4.336240106e-06 0.001298351461 0.2549955787 -0.9999999801 -2.694759935e-06 -0.0001994147662 1.349083239e-06 0.9997944253 -0.02027577621 0.0001994284099 -0.02027577608 -0.9997944054 6.805548901e-08 0
0.03042945887 0.02951657511 0 -7.633787974e-05 0.007758349979 0.5099213012 -9.692139446e-06 0.001940237656 0.2549901173 -0.9999999012 -8.97046185e-06 -0.000444477021 4.487228046e-06 0.999541809 -0.03026833476 0.0004445448866 -0.03026833377 -0.9995417102 5.32133739e-08 0
0.04047854239 0.03926418612 0 -0.0001350738671 0.0103192931 0.5098607486 -1.717119614e-05 0.002581975011 0.2549824908 -0.9999996906 -2.111319536e-05 -0.0007863392748 1.055802643e-05 0.999189438 -0.04025502222 0.0007865518102 -0.04025501806 -0.9991891287 2.567267507e-07 0
0.05052762591 0.04901179713 0 -0.0002104460819 0.01287922503 0.5097830453 -2.677152887e-05 0.003223538965 0.2549727012 -0.999999249 -4.105521051e-05 -0.001224866871 2.052648236e-05 0.9987374803 -0.05023390369 0.001225382816 -0.05023389111 -0.9987367294 5.344497417e-07 0
0.06057670943 0.05875940815 0 -0.0003024456613 0.01543789498 0.5096882003 -3.849221776e-05 0.003864945588 0.2549607495 -0.9999984489 -7.072426309e-05 -0.001759887105 3.535464224e-05 0.9981861509 -0.06020304773 0.001760952751 -0.06020301657 -0.9981846001 8.813398667e-07 0
0.07062579295 0.06850701916 0 -0.0004110617875 0.01799505234 0.509576225 -5.233263618e-05 0.004506203068 0.2549466362 -0.9999971348 -0.0001120425037 -0.002391189308 5.600086399e-05 0.9975357123 -0.07016052709 0.002393157691 -0.07016045998 -0.9975328479 1.296127046e-06 0
0.08067487646 0.07825463017 0 -0.0005362816893 0.02055044668 0.5094471323 -6.82922276e-05 0.005147310895 0.254930362 -0.9999951235 -0.0001669253697 -0.00311852496 8.34190882e-05 0.9967864741 -0.08010441966 0.003121874959 -0.08010428917 -0.9967815993 1.778816393e-06 0
0.0900061683 0.08730598325 0 -0.0006674116303 0.02292151552 0.5093119468 -8.500887944e-05 0.005742485949 0.2549133157 -0.9999924473 -0.0002317014726 -0.003879647578 0.0001157719963 0.9960025979 -0.0893241934 0.003884835614 -0.08932396792 -0.9959950486 2.288359455e-06 0
0.1000552518 0.09705359427 0 -0.0008246098192 0.02547280343 0.5091498868 -0.0001050538164 0.006383284598 0.2548928756 -0.9999884708 -0.0003181239913 -0.004791349374 0.0001589247776 0.9950638654 -0.09923647739 0.004799268133 -0.09923609474 -0.9950523426 2.904051182e-06 0
0.1101043353 0.1068012053 0 -0.0009983631647 0.02802159639 0.5089707596 -0.0001272161467 0.007023906788 0.2548702763 -0.9999831009 -0.0004236715994 -0.005798140322 0.0002116109847 0.9940275094 -0.1091295826 0.005809746089 -0.1091289654 -0.9940106216 3.590349024e-06 0
0.1201534189 0.1165488163 0 -0.001188651242 0.03056764505 0.5087745863 -0.0001514951569 0.007664339404 0.2548455185 -0.9999760459 -0.0005502227164 -0.006899624585 0.0002747602041 0.9928940226 -0.119001615 0.006916073401 -0.1190006602 -0.9928700876 4.348642831e-06 0
0.1302025024 0.1262964273 0 -0.001395451684 0.03311070044 0.50856139 -0.0001778900712 0.008304568415 0.2548186032 -0.9999669872 -0.0006996436555 -0.008095369278 0.0003492940591 0.991663944 -0.1288506897 0.008118035393 -0.1288492636 -0.991630962 5.18048394e-06 0
0.1402515859 0.1360440383 0 -0.001618740186 0.035650514 0.5083311957 -0.0002064000493 0.008944579182 0.254789531 -0.999955579 -0.0008737875461 -0.009384904684 0.0004361255023 0.9903378581 -0.1386749317 0.009415398831 -0.1386728646 -0.9902934852 6.08756692e-06 0
0.1503006694 0.1457916493 0 -0.001858490507 0.03818683755 0.5080840304 -0.0002370241861 0.009584356644 0.2547583029 -0.9999414491 -0.001074493265 -0.0107677245 0.0005361581135 0.9889163949 -0.1484724769 0.01080791197 -0.148469557 -0.9888579168 7.071717398e-06 0
0.1603497529 0.1555392603 0 -0.002114674475 0.04071942339 0.5078199232 -0.0002697615102 0.01022388545 0.25472492 -0.9999241984 -0.001303584376 -0.01224328607 0.0006502854029 0.9874002296 -0.158241473 0.01229530459 -0.1582374396 -0.9873245354 8.134883083e-06 0
0.1703988364 0.1652868714 0 -0.002387261991 0.04324802432 0.5075389052 -0.0003046109843 0.01086315005 0.2546893832 -0.999903402 -0.001562868075 -0.01381101071 0.0007793901203 0.9857900818 -0.1679800797 0.01387728809 -0.1679746173 -0.9856936384 9.279126512e-06 0
0.18044792 0.1750344824 0 -0.002676221029 0.04577239364 0.5072410092 -0.0003415715048 0.01150213473 0.2546516938 -0.9998786089 -0.001854134147 -0.01547028395 0.0009243435705 0.9840867156 -0.1776864702 0.01555355547 -0.1776792005 -0.9839655424 1.050661878e-05 0
0.1904970035 0.1847820934 0 -0.002981517649 0.04829228519 0.5069262705 -0.0003806419017 0.01214082368 0.2546118528 -0.9998493422 -0.002179153935 -0.01722045584 0.001086004936 0.982290939 -0.1873588316 0.01732378148 -0.187349306 -0.9821405827 1.181963387e-05 0
0.200546087 0.1945297044 0 -0.003303115993 0.05080745344 0.5065947258 -0.0004218209382 0.01277920101 0.2545698615 -0.9998151001 -0.002539679313 -0.01906084136 0.001265220605 0.9804036031 -0.1969953658 0.0191876226 -0.1969830575 -0.9802191134 1.322054335e-05 0
0.2105951705 0.2042773154 0 -0.003640978296 0.05331765344 0.5062464141 -0.0004651073114 0.01341725076 0.2545257212 -0.9997753553 -0.002937441674 -0.02099072065 0.001462823511 0.9784256024 -0.2065942903 0.02114471717 -0.2065785857 -0.9782015073 1.471181134e-05 0
0.220644254 0.2140249264 0 -0.003995064888 0.05582264089 0.5058813764 -0.0005104996515 0.01405495695 0.2544794334 -0.9997295561 -0.00337415093 -0.02300933947 0.001679632473 0.9763578733 -0.2161538387 0.02319468543 -0.2161340285 -0.976088156 1.629598968e-05 0
0.2306933376 0.2237725374 0 -0.004365334201 0.05832217219 0.5054996555 -0.0005579965225 0.01469230354 0.2544309995 -0.9996771264 -0.003851494522 -0.02511590955 0.001916451554 0.9742013947 -0.2256722619 0.02533712959 -0.2256475317 -0.9738794696 1.797571326e-05 0
0.2400246294 0.2328238905 0 -0.004723607887 0.06063806772 0.5051303011 -0.0006039838615 0.01528378938 0.2543841048 -0.9996219805 -0.004332581314 -0.02715004468 0.002154961821 0.972120374 -0.2344724602 0.02740898259 -0.2344423323 -0.971743557 1.962337918e-05 0
0.2500737129 0.2425715015 0 -0.005124962351 0.06312639114 0.5047165337 -0.0006555351691 0.01592039717 0.2543315364 -0.9995550479 -0.004892968884 -0.02942388489 0.002432585017 0.9697956515 -0.2439066971 0.0297285835 -0.2438697464 -0.9693522363 2.149509611e-05 0
0.2601227964 0.2523191125 0 -0.005542366935 0.06560854918 0.5042862197 -0.0007091864193 0.01655659834 0.2542768264 -0.9994796611 -0.005498794144 -0.03178317586 0.002732482191 0.9673852812 -0.2532947912 0.03213939243 -0.253249839 -0.9668668877 2.347051045e-05 0
0.2701718799 0.2620667235 0 -0.005975772674 0.06808430122 0.5038394096 -0.000764935915 0.01719237684 0.2542199768 -0.9993951519 -0.006151646928 -0.03422699962 0.00305539333 0.964890401 -0.2626350674 0.03464094159 -0.2625807901 -0.9642879932 2.555254101e-05 0
0.2802209635 0.2718143346 0 -0.00642512873 0.07055340744 0.5033761559 -0.0008227818928 0.0178277166 0.2541609891 -0.99930083 -0.006853089916 -0.03675440629 0.003402040607 0.9623121877 -0.2719258713 0.03723274557 -0.2718607888 -0.9616160534 2.77441688e-05 0
0.290270047 0.2815619456 0 -0.006890382411 0.07301562893 0.502896513 -0.0008827225228 0.01846260154 0.2540998654 -0.9991959828 -0.007604657728 -0.03936441455 0.003773127791 0.9596518567 -0.2811655696 0.03991430143 -0.2810880346 -0.9588515867 3.004843329e-05 0
0.3003191305 0.2913095566 0 -0.007371479169 0.07547072764 0.5024005369 -0.000944755909 0.01909701562 0.2540366075 -0.9990798766 -0.008407856032 -0.04205601216 0.004169339667 0.9569106607 -0.2903525513 0.04268508883 -0.290260737 -0.9559951296 3.246842876e-05 0
0.310368214 0.3010571676 0 -0.007868362611 0.07791846648 0.501888286 -0.001008880089 0.01973094277 0.2539712175 -0.9989517565 -0.009264160673 -0.04482815646 0.004591341467 0.9540898898 -0.299485228 0.04554457013 -0.2993771159 -0.9530472363 3.500730084e-05 0
0.3204172975 0.3108047786 0 -0.008380974507 0.0803586093 0.5013598201 -0.001075093036 0.02036436697 0.2539036973 -0.998810847 -0.01017501681 -0.04767977488 0.005039778316 0.9511908702 -0.3085620345 0.04849219044 -0.3084354025 -0.9500084789 3.766824322e-05 0
0.3304663811 0.3205523896 0 -0.008909254799 0.08279092094 0.5008152012 -0.001143392654 0.02099727217 0.2538340491 -0.9986563528 -0.01114183807 -0.05060976549 0.005515274682 0.9482149636 -0.3175814297 0.05152737781 -0.3174338391 -0.946879447 4.04544945e-05 0
0.3405154646 0.3303000006 0 -0.009453141607 0.08521516727 0.5002544932 -0.001213776783 0.02162964236 0.2537622751 -0.998487459 -0.01216600575 -0.05361699757 0.006018433849 0.9451635667 -0.3265418972 0.05464954326 -0.3263706796 -0.9436607478 4.336933523e-05 0
0.3505645481 0.3400476116 0 -0.01001257124 0.0876311152 0.4996777616 -0.001286243197 0.02226146154 0.2536883775 -0.9983033317 -0.01324886797 -0.05670031217 0.006549837391 0.94203811 -0.3354419456 0.05785808096 -0.3352441897 -0.9403530059 4.641608505e-05 0
0.3606136316 0.3497952227 0 -0.0105874782 0.09003853274 0.499085074 -0.001360789605 0.02289271372 0.2536123587 -0.9981031185 -0.01439173891 -0.05985852268 0.007110044669 0.9388400574 -0.3442801095 0.06115236832 -0.3440526477 -0.9369568632 4.959810004e-05 0
0.3706627151 0.3595428337 0 -0.01117779521 0.09243718898 0.4984764998 -0.001437413648 0.02352338293 0.253534221 -0.9978859491 -0.01559589806 -0.06309041543 0.007699592333 0.9355709051 -0.3530549501 0.06453176608 -0.3527943444 -0.9334729786 5.291877019e-05 0
0.3807117986 0.3692904447 0 -0.01178345318 0.09482685418 0.4978521101 -0.001516112903 0.02415345322 0.253453967 -0.9976509361 -0.01686258943 -0.06639475032 0.008318993843 0.9322321809 -0.3617650552 0.06799561849 -0.3614675835 -0.9299020282 5.638151702e-05 0
0.3900430905 0.3783417978 0 -0.0123595244 0.09703757853 0.4972582223 -0.00159104677 0.02473796829 0.2533775526 -0.997415942 -0.01809585103 -0.06952682045 0.00892131227 0.9290710037 -0.3697938349 0.07128708701 -0.3694585366 -0.9265087916 5.972715728e-05 0
0.400092174 0.3880894088 0 -0.0129945669 0.0994092594 0.4966035393 -0.001673741133 0.02536683854 0.2532932241 -0.9971439482 -0.0194865189 -0.07296726824 0.009599651174 0.9256025326 -0.3783752083 0.07491190393 -0.3779950094 -0.9227719 6.347367793e-05 0
0.4101412575 0.3978370198 0 -0.01364473792 0.1017712832 0.4959332599 -0.001758503233 0.02599506327 0.2532067868 -0.996851417 -0.02094315142 -0.07647638028 0.01030920987 0.9220691377 -0.3868878721 0.0786191613 -0.3864581346 -0.9189500191 6.737245624e-05 0
0.420190341 0.4075846308 0 -0.01430996146 0.104123425 0.4952474624 -0.001845330391 0.02662262659 0.2531182434 -0.9965373987 -0.02246684643 -0.08005281873 0.0110504063 0.9184724623 -0.3953305257 0.08240813974 -0.3948462699 -0.9150438906 7.142701716e-05 0
0.4302394246 0.4173322418 0 -0.01499015979 0.1064654611 0.494546227 -0.00193421986 0.02724951267 0.2530275967 -0.9962009288 -0.02405866293 -0.08369522251 0.01182363309 0.9148141773 -0.4037018983 0.08627810402 -0.4031577876 -0.9110542723 7.564090739e-05 0
0.4402885081 0.4270798528 0 -0.01568525347 0.108797169 0.4938296356 -0.002025168828 0.02787570566 0.2529348495 -0.9958410291 -0.02571962046 -0.08740220795 0.01262925707 0.9110959798 -0.4120007492 0.0902283032 -0.411391075 -0.9069819385 8.001769376e-05 0
0.4503375916 0.4368274638 0 -0.01639516134 0.1111183278 0.4930977718 -0.00211817442 0.02850118977 0.2528400048 -0.9954567083 -0.02745069844 -0.09117236953 0.01346761896 0.9073195924 -0.4202258685 0.09425797075 -0.4195445345 -0.9028276793 8.456096166e-05 0
0.4603866751 0.4465750749 0 -0.01711980054 0.1134287177 0.4923507211 -0.002213233694 0.02912594921 0.2527430655 -0.9950469629 -0.02925283568 -0.09500428051 0.01433903297 0.9034867618 -0.428376077 0.09836632475 -0.4276165839 -0.8985923009 8.927431366e-05 0
0.4704357586 0.4563226859 0 -0.01785908651 0.1157281206 0.4915885706 -0.002310343644 0.02974996823 0.2526440346 -0.994610777 -0.03112692972 -0.09889649373 0.01524378646 0.8995992585 -0.4364502275 0.102552568 -0.435605657 -0.8942766252 9.416136817e-05 0
0.4804848421 0.4660702969 0 -0.01861293303 0.1180163195 0.4908114092 -0.002409501199 0.03037323109 0.2525429154 -0.9941471241 -0.03307383638 -0.1028475423 0.0161821396 0.8956588753 -0.4444472044 0.1068158882 -0.4435102033 -0.8898814896 9.922575819e-05 0
0.4905339257 0.4758179079 0 -0.01938125221 0.120293099 0.4900193276 -0.002510703224 0.03099572209 0.2524397109 -0.9936549669 -0.03509436919 -0.1068559402 0.01715432507 0.8916674265 -0.4523659245 0.111155458 -0.4513286893 -0.885407747 0.0001044711301 0
0.5005830092 0.4855655189 0 -0.02016395448 0.1225582453 0.4892124181 -0.002613946518 0.03161742555 0.2523344243 -0.9931332584 -0.03718929895 -0.1109201833 0.01816054773 0.8876267469 -0.4602053375 0.1155704353 -0.4590595977 -0.8808562654 0.0001099011428 0
0.5106320927 0.4953131299 0 -0.02096094867 0.124811546 0.4883907746 -0.002719227817 0.03223832583 0.2522270591 -0.9925809425 -0.03935935323 -0.1150387499 0.01920098436 0.8835386908 -0.4679644261 0.1200599636 -0.4667014283 -0.8762279281 0.0001155194663 0
0.5206811762 0.5050607409 0 -0.02177214194 0.1270527902 0.4875544928 -0.002826543791 0.0328584073 0.2521176185 -0.9919969545 -0.04160521593 -0.1192101015 0.02027578337 0.8794051308 -0.4756422065 0.1246231716 -0.4742526984 -0.8715236331 0.0001213297811 0
0.5300124681 0.514112094 0 -0.02253802431 0.129122967 0.4867649234 -0.002928013238 0.03343345043 0.2520141399 -0.9914253834 -0.04375909931 -0.123129405 0.02130468455 0.8755277323 -0.482697939 0.1289256358 -0.4811822224 -0.8670881439 0.0001269002094 0
0.5400615516 0.523859705 0 -0.02337633346 0.1313403697 0.4859006872 -0.00303924359 0.03405190876 0.2519007067 -0.9907772794 -0.04615293198 -0.1273981531 0.02244606698 0.8713117666 -0.4902162578 0.1336284275 -0.4885547178 -0.8622399499 0.0001330912215 0
0.5501106351 0.533607316 0 -0.02422856064 0.1335451074 0.4850221024 -0.003152498499 0.03466950269 0.2517852084 -0.990094344 -0.04862432098 -0.1317150915 0.02362208101 0.8670558774 -0.497650583 0.1384022659 -0.4958324121 -0.8573185125 0.0001394850554 0
0.5601597186 0.543354927 0 -0.02509460674 0.1357369757 0.4841292714 -0.003267774383 0.03528621672 0.2516676486 -0.9893754864 -0.05117377491 -0.1360786234 0.02483276135 0.8627619997 -0.5050000653 0.1432462249 -0.5030138932 -0.8523247869 0.0001460854245 0
0.5702088021 0.5531025381 0 -0.02597437111 0.1379157715 0.4832222978 -0.003385067599 0.03590203538 0.251548031 -0.9886196107 -0.0538017569 -0.140487139 0.02607811329 0.8584320815 -0.5122638905 0.1481593644 -0.5100977675 -0.8472597419 0.0001528960487 0
0.5802578856 0.5628501491 0 -0.02686775155 0.1400812938 0.4823012871 -0.003504374437 0.03651694322 0.2514263595 -0.9878256173 -0.05650868432 -0.1449390163 0.02735811252 0.8540680832 -0.5194412796 0.1531407311 -0.5170826606 -0.8421243605 0.000159920654 0
0.5903069692 0.5725977601 0 -0.02777464432 0.142233343 0.4813663461 -0.003625691126 0.03713092484 0.2513026377 -0.9869924026 -0.05929492851 -0.1494326222 0.02867270498 0.8496719761 -0.5265314891 0.1581893584 -0.523967217 -0.8369196392 0.0001671629717 0
0.6003560527 0.5823453711 0 -0.02869494417 0.1443717214 0.4804175833 -0.003749013829 0.03774396485 0.2511768696 -0.9861188608 -0.06216081456 -0.1539663128 0.03002180672 0.8452457416 -0.533533811 0.1633042665 -0.5307501008 -0.8316465878 0.0001746267378 0
0.6104051362 0.5920929821 0 -0.02962854433 0.146496233 0.4794551089 -0.00387433865 0.03835604791 0.2510490591 -0.9852038838 -0.06510662105 -0.1585384348 0.03140530378 0.8407913697 -0.5404475733 0.1684844631 -0.5374299959 -0.8263062297 0.0001823156927 0
0.6204542197 0.6018405931 0 -0.03057533655 0.1486066836 0.4784790345 -0.004001661624 0.03896715871 0.2509192102 -0.9842463623 -0.0681325799 -0.1631473257 0.03282305213 0.8363108586 -0.5472721399 0.1737289428 -0.544005606 -0.8208996011 0.0001902335806 0
0.6305033032 0.6115882041 0 -0.0315352111 0.1507028809 0.4774894731 -0.004130978729 0.03957728198 0.2507873271 -0.9832451866 -0.07123887621 -0.1677913152 0.03427487755 0.8318062127 -0.5540069109 0.1790366881 -0.5504756553 -0.8154277511 0.0001983841489 0
0.6405523867 0.6213358151 0 -0.03250805679 0.1527846344 0.4764865394 -0.004262285875 0.04018640247 0.2506534138 -0.9821992474 -0.07442564808 -0.1724687255 0.0357605756 0.8272794422 -0.5606513228 0.184406669 -0.5568388882 -0.8098917415 0.000206771148 0
0.6506014703 0.6310834262 0 -0.03349376098 0.1548517553 0.4754703495 -0.004395578912 0.04079450498 0.2505174745 -0.9811074362 -0.07769298655 -0.1771778724 0.03727991154 0.8227325617 -0.5672048484 0.1898378435 -0.5630940701 -0.8042926466 0.0002153983306 0
0.6606505538 0.6408310372 0 -0.03449220962 0.156904057 0.474441021 -0.004530853628 0.04140157435 0.2503795135 -0.9799686463 -0.08104093547 -0.1819170664 0.03883262037 0.8181675891 -0.5736669972 0.1953291577 -0.5692399871 -0.7986315529 0.0002242694516 0
0.6706996373 0.6505786482 0 -0.03550328721 0.1589413546 0.473398673 -0.004668105745 0.04200759543 0.2502395351 -0.9787817736 -0.08446949149 -0.1866846127 0.04041840674 0.8135865446 -0.5800373151 0.2008795461 -0.5752754467 -0.7929095588 0.0002333882675 0
0.6800309291 0.6596300013 0 -0.03645335091 0.1608195363 0.4724192259 -0.004797320932 0.04256937747 0.2501077526 -0.9776356615 -0.0877252834 -0.1911355225 0.04192025643 0.8093200932 -0.5858700188 0.2060854323 -0.5807798735 -0.7875427183 0.0002420808121 0
0.6900800127 0.6693776123 0 -0.03748845309 0.1628273826 0.4713521102 -0.004938374306 0.04317333428 0.249963896 -0.9763529525 -0.09130911171 -0.1959529493 0.04356888923 0.8047137604 -0.5920620878 0.211746698 -0.5865990198 -0.7817064193 0.0002516879382 0
0.7001290962 0.6791252233 0 -0.03853583808 0.1648196947 0.4702723319 -0.005081392203 0.04377619872 0.249818035 -0.9750189487 -0.09497326542 -0.2007937463 0.04524956057 0.8000972737 -0.5981612072 0.2174638521 -0.5923043402 -0.7758125041 0.0002615537666 0
0.7101781797 0.6888728343 0 -0.03959538498 0.1667962954 0.4691800155 -0.005226370103 0.04437795581 0.2496701743 -0.9736325632 -0.0987175556 -0.2056562083 0.04696185635 0.7954726511 -0.6041670674 0.2232357853 -0.5978947278 -0.7698621167 0.000271682057 0
0.7202272632 0.6986204453 0 -0.04066697159 0.1687570097 0.468075287 -0.005373303424 0.0449785906 0.2495203183 -0.9721927154 -0.1025417462 -0.2105386291 0.04870533241 0.7908419072 -0.6100793952 0.2290613774 -0.6033690977 -0.7638564114 0.0002820765693 0
0.7302763467 0.7083680563 0 -0.0417504744 0.1707016646 0.4669582738 -0.005522187524 0.04557808819 0.249368472 -0.9706983315 -0.1064455541 -0.2154393029 0.05047951462 0.7862070521 -0.615897954 0.2349394982 -0.6087263878 -0.7577965538 0.0002927410627 0
0.7403254302 0.7181156673 0 -0.04284576857 0.172630089 0.4658291046 -0.005673017697 0.04617643373 0.2492146398 -0.9691483454 -0.1104286492 -0.2203565248 0.052283899 0.7815700906 -0.6216225441 0.240869007 -0.6139655584 -0.7516837198 0.0003036792961 0
0.7503745138 0.7278632784 0 -0.043952728 0.1745421141 0.4646879093 -0.00582578918 0.0467736124 0.2490588268 -0.9675416996 -0.114490655 -0.2252885917 0.05411795186 0.7769330206 -0.6272530022 0.2468487531 -0.619085593 -0.7455190954 0.0003148950275 0
0.7604235973 0.7376108894 0 -0.04507122533 0.1764375732 0.4635348192 -0.005980497143 0.04736960942 0.2489010378 -0.9658773456 -0.1186311479 -0.230233803 0.05598110996 0.7722978324 -0.6327892014 0.2528775763 -0.624085498 -0.739303877 0.0003263920136 0
0.7704726808 0.7473585004 0 -0.04620113195 0.1783163015 0.4623699671 -0.006137136701 0.04796441005 0.2487412776 -0.9641542451 -0.1228496585 -0.2351904614 0.05787278066 0.7676665074 -0.6382310511 0.2589543068 -0.6289643032 -0.7330392706 0.0003381740097 0
0.7805217643 0.7571061114 0 -0.047342318 0.1801781366 0.4611934866 -0.006295702904 0.04855799961 0.2485795514 -0.9623713702 -0.1271456707 -0.2401568742 0.05979234216 0.7630410172 -0.6435784971 0.2650777652 -0.6337210621 -0.7267264918 0.0003502447695 0
0.7905708478 0.7668537224 0 -0.04849465243 0.1820229181 0.460005513 -0.006456190745 0.04915036345 0.2484158642 -0.9605277047 -0.131518623 -0.2451313534 0.06173914365 0.758423322 -0.6488315211 0.2712467635 -0.6383548515 -0.7203667655 0.0003626080447 0
0.8006199314 0.7766013334 0 -0.049658003 0.1838504879 0.4588061825 -0.006618595152 0.04974148697 0.248250221 -0.9586222441 -0.1359679079 -0.2501122169 0.06371250557 0.7538153703 -0.6539901407 0.2774601046 -0.6428647724 -0.7139613258 0.0003752675845 0
0.8106690149 0.7863489444 0 -0.05083223628 0.1856606901 0.4575956327 -0.006782910997 0.0503313556 0.2480826271 -0.9566539973 -0.1404928729 -0.2550977894 0.06571171986 0.7492190971 -0.6590544093 0.2837165828 -0.6472499495 -0.7075114158 0.0003882271359 0
0.8200003067 0.7954002975 0 -0.05193222262 0.1873259067 0.4564616262 -0.006937196977 0.05087795445 0.2479252621 -0.9547692651 -0.1447617817 -0.2597300079 0.06759063838 0.7449632655 -0.6636725387 0.289563734 -0.6512094591 -0.7014834883 0.0004005329106 0
0.8300493902 0.8051479085 0 -0.05312706296 0.1891021821 0.455229832 -0.007105184459 0.05146536201 0.2477539209 -0.9526771812 -0.1494306922 -0.2647199588 0.069637607 0.7403949264 -0.6685551262 0.2958999697 -0.6553516775 -0.6949513556 0.0004140816263 0
0.8400984737 0.8148955195 0 -0.05433238871 0.1908606462 0.4539872281 -0.007275068011 0.05205147232 0.2475806445 -0.9505194882 -0.1541731142 -0.2697097579 0.07170819288 0.735843847 -0.673343722 0.3022757643 -0.6593667293 -0.6883784414 0.0004279413095 0
0.8501475573 0.8246431305 0 -0.055548062 0.1926011518 0.4527339567 -0.00744684227 0.052636271 0.2474054383 -0.9482952518 -0.1589882206 -0.2746977634 0.07380157864 0.7313119003 -0.6780385177 0.3086898808 -0.6632538354 -0.681766021 0.0004421156946 0
0.8601966408 0.8343907416 0 -0.0567739439 0.1943235542 0.4514701609 -0.007620501812 0.05321974372 0.2472283077 -0.9460035542 -0.1638751408 -0.2796823443 0.07591691983 0.7268009411 -0.682639739 0.3151410744 -0.6670122415 -0.6751153775 0.0004566085122 0
0.8702457243 0.8441383526 0 -0.0580098944 0.1960277109 0.4501959851 -0.007796041153 0.0538018762 0.2470492584 -0.9436434946 -0.1688329613 -0.2846618807 0.07805334528 0.7223128045 -0.6871476463 0.3216280933 -0.6706412183 -0.6684278016 0.0004714234888 0
0.8802948078 0.8538859636 0 -0.05925577248 0.1977134818 0.4489115748 -0.007973454753 0.05438265421 0.2468682958 -0.9412141897 -0.1738607262 -0.2896347647 0.08020995747 0.7178493053 -0.6915625334 0.3281496789 -0.6741400617 -0.6617045908 0.0004865643466 0
0.8903438913 0.8636335746 0 -0.06051143604 0.1993807291 0.4476170762 -0.008152737011 0.05496206356 0.2466854257 -0.9387147748 -0.1789574373 -0.2945994014 0.08238583291 0.713412237 -0.695884728 0.3347045655 -0.6775080927 -0.6549470498 0.0005020348028 0
0.9003929749 0.8733811856 0 -0.06177674203 0.2010293175 0.4463126371 -0.008333882269 0.05554009012 0.2465006537 -0.9361444037 -0.1841220553 -0.2995542091 0.08458002252 0.7090033705 -0.7001145909 0.3412914814 -0.6807446579 -0.6481564899 0.0005178385703 0
0.9104420584 0.8831287966 0 -0.06305154639 0.2026591138 0.4449984058 -0.008516884808 0.05611671981 0.2463139857 -0.9335022502 -0.1893534998 -0.3044976208 0.08679155204 0.7046244536 -0.7042525158 0.3479091482 -0.6838491292 -0.6413342288 0.0005339793563 0
0.9204911419 0.8928764076 0 -0.06433570408 0.2042699875 0.4436745319 -0.008701738855 0.05669193858 0.2461254273 -0.9307875081 -0.19465065 -0.309428084 0.08901942247 0.7002772093 -0.7082989288 0.354556282 -0.6868209043 -0.6344815902 0.0005504608628 0
0.9305402254 0.9026240186 0 -0.06562906915 0.2058618103 0.4423411658 -0.008888438575 0.05726573247 0.2459349846 -0.9279993924 -0.2000123455 -0.3143440622 0.0912626105 0.6959633358 -0.7122542883 0.3612315929 -0.6896594064 -0.6275999039 0.0005672867859 0
0.9405893089 0.9123716297 0 -0.06693149469 0.2074344565 0.4409984591 -0.009076978079 0.05783808753 0.2457426634 -0.9251371391 -0.2054373866 -0.3192440352 0.09352006895 0.6916845048 -0.7161190841 0.3679337855 -0.6923640849 -0.6206905054 0.0005844608159 0
0.9506383924 0.9221192407 0 -0.06824283291 0.2089878026 0.439646564 -0.009267351417 0.0584089899 0.2455484698 -0.9222000068 -0.2109245353 -0.3241264999 0.09579072729 0.6874423608 -0.7198938374 0.3746615594 -0.6949344149 -0.6137547352 0.0006019866365 0
0.960687476 0.9318668517 0 -0.06956293512 0.2105217279 0.4382856339 -0.009459552585 0.05897842573 0.2453524098 -0.9191872763 -0.2164725155 -0.3289899711 0.09807349204 0.6832385205 -0.7235791002 0.3814136091 -0.6973698976 -0.6067939393 0.0006198679249 0
0.9700187678 0.9409182048 0 -0.07079646097 0.2119285939 0.4370139578 -0.009639656453 0.05950586241 0.2451686883 -0.9163214414 -0.2216775333 -0.3334877619 0.1002030674 0.6793706401 -0.7269215079 0.387703961 -0.6995102605 -0.6003091154 0.0006367934754 0
0.9800678513 0.9506658158 0 -0.0721330421 0.2134247323 0.4356360391 -0.009835365551 0.0600724311 0.2449690461 -0.9131609709 -0.2273390914 -0.3383104769 0.1025060099 0.6752451285 -0.7304358524 0.3944991244 -0.7016843692 -0.5933038739 0.0006553706673 0
0.9901169348 0.9604134268 0 -0.0734779469 0.21490111 0.4342495393 -0.01003288456 0.0606374931 0.2447675555 -0.9099229328 -0.2330575333 -0.3431099569 0.1048177297 0.671162485 -0.7338624955 0.4013147142 -0.7037223209 -0.5862775752 0.000674314055 0
1.000166018 0.9701610378 0 -0.0748310234 0.216357616 0.432854615 -0.01023220726 0.06120103477 0.2445642229 -0.9066067028 -0.2388314409 -0.3478847929 0.1071370483 0.6671242075 -0.7372021057 0.408149408 -0.7056237203 -0.5792315825 0.0006936272866 0
1.010215102 0.9799086488 0 -0.07619211886 0.2177941415 0.4314514239 -0.01043332737 0.06176304257 0.2443590545 -0.9032116821 -0.2446593624 -0.3526335969 0.1094627669 0.6631317617 -0.7404553797 0.4150018794 -0.7073881983 -0.5721672632 0.0007133140023 0
1.020264185 0.9896562598 0 -0.07756107976 0.2192105805 0.430040124 -0.01063623853 0.062323503 0.2441520568 -0.8997372978 -0.2505398119 -0.3573550021 0.1117936671 0.6591865801 -0.7436230421 0.4218707988 -0.7090154126 -0.565085988 0.0007333778335 0
1.030313269 0.9994038708 0 -0.07893775185 0.2206068296 0.4286208744 -0.01084093436 0.0628824026 0.2439432362 -0.8961830035 -0.2564712712 -0.3620476643 0.1141285111 0.6552900613 -0.7467058447 0.4287548333 -0.7105050475 -0.557989131 0.0007538224031 0
1.040362352 1.009151482 0 -0.08032198017 0.2219827878 0.4271938349 -0.01104740841 0.06343972799 0.2437325991 -0.8925482798 -0.26245219 -0.3667102618 0.1164660429 0.6514435695 -0.7497045662 0.4356526472 -0.711856814 -0.5508780694 0.0007746513247 0
1.050411436 1.018899093 0 -0.08171360905 0.2233383566 0.4257591659 -0.01125565417 0.06399546585 0.2435201521 -0.8888326348 -0.2684809871 -0.3713414964 0.1188049881 0.6476484334 -0.7526200114 0.4425629019 -0.7130704498 -0.543754183 0.0007958682024 0
1.060460519 1.028646704 0 -0.08311248213 0.2246734402 0.4243170287 -0.01146566507 0.06454960289 0.2433059019 -0.8850356043 -0.2745560508 -0.3759400937 0.1211440553 0.6439059454 -0.7554530107 0.4494842567 -0.7141457193 -0.5366188541 0.0008174766304 0
1.070509603 1.038394315 0 -0.08451844242 0.2259879455 0.4228675851 -0.01167743451 0.06510212591 0.2430898551 -0.8811567528 -0.2806757404 -0.3805048038 0.1234819362 0.6402173614 -0.7582044194 0.4564153683 -0.715082414 -0.5294734674 0.0008394801929 0
1.080558686 1.048141926 0 -0.08593133228 0.2272817817 0.4214109977 -0.01189095581 0.06565302175 0.2428720183 -0.8771956734 -0.2868383865 -0.3850344017 0.1258173065 0.6365838997 -0.7608751172 0.463354892 -0.7158803522 -0.5223194094 0.0008618824633 0
1.09060777 1.057889537 0 -0.08735099344 0.2285548609 0.4199474294 -0.01210622225 0.06620227731 0.2426523984 -0.8731519886 -0.2930422923 -0.3895276879 0.1281488264 0.6330067403 -0.7634660078 0.470301481 -0.716539379 -0.5151580683 0.0008846870042 0
1.100656854 1.067637148 0 -0.08877726708 0.2298070976 0.4184770443 -0.01232322705 0.06674987956 0.2424310022 -0.8690253504 -0.2992857343 -0.3939834889 0.1304751413 0.6294870246 -0.7659780175 0.4772537876 -0.7170593665 -0.5079908337 0.0009078973668 0
1.110705937 1.077384759 0 -0.09020999376 0.231038409 0.4170000064 -0.01254196337 0.06729581552 0.2422078365 -0.864815441 -0.3055669632 -0.3984006577 0.1327948827 0.6260258544 -0.7684120956 0.4842104626 -0.717440214 -0.5008190963 0.0009315170909 0
1.120037229 1.086436112 0 -0.09154602112 0.2321629629 0.4156226586 -0.01274662008 0.06780125276 0.2419990329 -0.8608314259 -0.3114318173 -0.4024667432 0.1349418344 0.6228652616 -0.7706033787 0.4906729639 -0.7176692058 -0.4941568106 0.0009538193208 0
1.130086312 1.096183723 0 -0.09299074078 0.2333536944 0.4141332569 -0.01296867629 0.06834393876 0.2417724743 -0.8564601371 -0.3177808905 -0.4068062675 0.137244984 0.6195199639 -0.7728899202 0.4976342512 -0.7177815266 -0.48698032 0.0009782384782 0
1.140135396 1.105931334 0 -0.09444144354 0.2345232734 0.4126376871 -0.01319244371 0.06888492082 0.2415441666 -0.8520048224 -0.324162489 -0.4111039568 0.1395374771 0.6162362063 -0.7751014324 0.5045959523 -0.7177545673 -0.4798034036 0.001003077292 0
1.150184479 1.115678945 0 -0.09589796797 0.2356716275 0.4111361155 -0.01341791531 0.06942418622 0.241314117 -0.8474652856 -0.3305747718 -0.4153587725 0.1418178963 0.6130149302 -0.7772389463 0.5115567162 -0.717588333 -0.4726274542 0.001028339252 0
1.160233563 1.125426556 0 -0.09736015216 0.2367986868 0.4096287091 -0.01364508399 0.06996172229 0.2410823326 -0.8428413622 -0.3370158772 -0.4195697043 0.1440848135 0.6098570349 -0.7793035118 0.5185151924 -0.717282856 -0.4654538642 0.001054027834 0
1.170282646 1.135174167 0 -0.09882783375 0.2379043844 0.4081156353 -0.0138739426 0.07049751642 0.2408488205 -0.8381329195 -0.3434839233 -0.4237357711 0.1463367906 0.6067633769 -0.7812961975 0.5254700305 -0.7168381958 -0.4582840256 0.001080146501 0
1.18033173 1.144921778 0 -0.10030085 0.2389886559 0.4065970619 -0.01410448396 0.07103155607 0.240613588 -0.8333398575 -0.3499770095 -0.4278560211 0.1485723803 0.6037347697 -0.7832180895 0.5324198811 -0.7162544385 -0.4511193296 0.001106698699 0
1.190380814 1.154669389 0 -0.1017790377 0.2400514394 0.4050731571 -0.01433670081 0.07156382876 0.2403766423 -0.8284621085 -0.3564932172 -0.4319295323 0.1507901269 0.6007719833 -0.7850702909 0.5393633955 -0.7155316975 -0.4439611665 0.001133687863 0
1.200429897 1.164417 0 -0.1032622333 0.2410926761 0.4035440894 -0.01457058585 0.07209432208 0.2401379908 -0.8234996379 -0.3630306111 -0.4359554127 0.1529885669 0.5978757436 -0.7868539214 0.5462992265 -0.7146701131 -0.4368109254 0.001161117408 0
1.210478981 1.174164611 0 -0.1047502729 0.2421123094 0.4020100279 -0.01480613174 0.07262302369 0.2398976409 -0.8184524439 -0.3695872402 -0.4399328004 0.1551662296 0.5950467323 -0.7885701158 0.5532260281 -0.7136698524 -0.4296699938 0.001188990736 0
1.220528064 1.183912222 0 -0.1062429923 0.2431102859 0.4004711419 -0.01504333107 0.0731499213 0.2396556 -0.8133205584 -0.3761611385 -0.4438608647 0.1573216384 0.5922855863 -0.790220024 0.5601424564 -0.7125311096 -0.4225397572 0.001217311233 0
1.230577148 1.193659833 0 -0.107740227 0.2440865545 0.398927601 -0.0152821764 0.07367500269 0.2394118755 -0.8081040463 -0.3827503265 -0.4477388054 0.1594533109 0.5895928974 -0.7918048099 0.5670471691 -0.7112541057 -0.4154215993 0.001246082266 0
1.240626231 1.203407444 0 -0.1092418122 0.245041067 0.3973795751 -0.01552266021 0.07419825573 0.2391664751 -0.8028030065 -0.3893528124 -0.4515658537 0.1615597602 0.5869692121 -0.7933256506 0.5739388265 -0.7098390885 -0.4083169012 0.001275307186 0
1.250675315 1.213155055 0 -0.1107475827 0.2459737778 0.3958272344 -0.01576477498 0.07471966832 0.2389194062 -0.7974175716 -0.3959665924 -0.4553412722 0.1636394952 0.5844150313 -0.7947837359 0.5808160914 -0.7082863326 -0.4012270418 0.001304989328 0
1.260006606 1.222206408 0 -0.1121494012 0.2468203076 0.3943820606 -0.01599104954 0.07520217872 0.2386884979 -0.7923413877 -0.4021163123 -0.4588001708 0.1655454517 0.5821059252 -0.7960825304 0.5871880694 -0.7067214184 -0.39465809 0.001332963614 0
1.27005569 1.231954019 0 -0.1136627764 0.2477108538 0.39282188 -0.01623628819 0.07572000803 0.2384382329 -0.786793691 -0.4087461786 -0.4624740525 0.1675694451 0.579687033 -0.7974229899 0.5940338112 -0.7049038978 -0.38760073 0.001363536884 0
1.280104773 1.24170163 0 -0.1151798522 0.2485794805 0.3912578844 -0.01648313539 0.07623596191 0.2381863219 -0.7811621834 -0.4153814159 -0.466094328 0.1695623424 0.5773388471 -0.7987042429 0.6008612613 -0.7029495963 -0.3805622285 0.00139457703 0
1.290153857 1.251449241 0 -0.1167004626 0.2494261529 0.3896902448 -0.01673158339 0.07675002856 0.2379327728 -0.7754471315 -0.4220199861 -0.4696603854 0.1715226447 0.5750616866 -0.799927521 0.6076690947 -0.700858893 -0.3735439512 0.001426087311 0
1.300202941 1.261196852 0 -0.1182244416 0.2502508388 0.3881191324 -0.01698162441 0.07726219623 0.2376775933 -0.7696488363 -0.428659845 -0.4731716454 0.173448853 0.5728558241 -0.8010940645 0.6144559904 -0.6986321937 -0.36654726 0.001458070967 0
1.310252024 1.270944463 0 -0.119751623 0.2510535087 0.3865447185 -0.0172332506 0.07777245325 0.2374207912 -0.7637676333 -0.4352989436 -0.4766275611 0.1753394687 0.5707214851 -0.8022051216 0.6212206315 -0.6962699305 -0.3595735124 0.001490531214 0
1.320301108 1.280692074 0 -0.1212818406 0.2518341359 0.3849671746 -0.01748645409 0.07828078802 0.2371623745 -0.7578038922 -0.441935229 -0.4800276183 0.177192995 0.5686588484 -0.8032619477 0.6279617054 -0.6937725618 -0.3526240619 0.00152347125 0
1.330350191 1.290439685 0 -0.1228149279 0.2525926964 0.3833866723 -0.01774122693 0.07878718901 0.2369023511 -0.7517580174 -0.4485666453 -0.4833713355 0.179007937 0.5666680457 -0.8042658046 0.634677904 -0.6911405723 -0.3457002568 0.001556894249 0
1.340399275 1.300187296 0 -0.1243507184 0.2533291689 0.3818033831 -0.01799756115 0.07929164475 0.2366407291 -0.7456304474 -0.4551911355 -0.4866582642 0.1807828031 0.5647491617 -0.8052179596 0.6413679241 -0.6883744726 -0.3388034407 0.001590803365 0
1.350448358 1.309934907 0 -0.1258890456 0.2540435348 0.3802174787 -0.01825544872 0.07979414387 0.2363775164 -0.7394216553 -0.4618066416 -0.4898879887 0.1825161055 0.5629022339 -0.8061196849 0.6480304676 -0.6854747996 -0.3319349518 0.001625201727 0
1.360497442 1.319682518 0 -0.1274297431 0.2547357782 0.3786291308 -0.01851488157 0.08029467505 0.2361127211 -0.7331321487 -0.4684111065 -0.493060126 0.1842063609 0.5611272527 -0.8069722566 0.6546642416 -0.6824421159 -0.3250961231 0.001660092442 0
1.370546525 1.329430129 0 -0.1289726443 0.255405886 0.377038511 -0.01877585158 0.08079322705 0.2358463514 -0.7267624692 -0.4750024749 -0.4961743264 0.1858520915 0.5594241614 -0.8077769542 0.6612679589 -0.6792770101 -0.3182882814 0.001695478592 0
1.380595609 1.33917774 0 -0.1305175827 0.2560538478 0.375445791 -0.01903835059 0.0812897887 0.2355784155 -0.7203131929 -0.4815786942 -0.499230273 0.1874518257 0.5577928564 -0.8085350595 0.6678403381 -0.6759800964 -0.3115127479 0.001731363235 0
1.390644692 1.348925351 0 -0.1320643919 0.2566796558 0.3738511424 -0.01930237038 0.08178434891 0.2353089215 -0.7137849298 -0.4881377158 -0.5022276818 0.1890040988 0.556233187 -0.8092478559 0.674380104 -0.6725520144 -0.3047708373 0.001767749404 0
1.400693776 1.358672962 0 -0.1336129055 0.257283305 0.3722547366 -0.0195679027 0.08227689665 0.2350378777 -0.7071783242 -0.4946774962 -0.5051663019 0.1905074539 0.5547449557 -0.8099166279 0.6808859874 -0.6689934296 -0.2980638578 0.001804640106 0
1.410025068 1.367724316 0 -0.1350521916 0.2578239933 0.3707709365 -0.01981581551 0.08273245086 0.2347848138 -0.7009740624 -0.50073114 -0.5078421893 0.1918583588 0.5534267802 -0.8104993332 0.6868957228 -0.6655727791 -0.2918683636 0.001839350126 0
1.420074151 1.377471927 0 -0.1366035227 0.2583849036 0.3691716261 -0.02008424139 0.08322108657 0.2345108047 -0.6942183115 -0.5072280659 -0.5106668436 0.1932632903 0.5520755921 -0.8110868272 0.6933327026 -0.6617644821 -0.2852324205 0.001877222249 0
1.430123235 1.387219538 0 -0.1381560714 0.2589236561 0.3675710604 -0.02035415537 0.08370767798 0.2342352702 -0.6873862988 -0.513699806 -0.5134321626 0.1946150894 0.5507949956 -0.8116340554 0.6997321225 -0.6578277755 -0.2786351997 0.001915607558 0
1.440172318 1.396967149 0 -0.139709672 0.2594402563 0.3659694104 -0.02062554903 0.08419221435 0.2339582188 -0.6804788004 -0.5201443476 -0.5161380241 0.1959123372 0.5495846105 -0.8121422979 0.7060927406 -0.6537634232 -0.2720779816 0.001954508953 0
1.450221402 1.40671476 0 -0.1412641586 0.2599347125 0.3643668468 -0.0208984139 0.08467468504 0.233679659 -0.6734966258 -0.5265596887 -0.518784338 0.1971536267 0.5484440109 -0.8126128318 0.7124133228 -0.6495722139 -0.2655620385 0.001993929306 0
1.460270485 1.416462371 0 -0.1428193657 0.2604070357 0.3627635405 -0.02117274146 0.08515507947 0.2333995992 -0.6664406174 -0.5329438386 -0.5213710468 0.1983375629 0.5473727251 -0.8130469303 0.7186926427 -0.645254961 -0.2590886348 0.002033871458 0
1.470319569 1.426209982 0 -0.1443751281 0.2608572396 0.3611596617 -0.02144852317 0.08563338716 0.2331180481 -0.6593116503 -0.5392948195 -0.523898125 0.1994627642 0.546370236 -0.8134458623 0.7249294817 -0.6408125021 -0.2526590265 0.002074338222 0
1.480368652 1.435957593 0 -0.1459312807 0.2612853406 0.3595553807 -0.02172575042 0.08610959767 0.2328350142 -0.6521106322 -0.5456106675 -0.5263655792 0.2005278628 0.5454359812 -0.8138108912 0.7311226297 -0.6362456994 -0.2462744614 0.00211533238 0
1.490417736 1.445705204 0 -0.1474876587 0.2616913576 0.3579508674 -0.02200441457 0.08658370068 0.2325505061 -0.6448385027 -0.5518894332 -0.5287734477 0.2015315054 0.5445693537 -0.8141432745 0.7372708849 -0.631555439 -0.2399361784 0.002156856683 0
1.500466819 1.455452815 0 -0.1490440975 0.2620753124 0.3563462913 -0.02228450695 0.08705568591 0.2322645325 -0.6374962335 -0.5581291834 -0.5311218004 0.2024723543 0.5437697021 -0.8144442625 0.7433730544 -0.6267426311 -0.2336454072 0.002198913849 0
1.510515903 1.465200426 0 -0.1506004329 0.2624372292 0.3547418217 -0.02256601884 0.08752554319 0.2319771021 -0.6300848278 -0.5643280019 -0.5334107386 0.2033490877 0.5430363309 -0.8147150985 0.749427954 -0.6218082097 -0.2274033687 0.002241506564 0
1.520564986 1.474948037 0 -0.1521565011 0.2627771352 0.3531376277 -0.02284894148 0.08799326241 0.2316882237 -0.62260532 -0.5704839902 -0.5356403947 0.2041604008 0.5423685011 -0.8149570171 0.755434409 -0.6167531321 -0.2212112741 0.002284637481 0
1.53061407 1.484695648 0 -0.1537121386 0.2630950598 0.3515338778 -0.02313326606 0.08845883354 0.2313979061 -0.6150587754 -0.5765952692 -0.5378109318 0.2049050063 0.5417654302 -0.815171244 0.7613912537 -0.6115783794 -0.2150703248 0.00232830922 0
1.540663153 1.494443259 0 -0.1552671821 0.2633910356 0.3499307401 -0.02341898375 0.08892224664 0.2311061581 -0.6074462899 -0.5826599796 -0.5399225435 0.2055816351 0.5412262932 -0.8153589951 0.7672973323 -0.6062849558 -0.2089817125 0.002372524365 0
1.550712237 1.50419087 0 -0.1568214689 0.2636650972 0.3483283826 -0.02370608566 0.08938349185 0.2308129885 -0.5997689895 -0.5886762834 -0.5419754539 0.2061890372 0.540750223 -0.8155214757 0.7731514989 -0.6008738884 -0.2029466187 0.002417285466 0
1.560043529 1.513242223 0 -0.1582639158 0.2638999937 0.3468413239 -0.02397391194 0.08980984126 0.2305394945 -0.5925830416 -0.5942179197 -0.5438293875 0.2066899915 0.5403638342 -0.8156507673 0.7785400351 -0.595744904 -0.1973915477 0.002459340397 0
1.570092612 1.522989834 0 -0.1598162852 0.2641319008 0.3452409431 -0.02426365821 0.09026687796 0.2302436085 -0.5847840304 -0.6001357593 -0.5457698308 0.2071604281 0.5400067893 -0.8157678742 0.7842908866 -0.5901099372 -0.1914629659 0.00250516148 0
1.580141696 1.532737445 0 -0.1613674237 0.264342011 0.3436418312 -0.02455476248 0.09072171834 0.2299463271 -0.5769236715 -0.6059999397 -0.5476523992 0.207558093 0.539710033 -0.8158631738 0.7899865285 -0.5843604653 -0.1855913019 0.002551535777 0
