0.007303129224 0.003365428009 -0.001058004331 -2.089136475e-06 0.001862287917 0.5099954665 -2.62519041e-07 0.0004638827493 0.2549994373 -0.9999999999 -5.851417775e-08 -1.216642779e-05 2.989515319e-08 0.9999735984 -0.007266536047 1.216653177e-05 -0.007266536046 -0.9999735983 2.935906632e-08 -0.00140714576 0
0.01450670548 0.006684980019 -0.002101586423 -8.24294293e-06 0.003699131248 0.5099821124 -1.041824771e-06 0.0009232397626 0.2549977667 -0.9999999988 -4.612840624e-07 -4.80025812e-05 2.316123324e-07 0.9998958307 -0.01443356431 4.800423878e-05 -0.01443356431 -0.9998958295 5.372190451e-08 -0.002795109942 0
0.02261072877 0.01041947603 -0.003275616276 -2.002469486e-05 0.005765438036 0.5099565455 -2.540509398e-06 0.001440828903 0.2549945536 -0.9999999932 -1.74812757e-06 -0.0001166061593 8.754140129e-07 0.999746947 -0.02249537437 0.0001166159766 -0.02249537432 -0.9997469402 3.159441581e-08 -0.004356569648 0
0.02981430502 0.01373902804 -0.004319198369 -3.481578766e-05 0.007601965053 0.5099244482 -4.424809094e-06 0.001900971094 0.2549905138 -0.9999999794 -4.008498819e-06 -0.000202720784 2.00595491e-06 0.9995600466 -0.02965995896 0.0002027504882 -0.02965995876 -0.9995600261 2.563317833e-08 -0.00574453383 0
0.03701788128 0.01705858005 -0.005362780461 -5.367070334e-05 0.009438252955 0.5098835322 -6.82804818e-06 0.002361043244 0.2549853613 -0.9999999511 -7.672874393e-06 -0.0003124759465 3.838536361e-06 0.9993218145 -0.03682269649 0.0003125465657 -0.03682269589 -0.9993217657 1.094005633e-07 -0.007132498013 0
0.04422145753 0.02037813206 -0.006406362553 -7.658873022e-05 0.01127424399 0.509833799 -9.749871144e-06 0.00282103556 0.254979097 -0.9999999005 -1.308008782e-05 -0.0004458535317 6.54260954e-06 0.9990322734 -0.04398314103 0.0004459973707 -0.04398313957 -0.9990321739 2.174120042e-07 -0.008520462195 0
0.05142503379 0.02369768407 -0.007449944645 -0.0001035690032 0.01310988041 0.5097752506 -1.319008811e-05 0.003280956137 0.2549717213 -0.9999998181 -2.056871748e-05 -0.0006028315244 1.028751429e-05 0.9986914507 -0.05114084694 0.0006030945913 -0.05114084383 -0.9986912688 3.478352297e-07 -0.009908426378 0
0.05862861004 0.02701723608 -0.008493526737 -0.0001346105041 0.01494510449 0.5097078892 -1.714858326e-05 0.003740813152 0.2549632343 -0.9999996927 -3.047703704e-05 -0.0007833840124 1.52424575e-05 0.9982993788 -0.05829536885 0.0007838284431 -0.05829536288 -0.9982990716 4.99850306e-07 -0.01129639056 0
0.0658321863 0.03033678809 -0.009537108829 -0.0001697120611 0.01677985852 0.5096317172 -2.162527347e-05 0.00420061208 0.2549536364 -0.9999995115 -4.314296589e-05 -0.0009874811894 2.157649147e-05 0.997856095 -0.06544626175 0.0009881876694 -0.06544625109 -0.9978556066 6.730497226e-07 -0.01268435474 0
0.07303576256 0.0336563401 -0.01058069092 -0.0002088723494 0.01861408481 0.5095467377 -2.662008955e-05 0.004660355902 0.2549429276 -0.99999926 -5.890401968e-05 -0.001215089359 2.945849234e-05 0.9973616414 -0.07259308101 0.001216159542 -0.07259306309 -0.9973609017 8.672338995e-07 -0.01407231893 0
0.08023933881 0.03697589211 -0.01162427301 -0.0002520898911 0.02044772569 0.5094529537 -3.213296747e-05 0.005120045748 0.2549311081 -0.9999989221 -7.809726087e-05 -0.001466170941 3.90571385e-05 0.9968160649 -0.07973538243 0.001467729862 -0.07973535375 -0.9968149874 1.082317182e-06 -0.01546028311 0
0.08744291507 0.04029544412 -0.01266785511 -0.0002993630551 0.02228072353 0.5093503688 -3.816384382e-05 0.005579681435 0.2549181781 -0.9999984799 -0.0001010592493 -0.001740684471 5.054088904e-05 0.9962194174 -0.08687272231 0.001742882962 -0.08687267823 -0.9962178979 1.318281138e-06 -0.01684824729 0
0.09464649132 0.04361499613 -0.0137114372 -0.0003506900571 0.02411302069 0.5092389869 -4.471265351e-05 0.006039261857 0.2549041376 -0.9999979139 -0.000128125993 -0.002038584614 6.407796221e-05 0.9955717555 -0.09400465746 0.002041601703 -0.09400459198 -0.9955696704 1.57514996e-06 -0.01823621147 0
0.1018500676 0.04693454814 -0.01475501929 -0.0004060689604 0.0259445596 0.5091188122 -5.177932846e-05 0.006498785261 0.2548889868 -0.9999972029 -0.0001596328988 -0.002359822163 7.983631398e-05 0.9948731406 -0.1011307453 0.00236386748 -0.1011306508 -0.9948703451 1.852976832e-06 -0.01962417566 0
0.1090536438 0.05025410015 -0.01579860138 -0.0004654976748 0.02777528271 0.5089898492 -5.936379686e-05 0.006958249426 0.2548727259 -0.9999963241 -0.0001959147232 -0.002704344048 9.798361651e-05 0.9941236393 -0.1082505438 0.002709660223 -0.1082504109 -0.9941199657 2.151836046e-06 -0.02101213984 0
0.1162572201 0.05357365216 -0.01684218347 -0.0005289739578 0.02960513247 0.5088521029 -6.74659827e-05 0.007417651791 0.254855355 -0.999995253 -0.0002373055234 -0.003072093347 0.0001186872368 0.9933233225 -0.1153636118 0.003078958393 -0.1153634288 -0.993318579 2.471818255e-06 -0.02240010402 0
0.1234607963 0.05689320417 -0.01788576557 -0.0005964954141 0.03143405143 0.5087055783 -7.608580549e-05 0.00787698955 0.2548368744 -0.9999939634 -0.000284138608 -0.003463009286 0.0001421142151 0.9924722662 -0.1224695086 0.003471738989 -0.1224692614 -0.9924662347 2.813027504e-06 -0.0237880682 0
0.1306643726 0.06021275618 -0.01892934766 -0.0006680594958 0.03326198212 0.508550281 -8.52231801e-05 0.008336259707 0.2548172842 -0.9999924276 -0.0003367464885 -0.003877027252 0.000168431244 0.9915705513 -0.1295677944 0.003887977549 -0.1295674663 -0.9915629861 3.175579321e-06 -0.02517603239 0
0.1378679489 0.06353230819 -0.01997292975 -0.0007436635027 0.03508886715 0.508386217 -9.487801663e-05 0.008795459127 0.2547965845 -0.9999906161 -0.0003954608303 -0.004314078801 0.0001978046467 0.9906182633 -0.1366580303 0.004327648147 -0.1366576013 -0.9906088893 3.559599445e-06 -0.02656399657 0
0.1450715251 0.0668518602 -0.02101651184 -0.0008233045822 0.03691464915 0.5082133923 -0.0001050502203 0.009254584565 0.2547747757 -0.9999884979 -0.000460612404 -0.004774091666 0.0002304003557 0.9896154926 -0.1437397781 0.0047907234 -0.1437392247 -0.9896040038 3.965222957e-06 -0.02795196075 0
0.1522751014 0.07017141221 -0.02206009393 -0.0009069797294 0.03873927081 0.5080318134 -0.0001157396916 0.009713632693 0.2547518579 -0.9999860401 -0.0005325310366 -0.005256989767 0.0002663838922 0.9885623342 -0.1508126006 0.005277174466 -0.1508118956 -0.9885483921 4.392593651e-06 -0.02933992493 0
0.1594786776 0.07349096422 -0.02310367603 -0.0009946857877 0.04056267486 0.5078414874 -0.0001269463258 0.01017260012 0.2547278313 -0.9999832085 -0.0006115455637 -0.005762693222 0.0003059203442 0.9874588881 -0.1578760615 0.005786971046 -0.1578751735 -0.9874421201 4.841863601e-06 -0.03072788912 0
0.1666822539 0.07681051623 -0.02414725812 -0.001086419448 0.0423848041 0.5076424212 -0.0001386700134 0.01063148339 0.2547026962 -0.9999799671 -0.0006979837805 -0.006291118354 0.0003491743458 0.9863052589 -0.1649297257 0.00632008139 -0.1649286183 -0.9862852566 5.313192802e-06 -0.0321158533 0
0.1747862772 0.08054501224 -0.02532128797 -0.001194429745 0.04443310451 0.5074080341 -0.0001524770596 0.01114762215 0.2546730945 -0.9999757837 -0.0008045071479 -0.006912647091 0.0004024831094 0.984947578 -0.1728528469 0.00694765636 -0.1728514433 -0.9849234024 5.870014908e-06 -0.033677313 0
0.1819898534 0.08386456425 -0.02636487007 -0.001294710381 0.04625233503 0.5071904206 -0.0001652990993 0.01160631499 0.2546456047 -0.9999715445 -0.0009078040575 -0.007489060708 0.0004541813452 0.9836876788 -0.1798842525 0.007530196399 -0.1798825352 -0.9836592752 6.388785997e-06 -0.03506527719 0
0.1891934297 0.08718411626 -0.02740845216 -0.001399007303 0.0480701123 0.5069640916 -0.000178637818 0.01206491267 0.2546170071 -0.9999667726 -0.001019541783 -0.008087910197 0.0005101084549 0.9823779541 -0.186904508 0.008135941627 -0.1869024234 -0.9823447921 6.930164827e-06 -0.03645324137 0
0.1963970059 0.09050366827 -0.02845203425 -0.001507316576 0.04988637932 0.5067290556 -0.0001924930855 0.01252341164 0.2545873022 -0.9999614252 -0.001140043321 -0.008709096358 0.0005704269782 0.9810185279 -0.1939131829 0.008764854318 -0.1939106707 -0.980980035 7.494341805e-06 -0.03784120555 0
0.2036005822 0.09382322028 -0.02949561634 -0.001619634116 0.0517010792 0.5064853216 -0.0002068647667 0.01298180828 0.2545564901 -0.9999554582 -0.001269630384 -0.009352516263 0.0006352988935 0.9796095291 -0.2009098478 0.0094168953 -0.2009068405 -0.979565089 8.081514319e-06 -0.03922916973 0
0.2108041584 0.09714277229 -0.03053919843 -0.001735955686 0.05351415507 0.5062328986 -0.0002217527214 0.01344009901 0.2545245712 -0.9999488258 -0.001408623349 -0.01001806327 0.0007048855973 0.9781510911 -0.2078940745 0.01009202396 -0.2078904973 -0.978100042 8.691886613e-06 -0.04061713392 0
0.2180077347 0.1004623243 -0.03158278053 -0.001856276901 0.05532555016 0.5059717961 -0.0002371568045 0.01389828021 0.2544915458 -0.9999414804 -0.001557341214 -0.01070562702 0.0007793478837 0.9766433519 -0.2148654363 0.01079019826 -0.2148612059 -0.9765849855 9.325669684e-06 -0.0420050981 0
0.225211311 0.1037818763 -0.03262636262 -0.001980593224 0.05713520775 0.5057020242 -0.0002530768656 0.01435634824 0.2544574142 -0.9999333731 -0.001716101551 -0.01141509348 0.0008588459235 0.9750864545 -0.2218235078 0.0115113747 -0.2218185322 -0.9750200137 9.983081177e-06 -0.04339306228 0
0.2324148872 0.1071014283 -0.03366994471 -0.002108899967 0.05894307121 0.5054235928 -0.0002695127497 0.01481429948 0.2544221768 -0.9999244533 -0.001885220455 -0.01214634494 0.0009435392439 0.9734805461 -0.2287678651 0.01225550837 -0.2287620429 -0.9734052241 1.066434528e-05 -0.04478102646 0
0.2396184635 0.1104209803 -0.0347135268 -0.002241192294 0.06074908398 0.5051365125 -0.0002864642964 0.01527213028 0.2543858339 -0.9999146688 -0.002065012502 -0.01289926003 0.001033586708 0.9718257787 -0.2356980855 0.01302255292 -0.2356913056 -0.9717407173 1.136969264e-05 -0.04616899065 0
0.2468220397 0.1137405323 -0.03575710889 -0.002377465217 0.06255318956 0.5048407942 -0.0003039313405 0.015729837 0.2543483858 -0.9999039659 -0.002255790702 -0.01367371374 0.001129146495 0.9701223089 -0.2426137482 0.01381246058 -0.2426058886 -0.9700265969 1.209936026e-05 -0.04755695483 0
0.254025616 0.1170600844 -0.03680069099 -0.002517713599 0.06435533156 0.5045364489 -0.0003219137118 0.01618741598 0.2543098331 -0.9998922893 -0.002457866447 -0.01446957742 0.001230376078 0.9683702977 -0.2495144337 0.01462518215 -0.2495053613 -0.9682629698 1.28535914e-05 -0.04894491901 0
0.2612291922 0.1203796364 -0.03784427308 -0.002661932155 0.06615545365 0.5042234882 -0.0003404112348 0.01664486357 0.2542701759 -0.9998795823 -0.002671549474 -0.01528671884 0.001337432208 0.9665699109 -0.2563997242 0.01546066702 -0.256389294 -0.9664499458 1.363263551e-05 -0.05033288319 0
0.2684327685 0.1236991884 -0.03888785517 -0.002810115448 0.0679534996 0.5039019239 -0.0003594237293 0.01710217612 0.2542294147 -0.9998657864 -0.002897147811 -0.01612500215 0.001450470888 0.9647213187 -0.2632692034 0.01631886314 -0.2632572579 -0.9645876377 1.443674813e-05 -0.05172084738 0
0.2756363447 0.1270187404 -0.03993143726 -0.002962257895 0.06974941324 0.5035717679 -0.0003789510099 0.01755934995 0.25418755 -0.9998508418 -0.003134967737 -0.01698428795 0.001569647358 0.9628246956 -0.2701224569 0.01719971706 -0.2701088253 -0.9626761617 1.526619078e-05 -0.05310881156 0
0.282839921 0.1303382924 -0.04097501935 -0.003118353762 0.07154313852 0.5032330329 -0.0003989928864 0.01801638142 0.2541445821 -0.9998346872 -0.003385313733 -0.01786443326 0.001695116074 0.960880221 -0.276959072 0.01810317393 -0.2769435694 -0.9607156366 1.61212309e-05 -0.05449677574 0
0.2900434973 0.1336578444 -0.04201860145 -0.003278397169 0.07333461947 0.5028857316 -0.0004195491633 0.01847326685 0.2541005115 -0.9998172595 -0.003648488439 -0.01876529159 0.001827030685 0.9588880784 -0.2837786376 0.01902917747 -0.2837610645 -0.9587061848 1.700214177e-05 -0.05588473992 0
0.2972470735 0.1369773964 -0.04306218354 -0.003442382086 0.07512380021 0.502529877 -0.0004406196402 0.01893000258 0.2540553385 -0.9997984944 -0.003924792606 -0.01968671291 0.001965544019 0.9568484559 -0.2905807446 0.01997767001 -0.290560886 -0.9566479312 1.790920238e-05 -0.05727270411 0
0.3044506498 0.1402969484 -0.04410576563 -0.003610302334 0.07691062495 0.5021654825 -0.0004622041118 0.01938658495 0.2540090637 -0.9997783259 -0.004214525056 -0.02062854371 0.002110808056 0.954761546 -0.2973649856 0.02094859246 -0.2973426104 -0.9545410041 1.884269737e-05 -0.05866066829 0
0.311654226 0.1436165004 -0.04514934772 -0.00378215159 0.07869503803 0.501792562 -0.0004843023677 0.01984301029 0.2539616875 -0.9997566867 -0.004517982633 -0.02159062699 0.002262973918 0.9526275457 -0.3041309554 0.02194188437 -0.3041058153 -0.9523855347 1.980291695e-05 -0.06004863247 0
0.3188578023 0.1469360524 -0.04619292982 -0.00395792338 0.08047698386 0.5014111293 -0.0005069141924 0.02029927493 0.2539132104 -0.999733508 -0.004835460163 -0.02257280231 0.00242219184 0.9504466563 -0.3108782505 0.02295748387 -0.3108500795 -0.9501816574 2.079015679e-05 -0.06143659665 0
0.3269618256 0.1506705485 -0.04736695967 -0.004160347052 0.0824786547 0.5009718609 -0.0005329660959 0.020812376 0.2538573582 -0.9997055039 -0.005209745048 -0.02370156161 0.002609927322 0.9479373645 -0.3184461355 0.02412661902 -0.3184142137 -0.9476446036 2.193347434e-05 -0.06299805636 0
0.3341654018 0.1539901005 -0.04841054176 -0.004344432067 0.08425517355 0.5005723882 -0.0005566685165 0.02126828699 0.2538065432 -0.9996788182 -0.005557984407 -0.0247258841 0.002784625562 0.9456575236 -0.3251524164 0.02518941039 -0.3251168356 -0.9453383187 2.297913847e-05 -0.06438602054 0
0.3413689781 0.1573096525 -0.04945412385 -0.004532418444 0.08602905213 0.5001644494 -0.0005808838005 0.02172402584 0.2537546288 -0.9996503682 -0.005921151541 -0.02576977518 0.002966839453 0.9433314504 -0.3318387748 0.02627430707 -0.3317992082 -0.9429840647 2.405278118e-05 -0.06577398473 0
0.3485725543 0.1606292045 -0.05049770595 -0.004724299107 0.0878002353 0.4997480597 -0.000605611712 0.02217958886 0.2537016155 -0.9996200792 -0.00629953248 -0.02683306037 0.003156715386 0.940959364 -0.3385048159 0.0273812415 -0.3384609152 -0.9405819882 2.515471981e-05 -0.06716194891 0
0.3557761306 0.1639487565 -0.05154128804 -0.004920066832 0.08956866805 0.499323235 -0.0006308520098 0.02263497241 0.2536475038 -0.9995878749 -0.00669341101 -0.02791556185 0.003354398776 0.9385414877 -0.3451501469 0.02851014474 -0.3451015417 -0.9381322388 2.628527673e-05 -0.06854991309 0
0.3629797068 0.1672683085 -0.05258487013 -0.005119714251 0.09133429545 0.4988899912 -0.0006566044481 0.02309017282 0.2535922943 -0.9995536776 -0.007103068633 -0.02901709847 0.003560034038 0.936078049 -0.3517743771 0.02966094647 -0.3517206742 -0.9356349692 2.744477926e-05 -0.06993787727 0
0.3701832831 0.1705878605 -0.05362845222 -0.00532323385 0.09309706271 0.4984483446 -0.0006828687758 0.02354518643 0.2535359876 -0.9995174082 -0.007528784522 -0.03013748581 0.003773764567 0.9335692795 -0.3583771184 0.03083357502 -0.3583179003 -0.9330903348 2.863355959e-05 -0.07132584146 0
0.3773868594 0.1739074125 -0.05467203431 -0.005530617973 0.09485691516 0.4979983118 -0.0007096447368 0.02400000958 0.2534785841 -0.9994789863 -0.007970835482 -0.03127653616 0.003995732726 0.9310154153 -0.3649579846 0.03202795735 -0.3648928092 -0.9304984942 2.985195468e-05 -0.07271380564 0
0.3845904356 0.1772269645 -0.05571561641 -0.005741858815 0.09661379825 0.4975399097 -0.0007369320702 0.02445463861 0.2534200844 -0.99943833 -0.008429495907 -0.03243405855 0.004226079822 0.9284166963 -0.3715165921 0.03324401908 -0.3714449913 -0.9278596088 3.110030619e-05 -0.07410176982 0
0.3917940119 0.1805465165 -0.0567591985 -0.005956948431 0.09836765754 0.4970731556 -0.00076473051 0.02490906987 0.2533604892 -0.999395356 -0.008905037737 -0.03360985882 0.00446494609 0.9257733667 -0.3780525596 0.03448168446 -0.3779740386 -0.9251738429 3.237896039e-05 -0.075489734 0
0.3989975881 0.1838660686 -0.05780278059 -0.00617587873 0.1001184387 0.4965980671 -0.0007930397853 0.02536329969 0.253299799 -0.9993499799 -0.009397730419 -0.03480373959 0.004712470676 0.9230856746 -0.3845655081 0.03574087641 -0.3844795444 -0.9224413638 3.368826811e-05 -0.07687769819 0
0.4062011644 0.1871856206 -0.05884636268 -0.006398641478 0.1018660877 0.496114662 -0.00082185962 0.02581732443 0.2532380144 -0.9993021157 -0.009907840868 -0.03601550032 0.004968791616 0.9203538723 -0.3910550613 0.0370215165 -0.3909611036 -0.9196623417 3.502858459e-05 -0.07826566237 0
0.4134047406 0.1905051726 -0.05988994478 -0.006625228298 0.1036105503 0.4956229584 -0.0008511897334 0.02627114043 0.2531751361 -0.9992516761 -0.01043563342 -0.03724493733 0.005234045822 0.917578216 -0.397520845 0.03832352496 -0.3974183124 -0.9168369498 3.640026947e-05 -0.07965362655 0
0.4206083169 0.1938247246 -0.06093352687 -0.006855630672 0.1053517727 0.495122975 -0.0008810298394 0.02672474404 0.2531111646 -0.9991985726 -0.0109813698 -0.03849184381 0.005508369061 0.9147589662 -0.4039624879 0.03964682072 -0.4038507686 -0.9139653638 3.780368669e-05 -0.08104159073 0
0.4278118931 0.1971442766 -0.06197710896 -0.007089839938 0.1070897011 0.4946147304 -0.0009113796473 0.02717813161 0.2530461005 -0.9991427153 -0.01154530909 -0.03975600989 0.00579189594 0.9118963869 -0.4103796212 0.04099132134 -0.4102580717 -0.9110477629 3.923920438e-05 -0.08242955492 0
0.4350154694 0.2004638286 -0.06302069105 -0.007327847291 0.1088242819 0.4940982438 -0.0009422388611 0.02763129951 0.2529799446 -0.999084013 -0.01212770764 -0.04103722259 0.006084759887 0.9089907464 -0.4167718785 0.04235694309 -0.4166398225 -0.9080843285 4.070719483e-05 -0.0838175191 0
0.4422190457 0.2037833806 -0.06406427314 -0.007569643788 0.1105554615 0.4935735346 -0.0009736071802 0.02808424408 0.2529126975 -0.9990223733 -0.01272881912 -0.04233526596 0.006387093136 0.9060423167 -0.4231388962 0.04374360091 -0.4229956236 -0.9050752454 4.220803438e-05 -0.08520548328 0
0.4494226219 0.2071029326 -0.06510785524 -0.007815220342 0.1122831867 0.4930406225 -0.001005484299 0.02853696168 0.2528443598 -0.9989577025 -0.01334889439 -0.04364992098 0.006699026707 0.9030513736 -0.4294803134 0.04515120844 -0.4293250791 -0.9020207009 4.374210338e-05 -0.08659344746 0
0.4566261982 0.2104224846 -0.06615143733 -0.008064567726 0.1140074042 0.4924995275 -0.001037869906 0.02898944867 0.2527749322 -0.9988899056 -0.01398818151 -0.0449809657 0.007020690391 0.9000181971 -0.4357957719 0.04657967801 -0.4356277949 -0.8989208853 4.530978606e-05 -0.08798141165 0
0.4638297744 0.2137420366 -0.06719501942 -0.008317676575 0.115728061 0.49195027 -0.001070763686 0.02944170141 0.2527044154 -0.9988188864 -0.0146469257 -0.04632817521 0.007352212735 0.8969430706 -0.4420849162 0.04802892065 -0.4419033782 -0.8957759916 4.691147052e-05 -0.08936937583 0
0.4719337977 0.2174765327 -0.06836904927 -0.008606908311 0.1176594777 0.4913226242 -0.001108376215 0.02995020123 0.252623783 -0.9987350167 -0.01541157182 -0.04786282409 0.007737117982 0.8934337678 -0.4491283108 0.04968403648 -0.4489304913 -0.8921843478 4.875449634e-05 -0.09093083553 0
0.479137374 0.2207960847 -0.06941263137 -0.008867978532 0.1193723924 0.4907560902 -0.001142348793 0.03040194413 0.252550954 -0.998656825 -0.01611246326 -0.04924362371 0.008090011001 0.8902704562 -0.45536037 0.05117712058 -0.4551471228 -0.8889443171 5.042974027e-05 -0.09231879972 0
0.4863409502 0.2241156367 -0.07045621346 -0.009132780045 0.1210815814 0.490181459 -0.001176828525 0.03085344144 0.252477038 -0.9985751024 -0.0168335593 -0.05063986661 0.00845315617 0.8870661048 -0.4615650223 0.0526906914 -0.4613354062 -0.8856598298 5.214022271e-05 -0.0937067639 0
0.4935445265 0.2274351887 -0.07149979555 -0.00940130291 0.1227869924 0.4895987524 -0.001211815075 0.03130468951 0.2524020358 -0.9984897479 -0.01757509302 -0.05205131604 0.008826676722 0.8838210125 -0.4677419241 0.05422465467 -0.467494956 -0.8823310903 5.388634687e-05 -0.09509472808 0
0.5007481027 0.2307547407 -0.07254337764 -0.009673537049 0.1244885731 0.4890079922 -0.001247308103 0.03175568474 0.2523259481 -0.9984006589 -0.01833729446 -0.05347773247 0.009210694558 0.8805354818 -0.4738907346 0.05577891487 -0.4736253888 -0.878958306 5.56685194e-05 -0.09648269226 0
0.507951679 0.2340742927 -0.07358695973 -0.009949472245 0.1261862714 0.4884092005 -0.001283307263 0.03220642349 0.2522487756 -0.9983077321 -0.01912039058 -0.05491887359 0.009605330237 0.8772098188 -0.480011116 0.05735337517 -0.4797263225 -0.8755416871 5.74871504e-05 -0.09787065645 0
0.5151552552 0.2373938447 -0.07463054183 -0.01022909814 0.1278800353 0.4878023998 -0.001319812203 0.03265690214 0.2521705191 -0.9982108627 -0.01992460526 -0.05637449439 0.01001070296 0.873844333 -0.4861027336 0.05894793752 -0.4857973774 -0.8720814462 5.93426533e-05 -0.09925862063 0
0.5223588315 0.2407133967 -0.07567412392 -0.01051240426 0.1295698131 0.4871876128 -0.001356822568 0.03310711708 0.2520911794 -0.998109945 -0.0207501592 -0.05784434714 0.01042693054 0.8704393376 -0.4921652555 0.06056250261 -0.4918381751 -0.8685777989 6.123544485e-05 -0.1006465848 0
0.5295624078 0.2440329487 -0.07671770601 -0.01079937996 0.131255553 0.4865648627 -0.001394337997 0.03355706469 0.2520107573 -0.9980048721 -0.02159726994 -0.05932818148 0.01085412941 0.8669951492 -0.4981983532 0.06219696987 -0.4978483395 -0.8650309635 6.316594501e-05 -0.102034549 0
0.536765984 0.2473525007 -0.0777612881 -0.01109001448 0.1329372037 0.4859341728 -0.001432358125 0.03400674136 0.2519292535 -0.997895536 -0.02246615183 -0.06082574439 0.01129241459 0.8635120879 -0.5042017011 0.06385123751 -0.5038274963 -0.8614411608 6.51345769e-05 -0.1034225132 0
0.5439695603 0.2506720528 -0.0788048702 -0.01138429693 0.1346147138 0.4852955667 -0.00147088258 0.03445614348 0.2518466689 -0.9977818277 -0.02335701595 -0.06233678027 0.01174189969 0.8599904772 -0.5101749768 0.06552520249 -0.509775273 -0.8578086144 6.714176677e-05 -0.1048104774 0
0.5511731365 0.2539916048 -0.07984845229 -0.01168221628 0.1362880323 0.4846490684 -0.001509910988 0.03490526745 0.2517630043 -0.9976636369 -0.02427007011 -0.06386103097 0.01220269687 0.8564306438 -0.5161178611 0.06721876055 -0.5156912992 -0.8541335505 6.918794391e-05 -0.1061984415 0
0.5583767128 0.2573111568 -0.08089203438 -0.01198376136 0.1379571082 0.4839947021 -0.001549442967 0.03535410965 0.2516782605 -0.9975408526 -0.02520551882 -0.0653982358 0.01267491685 0.8528329179 -0.5220300381 0.06893180621 -0.5215752064 -0.8504161982 7.12735406e-05 -0.1075864057 0
0.565580289 0.2606307088 -0.08193561647 -0.01228892086 0.1396218908 0.4833324924 -0.001589478133 0.0358026665 0.2515924383 -0.9974133625 -0.02616356322 -0.06694813157 0.01315866888 0.8491976329 -0.5279111948 0.07066423278 -0.5274266282 -0.8466567888 7.339899206e-05 -0.1089743699 0
0.5727838653 0.2639502608 -0.08297919856 -0.01259768336 0.1412823294 0.4826624639 -0.001630016096 0.03625093438 0.2515055386 -0.9972810533 -0.02714440111 -0.06851045265 0.01365406073 0.8455251256 -0.533761022 0.07241593236 -0.5332452001 -0.8428555566 7.55647364e-05 -0.1103623341 0
0.5799874415 0.2672698128 -0.08402278066 -0.0129100373 0.1429383737 0.4819846419 -0.001671056459 0.03669890972 0.2514175623 -0.997143811 -0.02814822686 -0.07008493098 0.01416119868 0.8418157357 -0.5395792134 0.07418679585 -0.5390305598 -0.8390127383 7.777121454e-05 -0.1117502983 0
0.5871910178 0.2705893648 -0.08506636275 -0.01322597096 0.1445899735 0.4812990518 -0.001712598823 0.03714658891 0.2513285102 -0.9970015202 -0.02917523142 -0.07167129611 0.0146801875 0.8380698065 -0.5453654661 0.07597671294 -0.5447823468 -0.8351285732 8.00188702e-05 -0.1131382625 0
0.594394594 0.2739089168 -0.08610994484 -0.01354547253 0.1462370787 0.4806057191 -0.001754642783 0.03759396837 0.2512383832 -0.9968540647 -0.03022560227 -0.07326927525 0.01521113045 0.8342876839 -0.5511194807 0.07778557217 -0.5505002029 -0.8312033032 8.230814982e-05 -0.1145262266 0
0.6015981703 0.2772284688 -0.08715352693 -0.01386853004 0.1478796394 0.4799046699 -0.00179718793 0.03804104451 0.2511471822 -0.9967013274 -0.03129952337 -0.07487859328 0.01575412923 0.8304697174 -0.5568409611 0.07961326087 -0.5561837721 -0.827237173 8.463950251e-05 -0.1159141908 0
0.6088017466 0.2805480209 -0.08819710902 -0.01419513139 0.1495176061 0.4791959303 -0.001840233848 0.03848781375 0.2510549081 -0.9965431903 -0.03239717518 -0.07649897281 0.01630928403 0.8266162592 -0.5625296146 0.08145966521 -0.5618327003 -0.8232304294 8.701338e-05 -0.117302155 0
0.6160053228 0.2838675729 -0.08924069112 -0.01452526438 0.1511509293 0.478479527 -0.001883780118 0.03893427251 0.2509615618 -0.9963795344 -0.0335187346 -0.07813013422 0.01687669345 0.8227276646 -0.5681851522 0.08332467017 -0.5674466357 -0.819183322 8.943023663e-05 -0.1186901192 0
0.6241093461 0.2876020689 -0.09041472097 -0.01490087 0.1529828061 0.477664446 -0.00193336722 0.03943616305 0.2508552668 -0.9961886754 -0.03480928165 -0.0799777275 0.01752979792 0.818311443 -0.5745076923 0.08544488966 -0.5737200504 -0.8145823928 9.220114276e-05 -0.1202515789 0
0.6313129224 0.2909216209 -0.09145830306 -0.01523846653 0.1546060984 0.4769318464 -0.001977975322 0.03988195018 0.2507596452 -0.9960128928 -0.03598221566 -0.08163086189 0.01812356863 0.8143493769 -0.580091914 0.08734903386 -0.5792584678 -0.8104503524 9.471085004e-05 -0.1216395431 0
0.6385164986 0.2942411729 -0.09250188515 -0.01557955566 0.1562245939 0.4761916678 -0.002023082434 0.04032741567 0.2506629543 -0.9958312137 -0.03717958683 -0.08329389027 0.01872989192 0.8103533037 -0.5856421385 0.0892714119 -0.5847608072 -0.8062787443 9.726497235e-05 -0.1230275073 0
0.6457200749 0.2975607249 -0.09354546725 -0.01592412464 0.1578382438 0.4754439377 -0.002068688115 0.04077255596 0.2505651951 -0.9956435156 -0.03840155709 -0.08496652415 0.01934885985 0.8063235906 -0.5911580912 0.09121190403 -0.5902267256 -0.8020678281 9.986397418e-05 -0.1244154714 0
0.6529236511 0.3008802769 -0.09458904934 -0.01627216059 0.1594469998 0.4746886841 -0.002114791921 0.04121736748 0.2504663685 -0.9954496751 -0.03964828466 -0.086648473 0.01998056281 0.8022606078 -0.5966395011 0.09317038939 -0.5956558828 -0.7978178663 0.0001025083224 -0.1258034356 0
0.6601272274 0.3041998289 -0.09563263143 -0.0166236505 0.1610508137 0.4739259353 -0.002161393402 0.04166184668 0.2503664756 -0.9952495679 -0.04091992404 -0.08833944427 0.0206250896 0.798164728 -0.6020861007 0.09514674601 -0.6010479406 -0.7935291235 0.0001051984861 -0.1271913998 0
0.6673308036 0.3075193809 -0.09667621352 -0.01697858125 0.1626496372 0.4731557197 -0.002208492105 0.04210599 0.2502655173 -0.995043069 -0.04221662597 -0.09003914346 0.02128252734 0.7940363266 -0.6074976264 0.09714085079 -0.6064025631 -0.7892018668 0.0001079349369 -0.128579364 0
0.6745343799 0.3108389329 -0.09771979562 -0.01733693957 0.1642434228 0.4723780661 -0.00225608757 0.04254979389 0.2501634946 -0.9948300525 -0.04353853744 -0.09174727411 0.02195296151 0.7898757819 -0.6128738178 0.09915257954 -0.6117194168 -0.7848363658 0.0001107181483 -0.1299673282 0
0.6817379561 0.314158485 -0.09876337771 -0.01769871208 0.1658321226 0.4715930036 -0.002304179333 0.04299325481 0.2500604085 -0.994610392 -0.04488580161 -0.09346353789 0.02263647592 0.7856834746 -0.6182144189 0.101181807 -0.6169981706 -0.7804328923 0.0001135485963 -0.1313552924 0
0.6889415324 0.317478037 -0.0998069598 -0.01806388528 0.1674156893 0.4708005614 -0.002352766925 0.04343636921 0.24995626 -0.9943839601 -0.04625855782 -0.09518763461 0.0233331527 0.781459788 -0.6235191767 0.1032284067 -0.6222384957 -0.7759917206 0.0001164267589 -0.1327432565 0
0.6961451087 0.320797589 -0.1008505419 -0.01843244554 0.1689940757 0.4700007692 -0.002401849873 0.04387913355 0.2498510503 -0.9941506287 -0.04765694157 -0.09691926226 0.02404307226 0.7772051079 -0.6287878425 0.1052922512 -0.6274400658 -0.7715131274 0.0001193531164 -0.1341312207 0
0.7033486849 0.324117141 -0.101894124 -0.01880437909 0.1705672349 0.4691936568 -0.002451427699 0.04432154429 0.2497447802 -0.9939102691 -0.04908108448 -0.09865811707 0.02476631334 0.7729198227 -0.6340201712 0.1073732119 -0.6326025568 -0.7669973915 0.0001223281509 -0.1355191849 0
0.7105522612 0.327436693 -0.1029377061 -0.01917967208 0.1721351199 0.4683792542 -0.002501499918 0.04476359791 0.2496374509 -0.993662752 -0.05053111427 -0.1004038935 0.02550295296 0.768604323 -0.6392159213 0.1094711594 -0.6377256472 -0.7624447942 0.000125352347 -0.1369071491 0
0.7177558374 0.330756245 -0.1039812882 -0.01955831048 0.1736976844 0.4675575919 -0.002552066043 0.04520529088 0.2495290634 -0.9934079471 -0.05200715475 -0.1021562844 0.02625306641 0.7642590021 -0.6443748554 0.1115859628 -0.642809018 -0.757855619 0.0001284261909 -0.1382951133 0
0.7249594137 0.334075797 -0.1050248703 -0.0199402802 0.175254882 0.4667287006 -0.002603125581 0.04564661967 0.2494196187 -0.9931457238 -0.05350932578 -0.1039149809 0.02701672725 0.7598842553 -0.6494967398 0.1137174905 -0.6478523524 -0.7532301519 0.0001315501711 -0.1396830774 0
0.7321629899 0.337395349 -0.1060684524 -0.02032556698 0.1768066666 0.465892611 -0.002654678034 0.04608758075 0.2493091181 -0.9928759508 -0.05503774326 -0.1056796725 0.02779400729 0.7554804805 -0.6545813447 0.1158656098 -0.6528553365 -0.7485686809 0.000134724778 -0.1410710416 0
0.7393665662 0.340714901 -0.1071120344 -0.02071415647 0.1783529922 0.4650493545 -0.0027067229 0.04652817063 0.2491975625 -0.9925984959 -0.0565925191 -0.1074500472 0.02858497661 0.7510480775 -0.6596284442 0.1180301867 -0.6578176586 -0.7438714963 0.0001379505038 -0.1424590058 0
0.7465701424 0.344034453 -0.1081556165 -0.0211060342 0.1798938134 0.4641989623 -0.00275925967 0.04696838577 0.2490849531 -0.9923132268 -0.05817376124 -0.1092257914 0.0293897035 0.7465874487 -0.6646378162 0.1202110866 -0.6627390097 -0.7391388907 0.0001412278429 -0.14384697 0
0.7537737187 0.3473540051 -0.1091991986 -0.02150118555 0.1814290845 0.4633414662 -0.002812287834 0.04740822269 0.2489712909 -0.9920200101 -0.05978157354 -0.1110065901 0.03020825449 0.7420989983 -0.6696092428 0.1224081735 -0.6676190831 -0.7343711588 0.0001445572912 -0.1452349342 0
0.760977295 0.3506735571 -0.1102427807 -0.02189959582 0.1829587605 0.4624768981 -0.002865806874 0.04784767786 0.2488565772 -0.9917187122 -0.06141605587 -0.1127921268 0.03104069434 0.7375831328 -0.6745425098 0.1246213107 -0.6724575751 -0.7295685976 0.0001479393469 -0.1466228984 0
0.7681808712 0.3539931091 -0.1112863628 -0.02230125017 0.1844827964 0.4616052902 -0.002919816268 0.04828674779 0.248740813 -0.991409199 -0.06307730401 -0.1145820836 0.03188708601 0.7330402607 -0.6794374069 0.1268503603 -0.6772541841 -0.7247315063 0.0001513745098 -0.1480108625 0
0.7762848945 0.3577276051 -0.1124603927 -0.0227569704 0.1861905394 0.4606163569 -0.002981162308 0.04878023662 0.248609324 -0.9910510088 -0.06497831569 -0.1166006709 0.03285602952 0.7278977594 -0.6848980458 0.1293768885 -0.6825999343 -0.7192488793 0.0001553031723 -0.1495723222 0
0.7834884708 0.3610471571 -0.1135039748 -0.02316546864 0.1877024418 0.4597298975 -0.003036211951 0.04921847632 0.2484913313 -0.9907235898 -0.06669674055 -0.1183989587 0.03373226966 0.7232988637 -0.6897107276 0.1316392897 -0.6873065535 -0.7143394143 0.0001588528556 -0.1509602864 0
0.790692047 0.3643667091 -0.1145475569 -0.02357716387 0.1892085652 0.4588365004 -0.003091750287 0.04965631986 0.2483722918 -0.9903875327 -0.06844220418 -0.1202006647 0.03462264677 0.7186742506 -0.6944844086 0.1339171663 -0.6919703651 -0.7093963676 0.0001624572197 -0.1523482506 0
0.7978956233 0.3676862611 -0.1155911389 -0.02399204077 0.1907088654 0.457936199 -0.003147776775 0.05009376377 0.2482522066 -0.9900427013 -0.0702147854 -0.1220054655 0.03552721634 0.7140243367 -0.6992188953 0.1362103763 -0.6965910784 -0.7044200472 0.0001661167716 -0.1537362148 0
0.8050991995 0.3710058131 -0.116634721 -0.02441008392 0.1922032989 0.4570290267 -0.003204290869 0.05053080456 0.2481310769 -0.9896889588 -0.07201455892 -0.1238130368 0.03644603205 0.7093495401 -0.7039139981 0.1385187768 -0.7011684058 -0.6994107629 0.0001698320203 -0.155124179 0
0.8123027758 0.3743253651 -0.1176783031 -0.02483127778 0.1936918221 0.4561150172 -0.003261292017 0.05096743877 0.2480089039 -0.9893261683 -0.07384159526 -0.1256230531 0.03737914573 0.704650281 -0.7085695315 0.1408422242 -0.705702062 -0.6943688267 0.0001736034763 -0.1565121432 0
0.819506352 0.3776449171 -0.1187218852 -0.0252556067 0.1951743917 0.4551942045 -0.003318779664 0.05140366292 0.2478856888 -0.9889541923 -0.07569596076 -0.1274351876 0.03832660737 0.699926981 -0.7131853143 0.1431805737 -0.7101917648 -0.6892945528 0.0001774316519 -0.1579001073 0
0.8267099283 0.3809644692 -0.1197654673 -0.02568305492 0.1966509647 0.4542666227 -0.003376753249 0.05183947356 0.2477614328 -0.9885728929 -0.07757771759 -0.1292491127 0.03928846512 0.6951800635 -0.717761169 0.1455336797 -0.7146372346 -0.684188257 0.000181317061 -0.1592880715 0
0.8339135045 0.3842840212 -0.1208090494 -0.02611360656 0.1981214984 0.4533323064 -0.003435212207 0.05227486721 0.2476361372 -0.9881821319 -0.07948692366 -0.1310644997 0.04026476525 0.6904099536 -0.7222969227 0.1479013956 -0.7190381943 -0.6790502576 0.0001852602192 -0.1606760357 0
0.8411170808 0.3876035732 -0.1218526315 -0.02654724565 0.1995859504 0.4523912902 -0.003494155969 0.05270984042 0.2475098032 -0.9877817709 -0.08142363271 -0.132881019 0.04125555218 0.6856170779 -0.7267924063 0.1502835739 -0.72339437 -0.6738808744 0.0001892616436 -0.1620639999 0
0.8483206571 0.3909231252 -0.1228962136 -0.02698395609 0.2010442782 0.451443609 -0.003553583959 0.05314438974 0.247382432 -0.9873716708 -0.08338789422 -0.1346983398 0.04226086847 0.6808018643 -0.731247455 0.1526800663 -0.7277054903 -0.6686804295 0.0001933218531 -0.1634519641 0
0.8555242333 0.3942426772 -0.1239397957 -0.02742372167 0.20249644 0.4504892981 -0.003613495599 0.05357851173 0.2472540248 -0.9869516927 -0.08537975342 -0.1365161308 0.04328075479 0.6759647425 -0.7356619082 0.1550907235 -0.7319712867 -0.6634492467 0.000197441368 -0.1648399283 0
0.8627278096 0.3975622292 -0.1249833778 -0.0278665261 0.2039423939 0.4495283927 -0.003673890304 0.05401220293 0.2471245831 -0.9865216971 -0.08739925128 -0.1383340596 0.04431524994 0.6711061434 -0.7400356092 0.1575153954 -0.7361914935 -0.6581876519 0.0002016207104 -0.1662278924 0
0.8699313858 0.4008817812 -0.1260269599 -0.02831235294 0.2053820985 0.4485609285 -0.003734767485 0.05444545992 0.2469941079 -0.9860815443 -0.0894464245 -0.1401517931 0.04536439082 0.6662264993 -0.7443684059 0.1599539309 -0.7403658479 -0.6528959728 0.0002058604037 -0.1676158566 0
0.8771349621 0.4042013332 -0.127070542 -0.02876118569 0.2068155127 0.4475869413 -0.003796126549 0.05487827926 0.2468626007 -0.9856310945 -0.09152130551 -0.1419689976 0.04642821244 0.6613262438 -0.7486601501 0.1624061782 -0.7444940899 -0.6475745389 0.0002101609729 -0.1690038208 0
0.8843385383 0.4075208852 -0.128114124 -0.0292130077 0.2082425953 0.4466064674 -0.003857966897 0.05531065752 0.2467300628 -0.9851702074 -0.09362392243 -0.1437853385 0.04750674793 0.6564058118 -0.7529106979 0.1648719846 -0.7485759623 -0.6422236817 0.0002145229448 -0.170391785 0
0.8915421146 0.4108404372 -0.1291577061 -0.02966780224 0.2096633057 0.4456195429 -0.003920287927 0.05574259128 0.2465964953 -0.9846987429 -0.0957542991 -0.1456004805 0.04860002851 0.6514656394 -0.7571199098 0.1673511964 -0.7526112109 -0.6368437345 0.0002189468473 -0.1717797492 0
0.8987456908 0.4141599893 -0.1302012882 -0.03012555247 0.2110776034 0.4446262044 -0.003983089032 0.05617407712 0.2464618997 -0.9842165604 -0.09791245502 -0.1474140879 0.04970808347 0.6465061639 -0.7612876503 0.1698436593 -0.7565995845 -0.6314350324 0.0002234332101 -0.1731677133 0
0.9059492671 0.4174795413 -0.1312448703 -0.03058624145 0.2124854484 0.4436264888 -0.004046369598 0.05660511163 0.2463262773 -0.9837235194 -0.1000984054 -0.1492258244 0.05083094023 0.6415278234 -0.7654137883 0.172349218 -0.7605408345 -0.6259979122 0.0002279825643 -0.1745556775 0
0.9131528434 0.4207990933 -0.1322884524 -0.03104985213 0.2138868005 0.4426204329 -0.004110129009 0.05703569139 0.2461896294 -0.983219479 -0.1023121611 -0.151035353 0.05196862428 0.6365310576 -0.7694981967 0.1748677165 -0.7644347156 -0.6205327126 0.0002325954424 -0.1759436417 0
0.9203564196 0.4241186453 -0.1333320345 -0.03151636735 0.2152816204 0.441608074 -0.004174366643 0.057465813 0.2460519574 -0.9827042984 -0.1045537287 -0.1528423364 0.05312115917 0.6315163068 -0.7735407531 0.1773989978 -0.7682809851 -0.6150397739 0.0002372723786 -0.1773316059 0
0.9284604429 0.4278531413 -0.1345060644 -0.03204464734 0.2168429354 0.4404616828 -0.004247204828 0.05794914795 0.2458958539 -0.9821112286 -0.1071087386 -0.1548717298 0.05443553921 0.6258537639 -0.7780384555 0.1802617726 -0.7725508296 -0.6088274871 0.0002426111679 -0.1788930656 0
0.9356640192 0.4311726933 -0.1355496465 -0.03251727733 0.2182237435 0.4394360546 -0.004312456601 0.05837828472 0.2457560101 -0.981571907 -0.1094094082 -0.1566721826 0.05561970163 0.6208022615 -0.7819916885 0.1828196932 -0.776295133 -0.6032767411 0.000247426007 -0.1802810298 0
0.9428675954 0.4344922453 -0.1365932285 -0.03299275762 0.2195978971 0.4384042411 -0.004378184625 0.05880695274 0.2456151464 -0.9810210044 -0.1117378821 -0.1584690334 0.05681877615 0.6157341563 -0.7859027138 0.1853899014 -0.7799910862 -0.5976993307 0.0002523065823 -0.181668994 0
0.9500711717 0.4378117973 -0.1376368106 -0.03347107066 0.2209653577 0.4373662804 -0.004444388259 0.05923514863 0.2454732643 -0.9804583799 -0.1140941489 -0.1602619434 0.0580327784 0.6106498922 -0.7897714263 0.1879722371 -0.783638459 -0.5920956035 0.0002572534338 -0.1830569582 0
0.9572747479 0.4411313493 -0.1386803927 -0.03395219877 0.2223260869 0.4363222109 -0.004511066856 0.05966286899 0.2453303652 -0.9798838922 -0.1164781927 -0.1620505734 0.05926172205 0.605549914 -0.7935977255 0.1905665396 -0.7872370242 -0.5864659084 0.0002622671027 -0.1844449223 0
0.9644783242 0.4444509013 -0.1397239748 -0.0344361242 0.223680047 0.4352720711 -0.004578219768 0.06009011048 0.2451864503 -0.9792974004 -0.1188899935 -0.1638345842 0.06050561886 0.6004346672 -0.797381515 0.1931726472 -0.7907865577 -0.5808105961 0.0002673481318 -0.1858328865 0
0.9716819004 0.4477704534 -0.1407675569 -0.0349228291 0.2250272001 0.4342158997 -0.004645846339 0.0605168697 0.2450415213 -0.9786987633 -0.1213295268 -0.1656136364 0.06176447864 0.5953045979 -0.8011227028 0.1957903976 -0.7942868384 -0.5751300188 0.0002724970654 -0.1872208507 0
0.9788854767 0.4510900054 -0.141811139 -0.03541229551 0.2263675089 0.4331537357 -0.004713945911 0.06094314331 0.2448955794 -0.9780878401 -0.1237967636 -0.1673873904 0.06303830927 0.5901601526 -0.8048212012 0.1984196278 -0.7977376484 -0.5694245303 0.0002777144489 -0.1886088149 0
0.9860890529 0.4544095574 -0.1428547211 -0.03590450538 0.2277009362 0.4320856183 -0.004782517818 0.06136892795 0.2447486262 -0.9774644896 -0.1262916706 -0.1691555067 0.06432711667 0.5850017786 -0.8084769268 0.201060174 -0.8011387726 -0.5636944859 0.0002830008293 -0.1899967791 0
0.9932926292 0.4577291094 -0.1438983032 -0.03639944057 0.2290274452 0.4310115868 -0.004851561392 0.06179422026 0.2446006631 -0.9768285713 -0.1288142104 -0.1709176456 0.06563090483 0.5798299235 -0.8120898005 0.2037118718 -0.8044899993 -0.5579402426 0.0002883567547 -0.1913847432 0
1.000496205 0.4610486614 -0.1449418853 -0.03689708285 0.2303469994 0.4299316808 -0.004921075961 0.06221901689 0.2444516915 -0.9761799442 -0.1313643408 -0.1726734676 0.0669496758 0.5746450356 -0.8156597477 0.206374556 -0.8077911197 -0.5521621588 0.0002937827749 -0.1927727074 0
1.007699782 0.4643682134 -0.1459854674 -0.03739741388 0.2316595625 0.4288459401 -0.004991060846 0.06264331452 0.2443017129 -0.9755184681 -0.1339420154 -0.1744226332 0.06828342967 0.5694475631 -0.8191866979 0.2090480607 -0.8110419282 -0.5463605942 0.0002992794409 -0.1941606716 0
1.014903358 0.4676877654 -0.1470290495 -0.03790041525 0.2329650984 0.4277544047 -0.005061515365 0.06306710979 0.2441507289 -0.9748440023 -0.1365471835 -0.176164803 0.0696321646 0.564237955 -0.8226705852 0.2117322195 -0.8142422224 -0.5405359104 0.0003048473049 -0.1955486358 0
