0.01043858356 0.003653504247 0 -3.241659973e-06 0.002661811678 0.5099907381 -4.079979187e-07 0.0006636583389 0.2549988472 -0.9999999998 -1.302905131e-07 -1.887812779e-05 6.578816718e-08 0.9999460622 -0.01038618103 1.887846276e-05 -0.01038618103 -0.999946062 4.134777746e-08 0
0.02082102548 0.007287358919 0 -1.289676049e-05 0.005309146198 0.5099631521 -1.633281731e-06 0.001326505931 0.2549953846 -0.9999999972 -1.036602232e-06 -7.510064685e-05 5.193494049e-07 0.999785416 -0.02071525696 7.510600493e-05 -0.02071525694 -0.9997854132 3.76380263e-08 0
0.03025960905 0.01059086317 0 -2.723900734e-05 0.007715539431 0.5099221743 -3.458139504e-06 0.001929416327 0.2549902275 -0.9999999874 -3.18297335e-06 -0.0001586032641 1.592935813e-06 0.9995467958 -0.03010320522 0.0001586272021 -0.03010320509 -0.9995467832 2.75287796e-08 0
0.04064205097 0.01422471784 0 -4.913578973e-05 0.0103621218 0.509859612 -6.246097148e-06 0.002592485336 0.2549823486 -0.9999999591 -7.712417183e-06 -0.0002860581689 3.858209911e-06 0.9991825161 -0.04042647061 0.0002861361068 -0.04042647006 -0.9991824751 1.485827039e-07 0
0.05008063453 0.01752822209 0 -7.460457864e-05 0.012767566 0.5097868441 -9.489680549e-06 0.003195140737 0.2549731821 -0.9999999056 -1.442950771e-05 -0.0004342571137 7.217484362e-06 0.9987588567 -0.04980708807 0.0004344368302 -0.0498070865 -0.9987587624 2.973781585e-07 0
0.06046307645 0.02116207676 0 -0.0001087372493 0.01541281272 0.5096893221 -1.38373153e-05 0.003857937208 0.2549608954 -0.9999997995 -2.539016538e-05 -0.0006327895899 1.269909797e-05 0.9981911545 -0.06012003756 0.000633171429 -0.06012003354 -0.998190954 5.007388735e-07 0
0.07084551837 0.02479593143 0 -0.0001492757957 0.01805712709 0.5095734977 -1.900159345e-05 0.004520619604 0.2549463009 -0.9999996221 -4.083825698e-05 -0.0008684623732 2.042529785e-05 0.9975170214 -0.07042578755 0.0008691820662 -0.07042577867 -0.9975166436 7.445124754e-07 0
0.08028410193 0.02809943568 0 -0.00019168537 0.02046010559 0.5094523275 -2.440492841e-05 0.005122965321 0.2549310308 -0.9999993768 -5.942198338e-05 -0.00111487366 2.972031085e-05 0.9968119057 -0.07978736603 0.001116060462 -0.07978734944 -0.9968112827 1.00078271e-06 0
0.09066654385 0.03173329035 0 -0.0002444447527 0.023102196 0.5093015864 -3.112786245e-05 0.005785444384 0.2549120314 -0.9999989864 -8.556738071e-05 -0.001421222032 4.279842549e-05 0.9959348983 -0.09007594863 0.001423152183 -0.09007591815 -0.9959338852 1.320647199e-06 0
0.1001051274 0.0350367946 0 -0.0002979582067 0.02550288803 0.5091486908 -3.794793109e-05 0.006387603715 0.2548927575 -0.9999984939 -0.0001151441659 -0.001731724474 5.75942362e-05 0.9950455688 -0.09941988126 0.001734592383 -0.09941983126 -0.9950440635 1.645937342e-06 0
0.1104875693 0.03867064927 0 -0.0003629244681 0.02814217232 0.5089630729 -4.622901159e-05 0.007049870328 0.2548693548 -0.9999977654 -0.0001547740112 -0.002108375978 7.742108087e-05 0.9939661951 -0.1096868136 0.002112631117 -0.1096867317 -0.993963962 2.041779041e-06 0
0.1208700113 0.04230450394 0 -0.0004342781544 0.03077975467 0.5087592053 -5.532603819e-05 0.007712016541 0.2548436462 -0.9999968001 -0.0002025751882 -0.002521675487 0.0001013388372 0.9927810621 -0.1199406208 0.002527768662 -0.1199404926 -0.9927778647 2.477580076e-06 0
0.1303085948 0.04560800819 0 -0.0005046835998 0.0331759458 0.5085580469 -6.430397005e-05 0.008313856628 0.2548182742 -0.999995678 -0.0002537603615 -0.002929088407 0.0001269529364 0.991612052 -0.1292498443 0.002937317853 -0.1292496575 -0.991607734 2.908580814e-06 0
0.1406910367 0.04924186286 0 -0.0005882166909 0.03580983656 0.5083193809 -7.495822162e-05 0.008975750794 0.2547881649 -0.9999941283 -0.0003192670297 -0.003411958756 0.000159738191 0.9902255519 -0.1394751982 0.003423138574 -0.1394749243 -0.9902196865 3.421167072e-06 0
0.1501296203 0.05254536711 0 -0.0006696846511 0.03820240804 0.5080866153 -8.535149352e-05 0.009577347392 0.2547587932 -0.9999923884 -0.0003877997815 -0.003882360388 0.0001940428947 0.9888738322 -0.1487565337 0.003896852346 -0.1487561547 -0.9888662301 3.92232564e-06 0
0.1605120622 0.05617922178 0 -0.0007653750534 0.04083202745 0.5078132141 -9.756224238e-05 0.01023895721 0.2547242852 -0.9999900566 -0.0004737609318 -0.004434213506 0.000237078227 0.9872867677 -0.1589489923 0.004453144143 -0.1589484631 -0.9872768384 4.512518334e-06 0
0.1708945041 0.05981307645 0 -0.0008674236747 0.04345917853 0.5075216466 -0.0001105879745 0.01090040445 0.2546874742 -0.9999872267 -0.0005715268838 -0.005021937331 0.0002860319795 0.9855950048 -0.1691224545 0.005046254378 -0.1691217307 -0.985582252 5.143744117e-06 0
0.1803330877 0.0631165807 0 -0.0009657063898 0.04584522234 0.5072408389 -0.0001231365619 0.01150157095 0.2546520116 -0.9999841662 -0.0006712764221 -0.005587193921 0.0003359877613 0.9839664104 -0.178353554 0.005617335683 -0.1783526072 -0.983950605 5.753436286e-06 0
0.1907155296 0.06675043537 0 -0.001079872482 0.0484672211 0.5069146501 -0.0001377174841 0.01216268099 0.2546108057 -0.9999801983 -0.0007936467581 -0.006242841895 0.0003972838093 0.9820755288 -0.1884873944 0.006280534665 -0.1884861422 -0.9820557668 6.463818551e-06 0
0.2001541132 0.07005393962 0 -0.001189157727 0.05084831887 0.5066024065 -0.000151679443 0.01276352472 0.2545713491 -0.9999759843 -0.0009169912926 -0.006869493478 0.0004590800306 0.9802664013 -0.1976804788 0.006915204928 -0.197678885 -0.9802424386 7.145996386e-06 0
0.2105365551 0.07368779429 0 -0.001315411104 0.05346458905 0.5062416826 -0.0001678145657 0.0134242617 0.2545257512 -0.9999706094 -0.001066659838 -0.00759226511 0.0005340803608 0.9781774947 -0.2077703148 0.007648203114 -0.2077682632 -0.9781481758 7.936723486e-06 0
0.220918997 0.07732164896 0 -0.001447982797 0.05607762912 0.5058629063 -0.0001847633632 0.01408478881 0.254477854 -0.9999643808 -0.001231693738 -0.00834984938 0.0006167994001 0.9759853354 -0.2178353612 0.008417636998 -0.2178327523 -0.9759498119 8.770052911e-06 0
0.2303575806 0.08062515321 0 -0.001573977274 0.05845018467 0.5055029221 -0.0002008771773 0.01468507746 0.2544323165 -0.9999579058 -0.001395670631 -0.009068557923 0.0006990075078 0.9739031563 -0.2269628902 0.009148662625 -0.2269596754 -0.973861185 9.564912223e-06 0
0.2407400225 0.08425900788 0 -0.001718584125 0.06105662134 0.5050897596 -0.0002193784656 0.01534517607 0.2543800321 -0.9999498067 -0.001592055776 -0.009891886661 0.0007974868786 0.9715148576 -0.2369773099 0.009987395956 -0.2369733039 -0.9714648245 1.048063896e-05 0
0.2501786061 0.08756251213 0 -0.001855502648 0.0634229137 0.5046985639 -0.0002369030767 0.01594505851 0.254330508 -0.9999414803 -0.001785729254 -0.01066991387 0.0008946308092 0.9692549842 -0.2460568537 0.01078125812 -0.2460520001 -0.9691966662 1.13510727e-05 0
0.260561048 0.0911963668 0 -0.00201210644 0.06602217528 0.5042511245 -0.0002569556011 0.01660469194 0.2542738402 -0.9999311719 -0.002016087575 -0.01155797852 0.001010205646 0.966671926 -0.2560163413 0.01168892472 -0.2560103961 -0.9666033551 1.235069589e-05 0
0.2709434899 0.09483022147 0 -0.002174978029 0.06861745103 0.5037857771 -0.0002778201418 0.01726406702 0.2542148778 -0.9999195618 -0.002265276773 -0.01247952273 0.001135263987 0.9639874391 -0.2659453487 0.01263254298 -0.2659381241 -0.9639073259 1.339490244e-05 0
0.2803820735 0.09813372572 0 -0.002328472183 0.07097320259 0.5033472223 -0.0002974922219 0.01786326621 0.2541592854 -0.9999077899 -0.002508746882 -0.01334608164 0.001257486751 0.9614593373 -0.2749442879 0.01352148043 -0.2749357178 -0.9613675263 1.438325579e-05 0
0.2907645154 0.1017675804 0 -0.002503276403 0.07356043621 0.5028477817 -0.000319905885 0.01852211998 0.2540959455 -0.9998934019 -0.002795840203 -0.0143306695 0.001401650991 0.9585824079 -0.2848118722 0.01453341616 -0.2848015984 -0.9584763061 1.551386657e-05 0
0.300203099 0.1050710846 0 -0.002667597778 0.07590861916 0.5023782921 -0.0003409855796 0.01912082849 0.2540363756 -0.9998789228 -0.003074924681 -0.01525399944 0.001541836288 0.9558801003 -0.2937530538 0.01548426303 -0.2937410062 -0.955759624 1.658156913e-05 0
0.3105855409 0.1087049393 0 -0.002854288458 0.07848724459 0.5018448901 -0.0003649468456 0.01977912406 0.2539686628 -0.9998613502 -0.003402455802 -0.01630041983 0.001706408577 0.9528123882 -0.303555005 0.01656407443 -0.3035407323 -0.952674475 1.780037209e-05 0
0.3200241245 0.1120084436 0 -0.003029393658 0.08082734548 0.5013445895 -0.0003874327258 0.02037730833 0.2539051195 -0.9998437821 -0.003719440374 -0.01727938396 0.001865733589 0.9499374332 -0.3124346205 0.01757641559 -0.3124180514 -0.9497820965 1.894909929e-05 0
0.3304065664 0.1156422982 0 -0.0032279215 0.08339679921 0.5007773671 -0.0004129399703 0.02103500877 0.2538330382 -0.9998225917 -0.004089903582 -0.01838634725 0.002052001345 0.9466807071 -0.3221667707 0.01872363124 -0.3221473444 -0.9465043656 2.02579917e-05 0
0.3407890083 0.1192761529 0 -0.00343262904 0.08596122471 0.5001924885 -0.0004392563297 0.02169238274 0.2537586708 -0.9997993248 -0.004483836521 -0.01952448277 0.00225014197 0.9433257157 -0.3318607102 0.01990595586 -0.3318380468 -0.9431263243 2.16148669e-05 0
0.3502275919 0.1225796571 0 -0.003624076885 0.08828802813 0.4996454946 -0.0004638820057 0.02228970361 0.2536890813 -0.999776262 -0.004862884757 -0.02058587703 0.002440864419 0.9401908979 -0.3406392781 0.02101114376 -0.3406133115 -0.9399686718 2.28905028e-05 0
0.3606100338 0.1262135118 0 -0.003840540488 0.09084242846 0.4990270272 -0.0004917416671 0.02294642619 0.2536103532 -0.9997486676 -0.005303469289 -0.02178244186 0.002662631868 0.9366497942 -0.3502571534 0.02226009774 -0.350227121 -0.9364002626 2.434056247e-05 0
0.3700486173 0.1295170161 0 -0.004042650055 0.09315986482 0.4984495713 -0.0005177694986 0.02354313811 0.2535368019 -0.9997214476 -0.005726017087 -0.02289628838 0.002875401693 0.9333466975 -0.3589647258 0.0234256133 -0.3589305714 -0.9330702469 2.570188203e-05 0
0.3804310593 0.1331508707 0 -0.004270812602 0.09570368355 0.4977976783 -0.0005471705736 0.0241991724 0.2534537185 -0.9996890282 -0.006215637192 -0.02414979983 0.003122042102 0.9296215193 -0.3685024881 0.02474065137 -0.3684632909 -0.9293130277 2.724728689e-05 0
0.3908135012 0.1367847254 0 -0.004505079341 0.09824173852 0.4971283447 -0.000577378267 0.02485483144 0.2533683561 -0.9996538744 -0.006731878028 -0.02543252372 0.003382202538 0.9258007694 -0.3779966879 0.02609007762 -0.3779518715 -0.9254575575 2.884353029e-05 0
0.4002520847 0.1400882297 0 -0.004723331872 0.1005439322 0.4965047661 -0.0006055392921 0.02545055097 0.2532887776 -0.99961942 -0.007224822022 -0.02662361781 0.003630725657 0.9222449331 -0.3865890598 0.02734653378 -0.3865385948 -0.9218677138 3.033931008e-05 0
0.4106345267 0.1437220843 0 -0.004969204623 0.1030705638 0.4958022725 -0.0006372853208 0.02610546554 0.2531990688 -0.9995786352 -0.007793638219 -0.02796088651 0.003917623117 0.9182434139 -0.3959970772 0.02876115784 -0.3959397582 -0.9178259659 3.203438138e-05 0
0.4200731102 0.1470255886 0 -0.005197978958 0.1053621229 0.4951486315 -0.0006668438666 0.02670049155 0.2531155418 -0.9995388103 -0.008335410681 -0.02920081702 0.004190999964 0.9145242745 -0.4045093161 0.03007660728 -0.4044451412 -0.9140675716 3.362108759e-05 0
0.4304555521 0.1506594433 0 -0.005455392895 0.1078767828 0.4944131632 -0.000700126079 0.02735462486 0.2530214928 -0.999491835 -0.008959060784 -0.03059096285 0.004505833594 0.9103442836 -0.4138272377 0.03155581154 -0.413754783 -0.9098413105 3.541739289e-05 0
0.4408379941 0.1542932979 0 -0.00571882533 0.1103849541 0.4936604991 -0.0007342120653 0.02800833426 0.2529251729 -0.9994413859 -0.009612316825 -0.03200811684 0.004835772292 0.9060717584 -0.4230964239 0.03306858758 -0.4230148603 -0.9055191309 3.726771688e-05 0
0.4502765776 0.1575968022 0 -0.005963516006 0.1126593539 0.4929613828 -0.0007658962824 0.02860223919 0.2528356403 -0.9993923712 -0.01023237958 -0.03331946581 0.005149094029 0.9021079115 -0.4314797827 0.03447281863 -0.4313891682 -0.9015070773 3.899729284e-05 0
0.4606590196 0.1612306568 0 -0.006238385049 0.1151547249 0.4921760427 -0.0008015149738 0.02925511132 0.2527349903 -0.9993348339 -0.01094380703 -0.03478682 0.005508757129 0.8976606082 -0.4406530222 0.03604917965 -0.4405515469 -0.8970032281 4.095269375e-05 0
0.4700976031 0.1645341611 0 -0.006493440074 0.1174172425 0.4914473141 -0.0008345914738 0.02984823842 0.2526415243 -0.9992790971 -0.01161772263 -0.03614297538 0.00584962478 0.893539019 -0.4489474394 0.0375109056 -0.4488352148 -0.8928269048 4.277898126e-05 0
0.480480045 0.1681680158 0 -0.006779673321 0.119899274 0.4906295048 -0.0008717404563 0.03050023661 0.2525365509 -0.9992138535 -0.01238944013 -0.03765868624 0.006240158942 0.8889194853 -0.4580209702 0.03915016338 -0.4578958948 -0.8881433523 4.484209267e-05 0
0.490862487 0.1718018704 0 -0.007071829356 0.1223741043 0.4897947733 -0.0009096900217 0.03115176239 0.2524293159 -0.9991443193 -0.01319356385 -0.03919896848 0.006647313843 0.8842107844 -0.4670407926 0.04082208319 -0.4669017226 -0.8833664805 4.696270362e-05 0
0.5003010705 0.1751053747 0 -0.007342547612 0.1246175779 0.4890212925 -0.0009448837539 0.03174364018 0.2523298686 -0.9990772325 -0.01395317481 -0.04062009846 0.007032134528 0.8798533924 -0.4751931785 0.04237018492 -0.4750403317 -0.8789433717 4.894106565e-05 0
0.5106835124 0.1787392294 0 -0.007645951835 0.1270782548 0.4881544233 -0.000984359733 0.03239423624 0.2522183215 -0.9989990076 -0.01482070228 -0.04220579995 0.00747186471 0.8749765266 -0.4841076833 0.04410390009 -0.4839384513 -0.8739899435 5.117356316e-05 0
0.520122096 0.1820427336 0 -0.007926859765 0.1293086208 0.4873518292 -0.00102093991 0.03298525222 0.2521149576 -0.9989237168 -0.01563885352 -0.04366731415 0.007886797014 0.870467513 -0.4921626837 0.04570783847 -0.4919773725 -0.869407303 5.325492355e-05 0
0.5305045379 0.1856765883 0 -0.008241432342 0.1317546154 0.4864530505 -0.001061939628 0.03363488204 0.251999106 -0.9988361282 -0.01657174973 -0.04529642555 0.008360191412 0.865425268 -0.5009682751 0.0475025921 -0.500763899 -0.8642794809 5.560215116e-05 0
0.5408869798 0.1893104429 0 -0.008561822172 0.1341927095 0.4855376509 -0.001103736392 0.03428399117 0.2518810029 -0.9987433591 -0.01753964933 -0.04694745242 0.008851645919 0.8602975382 -0.509715405 0.0493290072 -0.509490438 -0.8590611984 5.80106368e-05 0
0.5503255634 0.1926139472 0 -0.008858114241 0.1364021824 0.4846911022 -0.00114242445 0.03487363015 0.2517716846 -0.9986543656 -0.01845036392 -0.04846691783 0.009314337626 0.8555624594 -0.5176158045 0.05101667538 -0.5173707202 -0.8542393322 6.025401073e-05 0
0.5607080053 0.1962478019 0 -0.009189545202 0.1388247966 0.4837441566 -0.001185740679 0.03552171752 0.2516492893 -0.9985511674 -0.0194865018 -0.05015817276 0.009841068769 0.8502737697 -0.5262486769 0.05290292442 -0.5259798407 -0.8488500973 6.278170966e-05 0
0.5701465889 0.1995513061 0 -0.009495835398 0.1410199608 0.4828690417 -0.001225808745 0.0361104111 0.2515360728 -0.9984523659 -0.02046007653 -0.05171323224 0.01033629959 0.8453937225 -0.5340436451 0.05464461576 -0.5337516643 -0.8438738808 6.513483124e-05 0
0.5805290308 0.2031851608 0 -0.009838220383 0.1434265771 0.4818907989 -0.001270641503 0.03675744037 0.2514093939 -0.9983380142 -0.02156625106 -0.05344255109 0.01089933361 0.8399470843 -0.5425588448 0.05658987523 -0.5422396078 -0.8383160464 6.778478036e-05 0
0.5909114727 0.2068190155 0 -0.01018630747 0.1458246085 0.4808962644 -0.001316267429 0.03740390092 0.2512804747 -0.9982175247 -0.02270980595 -0.05519092489 0.01148178424 0.834418942 -0.5510110687 0.0585657076 -0.5506625953 -0.8326708618 7.050000164e-05 0
0.6003500563 0.2101225197 0 -0.0105076773 0.1479970694 0.4799780649 -0.001358433115 0.03799109045 0.2511613332 -0.9981024886 -0.02378222964 -0.05679637111 0.01202836169 0.8293233565 -0.5586394981 0.06038824996 -0.5582626406 -0.8274636447 7.302575197e-05 0
0.6107324982 0.2137563744 0 -0.01086658024 0.150378323 0.4789526279 -0.0014055709 0.03863643767 0.2510281437 -0.9979697052 -0.02499842748 -0.05857939998 0.01264862847 0.823642019 -0.566968991 0.06242178848 -0.5665588259 -0.8216535871 7.586798926e-05 0
0.6201710818 0.2170598786 0 -0.01119774015 0.1525353009 0.4780064567 -0.001449109565 0.03922259865 0.2509051244 -0.9978431443 -0.02613763487 -0.0602153084 0.01323002326 0.818408621 -0.5744843736 0.0642963903 -0.5740419436 -0.8162976303 7.851066214e-05 0
0.6305535237 0.2206937333 0 -0.01156736474 0.1548992709 0.4769503865 -0.001497756017 0.0398667964 0.2507676737 -0.9976972956 -0.02742809533 -0.06203068526 0.01388906506 0.8125773121 -0.5826879145 0.06638674716 -0.5822077047 -0.8103252362 8.148313019e-05 0
0.6409359656 0.224327588 0 -0.0119425669 0.1572539876 0.4758783803 -0.001547191415 0.04051037766 0.2506279948 -0.9975442894 -0.0287580769 -0.06386206763 0.01456879091 0.8066687604 -0.590824222 0.06850650334 -0.5903037218 -0.804268845 8.452511978e-05 0
0.6503745492 0.2276310922 0 -0.01228847711 0.1593864942 0.4748900654 -0.001592816535 0.04109490825 0.2504990827 -0.9973987977 -0.03000179426 -0.06554029869 0.01520488406 0.801231093 -0.5981618069 0.07045885262 -0.5976023996 -0.798690755 8.735165873e-05 0
0.6607569911 0.2312649469 0 -0.01267425206 0.1617231665 0.4737878512 -0.001643755538 0.04173728514 0.2503551572 -0.9972315173 -0.03140836378 -0.06740041192 0.01592479217 0.7951776357 -0.6061674098 0.07263402672 -0.6055625833 -0.7924760285 9.052890495e-05 0
0.6701955747 0.2345684511 0 -0.01302972825 0.1638390447 0.472772205 -0.001690746014 0.04232070451 0.250222389 -0.9970726809 -0.03272236539 -0.06910365972 0.01659782127 0.7896097826 -0.6133847924 0.07463632703 -0.6127361896 -0.7867552228 9.347993299e-05 0
0.6805780166 0.2382023058 0 -0.01342597489 0.1661571799 0.4716400717 -0.001743185171 0.04296184112 0.250074227 -0.9968903123 -0.03420695269 -0.07099006645 0.01735879877 0.7834148416 -0.6212566765 0.07686596941 -0.6205570646 -0.7803848745 9.679581439e-05 0
0.6900166001 0.2415058101 0 -0.01379092392 0.168255984 0.4705973602 -0.001791537822 0.04354411666 0.2499376119 -0.996717384 -0.03559250307 -0.07271609317 0.01806955695 0.7777199475 -0.6283511554 0.07891734659 -0.6276024674 -0.7745238507 9.987443102e-05 0
0.7003990421 0.2451396647 0 -0.01419753844 0.1705550949 0.4694356044 -0.001845473582 0.04418397716 0.2497852235 -0.9965190975 -0.03715645987 -0.07462630811 0.01887246145 0.7713870186 -0.6360863918 0.08120048381 -0.6352806192 -0.7680006617 0.0001033323875 0
0.710781484 0.2487735194 0 -0.01460954145 0.172844048 0.468258453 -0.001900191824 0.04482315496 0.2496306254 -0.9963121368 -0.03876250397 -0.07654798669 0.01969765987 0.7649832297 -0.643748911 0.0835112458 -0.6428826694 -0.7613985456 0.000106866157 0
0.7202200676 0.2520770236 0 -0.0149887407 0.1749159894 0.4671750266 -0.001950613841 0.04540362502 0.2494881666 -0.996116267 -0.04025935026 -0.07830432537 0.02046737364 0.7591009455 -0.6506510902 0.08563567755 -0.649726819 -0.7553287969 0.0001101452778 0
0.7306025095 0.2557108783 0 -0.01541094833 0.1771851864 0.4659687191 -0.002006823079 0.04604147231 0.2493293582 -0.9958920957 -0.04194667001 -0.0802459377 0.02133574768 0.7525646331 -0.6581726665 0.08799840631 -0.6571810633 -0.748578206 0.0001138264777 0
0.740041093 0.2590143826 0 -0.01579937462 0.179238952 0.4648589296 -0.002058598828 0.04662071663 0.2491830768 -0.9956801879 -0.04351793459 -0.08201922246 0.02214507034 0.7465635344 -0.6649454752 0.09016961431 -0.6638893571 -0.7423748125 0.0001172412498 0
0.750423535 0.2626482372 0 -0.01623167647 0.1814879199 0.4636237815 -0.002116295256 0.04725719783 0.249020069 -0.9954379402 -0.04528767797 -0.08397817191 0.02305740035 0.7398983708 -0.6723234022 0.09258327831 -0.671192541 -0.7354786941 0.0001210734665 0
0.7608059769 0.2662820919 0 -0.01666922082 0.1837261048 0.4623736548 -0.002174769136 0.04789294929 0.248854866 -0.9951858741 -0.04710102587 -0.08594515282 0.02399305577 0.7331672013 -0.679625035 0.09502320352 -0.6784153214 -0.7285075446 0.0001249862371 0
0.7702445604 0.2695855962 0 -0.01707151131 0.1857513541 0.4612242534 -0.002228600942 0.04847026375 0.2487027792 -0.9949479986 -0.04878759851 -0.08773967336 0.02486406176 0.726991549 -0.6861960843 0.09726386011 -0.6849109854 -0.7221057288 0.0001286140505 0
0.7806270024 0.2732194508 0 -0.01751897669 0.1879686005 0.4599457809 -0.002288556017 0.04910459512 0.2485333941 -0.9946765123 -0.05068495886 -0.08971995808 0.02584480134 0.720137249 -0.6933501199 0.0997531061 -0.6919778736 -0.7149936645 0.0001326834083 0
0.7900655859 0.2765229551 0 -0.01793023348 0.1899746059 0.4587707615 -0.002343732531 0.04968060252 0.2483775106 -0.9944205757 -0.05244834157 -0.0915253527 0.02675711469 0.7138513949 -0.699785855 0.1020381082 -0.6983304071 -0.7084651487 0.0001364552597 0
0.8004480278 0.2801568097 0 -0.01838750305 0.1921704559 0.457464277 -0.002405164743 0.05031347847 0.248203955 -0.9941287722 -0.05443064986 -0.09351624756 0.02778363803 0.7068777967 -0.7067898203 0.1045755883 -0.7052383178 -0.7012152746 0.000140684927 0
0.8108304698 0.2837906644 0 -0.01884986071 0.1943549177 0.4561432551 -0.002467369039 0.05094557802 0.2480282196 -0.993825965 -0.05645779907 -0.09551161347 0.02883441152 0.6998432581 -0.713714222 0.1071378929 -0.7120617466 -0.6938944739 0.0001450000689 0
0.8202690533 0.2870941687 0 -0.01927457328 0.1963308061 0.4549297906 -0.002524587418 0.0515195321 0.2478665714 -0.993540926 -0.0583397593 -0.09732882859 0.02981085368 0.6933962462 -0.7199395522 0.1094885446 -0.7181908648 -0.6871783905 0.0001489979747 0
0.8306514952 0.2907280233 0 -0.01974655237 0.1984931858 0.4535812789 -0.002588262473 0.05215012264 0.2476866839 -0.9932164144 -0.0604531155 -0.09933063477 0.0309084136 0.6862483611 -0.7267102978 0.1120973869 -0.7248507486 -0.6797246267 0.0001534791967 0
0.8400900788 0.2940315276 0 -0.02017995607 0.200448798 0.4523429827 -0.002646815958 0.05272268897 0.2475212666 -0.9929112259 -0.06241378114 -0.1011524464 0.03192767265 0.6797001076 -0.732794915 0.1144898301 -0.7308298596 -0.6728891403 0.0001576298285 0
0.8504725207 0.2976653823 0 -0.02066143359 0.2025886538 0.4509673326 -0.002711957461 0.05335173548 0.2473372393 -0.9925640873 -0.06461405975 -0.1031579171 0.03307263471 0.6724428512 -0.7394097732 0.1171440711 -0.7373232908 -0.6653056677 0.0001622809802 0
0.8608549626 0.3012992369 0 -0.02114783659 0.2047165371 0.4495776097 -0.002777865351 0.05397995927 0.2471510486 -0.9922047253 -0.06686012481 -0.1051641899 0.03424266079 0.6651299091 -0.7459421186 0.1198216312 -0.7437283965 -0.6576555701 0.0001670226952 0
0.8702935462 0.3046027412 0 -0.02159426609 0.2066404875 0.4483020969 -0.002838445629 0.05455034982 0.2469799099 -0.9918672094 -0.06894186819 -0.1069881197 0.03532820088 0.6584343932 -0.7518085315 0.1222757424 -0.7494739279 -0.650643892 0.0001714128387 0
0.8806759881 0.3082365958 0 -0.02208997553 0.2087451861 0.4468857842 -0.002905813208 0.05517697643 0.2467895989 -0.9914837978 -0.07127577425 -0.1089937737 0.03654650177 0.651018236 -0.7581817787 0.1249969276 -0.7557082906 -0.6428691529 0.0001763304413 0
0.8901145717 0.3115401001 0 -0.0225448071 0.2106478654 0.4455862654 -0.002967718416 0.0557458992 0.2466147204 -0.9911239908 -0.0734376058 -0.1108158516 0.03767617257 0.6442307468 -0.7639026449 0.1274901601 -0.7612973551 -0.6357457008 0.0001808822814 0
0.9004970136 0.3151739548 0 -0.02304969407 0.2127289542 0.4441437312 -0.003036541125 0.05637089389 0.2464203021 -0.9907155865 -0.07585984177 -0.1128180443 0.03894327736 0.6367154751 -0.7701148129 0.1302537825 -0.7673582529 -0.6278497144 0.0001859797407 0
0.9108794555 0.3188078094 0 -0.02355933609 0.2147975085 0.4426876112 -0.003106124191 0.05699501996 0.2462237377 -0.9902937121 -0.07832851028 -0.114817282 0.04023614552 0.6291499378 -0.7762418491 0.1330391535 -0.7733272272 -0.61989159 0.0001911730099 0
0.9203180391 0.3221113137 0 -0.02402674274 0.2166670397 0.4413521636 -0.003170040252 0.05756164555 0.2460431836 -0.989898281 -0.08061312803 -0.1166315428 0.04143394677 0.6222295199 -0.7817375855 0.1355899009 -0.7786731972 -0.6126038122 0.0001959782366 0
0.930700481 0.3257451684 0 -0.02454536145 0.2187113496 0.4398703959 -0.003241071311 0.05818408702 0.2458425325 -0.9894499644 -0.08317069565 -0.1186229462 0.04277635764 0.6145712016 -0.7877007182 0.1384158633 -0.7844647051 -0.6045297141 0.0002013574975 0
0.9401390646 0.3290486726 0 -0.02502086781 0.2205586542 0.4385118063 -0.003306301556 0.05874916551 0.2456582694 -0.9890300599 -0.08553625835 -0.1204287717 0.04401940189 0.6075683455 -0.7930466555 0.1410029532 -0.7896481837 -0.5971381022 0.000206333658 0
0.9505215065 0.3326825273 0 -0.02554832862 0.222578312 0.4370047754 -0.003378775801 0.05936988798 0.2454535453 -0.9885543429 -0.08818298218 -0.1224094475 0.04541179559 0.5998214538 -0.7988441602 0.1438682731 -0.7952596967 -0.5889515556 0.0002119029925 0
0.9609039484 0.3363163819 0 -0.02608036656 0.2245848965 0.435484667 -0.00345200405 0.05998969634 0.2452466934 -0.9880638893 -0.0908764783 -0.124383344 0.04683053441 0.5920298586 -0.8045542539 0.1467537108 -0.8007759438 -0.5807075307 0.0002175735331 0
0.970342532 0.3396198862 0 -0.02656797746 0.226397628 0.434091493 -0.003519228342 0.06055235734 0.245056803 -0.987605012 -0.09336572549 -0.1261712392 0.04814324753 0.5849087822 -0.8096690337 0.1493940026 -0.805707489 -0.5731639157 0.000222817351 0
0.9807249739 0.3432537409 0 -0.02710864823 0.228378953 0.4325467193 -0.003593892266 0.06117039451 0.2448458998 -0.98708569 -0.09614859055 -0.1281299699 0.04961257089 0.5770350964 -0.815211071 0.152316885 -0.8110400397 -0.5648129076 0.0002286842686 0
0.9901635575 0.3465572451 0 -0.02760404377 0.2301685435 0.4311313035 -0.003662419431 0.06173142984 0.2446523329 -0.9866001291 -0.09871910276 -0.1299027483 0.0509714329 0.5698413415 -0.8201723956 0.1549906393 -0.8158035206 -0.557173687 0.0002341085108 0
1.000545999 0.3501910998 0 -0.02815320737 0.2321242197 0.4295622647 -0.003738513977 0.06234766176 0.2444373928 -0.9860509712 -0.101591358 -0.131843385 0.05249169002 0.5618898616 -0.8255449145 0.1579496904 -0.8209500469 -0.5487193416 0.0002401759954 0
1.010928441 0.3538249545 0 -0.02870676302 0.2340663078 0.4279806771 -0.003815355849 0.06296293451 0.2442203439 -0.9854857981 -0.1045104136 -0.1337733723 0.05403875389 0.5538993571 -0.8308280901 0.1609271723 -0.8259982298 -0.5402123375 0.0002463502253 0
1.020367025 0.3571284587 0 -0.02921377369 0.2358199639 0.4265320752 -0.003885859401 0.06352143322 0.2440212005 -0.9849578829 -0.1072046843 -0.1355179858 0.05546850553 0.5466024001 -0.8355531468 0.1636496676 -0.8305016387 -0.5324338592 0.0002520567734 0
1.030749467 0.3607623134 0 -0.02977560488 0.2377358241 0.4249268432 -0.003964124013 0.06413484904 0.2438001374 -0.9843613961 -0.1102129811 -0.1374254006 0.05706696516 0.5385407049 -0.840664779 0.1666613435 -0.835360406 -0.5238291598 0.000258438035 0
1.04018805 0.3640658176 0 -0.03029007302 0.2394654674 0.4234569342 -0.00403591857 0.0646916443 0.2435973516 -0.9838045725 -0.1129882923 -0.1391481549 0.05854356123 0.5311810108 -0.8452333318 0.1694143283 -0.8396906451 -0.5159635703 0.000264334741 0
1.050570492 0.3676996723 0 -0.03086003462 0.2413547293 0.4218284725 -0.004115600627 0.06530316948 0.2433722895 -0.9831758008 -0.1160856129 -0.1410300508 0.0601936735 0.523052491 -0.8501722257 0.1724588833 -0.8443578756 -0.5072649322 0.0002709273282 0
1.060009076 0.3710031765 0 -0.03138182742 0.2430600264 0.420337636 -0.004188681332 0.06585823068 0.2431658751 -0.982589186 -0.1189417239 -0.1427282658 0.06171733074 0.5156340396 -0.8545832366 0.1752411557 -0.8485130544 -0.4993156656 0.000277018114 0
1.070391518 0.3746370312 0 -0.03195977235 0.2449223272 0.4186863647 -0.004269775446 0.06646783164 0.2429368295 -0.9819271587 -0.122127756 -0.1445816939 0.06341931557 0.5074430836 -0.8593483038 0.1783172606 -0.8529867104 -0.4905268866 0.0002838263613 0
1.08077396 0.3782708859 0 -0.03254183969 0.2467703632 0.4170233152 -0.004351607025 0.06707641131 0.2427057036 -0.9812473247 -0.1253600993 -0.1464190333 0.06514854707 0.4992211809 -0.8640219206 0.1814093565 -0.8573581854 -0.4816924199 0.0002907493165 0
1.090212543 0.3815743901 0 -0.03307453449 0.2484379365 0.41550133 -0.004426638041 0.06762877162 0.2424937875 -0.9806136179 -0.1283386753 -0.1480746998 0.06674425736 0.4917208891 -0.8681910915 0.1842339176 -0.8612431431 -0.4736223305 0.0002971434667 0
1.100594985 0.3852082448 0 -0.03366435739 0.2502584736 0.4138161217 -0.004509873281 0.06823537618 0.2422587021 -0.9798990514 -0.1316590709 -0.1498790784 0.06852562526 0.4834432736 -0.8726894292 0.1873555117 -0.8654181014 -0.464703585 0.000304288763 0
1.110033569 0.3885117491 0 -0.03420403391 0.2519008911 0.4122741888 -0.004586177806 0.06878592582 0.2420431938 -0.97923333 -0.1347174541 -0.1515034419 0.07016879394 0.4758943465 -0.8766988715 0.1902062714 -0.8691235692 -0.4565586444 0.0003108870525 0
1.120416011 0.3921456037 0 -0.03480146057 0.2536935863 0.4105672555 -0.004670811078 0.06939052205 0.2418041651 -0.9784830647 -0.138125349 -0.1532719158 0.07200242444 0.4675654494 -0.8810211129 0.1933560008 -0.8731001881 -0.4475595139 0.000318259124 0
1.130798453 0.3957794584 0 -0.03540280896 0.2554715634 0.4088491173 -0.004756174375 0.06999405311 0.2415630774 -0.9777137153 -0.1415788242 -0.1550204096 0.07386346844 0.4592114632 -0.8852508233 0.1965199198 -0.8769722166 -0.4385198428 0.0003257517652 0
1.140237036 0.3990829626 0 -0.0359528568 0.2570750581 0.407277552 -0.004834409533 0.07054178576 0.2413421239 -0.9769975246 -0.1447577395 -0.1565919341 0.07557913131 0.4515961856 -0.8890155679 0.1994082041 -0.8804010915 -0.4302676913 0.0003326689212 0
1.150619478 0.4027168173 0 -0.0365615742 0.2588246862 0.4055383594 -0.004921162105 0.07114325818 0.241097118 -0.9761910108 -0.1482976884 -0.1583000505 0.07749255848 0.4431976919 -0.8930681437 0.2025981583 -0.8840721699 -0.4211536355 0.0003403951691 0
1.160058062 0.4060203216 0 -0.03711825033 0.2604022614 0.4039478562 -0.005000657584 0.07168910441 0.2408726101 -0.9754405991 -0.1515548665 -0.1598335385 0.07925586129 0.4355439772 -0.8966715967 0.2055094792 -0.8873176243 -0.4128356666 0.0003475267503 0
1.170440504 0.4096541762 0 -0.03773418052 0.2621232178 0.4021880557 -0.005088793566 0.07228848538 0.2406237029 -0.974595965 -0.155180496 -0.1614983551 0.08122170366 0.4271054309 -0.9005464928 0.208724076 -0.8907861497 -0.4036512053 0.0003554911367 0
1.180822945 0.4132880309 0 -0.03835382592 0.2638290299 0.4004176402 -0.005177651819 0.07288675779 0.240372759 -0.9737309834 -0.1588506573 -0.1631393288 0.08321500185 0.418647684 -0.9043281374 0.2119510213 -0.8941479661 -0.3944314633 0.0003635820838 0
1.190261529 0.4165915352 0 -0.03892032723 0.2653665546 0.3987990651 -0.005259057426 0.07342967231 0.2401428647 -0.972926761 -0.1622255948 -0.1646097631 0.08505091076 0.4109431913 -0.9076849873 0.2148949984 -0.8971112249 -0.3860201935 0.0003710483754 0
1.200643971 0.4202253898 0 -0.03954694417 0.2670432194 0.3970087309 -0.005349289972 0.07402580357 0.2398880456 -0.9720222136 -0.1659800458 -0.1662030101 0.08709660111 0.4024521869 -0.9112883294 0.2181444435 -0.9002682165 -0.3767361678 0.0003793844403 0
1.210082555 0.4235288941 0 -0.04011971054 0.2685541086 0.3953722556 -0.005431942176 0.07456675683 0.2396546364 -0.9711815943 -0.169431152 -0.1676287434 0.0889801153 0.3947194872 -0.9144829498 0.2211082313 -0.9030446341 -0.3682682975 0.0003870756655 0
1.220464996 0.4271627487 0 -0.04075313868 0.2702013245 0.3935624609 -0.005523542917 0.07516071453 0.2393959596 -0.9702365414 -0.1732688608 -0.1691713794 0.09107813565 0.3861996845 -0.917907717 0.2243787578 -0.9059954225 -0.3589240413 0.0003956614763 0
1.230847438 0.4307966034 0 -0.04139007008 0.2718329973 0.3917426569 -0.005615857866 0.07575352083 0.2391352692 -0.9692698989 -0.1771497373 -0.1706863606 0.09320352961 0.3776665753 -0.9212388724 0.2276597575 -0.9088376799 -0.3495498625 0.0004043799661 0
1.240286022 0.4341001077 0 -0.04197210109 0.2733027817 0.3900797112 -0.005700398875 0.07629142906 0.2388965348 -0.9683721841 -0.1807149956 -0.1720389592 0.09515943257 0.3698986846 -0.9241859367 0.2306512422 -0.9113270837 -0.3410028606 0.0004124220825 0
1.250668464 0.4377339623 0 -0.0426155964 0.2749045623 0.3882411531 -0.005794072549 0.07688201273 0.2386320139 -0.9673636196 -0.184677377 -0.1734989735 0.09733699021 0.3613435638 -0.9273383089 0.2339511439 -0.9139612111 -0.3315746778 0.0004213974434 0
1.260107047 0.4410374666 0 -0.04320352017 0.2763470436 0.386561371 -0.005879845895 0.07741788583 0.2383898054 -0.9664273757 -0.1883161649 -0.1748003135 0.09934024808 0.3535576836 -0.9301228303 0.2369591582 -0.9162608725 -0.3229804497 0.0004296752216 0
1.270489489 0.4446713213 0 -0.04385341526 0.2779186519 0.3847045278 -0.005974871964 0.07800621488 0.2381214721 -0.9653759715 -0.1923587833 -0.1762025317 0.1015698134 0.3449849952 -0.9330964184 0.2402765213 -0.9186857197 -0.3135023791 0.0004389121771 0
1.280871931 0.4483051759 0 -0.04450659663 0.2794743467 0.3828382953 -0.006070603872 0.07859335023 0.2378511493 -0.9643017645 -0.1964428934 -0.1775733554 0.1038265463 0.3364048745 -0.9359763932 0.2436024532 -0.9210005158 -0.303999827 0.000448288056 0
1.290310515 0.4516086802 0 -0.04510321122 0.2808747438 0.3811336822 -0.006158243893 0.07912606647 0.237603679 -0.963305217 -0.200191401 -0.1787916717 0.1059016478 0.3285993373 -0.9385133545 0.2466331282 -0.9230091432 -0.2953408567 0.0004569332395 0
1.300692957 0.4552425349 0 -0.04576253954 0.2823998561 0.379249887 -0.006255318376 0.0797108988 0.2373295719 -0.9621867917 -0.2043536384 -0.1801004395 0.1082100798 0.320008398 -0.941214749 0.2499743116 -0.9251130826 -0.2857947303 0.0004665779831 0
1.31013154 0.4585460391 0 -0.04636466623 0.2837723325 0.3775295251 -0.006344175948 0.08024150701 0.23707867 -0.9611496397 -0.2081724995 -0.1812610841 0.1103320716 0.3121950321 -0.9435894743 0.2530181893 -0.9269295941 -0.2770980395 0.0004754697748 0
1.320513982 0.4621798938 0 -0.04702997388 0.2852666039 0.375628646 -0.006442586448 0.08082400476 0.2368007976 -0.9599861059 -0.2124113642 -0.182505038 0.1126919538 0.3035976839 -0.9461125567 0.2563731656 -0.9288217583 -0.2675125067 0.0004853882013 0
1.330896424 0.4658137484 0 -0.04769834624 0.2867446204 0.3737190107 -0.006541694117 0.08140526711 0.2365209604 -0.9587985927 -0.2166897379 -0.1837139519 0.1150786745 0.2949987323 -0.94854238 0.2597347826 -0.9306026571 -0.2579080016 0.0004954519211 0
1.340335008 0.4691172527 0 -0.04830857779 0.2880741099 0.371975492 -0.006632395436 0.08193260816 0.2362648625 -0.9576980256 -0.2206130753 -0.1847819328 0.1172716402 0.2871811235 -0.9506704817 0.2627962217 -0.9321249236 -0.2491611378 0.0005047279639 0
1.35071745 0.4727511074 0 -0.04898267161 0.2895209091 0.3700495097 -0.006732828957 0.08251148819 0.2359812891 -0.9564640718 -0.2249656168 -0.1859218939 0.1197093619 0.2785824453 -0.9529226043 0.2661693973 -0.9336928255 -0.2395236096 0.000515072781 0
1.360156033 0.4760546116 0 -0.04959802699 0.2908219108 0.3682913514 -0.006824732521 0.08303664935 0.2357218033 -0.9553208947 -0.2289556049 -0.1869259721 0.1219485414 0.2707670681 -0.9548893905 0.2692406755 -0.9350211365 -0.2307486357 0.0005246065955 0
1.370538475 0.4796884663 0 -0.05027767151 0.2922372567 0.36634951 -0.006926485109 0.08361311598 0.2354345131 -0.9540396433 -0.2333805875 -0.1879943096 0.1244369236 0.2621730198 -0.9569643461 0.2726239371 -0.9363753569 -0.2210822919 0.0005352374228 0
1.380920917 0.483322321 0 -0.05096015499 0.293636036 0.3643995572 -0.007028925899 0.0841883061 0.2351452839 -0.9527332798 -0.2378427966 -0.1890240772 0.1269516943 0.2535831264 -0.9589467479 0.2760118928 -0.9376174071 -0.2114025377 0.0005460200383 0
1.390359501 0.4866258252 0 -0.05158301826 0.2948932261 0.3626199478 -0.007122649495 0.08471009138 0.2348806702 -0.9515236925 -0.241931225 -0.1899261568 0.1292606576 0.2457787346 -0.9606687754 0.2790955842 -0.9386490803 -0.2025920999 0.0005559552805 0
1.400741942 0.4902596799 0 -0.05227079001 0.2962602098 0.3606548857 -0.007226398846 0.08528282106 0.2345877542 -0.950168754 -0.2464630748 -0.190880307 0.1318255011 0.2372000581 -0.9624750229 0.2824913735 -0.9396765854 -0.1928899653 0.0005670314646 0
1.410180526 0.4935631841 0 -0.05289838203 0.2974883969 0.3588617656 -0.007321308868 0.08580235563 0.234319798 -0.9489146339 -0.2506139379 -0.1917124714 0.1341797936 0.2294078147 -0.9640372594 0.285581513 -0.9405130029 -0.184061106 0.0005772358592 0
1.420562968 0.4971970388 0 -0.05359126848 0.2988233718 0.35688209 -0.007426359775 0.08637259426 0.2340232155 -0.9475103024 -0.2552134814 -0.1925884365 0.1367942796 0.2208446396 -0.965668147 0.2889836535 -0.9413255144 -0.174340827 0.0005886106196 0
1.430001552 0.500500543 0 -0.05422343097 0.3000223663 0.3550759115 -0.007522449815 0.08688985037 0.2337519353 -0.9462109131 -0.2594249701 -0.1933483716 0.1391934941 0.2130684248 -0.9670713611 0.2920788919 -0.9419663111 -0.1654974008 0.000599088736 0
1.440383993 0.5041343977 0 -0.05492125753 0.3013251283 0.3530821213 -0.007628795184 0.0874575675 0.2334517064 -0.944756387 -0.2640901749 -0.194143629 0.1418571572 0.2045250024 -0.968527785 0.2954858983 -0.9425634742 -0.1557632209 0.0006107671177 0
1.450766435 0.5077682524 0 -0.05562160174 0.3026109386 0.3510811379 -0.007735815746 0.08802395176 0.2331495759 -0.9432752546 -0.2687889344 -0.1948956201 0.1445463823 0.1959936112 -0.9698932146 0.29889486 -0.9430477258 -0.1460234554 0.0006226065651 0
1.460205019 0.5110717566 0 -0.05626042241 0.3037651029 0.349255936 -0.007833691408 0.08853768296 0.2328732662 -0.9419055037 -0.2730891532 -0.1955411375 0.1470131947 0.1882492098 -0.9710557943 0.3019952692 -0.9433899244 -0.1371652579 0.0006335106449 0
1.470587461 0.5147056113 0 -0.05696543882 0.3050184068 0.3472416034 -0.007941995458 0.08910149971 0.2325675207 -0.9403729898 -0.2778503162 -0.196208669 0.1497508211 0.1797439784 -0.972248319 0.3054068296 -0.9436584679 -0.1274180694 0.0006456614735 0
1.480026044 0.5180091155 0 -0.05760842661 0.3061429365 0.3454044954 -0.008041034615 0.08961288318 0.2322879343 -0.9389561829 -0.2822062558 -0.1967763088 0.1522613876 0.1720252518 -0.973254223 0.3085089243 -0.9438045041 -0.1185550576 0.0006568509591 0
1.490408486 0.5216429702 0 -0.05831793828 0.307363553 0.3433773192 -0.008150614843 0.09017410248 0.231978595 -0.9373715323 -0.2870275805 -0.1973569825 0.1550468631 0.1635503343 -0.9742749912 0.3119215939 -0.9438572223 -0.1088047015 0.0006693183087 0
1.500790928 0.5252768249 0 -0.05902973371 0.3085669785 0.341343618 -0.008260860598 0.09073394933 0.2316673815 -0.935759277 -0.2918794968 -0.1978912197 0.1578571705 0.155092939 -0.9752062828 0.31533425 -0.9437968741 -0.099054385 0.0006819535191 0
1.510229512 0.5285803291 0 -0.05967876111 0.3096460452 0.339489254 -0.00836165982 0.09124170319 0.2313828389 -0.9342694685 -0.2963163307 -0.198336059 0.1604334048 0.1474205469 -0.9759755658 0.3184363088 -0.9436439024 -0.09019147818 0.0006935869379 0
1.520611954 0.5322141838 0 -0.0603947806 0.3108165253 0.337443484 -0.00847317045 0.09179890733 0.2310680639 -0.9326039637 -0.3012248387 -0.1987798869 0.1632906552 0.1389997116 -0.9767370384 0.3218478038 -0.9433677314 -0.0804444807 0.0007065465738 0
1.530050537 0.5355176881 0 -0.0610475668 0.311865569 0.3355783806 -0.008575116146 0.09230424533 0.2307802933 -0.931065424 -0.3057120187 -0.199141502 0.1659092794 0.1313623976 -0.9773525625 0.3249481301 -0.9430186011 -0.07158652572 0.0007184773001 0
1.540432979 0.5391515427 0 -0.06176763141 0.3130029461 0.3335210531 -0.008687884126 0.09285877734 0.2304619783 -0.9293459654 -0.3106746767 -0.199492661 0.1688128364 0.122982162 -0.977945609 0.3283569746 -0.9425267281 -0.06184710266 0.0007317665964 0
1.550815421 0.5427853974 0 -0.06248974324 0.3141229237 0.3314578765 -0.008801307687 0.09341189797 0.2301418177 -0.9275979716 -0.3156646987 -0.199794397 0.1717403844 0.1146247883 -0.9784510199 0.3317638368 -0.9419219479 -0.05211334442 0.0007452306738 0
1.560254005 0.5460889017 0 -0.06314794351 0.3151259534 0.3295773043 -0.00890498714 0.09391350343 0.2298491661 -0.9259839694 -0.3202242376 -0.2000253137 0.174422452 0.1070479298 -0.9788347915 0.3348589206 -0.9412742312 -0.04327037024 0.0007576236355 0
