0.007484164998 0.002488335178 -0.001753465017 -1.582959515e-06 0.001908452182 0.5099952389 -1.992342306e-07 0.0004754078432 0.2549994089 -1 -4.544089961e-08 -9.218620251e-06 2.320836235e-08 0.9999722732 -0.007446667739 9.218703031e-06 -0.007446667739 -0.9999722731 2.782005425e-08 -0.002332108473 0
0.01489463928 0.004952169668 -0.003489665037 -6.269589139e-06 0.003798055037 0.509981143 -7.937462377e-07 0.0009480074155 0.254997645 -0.9999999993 -3.602422473e-07 -3.651074453e-05 1.808706142e-07 0.9998901842 -0.01481956361 3.651207371e-05 -0.01481956361 -0.9998901836 4.933149599e-08 -0.004641254499 0
0.02230511356 0.007416004158 -0.005225865057 -1.405987085e-05 0.00568754208 0.5099577121 -1.786128435e-06 0.001421307731 0.2549947004 -0.9999999966 -1.210774671e-06 -8.187265108e-05 6.064057368e-07 0.9997537369 -0.02219156474 8.187935785e-05 -0.02219156472 -0.9997537336 3.048694021e-08 -0.006950400526 0
0.02971558785 0.009879838647 -0.006962065077 -2.495351959e-05 0.007576855698 0.5099249473 -3.175849709e-06 0.001894668955 0.2549905767 -0.9999999894 -2.863489328e-06 -0.0001452966683 1.433055154e-06 0.9995629419 -0.02956222606 0.0001453178163 -0.02956222596 -0.9995629313 2.239502192e-08 -0.009259546552 0
0.03619975284 0.01203569383 -0.008481240094 -3.703088244e-05 0.009229817563 0.5098886222 -4.717366946e-06 0.00230880189 0.2549860025 -0.9999999767 -5.17704032e-06 -0.0002156009009 2.590128703e-06 0.9993514258 -0.03601010588 0.0002156474935 -0.0360101056 -0.9993514026 9.013493796e-08 -0.01128004932 0
0.04361022713 0.01449952832 -0.01021744011 -5.374218074e-05 0.01111865075 0.5098383597 -6.850854309e-06 0.002782018689 0.2549796717 -0.999999951 -9.051618043e-06 -0.0003128600626 4.527850243e-06 0.9990587725 -0.04337705592 0.0003129582227 -0.04337705522 -0.9990587236 1.896561819e-07 -0.01358919535 0
0.05102070141 0.0169633628 -0.01195364013 -7.355539408e-05 0.01300714491 0.5097787675 -9.380732391e-06 0.003255160809 0.2549721646 -0.9999999082 -1.449370865e-05 -0.0004281422653 7.249494983e-06 0.9987118261 -0.05074138741 0.0004283261745 -0.05074138585 -0.9987117343 3.109472538e-07 -0.01589834138 0
0.05843117569 0.01942719729 -0.01368984015 -9.646979751e-05 0.01489524249 0.5097098478 -1.230690978e-05 0.003728237653 0.2549634816 -0.9999998422 -2.17691536e-05 -0.0005614280065 1.088808292e-05 0.9983106136 -0.05810265593 0.0005617443833 -0.05810265287 -0.9983104558 4.531355346e-07 -0.0182074874 0
0.06491534069 0.02158305247 -0.01520901517 -0.0001190631892 0.01654695729 0.5096418937 -1.519235422e-05 0.004142131476 0.2549549195 -0.9999997596 -2.984789338e-05 -0.0006928039046 1.492853161e-05 0.9979150623 -0.06454090416 0.0006932858616 -0.06454089898 -0.9979148219 5.943440734e-07 -0.02022799018 0
0.07232581497 0.02404688696 -0.01694521519 -0.0001477899751 0.01843415613 0.5095554921 -1.886143207e-05 0.004615101053 0.254944032 -0.9999996295 -4.127652909e-05 -0.0008597831046 2.064460089e-05 0.9974121892 -0.07189523283 0.0008605257342 -0.07189522394 -0.9974118188 7.747121542e-07 -0.0225371362 0
0.07973628926 0.02651072145 -0.01868141521 -0.000179615235 0.02032079296 0.5094597713 -2.292665385e-05 0.005088016876 0.254931969 -0.9999994528 -5.530133437e-05 -0.001044692803 2.765950869e-05 0.9968551519 -0.07924522255 0.001045789769 -0.07924520808 -0.9968546049 9.752238736e-07 -0.02484628223 0
0.08714676354 0.02897455594 -0.02041761523 -0.0002145378044 0.02220681028 0.5093547347 -2.738797377e-05 0.005560879201 0.2549187307 -0.9999992193 -7.218701083e-05 -0.0012475017 3.610586099e-05 0.9962439943 -0.08659043018 0.00124906678 -0.08659040761 -0.9962432138 1.195832376e-06 -0.02715542826 0
0.09455723782 0.03143839043 -0.02215381525 -0.0002525564058 0.02409215061 0.5092403862 -3.224534515e-05 0.006033687226 0.2549043172 -0.999998918 -9.219788007e-05 -0.00146817546 4.611612574e-05 0.995578764 -0.093930413 0.001470344495 -0.09393037907 -0.9955776825 1.436533638e-06 -0.02946457428 0
0.1010414028 0.03359424561 -0.02367299027 -0.0002883613051 0.02574122289 0.5091326958 -3.682039288e-05 0.006447348504 0.2548907415 -0.9999985894 -0.0001124785017 -0.00167589047 5.626202713e-05 0.9949523721 -0.1003482643 0.001678718221 -0.100348217 -0.9949509622 1.663647897e-06 -0.03148507705 0
0.1084518771 0.0360580801 -0.02540919029 -0.0003321811284 0.02762513906 0.5090008989 -4.242022752e-05 0.006920050139 0.2548741248 -0.999998128 -0.0001390600646 -0.001929957753 6.956113552e-05 0.9941858996 -0.107677259 0.001933710391 -0.1076771916 -0.9941840288 1.94210312e-06 -0.03379422308 0
0.1158623514 0.03852191459 -0.02714539031 -0.0003790926799 0.02950821317 0.5088598031 -4.841596632e-05 0.007392691739 0.2548563334 -0.9999975617 -0.0001695243102 -0.00220177431 8.480411728e-05 0.993365516 -0.1149997587 0.002206661928 -0.114999665 -0.9933630795 2.24076862e-06 -0.03610336911 0
0.1232728257 0.04098574908 -0.02888159033 -0.0004290942433 0.03139038787 0.5087094134 -5.480755215e-05 0.007865270615 0.2548373674 -0.9999968759 -0.0002041337559 -0.002491294082 0.000102122785 0.9924912853 -0.1223153227 0.002497556352 -0.122315195 -0.9924881638 2.559712583e-06 -0.03841251513 0
0.1306833 0.04344958357 -0.03061779035 -0.0004821839897 0.03327160583 0.5085497354 -6.159492451e-05 0.008337783862 0.254817227 -0.9999960547 -0.0002431503685 -0.002798467997 0.0001216487511 0.9915632761 -0.129623511 0.0028063761 -0.12962334 -0.9915593346 2.899012924e-06 -0.04072166116 0
0.137167465 0.04560543875 -0.03213696536 -0.000531169269 0.03491684171 0.5084024023 -6.785849378e-05 0.008751176714 0.2547986409 -0.9999952121 -0.0002811106537 -0.003081686217 0.0001406479488 0.99070721 -0.1360117797 0.003091283114 -0.1360115619 -0.9907024271 3.212666977e-06 -0.04274216393 0
0.1445779392 0.04806927324 -0.03387316538 -0.0005900440355 0.03679611146 0.5082253247 -7.538779074e-05 0.009223558558 0.254776299 -0.9999940914 -0.0003290947202 -0.003421818914 0.0001646665854 0.9896785655 -0.1433049543 0.003433661738 -0.143304671 -0.9896726637 3.59037407e-06 -0.04505130996 0
0.1519884135 0.05053310773 -0.0356093654 -0.0006520010979 0.03867425993 0.5080389765 -8.331268082e-05 0.009695865666 0.2547527833 -0.9999927848 -0.0003822357238 -0.003779447936 0.0001912696764 0.9885963628 -0.1505894914 0.003793909166 -0.1505891278 -0.9885891567 3.988705404e-06 -0.04736045599 0
0.1593988878 0.05299694222 -0.03734556542 -0.00071703819 0.04055122995 0.5078433644 -9.163308981e-05 0.01016809469 0.254728094 -0.9999912728 -0.0004407931674 -0.00415451259 0.0002205879392 0.9874606867 -0.1578649537 0.004172003648 -0.1578644924 -0.9874519717 4.407767321e-06 -0.04966960201 0
0.1658830528 0.05515279739 -0.03886474044 -0.0007764703655 0.04219256714 0.5076646103 -9.923783568e-05 0.01058122837 0.2547055283 -0.9999897653 -0.00049667756 -0.004496946846 0.0002485712704 0.986423175 -0.1642231957 0.004517458562 -0.1642226328 -0.9864129558 4.791540354e-06 -0.05169010478 0
0.1732935271 0.05761663188 -0.04060094046 -0.0008472760142 0.04406717371 0.5074516482 -0.00010829963 0.01105330179 0.2546786392 -0.9999878125 -0.0005660877369 -0.004904529349 0.0002833318831 0.9851874793 -0.1714804665 0.004928953895 -0.1714797661 -0.9851753119 5.249780009e-06 -0.05399925081 0
0.1807040014 0.06008046637 -0.04233714048 -0.0009211545513 0.04594043779 0.5072294437 -0.0001177567096 0.01152528724 0.2546505771 -0.999985593 -0.0006416562929 -0.005329356407 0.0003211819775 0.9838985771 -0.1787274093 0.005358227752 -0.1787265461 -0.983884196 5.729089491e-06 -0.05630839684 0
0.1881144756 0.06254430086 -0.0440733405 -0.0009981032754 0.04781230245 0.5069980051 -0.0001276089862 0.0119971812 0.2546213425 -0.9999830838 -0.000723639748 -0.005771355815 0.0003622511868 0.9825565693 -0.1859635901 0.005805254215 -0.185962535 -0.982539686 6.229597837e-06 -0.05861754286 0
0.1955249499 0.06500813535 -0.04580954052 -0.001078119373 0.04968271077 0.5067573407 -0.0001378563679 0.01246898013 0.2545909355 -0.9999802606 -0.0008122937686 -0.006230452414 0.0004066688334 0.981161561 -0.1931885757 0.006270006293 -0.193187296 -0.9811418632 6.751439544e-06 -0.06092668889 0
0.2020091149 0.06716399053 -0.04732871554 -0.001150647366 0.05131807871 0.5065391983 -0.0001471468613 0.01288172345 0.2545633679 -0.9999775133 -0.000895538297 -0.006646125655 0.0004483824583 0.9798975375 -0.1995009148 0.006691182872 -0.1994994086 -0.9798751012 7.225660891e-06 -0.06294719166 0
0.2094195892 0.06962782502 -0.04906491556 -0.001236406815 0.05318560326 0.5062812596 -0.0001581348043 0.0133533346 0.2545307635 -0.9999740334 -0.0009973856117 -0.00713706668 0.0004994258565 0.9784034507 -0.2067037452 0.007189094008 -0.2067019422 -0.9783775468 7.787883804e-06 -0.06525633769 0
0.2168300635 0.07209165951 -0.05080111558 -0.001325224925 0.05505150823 0.5060141214 -0.0001695175673 0.01382484046 0.2544969877 -0.9999701652 -0.001106633468 -0.007644872459 0.0005541876531 0.9768566883 -0.2138941405 0.007704647208 -0.2138919957 -0.9768269307 8.371856378e-06 -0.06756548372 0
0.2242405378 0.074555494 -0.0525373156 -0.001417098449 0.05691573698 0.5057377934 -0.0001812950444 0.01429623742 0.2544620408 -0.9999658809 -0.001223533904 -0.008169456486 0.0006127958509 0.9752573714 -0.2210716716 0.008237811344 -0.2210691351 -0.9752233467 8.977733459e-06 -0.06987462974 0
0.2307247028 0.07671134918 -0.05405649061 -0.001499991539 0.05854551761 0.5054884759 -0.0001919240394 0.01470861759 0.2544305017 -0.9999617683 -0.001332296649 -0.008642160695 0.0006673336199 0.9738149562 -0.2273411221 0.008718751154 -0.2273381977 -0.9737768365 9.525970044e-06 -0.07189513251 0
0.2381351771 0.07917518367 -0.05579269063 -0.001597584825 0.06040645095 0.5051949446 -0.0002044413061 0.01517980063 0.2543933597 -0.9999566258 -0.001464221413 -0.009197960661 0.0007334975268 0.9721174398 -0.2344933798 0.009284848197 -0.2344899556 -0.972074201 1.017335307e-05 -0.07420427854 0
0.2455456513 0.08163901816 -0.05752889065 -0.00169822357 0.06226554557 0.5048922535 -0.0002173529611 0.01565086439 0.2543550476 -0.9999509824 -0.001604517564 -0.009770274014 0.0008038737346 0.9703677395 -0.2416315458 0.009868460768 -0.2416275556 -0.9703188846 1.084311385e-05 -0.07651342457 0
0.2529561256 0.08410285265 -0.05926509067 -0.001801904096 0.06412274508 0.5045804136 -0.0002306588838 0.01612180523 0.2543155656 -0.9999448067 -0.001753433004 -0.01035900305 0.0008785887408 0.968565992 -0.2487551952 0.01046955363 -0.2487505669 -0.9685109932 1.153542659e-05 -0.07882257059 0
0.2603665999 0.08656668714 -0.06100129069 -0.001908622615 0.06597799319 0.5042594363 -0.0002443589502 0.01659261951 0.2542749143 -0.9999380665 -0.001911214482 -0.01096404719 0.000957768625 0.9667123382 -0.2558639049 0.0110880905 -0.2558585594 -0.9666506359 1.225047033e-05 -0.08113171662 0
0.2668507649 0.08872254231 -0.06252046571 -0.002004490359 0.06759969032 0.5039710949 -0.000256669729 0.01700447534 0.2542383853 -0.9999316798 -0.002056739276 -0.01150676307 0.001030812407 0.9650479255 -0.2620714387 0.01164359045 -0.2620653952 -0.9649798731 1.289492455e-05 -0.08315221939 0
0.2742612392 0.0911863768 -0.06425666573 -0.002116894515 0.06945112806 0.503633017 -0.0002711084675 0.01747504254 0.2541955424 -0.9999237911 -0.002231805503 -0.01214211706 0.001118702254 0.9630973408 -0.2691509997 0.01229473333 -0.2691440714 -0.9630214475 1.36530882e-05 -0.08546136542 0
0.2816717135 0.09365021129 -0.06599286575 -0.002232325155 0.07130045299 0.5032858363 -0.0002859409725 0.01794547274 0.2541515311 -0.9999152402 -0.002416440475 -0.01279348117 0.001211417018 0.9610952771 -0.276214411 0.01296321002 -0.2762064974 -0.9610108876 1.44345242e-05 -0.08777051145 0
0.2890821878 0.09611404578 -0.06772906577 -0.002350778062 0.0731476091 0.5029295655 -0.0003011671057 0.01841576227 0.254106352 -0.9999059914 -0.002610886176 -0.01346074387 0.001309081046 0.9590418906 -0.2832612546 0.01364898014 -0.2832522468 -0.9589483146 1.523942994e-05 -0.09007965747 0
0.296492662 0.09857788027 -0.06946526579 -0.002472248908 0.07499254051 0.5025642177 -0.000316786725 0.01888590751 0.2540600055 -0.999896008 -0.002815383281 -0.01414379078 0.001411818204 0.9569373418 -0.2902911138 0.0143520023 -0.2902808943 -0.9568338531 1.60680074e-05 -0.0923888035 0
0.302976827 0.1007337355 -0.07098444081 -0.002581008067 0.07660498668 0.5022371028 -0.0003307765591 0.01929716336 0.254018495 -0.9998866404 -0.003002751721 -0.01475431281 0.001505971774 0.9550540214 -0.2964279816 0.01498126541 -0.2964165982 -0.9549412348 1.681259315e-05 -0.09440930627 0
0.3103873013 0.1031975699 -0.07272064083 -0.002708125506 0.07844559644 0.5018547717 -0.0003471335694 0.01976702821 0.2539699607 -0.9998751779 -0.003226739207 -0.01546663722 0.001618553205 0.9528539889 -0.3034248771 0.01571651992 -0.3034120366 -0.952729829 1.768611535e-05 -0.0967184523 0
0.3177977756 0.1056614044 -0.07445684085 -0.002838247834 0.08028382133 0.5014634028 -0.0003638836373 0.02023673828 0.2539202603 -0.9998628704 -0.003461462448 -0.0161944016 0.001736561122 0.950603277 -0.3104035987 0.01646890163 -0.3103891558 -0.9504669101 1.858391521e-05 -0.09902759832 0
0.3252082499 0.1081252389 -0.07619304086 -0.0029713703 0.08211960579 0.5010630104 -0.0003810266065 0.02070628993 0.2538693943 -0.9998496781 -0.003707156739 -0.01693748086 0.001860117435 0.9483020612 -0.3173637356 0.01723836512 -0.3173475345 -0.9481526149 1.950621209e-05 -0.1013367444 0
0.3316924149 0.1102810941 -0.07771221588 -0.003090309689 0.08372387172 0.5007052764 -0.0003963488808 0.02111701478 0.2538239307 -0.9998373767 -0.003931322789 -0.01760013778 0.001972876056 0.9462472094 -0.3234382884 0.01792562158 -0.3234204127 -0.9460855716 2.033349287e-05 -0.1033572471 0
0.3391028892 0.1127449286 -0.0794484159 -0.003229044227 0.08555493108 0.5002880046 -0.0004142281063 0.02158625954 0.2537708804 -0.9998224141 -0.004198216859 -0.01837158579 0.002107162321 0.9438517857 -0.3303624775 0.01872698738 -0.3303425217 -0.9436753246 2.130232812e-05 -0.1056663931 0
0.3465133634 0.1152087631 -0.08118461592 -0.003370764635 0.08738339093 0.4998617522 -0.0004324997636 0.02205533539 0.2537166659 -0.9998064466 -0.004476750168 -0.01915797388 0.002247344448 0.9414063845 -0.3372669103 0.01954529862 -0.3372446857 -0.9412141113 2.229631524e-05 -0.1079755392 0
0.3539238377 0.1176725976 -0.08292081594 -0.003515465742 0.08920919615 0.4994265347 -0.0004511636825 0.02252423868 0.2536612877 -0.9997894308 -0.004767152148 -0.01995916645 0.002393542211 0.9389111964 -0.3441511823 0.0203805059 -0.3441264877 -0.9387020802 2.331569023e-05 -0.1102846852 0
0.361334312 0.1201364321 -0.08465701596 -0.003663142265 0.09103229169 0.4989823681 -0.0004702196888 0.02299296576 0.2536047462 -0.9997713223 -0.005069650645 -0.02077502523 0.002545874801 0.9363664159 -0.3510148911 0.02123255879 -0.3509875125 -0.9361393831 2.436069326e-05 -0.1125938312 0
0.367818477 0.1222922872 -0.08617619098 -0.003794795761 0.09262523434 0.4985863939 -0.0004872151891 0.02340295456 0.2535543187 -0.9997545457 -0.005344437636 -0.02150082182 0.002684291544 0.9340992073 -0.357003453 0.02199188331 -0.3569735394 -0.9338555826 2.529628587e-05 -0.114614334 0
0.3752289513 0.1247561217 -0.087912391 -0.003948036581 0.09444310132 0.4981254915 -0.0005070058777 0.02387134144 0.2534955978 -0.9997342663 -0.005670225549 -0.02234379782 0.002848446132 0.9314619782 -0.3638275272 0.02287538226 -0.3637944911 -0.931198306 2.639000315e-05 -0.11692348 0
0.3826394256 0.1272199562 -0.08964859102 -0.004104237036 0.09625810106 0.4976556875 -0.0005271881331 0.02433954164 0.2534357153 -0.9997127623 -0.006008755898 -0.02320102775 0.003019074895 0.9287757367 -0.370629891 0.02377557619 -0.3705934778 -0.9284908164 2.751006176e-05 -0.1192326261 0
0.3900498999 0.1296837907 -0.09138479104 -0.004263391425 0.09807017895 0.4971769988 -0.0005477617672 0.02480755152 0.2533746718 -0.9996899862 -0.006360250078 -0.02407236313 0.003196294673 0.9260406919 -0.3774101492 0.02469241074 -0.3773700892 -0.9257332773 2.865671758e-05 -0.1215417721 0
0.3974603741 0.1321476252 -0.09312099106 -0.004425493945 0.09987928053 0.4966894431 -0.000568726588 0.02527536745 0.2533124678 -0.9996658896 -0.006724927744 -0.02495765288 0.003380221672 0.9232570565 -0.3841679081 0.02562583056 -0.3841239161 -0.922925855 2.98302304e-05 -0.1238509181 0
0.4039445391 0.1343034804 -0.09464016607 -0.004569747393 0.1014597602 0.4962555721 -0.0005873915482 0.02568454442 0.2532570878 -0.9996436833 -0.007055006612 -0.02574360763 0.003546750675 0.9207816863 -0.3900621831 0.02645613373 -0.3900145035 -0.9204285741 3.087929243e-05 -0.1258714209 0
0.4113550134 0.1367673149 -0.09637636609 -0.004737361639 0.1032631348 0.4957514388 -0.0006090893146 0.02615198686 0.2531927096 -0.9996169776 -0.007444989172 -0.02665464569 0.003743564666 0.9179075303 -0.3967767024 0.02742049825 -0.3967245114 -0.9175280804 3.210387583e-05 -0.1281805669 0
0.4187654877 0.1392311494 -0.09811256611 -0.004907906732 0.1050633772 0.4952384903 -0.0006311776961 0.0266192249 0.2531271727 -0.999588808 -0.007848776769 -0.0275791895 0.003947416332 0.9149854161 -0.4034676024 0.02840128333 -0.4034105663 -0.914578199 3.335608457e-05 -0.1304897129 0
0.426175962 0.1416949838 -0.09984876613 -0.005081376454 0.1068604333 0.4947167455 -0.0006536564867 0.02708625488 0.2530604777 -0.9995591228 -0.008266582035 -0.02851707811 0.004158419315 0.9120155709 -0.4101344973 0.02939842975 -0.4100722643 -0.9115791081 3.463619321e-05 -0.132798859 0
0.432660127 0.143850839 -0.1013679412 -0.005235556601 0.1084302014 0.4942530179 -0.0006736455212 0.0274947326 0.25300117 -0.9995318639 -0.008643826236 -0.02934854912 0.004349002052 0.9093779833 -0.4159480371 0.03028430697 -0.4158809537 -0.9089146787 3.577939356e-05 -0.1348193617 0
0.4400706013 0.1463146735 -0.1031041412 -0.005414492876 0.1102211383 0.4937148313 -0.0006968557611 0.0279613627 0.2529323053 -0.9994991955 -0.009088481163 -0.03031101671 0.004573717648 0.9063192672 -0.4225688903 0.03131196786 -0.4224958999 -0.9058238102 3.711256734e-05 -0.1371285078 0
0.4474810756 0.148778508 -0.1048403412 -0.005596335317 0.1120087345 0.4931679039 -0.0007204557977 0.02842777432 0.2528622844 -0.9994648591 -0.009547754483 -0.03128635249 0.004805907407 0.903213493 -0.4291646413 0.03235581435 -0.429085337 -0.9026842609 3.847445075e-05 -0.1394376538 0
0.4548915498 0.1512423425 -0.1065765412 -0.005781077297 0.1137929365 0.4926122555 -0.000744445411 0.02889396383 0.2527911079 -0.9994288001 -0.01002185136 -0.03227438591 0.005045682242 0.9000609018 -0.4357349127 0.03341578342 -0.4356488672 -0.8994962201 3.986533237e-05 -0.1417467998 0
0.4623020241 0.153706177 -0.1083127412 -0.005968712086 0.115573691 0.4920479064 -0.0007688243774 0.0293599276 0.2527187765 -0.9993909633 -0.01051097498 -0.03327494399 0.00529315234 0.8968617382 -0.4422793292 0.03449181107 -0.4421860942 -0.8962598803 4.128550429e-05 -0.1440559458 0
0.4687861891 0.1558620322 -0.1098319162 -0.006135260164 0.1171289813 0.4915469798 -0.0007904751856 0.02976745788 0.2526545398 -0.9993563536 -0.01095144294 -0.03416056863 0.005516087249 0.8940244611 -0.4479841913 0.03544645727 -0.4478842806 -0.8933886164 4.255241416e-05 -0.1460764486 0
0.4761966634 0.1583258666 -0.1115681163 -0.006328300466 0.1189031283 0.4909663725 -0.0008155835736 0.03023298863 0.2525800449 -0.9993150315 -0.01146928222 -0.03518413586 0.005778280355 0.8907386458 -0.4544791265 0.03655241889 -0.4543711264 -0.8900622451 4.402830465e-05 -0.1483855946 0
0.4836071377 0.1607897011 -0.1133043163 -0.006524213646 0.1206736753 0.4903771245 -0.0008410806514 0.03069828324 0.2525043971 -0.9992717682 -0.01200272099 -0.0362197171 0.00604848134 0.8874069807 -0.4609471407 0.03767424972 -0.4608305386 -0.8866881445 4.553434427e-05 -0.1506947407 0
0.491017612 0.1632535356 -0.1150405163 -0.006722992572 0.1224405694 0.4897792572 -0.0008669661813 0.03116333809 0.2524275972 -0.9992265056 -0.01255195441 -0.03726713018 0.00632679746 0.884029724 -0.4673878676 0.03881188201 -0.4672621272 -0.8832665183 4.707083826e-05 -0.1530038867 0
0.497501777 0.1654093908 -0.1165596913 -0.006899269252 0.1239835638 0.4892490699 -0.0008899344826 0.03157006157 0.2523594527 -0.9991852143 -0.013045642 -0.03819317743 0.006577064736 0.8810374305 -0.4730008332 0.03982021844 -0.4728666379 -0.8802337718 4.844049504e-05 -0.1550243895 0
0.5049122512 0.1678732253 -0.1182958913 -0.007103401863 0.125743467 0.4886351003 -0.0009165477071 0.03203465712 0.2522804945 -0.9991360432 -0.01362500899 -0.03926227604 0.006870883099 0.8775753972 -0.4793894171 0.04098729261 -0.4792450119 -0.8767235941 5.003492502e-05 -0.1573335355 0
0.5123227255 0.1703370598 -0.1200320914 -0.007310379137 0.1274995663 0.4880125748 -0.0009435486802 0.03249900254 0.2522003863 -0.9990847012 -0.01422071977 -0.04034266981 0.007173120577 0.8740685332 -0.4857496737 0.04216996822 -0.4855944505 -0.8731664924 5.166070499e-05 -0.1596426815 0
0.5197331998 0.1728008943 -0.1217682914 -0.007520193543 0.1292518096 0.4873815161 -0.0009709371502 0.0329630942 0.2521191288 -0.9990311272 -0.0148329611 -0.04143416765 0.007483881344 0.87051711 -0.492081246 0.04336817386 -0.4919145702 -0.8695626815 5.331815264e-05 -0.1619518275 0
0.5271436741 0.1752647288 -0.1235044914 -0.007732837446 0.1310001449 0.486741947 -0.0009987128617 0.03342692851 0.2520367228 -0.9989752593 -0.0154619175 -0.04253657624 0.007803268756 0.8669214021 -0.4983837794 0.04458183719 -0.4982049896 -0.865912379 5.500758876e-05 -0.1642609736 0
0.5336278391 0.1774205839 -0.1250236664 -0.007921215855 0.1325266916 0.4861753614 -0.001023334065 0.03383256958 0.2519636761 -0.9989244443 -0.01602610926 -0.0435099803 0.008089889905 0.8637390487 -0.5038743984 0.04565641516 -0.5036844444 -0.8626803998 5.651234042e-05 -0.1662814763 0
0.5410383134 0.1798844184 -0.1267598664 -0.008139144137 0.1342675595 0.4855198985 -0.001051835154 0.03429591164 0.2518791189 -0.9988641067 -0.01668689586 -0.04463231776 0.008425727955 0.8600610585 -0.5101215372 0.04689886342 -0.5099181533 -0.8589435217 5.826263019e-05 -0.1685906224 0
0.5484487877 0.1823482529 -0.1284960665 -0.008359879406 0.1360043706 0.4848559931 -0.00108072273 0.03475898599 0.2517934156 -0.9988012939 -0.01736491531 -0.04576499787 0.008770485143 0.8563395914 -0.5163386319 0.0481565562 -0.5161210749 -0.8551607931 6.004584762e-05 -0.1708997684 0
0.5558592619 0.1848120874 -0.1302322665 -0.008583413635 0.1377370735 0.4841836693 -0.001109996524 0.03522178905 0.2517065668 -0.9987359413 -0.01806034324 -0.04690781887 0.009124261554 0.8525749345 -0.522525338 0.04942941756 -0.5222928345 -0.8513324425 6.186232517e-05 -0.1732089144 0
0.5632697362 0.1872759219 -0.1319684665 -0.008809738699 0.1394656169 0.4835029515 -0.001139656264 0.03568431721 0.2516185735 -0.998667984 -0.01877335288 -0.04806057681 0.009487156409 0.8487673784 -0.5286813134 0.05071737065 -0.5284330597 -0.8474587009 6.371239816e-05 -0.1755180604 0
0.5697539012 0.1894317771 -0.1334876415 -0.009010056023 0.1409746402 0.4829004571 -0.001165924915 0.03608880104 0.2515406411 -0.9986063328 -0.01941179319 -0.04907722951 0.009812246714 0.8454008068 -0.5340423164 0.05185664843 -0.533779597 -0.8440321261 6.53590366e-05 -0.1775385632 0
0.5771643755 0.1918956116 -0.1352238415 -0.009241591652 0.142695247 0.4822040675 -0.001196307554 0.03655080411 0.2514505041 -0.9985333135 -0.02015822715 -0.05024806232 0.01019250302 0.8415136085 -0.5401397593 0.0531726882 -0.5398596971 -0.840073909 6.727301485e-05 -0.1798477092 0
0.5845748498 0.1943594461 -0.1369600416 -0.0094758942 0.1444115479 0.4814993558 -0.001227075334 0.03701252199 0.251359225 -0.9984574984 -0.02092272751 -0.05142823418 0.01058215812 0.8375843636 -0.5462055032 0.0545035937 -0.5459072021 -0.8360709808 6.922156847e-05 -0.1821568553 0
0.5919853241 0.1968232805 -0.1386962416 -0.009712955153 0.1461234924 0.4807863476 -0.001258227967 0.03747395108 0.2512668046 -0.99837882 -0.02170545813 -0.05261753315 0.01098130777 0.8336133747 -0.5522392166 0.05584928457 -0.5519217468 -0.8320235831 7.12050437e-05 -0.1844660013 0
0.5984694891 0.1989791357 -0.1402154166 -0.009922639476 0.1476178304 0.4801556801 -0.001285801994 0.03787746183 0.2511850013 -0.9983075739 -0.02240542883 -0.05366548871 0.01133842681 0.8301047566 -0.5574921822 0.05703882886 -0.5571571501 -0.8284458233 7.296950539e-05 -0.1864865041 0
0.6058799634 0.2014429702 -0.1419516166 -0.01016484916 0.1493214707 0.4794271861 -0.001317675443 0.03833833982 0.2510904435 -0.9982233421 -0.02322277414 -0.05487132284 0.01175563371 0.826056324 -0.5634649543 0.0584120226 -0.563108917 -0.824315706 7.501940124e-05 -0.1887956501 0
0.6132904376 0.2039068047 -0.1436878166 -0.01040979223 0.1510206101 0.4786904709 -0.001349932902 0.03879891875 0.2509947471 -0.9981360489 -0.02405880687 -0.05608566367 0.01218260541 0.8219670343 -0.5694047581 0.05979976574 -0.569026685 -0.820141829 7.710522908e-05 -0.1911047961 0
0.6207009119 0.2063706392 -0.1454240167 -0.0106574598 0.1527151986 0.4779455612 -0.001382574069 0.03925919505 0.2508979129 -0.9980456243 -0.02491368112 -0.05730829163 0.01261943407 0.817837202 -0.575311273 0.06120197448 -0.5749100969 -0.8159244443 7.922734547e-05 -0.1934139421 0
0.6281113862 0.2088344737 -0.1471602167 -0.01090784288 0.1544051865 0.4771924841 -0.001415598641 0.03971916516 0.2507999418 -0.9979519976 -0.02578754841 -0.05853898524 0.01306621096 0.8136671443 -0.5811841812 0.06261856416 -0.5807587973 -0.8116638065 8.138610953e-05 -0.1957230882 0
0.6345955512 0.2109903289 -0.1486793917 -0.0111291485 0.1558801132 0.4765268633 -0.001444809411 0.04012138502 0.2507132854 -0.9978673916 -0.02656787968 -0.05962228295 0.01346537238 0.809985598 -0.5862951601 0.06386980978 -0.5858476583 -0.8079004695 8.330537489e-05 -0.1977435909 0
0.6420060255 0.2134541634 -0.1504155917 -0.01138459859 0.1575613417 0.4757585461 -0.001478552034 0.04058077142 0.2506131853 -0.9977675685 -0.02747775832 -0.06086749614 0.01393104476 0.805740983 -0.592104209 0.06531313253 -0.5916303247 -0.8035594275 8.553383011e-05 -0.200052737 0
0.6494164998 0.2159179978 -0.1521517917 -0.01164273782 0.1592378279 0.4749821408 -0.001512677167 0.04103984138 0.2505119511 -0.9976643369 -0.02840705112 -0.0621201278 0.01440692232 0.8014570709 -0.5978787537 0.06677058799 -0.5973772702 -0.799175879 8.779997952e-05 -0.202361883 0
0.656826974 0.2183818323 -0.1538879917 -0.01190355682 0.1609095226 0.4741976756 -0.001547184492 0.04149859136 0.2504095838 -0.997557624 -0.02935589943 -0.06337994931 0.01489309256 0.7971341902 -0.6036184876 0.06824208818 -0.6030881478 -0.7947500887 9.010419193e-05 -0.204671029 0
0.663311139 0.2205376875 -0.1554071668 -0.01213396427 0.1623682866 0.4735046792 -0.001577691665 0.04189973232 0.2503190836 -0.9974613366 -0.03020229241 -0.06448800995 0.01532700275 0.7933199635 -0.6086119605 0.06954110209 -0.6080553075 -0.7908430806 9.215189308e-05 -0.2066915318 0
0.6707216133 0.223001522 -0.1571433668 -0.01239978228 0.1640308661 0.4727051784 -0.001612914729 0.04235787276 0.2502145942 -0.9973478978 -0.03118817894 -0.06576068998 0.01583270412 0.7889249117 -0.6142856088 0.07103869603 -0.6136976301 -0.7863388089 9.452847596e-05 -0.2090006778 0
0.6781320876 0.2254653565 -0.1588795668 -0.01266825262 0.1656885144 0.4718977002 -0.001648519052 0.04281568303 0.2501089745 -0.9972307648 -0.03219401236 -0.06703989271 0.01634894416 0.784491851 -0.6199235822 0.07255007699 -0.6193028994 -0.7817930705 9.694419545e-05 -0.2113098239 0
0.6855425619 0.227929191 -0.1606157668 -0.01293936557 0.1673411833 0.4710822739 -0.0016845043 0.04327315958 0.2500022255 -0.9971098629 -0.03321992351 -0.06832538275 0.0168758065 0.7800211207 -0.6255255858 0.07407515373 -0.624870777 -0.7772061397 9.939942952e-05 -0.2136189699 0
0.6929530362 0.2303930255 -0.1623519668 -0.0132131113 0.1689888248 0.470258929 -0.001720870138 0.04373029886 0.2498943482 -0.9969851165 -0.03426604047 -0.06961692304 0.01741337373 0.7755130625 -0.6310913281 0.07561383418 -0.6304009267 -0.7725782935 0.0001018945584 -0.2159281159 0
0.6994372012 0.2325488806 -0.1638711419 -0.01345479073 0.1704263495 0.4695320298 -0.001753002183 0.04413001631 0.2497990309 -0.9968727499 -0.03519806648 -0.07075179629 0.01789259056 0.7715381617 -0.6359313801 0.07697126584 -0.6352085965 -0.7684955843 0.0001041108232 -0.2179486187 0
0.7068476755 0.2350127151 -0.1656073419 -0.01373344613 0.172064436 0.468693918 -0.001790080712 0.04458651371 0.2496890408 -0.9967405896 -0.03628240488 -0.07205403618 0.01845044851 0.7669610443 -0.6414283572 0.07853520219 -0.6406671083 -0.7637917769 0.0001066817878 -0.2202577647 0
0.7142581497 0.2374765496 -0.1673435419 -0.01401470557 0.1736973581 0.4678479741 -0.001827538848 0.04504266371 0.2495779254 -0.9966043649 -0.03738730178 -0.07336163572 0.01901924307 0.7623475964 -0.6468882521 0.08011247296 -0.6460869384 -0.7590478639 0.0001092937531 -0.2225669107 0
0.721668624 0.2399403841 -0.1690797419 -0.01429855886 0.1753250687 0.4669942286 -0.001865376241 0.04549846278 0.2494656858 -0.9964639982 -0.03851287438 -0.07467435166 0.01959905282 0.7576981699 -0.6523107852 0.08170298292 -0.6514677597 -0.7542641319 0.000111947108 -0.2248760568 0
0.7290790983 0.2424042186 -0.1708159419 -0.01458499574 0.1769475207 0.4661327125 -0.001903592538 0.0459539074 0.249352323 -0.9963194117 -0.03965923702 -0.07599193917 0.02018995528 0.7530131192 -0.6576956804 0.08330663603 -0.6568092472 -0.7494408697 0.0001146422436 -0.2271852028 0
0.7355632633 0.2445600738 -0.172335117 -0.0148377392 0.1783628157 0.4653725361 -0.001937342339 0.04635212791 0.2492522101 -0.9961893753 -0.04067944637 -0.07714863087 0.02071615455 0.7488847575 -0.6623763741 0.08472053791 -0.6614505293 -0.745188317 0.0001170350696 -0.2292057056 0
0.7429737376 0.2470239083 -0.174071317 -0.0151289923 0.179975282 0.4644965342 -0.00197626812 0.04680689846 0.2491367442 -0.9960366649 -0.04186508851 -0.07847468755 0.02132806107 0.7441338755 -0.6676899648 0.08634857285 -0.6667173987 -0.7402917224 0.0001198096056 -0.2315148516 0
0.7503842119 0.2494877428 -0.175807517 -0.01542279895 0.1815823557 0.4636128521 -0.002015571773 0.04726130445 0.2490201583 -0.995879508 -0.04307183336 -0.07980490371 0.02195127721 0.7393484021 -0.6729651415 0.08798947047 -0.6719440136 -0.7353564412 0.0001226270584 -0.2338239976 0
0.7577946862 0.2519515773 -0.177543717 -0.01571914852 0.1831839907 0.4627215215 -0.00205525293 0.04771534239 0.2489024535 -0.9957178251 -0.04429978402 -0.08113902887 0.02258587634 0.7345287013 -0.6782016405 0.0896431317 -0.6771300585 -0.7303827714 0.0001254878274 -0.2361331436 0
0.7642788511 0.2541074324 -0.179062892 -0.01598053198 0.1845809237 0.4619353586 -0.002090283325 0.04811232092 0.2487985448 -0.9955725766 -0.04539171506 -0.08230939702 0.02315054503 0.7302836736 -0.6827516447 0.09110047694 -0.6816343215 -0.7259995557 0.0001280268484 -0.2381536464 0
0.7716893254 0.2565712669 -0.1807990921 -0.01628162062 0.1861722374 0.4610297744 -0.002130671305 0.04856565932 0.248678745 -0.9954021909 -0.04665969426 -0.08365017161 0.02380668118 0.7254007852 -0.6879149241 0.0927778002 -0.6867434556 -0.7209547184 0.0001309699184 -0.2404627924 0
0.7790997997 0.2590351014 -0.1825352921 -0.01658522116 0.1877579808 0.4601166351 -0.002171435717 0.04901861961 0.2485578295 -0.9952270477 -0.04794915925 -0.08499412743 0.02447440512 0.7204847284 -0.6930387865 0.09446759797 -0.6918111261 -0.715872362 0.0001339574636 -0.2427719385 0
0.786510274 0.2614989359 -0.1842714921 -0.01689132263 0.1893381087 0.4591959738 -0.002212576182 0.0494711983 0.2484357994 -0.9950470656 -0.04926020164 -0.08634100878 0.02515378595 0.7155358763 -0.6981229812 0.0961697682 -0.6968370271 -0.7107527934 0.0001369898911 -0.2450810845 0
0.7939207483 0.2639627704 -0.1860076921 -0.017199914 0.1909125759 0.4582678236 -0.002254092317 0.0499233919 0.248312656 -0.994862163 -0.05059291004 -0.08769055868 0.02584489164 0.7105546037 -0.7031672608 0.09788420814 -0.701820855 -0.7055963217 0.0001400676099 -0.2473902305 0
0.8004049133 0.2661186256 -0.1875268671 -0.01747196517 0.1922855559 0.4574495754 -0.002290726796 0.05031874267 0.2482039932 -0.9946962724 -0.05177687012 -0.08887340091 0.02645927975 0.706169692 -0.7075480709 0.09939432672 -0.7061469549 -0.7010543816 0.00014279809 -0.2494107333 0
0.8078153876 0.2685824601 -0.1892630672 -0.01778519499 0.1938492885 0.4565074742 -0.002332946265 0.05077020485 0.2480787654 -0.9945019225 -0.05315043055 -0.09022725738 0.02717254887 0.7011286498 -0.7125168553 0.1011314928 -0.7110510869 -0.6958295574 0.0001459618393 -0.2517198793 0
0.8152258618 0.2710462945 -0.1909992672 -0.01810088243 0.1954072321 0.4555579811 -0.002375540281 0.05122127193 0.2479524276 -0.9943024151 -0.05454589481 -0.09158303677 0.027897732 0.6960562776 -0.7174450327 0.102880629 -0.7159122878 -0.6905687311 0.0001491720665 -0.2540290253 0
0.8226363361 0.273510129 -0.1927354672 -0.01841901613 0.1969593425 0.4546011305 -0.002418508448 0.05167194046 0.2478249811 -0.9940976674 -0.05596333973 -0.09294047744 0.02863489275 0.6909529588 -0.7223323692 0.1046416297 -0.7207302639 -0.6852722204 0.0001524291883 -0.2563381714 0
0.8300468104 0.2759739635 -0.1944716672 -0.0187395846 0.1985055756 0.4536369568 -0.002461850365 0.05212220696 0.247696427 -0.9938875957 -0.05740283903 -0.09429931664 0.02938409356 0.6858190788 -0.7271786343 0.1064143886 -0.7255047244 -0.679940345 0.0001557336227 -0.2586473174 0
0.8365309754 0.2781298187 -0.1959908422 -0.01902207021 0.199853674 0.4527873249 -0.002500080817 0.05251585763 0.2475830346 -0.99369935 -0.05868054801 -0.09548924078 0.03004956909 0.6813021686 -0.7313852462 0.1079751139 -0.7296464543 -0.6752461969 0.0001586641444 -0.2606678202 0
0.8439414497 0.2805936532 -0.1977270422 -0.01934717269 0.2013887696 0.4518095143 -0.002544122425 0.052965361 0.2474524072 -0.9934790701 -0.0601615872 -0.09684999024 0.0308215093 0.6761120322 -0.7361538932 0.1097696304 -0.7343385482 -0.6698488821 0.0001620584242 -0.2629769662 0
0.851351924 0.2830574877 -0.1994632423 -0.01967467649 0.2029178629 0.4508244812 -0.002588536613 0.05341445241 0.2473206757 -0.9932532248 -0.06166487546 -0.09821137685 0.03160566266 0.6708924536 -0.7408808256 0.1115755954 -0.7389863049 -0.6644171338 0.0001655012296 -0.2652861122 0
0.8587623983 0.2855213222 -0.2011994423 -0.02000456984 0.2044409109 0.4498322611 -0.002633322966 0.05386312839 0.2471878415 -0.9930217294 -0.06319047446 -0.09957313378 0.03240208712 0.6656438261 -0.7455658264 0.1133929001 -0.7435894437 -0.6589512801 0.0001689929861 -0.2675952582 0
0.8652465633 0.2876771774 -0.2027186173 -0.02029517734 0.2057685851 0.448958201 -0.00267281599 0.05425537639 0.247070708 -0.9928144692 -0.06454372143 -0.1007647644 0.03310906933 0.6610277581 -0.7496306374 0.1149922573 -0.747580371 -0.6541409402 0.0001720887639 -0.269615761 0
0.8726570375 0.2901410118 -0.2044548173 -0.02062951899 0.2072801829 0.4479526017 -0.002718299028 0.05470326417 0.2469358096 -0.9925721507 -0.06611130829 -0.1021264932 0.03392865421 0.6557257293 -0.7542364446 0.1168305273 -0.7520991044 -0.6486120297 0.0001756734564 -0.271924907 0
0.8800675118 0.2926048463 -0.2061910173 -0.02096621581 0.2087856129 0.4469399188 -0.002764153023 0.05515072665 0.2467998121 -0.9923239371 -0.0677013656 -0.1034878199 0.03476067023 0.6503957918 -0.7587997165 0.1186798196 -0.7565724282 -0.643049968 0.0001793083329 -0.2742340531 0
0.8874779861 0.2950686808 -0.2079272174 -0.02130525568 0.210284833 0.4459201886 -0.002810377547 0.05559776037 0.2466627168 -0.9920697429 -0.06931394279 -0.1048484742 0.03560517078 0.6450383455 -0.7633202504 0.1205400225 -0.7610000724 -0.6374550908 0.0001829938256 -0.2765431991 0
0.8948884604 0.2975325153 -0.2096634174 -0.02164662642 0.2117778015 0.444893448 -0.002856972171 0.05604436192 0.246524525 -0.991809482 -0.07094908607 -0.1062081849 0.03646220804 0.6396537923 -0.7677978467 0.1224110237 -0.7653817696 -0.6318277361 0.0001867303685 -0.2788523451 0
0.9013726254 0.2996883705 -0.2111825924 -0.02194722821 0.2130789879 0.4439893281 -0.002898045723 0.05643478106 0.2464027088 -0.9915767095 -0.07239838158 -0.1073969437 0.03722243975 0.6349203892 -0.7716803673 0.124056919 -0.7691778557 -0.6268774259 0.0001900420632 -0.2808728479 0
0.9087830997 0.302152205 -0.2129187924 -0.02229293617 0.2145601225 0.4429495423 -0.00294533311 0.05688056305 0.2462624646 -0.9913048413 -0.07407594972 -0.108754151 0.03810311978 0.6294860993 -0.7760769311 0.125947862 -0.7734726915 -0.621190093 0.000193875501 -0.2831819939 0
0.916193574 0.3046160395 -0.2146549924 -0.02264093951 0.2160348866 0.4419028528 -0.002992989339 0.05732590304 0.2461211278 -0.991026658 -0.07577619896 -0.1101096304 0.03899647984 0.6240258669 -0.7804300045 0.1278492769 -0.7777208272 -0.6154712644 0.0001977612463 -0.2854911399 0
0.9236040482 0.307079874 -0.2163911925 -0.02299122571 0.2175032393 0.4408492971 -0.003041013965 0.0577707976 0.2459786997 -0.9907420731 -0.07749916308 -0.1114631077 0.03990256744 0.6185401002 -0.7847394023 0.1297610487 -0.7819220064 -0.6097212856 0.0002016997398 -0.287800286 0
0.9300882132 0.3092357291 -0.2179103675 -0.02329958891 0.2187827565 0.4399218332 -0.003083337364 0.05815971229 0.2458531809 -0.9904877414 -0.07902541406 -0.1126455418 0.04070587108 0.6137194303 -0.7884741549 0.1314422543 -0.7855593197 -0.6046647741 0.0002051895391 -0.2898207887 0
0.9374986875 0.3116995636 -0.2196465675 -0.02365412152 0.2202389784 0.4388555055 -0.003132051528 0.05860376252 0.2457087102 -0.9901909185 -0.08079104828 -0.1139945237 0.04163594663 0.6081868922 -0.7927011745 0.1333731339 -0.789671774 -0.5988573256 0.0002092281285 -0.2921299348 0
0.9449091618 0.3141633981 -0.2213827675 -0.02401090063 0.2216886729 0.4377824211 -0.003181132794 0.05904735755 0.2455631521 -0.9898874433 -0.08257947636 -0.1153407113 0.04257887954 0.6026300017 -0.7968840067 0.1353140371 -0.7937365502 -0.5930197301 0.0002133207421 -0.2944390808 0
0.9523196361 0.3166272326 -0.2231189675 -0.02436991343 0.2231318 0.4367026184 -0.003230580706 0.05949049398 0.245416508 -0.9895772283 -0.08439071945 -0.1166838281 0.04353471257 0.5970491727 -0.8010224805 0.1372648465 -0.7977534029 -0.5871523397 0.0002174678268 -0.2967482268 0
0.9597301104 0.3190910671 -0.2248551676 -0.02473114706 0.2245683201 0.4356161361 -0.003280394802 0.05993316844 0.2452687792 -0.9892601858 -0.08622479543 -0.1180235968 0.04450348728 0.5914448205 -0.8051164288 0.1392254444 -0.8017220896 -0.581255509 0.0002216698313 -0.2990573729 0
0.9662142754 0.3212469223 -0.2263743426 -0.02504903807 0.2258198246 0.4346600154 -0.003324282158 0.06032012696 0.2451386279 -0.988977104 -0.08784835359 -0.1191929295 0.04536181309 0.5865220436 -0.8086619803 0.1409489042 -0.8051549908 -0.5760719115 0.0002253919906 -0.3010778756 0
0.9736247496 0.3237107568 -0.2281105426 -0.02541440078 0.227243851 0.4335611141 -0.003374781596 0.06076192609 0.2449888693 -0.9886470235 -0.08972527803 -0.1205256714 0.04635496111 0.5808747096 -0.812672006 0.1429275361 -0.8090327226 -0.5701208409 0.0002296981847 -0.3033870217 0
0.9810352239 0.3261745913 -0.2298467426 -0.02578194687 0.2286611581 0.4324556458 -0.003425645876 0.06120325352 0.2448380301 -0.9883098628 -0.09162506849 -0.1218542653 0.04736116337 0.5752050539 -0.8166370468 0.1449156146 -0.8128616074 -0.5641413581 0.0002340605975 -0.3056961677 0
0.9884456982 0.3286384257 -0.2315829426 -0.02615166319 0.2300717073 0.4313436502 -0.003476874524 0.0616441059 0.2446861119 -0.9879655338 -0.09354773007 -0.1231784321 0.0483804566 0.5695134969 -0.82055695 0.1469130197 -0.816641414 -0.5581338241 0.000238479684 -0.3080053137 0
0.9958561725 0.3311022602 -0.2333191427 -0.0265235365 0.2314754604 0.4302251669 -0.003528467061 0.06208447984 0.2445331159 -0.9876139485 -0.09549326462 -0.1244978923 0.0494128763 0.5638004602 -0.824431567 0.1489196307 -0.8203719141 -0.5520986018 0.0002429559007 -0.3103144597 0
1.002340337 0.3332581154 -0.2348383177 -0.02685068458 0.2326981395 0.4292412037 -0.003573908658 0.06246941194 0.2443983616 -0.9873002893 -0.09721436924 -0.1256483391 0.05032703829 0.5587842653 -0.827784594 0.150682872 -0.8235954779 -0.5467953556 0.000246919815 -0.3123349625 0
