0.01049628649 0.003463774542 0 -3.090306567e-06 0.002676525806 0.5099906354 -3.889671779e-07 0.0006673378147 0.2549988343 -0.9999999998 -1.248950301e-07 -1.799670277e-05 6.306204772e-08 0.9999454642 -0.01044359453 1.799702566e-05 -0.01044359453 -0.999945464 4.105157548e-08 0
0.02094220163 0.006910926538 0 -1.23017523e-05 0.005340044989 0.509962722 -1.55799856e-06 0.001334246524 0.2549953305 -0.9999999974 -9.945337214e-07 -7.163572545e-05 4.982711574e-07 0.9997829108 -0.02083581852 7.164089603e-05 -0.0208358185 -0.9997829082 3.668364326e-08 0
0.03043848812 0.01004470108 0 -2.598703375e-05 0.007761149955 0.5099212514 -3.29929529e-06 0.001940842199 0.2549901113 -0.9999999885 -3.054631931e-06 -0.0001513131885 1.528708017e-06 0.9995414205 -0.03028116176 0.0001513362972 -0.03028116165 -0.999541409 2.881624597e-08 0
0.04088440326 0.01349185308 0 -4.68821956e-05 0.01042391257 0.5098579327 -5.959740774e-06 0.002607962277 0.2549821371 -0.9999999627 -7.402587156e-06 -0.000272937336 3.703227212e-06 0.9991727334 -0.04066754106 0.000273012589 -0.04066754055 -0.9991726961 1.500812477e-07 0
0.05038068975 0.01662562762 0 -7.118688094e-05 0.01284406286 0.5097842822 -9.055077899e-06 0.003214299751 0.2549728594 -0.9999999141 -1.385101718e-05 -0.0004143613821 6.928169577e-06 0.9987439301 -0.05010550987 0.0004145349275 -0.05010550843 -0.9987438441 2.98950241e-07 0
0.06082660489 0.02007277961 0 -0.0001037602303 0.01550548185 0.5096855751 -1.320410021e-05 0.003881146204 0.2549604234 -0.9999998174 -2.437381016e-05 -0.0006038217599 1.219086542e-05 0.9981693176 -0.0604815114 0.0006041905189 -0.06048150772 -0.9981691351 5.023245471e-07 0
0.07032289138 0.02320655416 0 -0.000138677889 0.01792414394 0.509579764 -1.765229813e-05 0.004487270809 0.2549470907 -0.9999996738 -3.765956151e-05 -0.0008068192329 1.883568967e-05 0.9975534436 -0.06990798745 0.0008074780083 -0.06990797984 -0.9975531175 7.222508026e-07 0
0.08076880652 0.02665370615 0 -0.0001829208078 0.02058363264 0.5094456945 -2.328918503e-05 0.005153905396 0.254930195 -0.9999994324 -5.704779158e-05 -0.001063883833 2.853328614e-05 0.9967732306 -0.08026908469 0.001065030099 -0.08026906949 -0.9967726632 1.002258653e-06 0
0.09026509302 0.0297874807 0 -0.0002284422017 0.02300027345 0.5093077509 -2.908976811e-05 0.005759844576 0.2549128088 -0.9999991148 -7.961329609e-05 -0.001328206099 3.982099594e-05 0.995970634 -0.08967995689 0.001329993987 -0.08967993039 -0.9959697491 1.291291205e-06 0
0.1007110082 0.03323463269 0 -0.000284342985 0.02565724577 0.5091383546 -3.621404242e-05 0.006426273597 0.254891455 -0.9999986284 -0.000110549059 -0.001652559993 5.529714009e-05 0.9949852612 -0.1000216327 0.001655330134 -0.1000215869 -0.9949838903 1.64713191e-06 0
0.1102072946 0.03636840723 0 -0.0003404560713 0.02807133279 0.5089683149 -4.336657134e-05 0.007032019283 0.2548700166 -0.9999980335 -0.0001448278468 -0.00197788315 7.244751797e-05 0.9939963954 -0.1094127998 0.001981854742 -0.1094127279 -0.9939944302 2.005133361e-06 0
0.1206532098 0.03981555923 0 -0.000407999931 0.03072520338 0.5087636366 -5.197772111e-05 0.007698224508 0.2548442062 -0.9999971756 -0.00018998216 -0.002369128758 9.504184789e-05 0.9928064195 -0.1197305492 0.002374832908 -0.1197304362 -0.9928035973 2.437004362e-06 0
0.1301494963 0.04294933377 0 -0.0004746898661 0.03313620487 0.5085615459 -6.04816953e-05 0.008303754707 0.2548187171 -0.9999961764 -0.0002383965221 -0.002755053909 0.0001192706091 0.9916318431 -0.1290979224 0.002762775681 -0.1290977574 -0.9916280231 2.864349947e-06 0
0.1405954114 0.04639648577 0 -0.0005538589356 0.03578638929 0.5083216396 -7.05791261e-05 0.008969708094 0.254788452 -0.9999947941 -0.0003004267586 -0.003212711331 0.0001503178247 0.9902379362 -0.1393872556 0.003223224299 -0.1393870129 -0.990232736 3.372810931e-06 0
0.1500916979 0.04953026031 0 -0.0006311080797 0.03819377442 0.5080875513 -8.043396299e-05 0.00957499496 0.254758914 -0.9999932399 -0.0003653854195 -0.003658764917 0.0001828357741 0.9888783126 -0.1487267609 0.003672415868 -0.1487264245 -0.9888715609 3.870111198e-06 0
0.160537613 0.05297741231 0 -0.0007218814195 0.0408396893 0.5078124805 -9.201698607e-05 0.01024066411 0.2547241962 -0.9999911544 -0.0004469327525 -0.004182272338 0.0002236647114 0.9872812619 -0.1589832061 0.004200133913 -0.1589827352 -0.9872724289 4.455925389e-06 0
0.1700338995 0.05611118685 0 -0.0008096693421 0.04324292829 0.5075464565 -0.0001032220152 0.01084567706 0.2546906114 -0.9999888708 -0.0005308285525 -0.004687906542 0.0002656769036 0.9857373587 -0.1682907872 0.004710378167 -0.1682901597 -0.9857262472 5.023946944e-06 0
0.1804798147 0.05955833884 0 -0.0009120229465 0.04588399153 0.5072362941 -0.0001162898438 0.01151102744 0.2546514433 -0.9999858772 -0.0006345154134 -0.005276620703 0.0003176096136 0.9839380658 -0.1785098929 0.005305135247 -0.1785090478 -0.9839239683 5.688030244e-06 0
0.1909257298 0.06300549084 0 -0.001020431796 0.0485222816 0.5069077824 -0.0001301350804 0.01217619667 0.2546099451 -0.9999823176 -0.0007508387234 -0.005899206872 0.0003758836572 0.9820332344 -0.1887076712 0.005934906232 -0.1887065518 -0.9820155875 6.393522195e-06 0
0.2004220163 0.06613926538 0 -0.001124233238 0.05091818676 0.5065932326 -0.000143396053 0.01278073044 0.2545701983 -0.9999785342 -0.0008681505552 -0.006494410651 0.0004346653493 0.9802102345 -0.1979588522 0.006537745875 -0.1979574257 -0.9801888162 7.071068628e-06 0
0.2108679315 0.06958641738 0 -0.001244179893 0.05355074098 0.5062297579 -0.0001587247051 0.01344552629 0.2545242541 -0.9999737052 -0.001010567737 -0.007181067999 0.0005060426032 0.9781047534 -0.2081125543 0.007234148577 -0.208110716 -0.9780785229 7.856477294e-06 0
0.2203642179 0.07272019192 0 -0.001358456187 0.05594116871 0.5058834661 -0.0001733337768 0.01404970407 0.2544804668 -0.9999686482 -0.001152769734 -0.00783414284 0.0005773287072 0.9760998714 -0.2173216688 0.007897427661 -0.2173193783 -0.9760686034 8.607222763e-06 0
0.2308101331 0.07616734392 0 -0.001489908939 0.0585674089 0.5054851244 -0.000190144806 0.01471409003 0.2544300798 -0.9999622803 -0.001323844719 -0.008584025127 0.0006631100345 0.973794928 -0.2274269082 0.008660158042 -0.2274240219 -0.9737573188 9.4737825e-06 0
0.2403064196 0.07930111846 0 -0.001614629878 0.06095183442 0.5051071822 -0.0002061009874 0.01531787849 0.254382255 -0.9999556934 -0.001493255481 -0.009294165622 0.0007480787167 0.9716092943 -0.2365899819 0.009383586988 -0.2365864521 -0.9715651285 1.029890224e-05 0
0.2507523347 0.08274827046 0 -0.001757553983 0.06357118426 0.5046740788 -0.0002243932554 0.01598181777 0.2543274286 -0.9999474921 -0.001695524632 -0.01010634738 0.0008495549917 0.969106188 -0.2466424023 0.01021231205 -0.2466380375 -0.9690538618 1.124796328e-05 0
0.2602486212 0.085882045 0 -0.001892686606 0.06594908454 0.504264586 -0.0002416954661 0.01658518336 0.2542755698 -0.9999390962 -0.00189443658 -0.01087267644 0.00094937493 0.9667410347 -0.2557554898 0.01099557503 -0.2557502356 -0.9666803579 1.214873629e-05 0
0.2706945363 0.08932919699 0 -0.002047044296 0.06856096973 0.5037968355 -0.0002614677343 0.017248639 0.2542163077 -0.9999287421 -0.002130406235 -0.01174615375 0.001067826144 0.9640411759 -0.2657507685 0.01188993297 -0.2657443745 -0.9639702054 1.318176146e-05 0
0.2801908228 0.09246297154 0 -0.002192552897 0.07093182365 0.5033559003 -0.0002801148028 0.01785154809 0.2541604183 -0.9999182355 -0.002361083381 -0.01256772334 0.001183655719 0.9614978352 -0.2748099559 0.012732688 -0.274802362 -0.9614164241 1.41595678e-05 0
0.290636738 0.09591012353 0 -0.00235830339 0.07353567209 0.5028536261 -0.0003013657327 0.01851448302 0.2540967248 -0.9999053845 -0.002633227417 -0.01350141468 0.001320350093 0.9586027445 -0.2847438056 0.01369228836 -0.2847346911 -0.9585085691 1.52781297e-05 0
0.3001330245 0.09904389807 0 -0.002514149531 0.07589896061 0.5023813651 -0.0003213563967 0.01911690188 0.2540368087 -0.9998924433 -0.002897903165 -0.01437720663 0.001453336585 0.9558826485 -0.2937452129 0.01459416753 -0.2937345136 -0.9557756252 1.633444802e-05 0
0.3105789396 0.1024910501 0 -0.002691249047 0.07849420255 0.5018446999 -0.0003440845496 0.01977927901 0.253968688 -0.9998767269 -0.003208660589 -0.01536995377 0.001609529695 0.9527939555 -0.3036133854 0.01561859135 -0.3036006964 -0.9526713372 1.754022642e-05 0
0.3200752261 0.1056248246 0 -0.002857391568 0.08084940885 0.5013412377 -0.0003654174559 0.02038117388 0.2539047493 -0.9998610052 -0.00350953556 -0.01629888062 0.001760808492 0.9498986347 -0.3125531688 0.01657920091 -0.3125384247 -0.9497604241 1.867663162e-05 0
0.3305211412 0.1090719766 0 -0.003045793341 0.08343547707 0.5007703232 -0.0003896212934 0.02104295606 0.2538322062 -0.999842031 -0.003861308127 -0.01734944964 0.001937742395 0.9466180769 -0.3223514567 0.01766800096 -0.3223341539 -0.9464610583 1.997141092e-05 0
0.3400174277 0.1122057512 0 -0.003222188374 0.0857820867 0.5002357928 -0.000412294998 0.0216442932 0.2537642494 -0.9998231611 -0.004200548004 -0.01833035557 0.002108436206 0.9435491596 -0.331225811 0.01868692152 -0.3312058858 -0.9433734468 2.11895719e-05 0
0.3504633429 0.1156529031 0 -0.003421842666 0.08835841667 0.4996307798 -0.0004379728817 0.02230544329 0.2536872888 -0.9998005129 -0.004595697868 -0.01943743786 0.002307338586 0.9400785812 -0.3409500511 0.01983962243 -0.3409268847 -0.9398804438 2.257523863e-05 0
0.360909258 0.1191000551 0 -0.003627370291 0.09092942131 0.4990079688 -0.0004644221977 0.02296624748 0.2536080164 -0.9997757663 -0.005014497908 -0.02057357533 0.002518233145 0.9365092397 -0.3506338582 0.02102559614 -0.3506070433 -0.936286615 2.40092995e-05 0
0.3704055445 0.1222338297 0 -0.003819297768 0.09326194777 0.4984263704 -0.0004891360419 0.02356666982 0.2535339458 -0.9997513442 -0.005416278668 -0.02163131303 0.00272063998 0.9331791427 -0.3594012878 0.02213250768 -0.3593707716 -0.9329323666 2.535545627e-05 0
0.3808514596 0.1256809817 0 -0.004035996443 0.09582235948 0.4977697077 -0.000517056716 0.02422678536 0.2534502642 -0.9997222447 -0.005881974098 -0.02282182862 0.002955344216 0.9294227933 -0.3690047931 0.02338160434 -0.3689697464 -0.9291472579 2.688346997e-05 0
0.3903477461 0.1288147562 0 -0.004238053773 0.09814500245 0.4971574128 -0.0005431073111 0.0248265648 0.2533721878 -0.9996936525 -0.006327416021 -0.023928331 0.003179938006 0.9259236353 -0.3776973782 0.02454565567 -0.3776577622 -0.9256198601 2.831599706e-05 0
0.4007936613 0.1322619082 0 -0.004465866334 0.1006942642 0.4964670717 -0.0005724974537 0.02548595461 0.2532841027 -0.9996597258 -0.006842258808 -0.02517173269 0.003439639573 0.9219823857 -0.3872165405 0.02585732995 -0.3871713624 -0.921645124 2.994009664e-05 0
0.4102899478 0.1353956828 0 -0.004678000223 0.1030065188 0.4958242417 -0.0005998830366 0.02608505745 0.2532020259 -0.9996265221 -0.007333387748 -0.02632561117 0.003687492227 0.9183161296 -0.3958306311 0.02707801286 -0.3957798726 -0.917946117 3.146097587e-05 0
0.4207358629 0.1388428348 0 -0.004916866592 0.105544077 0.4951004043 -0.0006307406587 0.02674368449 0.2531095434 -0.9995872716 -0.007899582237 -0.02762033644 0.003973361464 0.9141921897 -0.4052614621 0.0284516921 -0.4052039447 -0.9137834888 3.318338764e-05 0
0.4302321494 0.1419766093 0 -0.005139021108 0.1078454414 0.4944272088 -0.0006594593761 0.02734207708 0.2530234718 -0.999548995 -0.008438379749 -0.02882013894 0.004245528781 0.9103608901 -0.4137934572 0.02972847366 -0.4137291909 -0.9099144874 3.479468442e-05 0
0.4406780645 0.1454237613 0 -0.005388878315 0.1103707455 0.4936700657 -0.0006917823893 0.02799990434 0.2529265983 -0.9995039023 -0.00905808047 -0.03016455607 0.004558717901 0.9060565703 -0.4231320237 0.03116355814 -0.4230596206 -0.9055657845 3.661772535e-05 0
0.450174351 0.1485575358 0 -0.005620994905 0.112660721 0.4929666821 -0.0007218322977 0.02859755306 0.2528365378 -0.9994600716 -0.009646481841 -0.03140876823 0.00485623884 0.9020623727 -0.4315783738 0.03249588094 -0.4314978809 -0.9015284779 3.83215864e-05 0
0.4606202662 0.1520046878 0 -0.005881777108 0.1151732246 0.492176433 -0.0007556185149 0.02925454359 0.25273528 -0.9994085968 -0.01032179135 -0.03280117771 0.005197881142 0.897580082 -0.4408208007 0.03399174411 -0.4407305945 -0.8969955989 4.024766163e-05 0
0.4701165527 0.1551384624 0 -0.006123794614 0.1174513159 0.4914430466 -0.0007869975808 0.02985141487 0.2526412369 -0.9993587116 -0.01096168366 -0.03408822418 0.005521777108 0.8934252209 -0.4491780099 0.03537902647 -0.4490781848 -0.8927917497 4.204631268e-05 0
0.4805624678 0.1585856144 0 -0.006395433116 0.1199504758 0.4906198996 -0.0008222447156 0.03050753178 0.2525356017 -0.9993002939 -0.01169465043 -0.03552686014 0.005892986188 0.888767466 -0.4583204819 0.03693501528 -0.4582091516 -0.8880766735 4.407791301e-05 0
0.4900587543 0.1617193889 0 -0.006647287799 0.1222161911 0.4898567036 -0.0008549508159 0.0311035921 0.2524375825 -0.999243835 -0.01238787063 -0.03685510591 0.006244260329 0.8844542636 -0.4665851099 0.03837665154 -0.4664624274 -0.8837081172 4.59736565e-05 0
0.5005046694 0.1651665409 0 -0.006929711075 0.1247014684 0.4890008755 -0.0008916564834 0.03175879855 0.2523275772 -0.9991778931 -0.013180487 -0.03833813757 0.00664612932 0.8796236463 -0.4756238743 0.03999208666 -0.4754876608 -0.8788129024 4.811335591e-05 0
0.5100009559 0.1683003155 0 -0.00719133663 0.1269543194 0.4882080708 -0.000925687405 0.03235401446 0.2522255885 -0.9991143229 -0.01392882009 -0.03970588935 0.007025765832 0.875154511 -0.4837925386 0.04148744742 -0.483643019 -0.8742815461 5.01085688e-05 0
0.5204468711 0.1717474674 0 -0.007484470344 0.1294251791 0.4873197868 -0.0009638491216 0.03300827368 0.2521112207 -0.9990402555 -0.0147830202 -0.04123142266 0.007459366648 0.8701537271 -0.4927239075 0.04316162358 -0.4925585788 -0.8692083299 5.235902198e-05 0
0.5308927862 0.1751946194 0 -0.007783183683 0.1318882746 0.4864145949 -0.001002772507 0.03366202207 0.2519945709 -0.9989616853 -0.01567023024 -0.04277844203 0.007910009346 0.8650649151 -0.5015975721 0.04486627876 -0.5014151339 -0.8640427539 5.466857492e-05 0
0.5403890727 0.178328394 0 -0.008059564957 0.1341205928 0.4855770759 -0.001038817746 0.03425588704 0.2518865473 -0.9988862051 -0.01650585522 -0.04420300948 0.008334712704 0.8603629887 -0.5096136381 0.04644224227 -0.5094144524 -0.8592671493 5.682009347e-05 0
0.5508349878 0.181775546 0 -0.008368870114 0.1365684636 0.4846397875 -0.001079193206 0.03490863229 0.2517655471 -0.9987985561 -0.01745747996 -0.04578952615 0.00881867816 0.8551082941 -0.518374417 0.04820451459 -0.5181554223 -0.8539269776 5.924459522e-05 0
0.5603312743 0.1849093205 0 -0.008654843665 0.1387867025 0.483773201 -0.001116557284 0.03550156868 0.2516535723 -0.9987145294 -0.01835247963 -0.04724907669 0.009274139054 0.8502568844 -0.5262862538 0.04983251049 -0.5260479228 -0.8489937007 6.150189867e-05 0
0.5707771895 0.1883564725 0 -0.008974659321 0.1412188246 0.4828040627 -0.001158382089 0.03615327419 0.2515282301 -0.9986171524 -0.0193702977 -0.04887304405 0.009792442391 0.8448392312 -0.5349306324 0.05165163056 -0.5346694913 -0.8434812648 6.404419709e-05 0
0.580273476 0.1914902471 0 -0.009270149985 0.1434225099 0.4819086364 -0.001197062478 0.03674524875 0.2514123118 -0.9985239809 -0.02032625969 -0.0503656908 0.01027957295 0.8398410361 -0.5427350775 0.05333094807 -0.542451728 -0.8383924694 6.640990759e-05 0
0.5907193911 0.1949373991 0 -0.009600392101 0.145838364 0.4809079027 -0.001240333797 0.037395878 0.2512826362 -0.9984162087 -0.02141198482 -0.05202500478 0.01083320554 0.8342634357 -0.5512596136 0.05520612171 -0.550950131 -0.8327101761 6.907292297e-05 0
0.6002156776 0.1980711736 0 -0.009905322248 0.1480270255 0.479983872 -0.00128032788 0.03798685757 0.2511627825 -0.9983132777 -0.02243043693 -0.05354880946 0.01135289599 0.8291212315 -0.5589535716 0.05693602768 -0.5586187062 -0.8274680839 7.154972753e-05 0
0.6106615927 0.2015183256 0 -0.01024590409 0.1504260968 0.4789518058 -0.001325042787 0.03863637412 0.2510287824 -0.9981944258 -0.02358571611 -0.05524131037 0.01194282481 0.8233867798 -0.5673548975 0.0588664362 -0.5669902334 -0.8216184138 7.433645046e-05 0
0.6201578792 0.2046521001 0 -0.01056019365 0.1525992691 0.4779994132 -0.001366347859 0.03922632561 0.2509050015 -0.9980811053 -0.02466812467 -0.05679428495 0.01249594287 0.8181034192 -0.5749353415 0.06064617539 -0.5745417993 -0.8162253134 7.692709902e-05 0
0.6306037944 0.2080992521 0 -0.01091102581 0.1549810479 0.4769362854 -0.00141250333 0.0398746931 0.2507666861 -0.9979504721 -0.0258945364 -0.05851775928 0.01312310978 0.8122152952 -0.5832101664 0.06263097601 -0.5827827959 -0.8102108205 7.984058821e-05 0
0.6401000808 0.2112330267 0 -0.01123459231 0.1571382697 0.4759557809 -0.001455116597 0.04046358348 0.2506389866 -0.9978261171 -0.02704230473 -0.06009786766 0.01371050009 0.8067937051 -0.59067414 0.06445977141 -0.5902140554 -0.8046690666 8.254789168e-05 0
0.650545996 0.2146801787 0 -0.01159558274 0.1595022513 0.4748618705 -0.001502709509 0.04111076564 0.2504963655 -0.9976829851 -0.02834135737 -0.06185004999 0.01437582122 0.8007551686 -0.5988192513 0.06649809761 -0.5983209234 -0.7984923767 8.559127195e-05 0
0.6600422825 0.2178139532 0 -0.0119283413 0.1616430662 0.4738535112 -0.00154662809 0.04169856199 0.250364756 -0.997546936 -0.02955582424 -0.06345520975 0.01499830473 0.7951983483 -0.6061638704 0.06837515079 -0.6056286322 -0.7928043886 8.841810042e-05 0
0.6704881976 0.2212611052 0 -0.01229939535 0.1639887511 0.472729105 -0.001595655224 0.04234452263 0.250217839 -0.997390572 -0.03092895431 -0.06523378465 0.01570266988 0.7890127375 -0.6141761362 0.07046611266 -0.6135978323 -0.7864681984 9.159456065e-05 0
0.6809341128 0.2247082572 0 -0.01267568217 0.1663246544 0.4715888419 -0.001645432302 0.04298982901 0.2500686757 -0.9972269793 -0.03234143559 -0.06702524398 0.01642783276 0.7827514458 -0.6221175937 0.07258428271 -0.6214935283 -0.7800495601 9.484202305e-05 0
0.6904303992 0.2278420318 0 -0.01302227917 0.1684396013 0.470538548 -0.00169133419 0.04357589511 0.2499311259 -0.9970718114 -0.03365996316 -0.06866447286 0.01710531531 0.776994486 -0.6292749613 0.07453328881 -0.628606853 -0.7741435353 9.785663288e-05 0
0.7008763144 0.2312891837 0 -0.01340848041 0.1707564572 0.4693682412 -0.001742540399 0.04421992501 0.2497776823 -0.996893841 -0.03514856928 -0.07047870484 0.01787082604 0.7705913526 -0.6370789597 0.07670269444 -0.6363596038 -0.7675696394 0.0001012421535 0
0.7103726009 0.2344229583 0 -0.01376404485 0.1728538667 0.4682907732 -0.001789739936 0.04480481432 0.249636246 -0.9967252543 -0.03653687754 -0.07213753543 0.01858536473 0.7647070404 -0.6441100268 0.07869785039 -0.6433414326 -0.7615237681 0.0001043837833 0
0.720818516 0.2378701103 0 -0.01416005939 0.1751511893 0.4670907291 -0.001842371815 0.04544753178 0.2494785326 -0.9965321368 -0.03810285693 -0.07397210736 0.01939204394 0.7581655915 -0.6517736451 0.08091754448 -0.6509478536 -0.7547974847 0.0001079107045 0
0.7303148025 0.2410038848 0 -0.01452449821 0.1772306224 0.4659863691 -0.001890865807 0.04603121166 0.2493332195 -0.9963494256 -0.03956204593 -0.07564830837 0.02014437193 0.7521571647 -0.6586757957 0.08295797922 -0.6577951384 -0.7486144065 0.0001111824192 0
0.7407607177 0.2444510368 0 -0.01493022243 0.1795079316 0.4647569017 -0.001944919797 0.04667258084 0.2491712471 -0.9961403782 -0.04120656993 -0.07750074467 0.02099301185 0.7454809968 -0.6661961999 0.08522699269 -0.6652519086 -0.7417386722 0.0001148541412 0
0.7502570041 0.2475848114 0 -0.01530344029 0.1815689546 0.4636259385 -0.001994704968 0.04725501875 0.2490220673 -0.9959428254 -0.042737669 -0.07919204683 0.02178383626 0.7393517561 -0.6729668975 0.08731181541 -0.6719616599 -0.7354210865 0.0001182590576 0
0.7607029193 0.2510319634 0 -0.01571876811 0.1838257763 0.4623673694 -0.002050177414 0.0478950039 0.2488558471 -0.9957170529 -0.04446183046 -0.0810598312 0.02267520017 0.7325445335 -0.680341342 0.08962915764 -0.6792655239 -0.7283989031 0.0001220790366 0
0.7701992058 0.2541657379 0 -0.01610066745 0.1858679608 0.4612100986 -0.002101250397 0.04847616738 0.2487028108 -0.9955039299 -0.04606579701 -0.08276392916 0.02350520156 0.7262978401 -0.6869781313 0.09175745814 -0.6858348123 -0.7219495683 0.0001256203218 0
0.7806451209 0.2576128899 0 -0.01652549033 0.1881038267 0.4599227566 -0.002158137549 0.04911473285 0.2485323542 -0.9952606253 -0.04787060902 -0.08464450672 0.02444002329 0.7193632926 -0.6942039604 0.09412211742 -0.6929825814 -0.7147840016 0.0001295920687 0
0.7901414074 0.2607466644 0 -0.0169159714 0.1901267496 0.4587394806 -0.002210494891 0.04969458955 0.2483754719 -0.9950311934 -0.04954832735 -0.08635906107 0.02530985522 0.713002566 -0.7007044685 0.09629296652 -0.6994085388 -0.7082057331 0.0001332729388 0
0.8005873225 0.2641938164 0 -0.01735017841 0.1923411976 0.4574237018 -0.002268792904 0.05033169981 0.2482007907 -0.9947695386 -0.051434722 -0.08824984053 0.02628883865 0.705944486 -0.7077791178 0.09870391048 -0.7063970923 -0.7008999116 0.0001374000178 0
0.810083609 0.267327591 0 -0.01774913928 0.1943444418 0.4562147295 -0.002322431066 0.05091021747 0.2480400733 -0.9945230493 -0.05318700223 -0.08997247977 0.02719912722 0.6994732018 -0.7141410557 0.1009163604 -0.7126769133 -0.6941955815 0.0001412237365 0
0.8205295242 0.270774743 0 -0.01819261711 0.1965370159 0.4548708573 -0.002382135999 0.05154583709 0.2478611794 -0.994242216 -0.05515582941 -0.09187083569 0.0282229458 0.6922954424 -0.7210620541 0.1033725365 -0.7195032001 -0.6867526947 0.0001455097635 0
0.8300258107 0.2739085175 0 -0.0185999537 0.1985201697 0.4536365039 -0.002437051356 0.05212298355 0.2476966379 -0.9939779117 -0.05698340644 -0.09359915828 0.02917428927 0.6857171296 -0.7272832179 0.1056256214 -0.725634143 -0.6799252301 0.0001494796412 0
0.8404717258 0.2773556695 0 -0.01905258672 0.2006904205 0.4522648887 -0.002498159173 0.05275707721 0.2475135437 -0.9936770617 -0.05903543275 -0.0955024333 0.03024358557 0.6784236013 -0.7340481883 0.1081259572 -0.7322951829 -0.6723485276 0.0001539282827 0
0.8509176409 0.2808028215 0 -0.01950996839 0.2028488009 0.4508788837 -0.002560000192 0.0533903575 0.2473282544 -0.9933653893 -0.06113131724 -0.09740721442 0.0313369495 0.6710710115 -0.7407305132 0.1106489899 -0.7388684995 -0.6647030475 0.0001584635831 0
0.8604139274 0.2839365961 0 -0.01992986314 0.2048005626 0.4496064753 -0.002616854585 0.05396535293 0.2471579075 -0.9930724629 -0.063074873 -0.09913951686 0.03235193922 0.664336509 -0.7467331215 0.1129620973 -0.7447674558 -0.6576936988 0.0001626626469 0
0.8708598426 0.2873837481 0 -0.02039621938 0.2069359472 0.4481932746 -0.002680092158 0.05459705367 0.2469684372 -0.9927394801 -0.06525496228 -0.1010451116 0.0334916997 0.6568742143 -0.7532559808 0.1155276189 -0.7511711233 -0.6499194664 0.0001673662433 0
0.8803561291 0.2905175226 0 -0.02082421792 0.208866606 0.4468963093 -0.002738214214 0.05517059722 0.2467942953 -0.992426791 -0.06727532869 -0.1027769167 0.03454912763 0.6500418128 -0.7591126395 0.1178788456 -0.7569145736 -0.6427946064 0.0001717200203 0
0.8908020442 0.2939646746 0 -0.02129942736 0.2109785617 0.4454562807 -0.002802844067 0.05580068339 0.2466006569 -0.9920716389 -0.0695401747 -0.1046805973 0.03573584746 0.6424738576 -0.7654738999 0.1204857359 -0.7631457963 -0.6348950158 0.0001765957016 0
0.9002983307 0.2970984491 0 -0.02173541836 0.2128877272 0.4441350959 -0.002862229859 0.05637274327 0.246422732 -0.9917384031 -0.07163781421 -0.1064094143 0.0368362106 0.6355472561 -0.7711827143 0.1228740553 -0.7687312332 -0.6276577552 0.0001811076575 0
0.9107442458 0.3005456011 0 -0.02221935744 0.214975828 0.4426686138 -0.002928247625 0.05700117999 0.246224939 -0.9913602158 -0.07398788221 -0.1083084294 0.03807042027 0.6278777332 -0.7773803414 0.1255211763 -0.7747872905 -0.6196362553 0.0001861592593 0
0.9202405323 0.3036793757 0 -0.02266322756 0.2168631159 0.4413235529 -0.00298889314 0.05757172454 0.2460432433 -0.9910056433 -0.07616317813 -0.110031747 0.03921418609 0.6208606732 -0.7829395073 0.1279455457 -0.7802122754 -0.6122897538 0.0001908329021 0
0.9306864475 0.3071265277 0 -0.02315577053 0.2189269427 0.4398309984 -0.00305629436 0.05819847702 0.2458413092 -0.9906035489 -0.07859884593 -0.1119233238 0.04049638347 0.6130937208 -0.7889715663 0.1306317416 -0.7860905234 -0.6041498466 0.0001960643057 0
0.940182734 0.3102603022 0 -0.0236074045 0.220791975 0.4384624106 -0.0031181955 0.05876747469 0.2456558551 -0.9902268444 -0.08085210173 -0.1136386124 0.04168398962 0.6059899842 -0.7943793704 0.1330911026 -0.7913526879 -0.5966973116 0.0002009031842 0
0.9506286491 0.3137074542 0 -0.02410842352 0.2228311156 0.4369441712 -0.00318697562 0.05939250829 0.2454497939 -0.9897999657 -0.08337365898 -0.1155199592 0.04301463962 0.5981297831 -0.8002440273 0.1358152008 -0.7970505602 -0.5884425509 0.000206318316 0
0.9601249356 0.3168412287 0 -0.02456770415 0.2246735209 0.4355524117 -0.003250128204 0.05995992764 0.2452605943 -0.9894003296 -0.08570509766 -0.117224673 0.04424649364 0.5909431892 -0.8054988485 0.1383084796 -0.802147607 -0.5808872361 0.0002113260196 0
0.9705708507 0.3202883807 0 -0.02507706925 0.2266875703 0.4340088811 -0.003320282578 0.06058320786 0.24505042 -0.9889477847 -0.08831274516 -0.1190929815 0.04562602787 0.5829939604 -0.8111943711 0.1410692907 -0.8076626159 -0.5725212259 0.0002169288498 0
0.9800671372 0.3234221553 0 -0.02554387747 0.2285069838 0.4325943107 -0.00338468234 0.06114901758 0.2448574878 -0.9885244136 -0.09072250869 -0.1207845609 0.04690250694 0.5757283635 -0.816294681 0.1435953989 -0.8125923196 -0.5648664298 0.0002221090078 0
0.9905130524 0.3268693073 0 -0.02606145667 0.2304955441 0.4310258889 -0.003456206229 0.06177051002 0.2446432149 -0.9880453169 -0.09341635784 -0.1226370087 0.04833132349 0.5676943649 -0.8218194395 0.1463917176 -0.8179220575 -0.5563928225 0.0002279035501 0
1.000009339 0.3300030818 0 -0.02653567157 0.2322916076 0.429588874 -0.00352184882 0.06233467891 0.2444465634 -0.9875974043 -0.09590450667 -0.1243128823 0.04965277416 0.5603536518 -0.8267638036 0.1489495523 -0.8226822659 -0.5486418871 0.0002332598308 0
1.010455254 0.3334502338 0 -0.02706133087 0.2342542886 0.427995967 -0.003594737394 0.06295434934 0.2442282067 -0.9870908673 -0.09868457893 -0.1261466353 0.05113123729 0.5522391756 -0.8321162716 0.1517801578 -0.8278244058 -0.5400643822 0.0002392501416 0
1.020901169 0.3368973858 0 -0.02759116847 0.2362032606 0.4263903986 -0.003668338843 0.06357305177 0.2440077169 -0.9865696015 -0.1015097939 -0.1279694617 0.05263583974 0.5440842681 -0.837377918 0.1546282308 -0.8328673789 -0.5314339464 0.0002453446309 0
1.030397456 0.3400311604 0 -0.02807643318 0.2379630694 0.4249198995 -0.003735866716 0.06413466065 0.2438054239 -0.9860827365 -0.104117318 -0.1296164373 0.05402641523 0.5366366326 -0.8420821046 0.1572322587 -0.8373653376 -0.5235430338 0.0002509764297 0
1.040843371 0.3434783124 0 -0.02861414292 0.2398855816 0.423290476 -0.003810825313 0.06475148915 0.2435808732 -0.9855326728 -0.1070286149 -0.1314162335 0.05558115384 0.5284078475 -0.847169335 0.1601127296 -0.8422173249 -0.5148144243 0.0002572729495 0
1.050339657 0.3466120869 0 -0.02910650123 0.2416211665 0.4217984811 -0.003879584667 0.06531137904 0.2433748955 -0.9850192223 -0.1097143116 -0.1330409766 0.05701743799 0.5208950319 -0.8517143755 0.1627456401 -0.8465406875 -0.5068359903 0.0002630902994 0
1.060785572 0.3500592389 0 -0.02965194425 0.2435168477 0.4201456235 -0.00395589535 0.06592629971 0.2431462993 -0.9844394684 -0.1127114832 -0.1348148902 0.05862259074 0.5125967348 -0.8566259273 0.1656572513 -0.8511995706 -0.498013018 0.0002695930114 0
1.070281859 0.3531930134 0 -0.03015126906 0.2452278747 0.418632518 -0.004025881541 0.06648443987 0.2429366511 -0.9838986212 -0.1154751226 -0.1364148059 0.06010482059 0.5050227194 -0.861010722 0.168317895 -0.8553464497 -0.4899505458 0.0002755997142 0
1.080727774 0.3566401654 0 -0.03070430464 0.2470963614 0.4169566526 -0.004103539158 0.06709741898 0.2427040252 -0.9832882847 -0.1185578704 -0.1381599816 0.06176063095 0.4966593003 -0.8657454383 0.1712593753 -0.8598101946 -0.4810370626 0.0002823128208 0
1.090224061 0.35977394 0 -0.03121046718 0.2487825035 0.4154228267 -0.004174747462 0.06765377878 0.2424907208 -0.9827192298 -0.1213991398 -0.1397324738 0.06328901211 0.4890280858 -0.8699689835 0.1739465905 -0.8637787796 -0.4728940722 0.0002885127153 0
1.100669976 0.363221092 0 -0.03177095278 0.2506234401 0.4137243855 -0.004253746771 0.06826478273 0.2422540811 -0.9820774192 -0.1245670741 -0.1414460558 0.06499568891 0.4806039557 -0.8745258133 0.1769166558 -0.8680454376 -0.4638939697 0.0002954404595 0
1.110166262 0.3663548665 0 -0.03228382268 0.2522843776 0.4121702343 -0.004326172381 0.06881933171 0.2420371352 -0.9814793467 -0.1274855777 -0.142988529 0.0665703954 0.4729195608 -0.878587202 0.1796292693 -0.871833996 -0.4556740162 0.0003018374213 0
1.120612177 0.3698020185 0 -0.03285161398 0.2540974163 0.4104496546 -0.004406508049 0.06942832705 0.241796498 -0.9808051721 -0.1307382173 -0.1446676636 0.06832811268 0.4644391489 -0.8829652009 0.1826266229 -0.8759017043 -0.4465912237 0.0003089840858 0
1.130108464 0.372935793 0 -0.03337105926 0.2557328368 0.408875578 -0.004480146077 0.06998103487 0.2415759254 -0.980177274 -0.1337334759 -0.1461775253 0.06994928689 0.4567056073 -0.8868636229 0.1853634504 -0.8795085819 -0.4382978959 0.0003155820265 0
1.140554379 0.376382945 0 -0.03394601025 0.2575176379 0.4071333023 -0.004561812682 0.0705879883 0.2413313073 -0.9794698478 -0.1370702483 -0.1478193636 0.0717581838 0.4481733581 -0.891061953 0.1883867837 -0.8833755646 -0.4291363788 0.0003229519342 0
1.150050665 0.3795167196 0 -0.03447189739 0.2591272362 0.4055397049 -0.004636658157 0.07113882476 0.2411071233 -0.9788113187 -0.1401416999 -0.1492940268 0.07342593637 0.4403947162 -0.8947966952 0.1911466305 -0.8867991869 -0.4207732974 0.0003297548013 0
1.160496581 0.3829638716 0 -0.03505386037 0.2608834682 0.4037761807 -0.004719650188 0.07174370315 0.2408585409 -0.9780697566 -0.1435619409 -0.1508957268 0.07528611713 0.4318150865 -0.8988146258 0.1941946235 -0.8904637557 -0.4115370555 0.0003373523142 0
1.170942496 0.3864110236 0 -0.03563943679 0.2626246058 0.4020017067 -0.004803334259 0.07234748143 0.2406078888 -0.9773099623 -0.1470256079 -0.1524752709 0.07717319072 0.4232124204 -0.9027378057 0.1972550031 -0.894021654 -0.4022632793 0.0003450708028 0
1.180438782 0.3895447981 0 -0.03617487996 0.2641942861 0.4003791516 -0.004880009916 0.07289540855 0.2403782313 -0.9766032161 -0.1502118946 -0.1538913414 0.07891206075 0.4153728565 -0.9062219798 0.2000476066 -0.8971631829 -0.3938009374 0.0003521936105 0
1.190884697 0.3929919501 0 -0.03676724018 0.2659063651 0.3985841207 -0.004965010843 0.07349706159 0.2401236411 -0.9758079466 -0.153757843 -0.1554264362 0.0808505097 0.4067296182 -0.9099638524 0.2031306142 -0.9005162649 -0.3844585936 0.0003601464266 0
1.200380984 0.3961257247 0 -0.03730878164 0.2674494863 0.3969430859 -0.005042881045 0.07404304177 0.2398904114 -0.9750685531 -0.157018535 -0.1568008179 0.08263609586 0.3988552041 -0.9132829801 0.2059431778 -0.9034709214 -0.375935768 0.0003674842823 0
1.210826899 0.3995728767 0 -0.03790777391 0.2691321962 0.3951279579 -0.005129193095 0.07464253684 0.2396319006 -0.974236936 -0.1606458706 -0.1582886505 0.08462593606 0.3901758683 -0.9168430851 0.2090474673 -0.9066177232 -0.3665289352 0.0003756758865 0
1.220323185 0.4027066512 0 -0.03845527503 0.2706484797 0.3934688636 -0.005208252589 0.07518654039 0.2393951147 -0.9734641046 -0.1639801139 -0.1596187935 0.08645823687 0.3822706731 -0.9199967966 0.2118787632 -0.9093842173 -0.3579493469 0.0003832328629 0
1.230769101 0.4061538032 0 -0.03906074611 0.2723015181 0.3916341027 -0.005295869937 0.07578384491 0.2391327011 -0.9725952737 -0.1676878521 -0.1610565672 0.08849944916 0.3735597164 -0.9233747808 0.2150029793 -0.9123233651 -0.348482132 0.0003916677545 0
1.240265387 0.4092875777 0 -0.0396140669 0.2737906931 0.389957373 -0.00537611339 0.07632584231 0.2388923753 -0.9717882202 -0.1710947105 -0.162339937 0.09037843133 0.3656278096 -0.9263628037 0.2178517713 -0.9149004891 -0.3398495268 0.0003994479595 0
1.250711302 0.4127347297 0 -0.04022586208 0.2754137663 0.3881034482 -0.005465030127 0.07692092386 0.2386260767 -0.9708813162 -0.1748817763 -0.1637248736 0.09247096164 0.3568897077 -0.9295584209 0.2209945501 -0.9176306996 -0.3303260631 0.0004081306763 0
1.260207589 0.4158685043 0 -0.04078486125 0.2768755696 0.3864095114 -0.005546452127 0.07746088572 0.2383822275 -0.9700392628 -0.1783602315 -0.1649589537 0.09439656012 0.3489351566 -0.93238058 0.2238595945 -0.9200173283 -0.3216442098 0.0004161382529 0
1.270653504 0.4193156563 0 -0.0414028244 0.2784683924 0.3845368958 -0.005636662255 0.07805371208 0.2381120623 -0.9690934343 -0.1822254601 -0.1662882958 0.09654031944 0.3401743811 -0.935393691 0.2270195638 -0.9225374096 -0.3120686551 0.0004250733715 0
1.28014979 0.4224494308 0 -0.04196735937 0.2799025687 0.3828261837 -0.00571925731 0.07859160916 0.2378647063 -0.9682156108 -0.1857744127 -0.16747059 0.0985124375 0.332201248 -0.9380499083 0.2298996098 -0.924732501 -0.3033413441 0.0004333124974 0
1.290595705 0.4258965828 0 -0.04259133299 0.2814648647 0.3809353546 -0.005810754747 0.07918214827 0.2375906931 -0.9672300149 -0.18971655 -0.1687416038 0.100707302 0.3234222636 -0.9408804806 0.2330753902 -0.9270413529 -0.293717879 0.0004425046326 0
1.300091992 0.4290303574 0 -0.04316125998 0.2828711667 0.3792083031 -0.005894517288 0.07971795151 0.2373398474 -0.9663156594 -0.1933348194 -0.1698696382 0.1027258113 0.3154346032 -0.9433707748 0.2359691803 -0.9290439487 -0.2849489204 0.0004509795207 0
1.310537907 0.4324775093 0 -0.04379108525 0.284402668 0.3772997417 -0.005987295863 0.08030617146 0.2370620048 -0.9652894627 -0.1973525227 -0.1710796157 0.1049716226 0.3066418648 -0.9460188821 0.2391593853 -0.9311405633 -0.2752817464 0.0004604333258 0
1.320034194 0.4356112839 0 -0.04436625929 0.2857808561 0.37555679 -0.006072220241 0.08083985195 0.2368076865 -0.964337822 -0.2010388482 -0.1721509411 0.1070363634 0.2986437216 -0.9483433684 0.2420656562 -0.9329497891 -0.2664749688 0.0004691482237 0
1.330480109 0.4390584359 0 -0.0450017761 0.2872813039 0.3736309815 -0.006166273699 0.08142572103 0.2365260337 -0.9632702014 -0.2051306866 -0.1732972026 0.1093329283 0.2898416712 -0.9508091903 0.2452688929 -0.9348332509 -0.2567683064 0.0004788683902 0
1.340926024 0.4425055879 0 -0.04564020989 0.2887653852 0.3716963337 -0.006260992428 0.08201034611 0.2362423927 -0.9621805577 -0.2092607574 -0.17440903 0.1116559899 0.2810365109 -0.9531796365 0.2484783979 -0.9366047272 -0.2470426498 0.0004887299647 0
1.35042231 0.4456393624 0 -0.04622309813 0.2901002909 0.3699300057 -0.00634767619 0.0825407367 0.2359828164 -0.9611706754 -0.2130481833 -0.1753892935 0.1137908005 0.273030141 -0.9552519018 0.2514012458 -0.9381178038 -0.2381856417 0.0004978188384 0
1.360868226 0.4490865144 0 -0.04686697718 0.291552941 0.367978857 -0.006443660106 0.08312296293 0.2356953947 -0.9600383749 -0.2172500414 -0.1764333816 0.1161642556 0.2642224067 -0.9574405389 0.2546216495 -0.9396749115 -0.2284269606 0.0005079539971 0
1.370364512 0.452220289 0 -0.04745474165 0.2928591644 0.3661977526 -0.006531491108 0.08365115851 0.2354323903 -0.9589893514 -0.2211019887 -0.1773508793 0.1183447553 0.2562156979 -0.9593477133 0.2575537666 -0.9409927878 -0.2195418652 0.0005172937558 0
1.380810427 0.455667441 0 -0.04810390287 0.2942801469 0.3642305974 -0.006628733742 0.08423095464 0.2351412075 -0.9578136003 -0.2253739849 -0.1783246309 0.1207683243 0.2474097867 -0.9613549861 0.260783663 -0.9423348473 -0.2097544201 0.0005277072871 0
1.390306714 0.4588012155 0 -0.0486963948 0.2955574771 0.3624351673 -0.006717706063 0.08475692689 0.2348747931 -0.9567247198 -0.2292889154 -0.1791770181 0.1229942437 0.2394067264 -0.9630975212 0.2637237694 -0.9434569479 -0.2008451165 0.0005373023014 0
1.400752629 0.4622483675 0 -0.049350674 0.2969465644 0.360452503 -0.006816200861 0.08533426184 0.2345798691 -0.9555047373 -0.233629315 -0.1800778727 0.1254676133 0.2306070127 -0.9649239782 0.2669617483 -0.9445833732 -0.1910331805 0.0005479990321 0
1.410248915 0.465382142 0 -0.04994774365 0.2981947987 0.3586432011 -0.006906308507 0.08585798259 0.2343100628 -0.9543752961 -0.2376056135 -0.1808628391 0.1277386521 0.2226115661 -0.9665024198 0.2699085603 -0.9455092083 -0.1821035585 0.0005578537073 0
1.42069483 0.468829294 0 -0.0506069756 0.2995517725 0.3566455285 -0.007006048832 0.08643282548 0.234011418 -0.9531103152 -0.2420125982 -0.1816882754 0.1302614753 0.2138223983 -0.9681487128 0.2731532082 -0.9464195076 -0.1722714153 0.0005688385025 0
1.430191117 0.4719630686 0 -0.05120847231 0.3007707165 0.3548228112 -0.007097285729 0.08695426674 0.2337382383 -0.9519396226 -0.2460485738 -0.1824035476 0.1325773029 0.205838506 -0.9695636999 0.2761054393 -0.947148673 -0.1633253734 0.0005789572791 0
1.440637032 0.4754102206 0 -0.05187249077 0.3020953675 0.352810634 -0.007198264861 0.08752658687 0.2334358929 -0.9506288909 -0.2505202419 -0.1831510858 0.1351491994 0.1970642041 -0.9710305831 0.2793553396 -0.9478424488 -0.1534773156 0.0005902350424 0
1.450133319 0.4785439951 0 -0.05247826298 0.303284835 0.3509749607 -0.007290624864 0.08804572083 0.2331593585 -0.9494162698 -0.2546141286 -0.1837944291 0.137509455 0.1890957795 -0.9722828477 0.2823117008 -0.9483746262 -0.1445187596 0.0006006223956 0
1.460579234 0.4819911471 0 -0.05314690078 0.304576963 0.3489487855 -0.007392836 0.08861548769 0.2328533334 -0.9480590501 -0.2591484969 -0.1844616332 0.1401300114 0.1803406323 -0.9735711768 0.2855654347 -0.9488515758 -0.1346590867 0.0006121980693 0
1.47007552 0.4851249217 0 -0.05375679609 0.3057367763 0.3471006179 -0.007486312886 0.08913228671 0.2325734633 -0.9468038376 -0.2632984548 -0.1850308537 0.1425343041 0.1723915591 -0.9746615425 0.2885246354 -0.9491865328 -0.1256919277 0.0006228585096 0
1.480521435 0.4885720736 0 -0.05442988517 0.3069961904 0.345060954 -0.007589749141 0.08969947 0.2322637793 -0.9453994089 -0.2678934593 -0.1856153338 0.1452030743 0.1636598213 -0.9757722737 0.2917807823 -0.9494464479 -0.1158249444 0.0006347370744 0
1.490017722 0.4917058482 0 -0.0550437504 0.3081261802 0.3432007564 -0.007684336614 0.0902139066 0.2319805926 -0.944100957 -0.2720975759 -0.1861082806 0.1476509839 0.1557339509 -0.9767016553 0.2947415306 -0.9495840383 -0.1068530973 0.0006456751472 0
1.500463637 0.4951530002 0 -0.05572112184 0.3093526987 0.3411481156 -0.007788991021 0.09077847621 0.231667271 -0.9426486151 -0.2767510734 -0.1866076952 0.1503674892 0.1470298404 -0.9776358444 0.2979986689 -0.9496268053 -0.09698311135 0.0006578616225 0
1.510909552 0.4986001522 0 -0.05640066873 0.3105619168 0.3390888826 -0.0078942807 0.0913416648 0.2313520525 -0.9411709005 -0.2814343284 -0.1870616339 0.1531087969 0.1383418715 -0.9784780135 0.3012557591 -0.9495558148 -0.08711327229 0.0006702114004 0
1.520405839 0.5017339267 0 -0.05702028716 0.3116461545 0.337211251 -0.007990548222 0.09185244914 0.2310638492 -0.9398053496 -0.2857171336 -0.1874343203 0.1556222959 0.130458685 -0.9791640478 0.30421638 -0.9493925695 -0.07814181371 0.0006815813526 0
1.530851754 0.5051810787 0 -0.05770385752 0.3128222181 0.3351398257 -0.008097045281 0.09241297855 0.2307450258 -0.9382786826 -0.290455466 -0.1877997233 0.1584105481 0.1218046939 -0.9798314727 0.3074722948 -0.9491044404 -0.06827553814 0.0006942467642 0
1.54034804 0.5083148533 0 -0.05832705608 0.3138762424 0.3332513452 -0.008194407172 0.09292133197 0.2304535552 -0.9368683279 -0.2947872877 -0.1880909118 0.1609664735 0.1139542711 -0.9803592293 0.3104312009 -0.9487438427 -0.05930927732 0.0007059059776 0
1.550793955 0.5117620053 0 -0.05901447908 0.3150189934 0.3311682452 -0.008302104441 0.09347917259 0.2301311487 -0.9352920499 -0.29957836 -0.1883655693 0.1638011114 0.1053383711 -0.980853212 0.3136845188 -0.9482387009 -0.04945087272 0.0007188921402 0
1.560290242 0.5148957798 0 -0.05964110218 0.3160426647 0.3292693873 -0.008400554145 0.09398506827 0.2298364307 -0.9338363014 -0.3039570393 -0.1885732762 0.1663989411 0.09752443075 -0.9812239183 0.3166404185 -0.9476809082 -0.04049372423 0.0007308452848 0
