0.007754009045 0.002070320415 -0.0004161576654 -1.364524679e-06 0.001977261693 0.5099948894 -1.714615955e-07 0.0004925890014 0.2549993654 -1 -4.058883997e-08 -7.946523881e-06 2.072104739e-08 0.9999702377 -0.007715157 7.946600524e-06 -0.007715157 -0.9999702377 2.815213743e-08 -0.000553489695 0
0.01450801809 0.00387364083 -0.0007786453308 -4.776848498e-06 0.003699475096 0.5099821092 -6.034913204e-07 0.000923323803 0.2549977663 -0.9999999996 -2.672953836e-07 -2.781789042e-05 1.342820703e-07 0.9998958108 -0.01443494091 2.781885049e-05 -0.01443494091 -0.9998958104 4.748077103e-08 -0.00103559829 0
0.02222688557 0.005934578447 -0.001192916948 -1.121181496e-05 0.005667605847 0.5099580082 -1.421652257e-06 0.001416310809 0.2549947377 -0.9999999979 -9.6208387e-07 -6.528809965e-05 4.819206738e-07 0.9997554596 -0.02211381986 6.529340942e-05 -0.02211381984 -0.9997554575 2.978661141e-08 -0.001586579541 0
0.02898089461 0.007737898862 -0.001555404614 -1.906049715e-05 0.007389574027 0.5099286124 -2.421040553e-06 0.001847742083 0.2549910381 -0.9999999938 -2.133098971e-06 -0.0001109844945 1.067660484e-06 0.9995842799 -0.02883170924 0.0001109998569 -0.02883170918 -0.9995842737 1.525537934e-08 -0.002068688136 0
0.03669976209 0.009798836479 -0.001969676232 -3.056506706e-05 0.009357314121 0.5098855241 -3.886742618e-06 0.002340735934 0.2549856123 -0.9999999842 -4.332103556e-06 -0.0001779546866 2.167477573e-06 0.9993333765 -0.03650757019 0.0001779942124 -0.03650756999 -0.9993333606 9.256551414e-08 -0.002619669388 0
0.04345377114 0.01160215689 -0.002332163897 -4.284905091e-05 0.01107884389 0.5098395167 -5.452133677e-06 0.002772032195 0.2549798175 -0.9999999689 -7.191035801e-06 -0.000249447003 3.597300934e-06 0.9990654896 -0.0432220728 0.0002495247037 -0.04322207235 -0.9990654584 1.804577829e-07 -0.003101777983 0
0.05117263862 0.01366309451 -0.002746435515 -5.942167536e-05 0.01304597258 0.5097774469 -7.564343365e-06 0.003264867311 0.2549719984 -0.9999999401 -1.174368698e-05 -0.0003458745173 5.874196733e-06 0.9987041009 -0.05089321084 0.0003460239727 -0.05089320982 -0.998704041 3.021893829e-07 -0.003652759234 0
0.05792664766 0.01546641493 -0.00310892318 -7.613930707e-05 0.01476687081 0.5097148341 -9.695257652e-06 0.003696040632 0.25496411 -0.9999999017 -1.703334504e-05 -0.0004431172095 8.519746026e-06 0.9983395781 -0.05760283543 0.000443362617 -0.05760283354 -0.9983394798 4.266097447e-07 -0.004134867829 0
0.06564551514 0.01752735254 -0.003523194798 -9.777775489e-05 0.01673316743 0.5096337912 -1.245365815e-05 0.004188751283 0.2549538988 -0.9999998378 -2.478795788e-05 -0.0005689406077 1.239825487e-05 0.9978678004 -0.06526754703 0.000569345362 -0.0652675435 -0.9978676383 5.888221715e-07 -0.004685849081 0
0.07239952419 0.01933067296 -0.003885682463 -0.0001189267838 0.0184532411 0.5095545813 -1.514991038e-05 0.004619824901 0.2549439177 -0.9999997601 -3.324999839e-05 -0.0006918717099 1.663079458e-05 0.9974067391 -0.07197080376 0.0006924705352 -0.071970798 -0.9974064992 7.480749665e-07 -0.005167957676 0
0.08011839166 0.02139161057 -0.004299954081 -0.0001456281419 0.02041848511 0.5094545762 -1.8554335e-05 0.005112427219 0.254931315 -0.9999996403 -4.505337029e-05 -0.0008470108015 2.253495296e-05 0.9968246981 -0.07962738724 0.0008479087686 -0.07962737769 -0.9968243385 9.49742415e-07 -0.005718938927 0
0.08687240071 0.02319493099 -0.004662441746 -0.0001712057208 0.02213754132 0.5093587801 -2.181579562e-05 0.005543407957 0.2549192416 -0.9999995028 -5.742794619e-05 -0.0009955519532 2.872525427e-05 0.9962672209 -0.08632278814 0.0009967931181 -0.08632277382 -0.9962667239 1.143355256e-06 -0.006201047522 0
0.09459126819 0.02525586861 -0.005076713364 -0.0002029663947 0.02410151234 0.5092398262 -2.586610136e-05 0.006035903785 0.254904248 -0.9999993012 -7.412495532e-05 -0.001179907828 3.707846905e-05 0.9955750717 -0.09396954421 0.001181652309 -0.09396952229 -0.9955743732 1.384207465e-06 -0.006752028774 0
0.1013452772 0.02705918902 -0.005439201029 -0.0002329690805 0.02581935832 0.5091274566 -2.969264379e-05 0.006466789559 0.2548900827 -0.9999990792 -9.115036473e-05 -0.001353964306 4.559669462e-05 0.9949213272 -0.1006556036 0.00135626276 -0.1006555726 -0.994920407 1.612086911e-06 -0.007234137369 0
0.1090641447 0.02912012664 -0.005853472647 -0.0002697847946 0.02778183617 0.5089895701 -3.438868055e-05 0.006959173557 0.2548726987 -0.9999987651 -0.0001135835691 -0.001567419376 5.682161142e-05 0.9941192542 -0.1082908358 0.001570501841 -0.1082907911 -0.9941180202 1.892120177e-06 -0.00778511862 0
0.1158181538 0.03092344705 -0.006215960312 -0.0003042085487 0.02949827937 0.5088606421 -3.87801669e-05 0.007389957836 0.2548564421 -0.9999984298 -0.000135995905 -0.001766880134 6.803720037e-05 0.9933694167 -0.1149660707 0.001770799603 -0.1149660104 -0.9933678476 2.154324533e-06 -0.008267227215 0
0.1235370212 0.03298438467 -0.00663023193 -0.0003460743475 0.03145904407 0.5087038414 -4.41217683e-05 0.007882221017 0.2548366684 -0.9999979677 -0.0001650051426 -0.002009298179 8.255557227e-05 0.9924576335 -0.122588086 0.00201437098 -0.1225880027 -0.992455603 2.473655518e-06 -0.008818208467 0
0.1302910303 0.03478770509 -0.006992719595 -0.0003849145363 0.03317389211 0.5085583725 -4.907804466e-05 0.008312894951 0.2548183211 -0.9999974858 -0.0001935379431 -0.002234035891 9.683712532e-05 0.9916119026 -0.1292510165 0.002240311556 -0.1292509079 -0.9916093907 2.770320228e-06 -0.009300317062 0
0.1380098978 0.0368486427 -0.007406991213 -0.0004318247849 0.03513272397 0.5083826787 -5.506502481e-05 0.008805026365 0.2547961583 -0.9999968354 -0.0002299599329 -0.002505262118 0.0001150696818 0.9905906522 -0.1368581256 0.00251316112 -0.1368579808 -0.9905874909 3.129133969e-06 -0.009851298313 0
0.1447639068 0.03865196312 -0.007769478878 -0.0004750761808 0.03684578474 0.5082206885 -6.058591949e-05 0.00923557982 0.2547757209 -0.9999961694 -0.0002653438328 -0.002755133233 0.0001327848468 0.9896492531 -0.1435072756 0.002764694317 -0.1435070917 -0.989645427 3.460443108e-06 -0.01033340691 0
0.1524827743 0.04071290073 -0.008183750496 -0.0005270245656 0.03880246432 0.5080261252 -6.721807161e-05 0.009727567406 0.2547511699 -0.9999952854 -0.000310011777 -0.003054994336 0.0001551511631 0.9885188075 -0.1510977936 0.003066761453 -0.1510975552 -0.9885140989 3.85897187e-06 -0.01088438816 0
0.1592367833 0.04251622115 -0.008546238161 -0.0005746813478 0.04051354595 0.5078476354 -7.330339434e-05 0.0101579895 0.2547286432 -0.9999943938 -0.0003529741604 -0.003329839137 0.0001766665209 0.987481991 -0.1577316908 0.003343831392 -0.1577313948 -0.9874763926 4.225145853e-06 -0.01136649675 0
0.1669556508 0.04457715877 -0.008960509779 -0.0006316608779 0.04246785416 0.5076342289 -8.058049023e-05 0.01064982052 0.2547017048 -0.9999932263 -0.0004067173479 -0.003658143371 0.0002035848873 0.986242651 -0.1653039377 0.003675048995 -0.1653035627 -0.9862358877 4.663659527e-06 -0.01191747801 0
0.1737096599 0.04638047918 -0.009322997444 -0.0006837166333 0.04417676511 0.5074392635 -8.723003185e-05 0.01108009991 0.2546770895 -0.9999920631 -0.0004579820021 -0.003957786038 0.0002292658378 0.9851106932 -0.1719211143 0.003977594123 -0.1719206571 -0.9851027695 5.06494926e-06 -0.0123995866 0
0.1814285273 0.0484414168 -0.009737269062 -0.0007457196413 0.0461284832 0.5072070425 -9.515182156e-05 0.01157176124 0.2546477646 -0.9999905572 -0.0005216254137 -0.004314323296 0.0002611531304 0.983762789 -0.1794734152 0.004337888612 -0.1794728472 -0.9837533633 5.543750586e-06 -0.01295056785 0
0.1881825364 0.05024473721 -0.01009975673 -0.0008021673655 0.04783503222 0.5069956278 -0.0001023653538 0.01200188629 0.2546210616 -0.9999890725 -0.0005819121839 -0.00463857198 0.0002913637789 0.9825359912 -0.1860724083 0.00466584172 -0.1860717265 -0.9825250849 5.980434417e-06 -0.01343267645 0
0.1959014039 0.05230567483 -0.01051402834 -0.0008691855089 0.04978394184 0.5067446236 -0.0001109315656 0.0124933645 0.2545893513 -0.9999871687 -0.0006562760993 -0.00502311388 0.0003286353298 0.9810798815 -0.1936030944 0.005055133054 -0.193602261 -0.9810670773 6.499856387e-06 -0.0139836577 0
0.2026554129 0.05410899524 -0.01087651601 -0.0009300176072 0.05148793805 0.506516788 -0.000118708841 0.0129233234 0.2545605616 -0.9999853082 -0.0007263005457 -0.005371760783 0.0003637383743 0.9797585702 -0.2001824463 0.005408421284 -0.2001814592 -0.9797439116 6.97223838e-06 -0.01446576629 0
0.2103742804 0.05616993286 -0.01129078763 -0.00100204187 0.05343382127 0.5062470342 -0.0001279191811 0.0134146049 0.254526467 -0.9999829423 -0.0008122001517 -0.005784060763 0.0004068078424 0.9781946425 -0.2076898549 0.005826622982 -0.2076886652 -0.9781776264 7.532642697e-06 -0.01501674755 0
0.2171282894 0.05797325328 -0.01165327529 -0.001067250159 0.05513507417 0.5060028084 -0.0001362599331 0.01384438569 0.2544955915 -0.9999806478 -0.0008926732078 -0.006156882219 0.0004471644608 0.9767791694 -0.2142481137 0.006205167851 -0.2142467207 -0.9767598674 8.041051558e-06 -0.01549885614 0
0.2248471569 0.06003419089 -0.01206754691 -0.001144270852 0.05707771349 0.5057143414 -0.0001461140857 0.01433545678 0.2544591138 -0.9999777507 -0.0009909182089 -0.006596675634 0.0004964437039 0.9751078399 -0.2217305888 0.006652187007 -0.2217289303 -0.9750856526 8.642827641e-06 -0.01604983739 0
0.2316011659 0.06183751131 -0.01243003458 -0.00121384656 0.05877603299 0.5054537582 -0.0001550180284 0.01476504743 0.2544261536 -0.9999749597 -0.001082545841 -0.006993432206 0.0005424134419 0.9735985816 -0.2282663088 0.00705590442 -0.2282643863 -0.9735736152 9.187616003e-06 -0.01653194599 0
0.2393200334 0.06389844893 -0.01284430619 -0.001295853325 0.06071521142 0.5051466168 -0.0001655156559 0.01525589431 0.254387294 -0.9999714578 -0.001193940073 -0.007460436443 0.0005983123886 0.9718202949 -0.2357222018 0.007531641727 -0.2357199375 -0.9717918427 9.831180285e-06 -0.01708292724 0
0.2460740425 0.06570176934 -0.01320679386 -0.001369787095 0.06241040786 0.5048697113 -0.0001749824842 0.01568528273 0.2543522503 -0.9999681038 -0.001297422944 -0.007880873018 0.0006502530483 0.9702176527 -0.2422339437 0.007960441997 -0.2422313419 -0.9701858628 1.041272416e-05 -0.01756503583 0
0.25379291 0.06776270696 -0.01362106548 -0.001456768902 0.06434590892 0.5045439367 -0.0001861232268 0.01617589155 0.2543110103 -0.9999639187 -0.001422763985 -0.008374787606 0.0007131795708 0.9683328818 -0.2496616137 0.00846479177 -0.2496585783 -0.9682969284 1.109851954e-05 -0.01811601708 0
0.260546919 0.06956602737 -0.01398355314 -0.001535050792 0.06603779313 0.5042507461 -0.0001961526163 0.01660506559 0.2542738843 -0.9999599311 -0.001538797116 -0.0088186335 0.0007714470997 0.9666372821 -0.2561479452 0.008918579637 -0.2561444847 -0.9665973629 1.171721788e-05 -0.01859812568 0
0.2682657865 0.07162696499 -0.01439782476 -0.001626995946 0.06796940088 0.5039063822 -0.0002079360923 0.01709542246 0.2542302652 -0.9999549799 -0.00167887591 -0.009339140239 0.0008418068876 0.964646528 -0.2635457595 0.009451429833 -0.2635417564 -0.9646016863 1.244571326e-05 -0.01914910693 0
0.2750197955 0.0734302854 -0.01476031243 -0.00170961543 0.06965778416 0.503596946 -0.0002185276994 0.01752436996 0.2541910582 -0.9999502842 -0.001808148347 -0.00980610931 0.0009067552679 0.9628584214 -0.2700052557 0.009930104487 -0.2700007239 -0.9628089126 1.310198761e-05 -0.01963121553 0
0.282738663 0.07549122302 -0.01517458404 -0.001806511569 0.07158528326 0.5032340391 -0.0002309535051 0.01801446097 0.2541450617 -0.9999444793 -0.001963748819 -0.01035287239 0.0009849517021 0.9607622135 -0.2773715902 0.01049133673 -0.2773663874 -0.9607069371 1.387367751e-05 -0.02018219678 0
0.289492672 0.07729454344 -0.01553707171 -0.001893457542 0.07326997745 0.5029083987 -0.000242106967 0.01844316975 0.2541037751 -0.9999389969 -0.002106943305 -0.01084266316 0.001056932841 0.9588820753 -0.283802834 0.01099479183 -0.2837969811 -0.9588213536 1.456797165e-05 -0.02066430537 0
0.2972115395 0.07935548105 -0.01595134333 -0.001995291641 0.07519315314 0.5025269976 -0.0002551746768 0.01893298096 0.2540554026 -0.9999322463 -0.002278841984 -0.01141532933 0.001143366869 0.9566809704 -0.2911360739 0.01158428145 -0.2911294003 -0.9566135462 1.53833758e-05 -0.02121528662 0
0.3039655486 0.08115880147 -0.01631383099 -0.002086552415 0.07687397063 0.5021851969 -0.0002668896113 0.01936143882 0.2540120378 -0.9999258945 -0.002436634623 -0.01192762508 0.001222730491 0.9547093002 -0.2975376565 0.01211240515 -0.2975301916 -0.9546355717 1.611615541e-05 -0.02169739522 0
0.311684416 0.08321973908 -0.01672810261 -0.002193310788 0.07879260884 0.5017853529 -0.0002805987775 0.01985095629 0.2539612912 -0.9999181016 -0.00262560027 -0.01252582375 0.001317800502 0.9524038832 -0.3048361965 0.01273002118 -0.3048277374 -0.9523224228 1.697581841e-05 -0.02224837647 0
0.3184384251 0.0850230595 -0.01709059027 -0.002288874099 0.08046936258 0.5014274378 -0.0002928747834 0.02027915102 0.2539158497 -0.9999107941 -0.002798660206 -0.01306029271 0.001404894039 0.9503412046 -0.3112067176 0.01328269616 -0.3111973044 -0.9502524968 1.774757078e-05 -0.02273048507 0
0.3261572926 0.08708399712 -0.01750486189 -0.0024005424 0.08238324989 0.5010092045 -0.0003072249364 0.0207683608 0.2538627306 -0.9999018579 -0.003005453438 -0.01368363612 0.001508995741 0.9479320877 -0.3184689624 0.01392830139 -0.3184583557 -0.9478345204 1.865206175e-05 -0.02328146632 0
0.3329113016 0.08888731753 -0.01786734956 -0.002500395408 0.08405575345 0.5006352232 -0.0003200615931 0.0211962802 0.2538152141 -0.9998935043 -0.003194442531 -0.01423993155 0.001604164223 0.9457789485 -0.3248070307 0.01450540488 -0.3247952834 -0.9456731027 1.946329548e-05 -0.02376357491 0
0.3406301691 0.09094825515 -0.01828162118 -0.002616958635 0.08596467716 0.5001986568 -0.0003350522414 0.02168516834 0.2537597245 -0.9998833191 -0.003419815457 -0.01488801495 0.001717690522 0.9432667713 -0.3320313957 0.0151788559 -0.332018227 -0.9431508359 2.041320769e-05 -0.02431455616 0
0.3473841781 0.09275157556 -0.01864410884 -0.002721087926 0.08763274476 0.4998086595 -0.0003484491094 0.0221128002 0.2537101346 -0.9998738252 -0.003625387959 -0.0154657753 0.001821276475 0.9410237429 -0.3383356295 0.01578025968 -0.3383211075 -0.9408984066 2.126445233e-05 -0.02479666476 0
0.3551030456 0.09481251318 -0.01905838046 -0.002842530422 0.08953649291 0.4993538186 -0.0003640797395 0.02260135275 0.2536522763 -0.9998622814 -0.003870083812 -0.01613817711 0.001944617349 0.9384091721 -0.345520541 0.01648140687 -0.345504339 -0.9382724098 2.226040288e-05 -0.02534764601 0
0.3618570547 0.0966158336 -0.01942086812 -0.00295092201 0.0911999394 0.4989478576 -0.0003780363598 0.02302868486 0.2536006147 -0.9998515491 -0.00409288605 -0.01673702617 0.002056960686 0.9360768497 -0.3517895682 0.01710697735 -0.3517717721 -0.9359294694 2.31522087e-05 -0.0258297546 0
0.3695759221 0.09867677121 -0.01983513974 -0.003077227466 0.0930983008 0.4984748035 -0.0003943064365 0.02351688787 0.2535403898 -0.9998385323 -0.004357638824 -0.01743330811 0.002190503068 0.9333605788 -0.358933464 0.01783566495 -0.3589136956 -0.9332003259 2.419483812e-05 -0.02638073586 0
0.3763299312 0.1004800916 -0.02019762741 -0.003189866797 0.09475694175 0.4980529333 -0.0004088223312 0.02394390805 0.2534866584 -0.9998264599 -0.004598308887 -0.01805285518 0.002311940985 0.9309395811 -0.3651659228 0.01848526314 -0.365144289 -0.9307673948 2.512777575e-05 -0.02686284445 0
0.3840487987 0.1025410292 -0.02061189902 -0.003321018253 0.09664970601 0.4975617294 -0.0004257312971 0.02443174758 0.253424069 -0.9998118518 -0.004883842983 -0.01877256251 0.002456068643 0.9281223305 -0.3722672526 0.01924132928 -0.3722433178 -0.9279357109 2.621774772e-05 -0.0274138257 0
0.3908028077 0.1043443497 -0.02097438669 -0.003437890205 0.09830335769 0.4971240067 -0.000440805969 0.02485844362 0.2533682696 -0.9997983337 -0.005143010405 -0.01941240253 0.002586935512 0.9256132993 -0.3784617918 0.01991481088 -0.3784356875 -0.9254133297 2.719240785e-05 -0.0278959343 0
0.3985216752 0.1064052873 -0.02138865831 -0.003573870057 0.1001903153 0.4966147189 -0.0004583532451 0.02534590575 0.253303318 -0.9997820115 -0.005450040272 -0.02015506421 0.00274202893 0.9226958157 -0.3855190176 0.02069808759 -0.3854902446 -0.9224797345 2.833040876e-05 -0.02844691555 0
0.4052756842 0.1082086077 -0.02175114597 -0.003694958943 0.1018387947 0.4961612025 -0.0004739861779 0.02577226547 0.2532454525 -0.9997669385 -0.00572832573 -0.02081477795 0.002882656198 0.920099416 -0.3916742971 0.02139530299 -0.3916430147 -0.9198684634 2.934740185e-05 -0.02892902414 0
0.4129945517 0.1102695453 -0.02216541759 -0.003835748941 0.1037197369 0.4956338991 -0.0004921711634 0.02625933627 0.2531781408 -0.9997487753 -0.006057555516 -0.02157990684 0.003049092458 0.9170824725 -0.3986858936 0.02220561625 -0.3986515329 -0.9168336086 3.053414053e-05 -0.0294800054 0
0.4197485608 0.1120728657 -0.02252790526 -0.003961038512 0.1053628619 0.4951646498 -0.0005083618218 0.02668534749 0.2531182113 -0.9997320346 -0.00635557052 -0.02225906106 0.003199808546 0.914399392 -0.4048005845 0.02292641056 -0.4047633367 -0.9141340279 3.159409647e-05 -0.02996211399 0
0.4274674282 0.1141338033 -0.02294217687 -0.004106619767 0.1072375809 0.4946194016 -0.0005271838938 0.02717201306 0.253048542 -0.9997118993 -0.006707693725 -0.0230461541 0.003377961211 0.9112837875 -0.4117650398 0.02376358037 -0.411724259 -0.9109985877 3.283030378e-05 -0.03051309524 0
0.4342214373 0.1159371238 -0.02330466454 -0.004236093215 0.1088751701 0.4941344823 -0.0005439317234 0.02759766361 0.2529865506 -0.9996933744 -0.007026040317 -0.02374430175 0.003539091411 0.9085147367 -0.4178378251 0.02450779346 -0.4177937386 -0.908211297 3.39338716e-05 -0.03099520384 0
0.4419403048 0.1179980614 -0.02371893616 -0.004386446198 0.1107434591 0.4935713626 -0.0005633902375 0.02808391005 0.252914526 -0.9996711321 -0.007401739451 -0.02455284021 0.003729330411 0.905301296 -0.4247536409 0.02537163384 -0.4247055187 -0.9049759679 3.522030008e-05 -0.03154618509 0
0.4486943138 0.1198013818 -0.02408142382 -0.004520086158 0.1123753318 0.4930708384 -0.0005806946648 0.02850918779 0.2528504749 -0.999650703 -0.007741009907 -0.02526952058 0.003901196785 0.9024470077 -0.4307832157 0.02613910038 -0.4307313258 -0.9021015865 3.636814762e-05 -0.03202829368 0
0.4564131813 0.1218623194 -0.02449569544 -0.004675190706 0.1142369849 0.4924899224 -0.0006007889546 0.02899500121 0.2527760976 -0.9996262144 -0.00814095615 -0.02609897022 0.004103888304 0.8991365812 -0.4376489077 0.02702941942 -0.4375924281 -0.8987670874 3.770557115e-05 -0.03257927493 0
0.4631671903 0.1236656398 -0.02485818311 -0.004812979258 0.1158629614 0.4919738605 -0.0006186493872 0.02941989399 0.252709989 -0.9996037578 -0.008501732688 -0.02683370918 0.004286809585 0.8961978104 -0.4436339796 0.02781996892 -0.4435732241 -0.8958062537 3.889838477e-05 -0.03306138353 0
0.4708860578 0.1257265774 -0.02527245472 -0.004972814577 0.1177177737 0.4913752263 -0.0006393787647 0.02990526052 0.2526332616 -0.9995768799 -0.008926585557 -0.02768352051 0.004502315943 0.8927912735 -0.4504480781 0.02873656884 -0.4503821244 -0.8923733252 4.028759818e-05 -0.03361236478 0
0.4776400669 0.1275298979 -0.02563494239 -0.005114733251 0.1193376752 0.4908436957 -0.0006577945909 0.03032975621 0.2525650978 -0.9995522687 -0.009309440042 -0.02843583064 0.004696607438 0.8897687973 -0.4563873675 0.02955002566 -0.4563165806 -0.8893266972 4.152608244e-05 -0.03409447338 0
0.4853589343 0.1295908355 -0.02604921401 -0.005279277918 0.1211854428 0.4902274235 -0.0006791583465 0.030814662 0.252486023 -0.9995228545 -0.009759847059 -0.02930543915 0.004925286988 0.8862670504 -0.4631484178 0.03049270284 -0.4630717663 -0.885796102 4.296790119e-05 -0.03464545463 0
0.4921129434 0.1313941559 -0.02641170167 -0.005425307695 0.1227990913 0.4896804955 -0.0006981289359 0.03123874848 0.2524158064 -0.9994959585 -0.01016534072 -0.03007482 0.00513126048 0.8831616675 -0.4690406585 0.03132888628 -0.4689585642 -0.8826643563 4.425277851e-05 -0.03512756322 0
0.4998318109 0.1334550935 -0.02682597329 -0.005594539662 0.1246396114 0.4890466679 -0.000720126338 0.03172317969 0.2523343869 -0.9994638572 -0.01064193709 -0.03096364636 0.005373467489 0.8795656357 -0.475747221 0.03229743129 -0.4756585347 -0.8790368788 4.574803832e-05 -0.03567854447 0
0.5065858199 0.1352584139 -0.02718846095 -0.005744660978 0.1262468299 0.4884844158 -0.0007396510411 0.03214684487 0.25226212 -0.9994345428 -0.01107062024 -0.03174958462 0.005591431141 0.8763781663 -0.4815911602 0.0331561556 -0.4814963666 -0.8758207113 4.70800487e-05 -0.03616065307 0
0.5143046874 0.1373193515 -0.02760273257 -0.005918557577 0.1280799007 0.4878331177 -0.0007622813367 0.03263078768 0.2521783587 -0.9993995997 -0.01157402853 -0.03265703495 0.005847515686 0.8726887992 -0.4882418113 0.03415035327 -0.4881396333 -0.8720971573 4.86296052e-05 -0.03671163432 0
0.5210586964 0.1391226719 -0.02796522024 -0.006072750326 0.1296805131 0.4872556168 -0.0007823594851 0.03305401946 0.252104044 -0.99936773 -0.01202644028 -0.03345900469 0.006077773947 0.8694200845 -0.4940362105 0.03503142767 -0.4939272024 -0.8687972823 5.00095059e-05 -0.03719374292 0
0.5287775639 0.1411836096 -0.02837949185 -0.006251288269 0.131505934 0.4865869353 -0.0008056218994 0.03353746007 0.2520179438 -0.999329787 -0.01255727011 -0.03438447079 0.006348081807 0.8656383557 -0.5006295426 0.03605105715 -0.5005122896 -0.8649784791 5.161423426e-05 -0.03774472417 0
0.535531573 0.14298693 -0.02874197952 -0.006409531807 0.1330997654 0.4859942629 -0.0008262528058 0.03396024639 0.2519415838 -0.9992952218 -0.0130339381 -0.03520193365 0.006590935318 0.8622892583 -0.5063731772 0.0369542859 -0.5062483101 -0.8615956298 5.304279951e-05 -0.03822683276 0
0.5432504404 0.1450478676 -0.02915625114 -0.006592687193 0.1349173368 0.4853082877 -0.0008501465426 0.034443171 0.2518531478 -0.9992541169 -0.0135927858 -0.03614479327 0.006875807865 0.8584161652 -0.5129077994 0.03799912068 -0.5127737548 -0.8576824256 5.470359413e-05 -0.03877781401 0
0.5500044495 0.146851188 -0.0295187388 -0.006754960339 0.1365042129 0.4847005231 -0.0008713295008 0.0348654998 0.2517747453 -0.999216713 -0.01409422593 -0.03697719869 0.007131553366 0.8549875679 -0.5185994597 0.03892430313 -0.5184569524 -0.8542173536 5.61816148e-05 -0.03925992261 0
0.557723317 0.1489121256 -0.02993301042 -0.006942708658 0.1383137366 0.4839973458 -0.0008958537422 0.03534789465 0.2516839764 -0.9991722807 -0.01468167428 -0.03793681575 0.007431327466 0.8510241313 -0.5250739979 0.03999411108 -0.5249213049 -0.8502106178 5.789938892e-05 -0.03981090386 0
0.564477326 0.150715446 -0.03029549809 -0.007108989699 0.1398934845 0.4833745704 -0.000917588027 0.03576975389 0.2516035341 -0.9991318918 -0.01520839046 -0.03878360124 0.007700257705 0.8475169377 -0.5307124893 0.04094104171 -0.5305504171 -0.8466640928 5.942767226e-05 -0.04029301246 0
0.5721961935 0.1527763837 -0.0307097697 -0.007301305834 0.1416947632 0.4826542853 -0.0009427419336 0.03625160524 0.2515104357 -0.999083963 -0.01582500837 -0.03975932613 0.008015265607 0.8434642017 -0.5371255868 0.04203558518 -0.5369522415 -0.8425647156 6.120335766e-05 -0.04084399371 0
0.5789502025 0.1545797041 -0.03107225737 -0.007471572528 0.1432672111 0.4820165823 -0.0009650268012 0.03667298291 0.2514279564 -0.9990404397 -0.01637749221 -0.04061991742 0.008297669254 0.8398793353 -0.5427097298 0.04300405361 -0.5425260177 -0.8389375254 6.278272697e-05 -0.0413261023 0
0.58666907 0.1566406417 -0.03148652899 -0.00766843076 0.1450600489 0.4812792855 -0.000990809512 0.03715427702 0.2513325316 -0.998988842 -0.01702383442 -0.04161108726 0.008628238495 0.8357383667 -0.5490600477 0.04412308944 -0.5488638916 -0.8347464175 6.461727362e-05 -0.04187708355 0
0.593423079 0.1584439621 -0.03184901665 -0.007842660341 0.1466250257 0.4806267403 -0.0010136442 0.03757516111 0.2512480183 -0.9989420319 -0.01760256503 -0.04248489862 0.008924400047 0.8320767709 -0.5545886785 0.04511288054 -0.5543810936 -0.8310393679 6.624856796e-05 -0.04235919215 0
0.6011419465 0.1605048997 -0.03226328827 -0.008044034351 0.1484092281 0.4798725305 -0.001040054832 0.03805588427 0.2511502705 -0.9988865896 -0.01827917183 -0.04349083753 0.009270853347 0.8278486591 -0.5608748959 0.04625616013 -0.5606536092 -0.8267574603 6.814294369e-05 -0.0429101734 0
0.6078959556 0.1623082201 -0.03262577594 -0.008222203532 0.1499665641 0.4792052302 -0.001063438559 0.0384762628 0.2510637259 -0.9988363375 -0.01888461554 -0.04437727196 0.009581053048 0.8241112969 -0.566346867 0.047267054 -0.5661130113 -0.822971375 6.982701763e-05 -0.04339228199 0
0.6156148231 0.1643691578 -0.03304004755 -0.008428066409 0.1517419376 0.4784342082 -0.001090476209 0.03895640134 0.2509636586 -0.9987768715 -0.01959201248 -0.04539729133 0.009943708215 0.8197971534 -0.5725676815 0.04843432337 -0.572318775 -0.8185996189 7.178220779e-05 -0.04394326325 0
0.6223688321 0.1661724782 -0.03340253522 -0.008610151383 0.1532914641 0.477752242 -0.001114408174 0.03937626234 0.2508750859 -0.9987230192 -0.02022462261 -0.04629574085 0.01026822196 0.815985007 -0.5779818613 0.04946609544 -0.5777191645 -0.8147353389 7.351993109e-05 -0.04442537184 0
0.6300876996 0.1682334158 -0.03381680684 -0.008820475627 0.1550578167 0.4769645108 -0.001142071917 0.03985580259 0.2507727024 -0.9986593472 -0.02096332022 -0.04732913965 0.0106473918 0.8115859653 -0.5841359893 0.05065709528 -0.5838567977 -0.8102747056 7.553693828e-05 -0.04497635309 0
0.6368417086 0.1700367362 -0.0341792945 -0.009006452073 0.1565993664 0.4762679698 -0.001166551301 0.04027513412 0.2506821048 -0.9986017339 -0.02162353682 -0.0482389855 0.01098649107 0.8077000357 -0.5894912631 0.05170951634 -0.5891969747 -0.8063330893 7.732919563e-05 -0.04545846169 0
0.6445605761 0.1720976738 -0.03459356612 -0.009221209597 0.1583565074 0.4754636345 -0.001194840191 0.04075406244 0.2505774088 -0.9985336705 -0.02239403034 -0.04928505056 0.01138248325 0.8032172506 -0.5955774404 0.05292398207 -0.5952651139 -0.8017845698 7.940903934e-05 -0.04600944294 0
0.6513145851 0.1739009942 -0.03495605378 -0.009411052686 0.1598899139 0.4747526117 -0.001219866157 0.04117285257 0.2504847892 -0.9984721327 -0.02308227998 -0.05020566349 0.01173643501 0.7992585577 -0.6008727104 0.05399681832 -0.6005438921 -0.7977664929 8.12567301e-05 -0.04649155153 0
0.6590334526 0.1759619319 -0.0353703254 -0.009630214823 0.1616376538 0.4739317797 -0.001248779225 0.04165115534 0.2503777844 -0.9983994895 -0.02388504909 -0.05126366979 0.01214955205 0.7946932051 -0.606889692 0.05523448013 -0.6065411893 -0.7931310976 8.340044642e-05 -0.04704253279 0
0.6657874617 0.1777652523 -0.03573281307 -0.009823899219 0.1631627521 0.47320637 -0.001274350916 0.04206939217 0.2502831463 -0.9983338608 -0.0246017446 -0.05219441035 0.01251861867 0.7906627869 -0.6121238777 0.05632749325 -0.611757396 -0.7890374528 8.530448433e-05 -0.04752464138 0
0.6735063291 0.1798261899 -0.03614708469 -0.01004743673 0.1649009032 0.4723691508 -0.001303887173 0.0425470558 0.2501738363 -0.9982564464 -0.02543725317 -0.05326362133 0.01294915774 0.7860160635 -0.6180704387 0.0575880762 -0.6176825188 -0.7843162114 8.751312567e-05 -0.04807562263 0
0.6802603382 0.1816295103 -0.03650957235 -0.01024493659 0.1664175294 0.471629451 -0.001330003715 0.04296472744 0.2500771829 -0.9981865582 -0.02618279345 -0.05420384006 0.01333359693 0.7819149762 -0.6232424771 0.05870102335 -0.6228349953 -0.7801479081 8.947443863e-05 -0.04855773123 0
0.6879792057 0.1836904479 -0.03692384397 -0.01047281965 0.168145905 0.4707759564 -0.00136016215 0.04344173836 0.2499655716 -0.9981041783 -0.02705148928 -0.05528350793 0.01378184987 0.7771880992 -0.6291174128 0.0599842474 -0.6286866273 -0.7753418695 9.174907341e-05 -0.04910871248 0
0.6947332147 0.1854937683 -0.03728633163 -0.01067410865 0.1696538965 0.470022065 -0.00138682265 0.04385883295 0.2498669063 -0.9980298593 -0.02782625902 -0.0562325457 0.01418191458 0.7730174164 -0.6342262587 0.06111688135 -0.6337742289 -0.7710998337 9.376860319e-05 -0.04959082107 0
0.7024520822 0.1875547059 -0.03770060325 -0.01090630688 0.1713723116 0.4691524087 -0.001417602232 0.04433517762 0.2497529976 -0.9979423167 -0.02872857361 -0.05732191174 0.01464816773 0.7682116228 -0.6400283851 0.06242246142 -0.6395510703 -0.7662100657 9.611031555e-05 -0.05014180232 0
0.7092060912 0.1893580264 -0.03806309092 -0.01111135818 0.1728715072 0.4683844263 -0.001444805776 0.04475168331 0.2496523238 -0.9978633933 -0.02953294315 -0.05827909999 0.0150641061 0.7639724357 -0.6450730115 0.06357453055 -0.6445726668 -0.7618952397 9.818901758e-05 -0.05062391092 0
0.7169249587 0.191418964 -0.03847736253 -0.01134784064 0.1745797781 0.4674987242 -0.001476205452 0.04522734821 0.2495361218 -0.9977704883 -0.03046929141 -0.05937739488 0.01554864025 0.7590889823 -0.6508011653 0.0649021766 -0.6502734342 -0.7569228285 0.0001005989071 -0.05117489217 0
0.7236789678 0.1932222844 -0.0388398502 -0.01155662692 0.1760700178 0.4667167531 -0.001503951111 0.04564325319 0.2494334429 -0.9976867845 -0.03130361648 -0.06034205592 0.0159806955 0.7547823989 -0.6557805637 0.06607342498 -0.6552279099 -0.752536171 0.0001027377502 -0.05165700077 0
0.7313978352 0.195283222 -0.03925412182 -0.01179736211 0.1777679626 0.4658151232 -0.001535969806 0.04611822482 0.2493149516 -0.9975883145 -0.03227439653 -0.06144850004 0.01648378579 0.7498225616 -0.6614336028 0.06742284208 -0.6608513369 -0.7474822211 0.0001052169318 -0.05220798202 0
0.7381518443 0.1970865424 -0.03961660948 -0.01200985557 0.1792490877 0.4650192675 -0.001564256631 0.04653351731 0.2492102714 -0.997499652 -0.03313901807 -0.06241994731 0.01693219618 0.7454497067 -0.6663467833 0.06861300951 -0.6657375912 -0.7430247066 0.000107416898 -0.05269009061 0
0.7458707118 0.19914748 -0.0400308811 -0.01225481144 0.1809365257 0.4641018298 -0.001596893251 0.0470077822 0.2490894948 -0.9973954121 -0.03414461102 -0.06353375108 0.01745411204 0.7404147802 -0.6719235873 0.06998389787 -0.6712824285 -0.737890341 0.0001099665012 -0.05324107186 0
0.7526247208 0.2009508005 -0.04039336877 -0.01247098378 0.1824083789 0.4632921956 -0.001625720274 0.04742245041 0.2489828169 -0.9973016104 -0.03503985498 -0.06451128946 0.01791911079 0.7359767948 -0.6767695789 0.07119271995 -0.6760993759 -0.7333629596 0.0001122285855 -0.05372318046 0
0.7603435883 0.2030117381 -0.04080764038 -0.01272012773 0.1840851311 0.4623590722 -0.001658973703 0.04789599514 0.2488597593 -0.9971913931 -0.03608062468 -0.06563165369 0.01846011583 0.7308680925 -0.6822690492 0.07258477503 -0.6815643916 -0.7281493188 0.0001148497548 -0.05427416171 0
0.7670975973 0.2048150585 -0.04117012805 -0.0129399502 0.1855475565 0.461535767 -0.001688339938 0.04831002732 0.2487510874 -0.9970922697 -0.03700680181 -0.06661457977 0.01894193103 0.7263661336 -0.6870469003 0.07381198322 -0.6863109621 -0.7235530765 0.0001171749648 -0.05475627031 0
0.7748164648 0.2068759961 -0.04158439967 -0.01319324909 0.1872134456 0.4605870821 -0.001722209038 0.04878283846 0.2486257532 -0.9969758653 -0.03808309466 -0.06774069594 0.01950228297 0.7211849866 -0.6924679604 0.07522489578 -0.6916949422 -0.7182613187 0.0001198688591 -0.05530725156 0
0.7815704739 0.2086793165 -0.04194688733 -0.01341669246 0.1886662886 0.4597502155 -0.001752113481 0.0491962229 0.2485150911 -0.9968712356 -0.03904050034 -0.06872829832 0.02000113753 0.7166202268 -0.6971767388 0.07647021744 -0.6963700812 -0.7135972365 0.0001222582151 -0.05578936015 0
0.7883244829 0.2104826369 -0.042309375 -0.01364181544 0.1901146074 0.4589070583 -0.001782268738 0.04960930106 0.2484035016 -0.9967639725 -0.04001257606 -0.06971783735 0.0205080186 0.7120265654 -0.7018529698 0.07772389762 -0.7010115291 -0.7089018493 0.0001246778585 -0.05627146875 0
0.7960433504 0.2125435746 -0.04272364662 -0.01390114716 0.1917642463 0.4579357784 -0.001817038722 0.05008101207 0.2482748362 -0.9966381093 -0.04114155913 -0.0708509086 0.02109719973 0.7067416111 -0.7071571278 0.07916683207 -0.7062744985 -0.7034976513 0.0001274805419 -0.05682245 0
0.8027973594 0.214346895 -0.04308613428 -0.01412984732 0.1932027586 0.4570792235 -0.001847730682 0.05049342534 0.2481612622 -0.9965250656 -0.04214526846 -0.07184406673 0.02162143757 0.7020868961 -0.7117629547 0.08043821862 -0.7108429972 -0.698735949 0.0001299658498 -0.05730455859 0
0.8105162269 0.2164078326 -0.0435004059 -0.01439324995 0.1948411037 0.4560926968 -0.001883113442 0.0509643698 0.248030331 -0.9963924881 -0.04331055312 -0.07298085805 0.02223057568 0.6967328553 -0.7169861434 0.08190122807 -0.7160220139 -0.6932565647 0.000132844177 -0.05785553984 0
0.817270236 0.218211153 -0.04386289356 -0.0146254969 0.1962696586 0.455222858 -0.001914341054 0.05137610651 0.2479147765 -0.9962734746 -0.04434615277 -0.07397690547 0.02277238015 0.6920182962 -0.7215206833 0.08319003853 -0.7205165483 -0.688429605 0.0001353961997 -0.05833764844 0
0.8249891034 0.2202720906 -0.04427716518 -0.01489293546 0.1978965382 0.4542212155 -0.001950335381 0.05184627112 0.2477815842 -0.9961339655 -0.04554802333 -0.07511657878 0.02340171197 0.6865965595 -0.7266619051 0.08467279796 -0.7256104617 -0.6828762517 0.0001383513777 -0.05888862969 0
0.8317431125 0.222075411 -0.04463965285 -0.01512869838 0.1993149862 0.4533382083 -0.001982097579 0.05225731963 0.2476640531 -0.9960087911 -0.04661575404 -0.07611477875 0.02396128749 0.6818233801 -0.7311242952 0.08597874604 -0.7300300335 -0.6779851071 0.0001409711774 -0.05937073829 0
0.83946198 0.2241363486 -0.04505392446 -0.01540013737 0.2009302302 0.4523215829 -0.002018702242 0.0527266911 0.2475286043 -0.9958621311 -0.04785447642 -0.07725648822 0.02461104354 0.6763353541 -0.7361825761 0.08748092605 -0.7350377119 -0.6723590185 0.0001440044267 -0.05992171954 0
0.846215989 0.2259396691 -0.04541641213 -0.01563938498 0.2023384232 0.4514255244 -0.002050997938 0.05313703982 0.2474091009 -0.9957306031 -0.0489545628 -0.07825609734 0.02518858906 0.6715047922 -0.7405719742 0.08880372161 -0.7393813392 -0.6674047754 0.0001466930773 -0.06040382813 0
0.8539348565 0.2280006067 -0.04583068375 -0.01591478839 0.2039418634 0.450394051 -0.002088211687 0.0536056049 0.2472714003 -0.9955765711 -0.05023038443 -0.07939898975 0.02585899358 0.6659518994 -0.7455463635 0.09032498849 -0.7443016701 -0.6617072013 0.0001498056319 -0.06095480938 0
0.8606888655 0.2298039271 -0.04619317141 -0.01615748895 0.205339655 0.4494850601 -0.002121039778 0.05401524224 0.2471499287 -0.9954384953 -0.05136303483 -0.08039925834 0.02645470255 0.6610652063 -0.7498619484 0.09166433768 -0.7485683881 -0.6566909605 0.0001525642185 -0.06143691798 0
0.868407733 0.2318648647 -0.04660744303 -0.01643682028 0.2069311247 0.4484388753 -0.002158861339 0.0544829877 0.2470099811 -0.9952768683 -0.05267618443 -0.08154247342 0.0271459734 0.6554488844 -0.7547515195 0.09320435347 -0.7534002785 -0.6509231667 0.0001557573253 -0.06198789923 0
0.875161742 0.2336681851 -0.0469699307 -0.01668294163 0.2083183698 0.4475170725 -0.002192220704 0.0548919021 0.2468865455 -0.9951320489 -0.05384159075 -0.08254264578 0.02776003366 0.6505073247 -0.7589924908 0.09455995875 -0.7575891391 -0.6458460424 0.0001585869448 -0.06247000783 0
0.8828806095 0.2357291227 -0.04738420231 -0.01696616386 0.2098977044 0.4464563151 -0.002230648785 0.05535881476 0.2467443558 -0.9949626024 -0.05519227821 -0.08368531658 0.02847238231 0.6448290261 -0.763796341 0.09611838134 -0.7623315155 -0.6400093102 0.0001618618634 -0.06302098908 0
0.8896346186 0.2375324432 -0.04774668998 -0.01721567339 0.2112742597 0.4455218225 -0.002264538283 0.0557669947 0.2466189606 -0.9948108422 -0.05639061578 -0.08468463134 0.02910497606 0.639833877 -0.7679619198 0.09748994155 -0.7664415883 -0.6348724305 0.0001647636237 -0.06350309767 0
0.8973534861 0.2395933808 -0.0481609616 -0.01750274901 0.2128412961 0.4444466329 -0.002303571571 0.05623306141 0.2464745338 -0.99463335 -0.05777903196 -0.08582588462 0.0298386075 0.6340950687 -0.772679171 0.09906642473 -0.7710933972 -0.6289680566 0.0001681216268 -0.06405407892 0
0.9041074951 0.2413967012 -0.04852344926 -0.01775561369 0.2142070198 0.4434995742 -0.002337990043 0.05664049539 0.2463471833 -0.9944744504 -0.05901045944 -0.08682357505 0.03048991124 0.62904762 -0.7767685994 0.1004536352 -0.7751237691 -0.6237725625 0.0001710966468 -0.06453618752 0
0.9118263626 0.2434576388 -0.04893772088 -0.01804650471 0.2157615968 0.4424100947 -0.002377627205 0.05710570301 0.2462005245 -0.994288685 -0.06043677605 -0.08796253161 0.03124502391 0.6232497829 -0.7813983981 0.1020478287 -0.7796839771 -0.6178018586 0.0001745390193 -0.06508716877 0
0.9185803716 0.2452609592 -0.04930020854 -0.01830269108 0.2171163486 0.4414505952 -0.002412573476 0.05751237956 0.2460712231 -0.9941224462 -0.06170143524 -0.08895782593 0.0319152084 0.6181513363 -0.7854109401 0.1034503812 -0.7836337527 -0.6125489044 0.0001775884289 -0.06556927736 0
0.9262992391 0.2473218968 -0.04971448016 -0.01859735902 0.2186583069 0.44034697 -0.002452813156 0.05797671501 0.2459223373 -0.9939281786 -0.06316580469 -0.09009360102 0.03269199415 0.6122959647 -0.7899524575 0.105061931 -0.7881013467 -0.6065131969 0.0001811164684 -0.06612025862 0
0.9330532481 0.2491252173 -0.05007696783 -0.0188568332 0.2200019483 0.4393751565 -0.002488286031 0.05838262269 0.2457910896 -0.9937543997 -0.06446382048 -0.09108572275 0.03338122435 0.6071478335 -0.7938873989 0.106479514 -0.7919696485 -0.6012039496 0.0001842414081 -0.06660236721 0
0.9407721156 0.2511861549 -0.05049123945 -0.0191552391 0.2215311304 0.4382575315 -0.002529126855 0.0588460729 0.2456399821 -0.9935513995 -0.06596637575 -0.09221742641 0.03417986837 0.6012364348 -0.7983398312 0.108108062 -0.7963436361 -0.5951045793 0.0001878564243 -0.06715334846 0
0.9475261247 0.2529894753 -0.05085372711 -0.01941796681 0.2228635245 0.4372735326 -0.002565125123 0.0592512003 0.2455067927 -0.9933698786 -0.06729785594 -0.0932055947 0.03488830339 0.5960399435 -0.8021964797 0.1095403605 -0.8001296047 -0.5897402183 0.0001910580455 -0.06763545706 0
0.9552449921 0.2550504129 -0.05126799873 -0.01972007124 0.2243797748 0.4361420553 -0.002606565695 0.05971375226 0.2453534687 -0.9931579145 -0.06883871044 -0.09433233217 0.03570898417 0.5900740377 -0.8065590484 0.1111855449 -0.8044090141 -0.5835785402 0.0001947613601 -0.06818643831 0
0.9619990012 0.2568537333 -0.05163048639 -0.01998601777 0.2257007861 0.4351460009 -0.002643088125 0.060118088 0.2452183422 -0.9929684484 -0.07020374568 -0.09531576211 0.03643677724 0.5848305216 -0.8103367339 0.1126322408 -0.8081118086 -0.5781602573 0.0001980408246 -0.0686685469 0
0.9697178687 0.2589146709 -0.05204475801 -0.02029178086 0.2272039511 0.4340008208 -0.00268512703 0.06057972871 0.245062807 -0.9927472878 -0.07178299315 -0.09643663418 0.03727966649 0.5788116406 -0.8146086859 0.1142936962 -0.8122956891 -0.5719376404 0.0002018337714 -0.06921952816 0
0.9764718777 0.2607179914 -0.05240724568 -0.0205609111 0.228513446 0.4329928423 -0.002722172375 0.06098326144 0.2449257481 -0.9925496728 -0.07318165682 -0.09741453715 0.03802696489 0.5735224454 -0.8183067607 0.1157544681 -0.8159144868 -0.5664666392 0.0002051922515 -0.06970163675 0
0.9841907452 0.262778929 -0.05282151729 -0.02087029249 0.2300033738 0.4318341105 -0.002764808177 0.06144397794 0.2447680073 -0.9923190823 -0.07479937123 -0.09852864056 0.03889222754 0.567452133 -0.8224873685 0.1174318253 -0.820001909 -0.5601844657 0.0002090761761 -0.070252618 0
0.9909447542 0.2645822494 -0.05318400496 -0.02114257094 0.2313012205 0.430814341 -0.002802375172 0.06184669634 0.2446290208 -0.9921131137 -0.07623171934 -0.09950022456 0.03965917258 0.5621186143 -0.8261052073 0.1189063487 -0.823535906 -0.5546619618 0.0002125148543 -0.0707347266 0
0.9986636217 0.266643187 -0.05359827658 -0.02145552984 0.2327777613 0.4296422103 -0.002845606414 0.06230647573 0.2444690798 -0.9918728588 -0.07788795474 -0.1006066524 0.04054696668 0.5559984254 -0.8301937692 0.120599235 -0.8275259618 -0.5483216274 0.000216491114 -0.07128570785 0
