0.007587855373 0.002719942637 -0.0001767970302 -1.754269466e-06 0.001934892644 0.5099951061 -2.202913473e-07 0.0004820095195 0.2549993924 -0.9999999999 -5.105930772e-08 -1.021626791e-05 2.60732861e-08 0.9999714996 -0.007549835154 1.021636223e-05 -0.007549835154 -0.9999714995 2.880492826e-08 -0.0002351400502 0
0.01511683294 0.005418779937 -0.0003522222076 -6.962667461e-06 0.003854709561 0.5099805762 -8.79536277e-07 0.0009621937926 0.2549975739 -0.9999999992 -4.060368153e-07 -4.054680357e-05 2.038577232e-07 0.9998868836 -0.01504060876 4.054832411e-05 -0.01504060875 -0.9998868828 5.014614427e-08 -0.000468455536 0
0.02264581051 0.008117617236 -0.0005276473849 -1.562509971e-05 0.005774403188 0.5099564105 -1.98054179e-06 0.001443070696 0.2549945367 -0.9999999959 -1.366118559e-06 -9.098689691e-05 6.842021209e-07 0.9997461576 -0.02253042985 9.099457982e-05 -0.02253042982 -0.9997461535 2.922072529e-08 -0.0007017710219 0
0.03017478808 0.01081645454 -0.0007030725623 -2.774123373e-05 0.007693912127 0.50992261 -3.522686599e-06 0.001923998453 0.2549902824 -0.9999999869 -3.232571346e-06 -0.0001615276917 1.617756857e-06 0.9995493335 -0.03001882414 0.0001615519346 -0.03001882401 -0.9995493205 2.69092944e-08 -0.0009350865078 0
0.03676264345 0.01317793717 -0.0008565695925 -4.117560341e-05 0.009373282685 0.5098851319 -5.23346174e-06 0.002344748117 0.2549855629 -0.9999999712 -5.845964176e-06 -0.0002397300933 2.924786077e-06 0.9993311075 -0.03656962597 0.0002397835244 -0.03656962562 -0.9993310788 9.839992382e-08 -0.001139237558 0
0.04429162102 0.01587677447 -0.00103199477 -5.976607068e-05 0.01129227987 0.5098332699 -7.601379383e-06 0.002825524512 0.2549790305 -0.9999999394 -1.02233933e-05 -0.0003479235451 5.113979629e-06 0.9990291483 -0.04405406716 0.000348036145 -0.04405406627 -0.9990290877 2.03053027e-07 -0.001372553044 0
0.05182059859 0.01857561177 -0.001207419947 -8.180854557e-05 0.01321091591 0.5097717778 -1.040940144e-05 0.003306224434 0.254971284 -0.9999998865 -1.63724753e-05 -0.0004761725797 8.189178365e-06 0.9986711519 -0.05153571888 0.000476383586 -0.05153571693 -0.9986710384 3.304138036e-07 -0.00160586853 0
0.05934957616 0.02127444907 -0.001382845125 -0.0001073021821 0.01512912943 0.5097006579 -1.365742831e-05 0.003786857414 0.2549623236 -0.9999998047 -2.459374485e-05 -0.0006244546728 1.230075606e-05 0.9982571487 -0.05901410763 0.0006248177191 -0.05901410379 -0.9982569535 4.796123094e-07 -0.001839184016 0
0.06593743153 0.02363593171 -0.001536342155 -0.0001324393792 0.01680717146 0.5096305323 -1.686033789e-05 0.0042073614 0.2549534878 -0.9999997025 -3.372323533e-05 -0.0007706144834 1.68666711e-05 0.9978489804 -0.06555464912 0.0007711675914 -0.06555464262 -0.997848683 6.277278647e-07 -0.002043335066 0
0.0734664091 0.02633476901 -0.001711767332 -0.0001644012026 0.01872442748 0.5095413681 -2.093319509e-05 0.004687883593 0.254942252 -0.9999995416 -4.663884108e-05 -0.0009563855933 2.332636686e-05 0.9973300631 -0.07302564465 0.0009572379356 -0.07302563348 -0.9973296048 8.168743674e-07 -0.002276650552 0
0.08099538667 0.02903360631 -0.001887192509 -0.000199811018 0.02064108471 0.5094425849 -2.544588284e-05 0.005168349821 0.2549298028 -0.9999993228 -6.248889523e-05 -0.0011621054 3.125409508e-05 0.9967552529 -0.08049201775 0.001163364519 -0.08049199956 -0.9967545759 1.027108834e-06 -0.002509966038 0
0.08852436424 0.03173244361 -0.002062617687 -0.0002386674663 0.02255708188 0.5093341866 -3.039834842e-05 0.005648760083 0.2549161404 -0.9999990338 -8.157256342e-05 -0.001387737753 4.079971226e-05 0.9961245986 -0.08795329637 0.001389534288 -0.087953268 -0.9961236328 1.258384608e-06 -0.002743281524 0
0.09605334181 0.03443128091 -0.002238042864 -0.0002809690565 0.02447235775 0.5092161774 -3.579053779e-05 0.006129113316 0.254901265 -0.9999986608 -0.0001041885549 -0.001633242994 5.211290249e-05 0.9954381539 -0.09540900894 0.001635732918 -0.09540896628 -0.9954368154 1.510697481e-06 -0.002976597009 0
0.1026411972 0.03679276354 -0.002391539894 -0.000320807768 0.02614758432 0.5091050389 -4.086936999e-05 0.006549374213 0.254887254 -0.9999982541 -0.0001271096026 -0.001864328218 6.357943458e-05 0.9947917949 -0.1019278212 0.001867574419 -0.1019277618 -0.99479005 1.748746192e-06 -0.00318074806 0
0.1101701748 0.03949160084 -0.002566965072 -0.00036956452 0.0280613428 0.5089690216 -4.708588641e-05 0.007029615249 0.2548701045 -0.9999976829 -0.000157152047 -0.002146976052 7.860960155e-05 0.9940009039 -0.1093718283 0.002151284143 -0.1093717436 -0.9939985884 2.040582233e-06 -0.003414063545 0
0.1176991523 0.04219043814 -0.002742390249 -0.000421761391 0.0299742041 0.5088234074 -5.374195496e-05 0.007509792789 0.2548517425 -0.999996982 -0.0001915826796 -0.002449363277 9.583657832e-05 0.9931544028 -0.1168089167 0.002454974488 -0.1168087989 -0.9931513871 2.353571007e-06 -0.003647379031 0
0.1252281299 0.04488927544 -0.002917815426 -0.0004773963782 0.0318861071 0.5086682018 -6.083750889e-05 0.007989903887 0.254832168 -0.999996133 -0.0002306980432 -0.002771436697 0.0001154092302 0.9922523634 -0.1242386171 0.002778626218 -0.1242384565 -0.9922484997 2.687779728e-06 -0.003880694517 0
0.1318159853 0.04725075808 -0.003071312457 -0.0005288956466 0.03355818812 0.5085245337 -6.740657841e-05 0.008409944121 0.254814046 -0.9999952533 -0.0002689995485 -0.003069355306 0.0001345763251 0.9914175803 -0.1307331761 0.003078179975 -0.1307329686 -0.9914128382 2.997679535e-06 -0.004084845567 0
0.1393449628 0.04994959538 -0.003246737634 -0.0005909712442 0.03546812976 0.5083513607 -7.532597353e-05 0.008889922018 0.2547921989 -0.9999940733 -0.0003176957224 -0.003428184865 0.0001589474739 0.9904116168 -0.1381477618 0.003439203068 -0.1381474879 -0.9904056964 3.371889277e-06 -0.004318161053 0
0.1468739404 0.05264843268 -0.003422162811 -0.0006564784658 0.03737693766 0.5081686144 -8.36846396e-05 0.009369824013 0.25476914 -0.999992686 -0.0003719253565 -0.003806528337 0.0001860908379 0.9893503478 -0.1455536144 0.003820125215 -0.1455532581 -0.9893430425 3.767561498e-06 -0.004551476539 0
0.154402918 0.05534726998 -0.003597587989 -0.0007254147981 0.03928455089 0.507976302 -9.248249397e-05 0.009849646591 0.2547448695 -0.9999910685 -0.000431982197 -0.004204319092 0.0002161542254 0.9882338635 -0.1529502676 0.004220922292 -0.1529498103 -0.9882249437 4.184794707e-06 -0.004784792025 0
0.1619318955 0.05804610728 -0.003773013166 -0.0007977775967 0.04119090856 0.5077744306 -0.0001017194497 0.01032938617 0.2547193877 -0.9999891968 -0.0004981591669 -0.004621487049 0.0002492851337 0.9870622585 -0.1603372562 0.004641568918 -0.1603366761 -0.9870514709 4.62369383e-06 -0.005018107511 0
0.1685197509 0.06040758991 -0.003926510196 -0.0008639036394 0.04285789375 0.507589958 -0.0001101619149 0.01074908734 0.2546960977 -0.9999873306 -0.0005613140526 -0.005002346661 0.0002809067077 0.985991966 -0.1667925779 0.005025896637 -0.1667918699 -0.9859793165 5.025590511e-06 -0.005222258561 0
0.1760487285 0.06310642721 -0.004101935374 -0.0009426834771 0.04476173334 0.507370185 -0.0001202219369 0.01122866142 0.2546683454 -0.9999849132 -0.0006397527415 -0.005455646017 0.0003201856181 0.9847172814 -0.1741601938 0.005483688376 -0.1741593131 -0.9847022204 5.505417058e-06 -0.005455574047 0
0.1835777061 0.06580526451 -0.004277360551 -0.001024881447 0.04666414265 0.5071408764 -0.0001307207868 0.01170814189 0.2546393826 -0.9999821657 -0.0007251487517 -0.005928101968 0.000362954228 0.9833877745 -0.1815168123 0.005961249691 -0.1815157267 -0.9833699733 6.007244325e-06 -0.005688889533 0
0.1911066836 0.06850410181 -0.004452785728 -0.001110494396 0.048565061 0.506902041 -0.0001416583612 0.012187525 0.2546092095 -0.9999790596 -0.0008177914248 -0.006419631157 0.0004093586804 0.9820035581 -0.1888619716 0.006458550339 -0.1888606447 -0.9819826597 6.531199695e-06 -0.005922205019 0
0.197694539 0.07086558445 -0.004606282759 -0.001188204498 0.05022709387 0.5066852522 -0.0001515885455 0.01260690239 0.2545818155 -0.999976024 -0.0009050249732 -0.006865297094 0.0004530596965 0.9807475819 -0.1952792239 0.006909856098 -0.1952776522 -0.9807236575 7.007916869e-06 -0.006126356069 0
0.2052235166 0.07356442175 -0.004781707936 -0.001280211581 0.05212505341 0.506428579 -0.0001633484346 0.01308609274 0.254549374 -0.9999721641 -0.001012031406 -0.007392352099 0.0005066738944 0.9792611051 -0.202601657 0.007444082125 -0.2025997629 -0.9792333336 7.573724557e-06 -0.006359671555 0
0.2127524941 0.07626325905 -0.004957133113 -0.001375623851 0.05402134797 0.5061624063 -0.0001755467271 0.01356517482 0.2545157232 -0.9999678566 -0.001127110509 -0.007938221782 0.0005643418839 0.9777202685 -0.20991131 0.007997953576 -0.2099090427 -0.9776882052 8.162056428e-06 -0.006592987041 0
0.2202814717 0.07896209635 -0.005132558291 -0.00147443765 0.05591591713 0.5058867443 -0.0001881833028 0.01404414479 0.2544808633 -0.9999630685 -0.001250547424 -0.008502809666 0.0006262082205 0.9761252029 -0.217207726 0.008571435372 -0.2172050287 -0.97608837 8.773060364e-06 -0.006826302527 0
0.2268693271 0.08132357898 -0.005286055321 -0.001563687066 0.05757220236 0.5056377641 -0.000199599738 0.01446314853 0.2544493695 -0.9999584577 -0.001365634004 -0.009012100438 0.0006838985209 0.9746851418 -0.2235808729 0.009089290035 -0.2235777482 -0.9746437171 9.326407131e-06 -0.007030453577 0
0.2343983046 0.08402241628 -0.005461480498 -0.001668868417 0.05946337387 0.5053443385 -0.0002130577561 0.01494189794 0.2544122437 -0.999952675 -0.001505506219 -0.009611513234 0.0007540248108 0.9729887645 -0.2308512415 0.009699442366 -0.2308475637 -0.9729415826 9.980337501e-06 -0.007263769063 0
0.2419272822 0.08672125358 -0.005636905676 -0.001777440054 0.06135264677 0.505041455 -0.0002269536883 0.01542052417 0.2543739099 -0.99994631 -0.001654549305 -0.0102293482 0.0008287624989 0.9712385589 -0.2381070658 0.01032909729 -0.2381027595 -0.9711850419 1.065739332e-05 -0.007497084549 0
0.2494562598 0.08942009088 -0.005812330853 -0.001889397815 0.06323996093 0.5047291251 -0.0002412873979 0.01589902337 0.2543343686 -0.9999393251 -0.001813043596 -0.01086549592 0.0009082543218 0.9694346735 -0.2453478938 0.01097821492 -0.245342876 -0.9693742064 1.135774193e-05 -0.007730400034 0
0.2569852374 0.09211892818 -0.00598775603 -0.002004737409 0.06512525635 0.5044073609 -0.0002560587437 0.01637739166 0.25429362 -0.9999316816 -0.00198126809 -0.01151984368 0.0009926425093 0.9675772607 -0.2525732749 0.01164675416 -0.2525674546 -0.9675091906 1.208155554e-05 -0.00796371552 0
0.2635730927 0.09448041082 -0.006141253061 -0.00210843024 0.06677318673 0.5041180878 -0.0002693425557 0.0167958535 0.2542569751 -0.9999244219 -0.002136664608 -0.01210723655 0.001070610137 0.965908239 -0.2588824591 0.01224762452 -0.2588758554 -0.9658329499 1.273428016e-05 -0.008167866571 0
0.2711020703 0.09717924812 -0.006316678238 -0.002230098752 0.06865453554 0.5037786678 -0.0002849340746 0.0172739659 0.2542139641 -0.9999154352 -0.002323880386 -0.01279539408 0.001164560535 0.96395089 -0.2660776681 0.01295246419 -0.2660700682 -0.9638666674 1.350257164e-05 -0.008401182056 0
0.2786310479 0.09987808542 -0.006492103415 -0.002355136039 0.07053369355 0.5034298498 -0.0003009628003 0.01775193627 0.2541697472 -0.9999056722 -0.002521620665 -0.01350140928 0.001263813249 0.9619404779 -0.273256143 0.01367660043 -0.2732474306 -0.9618465534 1.429485004e-05 -0.008634497542 0
0.2861600254 0.1025769227 -0.006667528593 -0.00248353731 0.07241060107 0.5030716473 -0.0003174285753 0.0182297607 0.2541243247 -0.9998950901 -0.00273015888 -0.01422515673 0.001368508406 0.9598771728 -0.2804174393 0.01441998738 -0.280407488 -0.9597727359 1.511130603e-05 -0.008867813028 0
0.2927478808 0.1049384054 -0.006821025623 -0.002598644075 0.07405100222 0.5027505326 -0.0003321945182 0.01864773433 0.2540835915 -0.9998851239 -0.002921701291 -0.01487288069 0.001464690886 0.9580285291 -0.2866691334 0.01508620559 -0.2866579862 -0.9579141952 1.584569167e-05 -0.009071964078 0
0.3002768584 0.1076372427 -0.0069964508 -0.002733339454 0.07592352961 0.5023747714 -0.0003494793205 0.01912527468 0.2540359098 -0.9998728858 -0.003151217267 -0.01562952688 0.00157996627 0.9558665235 -0.2937970269 0.01586555978 -0.2937843753 -0.9557400404 1.670801079e-05 -0.009305279564 0
0.3078058359 0.11033608 -0.007171875978 -0.002871384326 0.0777936355 0.501989666 -0.0003672006947 0.01960265795 0.253987024 -0.9998596984 -0.003392308639 -0.01640352683 0.001701083673 0.9536521384 -0.3009064726 0.01666402606 -0.3008921587 -0.9535125689 1.759508147e-05 -0.00953859505 0
0.3153348135 0.1130349173 -0.007347301155 -0.003012773405 0.07966126062 0.5015952313 -0.0003853584666 0.02007988024 0.2539369344 -0.9998455146 -0.003645242689 -0.0171947427 0.00182818089 0.9513855611 -0.3079970324 0.01748155386 -0.3079808864 -0.9512319217 1.850711217e-05 -0.009771910536 0
0.3228637911 0.1157337546 -0.007522726332 -0.003157501275 0.08152634578 0.5011914822 -0.0004039524576 0.02055693766 0.2538856416 -0.9998302858 -0.00391028502 -0.01800303348 0.00196139508 0.949066983 -0.3150682698 0.0183180914 -0.3150501094 -0.9488982433 1.94443158e-05 -0.01000522602 0
0.3294516465 0.1180952372 -0.007676223362 -0.003286872659 0.08315616531 0.5008305734 -0.0004205798918 0.02097422462 0.2538397738 -0.9998160646 -0.004152337124 -0.01872418141 0.002083082653 0.9469957243 -0.3212394107 0.01906561406 -0.3212193275 -0.9468128886 2.028518938e-05 -0.01020937707 0
0.336980624 0.1207940745 -0.00785164854 -0.003437845722 0.08501632893 0.5004094021 -0.0004399912971 0.02145096246 0.2537862263 -0.9997987425 -0.004440792348 -0.01956409659 0.00222813357 0.9445801761 -0.3282732494 0.01993765114 -0.3282507734 -0.9443801776 2.127018146e-05 -0.01044269256 0
0.3445096016 0.1234929118 -0.008027073717 -0.003592141299 0.08687378307 0.499978962 -0.0004598383839 0.02192752426 0.2537314772 -0.9997802303 -0.004742109748 -0.02042066377 0.002379692111 0.942113202 -0.3352865217 0.02082854241 -0.3352614308 -0.9418948693 2.228098304e-05 -0.01067600804 0
0.3520385792 0.1261917491 -0.008202498895 -0.003749753482 0.08872846898 0.4995392694 -0.0004801209572 0.02240390615 0.2536755269 -0.9997604755 -0.005056548052 -0.0212937298 0.002537892827 0.9395950101 -0.3422787987 0.02173823146 -0.3422508558 -0.9393571211 2.331782391e-05 -0.01090932353 0
0.3586264345 0.1285532317 -0.008355995925 -0.003890380056 0.09034900224 0.4991469618 -0.0004982252871 0.02282058966 0.2536255855 -0.9997421287 -0.005342646782 -0.02207107408 0.002681872352 0.9373497445 -0.3483794827 0.02254958417 -0.3483488374 -0.9370937006 2.424660389e-05 -0.01111347458 0
0.3661554121 0.131252069 -0.008531421102 -0.004054194515 0.09219833979 0.4986899668 -0.0005193238563 0.02329662374 0.2535673845 -0.9997198987 -0.005682377606 -0.02297465204 0.002852887337 0.9347360953 -0.3553312442 0.02349436284 -0.3552972596 -0.9344580634 2.533290247e-05 -0.01134679007 0
0.3736843897 0.1339509063 -0.008706846279 -0.004221307894 0.09404474088 0.4982237686 -0.0005408573268 0.02377246674 0.253507984 -0.9996962693 -0.006035962649 -0.02389427152 0.003030927348 0.9320718506 -0.3622607884 0.02445777046 -0.3622231805 -0.9317704572 2.644592439e-05 -0.01158010555 0
0.3812133672 0.1366497436 -0.008882271457 -0.004391713799 0.09588814723 0.4977483853 -0.0005628254869 0.02424811478 0.2534473846 -0.9996711839 -0.006403653201 -0.02482976757 0.003216124117 0.929357235 -0.3691676941 0.02543974602 -0.3691261614 -0.9290310524 2.758591559e-05 -0.01181342104 0
0.3887423448 0.1393485809 -0.009057696634 -0.004565405709 0.09772850069 0.497263835 -0.0005852281204 0.02472356398 0.2533855869 -0.9996445847 -0.006785698543 -0.02578097222 0.003408608617 0.9265924772 -0.3760515424 0.02644022732 -0.3760057652 -0.9262400223 2.875312607e-05 -0.01204673652 0
0.3953302002 0.1417100636 -0.009211193664 -0.00472007646 0.09933626003 0.4968323482 -0.0006051866556 0.02513941588 0.2533305314 -0.9996200227 -0.007131958041 -0.02662602795 0.00358311314 0.924132365 -0.3820556678 0.02733077917 -0.3820058994 -0.923755661 2.979696314e-05 -0.01225088757 0
0.4028591778 0.1444089009 -0.009386618842 -0.004899911622 0.1011707331 0.49633066 -0.0006284033296 0.02561448182 0.2532664885 -0.9995904266 -0.007541583354 -0.02760622317 0.003789612429 0.9212742217 -0.3888951622 0.02836578705 -0.388840498 -0.9208683126 3.10158975e-05 -0.01248420306 0
0.4103881553 0.1471077382 -0.009562044019 -0.005083013348 0.1030019868 0.495819859 -0.0006520538321 0.02608933777 0.2532012491 -0.9995591456 -0.007966268619 -0.02860162759 0.004003771618 0.9183666171 -0.3957104072 0.02941911537 -0.3956504709 -0.917929856 3.226279204e-05 -0.01271751855 0
0.4179171329 0.1498065755 -0.009737469196 -0.005269374636 0.1048299635 0.4952999647 -0.0006761379305 0.02656397987 0.2531348138 -0.9995261181 -0.00840625499 -0.0296120618 0.004225718595 0.9154097958 -0.4025009926 0.03049069742 -0.4024353869 -0.9149404772 3.353791202e-05 -0.01295083403 0
0.4245049883 0.1521680581 -0.009890966227 -0.005435109024 0.1064267098 0.4948376136 -0.0006975670146 0.02697911324 0.2530757025 -0.9994957373 -0.008803982671 -0.03050837763 0.004426410525 0.9127823995 -0.4084222055 0.03144325216 -0.408351296 -0.9122831473 3.467700714e-05 -0.01315498508 0
0.4320339658 0.1548668954 -0.0100663914 -0.005627562687 0.1082483874 0.4943007234 -0.0007224634635 0.02745334394 0.2530070269 -0.9994592659 -0.009273300973 -0.03154649912 0.004663301404 0.9097339706 -0.4151654567 0.03254887613 -0.4150880734 -0.9091988022 3.60057781e-05 -0.01338830057 0
0.4395629434 0.1575657327 -0.01024181658 -0.005823255093 0.1100666231 0.493754798 -0.0007477928158 0.02792734966 0.2529371573 -0.9994208659 -0.009758601415 -0.03259911859 0.004908343081 0.9066370509 -0.4218828819 0.03367255563 -0.4217985628 -0.9060640879 3.73635583e-05 -0.01362161605 0
0.447091921 0.16026457 -0.01041724176 -0.006022178761 0.1118813598 0.4931998584 -0.0007735548225 0.02840112654 0.2528660945 -0.9993804718 -0.01026011649 -0.03366604556 0.005161660158 0.9034919008 -0.4285740804 0.03481421949 -0.4284823393 -0.9028792029 3.875062757e-05 -0.01385493154 0
0.4546208985 0.1629634073 -0.01059266694 -0.006224326089 0.1136925407 0.4926359257 -0.0007997492301 0.02887467072 0.2527938392 -0.9993380174 -0.01077807638 -0.03474708673 0.005423376351 0.9002987846 -0.4352386535 0.0359737954 -0.4351389796 -0.8996443489 4.016726942e-05 -0.01408824703 0
0.4612087539 0.1653248899 -0.01074616397 -0.006403843341 0.1152743624 0.4921351243 -0.0008230238383 0.02928882795 0.2527296381 -0.999299127 -0.01124496034 -0.03570442172 0.005659364501 0.8974656712 -0.4410480026 0.0370030601 -0.4409409483 -0.8967730224 4.143131538e-05 -0.01429239808 0
0.4687377315 0.1680237272 -0.01092158914 -0.006612014115 0.1170787231 0.4915543879 -0.0008500283001 0.02976192541 0.2526551489 -0.9992526277 -0.01179436645 -0.03681139634 0.00593715938 0.894183344 -0.447661588 0.03819602229 -0.4475455733 -0.8934450312 4.290418237e-05 -0.01452571356 0
0.4762667091 0.1707225645 -0.01109701432 -0.006823386015 0.1188793651 0.4909647213 -0.0008774644109 0.03023477907 0.2525794692 -0.9992038725 -0.01236086592 -0.03793191402 0.006223704044 0.890853832 -0.4542474167 0.03940668237 -0.4541218548 -0.8900676684 4.440745686e-05 -0.01475902905 0
0.4837956866 0.1734214018 -0.0112724395 -0.007037950965 0.1206762321 0.4903661469 -0.0009053319007 0.03070738508 0.2525025999 -0.9991527915 -0.01294467963 -0.03906577082 0.006519118676 0.8874774143 -0.4608051 0.04063496366 -0.4606693764 -0.886641148 4.594143603e-05 -0.01499234453 0
0.490383542 0.1757828845 -0.01142593653 -0.007228308158 0.1222453498 0.4898351053 -0.0009300696048 0.03112070916 0.252434364 -0.9991061321 -0.01346989145 -0.04006867539 0.006784976387 0.884484794 -0.4665196815 0.04172410357 -0.4663745396 -0.8836027886 4.730909149e-05 -0.01519649558 0
0.4979125196 0.1784817218 -0.01160136171 -0.007448837899 0.1240349874 0.4892198909 -0.0009587451886 0.03159284045 0.2523552662 -0.9990504988 -0.01408675602 -0.04122698402 0.007097342844 0.8810211943 -0.4730235544 0.04298521409 -0.47286702 -0.880084685 4.890145487e-05 -0.01542981107 0
0.5054414971 0.1811805591 -0.01177678688 -0.007672536809 0.1258206888 0.4885958355 -0.0009878513523 0.03206471303 0.252274981 -0.9989923337 -0.0147215559 -0.04239803057 0.007418919494 0.8775115128 -0.4794981798 0.0442637192 -0.4793295532 -0.876518056 5.052539632e-05 -0.01566312655 0
0.5129704747 0.1838793964 -0.01195221206 -0.007899396349 0.1276023985 0.4879629628 -0.00101738781 0.03253632305 0.2521935093 -0.9989315636 -0.01537450218 -0.04358160084 0.007749822792 0.8739560436 -0.4859431798 0.04555953793 -0.4857617301 -0.8729031275 5.218122605e-05 -0.01589644204 0
0.5204994523 0.1865782337 -0.01212763724 -0.008129407863 0.1293800609 0.487321297 -0.00104735427 0.03300766667 0.2521108518 -0.9988681142 -0.01604580333 -0.04477747806 0.008090168202 0.8703550842 -0.4923581791 0.0468725882 -0.4921631432 -0.8692401285 5.386925757e-05 -0.01612975753 0
0.5270873077 0.1889397163 -0.01228113427 -0.008333246642 0.1309321519 0.4867526456 -0.001073927429 0.03341987078 0.2520375544 -0.9988103392 -0.01664841044 -0.04583379379 0.008395805922 0.8671671652 -0.4979464007 0.04803557709 -0.4977388251 -0.8659957537 5.537294956e-05 -0.01633390858 0
0.5346162852 0.1916385536 -0.01245655945 -0.008569144354 0.1327020765 0.4860945591 -0.001104699348 0.03389070456 0.2519526758 -0.9987416633 -0.01735467966 -0.04705215335 0.008754162994 0.8634817264 -0.5043041472 0.04938071153 -0.504081465 -0.8622432499 5.712221555e-05 -0.01656722406 0
0.5421452628 0.1943373909 -0.01263198462 -0.008808168487 0.1344677952 0.4854277507 -0.001135900412 0.03436126091 0.2518666138 -0.9986700899 -0.01807988831 -0.04828218245 0.009122288499 0.859751673 -0.51063083 0.05074283552 -0.5103921809 -0.8584433507 5.890460237e-05 -0.01680053955 0
0.5496742404 0.1970362282 -0.0128074098 -0.009050309923 0.1362292531 0.4847522459 -0.001167530313 0.03483153601 0.2517793694 -0.9985955417 -0.01882423447 -0.04952365458 0.009500293939 0.8559773168 -0.5169260851 0.05212186279 -0.5166705732 -0.8545962966 6.072043577e-05 -0.01703385503 0
0.5562620957 0.1993977108 -0.01296090683 -0.009264733589 0.1377669905 0.4841540658 -0.001195558014 0.03524279299 0.2517020611 -0.99852781 -0.0194913897 -0.05061914959 0.009839240191 0.8526386606 -0.5224083688 0.05334230901 -0.5221373384 -0.8511916341 6.233698503e-05 -0.01723800608 0
0.5637910733 0.2020965481 -0.01313633201 -0.009512694992 0.1395203122 0.483462325 -0.001227991146 0.03571253041 0.2516126018 -0.9984474721 -0.02027214293 -0.05188145831 0.01023606738 0.8487820886 -0.5286437259 0.05475279372 -0.5283540538 -0.8472568237 6.421641929e-05 -0.01747132157 0
0.5713200509 0.2047953854 -0.01331175719 -0.00976374684 0.1412692163 0.4827619627 -0.00126085221 0.03618197559 0.2515219626 -0.9983639318 -0.02107258769 -0.05315454523 0.01064308919 0.8448821292 -0.5348466251 0.05617992776 -0.5345373081 -0.843275567 6.613025347e-05 -0.01770463706 0
0.5788490284 0.2074942227 -0.01348718236 -0.01001787956 0.1430136488 0.4820530057 -0.001294140883 0.03665112469 0.2514301443 -0.9982771086 -0.02189291118 -0.05443817451 0.01106041299 0.8409391075 -0.541016714 0.05762362075 -0.5406867096 -0.8392481161 6.807882492e-05 -0.01793795254 0
0.586378006 0.21019306 -0.01366260754 -0.01027508348 0.1447535558 0.481335481 -0.001327856838 0.03711997392 0.2513371479 -0.998186921 -0.02273329779 -0.05573210796 0.01148814504 0.8369533519 -0.5471536431 0.05908378127 -0.5468018689 -0.835174726 7.00624739e-05 -0.01817126803 0
0.5929658614 0.2125545427 -0.01381610457 -0.01050264855 0.1462722197 0.4807006401 -0.001357708544 0.03752996799 0.2512548103 -0.9981051824 -0.02348523681 -0.05687256336 0.01187103131 0.8334310216 -0.5524959826 0.06037485757 -0.5521242395 -0.8315730279 7.182721095e-05 -0.01837541908 0
0.600494839 0.21525338 -0.01399152975 -0.01076558445 0.1480034965 0.4799671248 -0.001392224757 0.03799824466 0.2511596074 -0.9980084644 -0.02436372852 -0.05818516713 0.01231856142 0.8293660375 -0.5585698066 0.06186564463 -0.5581741525 -0.8274141995 7.387755731e-05 -0.01860873456 0
0.6080238165 0.2179522173 -0.01416695492 -0.01103156307 0.1497300938 0.4792251212 -0.001427167287 0.03846621049 0.251063229 -0.9979081436 -0.02526279712 -0.05950737755 0.01277679912 0.8252592829 -0.564609484 0.06337263057 -0.5641887158 -0.8232101813 7.596397527e-05 -0.01884205005 0
0.6155527941 0.2206510546 -0.0143423801 -0.01130057427 0.1514519583 0.4784746575 -0.001462535792 0.03893386169 0.2509656762 -0.9978041356 -0.02618261558 -0.06083894767 0.01324584634 0.8211110992 -0.5706146776 0.06489571994 -0.5701675485 -0.8189612397 7.808681596e-05 -0.01907536554 0
0.6221406495 0.2230125372 -0.01449587713 -0.01153843869 0.1529546657 0.4778110844 -0.001493832393 0.0393427954 0.2508793549 -0.9977100371 -0.02700461177 -0.06201155361 0.01366520908 0.8174477246 -0.5758406721 0.06624155719 -0.5753694192 -0.815206776 7.997445773e-05 -0.01927951659 0
0.629669627 0.2257113745 -0.01467130231 -0.0118131083 0.1546675136 0.4770448354 -0.001529998659 0.03980984642 0.2507796026 -0.9975988857 -0.02796379192 -0.06335999998 0.01415479484 0.813222793 -0.5817803114 0.06779457972 -0.5812802382 -0.8108743304 8.216654698e-05 -0.01951283207 0
0.6371986046 0.2284102118 -0.01484672749 -0.01209078076 0.1563754769 0.4762702093 -0.001566589889 0.04027657189 0.2506786787 -0.9974838005 -0.02894420235 -0.06471708402 0.0146554767 0.8089574319 -0.587684516 0.06936342564 -0.5871542442 -0.8064977425 8.43960836e-05 -0.01974614756 0
0.6447275822 0.2311090491 -0.01502215266 -0.01237144549 0.1580785033 0.4754872357 -0.001603605723 0.04074296802 0.2505765841 -0.9973646943 -0.02994600423 -0.06608255049 0.01516735209 0.8046519953 -0.5935529614 0.07094799559 -0.5929910651 -0.8020772897 8.666342908e-05 -0.01997946304 0
0.6513154375 0.2334705317 -0.01517564969 -0.01261947334 0.1595645605 0.4747953095 -0.001636342599 0.0411507915 0.2504862919 -0.9972571088 -0.03084025289 -0.06728400762 0.01562450091 0.8008521442 -0.5986582649 0.07234731406 -0.5980674895 -0.7981736304 8.867865765e-05 -0.02018361409 0
0.6588444151 0.236169369 -0.01535107487 -0.01290571973 0.1612581896 0.4739967647 -0.00167415358 0.04161655992 0.2503820053 -0.997130226 -0.03188258731 -0.06866449602 0.01615762255 0.7964725302 -0.6044587991 0.07396109532 -0.603833594 -0.7936716872 9.101787816e-05 -0.02041692958 0
0.6663733927 0.2388682063 -0.01552650005 -0.01319492741 0.1629467323 0.4731899587 -0.001712388108 0.04208198813 0.2502765509 -0.9969990678 -0.03294675913 -0.07005262166 0.01670221112 0.792053875 -0.6102226603 0.07559030945 -0.6095614572 -0.7891266914 9.339596122e-05 -0.02065024507 0
0.6739023703 0.2415670436 -0.01570192523 -0.01348708538 0.1646301371 0.4723749222 -0.001751045807 0.04254707236 0.25016993 -0.9968635446 -0.03403291732 -0.07144812148 0.01725835935 0.7875965444 -0.6159495372 0.07723485325 -0.6152507163 -0.7845389306 9.58132782e-05 -0.02088356055 0
0.6814313478 0.2442658809 -0.0158773504 -0.01378218255 0.1663083524 0.4715516862 -0.001790126296 0.04301180883 0.2500621436 -0.9967235658 -0.03514120767 -0.07285073049 0.01782615878 0.7831009068 -0.6216391219 0.07889462259 -0.6209010109 -0.7799086954 9.827020294e-05 -0.02111687604 0
0.6880192032 0.2466273636 -0.01603084743 -0.01404279481 0.1677724938 0.4708246532 -0.001824668243 0.04341816501 0.2499668752 -0.9965973579 -0.03612922914 -0.07408363539 0.0183326119 0.7791360922 -0.626586678 0.08035932784 -0.6258127744 -0.7758226278 0.0001004527986 -0.02132102709 0
0.6955481808 0.2493262009 -0.01620627261 -0.01434337266 0.1694408415 0.4699861277 -0.001864540426 0.04388223928 0.2498569063 -0.9964487792 -0.03727939892 -0.07549885334 0.01892249967 0.7745696329 -0.6322055226 0.08204736099 -0.6313890482 -0.7711135457 0.0001029850039 -0.02155434257 0
0.7030771583 0.2520250382 -0.01638169779 -0.01464685717 0.1711038534 0.4691394935 -0.001904834284 0.04434595498 0.249745775 -0.9962954816 -0.03845210186 -0.07692040817 0.01952429483 0.7699659426 -0.6377862096 0.08375031488 -0.6369253356 -0.7663628394 0.0001055579053 -0.02178765806 0
0.7106061359 0.2547238755 -0.01655712297 -0.01495323683 0.172761479 0.4682847826 -0.001945549421 0.04480930834 0.2496334824 -0.9961373723 -0.03964747111 -0.07834802774 0.02013808404 0.7653254011 -0.6433284449 0.08546808168 -0.6424212858 -0.7615708099 0.0001081718859 -0.02202097355 0
0.7171939913 0.2570853581 -0.01671062 -0.0152236848 0.1742074435 0.4675303108 -0.001981520432 0.04521444236 0.2495342746 -0.9959950063 -0.04071211477 -0.07960195451 0.02068505565 0.7612349984 -0.6481461299 0.08698319334 -0.6471968796 -0.7573441246 0.0001104931195 -0.0222251246 0
0.7247229688 0.2597841954 -0.01688604517 -0.01553546142 0.1758548346 0.4666605439 -0.002023024386 0.04567710624 0.2494198076 -0.995827623 -0.04195033058 -0.08104020572 0.0213215629 0.7565263939 -0.6536154881 0.08872844039 -0.6526162617 -0.752475434 0.0001131851641 -0.02245844008 0
0.7322519464 0.2624830327 -0.01706147035 -0.01585009946 0.1774966955 0.4657827946 -0.002064948457 0.046139397 0.2493041826 -0.9956551582 -0.04321157686 -0.08248372943 0.02197030627 0.7517820453 -0.659045569 0.09048818508 -0.657994313 -0.7475662996 0.0001159194021 -0.02269175557 0
0.739780924 0.26518187 -0.01723689553 -0.01616758699 0.1791329767 0.464897096 -0.002107292234 0.04660131092 0.2491874007 -0.9954775167 -0.04449597377 -0.08393224682 0.02263136745 0.7470023428 -0.6644360925 0.09226231595 -0.6633306929 -0.7426170324 0.0001186962255 -0.02292507105 0
0.7473099016 0.2678807073 -0.01741232071 -0.01648791196 0.1807636288 0.4640034817 -0.0021500553 0.04706284425 0.2490694631 -0.9952946031 -0.04580363804 -0.08538547741 0.02330482682 0.7421876793 -0.6697867823 0.09405072067 -0.6686250635 -0.7376279458 0.0001215160286 -0.02315838654 0
0.7538977569 0.2702421899 -0.01756581774 -0.01677051435 0.1821857931 0.4632151025 -0.002187816601 0.04746637077 0.2489653206 -0.9951301535 -0.04696701995 -0.08666069879 0.02390433635 0.7379464806 -0.6744357453 0.09562719478 -0.6732229132 -0.733230079 0.0001240189245 -0.02336253759 0
0.7614267345 0.2729410272 -0.01774124291 -0.01709612672 0.1838057583 0.4623067379 -0.002231364698 0.04792718044 0.2488452193 -0.9949370954 -0.04831861325 -0.08812200516 0.0246012544 0.733067333 -0.6797110147 0.09744205695 -0.6784376145 -0.7281671846 0.0001269203843 -0.02359585308 0
0.7689557121 0.2756398645 -0.01791666809 -0.01742454134 0.1854199538 0.4613905559 -0.002275330866 0.0483875988 0.2487239656 -0.9947384878 -0.04969379041 -0.08958720963 0.02531079438 0.7281543683 -0.6849456764 0.09927086492 -0.6836093498 -0.7230653859 0.0001298659692 -0.02382916856 0
0.7764846896 0.2783387018 -0.01809209327 -0.01775574577 0.1870283312 0.460466591 -0.002319714671 0.04884762214 0.2486015609 -0.9945342331 -0.05109265481 -0.09105602572 0.02603303153 0.723207989 -0.6901394685 0.1011135029 -0.6887377914 -0.717925006 0.0001328560817 -0.02406248405 0
0.783072545 0.2807001845 -0.0182455903 -0.01804782831 0.1884308508 0.459651765 -0.002358892752 0.04924981559 0.2484935135 -0.9943508009 -0.05233617068 -0.09234397614 0.02667546281 0.7188528151 -0.6946503077 0.1027370643 -0.6931894081 -0.7133957808 0.0001355092747 -0.0242666351 0
0.7906015226 0.2833990218 -0.01842101548 -0.01838422974 0.1900281895 0.4587133021 -0.002404058451 0.04970908824 0.2483689538 -0.9941356937 -0.05377971505 -0.09381878686 0.02742170526 0.7138448771 -0.6997667765 0.1046053182 -0.6982358009 -0.7081839406 0.0001385839687 -0.02449995058 0
0.7981305001 0.2860978591 -0.01859644065 -0.01872338465 0.1916195722 0.4577671577 -0.002449640522 0.05016795519 0.2482432466 -0.9939146566 -0.05524722428 -0.09529637763 0.02818085366 0.7088046955 -0.704841644 0.1064870643 -0.7032379738 -0.7029344616 0.0001417043593 -0.02473326607 0
0.8056594777 0.2887966964 -0.01877186583 -0.0190652802 0.1932049514 0.4568133677 -0.002495638519 0.05062641274 0.2481163931 -0.9936875904 -0.05673878808 -0.09677645652 0.02895297798 0.7037326822 -0.7098746629 0.1083821834 -0.7081956099 -0.6976476764 0.0001448708571 -0.02496658155 0
0.8131884553 0.2914955337 -0.01894729101 -0.01940990345 0.1947842799 0.4558519683 -0.002542051989 0.05108445718 0.2479883946 -0.9934543955 -0.0582544926 -0.0982587303 0.02973814684 0.6986292511 -0.7148655902 0.1102905554 -0.7131083954 -0.6923239197 0.0001480838746 -0.02519989704 0
0.8197763107 0.2938570163 -0.01910078804 -0.01971367611 0.196161192 0.4550045302 -0.002583004234 0.0514849043 0.2478754577 -0.9932452439 -0.05960060198 -0.09955728887 0.03043592305 0.6941383038 -0.7191979351 0.1119711575 -0.7173700464 -0.6876355695 0.0001509337515 -0.02540404809 0
0.8273052882 0.2965558536 -0.01927621322 -0.0200633786 0.1977290491 0.4540289611 -0.002630195484 0.05194216423 0.2477453158 -0.9930002876 -0.06116179004 -0.1010428833 0.03124573047 0.6889770882 -0.7241092986 0.1139040524 -0.7221979004 -0.6822434019 0.0001542351126 -0.02563736358 0
0.8348342658 0.2992546909 -0.01945163839 -0.02041577104 0.1992907213 0.4530458878 -0.002677800886 0.05239900046 0.2476140326 -0.9927489139 -0.06274734645 -0.1025298226 0.03206877193 0.6837856575 -0.728977893 0.1158498506 -0.726980017 -0.6768152385 0.0001575841907 -0.02587067906 0
0.8423632434 0.3019535282 -0.01962706357 -0.02077084013 0.2008461622 0.4520553475 -0.002725819971 0.0528554093 0.2474816094 -0.9924910215 -0.06435734338 -0.1040178088 0.03290511061 0.6785644341 -0.7338034903 0.1178084288 -0.7317160932 -0.6713514229 0.000160981406 -0.02610399455 0
0.8489510987 0.3043150109 -0.0197805606 -0.02108371073 0.2022020253 0.4511825288 -0.002768175649 0.05325441355 0.247364805 -0.9922599386 -0.06578619351 -0.1053204203 0.03364786345 0.673971758 -0.7379904408 0.1195325708 -0.7358221566 -0.6665416104 0.0001639937889 -0.0263081456 0
0.8564800763 0.3070138482 -0.01995598578 -0.0214437623 0.2037456591 0.4501780888 -0.002816969116 0.05371001112 0.2472302479 -0.99198955 -0.0674421982 -0.1068095623 0.03450929988 0.668695819 -0.742734818 0.1215147766 -0.7404711011 -0.6610118816 0.0001674824011 -0.02654146108 0
0.8640090539 0.3097126855 -0.02013141096 -0.02180645169 0.2052829302 0.44916629 -0.002866174899 0.05416517075 0.2470945547 -0.99171235 -0.06912283053 -0.1082988883 0.03538420738 0.6633913131 -0.7474355648 0.1235094036 -0.7450731508 -0.6554475015 0.0001710203693 -0.02677477657 0
0.8715380314 0.3124115228 -0.02030683613 -0.0221717652 0.2068137936 0.4481471707 -0.002915792515 0.05461988878 0.2469577267 -0.9914282361 -0.07082814843 -0.1097880961 0.03627264365 0.6580586703 -0.7520924689 0.1255163256 -0.7496280143 -0.6498488225 0.0001746081213 -0.02700809206 0
0.879067009 0.3151103601 -0.02048226131 -0.02253968906 0.2083382043 0.4471207692 -0.002965821477 0.05507416154 0.2468197652 -0.9911371056 -0.07255820617 -0.1112768827 0.03717466497 0.6526983226 -0.7567053218 0.1275354154 -0.7541354032 -0.6442161993 0.0001782460864 -0.02724140754 0
0.8856548644 0.3174718427 -0.02063575834 -0.02286375283 0.2096667352 0.4462167248 -0.003009933864 0.05547128208 0.2466981202 -0.9908765296 -0.07409234091 -0.1125789862 0.03797512075 0.6479856327 -0.7607052715 0.1293119999 -0.7580402 -0.6392600894 0.0001814708354 -0.02744555859 0
0.893183842 0.32017068 -0.02081118352 -0.0232365336 0.211178927 0.445176774 -0.003060732771 0.05592471012 0.2465580373 -0.9905719649 -0.07586891914 -0.1140661624 0.0389027607 0.6425745091 -0.7652349805 0.1313535592 -0.7624578069 -0.6335647837 0.0001852041141 -0.02767887408 0
0.9007128195 0.3228695173 -0.02098660869 -0.02361188455 0.2126845384 0.4441296531 -0.0031119416 0.05637768242 0.246416825 -0.9902600866 -0.07767037245 -0.1155520406 0.03984413945 0.6371369327 -0.7697200618 0.1334069166 -0.7668271267 -0.627836565 0.000188988851 -0.02791218956 0
0.9082417971 0.3255683546 -0.02116203387 -0.02398979155 0.2141835256 0.4430754016 -0.003163559847 0.05683019532 0.2462744846 -0.9899407908 -0.07949674065 -0.1170363142 0.04079930766 0.6316733424 -0.7741603225 0.1354719422 -0.7711478825 -0.6220757962 0.0001928254824 -0.02814550505 0
0.9148296525 0.3279298372 -0.0213155309 -0.02432254573 0.2154896713 0.4421471134 -0.003209061267 0.05722576441 0.2461490126 -0.9896552406 -0.08111527924 -0.1183334957 0.04164643025 0.6268717076 -0.7780086356 0.1372883083 -0.7748884912 -0.6170087088 0.0001962254492 -0.0283496561 0
0.92235863 0.3306286745 -0.02149095608 -0.02470520686 0.216976121 0.4410795992 -0.003261445805 0.05767740616 0.246004561 -0.9893217565 -0.08298845702 -0.1198139316 0.0426275852 0.6213605297 -0.7823643531 0.1393748585 -0.7791174546 -0.6111878931 0.0002001605657 -0.02858297159 0
0.9298876076 0.3333275118 -0.02166638126 -0.02509038284 0.218455822 0.4400050693 -0.003314238293 0.05812857809 0.2458589855 -0.9889805551 -0.08488664312 -0.1212918771 0.04362266713 0.6158246088 -0.7866747194 0.1414726989 -0.7832970759 -0.6053355817 0.0002041488417 -0.02881628707 0
0.9374165852 0.3360263491 -0.02184180643 -0.02547805919 0.2199287315 0.4389235642 -0.003367438214 0.05857927658 0.2457122876 -0.9886315319 -0.0868098627 -0.1227670227 0.04463172104 0.6102643898 -0.7909395578 0.1435816966 -0.7874270901 -0.599452145 0.0002081907206 -0.02904960256 0
0.9449455627 0.3387251864 -0.02201723161 -0.02586822131 0.2213948072 0.4378351244 -0.003421045043 0.05902949801 0.2455644687 -0.988274582 -0.08875813715 -0.1242390584 0.04565479043 0.6046803193 -0.7951586958 0.1457017181 -0.7915072359 -0.5935379557 0.0002122866474 -0.02928291804 0
0.9515334181 0.3410866691 -0.02217072864 -0.02621164074 0.2226719842 0.4368770832 -0.003468284398 0.05942304759 0.2454342087 -0.987955666 -0.090483444 -0.1255242942 0.04656150628 0.5997750441 -0.7988128208 0.1475656742 -0.7950362525 -0.5883381077 0.0002159152708 -0.02948706909 0
0.9590623957 0.3437855064 -0.02234615382 -0.02660642406 0.2241251327 0.4357757517 -0.003522652761 0.05987236482 0.2452842919 -0.9875835704 -0.09247874064 -0.1269896609 0.04761096678 0.5941474606 -0.8029458207 0.1497060028 -0.7990222009 -0.5823672682 0.0002201137432 -0.02972038458 0
0.9665913733 0.3464843437 -0.022521579 -0.02700365072 0.2255713268 0.4346676039 -0.003577426509 0.06032119464 0.2451332584 -0.9872032459 -0.09449913233 -0.1284510228 0.04867455956 0.5884973173 -0.8070326479 0.1518569673 -0.8029575465 -0.5763667582 0.0002243675528 -0.02995370007 0
0.9741203508 0.349183181 -0.02269700417 -0.02740330579 0.2270105251 0.4335526815 -0.003632605104 0.06076953345 0.2449811097 -0.986814587 -0.09654462564 -0.1299080678 0.04975232235 0.5828250661 -0.8110731463 0.1540184315 -0.80684204 -0.5703369576 0.0002286771513 -0.03018701555 0
0.9807082062 0.3515446636 -0.0228505012 -0.02775498424 0.2282640526 0.4325716001 -0.00368121805 0.06116142431 0.2448470659 -0.9864675908 -0.09835502569 -0.1311791951 0.05070701715 0.5778440671 -0.8145704589 0.155918218 -0.8101990638 -0.5650371548 0.0002324941708 -0.0303911666 0
0.9882371838 0.3542435009 -0.02302592638 -0.02815915206 0.2296900233 0.4314440884 -0.003737154269 0.06160883282 0.2446928303 -0.9860630205 -0.1004475889 -0.1326273027 0.0518114452 0.5721315859 -0.8185236848 0.1580989996 -0.8139875492 -0.558953465 0.0002369095969 -0.03062448209 0
0.9957661613 0.3569423382 -0.02320135156 -0.02856570489 0.231108881 0.4303099233 -0.003793493768 0.06205574001 0.2445374838 -0.9856498123 -0.1025652511 -0.1340701933 0.0529301434 0.5663983029 -0.8224301565 0.1602898855 -0.817724484 -0.5528415875 0.00024138212 -0.03085779757 0
1.003295139 0.3596411755 -0.02337677674 -0.0289746275 0.2325205854 0.4291691472 -0.003850235992 0.06250214234 0.2443810281 -0.9852278604 -0.1047080041 -0.1355075533 0.05406314366 0.5606446745 -0.8262897346 0.1624907371 -0.8214096316 -0.5467019092 0.0002459121983 -0.03109111306 0
1.010824116 0.3623400128 -0.02355220191 -0.02938590453 0.2339250967 0.4280218029 -0.003907380384 0.06294803621 0.2442234647 -0.9847970589 -0.1068758357 -0.1369390686 0.05521047636 0.5548711584 -0.8301022834 0.1647014148 -0.8250427585 -0.5405348191 0.0002505002916 -0.03132442855 0
1.017411972 0.3647014954 -0.02370569894 -0.02974769117 0.2351481123 0.4270125225 -0.00395771119 0.06333777347 0.2440846893 -0.984412765 -0.108793248 -0.1381866029 0.05622617231 0.5498033782 -0.8333995817 0.1666437084 -0.8281788904 -0.5351164359 0.0002545628264 -0.0315285796 0
