0.005928834959 0.005895099888 0.0009983565187 -2.970830932e-06 0.001511844108 0.5099970122 -3.721916162e-07 0.000376436595 0.2549996296 -0.9999999999 -6.74671039e-08 -1.730116755e-05 3.459578096e-08 0.9999826 -0.00589912274 1.730126451e-05 -0.00589912274 -0.9999825999 3.528070176e-08 0.00132781417 0
0.0115617892 0.01149600262 0.001946889683 -1.129757034e-05 0.002948190934 0.5099886378 -1.422355047e-06 0.0007352945111 0.2549985844 -0.9999999978 -5.037788811e-07 -6.579193792e-05 2.530904092e-07 0.9999338328 -0.01150347566 6.579337986e-05 -0.01150347565 -0.9999338307 7.959437322e-08 0.002589363278 0
0.01649062416 0.01639679251 0.002776856202 -2.298281266e-05 0.004204919655 0.5099768857 -2.903080222e-06 0.001049913767 0.2549971106 -0.999999991 -1.463027632e-06 -0.0001338372501 7.329978382e-07 0.9998654009 -0.01640670695 0.0001338432392 -0.0164067069 -0.999865392 8.693756519e-08 0.003693218748 0
0.0221235784 0.02199769523 0.003725389366 -4.13647443e-05 0.005641054908 0.5099583985 -5.237845726e-06 0.001409700623 0.2549947866 -0.999999971 -3.533668255e-06 -0.000240869868 1.768595173e-06 0.9997577633 -0.02200942541 0.0002408892945 -0.02200942519 -0.9997577342 5.628793483e-08 0.004954767857 0
0.02775653263 0.02759859796 0.00467392253 -6.510852986e-05 0.00707701219 0.5099345189 -8.257023868e-06 0.001769512183 0.2549917814 -0.9999999281 -6.978784055e-06 -0.0003791071675 3.491317357e-06 0.99961875 -0.02761076919 0.0003791553225 -0.02761076853 -0.9996186781 1.643441651e-08 0.006216316965 0
0.03338948687 0.03319950069 0.005622455694 -9.421327041e-05 0.008512746202 0.5099052476 -1.195982838e-05 0.002129281404 0.2549880957 -0.9999998495 -1.214785838e-05 -0.0005485318301 6.075798767e-06 0.9994483829 -0.03321038865 0.0005486326856 -0.03321038699 -0.9994482324 1.070936279e-07 0.007477866074 0
0.03831832183 0.03810029058 0.006452422213 -0.0001240767156 0.009768794707 0.5098752132 -1.576018382e-05 0.002444033269 0.2549843128 -0.9999997389 -1.835947911e-05 -0.0007223452042 9.181255172e-06 0.9992736123 -0.03810836651 0.0007225201513 -0.03810836319 -0.9992733513 2.11222697e-07 0.008581721544 0
0.04395127607 0.04370119331 0.007400955377 -0.0001632301173 0.01120398802 0.5098358358 -2.074363293e-05 0.002803696961 0.2549793523 -0.9999995482 -2.770177003e-05 -0.0009501858982 1.38514496e-05 0.9990445319 -0.04370381132 0.0009504886988 -0.04370380473 -0.9990440801 3.528541979e-07 0.009843270652 0
0.04958423031 0.04930209604 0.008349488542 -0.0002077407594 0.01263882789 0.5097910704 -2.640975288e-05 0.003163307443 0.2549737123 -0.9999992682 -3.97707604e-05 -0.00120914242 1.988413123e-05 0.9987841869 -0.04929652808 0.001209632889 -0.04929651604 -0.9987834552 5.173876939e-07 0.01110481976 0
0.05521718455 0.05490299877 0.009298021706 -0.0002576069568 0.01407326906 0.5097409189 -3.275839462e-05 0.003522867663 0.2549673929 -0.9999988747 -5.491432033e-05 -0.001499182338 2.745286159e-05 0.9984926178 -0.05488616834 0.001499936534 -0.05488614773 -0.9984914927 7.041783779e-07 0.01236636887 0
0.06014601951 0.05980378866 0.01012798822 -0.0003056316293 0.01532804246 0.5096926194 -3.887324205e-05 0.003837443173 0.2549613062 -0.9999984161 -7.096007846e-05 -0.001778436906 3.547169258e-05 0.9982119169 -0.05977430629 0.001779498502 -0.0597742747 -0.9982103333 8.856199622e-07 0.01347022434 0
0.06577897375 0.06540469138 0.01107652139 -0.0003655342455 0.01676161415 0.509632374 -4.650129768e-05 0.004196913552 0.2549537132 -0.9999977344 -9.280402317e-05 -0.002126657242 4.638695237e-05 0.9978619288 -0.06535724052 0.002128175712 -0.06535719109 -0.9978596637 1.113421253e-06 0.01473177345 0
0.07141192798 0.07100559411 0.01202505455 -0.0004307864436 0.01819465714 0.5095667484 -5.481155787e-05 0.004556336582 0.2549454412 -0.9999968533 -0.0001187192341 -0.00250584609 5.933496941e-05 0.9974808601 -0.07093609906 0.002507954992 -0.07093602454 -0.9974777143 1.362992858e-06 0.01599332256 0
0.07704488222 0.07660649684 0.01297358772 -0.0005013857536 0.01962712625 0.509495745 -6.380392141e-05 0.004915711709 0.2549364902 -0.9999957375 -0.0001490509911 -0.002915955984 7.448758276e-05 0.9970687702 -0.07651053544 0.002918812618 -0.07651042651 -0.997064509 1.634376895e-06 0.01725487166 0
0.08197371718 0.08150728673 0.01380355424 -0.0005675443569 0.02088003046 0.5094292078 -7.223169646e-05 0.005230124809 0.2549281012 -0.9999945385 -0.0001794850343 -0.003300126807 8.968924808e-05 0.9966827945 -0.08138426778 0.003303786867 -0.08138411928 -0.996677335 1.889805995e-06 0.01835872713 0
0.08760667142 0.08710818946 0.0147520874 -0.0006481621401 0.02231130186 0.5093481287 -8.250272316e-05 0.005589406886 0.2549178775 -0.9999928768 -0.0002190255266 -0.003768072289 0.0001094366942 0.9962127161 -0.08694948087 0.003772845685 -0.08694927388 -0.996205596 2.202381183e-06 0.01962027624 0
0.09323962566 0.09270909219 0.01570062056 -0.0007341188074 0.02374186964 0.5092616802 -9.34555463e-05 0.005948636952 0.254906975 -0.9999908624 -0.0002639704177 -0.004266780868 0.0001318795645 0.9957118137 -0.09250927925 0.00427290383 -0.09250899664 -0.9957026804 2.537148549e-06 0.02088182535 0
0.0988725799 0.09830999492 0.01664915373 -0.0008254111056 0.02517168872 0.5091698654 -0.0001050900498 0.006307813016 0.2548953941 -0.9999884487 -0.0003146614272 -0.004796190162 0.000157187331 0.995180165 -0.0980633191 0.004803930061 -0.09806294024 -0.9951686199 2.894299011e-06 0.02214337446 0
0.1045055341 0.1039108976 0.01759768689 -0.0009220355794 0.02660071406 0.509072688 -0.0001174061119 0.006666932907 0.2548831347 -0.9999855863 -0.0003714391996 -0.005356233962 0.0001855287509 0.9946178527 -0.1036112574 0.005365891204 -0.1036107577 -0.9946034477 3.274045506e-06 0.02340492357 0
0.1094343691 0.1088116875 0.01842765341 -0.001010953175 0.02785042474 0.5089832616 -0.0001287416567 0.006981114913 0.2548718513 -0.9999826726 -0.0004263797236 -0.0058713472 0.0002129481268 0.9941007444 -0.1084604293 0.005882955949 -0.1084598002 -0.9940834284 3.625041584e-06 0.02450877904 0
0.1150673233 0.1144125903 0.01937618658 -0.001117565463 0.02927784054 0.5088760392 -0.000142335291 0.007340123148 0.2548583201 -0.9999788258 -0.0004954843062 -0.006488638969 0.0002474298321 0.9934811772 -0.1139960057 0.006502823913 -0.1139951974 -0.9934600184 4.047795033e-06 0.02577032815 0
0.1207002776 0.120013493 0.02032471974 -0.001229498871 0.0307043333 0.5087634652 -0.0001566100986 0.007699068267 0.254844111 -0.9999743725 -0.0005716484393 -0.00713635368 0.0002854260036 0.9928312105 -0.1195244994 0.007153520656 -0.1195234731 -0.9928056036 4.493857421e-06 0.02703187725 0
0.1263332318 0.1256143957 0.0212732529 -0.001346749163 0.03212985812 0.508645544 -0.0001715659328 0.008057947695 0.2548292239 -0.9999692524 -0.000655208001 -0.007814410406 0.0003271022301 0.9921509453 -0.1250455709 0.00783500553 -0.1250442821 -0.9921202247 4.96350699e-06 0.02829342636 0
0.1312620668 0.1305151856 0.02210321942 -0.001453701193 0.03337636305 0.5085379799 -0.000185210822 0.008371911236 0.2548156418 -0.9999641757 -0.000734652172 -0.008432533486 0.0003667171986 0.9915309419 -0.1298701539 0.00845652726 -0.1298685937 -0.9914951515 5.394028636e-06 0.02939728183 0
0.136895021 0.1361160883 0.02305175259 -0.001580908527 0.03479995209 0.5084100446 -0.0002014431626 0.00873066035 0.2547994841 -0.9999576329 -0.0008329785928 -0.009167250259 0.0004157366081 0.9907941553 -0.1353763976 0.009195623618 -0.1353744732 -0.9907518319 5.908702354e-06 0.03065883094 0
0.1425279752 0.1417169911 0.02400028575 -0.001713419448 0.03622244434 0.5082767754 -0.0002183560709 0.009089336076 0.2547826489 -0.9999502344 -0.0009396581645 -0.009932055444 0.0004689068725 0.9900273865 -0.1408742492 0.009965380533 -0.1408718957 -0.9899776766 6.4478389e-06 0.03192038005 0
0.1481609295 0.1473178938 0.02494881892 -0.001851228945 0.03764379504 0.5081381773 -0.000235949374 0.009447935666 0.2547651365 -0.9999419091 -0.001055021054 -0.01072685359 0.0005263897856 0.9892307546 -0.1463633737 0.01076574992 -0.1463605178 -0.9891727339 7.011767324e-06 0.03318192916 0
0.1530897644 0.1522186837 0.02577878543 -0.001976154648 0.03888650537 0.5080125367 -0.0002519015095 0.009761645671 0.2547492577 -0.9999338062 -0.001163344936 -0.01144682772 0.0005803514239 0.9885093016 -0.151158936 0.01149114566 -0.1511555734 -0.9884431932 7.525809498e-06 0.03428578463 0
0.1587227187 0.1578195864 0.0267273186 -0.002123884764 0.04030559529 0.5078639612 -0.0002707700633 0.01012009501 0.2547304758 -0.999923542 -0.001295873247 -0.01229759251 0.0006463528473 0.987657013 -0.156630798 0.01234877715 -0.1566267709 -0.9875806612 8.137150586e-06 0.03554733374 0
0.1643556729 0.1634204891 0.02767585176 -0.002276897928 0.04172341535 0.5077100724 -0.000290318477 0.01047846019 0.2547110173 -0.9999121316 -0.001438024839 -0.01317805525 0.0007171259195 0.9867752291 -0.1620929762 0.01323687222 -0.1620881837 -0.9866874915 8.774294322e-06 0.03680888285 0
0.1699886272 0.1690213919 0.02862438493 -0.002435188353 0.043139921 0.5075508761 -0.0003105465513 0.01083673837 0.2546908821 -0.9998994933 -0.001590123241 -0.01408810621 0.0007928280231 0.9858640866 -0.1675451406 0.01415537538 -0.1675394706 -0.98576374 9.437613664e-06 0.03807043195 0
0.1749174621 0.1739221818 0.02945435145 -0.002578016776 0.04437825025 0.5074072304 -0.0003288034883 0.01115015819 0.2546727091 -0.9998873615 -0.001731621753 -0.01490858333 0.0008632334925 0.9850428647 -0.1723073114 0.01498396472 -0.1723007726 -0.9849304161 1.003979146e-05 0.03917428742 0
0.1805504164 0.1795230845 0.03040288461 -0.002746185772 0.04579217153 0.507238099 -0.0003503053647 0.01150826559 0.254651306 -0.9998721919 -0.001903235902 -0.01587380375 0.0009485973896 0.9840770592 -0.1777398149 0.01595932691 -0.1777321562 -0.9839494807 1.075323164e-05 0.04043583653 0
0.1861833706 0.1851239872 0.03135141777 -0.002919614282 0.04720465068 0.507063678 -0.0003724862902 0.01186627782 0.2546292269 -0.9998555451 -0.002085716421 -0.01686827667 0.001039335765 0.9830823133 -0.1831613633 0.01696492712 -0.1831524366 -0.9829381345 1.149397715e-05 0.04169738564 0
0.1918163248 0.1907248899 0.03229995094 -0.003098295748 0.04861564338 0.5068839741 -0.0003953460386 0.012224192 0.2546064721 -0.9998373293 -0.002279379287 -0.01789187835 0.001135600988 0.9820587813 -0.1885716323 0.01800070252 -0.1885612752 -0.9818964407 1.226243998e-05 0.04295893475 0
0.1967451598 0.1956256798 0.03312991746 -0.00325894579 0.04984900786 0.5067224047 -0.0004159049824 0.01253728422 0.2545860076 -0.9998200293 -0.002458254121 -0.01881132449 0.001224485524 0.9811397016 -0.193296111 0.01893170826 -0.1932843576 -0.9809601152 1.295791289e-05 0.04406279022 0
0.202378114 0.2012265826 0.03407845062 -0.003447458184 0.05125709425 0.5065328135 -0.0004400368905 0.01289500681 0.2545619865 -0.9997986152 -0.002673728212 -0.01988919663 0.001331519396 0.9800626263 -0.1986843619 0.02002388627 -0.1986708327 -0.9798616965 1.377948869e-05 0.04532433933 0
0.2080110683 0.2068274853 0.03502698379 -0.003641203579 0.05266356714 0.5063379594 -0.0004648469333 0.01325262309 0.2545372903 -0.9997753538 -0.002901281217 -0.02099582195 0.001444510296 0.9789572323 -0.2040604094 0.02114604838 -0.2040448967 -0.9787331223 1.46300177e-05 0.04658588844 0
0.2136440225 0.212428388 0.03597551695 -0.00384017465 0.05406838248 0.5061378497 -0.0004903348581 0.01361013016 0.2545119194 -0.9997501432 -0.003141220674 -0.02213106298 0.001563604989 0.9778236909 -0.2094239354 0.02229812448 -0.2094062137 -0.9775744633 1.550994682e-05 0.04784743754 0
0.2192769768 0.2180292908 0.03692405011 -0.004044363879 0.05547149628 0.505932492 -0.000516500405 0.01396752514 0.2544858739 -0.9997228791 -0.0033938518 -0.02329477878 0.0016889487 0.9766621773 -0.2147746236 0.02348004261 -0.2147544488 -0.9763857918 1.641973131e-05 0.04910898665 0
0.2242058117 0.2229300806 0.03775401663 -0.004227303911 0.05669779052 0.5057485051 -0.0005399509112 0.01428015153 0.254462531 -0.9996972547 -0.003625553302 -0.02433627488 0.001803863562 0.9756230481 -0.2194456974 0.02453864275 -0.2194231606 -0.9753211428 1.724064757e-05 0.05021284212 0
0.2298387659 0.2285309834 0.0387025498 -0.004441256229 0.0580975956 0.5055333284 -0.000567386276 0.01463732855 0.2544352215 -0.9996658506 -0.003902795645 -0.02555298896 0.001941310091 0.9744095742 -0.2247714683 0.0257763142 -0.2247459673 -0.9740763994 1.820766606e-05 0.05147439123 0
0.2354717202 0.2341318861 0.03965108296 -0.00466040399 0.05949557307 0.5053129266 -0.0005954984781 0.01499438516 0.2544072382 -0.9996320794 -0.004193593718 -0.02679775338 0.002085414245 0.9731686561 -0.2300835019 0.02704361038 -0.2300547338 -0.9728018619 1.920589319e-05 0.05273594034 0
0.2411046744 0.2397327888 0.04059961613 -0.004884738913 0.06089167922 0.5050873079 -0.0006242872313 0.01535131847 0.2543785815 -0.9995958272 -0.004498243211 -0.02807041394 0.00223631493 0.9719004854 -0.2353814891 0.02834045212 -0.2353491285 -0.9714976101 2.023581436e-05 0.05399748945 0
0.2460335094 0.2446335787 0.04142958265 -0.005085280408 0.06211170274 0.5048856188 -0.0006500321432 0.01566353169 0.2543529546 -0.9995619799 -0.004776404488 -0.02920675166 0.002374036195 0.9707686343 -0.2400054638 0.0294993616 -0.2399696745 -0.9703320787 2.116338145e-05 0.05510134492 0
0.2516664636 0.2502344814 0.04237811581 -0.005319318265 0.06350418266 0.5046502416 -0.0006800886337 0.016020226 0.2543230359 -0.9995207604 -0.005107813296 -0.03053129007 0.002538048744 0.9694498961 -0.2452762875 0.03085138147 -0.2452362313 -0.9689723335 2.225406205e-05 0.05636289403 0
0.2572994179 0.2558353842 0.04332664897 -0.005558518395 0.06489466605 0.5044096726 -0.0007108208137 0.01637678868 0.2542924446 -0.9994767193 -0.005453908988 -0.03188326253 0.002709247462 0.9681044795 -0.2505321869 0.03223270902 -0.2504874679 -0.9675831132 2.337787142e-05 0.05762444314 0
0.2629323721 0.2614362869 0.04427518214 -0.005802871763 0.06628310954 0.5041639209 -0.0007422283701 0.01673321683 0.254261181 -0.9994297334 -0.005814976893 -0.03326250192 0.00288776438 0.9667325921 -0.2557728607 0.03364325797 -0.2557230562 -0.9661645045 2.453532156e-05 0.05888599224 0
0.2678612071 0.2663370768 0.04510514866 -0.006020900977 0.06749629018 0.503944644 -0.0007702637503 0.01704497882 0.254233274 -0.9993861066 -0.006143415372 -0.03449156991 0.003050072275 0.9655106423 -0.2603457251 0.03490138975 -0.2602911024 -0.9648991839 2.55760937e-05 0.05998984771 0
0.2734941613 0.2719379795 0.04605368182 -0.006274891645 0.06888079219 0.5036891999 -0.0008029367699 0.01740114692 0.2542007507 -0.9993332595 -0.006533315416 -0.03592147297 0.00324266019 0.9640896953 -0.2655570459 0.03636648987 -0.2654964694 -0.9634257123 2.679802213e-05 0.06125139682 0
0.2791271155 0.2775388822 0.04700221499 -0.006534008503 0.07026313003 0.5034286002 -0.0008362842277 0.01775717216 0.254167556 -0.9992771011 -0.006938992178 -0.03737814437 0.003442935419 0.9626428962 -0.2707522865 0.03786055314 -0.2706852505 -0.9619231121 2.805509782e-05 0.06251294593 0
0.2847600698 0.283139785 0.04795074815 -0.006798241769 0.07164326066 0.5031628549 -0.0008703057842 0.01811305164 0.2541336902 -0.9992174994 -0.007360719819 -0.03886140447 0.003651022596 0.9611704679 -0.275931154 0.03938348623 -0.2758571215 -0.9603914772 2.934785613e-05 0.06377449504 0
0.2896889047 0.2880405749 0.04878071467 -0.007033635094 0.07284903059 0.5029261145 -0.0009006273455 0.01842432435 0.2541035074 -0.999162418 -0.007743111477 -0.0401809245 0.003839603573 0.9598612472 -0.2804490034 0.0407396602 -0.2803683831 -0.9590275543 3.050871563e-05 0.06487835051 0
0.295321859 0.2936414776 0.04972924783 -0.007307434592 0.074224907 0.5026507482 -0.0009359118976 0.01877992273 0.2540683844 -0.9990959971 -0.00819566295 -0.04171354333 0.004062667107 0.9583413781 -0.2855963896 0.04231646635 -0.2855076778 -0.9574417385 3.186984091e-05 0.06613989962 0
0.3009548132 0.2992423803 0.050677781 -0.007586321309 0.07559845295 0.5023702655 -0.0009718695338 0.01913536704 0.2540325913 -0.9990257416 -0.008665036574 -0.04327221697 0.004293889684 0.9567965417 -0.2907265732 0.04392186394 -0.2906291365 -0.9558271679 3.326821811e-05 0.06740144873 0
0.3065877675 0.3048432831 0.05162631416 -0.007870284721 0.07696962578 0.5020846771 -0.001008499888 0.01949065437 0.2539961285 -0.9989515112 -0.009151494567 -0.04485675374 0.004533388024 0.9552269754 -0.2958392703 0.04555575268 -0.2957324392 -0.9541839434 3.470440295e-05 0.06866299783 0
0.3115166024 0.3097440729 0.05245628068 -0.008122908766 0.07816742182 0.5018306074 -0.001041102993 0.01980139974 0.2539636745 -0.9988831871 -0.009591363531 -0.04626428627 0.004749827928 0.9538335083 -0.3002983144 0.04700869678 -0.3001826848 -0.9527226974 3.599251931e-05 0.0697668533 0
0.3171495566 0.3153449757 0.05340481384 -0.008416361958 0.07953403035 0.5015354749 -0.001078993683 0.02015638495 0.2539259571 -0.9988011185 -0.01011055028 -0.04789678922 0.005005150517 0.9522182265 -0.3053774674 0.04869572993 -0.3052510867 -0.9510260249 3.750110796e-05 0.07102840241 0
0.3227825109 0.3209458784 0.05435334701 -0.008714860535 0.08089814361 0.5012352681 -0.001117555999 0.02051120488 0.253887571 -0.9987146601 -0.01064755725 -0.04955458742 0.005269072515 0.950578918 -0.3104383311 0.050410956 -0.3103004191 -0.9493009983 3.904912816e-05 0.07228995152 0
0.3284154651 0.3265467811 0.05530188017 -0.00901839324 0.08225971933 0.5009299985 -0.001156789549 0.02086585663 0.2538485168 -0.9986236638 -0.01120263398 -0.05123747759 0.005541702246 0.9489158344 -0.3154806312 0.05215426784 -0.3153303666 -0.9475477256 4.063715332e-05 0.07355150063 0
0.3333443001 0.331447571 0.05613184669 -0.009288104922 0.08344898335 0.5006587433 -0.001191669214 0.02117603668 0.2538137965 -0.9985402014 -0.01170334254 -0.05273042773 0.005787479773 0.9474413336 -0.3198772021 0.05370261924 -0.3197154221 -0.9459905272 4.205994583e-05 0.0746553561 0
0.3389772543 0.3370484737 0.05708037986 -0.009601045621 0.08480568757 0.5003440118 -0.001232160246 0.02153036532 0.2537734904 -0.9984402899 -0.01229296078 -0.05445980736 0.006076720639 0.9457343617 -0.3248839648 0.05549829699 -0.324708177 -0.9441845894 4.372454013e-05 0.07591690521 0
0.3446102086 0.3426493765 0.05802891302 -0.009918987038 0.08615973329 0.5000242509 -0.001273321346 0.02188451749 0.2537325173 -0.9983354034 -0.01290134713 -0.05621367846 0.00637496807 0.9440043571 -0.3298713894 0.0573217427 -0.329680647 -0.9423507249 4.543081052e-05 0.07717845432 0
0.3502431628 0.3482502792 0.05897744618 -0.01024191719 0.08751107864 0.4996994728 -0.001315152094 0.0222384903 0.2536908775 -0.998225386 -0.01352873771 -0.05799182667 0.006682321529 0.9422515847 -0.3348392118 0.05917284244 -0.3346325215 -0.9404890485 4.717934564e-05 0.07844000342 0
0.355876117 0.3538511819 0.05992597935 -0.0105698239 0.08885968187 0.4993696896 -0.001357652064 0.02259228087 0.2536485715 -0.9981100803 -0.0141753651 -0.05979403484 0.006998878123 0.9404763126 -0.3397871703 0.0610514806 -0.339563491 -0.9385996763 4.897073771e-05 0.07970155253 0
0.360804952 0.3587519718 0.06075594587 -0.01086081491 0.09003742758 0.4990770334 -0.001395388169 0.02290169587 0.2536110076 -0.9980047244 -0.01475712433 -0.06139053089 0.007283489109 0.9389047061 -0.3441001359 0.06271778685 -0.3438606986 -0.9369238492 5.057383004e-05 0.080805408 0
0.3664379062 0.3643528746 0.06170447903 -0.01119801924 0.09138077723 0.4987378994 -0.001439141759 0.02325513699 0.2535674536 -0.997879072 -0.01544043496 -0.06323725671 0.007617554979 0.9370879815 -0.3490101543 0.06464774184 -0.3487516422 -0.934982867 5.244718694e-05 0.08206695711 0
0.3720708605 0.3699537773 0.0626530122 -0.01154016411 0.09272126539 0.4983937966 -0.001483563309 0.0236083876 0.2535232347 -0.9977476681 -0.01614363076 -0.06510740307 0.007961089769 0.9352495463 -0.3538995722 0.0666048932 -0.3536207988 -0.933014533 5.436512204e-05 0.08332850622 0
0.3777038147 0.37555468 0.06360154536 -0.01188723664 0.09405885078 0.4980447379 -0.001528652366 0.02396144483 0.2534783512 -0.9976103484 -0.01686693005 -0.06700074238 0.008314181179 0.9333896812 -0.3587681388 0.06858911867 -0.3584678643 -0.9310189703 5.632824011e-05 0.08459005533 0
0.3826326497 0.3804554699 0.06443151188 -0.01219495705 0.09522682443 0.4977352566 -0.001568652495 0.02427020901 0.2534385333 -0.9974852102 -0.01751647684 -0.06867625886 0.008631042625 0.9317449429 -0.3630108351 0.07034742778 -0.3626906869 -0.9292506148 5.808351026e-05 0.0856939108 0
0.3882656039 0.3860563726 0.06538004504 -0.01255123357 0.09655885623 0.4973769412 -0.001614991886 0.0246228959 0.2533924051 -0.9973363491 -0.01827804548 -0.07061246256 0.009002280379 0.9298456638 -0.3678396396 0.07238208178 -0.3674955164 -0.9272043354 6.013298658e-05 0.08695545991 0
0.3938985582 0.3916572754 0.06632857821 -0.01291239968 0.09788786722 0.4970137083 -0.001661997446 0.02497538115 0.2533456136 -0.99718109 -0.01906032414 -0.07257119058 0.009383312912 0.9279257785 -0.3726468879 0.07444344899 -0.372277388 -0.9251311903 6.22294005e-05 0.08821700902 0
0.3995315124 0.3972581781 0.06727711137 -0.01327844179 0.09921381659 0.4966455715 -0.001709668697 0.02532766191 0.2532981595 -0.9970192623 -0.0198635163 -0.07455220546 0.009774218117 0.9259855793 -0.3774323403 0.07653140061 -0.377036003 -0.9230313089 6.43733675e-05 0.08947855812 0
0.4044603473 0.402158968 0.06810707789 -0.01360271766 0.1003714788 0.49631944 -0.001751926734 0.02563573756 0.2532560938 -0.9968721392 -0.020583622 -0.07630368715 0.01012441811 0.9242714733 -0.3816015458 0.07838006332 -0.3811804797 -0.9211720836 6.628883275e-05 0.09058241359 0
0.4100933016 0.4077598707 0.06905561105 -0.013977865 0.1016915781 0.4959421458 -0.001800844841 0.02598762715 0.2532073983 -0.9966975294 -0.02142656167 -0.07832584141 0.01053403547 0.9222939834 -0.3863454959 0.08051750787 -0.3858946884 -0.9190224265 6.852362927e-05 0.0918439627 0
0.4157262558 0.4133607734 0.07000414422 -0.01435784824 0.1030084991 0.4955599881 -0.001850427225 0.02633930401 0.2531580414 -0.9965158513 -0.02229097778 -0.08036958633 0.01095373492 0.9202970359 -0.3910669781 0.08268115739 -0.3905847898 -0.9168464147 7.080776189e-05 0.09310551181 0
0.4213592101 0.4189616762 0.07095267738 -0.01474265311 0.1043222017 0.4951729812 -0.001900673382 0.02669076528 0.2531080238 -0.9963269284 -0.02317705838 -0.08243467516 0.01138358417 0.9182809338 -0.3957657648 0.08487087672 -0.3952504908 -0.9146441842 7.314185515e-05 0.09436706092 0
0.426288045 0.423862466 0.0717826439 -0.01508330123 0.1054690196 0.4948303836 -0.001945182867 0.0269981148 0.2530637166 -0.996155538 -0.02397029526 -0.08425894083 0.01176807944 0.9165013722 -0.3998584088 0.08680815901 -0.3993127342 -0.9126958331 7.52256627e-05 0.09547091639 0
0.4319209993 0.4294633688 0.07273117707 -0.01547710749 0.1067765792 0.4944343238 -0.001996672213 0.02734916415 0.2530124613 -0.9959525502 -0.02489748934 -0.08636337645 0.01221713269 0.9144501818 -0.4045140377 0.08904638924 -0.4039319002 -0.9104448147 7.765512285e-05 0.0967324655 0
0.4375539535 0.4350642715 0.07367971023 -0.01587569329 0.1080808051 0.4940334571 -0.002048823841 0.02769998971 0.2529605466 -0.9957418022 -0.02584686568 -0.08848843389 0.01267651537 0.9123807232 -0.4091463332 0.09131029162 -0.4085258322 -0.9081679774 8.013635069e-05 0.09799401461 0
0.4431869077 0.4406651742 0.07462824339 -0.01627904364 0.1093816576 0.4936277985 -0.002101637223 0.02805058863 0.252907973 -0.9955231121 -0.02681859631 -0.09063385769 0.01314628465 0.9102933095 -0.4137550796 0.09359972473 -0.413094243 -0.9058654635 8.266997847e-05 0.09925556371 0
0.4481157427 0.4455659641 0.07545820991 -0.01663587172 0.1105171052 0.4932689285 -0.002148391353 0.02835717454 0.2528614311 -0.9953250994 -0.02768733018 -0.09252760786 0.01356589589 0.9084523419 -0.4177682479 0.09562380947 -0.4170704427 -0.9038298141 8.493038546e-05 0.1003594192 0
0.4537486969 0.4511668669 0.07640674308 -0.01704811462 0.1118115258 0.4928543265 -0.002202444065 0.02870734085 0.2528076237 -0.9950910235 -0.02870142418 -0.09471052266 0.01405528454 0.9063321153 -0.4223322693 0.09796072595 -0.4215902335 -0.9014795456 8.75639733e-05 0.1016209683 0
0.4593816512 0.4567677696 0.07735527624 -0.01746507804 0.1131024595 0.492434977 -0.002257156967 0.02905727234 0.252753159 -0.994848476 -0.02973834356 -0.09691305761 0.0145552087 0.9041948477 -0.4268721392 0.1003227577 -0.4260836869 -0.8991040185 9.025178836e-05 0.1028825174 0
0.4650146054 0.4623686723 0.07830380941 -0.0178867463 0.1143898669 0.4920108957 -0.0023125295 0.02940696618 0.2526980375 -0.9945972703 -0.03079824391 -0.09913494916 0.01506571471 0.9020408615 -0.4313876545 0.1027097571 -0.4305505224 -0.896703381 9.299446933e-05 0.1041440665 0
0.4706475597 0.467969575 0.07925234257 -0.01831310358 0.1156737091 0.4915820986 -0.002368561101 0.02975641953 0.2526422598 -0.9943372188 -0.03188127646 -0.1013759318 0.01558684607 0.8998704813 -0.4358786151 0.1051215752 -0.4349904609 -0.8942777831 9.579265637e-05 0.1054056156 0
0.4755763946 0.4728703649 0.08008230909 -0.01869000008 0.1167941158 0.4912030453 -0.002418128946 0.03006199172 0.2525929166 -0.9941022692 -0.03284802115 -0.1033522421 0.01605158413 0.8979582074 -0.4397879085 0.1072521566 -0.438853125 -0.8921350288 9.82871067e-05 0.1065094711 0
0.4812093489 0.4784712677 0.08103084225 -0.01912510599 0.1180711684 0.4907654494 -0.002475394757 0.03041098652 0.2525359101 -0.9938251226 -0.03397481901 -0.1056282982 0.01659274526 0.8957579711 -0.4442323019 0.1097101021 -0.4432418853 -0.8896630399 0.000101191098 0.1077710202 0
0.4868423031 0.4840721704 0.08197937542 -0.01956485443 0.1193445441 0.4903231845 -0.002533317979 0.0307597327 0.2524782491 -0.9935385851 -0.03512515953 -0.1079226713 0.01714464077 0.8935422862 -0.4486515843 0.112192429 -0.4476029557 -0.8871665305 0.0001041524435 0.1090325693 0
0.4924752573 0.4896730731 0.08292790858 -0.02000922892 0.1206142047 0.489876267 -0.002591898021 0.03110822743 0.2524199342 -0.9932424653 -0.03629917689 -0.1102350888 0.01770730296 0.8913114854 -0.4530455688 0.114698982 -0.4519360638 -0.8846456566 0.0001071717886 0.1102941184 0
0.4974040923 0.494573863 0.0837578751 -0.02040183829 0.1217220798 0.4894814109 -0.002643693888 0.03141295184 0.2523683726 -0.9929753487 -0.03734596658 -0.1122730402 0.01820848757 0.889347398 -0.4568694088 0.1169119659 -0.4557043827 -0.8824200291 0.0001098618015 0.1113979739 0
0.5030370465 0.5001747657 0.08470640826 -0.02085484154 0.1229846711 0.4890258153 -0.002703503856 0.03176096749 0.252308833 -0.9926607428 -0.03856472417 -0.1146185493 0.01879141413 0.8870891585 -0.4612154676 0.1194635198 -0.4599843333 -0.8798538973 0.000112991639 0.112659523 0
0.5086700008 0.5057756685 0.08565494143 -0.02131242246 0.1242434374 0.4885656159 -0.002763968914 0.03210872359 0.2522486412 -0.9923359989 -0.03980751948 -0.1169813087 0.01938518385 0.8848167705 -0.4655357101 0.1220388456 -0.4642355481 -0.8772638577 0.0001161813378 0.1139210721 0
0.514302955 0.5113765712 0.08660347459 -0.02177456389 0.1254983408 0.4881008298 -0.002825088444 0.03245621733 0.2521877978 -0.9920009226 -0.04107446926 -0.1193610389 0.0199898176 0.8825305738 -0.4698299623 0.1246377825 -0.4684577615 -0.8746500722 0.0001194315473 0.1151826212 0
0.51923179 0.5162773611 0.08743344111 -0.02218266507 0.1265931828 0.4876903933 -0.002879104417 0.03276005691 0.2521340257 -0.9916991011 -0.04220295286 -0.1214570034 0.02052779816 0.8805190929 -0.4735659791 0.1269310932 -0.4721282006 -0.8723436592 0.0001223256297 0.1162864767 0
0.5248647442 0.5218782638 0.08838197428 -0.02265331065 0.1278407418 0.4872170544 -0.002941449403 0.03310705112 0.2520719621 -0.9913441235 -0.04351549112 -0.1238677954 0.02115284778 0.8782079273 -0.4778110437 0.1295738621 -0.476295327 -0.8696857914 0.0001256910509 0.1175480258 0
0.5304976984 0.5274791665 0.08933050744 -0.02312846649 0.1290843299 0.4867391794 -0.003004447055 0.03345377489 0.2520092487 -0.9909782494 -0.04485249409 -0.1262947462 0.02178880473 0.8758839397 -0.4820296382 0.1322397713 -0.4804326986 -0.8670046511 0.0001291188556 0.1188095749 0
0.5361306527 0.5330800693 0.0902790406 -0.02360811482 0.13032391 0.4862567863 -0.003068096734 0.03380022541 0.251945886 -0.9906012813 -0.04621406076 -0.1287375704 0.02243567822 0.8735474765 -0.4862216024 0.1349286544 -0.484540057 -0.8643004057 0.0001326096968 0.120071124 0
0.5410594876 0.5379808592 0.09110900712 -0.02403147822 0.1314052254 0.4858310002 -0.003124324558 0.03410314328 0.2518899116 -0.990262178 -0.04742565577 -0.1308878373 0.02301065242 0.8714931106 -0.4898676026 0.1373001407 -0.4881091736 -0.8619153705 0.0001357164065 0.1211749795 0
0.5466924419 0.5435817619 0.09205754029 -0.02451950141 0.1326371905 0.4853401842 -0.003189195034 0.03444907392 0.2518253333 -0.9898638745 -0.04883352999 -0.1333596501 0.02367800868 0.8691341938 -0.4940092156 0.1400316458 -0.4921595671 -0.8591682598 0.0001393272041 0.1224365286 0
0.5523253961 0.5491826646 0.09300607345 -0.025011965 0.1338650413 0.4848449025 -0.003254715655 0.03479472329 0.2517601077 -0.9894539063 -0.05026622657 -0.1358465081 0.02435629102 0.8667638048 -0.4981237576 0.1427856379 -0.4961792148 -0.8563985336 0.00014300292 0.1236980777 0
0.5579583504 0.5547835673 0.09395460662 -0.02550885057 0.1350887413 0.4843451735 -0.003320885755 0.03514008858 0.2516942354 -0.9890320739 -0.05172382641 -0.1383481208 0.02504549684 0.864382295 -0.5022110822 0.145561945 -0.5001678656 -0.853606365 0.0001467442101 0.1249596268 0
0.5628871853 0.5596843572 0.09478457313 -0.02594723824 0.1361560453 0.4839042771 -0.003379316839 0.03544204798 0.2516360672 -0.9886530812 -0.05301971474 -0.1405489058 0.0256575082 0.8622896289 -0.5057650523 0.1480093826 -0.503632312 -0.8511449448 0.0001500721464 0.1260634823 0
0.5685201396 0.56528526 0.0957331063 -0.02645236481 0.1373718645 0.4833962599 -0.003446702893 0.03578687313 0.2515689841 -0.9882084645 -0.05452420987 -0.1430773957 0.02636717779 0.8598882198 -0.5098009625 0.1508270618 -0.5075621735 -0.8483111679 0.0001539381581 0.1273250314 0
0.5741530938 0.5708861627 0.09668163946 -0.02696185949 0.1385834288 0.4828838496 -0.003514736471 0.03613140619 0.2515012562 -0.9877514082 -0.05605381457 -0.1456197979 0.0270877462 0.8574767075 -0.5138092547 0.1536665535 -0.511460327 -0.8454554538 0.0001578716331 0.1285865805 0
0.579786048 0.5764870654 0.09763017263 -0.02747570324 0.1397907021 0.4823670654 -0.003583416883 0.0364756444 0.2514328843 -0.9872817113 -0.05760859143 -0.1481758171 0.02781919885 0.8550554478 -0.5177897965 0.1565276805 -0.5153265289 -0.8425779809 0.0001618732294 0.1298481296 0
0.584714883 0.5813878553 0.09846013915 -0.02792886902 0.1408435183 0.4819113063 -0.0036440423 0.03677660879 0.251372531 -0.9868601993 -0.05898971579 -0.1504232713 0.02846813459 0.8529291304 -0.5212499054 0.1590487738 -0.5186830554 -0.8400424844 0.0001654310249 0.1309519851 0
0.5903478372 0.586988758 0.09940867231 -0.02845081541 0.14204265 0.4813863731 -0.003713933635 0.03712028667 0.2513029532 -0.9863662593 -0.06059184252 -0.1530040233 0.0292199451 0.8504905574 -0.5251780713 0.1619499841 -0.5224886988 -0.8371246994 0.0001695621245 0.1322135342 0
0.5959807915 0.5925896608 0.1003572055 -0.02897705523 0.1432373886 0.4808571218 -0.003784469777 0.03746366174 0.2512327333 -0.9858591003 -0.06221929473 -0.1555975379 0.02998258063 0.8480432658 -0.5290781267 0.1648723121 -0.5262617017 -0.834185676 0.0001737632404 0.1334750833 0
0.6016137457 0.5981905635 0.1013057386 -0.02950756885 0.1444276989 0.4803235723 -0.003855650008 0.03780673122 0.2511618721 -0.9853385206 -0.06387211648 -0.158203516 0.03075601454 0.845587615 -0.5329499535 0.1678155753 -0.5300018284 -0.8312255979 0.0001780350324 0.1347366324 0
0.6072466999 0.6037914662 0.1022542718 -0.03004233647 0.1456135458 0.4797857444 -0.003927473604 0.03814949237 0.2510903702 -0.9848043188 -0.065550347 -0.1608216578 0.03154021706 0.8431239651 -0.5367934372 0.1707795898 -0.5337088453 -0.8282446499 0.0001823781608 0.1359981815 0
0.6121755349 0.6086922561 0.1030842383 -0.03051373205 0.1466474731 0.4793116512 -0.003990846436 0.03844915326 0.251027281 -0.9843255593 -0.06703966903 -0.1631222733 0.03223520209 0.8409619932 -0.5401331481 0.1733899796 -0.5369251425 -0.8256193471 0.0001862374357 0.137102037 0
0.6178084891 0.6142931588 0.1040327715 -0.03105642199 0.1478248574 0.4787658557 -0.004063874366 0.03879132883 0.2509545798 -0.9837652725 -0.06876563001 -0.1657624106 0.03303950459 0.838484318 -0.5439231928 0.1763924028 -0.5405694559 -0.8225997712 0.0001907161007 0.1383635861 0
0.6234414434 0.6198940616 0.1049813047 -0.03160330814 0.1489976788 0.47821584 -0.004137543542 0.03913318814 0.25088124 -0.9831907839 -0.07051708574 -0.1684138446 0.03385447263 0.8359996824 -0.5476845859 0.1794150415 -0.5441799993 -0.8195598644 0.0001952680022 0.1396251352 0
0.6290743976 0.6254949643 0.1059298378 -0.0321543701 0.1501659029 0.4776616245 -0.004211853215 0.03947472845 0.2508072624 -0.9826018921 -0.07229405676 -0.1710762726 0.0346800643 0.833508449 -0.5514172273 0.182457707 -0.547756547 -0.8164998165 0.0001998938018 0.1408866843 0
0.6340032326 0.6303957542 0.1067598043 -0.03263995864 0.151184301 0.4771732572 -0.004277398993 0.03977331237 0.2507420093 -0.9820746383 -0.07386984936 -0.1734146769 0.03541113634 0.8313234925 -0.5546596274 0.185136318 -0.5508579637 -0.8138059029 0.0002040025162 0.1419905398 0
0.6396361868 0.6359966569 0.1077083375 -0.03319879477 0.1523438134 0.4766112231 -0.004352907556 0.04011424715 0.2506668378 -0.9814581979 -0.07569470003 -0.1760968998 0.03625652334 0.828820866 -0.5583381025 0.1882160202 -0.5543701692 -0.8107086068 0.0002087686583 0.1432520889 0
0.6452691411 0.6415975596 0.1086568707 -0.03376174726 0.153498631 0.4760450491 -0.004429054426 0.04045485505 0.2505910306 -0.980826776 -0.07754509804 -0.1787892423 0.0371123959 0.8263126852 -0.5619875588 0.1913151992 -0.5578477427 -0.8075917227 0.0002136106016 0.144513638 0
0.6509020953 0.6471984624 0.1096054038 -0.03432879513 0.1546487203 0.4754747562 -0.004505838827 0.04079513334 0.2505145884 -0.980180172 -0.07942104516 -0.1814913992 0.03797869992 0.8237993139 -0.5656079108 0.1944336616 -0.5612904667 -0.8044554452 0.0002185290083 0.1457751871 0
0.6558309303 0.6520992523 0.1104353703 -0.03482830492 0.1556511435 0.474972388 -0.00457354754 0.0410926043 0.2504471814 -0.9796017818 -0.08108345481 -0.1838635972 0.03874522806 0.821596142 -0.5687517795 0.1971779813 -0.5642740937 -0.8016954477 0.0002228958588 0.1468790426 0
0.6614638845 0.657700155 0.1113839035 -0.03540297462 0.1567922774 0.4743944297 -0.004651525204 0.04143225722 0.2503695508 -0.9789261715 -0.08300729429 -0.1865833321 0.03963093427 0.8190740187 -0.5723173429 0.2003320738 -0.5676508971 -0.7985233367 0.00022795942 0.1481405917 0
0.6670968387 0.6633010577 0.1123324367 -0.03598167862 0.1579285877 0.473812414 -0.004730138138 0.04177157268 0.2502912877 -0.978234804 -0.08495666086 -0.1893120018 0.04052689885 0.8165477506 -0.5758535763 0.2035048862 -0.5709922387 -0.7953323988 0.0002331013496 0.1494021408 0
0.672729793 0.6689019604 0.1132809698 -0.03656439539 0.1590600415 0.4732263626 -0.004809385541 0.04211054798 0.2502123926 -0.9775274801 -0.08693153745 -0.1920492995 0.04143305553 0.8140177016 -0.5793604088 0.2066962205 -0.5742979098 -0.7921228334 0.0002383223103 0.1506636899 0
0.6776586279 0.6738027503 0.1141109364 -0.03707754725 0.1600460542 0.4727102742 -0.004879246849 0.0424068702 0.2501428417 -0.9768953263 -0.08868046353 -0.1944512714 0.04223424882 0.8118010931 -0.5824047162 0.2095036748 -0.5771609486 -0.789299341 0.0002429560023 0.1517675454 0
0.6832915822 0.6794036531 0.1150594695 -0.03766772943 0.1611683146 0.4721167147 -0.004959681706 0.04274520038 0.250062764 -0.976157549 -0.09070310848 -0.1972039191 0.04315932609 0.809264935 -0.5858562431 0.2127291991 -0.5803991826 -0.7860553904 0.0002483269331 0.1530290945 0
0.6889245364 0.6850045558 0.1160080027 -0.03826186169 0.1622856254 0.4715191825 -0.005040748699 0.04308318262 0.2499820567 -0.9754032455 -0.09275118734 -0.1999643117 0.04409438742 0.806726041 -0.5892781854 0.2159726689 -0.5836011583 -0.7827933918 0.000253778801 0.1542906436 0
0.6945574906 0.6906054585 0.1169565358 -0.03885992196 0.1633979547 0.4709176997 -0.005122447003 0.0434208142 0.2499007206 -0.9746322187 -0.09482466423 -0.2027321418 0.04503935441 0.8041847742 -0.5926704864 0.2192338816 -0.5867666759 -0.7795135491 0.0002593122688 0.1555521927 0
0.6994863256 0.6955062484 0.1177865024 -0.03938642943 0.1643671314 0.4703881793 -0.005194450239 0.04371595206 0.2498290364 -0.9739436975 -0.09665975896 -0.2051598524 0.04587426222 0.8019595046 -0.595614393 0.2221018373 -0.5895064411 -0.77662921 0.0002642215119 0.1566560481 0
0.7051192798 0.7011071511 0.1187350355 -0.03999179473 0.1654700348 0.4697793498 -0.005277330008 0.0440529189 0.2497465236 -0.9731407858 -0.09878074364 -0.2079407987 0.04683758009 0.7994147661 -0.598950977 0.2253957679 -0.5926030682 -0.7733164626 0.0002699097667 0.1579175973 0
0.7107522341 0.7067080539 0.1196835687 -0.04060102381 0.166567866 0.4691666343 -0.005360838683 0.04438952734 0.2496633845 -0.972320588 -0.1009269963 -0.2107282981 0.04781056082 0.7968686964 -0.6022577778 0.2287068527 -0.5956626748 -0.7699864631 0.0002756815275 0.1591791464 0
0.7163851883 0.7123089566 0.1206321019 -0.04121409404 0.1676605936 0.4685500558 -0.005444975414 0.04472577469 0.2495796197 -0.9714829099 -0.1030984623 -0.2135220431 0.04879311393 0.7943216568 -0.6055347534 0.2320348849 -0.5986850696 -0.7666394195 0.0002815374572 0.1604406955 0
0.7213140233 0.7172097465 0.1214620684 -0.04175366358 0.1686125195 0.4680073985 -0.005519109585 0.04501969281 0.2495058131 -0.9707354502 -0.1050191313 -0.2159714514 0.04966062678 0.7920924852 -0.6083776106 0.2349606519 -0.6012989914 -0.7636969393 0.0002867309615 0.1615445509 0
0.7269469775 0.7228106492 0.1224106015 -0.04237387459 0.1696955948 0.4673836383 -0.005604421614 0.04535525591 0.2494208777 -0.9698644759 -0.1072377084 -0.2187760781 0.05066087354 0.7895445987 -0.6115985632 0.2383198992 -0.6042511071 -0.7603185025 0.0002927464942 0.1628061001 0
0.7325799318 0.7284115519 0.1233591347 -0.04299786103 0.1707734781 0.4667560811 -0.005690359222 0.04569045022 0.2493353192 -0.9689754675 -0.1094813151 -0.2215860667 0.0516704154 0.7869967776 -0.6147895902 0.2416954933 -0.6071654747 -0.7569236255 0.0002988481011 0.1640676492 0
0.738212886 0.7340124547 0.1243076679 -0.04362559976 0.1718461392 0.4661247501 -0.005776921538 0.04602527308 0.2492491384 -0.9680682344 -0.1117498783 -0.2244011104 0.05268914996 0.7844493804 -0.6179506639 0.2450872235 -0.6100419119 -0.7535125205 0.0003050364446 0.1653291983 0
0.7438458402 0.7396133574 0.125256201 -0.04425706754 0.1729135478 0.4654896687 -0.005864107682 0.04635972183 0.2491623363 -0.9671425866 -0.1140433198 -0.2272209024 0.05371697178 0.7819027648 -0.6210817606 0.2484948776 -0.6128802392 -0.7500854006 0.0003113121871 0.1665907474 0
0.7487746752 0.7445141473 0.1260861676 -0.04481264244 0.1738431982 0.4649309145 -0.005940906594 0.0466520555 0.2490858754 -0.9663173906 -0.1160704243 -0.2296918747 0.05462368503 0.779675398 -0.6237968634 0.2514894704 -0.6153323739 -0.7470737018 0.0003168756769 0.1676946028 0
0.7544076294 0.75011505 0.1270347007 -0.04545103904 0.174900678 0.4642888646 -0.00602926002 0.0469857956 0.2489979105 -0.9653567074 -0.118410286 -0.2325197446 0.0556682506 0.777131209 -0.6268717012 0.2549264077 -0.6180987689 -0.7436171317 0.0003233170773 0.168956152 0
0.7600405837 0.7557159527 0.1279832339 -0.0460930971 0.17595282 0.4636431323 -0.006118234708 0.04731915396 0.2489093267 -0.9643770699 -0.1207747755 -0.2353514831 0.05672158332 0.774588825 -0.6299165137 0.2583786543 -0.6208265505 -0.7401451649 0.0003298477801 0.1702177011 0
0.7656735379 0.7613168555 0.128931767 -0.04673879288 0.1769995949 0.4629937415 -0.006207829755 0.04765212791 0.248820125 -0.9633782926 -0.1231637963 -0.2381867853 0.05778356597 0.7720485996 -0.6329312912 0.2618459947 -0.6235155485 -0.7366580183 0.000336468447 0.1714792502 0
0.7706023729 0.7662176454 0.1297617336 -0.04730674198 0.1779110973 0.4624225423 -0.006286733593 0.04794316271 0.2487415673 -0.9624885168 -0.1252742336 -0.2406703585 0.05871980203 0.7698279504 -0.6355445788 0.2648921288 -0.6258364748 -0.733594484 0.0003423358492 0.1725831056 0
