0.006983844773 0.004982554215 0.003684886017 -2.957766858e-06 0.001780869494 0.5099958542 -3.701102382e-07 0.0004435595469 0.2549994856 -0.9999999999 -7.93130306e-08 -1.722504578e-05 4.03829914e-08 0.9999758565 -0.00694884116 1.722518104e-05 -0.00694884116 -0.9999758564 3.429960479e-08 0.004900898403 0
0.01371567014 0.009785307706 0.007236799037 -1.140786256e-05 0.00349741315 0.5099840101 -1.435484012e-06 0.0008727411312 0.2549980046 -0.9999999978 -6.037221532e-07 -6.643359446e-05 3.029169605e-07 0.9999068828 -0.01364645257 6.643564702e-05 -0.01364645256 -0.9999068806 6.605559753e-08 0.009624942719 0
0.02044749551 0.0145880612 0.01078871206 -2.535379203e-05 0.005213837224 0.5099644626 -3.201713866e-06 0.001302641272 0.2549955494 -0.9999999891 -2.001669946e-06 -0.00014764033 1.002212222e-06 0.9997930569 -0.02034314015 0.0001476504971 -0.02034314008 -0.999793046 5.263999729e-08 0.01434898704 0
0.02717932088 0.01939081469 0.01434062508 -4.479498307e-05 0.006930083031 0.5099372127 -5.668172028e-06 0.001732653527 0.2549921207 -0.999999966 -4.701700835e-06 -0.000260832468 2.352524023e-06 0.9996343943 -0.02703845063 0.0002608642329 -0.02703845032 -0.9996343602 6.115135957e-09 0.01907303135 0
0.03465912685 0.02472720746 0.0182871951 -7.284038852e-05 0.008836742369 0.5098979026 -9.228708201e-06 0.002210387141 0.254987171 -0.99999991 -9.749801919e-06 -0.0004240934102 4.876834497e-06 0.9994055426 -0.03447551832 0.0004241774343 -0.03447551729 -0.9994054526 9.859513301e-08 0.02432196948 0
0.04139095222 0.02952996095 0.02183910812 -0.0001038797937 0.01055241915 0.5098543959 -1.317058718e-05 0.002640269203 0.2549816912 -0.999999817 -1.660483562e-05 -0.0006047456473 8.304463584e-06 0.999152303 -0.04116643406 0.0006049165681 -0.04116643154 -0.99915212 2.144549802e-07 0.0290460138 0
0.04812277758 0.03433271444 0.02539102114 -0.0001404112385 0.01226773516 0.5098031912 -1.781073059e-05 0.003070080832 0.2549752407 -0.9999996657 -2.609334493e-05 -0.0008173113264 1.304863146e-05 0.998854314 -0.04785456409 0.0008176236299 -0.04785455875 -0.9988539797 3.552856811e-07 0.03377005811 0
0.05485460295 0.03913546793 0.02894293416 -0.0001824332243 0.01398263174 0.5097442907 -2.314895166e-05 0.003499828581 0.2549678197 -0.9999994356 -3.864240921e-05 -0.001061756985 1.93227652e-05 0.998511616 -0.05453945638 0.001062284219 -0.05453944611 -0.9985110517 5.199645374e-07 0.03849410243 0
0.06158642832 0.04393822142 0.03249484718 -0.000229944027 0.0156970503 0.5096776968 -2.918511759e-05 0.003929517293 0.2549594285 -0.9999991033 -5.467855356e-05 -0.001338044142 2.733997857e-05 0.9981242559 -0.06122065935 0.001338881771 -0.06122064104 -0.9981233594 7.079279204e-07 0.04321814674 0
0.06831825369 0.04874097491 0.0360467602 -0.0002829416974 0.01741093223 0.5096034121 -3.591911971e-05 0.004359149712 0.2549500672 -0.9999986423 -7.462767158e-05 -0.001646129306 3.731302836e-05 0.9976922862 -0.06789772197 0.00164739756 -0.06789769121 -0.9976909289 9.188918555e-07 0.04794219106 0
0.07505007906 0.05354372841 0.03959867322 -0.0003414240612 0.01912421896 0.5095214397 -4.335085893e-05 0.004788726879 0.2549397359 -0.9999980231 -9.891494821e-05 -0.001985963981 4.945427081e-05 0.9972157659 -0.07457019378 0.001987810699 -0.07457014457 -0.9972137896 1.152726237e-06 0.05266623538 0
0.08178190443 0.0583464819 0.04315058623 -0.0004053887193 0.02083685196 0.509431783 -5.148023831e-05 0.005218248582 0.2549284348 -0.9999972129 -0.0001279647827 -0.002357494672 6.397561803e-05 0.9966947598 -0.08123762498 0.002360098141 -0.08123754939 -0.9966919737 1.409391898e-06 0.05739027969 0
0.0885137298 0.06314923539 0.04670249925 -0.0004748330477 0.02254877271 0.5093344457 -6.03071592e-05 0.005647713702 0.254916164 -0.9999961762 -0.0001622007118 -0.0027606629 8.108849455e-05 0.9961293388 -0.08789956652 0.002764234682 -0.08789945426 -0.9961255167 1.688907205e-06 0.06211432401 0
0.09524555517 0.06795198888 0.05025441227 -0.0005497541976 0.02425992273 0.5092294318 -6.983151891e-05 0.006077120474 0.2549029236 -0.9999948743 -0.0002020453327 -0.003195405207 0.000101003794 0.9955195799 -0.09455557009 0.00320019296 -0.09455540817 -0.9955144567 1.991329407e-06 0.06683836832 0
0.1019773805 0.07275474237 0.05380632529 -0.0006301490958 0.02597024357 0.5091167455 -8.005320951e-05 0.00650646666 0.2548887139 -0.9999932654 -0.0002479202269 -0.003661653165 0.0001239318357 0.994865566 -0.1012051883 0.003667943462 -0.1012049605 -0.9948588353 2.316743784e-06 0.07156241264 0
0.1087092059 0.07755749586 0.05735823831 -0.0007160144445 0.02767967683 0.5089963915 -9.097211703e-05 0.006935749679 0.2548735349 -0.9999913049 -0.0003002458834 -0.004159333392 0.0001500823217 0.9941673862 -0.1078479745 0.004167454518 -0.107847661 -0.9941586968 2.66525709e-06 0.07628645696 0
0.1154410313 0.08236024935 0.06091015133 -0.0008073467219 0.02938816414 0.5088683747 -0.000102588121 0.007364966694 0.2548573869 -0.9999889449 -0.0003594416228 -0.004688367563 0.0001796642933 0.9934251355 -0.1144834834 0.00469869231 -0.1144830601 -0.9934140885 3.036993427e-06 0.08101050127 0
0.1221728566 0.08716300285 0.06446206435 -0.0009041421818 0.03109564717 0.5087327005 -0.000114901094 0.007794114675 0.2548402699 -0.9999861349 -0.0004259255208 -0.005248672419 0.0002128860887 0.9926389147 -0.1211112702 0.005261620875 -0.1211107084 -0.992625061 3.432091585e-06 0.08573454559 0
0.1296526626 0.09249939561 0.06840863437 -0.001018095293 0.03299160181 0.508572977 -0.0001293994443 0.008270860933 0.254820115 -0.9999824193 -0.0005088512029 -0.005907801455 0.0002543205866 0.9917138965 -0.128465882 0.005924218819 -0.128465126 -0.9916963321 3.898674123e-06 0.09098348372 0
0.136384488 0.09730214911 0.07196054739 -0.00112641083 0.03469677339 0.5084211555 -0.0001431833465 0.008699852612 0.2548009532 -0.999978479 -0.0005920881175 -0.006533826677 0.0002959072143 0.9908352085 -0.1350759124 0.00655392236 -0.1350749388 -0.9908137095 4.343604065e-06 0.09570752803 0
0.1431163134 0.1021049026 0.07551246041 -0.001240176463 0.03640075956 0.5082616948 -0.0001576637761 0.009128765039 0.2547808232 -0.9999739118 -0.0006839050872 -0.007190832179 0.0003417768639 0.9899129026 -0.1416768452 0.007215191069 -0.1416756068 -0.9898868438 4.812405145e-06 0.1004315723 0
0.1498481387 0.1069076561 0.07906437343 -0.001359387529 0.03810350218 0.5080946015 -0.000172840576 0.009557594762 0.2547597251 -0.9999686545 -0.0007847142768 -0.007878714583 0.0003921345329 0.9889471042 -0.148268241 0.007907980178 -0.148266683 -0.9889157975 5.30526287e-06 0.1051556167 0
0.1565799641 0.1117104096 0.08261628645 -0.001484039139 0.0398049432 0.5079198823 -0.0001887135821 0.009986338278 0.2547376592 -0.9999626415 -0.0008949262219 -0.008597365661 0.0004471842978 0.9879379446 -0.1548496617 0.008632242782 -0.1548477213 -0.9879006365 5.822372412e-06 0.109879661 0
0.1633117895 0.1165131631 0.08616819947 -0.001614126181 0.04150502461 0.5077375446 -0.0002052826224 0.01041499204 0.2547146257 -0.9999558038 -0.001014949754 -0.009346672346 0.000507129272 0.9868855607 -0.1614206703 0.009387929849 -0.1614182761 -0.9868414295 6.36393825e-06 0.1146037053 0
0.1700436148 0.1213159166 0.08972011249 -0.001749643323 0.04320368849 0.5075475957 -0.000222547518 0.01084355247 0.2546906249 -0.9999480697 -0.001145191925 -0.01012651676 0.0005721715642 0.9857900957 -0.1679808318 0.01017499022 -0.1679779026 -0.9857382481 6.93017386e-06 0.1193277496 0
0.1767754402 0.1261186701 0.09327202551 -0.001890585009 0.04490087694 0.5073500434 -0.0002405080821 0.01127201595 0.254665657 -0.9999393647 -0.001286057936 -0.01093677622 0.0006425122359 0.9846516982 -0.1745297123 0.0109933706 -0.1745261567 -0.9845911672 7.521301493e-06 0.1240517939 0
0.1835072656 0.1309214235 0.09682393853 -0.00203694546 0.04659653217 0.5071448959 -0.0002591641206 0.01170037886 0.2546397222 -0.999929611 -0.00143795106 -0.01177732327 0.0007183512608 0.9834705227 -0.1810668798 0.01184301559 -0.1810625949 -0.9834002642 8.137551945e-06 0.1287758382 0
0.1902390909 0.135724177 0.1003758516 -0.002188718677 0.04829059642 0.5069321615 -0.0002785154321 0.01212863754 0.254612821 -0.9999187284 -0.001601272574 -0.01264802572 0.0007998874824 0.9822467296 -0.1875919038 0.01272386767 -0.1875867749 -0.98216562 8.779164385e-06 0.1334998826 0
0.1969709163 0.1405269305 0.1039277646 -0.00234589844 0.04998301204 0.506711849 -0.0002985618075 0.01255678834 0.2545849535 -0.9999066335 -0.00177642168 -0.0135487466 0.0008873185738 0.9809804849 -0.1941043557 0.01363586719 -0.1940982549 -0.980887318 9.446386177e-06 0.1382239269 0
0.2037027417 0.145329684 0.1074796776 -0.002508478305 0.05167372144 0.5064839674 -0.0003193030303 0.01298482756 0.2545561201 -0.9998932403 -0.001963795435 -0.01447934427 0.000980840996 0.9796719604 -0.2006038085 0.01457895243 -0.2005965941 -0.9795654448 1.013947273e-05 0.1429479712 0
0.210434567 0.1501324375 0.1110315906 -0.00267645161 0.0533626671 0.506248526 -0.0003407388766 0.01341275154 0.2545263211 -0.9998784599 -0.00216378868 -0.01543967239 0.001080649957 0.9783213335 -0.2070898373 0.01555305952 -0.2070813524 -0.9782000899 1.085868734e-05 0.1476720155 0
0.217914373 0.1554688303 0.1149781606 -0.002869405875 0.05523713495 0.5059780698 -0.0003653708837 0.01388808294 0.2544920789 -0.9998602984 -0.002401281406 -0.01654138884 0.001199157715 0.9767714804 -0.214280277 0.01667170411 -0.2142701775 -0.9766321443 1.168878867e-05 0.1529209536 0
0.2246461984 0.1602715838 0.1185300737 -0.003048742459 0.05692216865 0.505726701 -0.0003882723882 0.01431575145 0.2544602424 -0.9998422845 -0.002629202043 -0.0175639797 0.001312873443 0.9753325787 -0.220736579 0.01771108267 -0.2207248247 -0.9751753018 1.246406196e-05 0.157644998 0
0.2313780237 0.1650743373 0.1220819867 -0.003233450344 0.0586052602 0.5054678034 -0.0004118677715 0.01474329318 0.2544274413 -0.9998225888 -0.002870955604 -0.018615816 0.001433474575 0.9738521626 -0.2271781471 0.01878127104 -0.2271645284 -0.9736752749 1.326633149e-05 0.1623690423 0
0.2381098491 0.1698770908 0.1256338997 -0.003423521965 0.06028635244 0.5052013877 -0.000436156779 0.01517070442 0.2543936761 -0.9998011108 -0.003126927062 -0.01969673239 0.001561150745 0.9723304326 -0.2336045645 0.01988219676 -0.2335888526 -0.972132165 1.409589162e-05 0.1670930866 0
0.2448416745 0.1746798442 0.1291858127 -0.003618949534 0.0619653883 0.5049274648 -0.0004611391484 0.01559798145 0.2543589469 -0.9997777474 -0.003397498813 -0.02080655897 0.00169609013 0.9707675948 -0.2400154167 0.0210137853 -0.2399973624 -0.9705460766 1.495304391e-05 0.1718171309 0
0.2515734999 0.1794825977 0.1327377257 -0.003819725047 0.06364231078 0.5046460459 -0.0004868146101 0.01602512055 0.2543232543 -0.9997523927 -0.003683050601 -0.02194512129 0.001838479412 0.9691638604 -0.2464102913 0.02217596004 -0.2463896239 -0.9689171172 1.583809704e-05 0.1765411752 0
0.2583053252 0.1842853512 0.1362896387 -0.004025840281 0.06531706301 0.5043571425 -0.000513182887 0.01645211799 0.2542865985 -0.9997249384 -0.003983959451 -0.02311224043 0.001988503736 0.9675194466 -0.2527887781 0.02336864231 -0.2527652044 -0.967245397 1.675136664e-05 0.1812652195 0
0.2650371506 0.1890881047 0.1398415518 -0.004237286794 0.0669895882 0.5040607664 -0.0005402436945 0.01687897006 0.2542489801 -0.9996952731 -0.004300599599 -0.02430773297 0.002146346671 0.9658345756 -0.2591504695 0.02459175136 -0.2591236721 -0.9655310292 1.769317523e-05 0.1859892639 0
0.271768976 0.1938908582 0.1433934648 -0.004454055928 0.06865982965 0.5037569299 -0.0005679967406 0.01730567301 0.2542103994 -0.9996632829 -0.004633342427 -0.02553141106 0.002312190175 0.9641094751 -0.2654949599 0.02584520438 -0.2654645967 -0.9637741298 1.866385201e-05 0.1907133082 0
0.2785008013 0.1986936117 0.1469453778 -0.004676138807 0.0703277308 0.5034456453 -0.0005964417256 0.01773222314 0.2541708568 -0.9996288514 -0.004982556389 -0.02678308245 0.002486214554 0.9623443783 -0.2718218466 0.02712891651 -0.2717875488 -0.9619748179 1.966373282e-05 0.1954373525 0
0.2852326267 0.2034963652 0.1504972908 -0.004903526339 0.07199323516 0.5031269254 -0.0006255783425 0.0181586167 0.2541303527 -0.9995918595 -0.00534860695 -0.02806255051 0.002668598424 0.9605395235 -0.2781307291 0.02844280084 -0.2780921003 -0.9601332151 2.069315998e-05 0.2001613968 0
0.2919644521 0.2082991187 0.1540492038 -0.005136209217 0.07365628638 0.5028007832 -0.0006554062771 0.01858484997 0.2540888876 -0.9995521855 -0.005731856514 -0.02936961425 0.002859518674 0.9586951542 -0.2844212095 0.02978676842 -0.2843778245 -0.9582494463 2.175248217e-05 0.2048854411 0
0.2986962774 0.2131018722 0.1576011169 -0.005374177915 0.07531682818 0.5024672321 -0.0006859252072 0.01901091921 0.254046462 -0.9995097051 -0.006132664363 -0.03070406838 0.003059150429 0.9568115195 -0.2906928926 0.03116072826 -0.2906442957 -0.9563236389 2.284205433e-05 0.2096094854 0
0.3054281028 0.2179046257 0.1611530299 -0.005617422695 0.07697480444 0.5021262857 -0.0007171348036 0.01943682071 0.2540030763 -0.9994642915 -0.006551386585 -0.03206570333 0.003267667012 0.9548888732 -0.2969453859 0.03256458734 -0.2968910898 -0.9543559234 2.396223753e-05 0.2143335297 0
0.3129079088 0.2232410184 0.1650995999 -0.005893870555 0.07881392318 0.5017388 -0.0007526217638 0.01990984333 0.2539537445 -0.9994102344 -0.007038073213 -0.0336102496 0.003509981091 0.9527071607 -0.30386962 0.0341593821 -0.3038083795 -0.9521205833 2.524323402e-05 0.2195824679 0
0.3196397341 0.2280437719 0.1686515129 -0.00614822078 0.08046629945 0.5013822875 -0.0007852883184 0.02033537845 0.2539083334 -0.9993582008 -0.007495769311 -0.03502855902 0.0037378154 0.9507030141 -0.3100803246 0.03562604722 -0.3100122456 -0.9500648359 2.642925312e-05 0.2243065122 0
0.3263715595 0.2328465254 0.1722034259 -0.006407815415 0.08211593628 0.5010184242 -0.0008186444669 0.02076073423 0.2538619638 -0.9993028235 -0.007972466501 -0.03647337028 0.003975061846 0.948660679 -0.3162706358 0.03712230927 -0.3161951233 -0.947967604 2.764704448e-05 0.2290305565 0
0.3331033849 0.2376492789 0.175755339 -0.006672643842 0.08376277802 0.5006472249 -0.0008526898496 0.02118590694 0.253814636 -0.9992439655 -0.008468507074 -0.03794445661 0.004221885962 0.9465804302 -0.3224401726 0.03864806694 -0.3223565939 -0.9458290296 2.889699312e-05 0.2337546008 0
0.3398352103 0.2424520324 0.179307252 -0.006942695228 0.08540676915 0.5002687048 -0.0008874240988 0.02161089286 0.2537663507 -0.9991814874 -0.008984229802 -0.03944158712 0.004478451299 0.9444625475 -0.328588557 0.04020321695 -0.3284962404 -0.9436492576 3.017948961e-05 0.2384786451 0
0.3465670356 0.2472547859 0.182859165 -0.00721795853 0.08704785428 0.4998828794 -0.0009228468399 0.02203568826 0.2537171083 -0.9991152475 -0.009519969877 -0.04096452686 0.004744919383 0.9423073158 -0.3347154139 0.04178765401 -0.334613647 -0.9414284355 3.149492992e-05 0.2432026895 0
0.353298861 0.2520575394 0.186411078 -0.007498422492 0.08868597817 0.4994897644 -0.0009589576907 0.02246028943 0.2536669094 -0.9990451015 -0.01007605885 -0.04251303688 0.005021449687 0.9401150246 -0.3408203714 0.04340127083 -0.3407083996 -0.9391667137 3.284371537e-05 0.2479267338 0
0.3600306864 0.2568602929 0.189962991 -0.007784075648 0.09032108568 0.4990893759 -0.0009957562613 0.02288469265 0.2536157544 -0.9989709029 -0.01065282456 -0.04408687426 0.005308199593 0.9378859683 -0.3469030607 0.04504395819 -0.3467800857 -0.9368642452 3.422625242e-05 0.2526507781 0
0.3667625117 0.2616630464 0.1935149041 -0.008074906319 0.09195312185 0.4986817303 -0.001033242155 0.02330889419 0.253563644 -0.998892503 -0.01125059109 -0.0456857921 0.005605324359 0.9356204461 -0.3529631159 0.04671560487 -0.352828294 -0.9345211861 3.564295267e-05 0.2573748224 0
0.3734943371 0.2664657999 0.1970668171 -0.00837090262 0.09358203181 0.4982668443 -0.001071414967 0.02373289034 0.2535105788 -0.9988097507 -0.01186967869 -0.04730953964 0.005912977085 0.9333187619 -0.3590001746 0.04841609769 -0.3588526151 -0.9321376948 3.709423267e-05 0.2620988667 0
0.3802261625 0.2712685534 0.2006187301 -0.008672052454 0.09520776088 0.4978447347 -0.001110274285 0.02415667739 0.2534565593 -0.9987224927 -0.01251040375 -0.04895786226 0.006231308683 0.9309812243 -0.3650138776 0.05014532153 -0.3648526413 -0.9297139328 3.858051385e-05 0.266822911 0
0.3869579878 0.2760713068 0.2041706431 -0.008978343514 0.09683025449 0.4974154189 -0.001149819691 0.02458025163 0.253401586 -0.9986305735 -0.01317307869 -0.0506305015 0.006560467839 0.9286081464 -0.3710038689 0.05190315931 -0.3708279662 -0.9272500642 4.01022224e-05 0.2715469554 0
0.3936898132 0.2808740603 0.2077225561 -0.009289763289 0.09844945823 0.4969789144 -0.001190050757 0.02500360934 0.2533456596 -0.9985338353 -0.01385801194 -0.05232719516 0.006900600982 0.9261998459 -0.376969796 0.05368949203 -0.3767781853 -0.9247462558 4.165978917e-05 0.2762709997 0
0.4011696192 0.2862104531 0.2116691262 -0.00964178494 0.100244649 0.4964854999 -0.001235555583 0.02547374835 0.2532824021 -0.9984205019 -0.01464552437 -0.05424029871 0.007291572661 0.9234830383 -0.3835699558 0.05570757899 -0.3833596049 -0.9219176096 4.343300459e-05 0.2815199378 0
0.4079014445 0.2910132066 0.2152210392 -0.009963989972 0.1018567295 0.4960338782 -0.00127723272 0.02589663678 0.2532244656 -0.9983130626 -0.01537844194 -0.05598689608 0.007655343646 0.9210014428 -0.3894839382 0.05755366819 -0.3892555021 -0.9193300437 4.506770735e-05 0.2862439821 0
0.4146332699 0.2958159601 0.2187729522 -0.01029128346 0.1034653518 0.4955751241 -0.001319594144 0.02631929717 0.2531655778 -0.9982003 -0.01613455118 -0.05775670842 0.008030529405 0.9184856418 -0.3953727815 0.05942786978 -0.395125046 -0.9167030742 4.673963746e-05 0.2909680264 0
0.4213650953 0.3006187136 0.2223248652 -0.01062365205 0.1050704621 0.4951092565 -0.001362639395 0.0267417258 0.2531057396 -0.9980820476 -0.01691414349 -0.05954945848 0.008417266762 0.9159359714 -0.4012361473 0.06133005687 -0.4009678391 -0.914036879 4.844924386e-05 0.2956920707 0
0.4280969206 0.3054214671 0.2258767782 -0.01096108216 0.1066720069 0.4946362943 -0.001406368011 0.02716391899 0.2530449514 -0.997958137 -0.01771750599 -0.06136486545 0.008815690125 0.9133527717 -0.4070737011 0.06326010067 -0.406783486 -0.9113316384 5.019697966e-05 0.3004161151 0
0.434828746 0.3102242206 0.2294286913 -0.01130356003 0.1082699326 0.494156257 -0.00145077952 0.02758587303 0.2529832139 -0.9978283978 -0.01854492143 -0.06320264501 0.009225931454 0.9107363871 -0.4128851117 0.06521787053 -0.4125715928 -0.9085875358 5.1983302e-05 0.3051401594 0
0.4415605714 0.3150269741 0.2329806043 -0.01165107168 0.1098641861 0.4936691639 -0.001495873442 0.02800758424 0.2529205278 -0.9976926577 -0.01939666821 -0.06506250941 0.009648120238 0.9080871662 -0.4186700519 0.06720323389 -0.4183317677 -0.9058047568 5.3808672e-05 0.3098642037 0
0.4482923968 0.3198297275 0.2365325173 -0.01200360293 0.111454714 0.4931750351 -0.001541649291 0.02842904891 0.2528568939 -0.9975507421 -0.02027302027 -0.06694416748 0.01008238346 0.9054054618 -0.4244281981 0.06921605634 -0.4240636207 -0.9029834899 5.567355465e-05 0.314588248 0
0.4550242221 0.324632481 0.2400844303 -0.0123611394 0.1130414636 0.4926738907 -0.001588106574 0.02885026338 0.2527923127 -0.997402475 -0.02117424703 -0.0688473247 0.01052884557 0.9026916306 -0.4301592303 0.0712562016 -0.4297667638 -0.9001239262 5.757841871e-05 0.3193122923 0
0.4617560475 0.3294352345 0.2436363433 -0.0127236665 0.1146243819 0.4921657511 -0.001635244788 0.02927122395 0.252726785 -0.9972476782 -0.02210061341 -0.07077168324 0.01098762845 0.8999460334 -0.4358628327 0.07332353157 -0.4354408109 -0.8972262591 5.952373663e-05 0.3240363366 0
0.4684878729 0.334237988 0.2471882564 -0.01309116946 0.1162034164 0.4916506371 -0.001683063425 0.02969192694 0.2526603114 -0.9970861719 -0.0230523797 -0.07271694199 0.0114588514 0.897169035 -0.441538693 0.07541790627 -0.4410853778 -0.8942906848 6.150998447e-05 0.328760381 0
0.4752196982 0.3390407415 0.2507401694 -0.0134636333 0.1177785147 0.4911285696 -0.00173156197 0.03011236867 0.2525928928 -0.9969177742 -0.02402980156 -0.07468279667 0.01194263112 0.8943610038 -0.447186503 0.07753918392 -0.4467000823 -0.8913174022 6.353764182e-05 0.3334844253 0
0.4819515236 0.343843495 0.2542920824 -0.01384104281 0.1193496245 0.49059957 -0.001780739899 0.03053254547 0.2525245298 -0.9967423017 -0.02503312996 -0.0766689398 0.01243908163 0.8915223123 -0.4528059584 0.07968722089 -0.4522845444 -0.8883066125 6.56071917e-05 0.3382084696 0
0.488683349 0.3486462485 0.2578439954 -0.01422338264 0.1209166937 0.4900636597 -0.001830596682 0.03095245367 0.2524552232 -0.9965595693 -0.02606261113 -0.07867506081 0.01294831431 0.8886533366 -0.4583967588 0.08186187176 -0.4578383859 -0.8852585195 6.771912048e-05 0.3429325139 0
0.4961631549 0.3539826413 0.2617905654 -0.01465396817 0.1226530797 0.4894601254 -0.00188678864 0.03141869883 0.25237711 -0.996347791 -0.0272374456 -0.08092713344 0.01352925192 0.8854305295 -0.4645747914 0.08430918522 -0.4639729507 -0.8818282499 7.011600734e-05 0.348181452 0
0.5028949803 0.3587853947 0.2653424785 -0.01504666501 0.1242114486 0.4889096981 -0.001938076784 0.03183802793 0.2523058137 -0.9961491161 -0.02832292517 -0.08297439637 0.01406582275 0.8824988723 -0.47010413 0.08653953533 -0.4694609167 -0.8787020863 7.231901459e-05 0.3529054964 0
0.5096268057 0.3635881482 0.2688943915 -0.01544424304 0.1257656161 0.488352429 -0.001990042084 0.03225707701 0.2522335762 -0.9959425943 -0.02943529274 -0.08504065164 0.01461550488 0.8795381245 -0.4756039052 0.08879603542 -0.4749170992 -0.8755392698 7.456593453e-05 0.3576295407 0
0.516358631 0.3683909017 0.2724463045 -0.01584668608 0.1273155308 0.4877883409 -0.002042683981 0.03267584242 0.2521603982 -0.9957280337 -0.03057477457 -0.08712557641 0.01517839844 0.8765486769 -0.4810738335 0.09107853273 -0.480341129 -0.8723400144 7.685726652e-05 0.362353585 0
0.5230904564 0.3731936552 0.2759982175 -0.01625397772 0.1288611418 0.4872174567 -0.002096001906 0.03309432051 0.2520862805 -0.9955052408 -0.03174159196 -0.08922884503 0.01575460077 0.8735309239 -0.4865136355 0.09338687273 -0.4857326387 -0.8691045367 7.91935129e-05 0.3670776293 0
0.5298222818 0.3779964087 0.2795501305 -0.01666610141 0.1304023979 0.4866397996 -0.002149995284 0.03351250762 0.2520112239 -0.9952740208 -0.03293596118 -0.09135012904 0.01634420637 0.8704852632 -0.4919230361 0.09572089914 -0.4910912634 -0.8658330558 8.15751789e-05 0.3718016736 0
0.5365541072 0.3827991622 0.2831020436 -0.01708304035 0.1319392486 0.4860553931 -0.002204663533 0.0339304001 0.2519352292 -0.995034177 -0.03415809346 -0.09348909727 0.01694730691 0.8674120958 -0.4973017644 0.09808045394 -0.4964166403 -0.8625257931 8.400277257e-05 0.3765257179 0
0.5432859325 0.3876019157 0.2866539566 -0.01750477759 0.1334716433 0.4854642611 -0.002260006063 0.0343479943 0.2518582973 -0.9947855116 -0.03540819495 -0.09564541584 0.01756399119 0.8643118259 -0.5026495538 0.1004653774 -0.5017084088 -0.8591829727 8.647680475e-05 0.3812497622 0
0.5500177579 0.3924046692 0.2902058696 -0.01793129598 0.1349995317 0.4848664275 -0.002316022277 0.0347652866 0.2517804289 -0.9945278255 -0.03668646664 -0.09781874825 0.01819434512 0.8611848608 -0.5079661419 0.102875508 -0.5069662106 -0.8558048207 8.899778895e-05 0.3859738066 0
0.5567495833 0.3972074227 0.2937577826 -0.01836257816 0.1365228636 0.4842619167 -0.002372711572 0.03518227333 0.251701625 -0.9942609179 -0.03799310437 -0.1000087554 0.01883845171 0.858031611 -0.513251271 0.1053106826 -0.5121896899 -0.8523915659 9.156624133e-05 0.3906978509 0
0.5634814086 0.4020101762 0.2973096956 -0.01879860659 0.1380415891 0.4836507533 -0.002430073335 0.03559895088 0.2516218863 -0.993984587 -0.03932829875 -0.1022150958 0.01949639103 0.8548524901 -0.5185046874 0.1077707364 -0.517378493 -0.8489434394 9.418268063e-05 0.3954218952 0
0.570213234 0.4068129297 0.3008616087 -0.01923936356 0.1395556586 0.483032962 -0.002488106948 0.0360153156 0.2515412138 -0.9936986295 -0.04069223515 -0.1044374253 0.02016824019 0.8516479145 -0.523726142 0.1102555028 -0.5225322686 -0.8454606747 9.684762808e-05 0.4001459395 0
0.5769450594 0.4116156832 0.3044135217 -0.01968483115 0.1410650226 0.4824085681 -0.002546811786 0.03643136388 0.2514596083 -0.993402841 -0.04208509367 -0.1066753975 0.02085407336 0.8484183035 -0.52891539 0.1127648135 -0.5276506677 -0.8419435074 9.956160738e-05 0.4048699838 0
0.5844248653 0.4169520759 0.3083600917 -0.02018529792 0.1427365148 0.4817070841 -0.002612825851 0.03689326419 0.2513678423 -0.9930624068 -0.04366684764 -0.1091799554 0.02163259764 0.844800998 -0.5346431562 0.1155815165 -0.5332958655 -0.837995485 0.0001026352864 0.410118922 0
0.5911566907 0.4217548294 0.3119120047 -0.02064065048 0.1442357833 0.4810688348 -0.002672945629 0.03730863251 0.2512842701 -0.9927451873 -0.04512133139 -0.1114498029 0.02234818261 0.8415199243 -0.5397636295 0.1181420833 -0.538338446 -0.8344064751 0.0001054545078 0.4148429663 0
0.5978885161 0.4265575829 0.3154639177 -0.02110065674 0.1457301936 0.4804240627 -0.002733734638 0.03772367312 0.2511997676 -0.9924174933 -0.04660526335 -0.1137342004 0.02307796305 0.8382151375 -0.5448511639 0.1207266604 -0.54334458 -0.8307838111 0.0001083244055 0.4195670106 0
0.6046203414 0.4313603364 0.3190158308 -0.02156529802 0.1472196971 0.4797727938 -0.002795192223 0.03813838241 0.2511143358 -0.9920791158 -0.04811880155 -0.1160327923 0.02382200071 0.8348870683 -0.5499055333 0.1233350731 -0.5483139285 -0.8271277384 0.0001112455125 0.4242910549 0
0.6113521668 0.4361630899 0.3225677438 -0.02203455545 0.1487042455 0.4791150546 -0.00285731772 0.03855275677 0.2510279756 -0.9917298446 -0.04966209853 -0.1183452208 0.02458035426 0.8315361494 -0.5549265162 0.1259671445 -0.5532461551 -0.8234385043 0.0001142183643 0.4290150992 0
0.6180839922 0.4409658434 0.3261196568 -0.02250840999 0.1501837906 0.4784508718 -0.00292011046 0.03896679259 0.250940688 -0.9913694686 -0.05123530135 -0.1206711259 0.02535307928 0.8281628166 -0.5599138957 0.1286226967 -0.5581409259 -0.8197163587 0.0001172434983 0.4337391435 0
0.6248158175 0.4457685969 0.3296715698 -0.02298684242 0.1516582845 0.4777802725 -0.002983569765 0.03938048628 0.2508524739 -0.9909977757 -0.05283855157 -0.1230101458 0.02614022827 0.8247675075 -0.5648674597 0.1313015497 -0.5629979095 -0.8159615536 0.0001203214541 0.4384631879 0
0.6315476429 0.4505713504 0.3332234828 -0.02346983332 0.1531276795 0.4771032836 -0.003047694952 0.03979383423 0.2507633342 -0.990614553 -0.05447198519 -0.1253619165 0.02694185062 0.8213506624 -0.5697870007 0.1340035222 -0.567816777 -0.8121743432 0.0001234527733 0.4431872322 0
0.6382794683 0.4553741039 0.3367753959 -0.02395736312 0.154591928 0.4764199328 -0.003112485329 0.04020683287 0.25067327 -0.9902195867 -0.05613573265 -0.1277260726 0.02775799256 0.8179127236 -0.5746723157 0.1367284314 -0.5725972023 -0.8083549839 0.0001266379995 0.4479112765 0
0.6450112937 0.4601768573 0.3403273089 -0.02444941205 0.156050983 0.4757302477 -0.003177940197 0.04061947859 0.2505822821 -0.9898126621 -0.05782991878 -0.1301022464 0.02858869721 0.8144541358 -0.5795232067 0.1394760926 -0.5773388617 -0.8045037342 0.0001298776782 0.4526353208 0
0.651743119 0.4649796108 0.3438792219 -0.02494596017 0.1575047973 0.4750342563 -0.00324405885 0.04103176782 0.2504903716 -0.9893935637 -0.05955466279 -0.1324900686 0.02943400451 0.8109753456 -0.5843394803 0.1422463199 -0.5820414341 -0.800620855 0.0001331723568 0.4573593651 0
0.6584749444 0.4697823643 0.3474311349 -0.02544698734 0.1589533242 0.4743319868 -0.003310840577 0.04144369698 0.2503975395 -0.9889620754 -0.06131007825 -0.1348891685 0.03029395125 0.8074768017 -0.5891209479 0.1450389257 -0.5867046012 -0.7967066091 0.0001365225847 0.4620834094 0
0.6652067698 0.4745851178 0.3509830479 -0.02595247329 0.1603965172 0.4736234676 -0.003378284656 0.0418552625 0.2503037867 -0.9885179803 -0.06309627304 -0.1372991733 0.03116857102 0.8039589547 -0.5938674258 0.1478537211 -0.5913280473 -0.7927612614 0.0001399289129 0.4668074537 0
0.6719385951 0.4793878713 0.354534961 -0.02646239754 0.16183433 0.4729087274 -0.00344639036 0.04226646079 0.2502091143 -0.9880610609 -0.06491334935 -0.1397197089 0.03205789422 0.8004222571 -0.5985787348 0.1506905153 -0.5959114594 -0.7887850792 0.0001433918943 0.4715314981 0
0.6794184011 0.4847242641 0.358481531 -0.02703416033 0.1634255336 0.4721073106 -0.003522838452 0.04272291276 0.2501028454 -0.9875380664 -0.06696865924 -0.1424210869 0.03306330883 0.796471037 -0.6037720636 0.1538680764 -0.6009568087 -0.7843312624 0.0001473067711 0.4767804362 0
0.6861502265 0.4895270176 0.362033444 -0.0275533863 0.1648518373 0.4713795325 -0.003592338502 0.04313332412 0.250006235 -0.9870533564 -0.0688512397 -0.1448626189 0.03398375799 0.7928960377 -0.6084085614 0.1567506802 -0.6054546888 -0.7802908715 0.000150891177 0.4815044805 0
0.6928820518 0.4943297711 0.365585357 -0.02807698578 0.1662726182 0.4706456243 -0.00366249787 0.04354335717 0.2499087082 -0.9865551416 -0.07076498295 -0.1473135082 0.03491898458 0.7893036068 -0.6130093644 0.1596546806 -0.6099115785 -0.7762204902 0.0001545339671 0.4862285248 0
0.6996138772 0.4991325246 0.36913727 -0.02860493758 0.1676878313 0.4699056156 -0.003733315799 0.04395300838 0.249810266 -0.9860432023 -0.07270996753 -0.1497733751 0.03586900577 0.7856942035 -0.6175743137 0.1625798809 -0.614327176 -0.7721203942 0.0001582357012 0.4909525691 0
0.7063457026 0.503935278 0.3726891831 -0.02913722035 0.1690974314 0.4691595364 -0.003804791527 0.0443622742 0.2497109095 -0.9855173181 -0.07468626618 -0.1522418382 0.03683383543 0.7820682889 -0.6221032551 0.1655260832 -0.6187011824 -0.7679908611 0.0001619969407 0.4956766135 0
0.7130775279 0.5087380315 0.3762410961 -0.02967381257 0.1705013738 0.4684074168 -0.003876924282 0.04477115107 0.2496106398 -0.9849772686 -0.07669394586 -0.1547185152 0.0378134842 0.7784263252 -0.6265960394 0.1684930879 -0.6230333016 -0.7638321704 0.0001658182485 0.5004006578 0
0.7198093533 0.513540785 0.3797930091 -0.03021469256 0.1718996139 0.4676492872 -0.003949713288 0.04517963547 0.2495094579 -0.9844228328 -0.07873306764 -0.1572030224 0.03880795945 0.7747687761 -0.6310525223 0.1714806942 -0.6273232402 -0.7596446036 0.000169700189 0.5051247021 0
0.7265411787 0.5183435385 0.3833449221 -0.03075983847 0.1732921075 0.4668851782 -0.004023157759 0.04558772386 0.2494073651 -0.9838537895 -0.08080368679 -0.1596949754 0.03981726527 0.7710961063 -0.6354725645 0.1744886998 -0.6315707079 -0.7554284444 0.0001736433283 0.5098487464 0
0.7332730041 0.523146292 0.3868968351 -0.03130922826 0.1746788106 0.4661151207 -0.004097256904 0.04599541271 0.2493043622 -0.983269917 -0.0829058527 -0.1621939885 0.04084140247 0.767408782 -0.6398560316 0.1775169011 -0.6357754171 -0.751183978 0.0001776482337 0.5145727907 0
0.7400048294 0.5279490455 0.3904487481 -0.03186283977 0.1760596795 0.4653391459 -0.004172009925 0.0464026985 0.2492004506 -0.9826709937 -0.08503960888 -0.1646996752 0.04188036856 0.7637072702 -0.6442027942 0.180565093 -0.6399370831 -0.746911492 0.0001817154742 0.519296835 0
0.7467366548 0.532751799 0.3940006612 -0.03242065064 0.1774346707 0.4645572849 -0.004247416015 0.04680957771 0.2490956312 -0.9820567977 -0.08720499296 -0.1672116479 0.04293415778 0.7599920393 -0.6485127279 0.1836330692 -0.6440554241 -0.7426112755 0.0001858456201 0.5240208794 0
0.7534684802 0.5375545525 0.3975525742 -0.03298263836 0.178803741 0.4637695695 -0.004323474362 0.04721604682 0.2489899053 -0.981427107 -0.08940203667 -0.1697295186 0.04400276104 0.7562635583 -0.6527857132 0.186720622 -0.6481301614 -0.7382836197 0.000190039243 0.5287449237 0
0.7602003055 0.542357306 0.4011044872 -0.03354878026 0.1801668473 0.4629760313 -0.004400184147 0.04762210233 0.248883274 -0.9807816994 -0.09163076583 -0.1722528981 0.04508616597 0.7525222973 -0.6570216357 0.1898275423 -0.6521610191 -0.7339288176 0.0001942969159 0.533468968 0
0.7676801115 0.5476936987 0.4050510572 -0.03418267124 0.1816743634 0.4620875319 -0.004486180267 0.04807278577 0.2487637342 -0.9800458762 -0.09414431753 -0.1750626403 0.04630729 0.7483509242 -0.6616846146 0.1933021351 -0.6565879543 -0.729058669 0.0001991034827 0.5387179061 0
0.7744119369 0.5524964522 0.4086029702 -0.03475750792 0.1830247396 0.4612818066 -0.004564262585 0.04847795661 0.2486551951 -0.9793665589 -0.09643999636 -0.1775963692 0.04742188734 0.7445842299 -0.6658419401 0.1964492501 -0.6605252847 -0.7246475284 0.0002034982602 0.5434419504 0
0.7811437622 0.5572992057 0.4121548833 -0.03533642723 0.18436902 0.4604703588 -0.004642993745 0.04888270297 0.2485457543 -0.9786708336 -0.0987674031 -0.1801343928 0.04855122663 0.7408062224 -0.6699618789 0.199615074 -0.6644178963 -0.7202101647 0.000207958879 0.5481659947 0
0.7878755876 0.5621019592 0.4157067963 -0.03591940584 0.1857071628 0.4596532212 -0.004722372899 0.04928702135 0.2484354128 -0.9779584784 -0.1011265392 -0.1826763194 0.04969528189 0.7370173746 -0.6740443372 0.2027993924 -0.6682655256 -0.7157468783 0.0002124859174 0.5528900391 0
0.794607413 0.5669047127 0.4192587093 -0.03650642029 0.1870391265 0.4588304268 -0.004802399193 0.04969090827 0.2483241719 -0.9772292712 -0.1035174001 -0.1852217575 0.05085402377 0.7332181595 -0.6780892263 0.2060019899 -0.672067912 -0.7112579713 0.0002170799551 0.5576140834 0
0.8013392383 0.5717074662 0.4228106223 -0.03709744693 0.1883648698 0.4580020087 -0.004883071762 0.05009436026 0.2482120327 -0.9764829904 -0.1059399755 -0.1877703146 0.05202741963 0.729409051 -0.6820964624 0.2092226495 -0.6758247983 -0.7067437478 0.0002217415728 0.5623381277 0
0.8080710637 0.5765102197 0.4263625353 -0.03769246199 0.1896843517 0.4571680001 -0.004964389739 0.05049737383 0.2480989965 -0.9757194146 -0.1083942489 -0.1903215983 0.0532154335 0.7255905228 -0.6860659668 0.2124611532 -0.6795359299 -0.7022045132 0.0002264713526 0.567062172 0
0.8148028891 0.5813129732 0.4299144484 -0.03829144152 0.1909975315 0.4563284347 -0.005046352246 0.05089994553 0.2479850645 -0.9749383226 -0.110880198 -0.1928752159 0.05441802607 0.7217630492 -0.6899976661 0.2157172818 -0.6832010557 -0.697640575 0.0002312698776 0.5717862163 0
0.8215347145 0.5861157267 0.4334663614 -0.03889436143 0.1923043687 0.4554833463 -0.005128958402 0.05130207189 0.2478702379 -0.9741394934 -0.1133977944 -0.1954307745 0.05563515472 0.7179271045 -0.6938914916 0.2189908147 -0.6868199275 -0.6930522421 0.0002361377322 0.5765102606 0
0.8282665398 0.5909184802 0.4370182744 -0.03950119749 0.1936048232 0.4546327687 -0.005212207316 0.05170374946 0.2477545179 -0.9733227066 -0.1159470039 -0.197987881 0.05686677352 0.7140831631 -0.6977473799 0.2222815305 -0.6903923004 -0.6884398251 0.000241075502 0.581234305 0
0.8349983652 0.5957212337 0.4405701874 -0.0401119253 0.1948988552 0.4537767362 -0.00529609809 0.05210497477 0.2476379059 -0.9724877421 -0.1185277863 -0.2005461424 0.0581128332 0.7102316995 -0.7015652726 0.2255892063 -0.6939179324 -0.6838036364 0.0002460837734 0.5859583493 0
0.8417301906 0.6005239872 0.4441221004 -0.04072652033 0.1961864251 0.4529152832 -0.005380629822 0.0525057444 0.247520403 -0.9716343803 -0.1211400955 -0.2031051657 0.05937328119 0.7063731879 -0.7053451161 0.2289136181 -0.6973965849 -0.6791439897 0.0002511631341 0.5906823936 0
0.8484620159 0.6053267406 0.4476740135 -0.0413449579 0.1974674935 0.4520484443 -0.005465801601 0.05290605489 0.2474020105 -0.9707624018 -0.1237838793 -0.205664558 0.06064806158 0.7025081026 -0.7090868624 0.232254541 -0.7008280224 -0.6744612007 0.0002563141731 0.5954064379 0
0.8551938413 0.6101294941 0.4512259265 -0.04196721317 0.1987420216 0.4511762542 -0.005551612509 0.05330590282 0.2472827297 -0.9698715882 -0.1264590797 -0.2082239263 0.06193711517 0.6986369175 -0.712790468 0.2356117486 -0.7042120125 -0.6697555862 0.00026153748 0.6001304822 0
0.8626736473 0.6154658869 0.4551724965 -0.04266305511 0.200150446 0.4502009207 -0.005647706434 0.05374963161 0.2471491553 -0.9688594395 -0.1294682931 -0.2110671635 0.06338606097 0.6943290228 -0.7168608061 0.2393608024 -0.7079160749 -0.6645007428 0.0002674266319 0.6053794204 0
0.8694054726 0.6202686404 0.4587244095 -0.04329328782 0.2014110398 0.449317549 -0.005734863571 0.05414849176 0.2470280035 -0.9679281475 -0.1322096001 -0.2136251926 0.06470503757 0.6904465154 -0.7204837732 0.2427516413 -0.7111991501 -0.6597479895 0.0002728044463 0.6101034647 0
0.876137298 0.6250713939 0.4622763225 -0.04392726009 0.2026649738 0.4484289357 -0.005822656939 0.05454687868 0.2469059674 -0.9669773441 -0.134982105 -0.2161819775 0.06603808205 0.6865593804 -0.7240684974 0.2461580545 -0.7144340757 -0.6549734069 0.0002782563704 0.614827509 0
0.8828691234 0.6298741474 0.4658282356 -0.04456494649 0.2039122103 0.4475351165 -0.005911085593 0.05494478899 0.2467830483 -0.9660068133 -0.1377857256 -0.2187371266 0.06738512162 0.68266809 -0.727614956 0.2495798111 -0.7176206328 -0.6501773183 0.0002837829983 0.6195515533 0
0.8896009487 0.6346769009 0.4693801486 -0.04520632149 0.2051527117 0.4466361271 -0.006000148579 0.05534221926 0.2466592477 -0.9650163399 -0.1406203735 -0.2212902489 0.06874608024 0.6787731158 -0.7311231317 0.2530166796 -0.7207586058 -0.6453600484 0.000289384925 0.6242755976 0
0.8963327741 0.6394796544 0.4729320616 -0.04585135939 0.2063864408 0.4457320035 -0.00608984494 0.05573916609 0.2465345667 -0.9640057096 -0.1434859544 -0.223840954 0.07012087856 0.6748749287 -0.7345930118 0.2564684273 -0.723847782 -0.6405219233 0.0002950627465 0.6289996419 0
0.9030645995 0.6442824079 0.4764839746 -0.04650003437 0.2076133609 0.4448227821 -0.006180173708 0.05613562611 0.2464090068 -0.9629747089 -0.1463823684 -0.2263888519 0.07150943399 0.6709739986 -0.7380245891 0.2599348205 -0.7268879525 -0.6356632707 0.0003008170598 0.6337236862 0
0.9097964248 0.6490851613 0.4800358876 -0.04715232047 0.2088334353 0.443908499 -0.006271133912 0.05653159591 0.2462825693 -0.9619231251 -0.1493095093 -0.2289335535 0.07291166065 0.6670707948 -0.7414178609 0.2634156244 -0.7298789113 -0.6307844193 0.0003066484627 0.6384477306 0
0.9165282502 0.6538879148 0.4835878007 -0.04780819159 0.2100466278 0.442989191 -0.006362724571 0.05692707211 0.2461552556 -0.9608507465 -0.1522672654 -0.2314746701 0.07432746941 0.6631657856 -0.7447728299 0.2669106036 -0.732820456 -0.6258856996 0.0003125575542 0.6431717749 0
0.9232600756 0.6586906683 0.4871397137 -0.04846762151 0.2112529024 0.4420648947 -0.006454944699 0.05732205134 0.246027067 -0.9597573624 -0.1552555189 -0.2340118142 0.07575676792 0.6592594382 -0.7480895035 0.2704195213 -0.7357123874 -0.6209674432 0.0003185449339 0.6478958192 0
0.929991901 0.6634934218 0.4906916267 -0.04913058386 0.2124522236 0.4411356472 -0.006547793304 0.05771653023 0.245898005 -0.9586427631 -0.1582741465 -0.2365445989 0.07719946056 0.6553522187 -0.7513678944 0.2739421399 -0.7385545098 -0.616029983 0.0003246112026 0.6526198635 0
0.9367237263 0.6682961753 0.4942435397 -0.04979705216 0.2136445559 0.4402014855 -0.006641269386 0.05811050542 0.2457680709 -0.9575067401 -0.1613230187 -0.2390726383 0.07865544852 0.6514445922 -0.7546080199 0.2774782211 -0.7413466307 -0.6110736535 0.0003307569618 0.6573439078 0
0.9434555517 0.6730989288 0.4977954527 -0.0504669998 0.2148298644 0.439262447 -0.006735371938 0.05850397354 0.2456372661 -0.9563490857 -0.1644020004 -0.2415955474 0.08012462974 0.6475370224 -0.7578099025 0.2810275253 -0.7440885612 -0.60609879 0.0003369828139 0.6620679521 0
0.9509353577 0.6784353216 0.5017420228 -0.05121543422 0.2161385938 0.4382133968 -0.006840663846 0.05894056156 0.2454909079 -0.9550371821 -0.1678582333 -0.2443922958 0.08177239881 0.6431959071 -0.7613227304 0.2849864129 -0.7470760594 -0.6005498363 0.0003439950973 0.6673168903 0
0.957667183 0.6832380751 0.5052939358 -0.05189263912 0.2173089605 0.437264186 -0.006936085611 0.05933294822 0.2453582696 -0.9538331855 -0.1710003099 -0.246903115 0.083269083 0.6392899739 -0.7644439738 0.2885628424 -0.7497114267 -0.5955369532 0.0003503920168 0.6720409346 0
0.9643990084 0.6880408286 0.5088458488 -0.05257323973 0.2184721966 0.4363102157 -0.007032130672 0.05972481741 0.2452247651 -0.9526069196 -0.1741720389 -0.2494076132 0.08477862259 0.6353855313 -0.7675270756 0.2921517445 -0.7522960371 -0.5905065882 0.0003568709089 0.6767649789 0
