0.007983585076 0.004445419842 0.0003762663647 -3.016670344e-06 0.002035800029 0.5099945823 -3.787436278e-07 0.0005072084405 0.2549993271 -0.9999999998 -9.252389217e-08 -1.756803161e-05 4.703169988e-08 0.9999684494 -0.007943557706 1.75682123e-05 -0.007943557706 -0.9999684493 3.576997684e-08 0.000500434265 0
0.01496717015 0.008334019685 0.0007054027293 -1.060246313e-05 0.00381653505 0.5099809589 -1.338463598e-06 0.0009526375551 0.2549976219 -0.9999999981 -6.122570388e-07 -6.174297477e-05 3.072633489e-07 0.9998891138 -0.01489161317 6.174524582e-05 -0.01489161316 -0.9998891119 5.819905314e-08 0.00093818563 0
0.02195075523 0.01222261953 0.001034539094 -2.280441726e-05 0.005597148151 0.5099590453 -2.888306456e-06 0.00139866909 0.2549948681 -0.9999999912 -1.93266587e-06 -0.0001327934047 9.678339428e-07 0.9997615066 -0.02183872672 0.0001328039413 -0.02183872666 -0.9997614977 3.802193502e-08 0.001375936995 0
0.02893434031 0.01611121937 0.001363675459 -3.962206497e-05 0.00737758245 0.5099288422 -5.027487067e-06 0.001844761485 0.254991067 -0.9999999734 -4.427178624e-06 -0.0002307079659 2.215459862e-06 0.9995856416 -0.02878445901 0.0002307398041 -0.02878445876 -0.999585615 1.885021695e-08 0.00181368836 0
0.03591792538 0.01999981921 0.001692811823 -6.105476157e-05 0.009157781074 0.509890351 -7.755211278e-06 0.002290791191 0.25498622 -0.9999999368 -8.469039848e-06 -0.000355471009 4.236767619e-06 0.9993615379 -0.03572837086 0.0003555466392 -0.03572837011 -0.9993614747 1.02714806e-07 0.002251439725 0
0.04290151046 0.02388841905 0.002021948188 -8.710168546e-05 0.01093768716 0.509843573 -1.107104891e-05 0.002736743832 0.2549803281 -0.9999998713 -1.4431252e-05 -0.0005070625929 7.218265293e-06 0.9990892198 -0.04267002332 0.0005072165521 -0.04267002149 -0.9990890911 2.118261548e-07 0.00268919109 0
0.05075804367 0.02826309388 0.002392226598 -0.0001219186683 0.01293966105 0.5097810447 -1.550405997e-05 0.003238356419 0.254972451 -0.9999997479 -2.389820423e-05 -0.0007096412793 1.195221194e-05 0.9987252673 -0.05047613545 0.0007099429654 -0.0504761312 -0.9987250153 3.62034885e-07 0.003181661376 0
0.05774162875 0.03215169372 0.002721362963 -0.0001577672898 0.01471875674 0.5097166638 -2.006897737e-05 0.003684167708 0.2549643395 -0.9999995779 -3.517820021e-05 -0.0009181577266 1.759267056e-05 0.9983505977 -0.05741153051 0.0009186629494 -0.05741152243 -0.9983501756 5.189765704e-07 0.003619412741 0
0.06472521382 0.03604029356 0.003050499327 -0.0001982264314 0.0164973823 0.5096440027 -2.522152191e-05 0.004129921613 0.2549551838 -0.9999993336 -4.954197704e-05 -0.001153412773 2.47750792e-05 0.9979278228 -0.06434329643 0.001154210392 -0.06434328213 -0.9979271566 6.975112506e-07 0.004057164106 0
0.0717087989 0.0399288934 0.003379635692 -0.0002432945422 0.01827548091 0.5095630643 -3.096161194e-05 0.004575620851 0.2549449841 -0.9999989961 -6.736092214e-05 -0.001415368812 3.36851558e-05 0.9974569886 -0.0712709957 0.001416570393 -0.07127097183 -0.9974559849 8.974317342e-07 0.004494915471 0
0.07869238398 0.04381749325 0.003708772057 -0.0002929698946 0.02005299581 0.5094738517 -3.728917174e-05 0.005021266413 0.2549337405 -0.9999985443 -8.900588223e-05 -0.001703983966 4.45083538e-05 0.9969381458 -0.07819419132 0.001705726358 -0.07819415333 -0.9969366905 1.118650336e-06 0.004932666836 0
0.08567596905 0.04770609309 0.004037908421 -0.0003472505848 0.02182987025 0.5093763683 -4.420412649e-05 0.005466858058 0.2549214532 -0.9999979548 -0.0001148471053 -0.002019212091 5.742983372e-05 0.9963713505 -0.08511244681 0.002021659996 -0.0851123887 -0.9963693061 1.361150653e-06 0.0053704182 0
0.09353250226 0.05208076791 0.004408186832 -0.0004138185817 0.02382801781 0.509256818 -5.268547547e-05 0.005968082792 0.2549063825 -0.9999970954 -0.0001493944839 -0.00240559163 7.470473433e-05 0.9956764642 -0.09288903657 0.002409068078 -0.09288894648 -0.995673561 1.659439464e-06 0.005862888486 0
0.1005160873 0.05596936775 0.004737323196 -0.0004778784869 0.02560334297 0.5091417721 -6.084838552e-05 0.006413555377 0.2548918777 -0.9999961264 -0.0001853790325 -0.002777199682 9.269835094e-05 0.9950079798 -0.09979534789 0.002781835811 -0.09979521877 -0.9950041084 1.947299e-06 0.006300639851 0
0.1074996724 0.05985796759 0.005066459561 -0.0005465366429 0.02737785051 0.509018468 -6.959843842e-05 0.006858968691 0.2548763295 -0.9999949332 -0.0002267123722 -0.0031752491 0.0001133666761 0.9942917517 -0.1066953592 0.003181313148 -0.1066951786 -0.9942866881 2.256625076e-06 0.006738391216 0
0.1144832575 0.06374656744 0.005395595926 -0.0006197904183 0.02915148381 0.5088869106 -7.89355443e-05 0.007304320178 0.2548597383 -0.9999934837 -0.0002737616695 -0.003599676226 0.0001368933627 0.9935278571 -0.1135886368 0.003607474822 -0.1135883894 -0.9935213455 2.587520875e-06 0.007176142581 0
0.1214668426 0.06763516728 0.00572473229 -0.0006976370058 0.03092418629 0.508747105 -8.885960812e-05 0.007749607045 0.254842104 -0.9999917436 -0.0003268931962 -0.004050413175 0.000163461626 0.9927163786 -0.1204747479 0.004060293875 -0.1204744153 -0.9927081289 2.940103908e-06 0.007613893946 0
0.1284504276 0.07152376712 0.006053868655 -0.0007800734221 0.03269590141 0.5085990564 -9.93705294e-05 0.008194826328 0.254823427 -0.9999896766 -0.0003864722717 -0.004527387851 0.0001932542153 0.9918574039 -0.1273532605 0.004539741665 -0.1273528207 -0.9918470899 3.314504049e-06 0.008051645311 0
0.1363069609 0.07589844194 0.006424147065 -0.0008782967303 0.03468783036 0.5084226559 -0.0001118966617 0.008695613369 0.2548011691 -0.9999869126 -0.0004616591349 -0.005095251475 0.0002308518646 0.9908344002 -0.1350819677 0.005110912264 -0.1350813761 -0.9908213262 3.761958336e-06 0.008544115597 0
0.1432905459 0.07978704179 0.00675328343 -0.0009704758257 0.03645725978 0.5082571103 -0.0001236542961 0.009140678608 0.2547802768 -0.9999840205 -0.0005361475445 -0.00562772275 0.0002681006407 0.9898748104 -0.1419429032 0.00564684333 -0.1419421438 -0.989858849 4.18320033e-06 0.008981866962 0
0.150274131 0.08367564163 0.007082419794 -0.001067234295 0.03822552542 0.5080833406 -0.000135998438 0.009585666254 0.2547583424 -0.9999806743 -0.0006182183594 -0.006186179395 0.0003091415236 0.9888680313 -0.1487948962 0.006209302776 -0.1487939331 -0.9888487296 4.626732644e-06 0.009419618327 0
0.1572577161 0.08756424147 0.007411556159 -0.001168568432 0.03999257091 0.5079013533 -0.0001489289636 0.01003057295 0.254735366 -0.9999768289 -0.0007082323674 -0.00677053204 0.0003541550457 0.9878141714 -0.155637519 0.006798255025 -0.1556363105 -0.9877910318 5.092725901e-06 0.009857369692 0
0.1642413012 0.09145284131 0.007740692524 -0.001274474353 0.04175833997 0.5077111556 -0.0001624457433 0.0104753953 0.2547113479 -0.9999724371 -0.0008065491121 -0.007380687158 0.0004033211304 0.9867133446 -0.1624703446 0.007413662824 -0.1624688432 -0.9866858226 5.581359304e-06 0.01029512106 0
0.1712248862 0.09534144116 0.008069828888 -0.001384948002 0.04352277634 0.5075127546 -0.0001765486419 0.01092012985 0.2546862883 -0.9999674497 -0.0009135268368 -0.008016547082 0.000456819065 0.9855656697 -0.1692929475 0.008055487244 -0.169291099 -0.9855331719 6.092820364e-06 0.01073287242 0
0.1790814194 0.09971611598 0.008440107299 -0.001514685443 0.04550610431 0.5072797575 -0.0001931148221 0.01142034695 0.2546568517 -0.999961063 -0.001044673665 -0.008762487861 0.000522404536 0.9842186915 -0.1769556281 0.008809065222 -0.1769533155 -0.9841798233 6.695744071e-06 0.01122534271 0
0.1860650045 0.1036047158 0.008769243663 -0.001634851244 0.04726752222 0.5070639502 -0.0002084627475 0.01186488337 0.2546295799 -0.999954637 -0.001171239184 -0.009452627372 0.0005856998751 0.9829718816 -0.1837551003 0.009506888088 -0.183752301 -0.9829266051 7.256373098e-06 0.01166309407 0
0.1930485896 0.1074933157 0.009098380028 -0.001759570967 0.04902743203 0.5068399645 -0.0002243963315 0.01230932105 0.2546012674 -0.9999474482 -0.001307576192 -0.01016813993 0.0006538829326 0.9816786271 -0.190543028 0.01023099517 -0.1905396634 -0.9816261831 7.840466926e-06 0.01210084544 0
0.2000321747 0.1113819155 0.009427516393 -0.001888839838 0.05078577776 0.5066078089 -0.0002409154148 0.01275365645 0.2545719146 -0.9999394389 -0.001454036973 -0.01090891092 0.000727130081 0.9803390674 -0.1973189909 0.01098134067 -0.1973149733 -0.9802786397 8.448245216e-06 0.0125385968 0
0.2070157598 0.1152705153 0.009756652757 -0.002022652903 0.05254250346 0.5063674924 -0.0002580198322 0.01319788603 0.2545415218 -0.9999305492 -0.001610972227 -0.01167482169 0.0008056169161 0.9789533469 -0.2040825704 0.01175787712 -0.2040778021 -0.97888406 9.079935036e-06 0.01297634817 0
0.2139993448 0.1191591152 0.01008578912 -0.00216100504 0.05429755328 0.506119024 -0.0002757094128 0.01364200621 0.2545100891 -0.9999207175 -0.001778731009 -0.0124657495 0.0008895182305 0.9775216149 -0.2108333491 0.0125605554 -0.2108277222 -0.9774425323 9.735770727e-06 0.01341409953 0
0.221855878 0.12353379 0.01045606753 -0.002322070199 0.05626991165 0.5058297651 -0.0002963094236 0.01414150619 0.254473485 -0.999908451 -0.001980829573 -0.01338528851 0.0009905957741 0.9758561106 -0.2184121566 0.01349475284 -0.2184054206 -0.9757648097 1.05027487e-05 0.01390656982 0
0.2288394631 0.1274223899 0.0107852039 -0.002470050056 0.05802121505 0.5055640062 -0.0003152418818 0.01458538202 0.254439844 -0.9998964027 -0.002172739512 -0.0142289517 0.001086579397 0.9743271224 -0.2251343552 0.01435281188 -0.2251264928 -0.9742238239 1.121070496e-05 0.01434432118 0
0.2358230482 0.1313109897 0.01111434026 -0.002622551854 0.05977066846 0.5052901263 -0.0003347589314 0.01502913726 0.2544051643 -0.9998832061 -0.002376552593 -0.01509722256 0.001188518253 0.9727526209 -0.2318424592 0.01523684861 -0.2318333248 -0.9726361848 1.194358498e-05 0.01478207255 0
0.2428066333 0.1351995895 0.01144347663 -0.002779569754 0.06151821634 0.5050081359 -0.0003548603774 0.0154727683 0.2543694462 -0.9998687911 -0.00259261052 -0.01598996183 0.001296583535 0.9711327756 -0.238536058 0.01614680711 -0.2385254923 -0.9710019929 1.270165188e-05 0.01521982391 0
0.2497902183 0.1390881894 0.01177261299 -0.002941097746 0.06326380319 0.5047180458 -0.000375546019 0.01591627156 0.25433269 -0.9998530857 -0.002821253077 -0.01690702635 0.0014109455 0.9694677608 -0.2452147426 0.01708262982 -0.245202572 -0.9693213515 1.348517546e-05 0.01565757528 0
0.2567738034 0.1429767892 0.01210174936 -0.003107129647 0.06500737364 0.504419867 -0.0003968156495 0.01635964342 0.2542948963 -0.9998360158 -0.003062818071 -0.017848269 0.001531773437 0.9677577555 -0.2518781061 0.01804425756 -0.2518641415 -0.967594367 1.429443209e-05 0.01609532664 0
0.2646303366 0.147351464 0.01247202777 -0.003299291195 0.0669664113 0.5040747617 -0.0004214417681 0.01685827522 0.2542511384 -0.9998150864 -0.003350443045 -0.01893587919 0.001675643231 0.965780451 -0.2593555718 0.01915685802 -0.2593393432 -0.9655962509 1.523595729e-05 0.01658779693 0
0.2716139217 0.1512400639 0.01280116413 -0.00347487259 0.06870551337 0.5037594329 -0.0004439516622 0.01730135589 0.254211141 -0.9997948622 -0.003620580519 -0.01992799406 0.001810768884 0.9639754574 -0.2659850345 0.02017311743 -0.2659665559 -0.9637711536 1.610084378e-05 0.01702554829 0
0.2785975068 0.1551286637 0.01313030049 -0.003654937467 0.0704424265 0.5034360521 -0.0004670448617 0.01774429389 0.2541701071 -0.9997730295 -0.003904682767 -0.02094380221 0.001952883022 0.9621260637 -0.2725979159 0.02121498637 -0.2725769451 -0.9619000641 1.699236829e-05 0.01746329966 0
0.2855810919 0.1590172636 0.01345943686 -0.003839478936 0.07217709567 0.5031046318 -0.000490721136 0.01818708562 0.2541280372 -0.9997495065 -0.004203078888 -0.02198314053 0.002102150673 0.9602324685 -0.2791938169 0.02228239894 -0.2791700925 -0.959983101 1.791083322e-05 0.01790105102 0
0.2925646769 0.1629058634 0.01378857322 -0.004028489937 0.07390946597 0.5027651846 -0.0005149802486 0.01862972745 0.2540849317 -0.999724209 -0.004516095738 -0.0230458421 0.002258735766 0.9582948751 -0.2857723402 0.02337528762 -0.2857455812 -0.9580203853 1.885654703e-05 0.01833880239 0
0.299548262 0.1667944633 0.01411770959 -0.004221963239 0.07563948255 0.5024177234 -0.000539821957 0.01907221577 0.2540407911 -0.9996970513 -0.004844057875 -0.02413173617 0.002422801107 0.9563134915 -0.2923330908 0.02449358328 -0.2923029953 -0.9560120414 1.982982412e-05 0.01877655375 0
0.3074047952 0.1711691381 0.014487988 -0.004444945328 0.07758286965 0.5020172671 -0.000568464954 0.01956982715 0.2539898961 -0.9996641661 -0.005231280663 -0.02538087189 0.002616517085 0.9540323568 -0.2996922022 0.02578194705 -0.2996579648 -0.9536982727 2.095810652e-05 0.01926902404 0
0.3143883803 0.1750577379 0.01481712436 -0.004647876238 0.07930770302 0.501652821 -0.0005945438476 0.02001197728 0.2539435573 -0.999632762 -0.005592068381 -0.02651546601 0.002797013239 0.9519586305 -0.3062138838 0.02695399569 -0.3061755945 -0.951593394 2.199102597e-05 0.0197067754 0
0.3213719654 0.1789463378 0.01514626073 -0.00485524576 0.081030012 0.5012804034 -0.0006212045422 0.02045396261 0.2538961847 -0.9995992174 -0.005968800258 -0.02767269493 0.002985490887 0.9498417934 -0.312716572 0.02815122493 -0.3126738572 -0.9494432935 2.305252831e-05 0.02014452677 0
0.3283555505 0.1828349376 0.01547539709 -0.005067045964 0.08274974218 0.5009000288 -0.0006484467716 0.02089577953 0.253847779 -0.9995634388 -0.006361790837 -0.02885237253 0.003182107933 0.9476820724 -0.3191998808 0.02937355907 -0.3191523419 -0.9472481072 2.414295136e-05 0.02058227813 0
0.3353391355 0.1867235374 0.01580453346 -0.005283268754 0.08446683929 0.5005117116 -0.0006762702636 0.02133742443 0.2537983404 -0.999525331 -0.0067713521 -0.03005430902 0.00338702103 0.9454796987 -0.3256634266 0.03062092077 -0.3256106388 -0.9450079741 2.526263833e-05 0.0210200295 0
0.3431956687 0.1910982123 0.01617481187 -0.005531795465 0.08639535873 0.5000653794 -0.0007082661364 0.02183406483 0.2537414882 -0.9994795545 -0.007252300776 -0.03143285293 0.003627658048 0.9429513389 -0.3329108178 0.03205402014 -0.3328515836 -0.9424342752 2.655769985e-05 0.02151249978 0
0.3501792538 0.1949868121 0.01650394823 -0.005757388594 0.0881066808 0.4996602338 -0.0007373238814 0.0222753322 0.2536898568 -0.9994361723 -0.007698098662 -0.03268144284 0.003850714532 0.9406591167 -0.339331104 0.03335430147 -0.3392656267 -0.9400991039 2.774073636e-05 0.02195025115 0
0.3571628389 0.198875412 0.0168330846 -0.00598737792 0.08981520087 0.4992471931 -0.0007669620012 0.02271641627 0.2536371941 -0.9993901515 -0.008161425152 -0.03395167523 0.004082548272 0.9383249934 -0.3457304436 0.03467935857 -0.3456582097 -0.9377194379 2.895414311e-05 0.02238800251 0
0.364146424 0.2027640118 0.01716222096 -0.006221754655 0.09152086512 0.498826273 -0.0007971801997 0.02315731342 0.2535835009 -0.9993413893 -0.00864258116 -0.03524334549 0.004323310504 0.9359492184 -0.3521084629 0.03602910763 -0.3520289284 -0.9352954276 3.019828462e-05 0.02282575388 0
0.3711300091 0.2066526116 0.01749135733 -0.006460509843 0.09322361985 0.4983974896 -0.0008279781751 0.02359802006 0.2535287775 -0.9992897814 -0.009141864788 -0.03655624547 0.004573151087 0.9335320455 -0.3584647908 0.03740346326 -0.3583773797 -0.9328272266 3.147353027e-05 0.02326350524 0
0.3781135941 0.2105412115 0.01782049369 -0.006703634363 0.09492341151 0.4979608592 -0.0008593556197 0.02403853258 0.2534730246 -0.9992352217 -0.009659571285 -0.03789016354 0.004832218484 0.931073733 -0.3647990589 0.03880233853 -0.3647031621 -0.9303149908 3.278025429e-05 0.02370125661 0
0.3859701273 0.2149158863 0.0181907721 -0.006982360594 0.09683206879 0.4974602913 -0.0008953475012 0.02453387265 0.2534090727 -0.9991701792 -0.01026437607 -0.03941567661 0.00513488126 0.9282592835 -0.3718982867 0.0404052716 -0.3717920726 -0.9274362883 3.428841726e-05 0.0241937269 0
0.3929537124 0.2188044861 0.01851990847 -0.007234738902 0.09852538662 0.4970070419 -0.0009279552699 0.0249739607 0.2533511339 -0.9991089866 -0.01082219816 -0.04079353968 0.005414042062 0.9257144256 -0.3781844662 0.04185595539 -0.3780683567 -0.9248310098 3.566329669e-05 0.02463147826 0
0.3999372975 0.222693086 0.01884904483 -0.00749145697 0.1002155748 0.4965459988 -0.0009611415091 0.02541384338 0.2532921674 -0.9990444996 -0.01139934684 -0.04219173732 0.005702884361 0.9231292619 -0.3844474515 0.04333087717 -0.3843207264 -0.9221822024 3.707085384e-05 0.02506922963 0
0.4069208826 0.2265816858 0.0191781812 -0.007752504996 0.1019025803 0.4960771793 -0.0009949058874 0.02585351709 0.2532321737 -0.9989766051 -0.01199610508 -0.04361004382 0.006001550611 0.920504068 -0.3906868851 0.04482994366 -0.390548786 -0.9194900336 3.851148179e-05 0.02550698099 0
0.4139044676 0.2304702857 0.01950731756 -0.008017873015 0.1035863502 0.4956006016 -0.001029248067 0.02629297822 0.2531711534 -0.9989051884 -0.01261275275 -0.04504823012 0.00631018175 0.9178391234 -0.3969024126 0.04635306004 -0.3967521418 -0.9167546737 3.998557791e-05 0.02594473235 0
0.4208880527 0.2343588855 0.01983645392 -0.008287550897 0.1052668317 0.4951162837 -0.001064167706 0.0267322232 0.2531091073 -0.9988301332 -0.0132495666 -0.04650606388 0.006628917181 0.9151347118 -0.4030936823 0.04790012996 -0.4029304012 -0.9139762958 4.149354385e-05 0.02638248372 0
0.4287445859 0.2387335603 0.02020673234 -0.008596077325 0.1071533773 0.4945621973 -0.001104142108 0.02722611094 0.2530380798 -0.9987412001 -0.01399042753 -0.04816931823 0.0069997439 0.9120454317 -0.4100294308 0.04966909368 -0.4098504586 -0.9107994196 4.323099599e-05 0.02687495401 0
0.435728171 0.2426221602 0.0205358687 -0.008874879287 0.1088266965 0.4940614933 -0.001140287681 0.02766488465 0.2529738556 -0.9986580195 -0.01467099874 -0.04966811652 0.007340406671 0.9092581129 -0.416167998 0.05126673807 -0.4159740929 -0.9079302152 4.481228774e-05 0.02731270537 0
0.4427117561 0.24651076 0.02086500506 -0.009157958409 0.1104965634 0.493553108 -0.001177009603 0.02810343098 0.2529086075 -0.9985708268 -0.01537258019 -0.05118581528 0.007691599225 0.9064322393 -0.4222812271 0.05288802519 -0.4220714149 -0.9050185509 4.642873085e-05 0.02775045674 0
0.4496953412 0.2503993599 0.02119414143 -0.009445303891 0.1121629258 0.4930370606 -0.001214307508 0.02854174634 0.252842336 -0.998479499 -0.01609543521 -0.0527221689 0.008053454396 0.9035681111 -0.4283687786 0.05453285249 -0.428142039 -0.902064611 4.808074354e-05 0.0281882081 0
0.4566789262 0.2542879597 0.02152327779 -0.009736904773 0.1138257317 0.492513371 -0.001252181023 0.02897982715 0.252775042 -0.9983839118 -0.01683982374 -0.05427692867 0.008426103374 0.900666032 -0.4344303161 0.05620111592 -0.4341855814 -0.8990685822 4.976874787e-05 0.02862595947 0
0.4636625113 0.2581765596 0.02185241416 -0.01003274993 0.1154849292 0.491982059 -0.00129062977 0.02941766984 0.252706726 -0.9982839394 -0.01760600233 -0.05584984275 0.00880967568 0.89772631 -0.440465506 0.05789270997 -0.4402016595 -0.8960306541 5.149316961e-05 0.02906371083 0
0.4715190445 0.2625512344 0.02222269257 -0.01037063493 0.1173471488 0.4913752471 -0.001334571713 0.02990995377 0.2526286498 -0.9981660703 -0.01849431417 -0.0576407537 0.009254410414 0.8943745155 -0.4472231902 0.05982350735 -0.4469364455 -0.8925631415 5.347720909e-05 0.02955618112 0
0.4785026296 0.2664398342 0.02255182893 -0.01067546153 0.1189985069 0.4908278052 -0.001374241545 0.03034727856 0.2525581645 -0.9980563548 -0.01930763266 -0.05925139567 0.00966161711 0.8913558411 -0.4532012993 0.06156432184 -0.4528929011 -0.8894368187 5.528044812e-05 0.02999393248 0
0.4854862147 0.2703284341 0.0228809653 -0.01098449663 0.1206460955 0.4902728052 -0.001414485389 0.03078435405 0.2524866594 -0.9979418515 -0.0201435205 -0.0608793855 0.01008014092 0.8883005096 -0.4591520395 0.06332812769 -0.4588207092 -0.8862692058 5.712145829e-05 0.03043168385 0
0.4924697998 0.2742170339 0.02321010166 -0.01129772846 0.1222898634 0.4897102682 -0.001455302844 0.03122117667 0.2524141353 -0.9978224285 -0.02100221975 -0.06252445899 0.01051010426 0.8852088442 -0.4650750906 0.06511481333 -0.4647194949 -0.8830605031 5.900067993e-05 0.03086943521 0
0.4994533848 0.2781056337 0.02353923803 -0.01161514507 0.1239297595 0.4891402157 -0.001496693501 0.03165774285 0.2523405928 -0.9976979525 -0.02188396885 -0.06418634907 0.01095162781 0.8820811716 -0.4709701356 0.06692426576 -0.470588885 -0.8798109137 6.091855673e-05 0.03130718658 0
0.5064369699 0.2819942336 0.02386837439 -0.01193673437 0.1255657329 0.4885626695 -0.001538656947 0.03209404902 0.2522660328 -0.9975682891 -0.0227890026 -0.06586478577 0.01140483042 0.878917822 -0.4768368611 0.06875637051 -0.4764285084 -0.8765206432 6.287553562e-05 0.03174493794 0
0.5142935031 0.2863689084 0.0242386528 -0.01230349476 0.127401451 0.4879039999 -0.001586549964 0.03258457825 0.2521809375 -0.9974160476 -0.02383528557 -0.06777246569 0.01192878919 0.8753168244 -0.4834026902 0.07084442062 -0.4829620442 -0.8727707213 6.512443671e-05 0.03223740823 0
0.5212770882 0.2902575082 0.02456778917 -0.01263391017 0.1290289205 0.4873106028 -0.001629729189 0.0330203201 0.2521042176 -0.9972749076 -0.02479056183 -0.0694851548 0.01240719623 0.8720787741 -0.4892082106 0.07272427501 -0.488737189 -0.8693946974 6.716600606e-05 0.03267515959 0
0.5282606733 0.2941461081 0.02489692553 -0.01296845949 0.1306523092 0.4867097815 -0.001673479874 0.03345579083 0.2520264826 -0.9971281508 -0.02576983245 -0.0712135289 0.01289764207 0.8688061015 -0.4949844531 0.07462641484 -0.494481419 -0.8659786513 6.924809451e-05 0.03311291096 0
0.5352442583 0.2980347079 0.0252260619 -0.01330712996 0.1322715671 0.4861015589 -0.001717801582 0.03389098688 0.2519477332 -0.9969756371 -0.02677331675 -0.07295730664 0.013400238 0.8654991512 -0.5007311183 0.07655071981 -0.500194371 -0.8625227989 7.137116175e-05 0.03355066232 0
0.5422278434 0.3019233078 0.02555519826 -0.01364990871 0.1338866441 0.4854859583 -0.001762693871 0.0343259047 0.2518679702 -0.9968172252 -0.02780123018 -0.07471620401 0.01391509343 0.8621582711 -0.5064479101 0.07849706819 -0.5058756834 -0.8590273588 7.35356704e-05 0.03398841369 0
0.5492114285 0.3058119076 0.02588433463 -0.01399678269 0.1354974904 0.484863003 -0.001808156291 0.03476054074 0.2517871944 -0.9966527726 -0.02885378431 -0.07648993435 0.01444231587 0.8587838124 -0.512134536 0.08046533687 -0.5115249971 -0.8554925522 7.574208595e-05 0.03442616505 0
0.5570679617 0.3101865824 0.02625461304 -0.01439189456 0.1373045735 0.4841534166 -0.001859982435 0.03524916507 0.251695112 -0.9964603637 -0.03006761944 -0.07850275082 0.01505035493 0.8549478509 -0.5184955729 0.08270568567 -0.5178417814 -0.851469118 7.827497845e-05 0.03491863534 0
0.5640515468 0.3140751823 0.0265837494 -0.0147474269 0.1389062647 0.4835149116 -0.001906654872 0.03568319058 0.2516121867 -0.9962825955 -0.0311732196 -0.08030703779 0.01560420541 0.8515032183 -0.5241171415 0.08472011988 -0.5234219136 -0.8478514031 8.057200441e-05 0.0353563867 0
0.5710351319 0.3179637821 0.02691288576 -0.01510701272 0.1405035706 0.482869127 -0.001953896002 0.03611692326 0.2515282512 -0.9960983332 -0.03230409622 -0.08212524554 0.01617074641 0.8480261252 -0.5297076532 0.08675608076 -0.528968937 -0.8441950285 8.291240968e-05 0.03579413807 0
0.5780187169 0.321852382 0.02724202213 -0.01547063835 0.142096442 0.4822160872 -0.002001705355 0.03655035956 0.2514433062 -0.9959074294 -0.03346044445 -0.08395707706 0.01675007739 0.8445169359 -0.5352668306 0.08881343951 -0.5344825008 -0.8405002256 8.529667094e-05 0.03623188943 0
0.585002302 0.3257409818 0.02757115849 -0.01583828997 0.14368483 0.481555817 -0.002050082452 0.03698349595 0.2513573528 -0.9957097354 -0.03464245543 -0.08580223291 0.01734229587 0.8409760175 -0.5407943997 0.09089206601 -0.5399622563 -0.8367672282 8.77252674e-05 0.0366696408 0
0.5919858871 0.3296295817 0.02790029486 -0.0162099536 0.145268686 0.4808883416 -0.002099026811 0.03741632891 0.2512703917 -0.9955051015 -0.03585031619 -0.08766041129 0.01794749731 0.8374037405 -0.5462900903 0.09299182878 -0.5454078568 -0.8329962722 9.019868082e-05 0.03710739216 0
0.5998424203 0.3340042565 0.02827057327 -0.01663285322 0.1470450462 0.4801288509 -0.00215476666 0.03790289891 0.251171357 -0.9952664053 -0.03724028567 -0.08976604923 0.01864398394 0.8333479102 -0.5524343061 0.0953791609 -0.5514929027 -0.8287088716 9.303544415e-05 0.03759986245 0
0.6068260054 0.3378928563 0.02859970963 -0.01701299532 0.1486191106 0.479446149 -0.002204914818 0.03833507538 0.2510822575 -0.9950465222 -0.03850367931 -0.0916508879 0.01927708201 0.8297102387 -0.5578613752 0.09752339556 -0.556864783 -0.8248580489 9.560570429e-05 0.03803761381 0
0.6138095905 0.3417814562 0.028928846 -0.01739710481 0.1501884919 0.478756322 -0.002255628691 0.03876693742 0.2509921532 -0.9948192246 -0.03979348045 -0.09354779122 0.01992344837 0.8260423844 -0.563255746 0.09968834703 -0.5622014391 -0.820970021 9.822230245e-05 0.03847536518 0
0.6207931755 0.345670056 0.02925798236 -0.0177851671 0.1517531422 0.478059396 -0.002306907772 0.03919848151 0.2509010448 -0.9945843584 -0.04110985891 -0.09545644809 0.02058317006 0.8223447294 -0.5686171639 0.1018738784 -0.5675025335 -0.8170450339 0.0001008857302 0.03891311654 0
0.6277767606 0.3495586558 0.02958711873 -0.01817716748 0.1533130138 0.4773553977 -0.00235875155 0.03962970413 0.2508089334 -0.9943417687 -0.04245298025 -0.09737654527 0.02125633208 0.8186176586 -0.5739453785 0.1040798513 -0.5727677309 -0.8130833358 0.0001035964814 0.03935086791 0
0.6347603457 0.3534472557 0.02991625509 -0.01857309105 0.1548680591 0.4766443536 -0.002411159505 0.0400606018 0.2507158198 -0.9940912994 -0.04382300575 -0.09930776742 0.0219430173 0.8148615594 -0.5792401428 0.1063061263 -0.5779966983 -0.8090851774 0.0001063550521 0.03978861927 0
0.6426168789 0.3578219305 0.0302865335 -0.0190231758 0.1566116574 0.4758360407 -0.002470792171 0.04054496887 0.2506098704 -0.9937999076 -0.0453966386 -0.1014932949 0.02273180311 0.8106017358 -0.5851564672 0.1088347777 -0.5838355686 -0.8045439826 0.0001095162237 0.04028108956 0
0.649600464 0.3617105304 0.03061566987 -0.01942738611 0.1581562902 0.4751101144 -0.002524397259 0.04097516435 0.2505146304 -0.9935321723 -0.04682435125 -0.1034471013 0.02344749068 0.8067852501 -0.5903793488 0.1111037255 -0.5889864518 -0.8004691885 0.0001123780677 0.04071884092 0
0.6565840491 0.3655991302 0.03094480623 -0.01983547218 0.1596959497 0.4743772275 -0.00257856487 0.04140502393 0.2504183913 -0.9932560642 -0.04827944417 -0.1054110342 0.02417694679 0.8029409638 -0.5955680346 0.113392531 -0.594100079 -0.796358732 0.0001152892951 0.04115659229 0
0.6635676341 0.36948773 0.0312739426 -0.02024741855 0.1612305891 0.4736374079 -0.002633294464 0.04183454411 0.2503211539 -0.9929714238 -0.04976206069 -0.1073847701 0.02492024553 0.7990692751 -0.6007222944 0.1157010496 -0.5991761268 -0.792212873 0.0001182504107 0.04159434365 0
0.6705512192 0.3733763299 0.03160307896 -0.02066320961 0.162760162 0.4728906835 -0.002688585493 0.04226372141 0.2502229193 -0.9926780905 -0.05127233975 -0.1093679836 0.02567745884 0.7951705843 -0.6058419018 0.1180291352 -0.6042142742 -0.7880318738 0.0001212619212 0.04203209502 0
0.6775348043 0.3772649297 0.03193221533 -0.02108282959 0.1642846222 0.4721370827 -0.002744437405 0.04269255235 0.2501236885 -0.9923759031 -0.0528104158 -0.1113603475 0.02644865647 0.7912452943 -0.6109266346 0.1203766405 -0.6092142023 -0.7838159989 0.0001243243354 0.04246984638 0
0.6853913375 0.3816396045 0.03230249374 -0.02155945903 0.1659934713 0.471281098 -0.002807940542 0.0431745688 0.2500108642 -0.992025157 -0.05457413915 -0.1136122849 0.02733305347 0.7867980532 -0.6166050013 0.1230406117 -0.6147930439 -0.7790317844 0.000127831033 0.04296231667 0
0.6923749226 0.3855282044 0.0326316301 -0.02198716251 0.1675069145 0.4705129799 -0.002864982472 0.04360265216 0.2499095197 -0.9917036155 -0.05617170987 -0.1156229991 0.02813418935 0.7828175879 -0.6216149061 0.1254288894 -0.6197107092 -0.7747426867 0.0001310033153 0.04340006803 0
0.6993585076 0.3894168042 0.03296076647 -0.02241864477 0.1690151019 0.4697380756 -0.002922583523 0.04403037828 0.2498071821 -0.9913727112 -0.05779746892 -0.11764183 0.02894951336 0.7788117968 -0.626589268 0.1278361188 -0.6245891752 -0.7704195539 0.0001342281033 0.0438378194 0
0.7063420927 0.3933054041 0.03328990283 -0.02285388946 0.1705179882 0.4689564142 -0.00298074312 0.04445774371 0.2497038525 -0.9910322795 -0.05945153217 -0.1196684435 0.02977908616 0.774781092 -0.6315278818 0.1302621475 -0.6294281331 -0.7660626594 0.0001375059134 0.04427557076 0
0.7133256778 0.3971940039 0.03361903919 -0.02329288013 0.1720155283 0.4681680253 -0.003039460681 0.04488474497 0.2495995318 -0.9906821555 -0.06113401095 -0.1217025038 0.03062296614 0.7707258876 -0.6364305462 0.1327068222 -0.634227277 -0.7616722789 0.0001408372638 0.04471332213 0
0.721182211 0.4015686787 0.0339893176 -0.02379120154 0.1736938146 0.4672730837 -0.00310618415 0.0453646818 0.2494809878 -0.9902764746 -0.06306089774 -0.1239993027 0.03158950253 0.766135016 -0.641902828 0.1354791764 -0.6395783458 -0.7566934203 0.000144649678 0.04520579241 0
0.7281657961 0.4054572786 0.03431845397 -0.02423809706 0.1751798452 0.4664704984 -0.003166085432 0.04579089773 0.2493745647 -0.9899052039 -0.06480410821 -0.1260480656 0.03246396897 0.7620291339 -0.6467284514 0.1379629588 -0.6442918801 -0.7522328066 0.0001480965305 0.04564354378 0
0.7351493812 0.4093458784 0.03464759033 -0.02468868619 0.1766603901 0.4656612798 -0.003226542828 0.0462167387 0.249267154 -0.9895237214 -0.06657605246 -0.1281032163 0.03335291063 0.7579000589 -0.651517524 0.1404649001 -0.64896466 -0.7477395816 0.000151598554 0.04608129514 0
0.7421329662 0.4132344783 0.0349767267 -0.02514295189 0.1781354051 0.4648454583 -0.003287555733 0.04664220126 0.2491587566 -0.9891318596 -0.06837682279 -0.1301644132 0.03425637658 0.7537482131 -0.6562698621 0.1429848419 -0.6535963902 -0.7432140295 0.000155156274 0.04651904651 0
0.7491165513 0.4171230781 0.03530586306 -0.02560087699 0.1796048463 0.4640230649 -0.003349123539 0.04706728196 0.2490493737 -0.9887294505 -0.07020650681 -0.132231313 0.03517441364 0.7495740205 -0.6609852861 0.1455226249 -0.6581867776 -0.7386564367 0.0001587702173 0.04695679787 0
0.7561001364 0.4210116779 0.03563499943 -0.02606244419 0.1810686701 0.4631941306 -0.003411245629 0.04749197738 0.2489390063 -0.9883163256 -0.07206518747 -0.1343035715 0.03610706629 0.7453779066 -0.6656636208 0.1480780886 -0.6627355318 -0.7340670913 0.0001624409126 0.04739454924 0
0.7639566696 0.4253863528 0.03600527784 -0.02658603903 0.182708703 0.4622538001 -0.003481794752 0.04796929489 0.2488136678 -0.987838541 -0.07419096048 -0.1366408371 0.03717382321 0.7406316078 -0.6708822016 0.1509739178 -0.6678027575 -0.7288664852 0.0001666389413 0.04788701953 0
0.7709402547 0.4292749526 0.0363344142 -0.02705528763 0.1841604456 0.4614110707 -0.003545092631 0.04839316016 0.2487012122 -0.9874020834 -0.07611151288 -0.1387233337 0.03813767127 0.736390332 -0.6754811596 0.1535664147 -0.6722620892 -0.7242106322 0.0001704319968 0.04832477089 0
0.7779238398 0.4331635525 0.03666355057 -0.02752812341 0.1856064356 0.460561899 -0.003608942838 0.04881662941 0.2485877758 -0.9869543805 -0.07806129074 -0.1408101051 0.03911625914 0.7321284756 -0.6800425086 0.1561760836 -0.6766788974 -0.7195239404 0.0001742834661 0.04876252226 0
0.7849074248 0.4370521523 0.03699268693 -0.02800452853 0.1870466305 0.4597063171 -0.003673344734 0.04923969923 0.2484733595 -0.986495262 -0.08004035749 -0.1429008021 0.04010962177 0.7278464707 -0.6845660913 0.1588027591 -0.6810529027 -0.7148067063 0.0001781938844 0.04920027362 0
0.7918910099 0.4409407521 0.0373218233 -0.028484485 0.1884809876 0.4588443572 -0.003738297677 0.0496623662 0.2483579646 -0.9860245572 -0.08204877181 -0.1449950747 0.04111779178 0.723544751 -0.6890517546 0.1614462754 -0.6853838285 -0.7100592284 0.000182163788 0.04963802499 0
0.798874595 0.444829352 0.03765095966 -0.02896797472 0.1899094649 0.457976052 -0.003803801018 0.0500846269 0.2482415923 -0.9855420951 -0.08408658762 -0.1470925716 0.04214079945 0.7192237515 -0.6934993499 0.164106465 -0.6896714008 -0.7052818068 0.0001861937149 0.05007577635 0
0.8067311282 0.4492040268 0.03802123807 -0.0295161013 0.1915094212 0.4569916646 -0.003878149358 0.05055918034 0.2481095065 -0.9849850582 -0.08641433533 -0.1494556714 0.04330945339 0.714340125 -0.698457212 0.1671188987 -0.6944427611 -0.699871792 0.000190799801 0.05056824664 0
0.8137147133 0.4530926266 0.03835037444 -0.0300070385 0.1929252647 0.4561099844 -0.003944820114 0.05098056643 0.2479910609 -0.9844770427 -0.08851478638 -0.1515588502 0.04436408089 0.7099796063 -0.7028234394 0.1698139594 -0.6986373102 -0.695031746 0.0001949590703 0.051005998 0
0.8206982983 0.4569812265 0.0386795108 -0.03050145156 0.1943350979 0.4552220618 -0.004012039205 0.05140153562 0.2478716415 -0.9839567335 -0.09064477642 -0.1536641503 0.0454336255 0.7056011756 -0.7071511626 0.1725251641 -0.7027876675 -0.6901627071 0.0001991800532 0.05144374937 0
0.8276818834 0.4608698263 0.03900864717 -0.03099932186 0.1957388797 0.4543279303 -0.004079805959 0.05182208452 0.2477512496 -0.9834239586 -0.09280433953 -0.1557712173 0.04651810779 0.7012052729 -0.7114402511 0.1752523415 -0.7068935704 -0.685264983 0.0002034632936 0.05188150073 0
0.8346654685 0.4647584262 0.03933778353 -0.03150063065 0.1971365692 0.4534276236 -0.004148119699 0.05224220975 0.2476298863 -0.9828785458 -0.09499350493 -0.1578796957 0.04761754593 0.6967923395 -0.715690579 0.1779953191 -0.7109547592 -0.6803388838 0.0002078093367 0.0523192521 0
0.8416490536 0.468647026 0.0396669199 -0.03200535906 0.1985281257 0.4525211755 -0.004216979743 0.0526619079 0.2475075528 -0.9823203224 -0.097212297 -0.1599892296 0.04873195573 0.6923628176 -0.7199020248 0.1807539232 -0.7149709771 -0.6753847209 0.0002122187289 0.05275700346 0
0.8495055868 0.4730217008 0.04003719831 -0.03257724237 0.2000862456 0.4514941231 -0.00429509944 0.05313355365 0.2473687696 -0.9816767935 -0.09974387531 -0.1623632728 0.05000357919 0.687360329 -0.7245932791 0.1838758143 -0.7194351517 -0.669778133 0.0002172556996 0.05324947375 0
0.8564891719 0.4769103007 0.04036633467 -0.03308917424 0.2014646356 0.4505747383 -0.00436511809 0.05355233308 0.2472443787 -0.9810907745 -0.1020256828 -0.1644738648 0.05114984538 0.6828970294 -0.7287217168 0.1866670444 -0.7233549663 -0.6647653776 0.0002218015298 0.05368722511 0
0.8634727569 0.4807989005 0.04069547103 -0.03360446597 0.2028367671 0.4496493194 -0.004435680876 0.05397067491 0.2471190215 -0.9804914052 -0.1043371618 -0.1665843961 0.05231111726 0.6784185293 -0.7328109211 0.1894733526 -0.7272290257 -0.6597255436 0.0002264124257 0.05412497648 0
0.870456342 0.4846875004 0.0410246074 -0.03412309817 0.2042026006 0.4487179013 -0.004506787094 0.05438857576 0.2469926994 -0.9798785127 -0.1066783166 -0.1686945084 0.0534874008 0.6739252746 -0.7368607889 0.1922945615 -0.7310570847 -0.6546589498 0.0002310889392 0.05456272784 0
0.8774399271 0.4885761002 0.04135374376 -0.03464505137 0.2055620966 0.4477805191 -0.004578436033 0.05480603229 0.2468654134 -0.979251924 -0.1090491467 -0.1708038433 0.05467869957 0.6694177119 -0.7408712215 0.1951304924 -0.7348389011 -0.6495659168 0.0002358316237 0.05500047921 0
0.8844235122 0.4924647 0.04168288013 -0.03517030595 0.2069152163 0.4468372078 -0.004650626977 0.05522304112 0.246737165 -0.9786114664 -0.1114496464 -0.1729120416 0.05588501472 0.6648962885 -0.7448421247 0.1979809661 -0.7385742359 -0.6444467667 0.0002406410336 0.05543823057 0
0.8922800454 0.4968393749 0.04205315854 -0.03576513896 0.2084298057 0.4457689398 -0.004732488758 0.05569163677 0.2465917368 -0.9778741585 -0.1141856601 -0.175281959 0.05726006691 0.6597936769 -0.7492620294 0.2012049077 -0.7427206332 -0.638656908 0.0002461320694 0.05593070086 0
0.8992636305 0.5007279747 0.0423822949 -0.03629734333 0.2097692469 0.4448131473 -0.004805829063 0.05610768316 0.2464614475 -0.9772036553 -0.1166491675 -0.1773865492 0.05849828481 0.6552442871 -0.7531486406 0.2040856849 -0.7463564135 -0.6334833362 0.0002510851176 0.05636845222 0
0.9062472155 0.5046165746 0.04271143127 -0.03683278704 0.2111021912 0.4438515372 -0.004879709103 0.05652327142 0.2463301998 -0.976518743 -0.119142296 -0.1794888794 0.05975150725 0.650682438 -0.7569954573 0.2069804385 -0.7499449835 -0.6282846647 0.0002561066319 0.05680620359 0
0.9132308006 0.5085051744 0.04304056763 -0.03737145002 0.2124286008 0.4428841457 -0.004954128139 0.0569383982 0.246197995 -0.9758192491 -0.1216650197 -0.1815885899 0.06101972551 0.6461085788 -0.7608024037 0.2098889852 -0.7534861162 -0.6230612221 0.000261197172 0.05724395495 0
0.9202143857 0.5123937742 0.043369704 -0.03791331205 0.2137484379 0.4419110089 -0.005029085428 0.05735306019 0.2460648344 -0.9751050012 -0.1242173082 -0.1836853207 0.06230292842 0.6415231594 -0.7645694089 0.2128111412 -0.7569795878 -0.617813339 0.0002663572985 0.05768170632 0
0.9271979708 0.5162823741 0.04369884036 -0.03845835282 0.2150616651 0.4409321633 -0.005104580222 0.05776725406 0.2459307195 -0.9743758268 -0.1267991259 -0.1857787118 0.06360110242 0.6369266298 -0.7682964064 0.2157467215 -0.7604251771 -0.6125413473 0.0002715875735 0.05811945768 0
0.935054504 0.5206570489 0.04406911877 -0.03907529785 0.2165310987 0.439824184 -0.00519015341 0.05823265848 0.245778701 -0.9735374498 -0.1297389169 -0.1881293366 0.06507942333 0.6317428145 -0.7724413797 0.2190650645 -0.7642439596 -0.6065819546 0.0002775561833 0.05861192797 0
0.9420380891 0.5245456487 0.04439825514 -0.0396270255 0.2178301571 0.4388333294 -0.00526678789 0.05864584658 0.2456425625 -0.9727759859 -0.1323833438 -0.1902144357 0.06640935488 0.627124171 -0.7760831603 0.2220285541 -0.7675870794 -0.6012598413 0.0002829373948 0.05904967933 0
0.9490216741 0.5284342486 0.0447273915 -0.0401818677 0.2191224904 0.4378368814 -0.005343957499 0.0590585562 0.2455054737 -0.9719990587 -0.1350571572 -0.1922950705 0.06775419962 0.622495825 -0.7796847544 0.225004885 -0.770881646 -0.5959146664 0.0002883905182 0.0594874307 0
0.9560052592 0.5323228484 0.04505652787 -0.04073980367 0.2204080626 0.4368348772 -0.005421661467 0.05947078406 0.2453674362 -0.971206497 -0.1377603015 -0.1943708813 0.06911393406 0.6178582272 -0.783246114 0.227993869 -0.774127451 -0.5905467681 0.0002939161203 0.05992518206 0
0.9629888443 0.5362114483 0.04538566423 -0.04130081255 0.2216868375 0.4358273544 -0.005499899019 0.05988252684 0.2452284512 -0.9703981298 -0.140492716 -0.1964415089 0.07048853229 0.6132118283 -0.7867671959 0.230995317 -0.7773242891 -0.585156486 0.0002995147688 0.06036293343 0
0.9699724294 0.5401000481 0.0457148006 -0.04186487334 0.2229587796 0.4348143505 -0.005578669371 0.06029378127 0.2450885203 -0.9695737866 -0.143254335 -0.1985065942 0.07187796603 0.6085570787 -0.7902479611 0.2340090392 -0.7804719582 -0.5797441609 0.0003051870328 0.06080068479 0
0.9778289626 0.5444747229 0.04608507901 -0.04250306346 0.2243815029 0.4336682169 -0.005667921903 0.06075585466 0.244929969 -0.9686270921 -0.146395977 -0.2008227435 0.0734587737 0.6033110648 -0.7941155883 0.2374139107 -0.7839540656 -0.5736293734 0.000311657033 0.06129315508 0
0.9848125476 0.5483633228 0.04641421537 -0.04307353941 0.2256388079 0.432643692 -0.00574782184 0.06116606042 0.2447880325 -0.9677682351 -0.1492194157 -0.2028748606 0.07487962791 0.5986400658 -0.7975105723 0.2404530815 -0.7869965932 -0.5681713456 0.0003174876238 0.06173090644 0
0.9917961327 0.5522519226 0.04674335174 -0.04364700103 0.2268891704 0.4316138051 -0.005828252102 0.06157576757 0.2446451544 -0.9668928716 -0.1520718225 -0.2049203155 0.0763152137 0.5939621232 -0.8008651474 0.2435039282 -0.7899893398 -0.5626923493 0.000323393615 0.06216865781 0
0.9987797178 0.5561405225 0.0470724881 -0.0442234269 0.2281325557 0.4305785947 -0.005909211886 0.06198497284 0.2445013361 -0.9660008326 -0.1549531117 -0.206958751 0.07776549286 0.5892776869 -0.8041792934 0.2465662579 -0.7929321162 -0.5571927311 0.0003293755801 0.06260640917 0
1.005763303 0.5600291223 0.04740162446 -0.0448027955 0.2293689298 0.4295380994 -0.005990700383 0.06239367298 0.2443565792 -0.9650919499 -0.1578631927 -0.20898981 0.0792304248 0.5845872061 -0.8074529945 0.2496398768 -0.7958247363 -0.5516728387 0.0003354340937 0.06304416054 0
