0.006891633541 0.003977506298 -0.0019313803 -2.329971468e-06 0.001757357281 0.509995963 -2.928618985e-07 0.000437691117 0.2549994991 -0.9999999999 -6.156481732e-08 -1.356898316e-05 3.148055516e-08 0.9999764898 -0.006857103735 1.35690863e-05 -0.006857103735 -0.9999764897 2.972250061e-08 -0.002568735799 0
0.01362492902 0.007863627782 -0.003818386357 -9.106903791e-06 0.003474285248 0.5099842209 -1.151077382e-06 0.0008669502419 0.2549980311 -0.9999999986 -4.786333194e-07 -5.303406598e-05 2.403537617e-07 0.9999081098 -0.0135562508 5.303568114e-05 -0.01355625079 -0.9999081084 5.82140442e-08 -0.005078453854 0
0.02035822449 0.01174974927 -0.005705392414 -2.033178114e-05 0.005191108225 0.5099647721 -2.579027225e-06 0.001296942186 0.2549955883 -0.999999993 -1.598016082e-06 -0.000118396507 8.003840704e-07 0.9997948548 -0.02025458674 0.0001184045857 -0.02025458669 -0.9997948478 4.685690187e-08 -0.00758817191 0
0.02709151997 0.01563587075 -0.007592398471 -3.600419646e-05 0.006907774332 0.5099376173 -4.576229135e-06 0.001727051817 0.2549921716 -0.999999978 -3.766657324e-06 -0.0002096465276 1.885043593e-06 0.9996367367 -0.02695171082 0.0002096718886 -0.02695171062 -0.9996367147 5.765683287e-09 -0.01009788997 0
0.03382481544 0.01952199223 -0.009479404528 -5.612358144e-05 0.008624231695 0.5099027574 -7.141855514e-06 0.002157116095 0.2549877824 -0.9999999466 -7.331344323e-06 -0.0003267704759 3.667725986e-06 0.9994337719 -0.03364722247 0.0003268321287 -0.03364722187 -0.9994337185 7.639841884e-08 -0.01260760802 0
0.04055811092 0.02340811372 -0.01136641058 -8.068920648e-05 0.01034042845 0.5098601937 -1.027542833e-05 0.002587108531 0.2549824216 -0.9999998896 -1.263865553e-05 -0.0004697508288 6.321720513e-06 0.9991859818 -0.04034072126 0.0004698782956 -0.04034071978 -0.9991858714 1.760829005e-07 -0.01511732608 0
0.04729140639 0.0272942352 -0.01325341664 -0.0001097001808 0.01205631274 0.5098099278 -1.39766882e-05 0.003017032325 0.2549760896 -0.9999997959 -2.003490874e-05 -0.0006385661943 1.002018613e-05 0.9988933922 -0.04703180705 0.0006388018299 -0.04703180385 -0.9988931882 2.980866162e-07 -0.01762704413 0
0.05402470187 0.03118035668 -0.0151404227 -0.0001431554524 0.01377183272 0.5097519614 -1.824548079e-05 0.003446894537 0.2549687867 -0.9999996525 -2.986610924e-05 -0.0008331913141 1.493612559e-05 0.9985560339 -0.05372007993 0.0008335926239 -0.05372007371 -0.9985556864 4.413234211e-07 -0.02013676219 0
0.06075799734 0.03506647817 -0.01702742876 -0.0001810538081 0.01548693658 0.5096862968 -2.308170058e-05 0.003876700717 0.254960513 -0.9999994441 -4.247789811e-05 -0.001053597068 2.124235956e-05 0.998173942 -0.06040514035 0.001054239022 -0.06040512915 -0.9981733862 6.052618019e-07 -0.02264648024 0
0.06749129282 0.03895259965 -0.01891443481 -0.0002233938739 0.01720157249 0.5096129362 -2.848526431e-05 0.004306454292 0.2549512687 -0.9999991536 -5.821550043e-05 -0.001299750476 2.911150075e-05 0.9977471567 -0.0670865891 0.001300727822 -0.06708657016 -0.9977463105 7.896408886e-07 -0.0251561983 0
0.07422458829 0.04283872113 -0.02080144087 -0.0002701741143 0.01891568866 0.5095318823 -3.445609825e-05 0.004736156928 0.2549410539 -0.999998762 -7.742367368e-05 -0.001571614706 3.871592811e-05 0.9972757225 -0.07376402743 0.001573044274 -0.07376399696 -0.9972744849 9.94347636e-07 -0.02766591636 0
0.08095788377 0.04672484262 -0.02268844693 -0.0003213928332 0.02062923333 0.5094431381 -4.09941317e-05 0.005165808983 0.2549298688 -0.9999982481 -0.0001004466561 -0.001869149075 5.022776104e-05 0.9967596889 -0.08043705701 0.001871172084 -0.08043700998 -0.9967579376 1.21935617e-06 -0.03017563441 0
0.08769117924 0.0506109641 -0.02457545298 -0.0003770481736 0.02234215474 0.5093467068 -4.809929353e-05 0.005595409871 0.2549177135 -0.9999975887 -0.0001276281151 -0.002192309057 6.38188336e-05 0.9961991097 -0.08710528006 0.002195093413 -0.08710520994 -0.9961966994 1.464695832e-06 -0.03268535247 0
0.09442447472 0.05449708558 -0.02646245904 -0.0004371381176 0.02405440118 0.5092425918 -5.577151029e-05 0.006024958333 0.2549045881 -0.9999967588 -0.000159311096 -0.002541046288 7.966066883e-05 0.9955940436 -0.09376829933 0.002544788879 -0.09376819784 -0.9955908041 1.730433453e-06 -0.03519507052 0
0.1011577702 0.05838320707 -0.0283494651 -0.0005016604865 0.02576592094 0.509130797 -6.401070511e-05 0.006454452617 0.2548904927 -0.9999957313 -0.0001958379706 -0.002915308574 9.792445303e-05 0.994944554 -0.1004257182 0.002920237558 -0.100425575 -0.9949402877 2.016663089e-06 -0.03770478858 0
0.1078910657 0.06226932855 -0.03023647115 -0.0005706129412 0.02747666237 0.5090113264 -7.281679698e-05 0.006883890614 0.2548754275 -0.999994477 -0.0002375503856 -0.003315039898 0.0001187810102 0.9942507087 -0.1070771406 0.003321416984 -0.107076943 -0.9942451893 2.323499821e-06 -0.04021450663 0
0.1146243611 0.06615545003 -0.03212347721 -0.0006439929818 0.02918657382 0.5088841844 -8.21897004e-05 0.00731326995 0.2548593926 -0.9999929649 -0.0002847892119 -0.003740180424 0.0001424007762 0.9935125804 -0.1137221714 0.003748303152 -0.113721904 -0.9935055505 2.651075888e-06 -0.04272422469 0
0.1213576566 0.07004157152 -0.03401048327 -0.0007217979482 0.0308956037 0.5087493755 -9.212932509e-05 0.007742588051 0.2548423882 -0.999991162 -0.0003378944933 -0.00419066651 0.0001689537738 0.9927302462 -0.1203604159 0.004200870518 -0.1203600602 -0.9927214154 2.999538178e-06 -0.04523394275 0
0.1280909521 0.073927693 -0.03589748932 -0.0008040250199 0.03260370044 0.5086069046 -0.0001026355758 0.008171842191 0.2548244144 -0.9999890333 -0.0003972053954 -0.004666430715 0.0001986095866 0.9919037879 -0.1269914804 0.004679092004 -0.1269910145 -0.9918928311 3.369046548e-06 -0.0477436608 0
0.1348242476 0.07781381448 -0.03778449538 -0.0008906712163 0.03431081251 0.5084567769 -0.0001137083522 0.008601029531 0.2548054715 -0.9999865417 -0.000463060155 -0.005167401807 0.0002315373337 0.9910332919 -0.1336149719 0.005182938993 -0.1336143702 -0.991019847 3.75977268e-06 -0.05025337886 0
0.141557543 0.08169993597 -0.03967150144 -0.0009817333967 0.03601688842 0.5082989978 -0.000125347549 0.009030147136 0.2547855595 -0.9999836483 -0.0005357960294 -0.005693504772 0.0002679056449 0.9901188492 -0.1402304985 0.005712381337 -0.1402297308 -0.9901025156 4.171899242e-06 -0.05276309691 0
0.1482908385 0.08558605745 -0.0415585075 -0.00107720826 0.03772187673 0.5081335731 -0.0001375530553 0.009459192006 0.2547646788 -0.9999803123 -0.0006157492455 -0.006244660829 0.0003078826346 0.9891605553 -0.1468376688 0.006267387357 -0.1468367006 -0.9891408915 4.605619283e-06 -0.05527281497 0
0.155024134 0.08947217894 -0.04344551355 -0.001177092347 0.03942572603 0.5079605088 -0.0001503247554 0.00988816108 0.2547428294 -0.9999764909 -0.0007032549499 -0.006820787434 0.0003516358773 0.9881585104 -0.1534360929 0.006847923843 -0.1534348842 -0.9881350324 5.061135769e-06 -0.05778253302 0
0.1617574295 0.09335830042 -0.04533251961 -0.001281382037 0.04112838497 0.5077798111 -0.0001636625281 0.01031705125 0.2547200116 -0.9999721391 -0.000798647158 -0.007421798298 0.000399332382 0.9871128192 -0.1600253815 0.007453956058 -0.1600238868 -0.9870849985 5.538661212e-06 -0.06029225108 0
0.1684907249 0.0972444219 -0.04721952567 -0.00139007355 0.04282980224 0.5075914865 -0.000177566247 0.01074585939 0.2546962257 -0.9999672105 -0.0009022587042 -0.008047603394 0.0004511385673 0.9860235908 -0.1666051465 0.008085447739 -0.1666033141 -0.9859908525 6.038417364e-06 -0.06280196914 0
0.1752240204 0.1011305434 -0.04910653172 -0.001503162947 0.04452992657 0.507395542 -0.0001920357803 0.01117458231 0.2546714718 -0.9999616562 -0.001014421192 -0.008698108968 0.0005072202366 0.984890939 -0.1731750009 0.0087423611 -0.1731727726 -0.98485266 6.560634967e-06 -0.06531168719 0
0.1819573159 0.1050166649 -0.05099353778 -0.001620646132 0.04622870676 0.5071919845 -0.0002070709909 0.01160321683 0.2546457502 -0.9999554258 -0.001135464944 -0.009373217559 0.0005677425528 0.9837149821 -0.1797345589 0.009424656835 -0.1797318689 -0.9836704891 7.105553527e-06 -0.06782140525 0
0.1886906114 0.1089027864 -0.05288054384 -0.001742518846 0.04792609166 0.5069808215 -0.0002226717366 0.01203175973 0.2546190611 -0.9999484667 -0.001265718953 -0.01007282801 0.0006328700138 0.9824958427 -0.1862834358 0.01013229412 -0.1862802108 -0.9824444105 7.673421112e-06 -0.0703311233 0
0.1954239068 0.1127889078 -0.05476754989 -0.001868776675 0.04962203016 0.5067620607 -0.0002388378696 0.01246020779 0.2545914048 -0.9999407247 -0.001405510831 -0.01079683546 0.0007027664276 0.9812336482 -0.1928212482 0.0108652306 -0.1928174064 -0.9811744975 8.264494168e-06 -0.07284084136 0
0.2021572023 0.1166750293 -0.05665455595 -0.001999415043 0.05131647124 0.5065357099 -0.0002555692369 0.01288855775 0.2545627816 -0.9999321434 -0.00155516676 -0.01154513141 0.0007775948878 0.9799285301 -0.199347614 0.01162342243 -0.1993430644 -0.9798608262 8.87903735e-06 -0.07535055941 0
0.2080488359 0.1200753856 -0.05830568625 -0.002117313311 0.05279783875 0.5063314332 -0.0002706727277 0.01326328094 0.2545369432 -0.9999239006 -0.001694462601 -0.01221972643 0.0008472432608 0.978751448 -0.2050484948 0.01230752194 -0.2050432438 -0.97867553 9.436229652e-06 -0.07754656271 0
0.2147821313 0.1239615071 -0.06019269231 -0.002256152311 0.0544893348 0.5060908736 -0.0002884634784 0.0136914382 0.2545065077 -0.9999135875 -0.001863487609 -0.0130132581 0.0009317563051 0.9773662187 -0.2115523728 0.01311294409 -0.2115462172 -0.9772800257 1.009552053e-05 -0.08005628077 0
0.2215154268 0.1278476286 -0.06207969836 -0.00239935782 0.05617918702 0.5058427483 -0.0003068189938 0.014119488 0.254475106 -0.9999022629 -0.002043306041 -0.01383074597 0.001021666089 0.9759384691 -0.2180437129 0.01394348709 -0.2180365324 -0.9758409961 1.077908666e-05 -0.08256599882 0
0.2282487223 0.1317337501 -0.06396670442 -0.002546924648 0.05786734463 0.5055870664 -0.0003257391002 0.01454742704 0.2544427385 -0.9998898632 -0.002234238081 -0.01467206745 0.001117132706 0.974468348 -0.2245221385 0.01479910124 -0.224513801 -0.9743585273 1.148722302e-05 -0.08507571688 0
0.2349820178 0.1356198716 -0.06585371048 -0.002698847454 0.0595537569 0.505323837 -0.0003452236187 0.01497525205 0.2544094055 -0.9998763232 -0.002436602244 -0.01553709635 0.001218315418 0.9729560087 -0.2309872743 0.01567973536 -0.2309776356 -0.972832708 1.222023202e-05 -0.08758543494 0
0.2417153132 0.139505993 -0.06774071654 -0.002855120733 0.06123837317 0.5050530699 -0.0003652723648 0.01540295974 0.2543751072 -0.9998615754 -0.002650715335 -0.0164257029 0.00132537263 0.9714016085 -0.2374387464 0.01658533674 -0.2374276493 -0.9712636295 1.297842339e-05 -0.09009515299 0
0.2484486087 0.1433921145 -0.06962772259 -0.003015738829 0.06292114286 0.5047747746 -0.0003858851489 0.01583054683 0.2543398441 -0.999845551 -0.002876892392 -0.01733775378 0.001438461864 0.9698053095 -0.2438761829 0.0175158512 -0.2438634561 -0.9696513857 1.376211401e-05 -0.09260487105 0
0.2551819042 0.147278236 -0.07151472865 -0.003180695924 0.06460201547 0.5044889614 -0.000407061776 0.01625801001 0.2543036164 -0.9998281789 -0.003115446647 -0.01827311213 0.001557739739 0.9681672776 -0.250299213 0.01847122307 -0.2502846711 -0.967996073 1.457162782e-05 -0.0951145891 0
0.2619151997 0.1511643575 -0.07340173471 -0.003349986048 0.06628094055 0.5041956406 -0.0004288020459 0.01668534599 0.2542664246 -0.9998093866 -0.003366689473 -0.01923163756 0.001683361945 0.9664876834 -0.256707468 0.01945139516 -0.2566909099 -0.9662977905 1.540729561e-05 -0.09762430716 0
0.2686484951 0.155050479 -0.07528874076 -0.003523603071 0.06795786777 0.5038948227 -0.0004511057527 0.01711255148 0.2542282688 -0.9997890995 -0.003630930338 -0.02021318618 0.001815483221 0.9647667016 -0.2631005806 0.02045630884 -0.2630817893 -0.9645566399 1.626945494e-05 -0.1001340252 0
0.2753817906 0.1589366005 -0.07717574682 -0.003701540708 0.06963274683 0.5035865187 -0.0004739726855 0.01753962316 0.2541891497 -0.9997672413 -0.003908476762 -0.02121761063 0.00195425733 0.9630045111 -0.2694781855 0.02148590397 -0.2694569268 -0.9627727253 1.715844998e-05 -0.1026437433 0
0.2821150861 0.1628227219 -0.07906275288 -0.00388379252 0.07130552756 0.5032707398 -0.000497402628 0.01796655775 0.2541490674 -0.999743734 -0.004199634264 -0.02224476006 0.002099837035 0.9612012951 -0.275839919 0.02254011895 -0.275815941 -0.9609461534 1.807463135e-05 -0.1051534613 0
0.2888483816 0.1667088434 -0.08094975893 -0.00407035191 0.07297615984 0.5029474973 -0.0005213953585 0.01839335194 0.2541080223 -0.9997184978 -0.004504706322 -0.0232944802 0.002252374081 0.9593572411 -0.2821854192 0.0236188907 -0.2821584513 -0.9590770336 1.901835604e-05 -0.1076631794 0
0.295581677 0.1705949649 -0.08283676499 -0.004261212127 0.07464459366 0.502616803 -0.0005459506502 0.01882000243 0.254066015 -0.999691451 -0.004823994324 -0.02436661336 0.002412019164 0.9574725404 -0.2885143263 0.02472215467 -0.2884840783 -0.9571654777 1.99899872e-05 -0.1101728974 0
0.3023149725 0.1744810864 -0.08472377105 -0.004456366265 0.07631077909 0.5022786689 -0.0005710682705 0.01924650591 0.2540230457 -0.9996625104 -0.00515779752 -0.02546099842 0.002578921917 0.9555473889 -0.2948262823 0.02584984483 -0.2947924434 -0.9552116 2.098989409e-05 -0.1126826155 0
0.309048268 0.1783672079 -0.0866107771 -0.004655807264 0.07797466627 0.5019331071 -0.0005967479821 0.01967285909 0.2539791149 -0.9996315909 -0.005506412981 -0.02657747093 0.002753230878 0.9535819863 -0.301120931 0.02700189372 -0.3010831693 -0.9532155176 2.201845187e-05 -0.1151923335 0
0.3157815635 0.1822533294 -0.08849778316 -0.004859527907 0.07963620547 0.5015801301 -0.0006229895419 0.02009905865 0.2539342231 -0.9995986057 -0.005870135553 -0.02771586303 0.002935093476 0.9515765366 -0.3073979185 0.0281782324 -0.3073558794 -0.9511773497 2.307604153e-05 -0.1177020516 0
0.3225148589 0.1861394508 -0.09038478922 -0.005067520826 0.08129534703 0.5012197508 -0.0006497927016 0.0205251013 0.2538883705 -0.9995634663 -0.006249257811 -0.02887600357 0.003124656003 0.9495312476 -0.3136568926 0.02937879049 -0.3136101984 -0.9490972185 2.416304973e-05 -0.1202117697 0
0.3292481544 0.1900255723 -0.09227179528 -0.005279778498 0.08295204139 0.5008519822 -0.0006771572078 0.02095098374 0.2538415577 -0.9995260827 -0.006644070012 -0.03005771808 0.003322063595 0.9474463316 -0.3198975034 0.03060349614 -0.3198457521 -0.9469752483 2.527986865e-05 -0.1227214877 0
0.3359814499 0.1939116938 -0.09415880133 -0.005496293246 0.08460623909 0.5004768375 -0.0007050828015 0.02137670266 0.2537937852 -0.9994863629 -0.007054860057 -0.03126082878 0.003527460207 0.9453220044 -0.3261194031 0.03185227607 -0.3260621674 -0.9448115661 2.642689594e-05 -0.1252312058 0
0.3427147454 0.1977978153 -0.09604580739 -0.005717057242 0.08625789078 0.5000943303 -0.0007335692185 0.02180225476 0.2537450533 -0.9994442134 -0.007481913442 -0.03248515466 0.003740988593 0.9431584861 -0.332322246 0.03312505556 -0.3322590723 -0.9426063015 2.76045345e-05 -0.1277409238 0
0.3494480408 0.2016839368 -0.09793281345 -0.005942062502 0.08790694719 0.4997044746 -0.0007626161894 0.02222763675 0.2536953625 -0.9993995391 -0.007925513217 -0.03373051145 0.003962790285 0.9409560006 -0.3385056885 0.03442175846 -0.3384360961 -0.9403595862 2.881319243e-05 -0.1302506419 0
0.3561813363 0.2055700583 -0.0998198195 -0.006171300894 0.08955335918 0.4993072843 -0.0007922234393 0.02265284532 0.2536447134 -0.9993522433 -0.008385939941 -0.03499671169 0.004193005569 0.938714776 -0.3446693895 0.03574230718 -0.344592869 -0.9380715549 3.005328286e-05 -0.1327603599 0
0.3629146318 0.2094561797 -0.1017068256 -0.00640476413 0.09119707769 0.4989027738 -0.0008223906882 0.02307787719 0.2535931064 -0.9993022275 -0.00886347164 -0.03628356472 0.004431773465 0.9364350439 -0.3508130099 0.03708662269 -0.3507290228 -0.9357423444 3.132522388e-05 -0.135270078 0
0.3696479273 0.2133423012 -0.1035938316 -0.006642443771 0.0928380538 0.4984909577 -0.0008531176506 0.02350272904 0.2535405419 -0.9992493916 -0.009358383767 -0.03759087672 0.004679231705 0.9341170401 -0.356936213 0.03845462455 -0.3568441902 -0.933372094 3.262943838e-05 -0.1377797961 0
0.3763812227 0.2172284227 -0.1054808377 -0.00688433123 0.09447623866 0.4980718509 -0.0008844040359 0.02392739759 0.2534870206 -0.9991936342 -0.009870949155 -0.03891845073 0.004935516715 0.9317610041 -0.3630386646 0.03984623092 -0.3629380053 -0.9309609456 3.396635393e-05 -0.1402895141 0
0.3831145182 0.2211145442 -0.1073678437 -0.007130417764 0.09611158358 0.4976454687 -0.0009162495479 0.02435187954 0.2534325428 -0.9991348519 -0.01040143798 -0.04026608669 0.005200763589 0.9293671791 -0.3691200326 0.04126135853 -0.3690101035 -0.9285090435 3.533640272e-05 -0.1427992322 0
0.3898478137 0.2250006657 -0.1092548498 -0.007380694484 0.09774403994 0.4972118262 -0.0009486538855 0.02477617161 0.2533771092 -0.9990729402 -0.01095011771 -0.04163358147 0.005475106071 0.9269358123 -0.3751799875 0.04269992269 -0.3750601215 -0.9260165343 3.674002139e-05 -0.1453089502 0
0.3965811092 0.2288867872 -0.1111418558 -0.007635152348 0.09937355925 0.4967709394 -0.0009816167421 0.0252002705 0.2533207203 -0.9990077926 -0.01151725308 -0.04302072888 0.005758676536 0.9244671546 -0.3812182023 0.04416183733 -0.3810876972 -0.9234835673 3.817765094e-05 -0.1478186683 0
0.4033144046 0.2327729086 -0.1130288619 -0.007893782165 0.1010000932 0.4963228239 -0.001015137806 0.02562417291 0.2532633765 -0.9989393015 -0.01210310605 -0.04442731969 0.006051605967 0.9219614604 -0.3872343523 0.04564701497 -0.3870924701 -0.920910294 3.964973664e-05 -0.1503283863 0
0.4100477001 0.2366590301 -0.114915868 -0.008156574594 0.1026235934 0.4958674962 -0.001049216759 0.02604787557 0.2532050785 -0.9988673574 -0.01270793573 -0.04585314169 0.006354023935 0.919418988 -0.3932281156 0.04715536675 -0.3930740807 -0.9182968684 4.115672791e-05 -0.1528381044 0
0.4167809956 0.2405451516 -0.116802874 -0.008423520147 0.1042440119 0.4954049725 -0.00108385328 0.0264713752 0.2531458268 -0.9987918497 -0.01333199839 -0.04729797972 0.006666058581 0.9168399992 -0.3991991727 0.04868680242 -0.3990321712 -0.9156434468 4.269907822e-05 -0.1553478224 0
0.4235142911 0.2444312731 -0.1186898801 -0.008694609186 0.1058613006 0.4949352695 -0.001119047041 0.02689466849 0.2530856219 -0.9987126658 -0.01397554739 -0.04876161564 0.006987836596 0.9142247596 -0.4051472066 0.05024123033 -0.404966385 -0.912950188 4.427724497e-05 -0.1578575405 0
0.4302475865 0.2483173946 -0.1205768861 -0.008969831924 0.1074754116 0.4944584044 -0.001154797708 0.02731775218 0.2530244645 -0.9986296923 -0.01463883315 -0.05024382844 0.007319483198 0.9115735382 -0.4110719033 0.05181855747 -0.4108763671 -0.9102172532 4.589168943e-05 -0.1603672586 0
0.436980882 0.2522035161 -0.1224638922 -0.009249178428 0.1090862973 0.4939743941 -0.001191104944 0.02774062298 0.2529623551 -0.9985428137 -0.01532210312 -0.05174439422 0.007661122117 0.9088866075 -0.416972951 0.05341868947 -0.4167617639 -0.9074448059 4.754287661e-05 -0.1628769766 0
0.4437141775 0.2560896375 -0.1243508982 -0.009532638616 0.1106939099 0.4934832563 -0.001227968405 0.02816327762 0.2528992944 -0.9984519136 -0.0160256017 -0.05326308622 0.008012875574 0.9061642437 -0.4228500411 0.05504153058 -0.4226222231 -0.904633012 4.923127517e-05 -0.1653866947 0
0.450447473 0.259975759 -0.1262379043 -0.009820202261 0.112298202 0.4929850086 -0.001265387742 0.02858571282 0.2528352828 -0.9983568738 -0.01674957027 -0.05479967488 0.00837486426 0.9034067264 -0.4287028673 0.05668698369 -0.4284573942 -0.9017820398 5.095735736e-05 -0.1678964127 0
0.4571807684 0.2638618805 -0.1281249104 -0.01011185899 0.1138991262 0.4924796691 -0.001303362601 0.0290079253 0.2527703211 -0.998257575 -0.01749424709 -0.05635392786 0.008747207323 0.9006143385 -0.4345311263 0.05835495035 -0.4342669279 -0.8988920598 5.272159889e-05 -0.1704061308 0
0.463072402 0.2672622368 -0.1297760407 -0.01037040796 0.1152971351 0.4920316937 -0.001337046022 0.02937717595 0.2527127007 -0.9981670999 -0.01816301148 -0.05772820471 0.009081593799 0.8981426193 -0.4396104639 0.05983281089 -0.439328966 -0.8963314646 5.429698936e-05 -0.1726021341 0
0.4698056975 0.2711483583 -0.1316630467 -0.01066971075 0.1168916174 0.4915131062 -0.001376061512 0.02979896203 0.2526459591 -0.9980594888 -0.01894714757 -0.05931494245 0.009473666987 0.8952856237 -0.4453918518 0.06154272039 -0.4450894939 -0.8933688129 5.613407357e-05 -0.1751118521 0
0.4765389929 0.2750344798 -0.1335500528 -0.01097307598 0.1184825965 0.4909874799 -0.001415631476 0.03022051599 0.2525782692 -0.9979472677 -0.01975265937 -0.06091866127 0.009876428312 0.8923945899 -0.4511478163 0.06327485288 -0.4508233894 -0.890367657 5.801070338e-05 -0.1776215702 0
0.4832722884 0.2789206013 -0.1354370588 -0.01128049271 0.1200700255 0.4904548337 -0.001455755541 0.03064183456 0.2525096315 -0.997830312 -0.02057977281 -0.06253911834 0.01028999075 0.8894698139 -0.4568780651 0.06502910473 -0.4565303092 -0.8873281762 5.992736715e-05 -0.1801312882 0
0.4900055839 0.2828067227 -0.1373240649 -0.01159194987 0.1216538578 0.4899151869 -0.001496433326 0.0310629145 0.2524400468 -0.9977084958 -0.02142871057 -0.06417606818 0.01071446565 0.8865115948 -0.4625823089 0.06680537096 -0.4622099118 -0.8842505526 6.188455633e-05 -0.1826410063 0
0.4967388794 0.2866928442 -0.1392110709 -0.01190743623 0.1232340467 0.4893685589 -0.001537664447 0.03148375253 0.2523695157 -0.9975816918 -0.02229969199 -0.06582926274 0.01114996271 0.8835202352 -0.4682602613 0.06860354529 -0.4678618576 -0.8811349703 6.388276537e-05 -0.1851507244 0
0.5034721748 0.2905789657 -0.141098077 -0.01222694042 0.1248105461 0.4888149694 -0.001579448514 0.0319043454 0.2522980389 -0.9974497716 -0.0231929331 -0.06749845139 0.01159658993 0.8804960405 -0.4739116391 0.07042352013 -0.4734858081 -0.8779816156 6.592249162e-05 -0.1876604424 0
0.5102054703 0.2944650872 -0.1429850831 -0.01255045092 0.1263833095 0.4882544383 -0.00162178513 0.03232468984 0.252225617 -0.9973126054 -0.02410864653 -0.06918338099 0.01205445366 0.8774393196 -0.479536162 0.07226518657 -0.479081427 -0.8747906773 6.800423529e-05 -0.1901701605 0
0.5169387658 0.2983512087 -0.1448720891 -0.01287795609 0.1279522909 0.4876869859 -0.001664673896 0.03274478262 0.2521522508 -0.9971700623 -0.02504704152 -0.07088379591 0.01252365853 0.8743503841 -0.4851335526 0.07412843441 -0.4846483793 -0.8715623464 7.012849935e-05 -0.1926798785 0
0.5236720613 0.3022373302 -0.1467590952 -0.01320944413 0.1295174444 0.4871126325 -0.001708114404 0.03316462047 0.252077941 -0.9970220101 -0.02600832387 -0.07259943805 0.01300430745 0.8712295489 -0.4907035369 0.07601315217 -0.4901863321 -0.8682968159 7.229578949e-05 -0.1951895966 0
0.5304053567 0.3061234516 -0.1486461012 -0.0135449031 0.1310787241 0.4865313989 -0.001752106245 0.03358420015 0.2520026883 -0.9968683155 -0.02699269589 -0.07433004689 0.01349650158 0.868077132 -0.4962458437 0.07791922707 -0.4956949539 -0.8649942813 7.450661405e-05 -0.1976993146 0
0.5371386522 0.3100095731 -0.1505331073 -0.01388432092 0.1326360845 0.485943306 -0.001796649002 0.03400351842 0.2519264933 -0.996708844 -0.0280003564 -0.07607535955 0.01400034037 0.864893454 -0.5017602053 0.07984654506 -0.5011739151 -0.8616549402 7.676148391e-05 -0.2002090327 0
0.5438719477 0.3138956946 -0.1524201133 -0.01422768538 0.1341894801 0.485348375 -0.001841742253 0.03442257202 0.2518493568 -0.9965434599 -0.02903150067 -0.07783511076 0.01451592144 0.8616788389 -0.5072463569 0.08179499082 -0.5066228879 -0.8582789925 7.906091251e-05 -0.2027187507 0
0.5506052432 0.3177818161 -0.1543071194 -0.01457498412 0.1357388656 0.4847466272 -0.001887385572 0.03484135772 0.2517712796 -0.9963720265 -0.03008632042 -0.07960903297 0.01504334069 0.8584336132 -0.5127040371 0.08376444775 -0.5120415462 -0.85486664 8.14054157e-05 -0.2052284688 0
0.5573385386 0.3216679376 -0.1561941255 -0.01492620464 0.1372841958 0.4841380843 -0.001933578526 0.03525987228 0.2516922624 -0.9961944059 -0.03116500373 -0.08139685633 0.01558269216 0.8551581064 -0.5181329875 0.08575479802 -0.5174295658 -0.8514180871 8.379551175e-05 -0.2077381869 0
0.5640718341 0.3255540591 -0.1580811315 -0.01528133431 0.1388254257 0.4835227682 -0.001980320678 0.03567811247 0.251612306 -0.9960104591 -0.03226773511 -0.08319830876 0.01613406813 0.8518526508 -0.5235329532 0.08776592252 -0.5227866243 -0.84793354 8.623172127e-05 -0.2102479049 0
0.5708051296 0.3294401805 -0.1599681376 -0.01564036035 0.1403625105 0.4829007011 -0.002027611586 0.03609607505 0.251531411 -0.9958200462 -0.03339469535 -0.08501311599 0.016697559 0.8485175815 -0.5289036825 0.08979770092 -0.5281124011 -0.8444132073 8.871456713e-05 -0.212757623 0
0.5775384251 0.333326302 -0.1618551436 -0.01600326986 0.1418954056 0.4822719053 -0.002075450801 0.0365137568 0.2514495784 -0.9956230261 -0.03454606159 -0.08684100155 0.01727325337 0.8451532362 -0.5342449271 0.09185001165 -0.5334065776 -0.8408572996 9.124457443e-05 -0.215267341 0
0.5842717205 0.3372124235 -0.1637421497 -0.01637004977 0.1434240664 0.4816364034 -0.002123837873 0.03693115449 0.2513668088 -0.9954192567 -0.03572200724 -0.08868168688 0.01786123796 0.8417599552 -0.5395564419 0.0939227319 -0.538668837 -0.8372660297 9.382227049e-05 -0.2177770591 0
0.591005016 0.341098545 -0.1656291557 -0.01674068692 0.1449484486 0.4809942183 -0.002172772341 0.03734826489 0.2512831031 -0.995208595 -0.03692270197 -0.0905348913 0.01846159761 0.8383380818 -0.5448379851 0.09601573765 -0.5438988644 -0.8336396124 9.644818469e-05 -0.2202867771 0
0.5977383115 0.3449846665 -0.1675161618 -0.01711516798 0.1464685082 0.480345373 -0.002222253743 0.03776508478 0.2511984621 -0.9949908969 -0.03814831166 -0.09240033209 0.01907441529 0.8348879614 -0.5500893187 0.09812890366 -0.5490963469 -0.8299782648 9.912284855e-05 -0.2227964952 0
0.604471607 0.348870788 -0.1694031679 -0.01749347949 0.147984201 0.4796898909 -0.00227228161 0.03818161095 0.2511128865 -0.9947660175 -0.0393989984 -0.09427772452 0.01969977206 0.8314099424 -0.5553102077 0.1002621035 -0.5542609734 -0.826282206 0.0001018467956 -0.2253062132 0
0.6112049024 0.3527569094 -0.1712901739 -0.01787560786 0.1494954833 0.4790277954 -0.00232285547 0.03859784018 0.2510263772 -0.9945338108 -0.04067492045 -0.09616678189 0.02033774707 0.8279043752 -0.5605004207 0.1024152095 -0.559392435 -0.822551657 0.0001046205613 -0.2278159313 0
0.6179381979 0.3566430309 -0.17317718 -0.01826153938 0.1510023115 0.4783591105 -0.002373974842 0.03901376927 0.2509389351 -0.9942941301 -0.04197623223 -0.09806721554 0.02098841754 0.8243716131 -0.5656597298 0.1045880928 -0.5644904246 -0.8187868412 0.0001074446831 -0.2303256494 0
0.6246714934 0.3605291524 -0.175064186 -0.01865126017 0.1525046421 0.4776838601 -0.002425639244 0.03942939499 0.2508505608 -0.9940468276 -0.04330308427 -0.09997873494 0.02165185876 0.8208120115 -0.5707879105 0.1067806235 -0.5695546371 -0.8149879838 0.0001103197005 -0.2328353674 0
0.6314047889 0.3644152739 -0.1769511921 -0.01904475626 0.1540024319 0.4770020683 -0.002477848186 0.03984471415 0.2507612554 -0.9937917547 -0.04465562317 -0.1019010477 0.02232814405 0.8172259283 -0.575884742 0.1089926703 -0.5745847696 -0.8111553121 0.0001132461545 -0.2353450855 0
0.6381380843 0.3683013954 -0.1788381981 -0.01944201351 0.1554956377 0.4763137598 -0.002530601173 0.04025972354 0.2506710196 -0.9935287621 -0.04603399164 -0.1038338596 0.02301734479 0.8136137237 -0.5809500069 0.1112241009 -0.5795805209 -0.8072890555 0.0001162245883 -0.2378548035 0
0.6448713798 0.3721875169 -0.1807252042 -0.01984301768 0.1569842167 0.4756189592 -0.002583897707 0.04067441997 0.2505798544 -0.9932576996 -0.04743832843 -0.1057768746 0.02371953037 0.80997576 -0.5859834913 0.1134747817 -0.5845415923 -0.8033894453 0.0001192555467 -0.2403645216 0
0.6516046753 0.3760736383 -0.1826122103 -0.02024775437 0.1584681261 0.4749176915 -0.002637737282 0.04108880024 0.2504877605 -0.992978416 -0.04886876828 -0.1077297951 0.02443476818 0.806312402 -0.590984985 0.1157445781 -0.5894676869 -0.7994567147 0.0001223395762 -0.2428742396 0
0.6583379708 0.3799597598 -0.1844992163 -0.02065620907 0.1599473235 0.4742099817 -0.002692119389 0.04150286116 0.2503947388 -0.9926907597 -0.05032544197 -0.1096923216 0.02516312363 0.8026240164 -0.5959542814 0.1180333543 -0.5943585098 -0.7954910993 0.0001254772252 -0.2453839577 0
0.6650712662 0.3838458813 -0.1863862224 -0.02106836714 0.1614217664 0.4734958553 -0.002747043513 0.04191659953 0.2503007904 -0.9923945781 -0.05180847624 -0.111664153 0.02590466011 0.7989109721 -0.6008911775 0.1203409733 -0.5992137686 -0.7914928362 0.0001286690435 -0.2478936757 0
0.6718045617 0.3877320028 -0.1882732284 -0.0214842138 0.1628914128 0.4727753378 -0.002802509134 0.04233001218 0.2502059159 -0.992089718 -0.05331799378 -0.1136449866 0.026659439 0.7951736402 -0.6057954739 0.122667297 -0.6040331725 -0.7874621647 0.0001319155828 -0.2504033938 0
0.6785378572 0.3916181243 -0.1901602345 -0.02190373414 0.1643562205 0.4720484551 -0.002858515726 0.04274309592 0.2501101164 -0.9917760253 -0.05485411323 -0.1156345182 0.02742751962 0.7914123937 -0.610666975 0.1250121862 -0.6088164333 -0.7833993259 0.0001352173963 -0.2529131119 0
0.6852711527 0.3955042458 -0.1920472405 -0.02232691313 0.165816148 0.4713152333 -0.00291506276 0.04315584756 0.2500133928 -0.9914533456 -0.05641694913 -0.117632442 0.02820895928 0.7876276075 -0.6155054887 0.1273755007 -0.6135632647 -0.7793045631 0.0001385750388 -0.2554228299 0
0.6920044481 0.3993903672 -0.1939342466 -0.02275373561 0.1672711536 0.4705756985 -0.002972149699 0.04356826395 0.2499157459 -0.9911215234 -0.05800661191 -0.1196384507 0.02900381322 0.7838196585 -0.6203108267 0.129757099 -0.6182733828 -0.7751781211 0.0001419890666 -0.257932548 0
0.6987377436 0.4032764887 -0.1958212526 -0.0231841863 0.1687211959 0.4698298773 -0.003029776003 0.04398034189 0.2498171768 -0.9907804028 -0.0596232079 -0.1216522356 0.02981213461 0.7799889257 -0.6250828044 0.1321568386 -0.6229465056 -0.7710202469 0.0001454600376 -0.260442266 0
0.7054710391 0.4071626102 -0.1977082587 -0.02361824978 0.1701662338 0.4690777964 -0.003087941127 0.04439207823 0.2497176864 -0.9904298275 -0.06126683926 -0.1236734866 0.03063397457 0.7761357896 -0.6298212411 0.1345745759 -0.6275823536 -0.7668311894 0.0001489885113 -0.2629519841 0
0.7113626726 0.4105629665 -0.199359389 -0.02400100674 0.1714265045 0.4684146119 -0.003139277178 0.04475206482 0.2496298772 -0.9901151946 -0.06272727129 -0.1254479608 0.03136421257 0.7727462183 -0.6339397197 0.1367047461 -0.6316079254 -0.7631403809 0.0001521235367 -0.2651479874 0
0.7180959681 0.414449088 -0.2012463951 -0.02444180223 0.1728620487 0.4676508668 -0.003198451099 0.04516315212 0.2495286618 -0.9897464675 -0.06442185483 -0.12748237 0.03221153033 0.7688521081 -0.6386147925 0.1391558384 -0.6361731372 -0.7588935315 0.0001557613405 -0.2676577054 0
0.7248292636 0.4183352095 -0.2031334011 -0.02488616552 0.1742924713 0.4668809399 -0.003258162243 0.04557388873 0.2494265278 -0.9893678325 -0.0661437442 -0.1295233461 0.03307250196 0.7649366986 -0.6432558253 0.1416245095 -0.6407002827 -0.7546162244 0.0001594582632 -0.2701674235 0
0.7315625591 0.422221331 -0.2050204072 -0.02533408069 0.1757177317 0.4661048589 -0.003318410043 0.04598427149 0.2493234762 -0.9889791308 -0.06789302535 -0.1315705741 0.03394717045 0.7610003771 -0.6478626519 0.1441106119 -0.645189091 -0.7503087154 0.0001632148697 -0.2726771415 0
0.7382958545 0.4261074524 -0.2069074132 -0.02578553174 0.1771377898 0.4653226514 -0.003379193928 0.04639429725 0.2492195079 -0.9885802034 -0.06966977997 -0.1336237374 0.03483557668 0.7570435324 -0.6524351099 0.1466139968 -0.6496392936 -0.7459712623 0.0001670317264 -0.2751868596 0
0.74502915 0.4299935739 -0.2087944193 -0.02624050253 0.1785526056 0.4645343454 -0.003440513324 0.04680396286 0.2491146241 -0.9881708907 -0.07147408553 -0.1356825187 0.03573775941 0.753066555 -0.6569730408 0.1491345143 -0.6540506241 -0.7416041247 0.0001709094009 -0.2776965777 0
0.7517624455 0.4338796954 -0.2106814253 -0.02669897679 0.1799621393 0.4637399692 -0.003502367649 0.04721326518 0.2490088256 -0.9877510327 -0.07330601522 -0.1377465993 0.03665375525 0.7490698366 -0.66147629 0.1516720136 -0.6584228186 -0.7372075639 0.0001748484623 -0.2802062957 0
0.758495741 0.4377658169 -0.2125684314 -0.02716093815 0.1813663515 0.462939551 -0.003564756317 0.04762220107 0.2489021135 -0.9873204689 -0.07516563796 -0.1398156594 0.0375835987 0.7450537705 -0.6659447065 0.1542263429 -0.6627556155 -0.7327818429 0.0001788494808 -0.2827160138 0
0.7652290364 0.4416519384 -0.2144554375 -0.0276263701 0.1827652026 0.4621331195 -0.003627678737 0.04803076739 0.2487944888 -0.9868790385 -0.07705301837 -0.1418893783 0.03852732209 0.7410187515 -0.6703781436 0.1567973494 -0.6670487556 -0.7283272265 0.0001829130281 -0.2852257318 0
0.7719623319 0.4455380599 -0.2163424435 -0.02809525603 0.1841586537 0.4613207034 -0.003691134314 0.04843896102 0.2486859525 -0.9864265804 -0.0789682168 -0.1439674344 0.03948495562 0.7369651755 -0.6747764581 0.1593848792 -0.6713019819 -0.7238439814 0.0001870396771 -0.2877354499 0
0.7786956274 0.4494241813 -0.2182294496 -0.02856757919 0.1855466657 0.4605023318 -0.003755122446 0.04884677882 0.2485765057 -0.9859629331 -0.08091128923 -0.146049505 0.04045652732 0.7328934398 -0.6791395109 0.1619887775 -0.6755150399 -0.7193323757 0.0001912300018 -0.2902451679 0
0.7854289229 0.4533103028 -0.2201164556 -0.02904332272 0.1869291999 0.4596780339 -0.003819642527 0.04925421767 0.2484661494 -0.9854879346 -0.08288228737 -0.1481352666 0.04144206306 0.728803943 -0.6834671668 0.1646088885 -0.6796876776 -0.7147926795 0.0001954845779 -0.292754886 0
0.7921622183 0.4571964243 -0.2220034617 -0.02952246966 0.188306218 0.4588478391 -0.003884693946 0.04966127445 0.2483548846 -0.9850014229 -0.08488125854 -0.1502243948 0.04244158654 0.7246970848 -0.6877592944 0.1672450554 -0.6838196453 -0.7102251644 0.0001998039817 -0.295264604 0
0.7988955138 0.4610825458 -0.2238904677 -0.03000500292 0.1896776815 0.458011777 -0.003950276086 0.05006794604 0.2482427125 -0.9845032357 -0.08690824575 -0.1523165643 0.04345511928 0.7205732659 -0.6920157665 0.1698971205 -0.6879106957 -0.7056301036 0.0002041887912 -0.2977743221 0
0.8056288093 0.4649686673 -0.2257774738 -0.03049090528 0.1910435525 0.4571698774 -0.004016388327 0.05047422934 0.248129634 -0.9839932102 -0.08896328762 -0.1544114494 0.04448268064 0.7164328884 -0.6962364595 0.1725649251 -0.6919605841 -0.7010077722 0.0002086395854 -0.3002840402 0
0.8123621048 0.4688547888 -0.2276644799 -0.03098015942 0.1924037931 0.4563221703 -0.004083030041 0.05088012123 0.2480156503 -0.9834711837 -0.0910464184 -0.1565087232 0.04552428775 0.7122763551 -0.7004212541 0.1752483095 -0.6959690681 -0.6963584467 0.0002131569445 -0.3027937582 0
0.8190954002 0.4727409102 -0.2295514859 -0.03147274792 0.1937583658 0.4554686859 -0.004150200598 0.05128561861 0.2479007625 -0.9829369932 -0.09315766798 -0.1586080586 0.04657995561 0.7081040699 -0.7045700348 0.1779471132 -0.6999359078 -0.6916824053 0.0002177414498 -0.3053034763 0
0.8258286957 0.4766270317 -0.231438492 -0.03196865321 0.1951072331 0.4546094547 -0.00421789936 0.05169071838 0.2477849717 -0.9823904755 -0.09529706185 -0.1607091275 0.04764969698 0.7039164378 -0.7086826899 0.1806611747 -0.703860866 -0.6869799279 0.0002223936839 -0.3078131943 0
0.8325619912 0.4805131532 -0.233325498 -0.03246785765 0.1964503579 0.4537445072 -0.004286125687 0.05209541745 0.2476682789 -0.9818314672 -0.09746462109 -0.1628116014 0.04873352243 0.6997138643 -0.7127591121 0.1833903316 -0.7077437077 -0.6822512957 0.0002271142303 -0.3103229124 0
0.8392952867 0.4843992747 -0.2352125041 -0.03297034346 0.1977877033 0.4528738743 -0.004354878932 0.05249971272 0.2475506852 -0.9812598051 -0.09966036239 -0.1649151513 0.04983144035 0.695496756 -0.7167991978 0.1861344206 -0.7115842006 -0.6774967918 0.0002319036739 -0.3128326304 0
0.8460285821 0.4882853962 -0.2370995101 -0.03347609274 0.1991192326 0.4519975869 -0.004424158443 0.05290360111 0.2474321919 -0.9806753254 -0.101884298 -0.1670194477 0.05094345689 0.6912655202 -0.7208028474 0.1888932775 -0.715382115 -0.6727167006 0.0002367626005 -0.3153423485 0
0.8527618776 0.4921715177 -0.2389865162 -0.03398508752 0.2004449093 0.4511156761 -0.004493963564 0.05330707953 0.2473128 -0.9800778648 -0.1041364359 -0.1691241604 0.05206957603 0.6870205649 -0.7247699654 0.1916667372 -0.7191372235 -0.6679113082 0.000241691597 -0.3178520665 0
0.8594951731 0.4960576391 -0.2408735223 -0.03449730968 0.2017646973 0.4502281735 -0.004564293634 0.0537101449 0.2471925106 -0.9794672596 -0.1064167793 -0.1712289592 0.05320979951 0.6827622987 -0.7287004603 0.1944546338 -0.7228493015 -0.6630809021 0.0002466912516 -0.3203617846 0
0.8662284686 0.4999437606 -0.2427605283 -0.03501274101 0.2030785604 0.4493351104 -0.004635147985 0.05411279416 0.247071325 -0.9788433462 -0.1087253274 -0.1733335133 0.05436412687 0.6784911308 -0.7325942445 0.1972568005 -0.7265181268 -0.6582257714 0.0002517621534 -0.3228715027 0
0.872961764 0.5038298821 -0.2446475344 -0.03553136318 0.204386463 0.4484365188 -0.004706525948 0.05451502422 0.2469492442 -0.978205961 -0.1110620747 -0.1754374915 0.05553255542 0.6742074712 -0.7364512347 0.2000730695 -0.73014348 -0.6533462065 0.0002569048925 -0.3253812207 0
0.8796950595 0.5077160036 -0.2465345404 -0.03605315778 0.2056883696 0.4475324304 -0.004778426844 0.05491683204 0.2468262695 -0.9775549405 -0.1134270113 -0.1775405627 0.05671508026 0.6699117301 -0.7402713513 0.2029032725 -0.7337251441 -0.6484424994 0.0002621200602 -0.3278909388 0
0.886428355 0.5116021251 -0.2484215465 -0.03657810626 0.2069842448 0.4466228775 -0.004850849992 0.05531821453 0.246702402 -0.9768901212 -0.1158201229 -0.1796423953 0.05791169429 0.6656043182 -0.744054519 0.2057472399 -0.7372629047 -0.6435149436 0.0002674082487 -0.3304006568 0
0.8931616505 0.5154882466 -0.2503085525 -0.03710618998 0.2082740537 0.4457078923 -0.004923794707 0.05571916866 0.2465776429 -0.9762113398 -0.1182413909 -0.1817426575 0.05912238815 0.6612856468 -0.7478006663 0.2086048017 -0.7407565503 -0.6385638338 0.0002727700514 -0.3329103749 0
0.8998949459 0.519374368 -0.2521955586 -0.0376373902 0.2095577613 0.4447875072 -0.004997260296 0.05611969136 0.2464519933 -0.975518433 -0.1206907919 -0.1838410175 0.06034715028 0.6569561273 -0.751509726 0.2114757868 -0.7442058717 -0.6335894665 0.0002782060626 -0.3354200929 0
0.9066282414 0.5232604895 -0.2540825647 -0.03817168806 0.2108353332 0.4438617551 -0.005071246064 0.05651977959 0.2463254545 -0.9748112376 -0.1231682983 -0.1859371435 0.06158596691 0.6526161716 -0.7551816346 0.2143600236 -0.7476106626 -0.6285921391 0.0002837168776 -0.337929811 0
0.9133615369 0.527146611 -0.2559695707 -0.03870906462 0.2121067351 0.4429306686 -0.005145751308 0.05691943031 0.2461980277 -0.9740895908 -0.1256738781 -0.1880307033 0.06283882202 0.6482661916 -0.7588163331 0.2172573393 -0.7509707193 -0.6235721508 0.0002893030929 -0.340439529 0
0.9200948324 0.5310327325 -0.2578565768 -0.03924950081 0.2133719328 0.4419942808 -0.005220775324 0.05731864047 0.2460697141 -0.9733533299 -0.1282074948 -0.1901213651 0.06410569738 0.6439065995 -0.762413766 0.2201675607 -0.7542858406 -0.6185298019 0.0002949653056 -0.3429492471 0
0.9268281278 0.534918854 -0.2597435828 -0.03979297748 0.2146308925 0.441052625 -0.005296317399 0.05771740705 0.245940515 -0.9726022923 -0.1307691073 -0.1922087971 0.06538657254 0.6395378078 -0.7659738824 0.2230905135 -0.7575558283 -0.6134653942 0.0003007041142 -0.3454589652 0
0.9335614233 0.5388049755 -0.2616305889 -0.04033947538 0.2158835807 0.4401057344 -0.005372376818 0.05811572701 0.2458104315 -0.9718363157 -0.1333586702 -0.1942926673 0.06668142482 0.6351602289 -0.769496635 0.226026023 -0.7607804866 -0.6083792306 0.000306520118 -0.3479686832 0
0.9402947188 0.542691097 -0.2635175949 -0.04088897513 0.217129964 0.4391536427 -0.005448952858 0.05851359733 0.2456794648 -0.9710552382 -0.1359761336 -0.1963726441 0.06799022933 0.6307742751 -0.7729819808 0.2289739133 -0.7639596226 -0.6032716155 0.0003124139171 -0.3504784013 0
