0.006428485677 0.006195453071 0.003168922015 -3.385313921e-06 0.001639252959 0.5099964874 -4.237633887e-07 0.0004082199686 0.2549995643 -0.9999999998 -8.35220294e-08 -1.971495694e-05 4.258165233e-08 0.9999795437 -0.006396259121 1.971508788e-05 -0.006396259121 -0.9999795435 3.878606621e-08 0.004214666279 0
0.01253553206 0.01208111903 0.006179390531 -1.287248159e-05 0.003196479939 0.5099866433 -1.619791135e-06 0.0007974214038 0.2549983347 -0.9999999972 -6.225704617e-07 -7.496312652e-05 3.124353662e-07 0.9999222187 -0.01247223063 7.496506064e-05 -0.01247223062 -0.9999222159 8.124795903e-08 0.008218589406 0
0.01864257845 0.01796678498 0.009189859048 -2.846955763e-05 0.004753591948 0.5099704596 -3.595479057e-06 0.001187350478 0.2549963033 -0.9999999863 -2.049184625e-06 -0.0001657857869 1.026048916e-06 0.9998279838 -0.01854731393 0.0001657952759 -0.01854731384 -0.99982797 7.741005109e-08 0.01222251253 0
0.02474962484 0.02385245094 0.01220032756 -5.017586885e-05 0.006310532981 0.5099479368 -6.350634925e-06 0.001577445134 0.2549934704 -0.9999999573 -4.795530766e-06 -0.0002921697634 2.399457165e-06 0.9996968553 -0.02462107648 0.0002921992648 -0.02462107613 -0.9996968127 2.950979939e-08 0.01622643566 0
0.03153523193 0.03039207978 0.01554529258 -8.145799638e-05 0.008040198828 0.5099154781 -1.032471686e-05 0.002010859101 0.2549893841 -0.9999998875 -9.920143895e-06 -0.0004742816489 4.961827928e-06 0.9995079149 -0.03136762669 0.0004743594333 -0.03136762552 -0.9995078024 7.012000857e-08 0.02067523913 0
0.03764227832 0.03627774573 0.0185557611 -0.0001160581846 0.009596595036 0.5098795765 -1.472208997e-05 0.002400866027 0.2549848625 -0.9999997716 -1.687043621e-05 -0.0006756730431 8.436686607e-06 0.999298983 -0.03743718161 0.0006758309664 -0.03743717876 -0.9992987546 1.889581401e-07 0.02467916226 0
0.04374932471 0.04216341169 0.02156622962 -0.0001567638276 0.0111526461 0.5098373397 -1.989652432e-05 0.00279080728 0.254979542 -0.9999995833 -2.648278656e-05 -0.000912551798 1.324201046e-05 0.9990532496 -0.04350407177 0.0009128399482 -0.04350406573 -0.9990528329 3.355762629e-07 0.02868308539 0
0.0498563711 0.04804907764 0.02457669813 -0.0002035731685 0.01270829605 0.5097887697 -2.584775947e-05 0.003180686732 0.2549734227 -0.9999992973 -3.918763371e-05 -0.001184883561 1.959270067e-05 0.9987707576 -0.04956786596 0.001185369499 -0.04956785434 -0.998770055 5.081975975e-07 0.03268700852 0
0.05596341748 0.0539347436 0.02758716665 -0.0002564841872 0.01426348898 0.5097338685 -3.257561344e-05 0.003570508234 0.2549665048 -0.9999988845 -5.541476377e-05 -0.001492628841 2.770323013e-05 0.9984515562 -0.05562813343 0.001493400209 -0.05562811273 -0.9984504408 7.060018907e-07 0.03669093164 0
0.06207046387 0.05982040955 0.03059763516 -0.0003154946001 0.01581816895 0.5096726385 -4.00799418e-05 0.003960274251 0.2549587885 -0.9999983122 -7.559321949e-05 -0.001835743019 3.778758391e-05 0.9980957008 -0.06168444404 0.001836910141 -0.06168440929 -0.9980940133 9.285834268e-07 0.04069485477 0
0.06817751026 0.06570607551 0.03360810368 -0.0003806018605 0.01737228009 0.5096050824 -4.836061687e-05 0.004349985849 0.254950274 -0.9999975437 -0.0001001512097 -0.002214176351 5.005919987e-05 0.9977032534 -0.06773636823 0.002215874828 -0.06773631269 -0.9977007978 1.175762829e-06 0.0446987779 0
0.07428455664 0.07159174147 0.0366185722 -0.0004518031588 0.01892576653 0.5095312029 -5.741751684e-05 0.004739642963 0.2549409613 -0.9999965387 -0.0001295160189 -0.002627873983 6.473090936e-05 0.9972742824 -0.07378347719 0.002630267283 -0.07378339191 -0.9972708222 1.447495633e-06 0.04870270102 0
0.08039160303 0.07747740742 0.03962904071 -0.0005290954222 0.02047857244 0.5094510035 -6.725051983e-05 0.005129244677 0.2549308506 -0.9999952532 -0.000164113917 -0.003076775957 8.201487804e-05 0.9968088623 -0.07982534285 0.003080057991 -0.07982521628 -0.9968041172 1.743823643e-06 0.05270662415 0
0.08649864942 0.08336307338 0.04263950923 -0.0006124753155 0.02203064202 0.5093644874 -7.785950052e-05 0.005518789439 0.2549199419 -0.9999936394 -0.0002043700696 -0.003560817223 0.0001021225468 0.9963070741 -0.085861538 0.003565214917 -0.08586135551 -0.9963007161 2.064847587e-06 0.05671054728 0
0.09328425651 0.08990270222 0.04598447425 -0.0007122550692 0.02375423237 0.5092609545 -9.055719495e-05 0.005951547687 0.2549068856 -0.9999913983 -0.0002562509763 -0.004139768137 0.000128032338 0.9957069841 -0.09256125241 0.004145714958 -0.09256098625 -0.9956983865 2.45068102e-06 0.06115935075 0
0.0993913029 0.09578836817 0.04899494277 -0.0008084744909 0.02530456441 0.509161116 -0.0001028039134 0.006340965161 0.254894293 -0.9999889175 -0.0003098430685 -0.004697755896 0.0001547919135 0.9951287131 -0.09858407766 0.004705417372 -0.09858371228 -0.9951176366 2.824352321e-06 0.06516327388 0
0.1054983493 0.1016740341 0.05200541128 -0.0009107694875 0.02685398677 0.5090549733 -0.0001158261803 0.006730318358 0.2548809029 -0.9999859358 -0.0003704081121 -0.00529064815 0.0001850277304 0.9945143663 -0.1045999094 0.005300370247 -0.1045994172 -0.9945003107 3.223267321e-06 0.069167197 0
0.1116053957 0.1075597001 0.0550158798 -0.001019135645 0.02840244381 0.5089425311 -0.0001296238421 0.007119604426 0.2548667155 -0.9999823903 -0.0004383657913 -0.005918359058 0.0002189476339 0.9938640504 -0.1106083245 0.005930531211 -0.1106076725 -0.9938464527 3.647654614e-06 0.07317112013 0
0.1177124421 0.113445366 0.05802634831 -0.001133568289 0.02994987995 0.5088237943 -0.000144196737 0.00750882037 0.254851731 -0.9999782141 -0.0005141342298 -0.006580797757 0.0002567584451 0.9931778785 -0.1166089011 0.006595855382 -0.1166080504 -0.9931561092 4.097762569e-06 0.07717504326 0
0.1238194884 0.119331032 0.06103681683 -0.001254062483 0.03149623963 0.5086987679 -0.0001595446951 0.007897963076 0.2548359496 -0.9999733371 -0.0005981299024 -0.007277868381 0.0002986659038 0.9924559698 -0.1226012187 0.007296295377 -0.1226001234 -0.9924293294 4.573857477e-06 0.08117896639 0
0.1299265348 0.1252166979 0.06404728535 -0.001380613027 0.03304146738 0.5085674573 -0.0001756675376 0.008287029341 0.2548193713 -0.9999676851 -0.0006907675471 -0.00800947008 0.0003448746105 0.9916984498 -0.1285848578 0.008031801309 -0.1285834649 -0.991666165 5.076222206e-06 0.08518288951 0
0.1360335812 0.1311023639 0.06705775386 -0.001513214464 0.03458550775 0.5084298683 -0.0001925650773 0.008676015894 0.2548019965 -0.9999611806 -0.0007924600772 -0.008775497038 0.0003955879693 0.9909054502 -0.1345594007 0.008802320797 -0.1345576487 -0.9908666703 5.605155179e-06 0.08918681264 0
0.1421406276 0.1369880299 0.07006822238 -0.001651861074 0.03612830538 0.5082860067 -0.0002102371181 0.009064919403 0.2547838253 -0.9999537423 -0.0009036184943 -0.009575838493 0.0004510081301 0.9900771086 -0.1405244308 0.009607798962 -0.1405222492 -0.9900309024 6.160969588e-06 0.09319073577 0
0.148247674 0.1428736958 0.0730786909 -0.001796546876 0.03766980493 0.5081358787 -0.0002286834552 0.009453736493 0.2547648579 -0.9999452856 -0.001024651801 -0.01041037876 0.0005113359326 0.9892135689 -0.1464795332 0.01044817844 -0.1464768418 -0.9891589207 6.743992756e-06 0.09719465889 0
0.1550332811 0.1494133247 0.07642365591 -0.001964384284 0.03938099258 0.5079617284 -0.0002500872505 0.009885649975 0.2547428495 -0.999934587 -0.001171209767 -0.01137760859 0.0005843652662 0.9882129812 -0.1530841673 0.01142279417 -0.1530808023 -0.9881476548 7.424122879e-06 0.1016434624 0
0.1611403275 0.1552989906 0.07943412443 -0.002121798685 0.04091957039 0.5077983931 -0.0002701675009 0.01027427338 0.2547222021 -0.9999236856 -0.001314423718 -0.01228394437 0.0006557069691 0.9872756342 -0.1590169557 0.01233665463 -0.1590128751 -0.9871994289 8.065722268e-06 0.1056473855 0
0.1672473739 0.1611846566 0.08244459295 -0.002285232013 0.04245667844 0.5076288124 -0.0002910213539 0.01066279967 0.2547007591 -0.9999114792 -0.001468771291 -0.01322408779 0.0007325721512 0.9863035753 -0.164938536 0.01328522205 -0.1649336231 -0.9862151909 8.735633669e-06 0.1096513086 0
0.1733544203 0.1670703225 0.08545506146 -0.00245467722 0.04399226168 0.5074529938 -0.0003126485684 0.01105122533 0.254678521 -0.9998978685 -0.001634652369 -0.01419790312 0.0008151556723 0.9852969733 -0.1708485 0.01426842887 -0.1708426245 -0.9851950109 9.434237562e-06 0.1136552317 0
0.1794614666 0.1729559885 0.08846552998 -0.002630127 0.04552626515 0.5072709447 -0.0003350488943 0.01143954688 0.2546554879 -0.9998827508 -0.001812464398 -0.01520524986 0.0009036507958 0.9842560027 -0.1767464416 0.01528620508 -0.1767394585 -0.9841389616 1.016192639e-05 0.1176591549 0
0.185568513 0.1788416544 0.0914759985 -0.00281157379 0.04705863394 0.5070826731 -0.0003582220727 0.0118277608 0.2546316601 -0.9998660198 -0.002002602304 -0.01624598272 0.0009982491332 0.983180844 -0.1826319566 0.01633847818 -0.1826237051 -0.9830471181 1.091910424e-05 0.121663078 0
0.1916755594 0.1847273204 0.09448646701 -0.002999009768 0.04858931323 0.506888187 -0.0003821678358 0.01221586354 0.2546070379 -0.999847566 -0.002205458412 -0.01731995166 0.00109914059 0.9820716835 -0.1885046427 0.01742517323 -0.1884949453 -0.9819195583 1.170618656e-05 0.1256670011 0
0.1977826058 0.1906129863 0.09749693553 -0.003192426853 0.0501182483 0.5066874948 -0.0004068859067 0.01260385159 0.2545816215 -0.9998272762 -0.002421422356 -0.0184270019 0.001206513311 0.9809287136 -0.1943640997 0.01854621284 -0.1943527608 -0.9807563624 1.25235998e-05 0.1296709243 0
0.2038896522 0.1964986523 0.100507404 -0.00339181671 0.05164538448 0.5064806052 -0.0004323760001 0.01299172138 0.2545554113 -0.9998050342 -0.002650881005 -0.01956697397 0.001320553626 0.9797521321 -0.2002099295 0.01970151717 -0.2001967346 -0.9795576132 1.337178121e-05 0.1336748474 0
0.2106752593 0.2030382811 0.1038523691 -0.003620355637 0.05334002628 0.5062434702 -0.0004616034257 0.01342254481 0.2545253582 -0.9997778853 -0.002922129152 -0.02087202185 0.001455309398 0.9784056464 -0.2066888318 0.02102527549 -0.2066732984 -0.9781840755 1.435083599e-05 0.1381236509 0
0.2167823057 0.2089239471 0.1068628376 -0.003832326147 0.05486318572 0.5060235267 -0.0004887223659 0.0138101533 0.2544974731 -0.9997511244 -0.003181334141 -0.02208095094 0.001584029174 0.9771587833 -0.2125045954 0.02225264328 -0.2124866851 -0.976910553 1.526545502e-05 0.142127574 0
0.2228893521 0.214809613 0.1098733061 -0.004050241852 0.05638437681 0.5057974144 -0.0005166123829 0.01419763247 0.2544687951 -0.9997220278 -0.003455218822 -0.02332227603 0.001719984054 0.9758789613 -0.2183055074 0.0235140118 -0.2182849385 -0.9756017512 1.62122682e-05 0.1461314971 0
0.2289963984 0.220695279 0.1128837746 -0.004274093364 0.05790354525 0.5055651431 -0.0005452731546 0.01458497877 0.2544393246 -0.9996904656 -0.003744157823 -0.02459581867 0.001863352354 0.9745664018 -0.2240911788 0.02480929124 -0.2240676456 -0.9742577633 1.719175407e-05 0.1501354202 0
0.2351034448 0.226580945 0.1158942431 -0.004503871039 0.05942063687 0.5053267227 -0.0005747043498 0.01497218862 0.2544090619 -0.9996563045 -0.004048522592 -0.02590139586 0.002014310303 0.9732213317 -0.2298612235 0.02613838933 -0.2298343946 -0.972878685 1.820440051e-05 0.1541393434 0
0.2412104912 0.2324666109 0.1189047116 -0.00473956498 0.06093559758 0.5050821634 -0.0006049056287 0.01535925845 0.2543780073 -0.9996194082 -0.004368681315 -0.02723882012 0.002173031996 0.9718439836 -0.2356152573 0.02750121142 -0.2355847749 -0.9714646145 1.925070455e-05 0.1581432665 0
0.2473175376 0.2383522769 0.1219151802 -0.004981165034 0.06244837338 0.504831476 -0.0006358766423 0.0157461847 0.2543461613 -0.9995796372 -0.00470499884 -0.02860789947 0.002339689344 0.9704345954 -0.241352899 0.02889766046 -0.2413183768 -0.9700156526 2.033117202e-05 0.1621471896 0
0.253424584 0.2442379428 0.1249256487 -0.005228660796 0.06395891041 0.504574671 -0.000667617033 0.01613296378 0.2543135241 -0.9995368487 -0.005057836599 -0.03000843752 0.00251445202 0.9689934106 -0.2470737698 0.03032763697 -0.2470347921 -0.9685319024 2.144631738e-05 0.1661511127 0
0.2595316304 0.2501236088 0.1279361172 -0.00548204161 0.06546715489 0.5043117597 -0.0007001264342 0.01651959214 0.2542800961 -0.9994908971 -0.00542755253 -0.03144023348 0.002697487413 0.967520678 -0.2527774936 0.03179103913 -0.2527336135 -0.9670134696 2.259666344e-05 0.1701550359 0
0.2656386768 0.2560092747 0.1309465857 -0.005741296564 0.06697305316 0.5040427532 -0.0007334044704 0.01690606619 0.2542458778 -0.9994416335 -0.005814501004 -0.03290308219 0.002888960575 0.9660166516 -0.2584636971 0.03328776271 -0.2584144353 -0.9654604624 2.37827411e-05 0.174158959 0
0.2724242839 0.2625489036 0.1342915507 -0.006036233465 0.06864345659 0.5037367227 -0.0007712810838 0.01733529649 0.2542069309 -0.9993828269 -0.006265081217 -0.03456463462 0.00311180245 0.9643091245 -0.2647607016 0.03498973985 -0.2647048567 -0.9636944832 2.514316816e-05 0.1786077625 0
0.2785313303 0.2684345695 0.1373020192 -0.006307852425 0.07014422602 0.5034548872 -0.000806180521 0.01772143306 0.2541710453 -0.9993260691 -0.006689556749 -0.03609234604 0.003321619915 0.962739892 -0.2704087039 0.0365564557 -0.2703463522 -0.9620688517 2.640645781e-05 0.1826116856 0
0.2846383766 0.2743202355 0.1403124878 -0.006585309978 0.07164248302 0.5031669935 -0.0008418473683 0.0181074042 0.2541343705 -0.9992655171 -0.007132343671 -0.03765044451 0.003540373181 0.9611401901 -0.2760380421 0.03815615358 -0.2759685936 -0.9604089979 2.770718002e-05 0.1866156087 0
0.290745423 0.2802059014 0.1433229563 -0.006868594183 0.07313817439 0.502873054 -0.0008782812139 0.01849320636 0.2540969071 -0.99920101 -0.007593780901 -0.03923870737 0.003768217193 0.9595102943 -0.2816483547 0.03978871955 -0.2815711805 -0.9587150401 2.904589657e-05 0.1906195319 0
0.2968524694 0.2860915674 0.1463334248 -0.00715769285 0.07463124708 0.5025730813 -0.0009154816371 0.01887883596 0.2540586554 -0.9991323838 -0.00807420341 -0.04085690779 0.004005304314 0.9578504851 -0.287239283 0.04145403734 -0.2871537139 -0.9569870989 3.042317613e-05 0.194623455 0
0.3029595158 0.2919772334 0.1493438933 -0.007452593542 0.07612164815 0.5022670884 -0.0009534482082 0.01926428943 0.2540196159 -0.9990594718 -0.008573942151 -0.04250481484 0.004251784282 0.9561610482 -0.2928104715 0.04315198835 -0.2927157963 -0.9552252972 3.183959408e-05 0.1986273781 0
0.3090665622 0.2978628993 0.1523543618 -0.007753283573 0.07760932479 0.5019550884 -0.0009921804888 0.0196495632 0.253979789 -0.9989821046 -0.009093323992 -0.04418219351 0.004507804164 0.9544422741 -0.2983615677 0.04488245165 -0.2982570315 -0.9534297608 3.329573228e-05 0.2026313012 0
0.3151736086 0.3037485653 0.1553648303 -0.008059750008 0.07909422432 0.5016370947 -0.001031678032 0.0200346537 0.2539391752 -0.9989001097 -0.009632671641 -0.04588880477 0.004773508307 0.9526944583 -0.3038922223 0.04664530399 -0.3037770248 -0.9516006173 3.479217888e-05 0.2066352244 0
0.321280655 0.3096342312 0.1583752989 -0.008371979668 0.0805762942 0.501313121 -0.001071940381 0.02041955737 0.2538977749 -0.9988133124 -0.01019230358 -0.0476244056 0.005049038302 0.9509179009 -0.3094020894 0.04844041983 -0.3092753832 -0.9497379971 3.632952808e-05 0.2106391475 0
0.3273877013 0.3155198972 0.1613857674 -0.008689959127 0.08205548201 0.5009831812 -0.001112967071 0.02080427065 0.2538555886 -0.9987215348 -0.01077253401 -0.04938874904 0.005334532931 0.9491129071 -0.3148908261 0.05026767131 -0.314751715 -0.9478420328 3.790837996e-05 0.2146430706 0
0.3341733084 0.322059526 0.1647307324 -0.009049996592 0.08369558026 0.5006096015 -0.001159448156 0.02123150221 0.2538077938 -0.9986134993 -0.01144176989 -0.05138253587 0.005663601338 0.9470743838 -0.3209642271 0.05233548233 -0.3208102202 -0.9456964629 3.971207275e-05 0.2190918741 0
0.3402803548 0.327945192 0.1677412009 -0.009380069323 0.08516851222 0.5002671135 -0.001202086889 0.02161580185 0.2537639499 -0.9985106126 -0.01206649807 -0.0532067297 0.005970575303 0.9452103802 -0.3264072446 0.05423014559 -0.3262387726 -0.9437305519 4.138053729e-05 0.2230957972 0
0.3463874012 0.3338308579 0.1707516694 -0.009715848518 0.08663839996 0.4999187045 -0.001245488461 0.02199990001 0.2537193215 -0.9984021764 -0.01271277404 -0.05505887312 0.006287927265 0.9433189189 -0.3318280869 0.05615653216 -0.3316440903 -0.9417317247 4.309240683e-05 0.2270997203 0
0.3524944476 0.3397165239 0.1737621379 -0.01005731975 0.08810519164 0.4995643894 -0.001289652371 0.02238379315 0.2536739092 -0.9982880024 -0.01338089364 -0.05693870349 0.006615784029 0.9414003238 -0.337226425 0.05811450483 -0.3370257884 -0.9397001236 4.484830353e-05 0.2311036435 0
0.358601494 0.3456021898 0.1767726065 -0.01040446834 0.08956883558 0.4992041833 -0.001334578108 0.02276747771 0.2536277135 -0.9981678999 -0.01407114807 -0.05884595443 0.006954269378 0.9394549234 -0.3426019339 0.06010392415 -0.3423834835 -0.9376358934 4.664885449e-05 0.2351075666 0
0.3647085404 0.3514878558 0.179783075 -0.01075727939 0.09102928026 0.4988381018 -0.001380265153 0.02315095014 0.2535807349 -0.9980416759 -0.01478382386 -0.06078035593 0.007303504037 0.9374830503 -0.3479542918 0.06212464844 -0.3477167941 -0.935539181 4.849469155e-05 0.2391114897 0
0.3708155868 0.3573735217 0.1827935435 -0.01111573772 0.09248647429 0.4984661606 -0.001426712981 0.02353420689 0.253532974 -0.997909135 -0.0155192028 -0.06274163438 0.00766360563 0.9354850418 -0.3532831806 0.06417653379 -0.3530253403 -0.9334101358 5.038645109e-05 0.2431154129 0
0.3769226332 0.3632591877 0.185804012 -0.01147982797 0.09394036647 0.4980883757 -0.001473921053 0.02391724442 0.2534844313 -0.9977700793 -0.01627756185 -0.06472951261 0.008034688646 0.9334612391 -0.3585882861 0.06625943405 -0.3583087441 -0.9312489094 5.232477393e-05 0.247119336 0
0.3830296795 0.3691448537 0.1888144805 -0.01184953448 0.09539090571 0.4977047632 -0.001521888825 0.02430005917 0.2534351074 -0.9976243089 -0.0170591731 -0.06674370995 0.008416864396 0.9314119877 -0.3638692975 0.06837320088 -0.3635666292 -0.9290556558 5.431030511e-05 0.2511232591 0
0.3898152866 0.3756844825 0.1921594455 -0.01226688716 0.09699862163 0.4972717124 -0.001576076682 0.02472514331 0.2533793875 -0.9974542205 -0.01795522592 -0.06901222944 0.008854645483 0.9291056197 -0.3697084564 0.07075784906 -0.369378339 -0.9265813345 5.657260833e-05 0.2555720626 0
0.395922333 0.3815701485 0.1951699141 -0.01264839782 0.09844191551 0.4968758518 -0.001625646437 0.02510747615 0.2533284162 -0.9972936079 -0.01878679644 -0.07108105224 0.009260590263 0.9270037961 -0.3749375994 0.07293628162 -0.3745811238 -0.9243209835 5.865993811e-05 0.2595759857 0
0.4020293794 0.3874558144 0.1981803826 -0.0130354746 0.09988169862 0.4964742157 -0.00167597414 0.0254895752 0.2532766655 -0.9971256442 -0.0196424339 -0.07317529919 0.009677953367 0.9248776245 -0.3801417063 0.07514510523 -0.3797572309 -0.9220290986 6.079650854e-05 0.2635799088 0
0.4081364258 0.3933414804 0.2011908511 -0.01342810088 0.1013179206 0.4960668214 -0.001727059211 0.02587143694 0.253224136 -0.9969501208 -0.02052238977 -0.07529467579 0.01010683267 0.9227274668 -0.385320482 0.07738416257 -0.3849062918 -0.9197058431 6.298298057e-05 0.267583832 0
0.4142434722 0.3992271463 0.2042013196 -0.01382625982 0.1027505312 0.4956536863 -0.001778901059 0.02625305783 0.2531708282 -0.9967668267 -0.02142691034 -0.07743888431 0.01054732267 0.9205536887 -0.3904736357 0.07965329418 -0.3900279397 -0.9173513825 6.522001863e-05 0.2715877551 0
0.4203505186 0.4051128123 0.2072117881 -0.01422993435 0.1041794804 0.4952348282 -0.001831499088 0.02663443436 0.2531167427 -0.996575549 -0.02235623673 -0.07960762386 0.0109995145 0.9183566595 -0.3956008805 0.08195233845 -0.3951218098 -0.9149658844 6.750829052e-05 0.2755916782 0
0.426457565 0.4109984782 0.2102222566 -0.01463910714 0.1056047183 0.494810265 -0.001884852688 0.02701556299 0.2530618803 -0.9963760731 -0.02331060477 -0.08180059042 0.01146349585 0.9161367523 -0.4007019332 0.08428113165 -0.4001875395 -0.9125495187 6.984846731e-05 0.2795956013 0
0.4325646113 0.4168841442 0.2132327252 -0.01505376067 0.1070261952 0.4943800149 -0.001938961245 0.0273964402 0.2530062416 -0.9961681824 -0.02429024496 -0.08401747693 0.01193935094 0.9138943438 -0.4057765152 0.0866395079 -0.4052247678 -0.9101024576 7.224122315e-05 0.2835995245 0
0.4386716577 0.4227698101 0.2162431937 -0.01547387716 0.1084438616 0.4939440963 -0.001993824134 0.02777706248 0.252949827 -0.9959516583 -0.02529538248 -0.0862579733 0.01242716053 0.911629814 -0.4108243517 0.08902729926 -0.410233136 -0.9076248752 7.468723522e-05 0.2876034476 0
0.4447787041 0.4286554761 0.2192536622 -0.01589943859 0.1098576682 0.493502528 -0.002049440722 0.02815742631 0.2528926374 -0.9957262807 -0.02632623704 -0.0885217665 0.01292700184 0.9093435465 -0.415845172 0.09144433566 -0.4152122875 -0.9051169481 7.718718357e-05 0.2916073707 0
0.4515643112 0.4351951049 0.2225986272 -0.0163786485 0.1114239777 0.4930052934 -0.002112120117 0.0285797454 0.2528281852 -0.9954652075 -0.02750205341 -0.09106403138 0.01349658183 0.9067782251 -0.4213918518 0.09416402196 -0.4207099803 -0.9022949903 8.002899315e-05 0.2960561742 0
0.4576713576 0.4410807709 0.2256090957 -0.01681564468 0.1128294746 0.4925518603 -0.002169325728 0.02895955209 0.2527693615 -0.9952204083 -0.02858789651 -0.09337596586 0.01402206101 0.9044473414 -0.4263547682 0.09664223007 -0.42562629 -0.8997235912 8.264505258e-05 0.3000600973 0
0.463778404 0.4469664368 0.2286195642 -0.01725802833 0.1142309593 0.492092837 -0.002227283012 0.02933908942 0.2527097648 -0.9949660599 -0.02970010516 -0.09571020508 0.01455978932 0.9020959344 -0.4312898535 0.09914914089 -0.4305122867 -0.8971224102 8.531718125e-05 0.3040640204 0
0.4698854504 0.4528521028 0.2316300328 -0.01770578051 0.1156283834 0.4916282433 -0.0022859913 0.02971835388 0.2526493957 -0.9947019353 -0.03083887635 -0.0980664245 0.01510982921 0.8997244007 -0.4361968545 0.1016845759 -0.4353676223 -0.8944916324 8.804606993e-05 0.3080679436 0
0.4759924968 0.4587377688 0.2346405013 -0.01815888205 0.1170216983 0.491158099 -0.002345449916 0.03009734197 0.2525882551 -0.9944278061 -0.03200440143 -0.1004442969 0.01567223945 0.8973331402 -0.4410755224 0.1042483544 -0.4401919511 -0.8918314453 9.083241174e-05 0.3120718667 0
0.4820995432 0.4646234347 0.2376509698 -0.01861731357 0.1184108561 0.4906824243 -0.002405658171 0.03047605021 0.2525263435 -0.9941434424 -0.03319686607 -0.1028434925 0.01624707512 0.8949225556 -0.4459256126 0.106840294 -0.4449849295 -0.8891420382 9.367690206e-05 0.3160757898 0
0.4882065895 0.4705091007 0.2406614383 -0.01908105543 0.1197958087 0.4902012395 -0.002466615373 0.03085447511 0.2524636616 -0.9938486131 -0.03441645018 -0.1052636791 0.01683438759 0.8924930526 -0.450746885 0.10946021 -0.4497462161 -0.8864236027 9.658023841e-05 0.320079713 0
0.4943136359 0.4763947666 0.2436719068 -0.01955008781 0.1211765082 0.4897145652 -0.002528320818 0.03123261316 0.2524002103 -0.9935430857 -0.03566332793 -0.1077045217 0.0174342245 0.8900450396 -0.4555391041 0.1121079157 -0.4544754719 -0.8836763325 9.954312041e-05 0.3240836361 0
0.5004206823 0.4822804326 0.2466823753 -0.02002439064 0.1225529072 0.4892224222 -0.002590773792 0.0316104609 0.2523359902 -0.9932266262 -0.03693766768 -0.1101656833 0.0180466297 0.8875789275 -0.4603020385 0.1147832227 -0.45917236 -0.8809004232 0.0001025662497 0.3280875592 0
0.5065277287 0.4881660985 0.2496928439 -0.02050394365 0.1239249583 0.4887248315 -0.002653973577 0.03198801484 0.2522710021 -0.9928989997 -0.03823963194 -0.1126468243 0.01867164326 0.88509513 -0.4650354616 0.1174859405 -0.4638365459 -0.8780960725 0.0001056503297 0.3320914823 0
0.5133133358 0.4947057274 0.2530378089 -0.02104291298 0.1254443028 0.4881655896 -0.002725070561 0.03240717041 0.2521978932 -0.9925215858 -0.03971884831 -0.1154266644 0.01938093434 0.8823151193 -0.4702599383 0.1205208743 -0.4689802163 -0.874947013 0.0001091494287 0.3365402858 0
0.5194203822 0.5005913933 0.2560482774 -0.02153348209 0.1268070203 0.4876565685 -0.002789844539 0.0327840927 0.2521312862 -0.9921696075 -0.04107963815 -0.1179488589 0.02003267999 0.8797953558 -0.4749303355 0.1232808246 -0.4735742763 -0.8720832776 0.0001123645011 0.3405442089 0
0.5255274286 0.5064770593 0.2590587459 -0.02202923687 0.1281652439 0.4871421667 -0.002855363029 0.03316071039 0.2520639135 -0.9918057238 -0.04246852033 -0.1204899621 0.02069713422 0.8772592097 -0.4795705449 0.1260675804 -0.4781346083 -0.8691917288 0.0001156427243 0.3445481321 0
0.531634475 0.5123627252 0.2620692144 -0.02253015614 0.129518927 0.4866224061 -0.002921625277 0.03353702001 0.2519957758 -0.9914296954 -0.04388563297 -0.1230496255 0.02137432132 0.8747071045 -0.4841803587 0.1288809432 -0.4826608877 -0.8662725725 0.0001189848089 0.3485520552 0
0.5377415213 0.5182483912 0.2650796829 -0.02303621851 0.1308680234 0.4860973089 -0.002988630518 0.03391301811 0.251926874 -0.9910412818 -0.04533110818 -0.1256274986 0.02206426166 0.8721394658 -0.4887595734 0.1317207126 -0.4871527921 -0.8633260167 0.000122391467 0.3525559783 0
0.5438485677 0.5241340571 0.2680901515 -0.02354740238 0.132212487 0.4855668977 -0.003056377978 0.03428870122 0.2518572089 -0.9906402419 -0.04680507201 -0.1282232289 0.02276697174 0.8695567214 -0.4933079903 0.1345866865 -0.4916100015 -0.860352271 0.0001258634123 0.3565599014 0
0.5499556141 0.5300197231 0.27110062 -0.02406368591 0.1335522719 0.4850311949 -0.003124866876 0.0346640659 0.2517867813 -0.9902263336 -0.04830764446 -0.1308364619 0.02348246409 0.866959301 -0.4978254155 0.1374786607 -0.4960321985 -0.8573515474 0.0001294013596 0.3605638246 0
0.5560626605 0.5359053891 0.2741110885 -0.02458504709 0.1348873326 0.4844902235 -0.003194096422 0.03503910871 0.2517155919 -0.9897993142 -0.0498389394 -0.1334668413 0.02421074734 0.8643476363 -0.5023116597 0.1403964292 -0.5004190682 -0.8543240596 0.0001330060254 0.3645677477 0
0.5621697069 0.541791055 0.277121557 -0.02511146367 0.1362176235 0.4839440066 -0.003264065817 0.03541382618 0.2516436417 -0.9893589402 -0.05139906461 -0.1361140093 0.02495182614 0.8617221607 -0.5067665381 0.1433397842 -0.5047702981 -0.8512700232 0.0001366781272 0.3685716708 0
0.5682767533 0.547676721 0.2801320255 -0.02564291318 0.1375430997 0.4833925674 -0.003334774255 0.0357882149 0.2515709313 -0.9889049676 -0.05298812167 -0.138777606 0.02570570117 0.8590833096 -0.5111898709 0.1463085162 -0.5090855784 -0.8481896556 0.0001404183839 0.372575594 0
0.5750623604 0.5542163498 0.2834769905 -0.02623928791 0.1390101492 0.4827737609 -0.003414204971 0.03620381259 0.2514892516 -0.988384307 -0.05478778893 -0.1417559867 0.02655834386 0.8561360967 -0.5160674745 0.149636613 -0.5138377974 -0.8447364098 0.0001446550353 0.3770243974 0
0.5811694068 0.5601020158 0.2864874591 -0.02678128786 0.1403253134 0.4822113745 -0.003486470921 0.03657749597 0.2514149393 -0.9879008222 -0.05643823022 -0.1444530778 0.02733921746 0.8534704448 -0.5204236419 0.1526582219 -0.5180761778 -0.8416011771 0.0001485415404 0.3810283206 0
0.5872764531 0.5659876817 0.2894979276 -0.02732824958 0.1416355236 0.4816438396 -0.003559473347 0.03695083992 0.2513398696 -0.987402976 -0.05811787989 -0.1471654684 0.02813286387 0.8507927814 -0.5247477347 0.155704544 -0.522277661 -0.8384403019 0.0001524984442 0.3850322437 0
0.5933834995 0.5718733477 0.2925083961 -0.02788014974 0.1429407357 0.4810711806 -0.003633211409 0.037323841 0.2512640433 -0.9868905223 -0.05982681403 -0.1498927925 0.02893926732 0.848103548 -0.5290395927 0.1587753624 -0.5264419476 -0.8352540093 0.0001565264699 0.3890361668 0
0.5994905459 0.5777590136 0.2955188646 -0.02843696486 0.1442409057 0.4804934217 -0.003707684255 0.03769649581 0.2511874613 -0.986363215 -0.06156510244 -0.1526346826 0.02975840801 0.8454031873 -0.5332990606 0.1618704584 -0.5305687411 -0.8320425263 0.0001606263419 0.3930400899 0
0.6055975923 0.5836446796 0.2985293331 -0.02899867123 0.1455359898 0.4799105876 -0.003782891028 0.03806880092 0.2511101244 -0.9858208072 -0.06333280868 -0.15539077 0.0305902621 0.8426921432 -0.5375259879 0.1649896116 -0.5346577477 -0.8288060816 0.0001647987854 0.3970440131 0
0.6117046387 0.5895303455 0.3015398016 -0.02956524492 0.1468259446 0.4793227031 -0.003858830858 0.03844075294 0.2510320336 -0.9852630523 -0.06512999 -0.1581606849 0.03143480168 0.8399708607 -0.5417202289 0.1681325997 -0.538708676 -0.8255449057 0.0001690445266 0.4010479362 0
0.6178116851 0.5954160115 0.3045502702 -0.03013666184 0.1481107267 0.4787297932 -0.003935502872 0.03881234846 0.2509531897 -0.9846897032 -0.06695669735 -0.1609440561 0.03229199481 0.8372397858 -0.5458816429 0.171299199 -0.5427212375 -0.8222592309 0.0001733642925 0.4050518593 0
0.6239187315 0.6013016775 0.3075607387 -0.03071289766 0.1493902933 0.4781318831 -0.004012906185 0.03918358408 0.2508735936 -0.9841005128 -0.06881297535 -0.1637405114 0.03316180549 0.8344993655 -0.5500100941 0.1744891839 -0.5466951466 -0.8189492911 0.0001777588107 0.4090557824 0
0.6307043386 0.6078413063 0.3109057037 -0.03135878169 0.1508058648 0.4774617051 -0.004099766476 0.03959564187 0.2507842724 -0.9834269772 -0.07091023446 -0.1668625755 0.03414301126 0.831444038 -0.5545584427 0.1780607628 -0.5510649238 -0.8152434081 0.0001827301675 0.4135045859 0
0.636811385 0.6137269722 0.3139161722 -0.03194511005 0.1520742804 0.4768533229 -0.004178710701 0.03996610656 0.2507030915 -0.9828035331 -0.07282905745 -0.169685426 0.03503932241 0.8286853598 -0.5586168815 0.1812993693 -0.5549563071 -0.8118830186 0.0001872848898 0.417508509 0
0.6429184313 0.6196126382 0.3169266407 -0.03253618044 0.1533373482 0.4762400203 -0.00425838342 0.0403362008 0.2506211612 -0.9821634792 -0.07477754939 -0.1725201964 0.03594811304 0.8259187315 -0.5626419662 0.1845606492 -0.5588081666 -0.8084991031 0.0001919166334 0.4215124322 0
0.6490254777 0.6254983042 0.3199371092 -0.03313196773 0.1545950262 0.4756218234 -0.004338783716 0.04070592122 0.2505384826 -0.981506569 -0.07675572883 -0.1753665107 0.03686933041 0.8231446029 -0.566633581 0.1878443703 -0.5626202278 -0.8050919027 0.0001966261288 0.4255163553 0
0.6551325241 0.6313839701 0.3229475778 -0.03373244663 0.1558472727 0.4749987584 -0.004419910661 0.04107526444 0.2504550565 -0.9808325559 -0.07876360793 -0.178223992 0.03780291767 0.8203634243 -0.5705916153 0.1911502986 -0.5663922193 -0.8016616601 0.0002014141075 0.4295202784 0
0.6612395705 0.6372696361 0.3259580463 -0.03433759164 0.1570940461 0.4743708517 -0.00450176332 0.0414442271 0.250370884 -0.9801411937 -0.08080119248 -0.1810922629 0.03874881392 0.8175756462 -0.5745159634 0.1944781988 -0.5701238726 -0.7982086194 0.0002062813012 0.4335242016 0
0.6673466169 0.643155302 0.3289685148 -0.03494737706 0.1583353053 0.4737381302 -0.00458434075 0.04181280582 0.250285966 -0.9794322365 -0.08286848192 -0.1839709454 0.03970695415 0.8147817195 -0.5784065243 0.1978278338 -0.5738149217 -0.7947330268 0.0002112284423 0.4375281247 0
0.6734536633 0.649040968 0.3319789833 -0.03556177702 0.1595710093 0.4731006205 -0.004667641998 0.04218099725 0.2502003035 -0.9787054389 -0.08496546927 -0.1868596608 0.04067726931 0.8119820952 -0.5822632024 0.2011989651 -0.5774651038 -0.7912351296 0.0002162562637 0.4415320478 0
0.6795607097 0.6549266339 0.3349894518 -0.03618076546 0.1608011174 0.4724583497 -0.004751666105 0.04254879803 0.2501138975 -0.977960556 -0.0870921412 -0.1897580299 0.04165968623 0.8091772245 -0.5860859066 0.2045913525 -0.581074159 -0.7877151771 0.0002213654988 0.4455359709 0
0.685667756 0.6608122999 0.3379999203 -0.03680431613 0.1620255893 0.4718113451 -0.004836412102 0.04291620481 0.2500267489 -0.9771973432 -0.089248478 -0.1926656733 0.04265412768 0.8063675586 -0.589874551 0.2080047545 -0.5846418303 -0.7841734199 0.0002265568813 0.4495398941 0
0.6924533631 0.6673519287 0.3413448854 -0.03750246882 0.1633794543 0.4710869325 -0.004931419794 0.04332396841 0.2499290475 -0.9763275345 -0.09167916793 -0.1959068034 0.04377306647 0.803240632 -0.5940441109 0.2118217744 -0.5885570637 -0.7802128675 0.0002324223229 0.4539886975 0
0.6985604095 0.6732375947 0.3443553539 -0.03813556383 0.1645918958 0.4704300246 -0.005017686563 0.04369053245 0.2498403346 -0.9755248254 -0.09389803709 -0.1988327779 0.04479262113 0.8004223237 -0.5977605915 0.2152787403 -0.592036538 -0.7766259084 0.0002377895394 0.4579926207 0
0.7046674559 0.6791232606 0.3473658224 -0.03877313823 0.1657985771 0.4697684688 -0.005104672158 0.04405669211 0.2497508822 -0.9747030302 -0.09614646898 -0.201766844 0.04582393406 0.7976006227 -0.6014427768 0.2187559597 -0.5954738476 -0.7730179344 0.000243241189 0.4619965438 0
0.7107745023 0.6850089266 0.3503762909 -0.03941516503 0.1669994586 0.4691022931 -0.005192375574 0.04442244405 0.2496606915 -0.9738619073 -0.09842441768 -0.2047086211 0.04686691131 0.7947759792 -0.6050906011 0.2222531848 -0.5988687477 -0.7693892025 0.000248778007 0.4660004669 0
0.7168815487 0.6908945926 0.3533867594 -0.04006161703 0.1681945016 0.4684315258 -0.005280795801 0.04478778496 0.2495697635 -0.9730012158 -0.1007318309 -0.2076577285 0.0479214549 0.7919488428 -0.608704004 0.2257701666 -0.6022209965 -0.7657399711 0.000254400729 0.47000439 0
0.7229885951 0.6967802585 0.3563972279 -0.0407124669 0.1693836671 0.4677561952 -0.005369931822 0.04515271152 0.2494780991 -0.9721207161 -0.10306865 -0.2106137857 0.04898746283 0.7891196628 -0.6122829299 0.2293066546 -0.6055303553 -0.7620705 0.000260110091 0.4740083132 0
0.7290956415 0.7026659245 0.3594076965 -0.04136768709 0.1705669166 0.4670763299 -0.005459782608 0.04551722041 0.2493856995 -0.9712201692 -0.1054348101 -0.2135764122 0.05006482903 0.7862888877 -0.6158273281 0.232862397 -0.6087965883 -0.7583810508 0.0002659068293 0.4780122363 0
0.7352026879 0.7085515904 0.362418165 -0.04202724989 0.1717442121 0.4663919586 -0.005550347124 0.04588130834 0.2492925656 -0.9702993372 -0.1078302397 -0.2165452275 0.05115344344 0.7834569652 -0.6193371529 0.2364371404 -0.612019463 -0.754671886 0.0002717916803 0.4820161594 0
0.7413097342 0.7144372564 0.3654286335 -0.04269112744 0.1729155156 0.4657031103 -0.005641624328 0.04624497199 0.2491986987 -0.9693579836 -0.1102548614 -0.2195198513 0.05225319197 0.7806243422 -0.6228123636 0.2400306304 -0.6151987499 -0.7509432699 0.0002777653806 0.4860200825 0
0.7474167806 0.7203229223 0.368439102 -0.04335929167 0.1740807893 0.4650098141 -0.005733613167 0.04660820808 0.2491040996 -0.9683958727 -0.1127085911 -0.2224999038 0.05336395655 0.7777914649 -0.6262529244 0.2436426109 -0.6183342225 -0.7471954681 0.0002838286672 0.4900240057 0
0.7542023877 0.7268625512 0.371784067 -0.04410668963 0.1753684207 0.4642343039 -0.005836656334 0.04701129827 0.2489981323 -0.9673022306 -0.1154689865 -0.2258169785 0.05461091089 0.7746440662 -0.6300350935 0.2476772962 -0.6217664222 -0.7430090667 0.0002906716189 0.4944728091 0
0.7603094341 0.7327482171 0.3747945355 -0.04478381064 0.1765208428 0.463531714 -0.005930144026 0.04737362092 0.2489019913 -0.9662955307 -0.1179838626 -0.2288072453 0.0557445259 0.7718121118 -0.6334024091 0.251327466 -0.6248086685 -0.7392216397 0.0002969264525 0.4984767323 0
0.7664164805 0.7386338831 0.3778050041 -0.04546512998 0.17766712 0.4628247679 -0.006024340031 0.04773550579 0.2488051217 -0.9652673486 -0.1205275454 -0.2318017612 0.05688876419 0.7689812838 -0.6367349949 0.2549953219 -0.627806416 -0.7354158618 0.0003032731657 0.5024806554 0
0.7725235269 0.744519549 0.3808154726 -0.0461506189 0.1788072158 0.4621134953 -0.006119243263 0.04809694961 0.2487075245 -0.9642174542 -0.1230999253 -0.2348001478 0.05804349138 0.7661520234 -0.6400328352 0.2586806026 -0.6307594513 -0.7315920041 0.000309712496 0.5064845785 0
0.7786305733 0.750405215 0.3838259411 -0.0468402485 0.179941094 0.4613979263 -0.006214852629 0.0484579491 0.2486092008 -0.9631456187 -0.1257008863 -0.2378020279 0.05920856917 0.7633247706 -0.6432959195 0.2623830456 -0.6336675641 -0.7277503388 0.0003162451808 0.5104885017 0
0.7847376197 0.7562908809 0.3868364096 -0.0475339897 0.1810687188 0.4606780911 -0.00631116703 0.04881850102 0.2485101519 -0.9620516148 -0.1283303062 -0.2408070243 0.06038385538 0.7604999637 -0.6465242418 0.2661023872 -0.6365305473 -0.7238911395 0.0003228719577 0.5144924248 0
0.790844666 0.7621765469 0.3898468781 -0.04823181326 0.1821900545 0.45995402 -0.006408185355 0.0491786021 0.2484103787 -0.960935217 -0.1309880569 -0.2438147611 0.0615692039 0.7576780397 -0.6497178012 0.2698383626 -0.639348197 -0.7200146811 0.0003295935643 0.5184963479 0
0.7969517124 0.7680622129 0.3928573466 -0.0489336898 0.183305066 0.4592257434 -0.006505906487 0.0495382491 0.2483098825 -0.9597962012 -0.1336740038 -0.2468248629 0.06276446477 0.7548594339 -0.6528766017 0.2735907056 -0.6421203125 -0.7161212398 0.0003364107382 0.522500271 0
0.8030587588 0.7739478788 0.3958678152 -0.04963958976 0.1844137181 0.4584932921 -0.006604329302 0.04989743878 0.2482086644 -0.958634345 -0.1363880064 -0.2498369553 0.06396948418 0.7520445797 -0.6560006519 0.2773591491 -0.6448466964 -0.7122110927 0.0003433242169 0.5265041942 0
0.8098443659 0.7804875077 0.3992127802 -0.05042860574 0.1856380532 0.4576745985 -0.006714509568 0.05029599811 0.2480953545 -0.9573163376 -0.139436291 -0.2531856049 0.06531964797 0.7489218889 -0.6594310789 0.2815648653 -0.64782214 -0.7078472304 0.0003511197072 0.5309529976 0
0.8159514123 0.7863731736 0.4022232487 -0.05114290183 0.1867331667 0.4569334352 -0.006814409982 0.0506542117 0.2479926162 -0.9561055409 -0.1422090332 -0.2562006742 0.06654474641 0.7461163702 -0.6624818178 0.2853664159 -0.6504513457 -0.7039027316 0.0003582389184 0.5349569208 0
0.8220584587 0.7922588396 0.4052337172 -0.05186112841 0.1878218139 0.4561881936 -0.006915008527 0.05101195791 0.2478891596 -0.9548712238 -0.1450093547 -0.2592165755 0.06777910047 0.7433159397 -0.6654978643 0.2891832282 -0.6530342264 -0.6999423974 0.000365456729 0.5389608439 0
0.8281655051 0.7981445055 0.4082441857 -0.05258325528 0.1889039612 0.455438905 -0.007016304046 0.05136923354 0.247784986 -0.9536131715 -0.1478370901 -0.2622329384 0.06902254072 0.7405210229 -0.6684792468 0.2930150305 -0.6555705983 -0.6959665096 0.0003727738764 0.542964767 0
0.8342725515 0.8040301715 0.4112546542 -0.0533092521 0.189979575 0.4546856009 -0.007118295371 0.05172603535 0.2476800964 -0.9523311711 -0.150692068 -0.2652493942 0.07027489401 0.7377320433 -0.6714259986 0.2968615498 -0.6580602807 -0.6919753516 0.0003801910978 0.5469686901 0
0.8403795979 0.8099158374 0.4142651228 -0.05403908838 0.1910486224 0.453928313 -0.00722098133 0.05208236016 0.2475744921 -0.9510250122 -0.1535741109 -0.268265575 0.07153598347 0.7349494216 -0.6743381575 0.3007225122 -0.6605030962 -0.6879692076 0.0003877091306 0.5509726133 0
0.8464866442 0.8158015034 0.4172755913 -0.05477273349 0.1921110704 0.4531670729 -0.00732436074 0.05243820477 0.2474681743 -0.9496944859 -0.1564830355 -0.2712811145 0.07280562854 0.7321735768 -0.6772157661 0.3045976427 -0.6628988709 -0.6839483628 0.0003953287117 0.5549765364 0
0.8525936906 0.8216871693 0.4202860598 -0.05551015663 0.1931668865 0.4524019127 -0.007428432413 0.05279356597 0.2473611443 -0.9483393859 -0.1594186525 -0.2742956477 0.074083645 0.7294049249 -0.6800588717 0.3084866653 -0.6652474342 -0.6799131037 0.000403050578 0.5589804595 0
0.858700737 0.8275728353 0.4232965283 -0.05625132689 0.1942160386 0.4516328644 -0.00753319515 0.05314844058 0.2472534032 -0.946959508 -0.1623807669 -0.2773088111 0.07536984502 0.7266438798 -0.6828675262 0.3123893031 -0.6675486188 -0.6758637177 0.0004108754663 0.5629843827 0
0.8648077834 0.8334585013 0.4263069968 -0.05699621319 0.1952584947 0.4508599604 -0.007638647747 0.05350282543 0.2471449522 -0.9455546502 -0.1653691779 -0.2803202428 0.07666403713 0.7238908526 -0.6856417862 0.316305278 -0.6698022608 -0.6718004931 0.0004188041131 0.5669883058 0
0.8715933905 0.8399981301 0.4296519618 -0.05782818498 0.1964088876 0.4499966952 -0.007756624917 0.0538960081 0.2470236201 -0.9439641569 -0.1687202245 -0.2836638085 0.07811116447 0.7208418338 -0.6886840325 0.3206716645 -0.6722503526 -0.6672699207 0.0004277363082 0.5714371093 0
