0.00753585786 0.001578762222 -0.002420668262 -1.011269857e-06 0.001921634261 0.5099951729 -1.276779136e-07 0.0004786989527 0.2549994007 -1 -2.923121142e-08 -5.889293071e-06 1.492814946e-08 0.9999718888 -0.007498105227 5.889346695e-06 -0.007498105227 -0.9999718888 2.639783902e-08 -0.003219488788 0
0.0150054097 0.003143633332 -0.004820037704 -4.009530897e-06 0.003826304526 0.5099808614 -5.091995999e-07 0.0009550799515 0.2549976097 -0.9999999997 -2.320971447e-07 -2.334936616e-05 1.16530175e-07 0.9998885443 -0.01492980361 2.335022891e-05 -0.01492980361 -0.999888544 4.638556882e-08 -0.006410650146 0
0.02154126756 0.004512895554 -0.006919485966 -8.262946572e-06 0.0054928015 0.5099605587 -1.052611993e-06 0.00137251473 0.2549950585 -0.9999999988 -6.871688941e-07 -4.811669953e-05 3.44218739e-07 0.9997703116 -0.02143184815 4.812037498e-05 -0.02143184815 -0.9997703104 3.207988899e-08 -0.009202916334 0
0.0290108194 0.006077766664 -0.009318855408 -1.498662589e-05 0.007397217344 0.5099284648 -1.912872556e-06 0.001849654577 0.2549910195 -0.9999999962 -1.678955543e-06 -8.726339804e-05 8.403035081e-07 0.9995834178 -0.02886158093 8.727550298e-05 -0.02886158089 -0.999583414 1.512404893e-08 -0.01239407769 0
0.03648037124 0.007642637775 -0.01171822485 -2.36968863e-05 0.009301417776 0.5098868884 -3.027953161e-06 0.00232672702 0.2549857842 -0.9999999905 -3.338625342e-06 -0.0001379676494 1.670371426e-06 0.9993413137 -0.03628964954 0.0001379979296 -0.03628964942 -0.9993413042 8.773481257e-08 -0.01558523905 0
0.0430162291 0.009011899996 -0.01381767311 -3.294774389e-05 0.01096737286 0.5098427315 -4.212528497e-06 0.002744096915 0.2549802225 -0.9999999816 -5.473781488e-06 -0.0001918080189 2.738218576e-06 0.9990841952 -0.04278750776 0.0001918665697 -0.0427875075 -0.9990841768 1.698025592e-07 -0.01837750524 0
0.05048578094 0.01057677111 -0.01621704255 -4.538196891e-05 0.01287101995 0.5097833796 -5.804958311e-06 0.003221020856 0.2549727458 -0.9999999651 -8.848749854e-06 -0.0002641581713 4.426137643e-06 0.998738617 -0.05021130187 0.0002642692739 -0.05021130129 -0.9987385821 2.830817536e-07 -0.0215686666 0
0.05795533278 0.01214164222 -0.018616412 -5.980171287e-05 0.01477429225 0.5097145503 -7.651869773e-06 0.003697879471 0.2549640744 -0.9999999393 -1.338528272e-05 -0.0003480361244 6.695053447e-06 0.9983378834 -0.05763220096 0.0003482290711 -0.0576321998 -0.9983378227 4.163144739e-07 -0.02475982795 0
0.06449119064 0.01351090444 -0.02071586026 -7.404734044e-05 0.0164393045 0.5096465521 -9.476639822e-06 0.004115082786 0.2549555069 -0.999999907 -1.844239668e-05 -0.000430874687 9.224439595e-06 0.9979420171 -0.06412277656 0.0004311705319 -0.06412277457 -0.9979419241 5.489009153e-07 -0.02755209414 0
0.07196074248 0.01507577555 -0.0231152297 -9.21885198e-05 0.01834172472 0.5095599593 -1.180060242e-05 0.004591835577 0.2549445957 -0.9999998558 -2.561890206e-05 -0.0005363277079 1.281406298e-05 0.9974379399 -0.07153709469 0.0005367863059 -0.07153709125 -0.9974377958 7.185040548e-07 -0.0307432555 0
0.07943029432 0.01664064666 -0.02551459914 -0.0001123135825 0.02024361088 0.509463897 -1.437894932e-05 0.005068535977 0.2549324901 -0.999999786 -3.444949936e-05 -0.0006532627336 1.723134996e-05 0.9968787917 -0.07894728861 0.0006539434591 -0.07894728298 -0.9968785778 9.072640635e-07 -0.03393441686 0
0.08596615218 0.01800990888 -0.0276140474 -0.0001315498657 0.02190727966 0.509372077 -1.684365563e-05 0.005485606318 0.2549209181 -0.9999997064 -4.366754176e-05 -0.0007649842872 2.184278328e-05 0.99634439 -0.08542748944 0.0007659182115 -0.08542748107 -0.9963440966 1.088092032e-06 -0.03672668305 0
0.09343570402 0.01957477999 -0.03001341684 -0.00015539276 0.02380801528 0.5092582684 -1.98988979e-05 0.005962209105 0.2549065734 -0.9999995904 -5.606016265e-05 -0.0009033934991 2.804284609e-05 0.9956820844 -0.09282879973 0.0009046967198 -0.09282878704 -0.9956816749 1.312630242e-06 -0.0399178444 0
0.09997156188 0.02094404221 -0.03211286511 -0.0001778809154 0.02547059224 0.5091509264 -2.278084368e-05 0.006379192704 0.2548930424 -0.9999994632 -6.865743411e-05 -0.00103387054 3.434586001e-05 0.9950574834 -0.09930057126 0.00103557834 -0.09930055347 -0.9950569469 1.524743954e-06 -0.04271011059 0
0.1074411137 0.02250891332 -0.03451223455 -0.0002054387125 0.02736998285 0.5090193856 -2.631287868e-05 0.006855693683 0.2548764593 -0.9999992839 -8.521156636e-05 -0.001193671996 4.262949155e-05 0.9942921715 -0.1066914988 0.001195950071 -0.1066914733 -0.9942914559 1.78505237e-06 -0.04590127195 0
0.1149106656 0.02407378443 -0.03691160399 -0.000234976436 0.02926857668 0.5088783941 -3.009915769e-05 0.00733213741 0.2548586824 -0.9999990632 -0.0001042296979 -0.001364844753 5.214717106e-05 0.9934719927 -0.1140762768 0.001367825173 -0.1140762411 -0.9934710566 2.064475071e-06 -0.04909243331 0
0.1214465234 0.02544304666 -0.03901105225 -0.0002624452929 0.03092914924 0.5087472778 -3.362068467e-05 0.007748976758 0.2548421486 -0.9999988313 -0.0001230252493 -0.001523926303 6.155452127e-05 0.9927093702 -0.1205325787 0.001527644471 -0.1205325316 -0.9927082024 2.324680659e-06 -0.0518846995 0
0.1289160753 0.02700791777 -0.04141042169 -0.0002956925427 0.03282610026 0.5085885797 -3.788357794e-05 0.008225306256 0.2548221341 -0.9999985163 -0.0001471206023 -0.001716340978 7.361593178e-05 0.9917864626 -0.1279046804 0.001721061161 -0.127904617 -0.9917849802 2.640056148e-06 -0.05507586085 0
0.1363856271 0.02857278888 -0.04380979114 -0.0003309165658 0.03472209579 0.508420446 -4.240061195e-05 0.008701570786 0.2548009264 -0.9999981416 -0.0001741670539 -0.001920038831 8.71564255e-05 0.9908088508 -0.1352694112 0.001925950942 -0.1352693271 -0.9908069942 2.974680863e-06 -0.05826702221 0
0.142921485 0.0299420511 -0.0459092394 -0.0003633581923 0.03638026475 0.5082655934 -4.656146019e-05 0.009118246601 0.254781391 -0.9999977591 -0.0002003862011 -0.002107503214 0.0001002845157 0.9899086158 -0.1417071709 0.002114631751 -0.1417070647 -0.9899063775 3.283314634e-06 -0.0610592884 0
0.1503910368 0.03150692221 -0.04830860884 -0.0004022852947 0.0382743202 0.5080797838 -5.155489874e-05 0.009594381152 0.2547579467 -0.999997253 -0.0002334205359 -0.002332262891 0.0001168273848 0.9888286076 -0.149056939 0.002341001217 -0.149056802 -0.9888258641 3.654196581e-06 -0.06425044976 0
0.1578605886 0.03307179332 -0.05070797828 -0.0004431854469 0.04016726177 0.5078845563 -5.680235736e-05 0.01007044185 0.2547333097 -0.9999966657 -0.0002698901339 -0.002568201788 0.0001350934898 0.9876940873 -0.156398119 0.00257880803 -0.1563979445 -0.9876907576 4.044513089e-06 -0.06744161112 0
0.1643964465 0.03444105554 -0.05280742654 -0.0004805904761 0.04182262868 0.507706012 -6.160222325e-05 0.01048693185 0.2547107743 -0.9999960788 -0.0003047508101 -0.002783787491 0.0001525565037 0.9866567228 -0.1628142746 0.002796260425 -0.1628140609 -0.9866528075 4.402040268e-06 -0.0702338773 0
0.1718659983 0.03600592665 -0.05520679599 -0.0005251861921 0.04371333352 0.5074931447 -6.732584334e-05 0.01096284532 0.2546839019 -0.9999953168 -0.0003481129968 -0.003040578506 0.000174281837 0.9854201935 -0.1701382143 0.003055474784 -0.1701379474 -0.9854155179 4.82899857e-06 -0.07342503866 0
0.1793355502 0.03757079776 -0.05760616543 -0.0005717506654 0.04560276644 0.5072708799 -7.330334483e-05 0.01143867551 0.2546558375 -0.999994449 -0.0003953911932 -0.003308429036 0.0001979735308 0.9841293731 -0.1774523535 0.003326085291 -0.1774520235 -0.9841238319 5.275614726e-06 -0.07661620002 0
0.185871408 0.03894005998 -0.05970561369 -0.0006141082988 0.04725493376 0.5070686955 -7.874187951e-05 0.01185495597 0.2546303037 -0.9999935954 -0.0004401027336 -0.003551834932 0.0002203830654 0.9829554355 -0.1838438555 0.003572205636 -0.1838434608 -0.9829490431 5.682596644e-06 -0.07940846621 0
0.1933409599 0.04050493109 -0.06210498313 -0.0006643597547 0.04914183401 0.5068288317 -8.519526539e-05 0.01233062094 0.2546000052 -0.9999925034 -0.0004951713648 -0.00384029844 0.0002479887766 0.9815630481 -0.1911384865 0.003864141348 -0.191138006 -0.981555567 6.166305066e-06 -0.08259962756 0
0.2008105117 0.0420698022 -0.06450435257 -0.0007165751075 0.05102730473 0.5065795938 -9.190237579e-05 0.01280619291 0.2545685156 -0.9999912777 -0.0005546328538 -0.004139686109 0.0002778027995 0.98011662 -0.1984221105 0.004167426578 -0.1984215298 -0.980107917 6.669927882e-06 -0.08579078892 0
0.2073463696 0.04343906443 -0.06660380084 -0.0007638731187 0.05267587593 0.5063538276 -9.797918456e-05 0.01322223939 0.2545399853 -0.9999900871 -0.0006103947874 -0.004410571714 0.000305767501 0.9788067389 -0.2047859234 0.004442097576 -0.204785242 -0.9787968494 7.127009713e-06 -0.08858305511 0
0.2148159214 0.04500393554 -0.06900317028 -0.0008197658101 0.05455851885 0.5060870367 -0.000105161868 0.01369762774 0.2545062631 -0.9999885818 -0.0006785367997 -0.00473030399 0.0003399479955 0.9772592401 -0.2120477824 0.004766615506 -0.2120469693 -0.977247851 7.668235263e-06 -0.09177421647 0
0.2213517793 0.04637319776 -0.07110261854 -0.0008702785415 0.05620453168 0.5058459258 -0.000111654708 0.01411350828 0.2544757797 -0.9999871298 -0.0007421465672 -0.005018909085 0.000371861978 0.9758610739 -0.2183919094 0.005059836816 -0.218390965 -0.9758482384 8.158375954e-06 -0.09456648266 0
0.2288213311 0.04793806887 -0.07350198798 -0.000929841711 0.05808415479 0.5055616147 -0.000119312743 0.01458870089 0.254439826 -0.9999853057 -0.0008195449908 -0.005358795303 0.0004107026363 0.9742128574 -0.2256305383 0.005405521662 -0.2256294237 -0.9741982055 8.737567987e-06 -0.09775764401 0
0.236290883 0.04950293998 -0.07590135742 -0.0009913595082 0.05996208899 0.5052679737 -0.0001272242032 0.01506378414 0.2544026825 -0.9999832946 -0.0009021142961 -0.005709348089 0.0004521483976 0.9725110769 -0.2328561806 0.005762467148 -0.2328548721 -0.9724944229 9.337165736e-06 -0.1009488054 0
0.2428267408 0.0508722022 -0.07800080568 -0.0010467893 0.06160385318 0.5050033924 -0.0001343545643 0.01547938952 0.2543692063 -0.9999813719 -0.0009787316029 -0.006024784908 0.0004906157037 0.9709781665 -0.239167639 0.00608401553 -0.2391661396 -0.9709595988 9.878642164e-06 -0.1037410716 0
0.2502962927 0.05243707331 -0.08040017513 -0.001111966183 0.063478474 0.5046922855 -0.000142741008 0.01595425833 0.2543298331 -0.9999789767 -0.00107143264 -0.006395175481 0.0005371696351 0.9691762537 -0.2463678157 0.006462018734 -0.2463660716 -0.9691553029 1.051680997e-05 -0.1069322329 0
0.2577658445 0.05400194442 -0.08279954457 -0.001179091336 0.06535124961 0.5043718791 -0.0001513806715 0.01642900775 0.2542892712 -0.9999763581 -0.001169768766 -0.006776056368 0.0005865668132 0.9673211036 -0.2535538175 0.00685122166 -0.2535517976 -0.9672975482 1.117571993e-05 -0.1101233943 0
0.2643017024 0.05537120664 -0.08489899283 -0.001239422196 0.06698837198 0.5040839036 -0.0001591480368 0.01684431284 0.2542528047 -0.999973873 -0.001260561341 -0.007117881528 0.0006321865108 0.9656542705 -0.2598296177 0.007200943866 -0.2598273289 -0.965628244 1.17693784e-05 -0.1129156605 0
0.2717712542 0.05693607775 -0.08729836227 -0.001310193989 0.06885754169 0.5037460907 -0.0001682622813 0.01731882903 0.2542100149 -0.9999707992 -0.001369894413 -0.007518255475 0.0006871368188 0.9636996272 -0.266987933 0.007611085276 -0.2669853028 -0.9636705451 1.246751615e-05 -0.1161068218 0
0.279240806 0.05850094886 -0.08969773171 -0.001382907135 0.07072471049 0.5033990113 -0.0001776295218 0.01779321581 0.2541660376 -0.9999674624 -0.001485321156 -0.007928928317 0.0007451668219 0.9616921016 -0.274130893 0.008032360151 -0.2741278818 -0.9616597037 1.318676103e-05 -0.1192979832 0
0.2857766639 0.05987021109 -0.09179717998 -0.001448121661 0.07235679934 0.5030877248 -0.0001860333284 0.01820819533 0.2541265836 -0.9999643157 -0.001591442579 -0.0082966603 0.0007985337135 0.9598922388 -0.2803680656 0.008410089507 -0.280364686 -0.959856715 1.383351963e-05 -0.1220902494 0
0.2932462157 0.0614350822 -0.09419654942 -0.001524467952 0.07422007089 0.5027233033 -0.0001958747132 0.01868233002 0.2540803806 -0.9999604467 -0.001718720501 -0.008726453196 0.0008625584948 0.9577859122 -0.287481134 0.008852173653 -0.2874772903 -0.9577465461 1.459270291e-05 -0.1252814107 0
0.3007157676 0.06299995331 -0.09659591886 -0.00160274812 0.07608118645 0.502349651 -0.0002059688518 0.01915632524 0.2540329911 -0.9999562722 -0.00185254459 -0.009166338571 0.0009298975829 0.9556270865 -0.2945776755 0.009305319702 -0.2945733181 -0.9555835763 1.53733862e-05 -0.1284725721 0
0.3072516254 0.06436921553 -0.09869536712 -0.001672827505 0.0777078517 0.5020151432 -0.0002150084908 0.01957095389 0.2539905524 -0.9999523567 -0.001975133132 -0.009559458124 0.0009916018516 0.9536951582 -0.3007732735 0.009710876185 -0.3007684228 -0.9536477624 1.607423321e-05 -0.1312648383 0
0.3147211773 0.06593408664 -0.1010947366 -0.001754726279 0.07956477991 0.5016242182 -0.0002255763026 0.02004467816 0.2539409396 -0.9999475671 -0.002121650789 -0.01001806259 0.001065373792 0.9514382763 -0.3078377355 0.01018469237 -0.3078322677 -0.9513861293 1.689561726e-05 -0.1344559996 0
0.3212570351 0.06730334886 -0.1031941848 -0.001827967601 0.0811876987 0.5012746177 -0.0002350302647 0.02045906434 0.2538965562 -0.9999430888 -0.002255584206 -0.01042744172 0.00113283109 0.9494207712 -0.314004643 0.01060829368 -0.3139985851 -0.9493641834 1.763230452e-05 -0.1372482658 0
0.328726587 0.06886821997 -0.1055935543 -0.001913474939 0.08304025107 0.5008664681 -0.000246071424 0.02093250533 0.2538447215 -0.9999376272 -0.002415338028 -0.01090448887 0.001213319534 0.9470663472 -0.3210356083 0.01110268396 -0.3210288151 -0.9470043454 1.849491385e-05 -0.1404394272 0
0.3361961388 0.07043309108 -0.1079929237 -0.002000902585 0.0848903928 0.5004491523 -0.0002573648971 0.02140579022 0.2537917026 -0.999931783 -0.002582371062 -0.01139125508 0.001297505509 0.9446601185 -0.3280481322 0.01160800637 -0.3280405339 -0.944592326 1.937973183e-05 -0.1436305885 0
0.3427319967 0.0718023533 -0.110092372 -0.002078974635 0.08650724739 0.5000764934 -0.0002674535845 0.02181978367 0.2537443399 -0.9999263419 -0.002734615599 -0.01182508242 0.001374264213 0.9425122947 -0.3341686486 0.01205910836 -0.3341602852 -0.942439113 2.017229005e-05 -0.1464228547 0
0.3502015485 0.07336722441 -0.1124917414 -0.002169994593 0.08835272543 0.4996420306 -0.0002792198773 0.0222927664 0.2536891017 -0.9999197336 -0.002915705752 -0.0123298449 0.00146559829 0.9400093548 -0.3411455187 0.0125848495 -0.3411362068 -0.9399296303 2.109917874e-05 -0.1496140161 0
0.3576711004 0.07493209552 -0.1148911109 -0.002262925916 0.09019563971 0.4991984443 -0.0002912381934 0.02276558294 0.2536326807 -0.999912692 -0.003104509265 -0.01284408113 0.001560858967 0.9374550671 -0.3481028022 0.01312143731 -0.3480924579 -0.937368374 2.204874006e-05 -0.1528051774 0
0.3642069582 0.07630135775 -0.1169905591 -0.002345806195 0.09180604489 0.4988028344 -0.000301960875 0.02317915834 0.2535823423 -0.9999061609 -0.003276157032 -0.01330173958 0.001647495316 0.935178074 -0.3541740471 0.01359982499 -0.3541627262 -0.9350849203 2.289833642e-05 -0.1555974436 0
0.3716765101 0.07786622886 -0.1193899286 -0.002442312545 0.09364400915 0.4983421836 -0.0003144514489 0.02365165385 0.2535237047 -0.9998982574 -0.00347982453 -0.01383349868 0.001750331434 0.9325279575 -0.3610935403 0.01415666643 -0.3610810149 -0.9324269888 2.38908627e-05 -0.158788605 0
0.3791460619 0.07943109997 -0.121789298 -0.002540720769 0.09547925733 0.4978724546 -0.0003271937371 0.0241239731 0.2534638858 -0.9998898671 -0.003691631799 -0.01437447192 0.001857320882 0.9298269774 -0.3679923129 0.0147242639 -0.3679784829 -0.9297177164 2.490655136e-05 -0.1619797663 0
0.3856819198 0.08080036219 -0.1238887463 -0.002628385402 0.09708282998 0.4974540076 -0.0003385496361 0.02453710512 0.2534105755 -0.9998821112 -0.003883755449 -0.01485530842 0.00195440523 0.9274220332 -0.3740114338 0.01522970928 -0.3739963753 -0.9273051101 2.581441783e-05 -0.1647720325 0
0.3931514716 0.0823652333 -0.1262881157 -0.002730350344 0.09891284338 0.4969673015 -0.0003517635861 0.02500908448 0.2533485429 -0.9998727559 -0.004111218656 -0.01541330452 0.002069392943 0.9246261576 -0.3808703011 0.01581738563 -0.3808537337 -0.9244999967 2.687401342e-05 -0.1679631939 0
0.4006210234 0.08393010441 -0.1286874851 -0.002834207125 0.1007399893 0.496471565 -0.0003652289234 0.02548087753 0.2532853305 -0.9998628573 -0.004347239874 -0.01598024108 0.002188758241 0.9217799298 -0.3877073257 0.01641572225 -0.3876891314 -0.9216439993 2.79572863e-05 -0.1711543552 0
0.4071568813 0.08529936663 -0.1307869334 -0.002926630864 0.1023363484 0.4960304016 -0.0003772172169 0.02589354086 0.2532290524 -0.9998537344 -0.004560891502 -0.01648356718 0.002296854715 0.9192483204 -0.3936715 0.01694798444 -0.3936517798 -0.9191033903 2.89247181e-05 -0.1739466214 0
0.4146264331 0.08686423774 -0.1331863029 -0.003034025038 0.1041579765 0.4955177802 -0.0003911535857 0.02636497516 0.2531636294 -0.9998427622 -0.00481334488 -0.01706700042 0.002424636339 0.9163081806 -0.400466527 0.01756621561 -0.4004449398 -0.9161524318 3.005288652e-05 -0.1771377828 0
0.422095985 0.08842910885 -0.1355856723 -0.003143300472 0.1059765865 0.4949961791 -0.0004053409965 0.0268362131 0.2530970284 -0.9998311875 -0.005074765905 -0.01765908659 0.002557017193 0.9133182265 -0.4072386018 0.01819500622 -0.4072150094 -0.9131510707 3.120527168e-05 -0.1803289441 0
0.4286318428 0.08979837107 -0.1376851206 -0.003240456708 0.1075653535 0.4945324262 -0.0004179608163 0.02724838248 0.2530377865 -0.9998205485 -0.005310975964 -0.018184179 0.002676683362 0.9106613052 -0.4131450383 0.01875383155 -0.4131195721 -0.9104836698 3.223362587e-05 -0.1831212103 0
0.4361013947 0.09136324218 -0.14008449 -0.003353249198 0.1093781643 0.4939940372 -0.0004326185942 0.02771924285 0.2529689781 -0.9998077862 -0.00558958884 -0.01879220996 0.002817893591 0.9075784726 -0.419873047 0.01940232291 -0.4198452961 -0.9073882726 3.343194068e-05 -0.1863123717 0
0.4426372525 0.09273250441 -0.1421839383 -0.003453476866 0.1109617772 0.4935156236 -0.0004456497892 0.02813107648 0.2529078058 -0.9997960747 -0.005841055304 -0.01933109181 0.002945402336 0.9048405867 -0.4257403402 0.01997832933 -0.4257104588 -0.9046388625 3.450078677e-05 -0.1891046379 0
0.4501068044 0.09429737552 -0.1445833077 -0.003569772606 0.1127686063 0.4929605126 -0.0004607774826 0.028601547 0.2528367923 -0.9997820478 -0.0061373462 -0.01995469397 0.0030957085 0.9016655761 -0.4324229474 0.02064638997 -0.4323904738 -0.9014500567 3.574572963e-05 -0.1922957992 0
0.4575763562 0.09586224663 -0.1469826771 -0.003687930955 0.1145721709 0.492396511 -0.000476155608 0.02907180459 0.2527646036 -0.9997673143 -0.006443261553 -0.02058644436 0.00325097403 0.8984416975 -0.4390807982 0.02132483244 -0.4390455564 -0.8982116961 3.701583277e-05 -0.1954869606 0
0.4641122141 0.09723150885 -0.1490821254 -0.0037928442 0.1161475715 0.4918957317 -0.0004898167943 0.02948310257 0.2527004751 -0.9997538247 -0.006718938672 -0.02114582292 0.00339095842 0.8955808803 -0.4448858148 0.02192695521 -0.4448479995 -0.8953376268 3.814797477e-05 -0.1982792268 0
0.4715817659 0.09879637996 -0.1514814948 -0.003914483806 0.1179448762 0.4913151131 -0.0005056641146 0.02995295153 0.2526260848 -0.9997377042 -0.007043262699 -0.02179255116 0.003555724116 0.8922659379 -0.4514962379 0.02262475771 -0.4514553006 -0.8920068564 3.946581283e-05 -0.2014703881 0
0.4790513178 0.1003612511 -0.1538808643 -0.004037974026 0.1197387685 0.490725661 -0.0005217614735 0.03042257755 0.2525505212 -0.9997208103 -0.007377595962 -0.02244710461 0.003725663278 0.8889027346 -0.4580808311 0.02333282797 -0.45803657 -0.8886270757 4.080941293e-05 -0.2046615495 0
0.4855871756 0.1017305133 -0.1559803125 -0.004147542675 0.1213055849 0.4902026603 -0.0005360516615 0.0308333147 0.2524834412 -0.9997053751 -0.007678451663 -0.02302616734 0.003878661894 0.8859205133 -0.4638208706 0.02396078012 -0.4637735282 -0.885629717 4.200636458e-05 -0.2074538157 0
0.4930567275 0.1032953844 -0.158379682 -0.004274491167 0.1230929411 0.4895967009 -0.0005526174609 0.03130251334 0.2524056797 -0.9996869668 -0.008031905661 -0.02369508085 0.004058499797 0.8824674085 -0.470356037 0.02468799191 -0.4703049664 -0.8821585694 4.339884903e-05 -0.210644977 0
0.5005262793 0.1048602555 -0.1607790514 -0.004403277751 0.1248767382 0.4889819678 -0.0005694328875 0.03177147904 0.2523267469 -0.9996677159 -0.008395743554 -0.02437148369 0.004243722187 0.8789666753 -0.4768643146 0.02542535249 -0.476809286 -0.8786389795 4.481771968e-05 -0.2138361384 0
0.5070621372 0.1062295177 -0.1628784997 -0.004517470303 0.1264346012 0.4884368959 -0.0005843510423 0.03218163022 0.2522567205 -0.9996501608 -0.008722720306 -0.02496938561 0.004410265864 0.8758646411 -0.4825367136 0.02607883475 -0.4824780249 -0.8755197598 4.60810511e-05 -0.2166284046 0
0.514531689 0.1077943888 -0.1652778691 -0.00464969119 0.1282115881 0.48780577 -0.0006016341211 0.03265014981 0.2521755936 -0.9996292631 -0.009106371647 -0.02565950682 0.00460577968 0.872275216 -0.4889935933 0.02683510925 -0.4889304874 -0.8719098895 4.754999698e-05 -0.219819566 0
0.5220012408 0.10935926 -0.1676772386 -0.004783737125 0.1299848702 0.4871659326 -0.0006191663976 0.03311842649 0.2520932976 -0.999607451 -0.009500771027 -0.02635676886 0.004806885799 0.8686388201 -0.4954225409 0.02760140872 -0.4953547572 -0.8682521677 4.904597507e-05 -0.2230107273 0
0.5285370987 0.1107285222 -0.1697766868 -0.004902520765 0.1315334134 0.4865989462 -0.0006347114388 0.03352796659 0.25202033 -0.9995875951 -0.009854784847 -0.02697263331 0.004987497315 0.8654186273 -0.5010246744 0.02828010966 -0.5009525753 -0.8650125737 5.037731127e-05 -0.2258029935 0
0.5360066505 0.1122933933 -0.1721760563 -0.005039976057 0.1332996135 0.4859428351 -0.0006527105453 0.03399577847 0.2519358438 -0.9995639991 -0.0102696703 -0.02768294869 0.005199281423 0.8616947957 -0.5074002824 0.02906508643 -0.5073229869 -0.861265701 5.192459587e-05 -0.2289941549 0
0.5434762024 0.1138582644 -0.1745754257 -0.005179242832 0.1350619643 0.4852780772 -0.0006709584021 0.03446333748 0.2518501906 -0.9995394141 -0.01069565704 -0.0284000441 0.005416862323 0.8579246755 -0.5137469307 0.02985995959 -0.5136641452 -0.8574715906 5.349957991e-05 -0.2321853162 0
0.5500120602 0.1152275266 -0.176674874 -0.005302583443 0.1366008244 0.4846893392 -0.000687129204 0.03487224146 0.2517742874 -0.9995170703 -0.01107759651 -0.02903296348 0.005612056086 0.8545880403 -0.5192762138 0.03056355573 -0.5191883745 -0.8541131663 5.490059937e-05 -0.2349775824 0
0.5574816121 0.1167923977 -0.1790742434 -0.005445233662 0.1383558235 0.4840084312 -0.0007058430349 0.03533931701 0.2516864482 -0.9994905597 -0.01152472114 -0.02976242443 0.005840695187 0.8507317864 -0.5255676111 0.03137686066 -0.525473699 -0.850231077 5.65281605e-05 -0.2381687438 0
0.5640174699 0.11816166 -0.1811736917 -0.005571527212 0.1398881743 0.483405598 -0.0007224213137 0.03574779265 0.2516086334 -0.9994664895 -0.01192533824 -0.03040596321 0.006045672133 0.8473201643 -0.5310480102 0.03209651288 -0.530948515 -0.8467960134 5.79755547e-05 -0.2409610099 0
0.5714870218 0.1197265311 -0.1835730611 -0.005717543459 0.141635647 0.4827086231 -0.0007416005424 0.03621437261 0.2515186111 -0.9994379582 -0.01239401433 -0.03114732915 0.006285613871 0.8433786502 -0.5372829268 0.03292808471 -0.5371767314 -0.8428267322 5.965654225e-05 -0.2441521713 0
0.5789565736 0.1212914022 -0.1859724306 -0.005865347659 0.1433790345 0.4820031138 -0.0007610277427 0.03668068328 0.2514274255 -0.9994083097 -0.0128743504 -0.03189485289 0.006531682645 0.8393920277 -0.5434872224 0.03376933018 -0.5433739733 -0.8388112764 6.136637672e-05 -0.2473433327 0
0.5854924315 0.1226606644 -0.1880718788 -0.005996138982 0.1449011088 0.4813788115 -0.0007782298234 0.03708848152 0.2513466846 -0.9993814289 -0.0133042986 -0.03255388136 0.006752072591 0.8358669318 -0.5488905918 0.03451331727 -0.5487708701 -0.8352600571 6.288634067e-05 -0.2501355989 0
0.5929619833 0.1242255355 -0.1904712483 -0.006147281717 0.1466367042 0.4806573665 -0.00079812151 0.03755427801 0.2512533202 -0.9993496104 -0.01380680205 -0.03331258596 0.007009813231 0.8317964252 -0.5550365479 0.03537256966 -0.5549090729 -0.8311586504 6.465093481e-05 -0.2533267602 0
0.6004315351 0.1257904066 -0.1928706177 -0.006300197491 0.1483680734 0.4799274583 -0.0008182606731 0.03801979531 0.2511587951 -0.9993165939 -0.01432128799 -0.03407705646 0.007273875996 0.8276815559 -0.5611509002 0.03624135476 -0.5610152786 -0.827011742 6.644509676e-05 -0.2565179216 0
0.606967393 0.1271596688 -0.194970066 -0.006435449069 0.1498795164 0.479281866 -0.0008360853103 0.03842689123 0.251075134 -0.9992866993 -0.01478137855 -0.0347505888 0.007510169702 0.8240448619 -0.5664747682 0.03700932214 -0.5663316841 -0.8233460595 6.803944394e-05 -0.2593101878 0
0.6144369448 0.1287245399 -0.1973694354 -0.006591674942 0.1516028302 0.4785361578 -0.0008566880147 0.03889187579 0.2509784347 -0.9992513592 -0.01531862513 -0.03552549486 0.007786266628 0.8198475281 -0.5725289553 0.03789584559 -0.5723769478 -0.8191144819 6.988973542e-05 -0.2625013491 0
0.6219064967 0.1302894111 -0.1997688049 -0.006749658439 0.1533217781 0.47778206 -0.0008775376827 0.03935657129 0.2508805771 -0.9992147381 -0.01586816445 -0.0363057638 0.00806887701 0.8156066003 -0.5785505741 0.03879175624 -0.5783892071 -0.8148380973 7.177033486e-05 -0.2656925105 0
0.6284423545 0.1316586733 -0.2018682531 -0.006889331493 0.1548222381 0.4771153628 -0.0008959835861 0.03976294003 0.2507940022 -0.9991816207 -0.01635917782 -0.03699278621 0.008321555786 0.811860242 -0.5837925138 0.03958333791 -0.5836225876 -0.8110596985 7.344092717e-05 -0.2684847767 0
0.6359119064 0.1332235444 -0.2042676226 -0.007050595721 0.15653287 0.4763456051 -0.0009172958169 0.04022708428 0.2506939751 -0.9991425181 -0.01693204777 -0.03778272489 0.008616555475 0.8075383124 -0.5897521759 0.04049670991 -0.589572031 -0.806699967 7.537906161e-05 -0.271675938 0
0.6433814582 0.1347884155 -0.206666992 -0.007213601662 0.1582389975 0.4755675338 -0.0009388544805 0.04069092961 0.2505927923 -0.9991020492 -0.01751750811 -0.03857761267 0.008918256083 0.8031735801 -0.5956783234 0.04141931914 -0.5954874786 -0.8022961441 7.73482629e-05 -0.2748670994 0
0.6499173161 0.1361576777 -0.2087664403 -0.007357656169 0.1597281267 0.4748799228 -0.0009579203147 0.04109654637 0.2505033101 -0.9990654944 -0.01804019304 -0.03927708424 0.009187791508 0.7993195481 -0.6008359547 0.04223413783 -0.6006353398 -0.79840683 7.909700941e-05 -0.2776593656 0
0.6573868679 0.1377225488 -0.2111658097 -0.007523912549 0.1614256802 0.4740863363 -0.0009799405293 0.04155982199 0.2503999628 -0.9990223821 -0.01864953006 -0.04008085606 0.00950222921 0.7948753187 -0.6066983892 0.04317392308 -0.6064861275 -0.7939210222 8.112518583e-05 -0.2808505269 0
0.6639227258 0.1390918111 -0.213265258 -0.007670802375 0.1629072339 0.4733851915 -0.0009994099257 0.041964935 0.250308588 -0.9989834674 -0.01919325828 -0.04078787335 0.009783007409 0.7909521637 -0.6117997772 0.04400368782 -0.6115768909 -0.7899603673 8.292595287e-05 -0.2836427931 0
0.6713922776 0.1406566822 -0.2156646274 -0.007840288945 0.1645960465 0.4725761864 -0.001021891013 0.0424276289 0.2502030795 -0.9989376041 -0.01982681491 -0.04160000642 0.01011040496 0.7864294406 -0.6175973726 0.04496045857 -0.6173618326 -0.7853934841 8.501406189e-05 -0.2868339545 0
0.6788618295 0.1422215533 -0.2180639969 -0.008011489872 0.1662801294 0.4717589982 -0.001044617618 0.04289000764 0.2500964197 -0.9988902289 -0.02047342521 -0.04241638229 0.01044480439 0.7818652705 -0.6233599321 0.04592620917 -0.623111176 -0.780783738 8.713453134e-05 -0.2900251158 0
0.6853976873 0.1435908155 -0.2201634451 -0.008162692331 0.1677497853 0.4710372681 -0.001064704641 0.04329432783 0.2500021488 -0.9988475108 -0.0210499904 -0.04313407203 0.01074319631 0.7778378522 -0.6283731848 0.04677856346 -0.6281123892 -0.7767152583 8.901670664e-05 -0.292817382 0
0.6928672392 0.1451556866 -0.2225628146 -0.008337091653 0.1694248739 0.4702048131 -0.001087891052 0.04375610646 0.249893333 -0.9987972161 -0.02172132547 -0.04395799214 0.01109089077 0.7731967604 -0.6340692091 0.04776100077 -0.6337940941 -0.7720258629 9.119860411e-05 -0.2960085434 0
0.700336791 0.1467205577 -0.224962184 -0.008513188134 0.1710950984 0.4693642571 -0.001111322402 0.04421756015 0.2497833687 -0.9987453189 -0.02240597686 -0.04478571445 0.01144576378 0.7685150705 -0.6397293029 0.04875225645 -0.6394392533 -0.7672943756 9.341366826e-05 -0.2991997047 0
0.7068726489 0.1480898199 -0.2270616323 -0.008668659967 0.1725525184 0.4686221481 -0.001132025598 0.04462106288 0.2496862086 -0.998698569 -0.02301603971 -0.04551296827 0.01176221387 0.7643855247 -0.6446521698 0.04962679407 -0.6443485327 -0.76312001 9.537928e-05 -0.3019919709 0
0.7143422007 0.149654691 -0.2294610017 -0.008847922153 0.1742134979 0.4677664814 -0.001155915654 0.04508189812 0.2495740937 -0.9986435803 -0.02372589547 -0.04634739976 0.01213070922 0.7596285245 -0.65024407 0.05063442973 -0.649924293 -0.7583103375 9.765729994e-05 -0.3051831323 0
0.7218117525 0.1512195622 -0.2318603712 -0.009028863826 0.1758694805 0.466902798 -0.001180050054 0.04554239865 0.2494608331 -0.9985868963 -0.02444931643 -0.04718518343 0.01250655554 0.7548317962 -0.6557991655 0.05165071807 -0.6554625774 -0.7534593639 9.996930983e-05 -0.3083742936 0
0.7283476104 0.1525888244 -0.2339598194 -0.009188560578 0.1773143302 0.4661405223 -0.001201367926 0.04594505937 0.2493607912 -0.9985358814 -0.02509350299 -0.04792086926 0.01284149752 0.7506023109 -0.6606294474 0.05254702222 -0.6602775833 -0.7491811019 0.000102020429 -0.3111665598 0
0.7358171622 0.1541536955 -0.2363591889 -0.009372634383 0.1789608202 0.4652618884 -0.001225959898 0.04640492316 0.2492453855 -0.9984759304 -0.02584258182 -0.04876450974 0.0132312854 0.7457319224 -0.6661147296 0.053579376 -0.6657447415 -0.7442534445 0.000104396954 -0.3143577212 0
0.7432867141 0.1557185666 -0.2387585583 -0.009558369535 0.1806021819 0.4643753244 -0.001250795602 0.0468644425 0.2491288371 -0.9984141895 -0.02660546066 -0.04961104334 0.0136285923 0.7408226959 -0.6715623536 0.05462021265 -0.6711735117 -0.7392852965 0.0001068083087 -0.3175488825 0
0.7498225719 0.1570878288 -0.2408580066 -0.009722245573 0.1820341312 0.4635930999 -0.001272726606 0.0472662367 0.2490259209 -0.9983586718 -0.02728436156 -0.05035400638 0.01398244895 0.7364955102 -0.6762979037 0.05553785615 -0.6758919492 -0.7349051772 0.0001089470481 -0.3203411487 0
0.7572921238 0.1586526999 -0.243257376 -0.009911078409 0.1836657557 0.4626917498 -0.001298018716 0.04772510107 0.248907233 -0.9982934851 -0.02807332512 -0.05120552787 0.01439400838 0.7315143112 -0.6816741341 0.05659443604 -0.6812478998 -0.7298618834 0.000111424508 -0.3235323101 0
0.7647616756 0.160217571 -0.2456567454 -0.01010155399 0.1852921223 0.4617825585 -0.001323553926 0.04818361128 0.2487874056 -0.9982264121 -0.02887630912 -0.05205947477 0.01481325043 0.7264951839 -0.6870118743 0.05765932495 -0.6865645684 -0.7247789288 0.0001139376537 -0.3267234714 0
0.7712975335 0.1615868333 -0.2477561937 -0.01026956252 0.1867108449 0.4609806085 -0.001346096477 0.04858451454 0.2486816227 -0.9981661494 -0.0295904789 -0.0528085385 0.01518643331 0.7220725868 -0.6916505994 0.05859787047 -0.6911841888 -0.7202990398 0.0001161661668 -0.3295157376 0
0.7787670853 0.1631517044 -0.2501555631 -0.01046310048 0.1883272327 0.4600567996 -0.001372086895 0.0490423516 0.2485596616 -0.9980954484 -0.03041994729 -0.05366658854 0.01562023039 0.7169832112 -0.6969154061 0.05967817291 -0.6964263792 -0.7151425131 0.0001187470376 -0.332706899 0
0.7853029432 0.1645209666 -0.2522550114 -0.01063377835 0.1897371555 0.4592421081 -0.001395027404 0.04944266068 0.2484520134 -0.9980319585 -0.03115739976 -0.05441898722 0.01600623361 0.7124996456 -0.7014898827 0.06063010981 -0.7009803645 -0.7105987041 0.000121035278 -0.3354991652 0
0.792772495 0.1660858377 -0.2546543809 -0.0108303552 0.1913434087 0.4583037938 -0.00142147223 0.04989981278 0.2483279225 -0.997957509 -0.0320135983 -0.05528055525 0.01645477837 0.7073411654 -0.7066807738 0.06172560679 -0.706147014 -0.7053696507 0.0001236849463 -0.3386903265 0
0.8002420469 0.1676507088 -0.2570537503 -0.01102854306 0.1929441935 0.4573577897 -0.001448159076 0.05035659473 0.2482026973 -0.9978810105 -0.03288414931 -0.05614375813 0.01691126605 0.7021463021 -0.7118318478 0.06282911692 -0.7112729456 -0.7001023489 0.0001263717494 -0.3418814879 0
0.8067779047 0.169019971 -0.2591531986 -0.01120327361 0.1943403601 0.4565237537 -0.001471708414 0.05075597266 0.2480921956 -0.9978123663 -0.03365770586 -0.0569002688 0.01731725027 0.697571212 -0.7163061615 0.06380121156 -0.7157245022 -0.6954623227 0.0001287534081 -0.3446737541 0
0.8142474566 0.1705848422 -0.261552568 -0.01140446366 0.195930774 0.4555634193 -0.001498848414 0.05121205155 0.2479648467 -0.9977319321 -0.03455534068 -0.05776608048 0.01778877381 0.6923090264 -0.7213818486 0.06491957447 -0.7207732933 -0.6901241254 0.0001315106767 -0.3478649154 0
0.8217170084 0.1721497133 -0.2639519374 -0.01160724493 0.1975155945 0.4545954896 -0.001526229758 0.05166775067 0.2478363667 -0.9976493485 -0.03546750903 -0.05863303839 0.0182683916 0.6870114174 -0.7264169452 0.06604576637 -0.7257805234 -0.6847485587 0.0001343059773 -0.3510560768 0
0.8282528663 0.1735189755 -0.2660513857 -0.01178597834 0.1988976901 0.4537423468 -0.001550386221 0.05206617323 0.2477230199 -0.9975752969 -0.03627762511 -0.0593924319 0.01869473751 0.682347217 -0.7307891504 0.06703755545 -0.7301275296 -0.6800145269 0.0001367833114 -0.353848343 0
0.8357224181 0.1750838466 -0.2684507551 -0.01199172427 0.2004719067 0.452760266 -0.001578219433 0.05252115125 0.2475924225 -0.9974885877 -0.03721720246 -0.06026107568 0.01918967043 0.6769841018 -0.7357474312 0.0681782513 -0.7350560562 -0.6745697297 0.0001396507739 -0.3570395043 0
0.8431919699 0.1766487177 -0.2708501246 -0.01219904118 0.2020404064 0.4517706865 -0.001606293294 0.0529757399 0.2474606974 -0.9973996271 -0.03817147909 -0.06113036996 0.01969284416 0.6715865406 -0.740664371 0.06932658823 -0.7399421982 -0.6690884601 0.0001425571805 -0.3602306657 0
0.8497278278 0.1780179799 -0.2729495728 -0.01238172656 0.2034081207 0.4508986799 -0.001631055135 0.05337318293 0.2473445139 -0.9973199114 -0.03901857165 -0.06189139926 0.02013992039 0.6668356884 -0.7449325797 0.07033759907 -0.7441825823 -0.6642626788 0.0001451324846 -0.3630229319 0
0.8571973796 0.179582851 -0.2753489423 -0.01259196977 0.2049657871 0.4498951323 -0.001659579547 0.05382703252 0.2472106778 -0.9972266327 -0.04000055355 -0.06276144354 0.02065867947 0.6613744698 -0.7497713183 0.07150008421 -0.7489884955 -0.6587138768 0.000148112777 -0.3662140932 0
0.8646669315 0.1811477221 -0.2777483117 -0.01280376331 0.206517615 0.4488841847 -0.001688343895 0.05428048315 0.2470757174 -0.9971309991 -0.04099738494 -0.06363163589 0.02118582102 0.6558797997 -0.7545679886 0.07267001889 -0.7537512208 -0.6531295167 0.0001511329402 -0.3694052546 0
0.8712027893 0.1825169844 -0.27984776 -0.01299034866 0.2078706423 0.4479935625 -0.001713709324 0.05467692259 0.2469567059 -0.9970453595 -0.04188183186 -0.06439303713 0.02165398397 0.6510447976 -0.7587303714 0.07369976966 -0.7578829617 -0.6482142858 0.0001538085456 -0.3721975208 0
0.8786723412 0.1840818555 -0.2822471294 -0.01320502936 0.2094114107 0.4469688336 -0.001742922873 0.05512961626 0.2468196411 -0.9969452128 -0.04290663544 -0.06526303149 0.02219697187 0.6454883505 -0.7634474991 0.07488349007 -0.7625639711 -0.6425641236 0.0001569043458 -0.3753886821 0
0.886141893 0.1856467266 -0.2846464989 -0.01342123927 0.210946221 0.4459368054 -0.001772375628 0.05558190144 0.2466814556 -0.9968426067 -0.04394642297 -0.06613266526 0.02274847896 0.6398994629 -0.768121855 0.07607446491 -0.7672010097 -0.6368793343 0.0001600409578 -0.3785798435 0
0.8926777509 0.1870159888 -0.2867459471 -0.01361167155 0.2122842602 0.4450278208 -0.001798342812 0.05597731329 0.246559625 -0.99675078 -0.04486856246 -0.06689315885 0.02323807253 0.6349828544 -0.7721766421 0.07712246484 -0.7712221384 -0.6318769965 0.0001628192317 -0.3813721097 0
0.9001473027 0.1885808599 -0.2891453166 -0.01383072869 0.2138077884 0.443982202 -0.001828243385 0.05642882365 0.2464193417 -0.9966434635 -0.04593655936 -0.06776163536 0.02380567761 0.6293341006 -0.7767701588 0.07832685635 -0.775776013 -0.6261281668 0.0001660332584 -0.3845632711 0
0.9066831606 0.1899501221 -0.2912447648 -0.01402364074 0.2151358928 0.4430613807 -0.001854602008 0.05682355245 0.2462956775 -0.9965474585 -0.04688344408 -0.06852084064 0.02430942694 0.6243656599 -0.7807538501 0.07938648935 -0.7797239674 -0.6210703019 0.0001688797822 -0.3873555372 0
0.9141527124 0.1915149933 -0.2936441343 -0.01424551863 0.2166479954 0.4420022977 -0.00188494948 0.05727427639 0.2461533009 -0.9964353018 -0.04797978883 -0.06938752859 0.02489328902 0.618658302 -0.7852657063 0.08060405338 -0.7841937549 -0.6152585971 0.000172172397 -0.3905466986 0
0.9216222643 0.1930798644 -0.2960435037 -0.01446888999 0.2181539464 0.440936086 -0.001915534916 0.05772457616 0.2460098096 -0.9963205104 -0.04909130462 -0.07025300305 0.0254858851 0.6129202087 -0.7897336813 0.081828542 -0.7886183244 -0.6094138398 0.000175507409 -0.39373786 0
0.9281581221 0.1944491266 -0.298142952 -0.01466555901 0.2194665758 0.4399973317 -0.001942492169 0.05811823793 0.2458833415 -0.9962178772 -0.05007635249 -0.07100915518 0.02601160544 0.6078744509 -0.7936069861 0.08290559438 -0.7924525291 -0.6042728287 0.0001784605896 -0.3965301261 0
0.935627674 0.1960139977 -0.3005423214 -0.01489170992 0.2209608846 0.4389178524 -0.001973523067 0.05856773353 0.2457377639 -0.9960980449 -0.05121640335 -0.07187186499 0.02662069437 0.6020797121 -0.7979920795 0.084142876 -0.7967916291 -0.5983670079 0.0001818760103 -0.3997212875 0
0.9430972258 0.1975788688 -0.3029416909 -0.01511933211 0.2224489272 0.4378313503 -0.002004791157 0.05901679552 0.2455910754 -0.9959754703 -0.05237171694 -0.07273283826 0.0272386405 0.5962552901 -0.8023326527 0.08538687815 -0.8010847847 -0.5924291086 0.0001853348061 -0.4029124489 0
0.9496330837 0.198948131 -0.3050411391 -0.0153197023 0.2237457932 0.4368749294 -0.00203234509 0.05940936649 0.2454618128 -0.9958659385 -0.05339515862 -0.07348462148 0.02778664178 0.5911348615 -0.8060939635 0.08648083659 -0.8048034124 -0.5872074015 0.0001883971033 -0.405704715 0
0.9571026355 0.2005130021 -0.3074405086 -0.01555006207 0.2252219807 0.4357753601 -0.002064057174 0.05985760664 0.2453130451 -0.9957381207 -0.05457916384 -0.07434184498 0.02842130688 0.58525578 -0.8103504805 0.08773724611 -0.809009757 -0.5812102793 0.0001919381537 -0.4088958764 0
0.9645721873 0.2020778732 -0.309839878 -0.01578187054 0.2266917893 0.4346688757 -0.002096005656 0.06030540376 0.2451631704 -0.9956074522 -0.05577850702 -0.0751968043 0.02906494717 0.5793480815 -0.8145618634 0.08900016892 -0.8131694526 -0.575182068 0.0001955235704 -0.4120870378 0
0.9711080452 0.2034471355 -0.3119393263 -0.0159858851 0.2279726087 0.4336950592 -0.00212415428 0.06069686027 0.245031123 -0.9954907489 -0.05684053179 -0.07594289131 0.02963552618 0.5741556646 -0.818209636 0.09011051206 -0.8167707309 -0.5698821534 0.0001986974777 -0.414879304 0
0.978577597 0.2050120066 -0.3143386957 -0.01622038845 0.2294303529 0.4325757114 -0.002156545256 0.06114381794 0.2448791764 -0.9953546331 -0.05806869214 -0.07679310757 0.03029610171 0.5681953189 -0.8223358352 0.0913854507 -0.8208423153 -0.5637965882 0.0002023670201 -0.4180704653 0
0.9860471489 0.2065768777 -0.3167380652 -0.01645631754 0.2308816077 0.4314495583 -0.002189171823 0.06159032321 0.2447261267 -0.9952155573 -0.05931224909 -0.07764052788 0.0309657651 0.5622074363 -0.8264163116 0.09266669225 -0.8248665684 -0.5576809378 0.0002060819332 -0.4212616267 0
0.9925830067 0.2079461399 -0.3188375134 -0.0166639187 0.2321461023 0.430458622 -0.002217913103 0.06198064167 0.2445913044 -0.9950914079 -0.06041300445 -0.07837958101 0.03155920532 0.5569457477 -0.8299490651 0.09379289091 -0.828348781 -0.5523053418 0.0002093699775 -0.4240538929 0
