0.006037314022 0.005609026965 -0.001573384407 -2.878384084e-06 0.001539506363 0.5099969018 -3.612491439e-07 0.0003833362905 0.2549996159 -0.9999999999 -6.657255842e-08 -1.67627843e-05 3.412369608e-08 0.9999819575 -0.006007060139 1.676288176e-05 -0.006007060139 -0.9999819573 3.400860605e-08 -0.002092601262 0
0.01107462804 0.01028899393 -0.002886158815 -9.685365701e-06 0.002823976375 0.5099895751 -1.220936757e-06 0.0007042206151 0.2549987017 -0.9999999984 -4.135938334e-07 -5.640335905e-05 2.079308324e-07 0.9999392907 -0.01101883943 5.640449217e-05 -0.01101883942 -0.9999392892 7.216128672e-08 -0.003838591223 0
0.01683155836 0.01563752761 -0.004386472423 -2.237174603e-05 0.004291858593 0.50997592 -2.831103551e-06 0.001071687722 0.2549969893 -0.9999999915 -1.453587324e-06 -0.0001302785988 7.282543698e-07 0.9998597769 -0.01674594202 0.0001302846724 -0.01674594197 -0.9998597684 8.072244805e-08 -0.005834008323 0
0.02258848867 0.02098606128 -0.005886786031 -4.02917744e-05 0.005759608305 0.5099566317 -5.111200642e-06 0.001439400999 0.2549945644 -0.9999999725 -3.514369342e-06 -0.0002346212565 1.758931984e-06 0.9997474722 -0.022472021 0.0002346409831 -0.02247202079 -0.9997474447 4.881345259e-08 -0.007829425422 0
0.02762580269 0.02566602825 -0.007199560439 -6.026450898e-05 0.007043744984 0.5099351339 -7.655087747e-06 0.001761167114 0.2549918588 -0.9999999384 -6.429177159e-06 -0.000350903584 3.216511677e-06 0.9996223198 -0.02748122534 0.0003509477364 -0.02748122478 -0.9996222582 1.475562002e-08 -0.009575415383 0
0.033382733 0.03101456192 -0.008699874047 -8.799568556e-05 0.008511124118 0.5099052853 -1.118889633e-05 0.002128858345 0.2549881004 -0.9999998687 -1.134404011e-05 -0.0005123339707 5.673979624e-06 0.9994485805 -0.03320444209 0.0005124281323 -0.03320444064 -0.9994484492 1.006372065e-07 -0.01157083248 0
0.03913966331 0.0363630956 -0.01020018766 -0.0001209580789 0.009978240491 0.509869806 -1.53905262e-05 0.002496491876 0.2549836318 -0.9999997519 -1.828196186e-05 -0.0007041833533 9.142676652e-06 0.9992421104 -0.03892562982 0.0007043612969 -0.0389256266 -0.9992418623 2.16436283e-07 -0.01356624958 0
0.04417697733 0.04104306256 -0.01151296206 -0.0001540904504 0.01126171617 0.5098341437 -1.961454231e-05 0.002818124253 0.2549791393 -0.9999995974 -2.62857602e-05 -0.000896985627 1.314395725e-05 0.9990346233 -0.04392973009 0.0008972744244 -0.0439297242 -0.9990342208 3.371044718e-07 -0.01531223954 0
0.04993390764 0.04639159624 -0.01301327567 -0.0001968579315 0.01272821781 0.5097881106 -2.506763197e-05 0.003185653683 0.2549733396 -0.9999993428 -3.795452686e-05 -0.00114580207 1.897697559e-05 0.9987668683 -0.04964617238 0.001146273442 -0.0496461615 -0.9987662112 4.960098039e-07 -0.01730765664 0
0.05569083795 0.05174012991 -0.01451358928 -0.0002448525963 0.01419432653 0.5097364513 -3.118793809e-05 0.003553132456 0.2549668303 -0.9999989834 -5.264563111e-05 -0.001424957236 2.632016635e-05 0.9984664821 -0.05535958253 0.001425686478 -0.05535956375 -0.9984654657 6.767374461e-07 -0.01930307374 0
0.06072815198 0.05642009688 -0.01582636369 -0.0002911344593 0.01547681377 0.5096866355 -3.709044123e-05 0.003874636568 0.2549605526 -0.9999985627 -6.825209886e-05 -0.00169407753 3.412021708e-05 0.9981769109 -0.0603560554 0.001695108503 -0.06035602646 -0.9981754739 8.525376312e-07 -0.0210490637 0
0.06648508229 0.06176863055 -0.0173266773 -0.0003489251493 0.01694206381 0.5096244321 -4.446147911e-05 0.004242025348 0.254952713 -0.9999979355 -8.95438164e-05 -0.002030019458 4.476074301e-05 0.9978154633 -0.06606284227 0.002031500325 -0.06606279675 -0.9978133993 1.073529306e-06 -0.0230444808 0
0.0722420126 0.06711716423 -0.0188269909 -0.0004119373898 0.0184067909 0.5095566084 -5.249943239e-05 0.004609366881 0.2549441642 -0.9999971225 -0.000114852681 -0.002396188092 5.74074989e-05 0.9974215236 -0.07176559733 0.002398252049 -0.07176552838 -0.997418647 1.315927077e-06 -0.0250398979 0
0.07727932662 0.07179713119 -0.02013976531 -0.0004713545732 0.01968796259 0.5094926543 -6.007964535e-05 0.004930751602 0.2549361021 -0.9999962326 -0.0001405642545 -0.002741344627 7.025412985e-05 0.9970502177 -0.0767519281 0.002744046835 -0.07675183154 -0.9970464516 1.545634165e-06 -0.02678588786 0
0.08303625693 0.07714566487 -0.02164007892 -0.0005441507776 0.02115158736 0.5094142996 -6.936780574e-05 0.005298002813 0.2549262236 -0.9999949792 -0.0001743337397 -0.003164060333 8.712493245e-05 0.9965955139 -0.08244618954 0.003167661486 -0.08244605126 -0.9965904949 1.828385649e-06 -0.02878130496 0
0.08879318724 0.08249419854 -0.02314039253 -0.000622161301 0.02261455931 0.5093303325 -7.932260033e-05 0.005665204013 0.254915636 -0.9999934364 -0.0002131092407 -0.003616859131 0.000106494187 0.9961084959 -0.08813542406 0.003621566582 -0.08813523076 -0.9961019352 2.13286451e-06 -0.03077672206 0
0.09383050127 0.08717416551 -0.02445316693 -0.0006946956132 0.0238940888 0.5092522597 -8.85798117e-05 0.005986462683 0.2549057904 -0.9999918169 -0.0002514134125 -0.004037690642 0.0001256255599 0.9956559034 -0.09310910953 0.004043559402 -0.09310885484 -0.9956477242 2.41725351e-06 -0.03252271202 0
0.09958743158 0.09252269918 -0.02595348054 -0.000782475045 0.02535571515 0.5091577777 -9.978425896e-05 0.006353565253 0.2548938738 -0.9999896184 -0.0003004970291 -0.004546737743 0.0001501374945 0.9951084918 -0.09878798971 0.004554182835 -0.09878764677 -0.9950981159 2.762997753e-06 -0.03451812912 0
0.1053443619 0.09787123286 -0.02745379415 -0.0008754599685 0.02681655907 0.5090576928 -0.000111655025 0.006720612219 0.2548812484 -0.9999870046 -0.0003555681266 -0.00508569291 0.0001776353234 0.9945289832 -0.1044608536 0.005095011949 -0.1044603995 -0.9945159957 3.131077282e-06 -0.03651354622 0
0.1103816759 0.1025511998 -0.02876656856 -0.0009610892042 0.02809412025 0.5089655251 -0.0001225884403 0.007041730899 0.25486962 -0.9999843382 -0.000408933765 -0.005581759122 0.0002042775768 0.9939956499 -0.1094194048 0.005592989575 -0.1094188314 -0.9939799987 3.471668444e-06 -0.03825953618 0
0.1161386062 0.1078997335 -0.03026688217 -0.001063824992 0.02955337575 0.5088549448 -0.0001357082243 0.007408667327 0.2548556663 -0.9999808112 -0.0004761452271 -0.006176605138 0.0002378268774 0.9933561909 -0.1150800653 0.006190363777 -0.1150793261 -0.9933370164 3.88232719e-06 -0.04025495328 0
0.1218955365 0.1132482672 -0.03176719578 -0.001171755852 0.03101171944 0.5087387727 -0.000149493964 0.007775541252 0.2548410043 -0.9999767205 -0.000550316779 -0.006801153017 0.000274843798 0.9926848904 -0.1207337269 0.006817843633 -0.1207327856 -0.9926616299 4.316101293e-06 -0.04225037038 0
0.1269328506 0.1179282341 -0.03307997018 -0.001270453799 0.03228698688 0.5086325385 -0.0001621026694 0.008096502647 0.2548275941 -0.999972634 -0.0006211904753 -0.007371935221 0.0003102086904 0.9920714594 -0.1256746722 0.007391554443 -0.1256735199 -0.9920441176 4.714853712e-06 -0.04399636034 0
0.1326897809 0.1232767678 -0.03458028379 -0.001388114497 0.03374349988 0.5085058936 -0.0001771366979 0.008463252404 0.2548116044 -0.9999673309 -0.0007093166832 -0.008051958277 0.0003541742833 0.9913407237 -0.1313142953 0.008075377566 -0.1313128572 -0.9913080862 5.192799081e-06 -0.04599177744 0
0.1384467112 0.1286253015 -0.0360805974 -0.001510958258 0.03519897202 0.5083736699 -0.0001928362671 0.008829932114 0.2547949069 -0.9999612935 -0.0008053652941 -0.008761446082 0.000402082577 0.9905784404 -0.1369459447 0.008789191106 -0.1369441669 -0.9905397747 5.694772318e-06 -0.04798719454 0
0.1434840252 0.1333052685 -0.03739337181 -0.001622694711 0.03647162108 0.5082534016 -0.0002071192182 0.009150717267 0.254779716 -0.9999553578 -0.0008961677404 -0.009406347815 0.0004473651517 0.9898856509 -0.1418668322 0.009438345208 -0.141864707 -0.9898410592 6.153979946e-06 -0.0497331845 0
0.1492409555 0.1386538021 -0.03889368542 -0.001755244308 0.03792502086 0.5081107309 -0.000224066248 0.009517258294 0.2547616917 -0.9999477677 -0.001007964655 -0.01017083745 0.0005031059958 0.9890645189 -0.1474826238 0.01020827172 -0.1474800375 -0.9890123507 6.701944984e-06 -0.0517286016 0
0.1549978858 0.1440023358 -0.04039399902 -0.001892963377 0.03937725109 0.5079624961 -0.0002416783499 0.009883721385 0.2547429601 -0.9999392509 -0.001128634565 -0.01096452413 0.0005632570579 0.9882121711 -0.1530894761 0.01100805827 -0.1530863519 -0.9881515023 7.274964144e-06 -0.0537240187 0
0.1600351998 0.1486823028 -0.04170677343 -0.002017704143 0.04064695801 0.5078282305 -0.000257634368 0.01020431046 0.2547259898 -0.9999309819 -0.00124175697 -0.01168287196 0.0006196333323 0.9874408574 -0.1579878766 0.01173232765 -0.1579842117 -0.9873719367 7.797207629e-06 -0.05547000866 0
0.1657921302 0.1540308364 -0.04320708704 -0.002165102081 0.04209687493 0.5076695778 -0.0002764930015 0.01057061987 0.2547059323 -0.9999205314 -0.00137994553 -0.01253103007 0.0006884857884 0.986530318 -0.1635770697 0.01258796852 -0.1635726979 -0.9864509697 8.418240551e-06 -0.05746542576 0
0.1708294442 0.1587108034 -0.04451986145 -0.002298303605 0.04336448911 0.5075262054 -0.0002935394505 0.01089107014 0.2546878023 -0.9999104541 -0.001508897115 -0.01329687843 0.0007527206113 0.9857082873 -0.168459508 0.01336103133 -0.168454432 -0.9856188854 8.983108025e-06 -0.05921141572 0
0.1765863745 0.1640593371 -0.04602017506 -0.002455361232 0.04481193601 0.5073571554 -0.0003136439548 0.01125721593 0.2546664198 -0.9998977998 -0.001665745096 -0.01419913166 0.000830832193 0.9847400222 -0.1740298776 0.01427234264 -0.1740238888 -0.9846379976 9.653572663e-06 -0.06120683282 0
0.1823433048 0.1694078708 -0.04752048866 -0.002617562416 0.0462580016 0.507182569 -0.0003344126384 0.01162327036 0.2546443308 -0.9998838537 -0.00183300719 -0.01513007353 0.0009141074277 0.983741171 -0.1795897351 0.01521326552 -0.1795827069 -0.9836252375 1.035100606e-05 -0.06320224992 0
0.1873806188 0.1740878377 -0.04883326307 -0.002763703063 0.04752214098 0.5070252696 -0.0003531299087 0.0119434908 0.2546244237 -0.9998705253 -0.001988155401 -0.01596808912 0.0009913311787 0.9828421999 -0.18444573 0.01606081862 -0.1844376786 -0.9827129758 1.098372463e-05 -0.06494823988 0
0.1931375491 0.1794363714 -0.05033357668 -0.00293553209 0.04896549694 0.5068403202 -0.0003751433659 0.01230936622 0.2546010108 -0.9998539286 -0.002175803037 -0.01695250301 0.001084705854 0.9817863945 -0.1899849967 0.01705710674 -0.1899756338 -0.9816406235 1.173290438e-05 -0.06694365698 0
0.1988944794 0.1847849051 -0.05183389029 -0.003112486907 0.05040734405 0.5066498537 -0.00039782039 0.01267514205 0.2545768922 -0.9998357915 -0.002374777523 -0.01796525848 0.00118368728 0.9807004324 -0.1955128147 0.0180828362 -0.1955019751 -0.9805365821 1.251033031e-05 -0.06893907408 0
0.2039317935 0.189464872 -0.05314666469 -0.003271521979 0.05166768775 0.5064786752 -0.0004182069409 0.01299511192 0.2545552097 -0.9998185861 -0.002558418345 -0.01887456827 0.001275014551 0.9797256017 -0.2003400102 0.01900445131 -0.2003277311 -0.9795446039 1.321411279e-05 -0.07068506404 0
0.2096887238 0.1948134057 -0.0546469783 -0.003458069857 0.05310658654 0.5062778832 -0.0004421275392 0.01336069322 0.2545297684 -0.9997973126 -0.002779474319 -0.01994011761 0.001384916274 0.9785835248 -0.2058454932 0.02008521284 -0.2058313863 -0.9783813288 1.404575685e-05 -0.07268048114 0
0.2154456541 0.2001619394 -0.05614729191 -0.003649724192 0.05454384944 0.5060715947 -0.0004667110374 0.01372616662 0.2545036221 -0.9997742293 -0.003012753112 -0.02103363234 0.001500857034 0.9774117566 -0.211338604 0.02119523057 -0.2113224584 -0.977186564 1.490700462e-05 -0.07467589824 0
0.2204829681 0.2048419064 -0.05746006632 -0.003821605059 0.0558000779 0.5058865896 -0.0004887651913 0.01404586507 0.2544801659 -0.9997524697 -0.003227140352 -0.02201329002 0.001607375222 0.976362237 -0.2161346767 0.02219044203 -0.2161165604 -0.9761153705 1.568526542e-05 -0.0764218882 0
0.2262398984 0.21019044 -0.05896037993 -0.004022814747 0.0572341548 0.5056700162 -0.0005145909623 0.01441112837 0.2544526983 -0.9997257261 -0.003484163887 -0.02315886632 0.001735036057 0.9751352598 -0.2216037334 0.02335513086 -0.2215831348 -0.9748617606 1.660334666e-05 -0.0784173053 0
0.2319968287 0.2155389737 -0.06046069354 -0.004229110006 0.05866646932 0.5054479689 -0.0005410789119 0.01477627546 0.2544245264 -0.9996968835 -0.003754288114 -0.0243320032 0.001869156552 0.9738790921 -0.2270595082 0.02454887599 -0.227036163 -0.9735768759 1.755246222e-05 -0.0804127224 0
0.2370341428 0.2202189407 -0.06177346794 -0.004413784121 0.05991826435 0.5052491937 -0.0005647988541 0.01509568155 0.2543992985 -0.9996698416 -0.004001630051 -0.02538099043 0.001991923704 0.9727561431 -0.2318221696 0.02561718092 -0.2317961886 -0.9724270086 1.840879968e-05 -0.08215871236 0
0.2427910731 0.2255674743 -0.06327378155 -0.004629594114 0.06134715628 0.5050169051 -0.0005925276728 0.01546060291 0.2543698068 -0.9996367776 -0.004297127112 -0.02660540336 0.00213854139 0.9714457375 -0.2372521985 0.02686520854 -0.23722292 -0.9710836971 1.941749481e-05 -0.08415412946 0
0.2485480034 0.230916008 -0.06477409516 -0.00485046724 0.06277415994 0.5047791669 -0.0006209178945 0.01582539972 0.2543396117 -0.9996013056 -0.004606583333 -0.02785694394 0.002292026852 0.9701066765 -0.2426680506 0.0281420779 -0.2426351491 -0.969709342 2.045872137e-05 -0.08614954656 0
0.2535853174 0.235595975 -0.06608686957 -0.005047878163 0.06402120488 0.5045666823 -0.0006463016734 0.01614449247 0.2543126141 -0.9995682041 -0.004889039442 -0.02897417169 0.002432069566 0.9689116442 -0.24739505 0.02928293649 -0.247358693 -0.9684813817 2.139690107e-05 -0.08789553652 0
0.2593422477 0.2409445087 -0.06758718318 -0.005278222509 0.06544455051 0.5043187496 -0.0006759312585 0.01650904791 0.2542811007 -0.9995279132 -0.005225459007 -0.03027615064 0.002598805121 0.9675193806 -0.2527834932 0.0306136723 -0.2527428393 -0.9670490475 2.250057199e-05 -0.08989095362 0
0.265099178 0.2462930423 -0.06908749678 -0.005513606012 0.06686588264 0.504065393 -0.0007062214164 0.01687347046 0.2542488848 -0.9994848861 -0.005576675524 -0.03160479677 0.002772803247 0.9660990304 -0.2581568808 0.03197302068 -0.2581115345 -0.9655859163 2.363833167e-05 -0.09188637072 0
0.270136492 0.2509730093 -0.07040027119 -0.005723693425 0.06810786243 0.503839264 -0.0007332669437 0.01719222888 0.2542201198 -0.9994448997 -0.00589635326 -0.03278910674 0.00293111461 0.9648333457 -0.2628460074 0.03318585647 -0.2627962101 -0.9642804835 2.466227074e-05 -0.09363236068 0
0.2758934224 0.256321543 -0.0719005848 -0.005968501753 0.06952530232 0.5035757629 -0.0007647948575 0.01755639441 0.2541865873 -0.999396421 -0.006276083682 -0.03416730249 0.003119089999 0.9633608905 -0.2681903539 0.03459862806 -0.2681350507 -0.9627598504 2.586544696e-05 -0.09562777778 0
0.2816503527 0.2616700766 -0.07340089841 -0.006218323728 0.07094060416 0.5033068653 -0.0007969824596 0.01792041869 0.2541523533 -0.9993448593 -0.006671426921 -0.03557167801 0.003314708635 0.9618609505 -0.2735187829 0.0360397686 -0.2734574993 -0.9612086824 2.710432363e-05 -0.09762319488 0
0.2866876667 0.2663500436 -0.07471367281 -0.006441023462 0.07217720546 0.5030671609 -0.0008256875102 0.01823882179 0.2541218231 -0.9992971158 -0.007030378585 -0.03682184412 0.003492246215 0.9605261273 -0.2781678683 0.03732396876 -0.2781009394 -0.9598264368 2.821807604e-05 -0.09936918484 0
0.292444597 0.2716985773 -0.07621398642 -0.006700221003 0.07358838219 0.5027881719 -0.0008591111589 0.0186025734 0.2540862744 -0.9992394354 -0.007455744032 -0.03827483059 0.003702542075 0.9589752409 -0.2834656565 0.03881806226 -0.2833917768 -0.9582182731 2.952543816e-05 -0.1013646019 0
0.2982015273 0.277047111 -0.07771430003 -0.006964405161 0.07499729703 0.5025038155 -0.0008931935571 0.01896617543 0.2540500249 -0.9991783073 -0.007897515019 -0.03975348313 0.003920846961 0.9573975036 -0.2887466831 0.04034026677 -0.2886652894 -0.9565798522 3.087016138e-05 -0.103360019 0
0.3032388413 0.2817270779 -0.07902707444 -0.007199649215 0.07622820834 0.502250609 -0.0009235557693 0.01928420221 0.2540177322 -0.9991218892 -0.0082977347 -0.04106821315 0.00411853085 0.9559951363 -0.293353604 0.04169518241 -0.2932651478 -0.9551214922 3.207790419e-05 -0.105106009 0
0.3089957716 0.2870756116 -0.08052738805 -0.007473156835 0.0776327666 0.5019562172 -0.0009588724031 0.01964751594 0.25398017 -0.9990539421 -0.008770991692 -0.04259448927 0.004352184276 0.9543676705 -0.2986024245 0.04326984288 -0.2985053084 -0.9534266105 3.349426868e-05 -0.1071014261 0
0.314752702 0.2924241453 -0.08202770166 -0.007751622526 0.07903493991 0.5016564888 -0.0009948467934 0.02001067173 0.2539419082 -0.9989821651 -0.009261422623 -0.04414589212 0.004594196854 0.9527140188 -0.303833658 0.04487234221 -0.3037272204 -0.9517017645 3.494969876e-05 -0.1090968432 0
0.319790016 0.2971041122 -0.08334047606 -0.007999339096 0.08025985165 0.5013898574 -0.001026863669 0.02032830122 0.2539078555 -0.9989161111 -0.00970484322 -0.04552382937 0.004812907771 0.9512457803 -0.3083963382 0.0462972887 -0.3082811728 -0.950168027 3.625571943e-05 -0.1108428332 0
0.3255469463 0.3024526459 -0.08484078967 -0.008287073319 0.08165743838 0.5010801527 -0.001064070383 0.02069115309 0.253868283 -0.9988367826 -0.01022817726 -0.04712182103 0.005070910166 0.9495436755 -0.3135938362 0.04795172048 -0.313468009 -0.9483872837 3.778602444e-05 -0.1128382503 0
0.3313038766 0.3078011796 -0.08634110328 -0.008579735567 0.08305251791 0.5007651437 -0.001101933805 0.0210538387 0.2538280119 -0.9987532254 -0.01076942817 -0.04874437517 0.005337605454 0.9478160801 -0.3187729415 0.04963370489 -0.3186356818 -0.9465768842 3.935713875e-05 -0.1148336674 0
0.3363411906 0.3124811466 -0.08765387769 -0.008839849069 0.08427112253 0.5004851688 -0.001135602711 0.02137104995 0.2537922021 -0.9986765319 -0.01125791851 -0.05018410024 0.005578182906 0.9462837193 -0.3232893542 0.05112796223 -0.3231414271 -0.9449685442 4.076582348e-05 -0.1165796573 0
0.3420981209 0.3178296802 -0.0891541913 -0.009141722111 0.08566138705 0.5001602457 -0.001174696443 0.02173341603 0.2537506224 -0.9985846599 -0.01183344082 -0.05185216237 0.0058614779 0.944509002 -0.3284332324 0.05286132935 -0.328272318 -0.9431028391 4.241511585e-05 -0.1185750744 0
0.3478550512 0.3231782139 -0.0906545049 -0.009448491642 0.08704902295 0.4998300523 -0.001214445783 0.02209560753 0.2537083455 -0.998488144 -0.01242759634 -0.05354419853 0.006153782437 0.9427095186 -0.3335579327 0.05462194896 -0.3333831404 -0.9412078008 4.410699623e-05 -0.1205704915 0
0.3528923653 0.3278581809 -0.09196727931 -0.009720922738 0.08826101506 0.4995368192 -0.001249763948 0.02241237961 0.2536707814 -0.9983997668 -0.01296295838 -0.05504423118 0.006417022937 0.9411148579 -0.3380261025 0.0561847621 -0.337838402 -0.9395256711 4.562281921e-05 -0.1223164815 0
0.3586492956 0.3332067145 -0.09346759292 -0.01003684254 0.08964360915 0.4991967768 -0.001290741482 0.02277423599 0.253627198 -0.9982941431 -0.01359270274 -0.05678064987 0.006726504379 0.9392696378 -0.3431141233 0.05799618872 -0.342910755 -0.9375759469 4.739624268e-05 -0.1243118986 0
0.3644062259 0.3385552482 -0.09496790653 -0.01035762581 0.09102345412 0.4988514996 -0.001332373469 0.02313590949 0.2535829185 -0.9981834451 -0.01424176899 -0.05854043072 0.007045294242 0.9374004042 -0.3481822022 0.05983455391 -0.3479621447 -0.9355972275 4.921406398e-05 -0.1263073157 0
0.3694435399 0.3432352152 -0.09628068094 -0.01064229144 0.09222853054 0.4985450978 -0.001369337988 0.02345222151 0.2535436033 -0.9980823012 -0.0148257351 -0.06009923179 0.007331949597 0.9357453371 -0.3526002078 0.06146513319 -0.3523646714 -0.9338421578 5.084157775e-05 -0.1280533056 0
0.3752004702 0.3485837489 -0.09778099454 -0.0109721617 0.09360310861 0.4981900397 -0.001412195952 0.02381354434 0.2534980198 -0.9979616741 -0.0155116548 -0.06190222653 0.007668459621 0.9338318038 -0.3576301957 0.063353704 -0.3573759235 -0.9318093998 5.274436215e-05 -0.1300487227 0
0.3802377842 0.3532637158 -0.09909376895 -0.01126475987 0.09480351259 0.4978750997 -0.00145023255 0.02412954508 0.2534575642 -0.9978516028 -0.01612821828 -0.0634984984 0.007970768559 0.932138394 -0.3620144767 0.06502803682 -0.3617428576 -0.9300072362 5.444720387e-05 -0.1317947127 0
0.3859947146 0.3586122495 -0.1005940826 -0.01160367436 0.0961726779 0.4975103068 -0.001494314992 0.02449050709 0.2534106783 -0.9977204965 -0.01685178679 -0.06534392234 0.00832533418 0.9301815252 -0.3670054755 0.06696640736 -0.3667128952 -0.9279208764 5.643720845e-05 -0.1337901298 0
0.3917516449 0.3639607832 -0.1020943962 -0.01194739456 0.09753889704 0.4971403412 -0.001539049861 0.02485127253 0.2533630983 -0.9975835724 -0.01759575168 -0.06721164834 0.008689661348 0.9282019455 -0.3719753193 0.0689311681 -0.3716605143 -0.9258061115 5.847466003e-05 -0.1357855469 0
0.3967889589 0.3686407501 -0.1034071706 -0.01225208196 0.09873188967 0.4968123889 -0.001578727715 0.02516677877 0.253320897 -0.9974588646 -0.01826362211 -0.06886402196 0.009016524945 0.9264514058 -0.3763063844 0.07067188756 -0.3759710531 -0.923932493 6.029686264e-05 -0.1375315369 0
0.4025458892 0.3739892838 -0.1049074842 -0.01260477859 0.100092474 0.4964327615 -0.001624684679 0.02552716788 0.2532720172 -0.9973105961 -0.01904640899 -0.07077294054 0.009399392278 0.9244300089 -0.3812358981 0.07268580489 -0.3808758235 -0.9217648186 6.242503197e-05 -0.139526954 0
0.4083028195 0.3793378175 -0.1064077978 -0.01296224405 0.1014499941 0.4960480012 -0.001671292771 0.02588735216 0.2532224447 -0.9971560419 -0.0198502027 -0.07270349114 0.009792269803 0.9223867234 -0.3861435535 0.07472576278 -0.3857573096 -0.9195691156 6.460252467e-05 -0.1415223711 0
0.4133401335 0.3840177845 -0.1077205722 -0.01327892791 0.1026352787 0.4957071363 -0.001712608617 0.02620234311 0.2531785011 -0.9970155202 -0.02057091563 -0.07441028097 0.01014431351 0.9205811224 -0.3904196333 0.07653198931 -0.390009275 -0.9176249888 6.654880814e-05 -0.143268361 0
0.4190970638 0.3893663181 -0.1092208858 -0.01364529929 0.1039869438 0.49531279 -0.001760436321 0.02656213558 0.2531276314 -0.9968487318 -0.0214146468 -0.0763807485 0.01055617875 0.9184975843 -0.3952856623 0.07862043583 -0.3948463 -0.9153770952 6.882055601e-05 -0.1452637781 0
0.4248539942 0.3947148518 -0.1107211994 -0.01401640119 0.1053354279 0.494913352 -0.001808913802 0.02692171497 0.2530760705 -0.9966751768 -0.022279964 -0.07837215762 0.0109782828 0.916393004 -0.4001291536 0.08073456009 -0.3996591866 -0.9131015636 7.114352359e-05 -0.1472591952 0
0.4298913082 0.3993948188 -0.1120339738 -0.01434498511 0.1065127102 0.4945596785 -0.00185186424 0.02723616988 0.2530303881 -0.9965176318 -0.02305497643 -0.08013162689 0.01135608168 0.9145344707 -0.4043485393 0.08260538103 -0.4038504301 -0.9110879108 7.321865821e-05 -0.1490051852 0
0.4356482385 0.4047433524 -0.1135342874 -0.01472491976 0.1078551211 0.4941507333 -0.001901558749 0.02759534201 0.2529775326 -0.9963309298 -0.02396128718 -0.08216163994 0.01179758293 0.9123912467 -0.4091491537 0.08476730147 -0.4086172655 -0.9087609339 7.56394536e-05 -0.1510006023 0
0.4414051688 0.4100918861 -0.115034601 -0.01510954518 0.109194235 0.4937367391 -0.00195190163 0.02795429283 0.2529239875 -0.9961369684 -0.02488973105 -0.08421188467 0.01224953104 0.9102278498 -0.4139265761 0.08695452387 -0.4133591207 -0.9064067233 7.811338268e-05 -0.1529960194 0
0.4464424828 0.4147718531 -0.1163473754 -0.01544992921 0.1103632238 0.4933703644 -0.001996483126 0.028268191 0.2528765702 -0.9959611604 -0.02572041918 -0.08602224758 0.01265360839 0.9083185712 -0.4180876216 0.0888889939 -0.4174875246 -0.9043245621 8.03221831e-05 -0.1547420093 0
0.4521994131 0.4201203868 -0.1178476891 -0.01584331156 0.1116960484 0.4929469447 -0.002048040351 0.02862671915 0.2528217333 -0.9957531174 -0.0266908517 -0.08810974757 0.0131253241 0.9061181813 -0.4228209638 0.09112329586 -0.4221817618 -0.9019196776 8.28975437e-05 -0.1567374264 0
0.4579563434 0.4254689204 -0.1193480027 -0.01624134354 0.1130254613 0.4925185203 -0.00210024449 0.02898501777 0.2527662083 -0.9955373111 -0.0276839315 -0.09021675077 0.01360767361 0.9038985095 -0.4275304851 0.09338251122 -0.4268501897 -0.8994879778 8.552796752e-05 -0.1587328435 0
0.4629936575 0.4301488874 -0.1206607771 -0.01659342417 0.114185868 0.4921395559 -0.002146453376 0.02929833855 0.2527170598 -0.9953419726 -0.02857158868 -0.09207617487 0.0140384997 0.9019407271 -0.4316316084 0.09537965289 -0.4309136678 -0.8973383602 8.787528756e-05 -0.1604788335 0
0.4687505878 0.4354974211 -0.1221610907 -0.01700013464 0.1155087775 0.4917017904 -0.002199869074 0.02965619913 0.2526602461 -0.99511113 -0.02960758972 -0.09421905074 0.0145409472 0.8996857524 -0.4362958947 0.0976852074 -0.435532935 -0.8948567834 9.061077398e-05 -0.1624742506 0
0.4745075181 0.4408459548 -0.1236614043 -0.01741145221 0.1168281619 0.4912590659 -0.002253930175 0.030013822 0.2526027457 -0.9948720099 -0.03066671847 -0.09638068373 0.01505419387 0.8974124076 -0.4409357572 0.1000152742 -0.4401255765 -0.8923488229 9.340326684e-05 -0.1644696677 0
0.4795448321 0.4455259217 -0.1249741787 -0.01777512246 0.1179797006 0.490867627 -0.002301762649 0.03032654477 0.2525518702 -0.9946558473 -0.03161255322 -0.09828729224 0.01551218463 0.8954084142 -0.4449754419 0.1020740783 -0.4441220758 -0.8901328352 9.589399479e-05 -0.1662156577 0
0.4853017624 0.4508744554 -0.1264744923 -0.01819503747 0.1192923697 0.4904156486 -0.002357032425 0.03068371426 0.2524930842 -0.9944007178 -0.03271547185 -0.1004833832 0.01604581878 0.8931014938 -0.4495689642 0.1044497204 -0.4486640388 -0.88757582 9.879520543e-05 -0.1682110748 0
0.4910586927 0.4562229891 -0.1279748059 -0.01861951568 0.1206014013 0.4899587587 -0.00241294604 0.03104063787 0.2524336132 -0.9941367871 -0.03384196417 -0.1026974685 0.01659039543 0.8907771337 -0.4541374867 0.1068494612 -0.4531785735 -0.8849928662 0.0001017553778 -0.1702064919 0
0.4960960068 0.460902956 -0.1292875803 -0.01899466511 0.1217437895 0.489554964 -0.002462398165 0.03135274209 0.2523810148 -0.9938984831 -0.03484709833 -0.1046493428 0.0170759114 0.8887292706 -0.4581142836 0.1089688876 -0.4571060745 -0.882711628 0.0001043944323 -0.1719524818 0
0.5018529371 0.4662514897 -0.1307878939 -0.01942765716 0.1230458963 0.4890889101 -0.002519517472 0.03170919702 0.2523202613 -0.9936175528 -0.03601818391 -0.1068964411 0.0176411233 0.886373097 -0.4626354111 0.1114134169 -0.4615684384 -0.8800804663 0.0001074669988 -0.1739478989 0
0.5076098674 0.4716000234 -0.1322882075 -0.01986516714 0.1243442544 0.4886179933 -0.002577279 0.03206539792 0.2522588246 -0.9933272891 -0.03721325399 -0.1091607554 0.01821739857 0.8840004324 -0.4671309901 0.1138816192 -0.466002585 -0.8774238244 0.0001106004929 -0.175943316 0
0.5126471814 0.4762799903 -0.1336009819 -0.02025168187 0.1254772125 0.4882019656 -0.002628346707 0.0323768631 0.2522045075 -0.9930655049 -0.03827872097 -0.1111559374 0.01873074377 0.8819110855 -0.4710435188 0.1160605968 -0.4698591032 -0.8750784885 0.0001133928192 -0.177689306 0
0.5184041117 0.481628524 -0.1351012956 -0.02069761956 0.1267684386 0.4877219775 -0.002687310844 0.03273258008 0.2521417915 -0.9927572363 -0.03951912119 -0.1134517912 0.0193278596 0.8795084015 -0.4754906997 0.1185727781 -0.4742396132 -0.8723745099 0.0001166424024 -0.1796847231 0
0.524161042 0.4869770577 -0.1366016092 -0.02114802858 0.1280558061 0.4872371767 -0.002746915532 0.0330880349 0.2520783941 -0.9924390942 -0.04078388095 -0.115764068 0.01993613682 0.8770901915 -0.479911811 0.1211081947 -0.4785911313 -0.8696455222 0.0001199548883 -0.1816801402 0
0.529198356 0.4916570247 -0.1379143836 -0.02154579137 0.1291790577 0.4868090421 -0.002799594619 0.0333988406 0.2520223629 -0.9921524716 -0.04191062415 -0.1178005628 0.02047755783 0.8749617883 -0.4837587608 0.1233456227 -0.482374718 -0.8672372736 0.0001229054551 -0.1834261301 0
0.5349552863 0.4970055583 -0.1394146972 -0.02200453946 0.1304590884 0.4863152655 -0.002860398734 0.03375379628 0.2519576895 -0.9918153057 -0.04322138326 -0.1201428791 0.02110683772 0.8725153829 -0.4881305236 0.1259241866 -0.4866711607 -0.8644618445 0.0001263377414 -0.1854215472 0
0.5407122167 0.502354092 -0.1409150108 -0.02246771095 0.131735152 0.4858167277 -0.002921841676 0.03410848171 0.2518923365 -0.9914677196 -0.04455684058 -0.1225008117 0.02174735385 0.8700544316 -0.492475724 0.1285255364 -0.4909378515 -0.8616618898 0.0001298349138 -0.1874169643 0
0.5457495307 0.507034059 -0.1422277852 -0.02287660122 0.1328484239 0.4853766159 -0.002976127808 0.03441860755 0.2518345957 -0.9911548835 -0.04574571191 -0.12457659 0.02231703887 0.8678894376 -0.4962558553 0.1308202841 -0.4946465951 -0.8591919455 0.0001329487102 -0.1891629543 0
0.551506461 0.5123825927 -0.1437280988 -0.02334802067 0.1341169483 0.4848692004 -0.003038766898 0.03477277868 0.2517679703 -0.9907872428 -0.04712776909 -0.1269630376 0.022978676 0.8654021418 -0.5005508101 0.1334639277 -0.4988567995 -0.8563464682 0.0001365694085 -0.1911583714 0
0.5572633913 0.5177311263 -0.1452284124 -0.02382381428 0.1353813984 0.4843570767 -0.003102043039 0.03512667147 0.2517006671 -0.9904086294 -0.04853482623 -0.1293642822 0.02365160067 0.862901294 -0.5048187384 0.1361298963 -0.5030365072 -0.8534769615 0.0001402569834 -0.1931537885 0
0.5623007053 0.5224110933 -0.1465411868 -0.02424370817 0.1364844209 0.4839051211 -0.003157931748 0.03543609714 0.2516412214 -0.9900681896 -0.04978658477 -0.1314772833 0.02424967879 0.8607022093 -0.5085308839 0.1384808042 -0.5066685335 -0.8509465694 0.0001435390164 -0.1948997785 0
0.5680576356 0.527759627 -0.1480415004 -0.02472765621 0.1377411321 0.4833842204 -0.003222400657 0.03578946052 0.2515726493 -0.9896684806 -0.05124077262 -0.1339054957 0.02494379843 0.8581768925 -0.5127477237 0.1411881917 -0.5107903723 -0.8480324817 0.0001473538552 -0.1968951956 0
0.5730949497 0.5324395939 -0.1493542748 -0.02515465807 0.1388373265 0.482924614 -0.003279332056 0.03609841865 0.2515120944 -0.9893092835 -0.05253390877 -0.1360416481 0.02556043483 0.8559569367 -0.5164149365 0.1435750876 -0.5143713745 -0.8454633542 0.0001507483129 -0.1986411855 0
0.57885188 0.5377881276 -0.1508545884 -0.02564669825 0.1400861698 0.4823950033 -0.003344991478 0.03645124277 0.2514422557 -0.9888877955 -0.05403553559 -0.1384958081 0.02627577354 0.8534083857 -0.5205801676 0.1463233122 -0.5184344588 -0.8425053117 0.0001546928595 -0.2006366026 0
0.5846088103 0.5431366613 -0.152354902 -0.0261430284 0.1413307646 0.481860775 -0.003411284901 0.03680377527 0.2513717426 -0.9884544114 -0.05556257884 -0.1409633866 0.02700243231 0.8508479512 -0.5247176693 0.1490930756 -0.5224658493 -0.8395240861 0.0001587075843 -0.2026320197 0
0.5896461243 0.5478166282 -0.1536676765 -0.02658082214 0.1424162716 0.4813895527 -0.003469811208 0.03711199981 0.2513094909 -0.9880652881 -0.05691964975 -0.1431332945 0.02764754359 0.8485981018 -0.5283151284 0.1515341541 -0.5259671236 -0.8368966394 0.0001622785844 -0.2043780097 0
0.5954030546 0.5531651619 -0.1551679901 -0.02708514694 0.1436528032 0.4808467193 -0.003537291603 0.03746397802 0.251237715 -0.9876090712 -0.05849454592 -0.1456252404 0.02839542105 0.8460163432 -0.5324002696 0.1543438454 -0.5299384258 -0.8338724377 0.0001664267721 -0.2063734268 0
0.6011599849 0.5585136956 -0.1566683037 -0.02759370909 0.1448849828 0.480299325 -0.003605404085 0.03781565661 0.2511652666 -0.9871403946 -0.0600950602 -0.1481297574 0.02915460626 0.8434237246 -0.5364572954 0.1571745852 -0.533877331 -0.8308255805 0.0001706471431 -0.2083688439 0
0.6061972989 0.5631936626 -0.1579810781 -0.02804216232 0.1459595419 0.4798166294 -0.003665520483 0.03812312742 0.2511013232 -0.9867199273 -0.06151657325 -0.1503312887 0.02982816142 0.8411465561 -0.5399840294 0.1596686128 -0.5372971082 -0.8281411423 0.0001743997297 -0.2101148338 0
0.6119542293 0.5685421962 -0.1594813917 -0.02855861928 0.1471834655 0.4792607374 -0.003734816298 0.03847423673 0.2510276159 -0.9862273587 -0.06316528269 -0.1528585755 0.0306085194 0.8385345407 -0.5439879986 0.1625383511 -0.5411746217 -0.8250523094 0.0001787573273 -0.2121102509 0
0.6177111596 0.5738907299 -0.1609817053 -0.02907925974 0.1484029351 0.4787003426 -0.003804742233 0.03882503845 0.2509532381 -0.9857217644 -0.06483977355 -0.1553975772 0.03140014844 0.8359126972 -0.5479634963 0.1654286369 -0.5450190514 -0.8219413603 0.0001831891176 -0.214105668 0
0.6227484736 0.5785706969 -0.1622944797 -0.02953823696 0.1494662896 0.4782063193 -0.003866443776 0.03913173544 0.2508876083 -0.9852685292 -0.06632613951 -0.157628578 0.03210205517 0.8336108057 -0.5514186093 0.1679743535 -0.5483556035 -0.819201287 0.0001871283453 -0.215851658 0
0.6285054039 0.5839192306 -0.1637947933 -0.03006667009 0.1506773133 0.4776375368 -0.003937549308 0.03948195295 0.2508119755 -0.98473798 -0.06804909551 -0.1601887368 0.03291476524 0.8309715075 -0.5553404109 0.1709026887 -0.5521373691 -0.8160493837 0.0001917011333 -0.2178470751 0
0.6342623342 0.5892677642 -0.1652951069 -0.03059923162 0.1518837824 0.4770643106 -0.004009282942 0.0398318549 0.2507356745 -0.9841938376 -0.06979795752 -0.1627597466 0.03373868515 0.8283234203 -0.559233415 0.1738510601 -0.5558853807 -0.8128759145 0.0001963501267 -0.2198424922 0
0.6392996482 0.5939477312 -0.1666078813 -0.03106859427 0.1529356795 0.4765591089 -0.004072564552 0.0401377581 0.2506683636 -0.9837064071 -0.07134948985 -0.1650180441 0.03446878946 0.8259994196 -0.5626160871 0.1764471794 -0.5591370218 -0.8100815908 0.0002004810594 -0.2215884822 0
0.6450565785 0.5992962649 -0.1681081949 -0.03160884406 0.1541335157 0.4759776074 -0.004145473949 0.04048706096 0.2505908116 -0.9831362452 -0.07314701422 -0.167608585 0.03531365256 0.8233358315 -0.5664548124 0.1794326319 -0.5628211287 -0.8068682096 0.0002052748277 -0.2235838993 0
0.6508135089 0.6046447985 -0.1696085085 -0.03215316598 0.1553266982 0.4753917228 -0.004219009378 0.04083604035 0.2505125936 -0.9825519221 -0.07497053032 -0.1702091067 0.03616963968 0.8206644992 -0.5702644448 0.1824375991 -0.5664708284 -0.803633824 0.0002101468176 -0.2255793164 0
0.6558508229 0.6093247655 -0.170921283 -0.03263277246 0.1563668887 0.4748754952 -0.004283865846 0.04114112982 0.250443607 -0.9820288676 -0.0765874446 -0.1724925115 0.03692772562 0.8183210171 -0.5735739325 0.1850828092 -0.5696359155 -0.8007866617 0.0002144745265 -0.2273253063 0
0.6616077532 0.6146732992 -0.1724215966 -0.03318467598 0.1575512541 0.4742814501 -0.004358573109 0.04148949529 0.2503641421 -0.9814174602 -0.07845974713 -0.1751109272 0.03780447183 0.8156361469 -0.5773287606 0.1881238705 -0.5732205021 -0.7975134264 0.0002194950737 -0.2293207234 0
0.6673646835 0.6200218329 -0.1739219102 -0.03374059416 0.1587308684 0.4736830838 -0.004433904282 0.04183752941 0.2502840135 -0.9807913243 -0.08035808801 -0.177738448 0.0386922315 0.8129445812 -0.5810542308 0.1911839152 -0.5767700457 -0.7942197586 0.0002245958608 -0.2313161405 0
0.6724019975 0.6247017998 -0.1752346846 -0.03423029992 0.1597591073 0.4731559857 -0.00450033027 0.04214178529 0.2502133569 -0.9802312184 -0.0820405015 -0.1800447574 0.03947802099 0.8105842562 -0.5842898677 0.1938768795 -0.5798469796 -0.7913211964 0.0002291254238 -0.2330621305 0
0.6781589278 0.6300503335 -0.1767349982 -0.03479369086 0.1609297233 0.4725495761 -0.00457682925 0.04248919072 0.2501319857 -0.9795769353 -0.08398767949 -0.1826885261 0.04038630929 0.8078811218 -0.5879600658 0.1969720129 -0.5833302347 -0.787989761 0.0002343785548 -0.2350575476 0
0.6839158581 0.6353988672 -0.1782353118 -0.03536103784 0.1620954924 0.4719389083 -0.004653949967 0.04283625693 0.2500499529 -0.9789073576 -0.08596090324 -0.1853405199 0.04130547578 0.8051723435 -0.5916006718 0.2000855889 -0.5867778287 -0.7846384752 0.0002397139464 -0.2370529647 0
0.6889531722 0.6400788341 -0.1795480862 -0.03586069539 0.1631115384 0.4714010985 -0.00472194001 0.04313965945 0.2499776321 -0.9783087765 -0.08770883461 -0.1876675204 0.04211862848 0.8027978205 -0.5947618688 0.2028249468 -0.5897650547 -0.7816899777 0.0002444504463 -0.2387989546 0
0.6947101025 0.6454273678 -0.1810483998 -0.03643540413 0.164268131 0.4707825069 -0.00480022441 0.04348608227 0.2498943611 -0.9776099925 -0.08973087259 -0.190334109 0.04305804674 0.8000794465 -0.5983467924 0.2059725884 -0.5931452182 -0.7783020256 0.0002499419719 -0.2407943717 0
0.7004670328 0.6507759015 -0.1825487134 -0.03701400915 0.1654197824 0.4701597215 -0.004879128324 0.04383215803 0.2498104309 -0.9768953504 -0.09177892449 -0.1930080397 0.04400818315 0.7973564811 -0.6019019205 0.2091381223 -0.5964891207 -0.7748948153 0.0002555177801 -0.2427897888 0
0.7055043468 0.6554558685 -0.1838614878 -0.03752346814 0.1664233987 0.4696113619 -0.004948676826 0.0441346875 0.2497364519 -0.9762568764 -0.09359229363 -0.19535351 0.04484829651 0.7949704079 -0.6049881659 0.2119224896 -0.5993851293 -0.7718978723 0.0002604663037 -0.2445357788 0
0.7112612771 0.6608044021 -0.1853618014 -0.03810932181 0.1675656984 0.4689807743 -0.005028740206 0.04448010522 0.2496512879 -0.9755119743 -0.09568906324 -0.1980403775 0.04581836147 0.7922398204 -0.6084872593 0.215121049 -0.6026604932 -0.7684551153 0.0002662020386 -0.2465311959 0
0.7170182074 0.6661529358 -0.186862115 -0.03869901086 0.1687029645 0.4683460585 -0.005109420823 0.0448251681 0.2495654672 -0.974750654 -0.09781177568 -0.200733702 0.04679895986 0.7895056939 -0.6119563846 0.2183369413 -0.6058990145 -0.7649937021 0.0002720240795 -0.248526613 0
0.7220555215 0.6708329028 -0.1881748894 -0.03921811814 0.1696939181 0.4677873139 -0.00518052206 0.0451268049 0.2494898359 -0.9740708781 -0.09969040372 -0.2030954154 0.04766556916 0.7871107175 -0.6149672445 0.2211649111 -0.6087023425 -0.761949828 0.0002771897166 -0.250272603 0
0.7278124518 0.6761814364 -0.1896752031 -0.03981494066 0.1708216606 0.46714492 -0.005262357829 0.04547119514 0.2494027859 -0.9732782515 -0.1018616638 -0.2058000162 0.04866572663 0.7843709406 -0.6183800406 0.224412772 -0.611871252 -0.7584540057 0.0002831754786 -0.2522680201 0
0.7335693821 0.6815299701 -0.1911755167 -0.04041553658 0.1719442785 0.4664984645 -0.00534480851 0.04581522277 0.2493150816 -0.9724686508 -0.1040587563 -0.2085101878 0.04967620816 0.7816286751 -0.621762727 0.2276773979 -0.6150027557 -0.7549401387 0.0002892495707 -0.2542634372 0
0.7386066961 0.6862099371 -0.1924882911 -0.04094413624 0.1729223409 0.4659295027 -0.00541745663 0.04611594737 0.2492378042 -0.9717461752 -0.1060023658 -0.2108859156 0.05056878676 0.779227438 -0.6246978451 0.2305475412 -0.6177119865 -0.7518508715 0.0002946374131 -0.2560094271 0
0.7443636264 0.6915584708 -0.1939886047 -0.04155174841 0.1740352664 0.4652754952 -0.005501058054 0.04645928784 0.2491488753 -0.9709042311 -0.1082477624 -0.2136057021 0.05159841182 0.7764814889 -0.6280239655 0.2338430626 -0.6207728403 -0.7483037503 0.0003008790219 -0.2580048442 0
0.7501205567 0.6969070044 -0.1954889183 -0.04216307093 0.1751429782 0.4646174941 -0.005585272013 0.04680225797 0.2490592946 -0.9700447626 -0.1105188421 -0.2163301737 0.05263812708 0.7737340984 -0.6313198655 0.2371547724 -0.6237957442 -0.744739205 0.0003072109853 -0.2600002613 0
0.7551578707 0.7015869714 -0.1968016927 -0.04270100436 0.1761079252 0.4640384858 -0.005659461039 0.04710205093 0.2489803774 -0.9692782029 -0.1125270571 -0.2187176876 0.05355608668 0.7713292348 -0.634178963 0.240065639 -0.626409509 -0.7416061057 0.0003128261258 -0.2617462513 0
0.7609148011 0.7069355051 -0.1983020063 -0.04331922391 0.1772057791 0.463373061 -0.005744821237 0.04744431944 0.2488895769 -0.9683853648 -0.1148461242 -0.2214501141 0.05461448409 0.76858012 -0.6374181181 0.2434071557 -0.6293607605 -0.738009478 0.0003193294019 -0.2637416684 0
0.7666717314 0.7122840387 -0.1998023199 -0.04394108972 0.1782983319 0.4627037116 -0.005830791544 0.04778620991 0.248798127 -0.9674744583 -0.117190686 -0.2241863413 0.05568271347 0.7658306062 -0.6406269726 0.2467642761 -0.6322735371 -0.7343960555 0.000325925057 -0.2657370855 0
0.7717090454 0.7169640057 -0.2011150943 -0.04448819566 0.1792499434 0.4621148304 -0.005906515369 0.04808505186 0.2487175765 -0.966662446 -0.1192630327 -0.2265834164 0.05662540447 0.7634247382 -0.6434098482 0.2497143951 -0.6347905152 -0.7312207073 0.0003317725884 -0.2674830754 0
