0.006271787354 0.005403709266 -0.0009040154292 -2.880717941e-06 0.001599296641 0.5099966565 -3.61462231e-07 0.0003982512036 0.2549995854 -0.9999999999 -6.923229644e-08 -1.677636775e-05 3.545958969e-08 0.9999805288 -0.006240357845 1.677647312e-05 -0.006240357845 -0.9999805286 3.373990698e-08 -0.001202340521 0
0.01229668719 0.01059470271 -0.001772444491 -1.107363246e-05 0.003135586391 0.5099871474 -1.396691093e-06 0.0007821817744 0.2549983978 -0.9999999979 -5.252139041e-07 -6.448764423e-05 2.638105743e-07 0.9999251536 -0.01223467188 6.448924339e-05 -0.01223467187 -0.9999251515 7.258369325e-08 -0.002357351173 0
0.01832158702 0.01578569616 -0.002640873553 -2.45828966e-05 0.004671776985 0.509971468 -3.111931064e-06 0.001166851272 0.25499643 -0.9999999898 -1.738779968e-06 -0.0001431534097 8.709407649e-07 0.9998338522 -0.01822821988 0.00014316132 -0.01822821982 -0.9998338419 7.112702955e-08 -0.003512361826 0
0.02359337437 0.02032781543 -0.003400748982 -4.076417272e-05 0.006015824229 0.5099526873 -5.170577431e-06 0.001503592177 0.2549940681 -0.9999999718 -3.71377891e-06 -0.0002373700943 1.858712299e-06 0.9997245028 -0.02347165104 0.000237391868 -0.02347165082 -0.9997244747 3.719850278e-08 -0.004522996146 0
0.02961827421 0.02551880887 -0.004269178044 -6.42400521e-05 0.007551697982 0.5099254401 -8.159900798e-06 0.001888434144 0.2549906385 -0.99999993 -7.347663756e-06 -0.0003740437408 3.675884098e-06 0.9995658789 -0.0294627516 0.0003740978429 -0.02946275091 -0.9995658089 3.604072111e-08 -0.005678006799 0
0.03564317404 0.03070980232 -0.005137607106 -9.30302636e-05 0.009087332939 0.5098920249 -1.182756362e-05 0.002273221503 0.2549864305 -0.9999998532 -1.280520948e-05 -0.000541630247 6.40472088e-06 0.99937138 -0.03545200792 0.0005417437378 -0.03545200618 -0.9993712332 1.332578292e-07 -0.006833017451 0
0.04166807387 0.03590079577 -0.006006036168 -0.0001271337148 0.01062268055 0.5098524429 -1.61731427e-05 0.002657946422 0.2549814448 -0.9999997259 -2.045667439e-05 -0.0007401070774 1.023023078e-05 0.9991410338 -0.0414390454 0.0007403190555 -0.04143904161 -0.9991407597 2.561343782e-07 -0.007988028103 0
0.04769297371 0.04109178921 -0.00687446523 -0.0001665491115 0.01215769226 0.5098066956 -2.119638402e-05 0.003042612046 0.2549756815 -0.9999995296 -3.067192501e-05 -0.0009694475438 1.533717768e-05 0.9988748732 -0.04742348977 0.0009698113621 -0.04742348233 -0.9988744029 4.023397669e-07 -0.009143038756 0
0.05371787354 0.04628278266 -0.007742894292 -0.0002112749582 0.01369231956 0.5097547848 -2.689711894e-05 0.003427222698 0.2549691409 -0.9999992431 -4.382036996e-05 -0.00122962081 2.191003997e-05 0.9985729362 -0.05340496709 0.001230206288 -0.05340495361 -0.9985721794 5.70969634e-07 -0.01029804941 0
0.05898966089 0.05082490193 -0.008502769721 -0.0002547649734 0.01503476497 0.5097043083 -3.244091835e-05 0.003763714486 0.2549627804 -0.9999988994 -5.80214018e-05 -0.001482537552 2.900857979e-05 0.9982794273 -0.05863603221 0.001483388883 -0.05863601067 -0.9982783268 7.365606292e-07 -0.01130868373 0
0.06501456072 0.05601589538 -0.009371198783 -0.0003094431813 0.01656854075 0.5096408464 -3.941162852e-05 0.004148229641 0.2549547828 -0.9999983762 -7.766338379e-05 -0.001800424783 3.882609214e-05 0.9979105295 -0.06461093996 0.001801680753 -0.06461090495 -0.9979089061 9.462337578e-07 -0.01246369438 0
0.07103946056 0.06120688882 -0.01023962784 -0.0003694264173 0.01810179269 0.5095712271 -4.705951299e-05 0.004532695502 0.2549460082 -0.9999976857 -0.0001012974625 -0.0021490331 5.063793318e-05 0.9975059929 -0.07058180811 0.002150823154 -0.07058175359 -0.9975036792 1.177627035e-06 -0.01361870503 0
0.07706436039 0.06639788227 -0.01110805691 -0.0004347124056 0.01963447234 0.5094954533 -5.538447591e-05 0.004917111921 0.2549364568 -0.9999967954 -0.0001292906498 -0.002528315644 6.462708724e-05 0.997065875 -0.07654826463 0.002530794225 -0.07654818273 -0.9970626715 1.430759403e-06 -0.01477371569 0
0.08308926022 0.07158887572 -0.01197648597 -0.0005052986691 0.02116653127 0.5094135277 -6.438642055e-05 0.005301478044 0.2549261287 -0.9999956703 -0.0001620091791 -0.00293822144 8.097605331e-05 0.9965902385 -0.0825099381 0.002941570173 -0.08250981878 -0.9965859105 1.705712592e-06 -0.01592872634 0
0.08911416006 0.07677986916 -0.01284491503 -0.0005811825299 0.02269792108 0.5093254535 -7.40652471e-05 0.005685792495 0.254915024 -0.9999942722 -0.0001998184397 -0.003378695402 9.986680421e-05 0.9960791514 -0.08846645776 0.003383125278 -0.08846628846 -0.9960734261 2.002613099e-06 -0.01708373699 0
0.09438594741 0.08132198843 -0.01360479046 -0.0006519243351 0.02403730025 0.5092433474 -8.308939327e-05 0.006022023872 0.2549046704 -0.999992793 -0.0002373640864 -0.003789139139 0.0001186238931 0.9956029266 -0.0936738938 0.003794712834 -0.09367366818 -0.9955957232 2.280530115e-06 -0.01809437131 0
0.1004108472 0.08651298188 -0.01447321952 -0.0007377332735 0.0255673051 0.5091437537 -9.403708861e-05 0.006406236446 0.2548921098 -0.999990771 -0.0002857000911 -0.004286765668 0.00014276896 0.9950255697 -0.09961975329 0.004293902823 -0.09961944591 -0.9950163458 2.619035645e-06 -0.01924938196 0
0.1064357471 0.09170397532 -0.01534164858 -0.0008288309914 0.02709650183 0.5090380216 -0.000105661352 0.006790391538 0.2548787731 -0.999988351 -0.0003401720293 -0.004814779182 0.0001699756851 0.994412985 -0.1055593972 0.004823787293 -0.1055589859 -0.9944013433 2.980019274e-06 -0.02040439262 0
0.1124606469 0.09689496877 -0.01621007765 -0.0009252140331 0.02862484217 0.5089261551 -0.000117962063 0.007174486719 0.2548646602 -0.9999854843 -0.0004011414043 -0.005373108758 0.0002004236192 0.9937652598 -0.1114924579 0.005384333062 -0.1114919164 -0.9937507542 3.363708676e-06 -0.02155940327 0
0.1184855467 0.1020859622 -0.01707850671 -0.001026878743 0.03015227786 0.5088081585 -0.0001309390952 0.007558519423 0.2548497714 -0.9999821191 -0.0004689685589 -0.005961679416 0.0002342915895 0.9930824864 -0.1174185685 0.005975505034 -0.1174178657 -0.9930646193 3.770349453e-06 -0.02271441392 0
0.1245104466 0.1072769557 -0.01794693577 -0.001133821264 0.0316787607 0.5086840362 -0.0001445923153 0.007942486979 0.2548341067 -0.9999782009 -0.0005440126102 -0.006580412123 0.0002717576599 0.9923647621 -0.1233373632 0.006597266191 -0.1233364629 -0.9923429815 4.200203622e-06 -0.02386942457 0
0.1297822339 0.1118190749 -0.0187068112 -0.001231722241 0.03301361368 0.5085704079 -0.0001570934589 0.008278402987 0.2548197639 -0.9999742739 -0.0006158775988 -0.007146480346 0.0003076314083 0.9917081627 -0.1285100206 0.007166369337 -0.128508913 -0.9916824605 4.595585883e-06 -0.02488005889 0
0.1358071338 0.1170100684 -0.01957524026 -0.001348549568 0.03453818013 0.5084348129 -0.0001720141503 0.008662240919 0.254802645 -0.9999691625 -0.0007054167272 -0.007821539844 0.0003523210255 0.9909251846 -0.1344141157 0.007845378779 -0.1344127264 -0.9908943783 5.069723881e-06 -0.02603506955 0
0.1418320336 0.1222010618 -0.02044366932 -0.001470642508 0.03606165537 0.5082931063 -0.0001876106105 0.009046005621 0.2547847509 -0.9999633261 -0.0008031978094 -0.008526511745 0.0004011160612 0.9901075625 -0.1403098491 0.008554860324 -0.1403081235 -0.9900709292 5.567910754e-06 -0.0271900802 0
0.1478569334 0.1273920553 -0.02131209838 -0.001597996429 0.03758399134 0.5081452937 -0.0002038826809 0.009429694184 0.2547660815 -0.9999566995 -0.0009095746106 -0.009261301455 0.0004541912438 0.989255413 -0.1461968591 0.009294769547 -0.1461947351 -0.9892121646 6.090463428e-06 -0.02834509085 0
0.1538818333 0.1325830487 -0.02218052745 -0.001730606502 0.03910514006 0.5079913805 -0.0002208301961 0.009813303663 0.2547466373 -0.9999492151 -0.00102489936 -0.0100258104 0.0005117203447 0.9883688571 -0.1520747855 0.01006506012 -0.1520721928 -0.9883181384 6.637711549e-06 -0.0295001015 0
0.1599067331 0.1377740422 -0.02304895651 -0.001868467699 0.04062505359 0.5078313726 -0.0002384529837 0.01019683108 0.2547264182 -0.999940802 -0.001149522687 -0.01081993604 0.0005738761389 0.9874480211 -0.157943269 0.01086568381 -0.1579401284 -0.9873889065 7.209997029e-06 -0.03065511216 0
0.1651785204 0.1423161614 -0.02380883194 -0.001993399704 0.04195392703 0.5076863709 -0.0002544267168 0.01053234791 0.2547080912 -0.9999326214 -0.001266470214 -0.01153900731 0.0006321928297 0.986614272 -0.1630701647 0.0115910728 -0.1630664721 -0.9865469947 7.731563139e-06 -0.03166574648 0
0.1712034203 0.1475071549 -0.024677261 -0.002141092513 0.04347139553 0.507514952 -0.0002733151526 0.01091571338 0.25468642 -0.9999222678 -0.001409467598 -0.01238837415 0.0007034857226 0.9856295174 -0.1689199795 0.01244843447 -0.168915564 -0.9855519107 8.351756358e-06 -0.03282075713 0
0.1772283201 0.1526981483 -0.02554569006 -0.002294020882 0.04498749129 0.5073374565 -0.0002928783279 0.01129898812 0.2546639747 -0.9999107677 -0.001562762145 -0.01326704095 0.0007798961346 0.9846108722 -0.1747593265 0.01333598002 -0.1747540793 -0.9845217943 8.99803494e-06 -0.03397576778 0
0.1832532199 0.1578891418 -0.02641411912 -0.002452179015 0.04650216659 0.507153891 -0.0003131160441 0.0116821691 0.2546407555 -0.9998980403 -0.001726697699 -0.01417488997 0.0008615926129 0.9835584809 -0.1805878519 0.01425365388 -0.1805816522 -0.9834567099 9.670784944e-06 -0.03513077843 0
0.1892781198 0.1630801352 -0.02728254818 -0.002615560916 0.04801537375 0.5069642627 -0.0003340280961 0.01206525325 0.2546167626 -0.999884002 -0.0019016162 -0.01511179959 0.0009487425199 0.9824724933 -0.1864052034 0.01520139858 -0.186397918 -0.9823567242 1.037040305e-05 -0.03628578909 0
0.1953030196 0.1682711287 -0.02815097725 -0.002784160392 0.04952706518 0.5067685786 -0.0003556142714 0.01244823751 0.2545919963 -0.9998685665 -0.002087857625 -0.01607764433 0.001041511995 0.9813530634 -0.1922110303 0.01617915478 -0.1922025124 -0.9812219062 1.109729626e-05 -0.03744079974 0
0.200574807 0.1728132479 -0.02891085268 -0.002935959957 0.05084851441 0.5065923932 -0.0003750549948 0.01278326438 0.2545696915 -0.9998538446 -0.002260372935 -0.01694639275 0.001127424735 0.9803462541 -0.1972814006 0.01705926219 -0.1972716726 -0.9802004228 1.175602952e-05 -0.03845143406 0
0.2065997068 0.1780042414 -0.02977928174 -0.003114325008 0.05235723572 0.5063853747 -0.0003979045561 0.01316605305 0.2545434756 -0.999835548 -0.002468754092 -0.01796613927 0.001231174279 0.9791645522 -0.2030646791 0.01809312347 -0.2030534042 -0.9790004872 1.253519523e-05 -0.03960644471 0
0.2126246066 0.1831952348 -0.0306477108 -0.003297888733 0.05386430478 0.5061723224 -0.0004214275929 0.01354873298 0.254516487 -0.9998155921 -0.002689424119 -0.01901443883 0.001341013888 0.9779498777 -0.2088354338 0.01915681519 -0.2088224215 -0.9777659294 1.334286107e-05 -0.04076145536 0
0.2186495065 0.1883862283 -0.03151613986 -0.003486644175 0.05536967423 0.5059532444 -0.0004456238666 0.01393130107 0.254488726 -0.9997938804 -0.00292271481 -0.02009115121 0.001457104606 0.9767024028 -0.2145933204 0.02025027073 -0.2145783634 -0.9764968267 1.417947137e-05 -0.04191646602 0
0.2246744063 0.1935772217 -0.03238456892 -0.003680584183 0.0568732968 0.5057281489 -0.0004704931318 0.01431375424 0.2544601929 -0.9997703145 -0.003168955705 -0.02119613238 0.001579606074 0.9754223046 -0.2203379963 0.02137342165 -0.2203208694 -0.9751932585 1.504547946e-05 -0.04307147667 0
0.2306993061 0.1987682152 -0.03325299799 -0.00387970141 0.05837512529 0.5054970445 -0.0004960351363 0.01469608937 0.2544308878 -0.9997447929 -0.003428474024 -0.02232923464 0.001708676487 0.9741097644 -0.2260691209 0.0225261976 -0.2260495799 -0.9738553064 1.594134737e-05 -0.04422648732 0
0.2359710935 0.2033103344 -0.03401287341 -0.004058169996 0.05968771645 0.5052899059 -0.0005189360432 0.01503053336 0.254404613 -0.9997207757 -0.003666699623 -0.02334364822 0.001827124926 0.9729348252 -0.2310724723 0.02355912165 -0.231050603 -0.9726564587 1.675009586e-05 -0.04523712164 0
0.2419959933 0.2085013279 -0.03488130248 -0.004266974024 0.06118605405 0.5050475586 -0.0005457387303 0.01541263885 0.2543738616 -0.9996913057 -0.003951986764 -0.02452906642 0.001968933331 0.9715619613 -0.2367772766 0.02476724854 -0.2367524809 -0.9712542644 1.770322558e-05 -0.04639213229 0
0.2480208932 0.2136923213 -0.03574973154 -0.004480933058 0.06268246229 0.5047992281 -0.0005732133936 0.01579461739 0.2543423392 -0.9996595751 -0.004251478657 -0.02574216039 0.002117757137 0.9701572022 -0.2424675608 0.02600478796 -0.2424395345 -0.969817933 1.86875898e-05 -0.04754714295 0
0.254045793 0.2188833148 -0.0366181606 -0.004700038997 0.06417689425 0.5045449239 -0.0006013597544 0.01617646588 0.2543100461 -0.9996254731 -0.004565492998 -0.02698276817 0.002273748614 0.968720747 -0.2481429918 0.02727166243 -0.2481114077 -0.9683475542 1.9703682e-05 -0.0487021536 0
0.2600706928 0.2240743082 -0.03748658966 -0.004924283543 0.06566930312 0.5042846556 -0.0006301775274 0.01655818122 0.2542769826 -0.9995888865 -0.004894344881 -0.02825072418 0.002437058411 0.9672527988 -0.2538032385 0.02856779261 -0.2537677453 -0.9668432203 2.075200315e-05 -0.04985716425 0
0.2653424802 0.2286164275 -0.03824646509 -0.005124706114 0.06697346458 0.5040520362 -0.000655943617 0.01689207047 0.2542474205 -0.9995547442 -0.005194507384 -0.02938248688 0.002586074966 0.9659426733 -0.2587432398 0.0297258416 -0.2587040182 -0.9654991483 2.169612139e-05 -0.05086779857 0
0.27136738 0.2338074209 -0.03911489415 -0.005358562511 0.06846195426 0.503780612 -0.0006860194948 0.01727352777 0.2542129136 -0.9995131853 -0.005552019648 -0.03070126207 0.002763506885 0.964416239 -0.2643741308 0.03107660607 -0.2643302728 -0.9639314039 2.280624738e-05 -0.05202280922 0
0.2773922798 0.2389984144 -0.03998332322 -0.005597532583 0.06994828674 0.5035032526 -0.0007167659262 0.01765484299 0.2541776373 -0.999468803 -0.005925260364 -0.03204688958 0.002948680918 0.9628589204 -0.2699888975 0.03245638801 -0.2699399763 -0.9623299809 2.395008248e-05 -0.05317781988 0
0.2834171797 0.2441894078 -0.04085175228 -0.005841607285 0.07143241553 0.5032199686 -0.0007481825994 0.01803601302 0.254141592 -0.9994214749 -0.006314534024 -0.03341919007 0.003141741123 0.9612709375 -0.2755872171 0.03386510103 -0.2755327774 -0.9606949794 2.512815464e-05 -0.05433283053 0
0.2894420795 0.2493804013 -0.04172018134 -0.00609077738 0.07291429425 0.5029307706 -0.0007802691958 0.01841703474 0.2541047781 -0.9993710762 -0.00672014225 -0.03481798075 0.003342829766 0.9596525146 -0.2811687691 0.03530265691 -0.2811083259 -0.959026502 2.634099824e-05 -0.05548784118 0
0.2954669793 0.2545713947 -0.0425886104 -0.006345033437 0.07439387661 0.5026356696 -0.0008130253902 0.01879790507 0.254067196 -0.99931748 -0.007142383738 -0.03624307538 0.0035520873 0.9580038802 -0.2867332354 0.03676896564 -0.2866662728 -0.957324653 2.758915387e-05 -0.05664285183 0
0.3007387667 0.259113514 -0.04334848583 -0.006571672008 0.07568659112 0.5023726227 -0.0008422360788 0.01913103996 0.2540336817 -0.9992678589 -0.007525722061 -0.03751146162 0.003741997688 0.9565367248 -0.2915878795 0.03807549998 -0.2915147638 -0.9558082437 2.87106865e-05 -0.05765348615 0
0.3067636665 0.2643045074 -0.04421691489 -0.006835438165 0.07716174338 0.5020664839 -0.0008762468685 0.01951161804 0.25399466 -0.9992079173 -0.007979945584 -0.03898536227 0.003966943974 0.9548320739 -0.2971194609 0.03959547143 -0.2970387704 -0.9540441119 3.002652997e-05 -0.05880849681 0
0.3127885664 0.2694955009 -0.04508534395 -0.00710426211 0.07863446675 0.5017544747 -0.0009109262828 0.01989203578 0.2539548713 -0.9991444007 -0.008451644343 -0.04048501246 0.004200452512 0.9530978912 -0.3026330551 0.04114392695 -0.3025441779 -0.9522469206 3.137927237e-05 -0.05996350746 0
0.3188134662 0.2746864943 -0.04595377302 -0.007378133676 0.08010471531 0.5014366071 -0.00094627397 0.02027229009 0.2539143157 -0.9990771735 -0.008941105192 -0.04201021287 0.004442656392 0.951334421 -0.3081283535 0.04272076956 -0.3080306414 -0.9504167821 3.276947644e-05 -0.06111851811 0
0.324838366 0.2798774878 -0.04682220208 -0.007657042505 0.08157244327 0.501112893 -0.0009822895717 0.02065237786 0.2538729939 -0.999006098 -0.009448611808 -0.04356076088 0.004693686727 0.9495419117 -0.3136050497 0.04432590054 -0.3134978176 -0.9485538113 3.419771013e-05 -0.06227352876 0
0.3308632659 0.2850684812 -0.04769063114 -0.007940978049 0.08303760494 0.5007833447 -0.001018972723 0.021032296 0.2538309061 -0.9989310343 -0.009974444628 -0.0451364506 0.004953672617 0.9477206156 -0.31906284 0.04595921938 -0.318945364 -0.9466581247 3.566454648e-05 -0.06342853942 0
0.3361350532 0.2896106005 -0.04845050657 -0.008193536692 0.08431748039 0.5004902138 -0.001051617787 0.02136458277 0.2537934514 -0.9988619704 -0.01044979952 -0.04653563883 0.005188606563 0.9461035686 -0.323822661 0.04741141586 -0.3236955963 -0.9449726549 3.698014872e-05 -0.06443917374 0
0.342159953 0.2948015939 -0.04931893563 -0.008486868243 0.08577770748 0.50014976 -0.001089551584 0.02174417449 0.2537499286 -0.9987790446 -0.01101073838 -0.04815790308 0.005465724963 0.9442289908 -0.3292441932 0.0490973099 -0.3291054185 -0.9430159477 3.852092639e-05 -0.06559418439 0
0.3481848529 0.2999925874 -0.05018736469 -0.008785195136 0.0872352375 0.4998035085 -0.001128151844 0.02212358766 0.2537056412 -0.9986917169 -0.01159079123 -0.0498046992 0.00575215861 0.9423263732 -0.3346459608 0.05081109303 -0.3344946337 -0.9410268715 4.010198075e-05 -0.06674919504 0
0.3542097527 0.3051835808 -0.05105579376 -0.009088506097 0.0886900252 0.4994514722 -0.001167418173 0.02250281919 0.2536605896 -0.9985998395 -0.01219022551 -0.05147580897 0.006048028529 0.9403959829 -0.3400276706 0.05255265795 -0.3398629045 -0.9390055507 4.17239028e-05 -0.06790420569 0
0.3602346525 0.3103745743 -0.05192422282 -0.009396789663 0.09014202544 0.4990936644 -0.001207350175 0.02288186599 0.2536147742 -0.9985032625 -0.01280930517 -0.05317101105 0.006353453581 0.9384380909 -0.3453890317 0.05432189561 -0.3452098946 -0.9369521121 4.338728775e-05 -0.06905921635 0
0.3662595524 0.3155655677 -0.05279265188 -0.009710034186 0.09159119316 0.4987300988 -0.001247947443 0.02326072496 0.2535681955 -0.9984018342 -0.01344829066 -0.05489008104 0.006668550444 0.9364529718 -0.3507297563 0.05611869522 -0.3505352693 -0.9348666841 4.509273493e-05 -0.070214227 0
0.3715313397 0.320107687 -0.05355252731 -0.00998818338 0.09285685607 0.4984072664 -0.001284015456 0.02359207006 0.2535268134 -0.9983089839 -0.01402393396 -0.05641366772 0.00695228414 0.9346938767 -0.3553857377 0.0577134159 -0.3551769786 -0.933015796 4.66199795e-05 -0.07122486132 0
0.3775562396 0.3252986804 -0.05442095637 -0.01031069765 0.09430059189 0.4980329418 -0.001325858985 0.02397056853 0.2534788048 -0.9981980434 -0.01470093234 -0.0581768747 0.007285822383 0.9326584599 -0.3606870027 0.05956158958 -0.3604609267 -0.9308707415 4.840592222e-05 -0.07237987197 0
0.3835811394 0.3304896739 -0.05528938543 -0.01063813836 0.09574136641 0.4976528995 -0.001368366579 0.0243488703 0.2534300342 -0.9980818044 -0.01539856521 -0.05996328769 0.00762935543 0.9305966259 -0.3659668192 0.06143699714 -0.3657223045 -0.9286940785 5.023567156e-05 -0.07353488262 0
0.3896060392 0.3356806673 -0.05615781449 -0.01097049314 0.09717913506 0.4972671536 -0.001411537807 0.02472697227 0.2533805022 -0.9979601079 -0.01611707893 -0.06177267076 0.007982991205 0.9285086632 -0.3712249106 0.06333952114 -0.3709607825 -0.9264859432 5.210984127e-05 -0.07468989328 0
0.3956309391 0.3408716608 -0.05702624356 -0.01130774944 0.09861385341 0.4968757188 -0.001455372231 0.02510487137 0.2533302093 -0.9978327928 -0.01685671608 -0.06360478508 0.008346835311 0.9263948638 -0.376461003 0.06526904245 -0.3761760326 -0.9242464739 5.402904849e-05 -0.07584490393 0
0.4016558389 0.3460626542 -0.05789467262 -0.01164989453 0.1000454772 0.4964786099 -0.001499869407 0.02548256452 0.2532791559 -0.9976996966 -0.01761771545 -0.06545938897 0.008720990993 0.924255523 -0.3816748256 0.06722544025 -0.3813677285 -0.9219758109 5.599391363e-05 -0.07699991458 0
0.4069276262 0.3506047735 -0.05865454805 -0.01195327167 0.1012955747 0.4961264967 -0.001539347745 0.02581287465 0.2532338609 -0.9975783657 -0.01830129839 -0.06710042372 0.009056915286 0.9223628828 -0.3862184418 0.0689592392 -0.3858908848 -0.9199635038 5.77511145e-05 -0.0780105489 0
0.4129525261 0.3557957669 -0.05952297711 -0.01230454828 0.102721277 0.4957187894 -0.001585086359 0.02619017334 0.2531813831 -0.9974339849 -0.01910298215 -0.06899653441 0.009450675155 0.92017646 -0.3913897894 0.07096569894 -0.3910375412 -0.9176347372 5.980327128e-05 -0.07916555955 0
0.4189774259 0.3609867604 -0.06039140617 -0.01266067607 0.1041437582 0.4953054515 -0.001631486409 0.02656725722 0.2531281464 -0.9972833456 -0.01992669314 -0.07091442433 0.009855030093 0.9179653637 -0.3965381058 0.07299867848 -0.3961597126 -0.9152751909 6.190288675e-05 -0.08032057021 0
0.4250023257 0.3661777538 -0.06125983523 -0.01302164159 0.1055629743 0.4948864987 -0.001678547424 0.02694412323 0.2530741513 -0.9971262782 -0.02077265506 -0.07285384115 0.01027007398 0.9157299022 -0.4016631322 0.07505805052 -0.4012570784 -0.9128850125 6.405059284e-05 -0.08147558086 0
0.4310272256 0.3713687473 -0.06212826429 -0.01338743124 0.1069788816 0.4944619468 -0.001726268928 0.02732076829 0.2530193984 -0.9969626119 -0.02164108757 -0.07481452984 0.01069589822 0.9134703868 -0.4067646129 0.07714368612 -0.4063293195 -0.9104643518 6.624702422e-05 -0.08263059151 0
0.4370521254 0.3765597407 -0.06299669336 -0.01375803121 0.1083914368 0.4940318119 -0.001774650437 0.02769718934 0.2529638882 -0.9967921741 -0.02253220635 -0.07679623279 0.01113259172 0.9111871318 -0.4118422953 0.07925545467 -0.411376118 -0.9080133603 6.849281811e-05 -0.08378560216 0
0.4423239128 0.38110186 -0.06375656879 -0.01408624117 0.1096246386 0.4936508767 -0.001817525281 0.02802637159 0.252914696 -0.9966373495 -0.02333071153 -0.07854725664 0.01152368268 0.9091700595 -0.4162655495 0.08112458544 -0.4157709476 -0.9058439826 7.049888332e-05 -0.08479623648 0
0.4483488126 0.3862928534 -0.06462499785 -0.01446582269 0.1110307915 0.4932103173 -0.001867142969 0.02840236435 0.2528577674 -0.9964537448 -0.02426493405 -0.080567658 0.01198098683 0.9068431511 -0.4212979412 0.08328499562 -0.4207691912 -0.903336536 7.283895815e-05 -0.08595124714 0
0.4543737124 0.3914838469 -0.06549342691 -0.01485017388 0.1124334679 0.4927642221 -0.001917419234 0.0287781243 0.2528000832 -0.996262864 -0.02522243996 -0.08260831875 0.01244940166 0.9044934241 -0.426305827 0.08547115421 -0.4257410883 -0.9007992049 7.523024118e-05 -0.08710625779 0
0.4603986123 0.3966748403 -0.06636185597 -0.01523928026 0.1138326248 0.4923126078 -0.001968353564 0.02915364837 0.2527416438 -0.9960645288 -0.0262034289 -0.0846689715 0.01292900616 0.9021212045 -0.4312889671 0.08768292434 -0.4306863274 -0.8982321482 7.767337882e-05 -0.08826126844 0
0.4664235121 0.4018658338 -0.06723028503 -0.01563312716 0.1152282194 0.4918554914 -0.002019945444 0.0295289335 0.25268245 -0.9958585594 -0.02720809625 -0.08674934648 0.01341987667 0.8997268212 -0.4362471251 0.08992016751 -0.4356045991 -0.8956355267 8.016901965e-05 -0.08941627909 0
0.4724484119 0.4070568272 -0.0680987141 -0.01603169975 0.116620209 0.4913928902 -0.002072194349 0.02990397664 0.2526225024 -0.9956447746 -0.02823663317 -0.08884917151 0.01392208694 0.8973106057 -0.4411800679 0.09218274364 -0.4404955952 -0.893009503 8.271781428e-05 -0.09057128975 0
0.4777201993 0.4115989465 -0.06885858952 -0.0163843155 0.1178352092 0.4909836285 -0.002118450691 0.03023193849 0.2525694302 -0.9954511584 -0.02915633045 -0.09070225781 0.01437087898 0.8951787708 -0.445475528 0.09418316736 -0.4447526016 -0.8906877423 8.499212531e-05 -0.09158192407 0
0.4837450991 0.4167899399 -0.06972701859 -0.01679170815 0.119220325 0.4905107903 -0.002171930087 0.03060651968 0.2525080706 -0.9952222268 -0.03023012298 -0.09283781007 0.0148945407 0.8927225235 -0.4503605763 0.09649285969 -0.4495916321 -0.888007034 8.764234383e-05 -0.09273693472 0
0.4897699989 0.4219809334 -0.07059544765 -0.01720378286 0.120601714 0.490032518 -0.002226064966 0.03098085012 0.2524459589 -0.9949849515 -0.03132831053 -0.09499201712 0.01542973924 0.8902454126 -0.4552197585 0.09882747343 -0.4544025113 -0.885297401 9.03475975e-05 -0.09389194537 0
0.4957948988 0.4271719268 -0.07146387671 -0.0176205241 0.1219793342 0.4895488294 -0.002280854782 0.03135492677 0.2523830957 -0.9947391463 -0.0324510674 -0.09716459801 0.01597653789 0.88774778 -0.4600528549 0.1011868624 -0.459184938 -0.8825590131 9.310854423e-05 -0.09504695602 0
0.5018197986 0.4323629203 -0.07233230577 -0.01804191621 0.1233531435 0.4890597428 -0.002336298977 0.03172874658 0.2523194817 -0.9944846238 -0.03359856346 -0.09935526965 0.01653499723 0.8852299702 -0.4648596495 0.1035708788 -0.4639386128 -0.8797920417 9.592584361e-05 -0.09620196668 0
0.507091586 0.4369050396 -0.0730921812 -0.01841443701 0.1245520678 0.4886273784 -0.002385349001 0.03205562584 0.252263204 -0.9942546175 -0.0346230465 -0.1012867233 0.01703326008 0.8830106076 -0.4690438518 0.1056769781 -0.4680742585 -0.8773476305 9.843772715e-05 -0.097212601 0
0.5131164858 0.442096033 -0.07396061026 -0.01884450661 0.1259186196 0.4881282204 -0.002442018637 0.0324289559 0.2521981838 -0.9939832408 -0.03581737081 -0.1035105447 0.01761373683 0.8804559024 -0.47380076 0.1081067676 -0.4727732225 -0.8745275335 0.0001013624713 -0.09836761165 0
0.5191413856 0.4472870264 -0.07482903933 -0.01927918102 0.127281241 0.4876237178 -0.002499341018 0.03280202039 0.2521324147 -0.9937026017 -0.03703689772 -0.1057516314 0.01820603298 0.8778820237 -0.4785307647 0.1105607512 -0.4774425836 -0.871679356 0.0001043454733 -0.0995226223 0
0.5251662855 0.4524780199 -0.07569746839 -0.0197184439 0.1286398907 0.4871138896 -0.002557315563 0.0331748163 0.2520658972 -0.9934125083 -0.03828177963 -0.1080096924 0.01881019831 0.8752893252 -0.4832336636 0.1130387754 -0.4820820496 -0.8688032762 0.0001073873989 -0.100677633 0
0.5311911853 0.4576690133 -0.07656589745 -0.02016227874 0.1299945276 0.4865987549 -0.002615941684 0.03354734059 0.2519986321 -0.9931127679 -0.03955216439 -0.1102844346 0.01942627977 0.8726781627 -0.4879092579 0.1155406849 -0.4866913299 -0.8658994743 0.000110488915 -0.1018326436 0
0.5372160851 0.4628600068 -0.07743432651 -0.02061066884 0.1313451108 0.4860783333 -0.002675218785 0.03391959025 0.25193062 -0.9928031867 -0.04084819523 -0.1125755632 0.02005432149 0.8700488943 -0.4925573527 0.1180663232 -0.4912701359 -0.862968132 0.0001136506899 -0.1029876543 0
0.5424878725 0.4674021261 -0.07819420194 -0.02100673368 0.1325235138 0.4856186426 -0.002727619784 0.03424508103 0.2518704973 -0.9925240776 -0.04200336909 -0.1145935095 0.02061370163 0.867733715 -0.4966017268 0.1202955973 -0.4952513673 -0.8603807602 0.0001164672006 -0.1039982886 0
0.5485127723 0.4725931195 -0.079062631 -0.02146361937 0.1338663865 0.4850883606 -0.00278811585 0.0346168076 0.2518010865 -0.9921955194 -0.04334785624 -0.1169145615 0.02126427776 0.8650714703 -0.5011977471 0.1228652995 -0.4997722627 -0.8573982759 0.0001197437669 -0.1051532992 0
0.5545376722 0.4777841129 -0.07993106006 -0.02192501143 0.1352050888 0.4845528483 -0.002849261149 0.03498825085 0.2517309307 -0.9918565582 -0.04471837538 -0.1192511422 0.021926925 0.8623921605 -0.5057657278 0.1254582718 -0.5042618649 -0.8543887837 0.0001230825207 -0.1063083099 0
0.560562572 0.4829751064 -0.08079948913 -0.02239089255 0.1365395802 0.4840121258 -0.002911055064 0.03535940778 0.2516600307 -0.9915069968 -0.04611505165 -0.1216029497 0.02260167631 0.8596961515 -0.5103054882 0.1280743518 -0.5087198925 -0.8513524719 0.0001264841351 -0.1074633205 0
0.5665874718 0.4881660998 -0.08166791819 -0.02286124521 0.1378698208 0.4834662134 -0.002973496966 0.03573027538 0.2515883871 -0.9911466371 -0.04753800546 -0.1239696808 0.02328856172 0.856983811 -0.5148168514 0.1307133758 -0.5131460666 -0.8482895306 0.0001299492843 -0.1086183312 0
0.5726123717 0.4933570933 -0.08253634725 -0.02333605178 0.1391957706 0.4829151316 -0.003036586222 0.03610085064 0.2515160007 -0.9907752805 -0.04898735248 -0.1263510303 0.02398760836 0.8542555086 -0.5192996444 0.1333751784 -0.5175401099 -0.8452001517 0.0001334786436 -0.1097733418 0
0.577884159 0.4978992126 -0.08329622268 -0.02375514712 0.1403524256 0.4824287107 -0.003092319851 0.03642486183 0.2514520538 -0.9904411657 -0.05027726909 -0.1284464619 0.02460926924 0.851855442 -0.5231985186 0.1357228103 -0.5213583242 -0.8424754101 0.0001366200371 -0.1107839762 0
0.5839090588 0.503090206 -0.08416465174 -0.0242382566 0.1416702231 0.4818679922 -0.003156621167 0.03679488087 0.2513782765 -0.9900486514 -0.05177639848 -0.1308543937 0.02533118099 0.8490982129 -0.5276272891 0.1384268726 -0.5256913823 -0.8393369833 0.000140271614 -0.1119389868 0
0.5899339587 0.5082811995 -0.0850330808 -0.02472576831 0.142983616 0.4813021642 -0.00322156798 0.03716459896 0.2513037586 -0.9896445649 -0.05330222694 -0.1332760585 0.02606531548 0.8463260937 -0.5320270129 0.1411532306 -0.5299915242 -0.8361726794 0.0001439893482 -0.1130939975 0
0.5959588585 0.5134721929 -0.08590150986 -0.02521766398 0.1442925652 0.4807312481 -0.00328715963 0.0375340131 0.2512285007 -0.9892287047 -0.05485485149 -0.1357111456 0.02681168836 0.8435394604 -0.5363975319 0.1439017135 -0.5342584806 -0.8329826965 0.0001477739186 -0.1142490081 0
0.6019837583 0.5186631863 -0.08676993893 -0.02571392516 0.1455970314 0.4801552651 -0.003353395454 0.03790312031 0.2511525036 -0.988800869 -0.05643436434 -0.1381593429 0.02757031228 0.8407386903 -0.5407386915 0.1466721494 -0.5384919843 -0.8297672345 0.0001516260052 -0.1154040188 0
0.6080086582 0.5238541798 -0.08763836799 -0.02621453325 0.146896976 0.4795742369 -0.003420274778 0.03827191759 0.2510757681 -0.9883608553 -0.0580408528 -0.1406203368 0.02834119691 0.8379241625 -0.5450503413 0.1494643646 -0.5426917701 -0.8265264946 0.0001555462887 -0.1165590294 0
0.6132804455 0.5283962991 -0.08839824342 -0.02665611641 0.1480306879 0.4790617156 -0.003479321525 0.03859435864 0.2510080194 -0.9879656941 -0.05946872355 -0.1427839564 0.02902578388 0.8354504637 -0.5487987122 0.1519252815 -0.5463387169 -0.823670271 0.0001590330155 -0.1175696637 0
0.6193053454 0.5335872925 -0.08926667248 -0.02716482428 0.1493220502 0.4784712865 -0.00354740558 0.03896256679 0.2509299014 -0.9875022996 -0.06112600957 -0.1452680947 0.02981967289 0.8326111658 -0.5530546389 0.1547578608 -0.5504745748 -0.8203826833 0.0001630830062 -0.1187246744 0
0.6253302452 0.538778286 -0.09013510154 -0.02767782469 0.1506087802 0.4778758752 -0.003616131168 0.03933045646 0.2508510473 -0.9870261426 -0.06281049493 -0.1477641214 0.03062583361 0.8297592067 -0.5572806449 0.1576117133 -0.5545759646 -0.8170704053 0.0001672031555 -0.1198796851 0
0.631355145 0.5439692794 -0.0910035306 -0.02819509845 0.1518908398 0.4772755041 -0.003685497591 0.03969802468 0.2507714577 -0.9865370192 -0.0645222479 -0.1502717184 0.03144426399 0.8268949703 -0.5614765947 0.1604866602 -0.5586426296 -0.8137336446 0.0001713941474 -0.1210346957 0
0.6373800449 0.5491602728 -0.09187195967 -0.0287166262 0.153168191 0.4766701956 -0.003755504147 0.04006526847 0.2506911336 -0.9860347249 -0.06626133181 -0.1527905665 0.03227495895 0.8240188415 -0.5656423569 0.1633825215 -0.562674315 -0.8103726099 0.0001756566661 -0.1221897064 0
0.6434049447 0.5543512663 -0.09274038873 -0.0292423884 0.1544407961 0.4760599724 -0.003826150124 0.04043218488 0.2506100758 -0.9855190552 -0.06802780501 -0.1553203453 0.03311791036 0.8211312062 -0.5697778042 0.1662991159 -0.5666707685 -0.8069875118 0.0001799913969 -0.123344717 0
0.648676732 0.5588933856 -0.09350026416 -0.02970588845 0.1555504028 0.4755220134 -0.003888489317 0.04075296586 0.2505385489 -0.985056711 -0.06959597893 -0.1575426159 0.03386553824 0.8185953907 -0.5733713557 0.168868 -0.5701385673 -0.804005978 0.000183844062 -0.1243553513 0
0.6547016319 0.564084379 -0.09436869322 -0.03023953714 0.1568140081 0.4749026368 -0.003960332275 0.04111926045 0.2504561174 -0.9845154098 -0.07141394702 -0.1600920234 0.03473143794 0.8156872248 -0.5774496329 0.1718229757 -0.5740682882 -0.8005763333 0.0001883160393 -0.125510362 0
0.6607265317 0.5692753725 -0.09523712228 -0.03077736333 0.1580727599 0.4742784116 -0.004032812576 0.04148521915 0.2503729545 -0.9839601437 -0.07325944442 -0.1626514355 0.03560955369 0.8127686675 -0.581497251 0.174798156 -0.5779620636 -0.7971232387 0.0001928622019 -0.1266653726 0
0.6667514315 0.5744663659 -0.09610555134 -0.03131934691 0.1593266215 0.4736493612 -0.004105929486 0.04185083903 0.2502890611 -0.9833907071 -0.07513251015 -0.1652205285 0.03649986549 0.8098401083 -0.5855140979 0.1777933546 -0.5818196499 -0.7936469102 0.0001974832373 -0.1278203833 0
0.6727763314 0.5796573593 -0.0969739804 -0.03186546763 0.1605755559 0.473015509 -0.004179682264 0.04221611712 0.250204438 -0.9828068948 -0.0770331782 -0.1677989778 0.03740235027 0.8069019374 -0.5895000659 0.1808083839 -0.5856408054 -0.7901475656 0.0002021798336 -0.1289753939 0
0.6788012312 0.5848483528 -0.09784240947 -0.03241570509 0.1618195267 0.4723768787 -0.004254070161 0.0425810505 0.250119086 -0.9822085013 -0.07896147753 -0.1703864581 0.03831698189 0.8039545457 -0.5934550508 0.1838430552 -0.5894252909 -0.7866254239 0.0002069526792 -0.1301304046 0
0.6840730186 0.5893904721 -0.0986022849 -0.03290052372 0.1629039009 0.4718141764 -0.004319679974 0.04290008211 0.2500438058 -0.9816727842 -0.08067142467 -0.1726576553 0.03912722586 0.8013683218 -0.5968901683 0.1865143557 -0.5927064485 -0.7835250226 0.0002111920091 -0.1311410389 0
0.6900979184 0.5945814655 -0.09947071396 -0.03345842454 0.1641384672 0.4711666517 -0.00439525668 0.04326436122 0.2499570895 -0.9810464972 -0.0826515932 -0.1752611895 0.04006455158 0.7984046967 -0.6007867941 0.1895853426 -0.5964215409 -0.779960732 0.0002161096798 -0.1322960496 0
0.6961228182 0.599772459 -0.100339143 -0.03402038262 0.1653679661 0.470514418 -0.004471466319 0.04362828718 0.2498696469 -0.9804050384 -0.08465944822 -0.1778728158 0.0410139318 0.7954329778 -0.6046521606 0.1926754218 -0.6000992882 -0.7763742822 0.0002211055822 -0.1334510602 0
0.7021477181 0.6049634524 -0.1012075721 -0.03458637698 0.1665923617 0.4698574995 -0.004548308117 0.04399185706 0.2497814788 -0.9797482026 -0.08669499917 -0.1804922064 0.04197532839 0.7924535578 -0.6084861794 0.1957843999 -0.6037394602 -0.7727658979 0.0002261804066 -0.1346060709 0
0.7081726179 0.6101544458 -0.1020760011 -0.0351563865 0.1678116186 0.4691959209 -0.004625781295 0.04435506793 0.2496925861 -0.9790757849 -0.08875825042 -0.1831190332 0.04294870017 0.78946683 -0.6122887664 0.1989120823 -0.607341829 -0.7691358048 0.0002313348437 -0.1357610815 0
0.7134444052 0.6146965651 -0.1028358766 -0.03565842182 0.1688742253 0.4686132362 -0.004694087637 0.04467258066 0.2496142113 -0.9784744764 -0.09058631773 -0.1854233483 0.04381018915 0.7868477579 -0.6155901829 0.2016639938 -0.6104627138 -0.7659418442 0.0002359108269 -0.1367717158 0
0.7194693051 0.6198875586 -0.1037043056 -0.03623590237 0.1700837521 0.4679429864 -0.004772742528 0.04503511055 0.2495239625 -0.9777722907 -0.09270150119 -0.1880632319 0.04480589263 0.7838483887 -0.6193336221 0.2048262178 -0.6139935954 -0.7622716611 0.0002412164013 -0.1379267265 0
0.7254942049 0.625078552 -0.1045727347 -0.03681733658 0.1712880394 0.4672681478 -0.004852026523 0.04539727305 0.2494329916 -0.977053935 -0.09484436931 -0.1907096059 0.04581343566 0.7808428435 -0.6230454099 0.2080065799 -0.6174860317 -0.7585804264 0.0002466035766 -0.1390817371 0
0.7315191047 0.6302695455 -0.1054411638 -0.03740270279 0.1724870524 0.4665887455 -0.004931938817 0.04575906527 0.2493412997 -0.9763192052 -0.09701490685 -0.1933621408 0.04683276507 0.7778315162 -0.6267254777 0.211204881 -0.620939804 -0.7548683713 0.000252073045 -0.1402367478 0
0.7375440046 0.6354605389 -0.1063095928 -0.03799197919 0.1736807566 0.4659048048 -0.005012478598 0.0461204843 0.2492488876 -0.9755678977 -0.09921309351 -0.1960205067 0.04786382461 0.7748148008 -0.6303737611 0.2144209207 -0.6243546961 -0.7511357283 0.0002576254991 -0.1413917585 0
0.7435689044 0.6406515324 -0.1071780219 -0.03858514384 0.1748691179 0.4652163513 -0.005093645051 0.04648152725 0.2491557563 -0.9747998094 -0.1014389039 -0.1986843735 0.04890655494 0.7717930912 -0.6339901997 0.2176544978 -0.6277304941 -0.7473827309 0.0002632616318 -0.1425467691 0
0.7488406918 0.6451936516 -0.1079378973 -0.03910733514 0.1759045243 0.4646102727 -0.005165179116 0.04679712904 0.2490736772 -0.9741138073 -0.1034091243 -0.2010195101 0.04982846868 0.769145308 -0.6371284163 0.2204981046 -0.6306520817 -0.744082346 0.0002682624354 -0.1435574034 0
0.7548655916 0.6503846451 -0.1088063264 -0.03970773063 0.1770827761 0.4639134268 -0.005247518353 0.04715745903 0.2489791999 -0.973313709 -0.1056866432 -0.2036928015 0.05089291109 0.7661152954 -0.6406849972 0.2237640175 -0.6339540106 -0.7402918188 0.0002740573339 -0.1447124141 0
0.7608904914 0.6555756385 -0.1096747554 -0.04031195052 0.1782555876 0.4632121421 -0.005330481877 0.04751740464 0.2488840061 -0.9724962484 -0.1079916848 -0.2063706446 0.05196883653 0.7630814203 -0.6442095824 0.2270468827 -0.6372162443 -0.7364816162 0.0002799379044 -0.1458674247 0
0.7669153913 0.660766632 -0.1105431845 -0.04091997234 0.1794229257 0.4625064447 -0.005414068846 0.04787696296 0.2487880968 -0.9716612243 -0.1103242039 -0.2090527091 0.05305617375 0.7600440757 -0.6477021271 0.2303464946 -0.6404385787 -0.732651977 0.000285904841 -0.1470224354 0
0.7729402911 0.6659576254 -0.1114116136 -0.04153177349 0.1805847571 0.4617963608 -0.005498278413 0.04823613115 0.2486914729 -0.9708084363 -0.1126841508 -0.2117386649 0.0541548484 0.7570036544 -0.6511625908 0.2336626466 -0.6436208118 -0.7288031409 0.0002919588377 -0.148177446 0
0.7789651909 0.6711486189 -0.1122800426 -0.04214733122 0.181741049 0.4610819169 -0.005583109722 0.04859490631 0.2485941354 -0.9699376844 -0.1150714701 -0.2144281819 0.05526478311 0.7539605486 -0.654590937 0.2369951312 -0.6467627446 -0.7249353488 0.0002981005889 -0.1493324567 0
0.7842369783 0.6756907381 -0.113039918 -0.04268900783 0.1827482346 0.4604532227 -0.005657846465 0.04890850992 0.2485083805 -0.9691608838 -0.1171827816 -0.2167841713 0.05624514957 0.7512959371 -0.657564368 0.2399242888 -0.6494787222 -0.7215356714 0.0003035471533 -0.150343091 0
0.7902618781 0.6808817316 -0.1139083471 -0.04331154741 0.1838940519 0.4597306754 -0.005743841218 0.04926654045 0.2484097077 -0.9682559134 -0.1196212587 -0.2194794766 0.05737597765 0.7482488538 -0.6609324096 0.2432868335 -0.6525445635 -0.7176329907 0.0003098553163 -0.1514981017 0
0.7962867779 0.686072725 -0.1147767762 -0.04393777748 0.1850342364 0.4590038447 -0.005830455224 0.04962416972 0.2483103241 -0.9673324085 -0.122086922 -0.2221773953 0.05851782627 0.745200211 -0.6642682512 0.2466651081 -0.6555695456 -0.7137120536 0.000316253231 -0.1526531123 0
0.8023116778 0.6912637185 -0.1156452052 -0.0445676748 0.186168756 0.4582727576 -0.005917687603 0.04998139489 0.2482102308 -0.9663901721 -0.1245796972 -0.2248775984 0.05967060625 0.7421503986 -0.6675718722 0.250058901 -0.6585534791 -0.7097731054 0.0003227415926 -0.153808123 0
0.8083365776 0.6964547119 -0.1165136343 -0.04520121598 0.1872975789 0.4575374413 -0.00600553747 0.05033821311 0.2481094287 -0.9654290084 -0.1270995046 -0.2275797569 0.06083422537 0.7390998061 -0.6708432556 0.2534679997 -0.6614961772 -0.705816393 0.0003293210962 -0.1549631336 0
0.8143614774 0.7016457054 -0.1173820634 -0.04583837755 0.1884206736 0.456797923 -0.006094003935 0.05069462153 0.2480079189 -0.964448722 -0.1296462597 -0.2302835427 0.06200858838 0.7360488219 -0.6740823887 0.2568921907 -0.6643974557 -0.701842164 0.0003359924371 -0.1561181443 0
0.8196332648 0.7061878246 -0.1181419388 -0.04639884519 0.189398658 0.4561474191 -0.006171917189 0.0510061405 0.2479185181 -0.9635751322 -0.1318967058 -0.2326504322 0.06304489219 0.733379194 -0.6768901679 0.2599005698 -0.6669019545 -0.6983505402 0.0003419057423 -0.1571287786 0
0.8256581646 0.7113788181 -0.1190103679 -0.0470427312 0.1905109282 0.4554000961 -0.00626153735 0.05136177289 0.247815684 -0.9625584683 -0.134493743 -0.2353563856 0.06423913282 0.730328519 -0.6800688113 0.2633524804 -0.6697250835 -0.6943441392 0.0003487511525 -0.1582837892 0
