0.006263579798 0.006183531248 0.003627614876 -3.292125767e-06 0.001597202537 0.5099966653 -4.119232616e-07 0.000397728884 0.2549995865 -0.9999999998 -7.912692878e-08 -1.917226766e-05 4.035967379e-08 0.9999805798 -0.006232182234 1.917238846e-05 -0.006232182234 -0.9999805796 3.816372037e-08 0.004824727785 0
0.01218510707 0.0120293814 0.007057126611 -1.245905789e-05 0.003107126389 0.5099873797 -1.566917926e-06 0.0007750610597 0.2549984269 -0.9999999974 -5.85716561e-07 -7.255567296e-05 2.939620816e-07 0.9999265065 -0.01212359502 7.255744158e-05 -0.01212359501 -0.9999265039 8.18444512e-08 0.009385978392 0
0.01810663434 0.01787523156 0.01048663835 -2.751023345e-05 0.004616942675 0.5099721336 -3.472490181e-06 0.001153119125 0.2549965136 -0.9999999872 -1.923196155e-06 -0.0001602000272 9.629875471e-07 0.9998377316 -0.01801417682 0.0001602086766 -0.01801417674 -0.9998377187 8.158342137e-08 0.013947229 0
0.02402816161 0.02372108171 0.01391615008 -4.844502717e-05 0.00612659913 0.5099509278 -6.128633446e-06 0.0015313591 0.2549938467 -0.9999999602 -4.49513303e-06 -0.0002820932381 2.249173926e-06 0.9997142699 -0.02390352394 0.0002821200852 -0.02390352363 -0.9997142302 3.784793787e-08 0.01850847961 0
0.02994968889 0.02956693186 0.01734566182 -7.526256939e-05 0.007636043494 0.5099237631 -9.534245701e-06 0.001909590713 0.2549904273 -0.9999999039 -8.704841729e-06 -0.0004382184889 4.35409147e-06 0.9995561427 -0.02979123292 0.0004382833104 -0.02979123197 -0.9995560467 4.541952997e-08 0.02306973022 0
0.03587121616 0.03541278202 0.02077517355 -0.0001079617461 0.009145223519 0.5098906406 -1.368855748e-05 0.002287766415 0.2549862561 -0.9999998023 -1.495530144e-05 -0.0006285542411 7.479088063e-06 0.9993633767 -0.03567690052 0.0006286876476 -0.03567689817 -0.9993631791 1.55062163e-07 0.02763098082 0
0.04113479596 0.04060909326 0.02382362843 -0.0001419642567 0.01048645273 0.509856198 -1.800944529e-05 0.002623869903 0.2549819176 -0.9999996582 -2.254993546e-05 -0.0008264403834 1.127578098e-05 0.9991629761 -0.04090656558 0.0008266710735 -0.04090656092 -0.9991626344 2.758918526e-07 0.03168542581 0
0.04705632323 0.04645494342 0.02725314016 -0.0001857692837 0.01199499093 0.5098118259 -2.357687197e-05 0.003001929424 0.2549763275 -0.9999994148 -3.375309074e-05 -0.001081320524 1.687592721e-05 0.9989048755 -0.04678727824 0.001081715559 -0.04678726911 -0.9989042904 4.359195224e-07 0.03624667642 0
0.0529778505 0.05230079357 0.0306826519 -0.0002354513546 0.01350311393 0.5097615006 -2.989209344e-05 0.003379932319 0.2549699866 -0.9999990599 -4.81585203e-05 -0.001370322461 2.40760745e-05 0.9986122469 -0.05266478663 0.00137095705 -0.05266477012 -0.998611307 6.204770666e-07 0.04080792702 0
0.05889937777 0.05814664373 0.03411216363 -0.0002910084058 0.01501076954 0.5097052244 -3.695496003e-05 0.003757881397 0.2549628949 -0.999998564 -6.616711551e-05 -0.001693406338 3.307618646e-05 0.99828514 -0.0585386891 0.001694375719 -0.05853866105 -0.9982837043 8.290360194e-07 0.04536917763 0
0.06482090505 0.06399249388 0.03754167537 -0.0003524381294 0.01651790558 0.5096429994 -4.476534459e-05 0.004135778168 0.2549550527 -0.9999978938 -8.817902992e-05 -0.002050527605 4.407573753e-05 0.9979236105 -0.06440858453 0.002051949398 -0.06440853925 -0.9979215047 1.061338416e-06 0.04993042824 0
0.07074243232 0.06983834403 0.0409711871 -0.0004197379739 0.01802446992 0.5095748283 -5.332312937e-05 0.00451362301 0.2549464601 -0.9999970126 -0.0001145935973 -0.002441637026 5.72736586e-05 0.9975277196 -0.07027407246 0.002443653573 -0.07027400236 -0.9975247331 1.317284074e-06 0.05449167885 0
0.07666395959 0.07568419419 0.04440069884 -0.0004929051439 0.01953041045 0.509500714 -6.262819893e-05 0.004891415418 0.2549371171 -0.9999958804 -0.0001458092497 -0.002866680685 7.286828288e-05 0.9970975349 -0.07613475307 0.002869461396 -0.07613464832 -0.9970934166 1.596871593e-06 0.05905292945 0
0.08258548686 0.08153004434 0.04783021057 -0.0005719366005 0.02103567506 0.5094206594 -7.268043603e-05 0.00526915422 0.2549270239 -0.9999944536 -0.000182223436 -0.003325600001 9.105729175e-05 0.9966331293 -0.0819902273 0.003329343676 -0.08199007537 -0.9966275849 1.900165488e-06 0.06361418006 0
0.08850701414 0.0873758945 0.05125972231 -0.0006568290613 0.02254021172 0.509334668 -8.347971935e-05 0.005646837747 0.2549161807 -0.999992685 -0.0002242325406 -0.003818331732 0.0001120376609 0.9961345817 -0.0878400969 0.003823268891 -0.08783988215 -0.9961272698 2.227277005e-06 0.06817543067 0
0.09442854141 0.09322174465 0.05468923404 -0.0007475790005 0.02404396838 0.5092427433 -9.5025922e-05 0.00602446396 0.2549045874 -0.9999905242 -0.0002722318019 -0.004344807993 0.0001360056063 0.9956019768 -0.09368396447 0.004351203182 -0.09368366766 -0.9955925057 2.578352503e-06 0.07273668128 0
0.1003500687 0.0990675948 0.05811874578 -0.0008441826493 0.02554689307 0.509144889 -0.0001073189106 0.006402030538 0.2548922443 -0.9999879173 -0.0003266152313 -0.004904956264 0.000163156531 0.9950354052 -0.09952143353 0.004913110359 -0.09952103131 -0.9950233292 2.953566141e-06 0.07729793188 0
0.106271596 0.104913445 0.06154825751 -0.000946635996 0.02704893385 0.5090411094 -0.0001203585449 0.006779534945 0.2548791516 -0.9999848069 -0.0003877755331 -0.005498699402 0.0001936849713 0.994434963 -0.1053521086 0.005508951906 -0.105351573 -0.9944197793 3.353115145e-06 0.08185918249 0
0.1121931232 0.1107592951 0.06497776925 -0.001054934786 0.02855003879 0.5089314086 -0.000134144677 0.007156974485 0.2548653093 -0.9999811321 -0.0004561040231 -0.006125955659 0.0002277845433 0.9938007522 -0.1111755952 0.006138686978 -0.111174893 -0.9937818974 3.777216622e-06 0.0864204331 0
0.117456703 0.1159556064 0.06802622412 -0.001156104033 0.02988352673 0.5088289297 -0.0001470255807 0.007492419562 0.2548523759 -0.9999773402 -0.0005231733894 -0.006711581551 0.0002612490193 0.9932087473 -0.116345675 0.006726870465 -0.1163447921 -0.9931861047 4.174997115e-06 0.09047487808 0
0.1233782303 0.1218014565 0.07145573586 -0.001275431751 0.03138272252 0.5087080572 -0.0001622213339 0.00786972879 0.2548371182 -0.9999724219 -0.0006061041993 -0.007401901093 0.0003026188411 0.9925110497 -0.1221545113 0.007420506986 -0.1221533824 -0.9924834947 4.646129181e-06 0.09503612869 0
0.1292997576 0.1276473067 0.07488524759 -0.001400591259 0.03288083279 0.5085812775 -0.0001781631146 0.00824696474 0.2548211114 -0.9999667447 -0.0006973251361 -0.008125471851 0.000348113478 0.9917799101 -0.127955026 0.008147905998 -0.1279535994 -0.9917466854 5.142535087e-06 0.0995973793 0
0.1352212848 0.1334931568 0.07831475933 -0.001531577363 0.03437780579 0.5084485957 -0.0001948507443 0.008624124354 0.2548043558 -0.9999602347 -0.0007972213578 -0.008882194305 0.0003979224656 0.9910154526 -0.1337468294 0.008909017639 -0.1337450454 -0.9909757274 5.66449329e-06 0.1041586299 0
0.1411428121 0.139339007 0.08174427106 -0.001668384623 0.03587358986 0.5083100174 -0.0002122840367 0.009001204524 0.2547868514 -0.9999528149 -0.0009061762459 -0.009671964411 0.0004522341625 0.9902178068 -0.1395295331 0.009703789735 -0.1395273234 -0.9901706734 6.212295715e-06 0.1087198805 0
0.1470643394 0.1451848571 0.0851737828 -0.00181100736 0.03736813338 0.5081655483 -0.0002304627972 0.009378202101 0.2547685985 -0.9999444045 -0.001024571326 -0.01049467361 0.0005112356973 0.989387108 -0.1453027499 0.01053216781 -0.145300037 -0.9893315787 6.786247174e-06 0.1132811311 0
0.1529858667 0.1510307073 0.08860329453 -0.001959439655 0.03886138478 0.5080151945 -0.0002493868231 0.009755113901 0.2547495973 -0.9999349198 -0.001152786188 -0.01135020887 0.0005751129178 0.9885234971 -0.1510660944 0.01139409507 -0.1510627906 -0.9884585008 7.386664898e-06 0.1178423817 0
0.1589073939 0.1568765574 0.09203280627 -0.002113675346 0.04035329257 0.5078589622 -0.0002690559034 0.01013193671 0.2547298481 -0.9999242737 -0.001291198413 -0.01223845266 0.0006440503388 0.9876271206 -0.1568191822 0.01228951244 -0.1568151891 -0.9875514996 8.013878105e-06 0.1224036323 0
0.1648289212 0.1627224076 0.095462318 -0.002273708031 0.0418438053 0.5076968578 -0.0002894698191 0.01050866731 0.2547093509 -0.9999123757 -0.001440183489 -0.01315928303 0.0007182310911 0.9866981303 -0.1625616311 0.01321835853 -0.1625568382 -0.9866106372 8.668227644e-06 0.1269648829 0
0.1707504485 0.1685682577 0.09889182974 -0.002439531069 0.0433328716 0.5075288881 -0.0003106283429 0.01088530243 0.2546881061 -0.9998991324 -0.001600114741 -0.01411257358 0.0007978368709 0.9857366836 -0.16829306 0.01418056969 -0.1682873442 -0.985635978 9.350065645e-06 0.1315261336 0
0.1766719757 0.1744141079 0.1023213415 -0.002611137579 0.04482044015 0.5073550601 -0.0003325312391 0.01126183882 0.2546661138 -0.9998844467 -0.001771363249 -0.01509819354 0.0008830478888 0.9847429435 -0.1740130899 0.01517607994 -0.1740063145 -0.984627589 1.005975523e-05 0.1360873842 0
0.182593503 0.1802599581 0.1057508532 -0.002788520439 0.04630645973 0.5071753809 -0.000355178264 0.01163827318 0.2546433744 -0.9998682188 -0.001954297773 -0.01611600772 0.0009740428198 0.9837170782 -0.1797213432 0.01620482105 -0.179713357 -0.9835855393 1.07976702e-05 0.1406486348 0
0.1885150303 0.1861058082 0.1091803649 -0.002971672289 0.04779087916 0.5069898581 -0.0003785691654 0.01201460224 0.2546198881 -0.9998503454 -0.00214928468 -0.0171658766 0.001070998753 0.9826592615 -0.1854174444 0.0172667225 -0.1854080804 -0.9825099002 1.156419476e-05 0.1452098854 0
0.1944365576 0.1919516584 0.1126098767 -0.003160585532 0.04927364734 0.5067984993 -0.0004027036832 0.0123908227 0.2545956551 -0.9998307202 -0.002356687865 -0.01824765632 0.001174091142 0.9815696724 -0.1911010196 0.01836171149 -0.1910900944 -0.9814007455 1.235972329e-05 0.149771136 0
0.1997001374 0.1971479696 0.1156583316 -0.003333338807 0.05059023603 0.5066235096 -0.0004247806416 0.01272514703 0.2545734881 -0.9998117165 -0.002551761974 -0.01923590796 0.00127102093 0.9805746246 -0.1961422702 0.01936275162 -0.1961297891 -0.9803867552 1.309153535e-05 0.153825581 0
0.2056216646 0.2029938198 0.1190878433 -0.003533113103 0.05206974606 0.5064211492 -0.0004503190287 0.01310115332 0.2545478454 -0.999788481 -0.002783601922 -0.02037755601 0.001386177113 0.9794255282 -0.2018011724 0.02052003269 -0.2017867345 -0.9792145026 1.394295987e-05 0.1583868316 0
0.2115431919 0.2088396699 0.122517355 -0.003738625501 0.05354745767 0.5062129763 -0.0004766002339 0.01347704143 0.254521457 -0.9997631691 -0.003028894844 -0.02155067522 0.001507966982 0.9782452065 -0.2074464798 0.0217101783 -0.2074298478 -0.9780089603 1.482458226e-05 0.1629480822 0
0.2174647192 0.2146855201 0.1259468668 -0.003949867478 0.05502332009 0.5059989997 -0.0005036239648 0.01385280805 0.2544943229 -0.9997356622 -0.003287994325 -0.02275510514 0.001636559167 0.9770338589 -0.2130778266 0.02293310687 -0.2130587421 -0.976770211 1.573683391e-05 0.1675093328 0
0.2233862465 0.2205313702 0.1293763785 -0.004166830272 0.0564972826 0.5057792283 -0.0005313899208 0.01422844985 0.2544664436 -0.9997058391 -0.003561251117 -0.02399068112 0.001772120422 0.9757916902 -0.2186948488 0.02418873456 -0.2186730317 -0.9754983395 1.668015517e-05 0.1720705834 0
0.2293077737 0.2263772204 0.1328058902 -0.004389504889 0.0579692946 0.505553671 -0.0005598977932 0.01460396351 0.2544378193 -0.9996735753 -0.00384901307 -0.02525723436 0.001914815582 0.9745189102 -0.2242971847 0.0254769753 -0.2242723316 -0.9741934331 1.765499507e-05 0.176631834 0
0.235229301 0.2322230705 0.136235402 -0.004617882094 0.05943930557 0.5053223374 -0.0005891472648 0.01497934569 0.2544084504 -0.9996387436 -0.00415162506 -0.0265545919 0.002064807516 0.9732157339 -0.2298844751 0.02679774079 -0.229856258 -0.9728555811 1.866181111e-05 0.1811930846 0
0.2411508283 0.2380689207 0.1396649137 -0.004851952419 0.06090726506 0.5050852369 -0.0006191380104 0.01535459307 0.2543783372 -0.9996012135 -0.004469428916 -0.02788257668 0.002222257076 0.9718823812 -0.2354563627 0.02815094049 -0.2354244282 -0.9714848754 1.970106901e-05 0.1857543352 0
0.2470723555 0.2439147708 0.1430944254 -0.005091706163 0.06237312276 0.5048423794 -0.0006498696964 0.01572970231 0.2543474799 -0.999560852 -0.004802763354 -0.02924100757 0.002387323056 0.9705190771 -0.2410124928 0.02953648165 -0.2409764604 -0.9700814099 2.077324253e-05 0.1903155858 0
0.2529938828 0.249760621 0.1465239372 -0.005337133386 0.06383682841 0.5045937751 -0.000681341981 0.01610467008 0.2543158791 -0.999517523 -0.005151963901 -0.03062969938 0.002560162142 0.9691260516 -0.2465525131 0.03095426927 -0.2465119741 -0.9686452807 2.187881319e-05 0.1948768364 0
0.2589154101 0.2556064711 0.1499534489 -0.005588223918 0.06529833188 0.504339434 -0.0007135545142 0.01647949306 0.2542835349 -0.9994710875 -0.005517362833 -0.03204846294 0.002740928869 0.9677035396 -0.2520760735 0.03240420618 -0.2520305899 -0.9671765863 2.30182701e-05 0.199438087 0
0.2648369374 0.2614523213 0.1533829606 -0.005844967352 0.06675758313 0.504079367 -0.0007465069379 0.01685416789 0.2542504478 -0.9994214038 -0.005899289101 -0.03349710507 0.002929775575 0.9662517807 -0.2575828269 0.03388619299 -0.2575319294 -0.9656754275 2.419210972e-05 0.2039993377 0
0.2707584646 0.2672981715 0.1568124724 -0.006107353052 0.06821453223 0.5038135846 -0.0007801988856 0.01722869126 0.2542166181 -0.9993683274 -0.006298068265 -0.03497542868 0.003126852358 0.9647710196 -0.2630724282 0.0354001281 -0.2630156156 -0.964141907 2.540083563e-05 0.2085605883 0
0.2760220444 0.2724944827 0.1598609273 -0.006345312719 0.06950762514 0.5035725444 -0.0008107678158 0.01756147106 0.2541859242 -0.9993181811 -0.006666947214 -0.03631424948 0.003309060465 0.9634306414 -0.267937398 0.03677258516 -0.2678748793 -0.9627516949 2.650495849e-05 0.2126150332 0
0.2819435717 0.2783403329 0.163290439 -0.006618326183 0.07096008985 0.5032959967 -0.0008458556134 0.01793569922 0.2541506929 -0.9992582922 -0.007098435602 -0.03784808652 0.003522084355 0.9618957825 -0.2733936697 0.03834658216 -0.2733241956 -0.9611573356 2.778097911e-05 0.2171762839 0
0.287865099 0.284186183 0.1667199507 -0.006896949876 0.07241010877 0.5030137661 -0.0008816818303 0.01830976628 0.2541147202 -0.9991945778 -0.007547697735 -0.03941101382 0.003743758947 0.9603326544 -0.2788318081 0.03995222172 -0.2787547761 -0.9595309244 2.909337907e-05 0.2217375345 0
0.2937866262 0.2900320332 0.1701494625 -0.007181172258 0.07385763236 0.5027258643 -0.0009182460682 0.01868366891 0.2540780064 -0.9991268828 -0.008015045357 -0.04100281927 0.003974225207 0.9587415201 -0.2842514788 0.04158939377 -0.2841662484 -0.9578725727 3.044268777e-05 0.2262987851 0
0.2997081535 0.2958778833 0.1735789742 -0.00747098156 0.07530261125 0.5024323033 -0.0009555479204 0.01905740378 0.2540405519 -0.9990550496 -0.008500786497 -0.04262328702 0.004213621652 0.957122647 -0.2896523503 0.04325798608 -0.2895582416 -0.9561823944 3.182944077e-05 0.2308600357 0
0.3056296808 0.3017237335 0.1770084859 -0.007766365782 0.07674499614 0.5021330952 -0.0009935869724 0.01943096756 0.2540023572 -0.9989789179 -0.009005225408 -0.04427219749 0.004462084305 0.955476307 -0.2950340938 0.04495788428 -0.2949303861 -0.9544605052 3.325417959e-05 0.2354212863 0
0.3115512081 0.3075695836 0.1804379977 -0.008067312696 0.0781847379 0.5018282524 -0.001032362801 0.01980435693 0.2539634227 -0.9988983251 -0.009528662507 -0.04594932742 0.004719746656 0.9538027766 -0.3003963836 0.04668897183 -0.3002823136 -0.9527070232 3.471745151e-05 0.2399825369 0
0.3174727353 0.3134154338 0.1838675094 -0.008373809844 0.07962178747 0.5015177875 -0.001071874975 0.02017756855 0.2539237488 -0.9988131059 -0.01007139431 -0.0476544499 0.004986739618 0.9521023366 -0.3057388967 0.04845113009 -0.3056136574 -0.9509220685 3.62198094e-05 0.2445437875 0
0.3233942626 0.3192612839 0.1872970211 -0.008685844542 0.08105609594 0.5012017134 -0.001112123056 0.02055059909 0.2538833359 -0.9987230924 -0.01063371336 -0.04938733442 0.00526319149 0.9503752723 -0.3110613134 0.05024423824 -0.3109240518 -0.9491057636 3.776181154e-05 0.2491050381 0
0.3293157899 0.3251071341 0.1907265329 -0.009003403878 0.08248761454 0.5008800431 -0.001153106596 0.02092344525 0.2538421845 -0.9986281147 -0.01121590819 -0.05114774691 0.005549227919 0.948621873 -0.3163633167 0.05206817339 -0.316213133 -0.9472582329 3.934402144e-05 0.2536662887 0
0.3352373172 0.3309529842 0.1941560446 -0.009326474712 0.0839162946 0.5005527899 -0.001194825139 0.02129610369 0.2538002951 -0.998528 -0.01181826326 -0.05293544976 0.005844971856 0.9468424326 -0.3216445929 0.05392281049 -0.3214805383 -0.9453796031 4.096700766e-05 0.2582275393 0
0.3411588444 0.3367988344 0.1975855563 -0.009655043679 0.08534208759 0.5002199675 -0.001237278221 0.02166857109 0.2537576681 -0.9984225736 -0.01244105885 -0.05475020189 0.006150543522 0.945037249 -0.3269048315 0.05580802242 -0.3267259067 -0.943470003 4.263134366e-05 0.2627887899 0
0.3470803717 0.3426446845 0.2010150681 -0.00998909719 0.08676494513 0.4998815895 -0.001280465371 0.02204084414 0.253714304 -0.9983116582 -0.01308457109 -0.05659175879 0.006466060369 0.9432066242 -0.3321437251 0.05772367995 -0.3319488786 -0.9415295634 4.433760762e-05 0.2673500405 0
0.353001899 0.3484905347 0.2044445798 -0.01032862143 0.08818481894 0.49953767 -0.001324386109 0.02241291951 0.2536702032 -0.9981950743 -0.01374907181 -0.05845987256 0.006791637042 0.9413508645 -0.3373609693 0.05966965176 -0.3371490961 -0.9395584174 4.608638228e-05 0.2719112911 0
0.3582654788 0.3536868459 0.2074930347 -0.01063500212 0.08944438525 0.4992273231 -0.001364042221 0.02274348456 0.2536303845 -0.9980865386 -0.01435757546 -0.06014250974 0.007089574262 0.9396804499 -0.3419801017 0.06142474573 -0.3417521208 -0.9377806186 4.767701121e-05 0.2759657361 0
0.364187006 0.3595326961 0.2109225464 -0.01098482147 0.09085849197 0.4988729752 -0.001409347285 0.02311517752 0.2535848937 -0.9979587501 -0.0150624475 -0.06206009827 0.007434455544 0.9377780624 -0.3471556346 0.06342761223 -0.3469083862 -0.9357518419 4.950768929e-05 0.2805269867 0
0.3701085333 0.3653785463 0.2143520582 -0.01134007038 0.09226947634 0.4985131274 -0.001455384504 0.02348666323 0.2535386676 -0.9978247622 -0.01578906895 -0.06400350884 0.007789711753 0.9358514465 -0.3523086579 0.06546040202 -0.3520408717 -0.9336927548 5.138258579e-05 0.2850882373 0
0.3760300606 0.3712243964 0.2177815699 -0.01170073417 0.09367729064 0.4981477946 -0.001502153367 0.02385793841 0.2534917069 -0.9976843872 -0.01653769457 -0.06597248076 0.008155446281 0.9339009238 -0.3574388804 0.06752297576 -0.3571492253 -0.9316034986 5.330229976e-05 0.289649488 0
0.3819515879 0.3770702466 0.2212110816 -0.01206679794 0.09508188731 0.497776992 -0.001549653352 0.02422899972 0.253444012 -0.9975374349 -0.01730857458 -0.06796675018 0.008531759536 0.9319268193 -0.3625460143 0.06961519205 -0.3622330971 -0.9294842163 5.526743408e-05 0.2942107386 0
0.3878731151 0.3829160967 0.2246405934 -0.01243824656 0.09648321892 0.4974007348 -0.001597883933 0.02459984389 0.2533955834 -0.9973837135 -0.01810195467 -0.06998605014 0.008918748916 0.929929462 -0.3676297752 0.07173690748 -0.3672921384 -0.9273350534 5.727859535e-05 0.2987719892 0
0.3937946424 0.3887619469 0.2280701051 -0.01281506469 0.09788123821 0.4970190386 -0.001646844573 0.02497046759 0.2533464218 -0.997223029 -0.01891807585 -0.07203011057 0.009316508774 0.9279091843 -0.3726898823 0.0738879766 -0.3723260025 -0.925156157 5.933639373e-05 0.3033332398 0
0.3997161697 0.394607797 0.2314996168 -0.01319723676 0.09927589806 0.4966319192 -0.001696534728 0.02534086754 0.2532965275 -0.9970551855 -0.0197571745 -0.07409865839 0.009725130381 0.9258663222 -0.3777260584 0.07606825198 -0.3773343443 -0.9229476765 6.144144281e-05 0.3078944904 0
0.4056376969 0.4004536472 0.2349291286 -0.013584747 0.1006671515 0.4962393924 -0.001746953847 0.02571104044 0.2532459013 -0.9968799852 -0.02061948223 -0.07619141755 0.0101447019 0.9238012155 -0.3827380297 0.07827758414 -0.3823168206 -0.9207097635 6.359435953e-05 0.312455741 0
0.4115592242 0.4062994973 0.2383586403 -0.0139775794 0.1020549518 0.4958414746 -0.001798101367 0.026080983 0.2531945436 -0.9966972285 -0.02150522591 -0.07830810904 0.01057530836 0.9217142069 -0.3877255261 0.08051582165 -0.3872730897 -0.9184425711 6.579576398e-05 0.3170169916 0
0.4174807515 0.4121453475 0.241788152 -0.01437571775 0.1034392521 0.4954381822 -0.001849976722 0.02645069192 0.2531424551 -0.9965067141 -0.02241462755 -0.08044845099 0.0110170316 0.9196056431 -0.3926882812 0.08278281108 -0.3922028119 -0.916146255 6.804627935e-05 0.3215782422 0
0.4234022788 0.4179911976 0.2452176638 -0.01477914562 0.1048200062 0.4950295318 -0.001902579335 0.02682016392 0.2530896362 -0.9963082387 -0.02334790433 -0.08261215869 0.01146995028 0.9174758736 -0.3976260324 0.08507839703 -0.3971056493 -0.9138209724 7.03465318e-05 0.3261394928 0
0.429323806 0.4238370478 0.2486471755 -0.01518784636 0.1061971675 0.4946155402 -0.001955908621 0.02718939571 0.2530360876 -0.9961015977 -0.02430526847 -0.08479894464 0.01193413982 0.9153252514 -0.4025385205 0.08740242213 -0.4019812659 -0.9114668828 7.269715033e-05 0.3307007434 0
0.4345873858 0.429033359 0.2516956304 -0.01555554889 0.1074182576 0.4942430776 -0.002003921998 0.02751739744 0.2529878767 -0.9959108947 -0.02517664801 -0.08676189415 0.01235627311 0.913396369 -0.4068837619 0.08949196833 -0.406292025 -0.9093503055 7.482938229e-05 0.3347551884 0
0.4405089131 0.4348792092 0.2551251421 -0.01597416332 0.108788507 0.4938190441 -0.002058622265 0.02788616656 0.2529329514 -0.9956882648 -0.02618007203 -0.08899147834 0.01284194627 0.9112073323 -0.4117478379 0.09186927562 -0.411115314 -0.9069422445 7.727686251e-05 0.339316439 0
0.4464304404 0.4407250594 0.2585546538 -0.01639800134 0.1101550309 0.4933897193 -0.002114047471 0.028254686 0.252877298 -0.9954568683 -0.02720816856 -0.09124329508 0.01333908977 0.90899848 -0.416585924 0.09427455657 -0.4159104218 -0.904505848 7.977654096e-05 0.3438776896 0
0.4523519677 0.4465709095 0.2619841656 -0.01682704546 0.1115177835 0.492955121 -0.002170197 0.02862295249 0.2528209173 -0.9952164943 -0.0282611303 -0.09351704655 0.01384776621 0.9067701768 -0.4213977762 0.0967076463 -0.4206770197 -0.902041283 8.232905674e-05 0.3484389402 0
0.4582734949 0.4524167597 0.2654136773 -0.01726127801 0.1128767195 0.4925152671 -0.002227070229 0.02899096276 0.2527638099 -0.9949669303 -0.02933914484 -0.09581243241 0.0143680348 0.9045227906 -0.4261831541 0.09916837802 -0.425414781 -0.8995487185 8.493505131e-05 0.3530001908 0
0.4641950222 0.4582626098 0.2688431891 -0.01770068107 0.1142317933 0.4920701758 -0.002284666525 0.02935871353 0.2527059763 -0.9947079625 -0.03044239461 -0.0981291498 0.01489995142 0.9022566918 -0.4309418216 0.1016565831 -0.4301233808 -0.8970283253 8.759516837e-05 0.3575614414 0
0.4701165495 0.46410846 0.2722727008 -0.01814523656 0.11558296 0.4916198653 -0.002342985249 0.02972620155 0.2526474172 -0.9944393756 -0.03157105683 -0.1004668935 0.01544356848 0.8999722537 -0.4356735461 0.1041720908 -0.4348024965 -0.8944802762 9.031005384e-05 0.3621226921 0
0.4760380767 0.4699543101 0.2757022125 -0.01859492616 0.1169301746 0.4911643543 -0.002402025753 0.03009342356 0.2525881333 -0.9941609531 -0.03272530347 -0.1028253559 0.01599893499 0.8976698522 -0.4403780995 0.1067147289 -0.4394518073 -0.8919047459 9.30803557e-05 0.3666839427 0
0.481959604 0.4758001603 0.2791317243 -0.01904973134 0.1182733921 0.4907036615 -0.00246178738 0.03046037629 0.2525281253 -0.9938724773 -0.03390530125 -0.1052042269 0.01656609649 0.8953498659 -0.4450552572 0.1092843231 -0.4440709944 -0.8893019108 9.590672395e-05 0.3712451933 0
0.4878811313 0.4816460104 0.282561236 -0.01950963337 0.1196125682 0.4902378058 -0.002522269467 0.0308270565 0.2524673937 -0.9935737292 -0.03511121155 -0.1076031946 0.01714509505 0.8930126759 -0.4497047992 0.1118806971 -0.4486597413 -0.8866719496 9.878981053e-05 0.3758064439 0
0.4938026586 0.4874918606 0.2859907477 -0.01997461334 0.1209476583 0.4897668065 -0.002583471342 0.03119346093 0.2524059393 -0.9932644886 -0.03634319042 -0.1100219444 0.01773596923 0.8906586656 -0.454326509 0.114503673 -0.4532177334 -0.8840150423 0.0001017302692 0.3803676945 0
0.4997241858 0.4933377107 0.2894202595 -0.02044465208 0.1222786182 0.4892906828 -0.002645392325 0.03155958634 0.2523437627 -0.9929445342 -0.03760138852 -0.1124601597 0.01833875408 0.8882882209 -0.4589201746 0.117153071 -0.4577446583 -0.8813313712 0.0001047287556 0.3849289451 0
0.5056457131 0.4991835609 0.2928497712 -0.02091973028 0.1236054039 0.4888094546 -0.002708031728 0.03192542948 0.2522808646 -0.9926136438 -0.03888595111 -0.114917522 0.01895348108 0.88590173 -0.4634855881 0.1198287095 -0.4622402056 -0.8786211201 0.0001077859269 0.3894901957 0
0.5115672404 0.505029411 0.2962792829 -0.02139982837 0.1249279715 0.4883231414 -0.002771388856 0.03229098711 0.2522172457 -0.9922715941 -0.04019701799 -0.1173937106 0.01958017819 0.8834995832 -0.4680225456 0.1225304051 -0.4667040671 -0.875884475 0.000110902442 0.3940514463 0
0.5168308202 0.5102257223 0.2993277378 -0.02183078051 0.1261000108 0.4878866104 -0.002828308268 0.03261568492 0.2521600911 -0.9919580003 -0.04138477002 -0.1196103111 0.02014731104 0.8813515156 -0.4720313461 0.1249536377 -0.4706450963 -0.8734298951 0.0001137230311 0.3981058913 0
0.5227523474 0.5160715724 0.3027572495 -0.0223203066 0.127414492 0.4873907471 -0.002893019171 0.03298069443 0.2520951127 -0.9915942592 -0.04274626264 -0.1221211785 0.02079668191 0.8789208692 -0.476514012 0.1277040455 -0.475048274 -0.8706439078 0.0001169534434 0.4026671419 0
0.5286738747 0.5219174226 0.3061867613 -0.022814795 0.1287246295 0.4868898574 -0.002958445744 0.03334540908 0.2520294156 -0.9912187084 -0.0441346326 -0.1246499348 0.02145808343 0.8764757065 -0.4809676566 0.1304799705 -0.479418888 -0.8678320731 0.0001202451116 0.4072283925 0
0.534595402 0.5277632728 0.309616273 -0.02331422539 0.1300303803 0.4863839616 -0.003024587259 0.03370982566 0.2519630004 -0.9908311214 -0.04554999825 -0.127196252 0.02213152954 0.8740164255 -0.4853920923 0.1332812225 -0.4837566388 -0.8649945839 0.0001235987005 0.4117896431 0
0.5405169293 0.5336091229 0.3130457848 -0.02381857724 0.1313317015 0.4858730807 -0.003091442984 0.03407394094 0.251895868 -0.9904312706 -0.04699247238 -0.1297598002 0.02281703051 0.8715434266 -0.4897871361 0.1361076094 -0.4880612289 -0.8621316347 0.0001270148758 0.4163508937 0
0.5464384565 0.5394549731 0.3164752965 -0.02432782984 0.1326285505 0.4853572356 -0.003159012174 0.0344377517 0.2518280191 -0.9900189279 -0.04846216217 -0.1323402479 0.02351459298 0.8690571114 -0.4941526091 0.1389589375 -0.4923323633 -0.8592434217 0.000130494305 0.4209121443 0
0.5523599838 0.5453008232 0.3199048082 -0.02484196227 0.1339208846 0.4848364475 -0.00322729408 0.03480125472 0.2517594544 -0.9895938645 -0.04995916915 -0.134937262 0.0242242199 0.8665578836 -0.4984883365 0.1418350113 -0.4965697493 -0.8563301429 0.0001340376564 0.4254733949 0
0.5582815111 0.5511466734 0.32333432 -0.02536095342 0.1352086617 0.4843107378 -0.003296287944 0.0351644468 0.2516901747 -0.9891558512 -0.05148358922 -0.1375505077 0.02494591055 0.8640461481 -0.5027941482 0.1447356337 -0.5007730963 -0.8533919981 0.0001376455998 0.4300346455 0
0.5642030384 0.5569925235 0.3267638317 -0.02588478198 0.1364918397 0.4837801281 -0.003365992999 0.03552732473 0.2516201807 -0.9887046579 -0.05303551261 -0.1401796487 0.02567966049 0.8615223118 -0.5070698782 0.1476606059 -0.5049421162 -0.8504291885 0.0001413188058 0.4345958962 0
0.5701245656 0.5628383737 0.3301933434 -0.02641342647 0.1377703767 0.48324464 -0.003436408472 0.0358898853 0.2515494732 -0.9882400543 -0.05461502383 -0.1428243472 0.0264254616 0.8589867825 -0.5113153649 0.1506097273 -0.5090765233 -0.8474419174 0.0001450579462 0.4391571468 0
0.5760460929 0.5686842238 0.3336228552 -0.0269468652 0.1390442311 0.4827042957 -0.00350753358 0.03625212531 0.251478053 -0.9877618098 -0.05622220171 -0.1454842641 0.02718330202 0.8564399698 -0.5155304512 0.1535827958 -0.5131760342 -0.8444303895 0.000148863694 0.4437183974 0
0.5819676202 0.574530074 0.3370523669 -0.02748507628 0.1403133615 0.4821591172 -0.003579367534 0.03661404157 0.2514059209 -0.9872696931 -0.05785711932 -0.148159059 0.02795316618 0.8538822844 -0.5197149843 0.1565796076 -0.5172403678 -0.8413948112 0.0001527367229 0.448279648 0
0.5878891474 0.5803759241 0.3404818786 -0.02802803764 0.1415777267 0.481609127 -0.003651909536 0.03697563089 0.2513330777 -0.9867634729 -0.05951984401 -0.15084839 0.02873503475 0.8513141381 -0.5238688156 0.1595999573 -0.5212692456 -0.8383353907 0.0001566777076 0.4528408986 0
0.5931527272 0.5855722354 0.3435303335 -0.02851463988 0.1426975733 0.4811162255 -0.003716985076 0.03729676657 0.2512677319 -0.986301472 -0.06102121561 -0.1532508322 0.02944008826 0.8490228933 -0.5275352195 0.1623043054 -0.5248204815 -0.8355960595 0.0001602384006 0.4568953436 0
0.5990742545 0.5914180855 0.3469598452 -0.02906651313 0.1439528258 0.480557208 -0.0037908623 0.03765772963 0.2511935476 -0.9857679794 -0.06273662808 -0.1559666835 0.03024456588 0.8464361154 -0.5316306696 0.1653685493 -0.5287816356 -0.832492177 0.0001643095903 0.4614565942 0
0.6049957818 0.5972639357 0.350389357 -0.02962307186 0.1452031953 0.4799934444 -0.003865445224 0.03801835656 0.2511186546 -0.9852197134 -0.06448000972 -0.1586960767 0.03106097104 0.8438400724 -0.5356950143 0.1684557286 -0.5327065426 -0.8293650625 0.0001684506899 0.4660178448 0
0.6109173091 0.6031097858 0.3538188687 -0.03018429328 0.1464486414 0.4794249577 -0.00394073302 0.03837864416 0.2510430537 -0.9846564419 -0.06625140537 -0.1614386657 0.03188926982 0.8412351802 -0.5397281223 0.1715656316 -0.5365949337 -0.8262149304 0.0001726623773 0.4705790954 0
0.6168388363 0.608955636 0.3572483804 -0.0307501544 0.147689124 0.4788517712 -0.004016724854 0.03873858928 0.2509667456 -0.9840779328 -0.06805085406 -0.1641941032 0.03272942452 0.8386218554 -0.5437298671 0.1746980453 -0.5404465421 -0.8230419965 0.0001769453311 0.475140346 0
0.6227603636 0.6148014862 0.3606778922 -0.03132063206 0.1489246032 0.4782739085 -0.004093419881 0.03909818875 0.2508897313 -0.9834839539 -0.06987838899 -0.1669620411 0.03358139367 0.8360005152 -0.5477001265 0.1778527548 -0.544261104 -0.8198464785 0.0001813002308 0.4797015966 0
0.6286818909 0.6206473363 0.3641074039 -0.03189570291 0.1501550392 0.4776913931 -0.00417081725 0.03945743939 0.2508120115 -0.9828742733 -0.07173403754 -0.1697421303 0.03444513201 0.8333715775 -0.5516387828 0.181029544 -0.5480383578 -0.8166285952 0.0001857277564 0.4842628472 0
0.6346034181 0.6264931865 0.3675369157 -0.03247534344 0.1513803928 0.4771042489 -0.004248916102 0.03981633807 0.2507335872 -0.982248659 -0.07361782124 -0.1725340209 0.03532059052 0.8307354608 -0.5555457227 0.184228195 -0.5517780447 -0.8133885674 0.0001902285884 0.4888240978 0
0.6405249454 0.6323390366 0.3709664274 -0.03305952993 0.1526006245 0.4765124998 -0.004327715571 0.04017488161 0.2506544592 -0.9816068792 -0.07552975578 -0.1753373623 0.03620771638 0.828092584 -0.5594208377 0.1874484887 -0.5554799081 -0.8101266171 0.0001948034082 0.4933853484 0
0.6464464727 0.6381848868 0.3743959391 -0.0336482385 0.1538156956 0.4759161702 -0.004407214782 0.04053306688 0.2505746284 -0.9809487026 -0.07746985097 -0.1781518033 0.03710645299 0.8254433664 -0.5632640234 0.1906902042 -0.5591436945 -0.8068429679 0.0001994528975 0.497946599 0
0.652368 0.6440307369 0.3778254509 -0.03424144509 0.1550255673 0.4753152842 -0.004487412853 0.04089089072 0.2504940956 -0.9802738979 -0.07943811081 -0.1809769918 0.03801673995 0.8227882275 -0.5670751803 0.1939531193 -0.5627691527 -0.803537845 0.0002041777387 0.5025078496 0
0.6582895272 0.6498765871 0.3812549626 -0.03483912546 0.1562302009 0.4747098666 -0.004568308894 0.04124835 0.2504128617 -0.9795822344 -0.08143453339 -0.1838125753 0.03893851311 0.8201275873 -0.5708542133 0.1972370104 -0.5663560341 -0.8002114748 0.0002089786146 0.5070691002 0
0.6642110545 0.6557224372 0.3846844743 -0.0354412552 0.1574295584 0.4740999421 -0.004649902007 0.04160544158 0.2503309277 -0.9788734815 -0.08345911098 -0.1866582009 0.0398717045 0.8174618656 -0.5746010316 0.2005416524 -0.5699040929 -0.7968640854 0.0002138562084 0.5116303509 0
0.6701325818 0.6615682874 0.3881139861 -0.03604780972 0.1586236016 0.4734855354 -0.004732191288 0.04196216233 0.2502482945 -0.9781474094 -0.08551182996 -0.1895135149 0.04081624239 0.8147914825 -0.5783155492 0.2038668187 -0.5734130858 -0.7934959063 0.000218811204 0.5161916015 0
0.6753961616 0.6667645986 0.3911624409 -0.03659066392 0.1596804814 0.4729356537 -0.004805921014 0.0422789336 0.2501742564 -0.977487287 -0.08736007831 -0.1920594194 0.04166529611 0.8124142348 -0.58159016 0.2068395681 -0.5764992002 -0.7904847027 0.0002232811768 0.5202460464 0
0.6813176889 0.6726104488 0.3945919527 -0.03720550868 0.1608643837 0.4723128495 -0.004889522779 0.04263494537 0.2500903048 -0.9767278753 -0.08946589537 -0.1949320682 0.04263105717 0.8097361925 -0.5852434463 0.2102028796 -0.579933748 -0.7870778852 0.0002283842426 0.5248072971 0
0.6872392161 0.6784562989 0.3980214644 -0.03782470622 0.1620428633 0.4716856362 -0.004973818054 0.0429905773 0.2500056566 -0.9759504833 -0.09159978158 -0.1978133824 0.04360793628 0.8070547017 -0.5888642088 0.2135860532 -0.5833285425 -0.7836509487 0.0002335666875 0.5293685477 0
0.6931607434 0.6843021491 0.4014509761 -0.03844823131 0.1632158831 0.4710540393 -0.005058805902 0.04334582626 0.2499203128 -0.9751548833 -0.09376170052 -0.2007030072 0.04459584702 0.8043701817 -0.5924523788 0.2169888569 -0.5866833509 -0.7802041282 0.0002388291968 0.5339297983 0
0.6990822707 0.6901479992 0.4048804879 -0.03907605851 0.1643834062 0.4704180846 -0.005144485381 0.04370068915 0.2498342742 -0.9743408485 -0.09595160995 -0.203600588 0.04559469922 0.8016830517 -0.5960078926 0.2204110576 -0.5899979434 -0.77673766 0.000244172456 0.5384910489 0
0.7050037979 0.6959938494 0.4083099996 -0.03970816225 0.1655453962 0.469777798 -0.005230855541 0.04405516287 0.2497475419 -0.9735081529 -0.09816946177 -0.2065057698 0.04660439896 0.7989937302 -0.5995306907 0.2238524205 -0.5932720926 -0.7732517817 0.0002495971508 0.5430522995 0
0.7109253252 0.7018396996 0.4117395113 -0.04034451678 0.1667018166 0.4691332056 -0.005317915424 0.04440924432 0.2496601167 -0.9726565713 -0.1004152021 -0.2094181976 0.04762484856 0.7963026354 -0.6030207183 0.2273127099 -0.5965055742 -0.7697467323 0.0002551039675 0.5476135501 0
0.7168468525 0.7076855497 0.4151690231 -0.04098509618 0.1678526315 0.4684843336 -0.005405664064 0.04476293041 0.2495719996 -0.9717858794 -0.102688771 -0.2123375166 0.04865594662 0.7936101848 -0.6064779249 0.2307916886 -0.5996981665 -0.766222752 0.0002606935921 0.5521748007 0
0.7227683798 0.7135313999 0.4185985348 -0.04162987437 0.168997805 0.4678312085 -0.005494100488 0.04511621805 0.2494831917 -0.9708958538 -0.1049901032 -0.2152633719 0.04969758801 0.7909167953 -0.6099022649 0.2342891179 -0.6028496506 -0.7626800823 0.0002663667113 0.5567360513 0
0.728689907 0.71937725 0.4220280466 -0.04227882511 0.1701373015 0.4671738568 -0.005583223716 0.04546910415 0.2493936938 -0.9699862723 -0.107319127 -0.2181954089 0.05074966386 0.7882228828 -0.6132936969 0.2378047583 -0.6059598106 -0.7591189662 0.0002721240119 0.5612973019 0
0.7346114343 0.7252231002 0.4254575583 -0.04293192201 0.1712710858 0.4665123053 -0.005673032759 0.04582158565 0.249303507 -0.9690569137 -0.1096757654 -0.221133273 0.05181206162 0.7855288627 -0.6166521841 0.2413383687 -0.6090284332 -0.7555396478 0.0002779661806 0.5658585525 0
0.7405329616 0.7310689503 0.42888707 -0.0435891385 0.1723991228 0.4658465808 -0.005763526622 0.04617365946 0.2492126323 -0.9681075579 -0.1120599354 -0.2240766102 0.05288466503 0.7828351492 -0.6199776943 0.2448897069 -0.6120553081 -0.7519423723 0.0002838939046 0.5704198031 0
0.7464544888 0.7369148005 0.4323165818 -0.04425044788 0.1735213777 0.4651767105 -0.005854704301 0.04652532251 0.2491210707 -0.9671379859 -0.1144715482 -0.2270250666 0.05396735415 0.7801421556 -0.6232701997 0.2484585295 -0.6150402278 -0.7483273865 0.0002899078711 0.5749810537 0
0.7517180686 0.7421111117 0.4353650366 -0.04484169271 0.1745140556 0.4645778117 -0.005936324377 0.04683756459 0.2490391067 -0.9662589966 -0.1166381662 -0.2296499285 0.05493811164 0.7777493211 -0.6261691444 0.2516452967 -0.6176581026 -0.745099398 0.0002953265758 0.5790354987 0
0.7576395959 0.7479569619 0.4387945484 -0.04551065964 0.1756252949 0.4639001847 -0.006028790945 0.04718844343 0.2489462502 -0.9652506458 -0.1191013531 -0.2326070903 0.05603951131 0.775058811 -0.6293992474 0.2552464768 -0.6205632177 -0.7414516362 0.00030150532 0.5835967493 0
0.7635611232 0.753802812 0.4422240601 -0.0461836414 0.1767306531 0.4632184909 -0.006121938389 0.04753890269 0.2488527098 -0.9642214537 -0.1215916941 -0.2355683515 0.05715062963 0.7723702084 -0.6325962905 0.2588644314 -0.6234257944 -0.7377868832 0.0003077722926 0.5881579999 0
0.7694826505 0.7596486622 0.4456535718 -0.04686061067 0.1778300966 0.462532758 -0.006215765675 0.04788893932 0.2487584864 -0.9631712064 -0.1241090784 -0.23853336 0.05827133245 0.7696839217 -0.6357602633 0.2624989124 -0.6262456365 -0.7341053901 0.0003141281809 0.5927192505 0
0.7754041777 0.7654945123 0.4490830836 -0.04754153998 0.1789235917 0.4618430137 -0.006310271765 0.04823855027 0.2486635811 -0.9620996917 -0.1266533892 -0.2415017645 0.05940148202 0.7670003583 -0.6388911599 0.2661496706 -0.6290225507 -0.7304074093 0.0003205736727 0.5972805012 0
0.781325705 0.7713403625 0.4525125953 -0.04822640171 0.1800111054 0.4611492862 -0.006405455611 0.04858773251 0.2485679949 -0.9610066988 -0.1292245041 -0.2444732142 0.06054093702 0.7643199238 -0.6419889789 0.2698164559 -0.6317563467 -0.7266931942 0.0003271094554 0.6018417518 0
0.7872472323 0.7771862127 0.455942107 -0.04891516811 0.1810926046 0.4604516034 -0.006501316158 0.04893648301 0.2484717288 -0.9598920183 -0.1318222951 -0.2474473593 0.06168955251 0.7616430224 -0.645053723 0.2734990169 -0.634446837 -0.7229629996 0.0003337362168 0.6064030024 0
0.7931687596 0.7830320628 0.4593716188 -0.04960781125 0.1821680567 0.4597499937 -0.006597852343 0.04928479874 0.248374784 -0.9587554428 -0.1344466287 -0.2504238505 0.06284718002 0.7589700564 -0.6480853998 0.277197101 -0.6370938373 -0.7192170811 0.0003404546443 0.610964253 0
0.7990902868 0.788877913 0.4628011305 -0.05030430308 0.1832374293 0.4590444854 -0.006695063098 0.04963267669 0.2482771614 -0.9575967662 -0.1370973655 -0.2534023396 0.06401366754 0.7563014268 -0.6510840208 0.280910455 -0.639697166 -0.7154556954 0.0003472654257 0.6155255036 0
0.8050118141 0.7947237631 0.4662306423 -0.05100461539 0.1843006904 0.4583351073 -0.006792947344 0.04998011384 0.2481788623 -0.9564157843 -0.1397743608 -0.2563824792 0.06518885953 0.7536375324 -0.6540496023 0.2846388241 -0.6422566448 -0.7116791005 0.0003541692483 0.6200867542 0
0.8109333414 0.8005696133 0.469660154 -0.05170871984 0.1853578079 0.4576218879 -0.006891503998 0.05032710717 0.2480798875 -0.9552122945 -0.1424774643 -0.259363923 0.06637259696 0.7509787704 -0.6569821647 0.2883819529 -0.6447720982 -0.7078875551 0.0003611667997 0.6246480048 0
0.8168548686 0.8064154634 0.4730896657 -0.05241658793 0.1864087505 0.4569048561 -0.006990731968 0.05067365369 0.2479802383 -0.9539860964 -0.1452065201 -0.2623463255 0.06756471731 0.7483255359 -0.6598817328 0.2921395847 -0.6472433537 -0.7040813193 0.0003682587672 0.6292092554 0
0.8227763959 0.8122613136 0.4765191775 -0.05312819104 0.1874534868 0.456184041 -0.007090630154 0.0510197504 0.2478799158 -0.952736991 -0.1479613668 -0.2653293424 0.06876505463 0.7456782219 -0.6627483359 0.2959114619 -0.649670242 -0.7002606539 0.0003754458381 0.633770506 0
0.8286979232 0.8181071637 0.4799486892 -0.05384350041 0.1884919858 0.4554594716 -0.007191197451 0.05136539431 0.2477789209 -0.9514647815 -0.1507418378 -0.2683126308 0.06997343951 0.7430372194 -0.6655820072 0.2996973261 -0.6520525967 -0.6964258208 0.0003827286996 0.6383317566 0
