0.007979694763 0.003740402123 -0.002446734008 -2.537007863e-06 0.002034808995 0.5099945876 -3.193969487e-07 0.0005069607877 0.2549993278 -0.9999999999 -7.777424349e-08 -1.477464825e-05 3.953440194e-08 0.9999684801 -0.007939694539 1.477480005e-05 -0.007939694539 -0.99996848 3.328174443e-08 -0.003254156231 0
0.01495938953 0.007012064246 -0.004586848016 -8.916055354e-06 0.003814557562 0.5099809787 -1.12863441e-06 0.000952141352 0.2549976244 -0.9999999987 -5.146063343e-07 -5.192229034e-05 2.582580005e-07 0.9998892283 -0.01488392221 5.192419818e-05 -0.01488392221 -0.9998892269 5.417964384e-08 -0.006100507862 0
0.02193908429 0.01028372637 -0.006726962025 -1.917675795e-05 0.0055941928 0.5099590887 -2.435422451e-06 0.001397925176 0.2549948735 -0.9999999938 -1.624369362e-06 -0.0001116691919 8.134517267e-07 0.9997617567 -0.02182727434 0.0001116780431 -0.0218272743 -0.9997617504 3.544533416e-08 -0.008946859493 0
0.02891877905 0.01355538849 -0.008867076033 -3.331874983e-05 0.007373661838 0.5099289185 -4.23910395e-06 0.001843770983 0.2549910766 -0.9999999812 -3.720916126e-06 -0.0001940060749 1.862051303e-06 0.9995860768 -0.02876934253 0.0001940328196 -0.02876934235 -0.999586058 1.74376663e-08 -0.01179321112 0
0.03589847381 0.01682705062 -0.01100719004 -5.134152683e-05 0.009152911811 0.5098904691 -6.539013125e-06 0.002289555312 0.254986235 -0.9999999553 -7.117962411e-06 -0.0002989201525 3.560932056e-06 0.9993622046 -0.03570971852 0.000298983683 -0.03570971798 -0.9993621599 9.5432123e-08 -0.01463956275 0
0.04375063042 0.0205076705 -0.0134148183 -7.62550965e-05 0.01115424037 0.509837319 -9.719117239e-06 0.002790972508 0.2549795404 -0.9999999014 -1.288452246e-05 -0.0004439148691 6.444687457e-06 0.9990527689 -0.04351511068 0.0004440550506 -0.04351510925 -0.9990526703 2.111363949e-07 -0.01784170834 0
0.05073032519 0.02377933263 -0.01555493231 -0.0001025222362 0.01293284935 0.5097812812 -1.307251874e-05 0.003236603998 0.254972481 -0.9999998217 -2.008588433e-05 -0.0005967470222 1.004590275e-05 0.9987265608 -0.05045053602 0.0005970004448 -0.05045053302 -0.9987263826 3.366425955e-07 -0.02068805997 0
0.05771001995 0.02705099475 -0.01769504632 -0.0001326676939 0.01471107413 0.5097169695 -1.692146633e-05 0.00368217502 0.2549643783 -0.9999997015 -2.956674489e-05 -0.0007720938188 1.478703393e-05 0.9983522383 -0.05738299464 0.0007725182205 -0.05738298893 -0.9983519398 4.826302716e-07 -0.0235344116 0
0.06468971471 0.03032265687 -0.01983516032 -0.000166690395 0.01648886189 0.5096443862 -2.126588073e-05 0.00412769081 0.2549552327 -0.9999995288 -4.163979454e-05 -0.0009699280218 2.082450433e-05 0.9979298352 -0.06431207927 0.0009705980527 -0.06431206916 -0.9979293641 6.48705458e-07 -0.02638076323 0
0.07166940947 0.033594319 -0.02197527433 -0.0002045891265 0.01826615984 0.5095635339 -2.610569659e-05 0.004573154341 0.2549450442 -0.9999992901 -5.661736366e-05 -0.001190218898 2.831457855e-05 0.9974593899 -0.07123738296 0.001191228289 -0.07123736609 -0.9974586802 8.346748984e-07 -0.02922711486 0
0.07952156608 0.03727493889 -0.02438290259 -0.0002518565795 0.02026496885 0.5094626945 -3.214257438e-05 0.005074239859 0.2549323356 -0.9999989241 -7.732730595e-05 -0.001464846127 3.867156638e-05 0.9968727666 -0.07902332404 0.001466375872 -0.07902329567 -0.9968716911 1.067571132e-06 -0.03242926045 0
0.08650126085 0.04054660101 -0.0265230166 -0.0002979872179 0.02204105074 0.5093642804 -3.803492051e-05 0.005519594981 0.2549199314 -0.9999984939 -9.95121162e-05 -0.001732739456 4.976643473e-05 0.9963003783 -0.08593924393 0.001734880972 -0.08593920072 -0.9962988728 1.295625493e-06 -0.03527561208 0
0.09348095561 0.04381826313 -0.02866313061 -0.0003479892065 0.02381647795 0.5092576072 -4.442248156e-05 0.005964898105 0.2549064846 -0.9999979459 -0.0001255746807 -0.002022970933 6.28010005e-05 0.9956800954 -0.09285011389 0.002025891515 -0.09285005021 -0.9956780423 1.543509231e-06 -0.03812196371 0
0.1004606504 0.04708992526 -0.03080324462 -0.0004018607628 0.02559119779 0.5091426787 -5.130519465e-05 0.006410147682 0.2548919955 -0.9999972606 -0.0001558253866 -0.00233549545 7.793067174e-05 0.995011974 -0.09975552887 0.002339390382 -0.0997554376 -0.9950092361 1.811281441e-06 -0.04096831534 0
0.1074403451 0.05036158738 -0.03294335863 -0.0004595999668 0.02736515759 0.5090194992 -5.868299356e-05 0.006855341733 0.2548764642 -0.9999964167 -0.0001905740397 -0.002670264431 9.531059999e-05 0.9942960746 -0.1066550843 0.002675359132 -0.1066549567 -0.9942924935 2.099021815e-06 -0.04381466697 0
0.1152925017 0.05404220727 -0.03535098688 -0.0005291770509 0.0293598883 0.5088710649 -6.757471241e-05 0.007356115804 0.2548577458 -0.9999952494 -0.0002354276671 -0.003073403683 0.0001177456071 0.993433659 -0.1144095774 0.003080157846 -0.1144093957 -0.9934289118 2.446717802e-06 -0.04701681256 0
0.1222721965 0.05731386939 -0.03749110089 -0.0005951280014 0.03113205823 0.5087303665 -7.600433156e-05 0.007801183952 0.2548400003 -0.9999939911 -0.0002807602006 -0.003455265039 0.0001404212011 0.9926164519 -0.1212953411 0.003463807828 -0.1212950974 -0.9926104479 2.777225286e-06 -0.04986316419 0
0.1292518913 0.06058553151 -0.0396312149 -0.0006649397111 0.03290330369 0.5085814317 -8.492880455e-05 0.008246188694 0.254821213 -0.9999924983 -0.0003315545995 -0.003859196747 0.0001658300384 0.9917516836 -0.1281739852 0.003869861546 -0.1281736636 -0.9917441889 3.128042479e-06 -0.05270951582 0
0.136231586 0.06385719364 -0.04177132891 -0.000738609692 0.03467357215 0.5084242657 -9.434804848e-05 0.008691127174 0.2548013842 -0.9999907434 -0.0003881178148 -0.004285135978 0.0001941260122 0.9908394326 -0.135045108 0.004298295113 -0.1350446898 -0.9908301855 3.499301575e-06 -0.05555586745 0
0.1440837426 0.06753781353 -0.04417895717 -0.0008260969862 0.03666389099 0.5082376222 -0.000105535995 0.009191600075 0.2547778321 -0.9999884199 -0.0004590281295 -0.004790540839 0.0002296011735 0.9897564962 -0.1427656314 0.004807002357 -0.1427650781 -0.9897449294 3.941579093e-06 -0.05875801303 0
0.1510634374 0.07080947565 -0.04631907118 -0.0009079569056 0.03843190907 0.5080629839 -0.0001160063319 0.009636387836 0.2547557906 -0.9999860104 -0.0005288655378 -0.005263021771 0.0002645416474 0.9887436235 -0.1496194409 0.005282907783 -0.14961874 -0.9887296514 4.356758061e-06 -0.06160436466 0
0.1580431322 0.07408113777 -0.04845918518 -0.0009936664362 0.04019878622 0.507880133 -0.0001269711524 0.01008109986 0.2547327083 -0.9999832434 -0.0006054256222 -0.005757291782 0.0003028478094 0.98768354 -0.1564644785 0.005781109932 -0.1564636003 -0.9876668064 4.792849777e-06 -0.0644507163 0
0.1650228269 0.07735279989 -0.05059929919 -0.001083222524 0.04196447008 0.507689076 -0.0001384303553 0.01052573299 0.2547085852 -0.9999800855 -0.0006890117522 -0.006273273926 0.0003446719734 0.9865763418 -0.1633003461 0.006301579499 -0.1632992563 -0.9865564571 5.250021831e-06 -0.06729706793 0
0.1720025217 0.08062446202 -0.0527394132 -0.001176621978 0.04372890834 0.5074898196 -0.000150383835 0.01097028404 0.2546834216 -0.9999765015 -0.0007799263202 -0.00681088786 0.0003901660224 0.9854221289 -0.1701266462 0.006844285863 -0.1701253058 -0.9853986686 5.728449522e-06 -0.07014341956 0
0.1798546783 0.08430508191 -0.05514704146 -0.001286286239 0.04571234741 0.5072558641 -0.0001644221775 0.01147030186 0.2546538692 -0.9999719147 -0.0008913401868 -0.007441455896 0.0004459220217 0.9840675722 -0.177794304 0.007481370645 -0.1777926289 -0.9840395369 6.292315686e-06 -0.07334556514 0
0.1868343731 0.08757674403 -0.05728715547 -0.001387841628 0.04747396527 0.507039208 -0.000177425624 0.01191466777 0.2546264954 -0.9999673023 -0.0009988270161 -0.008024755159 0.0004997168003 0.9828138048 -0.184598958 0.008071222577 -0.1845969322 -0.9827811699 6.816527638e-06 -0.07619191677 0
0.1938140678 0.09084840615 -0.05942726948 -0.001493229531 0.04923417435 0.5068143757 -0.000190922988 0.01235894147 0.2545980819 -0.9999621448 -0.001114580499 -0.008629413344 0.0005576531174 0.9815133629 -0.1913928092 0.008683207205 -0.1913903762 -0.981475586 7.362590562e-06 -0.0790382684 0
0.2007937626 0.09412006828 -0.06156738348 -0.001602446193 0.05099292256 0.5065813752 -0.0002049141454 0.01280311967 0.2545686289 -0.999956401 -0.001238898554 -0.0092553362 0.000619880883 0.980166364 -0.1981754642 0.009317288527 -0.1981725612 -0.9801228618 7.930709635e-06 -0.08188462004 0
0.2077734574 0.0973917304 -0.06370749749 -0.001715487725 0.05275015785 0.5063402148 -0.0002193989674 0.01324719906 0.2545381367 -0.9999500284 -0.001372077907 -0.009902426131 0.0006865494814 0.9787729297 -0.2049465313 0.009973429243 -0.2049430883 -0.9787230769 8.521096915e-06 -0.08473097167 0
0.215625614 0.1010723503 -0.06611512575 -0.001847226345 0.05472517441 0.5060591664 -0.0002362843093 0.01374666617 0.2545025913 -0.9999420528 -0.001532864574 -0.01065557778 0.0007670451398 0.9771499683 -0.2125496438 0.01073790731 -0.2125455005 -0.9770921694 9.2121728e-06 -0.08793311725 0
0.2226053087 0.1043440124 -0.06825523976 -0.001968382188 0.05647902222 0.5058006951 -0.0002518177202 0.01419052461 0.2544698918 -0.9999341961 -0.001685853726 -0.01134730851 0.0008436440043 0.975658282 -0.2192947903 0.01144079446 -0.2192899329 -0.9755926576 9.850614894e-06 -0.09077946888 0
0.2295850035 0.1076156745 -0.07039535377 -0.002093349867 0.05823119487 0.5055340917 -0.0002678443639 0.01463427389 0.2544361542 -0.9999255682 -0.001848623309 -0.01205987992 0.0009251469389 0.9741205674 -0.2260271316 0.01216561609 -0.2260214651 -0.9740463516 1.051203102e-05 -0.09362582051 0
0.2365646982 0.1108873367 -0.07253546778 -0.002222124934 0.05998164057 0.5052593657 -0.0002843640931 0.01507791066 0.2544013785 -0.9999161206 -0.002021464695 -0.01279318076 0.001011700967 0.9725369634 -0.2327462809 0.01291232956 -0.2327397011 -0.9724533425 1.119666047e-05 -0.09647217214 0
0.243544393 0.1141589988 -0.07467558179 -0.002354702802 0.06173030762 0.5049765269 -0.0003013767558 0.0155214316 0.2543655653 -0.9999058034 -0.002204667856 -0.0135470965 0.001103452494 0.9709076128 -0.2394518527 0.01368089093 -0.2394442457 -0.9708137238 1.190474886e-05 -0.09931852377 0
0.2513965496 0.1178396187 -0.07708321004 -0.002508392558 0.06369536769 0.5046486484 -0.0003211050158 0.01602025001 0.2543240356 -0.999893093 -0.002423516162 -0.01441974618 0.001213067068 0.9690200951 -0.2469789135 0.01457158121 -0.2469700018 -0.9689135602 1.272970292e-05 -0.1025206694 0
0.2583762444 0.1211112808 -0.07922332405 -0.002649035539 0.06544008369 0.5043486036 -0.0003391646368 0.01646351367 0.2542860185 -0.9998807556 -0.002629694245 -0.01521707347 0.001316346458 0.9672940262 -0.2536543595 0.01538641767 -0.2536441436 -0.9671752202 1.348848548e-05 -0.105367021 0
0.2653559391 0.1243829429 -0.08136343806 -0.002793466124 0.06718285989 0.5040404785 -0.000357716687 0.01690665103 0.254246965 -0.9998673833 -0.002847130772 -0.01603463681 0.001425276675 0.9655226835 -0.2603150326 0.0162229565 -0.2603033643 -0.9653905812 1.427153431e-05 -0.1082133726 0
0.2723356339 0.127654605 -0.08350355207 -0.002941679171 0.06892364488 0.5037242839 -0.0003767609958 0.01734965874 0.2542068752 -0.9998529206 -0.0030761095 -0.01687230832 0.001540001383 0.9637062268 -0.266960553 0.01708114848 -0.266947272 -0.9635597482 1.507912013e-05 -0.1110597243 0
0.2801877905 0.1313352249 -0.08591118033 -0.0031129335 0.07087958394 0.5033589335 -0.0003987740278 0.01784788325 0.2541605362 -0.9998352752 -0.003347858349 -0.01783856099 0.001676170872 0.9616089915 -0.2744181808 0.01807243384 -0.2744028778 -0.9614449791 1.601732811e-05 -0.1142618698 0
0.2871674853 0.1346068871 -0.08805129434 -0.003269166598 0.07261596725 0.5030256291 -0.0004188637989 0.0182906043 0.2541182459 -0.9998183037 -0.003602299017 -0.01871852318 0.001803682615 0.9596972157 -0.2810302489 0.01897646957 -0.2810129491 -0.9595163449 1.687798043e-05 -0.1171082215 0
0.29414718 0.1378785492 -0.09019140834 -0.003429165228 0.07435019919 0.5026842914 -0.000439445266 0.01873318522 0.2540749206 -0.9998000585 -0.003869158071 -0.01961817337 0.001937433141 0.9577408507 -0.2876259886 0.01990199647 -0.2876064891 -0.9575418623 1.77640529e-05 -0.1199545731 0
0.3011268748 0.1411502113 -0.09233152235 -0.003592923699 0.0760822287 0.5023349326 -0.0004605182399 0.01917562263 0.2540305607 -0.9997804782 -0.004148712376 -0.0205373706 0.00207756307 0.9557400724 -0.2942050267 0.0208489601 -0.29418311 -0.9555216474 1.867583971e-05 -0.1228009247 0
0.3081065696 0.1444218734 -0.09447163636 -0.003760436184 0.07781200478 0.501977565 -0.0004820825266 0.01961791319 0.2539851667 -0.9997595001 -0.004441237023 -0.02147597077 0.002224212244 0.9536950609 -0.3007669923 0.02181730475 -0.300742425 -0.9534558191 1.961364046e-05 -0.1256472764 0
0.3159587262 0.1481024933 -0.09687926462 -0.003953367523 0.07975524596 0.5015659694 -0.0005069293745 0.02011531036 0.2539328629 -0.9997341491 -0.004786171057 -0.02255490512 0.002397158189 0.9513417798 -0.3081283364 0.02293217851 -0.3081004879 -0.9510773915 2.070014104e-05 -0.1288494219 0
0.3229384209 0.1513741554 -0.09901937863 -0.004128837336 0.08148006465 0.5011916258 -0.0005295370368 0.0205572777 0.2538852728 -0.9997099861 -0.005107162754 -0.02353424392 0.002558121398 0.9492033885 -0.3146527981 0.02394576712 -0.3146217478 -0.9489150415 2.169424058e-05 -0.1316957736 0
0.3299181157 0.1546458176 -0.1011594926 -0.004308042099 0.08320247116 0.5008093141 -0.0005526353771 0.0209990877 0.2538366499 -0.9996842205 -0.005441972609 -0.0245325154 0.002726035623 0.9470213518 -0.3211590384 0.02498055458 -0.3211244994 -0.9467074668 2.271532442e-05 -0.1345421252 0
0.3368978105 0.1579174797 -0.1032996066 -0.00449097544 0.08492241489 0.500419048 -0.0005762241828 0.02144073699 0.2537869946 -0.9996567839 -0.005790867997 -0.02554956275 0.002901037298 0.9447958659 -0.3276466936 0.02603648002 -0.3276083602 -0.9444547972 2.376371366e-05 -0.1373884768 0
0.3438775052 0.1611891418 -0.1054397207 -0.004677630854 0.08663984534 0.5000208413 -0.000600303237 0.02188222221 0.2537363075 -0.999627607 -0.006154114324 -0.02658522616 0.003083261988 0.9425271305 -0.3341154017 0.02711348131 -0.3340729487 -0.9421571653 2.483973436e-05 -0.1402348285 0
0.3517296618 0.1648697617 -0.1078473489 -0.004892058967 0.08856888767 0.4995633849 -0.000627977897 0.02237869281 0.2536780517 -0.9995926142 -0.006580248185 -0.0277723966 0.003297066182 0.9399233606 -0.3413696026 0.02835022105 -0.3413221009 -0.9395187536 2.608369809e-05 -0.1434369741 0
0.3587093566 0.1681414238 -0.1099874629 -0.005086601588 0.09028081014 0.4991483518 -0.000653097988 0.02281981826 0.2536251735 -0.9995595018 -0.006974862285 -0.02884707468 0.003495085835 0.9375634014 -0.3477968555 0.02947179663 -0.3477444746 -0.9371260287 2.721954038e-05 -0.1462833257 0
0.3656890514 0.1714130859 -0.1121275769 -0.005284845106 0.09199006213 0.4987254232 -0.0006787076203 0.02326076916 0.2535712649 -0.9995244231 -0.00738464362 -0.02993985001 0.00370074636 0.935160842 -0.3542040429 0.03061424597 -0.3541463914 -0.9346887725 2.838406406e-05 -0.1491296773 0
0.3726687461 0.1746847481 -0.1142676909 -0.005486782476 0.09369659356 0.4982946143 -0.0007048065582 0.02370154217 0.2535163265 -0.9994873034 -0.007809849083 -0.03105055047 0.003914179565 0.9327158979 -0.3605908111 0.03177750187 -0.3605274748 -0.9322071284 2.957761474e-05 -0.1519760289 0
0.3796484409 0.1779564102 -0.1164078049 -0.005692406522 0.09540035445 0.4978559403 -0.0007313945616 0.02414213392 0.2534603587 -0.9994480663 -0.008250733405 -0.032179001 0.004135516302 0.9302287881 -0.3669568085 0.0329614959 -0.3668873494 -0.9296812425 3.080054251e-05 -0.1548223806 0
0.3875005975 0.1816370301 -0.1188154332 -0.0059281312 0.09731371171 0.4973530503 -0.0007618903468 0.02463757881 0.2533961653 -0.9994012975 -0.008765783758 -0.03346950307 0.004394129002 0.9273806662 -0.3740932927 0.03431819096 -0.3740163914 -0.926786923 3.221189269e-05 -0.1580245262 0
0.3944802923 0.1849086922 -0.1209555472 -0.00614156501 0.09901141976 0.4968977151 -0.0007895167967 0.02507777427 0.2533380119 -0.9993573028 -0.009240821383 -0.03463507809 0.004632690769 0.924804699 -0.380413994 0.03554602074 -0.3803299566 -0.9241675197 3.349842936e-05 -0.1608708778 0
0.401459987 0.1881803543 -0.1230956612 -0.006358662231 0.1007062018 0.4964345645 -0.0008176315328 0.02551777801 0.2532788309 -0.9993109448 -0.009732319595 -0.03581783756 0.004879558661 0.9221872748 -0.3867128394 0.03679436695 -0.3866211481 -0.9215043475 3.481546536e-05 -0.1637172294 0
0.4084396818 0.1914520164 -0.1252357752 -0.006579415152 0.1023980083 0.4959636149 -0.0008462342964 0.02595758669 0.2532186228 -0.9992621425 -0.01024052384 -0.0370175946 0.00513485943 0.9195286277 -0.3929894859 0.03806315616 -0.3928895958 -0.9187975629 3.616336849e-05 -0.1665635811 0
0.4162918384 0.1951326363 -0.1276434035 -0.006832122127 0.1042976725 0.4954244952 -0.0008789954231 0.02645213412 0.2531496616 -0.9992042152 -0.01083252515 -0.0383874024 0.005432309209 0.9164886718 -0.4000237549 0.03951488683 -0.3999139543 -0.9157004984 3.771711858e-05 -0.1697657266 0
0.4232715332 0.1984042985 -0.1297835175 -0.007060617222 0.1059829922 0.4949370286 -0.0009086343659 0.02689151718 0.2530872727 -0.9991499432 -0.01137703394 -0.03962264601 0.005705945951 0.9137432201 -0.4062521013 0.0408268681 -0.4061328487 -0.9129015698 3.913185414e-05 -0.1726120783 0
0.4302512279 0.2016759606 -0.1319236315 -0.00729274309 0.1076651824 0.4944418162 -0.000938760499 0.02733069472 0.2530238585 -0.9990929652 -0.01193900053 -0.04087428521 0.005988404927 0.9109573005 -0.4124571926 0.04215905516 -0.4123278514 -0.9100595349 4.057863218e-05 -0.1754584299 0
0.4372309227 0.2049476227 -0.1340637455 -0.007528491493 0.1093441941 0.4939388755 -0.0009693735453 0.02776966342 0.2529594196 -0.999033195 -0.01251866048 -0.04214212171 0.006279808523 0.9081311616 -0.4186386955 0.04351136963 -0.418498598 -0.907174561 4.205783681e-05 -0.1783047815 0
0.4442106174 0.2082192848 -0.1362038595 -0.007767854063 0.1110199784 0.4934282245 -0.001000473223 0.02820841992 0.2528939566 -0.9989705454 -0.01311624687 -0.04342595447 0.006580278023 0.9052650557 -0.4247962792 0.04488373196 -0.4246447255 -0.9042468179 4.356985593e-05 -0.1811511332 0
0.4520627741 0.2118999047 -0.1386114878 -0.008041446429 0.1129013172 0.4928445483 -0.001036041681 0.0287017632 0.2528190872 -0.9988965126 -0.01381024622 -0.04488913315 0.006929292386 0.9019932322 -0.431694561 0.04645150248 -0.4315292414 -0.9009021988 4.531058866e-05 -0.1843532787 0
0.4590424688 0.2151715668 -0.1407516018 -0.008288460739 0.1145700816 0.4923175732 -0.001068174495 0.02914005773 0.25275145 -0.9988274491 -0.01444668864 -0.04620627835 0.007249424542 0.8990430499 -0.4378002288 0.047866197 -0.4376218547 -0.8978841459 4.689364311e-05 -0.1871996304 0
0.4660221636 0.218443229 -0.1428917158 -0.008539062249 0.1162354666 0.4917829452 -0.001100793031 0.02957812965 0.2526827905 -0.998755226 -0.01510176947 -0.04753877447 0.007578994381 0.8960537109 -0.4438809593 0.0493006832 -0.443688724 -0.8948238703 4.851074753e-05 -0.190045982 0
0.4730018583 0.2217148911 -0.1450318298 -0.008793242069 0.1178974238 0.4912406834 -0.00113389699 0.03001597563 0.2526131095 -0.9986797514 -0.0157757112 -0.04888640961 0.007918118504 0.8930254816 -0.4499364318 0.05075487669 -0.4497294923 -0.891721552 5.01623045e-05 -0.1928923336 0
0.4799815531 0.2249865532 -0.1471719438 -0.009050991185 0.1195559052 0.4906908069 -0.001167486066 0.03045359235 0.2525424076 -0.9986009323 -0.01646873364 -0.05024896927 0.008266912337 0.8899586314 -0.4559663282 0.05222869193 -0.4557438043 -0.8885773734 5.184871996e-05 -0.1957386853 0
0.4878337097 0.2286671731 -0.1495795721 -0.009345213979 0.1214174821 0.4900631182 -0.001205853259 0.03094563298 0.2524616485 -0.9985081456 -0.01727146156 -0.05179941801 0.008671005922 0.886462601 -0.4627189976 0.0539100802 -0.4624778413 -0.8849903669 5.378811388e-05 -0.1989408309 0
0.4948134045 0.2319388352 -0.1517196861 -0.009610517344 0.1230684176 0.4894971256 -0.001240472179 0.03138275148 0.2523887794 -0.9984219054 -0.01800574809 -0.0531929685 0.009040725706 0.8833145917 -0.4686935005 0.05542530235 -0.4684347609 -0.8817578526 5.55499666e-05 -0.2017871825 0
0.5017930992 0.2352104973 -0.1538598001 -0.009879361028 0.1247157275 0.4889235802 -0.001275575236 0.03181963032 0.2523148915 -0.9983320228 -0.01875978482 -0.05460075692 0.009420468193 0.880128825 -0.4746414501 0.0569598715 -0.4743641237 -0.8784840643 5.734796748e-05 -0.2046335341 0
0.508772794 0.2384821595 -0.1559999141 -0.0101517355 0.126359364 0.4883425022 -0.001311162107 0.03225626621 0.2522399856 -0.9982384006 -0.0195337803 -0.05602255844 0.00981034382 0.8769055839 -0.4805625393 0.05851369738 -0.4802655811 -0.8751691944 5.918253571e-05 -0.2074798857 0
0.5157524888 0.2417538216 -0.1581400281 -0.01042763111 0.1279992796 0.4877539124 -0.001347232465 0.03269265581 0.2521640622 -0.9981409401 -0.02032794023 -0.05745814581 0.01021046178 0.8736451543 -0.4864564634 0.06008668858 -0.4861387859 -0.871813438 6.105409352e-05 -0.2103262374 0
0.5236046454 0.2454344415 -0.1605476564 -0.01074221036 0.1298396782 0.4870827957 -0.001388389121 0.0331832956 0.2520774331 -0.9980265853 -0.02124572549 -0.05908937394 0.01067297161 0.8699330796 -0.4930542817 0.06187909697 -0.4927119403 -0.8679895859 6.320433972e-05 -0.213528383 0
0.5305843401 0.2487061036 -0.1626877704 -0.01102555578 0.13147153 0.4864783125 -0.001425485781 0.03361915086 0.2519993501 -0.9979206371 -0.02208340495 -0.06055349071 0.01109521132 0.8665945889 -0.4988894816 0.06349250583 -0.4985239631 -0.8645476042 6.515591588e-05 -0.2163747346 0
0.5375640349 0.2519777657 -0.1648278844 -0.01131239139 0.1330995136 0.4858663835 -0.001463064875 0.03405474948 0.251920252 -0.9978105365 -0.02294187328 -0.06203066776 0.01152802642 0.8632198237 -0.5046965826 0.06512478713 -0.5043066591 -0.8610653609 6.714582003e-05 -0.2192210862 0
0.5445437297 0.2552494278 -0.1669679984 -0.01160270701 0.1347235819 0.4852470303 -0.001501126057 0.03449008818 0.2518401394 -0.9976961808 -0.02382132428 -0.06352066809 0.01197152082 0.8598090829 -0.5104752919 0.06677584484 -0.5100596881 -0.8575430608 6.917448634e-05 -0.2220674379 0
0.5515234244 0.25852109 -0.1691081124 -0.01189649239 0.1363436883 0.4846202748 -0.001539668979 0.03492516363 0.2517590132 -0.9975774666 -0.02472194877 -0.06502325242 0.01242579713 0.8563626681 -0.5162253192 0.06844558183 -0.5157827119 -0.8539809111 7.12423517e-05 -0.2249137895 0
0.559375581 0.2622017099 -0.1715157407 -0.01223113542 0.1381615143 0.4839063544 -0.001583605152 0.03541430476 0.2516665355 -0.9974385731 -0.02576069403 -0.06672840078 0.01294987177 0.8524431895 -0.5226594584 0.07034624118 -0.5221848286 -0.849926121 7.361610278e-05 -0.2281159351 0
0.5663552758 0.265473372 -0.1736558547 -0.01253225932 0.1397730472 0.4832639431 -0.001623170585 0.03584880989 0.2515832578 -0.9973102489 -0.02670693211 -0.06825692136 0.01342739423 0.848921983 -0.5283475863 0.07205534415 -0.5278429753 -0.8462799896 7.576872894e-05 -0.2309622867 0
0.5733349706 0.2687450341 -0.1757959687 -0.01283682008 0.1413804732 0.4826141996 -0.001663216633 0.03628304147 0.2514989688 -0.9971772364 -0.02767492059 -0.0697972638 0.01391601063 0.8453660643 -0.5340061442 0.07378281583 -0.5334700705 -0.8425946712 7.796193654e-05 -0.2338086383 0
0.5803146653 0.2720166962 -0.1779360827 -0.01314480691 0.1429837463 0.481957147 -0.001703742929 0.03671699621 0.2514136693 -0.9970394283 -0.02866483776 -0.0713491797 0.01441581802 0.8417757471 -0.5396348541 0.07552855459 -0.5390657832 -0.8388703826 8.019617321e-05 -0.23665499 0
0.5881668219 0.2756973161 -0.1803437109 -0.01349537375 0.1447824072 0.4812092551 -0.001749908592 0.0372048603 0.2513165005 -0.9968785272 -0.02980492422 -0.07310860699 0.01499159714 0.8376959177 -0.5459311326 0.07751421766 -0.5453230382 -0.8346342492 8.275929259e-05 -0.2398571356 0
0.5951465167 0.2789689782 -0.1824838249 -0.01381060467 0.1463767029 0.4805367482 -0.001791454168 0.03763821586 0.2512290564 -0.9967301681 -0.03084201762 -0.07468428211 0.01551550133 0.8340335582 -0.5514955059 0.07929843166 -0.5508509724 -0.8308278793 8.508221363e-05 -0.2427034872 0
0.6021262115 0.2822406404 -0.184623939 -0.01412922722 0.1479667028 0.4798570055 -0.001833478811 0.03807128431 0.2511406044 -0.9965766722 -0.03190157673 -0.07627074092 0.01605089087 0.8303377985 -0.5570291817 0.08110058828 -0.5563465016 -0.8269832313 8.744757841e-05 -0.2455498388 0
0.6091059062 0.2855123025 -0.186764053 -0.01445123015 0.1495523614 0.4791700513 -0.001875982135 0.03850406237 0.2510511452 -0.9964179285 -0.03298376683 -0.07786772645 0.01659785707 0.8266089637 -0.5625318945 0.08292058151 -0.5618093024 -0.8231005314 8.98558445e-05 -0.2483961904 0
0.616085601 0.2887839646 -0.188904167 -0.01477660207 0.1511336335 0.4784759097 -0.001918963747 0.03893654677 0.2509606798 -0.9962538254 -0.03408875001 -0.07947497976 0.0171564898 0.8228473814 -0.5680033818 0.08475830427 -0.5672390537 -0.8191800082 9.230747176e-05 -0.2512425421 0
0.6239377576 0.2924645845 -0.1913117952 -0.01514665817 0.1529072653 0.4776864399 -0.001967889273 0.03942273663 0.2508577043 -0.996062663 -0.03535929858 -0.08129508798 0.01779900682 0.8185768694 -0.5741211582 0.08684680007 -0.5733076215 -0.814724496 9.511795804e-05 -0.2544446877 0
0.6309174524 0.2957362466 -0.1934519092 -0.01547915088 0.1544790669 0.476977107 -0.00201188593 0.03985458613 0.2507651033 -0.9958867963 -0.03651324038 -0.08292329158 0.01838272275 0.8147467989 -0.5795254345 0.08872183786 -0.5786660842 -0.8107243665 9.76632649e-05 -0.2572910393 0
0.6378971471 0.2990079087 -0.1955920232 -0.01581497628 0.1560463418 0.4762606642 -0.002056359626 0.04028613174 0.2506714987 -0.9957052156 -0.03769046076 -0.08456094121 0.01897837675 0.8108850218 -0.5848976856 0.09061426392 -0.5839905055 -0.8066871417 0.0001002533843 -0.2601373909 0
0.6448768419 0.3022795709 -0.1977321373 -0.0161541225 0.1576090456 0.4755371368 -0.00210130995 0.0407173702 0.2505768913 -0.995517806 -0.03889110827 -0.08620777003 0.0195860527 0.8069918765 -0.5902376622 0.09252396693 -0.5892805724 -0.802613059 0.0001028887852 -0.2629837426 0
0.6518565366 0.305551233 -0.1998722513 -0.01649657757 0.1591671339 0.4748065504 -0.002146736489 0.04114829824 0.2504812821 -0.9953244517 -0.04011532812 -0.08786350938 0.02020583299 0.8030677036 -0.5955451181 0.09445083454 -0.5945359736 -0.7985023582 0.0001055699384 -0.2658300942 0
0.6597086933 0.3092318529 -0.2022798795 -0.01688577958 0.1609144115 0.4739762351 -0.002198410051 0.04163271719 0.2503725253 -0.9950996773 -0.04152092826 -0.08973653019 0.02091765498 0.798616349 -0.6014768315 0.09663893648 -0.6004064787 -0.7938343507 0.0001086415133 -0.2690322398 0
0.666688388 0.312503515 -0.2044199935 -0.01723522568 0.1624625458 0.4732307341 -0.002244847154 0.04206297478 0.2502747901 -0.9948933027 -0.04279570611 -0.0914103042 0.02156342377 0.7946273852 -0.6067143788 0.09860190125 -0.6055871913 -0.7896466417 0.0001114214635 -0.2718785914 0
0.6736680828 0.3157751771 -0.2065601075 -0.01758794248 0.1640059273 0.4724782556 -0.00229175915 0.04249291179 0.2501760558 -0.9946806171 -0.04409448831 -0.09309213775 0.02222154474 0.7906084742 -0.6119186575 0.1005816731 -0.610732279 -0.7854230774 0.000114248651 -0.274724943 0
0.6806477775 0.3190468392 -0.2087002215 -0.01794391754 0.1655445126 0.4717188259 -0.002339145609 0.04292252496 0.2500763235 -0.9944615016 -0.04541740606 -0.094781755 0.02289209407 0.7865599667 -0.617089435 0.1025781355 -0.615841439 -0.7811639061 0.0001171235549 -0.2775712947 0
0.6876274723 0.3223185014 -0.2108403356 -0.01830313831 0.1670782583 0.4709524719 -0.002387006093 0.04335181104 0.2499755939 -0.9942358369 -0.0467645871 -0.09647887845 0.0235751464 0.7824822154 -0.6222264821 0.1045911711 -0.6209143708 -0.7768693784 0.0001200466564 -0.2804176463 0
0.6954796289 0.3259991213 -0.2132479638 -0.01871112554 0.1687978836 0.4700820806 -0.002441415199 0.04383436288 0.2498610824 -0.9939739864 -0.04830932257 -0.09839676701 0.02435861624 0.777860232 -0.6279650606 0.1068754987 -0.6265777436 -0.7719960874 0.0001233933582 -0.2836197919 0
0.7024593237 0.3292707834 -0.2153880778 -0.01907720125 0.1703212019 0.4693011024 -0.00249028152 0.04426294315 0.249758237 -0.9937340054 -0.04970847135 -0.1001089124 0.02506847826 0.7737215193 -0.6330296848 0.1089233578 -0.6315727024 -0.7676272688 0.0001264204856 -0.2864661435 0
0.7094390184 0.3325424455 -0.2175281918 -0.01944648273 0.1718395464 0.4685132851 -0.002539620476 0.04469118621 0.2496543973 -0.9934870982 -0.05113226013 -0.1018276867 0.02579106658 0.7695546797 -0.6380598842 0.1109874168 -0.6365305075 -0.7632238901 0.0001294973261 -0.2893124951 0
0.7164187132 0.3358141076 -0.2196683058 -0.01981895696 0.1733528745 0.4677186565 -0.002589431613 0.04511908883 0.2495495645 -0.9932331427 -0.05258080218 -0.1035528057 0.02652644943 0.7653600748 -0.6430554435 0.1130675542 -0.6414508673 -0.7587862103 0.0001326243685 -0.2921588468 0
0.7242708698 0.3394947275 -0.2220759341 -0.02024179048 0.1750493195 0.4668165924 -0.002646032974 0.04560006834 0.2494304415 -0.9929388653 -0.05424013636 -0.1055007934 0.02736913152 0.7606084092 -0.6486337784 0.1154267752 -0.646941153 -0.7537531453 0.0001362029087 -0.2953609924 0
0.7312505646 0.3427663896 -0.2242160481 -0.02062100563 0.1765518472 0.4660075828 -0.002696845966 0.04602723681 0.2493235012 -0.9926695248 -0.05574163899 -0.1072384458 0.02813192206 0.7563560136 -0.6535550287 0.1175406719 -0.6517809834 -0.7492434452 0.0001394382605 -0.298207344 0
0.7382302593 0.3460380518 -0.2263561621 -0.02100337218 0.1780492266 0.4651918501 -0.002748129691 0.04645405478 0.2492155708 -0.9923927513 -0.05726822588 -0.1089815466 0.02890771013 0.7520769965 -0.6584409887 0.1196702615 -0.6565824713 -0.7447002664 0.0001427253527 -0.3010536956 0
0.7452099541 0.3493097139 -0.2284962761 -0.02138887667 0.1795414161 0.464369423 -0.002799883678 0.04688051901 0.2491066513 -0.9921084206 -0.05881999553 -0.1107298059 0.02969655738 0.7477717277 -0.6632914576 0.1218154188 -0.6613453344 -0.7401238764 0.0001460646809 -0.3039000472 0
0.7521896489 0.352581376 -0.2306363901 -0.02177750555 0.1810283742 0.4635403303 -0.002852107449 0.04730662629 0.2489967436 -0.991816408 -0.06039704281 -0.1124829325 0.03049852387 0.7434405793 -0.6681062379 0.1239760176 -0.6660692924 -0.7355145442 0.0001494567427 -0.3067463989 0
0.7600418055 0.3562619959 -0.2330440184 -0.02221843063 0.1826948973 0.4625996701 -0.002911420132 0.04778556632 0.2488719177 -0.9914785555 -0.0622015491 -0.1144606541 0.03141649045 0.7385375684 -0.6734799657 0.1264249903 -0.6713368956 -0.7302900071 0.000153336467 -0.3099485445 0
0.7670215002 0.359533658 -0.2351841324 -0.02261365331 0.1841706015 0.4617565104 -0.002964640593 0.04821090443 0.2487599136 -0.9911698023 -0.06383260965 -0.1162231518 0.03224652729 0.7341526688 -0.6782182689 0.1286179791 -0.6759772605 -0.7256115756 0.0001568422471 -0.3127948961 0
0.774001195 0.3628053201 -0.2373242464 -0.0230119573 0.1856409458 0.4609067771 -0.003018329322 0.04863587558 0.2486469247 -0.9908529742 -0.06548922069 -0.1179895992 0.03308986055 0.7297430636 -0.6829202898 0.1308260092 -0.6805778597 -0.7209010558 0.0001604023259 -0.3156412477 0
0.7809808898 0.3660769823 -0.2394643604 -0.02341332861 0.1871058894 0.4600505 -0.003072485824 0.04906047656 0.248532952 -0.9905279445 -0.06717146195 -0.1197597002 0.03394654352 0.7253091319 -0.6875858458 0.1330489507 -0.6851384224 -0.7161587246 0.0001640172076 -0.3184875994 0
0.7879605845 0.3693486444 -0.2416044744 -0.02381775314 0.1885653919 0.4591877093 -0.003127109601 0.04948470418 0.2484179965 -0.9901945862 -0.06887940944 -0.1215331575 0.03481662789 0.7208512548 -0.6922147578 0.1352866728 -0.6896586804 -0.7113848612 0.000167687398 -0.321333951 0
0.7958127411 0.3730292643 -0.2440121027 -0.02427636259 0.1902007784 0.4582093216 -0.003189119263 0.04996150999 0.2482874982 -0.989809444 -0.07083166719 -0.1235319373 0.03581155386 0.7158079972 -0.6973782645 0.1378216138 -0.6946954629 -0.7059769236 0.0001718831049 -0.3245360966 0
0.8027924359 0.3763009264 -0.2461522167 -0.02468722791 0.1916485852 0.4573327902 -0.003244734324 0.05038493362 0.2481704579 -0.9894579634 -0.07259447574 -0.1253115348 0.03671028015 0.7113005083 -0.7019287302 0.1400903066 -0.6991291933 -0.7011369888 0.0001756725121 -0.3273824482 0
0.8097721307 0.3795725885 -0.2482923307 -0.02510110172 0.1930908258 0.4564498406 -0.003300815073 0.05080797394 0.2480524383 -0.9890977544 -0.07438320397 -0.1270935529 0.03762255857 0.7067702749 -0.7064420158 0.1423733659 -0.7035217961 -0.6962664053 0.0001795188181 -0.3302287998 0
0.8167518254 0.3828442506 -0.2504324447 -0.02551796948 0.1945274607 0.4555605037 -0.003357360995 0.05123062775 0.2479334403 -0.9887286883 -0.07619791242 -0.12887769 0.03854843392 0.7022176843 -0.7109179574 0.1446706573 -0.7078730126 -0.6913654597 0.0001834225348 -0.3330751515 0
0.8237315202 0.3861159128 -0.2525725587 -0.02593781658 0.1959584504 0.4546648108 -0.003414371568 0.05165289189 0.2478134652 -0.9883506362 -0.07803865787 -0.1306636436 0.03948794929 0.6976431255 -0.7153563946 0.1469820456 -0.712182587 -0.6864344404 0.0001873841756 -0.3359215031 0
0.8315836768 0.3897965327 -0.254980187 -0.02641368747 0.1975615174 0.4536495979 -0.003479063213 0.05212746931 0.2476773266 -0.9879144254 -0.08014068466 -0.132674635 0.04056125968 0.6924709741 -0.7203046122 0.1495990385 -0.7169807673 -0.6808514573 0.0001919109 -0.3391236487 0
0.8385633716 0.3930681948 -0.257120301 -0.02683981664 0.1989803816 0.452740503 -0.003537059423 0.05254889486 0.2475552787 -0.9875168481 -0.08203692989 -0.1344634405 0.0415298955 0.6878510305 -0.7246628372 0.1519399305 -0.7212010135 -0.6758574965 0.0001959973408 -0.3419700003 0
0.8455430663 0.3963398569 -0.259260415 -0.0272688788 0.2003934791 0.4518251508 -0.003595518629 0.05296992084 0.2474322572 -0.9871098797 -0.08395936503 -0.1362531117 0.04251229515 0.6832103431 -0.7289830807 0.1542944918 -0.7253788335 -0.6708343742 0.0002001433195 -0.3448163519 0
0.8525227611 0.399611519 -0.261400529 -0.02770085891 0.2018007714 0.4509035736 -0.003654440294 0.05339054409 0.2473082633 -0.9866933899 -0.08590803113 -0.1380433428 0.04350849471 0.6785493061 -0.7332651976 0.1566625839 -0.7295139816 -0.665782386 0.0002043493553 -0.3476627036 0
0.8603749177 0.4032921389 -0.2638081573 -0.02819030556 0.2033769888 0.4498593985 -0.003721279274 0.05386325993 0.247167609 -0.9862132955 -0.08813168088 -0.1400576402 0.04464575719 0.6732818083 -0.7380368303 0.1593426876 -0.7341147141 -0.6600647654 0.000209153581 -0.3508648492 0
0.8673546124 0.406563801 -0.2659482713 -0.02862843596 0.2047718187 0.4489247003 -0.003781181856 0.0542830169 0.2470415524 -0.9857761395 -0.09013620657 -0.1418480419 0.04567139364 0.6685788441 -0.742237464 0.1617390693 -0.7381583797 -0.6549524257 0.000213488969 -0.3537112008 0
0.8743343072 0.4098354632 -0.2680883853 -0.0290694367 0.2061607247 0.4479838787 -0.003841545187 0.0547023613 0.2469145269 -0.9853290539 -0.09216706673 -0.143638043 0.04671093179 0.6638567709 -0.7463995422 0.1641485438 -0.7421586216 -0.6498121544 0.0002178860459 -0.3565575524 0
0.881314002 0.4131071253 -0.2702284993 -0.02951329236 0.2075436695 0.4470369664 -0.003902368711 0.05512128999 0.2467865337 -0.9848719075 -0.09422428655 -0.1454273347 0.04776440066 0.659115988 -0.7505229353 0.1665709695 -0.7461152044 -0.6446442537 0.0002223453368 -0.359403904 0
0.8882936967 0.4163787874 -0.2723686133 -0.02995998739 0.2089206157 0.4460839967 -0.003963651867 0.05553979982 0.2466575741 -0.9844045691 -0.0963078873 -0.1472156077 0.04883182753 0.6543568957 -0.7546075177 0.1690062038 -0.7500278954 -0.6394490278 0.000226867368 -0.3622502557 0
0.8961458533 0.4200594073 -0.2747762416 -0.0304658938 0.210462464 0.4450047067 -0.00403314412 0.05601011881 0.2465113408 -0.9838664672 -0.09868349313 -0.1492258115 0.05004939869 0.6489815312 -0.7591561301 0.1717609744 -0.7543769219 -0.6335721169 0.0002320303046 -0.3654524013 0
0.9031255481 0.4233310694 -0.2769163556 -0.03091857053 0.2118265407 0.4440389757 -0.004095402116 0.05642772818 0.2463803315 -0.9833770345 -0.1008232063 -0.1510108906 0.05114656903 0.6441848653 -0.7631578393 0.1742229505 -0.7581955818 -0.6283198415 0.0002366874128 -0.3682987529 0
0.9101052429 0.4266027315 -0.2790564696 -0.03137403751 0.2131845039 0.4430672921 -0.004158117966 0.05684490892 0.2462483595 -0.9828769988 -0.102989342 -0.1527939812 0.05225777147 0.6393711475 -0.7671203694 0.1766972851 -0.7619696393 -0.623041201 0.0002414089149 -0.3711451045 0
0.9170849376 0.4298743937 -0.2811965836 -0.03183227882 0.2145363174 0.4420896898 -0.004221291094 0.05726165791 0.2461154261 -0.9823662284 -0.1051819052 -0.1545747722 0.05338302613 0.6345407818 -0.7710436101 0.1791838327 -0.7656988723 -0.6177365062 0.0002461953425 -0.3739914562 0
0.9240646324 0.4331460558 -0.2833366976 -0.03229327846 0.2158819451 0.4411062029 -0.004284920916 0.05767797204 0.2459815325 -0.9818445914 -0.1074008975 -0.1563529519 0.0545223514 0.6296941734 -0.7749274554 0.181682447 -0.7693830614 -0.6124060689 0.0002510472289 -0.3768378078 0
0.931916789 0.4368266757 -0.2857443258 -0.03281518009 0.2173883377 0.439992789 -0.00435704963 0.05814580176 0.245829756 -0.9812445967 -0.1099288512 -0.1583498943 0.05582093173 0.6242228291 -0.7792495642 0.1845076284 -0.773473663 -0.6063789473 0.0002565845102 -0.3800399534 0
0.9388964838 0.4400983378 -0.2878844399 -0.03328198763 0.2187207019 0.4389969117 -0.004421647978 0.05856118148 0.2456938262 -0.9806994305 -0.1122039915 -0.1601214889 0.05699021005 0.6193430532 -0.7830493589 0.1870313955 -0.7770614176 -0.6009948505 0.0002615772723 -0.382886305 0
0.9458761785 0.4433699999 -0.2900245539 -0.0337515029 0.2200467693 0.4379952577 -0.004486701175 0.05897611663 0.2455569401 -0.9801429856 -0.1145055397 -0.1618894964 0.05817360512 0.6144483051 -0.7868094509 0.1895667675 -0.78060346 -0.5955859962 0.0002666371674 -0.3857326566 0
0.9528558733 0.446641662 -0.2921646679 -0.03422370952 0.2213665048 0.4369878621 -0.004552208622 0.05939060411 0.245419099 -0.9795751301 -0.1168334809 -0.1636536042 0.05937112807 0.6095389927 -0.7905297499 0.1921135955 -0.7840995818 -0.5901527026 0.0002717647339 -0.3885790083 0
0.9598355681 0.4499133242 -0.2943047819 -0.03469859104 0.2226798736 0.4359747599 -0.004618169716 0.05980464084 0.2452803042 -0.9789957321 -0.1191877963 -0.1654134992 0.06058278829 0.6046155247 -0.7942101693 0.1946717295 -0.7875495772 -0.5846952892 0.0002769605113 -0.3914253599 0
0.9676877247 0.4535939441 -0.2967124101 -0.03523600946 0.2241497603 0.4348282428 -0.00469291744 0.06026988951 0.2451230217 -0.9783299483 -0.1218678981 -0.1673879558 0.06196281392 0.5990602121 -0.7983028698 0.1975629571 -0.7913754341 -0.5785272684 0.0002828879679 -0.3946275055 0
0.9746674194 0.4568656062 -0.2988525241 -0.03571652005 0.2254494854 0.4338031317 -0.00475984051 0.06068295813 0.2449822047 -0.9777255847 -0.1242781784 -0.1691378592 0.06320453897 0.5941080223 -0.8018982754 0.200144616 -0.7947267406 -0.5730196684 0.0002882304912 -0.3974738571 0
0.9816471142 0.4601372683 -0.3009926382 -0.03619965352 0.2267427367 0.432772425 -0.004827215314 0.06109556636 0.244840438 -0.9771092668 -0.1267147489 -0.1708825715 0.06446041927 0.5891429568 -0.805453556 0.2027371085 -0.7980312957 -0.5674889567 0.0002936429198 -0.4003202087 0
0.988626809 0.4634089304 -0.3031327522 -0.03668539305 0.2280294803 0.4317361585 -0.004895041231 0.06150771113 0.244697723 -0.9764808629 -0.1291775745 -0.1726217793 0.06573045694 0.5841654262 -0.8089686409 0.2053402821 -0.8012889049 -0.5619354584 0.0002991257986 -0.4031665604 0
0.9956065037 0.4666805926 -0.3052728662 -0.03717372173 0.2293096829 0.4306943685 -0.004963317635 0.06191938937 0.2445540611 -0.9758402415 -0.1316666163 -0.1743551695 0.06701465233 0.5791758414 -0.8124434634 0.2079539837 -0.8044993766 -0.5563595004 0.0003046796734 -0.406012912 0
1.00345866 0.4703612124 -0.3076804944 -0.03772616518 0.2307420507 0.4295157973 -0.005040666281 0.06238196593 0.2443913112 -0.9751047753 -0.1344980712 -0.1762978899 0.06847629322 0.5735486619 -0.8163044345 0.2109067908 -0.8080545782 -0.5500601097 0.0003110133265 -0.4092150576 0
