0.00737227045 0.002649004218 0.002053840825 -1.659974826e-06 0.001879919351 0.5099953802 -2.077578398e-07 0.0004682841998 0.2549994265 -1 -4.693611971e-08 -9.66713422e-06 2.39768093e-08 0.9999730961 -0.007335334819 9.667218428e-06 -0.007335334819 -0.999973096 2.770533814e-08 0.002731608297 0
0.01465486525 0.005265786182 0.00408269891 -6.559318359e-06 0.003736915123 0.5099817452 -8.257764283e-07 0.000932698616 0.2549977206 -0.9999999993 -3.708187696e-07 -3.819802232e-05 1.861863011e-07 0.9998936915 -0.01458100749 3.819936845e-05 -0.01458100748 -0.9998936907 5.010606685e-08 0.00542998955 0
0.0228477844 0.008209665891 0.006365164256 -1.594320761e-05 0.005825898855 0.5099556295 -2.014760656e-06 0.001455972207 0.2549944384 -0.9999999957 -1.406421988e-06 -9.28391047e-05 7.042981715e-07 0.9997416098 -0.02273133458 9.284708584e-05 -0.02273133455 -0.9997416055 2.816483643e-08 0.008465668461 0
0.0301303792 0.01082644785 0.008394022342 -2.772600217e-05 0.007682590408 0.5099228376 -3.509894335e-06 0.00192116132 0.2549903111 -0.999999987 -3.226095661e-06 -0.0001614390861 1.614435206e-06 0.999550659 -0.02997465697 0.0001614632461 -0.02997465684 -0.999550646 2.638331612e-08 0.01116404971 0
0.037412974 0.01344322982 0.01042288043 -4.27474745e-05 0.009539051937 0.5098810323 -5.416940626e-06 0.002386278628 0.2549850466 -0.999999969 -6.176587341e-06 -0.0002488793141 3.0900346e-06 0.9993072372 -0.03721620244 0.0002489367689 -0.03721620205 -0.9993072062 1.064160348e-07 0.01386243097 0
0.0446955688 0.01606001178 0.01245173851 -6.100708489e-05 0.01139522786 0.5098302152 -7.735622915e-06 0.002851316089 0.2549786457 -0.9999999369 -1.053093199e-05 -0.0003551454197 5.267661648e-06 0.9990113637 -0.04445554179 0.0003552624684 -0.04445554085 -0.9990113006 2.092128435e-07 0.01656081222 0
0.0519781636 0.01867679375 0.0144805966 -8.25041773e-05 0.01325106262 0.509770388 -1.046579468e-05 0.003316282559 0.2549711089 -0.9999998846 -1.656197907e-05 -0.0004802199392 8.283811469e-06 0.9986630621 -0.05169224604 0.0004804340409 -0.05169224405 -0.9986629467 3.331692087e-07 0.01925919348 0
0.0592607584 0.02129357571 0.01650945468 -0.0001072379794 0.01510650064 0.509701553 -1.360736716e-05 0.00378118659 0.2549624365 -0.999999805 -2.454235647e-05 -0.0006240823157 1.227489536e-05 0.9982623602 -0.05892588644 0.0006244440655 -0.05892588261 -0.9982621652 4.775164603e-07 0.02195757473 0
0.0665433532 0.02391035767 0.01853831277 -0.0001352076025 0.0169614864 0.5096237126 -1.716027699e-05 0.004246033881 0.2549526285 -0.9999996899 -3.474443446e-05 -0.0007867089018 1.737722717e-05 0.9978092898 -0.06615603451 0.0007872840045 -0.06615602767 -0.9978089798 6.418564172e-07 0.02465595598 0
0.073825948 0.02652713964 0.02056717085 -0.0001664120418 0.01881596438 0.5095368695 -2.112447172e-05 0.004710827589 0.2549416851 -0.9999995303 -4.744028968e-05 -0.0009680729621 2.372700966e-05 0.997303887 -0.07338226208 0.0009689442038 -0.07338225058 -0.9973034174 8.25977412e-07 0.02735433724 0
0.0811085428 0.0291439216 0.02259602894 -0.0002008501762 0.02066987907 0.509441027 -2.54999029e-05 0.005175568993 0.2549296065 -0.9999993157 -6.29016692e-05 -0.001168144677 3.146032091e-05 0.9967461921 -0.08060414134 0.001169413893 -0.08060412294 -0.9967455081 1.029768587e-06 0.03005271849 0
0.0883911376 0.03176070356 0.02462488702 -0.0002385207684 0.02252317499 0.5093361884 -3.028652268e-05 0.005640258058 0.2549163928 -0.999999035 -8.139995452e-05 -0.001386891144 4.071310069e-05 0.9961362494 -0.08782124486 0.001388681188 -0.08782121658 -0.9961352847 1.253177219e-06 0.03275109974 0
0.0956737324 0.03437748553 0.02665374511 -0.0002794224653 0.0243757967 0.5092223576 -3.5484282e-05 0.006104893822 0.2549020441 -0.9999986755 -0.0001032061257 -0.001624276387 5.16211369e-05 0.9954741074 -0.09503314564 0.001626733089 -0.09503310362 -0.9954727836 1.496186252e-06 0.035449481 0
0.1029563272 0.03699426749 0.0286826032 -0.0003235537975 0.02622768876 0.5090995386 -4.109312959e-05 0.006569474676 0.2548865606 -0.999998224 -0.0001285907256 -0.001880261351 6.432005199e-05 0.994759819 -0.1022394171 0.001883555482 -0.1022393565 -0.994758044 1.758801857e-06 0.03814786225 0
0.110238922 0.03961104945 0.03071146128 -0.0003709131796 0.02807879577 0.5089677358 -4.711301135e-05 0.007033998544 0.2548699425 -0.999997666 -0.0001578238238 -0.002154803918 7.894528938e-05 0.9939934408 -0.1094396333 0.002159133143 -0.109439548 -0.9939911083 2.041046263e-06 0.0408462435 0
0.1175215168 0.04222783142 0.03274031937 -0.0004214989105 0.02992906238 0.5088269539 -5.354387009e-05 0.007498463015 0.2548521898 -0.9999969857 -0.0001911749811 -0.002447858903 9.563209998e-05 0.993175034 -0.1166333687 0.002453449732 -0.1166332512 -0.993172022 2.34295344e-06 0.04354462476 0
0.1248041116 0.04484461338 0.03476917745 -0.0004753091731 0.03177843325 0.5086771981 -6.038564521e-05 0.007962865428 0.2548333028 -0.9999961667 -0.0002289132138 -0.002759378064 0.0001145155286 0.9923046636 -0.1238201984 0.002766487801 -0.1238200397 -0.9923008336 2.664566429e-06 0.04624300601 0
0.1320867064 0.04746139535 0.03679803554 -0.0005323420346 0.03362685308 0.5085184737 -6.763827265e-05 0.008427202938 0.2548132816 -0.9999951913 -0.000271306958 -0.003089310104 0.0001357304006 0.9913823988 -0.130999698 0.003098228791 -0.1309994874 -0.9913775947 3.00593563e-06 0.04894138726 0
0.1393693012 0.05007817731 0.03882689362 -0.0005925954466 0.03547426662 0.5083507864 -7.530168477e-05 0.00889147256 0.2547921265 -0.9999940407 -0.0003186240339 -0.003437600682 0.0001594113081 0.9904083131 -0.138171444 0.003448653035 -0.1381711686 -0.9904023601 3.367117678e-06 0.05163976852 0
0.146651896 0.05269495927 0.04085575171 -0.0006560672449 0.03732061864 0.5081741421 -8.337581026e-05 0.009355671199 0.2547698376 -0.9999926952 -0.0003711316106 -0.003804192414 0.0001856925969 0.9893824839 -0.1453350133 0.003817739758 -0.1453346581 -0.9893751877 3.74817468e-06 0.05433814977 0
0.1539344908 0.05531174124 0.04288460979 -0.0007227551501 0.03916585397 0.5079885474 -9.186057415e-05 0.00981979568 0.2547464151 -0.9999911339 -0.0004290961705 -0.004189024885 0.000214708353 0.9883049928 -0.1524899838 0.004205467077 -0.1524895313 -0.9882961383 4.149173699e-06 0.05703653103 0
0.1612170856 0.0579285232 0.04491346788 -0.0007926567672 0.04100991748 0.5077940088 -0.0001007558977 0.01028384276 0.2547218593 -0.9999893351 -0.0004927834737 -0.004592034651 0.0002465923889 0.9871759254 -0.159635934 0.004611812006 -0.1596353639 -0.9871652758 4.570186372e-06 0.05973491228 0
0.1684996804 0.06054530516 0.04694232596 -0.0008657695859 0.04285275408 0.5075905333 -0.0001100616986 0.01074780914 0.2546961703 -0.9999872759 -0.0005624585233 -0.005013155249 0.0002814782304 0.9859953717 -0.1667724433 0.005036750455 -0.1667717324 -0.9859826674 5.011288652e-06 0.06243329353 0
0.1766925996 0.06348918487 0.04922479131 -0.0009518566231 0.04492441019 0.5073509501 -0.0001210212659 0.01126967072 0.2546659162 -0.9999846181 -0.0006483291231 -0.005508477406 0.0003244787678 0.9846058233 -0.1747892087 0.005536999866 -0.1747883075 -0.9845904678 5.531641928e-06 0.06546897244 0
0.1839751944 0.06610596684 0.0512536494 -0.001031784385 0.04676445694 0.5071285083 -0.0001311990403 0.01173345451 0.2546378202 -0.9999819246 -0.000731604363 -0.005967849107 0.0003661854075 0.9833161775 -0.1819042631 0.006001364524 -0.1819031605 -0.9832981358 6.015705415e-06 0.0681673537 0
0.1912577892 0.0687227488 0.05328250748 -0.001114914762 0.04860310497 0.5068971536 -0.0001417870102 0.01219714708 0.2546085919 -0.9999788925 -0.0008216902152 -0.006445104572 0.0004113091269 0.9819753521 -0.1890085677 0.006484240322 -0.1890072291 -0.9819542871 6.520121756e-06 0.07086573495 0
0.198540384 0.07133953076 0.05531136557 -0.00120124477 0.0504402994 0.5066568942 -0.0001527850778 0.01266074502 0.2545782315 -0.9999754946 -0.0009188481878 -0.006940164968 0.0004599821289 0.9805834536 -0.1961017054 0.00698559863 -0.1961000922 -0.9805590014 7.04498307e-06 0.0735641162 0
0.2058229788 0.07395631273 0.05734022365 -0.001290771309 0.05227598544 0.5064077388 -0.0001641931414 0.01312424487 0.2545467394 -0.9999717028 -0.001023338852 -0.00745294849 0.0005123362615 0.9791405927 -0.2031832604 0.007505409726 -0.2031813293 -0.9791123614 7.590385155e-06 0.07626249746 0
0.2131055736 0.07657309469 0.05936908174 -0.001383491166 0.05411010832 0.5061496962 -0.0001760110954 0.0135876432 0.2545141158 -0.9999674878 -0.001135421808 -0.007983370362 0.0005685030049 0.9776468838 -0.2102528177 0.008043642791 -0.2102505205 -0.9776144529 8.156427433e-06 0.07896087871 0
0.2203881684 0.07918987665 0.06139793982 -0.001479401012 0.05594261336 0.5058827758 -0.0001882388307 0.01405093654 0.254480361 -0.9999628194 -0.001255355648 -0.008531342855 0.0006286134583 0.9761024457 -0.2173099635 0.008600265917 -0.2173072467 -0.9760653646 8.743212901e-06 0.08165925996 0
0.2276707632 0.08180665862 0.06342679791 -0.001578497405 0.05777344593 0.5056069871 -0.0002008762343 0.01451412141 0.2544454754 -0.9999576665 -0.001383397928 -0.009096775293 0.0006927983267 0.9745074011 -0.2243542851 0.009175246103 -0.2243510896 -0.9744651884 9.350848086e-06 0.08435764122 0
0.234953358 0.08442344058 0.06545565599 -0.001680776788 0.05960255149 0.50532234 -0.0002139231893 0.01497719433 0.2544094592 -0.9999519969 -0.001519805125 -0.009679574064 0.0007611879083 0.9728618765 -0.2313853709 0.009768549261 -0.2313816316 -0.9728140192 9.979443007e-06 0.08705602247 0
0.2422359528 0.08704022254 0.06748451408 -0.00178623549 0.06142987554 0.5050288448 -0.0002273795752 0.01544015182 0.2543723129 -0.9999457772 -0.001664832609 -0.01027964263 0.0008339120807 0.9711660026 -0.2384028104 0.01038014022 -0.2383984558 -0.9711119549 1.062911114e-05 0.08975440372 0
0.2495185476 0.08965700451 0.06951337216 -0.001894869727 0.06325536365 0.5047265119 -0.0002412452677 0.01590299038 0.2543340368 -0.9999389732 -0.001818734605 -0.01089688155 0.0009111002888 0.969419914 -0.2454061945 0.01100998271 -0.2454011463 -0.9693590964 1.129996939e-05 0.09245278498 0
0.2568011424 0.09227378647 0.07154223025 -0.002006675601 0.0650789615 0.5044153523 -0.0002555201386 0.01636570651 0.2542946311 -0.9999315498 -0.001981764164 -0.01153118846 0.0009928815311 0.9676237492 -0.2523951152 0.0116580394 -0.2523892878 -0.9675555475 1.199213805e-05 0.09515116623 0
0.2640837372 0.09489056844 0.07357108833 -0.0021216491 0.06690061481 0.5040953771 -0.0002702040561 0.01682829672 0.2542540964 -0.9999234707 -0.002154173124 -0.01218245812 0.001079384348 0.9657776508 -0.2593691659 0.01232427187 -0.2593624661 -0.9657014153 1.27057408e-05 0.09784954749 0
0.271366332 0.0975073504 0.07559994642 -0.002239786099 0.06872026939 0.5037665977 -0.0002852968845 0.01729075748 0.2542124329 -0.9999146987 -0.002336212076 -0.01285058242 0.001170736806 0.9638817651 -0.2663279413 0.01300864062 -0.2663202678 -0.9637968096 1.344090464e-05 0.1005479287 0
0.2786489268 0.1001241324 0.07762880451 -0.00236108236 0.07053787113 0.5034290261 -0.0003007984843 0.01775308531 0.254169641 -0.9999051956 -0.002528130338 -0.01353545037 0.00126706649 0.9619362425 -0.2732710373 0.01371110507 -0.2732622803 -0.9618418434 1.419775991e-05 0.10324631 0
0.2859315216 0.1027409143 0.07965766259 -0.002485533531 0.072353366 0.5030826741 -0.0003167087124 0.01821527669 0.2541257213 -0.9998949222 -0.002730175911 -0.01423694814 0.001368500486 0.9599412373 -0.2801980515 0.01443162359 -0.2801880922 -0.9598366326 1.497644021e-05 0.1059446912 0
0.2932141164 0.1053576963 0.08168652068 -0.00261313515 0.07416670006 0.5027275544 -0.0003330274218 0.0186773281 0.254080674 -0.9998838384 -0.002942595454 -0.01495495906 0.001475165371 0.9578969076 -0.2871085827 0.01517015344 -0.2870972927 -0.957781296 1.577708244e-05 0.1086430725 0
0.3004967112 0.1079744783 0.08371537876 -0.00274388264 0.07597781944 0.5023636796 -0.0003497544617 0.01913923603 0.2540344996 -0.9998719031 -0.003165634246 -0.01568936361 0.001587187197 0.9558034154 -0.2940022312 0.01592665086 -0.2939894723 -0.9556759555 1.65998267e-05 0.1113414538 0
0.307779306 0.1105912602 0.08574423685 -0.002877771311 0.07778667037 0.5019910628 -0.0003668896776 0.01960099698 0.2539871985 -0.9998590742 -0.003399536157 -0.0164400395 0.001704691484 0.9536609265 -0.3008785988 0.01670107098 -0.3008642224 -0.953520736 1.744481635e-05 0.114039835 0
0.3150619008 0.1132080422 0.08777309493 -0.003014796363 0.07959319918 0.5016097173 -0.0003844329113 0.02006260743 0.2539387712 -0.9998453086 -0.00364454361 -0.01720686162 0.001827803202 0.9514696107 -0.3077372889 0.0174933679 -0.3077211354 -0.9513157651 1.831219791e-05 0.1167382163 0
0.3223444956 0.1158248241 0.08980195302 -0.003154952883 0.08139735227 0.5012196569 -0.0004023840006 0.02052406386 0.2538892181 -0.9998305625 -0.003900897554 -0.01798970208 0.001956646763 0.9492296415 -0.3145779065 0.01830349464 -0.3145598047 -0.9490611737 1.920212109e-05 0.1194365975 0
0.3296270904 0.1184416061 0.0918308111 -0.003298235846 0.08319907616 0.5008208955 -0.0004207427798 0.02098536276 0.2538385397 -0.9998147907 -0.004168837426 -0.01878843023 0.002091346004 0.9469411961 -0.3214000581 0.01913140318 -0.3213798249 -0.9467570953 2.011473872e-05 0.1221349788 0
0.3378200095 0.1213854858 0.09411327645 -0.003463159856 0.08522304539 0.5003619062 -0.0004418835119 0.02150413135 0.253780182 -0.9997957644 -0.004484414737 -0.01970582392 0.002250035461 0.9443089767 -0.3290524182 0.02008399394 -0.3290295528 -0.9441060251 2.116875483e-05 0.1251706577 0
0.3451026043 0.1240022678 0.09614213453 -0.003613069317 0.08701943005 0.499944703 -0.0004611080644 0.02196508383 0.2537271138 -0.9997776598 -0.00477776264 -0.02053786704 0.00239758652 0.9419181256 -0.3358340308 0.02094952451 -0.3358086027 -0.9416972442 2.213011988e-05 0.1278690389 0
0.3523851991 0.1266190497 0.09817099262 -0.003766088801 0.08881321896 0.4995188445 -0.0004807397643 0.0224258678 0.2536729219 -0.9997583831 -0.005083434635 -0.02138537187 0.002551376428 0.9394793769 -0.3425959585 0.02183268 -0.3425677437 -0.9392394131 2.311467701e-05 0.1305674202 0
0.3596677939 0.1292358317 0.1001998507 -0.003922212824 0.09060435906 0.4990843459 -0.0005007784303 0.02288647976 0.2536176067 -0.9997378855 -0.005401663593 -0.02224819653 0.002711526533 0.9369929235 -0.349337815 0.02273340807 -0.3493065751 -0.9367326773 2.412259179e-05 0.1332658014 0
0.3669503887 0.1318526137 0.1022287088 -0.004081435792 0.09239279736 0.4986412229 -0.0005212238775 0.02334691618 0.2535611687 -0.9997161174 -0.005732680716 -0.02312619641 0.002878157546 0.9344589617 -0.3560592157 0.02365165529 -0.3560246975 -0.9341771855 2.515403279e-05 0.1359641827 0
0.3742329835 0.1344693956 0.1042575669 -0.004243752 0.094178481 0.4981894913 -0.0005420759168 0.02380717356 0.2535036085 -0.9996930281 -0.006076715497 -0.02401922427 0.003051389531 0.931877692 -0.3627597775 0.02458736724 -0.3627217125 -0.9315730893 2.620917158e-05 0.1386625639 0
0.3815155783 0.1370861776 0.106286425 -0.004409155633 0.09596135722 0.4977291672 -0.0005633343559 0.02426724839 0.2534449265 -0.999668566 -0.006433995697 -0.02492713019 0.003231341894 0.9292493182 -0.3694391196 0.02554048844 -0.369397223 -0.9289205429 2.728818271e-05 0.1413609452 0
0.3887981731 0.1397029596 0.108315283 -0.004577640768 0.09774137338 0.4972602673 -0.0005849989983 0.02472713716 0.2533851234 -0.9996426788 -0.006804747307 -0.02584976162 0.003418133368 0.9265740478 -0.3760968629 0.02651096238 -0.3760508334 -0.9262197037 2.839124365e-05 0.1440593265 0
0.3960807679 0.1423197415 0.1103441411 -0.004749201369 0.09951847694 0.4967828082 -0.0006070696439 0.02518683636 0.2533241997 -0.999615313 -0.007189194522 -0.02678696342 0.003611882006 0.9238520922 -0.3827326301 0.02749873153 -0.3826821492 -0.9234707318 2.951853483e-05 0.1467577077 0
0.4033633627 0.1449365235 0.1123729992 -0.004923831294 0.1012926155 0.496296807 -0.000629546089 0.0256463425 0.253262156 -0.9995864146 -0.007587559708 -0.02773857783 0.003812705163 0.921083666 -0.3893460459 0.02850373733 -0.3892907771 -0.9206737901 3.067023955e-05 0.149456089 0
0.4106459575 0.1475533055 0.1144018573 -0.005101524289 0.1030637367 0.4958022813 -0.000652428126 0.02610565206 0.2531989928 -0.9995559283 -0.008000063374 -0.0287044445 0.004020719491 0.9182689878 -0.3959367372 0.02952592019 -0.3958763254 -0.9178290445 3.184654398e-05 0.1521544702 0
0.4179285523 0.1501700874 0.1164307154 -0.005282273992 0.1048317885 0.4952992486 -0.0006757155436 0.02656476155 0.2531347108 -0.9995237983 -0.008426924136 -0.02968440055 0.00423604092 0.9154082795 -0.4025043327 0.03056521951 -0.4024384038 -0.9149366637 3.304763717e-05 0.1548528515 0
0.4252111471 0.1527868694 0.1184595735 -0.005466073935 0.1065967187 0.494787727 -0.0006994081266 0.02702366746 0.2530693105 -0.9994899676 -0.008868358695 -0.03067828054 0.004458784655 0.9125017666 -0.4090484631 0.03162157368 -0.408976623 -0.911996819 3.427371095e-05 0.1575512327 0
0.4324937419 0.1554036513 0.1204884316 -0.005652917537 0.1083584755 0.4942677348 -0.0007235056565 0.0274823663 0.2530027926 -0.9994543786 -0.009324581801 -0.03168591651 0.004689065157 0.9095496782 -0.4155687615 0.03269492008 -0.4154905956 -0.9090096849 3.552495999e-05 0.160249614 0
0.4397763367 0.1580204333 0.1225172896 -0.005842798113 0.1101170069 0.4937392906 -0.0007480079106 0.02794085456 0.2529351576 -0.9994169727 -0.009795806226 -0.032707138 0.004926996135 0.9065522469 -0.4220648626 0.03378519506 -0.4219799352 -0.9059754383 3.68015817e-05 0.1629479952 0
0.4470589315 0.1606372153 0.1245461477 -0.006035708869 0.1118722615 0.4932024133 -0.0007729146626 0.02839912876 0.2528664062 -0.9993776905 -0.01028224273 -0.03374177207 0.005172690537 0.9035097088 -0.4285364038 0.03489233398 -0.4284442573 -0.9028942593 3.810377626e-05 0.1656463765 0
0.4543415263 0.1632539972 0.1265750058 -0.006231642902 0.1136241875 0.4926571221 -0.0007982256827 0.0288571854 0.2527965391 -0.9993364718 -0.01078410005 -0.03478964332 0.005426260532 0.9004223033 -0.4349830243 0.03601627122 -0.4348831785 -0.8997663304 3.943174657e-05 0.1683447577 0
0.4616241211 0.1658707792 0.1286038639 -0.006430593204 0.1153727336 0.4921034365 -0.0008239407371 0.02931502099 0.252725557 -0.9992932555 -0.01130158484 -0.03585057389 0.005687817505 0.8972902734 -0.4414043656 0.03715694014 -0.4412963171 -0.8965918371 4.078569823e-05 0.171043139 0
0.4689067159 0.1684875612 0.130632722 -0.00663255266 0.1171178485 0.4915413763 -0.0008500595884 0.02977263203 0.2526534603 -0.9992479797 -0.01183490167 -0.03692438353 0.005957472046 0.8941138655 -0.4478000716 0.0383142731 -0.4476832928 -0.8933709676 4.216583951e-05 0.1737415202 0
0.4761893107 0.1711043431 0.1326615801 -0.006837514046 0.1188594811 0.4909709617 -0.0008765819954 0.03023001505 0.25258025 -0.9992005817 -0.01238425298 -0.03801088956 0.006235333932 0.8908933293 -0.4541697882 0.03948820151 -0.4540437272 -0.8901039129 4.357238134e-05 0.1764399015 0
0.4834719055 0.1737211251 0.1346904382 -0.007045470034 0.1205975804 0.490392213 -0.0009035077133 0.03068716656 0.2525059265 -0.999150998 -0.01294983907 -0.03910990696 0.006521512126 0.8876289179 -0.4605131638 0.04067865575 -0.4603772429 -0.8867908667 4.500553726e-05 0.1791382827 0
0.4907545003 0.1763379071 0.1367192962 -0.007256413191 0.1223320955 0.4898051509 -0.0009308364934 0.03114408308 0.2524304907 -0.9990991642 -0.01353185804 -0.04022124831 0.006816114758 0.8843208878 -0.466829849 0.04188556526 -0.4666834646 -0.8834320253 4.646552344e-05 0.181836664 0
0.4989474195 0.1792817868 0.1390017616 -0.007497285448 0.1242790775 0.489134795 -0.0009620628421 0.03165782893 0.2523442966 -0.9990380806 -0.01420651566 -0.04148600198 0.007157746111 0.8805475396 -0.4739037846 0.04326291851 -0.4737448737 -0.8795988373 4.814035087e-05 0.1848723429 0
0.5062300143 0.1818985687 0.1410306197 -0.00771455117 0.1260058079 0.488530137 -0.0009902472873 0.03211423453 0.2522664994 -0.9989812483 -0.0148241022 -0.04262289888 0.007470605851 0.8771476865 -0.4801626038 0.04450455666 -0.4799918562 -0.8761433458 4.965808077e-05 0.1875707242 0
0.5135126091 0.1845153507 0.1430594778 -0.007934780148 0.1277287961 0.4879172321 -0.001018833994 0.03257039426 0.252187592 -0.9989219599 -0.01545872639 -0.04377151919 0.007792222471 0.8737050374 -0.4863936563 0.04576242326 -0.4862103818 -0.8726426905 5.12033329e-05 0.1902691054 0
0.5207952039 0.1871321327 0.1450883358 -0.008157964514 0.1294479919 0.4872961023 -0.001047822698 0.03302630466 0.2521075752 -0.9988601477 -0.01611057705 -0.044931666 0.008122700568 0.8702198623 -0.4925966027 0.04703644372 -0.4924000818 -0.8690970788 5.277633391e-05 0.1929674867 0
0.5280777987 0.1897489146 0.1471171939 -0.008384096295 0.131163345 0.4866667697 -0.001077213132 0.03348196225 0.2520264498 -0.9987957436 -0.01677984069 -0.0461031402 0.008462143851 0.8666924343 -0.4987711062 0.04832654252 -0.4985605893 -0.865506721 5.437731289e-05 0.1956658679 0
0.5353603935 0.1923656966 0.149146052 -0.008613167416 0.1328748056 0.4860292569 -0.001107005025 0.03393736356 0.2519442164 -0.9987286784 -0.0174667015 -0.04728574046 0.008810655139 0.86312303 -0.5049168323 0.04963264317 -0.5046915389 -0.8618718299 5.600650142e-05 0.1983642492 0
0.5426429883 0.1949824785 0.1511749101 -0.008845169697 0.1345823238 0.4853835865 -0.001137198102 0.03439250513 0.251860876 -0.9986588824 -0.01817134126 -0.04847926323 0.009168336342 0.8595119287 -0.5110334491 0.05095466824 -0.5107925673 -0.8581926211 5.766413348e-05 0.2010626304 0
0.5499255831 0.1975992605 0.1532037682 -0.009080094854 0.13628585 0.4847297817 -0.001167792083 0.0348473835 0.2517764292 -0.998586285 -0.01889393938 -0.04968350282 0.00953528846 0.8558594131 -0.5171206274 0.05229253935 -0.5168633127 -0.8544693127 5.93504455e-05 0.2037610117 0
0.5572081779 0.2002160425 0.1552326263 -0.009317934502 0.1379853348 0.4840678657 -0.001198786688 0.0353019952 0.2516908768 -0.998510815 -0.01963467283 -0.05089825137 0.009911611565 0.852165769 -0.5231780405 0.05364617718 -0.5229034153 -0.8507021253 6.106567624e-05 0.2064593929 0
0.5644907727 0.2028328244 0.1572614844 -0.009558680152 0.1396807287 0.4833978622 -0.001230181628 0.03575633678 0.2516042197 -0.9984324003 -0.02039371615 -0.05212329892 0.0102974048 0.8484312853 -0.5292053642 0.05501550148 -0.5289125168 -0.8468912824 6.281006687e-05 0.2091577742 0
0.5717733675 0.2054496064 0.1592903424 -0.009802323215 0.1413719826 0.4827197951 -0.001261976616 0.03621040477 0.2515164587 -0.9983509684 -0.02117124138 -0.05335843341 0.01069276635 0.8446562538 -0.5352022773 0.05640043108 -0.5348902611 -0.8430370099 6.458386087e-05 0.2118561554 0
0.5790559623 0.2080663884 0.1613192005 -0.010048855 0.1430590476 0.4820336886 -0.001294171357 0.03666419574 0.2514275945 -0.9982664458 -0.0219674181 -0.0546034407 0.01109779346 0.8408409695 -0.5411684609 0.05780088386 -0.5408362937 -0.8391395362 6.638730405e-05 0.2145545367 0
0.5863385571 0.2106831703 0.1633480586 -0.0102982667 0.1447418747 0.4813395672 -0.001326765554 0.03711770623 0.2513376281 -0.9981787584 -0.02278241332 -0.05585810461 0.01151258241 0.8369857301 -0.547103599 0.05921677679 -0.5467502622 -0.8351990925 6.822064451e-05 0.217252918 0
0.5936211519 0.2132999523 0.1653769167 -0.01055054944 0.1464204154 0.4806374556 -0.001359758906 0.03757093279 0.2512465602 -0.9980878316 -0.02361639154 -0.05712220693 0.0119372285 0.8330908367 -0.5530073783 0.06064802594 -0.5526318159 -0.8312159124 7.008413261e-05 0.2199512992 0
0.6009037467 0.2159167343 0.1674057748 -0.01080569422 0.1480946211 0.4799273789 -0.00139315111 0.03802387198 0.2511543917 -0.9979935898 -0.02446951469 -0.05839552748 0.01237182605 0.8291565928 -0.5588794883 0.06209454645 -0.5584806061 -0.827190232 7.197802096e-05 0.2226496805 0
0.6081863415 0.2185335162 0.1694346329 -0.01106369193 0.1497644434 0.4792093623 -0.001426941856 0.03847652036 0.2510611235 -0.997895957 -0.02534194207 -0.05967784408 0.01281646839 0.8251833054 -0.5647196213 0.06355625256 -0.5642962861 -0.82312229 7.390256443e-05 0.2253480617 0
0.6154689363 0.2211502982 0.171463491 -0.01132453339 0.1514298343 0.4784834315 -0.001461130833 0.03892887448 0.2509667564 -0.9977948564 -0.02623383039 -0.06096893262 0.01327124785 0.8211712838 -0.5705274723 0.06503305761 -0.5700785111 -0.8190123275 7.585802005e-05 0.228046443 0
0.6227515311 0.2237670801 0.173492349 -0.01158820929 0.1530907458 0.4777496123 -0.001495717725 0.03938093092 0.2508712913 -0.9976902106 -0.02714533372 -0.06226856709 0.01373625574 0.8171208405 -0.5763027392 0.06652487406 -0.5758269383 -0.8148605883 7.784464706e-05 0.2307448242 0
0.6300341259 0.2263838621 0.1755212071 -0.01185471026 0.1547471301 0.4770079309 -0.001530702214 0.03983268624 0.2507747291 -0.9975819417 -0.02807660345 -0.06357651957 0.01421158236 0.8130322908 -0.5820451229 0.06803161345 -0.5815412268 -0.8106673184 7.986270685e-05 0.2334432055 0
0.6373167207 0.2290006441 0.1775500652 -0.01212402678 0.1563989395 0.4762584137 -0.001566083976 0.04028413701 0.2506770707 -0.997469971 -0.0290277883 -0.06489256029 0.01469731699 0.8089059526 -0.5877543269 0.06955318646 -0.587221038 -0.8064327665 8.191246297e-05 0.2361415867 0
0.6445993155 0.231617426 0.1795789233 -0.01239614927 0.1580461266 0.4755010874 -0.001601862685 0.04073527982 0.2505783171 -0.9973542193 -0.02999903426 -0.06621645762 0.01519354784 0.8047421466 -0.5934300579 0.07108950289 -0.592866035 -0.8021571836 8.399418106e-05 0.238839968 0
0.6518819103 0.234234208 0.1816077814 -0.01267106805 0.1596886442 0.4747359789 -0.001638038011 0.04118611122 0.2504784691 -0.9972346066 -0.03099048462 -0.06754797816 0.01570036212 0.8005411964 -0.5990720253 0.07264047164 -0.5984758832 -0.7978408232 8.61081289e-05 0.2415383492 0
0.6600748294 0.2371780877 0.1838902467 -0.01298368191 0.1615308364 0.4738659637 -0.001679208918 0.04169292008 0.2503648332 -0.997095327 -0.0321301917 -0.06905475795 0.01628328588 0.7957711346 -0.6053785228 0.07440271107 -0.6047445346 -0.7929364946 8.852518087e-05 0.2445740281 0
0.6673574242 0.2397948697 0.1859191048 -0.01326451016 0.1631632752 0.473084409 -0.001716225942 0.04214307841 0.2502626628 -0.996967242 -0.0331650395 -0.07040169466 0.01681287458 0.7914923391 -0.6109477918 0.07598450964 -0.6102785899 -0.7885343347 9.070851541e-05 0.2472724094 0
0.674640019 0.2424116516 0.1879479629 -0.01354810379 0.164790898 0.4722951581 -0.001753638528 0.04259291468 0.2501594011 -0.9968350426 -0.03422052159 -0.07175551379 0.01735331233 0.7871774274 -0.6164824088 0.07758067033 -0.6157764641 -0.784092205 9.292492973e-05 0.2499707907 0
0.6819226138 0.2450284336 0.189976821 -0.01383445271 0.1664136584 0.4714982391 -0.001791446331 0.04304242546 0.2500550489 -0.9966986467 -0.03529676975 -0.07311597475 0.0179046819 0.7828267338 -0.6219820956 0.07919109852 -0.6212378312 -0.7796103687 9.517470006e-05 0.2526691719 0
0.6892052086 0.2476452156 0.1920056791 -0.01412354674 0.16803151 0.4706936805 -0.001829649001 0.04349160736 0.2499496072 -0.9965579714 -0.03639391291 -0.07448283529 0.01846706499 0.7784405953 -0.6274465771 0.08081569872 -0.6266623674 -0.7750890917 9.74581046e-05 0.2553675532 0
0.6964878034 0.2502619975 0.1940345372 -0.01441537558 0.1696444067 0.4698815107 -0.001868246187 0.04394045696 0.2498430771 -0.9964129334 -0.03751207718 -0.07585585151 0.01904054219 0.7740193512 -0.6328755815 0.08245437463 -0.6320497512 -0.770528642 9.977542354e-05 0.2580659344 0
0.7037703982 0.2528787795 0.1960633952 -0.01470992888 0.1712523027 0.4690617587 -0.001907237532 0.04438897088 0.2497354594 -0.9962634488 -0.03865138575 -0.07723477794 0.019625193 0.7695633436 -0.6382688399 0.08410702909 -0.6373996631 -0.7659292899 0.000102126939 0.2607643157 0
0.711052993 0.2554955615 0.1980922533 -0.01500719615 0.1728551523 0.4682344535 -0.001946622677 0.04483714571 0.2496267553 -0.9961094332 -0.03981195893 -0.07861936749 0.02022109579 0.7650729168 -0.6436260865 0.08577356413 -0.642711786 -0.7612913081 0.0001045129352 0.2634626969 0
0.7183355878 0.2581123434 0.2001211114 -0.01530716684 0.17445291 0.4673996247 -0.001986401259 0.04528497806 0.2495169658 -0.9959508017 -0.04099391414 -0.08000937154 0.02082832783 0.7605484177 -0.6489470588 0.08745388093 -0.6479858049 -0.7566149717 0.0001069336979 0.2661610782 0
0.7256181826 0.2607291254 0.2021499695 -0.0156098303 0.1760455304 0.4665573019 -0.00202657291 0.04573246454 0.2494060918 -0.9957874689 -0.04219736581 -0.08140453996 0.02144696525 0.7559901954 -0.6542314974 0.08914787989 -0.6532214072 -0.7519005577 0.0001093895153 0.2688594594 0
0.7329007774 0.2633459073 0.2041788276 -0.01591517576 0.1776329685 0.4657075149 -0.00206713726 0.04617960177 0.2492941344 -0.9956193488 -0.04342242547 -0.0828046211 0.02207708304 0.7513986015 -0.659479146 0.09085546057 -0.6584182824 -0.7471483458 0.0001118806771 0.2715578407 0
0.7401833722 0.2659626893 0.2062076857 -0.01622319239 0.1792151795 0.4648502939 -0.002108093935 0.04662638637 0.2491810947 -0.9954463551 -0.04466920165 -0.0842093619 0.02271875505 0.74677399 -0.6646897517 0.09257652173 -0.6635761225 -0.7423586177 0.0001144074749 0.2742562219 0
0.747465967 0.2685794713 0.2082365438 -0.01653386926 0.1807921185 0.4639856694 -0.002149442557 0.04707281495 0.2490669736 -0.9952684008 -0.04593779989 -0.08561850781 0.02337205399 0.742116717 -0.6698630647 0.09431096135 -0.6686946216 -0.7375316574 0.0001169702024 0.2769546032 0
0.7547485618 0.2711962532 0.2102654018 -0.01684719534 0.1823637412 0.4631136721 -0.002191182745 0.04751888415 0.2489517724 -0.9950853988 -0.04722832273 -0.08703180292 0.02403705141 0.7374271409 -0.6749988385 0.09605867659 -0.6737734763 -0.7326677509 0.0001195691549 0.2796529844 0
0.7620311566 0.2738130352 0.2122942599 -0.01716315951 0.1839300034 0.4622343329 -0.002233314114 0.04796459058 0.248835492 -0.9948972611 -0.0485408697 -0.08844898994 0.02471381768 0.7327056225 -0.6800968299 0.09781956384 -0.6788123855 -0.7277671868 0.0001222046295 0.2823513657 0
0.7693137514 0.2764298172 0.214323118 -0.01748175056 0.1854908608 0.461347683 -0.002275836276 0.0484099309 0.2487181335 -0.9947038997 -0.04987553726 -0.08986981025 0.02540242202 0.7279525245 -0.6851567988 0.0995935187 -0.6838110505 -0.7228302555 0.0001248769254 0.285049747 0
0.7765963462 0.2790465991 0.2163519761 -0.01780295719 0.1870462698 0.4604537538 -0.002318748838 0.04885490172 0.248599698 -0.9945052258 -0.05123241885 -0.09129400389 0.02610293245 0.7231682121 -0.6901785088 0.101380436 -0.6887691749 -0.7178572496 0.0001275863433 0.2877481282 0
0.783878941 0.2816633811 0.2183808342 -0.01812676803 0.1885961867 0.459552577 -0.002362051404 0.04929949969 0.2484801867 -0.9943011504 -0.05261160479 -0.09272130966 0.02681541584 0.7183530522 -0.6951617264 0.1031802098 -0.6936864648 -0.7128484642 0.0001303331858 0.2904465095 0
0.7911615358 0.2842801631 0.2204096923 -0.01845317158 0.1901405681 0.4586441846 -0.002405743576 0.04974372146 0.2483596007 -0.9940915842 -0.05401318236 -0.09415146509 0.02753993783 0.7135074142 -0.7001062218 0.1049927334 -0.6985626286 -0.707804196 0.0001331177572 0.2931448907 0
0.7984441306 0.286896945 0.2224385504 -0.01878215628 0.1916793708 0.4577286088 -0.002449824951 0.05018756367 0.248237941 -0.9938764372 -0.05543723571 -0.09558420651 0.02827656288 0.7086316692 -0.7050117683 0.1068178994 -0.7033973772 -0.7027247442 0.0001359403636 0.295843272 0
0.8057267254 0.289513727 0.2244674084 -0.01911371049 0.1932125519 0.456805882 -0.002494295121 0.05063102298 0.2481152088 -0.9936556192 -0.05688384588 -0.09701926905 0.02902535426 0.7037261906 -0.7098781427 0.1086555995 -0.7081904241 -0.6976104099 0.0001388013127 0.2985416532 0
0.8130093202 0.2921305089 0.2264962665 -0.01944782245 0.1947400686 0.4558760368 -0.002539153678 0.05107409604 0.2479914053 -0.9934290396 -0.05835309076 -0.0984563867 0.029786374 0.6987913535 -0.7147051253 0.1105057248 -0.712941485 -0.6924614962 0.0001417009142 0.3012400345 0
0.8212022394 0.2950743887 0.2287787319 -0.01982674099 0.1964517012 0.4548214934 -0.002590083282 0.05157208739 0.2478508472 -0.9931671374 -0.06003313977 -0.1000752679 0.03065721363 0.6932050391 -0.7200881259 0.1126018311 -0.7182358915 -0.6866280155 0.0001450095551 0.3042757134 0
0.8284848342 0.2976911706 0.23080759 -0.0201662488 0.1979670402 0.4538766314 -0.002635765782 0.05201432859 0.2477247709 -0.9929280121 -0.06155072771 -0.1015158643 0.03144441912 0.6882090701 -0.7248306866 0.1144779948 -0.7228968002 -0.681406637 0.0001479923282 0.3069740946 0
0.835767429 0.3003079526 0.232836448 -0.0205082771 0.1994765826 0.4529247548 -0.002681835364 0.05245617311 0.247597627 -0.9926828398 -0.06309117346 -0.1029576775 0.032244039 0.6831849277 -0.7295331908 0.1163662385 -0.727514851 -0.6761516399 0.0001510147318 0.3096724759 0
0.8430500238 0.3029247345 0.2348653061 -0.02085281381 0.2009802868 0.4519658972 -0.002728291604 0.05289761764 0.2474694165 -0.9924315286 -0.06465454186 -0.104400437 0.03305613028 0.6781329948 -0.7341954329 0.1182664503 -0.7320897702 -0.6708633357 0.0001540770823 0.3123708571 0
0.8503326186 0.3055415165 0.2368941642 -0.02119984673 0.2024781111 0.4510000926 -0.002775134072 0.05333865884 0.2473401408 -0.9921739862 -0.06624089453 -0.1058438713 0.03388074871 0.6730536562 -0.7388172106 0.1201785175 -0.7366212865 -0.6655420379 0.0001571796979 0.3150692384 0
0.8576152134 0.3081582985 0.2389230223 -0.02154936361 0.2039700142 0.450027375 -0.002822362338 0.0537792934 0.2472098009 -0.9919101198 -0.06785028989 -0.1072877081 0.03471794879 0.6679472985 -0.7433983255 0.1221023267 -0.7411091313 -0.660188062 0.0001603228982 0.3177676197 0
0.8648978082 0.3107750804 0.2409518804 -0.02190135207 0.2054559549 0.4490477789 -0.002869975966 0.054219518 0.2470783981 -0.9916398368 -0.06948278313 -0.1087316742 0.03556778379 0.66281431 -0.7479385825 0.1240377639 -0.7455530386 -0.6548017255 0.0001635070046 0.3204660009 0
0.872180403 0.3133918624 0.2429807385 -0.02225579969 0.2069358925 0.4480613389 -0.002917974518 0.05465932934 0.2469459337 -0.9913630438 -0.0711384262 -0.1101754952 0.03643030571 0.6576550805 -0.7524377901 0.1259847144 -0.7499527448 -0.6493833477 0.0001667323401 0.3231643822 0
0.8794629978 0.3160086444 0.2450095966 -0.02261269394 0.2084097862 0.4470680899 -0.00296635755 0.0550987241 0.2468124089 -0.9910796474 -0.07281726778 -0.1116188962 0.03730556529 0.6524700016 -0.7568957602 0.1279430627 -0.7543079891 -0.6439332498 0.0001699992292 0.3258627634 0
0.8867455926 0.3186254263 0.2470384546 -0.02297202223 0.2098775956 0.4460680668 -0.003015124618 0.05553769898 0.2466778249 -0.990789554 -0.07451935331 -0.1130616013 0.03819361201 0.6472594666 -0.7613123084 0.1299126927 -0.7586185134 -0.638451755 0.0001733079981 0.3285611447 0
0.8940281874 0.3212422083 0.2490673127 -0.02333377186 0.2113392807 0.4450613051 -0.003064275271 0.05597625069 0.246542183 -0.9904926696 -0.07624472497 -0.1145033338 0.03909449408 0.6420238702 -0.7656872538 0.1318934876 -0.762884062 -0.6329391881 0.0001766589744 0.3312595259 0
0.9013107822 0.3238589903 0.2510961708 -0.02369793007 0.2127948014 0.4440478402 -0.003113809057 0.05641437594 0.2464054844 -0.9901889 -0.07799342163 -0.1159438162 0.04000825843 0.6367636085 -0.7700204193 0.13388533 -0.7671043821 -0.6273958761 0.0001800524876 0.3339579072 0
0.908593377 0.3264757722 0.2531250289 -0.02406448402 0.2142441181 0.4430277078 -0.00316372552 0.05685207142 0.2462677304 -0.9898781509 -0.07976547887 -0.1173827705 0.04093495071 0.6314790795 -0.774311631 0.1358881019 -0.7712792235 -0.6218221476 0.0001834888683 0.3366562884 0
0.9158759718 0.3290925542 0.255153887 -0.02443342077 0.2156871914 0.4420009441 -0.003214024199 0.05728933387 0.2461289223 -0.9895603276 -0.08156092899 -0.1188199177 0.0418746153 0.6261706823 -0.7785607191 0.1379016845 -0.7754083386 -0.616218333 0.000186968449 0.3393546697 0
0.9231585666 0.3317093361 0.2571827451 -0.02480472731 0.2171239821 0.4409675851 -0.003264704631 0.05772615999 0.2459890615 -0.9892353355 -0.08337980097 -0.1202549784 0.04282729527 0.6208388174 -0.7827675169 0.1399259583 -0.7794914827 -0.6105847645 0.0001904915637 0.3420530509 0
0.9304411614 0.3343261181 0.2592116031 -0.02517839056 0.2185544512 0.4399276674 -0.00331576635 0.05816254652 0.2458481491 -0.9889030795 -0.08522212045 -0.1216876724 0.04379303242 0.6154838871 -0.7869318618 0.1419608035 -0.7835284136 -0.6049217762 0.0001940585476 0.3447514322 0
0.9377237562 0.3369429001 0.2612404612 -0.02555439735 0.21997856 0.4388812275 -0.003367208884 0.05859849018 0.2457061866 -0.9885634645 -0.08708790977 -0.1231177189 0.04477186725 0.6101062944 -0.7910535945 0.1440060993 -0.7875188921 -0.5992297038 0.0001976697378 0.3474498134 0
0.945006351 0.339559682 0.2632693193 -0.02593273444 0.2213962702 0.4378283022 -0.00341903176 0.05903398771 0.2455631752 -0.9882163952 -0.08897718793 -0.1245448368 0.04576383894 0.6047064442 -0.7951325597 0.1460617246 -0.7914626816 -0.5935088847 0.0002013254727 0.3501481947 0
0.9522889458 0.342176464 0.2652981774 -0.0263133885 0.2228075435 0.4367689288 -0.0034712345 0.05946903584 0.2454191163 -0.9878617761 -0.09088997057 -0.1259687441 0.04676898539 0.5992847422 -0.7991686054 0.1481275574 -0.7953595483 -0.5877596581 0.0002050260923 0.3528465759 0
0.9595715406 0.344793246 0.2673270355 -0.02669634613 0.224212342 0.4357031445 -0.003523816624 0.05990363132 0.2452740112 -0.9874995118 -0.09282626998 -0.1273891586 0.04778734319 0.5938415956 -0.8031615835 0.1502034752 -0.7992092611 -0.5819823649 0.000208771938 0.3555449572 0
0.9668541354 0.3474100279 0.2693558936 -0.02708159387 0.2256106281 0.4346309867 -0.003576777648 0.06033777089 0.2451278613 -0.9871295065 -0.09478609512 -0.1288057975 0.0488189476 0.5883774126 -0.8071113496 0.152289355 -0.8030115917 -0.5761773476 0.0002125633526 0.3582433385 0
0.9741367302 0.3500268099 0.2713847517 -0.02746911814 0.2270023642 0.4335524932 -0.003630117083 0.06077145131 0.244980668 -0.9867516645 -0.09676945156 -0.1302183776 0.04986383259 0.5828926028 -0.8110177629 0.1543850732 -0.8067663149 -0.5703449503 0.0002164006806 0.3609417197 0
0.9823296493 0.3529706896 0.273667217 -0.02790778717 0.2285601918 0.4323316621 -0.003690575656 0.06125878891 0.2448138299 -0.9863171054 -0.09902885741 -0.1318023256 0.05105524323 0.5766980474 -0.8153604873 0.1567543612 -0.8109331955 -0.5637512064 0.000220772986 0.3639773986 0
0.9896122441 0.3555874716 0.2756960751 -0.02830010376 0.2299378863 0.4312398314 -0.00374471758 0.06169148286 0.2446644237 -0.9859222917 -0.101062221 -0.1332053388 0.05212845619 0.5711707699 -0.8191743256 0.1588705726 -0.814586017 -0.5578617768 0.00022470903 0.3666757799 0
0.9968948389 0.3582042535 0.2777249332 -0.02869465407 0.2313089156 0.4301417843 -0.00379923637 0.06212370755 0.2445139785 -0.9855193413 -0.1031191115 -0.1346034058 0.05321504734 0.5656241518 -0.8229443952 0.1609962321 -0.8181905449 -0.5519460531 0.0002286920728 0.3693741611 0
1.004177434 0.3608210355 0.2797537913 -0.02909142423 0.2326732433 0.4290375592 -0.003854131522 0.06255545973 0.2443624955 -0.985108158 -0.1051995206 -0.1359962422 0.0543150452 0.560058607 -0.8266705707 0.1631312137 -0.8217465653 -0.546004386 0.0002327224648 0.3720725424 0
1.011460029 0.3634378175 0.2817826493 -0.0294904003 0.2340308334 0.427927195 -0.003909402532 0.06298673619 0.2442099761 -0.9846886458 -0.1073034366 -0.137383563 0.05542847695 0.5544745502 -0.8303527306 0.1652753909 -0.8252538674 -0.5400371279 0.0002368005578 0.3747709236 0
1.018742623 0.3660545994 0.2838115074 -0.02989156829 0.23538165 0.4268107306 -0.00396504889 0.0634175337 0.2440564219 -0.9842607083 -0.1094308443 -0.1387650833 0.05655536843 0.5488723968 -0.8339907567 0.1674286365 -0.8287122434 -0.5340446324 0.0002409267051 0.3774693049 0
1.026025218 0.3686713814 0.2858403655 -0.03029491412 0.2367256576 0.4256882052 -0.004021070084 0.06384784907 0.2439018342 -0.9838242495 -0.1115817252 -0.1401405178 0.05769574416 0.5432525634 -0.8375845351 0.1695908229 -0.8321214881 -0.5280272548 0.0002451012611 0.3801676861 0
1.033307813 0.3712881633 0.2878692236 -0.03070042363 0.2380628209 0.4245596581 -0.004077465599 0.06427767907 0.2437462145 -0.983379173 -0.1137560572 -0.1415095811 0.05884962732 0.5376154671 -0.8411339554 0.1717618219 -0.8354813995 -0.5219853519 0.0002493245819 0.3828660674 0
