0.007565032899 0.002799062173 0 -1.799868925e-06 0.00192907293 0.5099951355 -2.25958159e-07 0.0004805564281 0.2549993961 -0.9999999999 -5.222827055e-08 -1.048182418e-05 2.667123003e-08 0.9999716708 -0.007527126923 1.048192037e-05 -0.007527126923 -0.9999716707 2.890118315e-08 0 0
0.01506792764 0.005575133227 0 -7.140392688e-06 0.003842238899 0.5099807016 -9.017435721e-07 0.000959071217 0.2549975897 -0.9999999991 -4.150531004e-07 -4.158178877e-05 2.083856213e-07 0.9998876144 -0.01499194945 4.158333803e-05 -0.01499194945 -0.9998876135 5.051998693e-08 0 0
0.02257082238 0.008351204281 0 -1.602148765e-05 0.005755281918 0.5099566987 -2.03025209e-06 0.001438280381 0.2549945729 -0.9999999956 -1.39613532e-06 -9.329516386e-05 6.9923634e-07 0.9997478362 -0.0224558221 9.330298957e-05 -0.02245582206 -0.9997478319 2.983671959e-08 0 0
0.03007371712 0.01112727534 0 -2.844281277e-05 0.007668140772 0.5099231275 -3.610853073e-06 0.001917542471 0.2549903476 -0.9999999863 -3.303218871e-06 -0.0001656129082 1.653111875e-06 0.9995523483 -0.02991827198 0.0001656375979 -0.02991827185 -0.9995523346 2.61741204e-08 0 0
0.03663875002 0.01355633751 0 -4.221519569e-05 0.009341693079 0.5098859049 -5.364248764e-06 0.002336835404 0.2549856602 -0.9999999698 -5.97335576e-06 -0.0002457831048 2.988516639e-06 0.9993356101 -0.03644637689 0.0002458375162 -0.03644637652 -0.9993355799 9.760431465e-08 0 0
0.04414164476 0.01633240856 0 -6.127305994e-05 0.01125404166 0.5098343971 -7.791119508e-06 0.002815947286 0.2549791725 -0.9999999363 -1.04456669e-05 -0.0003566971305 5.225152554e-06 0.9990357156 -0.04390488509 0.0003568117888 -0.04390488416 -0.9990356519 2.022479993e-07 0 0
0.0516445395 0.01910847962 0 -8.386941675e-05 0.01316603013 0.5097733259 -1.066901616e-05 0.003294982836 0.254971479 -0.9999998807 -1.672785877e-05 -0.0004881694685 8.366902755e-06 0.9986801728 -0.05136061196 0.0004883843222 -0.05136060991 -0.9986800535 3.296368408e-07 0 0
0.05914743425 0.02188455067 0 -0.0001100033985 0.01507759733 0.5097026935 -1.399783577e-05 0.00377395152 0.2549625801 -0.9999997948 -2.512692258e-05 -0.0006401771265 1.256736641e-05 0.9982690123 -0.05881308541 0.0006405467796 -0.05881308138 -0.9982688071 4.788907532e-07 0 0
0.06665032899 0.02466062173 0 -0.0001396740016 0.0169886821 0.5096225027 -1.777750611e-05 0.004252859637 0.2549524759 -0.9999996691 -3.594954895e-05 -0.0008126935181 1.798002715e-05 0.9978022695 -0.06626183369 0.0008132895198 -0.06626182637 -0.9978019387 6.495708301e-07 0 0
0.07321536189 0.0270896839 0 -0.0001685360219 0.01866043747 0.5095444972 -2.145450933e-05 0.004671857305 0.2549426462 -0.9999995182 -4.764826395e-05 -0.000980445296 2.383104381e-05 0.9973483064 -0.07277606202 0.0009813131085 -0.07277605033 -0.9973478247 8.163142027e-07 0 0
0.08071825663 0.02986575495 0 -0.0002048346129 0.02057045294 0.5094463929 -2.607936844e-05 0.005150659426 0.2549302826 -0.9999992883 -6.384046575e-05 -0.001191331406 3.192978709e-05 0.9967774592 -0.08021655533 0.001192613354 -0.08021653628 -0.9967767478 1.02666155e-06 0 0
0.08822115137 0.03264182601 0 -0.0002446661842 0.02247981029 0.50933874 -3.115491667e-05 0.005629405669 0.2549167141 -0.9999989846 -8.333589693e-05 -0.001422629824 4.168119771e-05 0.9961511585 -0.08765196931 0.001424458903 -0.0876519396 -0.9961501435 1.258067878e-06 0 0
0.09572404611 0.03541789706 0 -0.0002880292065 0.02438844846 0.5092215427 -3.668109845e-05 0.006108094988 0.2549019411 -0.9999985927 -0.0001064396721 -0.001674300072 5.323815348e-05 0.9954694581 -0.09508183384 0.001676835065 -0.09508178916 -0.9954680515 1.510528962e-06 0 0
0.1032269409 0.03819396812 0 -0.0003349220151 0.02629630644 0.5090948054 -4.265785566e-05 0.006586725596 0.2548859634 -0.9999980971 -0.0001334563932 -0.001946298098 6.675333516e-05 0.9947324169 -0.1025056793 0.001949725849 -0.1025056142 -0.9947305151 1.784068633e-06 0 0
0.1097919738 0.04062303029 0 -0.0003788473384 0.0279649942 0.5089760883 -4.825708268e-05 0.007005477412 0.2548709951 -0.9999975651 -0.0001605448979 -0.002200934152 8.030534126e-05 0.9940421589 -0.108996238 0.002205320126 -0.1089961493 -0.9940397256 2.040740621e-06 0 0
0.1172948685 0.04339910134 0 -0.0004323535373 0.02987122493 0.5088314769 -5.507850039e-05 0.007483991415 0.2548527595 -0.9999968285 -0.0001957174222 -0.002510915608 9.790296224e-05 0.9932015286 -0.1164075342 0.002516628203 -0.1164074109 -0.9931983595 2.353931175e-06 0 0
0.1247977632 0.0461751724 0 -0.0004893839817 0.03177650019 0.5086773406 -6.235030681e-05 0.007962439135 0.2548333199 -0.9999959364 -0.0002356753764 -0.002841078337 0.000117896518 0.9923057529 -0.1238114649 0.002848397692 -0.1238112967 -0.9923016928 2.688361925e-06 0 0
0.132300658 0.04895124345 0 -0.0005499364825 0.03368075912 0.5085136852 -7.007242932e-05 0.008440817432 0.2548126765 -0.9999948682 -0.0002807209676 -0.003191364495 0.0001404377687 0.9913549091 -0.1312075628 0.003200607572 -0.1312073376 -0.9913497822 3.044110768e-06 0 0
0.1398035527 0.05172731451 0 -0.0006140087151 0.03558394085 0.508340517 -7.824479111e-05 0.008919123007 0.2547908295 -0.9999936022 -0.0003311556801 -0.003561712694 0.0001656781963 0.990349079 -0.1385953617 0.003573235527 -0.1385950651 -0.9903426881 3.421264006e-06 0 0
0.1463685856 0.05415637668 0 -0.0006729572687 0.03724829345 0.5081811966 -8.576488095e-05 0.009337578045 0.2547707262 -0.9999923143 -0.0003799432411 -0.003902173561 0.0001900965999 0.9894239398 -0.145052512 0.00391601566 -0.145052139 -0.9894162632 3.76890496e-06 0 0
0.1538714804 0.05693244773 0 -0.0007436222638 0.03914929165 0.5079902101 -9.478121946e-05 0.009815737977 0.2547466231 -0.9999906147 -0.0004412924504 -0.004309960333 0.0002208052376 0.9883152478 -0.1524234963 0.004326862852 -0.1524230174 -0.9883058747 4.186449721e-06 0 0
0.1613743751 0.05970851879 0 -0.0008177995567 0.04104903801 0.5077897309 -0.0001042475525 0.01029381512 0.254721317 -0.999988648 -0.0005088931319 -0.004737612998 0.0002546468649 0.9871518314 -0.1597848456 0.004758056758 -0.1597842381 -0.9871404956 4.625686813e-06 0 0
0.1688772698 0.06248458984 0 -0.0008954863004 0.04294747188 0.5075797668 -0.0001141637866 0.01077180585 0.2546948082 -0.9999863875 -0.000583043563 -0.005185056521 0.0002917717307 0.9859337909 -0.1671360969 0.005209570057 -0.1671353346 -0.9859201998 5.08672878e-06 0 0
0.1763801646 0.0652606609 0 -0.0009766795136 0.04484453268 0.5073603256 -0.0001245298237 0.01124970648 0.2546670971 -0.9999838056 -0.0006640410895 -0.005652212363 0.0003323297255 0.984661231 -0.1744767884 0.00568137414 -0.1744758412 -0.9846450644 5.569694096e-06 0 0
0.1829451975 0.06768972307 0 -0.00105059753 0.04650328695 0.5071605472 -0.0001339690049 0.01166779269 0.2546418637 -0.99998126 -0.0007407636957 -0.006077079587 0.0003707517586 0.9835031043 -0.1808908686 0.006110824027 -0.1808897318 -0.9834843988 6.010370252e-06 0 0
0.1904480922 0.07046579412 0 -0.00113835687 0.04839761012 0.5069233598 -0.0001451781436 0.01214551434 0.2546118988 -0.9999779962 -0.0008353975435 -0.0065809722 0.0004181495559 0.9821286198 -0.1882105187 0.006620591748 -0.1882091292 -0.9821066599 6.534781039e-06 0 0
0.197950987 0.07324186518 0 -0.001229613359 0.05029038636 0.5066767207 -0.0001568367793 0.01262313512 0.2545807323 -0.9999743242 -0.0009377277837 -0.007104331928 0.0004694092742 0.9806999435 -0.1955182866 0.00715056085 -0.1955166014 -0.9806743231 7.081487273e-06 0 0
0.2054538817 0.07601793623 0 -0.001324363497 0.0521815553 0.5064206392 -0.0001689447971 0.01310065125 0.2545483645 -0.9999702115 -0.001048047753 -0.007647066765 0.0005246792617 0.9792171985 -0.2028137146 0.007700697752 -0.2028116854 -0.9791874793 7.650628948e-06 0 0
0.2129567764 0.07879400729 0 -0.001422603649 0.05407105667 0.5061551253 -0.0001815020776 0.01357805891 0.2545147958 -0.9999656244 -0.00116664965 -0.008209081258 0.0005841074292 0.9776805123 -0.2100963461 0.008270967599 -0.2100939189 -0.9776462225 8.242351359e-06 0 0
0.2195218093 0.08122306946 0 -0.001511423723 0.0557229551 0.505915071 -0.0001928581367 0.01399569865 0.2544844383 -0.9999611939 -0.001277448889 -0.008716581626 0.000639634015 0.9762917671 -0.2164577936 0.008786440646 -0.2164549691 -0.9762530639 8.77874993e-06 0 0
0.2270247041 0.08399914051 0 -0.001616197386 0.05760916754 0.505631899 -0.0002062574476 0.01447289265 0.2544486188 -0.9999556219 -0.001412362832 -0.009314476241 0.0007072558436 0.9746543011 -0.2237152055 0.009394361372 -0.2237118651 -0.9746100489 9.413220978e-06 0 0
0.2345275988 0.08677521157 0 -0.001724449868 0.0594935395 0.5053393247 -0.0002201056534 0.01494996719 0.2544115993 -0.9999494716 -0.001556392062 -0.009931356983 0.000779458512 0.9729632864 -0.2309585153 0.01002230773 -0.2309545864 -0.972912911 1.007071936e-05 0 0
0.2420304936 0.08955128262 0 -0.001836177016 0.06137601098 0.5050373594 -0.0002344026176 0.01542691842 0.2543733803 -0.9999427046 -0.001709823978 -0.01056711515 0.0008563880836 0.9712188684 -0.2381872715 0.01067023993 -0.238182674 -0.9711617578 1.075141027e-05 0 0
0.2495333883 0.09232735367 0 -0.001951374545 0.06325652208 0.5047260147 -0.0002491481993 0.01590374247 0.254333962 -0.9999352814 -0.001872944638 -0.01122163867 0.0009381901056 0.969421197 -0.245401024 0.01133811692 -0.2453956701 -0.9693567002 1.145546387e-05 0 0
0.2560984212 0.09475641585 0 -0.00205501571 0.06490031413 0.5044459035 -0.0002624184756 0.01632085618 0.2542984877 -0.9999282155 -0.002023846842 -0.0118096495 0.001013877822 0.9678046715 -0.2517003971 0.01193883701 -0.2516943025 -0.9677331462 1.209081303e-05 0 0
0.263601316 0.0975324869 0 -0.002176708192 0.06677698833 0.5041170049 -0.0002780048199 0.0167974314 0.254256822 -0.9999194507 -0.002205900075 -0.0124990442 0.001105206122 0.96590757 -0.2588848097 0.01264399544 -0.2588777707 -0.9658273289 1.283914751e-05 0 0
0.2711042107 0.100308558 0 -0.002301857998 0.06865153037 0.5037787622 -0.000294039352 0.01727386836 0.2542139584 -0.999909909 -0.002398456635 -0.01320686327 0.001201822305 0.9639576716 -0.2660529327 0.01336897359 -0.2660448361 -0.9638679452 1.361136126e-05 0 0
0.2786071054 0.103084629 0 -0.002430460328 0.07052388068 0.5034311883 -0.0003105219139 0.01775016318 0.2541698971 -0.9998995463 -0.002601797003 -0.01393298164 0.001303869772 0.9619551436 -0.273204322 0.01411372554 -0.2731950444 -0.9618551193 1.440764329e-05 0 0
0.2861100002 0.1058607001 0 -0.002562510253 0.07239397978 0.5030742966 -0.0003274523431 0.018226312 0.2541246387 -0.9998883171 -0.002816200119 -0.01467727093 0.001411491328 0.9599001581 -0.2803385349 0.0148782041 -0.2803279428 -0.9597889787 1.522818736e-05 0 0
0.2936128949 0.1086367711 0 -0.00269800271 0.0742617683 0.5027081008 -0.0003448304729 0.01870231094 0.2540781837 -0.999876175 -0.003041943346 -0.01543959945 0.001524829175 0.9577928914 -0.2874551305 0.01566236082 -0.2874430791 -0.9576696543 1.607319193e-05 0 0
0.3001779278 0.1110658333 0 -0.002819378483 0.07589414123 0.5023800582 -0.0003604034563 0.01911868403 0.2540365542 -0.9998647643 -0.003248987916 -0.01612132871 0.001628800247 0.9559062882 -0.2936673545 0.01636460118 -0.2936538986 -0.9557717236 1.683279573e-05 0 0
0.3076808226 0.1138419043 0 -0.002961311589 0.07775743767 0.5019964552 -0.0003786205596 0.01959439152 0.2539878565 -0.9998507809 -0.003496735765 -0.0169171145 0.001753237224 0.9537014853 -0.3007497349 0.01718551958 -0.300734517 -0.9535530442 1.772421474e-05 0 0
0.3151837173 0.1166179754 0 -0.003106671942 0.07961825334 0.5016035893 -0.0003972848592 0.020069938 0.2539379636 -0.9998357444 -0.003756611986 -0.01773054273 0.001883795787 0.9514449331 -0.3078132398 0.01802596995 -0.3077960805 -0.9512815762 1.86406905e-05 0 0
0.322686612 0.1193940465 0 -0.003255453974 0.08147652927 0.5012014757 -0.0004163961713 0.02054531959 0.2538868758 -0.9998196037 -0.004028887448 -0.01856146913 0.002020615631 0.9491368251 -0.314857435 0.01888589905 -0.3148381415 -0.9489574635 1.958243919e-05 0 0
0.3301895068 0.1221701175 0 -0.003407651983 0.08333220656 0.5007901298 -0.0004359543076 0.02102053242 0.2538345938 -0.9998023068 -0.004313831248 -0.01940974618 0.002163835773 0.9467773591 -0.3218818883 0.01976525238 -0.321860254 -0.9465808532 2.054968142e-05 0 0
0.3367545397 0.1245991797 0 -0.003543622829 0.08495374629 0.500422641 -0.0004534340609 0.02143620216 0.2537878676 -0.9997861816 -0.004573759234 -0.02016610317 0.002294512392 0.9446708558 -0.328011752 0.02055057672 -0.3279878884 -0.9444583733 2.141710787e-05 0 0
0.3442574344 0.1273752507 0 -0.003702209978 0.08680439284 0.4999940271 -0.0004738294696 0.02191108813 0.2537333476 -0.9997665724 -0.004883175129 -0.02104650403 0.002450105334 0.9422156422 -0.3349980307 0.02146619936 -0.334971399 -0.9419837388 2.243276051e-05 0 0
0.3517603292 0.1301513218 0 -0.003864195991 0.08865227209 0.4995562271 -0.0004946711366 0.0223857942 0.2536776349 -0.9997456508 -0.005206022789 -0.02194381374 0.002612494298 0.9397096638 -0.3419633354 0.02240108275 -0.3419336854 -0.9394570487 2.347456543e-05 0 0
0.3592632239 0.1329273928 0 -0.004029574664 0.09049732562 0.4991092577 -0.0005159588566 0.0228603165 0.2536207299 -0.9997233606 -0.005542564076 -0.02285787253 0.002781815509 0.937153135 -0.3489072414 0.02335516764 -0.3488743063 -0.9368784631 2.454276006e-05 0 0
0.3667661186 0.1357034639 0 -0.004198339664 0.09233949511 0.498653136 -0.0005376924198 0.02333465116 0.2535626333 -0.999699644 -0.005893058893 -0.02378851752 0.002958204437 0.9345462748 -0.3558293261 0.0243283936 -0.355792822 -0.9342481454 2.563758608e-05 0 0
0.3733311515 0.1381325261 0 -0.004348781808 0.09394898185 0.4982465357 -0.0005570748502 0.02374953702 0.2535108217 -0.9996776761 -0.006211390907 -0.02461630732 0.003118448396 0.9322241598 -0.3618679194 0.02519561952 -0.3618280454 -0.9319043118 2.661759807e-05 0 0
0.3808340463 0.1409085971 0 -0.004523878653 0.095785587 0.4977733009 -0.0005796437889 0.02422350942 0.2534504923 -0.9996511265 -0.006588742122 -0.0255776016 0.003308451731 0.9295235327 -0.3687479576 0.0262045678 -0.3687039335 -0.9291774481 2.776302381e-05 0 0
0.388336941 0.1436846682 0 -0.0047023429 0.09761914115 0.4972909651 -0.0006026579434 0.02469728307 0.253388973 -0.9996229793 -0.00698078282 -0.02655499659 0.003505907914 0.9267732269 -0.3756049715 0.02723247661 -0.37555646 -0.9263993402 2.893579881e-05 0 0
0.3958398358 0.1464607392 0 -0.004884167719 0.09944958645 0.4967995467 -0.000626117087 0.02517085408 0.2533262643 -0.9995931728 -0.007387764953 -0.02754831749 0.003710949346 0.9239734774 -0.3824385467 0.0282792808 -0.3823851907 -0.9235701642 3.013618063e-05 0 0
0.4033427305 0.1492368103 0 -0.005069346151 0.1012768652 0.4962990645 -0.0006500209886 0.0256442186 0.253262367 -0.9995616442 -0.007809938325 -0.02855738654 0.003923707603 0.9211245235 -0.3892482713 0.02934491406 -0.3891896929 -0.9206900993 3.136443085e-05 0 0
0.4099077634 0.1516658725 0 -0.005234122722 0.1028730913 0.4958537224 -0.000671301558 0.02605824013 0.2532054822 -0.9995325939 -0.00819199631 -0.0294530983 0.004116304078 0.9185915172 -0.3951868932 0.03029273582 -0.3951234184 -0.9181284411 3.246221918e-05 0 0
0.4174106582 0.1544419435 0 -0.00542556998 0.1046942778 0.4953362974 -0.0006960387426 0.02653120706 0.2531393578 -0.9994976635 -0.008643318945 -0.0304912055 0.004343883073 0.9156509644 -0.4019507956 0.03139349065 -0.4018813313 -0.9151534539 3.374344126e-05 0 0
0.4249135529 0.1572180146 0 -0.005620350135 0.1065121327 0.4948098645 -0.0007212199965 0.0270039564 0.2530720466 -0.9994608249 -0.009110538743 -0.03154453311 0.004579552433 0.9126619179 -0.408689676 0.03251287721 -0.4086137805 -0.9121281112 3.505330545e-05 0 0
0.4324164476 0.1599940856 0 -0.005818455739 0.1083265987 0.4942744439 -0.0007468450714 0.02747648429 0.2530035492 -0.9994220112 -0.00959389686 -0.03261289188 0.004823440392 0.909624633 -0.4154031313 0.0336508246 -0.4153203393 -0.9090526045 3.63920883e-05 0 0
0.4399193424 0.1627701567 0 -0.006019879213 0.1101376189 0.4937300562 -0.000772913715 0.02794878687 0.2529338664 -0.9993811546 -0.01009363213 -0.03369608964 0.00507567429 0.9065393685 -0.4220907614 0.0348072607 -0.4220005828 -0.9059271288 3.77600701e-05 0 0
0.4464843753 0.1651992189 0 -0.006198840392 0.1117193902 0.4932463773 -0.0007960874413 0.02836186378 0.252871922 -0.9993436752 -0.01054452085 -0.03465590706 0.005303324642 0.9038006107 -0.4279209399 0.03583425124 -0.4278238763 -0.9031515029 3.898122962e-05 0 0
0.45398727 0.1679752899 0 -0.006406464016 0.1135237963 0.4926852324 -0.0008229870806 0.02883373353 0.2528000183 -0.999298802 -0.01107559881 -0.03576640004 0.005571547216 0.900626097 -0.4345590769 0.03702515527 -0.4344536391 -0.8999328716 4.040472781e-05 0 0
0.4614901648 0.170751361 0 -0.006617383029 0.1153245936 0.492115181 -0.0008503295385 0.02930536689 0.2527269312 -0.9992516855 -0.01162372734 -0.03689116365 0.005848476715 0.8974043708 -0.4411702513 0.03823433421 -0.4410558743 -0.896664849 4.185825127e-05 0 0
0.4689930595 0.173527432 0 -0.006831589368 0.1171217254 0.491536245 -0.0008781145457 0.02977676003 0.2526526614 -0.999202254 -0.01218913597 -0.03802999471 0.006134236875 0.8941357065 -0.4477540726 0.03946171146 -0.4476301636 -0.8933476423 4.33420944e-05 0 0
0.4764959542 0.1763035031 0 -0.007049074847 0.1189151356 0.4909484464 -0.0009063418286 0.0302479091 0.2525772096 -0.999150435 -0.01277205171 -0.03918268728 0.006428950472 0.8908203824 -0.4543101528 0.04070720923 -0.4541760904 -0.8899814616 4.485655511e-05 0 0
0.4830609871 0.1787325652 0 -0.007242058031 0.1204812726 0.4904268702 -0.0009314032868 0.0306599613 0.2525102203 -0.9991030769 -0.01329664084 -0.04020250006 0.006694265259 0.8878814198 -0.4600236637 0.04181182227 -0.4598801841 -0.8869960472 4.620706106e-05 0 0
0.4905638819 0.1815086363 0 -0.007465669402 0.1222675536 0.4898225151 -0.0009604590836 0.03113064239 0.2524325545 -0.9990465821 -0.01391298553 -0.04138061833 0.007006094059 0.8844793719 -0.4665266931 0.04309108244 -0.4663718147 -0.8835386178 4.777974478e-05 0 0
0.4980667766 0.1842847073 0 -0.007692535686 0.1240499521 0.489209363 -0.0009899563449 0.03160106836 0.2523537089 -0.9989874857 -0.01454747586 -0.04257199078 0.007327223793 0.8810314855 -0.473000881 0.04438823318 -0.4728338953 -0.8800328359 4.93839218e-05 0 0
0.5055696714 0.1870607784 0 -0.007922648221 0.1258284124 0.4885874372 -0.00101989478 0.03207123539 0.2522736843 -0.9989257113 -0.01520032891 -0.04377640095 0.007657773381 0.8775380535 -0.47944585 0.04570319229 -0.4792660165 -0.8764789237 5.101990325e-05 0 0
0.5130725661 0.1898368495 0 -0.008155998217 0.127602879 0.4879567616 -0.001050274095 0.03254113964 0.2521924816 -0.9988611818 -0.01587175907 -0.04499362973 0.007997860717 0.8739993729 -0.4858612255 0.04703587648 -0.4856677707 -0.8728771064 5.268800359e-05 0 0
0.519637599 0.1922659116 0 -0.008362828193 0.1291522178 0.4873977616 -0.001077217418 0.03295208729 0.2521204634 -0.9988023971 -0.01647466601 -0.04606904592 0.008303352959 0.8708661452 -0.4914501108 0.04821644888 -0.4912440763 -0.8696863984 5.417418859e-05 0 0
0.5271404937 0.1950419827 0 -0.008602224321 0.1309190473 0.4867507451 -0.001108422571 0.03342148851 0.2520370538 -0.9987324905 -0.0171814968 -0.04730970991 0.008661637707 0.8672434357 -0.4978089987 0.04958213908 -0.4975878006 -0.8659953765 5.590337068e-05 0 0
0.5346433885 0.1978180537 0 -0.008844831968 0.1326817246 0.4860950487 -0.001140067731 0.03389061596 0.2519524685 -0.9986596017 -0.01790750607 -0.04856254804 0.009029793315 0.8635763511 -0.504137232 0.05096530858 -0.5038999971 -0.8622571138 5.76655937e-05 0 0
0.5421462832 0.2005941248 0 -0.009090641875 0.1344401949 0.4854306976 -0.001172152587 0.0343594658 0.2518667082 -0.9985836502 -0.01865289765 -0.04982733121 0.009407933581 0.8598652022 -0.5104344472 0.05236586973 -0.5101802657 -0.858471847 5.946118449e-05 0 0
0.549649178 0.2033701958 0 -0.009339644665 0.1361944034 0.4847577171 -0.001204676822 0.03482803423 0.2517797739 -0.9985045543 -0.01941787255 -0.0511038278 0.009796171212 0.8561103034 -0.5167002839 0.05378373378 -0.5164282086 -0.8546398162 6.129047297e-05 0 0
0.5562142109 0.205799258 0 -0.009560133802 0.1377257972 0.4841618005 -0.001233495704 0.03523779775 0.2517027439 -0.9984327013 -0.02010344591 -0.05223018699 0.0101442499 0.8527891284 -0.5221568698 0.05503848803 -0.5218683301 -0.8512486187 6.291900474e-05 0 0
0.5637171056 0.2085753291 0 -0.009815097548 0.1394718684 0.4834727093 -0.001266842909 0.03570582824 0.2516136105 -0.9983474869 -0.02090567146 -0.05352801331 0.01055172004 0.8489530586 -0.5283629108 0.05648855204 -0.5280545968 -0.8473295618 6.48123763e-05 0 0
0.5712200004 0.2113514001 0 -0.01007322654 0.141213522 0.4827750634 -0.001300628561 0.03617356635 0.2515233056 -0.998258889 -0.02172804236 -0.05483687339 0.01096960542 0.8450741627 -0.5345365538 0.05795565775 -0.5342074052 -0.8433644467 6.674041098e-05 0 0
0.5787228951 0.2141274712 0 -0.01033451095 0.1429507038 0.4820688893 -0.001334852327 0.03664100827 0.25143183 -0.9981668227 -0.02257074846 -0.05615652618 0.01139801441 0.8411527686 -0.5406774502 0.05943971219 -0.5403263654 -0.8393535247 6.870345034e-05 0 0
0.5862257898 0.2169035422 0 -0.0105989408 0.1446833602 0.4813542141 -0.001369513871 0.0371081502 0.2513391847 -0.9980712023 -0.02343397665 -0.05748672821 0.01183705425 0.8371892078 -0.5467852544 0.06094062134 -0.5464110898 -0.8352970499 7.070183882e-05 0 0
0.5927908227 0.2193326044 0 -0.01083288925 0.1461956803 0.4807219209 -0.001400201567 0.03751665032 0.2512571613 -0.9979845511 -0.0242062805 -0.05865911553 0.01223001815 0.8336867653 -0.5521021681 0.06226766823 -0.5517068364 -0.831710469 7.247969902e-05 0 0
0.6002937175 0.2221086755 0 -0.01110318956 0.1479197074 0.4799913796 -0.001435683019 0.03798321953 0.2511623252 -0.9978820332 -0.02510848096 -0.06000843317 0.01268927581 0.8296450468 -0.5581470044 0.06379992279 -0.5577263311 -0.8275692777 7.45453054e-05 0 0
0.6077966122 0.2248847465 0 -0.01137660603 0.1496390558 0.4792524161 -0.001471601256 0.03844947784 0.2510663222 -0.9977757106 -0.02603172413 -0.06136758729 0.01315946614 0.8255621331 -0.564157773 0.06534875578 -0.5637104875 -0.8233832804 7.664726696e-05 0 0
0.615299507 0.2276608176 0 -0.01165312824 0.1513536724 0.4785050588 -0.001507955923 0.03891542145 0.2509691531 -0.9976654945 -0.02697618518 -0.06273632557 0.0136406918 0.8214383684 -0.5701341408 0.06691406907 -0.5696589264 -0.8191527421 7.878593902e-05 0 0
0.6228024017 0.2304368886 0 -0.01193274566 0.1530635044 0.4777493361 -0.001544746663 0.03938104658 0.2508708189 -0.9975512955 -0.0279420362 -0.06411439349 0.01413305429 0.8172741002 -0.576075778 0.06849576349 -0.5755712708 -0.8148779311 8.096167961e-05 0 0
0.6293674346 0.2328659508 0 -0.01217994158 0.1545556413 0.477081239 -0.001577295991 0.03978820434 0.2507838215 -0.9974480333 -0.0288048352 -0.06532765439 0.01457308599 0.8135974156 -0.5812459639 0.06989310498 -0.580714669 -0.8111013667 8.28961439e-05 0 0
0.6368703293 0.2356420219 0 -0.01246533374 0.1562563608 0.4763099088 -0.001614903387 0.04025322211 0.2506833054 -0.9973261226 -0.02981124534 -0.0667225218 0.01508659931 0.8093581512 -0.5871216038 0.07150524306 -0.5865583286 -0.8067442763 8.514236227e-05 0 0
0.6443732241 0.2384180929 0 -0.01275379019 0.1579521451 0.4755302968 -0.001652945803 0.04071791054 0.2505816271 -0.9971999676 -0.03083952271 -0.06812597508 0.01561153443 0.8050794 -0.5929615836 0.07313347136 -0.5923648229 -0.8023436994 8.74266933e-05 0 0
0.6518761188 0.241194164 0 -0.01304529995 0.1596429423 0.4747424326 -0.001691422863 0.04118226583 0.2504787875 -0.997069476 -0.03188982714 -0.06953775143 0.01614798806 0.800761522 -0.5987655864 0.07477768672 -0.5981337842 -0.7978999146 8.974950521e-05 0 0
0.6593790136 0.243970235 0 -0.01333985195 0.1613287006 0.4739463461 -0.001730334189 0.04164628424 0.2503747878 -0.9969345549 -0.03296231527 -0.07095758603 0.01669605567 0.7964048797 -0.6045332988 0.07643778495 -0.6038648469 -0.7934132036 9.211116876e-05 0 0
0.6659440465 0.2463992972 0 -0.01360007172 0.1627995652 0.4732430494 -0.001764737533 0.04205202102 0.2502828371 -0.9968127916 -0.03391906058 -0.07220634184 0.01718521601 0.7925613065 -0.6095500339 0.07790331715 -0.6088481525 -0.789452342 9.420978824e-05 0 0
0.6734469412 0.2491753682 0 -0.0139002976 0.1644757369 0.4724316281 -0.001804462072 0.04251539759 0.2501766649 -0.9966693119 -0.03503355393 -0.07364056482 0.01775531276 0.7881329696 -0.6152488693 0.07959291147 -0.6145071785 -0.7848859128 9.664530667e-05 0 0
0.6809498359 0.2519514393 0 -0.0142035332 0.166146722 0.4716120724 -0.001844619765 0.04297842645 0.2500693355 -0.9965211314 -0.03617066305 -0.07508207352 0.01833729089 0.7836669281 -0.6209105327 0.08129808357 -0.6201272683 -0.7802773819 9.912075658e-05 0 0
0.6884527307 0.2547275104 0 -0.01450976699 0.1678124697 0.4707844135 -0.001885210215 0.04344110384 0.24996085 -0.9963681545 -0.03733053184 -0.07653059546 0.01893124092 0.7791635563 -0.6265347242 0.0830187254 -0.6257080661 -0.7756270414 0.0001016365183 0 0
0.6959556254 0.2575035814 0 -0.01481898733 0.1694729293 0.4699486829 -0.001926233023 0.04390342601 0.2498512095 -0.996210285 -0.03851330086 -0.0779858563 0.01953725206 0.7746232312 -0.6321211477 0.08475472794 -0.631249218 -0.7709351859 0.0001041929746 0 0
0.7025206583 0.2599326436 0 -0.01509199581 0.1709214539 0.4692108221 -0.001962482332 0.04430766357 0.2497543274 -0.9960680594 -0.039567117 -0.07926452046 0.02007747482 0.7706204322 -0.6369780565 0.0862862443 -0.636064928 -0.7667959907 0.0001064635587 0 0
0.7100235531 0.2627087146 0 -0.01540678418 0.1725718624 0.4683600428 -0.00200431472 0.0447693096 0.2496425243 -0.9959007545 -0.040793191 -0.08073167086 0.02070633642 0.7660118461 -0.6424928788 0.08805075095 -0.6415307999 -0.762027098 0.0001090973569 0 0
0.7175264478 0.2654847857 0 -0.01572452504 0.1742168382 0.4675012837 -0.002046578294 0.04523058964 0.2495295693 -0.9957282768 -0.04204255045 -0.08220476121 0.02134750829 0.7613674065 -0.6479691012 0.08983029947 -0.6469560234 -0.757217552 0.0001117729631 0 0
0.7250293425 0.2682608567 0 -0.01604520631 0.1758563315 0.4666345775 -0.002089272636 0.04569149996 0.2494154636 -0.9955505276 -0.04331532272 -0.08368351019 0.02200107448 0.7566875013 -0.6534064417 0.09162477712 -0.6523402549 -0.7523676575 0.0001144907689 0 0
0.7325322373 0.2710369278 0 -0.01636881583 0.1774902928 0.4657599572 -0.002132397329 0.04615203683 0.2493002084 -0.9953674077 -0.04461163174 -0.08516763478 0.02266711773 0.751972521 -0.6588046216 0.0934340702 -0.6576831531 -0.7474777218 0.0001172511683 0 0
0.7390972702 0.27346599 0 -0.01665436659 0.1789154321 0.4649881984 -0.002170484121 0.04655469731 0.249198418 -0.9952026938 -0.04576530437 -0.08647042967 0.02326020466 0.7478184497 -0.6634956889 0.09502926481 -0.6623240168 -0.7431664253 0.0001197017693 0 0
0.7466001649 0.276242061 0 -0.01698343339 0.1805388879 0.4640988287 -0.002214414571 0.0470145239 0.2490810106 -0.9950092346 -0.04710606664 -0.08796386482 0.02394986064 0.7430387652 -0.6688197048 0.09686602709 -0.6675885049 -0.7382022493 0.0001225431013 0 0
0.7541030597 0.2790181321 0 -0.01731539284 0.1821566704 0.463201641 -0.002258774137 0.04747396633 0.2489624569 -0.9948101165 -0.04847070248 -0.08946185262 0.02465222393 0.7382251429 -0.6741037801 0.09871727269 -0.6728106936 -0.7331989298 0.000125428172 0 0
0.7616059544 0.2817942031 0 -0.01765023235 0.1837687308 0.4622966693 -0.002303562384 0.04793302088 0.2488427582 -0.9946052382 -0.0498593222 -0.09096410374 0.02536737195 0.733377983 -0.6793476506 0.1005828843 -0.6779902521 -0.7281567835 0.0001283573837 0 0
0.7691088492 0.2845702742 0 -0.01798793924 0.1853750209 0.461383948 -0.002348778871 0.04839168384 0.2487219157 -0.9943944978 -0.05127203259 -0.09247032733 0.02609538073 0.7284976887 -0.6845510563 0.1024627438 -0.6831268522 -0.7230761301 0.000131331141 0 0
0.7756738821 0.2869993364 0 -0.01828577485 0.1867757532 0.4605789869 -0.002388694238 0.04879268979 0.2486152411 -0.9942052108 -0.05252799726 -0.09379130184 0.02674299696 0.7242005692 -0.6890706406 0.1041192149 -0.687585882 -0.7185992235 0.0001339700397 0 0
0.7831767768 0.2897754074 0 -0.01862882349 0.188371094 0.4596518284 -0.002434712472 0.04925060853 0.2484922572 -0.9939832029 -0.05398615296 -0.09530418464 0.02749531971 0.7192592421 -0.6941974863 0.1060254673 -0.6926410599 -0.7134472387 0.0001370284179 0 0
0.7906796715 0.2925514785 0 -0.01897470242 0.1899605264 0.4587170205 -0.002481157655 0.04970812503 0.248368133 -0.9937550375 -0.05546868632 -0.09682019547 0.02826071399 0.7142859524 -0.6992831403 0.1079456227 -0.6976523512 -0.7082576787 0.0001401325166 0 0
0.7981825663 0.2953275495 0 -0.01932339854 0.1915440031 0.4577745985 -0.002528029329 0.05016523559 0.2482428698 -0.9935206109 -0.05697569015 -0.09833903786 0.02903925038 0.709281112 -0.7043273572 0.1098795594 -0.7026194381 -0.7030308724 0.0001432827484 0 0
0.805685461 0.2981036206 0 -0.01967489867 0.1931214767 0.4568245982 -0.002575327034 0.05062193653 0.2481164687 -0.9932798191 -0.05850725361 -0.099860414 0.029830998 0.7042451355 -0.7093298956 0.1118271549 -0.7075420061 -0.697767151 0.000146479528 0 0
0.8122504939 0.3005326828 0 -0.01998475097 0.1944968049 0.4559871595 -0.002617061638 0.05102121093 0.2480049354 -0.9930638225 -0.05986758552 -0.1011934615 0.03053466776 0.699813442 -0.7136727405 0.1135424084 -0.7118124884 -0.6931313749 0.0001493152213 0 0
0.8197533887 0.3033087538 0 -0.02034147265 0.1960628965 0.4550230469 -0.002665156891 0.05147713389 0.2478764043 -0.9928108136 -0.06144542587 -0.1027187812 0.0313513678 0.6947202095 -0.7185964948 0.1155152808 -0.7166507449 -0.6877993383 0.0001526004025 0 0
0.8272562834 0.3060848249 0 -0.02070095981 0.1976228507 0.45405146 -0.002713676826 0.05193263664 0.2477467391 -0.9925511378 -0.06304806174 -0.1042457713 0.03218146983 0.6895970443 -0.7234778984 0.117501455 -0.7214435934 -0.6824313516 0.0001559333345 0 0
0.8347591781 0.3088608959 0 -0.02106319885 0.1991766213 0.4530724355 -0.002762620964 0.0523877155 0.247615941 -0.9922846893 -0.06467556802 -0.105774129 0.03302503738 0.684444369 -0.7283167255 0.1195008049 -0.7261907302 -0.677027755 0.0001593144397 0 0
0.8422620729 0.311636967 0 -0.02142817607 0.2007241624 0.4520860106 -0.002811988824 0.05284236681 0.2474840114 -0.992011362 -0.06632801585 -0.1073035506 0.03388213253 0.6792626085 -0.7331127538 0.1215132041 -0.7308918545 -0.6715888908 0.0001627441423 0 0
0.8488271058 0.3140660291 0 -0.02174976647 0.2020731146 0.4512168474 -0.002855532904 0.0532398331 0.2473676458 -0.9917664743 -0.06779442065 -0.1086424275 0.03464323532 0.6747050445 -0.7372739987 0.1232846575 -0.7349673594 -0.6668012251 0.000165785332 0 0
0.8563300005 0.3168421002 0 -0.02211984054 0.2036088523 0.4502166472 -0.002905693929 0.05369367288 0.2472335981 -0.9914799622 -0.06949381263 -0.110173021 0.03552585691 0.669469901 -0.7419891948 0.1253211795 -0.7395814098 -0.6612971649 0.0001693073047 0 0
0.8638328953 0.3196181712 0 -0.02249261288 0.2051382296 0.4492091544 -0.002956277268 0.05414707459 0.2470984227 -0.9911862645 -0.07121832981 -0.1117037986 0.03642217634 0.6642069043 -0.7466609762 0.1273703819 -0.7441485992 -0.6557588338 0.0001728791048 0 0
0.87133579 0.3223942423 0 -0.0228680694 0.2066612018 0.448194407 -0.003007282423 0.05460003457 0.2469621209 -0.9908852737 -0.07296802879 -0.1132344523 0.03733224996 0.6589164869 -0.7512891364 0.1294321349 -0.7486686384 -0.6501865827 0.0001765011638 0 0
0.8788386847 0.3251703134 0 -0.02324619594 0.208177724 0.4471724434 -0.003058708892 0.05505254919 0.2468246941 -0.9905768821 -0.07474296232 -0.1147646733 0.03825613263 0.6535990828 -0.7558734731 0.1315063077 -0.7531412408 -0.6445807649 0.0001801739152 0 0
0.8854037176 0.3275993755 0 -0.02357923569 0.2094993552 0.446272336 -0.003104052264 0.05544813128 0.2467035238 -0.9903008836 -0.07631676796 -0.116103018 0.03907589967 0.6489245593 -0.7598486629 0.1333312939 -0.7570156321 -0.6396484181 0.0001834294981 0 0
0.8929066124 0.3303754466 0 -0.02396232997 0.2110036644 0.445236946 -0.00315626733 0.05589980102 0.2465639913 -0.9899783243 -0.07813914525 -0.1176315915 0.04002581691 0.6435577313 -0.7643502995 0.1354283992 -0.7613985293 -0.6339806214 0.0001871984717 0 0
0.9004095071 0.3331515176 0 -0.02434805298 0.2125013969 0.4441944514 -0.003208902244 0.05635101494 0.2464233378 -0.9896480531 -0.07998688756 -0.1191588389 0.0409896925 0.6381651746 -0.768807554 0.1375375446 -0.7657331832 -0.6282802846 0.0001910193935 0 0
0.9079124019 0.3359275887 0 -0.02473639018 0.213992509 0.4431448914 -0.003261956488 0.05680176942 0.2462815647 -0.9893099611 -0.08186003282 -0.1206844477 0.04196757546 0.6327473297 -0.7732202399 0.1396585963 -0.7700193191 -0.622547769 0.0001948927037 0 0
0.9154152966 0.3387036597 0 -0.02512732693 0.2154769573 0.4420883056 -0.003315429541 0.05725206082 0.2461386734 -0.9889639394 -0.08375861513 -0.122208105 0.04295951329 0.6273046392 -0.777588175 0.1417914199 -0.7742566655 -0.6167834378 0.0001988188444 0 0
0.9219803295 0.3411327219 0 -0.02547151746 0.2167703494 0.4411580609 -0.003362561603 0.0576456831 0.2460127273 -0.9886545798 -0.08544076483 -0.1235394575 0.04383902443 0.6225222527 -0.7813732686 0.143667191 -0.7779241098 -0.6117138364 0.0002022979038 0 0
0.9294832243 0.343908793 0 -0.0258672886 0.2182421875 0.4400884092 -0.0034168185 0.05809509652 0.2458677432 -0.9882933955 -0.08738712002 -0.1250586089 0.04485743778 0.6170341742 -0.7856568196 0.1458217223 -0.7820692547 -0.6058908369 0.0002063242993 0 0
0.936986119 0.346684864 0 -0.0262656167 0.2197072387 0.4390118468 -0.003471492681 0.05854403649 0.245721645 -0.9879239671 -0.08935898868 -0.1265749045 0.04589003401 0.6115225304 -0.7898951193 0.1479876349 -0.7861648465 -0.6000370772 0.0002104048059 0 0
0.9444890137 0.3494609351 0 -0.02666648676 0.221165461 0.4379284142 -0.00352658361 0.0589924994 0.2455744342 -0.9875461847 -0.09135638987 -0.1280880286 0.04693685466 0.6059877695 -0.794088002 0.1501647918 -0.7902106259 -0.5941529282 0.0002145398724 0 0
0.9519919085 0.3522370061 0 -0.0270698837 0.2226168124 0.4368381522 -0.003582090744 0.05944048168 0.2454261123 -0.9871599386 -0.09337933875 -0.1295976646 0.04799793974 0.600430341 -0.7982353058 0.152353055 -0.7942063363 -0.5882387627 0.0002187299492 0 0
0.9585569414 0.3546660683 0 -0.02742491692 0.2238810758 0.4358786029 -0.003631000475 0.05983206906 0.2452954203 -0.9868149438 -0.09517038503 -0.1309154859 0.04893812074 0.595549351 -0.8018266838 0.1542767869 -0.7976613118 -0.5830395396 0.0002224417476 0 0
0.9660598361 0.3574421394 0 -0.02783301079 0.2253194322 0.4347756465 -0.003687286517 0.06027914045 0.245145019 -0.9864125314 -0.09724126302 -0.1324177276 0.05002605406 0.5899506371 -0.8058881062 0.1564855001 -0.8015624633 -0.5770701047 0.000226736189 0 0
0.9735627309 0.3602182104 0 -0.02824358766 0.2267507986 0.4336659793 -0.003743987184 0.06072572089 0.2449935108 -0.9860013386 -0.09933771044 -0.133915569 0.0511283582 0.5843305554 -0.8099035085 0.158704919 -0.8054128266 -0.5710717358 0.0002310869453 0 0
0.9810656256 0.3629942815 0 -0.02865663212 0.2281751343 0.4325496429 -0.003801101918 0.0611718068 0.2448408973 -0.9855812549 -0.1014597272 -0.1354086918 0.05224506714 0.5786895604 -0.8138727454 0.1609349031 -0.8092121579 -0.5650448128 0.0002354944735 0 0
0.9885685203 0.3657703525 0 -0.02907212865 0.2295923988 0.4314266793 -0.003858630155 0.06161739461 0.24468718 -0.9851521698 -0.1036073094 -0.1368967776 0.0533762133 0.5730281076 -0.8177956761 0.1631753111 -0.8129602163 -0.5589897177 0.0002399592321 0 0
0.9951335532 0.3681994147 0 -0.0294376873 0.2308266729 0.430438683 -0.003909306121 0.06200687255 0.2445517731 -0.9847692496 -0.1055074093 -0.13819447 0.05437783354 0.5680579137 -0.8211901472 0.1651441073 -0.816197521 -0.5536687011 0.0002439132046 0 0
1.002636448 0.3709754858 0 -0.02985773933 0.2322305706 0.4293034072 -0.003967608152 0.06245151683 0.2443959904 -0.9843229892 -0.1077029021 -0.1396722514 0.05553613147 0.5623593346 -0.8250258886 0.1674036769 -0.8198488054 -0.5475618187 0.0002484865123 0 0
1.010139343 0.3737515568 0 -0.03028019834 0.2336272822 0.4281616261 -0.004026322049 0.06289565278 0.2442391082 -0.9838674095 -0.1099239269 -0.141144078 0.05670895112 0.5566416137 -0.8288149424 0.1696732605 -0.823448143 -0.541427872 0.0002531183781 0 0
1.017642237 0.3765276279 0 -0.03070504848 0.2350167683 0.4270133825 -0.004085447235 0.06333927685 0.2440811282 -0.9834024 -0.1121704643 -0.1426096302 0.05789631885 0.5509052107 -0.8325571842 0.1719527142 -0.8269953057 -0.5352672495 0.000257809267 0 0
1.025145132 0.3793036989 0 -0.03113227382 0.2363989899 0.4258587194 -0.00414498313 0.0637823855 0.2439220521 -0.9829278499 -0.114442491 -0.1440685881 0.05909825941 0.5451505862 -0.8362524942 0.1742418938 -0.8304900689 -0.5290803416 0.0002625596455 0 0
1.031710165 0.3817327611 0 -0.03150803181 0.2376024441 0.4248431573 -0.004197413486 0.06416967999 0.2437819624 -0.9825047054 -0.1164514023 -0.1453395153 0.06016192996 0.5401007051 -0.8394473006 0.1762527901 -0.8335048285 -0.5236455431 0.0002667653948 0 0
1.03921306 0.3845088321 0 -0.03193966742 0.2389709405 0.4236765745 -0.004257717876 0.06461181271 0.2436208351 -0.9820119686 -0.1187711451 -0.1467852464 0.06139125586 0.5343131596 -0.843054305 0.178559814 -0.8369007483 -0.517410408 0.0002716285794 0 0
1.046715955 0.3872849032 0 -0.03237363197 0.2403320618 0.4225036974 -0.00431843128 0.06505341985 0.2434586162 -0.9815093732 -0.1211162883 -0.148223463 0.06263521701 0.5285087215 -0.8466140567 0.1808761451 -0.8402436409 -0.511150119 0.0002765526038 0 0
1.054218849 0.3900609743 0 -0.03280990921 0.2416857701 0.4213245697 -0.0043795531 0.06549449791 0.2432953073 -0.9809968087 -0.1234867932 -0.1496538449 0.06389383204 0.5226878544 -0.8501264524 0.1832016365 -0.8435332944 -0.5048650726 0.0002815379407 0 0
1.061721744 0.3928370453 0 -0.03324848281 0.2430320278 0.4201392356 -0.004441082736 0.06593504336 0.24313091 -0.9804741644 -0.1258826171 -0.1510760722 0.065167118 0.5168510227 -0.8535913935 0.185536141 -0.8467695005 -0.4985556673 0.0002865850645 0 0
1.068286777 0.3952661075 0 -0.03363410555 0.2442038622 0.419097012 -0.004495255228 0.06632008096 0.2429861708 -0.9800084955 -0.1279996961 -0.1523135799 0.06629329015 0.5117310647 -0.8565842149 0.1875861096 -0.849557176 -0.4930152698 0.0002910523563 0 0
1.075789672 0.3980421785 0 -0.03407694054 0.24553605 0.4179001607 -0.004557547885 0.06675961833 0.2428197373 -0.9794666543 -0.1304428645 -0.1537196545 0.06759412453 0.5058655534 -0.8599599271 0.1899371144 -0.8526926181 -0.4866612699 0.000296216614 0 0
1.083292566 0.4008182496 0 -0.03452202451 0.246860681 0.4166972311 -0.004620246606 0.06719861302 0.2426522201 -0.9789144163 -0.1329112073 -0.1551166544 0.06890967 0.4999854162 -0.8632879247 0.1922967054 -0.8557740324 -0.4802840644 0.0003014440308 0 0
1.090795461 0.4035943206 0 -0.03496934082 0.2481777188 0.4154882681 -0.004683350776 0.06763706154 0.242483621 -0.9783516714 -0.1354046664 -0.1565042602 0.07023993744 0.4940911195 -0.8665681259 0.1946647331 -0.8588012237 -0.4738840573 0.0003067350868 0 0
1.098298356 0.4063703917 0 -0.03541887276 0.2494871274 0.4142733169 -0.004746859775 0.06807496041 0.2423139416 -0.9777783095 -0.1379231798 -0.1578821523 0.07158493616 0.4881831307 -0.8698004529 0.1970410476 -0.8617740002 -0.4674616542 0.0003120902641 0 0
1.105801251 0.4091464628 0 -0.03587060355 0.2507888712 0.4130524228 -0.004810772978 0.06851230615 0.2421431836 -0.9771942208 -0.1404666814 -0.1592500116 0.07294467385 0.482261917 -0.8729848326 0.1994254982 -0.8646921734 -0.461017262 0.0003175100459 0 0
1.112366284 0.4115755249 0 -0.03626765849 0.2519215815 0.4119793014 -0.004867028109 0.0688945272 0.2419928869 -0.9766742578 -0.1427126885 -0.1604384079 0.07414653971 0.4770703744 -0.8757317789 0.2015184479 -0.8672006379 -0.4553607018 0.000322305732 0 0
1.119869178 0.414351596 0 -0.03672346662 0.2532088584 0.4107473875 -0.004931697498 0.06933082646 0.2418201112 -0.9760697611 -0.1453028513 -0.1617865968 0.07553392816 0.4711256256 -0.8788260753 0.2039177462 -0.8700159345 -0.4488761816 0.0003278479556 0 0
