0.007485956963 0.004700357517 0.002668968236 -2.990855613e-06 0.001908906596 0.5099952367 -3.746592936e-07 0.0004755217655 0.2549994087 -0.9999999998 -8.599311e-08 -1.741772048e-05 4.374396722e-08 0.9999722601 -0.007448431149 1.741787783e-05 -0.007448431149 -0.9999722599 3.493862174e-08 0.003549727754 0
0.01397191393 0.008772825035 0.004981406472 -1.04185765e-05 0.003562757242 0.509983407 -1.312059414e-06 0.0008890984889 0.254997929 -0.9999999982 -5.616076917e-07 -6.067244837e-05 2.81880372e-07 0.9999033705 -0.01390143002 6.067439276e-05 -0.01390143001 -0.9999033686 6.13440147e-08 0.006625270608 0
0.02126861551 0.01335435099 0.007582899487 -2.4141666e-05 0.005423211914 0.5099615511 -3.051515118e-06 0.001355093653 0.2549951833 -0.9999999901 -1.982470476e-06 -0.0001405810804 9.926789468e-07 0.9997761006 -0.02116007026 0.0001405915536 -0.02116007019 -0.9997760908 4.439842713e-08 0.01008525632 0
0.02856531709 0.01793587695 0.0101843925 -4.354676388e-05 0.007283465302 0.5099306459 -5.51530504e-06 0.001821187198 0.254991294 -0.9999999678 -4.803746172e-06 -0.0002535609127 2.403673798e-06 0.9995961511 -0.02841715558 0.0002535950212 -0.02841715528 -0.9995961189 1.621187884e-08 0.01354524203 0
0.03505127406 0.02200834447 0.01249683074 -6.556512787e-05 0.008936799077 0.5098955786 -8.312553837e-06 0.002235438098 0.2549868784 -0.9999999271 -8.8752812e-06 -0.0003817346989 4.439739136e-06 0.9993919905 -0.03486616175 0.0003818120476 -0.03486616091 -0.9993919176 9.660739103e-08 0.01662078488 0
0.04234797564 0.02658987042 0.01509832375 -9.570034561e-05 0.0107964839 0.5098475842 -1.214203834e-05 0.002701389508 0.2549808333 -0.9999998447 -1.565123838e-05 -0.0005571224224 7.828010571e-06 0.9991126072 -0.04211885574 0.0005572872482 -0.04211885356 -0.9991124519 2.151867298e-07 0.02008077059 0
0.04964467722 0.03117139638 0.01769981677 -0.0001315143847 0.01265576804 0.5097905455 -1.669395075e-05 0.003167261455 0.2549736477 -0.9999997067 -2.521335329e-05 -0.0007655068205 1.260928423e-05 0.9987806343 -0.04936845566 0.000765818132 -0.04936845083 -0.998780341 3.606269786e-07 0.0235407563 0
0.05613063418 0.0352438639 0.02001225501 -0.0001681152078 0.01430807288 0.5097322537 -2.134642194e-05 0.003581309999 0.2549663035 -0.9999995207 -3.643906505e-05 -0.0009784083 1.822223091e-05 0.9984414342 -0.05580951689 0.0009789170329 -0.05580950797 -0.998440955 5.114901293e-07 0.02661629916 0
0.06342733577 0.03982538986 0.02261374802 -0.0002146513531 0.01616641193 0.5096581386 -2.726244589e-05 0.0040470527 0.2549569646 -0.9999992186 -5.256970047e-05 -0.001249013256 2.628748116e-05 0.998010254 -0.06305182138 0.001249842653 -0.06305180495 -0.9980094728 7.049573064e-07 0.03007628487 0
0.06991329273 0.04389785737 0.02492618626 -0.0002607798438 0.01781776735 0.5095846727 -3.312726331e-05 0.004460993755 0.2549477065 -0.9999988467 -7.039186998e-05 -0.001517149618 3.51982947e-05 0.9975829571 -0.06948555545 0.001518373821 -0.06948552871 -0.9975818041 8.978070961e-07 0.03315182772 0
0.07720999431 0.04847938333 0.02752767927 -0.0003180307009 0.01967491533 0.509493493 -4.040698469e-05 0.00492661956 0.2549362149 -0.9999982846 -9.479474207e-05 -0.001849802388 4.739909993e-05 0.9970527786 -0.07671867033 0.001851623138 -0.07671862641 -0.9970510638 1.138130263e-06 0.03661181343 0
0.0845066959 0.05306090929 0.03012917229 -0.000380950478 0.02153133322 0.5093932847 -4.840851609e-05 0.005392183796 0.2549235839 -0.9999975387 -0.0001242649195 -0.002215220538 6.2133099e-05 0.9964702902 -0.0839461549 0.002217833015 -0.08394608592 -0.9964678298 1.403160009e-06 0.04007179914 0
0.09099265286 0.0571333768 0.03244161052 -0.0004416360025 0.02318081388 0.5092966348 -5.612686848e-05 0.005805965891 0.2549113999 -0.999996692 -0.0001550986989 -0.002567490682 7.754852064e-05 0.9959086719 -0.0903654315 0.002571001796 -0.09036533167 -0.9959053654 1.659501986e-06 0.043147342 0
0.09828935444 0.06171490276 0.03504310354 -0.0005152558908 0.0250356649 0.5091793851 -6.549153136e-05 0.006271409431 0.2548966171 -0.999995497 -0.0001954356406 -0.002994615861 9.771462583e-05 0.9952275972 -0.0975808392 0.002999395122 -0.09758069242 -0.9952230966 1.971300344e-06 0.04660732771 0
0.1047753114 0.06578737028 0.03735554178 -0.0005854476195 0.02668364371 0.5090675952 -7.442137977e-05 0.006685080438 0.2548825207 -0.9999941865 -0.0002366796271 -0.003401619956 0.0001183337304 0.9945784879 -0.1039885445 0.003407790002 -0.1039883425 -0.9945726779 2.269339224e-06 0.04968287056 0
0.112072013 0.07036889624 0.03995703479 -0.0006697559229 0.02853668249 0.5089333228 -8.514876605e-05 0.007150393874 0.2548655868 -0.9999923913 -0.0002895707612 -0.00389017947 0.0001447749603 0.9937991568 -0.1111899953 0.003898254448 -0.1111897125 -0.9937915533 2.628233612e-06 0.05314285627 0
0.1193687146 0.07495042219 0.04255852781 -0.0007597174846 0.03038866262 0.5087900468 -9.65974129e-05 0.007615633711 0.2548475143 -0.9999902097 -0.0003497885398 -0.004411139243 0.0001748781147 0.9929679572 -0.1183832986 0.004421529044 -0.118382911 -0.9929581746 3.012246295e-06 0.05660284198 0
0.1258546715 0.07902288971 0.04487096604 -0.00084442603 0.03203392295 0.508655137 -0.0001073793813 0.008029115543 0.2548304942 -0.9999879044 -0.0004098455701 -0.004901339574 0.0002049001249 0.9921856603 -0.1247700827 0.004914175307 -0.1247695778 -0.9921735752 3.374798883e-06 0.05967838484 0
0.1331513731 0.08360441567 0.04747245906 -0.0009450548369 0.0338837162 0.508494872 -0.0001201900335 0.008494206412 0.2548102716 -0.9999848492 -0.0004851815848 -0.005483240782 0.0002425589351 0.9912568003 -0.1319465685 0.005499317759 -0.1319458994 -0.9912416643 3.806678368e-06 0.06313837055 0
0.1396373301 0.08767688318 0.04978489729 -0.001039238466 0.03552692394 0.5083448718 -0.0001321824408 0.00890754977 0.2547913408 -0.9999816783 -0.000559417762 -0.006027450533 0.0002796668962 0.9903878886 -0.1383175762 0.006046891316 -0.1383167277 -0.9903695865 4.212048319e-06 0.0662139134 0
0.1469340317 0.09225840914 0.05238639031 -0.001150518534 0.03737428583 0.5081676432 -0.0001463545614 0.009372477832 0.2547689691 -0.9999775436 -0.0006515358836 -0.006669921603 0.0003257120012 0.9893618177 -0.145475385 0.006693748195 -0.1454742906 -0.9893393879 4.692421668e-06 0.06967389911 0
0.1542307332 0.0968399351 0.05498788332 -0.001267430458 0.0392202617 0.5079814451 -0.0001612472233 0.009837313871 0.25474546 -0.9999727466 -0.0007532084468 -0.007344295418 0.0003765311857 0.98828448 -0.1526225565 0.007373209777 -0.1526211623 -0.9882572623 5.198749662e-06 0.07313388482 0
0.1607166902 0.1009124026 0.05730032156 -0.001376075944 0.04085991032 0.5078084124 -0.0001750899032 0.01025042087 0.2547236084 -0.9999678727 -0.0008519781096 -0.007970423901 0.0004258977878 0.9872839257 -0.1589662499 0.008004507164 -0.1589645373 -0.9872518441 5.67077692e-06 0.07620942768 0
0.1680133918 0.1054939286 0.05990181458 -0.001503611415 0.04270308176 0.5076052949 -0.0001913431056 0.01071507179 0.2546979516 -0.9999616398 -0.0009729552877 -0.008704724496 0.0004863619714 0.9861101549 -0.1660919199 0.008745417233 -0.1660897822 -0.9860718543 6.226709529e-06 0.07966941339 0
0.1744993488 0.1095663961 0.06221425281 -0.001621691244 0.04434012936 0.5074172367 -0.0002063948602 0.01112800758 0.2546741914 -0.9999553764 -0.001089611983 -0.009383917112 0.000544664708 0.9850241291 -0.1724156851 0.009431250977 -0.1724131023 -0.9849795803 6.743184727e-06 0.08274495624 0
0.1817960503 0.114147922 0.06481574583 -0.001759830011 0.04618025308 0.507197232 -0.0002240079258 0.01159245834 0.254646388 -0.9999474478 -0.001231526913 -0.01017767549 0.0006155883797 0.9837544923 -0.179518021 0.01023341526 -0.1795148522 -0.9837020357 7.349537911e-06 0.08620494195 0
0.1890927519 0.118729448 0.06741723884 -0.001903573516 0.04801866496 0.506968301 -0.0002423406256 0.01205679697 0.2546174487 -0.9999385089 -0.001385182932 -0.01100270866 0.0006923766622 0.9824343484 -0.1866072658 0.01106792411 -0.1866034091 -0.9823729784 7.982937455e-06 0.08966492766 0
0.1955787089 0.1228019155 0.06972967708 -0.002036045565 0.04965131682 0.5067573212 -0.0002592403234 0.01246944482 0.2545907714 -0.9999296493 -0.001531987891 -0.01176220756 0.0007657382505 0.9812186304 -0.1928974156 0.0118368137 -0.1928928519 -0.9811484279 8.568872317e-06 0.09274047052 0
0.2028754105 0.1273834415 0.07233117009 -0.002190358141 0.05148630991 0.5065115575 -0.0002789317418 0.01293355993 0.2545596873 -0.9999185768 -0.001709051748 -0.01264590777 0.0008542171789 0.9798035771 -0.1999605475 0.01273224859 -0.1999550684 -0.9797223384 9.254067861e-06 0.09620045623 0
0.2093613674 0.131455909 0.07464360833 -0.002332214224 0.05311581527 0.5062856325 -0.0002970388315 0.01334600224 0.2545311041 -0.9999076839 -0.001877374566 -0.01345730846 0.0009383245942 0.9785037936 -0.2062266845 0.01355519212 -0.2062202737 -0.9784117004 9.886471696e-06 0.09927599908 0
0.216658069 0.136037435 0.07724510135 -0.002497071376 0.05494714768 0.5060230751 -0.0003180881489 0.01380987838 0.2544978765 -0.9998941652 -0.002079441611 -0.01439911114 0.001039288802 0.9769945139 -0.2132619038 0.01451131827 -0.2132542981 -0.9768889527 1.062444208e-05 0.1027359848 0
0.2239547706 0.1406189609 0.07984659436 -0.002667500464 0.0567764444 0.5057516437 -0.0003398560029 0.01427362175 0.2544635146 -0.9998792178 -0.002295385796 -0.01537143267 0.001147181567 0.9754356416 -0.2202816222 0.0154994746 -0.22027265 -0.9753151931 1.139076905e-05 0.1061959705 0
0.2304407276 0.1446914284 0.0821590326 -0.002823664538 0.05840072236 0.5055029312 -0.0003598082174 0.01468572308 0.2544320189 -0.9998646542 -0.002499341739 -0.01626119858 0.00124907978 0.9740085141 -0.2265079562 0.01640466665 -0.2264976108 -0.9738735643 1.209599646e-05 0.1092715134 0
0.2377374291 0.1492729544 0.08476052561 -0.00300459751 0.06022598975 0.5052147709 -0.0003829326079 0.01514920373 0.2543955157 -0.9998467431 -0.002742696096 -0.01729068728 0.001370655826 0.972356547 -0.2334970383 0.01745312439 -0.2334849529 -0.9722037673 1.291671141e-05 0.1127314991 0
0.2442233861 0.1533454219 0.08707296385 -0.003170085798 0.06184657928 0.5049512083 -0.0004040902113 0.01556106462 0.2543621172 -0.9998293856 -0.002971707971 -0.01823098015 0.001485060822 0.9708470174 -0.2396953556 0.0184117973 -0.2396815342 -0.9706769637 1.367077857e-05 0.1158070419 0
0.2515200877 0.1579269479 0.08967445686 -0.003361493944 0.0636675772 0.5046463649 -0.0004285701761 0.01602426699 0.2543234743 -0.9998081469 -0.003244023159 -0.01931697807 0.001621091303 0.9691027515 -0.2466520407 0.01952028153 -0.2466360343 -0.9689115673 1.454700938e-05 0.1192670276 0
0.2588167893 0.1625084738 0.09227594988 -0.003558435581 0.06548621785 0.5043327086 -0.0004537673892 0.0164873157 0.2542836991 -0.9997849925 -0.0035322917 -0.02043261389 0.001765082846 0.9673099589 -0.2535908673 0.02066042782 -0.2535724086 -0.9670957452 1.545310661e-05 0.1227270133 0
0.2653027462 0.1665809413 0.09458838812 -0.003738133141 0.06710075421 0.5040465159 -0.0004767668089 0.01689878203 0.2542473933 -0.9997627132 -0.003802267907 -0.02144900991 0.001899929854 0.9656758223 -0.2597433279 0.021700404 -0.2597224459 -0.9654394562 1.628387394e-05 0.1258025562 0
0.2725994478 0.1711624673 0.09718988113 -0.00394550284 0.06891475957 0.5037162515 -0.0005033180159 0.01736152857 0.2542054808 -0.9997356363 -0.004121830732 -0.02262007876 0.002059535202 0.9637920333 -0.266647098 0.02290012591 -0.266623193 -0.9635287527 1.724731905e-05 0.1292625419 0
0.2798961494 0.1757439932 0.09979137415 -0.004158380067 0.07072621447 0.5033772156 -0.0005305855995 0.01782410881 0.2541624376 -0.9997063166 -0.004458569461 -0.02382019364 0.002227708668 0.9618604338 -0.2735316127 0.02413126149 -0.2735043455 -0.961568019 1.824163375e-05 0.1327225276 0
0.2863821064 0.1798164608 0.1021038124 -0.004352220229 0.07233420163 0.5030684989 -0.0005554245975 0.01823514808 0.254123228 -0.9996782759 -0.004772649209 -0.02491117298 0.002384556454 0.9601035297 -0.2796346299 0.0252519031 -0.2796040668 -0.9597832605 1.915167698e-05 0.1357980705 0
0.2936788079 0.1843979867 0.1047053054 -0.004575474551 0.07414065733 0.5027129361 -0.0005840444629 0.01869740222 0.2540780502 -0.9996443934 -0.005142966278 -0.02616556154 0.002569477144 0.9580823369 -0.2864814715 0.02654212689 -0.2864468286 -0.9577284218 2.020529553e-05 0.1392580562 0
0.3001647649 0.1884704542 0.1070177436 -0.004778523251 0.07574409539 0.5023895535 -0.0006100849664 0.01910814467 0.254036944 -0.9996121022 -0.005487547164 -0.02730443151 0.002741535458 0.9562462211 -0.2925502498 0.02771514275 -0.2925116263 -0.955860251 2.116864456e-05 0.142333599 0
0.3074614665 0.1930519802 0.1096192366 -0.005012119271 0.07754531507 0.5020175202 -0.0006400559231 0.01957005707 0.2539896335 -0.9995732141 -0.005892907544 -0.02861229152 0.002943929508 0.9541364061 -0.2993577323 0.02906411644 -0.2993142032 -0.9537118458 2.228290992e-05 0.1457935847 0
0.3147581681 0.1976335062 0.1122207297 -0.00525117542 0.07934366716 0.5016367908 -0.0006707416622 0.02003178222 0.2539411947 -0.9995314904 -0.006317405308 -0.02994812341 0.00315586391 0.9519800808 -0.3061437021 0.0304440508 -0.306094783 -0.9515141321 2.342984278e-05 0.1492535705 0
0.321244125 0.2017059737 0.1145331679 -0.005468245007 0.08093974165 0.501291078 -0.0006986176501 0.02044204383 0.2538971913 -0.9994919153 -0.006711126343 -0.0311588186 0.003352419449 0.9500245358 -0.3121572403 0.03169656885 -0.3121030955 -0.9495193444 2.447708406e-05 0.1523291133 0
0.3285408266 0.2062874996 0.1171346609 -0.005717585562 0.08273249729 0.5008939694 -0.000730652551 0.02090340332 0.2538466229 -0.9994444727 -0.007172861837 -0.03254682873 0.003582913544 0.9477811538 -0.3189013127 0.03313470594 -0.3188407668 -0.9472289357 2.568681114e-05 0.155789099 0
0.3350267836 0.2103599671 0.1194470992 -0.005943779467 0.08432349285 0.5005337249 -0.0007597272079 0.02131333294 0.2538007275 -0.9993995986 -0.007600309624 -0.03380351361 0.003796276421 0.9457486984 -0.324876881 0.03443879388 -0.3248101519 -0.9451520167 2.679051448e-05 0.1588646419 0
0.3423234852 0.2149414931 0.1220485922 -0.006203364919 0.08611041762 0.5001202999 -0.0007931099382 0.02177431114 0.2537480316 -0.9993459476 -0.008100686043 -0.03524281384 0.004046023897 0.943419335 -0.3315774239 0.03593475661 -0.3315031482 -0.9427695137 2.806449848e-05 0.1623246276 0
0.3496201868 0.2195230191 0.1246500852 -0.006468357593 0.0878941609 0.4996982631 -0.0008272056665 0.02223508114 0.2536942102 -0.9992888054 -0.008622078615 -0.03670889681 0.004306240509 0.9410449011 -0.3382542689 0.03746117506 -0.3381717817 -0.9403385063 2.937310823e-05 0.1657846133 0
0.3561061437 0.2235954866 0.1269625234 -0.006708436528 0.08947698684 0.4993159048 -0.0008581112258 0.02264447617 0.2536454248 -0.9992349646 -0.009103490767 -0.03803435341 0.004546485498 0.9388967135 -0.3441689858 0.03884346861 -0.3440786069 -0.9381370354 3.056573193e-05 0.1688601561 0
0.3634028453 0.2281770125 0.1295640164 -0.006983610552 0.09125454273 0.4988776529 -0.0008935526371 0.02310484098 0.2535894793 -0.9991708308 -0.009665619459 -0.03955030449 0.004826989709 0.9364380202 -0.3507998497 0.04042710668 -0.3506998862 -0.9356148988 3.194092091e-05 0.1723201419 0
0.3698888023 0.2322494801 0.1318764547 -0.007232720389 0.09283176565 0.4984809116 -0.0009256537101 0.0235138689 0.2535388068 -0.9991105398 -0.01018383813 -0.04091966055 0.005085562239 0.9342154534 -0.3566729927 0.04186007926 -0.3565638457 -0.9333327154 3.319342007e-05 0.1753956847 0
0.3771855038 0.236831006 0.1344779477 -0.007518032187 0.09460290239 0.4980265139 -0.0009624393302 0.02397381293 0.2534807396 -0.9990388805 -0.01078803822 -0.04248450917 0.005387012066 0.931673676 -0.3632563027 0.04350052171 -0.3631360346 -0.930720111 3.463676006e-05 0.1788556704 0
0.3844822054 0.241412532 0.1370794407 -0.007808692856 0.09637054734 0.4975635974 -0.0009999359745 0.02443352787 0.2534215502 -0.9989630149 -0.01141504229 -0.04407484102 0.005699812055 0.9290884021 -0.369813809 0.04517086388 -0.3696815359 -0.9280598877 3.611683011e-05 0.1823156561 0
0.3909681624 0.2454849995 0.1393918789 -0.008071537886 0.09793880378 0.497144981 -0.001033862881 0.02484196752 0.2533679957 -0.998891921 -0.01199181604 -0.04550963195 0.005987528946 0.9267541445 -0.3756206932 0.04668061428 -0.375476966 -0.9256554263 3.746365288e-05 0.185391199 0
0.398264864 0.2500665254 0.141993372 -0.008372266605 0.09969967736 0.4966660297 -0.001072701371 0.02530123782 0.2533066882 -0.9988076802 -0.01266287829 -0.04714731615 0.006322251833 0.9240876583 -0.3821282886 0.04840709698 -0.3819707467 -0.9229057924 3.901435515e-05 0.1888511847 0
0.4047508209 0.254138993 0.1443058102 -0.00864404004 0.101261813 0.4962331936 -0.001107820318 0.02570927532 0.2532512522 -0.9987288874 -0.01327937895 -0.04862373519 0.006629732777 0.9216817728 -0.3878901343 0.04996655054 -0.3877194446 -0.9204221728 4.042470041e-05 0.1919267276 0
0.4120475225 0.2587205189 0.1469073032 -0.008954789219 0.1030156864 0.4957382834 -0.001147999039 0.02616808543 0.2531878292 -0.9986356952 -0.01399576087 -0.05030772257 0.006986997832 0.9189353455 -0.3943463105 0.05174872108 -0.3941598019 -0.9175838493 4.20477055e-05 0.1953867133 0
0.4193442241 0.2633020449 0.1495087962 -0.009270823545 0.1047657616 0.4952349559 -0.001188886622 0.0266266456 0.2531232874 -0.9985375252 -0.0147366358 -0.05201578838 0.007356442193 0.9161471235 -0.4007746634 0.05356018516 -0.4005711917 -0.9146988723 4.370967738e-05 0.198846699 0
0.4258301811 0.2673745124 0.1518212345 -0.009556168538 0.106318144 0.4947805053 -0.001225825847 0.02703404131 0.2530649783 -0.9984459482 -0.01541602855 -0.05355403515 0.007695196526 0.9136339175 -0.4064650645 0.05519485998 -0.4062455055 -0.9120954537 4.522008945e-05 0.2019222418 0
0.4331268827 0.2719560383 0.1544227275 -0.009882147506 0.1080608715 0.4942613396 -0.001268051082 0.02749211751 0.2529983251 -0.9983379146 -0.01620409276 -0.0553067418 0.00808809881 0.9107677688 -0.4128397436 0.05706129133 -0.4126008951 -0.9091229347 4.695698903e-05 0.2053822275 0
0.4396128396 0.2760285059 0.1567351657 -0.01017630945 0.1096066222 0.4937928468 -0.001306178558 0.02789907611 0.2529381405 -0.9982372978 -0.01692596059 -0.05688417314 0.008447963269 0.908185896 -0.418481792 0.05874461007 -0.4182246886 -0.9064420448 4.853478185e-05 0.2084577704 0
0.4469095412 0.2806100318 0.1593366587 -0.01051218151 0.1113417764 0.4932579249 -0.00134973969 0.02835665282 0.2528693788 -0.9981187847 -0.01776239618 -0.05868039695 0.008864901073 0.9052431825 -0.4248013584 0.06066551931 -0.4245224115 -0.9033827632 5.034836891e-05 0.2119177561 0
0.4542062428 0.2851915578 0.1619381517 -0.01085326971 0.1130728303 0.4927146957 -0.001394007331 0.02881395881 0.2527995019 -0.9979944691 -0.01862490755 -0.06049919467 0.009294791531 0.9022604978 -0.4310911747 0.06261506678 -0.4307889354 -0.9002778718 5.220327889e-05 0.2153777418 0
0.4606921997 0.2892640253 0.16425059 -0.01116082597 0.114608052 0.4922248706 -0.001433949047 0.02922022226 0.2527364537 -0.9978789504 -0.01941373161 -0.06213459045 0.009687915138 0.8995759869 -0.436656831 0.06437192405 -0.4363326149 -0.897479863 5.388718846e-05 0.2184532847 0
0.4679889013 0.2938455513 0.166852083 -0.01151172544 0.1163311901 0.4916660156 -0.001479549791 0.02967700506 0.2526644727 -0.9977431845 -0.02032635851 -0.06399513236 0.010142691 0.8965188867 -0.4428893897 0.06637517334 -0.4425389529 -0.894289445 5.582154018e-05 0.2219132704 0
0.4744748583 0.2979180188 0.1691645212 -0.01182797837 0.1178592766 0.4911623399 -0.001520675651 0.03008279658 0.2525995555 -0.9976171992 -0.02116022137 -0.06566710656 0.01055817398 0.8937688683 -0.4484035403 0.0681795337 -0.4480284087 -0.8914157819 5.757687898e-05 0.2249888132 0
0.4817715599 0.3024995447 0.1717660142 -0.01218863368 0.1195742768 0.4905879474 -0.001567607602 0.03053904073 0.2525254734 -0.9974693301 -0.02212406127 -0.0675681989 0.01103836842 0.8906388002 -0.4545774763 0.07023595954 -0.4541729334 -0.8881406738 5.959251239e-05 0.2284487989 0
0.4890682615 0.3070810707 0.1743675073 -0.01255443087 0.1212848791 0.4900053658 -0.001615243523 0.03099499347 0.2524502802 -0.9973147843 -0.02311544638 -0.06949026676 0.01153222937 0.887470699 -0.4607198346 0.07232032026 -0.4602840802 -0.8848210762 6.165193225e-05 0.2319087847 0
0.4955542184 0.3111535382 0.1766799455 -0.01288388751 0.1228016728 0.4894806614 -0.001658177103 0.03140003665 0.2523825098 -0.9971716526 -0.02402003863 -0.07121610112 0.01198280452 0.8846230192 -0.4661529002 0.07419641306 -0.4656878265 -0.8818331705 6.351971357e-05 0.2349843275 0
0.50285092 0.3157350642 0.1792814385 -0.01325935282 0.1245038002 0.488882682 -0.001707141223 0.03185542713 0.2523052202 -0.9970039785 -0.02506424762 -0.07317684277 0.01250286398 0.881384226 -0.4722346075 0.07633312006 -0.4717347025 -0.8784302051 6.566328557e-05 0.2384443132 0
0.509336877 0.3198075317 0.1815938767 -0.01359737716 0.1260129632 0.4883443323 -0.001751254526 0.03225996367 0.2522355878 -0.9968488734 -0.0260162465 -0.074936497 0.01297694492 0.8784743843 -0.4776131855 0.07825549543 -0.4770806127 -0.8753685889 6.760671547e-05 0.2415198561 0
0.5166335785 0.3243890576 0.1841953698 -0.01398245132 0.1277063972 0.4877310495 -0.00180154481 0.03271477649 0.2521562052 -0.9966673841 -0.02711428728 -0.07693465325 0.01352368905 0.8751664268 -0.4836329551 0.08044398846 -0.4830616326 -0.8718831481 6.983635149e-05 0.2449798418 0
0.5239302801 0.3289705836 0.1867968628 -0.01437258802 0.1293951408 0.4871097039 -0.001852536337 0.03316927727 0.2520757157 -0.9964782985 -0.02824122279 -0.07895209906 0.01408475063 0.8718224815 -0.4896194242 0.08265966617 -0.4890071514 -0.8683544124 7.211233386e-05 0.2484398275 0
0.5304162371 0.3330430511 0.189109301 -0.01472361228 0.1308922598 0.4865506501 -0.001898450358 0.03357301251 0.2520032412 -0.9963036853 -0.02926741629 -0.08076128427 0.01459559514 0.8688202301 -0.4949124936 0.08465184757 -0.4942619003 -0.8651816218 7.41747795e-05 0.2515153703 0
0.5377129387 0.3376245771 0.191710794 -0.01512326431 0.1325719788 0.4859141501 -0.001950764828 0.03402691212 0.2519206638 -0.9960997096 -0.03044965392 -0.08281417173 0.01518404758 0.8654095145 -0.5008351196 0.08691842821 -0.5001391715 -0.8615718171 7.653980051e-05 0.2549753561 0
0.5450096403 0.342206103 0.194312287 -0.01552792843 0.1342468332 0.4852696676 -0.002003778803 0.03448048726 0.2518369823 -0.9958875611 -0.03166154151 -0.08488528961 0.01578717915 0.8619640965 -0.5067234565 0.08921171772 -0.5059796866 -0.8579194754 7.895275822e-05 0.2584353418 0
0.5514955972 0.3462785705 0.1966247253 -0.01589182313 0.1357314602 0.4846901159 -0.002051489074 0.03488338929 0.2517616728 -0.9956919595 -0.03276386884 -0.08674128617 0.01633571596 0.858872736 -0.5119284791 0.09127248332 -0.5111400514 -0.8546374562 8.113830327e-05 0.2615108846 0
0.5587922988 0.3508600965 0.1992262183 -0.0163059056 0.1373969625 0.4840306334 -0.002105822643 0.03533633981 0.2516759086 -0.9954638183 -0.03403244059 -0.08884581824 0.01696689825 0.8553630086 -0.5177511447 0.09361576147 -0.5169099694 -0.8509055017 8.364333189e-05 0.2649708703 0
0.5652782558 0.354932564 0.2015386565 -0.01667814333 0.1388731822 0.4834377943 -0.002154704889 0.03573867983 0.2515987494 -0.9952536755 -0.03518553818 -0.0907309171 0.01754055173 0.8522152118 -0.5228972766 0.09572068982 -0.5220069067 -0.8475531481 8.591160945e-05 0.2680464132 0
0.5725749574 0.35951409 0.2041401495 -0.0171015789 0.1405291204 0.4827634157 -0.002210355791 0.03619099045 0.2515109062 -0.9950088066 -0.03651164891 -0.09286750964 0.01820019058 0.8486428187 -0.5286531182 0.09811334219 -0.5277047146 -0.8437425592 8.851072106e-05 0.2715063989 0
0.5798716589 0.3640956159 0.2067416426 -0.01752993921 0.1421799099 0.4820811938 -0.002266703173 0.03664295612 0.2514219637 -0.9947547805 -0.0378685541 -0.09502052005 0.01887505194 0.8450379239 -0.5343731276 0.1005318807 -0.5333637405 -0.8398907436 9.116046346e-05 0.2749663846 0
0.5863576159 0.3681680834 0.2090540808 -0.01791482299 0.1436429087 0.4814682142 -0.002317373903 0.03704441034 0.2513419818 -0.994521122 -0.03910072433 -0.09694777602 0.01948779292 0.8418066691 -0.5394272498 0.1027032806 -0.5383610918 -0.8364325262 9.35587583e-05 0.2780419275 0
0.5936543175 0.3727496094 0.2116555738 -0.01835243381 0.1452838131 0.4807712596 -0.002375035058 0.03749571277 0.2512509658 -0.9942492236 -0.04051639952 -0.0991307357 0.02019169147 0.8381416727 -0.5450787393 0.1051702286 -0.5439457306 -0.8325036127 9.630570338e-05 0.2815019132 0
0.6001402744 0.3768220769 0.213968012 -0.01874550981 0.1467379325 0.4801452328 -0.002426872526 0.03789657067 0.2511691425 -0.9939993414 -0.04180114951 -0.1010839907 0.02083040261 0.8348577506 -0.5500714778 0.1073843732 -0.5488763068 -0.8289773195 9.879131662e-05 0.284577456 0
0.607436976 0.3814036029 0.2165695051 -0.01919230225 0.148368744 0.4794336552 -0.002485845058 0.03834719465 0.251076057 -0.9937088098 -0.04327634883 -0.1032954939 0.02156369139 0.8311343605 -0.555653383 0.1098990839 -0.554385094 -0.8249723383 0.0001016375306 0.2880374417 0
0.6147336776 0.3859851288 0.2191709981 -0.01964392718 0.1499941288 0.4787143812 -0.002545510858 0.0387974533 0.2509818773 -0.9934081022 -0.04478335231 -0.1055215326 0.02231267532 0.8273807556 -0.5611980308 0.1124388145 -0.5598531384 -0.8209275098 0.0001045371419 0.2914974274 0
0.6212196346 0.3900575964 0.2214834363 -0.02004941238 0.1514343129 0.478068591 -0.002599128566 0.03919737307 0.2508972443 -0.9931320883 -0.04614976758 -0.1075121115 0.02299168762 0.8240192474 -0.5660950999 0.1147172065 -0.5646790937 -0.817298895 0.0001071598766 0.2945729703 0
0.6285163362 0.3946391223 0.2240849293 -0.02051011086 0.1530492905 0.4773348662 -0.00266010197 0.03964693005 0.250801001 -0.992811566 -0.04771736942 -0.1097645071 0.0237705602 0.8202099062 -0.5715686049 0.1173036864 -0.5700690856 -0.8131796129 0.000110161955 0.298032956 0
0.6350022931 0.3987115898 0.2263973676 -0.0209236294 0.1544801334 0.4766762818 -0.002714880872 0.04004621938 0.2507145354 -0.9925175918 -0.04913794348 -0.1117778707 0.02447627527 0.816799637 -0.5764019994 0.1196233331 -0.5748250303 -0.8094852949 0.0001128767094 0.3011084989 0
0.6422989947 0.4032931158 0.2289988606 -0.021393329 0.1560845007 0.4759282215 -0.002777159346 0.04049505955 0.2506162324 -0.9921764715 -0.05076679356 -0.1140551709 0.02528533486 0.8129363252 -0.5818033887 0.122255884 -0.5801355565 -0.8052926393 0.0001159833698 0.3045684846 0
0.6495956963 0.4078746417 0.2316003536 -0.0218677641 0.1576831691 0.4751726193 -0.002840127693 0.04094351412 0.2505168407 -0.9918241266 -0.05242831792 -0.116345062 0.02611048907 0.8090451627 -0.5871662176 0.1249125468 -0.5854034474 -0.8010615828 0.0001191462594 0.3080284703 0
0.6560816533 0.4119471093 0.2339127918 -0.02229344278 0.1590993781 0.4744946682 -0.002896678119 0.04134181326 0.2504275794 -0.9915013277 -0.05393279149 -0.1183907562 0.02685753102 0.8055633779 -0.5919005974 0.127294109 -0.5900499116 -0.7972686571 0.0001220054069 0.3111040131 0
0.6633783548 0.4165286352 0.2365142848 -0.02277676556 0.160687129 0.4737249111 -0.002960947554 0.04178952794 0.2503261343 -0.9911271717 -0.0556564764 -0.1207032984 0.02771328576 0.8016209854 -0.5971898941 0.1299957822 -0.5952362157 -0.7929659161 0.0001252761473 0.3145639988 0
0.6698643118 0.4206011027 0.2388267231 -0.02321031082 0.1620935452 0.4730344315 -0.003018653321 0.04218716271 0.2502350497 -0.9907846294 -0.05721644976 -0.1227684649 0.02848763833 0.7980944681 -0.601858517 0.1324170403 -0.5998095514 -0.7891097703 0.0001282321198 0.3176395417 0
0.6771610134 0.4251826287 0.2414282161 -0.02370244538 0.1636701802 0.4722506404 -0.003084221172 0.04263412243 0.2501315555 -0.9903878601 -0.05900283769 -0.1251021649 0.02937423568 0.7941026621 -0.6070734027 0.1351630156 -0.6049129087 -0.784736473 0.0001316128698 0.3210995274 0
0.684457715 0.4297641546 0.2440297091 -0.02419921382 0.1652408507 0.4714594693 -0.00315047532 0.04308067639 0.2500269782 -0.9899787921 -0.06082262622 -0.1274464565 0.03027725174 0.7900854379 -0.6122485515 0.1379321542 -0.6099718099 -0.7803262856 0.0001350527397 0.3245595131 0
0.6909436719 0.4338366222 0.2463421474 -0.02464465827 0.1666319507 0.4707500386 -0.003209943422 0.04347726921 0.2499331124 -0.9896046674 -0.06246836407 -0.1295388198 0.03109376334 0.786493651 -0.6168151383 0.140412892 -0.6144309892 -0.7763754113 0.000138160528 0.327635056 0
0.6982403735 0.4384181481 0.2489436404 -0.02515011983 0.1681912057 0.4699450225 -0.003277491796 0.04392304527 0.2498264927 -0.9891717469 -0.06435160152 -0.1319019577 0.03202794832 0.7824298268 -0.6219146056 0.1432252268 -0.619404906 -0.7718964288 0.0001417137402 0.3310950417 0
0.7047263305 0.4424906156 0.2512560786 -0.02560325643 0.1695720723 0.469223341 -0.003338109079 0.04431893996 0.2497308133 -0.9887760573 -0.06605393555 -0.1340103955 0.03287225018 0.7787974427 -0.6264135681 0.1457440348 -0.6237879614 -0.7678849234 0.0001449232526 0.3341705845 0
0.7120230321 0.4470721416 0.2538575716 -0.02611733184 0.1711197183 0.4684046062 -0.003406948871 0.04476392315 0.2496221556 -0.988318467 -0.06800105426 -0.1363908515 0.03383778843 0.7746888792 -0.631436572 0.1485988285 -0.6286755896 -0.7633383203 0.0001485920057 0.3376305703 0
0.7193197336 0.4516536676 0.2564590646 -0.026635935 0.1726611406 0.4675786603 -0.003476471199 0.04520848054 0.2495124207 -0.9878474836 -0.06998215243 -0.1387798529 0.03481999222 0.7705573889 -0.6364187919 0.151475798 -0.6335170154 -0.7587563995 0.0001523228226 0.341090556 0
0.7258056906 0.4557261351 0.2587715029 -0.02710069824 0.174026026 0.4668384618 -0.003538841163 0.04560328183 0.2494139755 -0.987417401 -0.07177173731 -0.1409102334 0.03570708689 0.7668661325 -0.6408130294 0.1540515501 -0.63778143 -0.7546542039 0.0001556917103 0.3441660988 0
0.7331023922 0.460307661 0.2613729959 -0.02762779152 0.1755555475 0.4659989942 -0.003609650511 0.04604702354 0.2493022096 -0.986920488 -0.07381729238 -0.1433141924 0.03672088107 0.7626927783 -0.645717665 0.1569698292 -0.6425346165 -0.7500064929 0.0001595414588 0.3476260845 0
0.7395883491 0.4643801285 0.2636854341 -0.02810006499 0.1769097704 0.4652468347 -0.003673163191 0.04644109316 0.2492019611 -0.9864669889 -0.07566431956 -0.1454571775 0.03763611452 0.7589651515 -0.6500426306 0.1595819621 -0.6467200395 -0.7458463567 0.0001630170553 0.3507016274 0
0.7468850507 0.4689616545 0.2662869271 -0.02863556584 0.1784272027 0.4643939769 -0.003745256617 0.04688400432 0.2490881688 -0.9859433173 -0.07777465148 -0.1478745368 0.03868162458 0.754751831 -0.6548689987 0.1625407856 -0.6513837403 -0.7411340742 0.0001669879701 0.3541616131 0
0.7541817523 0.4735431805 0.2688884202 -0.02917548391 0.1799381594 0.4635340841 -0.003818028637 0.04732646976 0.2489733058 -0.9854051425 -0.07991939121 -0.1502983566 0.03974396816 0.7505181246 -0.6596536679 0.1655207603 -0.6559995697 -0.7363881058 0.0001710239412 0.3576215988 0
0.7606677093 0.477615648 0.2712008584 -0.02965910024 0.1812757538 0.4627638595 -0.003883283879 0.04771939485 0.2488703073 -0.9849144004 -0.08185476913 -0.1524579306 0.04070242575 0.7467381502 -0.6638715596 0.1681872063 -0.6600620666 -0.7321414698 0.0001746665971 0.3606971417 0
0.7679644109 0.4821971739 0.2738023514 -0.03020729721 0.1827743376 0.4618907815 -0.003957335372 0.04816100707 0.2487534252 -0.9843481925 -0.08406468793 -0.1548927504 0.04179663152 0.7424674041 -0.668576993 0.1712065346 -0.6645865498 -0.7273328264 0.0001788271782 0.3641571274 0
0.7752611124 0.4867786999 0.2764038444 -0.03075984251 0.1842662968 0.4610107782 -0.004032062992 0.04860216161 0.2486354761 -0.9837668049 -0.08630919947 -0.1573327546 0.0429077336 0.7381778283 -0.6732402395 0.1742463773 -0.6690621913 -0.7224915115 0.0001830546468 0.3676171131 0
0.7817470694 0.4908511674 0.2787162827 -0.03125462476 0.1855868803 0.4602227703 -0.00409905445 0.0489939114 0.2485297379 -0.9832370826 -0.08833340295 -0.1595056406 0.04390957654 0.7343495025 -0.6773498042 0.176965501 -0.6729992705 -0.7181609801 0.0001868690642 0.3706926559 0
0.789043771 0.4954326934 0.2813177757 -0.03181531737 0.1870661879 0.4593297912 -0.004175056814 0.04943419015 0.2484097772 -0.9826263811 -0.09064338971 -0.1619542252 0.04505263157 0.730025839 -0.6819329401 0.1800434824 -0.6773817611 -0.7132589251 0.0001912246164 0.3741526416 0
0.795529728 0.4995051609 0.2836302139 -0.0323173029 0.1883754455 0.4585303112 -0.004243179982 0.04982515491 0.2483022532 -0.982070229 -0.09272585897 -0.1641340318 0.0460828928 0.726168075 -0.685971059 0.1827961496 -0.681235526 -0.7088749719 0.0001951539009 0.3772281845 0
0.8028264295 0.5040866868 0.2862317069 -0.03288605525 0.1898419219 0.4576244959 -0.004320453932 0.05026454315 0.2481802859 -0.981429374 -0.09510145686 -0.1665896057 0.04725792992 0.7218122657 -0.690473563 0.1859114625 -0.6855237166 -0.7039134621 0.0001996398233 0.3806881702 0
0.8101231311 0.5086682128 0.2888331999 -0.03345903864 0.1913015335 0.4567119422 -0.004398399779 0.05070345401 0.2480572585 -0.980772215 -0.09751182942 -0.1690482338 0.04844990234 0.7174402269 -0.6949331822 0.1890462091 -0.6897615268 -0.6989210019 0.000204195695 0.3841481559 0
0.8166090881 0.5127406803 0.2911456382 -0.03397188895 0.192593163 0.4558951585 -0.004468248303 0.0510931929 0.2479470118 -0.9801741958 -0.09968359141 -0.1712358825 0.04952364903 0.7135407882 -0.6988611821 0.1918487791 -0.6934859229 -0.694457573 0.0002083046037 0.3872236988 0
0.8239057897 0.5173222063 0.2937471312 -0.03455279581 0.1940396733 0.4549699855 -0.004547460804 0.05153119084 0.2478219856 -0.9794855971 -0.1021596942 -0.1736990557 0.05074760167 0.7091395887 -0.7032394505 0.1950196041 -0.6976277236 -0.689407654 0.0002129943656 0.3906836845 0
0.8303917466 0.5213946738 0.2960595694 -0.03507264906 0.1953195797 0.4541420487 -0.004618433786 0.05192011175 0.2477099646 -0.9788592575 -0.104389897 -0.175890032 0.05184976388 0.7052150997 -0.7070949478 0.1978538753 -0.7012662922 -0.6848937374 0.0002172233158 0.3937592273 0
0.8376884482 0.5259761997 0.2986610624 -0.0356613888 0.196752815 0.4532044008 -0.004698909649 0.05235718216 0.2475829449 -0.9781383777 -0.1069317497 -0.1783561464 0.05310566505 0.7007866993 -0.7113914467 0.2010599473 -0.7053109973 -0.6797876835 0.0002220492836 0.397219213 0
0.8449851498 0.5305577257 0.3012625555 -0.03625423827 0.1981789527 0.4522602076 -0.004780053001 0.05279375563 0.2474548719 -0.9774000674 -0.1095084034 -0.1808231673 0.05437845908 0.6963446937 -0.7156445002 0.2042843397 -0.709303868 -0.6746524524 0.0002269483017 0.4006791988 0
0.8514711068 0.5346301932 0.3035749937 -0.03678464482 0.1994406337 0.4514154632 -0.004852740022 0.05318140046 0.2473401462 -0.9767289681 -0.1118279664 -0.1830164713 0.05552399775 0.6923852684 -0.7193884387 0.2071656548 -0.7128093336 -0.670063613 0.0002313648391 0.4037547416 0
0.8587678083 0.5392117192 0.3061764867 -0.03738518639 0.2008532351 0.4504590193 -0.004935141601 0.05361702416 0.2472100878 -0.9759570909 -0.1144703107 -0.1854839742 0.05682864516 0.6879190689 -0.7235591612 0.2104240048 -0.716703497 -0.6648743006 0.0002364036261 0.4072147273 0
0.8652537653 0.5432841867 0.3084889249 -0.03792238892 0.2021028089 0.4496034514 -0.005008945531 0.0540038183 0.2470935997 -0.9752557812 -0.1168482275 -0.187676991 0.05800245942 0.6839390133 -0.7272297717 0.2133351258 -0.7201207662 -0.6602379921 0.0002409454425 0.4102902702 0
0.8725504669 0.5478657127 0.311090418 -0.03853052908 0.2035017061 0.4486349057 -0.005092601915 0.05443847773 0.2469615614 -0.974449498 -0.1195561652 -0.1901433651 0.05933886739 0.6794505903 -0.7313178476 0.2166265791 -0.7239152014 -0.6549959591 0.0002461263412 0.4137502559 0
0.8798471685 0.5524472386 0.313691911 -0.0391426538 0.2048932811 0.447660014 -0.005176921202 0.05487262081 0.246828477 -0.9736246606 -0.1222987736 -0.1926084894 0.06069204393 0.6749512004 -0.7353620557 0.2199352087 -0.7276564348 -0.6497265708 0.0002513834275 0.4172102416 0
0.8863331254 0.5565197061 0.3160043492 -0.03969008816 0.2061240522 0.4467881505 -0.005252427399 0.05525808902 0.2467093029 -0.9728757062 -0.1247657162 -0.1947982966 0.06190891552 0.670942983 -0.7389200226 0.222890436 -0.7309370901 -0.6450200182 0.0002561208874 0.4202857845 0
0.893629827 0.5611012321 0.3186058422 -0.04030966634 0.2075016709 0.4458013882 -0.005337996154 0.05569124576 0.2465742471 -0.9720151833 -0.1275736798 -0.1972598276 0.06329366389 0.6664243869 -0.7428811807 0.2262308456 -0.7345770843 -0.639700017 0.0002615236884 0.4237457702 0
0.900115784 0.5651736996 0.3209182805 -0.04086368333 0.2087199643 0.444919041 -0.005414611415 0.05607583082 0.246453323 -0.9712341378 -0.1300986258 -0.1994457247 0.06453853362 0.6623999746 -0.7463652265 0.2292139333 -0.7377673219 -0.6349490936 0.0002663917239 0.426821313 0
0.9074124856 0.5697552256 0.3235197735 -0.04149061869 0.210083465 0.4439205614 -0.005501426083 0.05650798683 0.2463163013 -0.9703370963 -0.1329717302 -0.2019020515 0.06595469981 0.6578641458 -0.7502431228 0.2325852468 -0.7413051225 -0.6295798745 0.0002719426079 0.4302812987 0
0.9147091871 0.5743367515 0.3261212665 -0.04212140968 0.2114394267 0.4429159412 -0.005588898896 0.05693960724 0.2461782411 -0.9694203854 -0.1358792184 -0.2043549716 0.06738742839 0.6533199926 -0.7540768673 0.2359725639 -0.7447884433 -0.6241851679 0.0002775728509 0.4337412844 0
0.9211951441 0.578409219 0.3284337047 -0.04268532744 0.2126383612 0.4420178257 -0.0056672042 0.05732281694 0.2460546504 -0.968588831 -0.1384924534 -0.2065321206 0.06867482595 0.6492742037 -0.7574475406 0.2389967463 -0.7478387853 -0.6193687968 0.0002826446736 0.4368168273 0
0.9284918457 0.582990745 0.3310351977 -0.0433233263 0.2139799622 0.4410017259 -0.005755917389 0.05775341473 0.245914633 -0.9676343342 -0.1414646652 -0.2089773761 0.07013869015 0.6447158341 -0.7611977781 0.2424136122 -0.7512185047 -0.6139270306 0.0002884266402 0.440276813 0
0.9349778027 0.5870632125 0.333347636 -0.04389360719 0.2151660623 0.4400934763 -0.005835323619 0.05813570909 0.2457893053 -0.9667688261 -0.1441352904 -0.2111469985 0.071453671 0.6406582839 -0.7644941701 0.2454636629 -0.7541763596 -0.6090694614 0.0002936343905 0.4433523559 0
0.9422745042 0.5916447385 0.335949129 -0.04453871497 0.216493147 0.4390660546 -0.0059252735 0.05856526998 0.2456473367 -0.9657757204 -0.1471718948 -0.2135829847 0.07294845584 0.6360876671 -0.7681607922 0.2489091817 -0.7574515913 -0.6035820624 0.000299570473 0.4468123416 0
0.9495712058 0.5962262644 0.338550622 -0.04518754588 0.2178124846 0.4380327034 -0.006015876591 0.05899427619 0.2455043374 -0.9647618431 -0.1502424397 -0.2160134151 0.07445951519 0.6315113623 -0.7717831171 0.2523695044 -0.7606711567 -0.5980710866 0.0003055891179 0.4502723273 0
0.9560571628 0.6002987319 0.3408630602 -0.0457673873 0.218978691 0.4371092273 -0.006096960194 0.05937514615 0.2453763631 -0.9638429962 -0.1530002153 -0.2181687715 0.07581628467 0.6274392056 -0.7749657633 0.2554575693 -0.7634860689 -0.593152976 0.0003110088812 0.4533478701 0
0.9633538644 0.6048802579 0.3434645533 -0.04642317381 0.2202832794 0.4360647983 -0.006188794243 0.05980309376 0.2452314216 -0.9627892609 -0.1561345574 -0.2205874861 0.07735788946 0.6228536574 -0.7785043856 0.2589451602 -0.7665998444 -0.5875985727 0.0003171853182 0.4568078558 0
0.9698398213 0.6089527254 0.3457769915 -0.04700915298 0.2214363088 0.435131547 -0.00627097034 0.06018301646 0.2451017235 -0.9618346244 -0.1589488481 -0.2227317199 0.07874169068 0.6187741549 -0.7816126223 0.2620570578 -0.7693203551 -0.5826425059 0.0003227464134 0.4598833987 0
0.9771365229 0.6135342514 0.3483784845 -0.04767179359 0.2227259988 0.4340762019 -0.006364031532 0.06060989133 0.2449548459 -0.9607402218 -0.1621465404 -0.2251371261 0.08031356536 0.6141813206 -0.7850675363 0.2655710025 -0.7723275243 -0.5770461315 0.0003290830574 0.4633433844 0
0.9844332245 0.6181157773 0.3509799775 -0.04833802142 0.2240077421 0.4330151437 -0.006457740828 0.06103619258 0.2448069457 -0.9596239642 -0.1653775744 -0.2275348441 0.08190134561 0.6095854191 -0.7884781458 0.2690985265 -0.7752779338 -0.5714281305 0.0003355054974 0.4668033701 0
