0.005985637694 0.00579852666 -0.001084896832 -2.950159534e-06 0.001526328778 0.5099969546 -3.701120105e-07 0.000380049437 0.2549996224 -0.9999999999 -6.764433688e-08 -1.718078233e-05 3.467943888e-08 0.999982265 -0.005955641256 1.71808805e-05 -0.005955641256 -0.9999822649 3.490921315e-08 -0.001442912787 0
0.01097127539 0.01062831332 -0.001988543664 -9.911407318e-06 0.002797620826 0.5099897688 -1.24889489e-06 0.0006976286713 0.2549987259 -0.9999999983 -4.192912072e-07 -5.771973972e-05 2.108023806e-07 0.9999404187 -0.01091599873 5.772087769e-05 -0.01091599872 -0.999940417 7.450949061e-08 -0.002644763073 0
0.01666914704 0.0161480695 -0.003021282901 -2.287922015e-05 0.004250441709 0.5099763825 -2.894078734e-06 0.001061315352 0.2549970474 -0.9999999911 -1.472207495e-06 -0.0001332338729 7.375891417e-07 0.9998624706 -0.01658432732 0.0001332399649 -0.01658432727 -0.9998624617 8.434713267e-08 -0.004018306258 0
0.02236701869 0.02166782569 -0.004054022138 -4.119279883e-05 0.005703128846 0.509957478 -5.223337484e-06 0.001425252842 0.2549946708 -0.9999999712 -3.55771301e-06 -0.0002398682168 1.780624986e-06 0.999752402 -0.02225162272 0.0002398879908 -0.02225162251 -0.9997523732 5.274140901e-08 -0.005391849443 0
0.02806489034 0.02718758187 -0.005086761374 -6.485145186e-05 0.00715563653 0.5099330559 -8.235712765e-06 0.001789210957 0.2549915972 -0.9999999287 -7.028476267e-06 -0.0003776092736 3.516182453e-06 0.9996102297 -0.027917532 0.0003776583105 -0.02791753133 -0.9996101584 1.99445799e-08 -0.006765392628 0
0.03305052804 0.03201736853 -0.005990408206 -8.993670723e-05 0.008426397619 0.5099071612 -1.143129263e-05 0.002107638456 0.2549883367 -0.9999998628 -1.147878878e-05 -0.0005236363147 5.741325491e-06 0.9994595109 -0.03287378824 0.0005237306463 -0.03287378674 -0.9994593738 9.865395664e-08 -0.007967242915 0
0.03874839969 0.03753712471 -0.007023147443 -0.0001236148082 0.009878445658 0.5098723963 -1.572266285e-05 0.002471501873 0.254983958 -0.9999997409 -1.84965206e-05 -0.0007196523746 9.249851273e-06 0.9992572067 -0.03853614795 0.0007198306064 -0.03853614463 -0.9992569476 2.163274258e-07 -0.009340786099 0
0.04444627134 0.0430568809 -0.00805588668 -0.0001626348714 0.01133018288 0.5098321171 -2.069564294e-05 0.002835308354 0.2549788839 -0.9999995515 -2.791177819e-05 -0.0009467144235 1.395659436e-05 0.9990228745 -0.04419610808 0.0009470229567 -0.04419610147 -0.9990224261 3.581240024e-07 -0.01071432928 0
0.04943190903 0.04788666756 -0.008959533512 -0.0002011583518 0.01260016208 0.5097923505 -2.560597514e-05 0.003153594952 0.2549738736 -0.9999993138 -3.839303968e-05 -0.001170838637 1.919578789e-05 0.9987915889 -0.04914632813 0.001171310659 -0.04914631688 -0.9987909028 5.009663784e-07 -0.01191617957 0
0.05512978068 0.05340642374 -0.009992272749 -0.0002501904646 0.01405119345 0.5097417362 -3.185647908e-05 0.003517303481 0.254967496 -0.9999989386 -5.325015811e-05 -0.001456031384 2.662163302e-05 0.9984973045 -0.05480084082 0.001456761566 -0.05480082142 -0.9984962433 6.851053397e-07 -0.01328972276 0
0.06082765233 0.05892617992 -0.01102501199 -0.0003045597606 0.01550178274 0.5096856125 -3.878814357e-05 0.003880963235 0.2549604233 -0.9999984271 -7.151340562e-05 -0.001772176942 3.574898084e-05 0.9981711082 -0.06045194325 0.001773258947 -0.06045191152 -0.9981695357 8.912334675e-07 -0.01466326594 0
0.06581329003 0.06375596658 -0.01192865882 -0.0003565094438 0.01677064987 0.5096319865 -4.54120306e-05 0.00419912633 0.2549536646 -0.9999978448 -9.056274629e-05 -0.002074163938 4.526821169e-05 0.9978595477 -0.06539358471 0.002075646512 -0.06539353767 -0.9978573931 1.08953294e-06 -0.01586511623 0
0.07151116168 0.06927572276 -0.01296139805 -0.0004208802671 0.01822028733 0.5095655385 -5.36205885e-05 0.004562696655 0.2549452891 -0.9999969963 -0.0001161544286 -0.002448235147 5.805532445e-05 0.9974736547 -0.07103734814 0.002450301363 -0.0710372769 -0.9974706519 1.336650635e-06 -0.01723865941 0
0.07720903333 0.07479547895 -0.01399413729 -0.0004905818292 0.01966935162 0.5094935877 -6.251001186e-05 0.004926218855 0.2549362188 -0.9999959191 -0.0001461556367 -0.002853133661 7.304380104e-05 0.997056006 -0.07667669457 0.002855940784 -0.07667659007 -0.9970519265 1.605687654e-06 -0.0186122026 0
0.08219467102 0.07962526561 -0.01489778412 -0.000555941504 0.02093677688 0.509426119 -7.084669977e-05 0.005244260481 0.2549277125 -0.9999947594 -0.0001762970895 -0.003232667728 8.81004425e-05 0.996664564 -0.08160722499 0.003236272488 -0.08160708212 -0.9966593253 1.85916997e-06 -0.01981405288 0
0.08789254267 0.08514502179 -0.01593052336 -0.000635630951 0.02238464371 0.5093438581 -8.10124686e-05 0.005607689268 0.2549173398 -0.9999931494 -0.0002155021037 -0.003695226379 0.0001076819797 0.9961875493 -0.08723734935 0.003699938343 -0.08723714963 -0.9961807016 2.169666137e-06 -0.02118759607 0
0.09359041433 0.09066477797 -0.0169632626 -0.0007206430298 0.02383180645 0.5092561027 -9.185879963e-05 0.005971065852 0.2549062728 -0.9999911946 -0.0002601132995 -0.004188454668 0.000129960309 0.9956789753 -0.09286205509 0.004194510908 -0.09286178173 -0.9956701741 2.502537181e-06 -0.02256113925 0
0.09857605202 0.09549456463 -0.01786690943 -0.0007993923023 0.02509746055 0.5091748123 -0.0001019075229 0.006288975974 0.2548960196 -0.9999891651 -0.0003038539407 -0.004645139196 0.0001518005837 0.9952081455 -0.09777895487 0.004652590886 -0.09777860058 -0.9951973164 2.812326803e-06 -0.02376298954 0
0.1042739237 0.1010143208 -0.01889964867 -0.0008943755086 0.0265431806 0.5090767641 -0.0001140295943 0.006652249141 0.2548836509 -0.9999864376 -0.0003595302436 -0.005195701999 0.0001795960171 0.994640611 -0.1033925661 0.005205028966 -0.103392097 -0.9946270567 3.187764868e-06 -0.02513653272 0
0.1099717953 0.106534077 -0.0199323879 -0.0009946715798 0.02798806592 0.5089732316 -0.0001268318822 0.007015463882 0.2548705881 -0.9999832256 -0.0004216011188 -0.005776744828 0.0002105782365 0.9940417533 -0.1089997634 0.005788279979 -0.1089991515 -0.99402499 3.58627452e-06 -0.02651007591 0
0.115669667 0.1120538332 -0.02096512714 -0.00110027673 0.02943207113 0.5088642187 -0.0001403142544 0.007378617762 0.2548568314 -0.999979475 -0.0004904081393 -0.006388194286 0.0002449162182 0.9934116637 -0.1146002022 0.006402307586 -0.1145994146 -0.9933911539 4.008137755e-06 -0.02788361909 0
0.1206553047 0.1168836198 -0.02186877397 -0.001197033213 0.03069481807 0.5087643401 -0.000152669103 0.007696325494 0.2548442251 -0.9999757069 -0.0005564076002 -0.00694809489 0.0002778469407 0.992834791 -0.1194947719 0.006964798138 -0.1194937996 -0.9928105174 4.396660345e-06 -0.02908546938 0
0.1263531763 0.122403376 -0.02290151321 -0.001312581987 0.03213705087 0.5086450627 -0.0001674262545 0.008059358381 0.2548291677 -0.9999707912 -0.0006387611522 -0.007616345656 0.0003189295369 0.9921464047 -0.1250816133 0.007636427235 -0.1250803889 -0.9921172216 4.863131585e-06 -0.03045901257 0
0.132051048 0.1279231322 -0.02393425244 -0.001433427843 0.0335782733 0.5085203173 -0.0001828630741 0.008422322945 0.2548134167 -0.9999651661 -0.0007288257107 -0.008314770791 0.0003638489947 0.9914270756 -0.130660711 0.008338717775 -0.1306591849 -0.9913922751 5.35386065e-06 -0.03183255575 0
0.1370366857 0.1327529189 -0.02483789928 -0.001543509649 0.03483847855 0.5084066833 -0.0001969277075 0.008739858769 0.2547990659 -0.9999596113 -0.0008142221207 -0.008950576001 0.000406431131 0.990772366 -0.1355358016 0.00897833961 -0.1355339652 -0.9907320191 5.803417686e-06 -0.03303440604 0
0.1427345573 0.1382726751 -0.02587063851 -0.001674275084 0.03627768466 0.5082716982 -0.0002136384741 0.009102687909 0.254782015 -0.9999524792 -0.0009196503333 -0.009705337557 0.0004589902035 0.9899953186 -0.1410994629 0.009738000915 -0.1410972124 -0.9899478511 6.340568535e-06 -0.03440794922 0
0.148432429 0.1437924312 -0.02690337775 -0.001810323952 0.03771575049 0.5081312592 -0.0002310284369 0.00946544085 0.2547642712 -0.999944444 -0.001033752622 -0.01049000994 0.0005158594866 0.9891876564 -0.1466544045 0.01052819272 -0.1466516684 -0.9891321678 6.903003827e-06 -0.03578149241 0
0.1534180667 0.1486222179 -0.02780702458 -0.001933696748 0.03897308725 0.5080039053 -0.0002468016683 0.009782784966 0.2547481769 -0.9999366152 -0.001140968572 -0.01120105681 0.0005692837189 0.9884559348 -0.1515075604 0.01124461645 -0.1515043337 -0.9883926322 7.416176689e-06 -0.03698334269 0
0.1591159383 0.1541419741 -0.02883976382 -0.002079638061 0.04040889354 0.5078532547 -0.000265464641 0.01014538747 0.2547291341 -0.9999266887 -0.001272228142 -0.0120415424 0.0006346721753 0.9875912051 -0.1570452445 0.01209191875 -0.1570413738 -0.987517996 8.027062771e-06 -0.03835688588 0
0.16481381 0.1596617303 -0.02987250306 -0.002230847514 0.04184343004 0.5076971659 -0.0002848062819 0.01050790567 0.2547093988 -0.9999156427 -0.001413111592 -0.01291164434 0.0007048354734 0.9866962268 -0.1625732429 0.01296960489 -0.1625686292 -0.9866119957 8.664368388e-06 -0.03973042906 0
0.1697994477 0.1644915169 -0.03077614989 -0.002367472826 0.04309757252 0.5075561319 -0.0003022867831 0.01082503769 0.2546915626 -0.9999049962 -0.001544536302 -0.01369719214 0.0007702705542 0.9858884145 -0.1674020338 0.01376246156 -0.1673966805 -0.9857935616 9.244011638e-06 -0.04093227935 0
0.1754973193 0.1700112731 -0.03180888912 -0.002528544511 0.04452960705 0.5073898626 -0.0003229003909 0.0111873901 0.2546705294 -0.9998916326 -0.001704344418 -0.01462252644 0.0008498153411 0.9849370909 -0.1729109735 0.01469696851 -0.172904662 -0.9848289075 9.931990411e-06 -0.04230582254 0
0.181195191 0.1755310293 -0.03284162836 -0.002694867401 0.04596024271 0.5072181727 -0.0003441920823 0.01154964997 0.2546488043 -0.9998769113 -0.001874711498 -0.0155771521 0.0009345899292 0.9839559228 -0.1784092724 0.01566169699 -0.1784018705 -0.9838330569 1.064762209e-05 -0.04367936572 0
0.1861808287 0.1803608159 -0.03374527519 -0.002844702634 0.0472108662 0.5070635025 -0.0003633783827 0.01186654916 0.2546292275 -0.9998628473 -0.002032697157 -0.01643638328 0.001013180282 0.9830730361 -0.1832112964 0.01653057829 -0.1832028215 -0.9829361455 1.129683766e-05 -0.04488121601 0
0.1918787003 0.1858805721 -0.03477801443 -0.003020854475 0.04863875833 0.5068816664 -0.0003859408917 0.01222862771 0.2546062057 -0.999845341 -0.002223727339 -0.01744560362 0.001108179657 0.9820363154 -0.1886887575 0.01755180864 -0.1886789079 -0.9818819704 1.206554082e-05 -0.04625475919 0
0.197576572 0.1914003283 -0.03581075367 -0.003202238955 0.050065123 0.5066944289 -0.000409180843 0.0125906054 0.2545824927 -0.9998262169 -0.002426235413 -0.01848376021 0.001208853182 0.9809701913 -0.1941546352 0.01860308264 -0.1941432385 -0.9807967823 1.28632199e-05 -0.04762830238 0
0.2032744436 0.1969200845 -0.0368434929 -0.003388849236 0.05148991561 0.5065017969 -0.0004330980002 0.0129524793 0.2545580887 -0.9998053795 -0.002640536961 -0.01955072259 0.001315352756 0.9798748261 -0.1996086047 0.0196843348 -0.1995954728 -0.9796806491 1.369035462e-05 -0.04900184556 0
0.2082600813 0.2017498712 -0.03774713974 -0.003556414495 0.05273528455 0.5063288246 -0.0004545808422 0.01326903155 0.2545361685 -0.9997856643 -0.002837971576 -0.02050783912 0.001413437387 0.9788925253 -0.2043708055 0.02065496896 -0.204355988 -0.9786787023 1.443864479e-05 -0.05020369585 0
0.2139579529 0.2072696273 -0.03877987897 -0.003752804034 0.05415700956 0.5061260978 -0.0004797670996 0.01363070302 0.2545104695 -0.9997613481 -0.003075228833 -0.02162844827 0.0015312652 0.9777427849 -0.2098015774 0.0217922471 -0.2097846267 -0.9775047357 1.532233501e-05 -0.05157723903 0
0.2196558246 0.2127893835 -0.03981261821 -0.003954398617 0.05557703464 0.505917998 -0.000505629845 0.01399226234 0.2544840802 -0.99973503 -0.003325174495 -0.0227774683 0.001655347654 0.9765642936 -0.2152195167 0.02295930468 -0.2152001946 -0.976300029 1.623691241e-05 -0.05295078222 0
0.2246414623 0.2176191702 -0.04071626504 -0.004135057671 0.05681812726 0.5057315093 -0.0005288144722 0.01430853245 0.2544604236 -0.9997102766 -0.00355452665 -0.02380605338 0.00176916548 0.9755096695 -0.2199494366 0.0240048514 -0.219927829 -0.975220753 1.706290954e-05 -0.0541526325 0
0.2303393339 0.2231389264 -0.04174900428 -0.004346391077 0.05823484554 0.5055133564 -0.0005559449185 0.0146698736 0.2544327407 -0.999679919 -0.003829088099 -0.02500795253 0.00190536802 0.974277756 -0.2253424587 0.025227548 -0.2253179802 -0.9739586124 1.803679552e-05 -0.05552617569 0
0.2360372056 0.2286586825 -0.04278174351 -0.004562907154 0.05964973661 0.5052898537 -0.0005837510781 0.01503109419 0.2544043684 -0.99964725 -0.004117213466 -0.02623783875 0.002048241045 0.9730176176 -0.2307217383 0.02647981 -0.2306940927 -0.9726659526 1.904307222e-05 -0.05689971887 0
0.2410228433 0.2334884692 -0.04368539035 -0.004756603722 0.06088623274 0.5050899068 -0.0006086355418 0.01534706101 0.2543789773 -0.9996166803 -0.004380685501 -0.02733682629 0.002178838099 0.9718919934 -0.2354170891 0.02759973083 -0.2353864116 -0.9715099032 1.995055806e-05 -0.05810156916 0
0.2467207149 0.2390082254 -0.04471812958 -0.004982815163 0.06229757895 0.5048563958 -0.0006377078966 0.01570804766 0.2543493129 -0.9995793728 -0.004695049053 -0.02861877029 0.002334598328 0.9705794517 -0.2407697604 0.02890721622 -0.2407352995 -0.9701602385 2.101902504e-05 -0.05947511235 0
0.2524185866 0.2445279816 -0.04575086882 -0.005214185296 0.06370697131 0.5046175596 -0.0006674551333 0.01606890534 0.2543189599 -0.9995394244 -0.005023831269 -0.02992824922 0.002497431262 0.9692392459 -0.2461077955 0.03024403774 -0.246069188 -0.9687802913 2.212145153e-05 -0.06084865553 0
0.2574042243 0.2493577682 -0.04665451565 -0.005420859053 0.06493855236 0.5044042168 -0.0006940373421 0.0163845477 0.2542918364 -0.9995022097 -0.00532357329 -0.03109650183 0.0026458193 0.9680440321 -0.2507663284 0.03143775594 -0.2507237751 -0.967548064 2.311437203e-05 -0.06205050582 0
0.2631020959 0.2548775244 -0.04768725489 -0.005661878086 0.06634416302 0.5041554204 -0.0007250491619 0.01674515566 0.254260193 -0.9994569866 -0.005680175917 -0.03245716461 0.002822280201 0.9666525066 -0.2560760945 0.03282935679 -0.256028645 -0.9661115703 2.428198682e-05 -0.063424049 0
0.2687999676 0.2603972806 -0.04871999413 -0.00590803023 0.06774769388 0.5039013252 -0.0007567349757 0.01710562622 0.2542278619 -0.9994087737 -0.006052029878 -0.03384488243 0.003006201545 0.9652339117 -0.2613703472 0.03425004941 -0.2613175627 -0.9646450464 2.548518883e-05 -0.06479759219 0
0.2737856053 0.2652270673 -0.04962364096 -0.006127616828 0.06897404297 0.5036746528 -0.0007850126953 0.01742092295 0.2541990082 -0.9993640358 -0.006390136453 -0.03508119294 0.003173355895 0.9639706045 -0.2659898559 0.03551695024 -0.265932021 -0.9633372756 2.656763814e-05 -0.06599944247 0
0.2794834769 0.2707468234 -0.05065638019 -0.006383368419 0.07037355661 0.5034106485 -0.000817961374 0.01778112801 0.2541653885 -0.9993098758 -0.006791350444 -0.03651916928 0.003371618028 0.9625018363 -0.2712542114 0.03699194991 -0.271190141 -0.9618146927 2.783913127e-05 -0.06737298566 0
0.2851813486 0.2762665796 -0.05168911943 -0.006644225952 0.07177086519 0.5031413734 -0.0008515831019 0.01814118725 0.2541310819 -0.9992523579 -0.007208625077 -0.03798369367 0.003577713027 0.9610066267 -0.2765021942 0.03849578198 -0.2764313643 -0.9602623473 2.914789229e-05 -0.06874652884 0
0.2908792202 0.2817863358 -0.05272185867 -0.006910179607 0.07316592533 0.5028668377 -0.0008858775371 0.01850109774 0.2540960889 -0.9991913498 -0.007642236147 -0.03947458354 0.003791766689 0.9594852016 -0.2817335097 0.04002835276 -0.2816553642 -0.9586803361 3.049451719e-05 -0.07012007203 0
0.2958648579 0.2866161225 -0.0536255055 -0.007147061602 0.07438472449 0.5026223119 -0.0009164367242 0.01881589511 0.2540649072 -0.9991349989 -0.00803526132 -0.04080059417 0.003985689617 0.9581326303 -0.2862970084 0.04139285189 -0.2862119797 -0.9572718185 3.170434691e-05 -0.07132192231 0
0.3015627296 0.2921358787 -0.05465824474 -0.007422543352 0.07577545218 0.5023379407 -0.0009519915405 0.01917551884 0.2540286281 -0.9990670824 -0.008500235972 -0.04234041623 0.004214997905 0.9565626737 -0.2914962867 0.04297904898 -0.2914028094 -0.955634451 3.312359197e-05 -0.0726954655 0
0.3072606012 0.2976556348 -0.05569098397 -0.007703091928 0.07716380722 0.5020483392 -0.0009882180432 0.0195349854 0.2539916636 -0.9989952831 -0.008982322919 -0.04390606134 0.004452615356 0.9549671726 -0.2966780636 0.04459370543 -0.2965754829 -0.9539677061 3.458244436e-05 -0.07406900868 0
0.3122462389 0.3024854215 -0.05659463081 -0.007952720019 0.07837663775 0.5017906559 -0.001020466937 0.01984938744 0.2539587576 -0.9989291631 -0.009418393868 -0.04529703083 0.004667439494 0.9535503439 -0.3011975374 0.04602979637 -0.3010864252 -0.9524852873 3.589191487e-05 -0.07527085897 0
0.3179441106 0.3080051777 -0.05762737004 -0.008242740293 0.07976042821 0.501491277 -0.001057951853 0.02020855146 0.253920509 -0.9988497028 -0.009933274791 -0.04691056708 0.004920952815 0.9519075988 -0.306345732 0.0476975416 -0.3062241881 -0.950763741 3.742669555e-05 -0.07664440216 0
0.3236419822 0.3135249339 -0.05866010928 -0.008537796533 0.08114172264 0.5011866997 -0.001096107379 0.02056754993 0.253881576 -0.9987659497 -0.01046601764 -0.04854935851 0.005183108623 0.9502400112 -0.3114756114 0.04939345222 -0.3113428714 -0.9490131207 3.900286773e-05 -0.07801794534 0
0.3286276199 0.3183547205 -0.05956375611 -0.00880009309 0.08234827414 0.5009159392 -0.001130043268 0.02088153548 0.2538469486 -0.9986890291 -0.01094702005 -0.05000385838 0.005419672415 0.9487606909 -0.3159490127 0.0509003954 -0.3158058173 -0.947457564 4.041646694e-05 -0.07921979563 0
0.3343254916 0.3238744767 -0.06059649535 -0.009104561707 0.08372477344 0.5006016457 -0.001169455135 0.02124021566 0.2538067336 -0.9985968304 -0.01151393699 -0.05168945289 0.005698332418 0.9470472035 -0.3210438028 0.05264882993 -0.3208878676 -0.9456527254 4.207194759e-05 -0.08059333881 0
0.3400233632 0.3293942329 -0.06162923458 -0.009414033877 0.08509865417 0.5002821873 -0.001209536477 0.02159872189 0.2537658354 -0.9984999122 -0.0120994381 -0.05339971003 0.0059859503 0.9453096055 -0.3261194846 0.05442512134 -0.3259499247 -0.9438191314 4.377064013e-05 -0.081966882 0
0.3450090009 0.3342240195 -0.06253288142 -0.009688917361 0.08629861844 0.4999984337 -0.001245156511 0.02191226986 0.2537294894 -0.9984111175 -0.01262718877 -0.0549162497 0.006245047096 0.9437696343 -0.3305448182 0.05600214071 -0.3303625759 -0.9421912378 4.529294708e-05 -0.08316873228 0
0.3507068726 0.3397437757 -0.06356562065 -0.01000773969 0.08766747515 0.4996693234 -0.001286492015 0.02227044208 0.2536873114 -0.9983049383 -0.01324819169 -0.05667217631 0.006549743202 0.9419875358 -0.3355839438 0.05783036412 -0.3353862965 -0.9403040365 4.707439226e-05 -0.08454227547 0
0.3564047442 0.3452635319 -0.06459835989 -0.01033153161 0.08903359168 0.4993350831 -0.001328495806 0.02262843197 0.2536444514 -0.9981935968 -0.01388847252 -0.05845214909 0.006863693932 0.9401820871 -0.3406031895 0.05968612157 -0.3403891205 -0.9383884129 4.890090183e-05 -0.08591581865 0
0.3613903819 0.3500933186 -0.06550200672 -0.0106189166 0.09022666275 0.4990384245 -0.001365796989 0.02294152126 0.2536063899 -0.9980918143 -0.01446471653 -0.06002917789 0.007146070166 0.9385833782 -0.344978515 0.06133240501 -0.3447492047 -0.936689021 5.053657643e-05 -0.08711766894 0
0.3670882536 0.3556130748 -0.06653474596 -0.01095199358 0.09158752811 0.4986945996 -0.001409052658 0.02329916144 0.2535622524 -0.9979703671 -0.01514177243 -0.06185364249 0.007477637524 0.9367348813 -0.3499597792 0.0632394758 -0.3497120084 -0.9347204287 5.244933949e-05 -0.08849121212 0
0.3727861252 0.3611328309 -0.0675674852 -0.01129000467 0.09294553261 0.4983456813 -0.001452975366 0.02365661092 0.2535174343 -0.9978432996 -0.0158387704 -0.06370151376 0.007818736908 0.9348638225 -0.3549204146 0.06517374361 -0.354653023 -0.9327237621 5.440904787e-05 -0.08986475531 0
0.3777717629 0.3659626176 -0.06847113203 -0.01158980191 0.09413140693 0.49803621 -0.001491954566 0.0239692205 0.2534776604 -0.9977273771 -0.01646517844 -0.06533742296 0.008125090361 0.9332083586 -0.359243848 0.0668884433 -0.3589582947 -0.9309537469 5.616282152e-05 -0.0910666056 0
0.3834696346 0.3714823738 -0.06950387126 -0.0119370301 0.09548393492 0.4976777772 -0.001537126764 0.0243263046 0.2534315671 -0.9975893314 -0.01720016829 -0.06722856593 0.008484307885 0.9312957545 -0.3641651194 0.06887337937 -0.3638576259 -0.9289047775 5.82123343e-05 -0.09244014878 0
0.3891675062 0.37700213 -0.0705366105 -0.01228915541 0.09683348236 0.4973142893 -0.001582964699 0.02468318966 0.2533847945 -0.9974451928 -0.01795573376 -0.06914245381 0.008853314833 0.9293614031 -0.3690650366 0.07088516143 -0.3687342865 -0.9268280962 6.031069841e-05 -0.09381369197 0
0.3948653779 0.3825218862 -0.07156934974 -0.01264616461 0.09818000788 0.4969457598 -0.001629467905 0.02503987277 0.253337343 -0.9972947938 -0.01873208786 -0.0710788514 0.00923219593 0.9274055939 -0.3739433527 0.07292366413 -0.3735879727 -0.9247238322 6.245858212e-05 -0.09518723515 0
0.3998510156 0.3873516728 -0.07247299657 -0.01296254345 0.09935570634 0.4966191719 -0.001670703569 0.02535180255 0.2532952664 -0.9971579262 -0.01942861537 -0.07279147744 0.00957188146 0.9256768884 -0.378193968 0.07472917347 -0.3778158642 -0.9228600779 6.437912922e-05 -0.09638908544 0
0.4055488872 0.392871429 -0.07350573581 -0.01332867368 0.1006964546 0.4962412271 -0.001718452878 0.0257080992 0.2532465432 -0.9969953315 -0.02024450878 -0.07476943791 0.009969496141 0.9236816359 -0.3830311274 0.07681743375 -0.3826256595 -0.9207044513 6.66216722e-05 -0.09776262862 0
0.4112467589 0.3983911852 -0.07453847504 -0.01369964879 0.1020340627 0.4958582811 -0.001766866081 0.02606418559 0.2531971425 -0.9968259857 -0.02108178156 -0.0767692178 0.01037721441 0.9216657741 -0.387845993 0.07893204506 -0.3874116149 -0.9185216236 6.891566992e-05 -0.09913617181 0
0.4162323966 0.4032209718 -0.07544212188 -0.01402821539 0.1032018616 0.4955191121 -0.001809771847 0.02637558641 0.2531533615 -0.9966721335 -0.02183208862 -0.07853673151 0.01074231488 0.9198852252 -0.3920405274 0.08080384249 -0.3915795352 -0.9165894428 7.096565947e-05 -0.1003380221 0
0.4219302682 0.408740728 -0.07647486111 -0.01440823698 0.1045334717 0.4951268277 -0.001859428518 0.02673127074 0.2531026919 -0.99648966 -0.02270997775 -0.08057676095 0.01116917697 0.9178315335 -0.3968129605 0.08296750557 -0.3963199882 -0.914355981 7.335796271e-05 -0.1017115653 0
0.4276281399 0.4142604842 -0.07750760035 -0.01479306294 0.1058618243 0.4947295839 -0.001909747649 0.02708673649 0.2530513462 -0.9962999321 -0.02360980414 -0.08263789942 0.01160635066 0.9157581045 -0.4015624319 0.08515713649 -0.4010357481 -0.9120957136 7.580367435e-05 -0.1030851085 0
0.4326137775 0.4190902709 -0.07841124718 -0.0151337154 0.107021429 0.494377939 -0.001954319911 0.02739758745 0.2530058645 -0.9961278296 -0.02441529411 -0.08445851381 0.01199738929 0.9139279059 -0.4056992057 0.08709425808 -0.4051415509 -0.9100961015 7.798802084e-05 -0.1042869588 0
0.4383116492 0.424610027 -0.07944398642 -0.01552751052 0.1083435649 0.4939714366 -0.002005879771 0.02775263559 0.2529532526 -0.9959240193 -0.02535675145 -0.08655855166 0.01245407631 0.9118183034 -0.4104050165 0.08933220972 -0.4098102204 -0.9077859547 8.053571682e-05 -0.1056605019 0
0.4440095209 0.4301297832 -0.08047672565 -0.01592606804 0.1096623273 0.4935600181 -0.002058100602 0.02810745686 0.2528999661 -0.9957124398 -0.02632067023 -0.08867896899 0.01292126096 0.909689858 -0.4150872237 0.09159573264 -0.4144533563 -0.9054494117 8.31387911e-05 -0.1070340451 0
0.4489951585 0.4349595699 -0.08138037249 -0.01627870078 0.1108134456 0.4931960064 -0.002104335614 0.0284177371 0.2528527876 -0.9955207917 -0.02718266164 -0.09055084886 0.01333870566 0.9078122597 -0.4191646217 0.0935971808 -0.4184949272 -0.9033833979 8.546244991e-05 -0.1082358954 0
0.4546930302 0.4404793261 -0.08241311172 -0.0166861474 0.1121257747 0.492775412 -0.00215779433 0.02877212523 0.2527982378 -0.9952941541 -0.02818916196 -0.09270878041 0.01382573144 0.9056493379 -0.4238019891 0.0959082685 -0.423089409 -0.9009977559 8.817121584e-05 -0.1096094386 0
0.4603909018 0.4459990823 -0.08344585096 -0.017098313 0.1134346155 0.4923499463 -0.002211912471 0.02912627823 0.252743015 -0.9950592216 -0.02921861333 -0.09488634367 0.01432341835 0.9034684886 -0.4284151372 0.09824451775 -0.4276575297 -0.8985861406 9.093734419e-05 -0.1109829818 0
0.4653765395 0.4508288689 -0.08434949779 -0.0174628168 0.1145769583 0.4919736804 -0.002259806349 0.02943596696 0.2526941435 -0.9948467056 -0.03013833781 -0.09680760805 0.01476768043 0.9015457934 -0.4324316109 0.1003092618 -0.4316327873 -0.8964547891 9.340530645e-05 -0.1121848321 0
0.4710744112 0.4563486251 -0.08538223703 -0.01788378873 0.1158791514 0.4915391243 -0.002315159427 0.02978967134 0.2526376604 -0.99459572 -0.03121125581 -0.09902126717 0.0152854936 0.8993322028 -0.4369987902 0.1026922954 -0.4361507153 -0.8939948803 9.628085864e-05 -0.1135583752 0
0.4767722828 0.4618683813 -0.08641497627 -0.01830943479 0.1171777424 0.4910997432 -0.002371170331 0.03014313233 0.2525805059 -0.9943359039 -0.03230757915 -0.1012537931 0.01581410844 0.89710162 -0.4415411615 0.1051000678 -0.4406414684 -0.8915094346 9.921576976e-05 -0.1149319184 0
0.4824701545 0.4673881375 -0.0874477155 -0.01873973902 0.118472692 0.4906555536 -0.002427838493 0.03049634708 0.2525226807 -0.9940670689 -0.03342745743 -0.1035049158 0.01635356834 0.8948543745 -0.4460585267 0.1075324291 -0.4451047669 -0.8889986069 0.0001022107368 -0.1163054616 0
0.4874557922 0.4722179241 -0.08835136233 -0.01912006374 0.1196027551 0.4902629563 -0.002477961837 0.03080520574 0.2524715338 -0.9938242911 -0.03442678761 -0.1054896898 0.01683452404 0.8928746268 -0.4499905551 0.1096807967 -0.4489874131 -0.8867809345 0.0001048811466 -0.1175073119 0
0.4931536638 0.4777376803 -0.08938410157 -0.01955905852 0.1208907718 0.4898097957 -0.002535860797 0.03115795106 0.2524124524 -0.9935380344 -0.03559121934 -0.1077749475 0.01739442548 0.8905970346 -0.4544605109 0.1121588524 -0.453398486 -0.8842229384 0.0001079906017 -0.1188808551 0
0.4988515355 0.4832574365 -0.09041684081 -0.02000266473 0.1221750351 0.4893518749 -0.00259441534 0.03151044192 0.2523527019 -0.9932422115 -0.03677961158 -0.1100780155 0.01796528081 0.8883037391 -0.4589049093 0.1146610571 -0.4577813095 -0.8816400142 0.0001111621234 -0.1202543983 0
0.5038371732 0.4880872232 -0.09132048764 -0.02039458991 0.1232956561 0.4889473028 -0.00264618788 0.03181866044 0.2522998719 -0.9929753681 -0.03783921411 -0.1121075923 0.01847379027 0.8862844893 -0.4627726472 0.1168701735 -0.4615928919 -0.8793596333 0.0001139886704 -0.1214562486 0
0.5095350448 0.4936069793 -0.09235322688 -0.02084679766 0.1245727776 0.4884805029 -0.00270597003 0.0321706665 0.2522388685 -0.9926610898 -0.03907288573 -0.1144433064 0.0190652688 0.8839626618 -0.4671686291 0.1194172362 -0.4659220129 -0.8767304041 0.0001172784588 -0.1228297917 0
0.5152329165 0.4991267355 -0.09338596611 -0.02130356867 0.125846035 0.4880089924 -0.002766406033 0.03252240989 0.2521771978 -0.9923366904 -0.0403308865 -0.1167960296 0.01966778607 0.8816261069 -0.4715385307 0.1219879958 -0.4702221042 -0.8740767138 0.0001206323333 -0.1242033349 0
0.5202185542 0.5039565222 -0.09428961295 -0.02170697317 0.1269569354 0.4875925706 -0.002819823417 0.03282996767 0.2521226889 -0.9920443854 -0.04145168868 -0.1188683934 0.0202040627 0.8795698098 -0.4753406626 0.1242567234 -0.47396066 -0.8717347988 0.000123620098 -0.1254051852 0
0.5259164258 0.5094762784 -0.09532235218 -0.02217225411 0.1282228447 0.4871122756 -0.002881483733 0.03318121092 0.2520597686 -0.9917004836 -0.04275562497 -0.1212522471 0.0208273395 0.8772065668 -0.4796611941 0.1268714815 -0.4782055998 -0.8690356906 0.0001270960334 -0.1267787284 0
0.5316142975 0.5149960345 -0.09635509142 -0.02264204877 0.1294847804 0.4866273213 -0.002943796118 0.03353218334 0.2519961828 -0.991345899 -0.04408422151 -0.1236522948 0.02146171554 0.8748295872 -0.4839551509 0.1295094721 -0.4824207445 -0.8663126005 0.0001306380822 -0.1281522716 0
0.5365999352 0.5198258212 -0.09725873825 -0.02305680796 0.1305856849 0.4861991784 -0.002998853857 0.03383905983 0.2519399998 -0.9910267196 -0.04526705626 -0.1257653954 0.02202591152 0.8727387352 -0.4876904339 0.1318366424 -0.4860843484 -0.8639103576 0.0001337921643 -0.1293541219 0
0.5422978068 0.5253455774 -0.09829147749 -0.02353501839 0.1318400686 0.4857055367 -0.003062387157 0.03418951681 0.2518751678 -0.990651574 -0.04664217358 -0.1281950333 0.02268113747 0.8703369383 -0.4919341215 0.1345177495 -0.4902429209 -0.8611427603 0.0001374600814 -0.1307276651 0
0.5479956785 0.5308653336 -0.09932421672 -0.02401769163 0.1330903707 0.4852072882 -0.003126570687 0.03453969483 0.2518096722 -0.9902651783 -0.04804224422 -0.1306400374 0.0233474985 0.8679224091 -0.4961507696 0.1372216125 -0.4943709484 -0.858351673 0.0001411961459 -0.1321012082 0
0.5529813162 0.5356951202 -0.1002278636 -0.02444367745 0.1341810076 0.4847675564 -0.003183264154 0.03484586953 0.2517518196 -0.9899176975 -0.04928784871 -0.1327917927 0.02393970394 0.8657995284 -0.4998180341 0.1396060272 -0.4979577136 -0.8558903391 0.0001445216617 -0.1333030585 0
0.5586791878 0.5412148764 -0.1012606028 -0.02493466977 0.1354235565 0.4842607204 -0.0032486651 0.03519551686 0.2516850814 -0.9895096724 -0.05073495359 -0.135264824 0.02462695873 0.8633620766 -0.5039835688 0.1423521023 -0.5020277773 -0.853055678 0.0001483874134 -0.1346766017 0
0.5643770595 0.5467346326 -0.102293342 -0.02543007265 0.1366619171 0.4837493315 -0.003314714381 0.03554487711 0.2516176814 -0.9890898253 -0.05220726629 -0.1377523823 0.02532535949 0.8609129088 -0.5081216288 0.1451204453 -0.5060665616 -0.8501980308 0.0001523233519 -0.1360501449 0
0.5700749311 0.5522543888 -0.1033260813 -0.02592986761 0.1378960528 0.4832334087 -0.003381411326 0.03589394745 0.2515496204 -0.9886579562 -0.05370486624 -0.1402541731 0.0260349041 0.8584523811 -0.5122320696 0.1479108837 -0.510073815 -0.8473175755 0.0001563301877 -0.1374236881 0
0.5750605688 0.5570841754 -0.1042297281 -0.02637077643 0.1389724269 0.4827782724 -0.003440301907 0.03619914398 0.2514895252 -0.9882700514 -0.05503606847 -0.1424546828 0.02666489308 0.8562903815 -0.5158059383 0.1503705056 -0.5135541 -0.8447786085 0.0001598948861 -0.1386255384 0
0.5807584405 0.5626039316 -0.1052624673 -0.02687875618 0.1401985422 0.4822539008 -0.003508211389 0.03654766317 0.2514202265 -0.9878151009 -0.05658127957 -0.1449823618 0.02739531608 0.8538095179 -0.5198642168 0.153201903 -0.5175015614 -0.841855873 0.0001640365714 -0.1399990816 0
0.5864563121 0.5681236878 -0.1062952066 -0.027391074 0.1414203279 0.4817250511 -0.003576766567 0.03689588438 0.2513502688 -0.9873475517 -0.05815197984 -0.1475234201 0.02813685979 0.8513183245 -0.5238944813 0.1560548922 -0.5214167792 -0.8389108492 0.0001682511998 -0.1413726247 0
0.5914419498 0.5729534745 -0.1071988534 -0.02784289564 0.1424858103 0.4812586497 -0.003637281474 0.03720033129 0.2512885156 -0.986927953 -0.05954729972 -0.1497575865 0.02879482208 0.84913034 -0.5273978802 0.15856883 -0.5248159533 -0.8363158143 0.0001719993958 -0.142574475 0
0.5971398215 0.5784732306 -0.1082315926 -0.02836329574 0.1436993808 0.480721457 -0.00370704545 0.03754798622 0.251217324 -0.9864362386 -0.06116595281 -0.1523229248 0.02955717699 0.8466207505 -0.5313752706 0.1614618236 -0.5286700588 -0.8333294957 0.000176352713 -0.1439480182 0
0.6028376931 0.5839929868 -0.1092643319 -0.02888797858 0.1449085184 0.4801798433 -0.003777453101 0.03789533511 0.2511454753 -0.9859313464 -0.06281025753 -0.1549007803 0.03033060403 0.84410187 -0.5353242826 0.1643758944 -0.532491225 -0.8303214201 0.0001807810226 -0.1453215614 0
0.6078233308 0.5888227735 -0.1101679787 -0.0293505739 0.1459628496 0.4797023206 -0.003839587249 0.03819901215 0.2510820693 -0.9854785972 -0.06427010375 -0.1571664348 0.03101641737 0.8418905133 -0.538756295 0.1669428535 -0.5358075376 -0.8276716537 0.0001847178717 -0.1465234117 0
0.6135212025 0.5943425297 -0.1112007179 -0.02988323411 0.1471635799 0.4791524722 -0.003911199856 0.0385457797 0.2510089906 -0.9849484527 -0.06596262875 -0.1597669462 0.03181054051 0.8393551911 -0.5426517785 0.1698959535 -0.5395663025 -0.8246232899 0.0001892887157 -0.1478969549 0
0.6192190741 0.5998622859 -0.1122334572 -0.03042012047 0.1483597757 0.4785982612 -0.003983454064 0.03889223318 0.2509352571 -0.9844045501 -0.06768092812 -0.162379105 0.03261566157 0.8368116235 -0.5465185498 0.1728696052 -0.5432914491 -0.8215537115 0.0001939366046 -0.1492704981 0
0.6242047118 0.6046920725 -0.113137104 -0.03089334711 0.1494026997 0.4781097641 -0.004047202231 0.03919512016 0.2508702035 -0.9839171905 -0.06920560943 -0.1646740593 0.0333291393 0.8345795251 -0.5498783363 0.1754882636 -0.5465231925 -0.8188505782 0.0001980672699 -0.1504723483 0
0.6299025835 0.6102118287 -0.1141698433 -0.03143810355 0.150590299 0.4775474291 -0.004120657453 0.03954097728 0.2507952439 -0.983346947 -0.07097232179 -0.1673072363 0.03415479323 0.8320214819 -0.5536909822 0.1784999492 -0.550184681 -0.8157417391 0.0002028615439 -0.1518458915 0
0.6356004551 0.6157315849 -0.1152025825 -0.0319870283 0.1517732637 0.4769807912 -0.004194752145 0.03988651234 0.2507196316 -0.9827623648 -0.07276489131 -0.169951184 0.03499134517 0.8294562444 -0.5574746133 0.1815316505 -0.5538118898 -0.8126122388 0.0002077349176 -0.1532194347 0
0.6405860928 0.6205613715 -0.1161062293 -0.03247074073 0.1528045288 0.47648147 -0.004260108975 0.04018858916 0.2506529359 -0.9822389344 -0.07435461595 -0.1722732329 0.03573223589 0.8272060482 -0.560761412 0.1842006596 -0.5569573996 -0.8098571306 0.0002120645684 -0.154421285 0
0.6462839645 0.6260811277 -0.1171389686 -0.03302742594 0.1539787107 0.4759068213 -0.004335400639 0.04053351289 0.2505761016 -0.9816269232 -0.07619571609 -0.1749365497 0.03658910917 0.8246283098 -0.5644903789 0.18726938 -0.5605197263 -0.8066894172 0.0002170881819 -0.1557948282 0
0.6519818361 0.6316008839 -0.1181717078 -0.03358822039 0.1551481595 0.4753279307 -0.00441132959 0.04087810661 0.2504986168 -0.9809999935 -0.07806271604 -0.1776097551 0.03745675474 0.8220444321 -0.568190059 0.1903575695 -0.5640471293 -0.8035016065 0.0002221929519 -0.1571683714 0
0.6576797078 0.6371206401 -0.119204447 -0.03415310323 0.1563128411 0.4747448198 -0.004487895057 0.04122236755 0.2504204821 -0.980357944 -0.07995562121 -0.180292541 0.03833512281 0.8194547827 -0.5718603654 0.1934650358 -0.5675393887 -0.8002938974 0.0002273795941 -0.1585419146 0
0.6626653455 0.6419504268 -0.1201080939 -0.034650713 0.1573280006 0.4742311528 -0.00455541137 0.04152332072 0.2503515819 -0.9797835896 -0.08163316414 -0.1826475953 0.03911244916 0.817184394 -0.5750477219 0.1961997296 -0.570566116 -0.7974709859 0.0002319856295 -0.1597437648 0
0.6683632171 0.6474701829 -0.1211408331 -0.03522320493 0.1584836533 0.4736401873 -0.0046331682 0.04186695026 0.2502722311 -0.9791126488 -0.08357463921 -0.1853475132 0.04001077689 0.8145849141 -0.5786627303 0.199342817 -0.5739918966 -0.7942265067 0.0002373277115 -0.161117308 0
0.6740610888 0.6529899391 -0.1221735723 -0.03579972457 0.1596344425 0.4730450641 -0.00471155929 0.04221023909 0.2501922327 -0.9784260111 -0.08554200791 -0.1880561238 0.0409196666 0.8119807203 -0.5822481351 0.2025046214 -0.5773819141 -0.7909627068 0.0002427537241 -0.1624908512 0
0.6790467264 0.6578197258 -0.1230772192 -0.0363074664 0.1606373676 0.4725209381 -0.00478067116 0.04251033518 0.2501217036 -0.9778121695 -0.0872846859 -0.1904330454 0.04172356065 0.8096984731 -0.5853610229 0.2052863991 -0.5803186764 -0.7880911928 0.0002475708973 -0.1636927015 0
0.6847445981 0.663339482 -0.1241099584 -0.0368914802 0.1617789488 0.471918079 -0.004860249336 0.0428529778 0.2500404933 -0.9770955613 -0.08930056498 -0.1931571203 0.04265208484 0.8070864327 -0.5888907283 0.2084827659 -0.5836410706 -0.7847917157 0.0002531562099 -0.1650662447 0
0.6904424697 0.6688592381 -0.1251426976 -0.0374794598 0.1629155719 0.471311126 -0.004940459464 0.04319527182 0.2499586379 -0.9763626824 -0.09134228581 -0.1958889971 0.04359098471 0.8044707364 -0.5923906316 0.2116972801 -0.5869271004 -0.7814735059 0.0002588275121 -0.1664397879 0
0.6954281074 0.6736890248 -0.1260463445 -0.03799717803 0.1639060243 0.4707767017 -0.005011161083 0.04349449099 0.2498864857 -0.9757079101 -0.09314996834 -0.1982855454 0.04442097777 0.8021792922 -0.5954285514 0.2145247092 -0.5897723854 -0.7785548681 0.0002638610029 -0.1676416382 0
0.7011259791 0.679208781 -0.1270790837 -0.03859253466 0.1650332635 0.4701621336 -0.005092553918 0.04383612404 0.2498034228 -0.9749439886 -0.09524006451 -0.2010312145 0.04537913865 0.7995577322 -0.5988724127 0.2177727092 -0.592989682 -0.7752020925 0.0002696954662 -0.1690151813 0
0.7068238507 0.6847285372 -0.1281118229 -0.03919179407 0.1661554516 0.4695435369 -0.005174576344 0.04417740063 0.2497197171 -0.9741632268 -0.09735591028 -0.2037837931 0.04634746315 0.796933573 -0.6022863047 0.2210382778 -0.5961700319 -0.7718311816 0.0002756179784 -0.1703887245 0
0.7118094884 0.6895583238 -0.1290154698 -0.03971933009 0.1671331976 0.468998978 -0.005246861773 0.04447572312 0.249645948 -0.9734660911 -0.09922836555 -0.2061977231 0.04720302182 0.7946355901 -0.6052488362 0.2239099022 -0.5989223743 -0.768866923 0.0002808729672 -0.1715905748 0
0.7175073601 0.69507808 -0.130048209 -0.04032584726 0.168245829 0.4683728893 -0.005330062429 0.04481632404 0.2495610393 -0.9726532235 -0.1013923762 -0.2089624199 0.04819018571 0.7920075462 -0.6086064021 0.2272078627 -0.6020329167 -0.7654625754 0.0002869625015 -0.172964118 0
0.7232052317 0.7005978362 -0.1310809483 -0.04093620301 0.169353318 0.4677428381 -0.005413890262 0.04515656069 0.2494754902 -0.9718229513 -0.1035820041 -0.2117331332 0.04918727557 0.7893779571 -0.6119338631 0.230522804 -0.6051059488 -0.7620406994 0.0002931421438 -0.1743376612 0
0.7281908694 0.7054276229 -0.1319845951 -0.04147339539 0.170318128 0.4671883112 -0.005487753427 0.04545396681 0.2494001102 -0.9710820329 -0.1055188993 -0.2141621986 0.05006780199 0.7870760864 -0.6148206645 0.2334371449 -0.6077639313 -0.7590323466 0.0002986238104 -0.1755395115 0
0.7338887411 0.710947379 -0.1330173343 -0.04209088752 0.171415891 0.4665508934 -0.005572754915 0.04579351315 0.2493133629 -0.9702186028 -0.1077564065 -0.2169433559 0.05108326171 0.7844445847 -0.618091574 0.2367833677 -0.6107661175 -0.7555781802 0.0003049743351 -0.1769130546 0
0.7395866127 0.7164671352 -0.1340500736 -0.04271215295 0.1725084221 0.4659095805 -0.005658381113 0.04613268743 0.2492259777 -0.9693372103 -0.1100193586 -0.2197296374 0.05210838428 0.7818125873 -0.6213322739 0.2401459746 -0.6137302495 -0.7521071013 0.0003114170262 -0.1782865978 0
0.7452844844 0.7219868914 -0.1350828128 -0.04333716872 0.1735956907 0.4652643963 -0.00574463115 0.04647148695 0.2491379555 -0.968437663 -0.1123076864 -0.2225207329 0.05314307223 0.7791804577 -0.6245427352 0.2435247561 -0.6166561423 -0.748619326 0.0003179525996 -0.179660141 0
0.7502701221 0.7268166781 -0.1359864596 -0.04388711581 0.1745427098 0.4646967031 -0.005820610988 0.046767627 0.2490604142 -0.967635516 -0.114330731 -0.2249666469 0.05405619186 0.7768775214 -0.6273270638 0.2464942928 -0.6191847872 -0.7455539973 0.0003237479813 -0.1808619913 0
0.7559679937 0.7323364342 -0.1370191989 -0.04451910109 0.1756200291 0.4640443245 -0.005908028357 0.0471057166 0.2489712001 -0.9667014133 -0.1166664346 -0.2277659339 0.05510854162 0.7742461217 -0.6304807623 0.2499028336 -0.6220384924 -0.742035503 0.0003304596375 -0.1822355345 0
0.7616658654 0.7378561904 -0.1380519381 -0.04515476996 0.1766919989 0.4633881434 -0.005996067029 0.0474434237 0.2488813516 -0.9657486081 -0.119027288 -0.2305691451 0.05617015962 0.771615631 -0.6336041597 0.2533269412 -0.624853441 -0.7385009399 0.000337266233 -0.1836090777 0
0.7666515031 0.7426859771 -0.1389555849 -0.04571398347 0.1776255605 0.4628108848 -0.006073609825 0.04773860154 0.2488022144 -0.9648994135 -0.1211135964 -0.2330249312 0.05710659244 0.7693149807 -0.6363122643 0.2563356372 -0.6272845904 -0.7353951889 0.000343300446 -0.184810928 0
