0.006458070616 0.005180470506 -0.0002364945459 -2.843737024e-06 0.0016467986 0.5099964549 -3.567178099e-07 0.0004101024006 0.2549995603 -0.9999999999 -7.038659376e-08 -1.656099651e-05 3.603098028e-08 0.9999793549 -0.006425707586 1.656110689e-05 -0.006425707586 -0.9999793548 3.327739962e-08 -0.0003145377461 0
0.01269586561 0.01018424251 -0.0004649225985 -1.099016524e-05 0.003237374262 0.5099862995 -1.385949169e-06 0.0008076539423 0.2549982916 -0.999999998 -5.381923177e-07 -6.400146236e-05 2.703064786e-07 0.9999202152 -0.01263183412 6.400315437e-05 -0.01263183411 -0.9999202132 6.967687584e-08 -0.000618347056 0
0.01893366059 0.01518801452 -0.000693350651 -2.444228049e-05 0.004827846414 0.5099695298 -3.09360225e-06 0.001205945691 0.2549961864 -0.9999999899 -1.78660901e-06 -0.0001423340065 8.948766001e-07 0.9998225649 -0.01883716098 0.0001423424061 -0.01883716092 -0.9998225548 6.473910112e-08 -0.0009221563658 0
0.02517145558 0.02019178653 -0.0009217787035 -4.319956663e-05 0.006418164203 0.5099461466 -5.479443354e-06 0.001604397528 0.2549932451 -0.9999999684 -4.198996925e-06 -0.000251547635 2.101398507e-06 0.9996864176 -0.0250412954 0.0002515739024 -0.02504129514 -0.9996863859 2.11981732e-08 -0.001225965676 0
0.03140925057 0.02519555853 -0.001150206756 -6.7261304e-05 0.008008276785 0.5099161508 -8.54246742e-06 0.002002826555 0.2549894689 -0.9999999233 -8.158511229e-06 -0.0003916270199 4.081405959e-06 0.9995117919 -0.03124384478 0.0003916907277 -0.03124384399 -0.9995117152 5.79592607e-08 -0.001529774985 0
0.03764704556 0.03019933054 -0.001378634809 -9.662656939e-05 0.009598133324 0.5098795435 -1.228202688e-05 0.002401193162 0.2549848586 -0.9999998417 -1.404803448e-05 -0.0005625525022 7.026268686e-06 0.9992987119 -0.03744441675 0.0005626840113 -0.03744441478 -0.9992985536 1.611882061e-07 -0.001833584295 0
0.04388484055 0.03520310255 -0.001607062861 -0.0001312942361 0.01118768299 0.5098363262 -1.66977537e-05 0.002799494736 0.2549794146 -0.9999997077 -2.225010918e-05 -0.0007643000942 1.11271518e-05 0.9990472069 -0.04364261921 0.0007645429274 -0.04364261496 -0.9990469146 2.890938224e-07 -0.002137393605 0
0.05012263554 0.04020687455 -0.001835490914 -0.0001712629742 0.01277687498 0.5097865004 -2.178942584e-05 0.003197735969 0.2549731374 -0.9999995026 -3.314687032e-05 -0.0009968414841 1.657497523e-05 0.9987573116 -0.04983806038 0.0009972546964 -0.04983805211 -0.9987568143 4.400797618e-07 -0.002441202915 0
0.05636043053 0.04521064656 -0.002063918966 -0.0002165312501 0.01436565849 0.5097300681 -2.755689266e-05 0.003595921494 0.2549660269 -0.9999992049 -4.711997808e-05 -0.00126014404 2.35603732e-05 0.9984290658 -0.05603034887 0.001260804585 -0.05603033401 -0.9984282709 6.134119963e-07 -0.002745012225 0
0.06259822552 0.05021441857 -0.002292347019 -0.0002670973271 0.01595398275 0.5096670315 -3.400003773e-05 0.003994054426 0.2549580835 -0.9999987902 -6.455055056e-05 -0.001554170815 3.22736538e-05 0.9980625147 -0.06221909372 0.001555175908 -0.06221906861 -0.9980613052 8.087287817e-07 -0.003048821535 0
0.06883602051 0.05521819057 -0.002520775071 -0.0003229592653 0.01754179698 0.509597393 -4.111876021e-05 0.004392136376 0.2549493071 -0.9999982312 -8.581909658e-05 -0.001878880553 4.290475851e-05 0.9976577088 -0.06840390449 0.001880350029 -0.06840386411 -0.9976559405 1.025870098e-06 -0.003352630845 0
0.0750738155 0.06022196258 -0.002749203124 -0.0003841149217 0.01912905046 0.5095211552 -4.891296522e-05 0.004790167752 0.254939698 -0.9999974979 -0.0001113054486 -0.002234227697 5.564322192e-05 0.9972147038 -0.07458439124 0.00223630636 -0.07458432894 -0.9972122025 1.264795241e-06 -0.003656440154 0
0.08131161049 0.06522573459 -0.002977631176 -0.0004505619502 0.02071569246 0.5094383211 -5.738255865e-05 0.005188148058 0.2549292563 -0.9999965574 -0.0001413886959 -0.002620162394 7.06781314e-05 0.9967335606 -0.08076016467 0.002623022367 -0.08076007183 -0.9967301192 1.525539293e-06 -0.003960249464 0
0.08754940548 0.07022950659 -0.003206059229 -0.0005222978017 0.02230167231 0.5093488939 -6.652744425e-05 0.005586076137 0.254917982 -0.9999953739 -0.0001764471176 -0.003036630504 8.819808695e-05 0.9962143454 -0.0869308361 0.003040473565 -0.08693070177 -0.9962097212 1.808188833e-06 -0.004264058774 0
0.09378720047 0.0752332786 -0.003434487281 -0.0005993197246 0.02388693934 0.5092528769 -7.634752187e-05 0.005983950344 0.2549058753 -0.9999939088 -0.0002168581158 -0.003483573608 0.000108391161 0.9956571296 -0.09309601759 0.003488633527 -0.09309582811 -0.9956510414 2.112867761e-06 -0.004567868084 0
0.1000249955 0.08023705061 -0.003662915334 -0.0006816247642 0.02547144292 0.5091502739 -8.684268646e-05 0.006381768669 0.2548929363 -0.9999921209 -0.0002629981495 -0.003960929019 0.0001314448586 0.9950619899 -0.09925532193 0.003967473878 -0.09925506054 -0.9950541152 2.439728701e-06 -0.004871677394 0
0.1062627904 0.08524082261 -0.003891343386 -0.0007692097638 0.02705513245 0.5090410888 -9.801282742e-05 0.006779528833 0.2548791651 -0.9999899659 -0.0003152426679 -0.00446862979 0.0001575460772 0.9944290081 -0.1054083628 0.004476964303 -0.1054080091 -0.9944189803 2.788947579e-06 -0.005175486704 0
0.1125005854 0.09024459462 -0.004119771439 -0.0008620713638 0.02863795737 0.5089253258 -0.0001098578282 0.007177228353 0.254864562 -0.9999873969 -0.0003739660441 -0.005006604725 0.0001868810669 0.9937582713 -0.1115547545 0.005017072546 -0.1115542843 -0.993745677 3.160720097e-06 -0.005479296013 0
0.1187383804 0.09524836663 -0.004348199491 -0.0009602060026 0.03021986716 0.5088029894 -0.000122377566 0.007574864589 0.254849127 -0.9999843642 -0.0004395415092 -0.005574778391 0.0002196353911 0.9930498717 -0.1176941127 0.005587764414 -0.1176934969 -0.993034248 3.55525936e-06 -0.005783105323 0
0.1249761754 0.1002521386 -0.004576627544 -0.001063609917 0.03180081133 0.5086740842 -0.0001355719115 0.007972434778 0.2548328603 -0.9999808152 -0.0005123410866 -0.006173071132 0.0002559938865 0.9923039065 -0.1238260536 0.006189003774 -0.1238252583 -0.9922847382 3.972794214e-06 -0.006086914633 0
0.1312139704 0.1052559106 -0.004805055596 -0.00117227914 0.03338073943 0.5085386151 -0.0001494407291 0.008369936066 0.2548157621 -0.9999766945 -0.0005927355261 -0.006801399076 0.0002961406235 0.9915204785 -0.1299501947 0.006820752563 -0.1299491803 -0.9914971951 4.413568061e-06 -0.006390723943 0
0.1374517654 0.1102596826 -0.005033483649 -0.001286209506 0.03495960106 0.5083965874 -0.0001639838764 0.008767365523 0.2547978325 -0.9999719443 -0.0006810942384 -0.007459674155 0.0003402588676 0.9906996951 -0.1360661545 0.007482970784 -0.1360648752 -0.9906716686 4.877837953e-06 -0.006694533253 0
0.1436895604 0.1152634547 -0.005261911701 -0.001405396645 0.03653734586 0.5082480065 -0.0001792012042 0.009164720158 0.2547790718 -0.9999665036 -0.0007777852302 -0.008147804113 0.0003885310395 0.9898416692 -0.1421735525 0.008175616513 -0.1421719559 -0.9898082108 5.365873912e-06 -0.006998342563 0
0.1499273554 0.1202672267 -0.005490339754 -0.001529835987 0.03811392353 0.5080928781 -0.0001950925568 0.009561996936 0.2547594801 -0.999960309 -0.0008831750391 -0.008865692526 0.0004411386764 0.9889465186 -0.1482720096 0.008898645896 -0.1482700355 -0.9889068766 5.877958376e-06 -0.007302151872 0
0.1561651504 0.1252709987 -0.005718767806 -0.001659522761 0.0396892838 0.5079312081 -0.0002116577715 0.009959192782 0.2547390576 -0.9999532941 -0.0009976286687 -0.009613238814 0.0004982623928 0.9880143662 -0.1543611478 0.00965201316 -0.1543587282 -0.987967723 6.414385728e-06 -0.007605961182 0
0.1624029454 0.1302747707 -0.005947195859 -0.001794451994 0.04126337648 0.5077630029 -0.0002288966791 0.01035630459 0.2547178046 -0.9999453901 -0.001121509525 -0.01039033826 0.0005600818423 0.98704534 -0.1604405906 0.01043567061 -0.1604376484 -0.9869908094 6.975461916e-06 -0.007909770492 0
0.1686407403 0.1352785427 -0.006175623911 -0.001934618514 0.04283615139 0.5075882687 -0.0002468091034 0.01075332923 0.2546957212 -0.9999365252 -0.001255179349 -0.01119688201 0.0006267756786 0.986039573 -0.1665099625 0.01124956863 -0.1665064112 -0.9859761976 7.561504086e-06 -0.008213579802 0
0.1748785353 0.1402823147 -0.006404051964 -0.002080016948 0.04440755845 0.5074070123 -0.0002653948613 0.01115026355 0.2546728077 -0.9999266251 -0.001398998159 -0.01203275714 0.0006985215172 0.9849972033 -0.1725688896 0.01209365569 -0.1725646325 -0.9849239519 8.172840285e-06 -0.008517389112 0
0.1811163303 0.1452860867 -0.006632480016 -0.002230641721 0.04597754762 0.5072192407 -0.0002846537631 0.01154710437 0.2546490643 -0.9999156128 -0.001553324181 -0.0128978466 0.0007754958972 0.9839183737 -0.1786169994 0.01296787835 -0.1786119286 -0.983834139 8.809809153e-06 -0.008821198422 0
0.1873541253 0.1502898587 -0.006860908069 -0.00238648706 0.04754606892 0.507024961 -0.0003045856121 0.01194384852 0.2546244912 -0.9999034087 -0.001718513788 -0.01379202929 0.0008578742436 0.9828032323 -0.184653921 0.01387218127 -0.1846479168 -0.9827068278 9.472759659e-06 -0.009125007732 0
0.1935919203 0.1552936307 -0.007089336121 -0.002547546992 0.04911307243 0.5068241807 -0.0003251902048 0.0123404928 0.2545990888 -0.9998899303 -0.001894921435 -0.01471518005 0.0009458308288 0.9816519321 -0.1906792849 0.0148065072 -0.1906722149 -0.9815420897 1.016205083e-05 -0.009428817041 0
0.1998297153 0.1602974027 -0.007317764174 -0.002713815345 0.05067850831 0.5066169075 -0.0003464673309 0.01273703401 0.2545728572 -0.9998750929 -0.002082899602 -0.01566716972 0.001039538736 0.9804646307 -0.1966927232 0.01577079697 -0.1966844416 -0.9803399984 1.08780515e-05 -0.009732626351 0
0.2060675103 0.1653011747 -0.007546192226 -0.002885285746 0.05224232675 0.5064031493 -0.0003684167733 0.01313346893 0.2545457968 -0.9998588087 -0.002282798722 -0.0166478651 0.001139169819 0.9792414909 -0.2026938699 0.01676498955 -0.202684216 -0.97910063 1.162114008e-05 -0.01003643566 0
0.2123053053 0.1703049467 -0.007774620279 -0.003061951626 0.05380447806 0.5061829143 -0.0003910383079 0.01352979434 0.2545179078 -0.9998409878 -0.002494967129 -0.01765712901 0.001244894671 0.9779826802 -0.2086823603 0.01778902199 -0.2086711585 -0.9778240631 1.23917043e-05 -0.01034024497 0
0.2185431003 0.1753087187 -0.008003048331 -0.003243806214 0.05536491258 0.505956211 -0.0004143317038 0.01392600701 0.2544891904 -0.9998215374 -0.002719750991 -0.01869482031 0.001356882581 0.9766883711 -0.2146578317 0.01884282945 -0.21464489 -0.9765103783 1.319014098e-05 -0.01064405428 0
0.2247808952 0.1803124907 -0.008231476384 -0.003430842544 0.05692358075 0.5057230481 -0.0004382967235 0.01432210371 0.2544596451 -0.9998003622 -0.002957494246 -0.01976079392 0.001475301499 0.9753587407 -0.2206199232 0.01992634523 -0.2206050322 -0.975159659 1.401685581e-05 -0.01094786359 0
0.2310186902 0.1853162627 -0.008459904436 -0.003623053451 0.05848043307 0.5054834344 -0.0004629331223 0.01471808122 0.254429272 -0.9997773644 -0.00320853855 -0.02085490082 0.001600318002 0.973993971 -0.2265682756 0.02103950071 -0.2265512079 -0.9737719906 1.48722631e-05 -0.0112516729 0
0.2372564852 0.1903200348 -0.008688332489 -0.003820431571 0.06003542011 0.5052373791 -0.0004882406489 0.01511393629 0.2543980716 -0.9997524437 -0.003473223207 -0.02197698812 0.001732097256 0.9725942487 -0.2325025318 0.02218222544 -0.2324830406 -0.9723474609 1.57567856e-05 -0.01155548221 0
0.2434942802 0.1953238068 -0.008916760541 -0.004022969345 0.06158849254 0.5049848918 -0.000514219045 0.01550966568 0.254366044 -0.9997254973 -0.003751885114 -0.02312689904 0.00187080298 0.9711597652 -0.2384223365 0.02335444706 -0.2384001548 -0.9708861602 1.667085422e-05 -0.01185929152 0
0.2497320752 0.2003275788 -0.009145188594 -0.004230659016 0.06313960109 0.504725982 -0.0005408680456 0.01590526614 0.2543331897 -0.9996964198 -0.0040448587 -0.02430447296 0.002016597408 0.9696907167 -0.2443273363 0.02455609136 -0.2443021757 -0.9693881809 1.761490787e-05 -0.01216310083 0
0.2559698702 0.2053313508 -0.009373616646 -0.00444349263 0.06468869661 0.5044606597 -0.0005681873788 0.01630073444 0.254299509 -0.9996651034 -0.004352475868 -0.02550954544 0.002169641258 0.9681873039 -0.2502171802 0.02578708226 -0.2501887299 -0.967853618 1.858939321e-05 -0.01246691014 0
0.2622076652 0.2103351228 -0.009602044699 -0.004661462037 0.06623572999 0.504188935 -0.0005961767658 0.01669606733 0.2542650022 -0.9996314381 -0.004675065933 -0.02674194823 0.002330093692 0.9666497321 -0.2560915189 0.02704734183 -0.2560594445 -0.9662825685 1.959476446e-05 -0.01277071945 0
0.2684454602 0.2153388948 -0.009830472751 -0.004884558892 0.06778065223 0.5039108183 -0.0006248359211 0.01709126157 0.2542296697 -0.999595311 -0.005012955566 -0.02800150933 0.002498112286 0.9650782114 -0.2619500054 0.02833679028 -0.261913948 -0.9646751319 2.063148316e-05 -0.01307452876 0
0.2746832552 0.2203426668 -0.0100589008 -0.005112774654 0.06932341443 0.5036263203 -0.0006541645523 0.0174863139 0.2541935118 -0.9995566072 -0.005366468737 -0.02928805299 0.002673852991 0.9634729562 -0.2677922949 0.02965534598 -0.2677518696 -0.9630314101 2.170001801e-05 -0.01337833807 0
0.2809210502 0.2253464388 -0.01028732886 -0.005346100588 0.07086396776 0.5033354519 -0.0006841623602 0.01788122108 0.2541565289 -0.9995152092 -0.005735926653 -0.03060139975 0.0028574701 0.9618341855 -0.2736180448 0.03100292544 -0.2735728398 -0.961351507 2.280084464e-05 -0.01368214738 0
0.2871588451 0.2303502108 -0.01051575691 -0.005584527761 0.0724022635 0.5030382241 -0.0007148290386 0.01827597986 0.2541187214 -0.9994709973 -0.006121647705 -0.03194136645 0.003049116214 0.9601621229 -0.2794269147 0.03237944335 -0.2793764901 -0.959635529 2.39344454e-05 -0.01398595669 0
0.2933966401 0.2353539828 -0.01074418496 -0.00582804705 0.07393825301 0.5027346485 -0.0007461642748 0.018670587 0.2540800896 -0.9994238494 -0.006523947411 -0.0333077663 0.003248942208 0.9584569962 -0.2852185668 0.03378481257 -0.285162453 -0.9578835847 2.510130918e-05 -0.014289766 0
0.2996344351 0.2403577548 -0.01097261301 -0.006076649136 0.07547188778 0.5024247365 -0.000778167749 0.01906503925 0.2540406341 -0.9993736411 -0.006943138356 -0.03470040886 0.003457097198 0.9567190378 -0.2909926653 0.03521894411 -0.2909303621 -0.9560957851 2.630193124e-05 -0.01459357531 0
0.3058722301 0.2453615268 -0.01120104107 -0.006330324507 0.07700311936 0.5021085001 -0.0008108391348 0.01945933337 0.254000355 -0.9993202455 -0.007379530143 -0.03611910012 0.003673728508 0.9549484843 -0.296748877 0.03668174719 -0.2966798524 -0.9542722434 2.753681299e-05 -0.01489738462 0
0.3121100251 0.2503652988 -0.01142946912 -0.006589063457 0.07853189943 0.5017859513 -0.0008441780987 0.0198534661 0.253959253 -0.9992635339 -0.00783342933 -0.03756364247 0.003898981634 0.9531455768 -0.3024868713 0.0381731292 -0.3024105599 -0.952413075 2.880646178e-05 -0.01520119393 0
0.3183478201 0.2553690708 -0.01165789717 -0.00685285609 0.08005817977 0.5014571025 -0.0008781843007 0.0202474342 0.2539173283 -0.9992033749 -0.008305139382 -0.03903383479 0.004133000215 0.9513105607 -0.3082063197 0.0396929957 -0.3081221217 -0.9505183976 3.01113908e-05 -0.01550500324 0
0.3245856151 0.2603728428 -0.01188632522 -0.007121692315 0.08158191225 0.5011219663 -0.0009128573938 0.02064123444 0.2538745815 -0.9991396352 -0.008794960614 -0.04052947246 0.004375926 0.9494436853 -0.3139068966 0.04124125049 -0.3138141761 -0.9485883312 3.145211883e-05 -0.01580881255 0
0.3308234101 0.2653766149 -0.01211475328 -0.007395561852 0.08310304886 0.5007805554 -0.0009481970242 0.02103486356 0.2538310129 -0.999072179 -0.009303190135 -0.04205034739 0.004627898814 0.9475452045 -0.3195882789 0.04281779554 -0.319486363 -0.9466229979 3.282917008e-05 -0.01611262186 0
0.3370612051 0.2703803869 -0.01234318133 -0.007674454227 0.08462154171 0.500432883 -0.0009842028315 0.02142831833 0.2537866231 -0.9990008688 -0.009830121802 -0.04359624803 0.004889056529 0.9456153761 -0.3252501461 0.04442253104 -0.3251383231 -0.9446225223 3.424307405e-05 -0.01641643117 0
0.343299 0.2753841589 -0.01257160938 -0.007958358779 0.08613734301 0.5000789623 -0.001020874448 0.02182159551 0.2537414123 -0.9989255645 -0.01037604616 -0.04516695947 0.00515953503 0.9436544623 -0.3308921804 0.04605535538 -0.3307696986 -0.9425870308 3.569436533e-05 -0.01672024048 0
0.349536795 0.2803879309 -0.01280003743 -0.008247264653 0.08765040508 0.4997188069 -0.0010582115 0.02221469186 0.2536953812 -0.9988461242 -0.01094125039 -0.04676226338 0.005439468188 0.941662729 -0.3365140667 0.04771616521 -0.3363801331 -0.9405166525 3.718358346e-05 -0.01702404979 0
0.35577459 0.2853917029 -0.01302846549 -0.008541160807 0.08916068038 0.4993524305 -0.001096213607 0.02260760414 0.2536485302 -0.9987624037 -0.01152601827 -0.04838193814 0.005728987823 0.9396404464 -0.3421154925 0.04940485537 -0.3419692712 -0.9384115184 3.871127275e-05 -0.0173278591 0
0.362012385 0.2903954749 -0.01325689354 -0.008840036009 0.09066812146 0.4989798472 -0.00113488038 0.02300032911 0.2536008597 -0.9986742568 -0.0121306301 -0.05002575881 0.006028223682 0.9375878886 -0.3476961485 0.05112131894 -0.3475367592 -0.9362717617 4.027798216e-05 -0.01763166841 0
0.36825018 0.2953992469 -0.01348532159 -0.009143878838 0.092172681 0.498601071 -0.001174211425 0.02339286355 0.2535523703 -0.9985815355 -0.01275536268 -0.0516934972 0.0063373034 0.9355053337 -0.3532557279 0.05286544727 -0.3530822446 -0.934097518 4.188426509e-05 -0.01793547772 0
0.374487975 0.3004030189 -0.01371374964 -0.009452677685 0.09367431182 0.4982161167 -0.001214206341 0.02378520422 0.2535030624 -0.9984840895 -0.01340048924 -0.05338492187 0.00665635248 0.9333930635 -0.3587939268 0.05463712993 -0.3586053762 -0.9318889248 4.353067931e-05 -0.01823928703 0
0.38072577 0.3054067909 -0.0139421777 -0.009766420754 0.09517296683 0.4978249987 -0.00125486472 0.02417734789 0.2534529366 -0.9983817667 -0.01406627941 -0.05509979821 0.006985494255 0.931251364 -0.3643104445 0.05643625474 -0.3641058045 -0.9296461221 4.521778676e-05 -0.01854309634 0
0.386963565 0.3104105629 -0.01417060575 -0.01008509606 0.09666859911 0.4974277322 -0.001296186147 0.02456929133 0.2534019933 -0.9982744129 -0.01475299913 -0.05683788846 0.007324849865 0.9290805246 -0.3698049829 0.05826270782 -0.3695831812 -0.9273692517 4.694615342e-05 -0.01884690565 0
0.39320136 0.3154143349 -0.0143990338 -0.01040869144 0.09816116182 0.4970243322 -0.001338170201 0.02496103132 0.2533502331 -0.9981618722 -0.01546091066 -0.05859895174 0.007674538228 0.9268808388 -0.3752772471 0.06011637353 -0.3750371595 -0.925058458 4.871634921e-05 -0.01915071496 0
0.3994391549 0.3204181069 -0.01462746185 -0.01073719452 0.09965060829 0.4966148142 -0.001380816452 0.02535256463 0.2532976565 -0.9980439867 -0.0161902725 -0.06038274407 0.008034676008 0.9246526035 -0.3807269453 0.0619971345 -0.3804673941 -0.9227138871 5.05289478e-05 -0.01945452427 0
0.4056769499 0.3254218789 -0.01485588991 -0.01107059278 0.101136892 0.4961991937 -0.001424124467 0.02574388804 0.2532442641 -0.9979205965 -0.01694133934 -0.06218901847 0.008405377592 0.9223961195 -0.3861537886 0.06390487168 -0.3858735412 -0.9203356874 5.238452655e-05 -0.01975833358 0
0.4119147449 0.3304256509 -0.01508431796 -0.01140887348 0.1026199664 0.4957774867 -0.001468093802 0.02613499833 0.2531900563 -0.9977915403 -0.01771436202 -0.06401752493 0.008786755061 0.920111691 -0.3915574913 0.06583946427 -0.3912552586 -0.9179240097 5.428366632e-05 -0.02006214289 0
0.4181525399 0.3354294229 -0.01531274601 -0.01175202372 0.1040997854 0.4953497093 -0.00151272401 0.02652589228 0.2531350338 -0.9976566545 -0.01850958749 -0.06586801051 0.009178918163 0.917799626 -0.3969377708 0.06780078981 -0.3966122056 -0.9154790065 5.62269514e-05 -0.0203659522 0
0.4243903349 0.340433195 -0.01554117406 -0.01210003039 0.1055763027 0.4949158777 -0.001558014635 0.02691656667 0.253079197 -0.9975157742 -0.01932725876 -0.06774021932 0.009581974287 0.9154602358 -0.4022943479 0.06978872411 -0.401944043 -0.9130008326 5.821496939e-05 -0.02066976151 0
0.4306281299 0.345436967 -0.01576960212 -0.01245288023 0.1070494724 0.4944760085 -0.001603965215 0.0273070183 0.2530225466 -0.9973687324 -0.02016761486 -0.0696338926 0.009996028435 0.9130938353 -0.4076269464 0.07180314132 -0.4072504332 -0.9104896449 6.024831105e-05 -0.02097357082 0
0.4368659249 0.350440739 -0.01599803017 -0.01281055977 0.1085192486 0.4940301186 -0.001650575282 0.02769724394 0.2529650832 -0.9972153606 -0.0210308908 -0.07154876878 0.0104211832 0.9107007425 -0.4129352934 0.07384391391 -0.4125310403 -0.9079456025 6.232757022e-05 -0.02127738013 0
0.4431037199 0.355444511 -0.01622645822 -0.01317305537 0.1099855855 0.4935782249 -0.001697844359 0.0280872404 0.2529068073 -0.9970554885 -0.02191731751 -0.07348458345 0.01085753874 0.9082812792 -0.4182191193 0.07591091268 -0.41778553 -0.9053688664 6.445334371e-05 -0.02158118944 0
0.4493415149 0.360448283 -0.01645488627 -0.0135403532 0.1114484377 0.4931203446 -0.001745771964 0.02847700447 0.2528477195 -0.9968889444 -0.02282712181 -0.07544106948 0.01130519275 0.9058357701 -0.4234781579 0.07800400677 -0.4230135696 -0.9027595997 6.662623122e-05 -0.02188499874 0
0.4555793099 0.365452055 -0.01668331433 -0.01391243927 0.1129077596 0.4926564952 -0.001794357608 0.02886653293 0.2527878205 -0.9967155549 -0.02376052638 -0.07741795701 0.01176424044 0.9033645434 -0.4287121462 0.08012306365 -0.4282148282 -0.9001179676 6.884683519e-05 -0.02218880805 0
0.4618171048 0.370455827 -0.01691174238 -0.01428929939 0.1143635061 0.4921866944 -0.001843600796 0.0292558226 0.2527271107 -0.9965351448 -0.02471774971 -0.07941497351 0.01223477451 0.9008679304 -0.4339208249 0.08226794917 -0.4333889764 -0.8974441374 7.111576074e-05 -0.02249261736 0
0.4680548998 0.375459599 -0.01714017043 -0.0146709192 0.1158156319 0.49171096 -0.001893501026 0.02964487027 0.252665591 -0.9963475377 -0.02569900603 -0.08143184383 0.01271688514 0.8983462654 -0.4391039378 0.08443852754 -0.4385356866 -0.8947382783 7.343361558e-05 -0.02279642667 0
0.4742926948 0.380463371 -0.01736859848 -0.01505728416 0.1172640922 0.4912293103 -0.001944057787 0.03003367274 0.2526032618 -0.9961525555 -0.02670450534 -0.08346829025 0.01321065993 0.8957998861 -0.4442612323 0.08663466134 -0.4436546331 -0.8920005616 7.580100991e-05 -0.02310023598 0
0.4805304898 0.385467143 -0.01759702654 -0.01544837954 0.1187088421 0.4907417635 -0.001995270564 0.03042222682 0.2525401238 -0.9959500188 -0.02773445329 -0.08552403247 0.01371618392 0.8932291328 -0.4493924594 0.08885621154 -0.4487454917 -0.8892311608 7.821855634e-05 -0.02340404529 0
0.4867682848 0.390470915 -0.01782545459 -0.01584419045 0.1201498369 0.4902483383 -0.002047138835 0.03081052933 0.2524761777 -0.9957397466 -0.02878905121 -0.08759878775 0.01423353954 0.8906343492 -0.4544973734 0.09110303747 -0.4538079402 -0.886430251 8.068686979e-05 -0.0237078546 0
0.4930060798 0.395474687 -0.01805388264 -0.01624470181 0.1215870322 0.4897490534 -0.00209966207 0.03119857707 0.2524114241 -0.9955215565 -0.02986849603 -0.08969227085 0.01476280662 0.8880158815 -0.4595757323 0.0933749969 -0.458841658 -0.8835980097 8.320656744e-05 -0.02401166391 0
0.4992438748 0.400478459 -0.01828231069 -0.01664989839 0.1230203836 0.4892439279 -0.002152839734 0.03158636686 0.2523458637 -0.9952952649 -0.03097298027 -0.09180419417 0.01530406232 0.8853740791 -0.4646272977 0.09567194599 -0.4638463265 -0.8807346162 8.577826862e-05 -0.02431547322 0
0.5054816698 0.405482231 -0.01851073875 -0.01705976474 0.1244498469 0.4887329809 -0.002206671283 0.03197389551 0.2522794971 -0.9950606869 -0.032102692 -0.09393426771 0.01585738116 0.8827092939 -0.4696518347 0.09799373932 -0.4688216287 -0.8778402517 8.840259476e-05 -0.02461928253 0
0.5117194648 0.410486003 -0.0187391668 -0.01747428528 0.1258753782 0.4882162319 -0.002261156169 0.03236115985 0.252212325 -0.9948176359 -0.03325781477 -0.09608219918 0.01642283494 0.8800218808 -0.4746491122 0.1003402299 -0.4737672498 -0.8749150995 9.108016932e-05 -0.02492309184 0
0.5179572597 0.4154897751 -0.01896759485 -0.01789344423 0.1272969336 0.4876937006 -0.002316293836 0.0327481567 0.2521443482 -0.9945659246 -0.03443852764 -0.09824769402 0.0170004928 0.8773121972 -0.4796189027 0.1027112692 -0.4786828766 -0.8719593447 9.381161768e-05 -0.02522690115 0
0.5241950547 0.4204935471 -0.0191960229 -0.01831722564 0.1287144694 0.4871654068 -0.00237208372 0.03313488288 0.2520755672 -0.9943053642 -0.03564500509 -0.1004304555 0.01759042113 0.8745806032 -0.4845609823 0.105106707 -0.4835681979 -0.8689731745 9.659756713e-05 -0.02553071046 0
0.5304328497 0.4254973191 -0.01942445096 -0.01874561339 0.1301279421 0.4866313707 -0.002428525254 0.03352133523 0.2520059828 -0.9940357646 -0.03687741701 -0.1026301845 0.01819268359 0.8718274614 -0.4894751309 0.1075263918 -0.4884229045 -0.8659567781 9.943864676e-05 -0.02583451977 0
0.5366706447 0.4305010911 -0.01965287901 -0.0191785912 0.1315373084 0.4860916125 -0.00248561786 0.03390751058 0.2519355957 -0.9937569349 -0.03813592868 -0.1048465801 0.01880734106 0.869053137 -0.4943611322 0.1099701702 -0.4932466889 -0.8629103462 0.0001023354874 -0.02613832908 0
0.5429084397 0.4355048631 -0.01988130706 -0.0196161426 0.1329425252 0.4855461528 -0.002543360956 0.03429340576 0.2518644066 -0.9934686827 -0.03942070072 -0.1070793391 0.01943445167 0.8662579974 -0.4992187737 0.1124378877 -0.4980392457 -0.8598340719 0.0001052887217 -0.02644213839 0
0.5491462347 0.4405086351 -0.02010973511 -0.02005825095 0.1343435494 0.4849950123 -0.002601753953 0.03467901762 0.2517924163 -0.9931708148 -0.04073188906 -0.1093281563 0.02007407074 0.8634424127 -0.5040478466 0.114929388 -0.5028002716 -0.8567281498 0.0001082989838 -0.0267459477 0
0.5553840297 0.4455124071 -0.02033816317 -0.02050489947 0.1357403383 0.484438212 -0.002660796255 0.03506434298 0.2517196255 -0.992863137 -0.04206964492 -0.1115927245 0.02072625078 0.8606067551 -0.5088481459 0.1174445134 -0.5075294652 -0.8535927766 0.0001113669094 -0.02704975701 0
0.5616218247 0.4505161791 -0.02056659122 -0.02095607118 0.1371328492 0.483875773 -0.002720487261 0.03544937871 0.2516460349 -0.9925454539 -0.04343411479 -0.1138727346 0.02139104145 0.8577513992 -0.5136194706 0.1199831045 -0.5122265269 -0.8504281508 0.0001144931359 -0.02735356632 0
0.5678596197 0.4555199511 -0.02079501927 -0.02141174893 0.1385210397 0.4833077167 -0.002780826359 0.03583412165 0.2515716452 -0.9922175692 -0.04482544037 -0.1161678757 0.02206848961 0.8548767215 -0.5183616235 0.1225450007 -0.5168911596 -0.8472344728 0.0001176783021 -0.02765737563 0
0.5740974147 0.4605237231 -0.02102344732 -0.02187191544 0.1399048675 0.4827340646 -0.002841812936 0.03621856864 0.2514964573 -0.9918792857 -0.04624375859 -0.1184778347 0.02275863922 0.8519831011 -0.5230744113 0.1251300399 -0.5215230678 -0.8440119448 0.0001209230481 -0.02796118494 0
0.5803352096 0.4655274951 -0.02125187538 -0.02233655322 0.1412842906 0.4821548385 -0.002903446368 0.03660271655 0.2514204719 -0.9915304055 -0.04768920154 -0.1208022973 0.02346153137 0.8490709188 -0.5277576446 0.1277380582 -0.5261219582 -0.8407607707 0.0001242280155 -0.02826499425 0
0.5865730046 0.4705312671 -0.02148030343 -0.02280564463 0.1426592671 0.4815700604 -0.002965726027 0.03698656223 0.2513436897 -0.9911707296 -0.04916189645 -0.1231409469 0.02417720429 0.8461405575 -0.5324111379 0.1303688907 -0.5306875398 -0.8374811565 0.0001275938473 -0.02856880356 0
0.5928107996 0.4755350391 -0.02170873148 -0.02327917188 0.1440297552 0.4809797526 -0.003028651277 0.03737010255 0.2512661116 -0.9908000582 -0.05066196571 -0.1254934656 0.02490569327 0.8431924021 -0.5370347098 0.1330223708 -0.5352195235 -0.8341733096 0.0001310211877 -0.02887261287 0
0.5990485946 0.4805388111 -0.02193715953 -0.02375711701 0.1453957134 0.4803839373 -0.003092221476 0.03775333436 0.2511877383 -0.9904181909 -0.05218952679 -0.1278595337 0.02564703071 0.8402268392 -0.5416281828 0.1356983304 -0.5397176224 -0.8308374397 0.0001345106822 -0.02917642218 0
0.6052863896 0.4855425831 -0.02216558759 -0.02423946187 0.1467571005 0.4797826373 -0.003156435975 0.03813625454 0.2511085707 -0.9900249266 -0.05374469225 -0.1302388299 0.02640124606 0.8372442576 -0.5461913834 0.1383966002 -0.5441815516 -0.8274737578 0.0001380629774 -0.02948023149 0
0.6115241846 0.4905463552 -0.02239401564 -0.02472618819 0.1481138753 0.4791758752 -0.00322129412 0.03851885997 0.2510286095 -0.9896200632 -0.0553275697 -0.1326310313 0.02716836583 0.8342450475 -0.5507241421 0.1411170094 -0.5486110287 -0.824082477 0.0001416787211 -0.0297840408 0
0.6177619796 0.4955501272 -0.02262244369 -0.0252172775 0.1494659969 0.4785636742 -0.003286795247 0.03890114751 0.2509478555 -0.9892033984 -0.0569382618 -0.1350358137 0.02794841359 0.8312296008 -0.5552262934 0.1438593856 -0.5530057731 -0.8206638119 0.0001453585623 -0.03008785011 0
0.6239997746 0.5005538992 -0.02285087174 -0.0257127112 0.1508134245 0.4779460573 -0.00335293869 0.03928311404 0.2508663097 -0.9887747288 -0.05857686622 -0.1374528514 0.02874140993 0.8281983113 -0.5596976761 0.1466235553 -0.5573655066 -0.8172179789 0.0001491031512 -0.03039165942 0
0.6302375696 0.5055576712 -0.0230792998 -0.02621247051 0.1521561176 0.4773230481 -0.003419723772 0.03966475645 0.2507839727 -0.9883338509 -0.06024347562 -0.1398818172 0.02954737247 0.825151574 -0.5641381327 0.1494093435 -0.5616899533 -0.8137451963 0.0001529131387 -0.03069546873 0
0.6364753645 0.5105614432 -0.02330772785 -0.0267165365 0.1534940359 0.4766946701 -0.003487149813 0.04004607163 0.2507008455 -0.9878805604 -0.06193817766 -0.1423223827 0.03036631585 0.8220897857 -0.56854751 0.1522165738 -0.5659788392 -0.8102456839 0.000156789177 -0.03099927804 0
0.6427131595 0.5155652152 -0.0235361559 -0.02722489008 0.1548271393 0.4760609471 -0.003555216124 0.04042705647 0.2506169289 -0.9874146524 -0.06366105493 -0.1447742182 0.0311982517 0.8190133444 -0.5729256591 0.1550450685 -0.570231893 -0.8067196632 0.0001607319192 -0.03130308735 0
0.6489509545 0.5205689872 -0.02376458395 -0.02773751201 0.1561553877 0.4754219031 -0.003623922011 0.04080770785 0.2505322237 -0.986935922 -0.065412185 -0.1472369927 0.03204318865 0.8159226496 -0.5772724347 0.1578946485 -0.5744488453 -0.8031673575 0.0001647420195 -0.03160689666 0
0.6551887495 0.5255727592 -0.02399301201 -0.02825438287 0.1574787415 0.4747775623 -0.003693266772 0.04118802268 0.2504467309 -0.9864441633 -0.06719164033 -0.149710374 0.03290113231 0.8128181021 -0.5815876962 0.1607651334 -0.5786294292 -0.7995889916 0.0001688201327 -0.03191070597 0
0.6614265445 0.5305765312 -0.02422144006 -0.02877548311 0.1587971612 0.474127949 -0.0037632497 0.04156799786 0.2503604512 -0.9859391706 -0.06899948833 -0.152194029 0.03377208528 0.8097001039 -0.5858713067 0.1636563414 -0.58277338 -0.7959847922 0.0001729669149 -0.03221451528 0
0.6676643395 0.5355803032 -0.02444986811 -0.02930079302 0.1601106074 0.473473088 -0.003833870081 0.0419476303 0.2502733856 -0.9854207375 -0.07083579128 -0.1546876232 0.03465604712 0.806569058 -0.5901231338 0.1665680897 -0.5868804353 -0.7923549875 0.0001771830227 -0.03251832459 0
0.6739021345 0.5405840752 -0.02467829616 -0.02983029273 0.161419041 0.4728130038 -0.003905127195 0.0423269169 0.2501855349 -0.9848886574 -0.07270060635 -0.1571908213 0.03555301434 0.8034253688 -0.594343049 0.1695001936 -0.5909503352 -0.7886998071 0.0001814691138 -0.0328221339 0
0.6801399295 0.5455878472 -0.02490672422 -0.03036396222 0.1627224232 0.4721477215 -0.003977020313 0.04270585458 0.2500969001 -0.9843427236 -0.07459398559 -0.1597032871 0.03646298044 0.8002694415 -0.5985309282 0.1724524678 -0.5949828219 -0.7850194826 0.0001858258466 -0.03312594321 0
0.6863777245 0.5505916192 -0.02513515227 -0.03090178131 0.1640207153 0.4714772663 -0.004049548702 0.04308444025 0.250007482 -0.9837827289 -0.07651597589 -0.1622246832 0.03738593584 0.7971016824 -0.6026866514 0.1754247252 -0.5989776401 -0.7813142469 0.0001902538803 -0.03342975252 0
0.6926155195 0.5555953912 -0.02536358032 -0.03144372969 0.1653138788 0.4708016634 -0.004122711623 0.04346267084 0.2499172816 -0.9832084661 -0.07846661902 -0.1647546716 0.03832186791 0.7939224986 -0.6068101027 0.1784167777 -0.6029345371 -0.7775843346 0.0001947538749 -0.03373356183 0
0.6988533144 0.5605991632 -0.02559200837 -0.03198978688 0.1666018755 0.4701209384 -0.004196508329 0.04384054327 0.2498262997 -0.9826197281 -0.08044595155 -0.1672929134 0.03927076096 0.790732298 -0.6109011706 0.1814284358 -0.6068532621 -0.7738299819 0.000199326491 -0.03403737114 0
0.7050911094 0.5656029353 -0.02582043643 -0.03253993225 0.1678846673 0.4694351169 -0.004270938065 0.04421805448 0.2497345374 -0.9820163073 -0.08245400492 -0.1698390688 0.04023259624 0.7875314895 -0.6149597477 0.1844595089 -0.6107335672 -0.7700514265 0.0002039723902 -0.03434118045 0
0.7113289044 0.5706067073 -0.02604886448 -0.03309414505 0.1691622164 0.468744225 -0.004346000074 0.04459520139 0.2496419954 -0.9813979963 -0.08449080534 -0.1723927976 0.04120735193 0.7843204824 -0.6189857309 0.1875098051 -0.6145752067 -0.7662489075 0.0002086922344 -0.03464498976 0
0.7175666994 0.5756104793 -0.02627729253 -0.03365240434 0.1704344853 0.4680482886 -0.004421693589 0.04497198094 0.2495486748 -0.9807645877 -0.08655637388 -0.1749537587 0.04219500313 0.7810996868 -0.6229790214 0.1905791312 -0.6183779374 -0.7624226658 0.0002134866865 -0.03494879907 0
0.7238044944 0.5806142513 -0.02650572058 -0.03421468907 0.1717014365 0.467347334 -0.004498017837 0.04534839008 0.2494545766 -0.980115874 -0.08865072639 -0.1775216105 0.04319552186 0.7778695132 -0.6269395244 0.193667293 -0.6221415185 -0.7585729435 0.0002183564099 -0.03525260838 0
0.7300422894 0.5856180233 -0.02673414864 -0.03478097802 0.172963033 0.4666413877 -0.00457497204 0.04572442575 0.2493597016 -0.979451648 -0.09077387353 -0.1800960109 0.04420887709 0.774630373 -0.6308671496 0.1967740949 -0.6258657118 -0.7546999844 0.0002233020687 -0.03555641769 0
0.7362800844 0.5906217953 -0.02696257669 -0.03535124985 0.1742192377 0.4659304763 -0.004652555412 0.0461000849 0.2492640509 -0.9787717024 -0.09292582075 -0.1826766171 0.04523503466 0.7713826774 -0.6347618109 0.1998993403 -0.6295502814 -0.7508040336 0.0002283243275 -0.035860227 0
0.7425178794 0.5956255673 -0.02719100474 -0.03592548305 0.1754700141 0.4652146265 -0.004730767162 0.04647536449 0.2491676254 -0.9780758302 -0.09510656828 -0.1852630862 0.04627395739 0.7681268385 -0.6386234265 0.2030428312 -0.6331949942 -0.746885338 0.0002334238516 -0.03616403631 0
0.7487556744 0.6006293393 -0.02741943279 -0.03650365599 0.1767153257 0.4644938654 -0.004809606491 0.04685026148 0.249070426 -0.9773638245 -0.09731611117 -0.1878550746 0.04732560496 0.7648632684 -0.6424519186 0.2062043687 -0.6367996193 -0.7429441454 0.0002386013068 -0.03646784562 0
0.7549934693 0.6056331113 -0.02764786085 -0.03708574689 0.1779551362 0.4637682201 -0.004889072595 0.04722477282 0.2489724539 -0.9766354788 -0.09955443921 -0.1904522387 0.04838993402 0.7615923796 -0.646247214 0.2093837526 -0.6403639285 -0.7389807056 0.0002438573594 -0.03677165493 0
0.7612312643 0.6106368833 -0.0278762889 -0.03767173381 0.1791894096 0.4630377179 -0.004969164664 0.0475988955 0.2488737099 -0.9758905867 -0.101821537 -0.1930542342 0.04946689809 0.7583145846 -0.6500092436 0.2125807817 -0.6438876963 -0.7349952693 0.0002491926764 -0.03707546424 0
0.7674690593 0.6156406553 -0.02810471695 -0.03826159471 0.1804181102 0.4623023864 -0.005049881878 0.04797262647 0.2487741952 -0.9751289423 -0.104117384 -0.1956607169 0.05055644765 0.755030296 -0.6537379427 0.2157952534 -0.6473706994 -0.7309880889 0.0002546079252 -0.03737927355 0
0.7737068543 0.6206444273 -0.02833314501 -0.03885530738 0.1816412024 0.4615622532 -0.005131223416 0.04834596272 0.2486739106 -0.97435034 -0.1064419542 -0.1982713424 0.05165853007 0.7517399265 -0.6574332507 0.2190269644 -0.6508127175 -0.7269594181 0.0002601037738 -0.03768308286 0
0.7799446493 0.6256481993 -0.02856157306 -0.03945284949 0.182858651 0.4608173461 -0.005213188447 0.04871890123 0.2485728572 -0.9735545746 -0.1087952168 -0.2008857662 0.05277308967 0.7484438888 -0.6610951115 0.22227571 -0.6542135326 -0.722909512 0.0002656808904 -0.03798689217 0
0.7861824443 0.6306519713 -0.02879000111 -0.04005419855 0.1840704208 0.4600676932 -0.005295776133 0.04909143898 0.2484710361 -0.9727414413 -0.1111771353 -0.2035036434 0.05390006767 0.7451425952 -0.6647234729 0.2255412845 -0.6575729293 -0.718838627 0.0002713399439 -0.03829070148 0
0.7924202393 0.6356557433 -0.02901842916 -0.04065933197 0.1852764771 0.4593133226 -0.005378985634 0.04946357297 0.2483684483 -0.971910736 -0.1135876683 -0.2061246296 0.05503940223 0.7418364582 -0.6683182875 0.2288234812 -0.6608906951 -0.7147470207 0.0002770816037 -0.03859451079 0
0.7986580343 0.6406595154 -0.02924685722 -0.041268227 0.1864767852 0.4585542628 -0.005462816099 0.04983530019 0.2482650947 -0.9710622548 -0.1160267692 -0.2087483802 0.05619102846 0.7385258899 -0.6718795117 0.2321220922 -0.6641666198 -0.7106349523 0.0002829065395 -0.0388983201 0
0.8048958293 0.6456632874 -0.02947528527 -0.04188086076 0.1876713109 0.4577905422 -0.005547266673 0.05020661764 0.2481609766 -0.9701957946 -0.118494386 -0.2113745505 0.05735487837 0.7352113019 -0.6754071065 0.2354369089 -0.667400496 -0.7065026821 0.0002888154214 -0.03920212941 0
0.8111336243 0.6506670594 -0.02970371332 -0.04249721024 0.18886002 0.4570221895 -0.005632336494 0.05057752232 0.2480560949 -0.969311153 -0.1209904617 -0.2140027965 0.05853088093 0.7318931055 -0.678901037 0.2387677212 -0.6705921191 -0.7023504717 0.00029480892 -0.03950593872 0
0.8173714192 0.6556708314 -0.02993214137 -0.0431172523 0.1900428787 0.4562492336 -0.005718024694 0.05094801125 0.2479504506 -0.968408128 -0.123514934 -0.2166327737 0.05971896207 0.7285717118 -0.6823612725 0.2421143183 -0.673741287 -0.6981785839 0.0003008877063 -0.03980974803 0
0.8236092142 0.6606746034 -0.03016056943 -0.04374096367 0.1912198533 0.4554717034 -0.005804330399 0.05131808144 0.247844045 -0.9674865186 -0.1260677355 -0.2192641386 0.06091904464 0.7252475311 -0.6857877868 0.2454764884 -0.6768478002 -0.693987283 0.0003070524514 -0.04011355734 0
0.8298470092 0.6656783754 -0.03038899748 -0.04436832095 0.1923909106 0.4546896282 -0.005891252728 0.0516877299 0.247736879 -0.9665461242 -0.1286487934 -0.2218965473 0.06213104849 0.7219209732 -0.6891805578 0.2488540186 -0.6799114622 -0.6897768342 0.0003133038272 -0.04041736665 0
0.8360848042 0.6706821474 -0.03061742553 -0.04499930062 0.1935560173 0.4539030372 -0.005978790793 0.05205695367 0.2476289537 -0.9655867453 -0.1312580302 -0.2245296569 0.06335489039 0.7185924472 -0.6925395676 0.2522466951 -0.6829320789 -0.6855475041 0.0003196425056 -0.04072117596 0
0.8423225992 0.6756859194 -0.03084585358 -0.04563387901 0.1947151407 0.4531119601 -0.006066943702 0.05242574976 0.2475202703 -0.964608183 -0.1338953627 -0.2271631245 0.06459048412 0.7152623614 -0.6958648027 0.255654303 -0.6859094592 -0.6812995605 0.000326069159 -0.04102498526 0
0.8485603942 0.6806896914 -0.03107428164 -0.04627203234 0.1958682481 0.4523164263 -0.006155710556 0.05279411522 0.2474108298 -0.9636102394 -0.1365607028 -0.2297966078 0.06583774042 0.7119311236 -0.6991562537 0.2590766266 -0.6888434145 -0.6770332724 0.0003325844599 -0.04132879457 0
0.8547981892 0.6856934634 -0.03130270969 -0.04691373671 0.1970153071 0.4515164657 -0.006245090447 0.05316204708 0.2473006334 -0.9625927174 -0.1392539575 -0.2324297651 0.06709656702 0.7085991405 -0.7024139155 0.2625134493 -0.691733759 -0.6727489097 0.0003391890814 -0.04163260388 0
0.8610359842 0.6906972354 -0.03153113774 -0.04755896808 0.1981562857 0.4507121083 -0.006335082465 0.05352954238 0.2471896821 -0.961555421 -0.1419750282 -0.2350622551 0.06836686866 0.7052668179 -0.7056377873 0.2659645534 -0.6945803099 -0.6684467439 0.0003458836966 -0.04193641319 0
0.8672737792 0.6957010074 -0.03175956579 -0.04820770231 0.199291152 0.4499033842 -0.00642568569 0.05389659818 0.2470779771 -0.9604981549 -0.1447238116 -0.2376937374 0.06964854709 0.7019345607 -0.7088278722 0.2694297206 -0.6973828869 -0.6641270472 0.0003526689792 -0.0422402225 0
