0.007438309293 0.003150272752 -0.0003883541282 -1.991773264e-06 0.001896758556 0.5099952971 -2.50136621e-07 0.0004724884268 0.2549994162 -0.9999999999 -5.68245259e-08 -1.159941325e-05 2.902472932e-08 0.9999726119 -0.007401038059 1.159951612e-05 -0.007401038059 -0.9999726119 2.929591385e-08 -0.0005165109905 0
0.01479637706 0.006266561611 -0.0007725188461 -7.881302969e-06 0.003772994965 0.509981391 -9.955972446e-07 0.0009417334827 0.2549976761 -0.9999999989 -4.498589275e-07 -4.589651095e-05 2.258676079e-07 0.9998916289 -0.01472176794 4.589815981e-05 -0.01472176794 -0.9998916278 5.236889417e-08 -0.001027450065 0
0.02215444482 0.00938285047 -0.001156683564 -1.766859527e-05 0.005649110919 0.5099582816 -2.23968253e-06 0.001411682161 0.254994772 -0.9999999947 -1.511255589e-06 -0.0001028867981 7.568978421e-07 0.9997570551 -0.02204156721 0.0001028951127 -0.02204156717 -0.9997570499 3.317478873e-08 -0.00153838914 0
0.02951251258 0.01249913933 -0.001540848282 -3.13532752e-05 0.007525046521 0.5099259698 -3.981739369e-06 0.001881695459 0.2549907054 -0.9999999833 -3.57326135e-06 -0.0001825605623 1.788252318e-06 0.9995689031 -0.0293599732 0.0001825867718 -0.02935997304 -0.9995688864 2.195969704e-08 -0.002049328215 0
0.03595082188 0.01522589208 -0.00187699241 -4.652403746e-05 0.009166295149 0.5098901491 -5.913985149e-06 0.002292899925 0.2549861947 -0.9999999633 -6.459408605e-06 -0.0002708720658 3.231669686e-06 0.9993603325 -0.03576207192 0.0002709297996 -0.03576207148 -0.9993602958 9.26592059e-08 -0.002496399906 0
0.04330888964 0.01834218094 -0.002261157128 -6.751478877e-05 0.01104173119 0.5098405865 -8.588158369e-06 0.002762769785 0.2549799521 -0.9999999227 -1.129252121e-05 -0.000393037712 5.648697054e-06 0.9990717716 -0.04307661904 0.0003931593269 -0.04307661793 -0.9990716943 1.967524997e-07 -0.00300733898 0
0.0506669574 0.0214584698 -0.002645321846 -9.24010181e-05 0.01291681473 0.5097818261 -1.175909515e-05 0.003232564249 0.2549725498 -0.9999998552 -1.808047229e-05 -0.0005378373817 9.043285364e-06 0.9987296955 -0.05038844371 0.0005380652113 -0.05038844128 -0.9987295507 3.237139633e-07 -0.003518278055 0
0.05802502517 0.02457475866 -0.003029486564 -0.0001211817721 0.01479148592 0.50971387 -1.542667707e-05 0.003702292395 0.2549639881 -0.9999997509 -2.715467448e-05 -0.0007052463919 1.358122529e-05 0.9983341356 -0.05769708409 0.0007056382926 -0.0576970793 -0.9983338866 4.72611454e-07 -0.00402921713 0
0.06538309293 0.02769104752 -0.003413651282 -0.0001538559481 0.01666568492 0.5096367209 -1.95908217e-05 0.004171960447 0.2549542672 -0.9999995985 -3.884620737e-05 -0.000895236203 1.942816927e-05 0.9978851284 -0.06500207868 0.0008958679775 -0.06500206997 -0.997884727 6.429829637e-07 -0.004540156205 0
0.0727411607 0.03080733638 -0.003797816 -0.0001904222945 0.01853935194 0.5095503818 -2.425146187e-05 0.004641571873 0.2549433873 -0.999999385 -5.348576924e-05 -0.001107774422 2.674961149e-05 0.9973827151 -0.07230296635 0.001108742241 -0.07230295152 -0.9973821002 8.345976604e-07 -0.00505109528 0
0.07917946999 0.03353408913 -0.004133960128 -0.0002256095462 0.02017832717 0.509467299 -2.873675518e-05 0.005052436564 0.2549329167 -0.9999991367 -6.897333747e-05 -0.001312213709 3.449538778e-05 0.9968993301 -0.07868751193 0.001313572308 -0.07868748926 -0.996898467 1.019600449e-06 -0.00549816697 0
0.08653753775 0.03665037799 -0.004518124846 -0.0002694698195 0.02205083555 0.5093637377 -3.432815968e-05 0.005521944453 0.254919864 -0.9999987683 -9.003025684e-05 -0.00156692949 4.502693684e-05 0.996296909 -0.08597945779 0.00156886776 -0.08597942245 -0.9962956778 1.250814287e-06 -0.006009106045 0
0.09389560552 0.03976666685 -0.004902289564 -0.0003172178345 0.02392264011 0.5092509968 -4.041588366e-05 0.005991396197 0.2549056527 -0.9999982931 -0.0001149834026 -0.001844079129 5.750771729e-05 0.995641228 -0.09326597356 0.001846765247 -0.09326592041 -0.9956395219 1.503133953e-06 -0.00652004512 0
0.1012536733 0.04288295571 -0.005286454282 -0.0003688517622 0.02579368114 0.5091290807 -4.699986268e-05 0.006460790109 0.2548902829 -0.9999976921 -0.0001441615406 -0.002143615347 7.210242125e-05 0.9949323475 -0.1005466 0.002147247202 -0.1005465225 -0.9949300408 1.77659406e-06 -0.007030984195 0
0.108611741 0.04599924457 -0.005670619 -0.0004243696249 0.02766389895 0.5089979939 -5.408002879e-05 0.006930123974 0.2548737548 -0.9999969449 -0.0001778928211 -0.002465487037 8.897548526e-05 0.9941703326 -0.1078208786 0.002470294628 -0.1078207686 -0.9941672794 2.071250906e-06 -0.00754192327 0
0.1150500503 0.04872599732 -0.006006763128 -0.0004761321271 0.02929961735 0.5088757742 -6.068214614e-05 0.00734073982 0.2548583427 -0.9999961539 -0.0002114001563 -0.002765403748 0.000105737443 0.9934600378 -0.1141803051 0.002771455846 -0.1141801583 -0.9934561945 2.346520345e-06 -0.00798899496 0
0.1224081181 0.05184228618 -0.006390927846 -0.0005389265196 0.0311681309 0.5087275063 -6.86924657e-05 0.007809953894 0.2548396433 -0.9999950723 -0.0002545506993 -0.003129003405 0.0001273246658 0.9925985888 -0.1214414477 0.00313675737 -0.1214412476 -0.9925936652 2.681127071e-06 -0.008499934035 0
0.1297661859 0.05495857504 -0.006775092564 -0.0006055983332 0.03303564987 0.5085700833 -7.719875369e-05 0.008279099783 0.2548197861 -0.9999937772 -0.0003031939535 -0.003514770347 0.0001516614002 0.9916842202 -0.1286949277 0.003524561814 -0.1286946599 -0.9916780032 3.037172698e-06 -0.00901087311 0
0.1371242536 0.0580748639 -0.007159257282 -0.0006761450144 0.03490211471 0.508403511 -8.620092532e-05 0.008748174275 0.2547987713 -0.9999922425 -0.0003576552317 -0.003922638701 0.0001789109048 0.9907170159 -0.1359402895 0.003934844664 -0.1359399368 -0.9907092664 3.414762167e-06 -0.009521812185 0
0.1444823214 0.06119115276 -0.007543422 -0.0007505638616 0.03676746596 0.5082277959 -9.569889109e-05 0.009217174038 0.2547765992 -0.9999904402 -0.0004182589982 -0.004352538806 0.0002092360861 0.989697065 -0.1431770782 0.004367579983 -0.1431766201 -0.9896875162 3.814009135e-06 -0.01003275126 0
0.1509206307 0.06391790551 -0.007879566128 -0.0008188545024 0.03839868807 0.5080665506 -0.0001044162433 0.009627484837 0.2547562493 -0.9999886207 -0.0004765804447 -0.004746716675 0.000238421419 0.9887614128 -0.1495018786 0.004764619957 -0.149501309 -0.9887500478 4.181211622e-06 -0.01047982295 0
0.1582786984 0.06703419437 -0.008263730846 -0.0009005258634 0.04026179116 0.5078737111 -0.0001148435654 0.01009633519 0.2547319077 -0.9999862366 -0.0005495727553 -0.005217725395 0.0002749512684 0.9876428184 -0.1567213694 0.005239378809 -0.156720647 -0.987629074 4.621400333e-06 -0.01099076203 0
0.1656367662 0.07015048323 -0.008647895564 -0.0009860607983 0.04212360989 0.5076717492 -0.0001257663978 0.01056510077 0.2547064095 -0.9999834965 -0.0006296352352 -0.005710544558 0.0003150230107 0.9864717599 -0.1639309843 0.005736507664 -0.1639300778 -0.9864552813 5.083616475e-06 -0.0115017011 0
0.172994834 0.07326677209 -0.009032060282 -0.001075456032 0.043984085 0.5074606724 -0.0001371846326 0.011033778 0.2546797547 -0.9999803668 -0.0007170886147 -0.006225089905 0.0003587980021 0.985248345 -0.171130272 0.006255975096 -0.1711291457 -0.9852287441 5.568002575e-06 -0.01201264017 0
0.1803529017 0.07638306094 -0.009416225 -0.001168708142 0.04584315724 0.5072404889 -0.0001490981567 0.01150236322 0.2546519438 -0.9999768124 -0.0008122525458 -0.006761273434 0.000406437151 0.9839726859 -0.1783187823 0.006797748266 -0.1783173956 -0.9839495399 6.074707905e-06 -0.01252357925 0
0.1877109695 0.0794993498 -0.009800389718 -0.001265813559 0.04770076745 0.5070112071 -0.0001615068526 0.01197085278 0.254622977 -0.9999727967 -0.0009154455553 -0.007319003414 0.0004581008986 0.9826449 -0.1854960664 0.007361792927 -0.1854943731 -0.9826177495 6.603888319e-06 -0.01303451832 0
0.1941492788 0.08222610256 -0.01013653385 -0.001353938794 0.04932493059 0.506803129 -0.0001727705608 0.01238069976 0.2545966831 -0.9999688745 -0.001012575305 -0.007824617023 0.0005067338641 0.9814404227 -0.1917666286 0.007873573591 -0.1917646248 -0.9814093618 7.085485196e-06 -0.01348159002 0
0.2015073466 0.08534239142 -0.01052069856 -0.001458259024 0.05117964023 0.5065568119 -0.0001861073693 0.01284899999 0.2545655499 -0.9999638899 -0.00113167725 -0.008422486415 0.0005663744642 0.9800152313 -0.1989216571 0.008479280086 -0.1989192443 -0.9799792019 7.657248773e-06 -0.01399252909 0
0.2088654143 0.08845868027 -0.01090486328 -0.001566421477 0.05303271808 0.5063014227 -0.0001999389841 0.01331719389 0.2545332615 -0.9999583303 -0.00125971735 -0.009041617861 0.0006304981532 0.9785382764 -0.2060641749 0.009107151774 -0.206061289 -0.9784967067 8.251970951e-06 -0.01450346816 0
0.2162234821 0.09157496913 -0.011289028 -0.001678422011 0.05488410523 0.5060369711 -0.0002142652684 0.01378527772 0.2544998185 -0.9999521534 -0.00139700933 -0.009681905292 0.0006992633791 0.9770096935 -0.2131937378 0.009757148962 -0.2131903074 -0.97696197 8.869831894e-06 -0.01501440724 0
0.2235815499 0.09469125799 -0.01167319272 -0.001794256342 0.05673374283 0.5057634673 -0.0002290860809 0.01425324774 0.2544652212 -0.9999453154 -0.001543865567 -0.01034323897 0.0007728280285 0.975429623 -0.220309903 0.01042923056 -0.220305849 -0.9753750889 9.51101781e-06 -0.01552534631 0
0.2300198591 0.09741801075 -0.01200933685 -0.00189875281 0.05835069435 0.505516734 -0.0002424598445 0.01466262518 0.2544340018 -0.9999387544 -0.001680454959 -0.01093908139 0.0008412578022 0.9740049392 -0.22652521 0.01103538472 -0.2265205389 -0.973943872 1.009134017e-05 -0.01597241801 0
0.2373779269 0.1005342996 -0.01239350156 -0.002021763445 0.06019689322 0.5052262858 -0.0002582074991 0.01513037166 0.2543972409 -0.9999305538 -0.00184608123 -0.0116395683 0.0009242448897 0.9723287237 -0.2336150655 0.01174875898 -0.2336095996 -0.972259493 1.077678296e-05 -0.01648335708 0
0.2447359947 0.1036505885 -0.01277766628 -0.002148594736 0.06204117378 0.5049268164 -0.0002744492481 0.01559799349 0.2543593267 -0.9999215581 -0.002022161898 -0.01236076567 0.001012482026 0.97060145 -0.2406902577 0.01248409176 -0.2406838925 -0.9705232668 1.148611895e-05 -0.01699429615 0
0.2520940624 0.1067668773 -0.013161831 -0.002279241833 0.06388347751 0.5046183372 -0.0002911849312 0.01606548691 0.2543202595 -0.9999117179 -0.002209003671 -0.0131025497 0.001106124743 0.9688232764 -0.2477503494 0.01324133656 -0.2477429705 -0.9687353031 1.221955702e-05 -0.01750523523 0
0.2594521302 0.1098831662 -0.01354599572 -0.002413699735 0.06572374595 0.5043008601 -0.0003084143832 0.01653284812 0.2542800398 -0.9999009822 -0.002406911683 -0.01386479297 0.00120532792 0.9669943659 -0.254794905 0.01402044552 -0.2547863874 -0.9668957151 1.297731166e-05 -0.0180161743 0
0.2658904395 0.1126099189 -0.01388213985 -0.002534472411 0.06733226536 0.504015696 -0.000323895065 0.01694167775 0.2542439024 -0.9998908131 -0.002589397613 -0.01454843593 0.001296813257 0.9653525807 -0.2609458052 0.01472006262 -0.26093618 -0.9652438188 1.366046708e-05 -0.018463246 0
0.2732485073 0.1157262078 -0.01426630456 -0.002676061598 0.06916856037 0.5036813808 -0.0003420498715 0.01740878087 0.2542015227 -0.9998782567 -0.002808871591 -0.01534868448 0.001406857385 0.9634289938 -0.2679600618 0.01554003304 -0.2679490328 -0.963307751 1.446441295e-05 -0.01897418507 0
0.280606575 0.1188424967 -0.01465046928 -0.002821446411 0.07100265251 0.5033381035 -0.000360697945 0.0178757409 0.2541579916 -0.9998646508 -0.003040279901 -0.01616900612 0.001522903438 0.9614551642 -0.2749575386 0.01638172232 -0.2749449472 -0.9613204019 1.529332308e-05 -0.01948512414 0
0.2879646428 0.1219587855 -0.015034634 -0.002970621291 0.07283448368 0.5029858772 -0.0003798391013 0.01834255404 0.2541133096 -0.9998499392 -0.00328392116 -0.01700925972 0.001645103584 0.9594312726 -0.2819378066 0.01724507723 -0.2819234807 -0.9592818972 1.614743329e-05 -0.01999606322 0
0.2953227105 0.1250750744 -0.01541879872 -0.003123580534 0.07466399587 0.5026247154 -0.0003994731517 0.0188092165 0.2540674771 -0.9998340642 -0.003540092191 -0.01786930058 0.001773609249 0.9573575043 -0.2889004382 0.0181300432 -0.2888841924 -0.9571923657 1.702698472e-05 -0.02050700229 0
0.3026807783 0.1281913632 -0.01580296344 -0.00328031829 0.07649113116 0.5022546319 -0.0004195999022 0.01927572448 0.2540204946 -0.9998169665 -0.003809087987 -0.01874898056 0.001908571095 0.9552340491 -0.295845008 0.01903656429 -0.2958266422 -0.9550519394 1.793222378e-05 -0.02101794137 0
0.3091190876 0.130918116 -0.01613910756 -0.003420558681 0.07808787929 0.5019235014 -0.0004376148211 0.01968378926 0.2539784419 -0.9998009557 -0.004055210093 -0.01953469164 0.002032076643 0.9533354196 -0.3019063569 0.01984740716 -0.3018859602 -0.9531374232 1.874557751e-05 -0.02146501306 0
0.3164771554 0.1340344048 -0.01652327228 -0.003584364884 0.07991040217 0.5015367282 -0.0004586648455 0.02014999737 0.2539293043 -0.9997814018 -0.00434904084 -0.02045078355 0.00217954718 0.9511193285 -0.30881592 0.02079418857 -0.3087929869 -0.9509019366 1.969966304e-05 -0.02197595213 0
0.3238352231 0.1371506937 -0.016907437 -0.003751931986 0.08173038222 0.5011410748 -0.0004802069859 0.02061604009 0.2538790181 -0.9997604477 -0.004656533834 -0.02138606936 0.002333902639 0.948854121 -0.3157062082 0.02176235668 -0.3156804931 -0.9486159529 2.068017332e-05 -0.02248689121 0
0.3311932909 0.1402669826 -0.01729160172 -0.00392325358 0.08354776193 0.5007365565 -0.0005022410299 0.02108191363 0.2538275837 -0.9997380291 -0.004977976546 -0.02234038756 0.002495290559 0.9465400041 -0.3225768034 0.0227518503 -0.3225480434 -0.9462796167 2.168737448e-05 -0.02299783028 0
0.3385513587 0.1433832714 -0.01767576644 -0.004098323119 0.08536248393 0.5003231887 -0.00052476676 0.02154761418 0.2537750017 -0.9997140803 -0.005313654404 -0.02331357328 0.002663857624 0.9441771893 -0.3294272895 0.02376260686 -0.3293952038 -0.9438930756 2.27215376e-05 -0.02350876936 0
0.344989668 0.1461100242 -0.01801191056 -0.004254578196 0.08694814047 0.4999542449 -0.0005448799355 0.02195495729 0.2537280515 -0.9996918172 -0.005619272589 -0.02418045586 0.002817357602 0.9420699484 -0.3354046435 0.02466441092 -0.3353694026 -0.9417637871 2.364876437e-05 -0.02395584105 0
0.3523477357 0.149226313 -0.01839607528 -0.004436656988 0.08875772491 0.4995243271 -0.0005683269741 0.02242032328 0.2536733192 -0.9996648174 -0.005982403353 -0.02518856205 0.002999777892 0.93961641 -0.3422163109 0.02571486225 -0.342177166 -0.939283521 2.473422869e-05 -0.02446678012 0
0.3597058035 0.1523426019 -0.01878024 -0.004622464108 0.09056448725 0.4990856061 -0.0005922650467 0.02288550538 0.2536174407 -0.9996360911 -0.006360578085 -0.02621504302 0.003189794152 0.9371148058 -0.3490066847 0.02678638922 -0.3489632986 -0.9367534924 2.584746115e-05 -0.0249777192 0
0.3670638712 0.1554588907 -0.01916440472 -0.004811992458 0.09236837054 0.4986380987 -0.0006166939171 0.0233504998 0.2535604167 -0.9996055673 -0.006754073885 -0.02725972096 0.003387549603 0.9345653641 -0.3557753572 0.0278789241 -0.3557273714 -0.9341738611 2.69887513e-05 -0.02548865827 0
0.374421939 0.1585751796 -0.01954856944 -0.005005234798 0.09416931795 0.4981818219 -0.0006416133442 0.02381530276 0.2535022478 -0.9995731738 -0.007163165606 -0.02832241478 0.003593186534 0.9319683173 -0.3625219228 0.02899239781 -0.3624689567 -0.9315447903 2.815839328e-05 -0.02599959735 0
0.3817800068 0.1616914685 -0.01993273415 -0.005202183748 0.09596727279 0.4977167932 -0.0006670230822 0.02427991045 0.2534429345 -0.9995388374 -0.007588125806 -0.02940294011 0.003806846279 0.9293239023 -0.3692459784 0.03012673998 -0.3691876284 -0.928866446 2.935668576e-05 -0.02651053642 0
0.3882183161 0.1644182212 -0.02026887828 -0.005377548749 0.09753798395 0.4973027277 -0.000689658614 0.02468627903 0.2533900971 -0.9995071404 -0.007973195588 -0.03036287981 0.004000490138 0.9269713717 -0.3751107464 0.0311363517 -0.3750473359 -0.9264826083 3.042893224e-05 -0.02695760811 0
0.3955763838 0.1675345101 -0.020653043 -0.005581427212 0.09933017534 0.4968213373 -0.0007159870052 0.02515051041 0.2533286398 -0.9994689583 -0.008428635676 -0.03147633112 0.004229570205 0.9242387941 -0.3817915168 0.03230962791 -0.3817219009 -0.9237123353 3.168176491e-05 -0.02746854719 0
0.4029344516 0.1706507989 -0.02103720772 -0.005788990284 0.1011192119 0.496331247 -0.0007428049733 0.02561453564 0.2532660398 -0.999428615 -0.008900714724 -0.03260706599 0.004467073955 0.9214595523 -0.3884486308 0.03350356288 -0.3883723353 -0.920893284 3.296413141e-05 -0.02797948626 0
0.4102925194 0.1737670878 -0.02142137244 -0.006000230042 0.1029050373 0.4958324753 -0.0007701122538 0.02607835094 0.2532022978 -0.9993860321 -0.009389696031 -0.0337548877 0.004713138868 0.9186338993 -0.3950816945 0.03471808113 -0.3949982185 -0.9180256326 3.427634735e-05 -0.02849042534 0
0.4176505871 0.1768833767 -0.02180553715 -0.006215138424 0.1046875956 0.4953250415 -0.0007979085773 0.02654195253 0.2531374144 -0.99934113 -0.009895840409 -0.03491959635 0.004967901388 0.9157620923 -0.4016903164 0.03595310588 -0.4015991318 -0.9151095626 3.561873255e-05 -0.02900136441 0
0.4240888964 0.1796101294 -0.02214168128 -0.006406186232 0.1062446102 0.4948739464 -0.0008226313127 0.02694742564 0.2530797057 -0.9992998747 -0.01035299893 -0.03595240948 0.00519805981 0.9132116056 -0.4074525047 0.03705051293 -0.4073541197 -0.9125184276 3.68183224e-05 -0.0294484361 0
0.4314469642 0.1827264183 -0.022525846 -0.00662795107 0.1080208921 0.4943503233 -0.0008513438486 0.02741061634 0.2530126841 -0.9992504055 -0.01089201821 -0.03714823159 0.005469494425 0.9102539668 -0.4140142516 0.03832377593 -0.4139070909 -0.9095120716 3.821815137e-05 -0.02995937518 0
0.4388050319 0.1858427071 -0.02291001072 -0.006853360578 0.1097937465 0.4938180946 -0.0008805446258 0.02787358246 0.2529445229 -0.9991983815 -0.01144893618 -0.03836034875 0.005750013005 0.9072509357 -0.4205504452 0.0396173175 -0.4204338967 -0.906457835 3.964909197e-05 -0.03047031425 0
0.4461630997 0.188958996 -0.02329417544 -0.007082406159 0.1115631178 0.4932772805 -0.0009102333563 0.02833632024 0.252875223 -0.9991437184 -0.01202400364 -0.03958854917 0.006039747824 0.9042027851 -0.427060704 0.04093105587 -0.4269341247 -0.9033559109 4.111147974e-05 -0.03098125333 0
0.4535211675 0.1920752848 -0.02367834015 -0.007315079078 0.1133289509 0.4927279017 -0.0009404097471 0.0287988259 0.252804785 -0.999086331 -0.01261746873 -0.04083261805 0.006338830044 0.9011097916 -0.4335446491 0.04226490799 -0.4334073639 -0.9002064955 4.260565412e-05 -0.0314921924 0
0.4599594768 0.1948020376 -0.02401448428 -0.007521636459 0.1148711088 0.4922401859 -0.000967213889 0.02920332499 0.2527422188 -0.999033814 -0.01315203547 -0.0419340243 0.006608297025 0.8983668576 -0.4391962199 0.0434484619 -0.4390489871 -0.8974119556 4.393940142e-05 -0.03193926409 0
0.4673175445 0.1979183265 -0.024398649 -0.007761086611 0.1166301587 0.4916748049 -0.0009983038367 0.02966538527 0.2526696488 -0.9989710839 -0.0137806554 -0.04320725729 0.006925255192 0.8951905432 -0.4456298151 0.04481979904 -0.4454705207 -0.8941740327 4.549410391e-05 -0.03245020317 0
0.4746756123 0.2010346153 -0.02478281372 -0.008004138221 0.1183855119 0.4911009203 -0.001029880576 0.03012720261 0.2525959427 -0.9989053772 -0.01442837106 -0.04449572473 0.007251931493 0.8919702034 -0.4520360227 0.0462110041 -0.4518638937 -0.8908891989 4.708159008e-05 -0.03296114224 0
0.4820336801 0.2041509042 -0.02516697844 -0.008250782026 0.1201371137 0.490518554 -0.001061943795 0.03058877324 0.2525211014 -0.998836604 -0.01509541986 -0.04579920045 0.00758845262 0.8887061297 -0.4584144744 0.04762198914 -0.4582287019 -0.8875576617 4.870221392e-05 -0.03347208132 0
0.4893917478 0.207267193 -0.02555114315 -0.008501008626 0.1218849094 0.489927728 -0.001094493177 0.0310500934 0.2524451256 -0.9987646733 -0.01578203634 -0.04711745543 0.007934944072 0.8853986179 -0.464764805 0.04905266496 -0.4645645431 -0.8841796319 5.035633301e-05 -0.03398302039 0
0.4967498156 0.2103834819 -0.02593530787 -0.008754808484 0.1236288447 0.489328465 -0.001127528402 0.03151115933 0.2523680159 -0.998689493 -0.01648845215 -0.04845025779 0.008291530144 0.8820479674 -0.4710866521 0.05050294112 -0.4708710166 -0.8807553228 5.204430849e-05 -0.03449395947 0
0.5031881249 0.2131102346 -0.026271452 -0.008979806951 0.1251515786 0.4887972069 -0.00115683251 0.03191438053 0.2522996155 -0.9986209712 -0.0171229875 -0.04962820884 0.00861192048 0.879080999 -0.4765946203 0.05178793913 -0.4763647768 -0.8777212592 5.354934642e-05 -0.03494103116 0
0.5105461926 0.2162265235 -0.02665561672 -0.009240280502 0.1268881292 0.4881821862 -0.001190777806 0.03237495967 0.2522203822 -0.9985394457 -0.0178671412 -0.05098765285 0.008987764711 0.8756502829 -0.4828620943 0.05327471786 -0.4826151129 -0.8742107625 5.530178814e-05 -0.03545197023 0
0.5179042604 0.2193428124 -0.02703978144 -0.009504299151 0.1286206638 0.487558795 -0.001225207995 0.03283527379 0.2521400173 -0.9984543994 -0.01863174378 -0.0523609621 0.00937405405 0.8721773095 -0.4891000592 0.05478083003 -0.4888349404 -0.8706546168 5.708914378e-05 -0.03596290931 0
0.5252623282 0.2224591012 -0.02742394615 -0.009771852845 0.1303491285 0.4869270569 -0.001260122737 0.03329531915 0.2520585216 -0.9983657363 -0.01941701535 -0.05374789404 0.009770907976 0.8686623922 -0.4953081644 0.05630618044 -0.495023866 -0.8670530469 5.89117877e-05 -0.03647384838 0
0.5326203959 0.2255753901 -0.02780811087 -0.01004293139 0.1320734697 0.4862869961 -0.001295521687 0.03375509201 0.2519758961 -0.9982733588 -0.02022317294 -0.05514820342 0.01017844469 0.8651058484 -0.501486062 0.05785067266 -0.5011814984 -0.8634062806 6.077009752e-05 -0.03698478746 0
0.5390587052 0.2283021428 -0.028144255 -0.0102830085 0.1335788436 0.4857201348 -0.001326892696 0.03415716677 0.2519026725 -0.9981894043 -0.02094586217 -0.05638425298 0.01054389447 0.8619599779 -0.5068666716 0.0592177289 -0.5065434506 -0.8601784659 6.242567514e-05 -0.03743185915 0
0.546416773 0.2314184317 -0.02852841972 -0.01056066824 0.1352953093 0.4850645348 -0.001363198591 0.0346164186 0.2518179306 -0.9980897965 -0.02179175525 -0.05780897483 0.01097177548 0.8583262518 -0.5129870033 0.06079784791 -0.5126413608 -0.8564475797 6.435188757e-05 -0.03794279822 0
0.5537748407 0.2345347206 -0.02891258444 -0.01084182282 0.1370074983 0.4844006828 -0.001399987678 0.03507538717 0.2517320612 -0.9979861887 -0.02265914097 -0.05924635438 0.01141067186 0.854651831 -0.519076145 0.06239682479 -0.5187068643 -0.8526721675 6.631486936e-05 -0.0384537373 0
0.5611329085 0.2376510094 -0.02929674915 -0.01112646153 0.1387153576 0.4837286042 -0.001437259592 0.03553406875 0.2516450652 -0.9978784797 -0.02354822417 -0.06069613628 0.0118606967 0.8509370464 -0.5251337609 0.06401455846 -0.5247395775 -0.8488524678 6.831501036e-05 -0.03896467637 0
0.5684909763 0.2407672983 -0.02968091387 -0.01141457355 0.1404188346 0.4830483246 -0.001475013967 0.03599245961 0.2515569434 -0.9977665671 -0.0244592065 -0.06215806268 0.01232196178 0.8471822323 -0.5311595189 0.06565094666 -0.530739119 -0.8449887223 7.035270342e-05 -0.03947561545 0
0.5749292856 0.243494051 -0.030017058 -0.01166951216 0.1419057407 0.4824463729 -0.001508444522 0.03639331021 0.2514789141 -0.9976651143 -0.02527443617 -0.06344700596 0.01273487606 0.8438641986 -0.5364056647 0.06709800758 -0.5359612086 -0.8415720054 7.216680038e-05 -0.03992268714 0
0.5822873533 0.2466103399 -0.03040122272 -0.01196410701 0.1436008591 0.4817507863 -0.001547102503 0.03685114594 0.2513886839 -0.9975450412 -0.02622701141 -0.06493099963 0.01321751308 0.840035242 -0.5423708045 0.06876909327 -0.5418975328 -0.8376263342 7.427597273e-05 -0.04043362621 0
0.5896454211 0.2497266287 -0.03078538744 -0.01226214331 0.1452914446 0.4810470738 -0.001586241861 0.03730868024 0.2512973305 -0.9974204652 -0.02720204717 -0.06642638271 0.01371170404 0.8361672357 -0.548303149 0.07045853293 -0.5477996008 -0.8336373267 7.642384301e-05 -0.04094456529 0
0.5970034889 0.2528429176 -0.03116955215 -0.01256360974 0.146977445 0.4803352622 -0.00162586221 0.0377659094 0.2512048548 -0.9972912803 -0.0281997323 -0.06793288785 0.01421755535 0.8322605269 -0.5542023787 0.07216621976 -0.5536670394 -0.8296052352 7.861081533e-05 -0.04145550436 0
0.6043615566 0.2559592065 -0.03155371687 -0.01286849485 0.1486588086 0.4796153786 -0.001665963158 0.03822282971 0.2511112577 -0.9971573799 -0.02922025223 -0.06945024541 0.01473517203 0.828315466 -0.5600681775 0.0738920458 -0.5594994777 -0.8255303144 8.08372966e-05 -0.04196644344 0
0.6117196244 0.2590754953 -0.03193788159 -0.01317678704 0.1503354836 0.4788874503 -0.001706544311 0.03867943746 0.2510165402 -0.9970186561 -0.030263789 -0.07097818337 0.01526465765 0.8243324068 -0.5659002327 0.07563590196 -0.5652965471 -0.821412822 8.310369648e-05 -0.04247738251 0
0.6181579337 0.2618022481 -0.03227402572 -0.01344932839 0.1517986879 0.4782439356 -0.001742446423 0.03907870991 0.2509327441 -0.9968932307 -0.03119590519 -0.07232359276 0.01573777415 0.8208163398 -0.5709753574 0.07717647981 -0.5703396811 -0.8177752987 8.511986622e-05 -0.0429244542 0
0.6255160014 0.2649185369 -0.03265819044 -0.01376397721 0.1534664336 0.4775009983 -0.001783926876 0.03953472161 0.2508359284 -0.9967451697 -0.03228307723 -0.07387062796 0.01628978822 0.8167629977 -0.5767433124 0.07895384443 -0.5760694477 -0.8135786882 8.746222705e-05 -0.04343539328 0
0.6328740692 0.2680348258 -0.03304235515 -0.01408199912 0.1551293436 0.4767500965 -0.00182588637 0.03999041008 0.250737995 -0.9965919707 -0.03339377025 -0.07542744898 0.01685396099 0.8126726913 -0.582476644 0.08074891918 -0.5817627978 -0.8093402617 8.984569919e-05 -0.04394633235 0
0.640232137 0.2711511146 -0.03342651987 -0.01440338203 0.1567873669 0.4759912589 -0.00186832449 0.04044577164 0.250638945 -0.9964335227 -0.03452815282 -0.07699377518 0.01743039041 0.8085457863 -0.588175053 0.0825615906 -0.5874193716 -0.8050602869 9.227070255e-05 -0.04445727143 0
0.6475902047 0.2742674035 -0.03381068459 -0.01472811375 0.1584404529 0.4752245142 -0.001911240819 0.0409008026 0.2505387792 -0.996269714 -0.03568638995 -0.07856932377 0.01801917295 0.8043826513 -0.5938382437 0.0843917441 -0.5930388115 -0.8007390347 9.473765958e-05 -0.0449682105 0
0.654028514 0.2769941563 -0.03414682872 -0.01501499139 0.1598828133 0.4745471492 -0.001949184553 0.04129868058 0.2504502197 -0.9961218951 -0.03671954264 -0.07995527012 0.01854456577 0.8007104803 -0.598764416 0.08600737824 -0.5979250806 -0.7969242931 9.693099612e-05 -0.04541528219 0
0.6613865818 0.2801104451 -0.03453099344 -0.01534596881 0.1615265061 0.4737656573 -0.001992996377 0.0417530817 0.2503479648 -0.9959477305 -0.0379229394 -0.08154734119 0.01915676517 0.7964804178 -0.6043607883 0.08786999793 -0.6034739387 -0.7925263836 9.947776363e-05 -0.04592622127 0
0.6687446496 0.283226734 -0.03491515815 -0.01568025929 0.1631651172 0.4729763428 -0.002037285178 0.04220714162 0.250244597 -0.9957678789 -0.03915064514 -0.08314781004 0.01978158663 0.7922152015 -0.6099211124 0.08974976412 -0.608984648 -0.7880879889 0.0001020677132 -0.04643716034 0
0.6761027173 0.2863430228 -0.03529932287 -0.01601785013 0.1647985968 0.4721792356 -0.002082050521 0.04266085664 0.2501401175 -0.9955822256 -0.04040281091 -0.08475638592 0.02041912077 0.7879152111 -0.6154451069 0.09164655798 -0.6144568601 -0.7836093896 0.0001047012768 -0.04694809942 0
0.6834607851 0.2894593117 -0.03568348759 -0.01635872855 0.1664268952 0.4713743659 -0.002127291963 0.04311422311 0.2500345273 -0.9953906549 -0.04167958404 -0.08637277613 0.02106945665 0.7835808293 -0.6209324938 0.09356025961 -0.6198902291 -0.7790908687 0.0001073788887 -0.04745903849 0
0.6898990944 0.2921860644 -0.03601963172 -0.01665968385 0.1678473673 0.4706637612 -0.002167268425 0.04351062994 0.2499412256 -0.9952180849 -0.04281705927 -0.0877932962 0.02164907081 0.7797603365 -0.6257037122 0.09524852311 -0.6246122934 -0.7751046392 0.0001097582757 -0.04790611018 0
0.6972571621 0.2953023533 -0.03640379644 -0.01700669155 0.1694658181 0.4698444193 -0.002213401348 0.04396333295 0.2498335557 -0.9950151049 -0.04414035545 -0.08942354271 0.02232364459 0.7753625116 -0.6311217239 0.0971935999 -0.6299719078 -0.7705120373 0.0001125196569 -0.04841704926 0
0.7046152299 0.2984186422 -0.03678796115 -0.01735694935 0.1710789464 0.4690174033 -0.002260009074 0.04441567685 0.2497247782 -0.9948058711 -0.04548866193 -0.09106075147 0.0230112675 0.7709314106 -0.6365023501 0.0991552338 -0.6352916982 -0.7658803417 0.000115326348 -0.04892798833 0
0.7119732977 0.301534931 -0.03717212587 -0.01771044398 0.1726867034 0.4681827447 -0.002307091145 0.04486765798 0.2496148941 -0.9945902651 -0.04686211157 -0.09270462256 0.02371202252 0.7664674264 -0.6418453274 0.1011333008 -0.6405713284 -0.7612098454 0.0001181787921 -0.04943892741 0
0.7193313654 0.3046512199 -0.03755629059 -0.01806716206 0.1742890406 0.4673404749 -0.002354647095 0.04531927267 0.2495039045 -0.9943681679 -0.04826083346 -0.09435485428 0.02442599107 0.7619709546 -0.6471503962 0.1031276759 -0.6458104647 -0.7565008435 0.0001210774345 -0.04994986648 0
0.7266894332 0.3077675087 -0.03794045531 -0.01842709008 0.1758859097 0.466490626 -0.002402676456 0.04577051729 0.2493918107 -0.99413946 -0.04968495285 -0.09601114321 0.02515325296 0.7574423934 -0.652417301 0.1051382329 -0.6510087758 -0.7517536337 0.0001240227228 -0.05046080556 0
0.7331277425 0.3104942615 -0.03827659944 -0.01874464955 0.1772786469 0.4657408161 -0.002445090119 0.04616504987 0.2492928235 -0.993933823 -0.05095198677 -0.09746512499 0.0258005733 0.7534538938 -0.6569943381 0.1069106448 -0.6555235503 -0.7475687186 0.0001266384677 -0.05090787725 0
0.7404858103 0.3136105504 -0.03866076415 -0.0191105594 0.178865134 0.4648768431 -0.002494005844 0.04661559074 0.2491786621 -0.993692395 -0.05242405075 -0.09913194749 0.02655296967 0.7488662465 -0.6621890097 0.1089511997 -0.6606444306 -0.7427506798 0.0001296724307 -0.05141881632 0
0.747843878 0.3167268392 -0.03904492887 -0.01947963972 0.1804460155 0.4640053841 -0.002543393606 0.04706575105 0.2490633996 -0.9934440088 -0.05392185091 -0.1008039456 0.02731887981 0.7442476682 -0.6673448039 0.1110075684 -0.665723548 -0.7378953024 0.0001327543379 -0.0519297554 0
0.7552019458 0.3198431281 -0.03942909359 -0.01985187654 0.1820212439 0.4631264721 -0.002593252916 0.04751552716 0.2489470371 -0.9931885423 -0.05544549754 -0.1024808095 0.02809837723 0.7395985662 -0.67246148 0.1130796211 -0.6707605815 -0.7330028933 0.0001358846452 -0.05244069447 0
0.7625600135 0.3229594169 -0.03981325831 -0.02022725578 0.1835907722 0.4622401403 -0.002643583283 0.04796491543 0.2488295759 -0.992925873 -0.05699509699 -0.1041622279 0.02889153381 0.7349193503 -0.6775388017 0.1151672266 -0.6757552126 -0.7280737617 0.0001390638102 -0.05295163355 0
0.7689983228 0.3256861697 -0.04014940244 -0.02055827924 0.1849593967 0.4614585398 -0.002688008378 0.04835780917 0.2487258969 -0.992690032 -0.05837236653 -0.1056369594 0.02959680582 0.7308006577 -0.6819489921 0.1170065359 -0.6800904834 -0.7237308926 0.0001418860194 -0.05339870524 0
0.7763563906 0.3288024585 -0.04053356715 -0.02093951221 0.1865181109 0.4605583864 -0.002739220636 0.04880646048 0.2486063787 -0.9924135252 -0.05997090043 -0.1073260734 0.03041576124 0.7260660909 -0.6869519002 0.1191229466 -0.6850047612 -0.7187337482 0.0001451580331 -0.05390964431 0
0.7837144584 0.3319187474 -0.04091773187 -0.0213238465 0.1880709908 0.4596509102 -0.00279090251 0.04925471353 0.2484857651 -0.9921294603 -0.06159567091 -0.1090188389 0.03124857317 0.7213026009 -0.6919147958 0.1212545281 -0.6898757361 -0.7137007833 0.0001484802315 -0.05442058339 0
0.7910725261 0.3350350363 -0.04130189659 -0.0217112676 0.1896179902 0.4587361456 -0.002843053492 0.04970256471 0.2483640574 -0.9918377128 -0.06324676893 -0.110714939 0.03209530704 0.7165106061 -0.6968374578 0.1234011457 -0.6947031003 -0.7086323162 0.0001518530798 -0.05493152246 0
0.7984305939 0.3381513251 -0.04168606131 -0.02210176087 0.191159063 0.4578141271 -0.002895673068 0.05015001041 0.2482412567 -0.9915381575 -0.06492428147 -0.1124140556 0.03295602654 0.7116905268 -0.7017196693 0.1255626638 -0.6994865486 -0.7035286673 0.0001552770454 -0.05544246154 0
0.8048689032 0.3408780779 -0.04202220544 -0.02244595106 0.1925026041 0.4570014378 -0.002942099181 0.05054118993 0.2481329106 -0.9912695432 -0.06641383841 -0.1139030059 0.03372067751 0.7074502515 -0.7059582548 0.1274661076 -0.7036358033 -0.699034368 0.0001583153161 -0.05588953323 0
0.8122269709 0.3439943667 -0.04240637015 -0.02284216485 0.1940324417 0.4560659122 -0.002995595966 0.05098786562 0.248008064 -0.9909550099 -0.06814109854 -0.1156069163 0.03460778594 0.702578654 -0.7107640509 0.1296551949 -0.7083360965 -0.6938656245 0.0001618363923 -0.0564004723 0
0.8195850387 0.3471106556 -0.04279053487 -0.02324140816 0.195556222 0.4551232335 -0.00304955984 0.05143412547 0.247882128 -0.9906323068 -0.06989500073 -0.1173129214 0.03550905373 0.6976801919 -0.7155287953 0.1318587872 -0.7129916119 -0.6886626326 0.0001654099396 -0.05691141138 0
0.8269431065 0.3502269445 -0.04317469959 -0.0236436659 0.1970739001 0.4541734371 -0.00310399027 0.05187996588 0.247755104 -0.9903013074 -0.07167561624 -0.1190206983 0.036424538 0.6927552932 -0.7202522869 0.1340767453 -0.7176020553 -0.6834257213 0.0001690364324 -0.05742235045 0
0.8343011742 0.3533432333 -0.04355886431 -0.02404892292 0.1985854312 0.453216559 -0.00315888672 0.05232538326 0.2476269931 -0.9899618844 -0.07348301224 -0.1207299229 0.03735429413 0.6878043876 -0.7249343288 0.1363089289 -0.7221671353 -0.6781552216 0.0001727163468 -0.05793328953 0
0.841659242 0.3564595222 -0.04394302902 -0.02445716394 0.2000907709 0.4522526352 -0.003214248648 0.05277037402 0.2474977967 -0.9896139105 -0.07531725179 -0.1224402701 0.03829837577 0.6828279069 -0.7295747282 0.1385551969 -0.7266865632 -0.6728514667 0.000176450161 -0.0584442286 0
0.8480975513 0.3591862749 -0.04427917315 -0.02481681055 0.2014028295 0.4514034507 -0.003263071743 0.05315938817 0.2473838603 -0.9893023183 -0.07694427794 -0.1239374885 0.03913623947 0.6784528474 -0.7336007693 0.1405321234 -0.730603389 -0.6681836651 0.0001797618402 -0.05889130029 0
0.8554556191 0.3623025638 -0.04466333787 -0.02523060502 0.2028964413 0.4504264143 -0.003319304967 0.05360356939 0.2472526319 -0.9889379665 -0.07882900477 -0.1256490607 0.04010732003 0.6734295827 -0.7381625837 0.1428044164 -0.7350364515 -0.662818462 0.0001835980112 -0.05940223937 0
0.8628136868 0.3654188526 -0.04504750259 -0.02564733897 0.2043837354 0.4494424373 -0.003376002087 0.05404731371 0.2471203217 -0.9885646953 -0.08074073347 -0.1273608152 0.04109287065 0.6683819936 -0.7426822246 0.1450903831 -0.7394230485 -0.6574209733 0.0001874894661 -0.05991317844 0
0.8701717546 0.3685351415 -0.04543166731 -0.02606699671 0.2058646682 0.4484515567 -0.003433162543 0.05449061757 0.246986931 -0.9881823759 -0.08267951105 -0.129072423 0.04209293825 0.6633105179 -0.7471595153 0.1473898792 -0.7437629026 -0.65199154 0.0001914366897 -0.06042411752 0
0.8775298223 0.3716514304 -0.04581583202 -0.02648956245 0.2073391965 0.4474538099 -0.003490785773 0.0549334774 0.2468524612 -0.9877908794 -0.08464538036 -0.1307835544 0.04310756793 0.6582155956 -0.7515942837 0.1497027592 -0.7480557394 -0.6465305056 0.0001954401687 -0.06093505659 0
0.8839681316 0.3743781831 -0.04615197615 -0.02686168044 0.2086241215 0.4465751784 -0.003541585271 0.05532061272 0.2467339159 -0.9874406902 -0.0863877702 -0.1322801437 0.04400734851 0.6537386518 -0.7554396921 0.1517373933 -0.7517731894 -0.6417264488 0.0001989897435 -0.06138212828 0
0.8913261994 0.377494472 -0.04653614087 -0.02728965573 0.2100865261 0.4455646587 -0.003600074665 0.05576263042 0.2465974263 -0.987031638 -0.08840453742 -0.13398949 0.0450493976 0.6486009573 -0.7597942814 0.1540749735 -0.7559771399 -0.6362070941 0.0002031000184 -0.06189306736 0
0.8986842672 0.3806107608 -0.04692030559 -0.02772049303 0.2115424037 0.4445473814 -0.003659025186 0.05620419389 0.2464598614 -0.9866130362 -0.09044849622 -0.1356974074 0.04610612867 0.6434410884 -0.7641058766 0.156425515 -0.760133301 -0.6306571359 0.0002072679567 -0.06240400643 0
0.9060423349 0.3837270497 -0.04730447031 -0.02815417614 0.2129917121 0.4435233846 -0.003718436252 0.05664529957 0.2463212227 -0.986184755 -0.09251967317 -0.1374035631 0.04717757998 0.6382594906 -0.7683743219 0.1587888693 -0.76424141 -0.6250769251 0.0002114940515 -0.06291494551 0
0.9134004027 0.3868433386 -0.04768863502 -0.02859068876 0.2144344095 0.4424927069 -0.003778307279 0.05708594394 0.2461815114 -0.9857466642 -0.09461809063 -0.1391076237 0.04826378799 0.6330566104 -0.772599466 0.161164887 -0.7683012072 -0.6194668145 0.0002157787972 -0.06342588458 0
0.919838712 0.3895700913 -0.04802477915 -0.0289749455 0.2156913139 0.4415854139 -0.003831071273 0.05747112655 0.2460583854 -0.9853551854 -0.09647656597 -0.1405966954 0.04922635241 0.628486984 -0.7762608306 0.1632541723 -0.7718136972 -0.6145337193 0.000219576452 -0.06387295627 0
0.9271967798 0.3926863802 -0.04840894387 -0.02941671919 0.2171215038 0.440542314 -0.003891803129 0.05791089643 0.2459166669 -0.9848983504 -0.09862610487 -0.142295927 0.05034032129 0.6232454074 -0.7804043915 0.1656535283 -0.7757822205 -0.6088685038 0.0002239725072 -0.06438389535 0
0.9345548475 0.395802669 -0.04879310859 -0.02986127497 0.2185449639 0.4394926451 -0.003952993235 0.05835019484 0.24577388 -0.9844313308 -0.1008029249 -0.1439921017 0.05146914173 0.6179838392 -0.7845042396 0.1680651138 -0.7797017024 -0.6031744132 0.0002284286444 -0.06489483442 0
0.9419129153 0.3989189579 -0.04917727331 -0.03030859616 0.2199616534 0.4384364465 -0.004014640987 0.05878901827 0.2456300261 -0.9839539958 -0.103007032 -0.145684884 0.05261284324 0.6127027307 -0.7885602402 0.1704887762 -0.7835718953 -0.5974518073 0.0002329453645 -0.0654057735 0
0.949270983 0.4020352467 -0.04956143802 -0.03075866598 0.2213715319 0.4373737581 -0.004076745778 0.0592273632 0.2454851066 -0.9834662148 -0.1052384278 -0.1473739381 0.05377145352 0.6074025342 -0.7925722631 0.1729243623 -0.7873925544 -0.591701048 0.0002375231698 -0.06591671257 0
0.9566290508 0.4051515356 -0.04994560274 -0.03121146756 0.2227745591 0.4363046195 -0.004139306995 0.05966522614 0.245339123 -0.9829678568 -0.1074971096 -0.1490589274 0.05494499846 0.602083703 -0.7965401821 0.1753717183 -0.7911634382 -0.5859224987 0.0002421625644 -0.06642765165 0
0.9630673601 0.4078782884 -0.05028174687 -0.03160989649 0.2239965564 0.4353638636 -0.004194421988 0.06004795806 0.2452105155 -0.9825230142 -0.109495834 -0.1505296942 0.05598412035 0.5974147965 -0.7999758366 0.177522688 -0.7944219428 -0.5808437587 0.0002462729543 -0.06687472334 0
0.9704254279 0.4109945772 -0.05066591159 -0.03206777427 0.2253866303 0.4342827393 -0.004257837338 0.06048490781 0.2450625406 -0.9820044715 -0.1118056552 -0.1522061547 0.05718573124 0.5920622505 -0.8038607365 0.1799916948 -0.7980988579 -0.5750140892 0.0002510291924 -0.06738566241 0
0.9777834956 0.4141108661 -0.05105007631 -0.03252833475 0.2267697389 0.4331952806 -0.004321707329 0.0609213655 0.2449135057 -0.9814749751 -0.114142731 -0.1538775817 0.05840234112 0.5866923782 -0.8077011947 0.1824720246 -0.801725321 -0.5691576846 0.000255848477 -0.06789660149 0
0.9851415634 0.4172271549 -0.05143424102 -0.03299156066 0.2281458432 0.4321015285 -0.00438603133 0.06135732765 0.2447634124 -0.9809343943 -0.1165070422 -0.1555436379 0.05963396883 0.5813056366 -0.8114971021 0.1849635206 -0.8053011027 -0.5632749151 0.0002607313183 -0.06840754056 0
0.9924996312 0.4203434438 -0.05181840574 -0.03345743467 0.2295149045 0.4310015237 -0.004450808708 0.06179279078 0.2446122621 -0.9803825978 -0.1188985653 -0.1572039856 0.0608806314 0.5759024831 -0.815248354 0.1874660253 -0.8088259771 -0.5573661527 0.0002656782276 -0.06891847964 0
0.9989379405 0.4230701965 -0.05215454987 -0.033867233 0.2307070254 0.4300339228 -0.004507860321 0.06217340893 0.2444791398 -0.9798904727 -0.1210134484 -0.1586518417 0.06198380642 0.5711616212 -0.8184939891 0.1896646232 -0.8118683069 -0.5521749568 0.0002700597322 -0.06936555133 0
