0.003577996207 0.003972291389 -0.00442440699 -1.208089973e-06 0.0009123868598 0.5099989118 -1.518040709e-07 0.000227038968 0.2549998653 -1 -1.633098797e-08 -7.035564288e-06 8.716353636e-09 0.9999936629 -0.003560089438 7.035577843e-06 -0.003560089438 -0.9999936628 1.657369242e-08 -0.005884461297 0
0.007187190898 0.007979219335 -0.008887392777 -4.874566561e-06 0.001832716066 0.5099956093 -6.143127019e-07 0.0004565029545 0.2549994551 -0.9999999996 -1.348842393e-07 -2.838779242e-05 6.812368745e-08 0.9999744304 -0.007151118863 2.838803113e-05 -0.007151118862 -0.99997443 5.283686813e-08 -0.01182023239 0
0.01028078635 0.011413729 -0.01271280916 -9.973961612e-06 0.002621548968 0.5099910161 -1.260387375e-06 0.0006535973086 0.2549988819 -0.9999999983 -3.955806686e-07 -5.80841614e-05 1.985819928e-07 0.9999476826 -0.01022898413 5.808516897e-05 -0.01022898413 -0.9999476809 8.099272347e-08 -0.01690803619 0
0.01388998104 0.01542065695 -0.01717579495 -1.820598167e-05 0.003541818032 0.5099836012 -2.306967926e-06 0.0008838693112 0.2549979533 -0.9999999944 -9.762356671e-07 -0.0001060217885 4.89030853e-07 0.9999045055 -0.01381954891 0.0001060251551 -0.01381954889 -0.9999044999 9.785413011e-08 -0.02284380728 0
0.01698357649 0.01885516661 -0.02100121134 -2.721851757e-05 0.004330579603 0.5099754832 -3.455350524e-06 0.001081397186 0.2549969344 -0.9999999874 -1.784962201e-06 -0.0001585023246 8.934847196e-07 0.9998572378 -0.01689686312 0.0001585098568 -0.01689686305 -0.9998572253 9.608324887e-08 -0.02793161108 0
0.02059277118 0.02286209456 -0.02546419713 -4.00155857e-05 0.005250742374 0.5099639564 -5.08818699e-06 0.001311920447 0.2549954856 -0.9999999728 -3.182201827e-06 -0.0002330163264 1.592179927e-06 0.9997901274 -0.02048660678 0.0002330326152 -0.0204866066 -0.9997901003 7.637598004e-08 -0.03386738218 0
0.02368636663 0.02629660423 -0.02928961351 -5.294072007e-05 0.00603939306 0.5099523142 -6.73873014e-06 0.001509530416 0.254994021 -0.9999999525 -4.842705061e-06 -0.0003082711504 2.422452606e-06 0.9997223524 -0.02356306445 0.0003082996687 -0.02356306408 -0.9997223049 4.695409421e-08 -0.03895518597 0
0.02729556132 0.03030353217 -0.0337525993 -7.030206613e-05 0.006959403394 0.5099366762 -8.956910584e-06 0.001740070246 0.2549920528 -0.9999999162 -7.410760484e-06 -0.0004093475005 3.706424136e-06 0.9996313265 -0.0271516307 0.0004093977991 -0.02715162994 -0.9996312427 2.099906565e-08 -0.04489095707 0
0.03090475601 0.03431046012 -0.03821558509 -9.012068506e-05 0.007879312536 0.5099188248 -1.14899331e-05 0.00197059197 0.2549898052 -0.9999998623 -1.075585607e-05 -0.0005247190915 5.378785687e-06 0.9995274325 -0.03073941546 0.0005248017551 -0.03073941405 -0.9995272948 7.455121646e-08 -0.05082672817 0
0.03399835145 0.03774496979 -0.04204100147 -0.0001090636003 0.008667715409 0.5099017622 -1.391156073e-05 0.002168163618 0.2549876564 -0.9999997983 -1.431926594e-05 -0.0006349821202 7.160183644e-06 0.9994281445 -0.03381395933 0.0006351031933 -0.03381395706 -0.9994279429 1.38375868e-07 -0.05591453196 0
0.03760754615 0.04175189773 -0.04650398726 -0.0001334447761 0.009587401145 0.5098798011 -1.702889769e-05 0.00239864111 0.2549848903 -0.999999698 -1.937940539e-05 -0.0007768847215 9.689659262e-06 0.9993003745 -0.03740001907 0.0007770659833 -0.0374000153 -0.9993000726 2.247231347e-07 -0.06185030306 0
0.04070114159 0.0451864074 -0.05032940365 -0.0001562978557 0.01037559276 0.5098592165 -1.995121182e-05 0.002596173799 0.2549822972 -0.9999995858 -2.456424638e-05 -0.0009098777193 1.22813048e-05 0.9991806351 -0.04047293196 0.0009101263845 -0.04047292636 -0.9991802209 3.080037054e-07 -0.06693810685 0
0.04431033628 0.04919333534 -0.05479238944 -0.0001852401211 0.01129500898 0.5098331471 -2.365254622e-05 0.002826606506 0.2549790128 -0.9999994181 -3.169253176e-05 -0.001078284626 1.58441402e-05 0.9990290228 -0.0440569112 0.001078633911 -0.04405690265 -0.999028441 4.154983798e-07 -0.07287387795 0
0.04740393173 0.05262784501 -0.05861780582 -0.0002120019898 0.01208294982 0.5098090416 -2.707533629e-05 0.003024101887 0.2549759757 -0.9999992379 -3.880120153e-05 -0.001233982566 1.93969196e-05 0.9988888636 -0.04712788859 0.001234440062 -0.04712787661 -0.9988881015 5.16276261e-07 -0.07796168175 0
0.05101312642 0.05663477296 -0.06308079161 -0.0002455036031 0.01300205043 0.5097788654 -3.13604702e-05 0.003254492377 0.2549721733 -0.999998978 -4.835009737e-05 -0.001428862091 2.416891768e-05 0.9987134488 -0.05070943232 0.001429475592 -0.05070941503 -0.998712427 6.437699725e-07 -0.08389745284 0
0.05462232111 0.0606417009 -0.0675437774 -0.0002814594324 0.013920962 0.5097464786 -3.595989589e-05 0.003484861015 0.254968092 -0.9999986567 -5.934813295e-05 -0.001637981232 2.966464254e-05 0.9985252362 -0.05428951776 0.001638787578 -0.05428949342 -0.9985238932 7.818494209e-07 -0.08983322394 0
0.05771591656 0.06407621057 -0.07136919378 -0.0003142315959 0.01470843991 0.5097169595 -4.015238297e-05 0.003682302752 0.2549643719 -0.9999983257 -7.000562517e-05 -0.001828551158 3.498975074e-05 0.9983537359 -0.0573569239 0.001829556187 -0.05735689185 -0.998352062 9.085910781e-07 -0.09492102773 0
0.06132511125 0.06808313851 -0.07583217957 -0.0003547435582 0.015626965 0.5096804688 -4.533539616e-05 0.003912631692 0.2549597728 -0.9999978663 -8.396502929e-05 -0.002064084454 4.196406593e-05 0.9981417947 -0.06093402873 0.002065365289 -0.06093398533 -0.9981396614 1.066232925e-06 -0.1008567988 0
0.0644187067 0.07151764818 -0.07965759596 -0.0003914199638 0.01641409191 0.5096474329 -5.002805028e-05 0.004110039613 0.2549556088 -0.9999974023 -9.731109741e-05 -0.002277276644 4.863132838e-05 0.9979499789 -0.06399872849 0.002278835966 -0.06399867299 -0.9979473818 1.209747208e-06 -0.1059446026 0
0.06802790139 0.07552457613 -0.08412058175 -0.0004364856213 0.01733218448 0.5096068406 -5.579453411e-05 0.004340329094 0.2549504919 -0.9999967697 -0.0001145822288 -0.002539179799 5.72585743e-05 0.997714365 -0.06757249923 0.002541118768 -0.06757242634 -0.9977111355 1.387006997e-06 -0.1118803737 0
0.07112149684 0.07895908579 -0.08794599813 -0.0004770640623 0.01811892094 0.50957029 -6.098725711e-05 0.004537703011 0.2549458842 -0.9999961412 -0.0001309167546 -0.002774954162 6.541713e-05 0.9975022842 -0.07063418993 0.002777270314 -0.0706340989 -0.9974984265 1.547407703e-06 -0.1169681775 0
0.07473069153 0.08296601374 -0.09240898392 -0.0005266807034 0.01903653499 0.5095255984 -6.73370976e-05 0.004767952421 0.2549402497 -0.9999952969 -0.0001518489511 -0.003063177929 7.587093805e-05 0.9972430596 -0.07420427383 0.003066000771 -0.07420415724 -0.997238358 1.744479275e-06 -0.1229039486 0
0.07782428698 0.08640052341 -0.09623440031 -0.0005711587382 0.01982284158 0.5094855353 -7.302979118e-05 0.004965291517 0.2549351984 -0.9999944691 -0.0001714708951 -0.003321490138 8.566928623e-05 0.9970107698 -0.07726265346 0.003324809736 -0.07726251068 -0.9970052408 1.921975527e-06 -0.1279917524 0
0.08143348167 0.09040745135 -0.1006973861 -0.0006253233776 0.02073993112 0.5094367471 -7.996287196e-05 0.005195499618 0.2549290464 -0.9999933705 -0.0001964123657 -0.003635980336 9.812250408e-05 0.9967280029 -0.08082869858 0.003639959175 -0.0808285195 -0.9967213759 2.139144609e-06 -0.1339275235 0
0.08504267636 0.0944143793 -0.1051603719 -0.0006819356069 0.02165671922 0.5093857543 -8.720995527e-05 0.0054256848 0.2549226157 -0.999992116 -0.0002236564762 -0.003964589831 0.0001117236231 0.99643259 -0.08439242351 0.003969321426 -0.0843922011 -0.9964247091 2.3672779e-06 -0.1398632946 0
0.08813627181 0.09784888896 -0.1089857883 -0.0007324077091 0.02244228756 0.5093402921 -9.367163386e-05 0.005622967731 0.254916882 -0.9999909059 -0.000248917393 -0.00425747937 0.0001243330573 0.9961693306 -0.08744512117 0.004262936986 -0.08744485528 -0.9961602405 2.571631294e-06 -0.1449510984 0
0.0917454665 0.1018558169 -0.1134487741 -0.00079356281 0.0233584805 0.5092852073 -0.0001015017676 0.005853108868 0.254909934 -0.9999893241 -0.000280704033 -0.004612262339 0.0001401978037 0.9958504926 -0.09100426767 0.004618668987 -0.09100394275 -0.9958398216 2.820427108e-06 -0.1508868695 0
0.09483906195 0.1052903266 -0.1172741904 -0.0008479272553 0.02414351904 0.5092362392 -0.0001084631478 0.006050353153 0.2549037568 -0.9999878115 -0.0003100065047 -0.00492755826 0.0001548206825 0.99556719 -0.09405289106 0.004934872339 -0.09405250758 -0.9955550074 3.04267063e-06 -0.1559746733 0
0.09844825664 0.1092972545 -0.1217371762 -0.0009136215487 0.02505907094 0.5091770658 -0.0001168761994 0.0062804481 0.2548962915 -0.99998585 -0.000346680537 -0.005308448062 0.0001731195804 0.9952250108 -0.09760710963 0.005316938765 -0.09760664748 -0.9952108684 3.312558673e-06 -0.1619104444 0
0.1015418521 0.1127317642 -0.1255625926 -0.0009718750667 0.02584354037 0.5091245946 -0.0001243371641 0.006477651808 0.2548896711 -0.9999839884 -0.000380319526 -0.005646091153 0.0001899016273 0.9949217395 -0.1006513596 0.005655698509 -0.1006508202 -0.994905737 3.553078586e-06 -0.1669982482 0
0.1051510468 0.1167386921 -0.1300255784 -0.001042104601 0.0267584054 0.5090613362 -0.0001333329928 0.006707698222 0.2548816887 -0.9999815912 -0.0004222243065 -0.006053016267 0.0002108041547 0.9945563094 -0.1042003018 0.00606406142 -0.1041996596 -0.9945379118 3.844528984e-06 -0.1729340193 0
0.1087602415 0.1207456201 -0.1344885642 -0.001114774455 0.02767288161 0.5089958796 -0.0001426425633 0.006937717479 0.2548734279 -0.9999789348 -0.0004670873012 -0.006473929069 0.0002331784451 0.9941783991 -0.107746259 0.006486567347 -0.1077454989 -0.9941573477 4.14779728e-06 -0.1788697904 0
0.1118538369 0.1241801297 -0.1383139806 -0.001179004237 0.02845639883 0.5089380254 -0.0001508718742 0.007134854665 0.2548661257 -0.999976438 -0.0005079707103 -0.006845827187 0.0002535646802 0.9938445646 -0.1107831989 0.00685996276 -0.1107823245 -0.9938210188 4.417262604e-06 -0.1839575942 0
0.1154630316 0.1281870577 -0.1427769664 -0.001256202719 0.02937011774 0.5088684897 -0.0001607639884 0.007364821509 0.2548573479 -0.9999732522 -0.000558589507 -0.007292655788 0.0002788011238 0.9934435539 -0.1143233461 0.007308701705 -0.1143223214 -0.9934168258 4.742885079e-06 -0.1898933653 0
0.1185566271 0.1316215674 -0.1466023828 -0.001324312223 0.03015296625 0.5088071409 -0.0001694925536 0.007561912644 0.2548496027 -0.9999702739 -0.0006045519712 -0.007686732057 0.0003017121269 0.9930899637 -0.1173551578 0.007704563751 -0.1173539884 -0.9930602606 5.031745523e-06 -0.1949811691 0
0.1221658217 0.1356284953 -0.1510653685 -0.00140603469 0.03106588215 0.5087335303 -0.0001799670484 0.007791824426 0.2548403082 -0.999966493 -0.0006612656261 -0.00815939264 0.0003299772173 0.9926659582 -0.1208891496 0.008179491152 -0.1208877913 -0.9926324787 5.380276705e-06 -0.2009169402 0
0.1252594172 0.139063005 -0.1548907849 -0.001478019819 0.03184802279 0.5086686905 -0.0001891947241 0.007988867207 0.25483212 -0.9999629752 -0.0007125969713 -0.008575573152 0.000355555146 0.9922927054 -0.1239155377 0.00859778052 -0.1239139988 -0.9922557125 5.689020063e-06 -0.206004744 0
0.1288686119 0.1430699329 -0.1593537707 -0.001564261356 0.03276009002 0.5085910094 -0.0002002514272 0.008218721207 0.2548223089 -0.9999585297 -0.0007757426614 -0.009073977092 0.0003870140725 0.9918458168 -0.1274430302 0.009098849216 -0.1274412569 -0.9918043844 6.061043078e-06 -0.2119405151 0
0.1319622073 0.1465044426 -0.1631791871 -0.00164011778 0.03354148368 0.5085226826 -0.0002099780618 0.008415713276 0.254813678 -0.9999544114 -0.0008327310577 -0.009512183832 0.0004153999356 0.9914529995 -0.1304637006 0.009539524368 -0.1304617043 -0.9914074547 6.390180815e-06 -0.2170283188 0
0.135571402 0.1505113705 -0.1676421729 -0.0017308732 0.03445265663 0.5084409357 -0.0002216167918 0.008645506718 0.2548033504 -0.9999492283 -0.0009026439767 -0.01003623772 0.000450216511 0.9909833454 -0.1339843513 0.0100666846 -0.1339820671 -0.9909326251 6.786305503e-06 -0.2229640899 0
0.1391805967 0.1545182985 -0.1721051587 -0.00182405693 0.03536332919 0.5083570015 -0.0002335688423 0.008875266387 0.2547927448 -0.9999436164 -0.0009763388985 -0.01057406277 0.000486908398 0.9905014838 -0.1375011766 0.01060787261 -0.1374985724 -0.9904451603 7.195669456e-06 -0.228899861 0
0.1422741922 0.1579528081 -0.1759305751 -0.001905860205 0.03614349739 0.5082833181 -0.0002440627917 0.009072175741 0.254783433 -0.9999384476 -0.001042589104 -0.01104599426 0.0005198866961 0.9900787711 -0.1405124789 0.0110829012 -0.1405095727 -0.9900172874 7.557232505e-06 -0.2339876648 0
0.1458833869 0.1619597361 -0.1803935609 -0.002003549309 0.03705320563 0.5081953258 -0.0002565965716 0.009301870499 0.2547723112 -0.9999319784 -0.001123562826 -0.01160931626 0.0005601853994 0.9895743365 -0.1440219385 0.01165009913 -0.1440186453 -0.9895063946 7.99168477e-06 -0.2399234359 0
0.1489769823 0.1653942458 -0.1842189772 -0.002089211846 0.03783252779 0.5081181662 -0.0002675890593 0.009498722989 0.254762557 -0.9999260398 -0.001196193554 -0.01210305762 0.0005963240001 0.9891323318 -0.1470267821 0.0121473981 -0.1470231253 -0.9890584621 8.375037069e-06 -0.2450112397 0
0.152586177 0.1694011737 -0.188681963 -0.002191400452 0.03874122628 0.508026121 -0.0002807043633 0.009728349969 0.2547509192 -0.9999186308 -0.001284775772 -0.01269177115 0.0006403895182 0.9886054568 -0.1505285375 0.01274054964 -0.1505244168 -0.9885241921 8.835248299e-06 -0.2509470108 0
0.1556797724 0.1728356834 -0.1925073794 -0.0022809171 0.03951966348 0.5079454899 -0.0002921952092 0.009925143126 0.2547407228 -0.9999118503 -0.001364068624 -0.01320722999 0.000679824873 0.9881442763 -0.1535266328 0.01326006959 -0.1535220781 -0.9880562444 9.240974087e-06 -0.2560348146 0
0.1592889671 0.1768426113 -0.1969703652 -0.002387599063 0.04042730683 0.5078493973 -0.0003058918228 0.01015469944 0.2547285691 -0.9999034155 -0.001460586687 -0.01382122492 0.0007278155766 0.9875950996 -0.1570203472 0.01387911583 -0.1570152408 -0.9874986503 9.727636527e-06 -0.2619705857 0
0.1623825626 0.180277121 -0.2007957816 -0.002480964442 0.0412048202 0.5077652995 -0.000317880839 0.01035143077 0.2547179307 -0.9998957178 -0.00154682121 -0.01435830484 0.0007706827122 0.9871148646 -0.1600114065 0.01442080518 -0.1600057859 -0.9870107339 1.015633802e-05 -0.2670583895 0
0.1659917573 0.1842840489 -0.2052587674 -0.002592133349 0.04211136311 0.5076651654 -0.0003321585379 0.0105809135 0.2547052613 -0.9998861676 -0.00165160002 -0.01499746638 0.0008227552743 0.9865435305 -0.1634967448 0.01506568465 -0.1634904728 -0.986429871 1.06701643e-05 -0.2729941606 0
0.169600952 0.1882909769 -0.2097217532 -0.002705715552 0.04301729473 0.5075628575 -0.0003467490329 0.01081035539 0.2546923145 -0.9998759785 -0.00176096061 -0.01565012998 0.0008770900381 0.9859603273 -0.1669774348 0.01572444797 -0.1669704526 -0.9858365025 1.119891923e-05 -0.2789299317 0
0.1726945474 0.1917254865 -0.2135471695 -0.002804991013 0.04379331108 0.5074734363 -0.0003595040791 0.01100698673 0.2546809963 -0.9998667156 -0.00185841553 -0.01622027571 0.0009254970592 0.9854510257 -0.1699571107 0.01630013827 -0.1699494699 -0.9853179604 1.16641827e-05 -0.2840177355 0
0.1763037421 0.1957324145 -0.2180101553 -0.002923049767 0.0446980727 0.5073670962 -0.0003746752962 0.01123635054 0.2546675341 -0.9998552663 -0.001976531704 -0.01689792029 0.0009841512429 0.9848458984 -0.1734289128 0.01698463523 -0.173420442 -0.9847014129 1.222123503e-05 -0.2899535066 0
0.1793973376 0.1991669242 -0.2218355717 -0.003026159261 0.04547306685 0.5072742215 -0.0003879279991 0.01143291368 0.2546557742 -0.9998448814 -0.002081628102 -0.01748942457 0.001036325999 0.9843178722 -0.1764008288 0.0175823541 -0.1763915905 -0.984163029 1.271107701e-05 -0.2950413104 0
0.1830065322 0.2031738521 -0.2262985575 -0.003148687472 0.04637661335 0.5071638556 -0.0004036796904 0.01166219646 0.2546417969 -0.9998320734 -0.002208818101 -0.01819192363 0.001099451657 0.9836909799 -0.1798634129 0.01829251674 -0.1798532102 -0.9835233635 1.329718618e-05 -0.3009770815 0
0.1861001277 0.2066083618 -0.2301239739 -0.003255624801 0.04715054666 0.5070675331 -0.0004174298332 0.01185868888 0.2546295957 -0.9998204805 -0.002321827564 -0.01880467609 0.001155523656 0.9831443678 -0.1828272869 0.01891220482 -0.1828161951 -0.9829651913 1.381226483e-05 -0.3060648853 0
0.1897093224 0.2106152897 -0.2345869597 -0.003382615104 0.04805283302 0.506953148 -0.0004337617412 0.01208788767 0.2546151036 -0.9998062118 -0.002458406828 -0.01953189859 0.001223270901 0.9824958749 -0.1862803248 0.01964796261 -0.1862681187 -0.9823024715 1.442820687e-05 -0.3120006564 0
0.1933185171 0.2146222177 -0.2390499455 -0.003512004929 0.0489544222 0.5068366016 -0.0004504059636 0.01231704001 0.2546003342 -0.9997911131 -0.002600171493 -0.02027237785 0.001293568169 0.9818358211 -0.1897280872 0.02039747231 -0.1897146792 -0.9816273649 1.506053974e-05 -0.3179364275 0
0.1964121125 0.2180567273 -0.2428753619 -0.003624818608 0.04972664818 0.5067349859 -0.0004649209568 0.01251341868 0.2545874543 -0.9997774871 -0.002725879575 -0.02091759535 0.001355884897 0.9812608972 -0.1926790419 0.02105083825 -0.1926645302 -0.9810388581 1.561576082e-05 -0.3230242313 0
0.2000213072 0.2220636553 -0.2473383476 -0.003758658674 0.0506269081 0.506614431 -0.0004821449812 0.01274248248 0.2545721705 -0.999760764 -0.002877513108 -0.02168258765 0.001431030752 0.980579507 -0.1961167574 0.02182582965 -0.1961008677 -0.9803407993 1.627915074e-05 -0.3289600024 0
0.2031149027 0.2254981649 -0.251163764 -0.00387528343 0.05139797549 0.5065093826 -0.0004971568279 0.01293878399 0.2545588497 -0.9997456987 -0.003011812515 -0.02234875577 0.001497565742 0.9799863708 -0.1990589619 0.02250100434 -0.1990418097 -0.9797326486 1.686133952e-05 -0.3340478062 0
0.2067240974 0.2295050929 -0.2556267498 -0.004013565697 0.05229686133 0.5063848264 -0.0005149603727 0.01316775628 0.2545430516 -0.9997272406 -0.003173622815 -0.02313811867 0.001577705072 0.979283823 -0.2024863078 0.02330140048 -0.2024675829 -0.9790117071 1.755660056e-05 -0.3399835773 0
0.2098176928 0.2329396025 -0.2594521662 -0.004133994522 0.05306673176 0.5062763515 -0.0005304688277 0.01336397808 0.2545292901 -0.9997106396 -0.003316776125 -0.02382511343 0.001648581588 0.97867263 -0.2054194865 0.02399831687 -0.2053993239 -0.978383973 1.816646064e-05 -0.3450713811 0
0.2134268875 0.2369465305 -0.263915152 -0.004276710683 0.0539641988 0.5061478016 -0.0005488516019 0.01359285589 0.254512978 -0.9996903325 -0.00348906795 -0.02463870008 0.001733857104 0.9779491088 -0.2088361424 0.02482403828 -0.2088141926 -0.9776402202 1.88944203e-05 -0.3510071522 0
0.2165204829 0.2403810402 -0.2677405684 -0.004400936344 0.05473283398 0.5060359067 -0.0005648564115 0.01378899543 0.254498776 -0.9996720967 -0.003641335011 -0.02534639371 0.001809196518 0.9773200193 -0.2117600216 0.02554262717 -0.2117364414 -0.976992965 1.953266648e-05 -0.3560949559 0
0.2201296776 0.2443879681 -0.2722035542 -0.004548077827 0.05562883759 0.5059033707 -0.0005838181147 0.01401777579 0.2544819502 -0.9996498233 -0.003824409886 -0.02618405286 0.001899748693 0.9765757143 -0.2151656694 0.02639359184 -0.2151400665 -0.9762264748 2.029416489e-05 -0.362030727 0
0.2237388723 0.248394896 -0.27666654 -0.004697598531 0.05652403474 0.5057686916 -0.0006030914212 0.01424650244 0.2544648479 -0.9996264414 -0.004013414748 -0.02703460996 0.001993199524 0.9758202984 -0.2185652589 0.02725811419 -0.2185374973 -0.9754477728 2.107407481e-05 -0.3679664981 0
0.2268324678 0.2518294057 -0.2804919563 -0.004827650829 0.05729069495 0.5056515485 -0.0006198593397 0.01444251045 0.2544499687 -0.9996054906 -0.004180203852 -0.02777388992 0.002075637428 0.9751639992 -0.2214743017 0.0280099053 -0.2214445765 -0.9747706113 2.175741163e-05 -0.3730543019 0
0.2304416625 0.2558363337 -0.2849549421 -0.00498158315 0.05818436021 0.5055128957 -0.0006397110945 0.01467113506 0.2544323531 -0.9995799557 -0.004380449117 -0.02864827837 0.002174576505 0.9743881018 -0.2248623985 0.02889953988 -0.2248302442 -0.97396929 2.257217576e-05 -0.378990073 0
0.2335352579 0.2592708433 -0.2887803585 -0.005115412901 0.05894968833 0.5053923501 -0.0006569746878 0.01486705433 0.2544170341 -0.999557106 -0.004556998766 -0.02940791616 0.002261776531 0.9737143335 -0.2277614566 0.02967281816 -0.2277270965 -0.9732727744 2.328575885e-05 -0.3840778768 0
0.2371444526 0.2632777713 -0.2932433443 -0.005273747595 0.05984177733 0.5052497319 -0.0006774045664 0.01509557393 0.2543989054 -0.9995292926 -0.004768777333 -0.03030597376 0.002366338353 0.9729181576 -0.231137749 0.03058747662 -0.2311006649 -0.9724489133 2.413624605e-05 -0.3900136479 0
0.240238048 0.2667122809 -0.2970687607 -0.005411346764 0.06060573538 0.5051257911 -0.0006951635524 0.01529140192 0.2543831468 -0.9995044352 -0.004955337067 -0.03108582854 0.002458414734 0.9722270965 -0.2340265562 0.03138216529 -0.2339870027 -0.9717331127 2.488082456e-05 -0.3951014517 0
0.2438472427 0.2707192089 -0.3015317465 -0.005574074326 0.06149620383 0.5049792161 -0.000716171221 0.01551981352 0.2543645054 -0.9994742146 -0.005178938272 -0.03200738886 0.002568731336 0.9714108505 -0.237390735 0.0323217568 -0.2373481368 -0.9708867936 2.576791383e-05 -0.4010372228 0
0.2469408382 0.2741537186 -0.3053571629 -0.005715434651 0.06225875391 0.5048518874 -0.0007344253094 0.01571554766 0.2543483074 -0.9994472379 -0.00537575454 -0.03280731615 0.002665796169 0.9707026774 -0.2402690274 0.03313777694 -0.2402236734 -0.9701517791 2.65442453e-05 -0.4061250266 0
0.2505500329 0.2781606465 -0.3098201487 -0.005882545311 0.06314755767 0.5047013643 -0.0007560104245 0.01594384829 0.2543291536 -0.9994144785 -0.005611464073 -0.03375220856 0.002781997059 0.9698665749 -0.2436207861 0.03410220819 -0.2435720394 -0.9692830861 2.746882509e-05 -0.4120607977 0
0.2541592276 0.2821675744 -0.3142831344 -0.006052011964 0.0640354468 0.5045487192 -0.0007779063269 0.01617208792 0.254309724 -0.9993802965 -0.005853810499 -0.03470959226 0.00290141915 0.9690198705 -0.2469657309 0.03507997519 -0.2469133925 -0.9684023812 2.841396323e-05 -0.4179965688 0
0.257252823 0.2856020841 -0.3181085508 -0.006199142037 0.06479575699 0.5044161934 -0.0007969215259 0.0163676727 0.2542928506 -0.9993498354 -0.006066879968 -0.03554011003 0.003006372352 0.9682857344 -0.2498273368 0.03592865401 -0.2497717548 -0.96763795 2.924064258e-05 -0.4230843726 0
0.2608620177 0.2896090121 -0.3225715366 -0.006372976249 0.0656819137 0.5042596143 -0.0008193943282 0.01659579677 0.2542729091 -0.9993129061 -0.006321766912 -0.03652055521 0.003131872904 0.9674195119 -0.2531593953 0.03693111239 -0.2530998288 -0.9667350049 3.022465523e-05 -0.4290201437 0
0.2639556132 0.2930435217 -0.326396953 -0.006523845503 0.06644072014 0.5041237205 -0.0008389038565 0.01679128122 0.254255597 -0.9992800307 -0.006545704124 -0.03737076281 0.003242089154 0.9666687423 -0.256009827 0.03780091286 -0.2559466672 -0.9659515488 3.10850447e-05 -0.4341079475 0
0.2675648078 0.2970504497 -0.3308599388 -0.006702036842 0.06732510056 0.5039632167 -0.0008619531915 0.01701928675 0.2542351438 -0.9992402148 -0.006813407616 -0.03837408839 0.003373790996 0.9657832278 -0.2593286996 0.03882796309 -0.2592611316 -0.965026453 3.210884177e-05 -0.4400437186 0
0.2706584033 0.3004849593 -0.3346853552 -0.006856636223 0.0680823657 0.503823963 -0.0008819567302 0.01721466832 0.2542173933 -0.9992048045 -0.007048447481 -0.03924382885 0.003489374408 0.9650160208 -0.2621677016 0.03971879884 -0.2620961635 -0.9642240497 3.300372455e-05 -0.4451315224 0
0.274267598 0.3044918873 -0.339148341 -0.007039173999 0.06896492608 0.5036595442 -0.000905582221 0.01744255233 0.2541964289 -0.9991619596 -0.007329239591 -0.04026984971 0.003627397631 0.9641114456 -0.2654730916 0.04077033892 -0.2653966892 -0.9632768952 3.406822345e-05 -0.4510672935 0
0.2778767927 0.3084988152 -0.3436113267 -0.007224047645 0.06984648835 0.5034930214 -0.0009295177903 0.01767036967 0.2541751892 -0.9991174238 -0.007617190698 -0.04130801303 0.003768873439 0.9631967044 -0.2687710999 0.04183502274 -0.2686895736 -0.9623179017 3.515502121e-05 -0.4570030646 0
0.2809703881 0.3119333249 -0.3474367431 -0.007384367495 0.07060130917 0.5033486151 -0.0009502807037 0.01786558796 0.2541567649 -0.9990778722 -0.00786976235 -0.04220748969 0.00389291185 0.9624046017 -0.2715920248 0.042758047 -0.2715058923 -0.9614865053 3.610451416e-05 -0.4620908684 0
0.2845795828 0.3159402528 -0.3518997289 -0.007573570623 0.07148098432 0.5031781926 -0.0009747918308 0.0180932792 0.2541350144 -0.9990300829 -0.008171212726 -0.04326805572 0.004040888319 0.9614711649 -0.2748761 0.04384705902 -0.2747843344 -0.9605055986 3.723343874e-05 -0.4680266395 0
0.2876731783 0.3193747625 -0.3557251453 -0.007737596624 0.07223416897 0.503030448 -0.0009960479089 0.01828838813 0.2541161524 -0.998987679 -0.008435467778 -0.0441866515 0.004170547426 0.9606631411 -0.277684958 0.04479088994 -0.2775881342 -0.9596554611 3.821944017e-05 -0.4731144433 0
0.291282373 0.3233816905 -0.3601881311 -0.007931117887 0.07311191356 0.5028561359 -0.001021134193 0.01851595029 0.2540938916 -0.9989364869 -0.008750679072 -0.0452694251 0.004325137444 0.9597112521 -0.280954811 0.04590412203 -0.2808518083 -0.9586527387 3.939142596e-05 -0.4790502144 0
0.2943759684 0.3268162001 -0.3640135475 -0.008098840202 0.07386342487 0.502705062 -0.001042883089 0.0187109473 0.2540745923 -0.9988911012 -0.009026839983 -0.04620697107 0.004460512755 0.9588875179 -0.2837513557 0.04686866588 -0.2836428109 -0.9577839443 4.041473937e-05 -0.4841380182 0
0.2979851631 0.3308231281 -0.3684765333 -0.008296667996 0.07473919559 0.5025268708 -0.00106854412 0.0189383774 0.2540518214 -0.9988363539 -0.009356069594 -0.04731175323 0.004621826274 0.9579174247 -0.2870067006 0.04800600748 -0.2868913931 -0.9567595057 4.163072671e-05 -0.4900737893 0
0.3010787585 0.3342576377 -0.3723019497 -0.008468076567 0.07548899649 0.5023724765 -0.001090785477 0.01913325994 0.254032085 -0.9987878549 -0.009644355143 -0.04826807719 0.004763010758 0.9570781947 -0.2897906882 0.04899116849 -0.2896693212 -0.9558721409 4.269216052e-05 -0.495161593 0
0.3046879532 0.3382645657 -0.3767649354 -0.008670199032 0.07636275016 0.502190417 -0.001117020837 0.01936055501 0.2540088045 -0.9987293977 -0.00998785614 -0.04939466511 0.00493115474 0.9560901499 -0.2930312423 0.05015250666 -0.2929024888 -0.9548260879 4.39530953e-05 -0.5010973641 0
0.3082971479 0.3422714936 -0.3812279212 -0.008874629009 0.07723539988 0.502006279 -0.001143565272 0.01958777614 0.2539852496 -0.9986688776 -0.01033914501 -0.05053290927 0.005103019903 0.9550925451 -0.296263716 0.05132671844 -0.2961272232 -0.9537684392 4.523862617e-05 -0.5070331352 0
0.3113907434 0.3457060033 -0.3850533376 -0.009051688603 0.07798249727 0.5018467946 -0.00116656355 0.0197824776 0.2539648416 -0.9986153266 -0.0106465024 -0.05151777871 0.005253317143 0.9542299034 -0.2990279154 0.05234340642 -0.2988844987 -0.9528526771 4.636029585e-05 -0.512120939 0
0.3149999381 0.3497129312 -0.3895163234 -0.009260394505 0.07885306377 0.5016588052 -0.00119368165 0.02000955912 0.2539407776 -0.998550853 -0.01101244336 -0.05267750929 0.005432171362 0.9532147444 -0.3022451696 0.05354143637 -0.3020933251 -0.9517735747 4.76922394e-05 -0.5180567101 0
0.3180935335 0.3531474409 -0.3933417398 -0.009441113845 0.07959835717 0.5014960243 -0.00121717145 0.02020413965 0.2539199333 -0.9984938443 -0.01133246378 -0.05368070511 0.005588502052 0.9523371689 -0.3049962056 0.05457848918 -0.3048368285 -0.9508394694 4.885410165e-05 -0.5231445139 0
0.3217027282 0.3571543688 -0.3978047256 -0.009654083164 0.08046679762 0.5013041946 -0.001244862771 0.0204310786 0.2538953607 -0.9984252558 -0.01171329854 -0.05486170989 0.00577444446 0.9513047197 -0.3081979656 0.05580021833 -0.3080294285 -0.9497390204 5.023341634e-05 -0.529080285 0
0.3247963236 0.3605888785 -0.401630142 -0.009838451421 0.08121025038 0.501138127 -0.001268843711 0.02062553565 0.2538740805 -0.9983646499 -0.01204618722 -0.05588304861 0.005936892217 0.9504124385 -0.3109356043 0.05685753301 -0.3107588874 -0.9487866646 5.143629459e-05 -0.5341680888 0
0.3284055183 0.3645958065 -0.4060931278 -0.0100556714 0.08207652209 0.5009424686 -0.001297107799 0.02085232905 0.2538489996 -0.9982917824 -0.01244215292 -0.05708511172 0.006130018769 0.9493629674 -0.3141215991 0.05810284003 -0.3139349438 -0.9476649783 5.286394326e-05 -0.5401038599 0
0.332014713 0.3686027344 -0.4105561135 -0.01027517481 0.08294160839 0.5007447534 -0.00132568011 0.02107904286 0.2538236451 -0.998216542 -0.01284636262 -0.05829842328 0.006327052324 0.9483044432 -0.3172989937 0.05936079176 -0.3171019614 -0.9465319025 5.431801817e-05 -0.546039631 0
0.3351083085 0.3720372441 -0.4143815299 -0.01046513515 0.0836821581 0.5005736488 -0.001350415881 0.02127330497 0.253801695 -0.9981501248 -0.01319944018 -0.05934730884 0.006499067893 0.9473899916 -0.3200155713 0.06044907281 -0.3198092847 -0.9455516543 5.558561421e-05 -0.5511274348 0
0.3387175032 0.376044172 -0.4188445157 -0.0106888691 0.08454501026 0.500372123 -0.001379560245 0.02149986868 0.2537758329 -0.9980703484 -0.01361913645 -0.06058133972 0.006703426904 0.9463148664 -0.3231767902 0.06173041121 -0.3229592742 -0.9443975135 5.708951234e-05 -0.5570632059 0
0.3418110986 0.3794786817 -0.4226699321 -0.01088244988 0.08528362685 0.5001977573 -0.001404786143 0.02169400086 0.2537534479 -0.9979999706 -0.01398558523 -0.06164788874 0.006881759375 0.9453863044 -0.3258793901 0.06283868369 -0.3256518677 -0.9433992585 5.84002305e-05 -0.5621510097 0
0.3454202933 0.3834856096 -0.4271329179 -0.01111040097 0.08614420255 0.4999924329 -0.001434502085 0.02192041149 0.2537270784 -0.997915488 -0.01442099319 -0.06290241416 0.007093531516 0.9442948569 -0.3290241709 0.06414328151 -0.3287845163 -0.9422241672 5.995492464e-05 -0.5680867808 0
0.3485138888 0.3869201193 -0.4309583343 -0.01130759062 0.0868808498 0.4998148166 -0.001460217699 0.02211441121 0.2537042588 -0.9978410027 -0.01480100406 -0.0639864325 0.00727825461 0.9433524252 -0.3317125697 0.06527143537 -0.3314621127 -0.9412080044 6.130960028e-05 -0.5731745846 0
0.3521230834 0.3909270472 -0.4354213201 -0.01153974519 0.08773910689 0.499605706 -0.001490504731 0.02234066581 0.2536773825 -0.9977516417 -0.01525234396 -0.06526122426 0.007497524209 0.9422449384 -0.3348406535 0.06659916305 -0.3345771094 -0.9400120794 6.291606671e-05 -0.5791103557 0
0.3552166789 0.3943615569 -0.4392467365 -0.01174053191 0.08847374872 0.4994248497 -0.001516709641 0.02253453052 0.2536541287 -0.9976729003 -0.0156461036 -0.06636251488 0.007688708756 0.9412888811 -0.3375146309 0.06774708626 -0.3372394428 -0.9389781097 6.431553806e-05 -0.5841981595 0
0.3588258736 0.3983684849 -0.4437097222 -0.01197687607 0.08932964517 0.4992119654 -0.001547567269 0.02276062614 0.253626746 -0.9975784863 -0.01611359077 -0.06765734144 0.007915556747 0.9401656417 -0.3406257626 0.06909781197 -0.3403364782 -0.9377614697 6.597475635e-05 -0.5901339306 0
0.3624350683 0.4023754128 -0.448172708 -0.01221547031 0.09018425316 0.4989970543 -0.001578731932 0.02298663492 0.2535990909 -0.9974812783 -0.01658986006 -0.06896285889 0.00814651773 0.9390340403 -0.3437276618 0.07046086582 -0.3434237146 -0.9365337253 6.766278631e-05 -0.5960697017 0
0.3655286637 0.4058099225 -0.4519981244 -0.01242176742 0.09091573961 0.4988112345 -0.001605688764 0.02318028698 0.2535751697 -0.9973956944 -0.01700512638 -0.07009033095 0.00834777453 0.938057505 -0.3463790293 0.07163898014 -0.3460620507 -0.9354725616 6.913281716e-05 -0.6011575055 0
0.3691378584 0.4098168504 -0.4564611102 -0.01266452939 0.09176792264 0.4985925695 -0.001637423243 0.02340613223 0.2535470089 -0.9972931606 -0.01749786443 -0.07141552054 0.008586431688 0.9369105997 -0.3494635908 0.07302482472 -0.3491308535 -0.934224289 7.087511192e-05 -0.6070932766 0
0.3722314539 0.4132513601 -0.4602865266 -0.01287439264 0.0924973127 0.4984035375 -0.001664868268 0.02359964285 0.2535226544 -0.9972029348 -0.01792733419 -0.07255975201 0.008794316506 0.9359210735 -0.3520999918 0.07422241521 -0.3517532585 -0.9331455825 7.239207818e-05 -0.6121810804 0
0.3758406486 0.417258288 -0.4647495124 -0.01312130781 0.09334702917 0.4981811315 -0.001697172044 0.02382532163 0.2534939883 -0.9970948952 -0.01843674351 -0.07390437395 0.00904074196 0.9347591607 -0.3551669698 0.0756309129 -0.3548033229 -0.9318769055 7.418962476e-05 -0.6181168515 0
0.378934244 0.4206927977 -0.4685749288 -0.01333472464 0.09407428724 0.4979888987 -0.001725104811 0.02401868828 0.253469201 -0.9969998723 -0.0188805881 -0.07506515794 0.009255315097 0.9337568991 -0.357788195 0.07684786065 -0.3574095364 -0.9307807634 7.575437357e-05 -0.6232046553 0
0.3825434387 0.4246997256 -0.4730379146 -0.01358577824 0.09492149569 0.4977627651 -0.001757977356 0.02424419762 0.2534400301 -0.9968861451 -0.01940686607 -0.07642896929 0.009509577419 0.9325802789 -0.3608373474 0.07827887157 -0.3604405595 -0.9294918081 7.760816162e-05 -0.6291404264 0
0.3856370341 0.4281342353 -0.4768633309 -0.01380273588 0.09564658634 0.4975673429 -0.00178639741 0.02443741779 0.2534148103 -0.9967861684 -0.01986525241 -0.07760609624 0.009730896117 0.9315655407 -0.363443191 0.07951505573 -0.3630303227 -0.9283783392 7.922154233e-05 -0.6342282302 0
0.3892462288 0.4321411633 -0.4813263167 -0.0140579129 0.0964912455 0.4973374951 -0.001819838185 0.02466275475 0.2533851351 -0.9966665695 -0.02040859117 -0.07898885098 0.009993060289 0.9303745166 -0.3664742796 0.08096843779 -0.3660420035 -0.9270692335 8.113256396e-05 -0.6401640012 0
0.3928554235 0.4361480912 -0.4857893025 -0.01431530391 0.09733451493 0.4971056531 -0.001853584705 0.02488799767 0.2533551886 -0.9965437322 -0.02096119424 -0.08038170304 0.01025950495 0.9291758635 -0.3694955443 0.08243380621 -0.3690431452 -0.9257493314 8.307481544e-05 -0.6460997723 0
0.395949019 0.4395826009 -0.4896147189 -0.01453768356 0.09805620217 0.4969053472 -0.001882753521 0.02508098754 0.2533293042 -0.9964358244 -0.02144226812 -0.08158355782 0.01049130607 0.9281424424 -0.3720773295 0.08369934447 -0.3716070986 -0.9246094224 8.476467764e-05 -0.6511875761 0
0.3995582137 0.4435895288 -0.4940777047 -0.01479917442 0.09889685914 0.4966698123 -0.001917067427 0.02530605356 0.2532988541 -0.996306829 -0.02201221725 -0.08299496892 0.01076574546 0.9269298592 -0.3750801713 0.08518686107 -0.3745884388 -0.9232695707 8.676569354e-05 -0.6571233472 0
0.4026518091 0.4470240385 -0.4979031211 -0.01502506154 0.0996162896 0.496466347 -0.001946722333 0.02549889053 0.2532725383 -0.9961935622 -0.02250823633 -0.0842126231 0.01100442348 0.9258846313 -0.3776460672 0.08647132043 -0.3771352923 -0.9221126189 8.850635265e-05 -0.662211151 0
0.4062610038 0.4510309664 -0.5023661069 -0.01529063661 0.1004542933 0.4962271333 -0.001981603064 0.02572377671 0.2532415851 -0.9960582201 -0.02309571015 -0.08564233971 0.01128691329 0.9246584301 -0.3806302579 0.0879808375 -0.3800965349 -0.9207529508 9.056713076e-05 -0.6681469221 0
0.4093545993 0.4544654761 -0.5061915233 -0.01552001772 0.101171432 0.4960205209 -0.002011743577 0.02591645828 0.2532148384 -0.9959394321 -0.02360682522 -0.08687557475 0.01153251435 0.9236016645 -0.3831800705 0.0892840904 -0.3826260356 -0.9195790711 9.23594429e-05 -0.6732347259 0
0.4129637939 0.458472404 -0.510654509 -0.01578966113 0.1020067417 0.4957776426 -0.002047190561 0.02614116167 0.2531833826 -0.9957975531 -0.02421199693 -0.08832334047 0.01182310655 0.9223621606 -0.3861453857 0.09081545804 -0.3855668865 -0.9181997215 9.448098305e-05 -0.679170497 0
0.4165729886 0.462479332 -0.5151174948 -0.01606148853 0.1028405841 0.4955327972 -0.002082942213 0.02636576544 0.2531516565 -0.9956520749 -0.0248267681 -0.08978071776 0.01211808178 0.9211156254 -0.3891004456 0.09235852852 -0.3884966361 -0.9168098309 9.663565601e-05 -0.6851062681 0
0.4196665841 0.4659138416 -0.5189429112 -0.01629621816 0.1035541293 0.4953213672 -0.002113828847 0.026558203 0.2531242475 -0.9955244723 -0.02536139143 -0.09103749106 0.01237441639 0.9200416407 -0.3916251438 0.0936904412 -0.3909989504 -0.9156101365 9.850910992e-05 -0.6901940719 0
0.4232757788 0.4699207696 -0.523405897 -0.01657208902 0.1043852154 0.4950728796 -0.002150145857 0.02678261948 0.2530920195 -0.9953721616 -0.02599411622 -0.0925125176 0.01267756661 0.918782294 -0.3945609908 0.0952551274 -0.3939078599 -0.9142007759 0.0001007260868 -0.696129843 0
0.4263693742 0.4733552793 -0.5272313134 -0.01681027744 0.1050963809 0.4948583341 -0.00218151683 0.02697489526 0.2530641807 -0.9952386194 -0.02654419721 -0.09378430627 0.01294092692 0.9176974662 -0.3970691287 0.09660550149 -0.3963921873 -0.9129844528 0.0001026533743 -0.7012176468 0
0.4299785689 0.4773622072 -0.5316942992 -0.01709017529 0.1059246707 0.4946062193 -0.002218398605 0.02719912152 0.2530314515 -0.9950792817 -0.02719503483 -0.09527671874 0.01325229449 0.9164256311 -0.3999855488 0.09819164804 -0.3992799678 -0.9115557622 0.0001049336595 -0.7071534179 0
0.4330721644 0.4807967169 -0.5355197156 -0.01733180827 0.1066334222 0.4943885712 -0.002250253404 0.027391233 0.2530031832 -0.9949396328 -0.02776070754 -0.09656329594 0.01352271517 0.9153302384 -0.4024769446 0.09956034944 -0.4017460614 -0.9103229311 0.0001069156424 -0.7122412217 0
0.4366813591 0.4848036448 -0.5399827013 -0.0176157164 0.1074588756 0.4941328442 -0.00228769934 0.02761526612 0.2529699533 -0.9947730727 -0.02842981155 -0.09807282841 0.01384233859 0.9140462408 -0.4053737279 0.1011677988 -0.4046124262 -0.9088750525 0.0001092602421 -0.7181769928 0
0.4397749545 0.4882381545 -0.5438081177 -0.01786077952 0.1081651787 0.4939121064 -0.002320037445 0.0278072108 0.252941256 -0.9946271488 -0.02901120518 -0.0993739651 0.01411985099 0.9129405636 -0.4078482035 0.1025546916 -0.4070600413 -0.9076258359 0.0001112977834 -0.7232647966 0
0.4433841492 0.4922450824 -0.5482711035 -0.01814868098 0.1089877559 0.4936527824 -0.002358046929 0.02803104786 0.2529075259 -0.994453169 -0.0296987235 -0.1009003491 0.01444776489 0.9116447324 -0.4107251441 0.1041832842 -0.4099047057 -0.906158913 0.0001137077053 -0.7292005677 0
0.4469933439 0.4962520104 -0.5527340893 -0.01843872559 0.1098087679 0.493391528 -0.002396359606 0.02825477814 0.2528735266 -0.994275112 -0.03039621649 -0.1024356949 0.01478015588 0.9103426662 -0.4135913165 0.1058231948 -0.4127375681 -0.9046817956 0.0001161532186 -0.7351363388 0
0.4500869393 0.49968652 -0.5565595057 -0.01868903723 0.110511238 0.4931660627 -0.002429440222 0.02844646132 0.2528441704 -0.9941192029 -0.03100203725 -0.1037587786 0.01506863214 0.9092217201 -0.4160394213 0.1072378048 -0.4151562807 -0.9034076133 0.0001182779227 -0.7402241426 0
0.453696134 0.503693448 -0.5610224915 -0.01898304865 0.1113293128 0.4929012352 -0.002468315486 0.02866999105 0.2528096718 -0.9939334206 -0.03171816095 -0.105310558 0.01540935925 0.907908331 -0.4188854427 0.1088986089 -0.4179670091 -0.9019116765 0.0001207903115 -0.7461599137 0
0.4567897295 0.5071279577 -0.5648479079 -0.01923675292 0.1120292485 0.492672714 -0.002501878049 0.02886150109 0.2527798877 -0.9937708041 -0.03234000867 -0.1066476103 0.01570499176 0.9067778231 -0.421316191 0.1103310572 -0.4203666298 -0.9006214268 0.0001229727708 -0.7512477175 0
0.4603989242 0.5111348856 -0.5693108937 -0.0195347136 0.1128443469 0.4924043293 -0.002541315267 0.02908482737 0.2527448903 -0.9935770963 -0.03307489644 -0.1082155488 0.01605407965 0.9054534465 -0.4241418663 0.1120125899 -0.423154945 -0.8991068192 0.0001255530466 -0.7571834886 0
0.4634925196 0.5145693953 -0.57313631 -0.01979179537 0.1135417146 0.4921727658 -0.002575359228 0.02927616176 0.252714679 -0.9934076002 -0.03371288293 -0.1095663332 0.01635688785 0.9043136651 -0.4265550929 0.1134627342 -0.4255352354 -0.8978006301 0.0001277941285 -0.7622712924 0
0.4671017143 0.5185763232 -0.5775992958 -0.02009368755 0.1143537974 0.4919008399 -0.002615357752 0.02949928167 0.2526791834 -0.9932057654 -0.03446666227 -0.1111501537 0.0167143572 0.9029786387 -0.4293602313 0.1151648286 -0.4283008606 -0.896267502 0.0001304433039 -0.7682070635 0
0.4701953097 0.5220108329 -0.5814247122 -0.02035413148 0.1150485635 0.491666248 -0.002649882554 0.02969043793 0.2526485453 -0.9930292168 -0.03512089434 -0.112514432 0.01702435709 0.9018298744 -0.4317557745 0.116632525 -0.4306615845 -0.8949455032 0.0001327438772 -0.7732948673 0
