0.005984881365 0.005872664839 0.0005695213107 -2.987501698e-06 0.001526135806 0.5099969554 -3.743992663e-07 0.0003800012688 0.2549996225 -0.9999999998 -6.849182903e-08 -1.739825064e-05 3.511401711e-08 0.9999822695 -0.005954887874 1.739835002e-05 -0.005954887873 -0.9999822693 3.534279565e-08 0.0007574633432 0
0.01168188864 0.01146285323 0.001111648523 -1.138200842e-05 0.002978815109 0.5099884005 -1.433505834e-06 0.0007429562047 0.2549985547 -0.9999999978 -5.128220086e-07 -6.628363234e-05 2.57625002e-07 0.9999324511 -0.01162296546 6.628511547e-05 -0.01162296545 -0.9999324489 7.913389111e-08 0.001478492535 0
0.01737889591 0.01705304161 0.001653775735 -2.51901113e-05 0.004431399528 0.5099743285 -3.184239671e-06 0.001106641684 0.2549967894 -0.9999999892 -1.690019206e-06 -0.0001466901741 8.465520293e-07 0.9998505114 -0.01729031002 0.0001466974665 -0.01729030996 -0.9998505007 8.359156282e-08 0.002199521728 0
0.02307590319 0.02264323 0.002195902947 -4.441128256e-05 0.005883842797 0.5099547401 -5.626856983e-06 0.00147053339 0.2549943264 -0.9999999666 -3.957312704e-06 -0.0002586076378 1.980473101e-06 0.9997364634 -0.02295656421 0.0002586303315 -0.02295656395 -0.9997364299 4.698402551e-08 0.00292055092 0
0.02877291046 0.02823341839 0.002738030159 -6.904478749e-05 0.007336098653 0.5099296359 -8.760370574e-06 0.001834431872 0.2549911667 -0.9999999192 -7.671726826e-06 -0.0004020217737 3.837830663e-06 0.9995903246 -0.02862137081 0.0004020766507 -0.02862137004 -0.9995902438 2.864348828e-08 0.003641580112 0
0.03446991773 0.03382360678 0.003280157372 -9.908968455e-05 0.008788120843 0.5098990169 -1.258403768e-05 0.002198282488 0.254987311 -0.9999998335 -1.319001381e-05 -0.0005769143228 6.596887214e-06 0.9994121181 -0.03428437286 0.0005770273766 -0.03428437096 -0.9994119516 1.26663101e-07 0.004362609304 0
0.04016692501 0.03941379516 0.003822284584 -0.0001345448254 0.01023986312 0.5098628843 -1.709740885e-05 0.002562075204 0.2549827598 -0.999999693 -2.08685867e-05 -0.0007832630195 1.043568094e-05 0.9992018714 -0.0399452136 0.000783471475 -0.03994520952 -0.9992015645 2.519032015e-07 0.005083638496 0
0.04657605819 0.0457027571 0.004432177697 -0.0001808970954 0.01187268105 0.5098156463 -2.299902313e-05 0.002971274768 0.2549768088 -0.9999994451 -3.25324503e-05 -0.001052972367 1.626627928e-05 0.998927087 -0.04631063224 0.001053349218 -0.04631062367 -0.9989265321 4.213195068e-07 0.005894796338 0
0.05227306546 0.05129294549 0.00497430491 -0.0002278442472 0.01332367504 0.509767802 -2.897720924e-05 0.003334951679 0.2549707805 -0.9999991197 -4.598309314e-05 -0.001326073181 2.298937366e-05 0.9986488701 -0.05196569722 0.001326671028 -0.05196568196 -0.99864799 5.961438408e-07 0.00661582553 0
0.05797007274 0.05688313387 0.005516432122 -0.0002801967218 0.01477424469 0.5097144492 -3.564448318e-05 0.003698578617 0.2549640573 -0.9999986687 -6.270488919e-05 -0.001630534786 3.134664113e-05 0.9983387321 -0.05761748831 0.001631438929 -0.05761746272 -0.9983374011 7.932644593e-07 0.007336854722 0
0.06366708001 0.06247332226 0.006058559334 -0.0003379525181 0.01622434382 0.5096555898 -4.300073061e-05 0.004062157092 0.2549566395 -0.9999980633 -8.305214492e-05 -0.001966318436 4.151472675e-05 0.9979967213 -0.06326565038 0.0019676337 -0.06326560948 -0.9979947851 1.01245618e-06 0.008057883914 0
0.06936408729 0.06806351065 0.006600686546 -0.0004011094289 0.01767392628 0.5095912261 -5.104584649e-05 0.00442568761 0.2549485269 -0.9999972719 -0.0001073784851 -0.002333381404 5.366982476e-05 0.997622891 -0.06890982878 0.002335234135 -0.06890976602 -0.9976201636 1.253642784e-06 0.008778913106 0
0.07506109456 0.07365369904 0.007142813758 -0.0004696650404 0.01912294592 0.5095213605 -5.977972855e-05 0.004789169879 0.2549397198 -0.9999962597 -0.0001360367862 -0.002731676993 6.798763466e-05 0.9972172994 -0.07454966946 0.002734217051 -0.07454957634 -0.9972135602 1.516842772e-06 0.009499942299 0
0.08075810183 0.07924388742 0.007684940971 -0.0005436167329 0.02057135662 0.5094459957 -6.920227368e-05 0.005152602997 0.2549302183 -0.9999949892 -0.0001693791101 -0.003161154536 8.464331728e-05 0.9967800097 -0.08018481896 0.003164557282 -0.08018468474 -0.9967750006 1.802138858e-06 0.01022097149 0
0.08645510911 0.08483407581 0.008227068183 -0.0006229616801 0.0220191123 0.5093651346 -7.931337566e-05 0.005515985604 0.2549200225 -0.9999934198 -0.000207756638 -0.003621759412 0.0001038114511 0.9963110899 -0.0858149245 0.003626227687 -0.08581473581 -0.9963045125 2.10965995e-06 0.01094200068 0
0.09215211638 0.0904242642 0.008769195395 -0.0007076968501 0.02346616689 0.5092787803 -9.011292387e-05 0.005879315989 0.2549091324 -0.9999915082 -0.0002515196041 -0.004113433048 0.0001256659884 0.9958106133 -0.09143963401 0.004119199147 -0.09143937444 -0.9958021254 2.439570121e-06 0.01166302988 0
0.09784912366 0.09601445259 0.009311322607 -0.000797819005 0.02491247436 0.509186936 -0.0001016008024 0.006242592177 0.2548975483 -0.9999892079 -0.0003010172298 -0.004636112937 0.000150380212 0.9952786576 -0.09705859619 0.00464344057 -0.0970582459 -0.9952678712 2.792061599e-06 0.01238405907 0
0.1035461309 0.101604641 0.009853449819 -0.0008933247011 0.02635798871 0.5090896054 -0.0001137768895 0.006605811992 0.2548852701 -0.9999864697 -0.0003565976579 -0.00518973264 0.0001781266917 0.9947153057 -0.1026714605 0.005198918892 -0.1026709958 -0.9947017834 3.167350164e-06 0.01310508826 0
0.1092431382 0.1071948294 0.01039557703 -0.0009942102892 0.02780266398 0.5089867921 -0.0001266410573 0.006968973099 0.2548722981 -0.9999832414 -0.0004186078875 -0.005774221801 0.0002090772409 0.9941206454 -0.1082778774 0.005785599077 -0.1082772701 -0.9941038978 3.565672028e-06 0.01382611745 0
0.1149401455 0.1127850177 0.01093770424 -0.001100471915 0.02924645422 0.5088785 -0.0001401931713 0.007332073044 0.2548586324 -0.9999794681 -0.0004873937083 -0.00638950616 0.0002434028738 0.9934947691 -0.1138774982 0.006403444123 -0.1138767153 -0.9934742521 3.987281659e-06 0.01454714664 0
0.1206371528 0.1183752061 0.01147983146 -0.001212105518 0.03068931355 0.5087647332 -0.0001544330908 0.007695109277 0.2548442731 -0.9999750919 -0.0005632996354 -0.007035507561 0.000281273762 0.9928377742 -0.119469975 0.007052415061 -0.1194689781 -0.9928128861 4.432450192e-06 0.01526817584 0
0.12633416 0.1239653945 0.01202195867 -0.001329106834 0.03213119611 0.5086454962 -0.0001693606679 0.00805807917 0.2548292204 -0.9999700519 -0.0006466688449 -0.007712143971 0.000322859192 0.9921497631 -0.1250549611 0.007732470961 -0.1250537059 -0.9921198413 4.901464262e-06 0.01598920503 0
0.1320311673 0.1295555829 0.01256408588 -0.001451471394 0.03357205608 0.5085207935 -0.0001849757482 0.008420980035 0.2548134744 -0.9999642846 -0.0007378431091 -0.008419329485 0.0003683275226 0.9914308427 -0.1306321109 0.00844356893 -0.1306305464 -0.9913951616 5.39462508e-06 0.01671023422 0
0.1377281746 0.1351457713 0.01310621309 -0.001579194522 0.03501184771 0.5083906298 -0.0002012781703 0.008783809138 0.2547970353 -0.9999577236 -0.0008371627321 -0.00915697435 0.000417846142 0.9906811249 -0.1362010798 0.009185664118 -0.1361991479 -0.9906388927 5.91224771e-06 0.01743126341 0
0.1434251818 0.1407359597 0.0136483403 -0.001712271341 0.03645052526 0.5082550101 -0.000218267766 0.0091465637 0.2547799032 -0.9999502996 -0.0009449664856 -0.009924984971 0.0004715814261 0.9899007262 -0.1417615244 0.00995870972 -0.1417591592 -0.9898510822 6.454660456e-06 0.0181522926 0
0.1491221891 0.1463261481 0.01419046752 -0.001850696767 0.03788804306 0.5081139396 -0.00023594436 0.009509240916 0.2547620784 -0.9999419406 -0.001061591546 -0.01072326393 0.0005296986961 0.9890897681 -0.1473131024 0.01076265698 -0.1473102296 -0.9890317798 7.022204356e-06 0.0188733218 0
0.1555313223 0.15261511 0.01480036063 -0.002012812038 0.03950380751 0.5079487266 -0.0002566514789 0.009917156798 0.2547411976 -0.9999313259 -0.001203756646 -0.01165738171 0.000600522902 0.9881410691 -0.1535476049 0.01170397157 -0.1535440607 -0.9880724864 7.691171211e-06 0.01968447964 0
0.1612283296 0.1582052984 0.01534248784 -0.002162585447 0.0409387094 0.5077960913 -0.0002757873308 0.01027966021 0.2547219013 -0.999920728 -0.001340238853 -0.01251964008 0.00066849575 0.9872655963 -0.1590792111 0.01257341407 -0.1590749699 -0.9871864379 8.313306689e-06 0.02040550883 0
0.1669253369 0.1637954868 0.01588461505 -0.002317690266 0.04237230913 0.5076380227 -0.0002956095886 0.01064207735 0.2547019128 -0.9999089522 -0.001486585057 -0.01341183792 0.0007413599547 0.9863599736 -0.1646008896 0.01347359332 -0.1645958461 -0.9862690656 8.961716375e-06 0.02112653802 0
0.1726223441 0.1693856752 0.01642674227 -0.002478120572 0.04380456123 0.5074745268 -0.0003161180482 0.01100440532 0.2546812323 -0.9998959149 -0.00164312518 -0.0143338622 0.0008192760466 0.9854243415 -0.1701123038 0.01440445253 -0.170106341 -0.9853204273 9.63678946e-06 0.02184756722 0
0.1783193514 0.1749758636 0.01696886948 -0.00264387024 0.04523542029 0.5073056099 -0.0003373124986 0.01136664122 0.2546598601 -0.9998815299 -0.001810187231 -0.01528559619 0.0009024032889 0.9844588454 -0.1756131183 0.015365933 -0.1756061072 -0.9843405829 1.033892592e-05 0.02256859641 0
0.1840163587 0.1805660519 0.01751099669 -0.00281493294 0.04666484098 0.5071312785 -0.0003591927216 0.01172878214 0.2546377963 -0.9998657084 -0.001988097233 -0.01626691943 0.0009908996371 0.9834636352 -0.1811029994 0.01635797409 -0.1810947977 -0.9833295943 1.106853619e-05 0.0232896256 0
0.1897133659 0.1861562403 0.0180531239 -0.002991302144 0.048092778 0.5069515392 -0.0003817584922 0.01209082515 0.2546150412 -0.9998483589 -0.002177179173 -0.01727770777 0.001084921699 0.9824388652 -0.1865816148 0.01738051322 -0.1865720663 -0.982287525 1.182604085e-05 0.02401065479 0
0.1954103732 0.1917464287 0.01859525112 -0.003172971118 0.04951918614 0.5067663989 -0.0004050095782 0.01245276733 0.2545915951 -0.9998293871 -0.002377754932 -0.01831783339 0.001184624693 0.9813846946 -0.1920486339 0.01843348591 -0.1920375677 -0.981214441 1.261187036e-05 0.02473168398 0
0.2011073805 0.1973366171 0.01913737833 -0.003359932927 0.05094402025 0.5065758645 -0.0004289457405 0.01281460573 0.2545674581 -0.9998086962 -0.002590144228 -0.0193871648 0.00129016241 0.9803012869 -0.1975037277 0.01951682574 -0.197490957 -0.9801104098 1.342646475e-05 0.02545271318 0
0.2068043878 0.2029268055 0.01967950554 -0.003552180437 0.05236723522 0.5063799435 -0.0004535667329 0.01317633742 0.2545426305 -0.9997861867 -0.002814664557 -0.0204855669 0.001401687172 0.9791888099 -0.2029465687 0.02063046439 -0.2029318904 -0.9789755011 1.427027335e-05 0.02617374237 0
0.212501395 0.2085169939 0.02022163275 -0.003749706309 0.05378878605 0.5061786433 -0.0004788723022 0.01353795945 0.2545171126 -0.9997617566 -0.00305163113 -0.02161290097 0.001519349795 0.9780474363 -0.2083768315 0.02177433161 -0.2083600247 -0.9778097865 1.51437545e-05 0.02689477156 0
0.2181984023 0.2141071823 0.02076375996 -0.003952503007 0.05520862777 0.5059719715 -0.0005048621882 0.01389946887 0.2544909045 -0.9997353012 -0.003301356816 -0.0227690247 0.001643299547 0.9768773428 -0.2137941922 0.02294835526 -0.2137750174 -0.9766133395 1.604737529e-05 0.02761580075 0
0.2238954096 0.2196973707 0.02130588718 -0.004160562793 0.05662671552 0.505759936 -0.0005315361236 0.01426086273 0.2544640067 -0.9997067133 -0.00356415208 -0.02395379222 0.001773684112 0.9756787108 -0.2191983287 0.02415246129 -0.2191765272 -0.9753862356 1.698161131e-05 0.02833682994 0
0.2295924169 0.225287559 0.02184801439 -0.004373877727 0.05804300448 0.505542545 -0.0005588938341 0.01462213808 0.2544364194 -0.9996758831 -0.003840324928 -0.02516705413 0.001910649548 0.9744517259 -0.2245889208 0.02538657377 -0.2245642132 -0.9741285521 1.794694635e-05 0.02905785914 0
0.2352894241 0.2308777474 0.0223901416 -0.004592439673 0.05945744994 0.5053198067 -0.0005869350384 0.01498329196 0.2544081427 -0.9996426984 -0.004130180848 -0.02640865751 0.002054340254 0.9731965779 -0.2299656505 0.02665061484 -0.2299377357 -0.9728403684 1.894387218e-05 0.02977888833 0
0.2409864314 0.2364679358 0.02293226881 -0.004816240292 0.06087000724 0.5050917296 -0.0006156594483 0.01534432141 0.2543791772 -0.9996070443 -0.004434022749 -0.02767844594 0.002204898927 0.9719134612 -0.2353282012 0.0279445048 -0.2352967559 -0.9715217658 1.99728883e-05 0.03049991752 0
0.2466834387 0.2420581242 0.02347439603 -0.005045271049 0.06228063182 0.5048583225 -0.0006450667683 0.01570522349 0.2543495229 -0.9995688038 -0.004752150907 -0.02897625955 0.002362466527 0.9706025743 -0.2406762588 0.02926816202 -0.2406409356 -0.9701728273 2.103450167e-05 0.03122094671 0
0.252380446 0.2476483126 0.02401652324 -0.00527952321 0.06368927918 0.5046195942 -0.0006751566961 0.01606599522 0.2543191803 -0.999527857 -0.005084862907 -0.03030193503 0.00252718224 0.9692641198 -0.246009511 0.03062150302 -0.2459699378 -0.9687936381 2.212922647e-05 0.03194197591 0
0.2580774532 0.253238501 0.02455865045 -0.00551898784 0.06509590493 0.5043755538 -0.0007059289224 0.01642663364 0.2542881497 -0.999484082 -0.005432453589 -0.03165530566 0.002699183439 0.9678983046 -0.2513276474 0.03200444246 -0.2512834264 -0.9673842852 2.325758389e-05 0.0326630051 0
0.2637744605 0.2588286894 0.02510077766 -0.005763655809 0.06650046474 0.5041262106 -0.0007373831307 0.01678713581 0.2542564313 -0.9994373542 -0.005795214988 -0.03303620132 0.00287860565 0.9665053398 -0.2566303602 0.0334168931 -0.2565810664 -0.9659448574 2.442010186e-05 0.03338403429 0
0.2701835937 0.2651176513 0.02571067078 -0.006045115269 0.06807807003 0.503839373 -0.0007735838939 0.01719253418 0.2542199264 -0.9993810979 -0.006221815256 -0.03462239387 0.00308949239 0.9649060701 -0.262577095 0.03504106418 -0.2625215512 -0.9642896655 2.576943285e-05 0.03419519213 0
0.275880601 0.2707078397 0.02625279799 -0.006300809117 0.06947809299 0.5035787933 -0.0008064862317 0.01755273696 0.2541867476 -0.9993276715 -0.00661777096 -0.03606120017 0.003285125592 0.9634561318 -0.2678460194 0.03651592803 -0.2677844044 -0.9627866325 2.700632447e-05 0.03491622132 0
0.2815776082 0.2762980281 0.0267949252 -0.0065616765 0.0708759121 0.5033129411 -0.0008400695178 0.01791279424 0.2541528822 -0.9992708882 -0.007029791323 -0.03752697844 0.003488591017 0.9619797295 -0.2730985714 0.03802001853 -0.2730303683 -0.9612538147 2.827906756e-05 0.03563725052 0
0.2872746155 0.2818882165 0.02733705241 -0.006827707477 0.07227148341 0.5030418268 -0.0008743334069 0.01827270304 0.2541183304 -0.9992106139 -0.007458156241 -0.03901954492 0.003700016189 0.9604770911 -0.2783344522 0.03955324083 -0.2782591118 -0.9596913086 2.958821559e-05 0.03635827971 0
0.2929716228 0.2874784049 0.02787917962 -0.007098891909 0.07366476308 0.5027654605 -0.0009092775468 0.01863246042 0.2540830925 -0.9991467125 -0.00790314253 -0.04053871262 0.003919526603 0.9589484482 -0.2835533652 0.04111549822 -0.2834703052 -0.9580992129 3.093432768e-05 0.0370793089 0
0.2986686301 0.2930685932 0.02842130684 -0.007375219464 0.07505570736 0.5024838528 -0.0009449015782 0.01899206341 0.2540471691 -0.9990790453 -0.008365023873 -0.04208429135 0.00414724569 0.9573940364 -0.2887550163 0.04270669217 -0.2886636199 -0.9564776281 3.231796841e-05 0.03780033809 0
0.3043656373 0.2986587816 0.02896343405 -0.007656679615 0.07644427259 0.5021970144 -0.0009812051349 0.01935150907 0.2540105603 -0.9990074717 -0.008844070768 -0.04365608774 0.004383294784 0.955814095 -0.2939391136 0.04432672232 -0.2938387282 -0.9548266562 3.373970757e-05 0.03852136728 0
0.3100626446 0.30424897 0.02950556126 -0.00794326164 0.07783041521 0.5019049563 -0.001018187844 0.01971079443 0.2539732667 -0.9989318486 -0.009340550477 -0.04525390528 0.004627793086 0.9542088673 -0.299105368 0.04597548649 -0.2989953039 -0.9531464016 3.520012005e-05 0.03924239648 0
0.3157596519 0.3098391584 0.03004768847 -0.008234954624 0.07921409179 0.5016076896 -0.001055849324 0.02006991654 0.2539352885 -0.9988520312 -0.009854726975 -0.04687754436 0.004880857636 0.9525786002 -0.3042534925 0.04765288069 -0.3041330216 -0.9514369701 3.669978558e-05 0.03996342567 0
0.3214566592 0.3154293468 0.03058981569 -0.008531747458 0.08059525897 0.5013052255 -0.00109418919 0.02042887245 0.2538966263 -0.9987678722 -0.0103868609 -0.04852680229 0.005142603274 0.9509235445 -0.3093832028 0.04935879913 -0.3092515573 -0.9496984697 3.82392886e-05 0.04068445486 0
0.3271536664 0.3210195352 0.0311319429 -0.008833628842 0.08197387351 0.5009975757 -0.001133207046 0.0207876592 0.2538572802 -0.9986792225 -0.01093720951 -0.05020147333 0.005413142614 0.9492439545 -0.3144942173 0.05109313421 -0.3143505881 -0.9479310098 3.981921803e-05 0.04140548405 0
0.3328506737 0.3266097236 0.03167407011 -0.009140587282 0.0833498923 0.5006847518 -0.001172902492 0.02114627386 0.2538172509 -0.9985859309 -0.01150602661 -0.05190134874 0.005692586006 0.9475400883 -0.3195862568 0.05285577655 -0.3194297926 -0.9461347021 4.144016718e-05 0.04212651325 0
0.338547681 0.332199912 0.03221619732 -0.009452611094 0.0847232723 0.5003667658 -0.001213275119 0.02150471346 0.2537765386 -0.998487844 -0.01209356254 -0.05362621681 0.005981041512 0.9458122075 -0.3246590448 0.05464661497 -0.3244888503 -0.9443096598 4.310273347e-05 0.04284754244 0
0.3442446882 0.3377901003 0.03275832453 -0.009769688401 0.0860939706 0.5000436297 -0.001254324513 0.02186297507 0.2537351438 -0.9983848067 -0.0127000641 -0.05537586289 0.006278614868 0.9440605771 -0.3297123075 0.05646553652 -0.3295274421 -0.942455998 4.48075184e-05 0.04356857163 0
0.3499416955 0.3433802887 0.03330045175 -0.01009180714 0.08746194442 0.4997153558 -0.001296050251 0.02222105573 0.2536930669 -0.9982766617 -0.01332577451 -0.05715006941 0.006585409457 0.9422854659 -0.3347457739 0.05831242648 -0.3345452503 -0.9405738336 4.655512728e-05 0.04428960082 0
0.3556387028 0.3489704771 0.03384257896 -0.01041895505 0.08882715107 0.4993819566 -0.001338451905 0.0225789525 0.2536503084 -0.99816325 -0.01397093338 -0.05894861595 0.00690152628 0.9404871458 -0.3397591756 0.06018716837 -0.3395419584 -0.9386632853 4.834616915e-05 0.04501063001 0
0.3613357101 0.3545606655 0.03438470617 -0.01075111968 0.09018954799 0.4990434449 -0.001381529039 0.02293666245 0.2536068686 -0.9980444107 -0.01463577662 -0.06077127924 0.007227063925 0.9386658925 -0.3447522471 0.06208964394 -0.3445172512 -0.9367244738 5.01812566e-05 0.04573165921 0
0.3670327173 0.3601508539 0.03492683338 -0.01108828841 0.09154909274 0.4986998335 -0.00142528121 0.02329418263 0.2535627481 -0.9979199808 -0.01532053645 -0.06261783324 0.007562118536 0.9368219845 -0.3497247256 0.06401973321 -0.349470815 -0.9347575211 5.206100564e-05 0.0464526884 0
0.3727297246 0.3657410423 0.03546896059 -0.01143044841 0.09290574298 0.4983511354 -0.001469707968 0.0236515101 0.2535179472 -0.9977897959 -0.01602544133 -0.06448804912 0.007906783789 0.9349557041 -0.3546763513 0.06597731443 -0.3544023373 -0.9327625514 5.398603555e-05 0.04717371759 0
0.3791388578 0.3720300042 0.03607885371 -0.01182132832 0.09442846214 0.4979527864 -0.001520493845 0.0240532695 0.2534667336 -0.9976362514 -0.01684281851 -0.06662003694 0.008306133346 0.9328297519 -0.3602216847 0.06821230099 -0.3599235661 -0.9304848782 5.620659412e-05 0.04798487543 0
0.3848358651 0.3776201926 0.03662098092 -0.01217405133 0.09577882161 0.4975933235 -0.001566352576 0.02441017773 0.2534204886 -0.9974932822 -0.01759127272 -0.06853976222 0.008671520799 0.9309168813 -0.3651281485 0.07022789053 -0.3648072193 -0.9284307923 5.822991632e-05 0.04870590462 0
0.3905328723 0.383210381 0.03716310813 -0.01253172433 0.09712615512 0.497228816 -0.001612884444 0.02476688408 0.2533735646 -0.9973440323 -0.01836056117 -0.07048241696 0.009046795397 0.9289825404 -0.3700129661 0.07227058047 -0.3696678636 -0.9263490885 6.030047439e-05 0.04942693382 0
0.3962298796 0.3888005694 0.03770523535 -0.01289433373 0.09847042087 0.4968592777 -0.001660088972 0.02512338562 0.2533259623 -0.9971883298 -0.01915089637 -0.07244776138 0.009432040332 0.9270270243 -0.3748758899 0.07434024197 -0.3745051927 -0.924239898 6.241889977e-05 0.05014796301 0
0.4019268869 0.3943907578 0.03824736256 -0.01326186574 0.09981157717 0.4964847228 -0.001707965673 0.02547967943 0.2532776821 -0.9970260014 -0.01996248681 -0.07443555312 0.009827336186 0.9250506312 -0.3797166749 0.07643674451 -0.3793189013 -0.9221033539 6.458582657e-05 0.0508689922 0
0.4076238942 0.3999809462 0.03878948977 -0.0136343064 0.1011495825 0.4961051655 -0.001756514056 0.02583576259 0.2532287245 -0.9968568723 -0.020795537 -0.07644554728 0.01023276091 0.9230536621 -0.3845350797 0.07855995585 -0.3841086859 -0.9199395908 6.680189145e-05 0.05159002139 0
0.4133209014 0.4055711345 0.03933161698 -0.01401164157 0.1024843954 0.4957206201 -0.001805733622 0.02619163216 0.25317909 -0.996680766 -0.02165024738 -0.07847749651 0.01064838978 0.921036421 -0.3893308656 0.08070974207 -0.3888742443 -0.9177487454 6.906773346e-05 0.05231105059 0
0.4190179087 0.4111613229 0.03987374419 -0.01439385692 0.1038159746 0.4953311012 -0.001855623864 0.02654728524 0.253128779 -0.9964975044 -0.0225268143 -0.080531151 0.01107429541 0.9189992149 -0.3941037971 0.0828859676 -0.3936152761 -0.9155309557 7.138399401e-05 0.05303207978 0
0.424714916 0.4167515113 0.04041587141 -0.01478093793 0.105144279 0.4949366238 -0.001906184271 0.02690271889 0.2530777922 -0.9963069082 -0.02342542997 -0.08260625853 0.01151054769 0.9169423535 -0.398853642 0.08508849516 -0.3983314821 -0.9132863616 7.37513167e-05 0.05375310897 0
0.4304119233 0.4223416997 0.04095799862 -0.0151728699 0.1064692676 0.4945372027 -0.001957414322 0.02725793021 0.25302613 -0.9961087963 -0.02434628244 -0.08470256453 0.01195721377 0.914866149 -0.403580171 0.08731718585 -0.403022565 -0.9110151048 7.617034729e-05 0.05447413816 0
0.4361089305 0.4279318881 0.04150012583 -0.01556963796 0.1077908995 0.494132853 -0.002009313492 0.02761291628 0.2529737929 -0.9959029865 -0.02528955555 -0.08681981211 0.01241435807 0.9127709167 -0.4082831582 0.0895718991 -0.4076882288 -0.9087173284 7.864173356e-05 0.05519516735 0
0.4418059378 0.4335220765 0.04204225304 -0.01597122705 0.109109134 0.4937235903 -0.002061881245 0.02796767419 0.2529207815 -0.9956892952 -0.02625542891 -0.08895774211 0.01288204221 0.9106569744 -0.4129623809 0.0918524927 -0.4123281794 -0.9063931774 8.116612525e-05 0.05591619655 0
0.4475029451 0.4391122649 0.04258438025 -0.01637762194 0.1104239306 0.4933094299 -0.002115117043 0.02832220103 0.2528670964 -0.9954675373 -0.02724407783 -0.0911160931 0.01336032502 0.9085246422 -0.4176176196 0.09415882282 -0.4169421239 -0.9040427984 8.374417393e-05 0.05663722574 0
0.4531999524 0.4447024533 0.04312650747 -0.0167888072 0.1117352487 0.4928903876 -0.002169020339 0.0286764939 0.252812738 -0.9952375266 -0.02825567334 -0.0932946015 0.0138492625 0.9063742431 -0.4222486581 0.09649074398 -0.4215297715 -0.9016663396 8.637653298e-05 0.05735825493 0
0.4588969596 0.4502926416 0.04366863468 -0.01720476724 0.1130430481 0.4924664792 -0.002223590577 0.02903054989 0.2527577069 -0.9949990755 -0.02929038211 -0.09549300156 0.01434890783 0.9042061024 -0.4268552836 0.09884810911 -0.4260908328 -0.899263951 8.906385748e-05 0.05807928412 0
0.4645939669 0.45588283 0.04421076189 -0.01762548629 0.1143472887 0.492037721 -0.002278827198 0.0293843661 0.2527020038 -0.9947519953 -0.03034836643 -0.09771102541 0.01485931129 0.9020205478 -0.4314372865 0.1012307695 -0.4306250202 -0.8968357839 9.180680411e-05 0.05880031332 0
0.4702909742 0.4614730184 0.0447528891 -0.0180509484 0.1156479304 0.491604129 -0.002334729634 0.02973793964 0.2526456291 -0.9944960962 -0.03142978421 -0.09994840314 0.0153805203 0.8998179093 -0.4359944606 0.103638575 -0.4351320475 -0.8943819917 9.460603112e-05 0.05952134251 0
0.4759879815 0.4670632068 0.04529501632 -0.01848113744 0.1169449335 0.4911657198 -0.00239129731 0.03009126761 0.2525885835 -0.9942311872 -0.03253478889 -0.1022048628 0.0159125794 0.8975985192 -0.4405266032 0.1060713735 -0.4396116307 -0.8919027289 9.746219822e-05 0.0602423717 0
0.4816849887 0.4726533952 0.04583714353 -0.0189160371 0.1182382583 0.49072251 -0.002448529645 0.03044434711 0.2525308674 -0.9939570761 -0.03366352947 -0.1044801305 0.01645553017 0.8953627121 -0.4450335148 0.1085290118 -0.4440634871 -0.8893981521 0.0001003759666 0.06096340089 0
0.4880941219 0.4789423571 0.04644703664 -0.01941090937 0.1196888027 0.4902181815 -0.002513709764 0.03084126096 0.2524651363 -0.9936374613 -0.03496191417 -0.1070619446 0.01707941675 0.892828225 -0.4500733876 0.1113233531 -0.4490383339 -0.8865504418 0.0001037236323 0.06177455873 0
0.4937911292 0.4845325455 0.04698916385 -0.01985576418 0.12097418 0.4897648263 -0.002572352538 0.03119380289 0.2524059977 -0.9933431535 -0.03614156765 -0.109376261 0.017645637 0.8905586522 -0.4545260371 0.1138332591 -0.4534303409 -0.883992599 0.0001067620045 0.06249558793 0
0.4994881365 0.4901227339 0.04753129107 -0.02030527755 0.122255756 0.4893067235 -0.002631658111 0.03154608733 0.2523461905 -0.9930390369 -0.0373453935 -0.1117085173 0.01822285991 0.8882737216 -0.4589528548 0.1163675153 -0.4577937495 -0.8814099411 0.0001098600523 0.06321661712 0
0.5051851437 0.4957129223 0.04807341828 -0.02075943246 0.1235334916 0.4888438905 -0.002691625872 0.03189811141 0.2522857155 -0.9927249153 -0.03857352198 -0.1140584318 0.01881111482 0.8859737761 -0.4633536555 0.1189259619 -0.4621282847 -0.8788026309 0.000113018442 0.06393764631 0
0.510882151 0.5013031107 0.04861554549 -0.02121821171 0.124807348 0.4883763448 -0.002752255207 0.03224987224 0.2522245731 -0.992400592 -0.03982607876 -0.1164257211 0.01941042811 0.8836591606 -0.4677282578 0.1215084374 -0.466433673 -0.8761708328 0.0001162378411 0.0646586755 0
0.5165791583 0.5068932991 0.0491576727 -0.02168159794 0.1260772864 0.487904104 -0.002813545491 0.03260136696 0.2521627641 -0.9920658689 -0.04110318484 -0.1188101002 0.02002082312 0.8813302221 -0.4720764836 0.1241147789 -0.4707096429 -0.873514713 0.0001195189179 0.06537970469 0
0.5222761656 0.5124834875 0.04969979991 -0.02214957361 0.1273432684 0.4874271861 -0.002875496096 0.0329525927 0.252100289 -0.9917205477 -0.0424049566 -0.1212112824 0.02064232014 0.878987309 -0.4763981583 0.1267448222 -0.4749559246 -0.8708344388 0.0001228623418 0.06610073389 0
0.5279731728 0.5180736758 0.05024192713 -0.02262212103 0.1286052556 0.4869456091 -0.002938106384 0.03330354657 0.2520371486 -0.9913644289 -0.04373150572 -0.1236289795 0.02127493643 0.8766307717 -0.4806931113 0.1293984013 -0.4791722504 -0.8681301793 0.0001262687833 0.06682176308 0
0.5336701801 0.5236638642 0.05078405434 -0.02309922232 0.1298632097 0.4864593913 -0.003001375712 0.03365422572 0.2519733434 -0.9909973125 -0.04508293918 -0.1260629016 0.02191868618 0.8742609621 -0.484961175 0.1320753488 -0.4833583543 -0.8654021051 0.0001297389136 0.06754279227 0
0.5393671874 0.5292540526 0.05132618155 -0.02358085945 0.1311170928 0.4859685509 -0.00306530343 0.03400462729 0.2519088741 -0.990618998 -0.04645935924 -0.1285127572 0.0225735805 0.8718782339 -0.489202186 0.1347754959 -0.4875139724 -0.8626503883 0.0001332734047 0.06826382146 0
0.5450641947 0.534844241 0.05186830876 -0.0240670142 0.1323668669 0.4854731066 -0.003129888882 0.03435474842 0.2518437413 -0.990229284 -0.0478608634 -0.1309782536 0.0232396274 0.869482942 -0.4934159841 0.1374986723 -0.4916388424 -0.8598752024 0.0001368729297 0.06898485066 0
0.5507612019 0.5404344294 0.05241043598 -0.0245576682 0.1336124944 0.484973077 -0.003195131403 0.03470458624 0.2517779457 -0.9898279686 -0.04928754443 -0.1334590966 0.02391683182 0.867075443 -0.497602413 0.1402447063 -0.4957327044 -0.8570767225 0.0001405381621 0.06970587985 0
0.5564582092 0.5460246178 0.05295256319 -0.02505280292 0.1348539378 0.4844684811 -0.003261030324 0.03505413792 0.2517114881 -0.9894148497 -0.05073949028 -0.1359549903 0.02460519557 0.8646560948 -0.5017613198 0.1430134246 -0.4997953 -0.854255125 0.0001442697764 0.07042690904 0
0.5621552165 0.5516148062 0.0534946904 -0.02555239965 0.1360911597 0.4839593379 -0.003327584968 0.03540340059 0.251644369 -0.9889897242 -0.05221678412 -0.1384656381 0.02530471733 0.8622252567 -0.5058925557 0.1458046527 -0.503826373 -0.8514105879 0.0001480684477 0.07114793823 0
0.5678522237 0.5572049946 0.05403681761 -0.02605643952 0.1373241229 0.4834456667 -0.00339479465 0.03575237142 0.2515765891 -0.9885523889 -0.05371950431 -0.1409907414 0.02601539266 0.8597832893 -0.5099959752 0.1486182144 -0.5078256691 -0.8485432906 0.0001519348517 0.07186896742 0
0.573549231 0.5627951829 0.05457894482 -0.02656490352 0.1385527906 0.4829274869 -0.00346265868 0.03610104755 0.2515081492 -0.9881026403 -0.05524772433 -0.1435300011 0.02673721399 0.8573305543 -0.5140714367 0.1514539324 -0.5117929363 -0.8456534141 0.0001558696646 0.07258999662 0
0.5792462383 0.5683853713 0.05512107204 -0.02707777243 0.1397771258 0.4824048179 -0.003531176361 0.03644942616 0.25143905 -0.9876402742 -0.05680151288 -0.1460831163 0.02747017058 0.8548674145 -0.5181188023 0.1543116277 -0.5157279241 -0.8427411404 0.0001598735635 0.07331102581 0
0.5849432456 0.5739755597 0.05566319925 -0.02759502692 0.140997092 0.4818776796 -0.00360034699 0.03679750441 0.251369292 -0.9871650864 -0.05838093373 -0.1486497853 0.02821424853 0.8523942339 -0.5221379379 0.1571911202 -0.5196303845 -0.8398066534 0.0001639472257 0.074032055 0
0.5906402528 0.5795657481 0.05620532646 -0.02811664746 0.1422126527 0.4813460918 -0.003670169855 0.03714527945 0.2512988762 -0.9866768724 -0.0599860458 -0.1512297053 0.02896943081 0.8499113775 -0.5261287129 0.1600922282 -0.5235000714 -0.8368501382 0.0001680913291 0.07475308419 0
0.597049386 0.58585471 0.05681521957 -0.02870866488 0.1435748475 0.4807427619 -0.003749499312 0.03753616045 0.2512188727 -0.9861118062 -0.06182257302 -0.154147576 0.02983225871 0.8471070539 -0.5305842775 0.1633815842 -0.5278139905 -0.83349796 0.0001728384895 0.07556424203 0
0.6027463933 0.5914448984 0.05735734679 -0.02923949778 0.1447809264 0.4802017857 -0.00382070579 0.03788328181 0.2511470611 -0.9855952312 -0.06348245225 -0.156754644 0.03061096656 0.8446048523 -0.5345143705 0.166328016 -0.5316132257 -0.8304952555 0.0001771345336 0.07628527123 0
0.6084434006 0.5970350868 0.057899474 -0.02977463473 0.1459824873 0.4796564232 -0.003892562241 0.03823009116 0.2510745938 -0.9850649896 -0.06516817525 -0.1593740102 0.03140070498 0.842094121 -0.5384157196 0.169295487 -0.5353789315 -0.8274711099 0.0001815031404 0.07700630042 0
0.6141404078 0.6026252752 0.05844160121 -0.03031405558 0.1471794944 0.4791066949 -0.003965067927 0.03857658566 0.2510014716 -0.9845208763 -0.0668797807 -0.1620053676 0.0322014438 0.8395752285 -0.5422882101 0.1722838101 -0.5391108705 -0.8244257141 0.0001859449896 0.07772732961 0
0.6198374151 0.6082154636 0.05898372842 -0.03085774 0.1483719122 0.4785526217 -0.004038222103 0.0389227625 0.2509276951 -0.9839626859 -0.06861730235 -0.1646484087 0.03301314966 0.8370485438 -0.5461317308 0.1752927968 -0.5428088072 -0.8213592601 0.0001904607611 0.0784483588 0
0.6255344224 0.613805652 0.05952585564 -0.03140566751 0.1495597055 0.4779942242 -0.004112024018 0.03926861888 0.2508532652 -0.9833902135 -0.07038076898 -0.167302825 0.03383578599 0.8345144365 -0.5499461744 0.1783222574 -0.5464725085 -0.8182719413 0.0001950511353 0.07916938799 0
0.6312314297 0.6193958404 0.06006798285 -0.03195781749 0.1507428391 0.4774315236 -0.004186472914 0.03961415199 0.2507781827 -0.982803254 -0.07217020445 -0.1699683073 0.03466931305 0.831973277 -0.5537314377 0.1813720007 -0.5501017432 -0.8151639525 0.0001997167928 0.07989041719 0
0.6369284369 0.6249860288 0.06061011006 -0.03251416915 0.1519212783 0.476864541 -0.004261568026 0.03995935902 0.2507024481 -0.9822016024 -0.07398562765 -0.1726445459 0.03551368787 0.8294254358 -0.5574874208 0.1844418344 -0.5536962825 -0.8120354896 0.0002044584145 0.08061144638 0
0.6426254442 0.6305762171 0.06115223727 -0.03307470156 0.1530949883 0.4762932978 -0.004337308583 0.04030423718 0.2506260625 -0.9815850538 -0.07582705251 -0.1753312301 0.03636886431 0.826871284 -0.5612140281 0.187531565 -0.5572558997 -0.80888675 0.0002092766816 0.08133247557 0
0.6483224515 0.6361664055 0.06169436448 -0.03363939363 0.1542639346 0.4757178154 -0.004413693807 0.04064878367 0.2505490264 -0.9809534037 -0.07769448801 -0.178028049 0.03723479299 0.824311193 -0.5649111676 0.1906409974 -0.5607803702 -0.8057179323 0.0002141722753 0.08205350476 0
0.6540194588 0.6417565939 0.0622364917 -0.03420822412 0.1554280829 0.4751381155 -0.004490722913 0.0409929957 0.2504713408 -0.9803064478 -0.07958793814 -0.1807346909 0.03811142135 0.8217455344 -0.5685787511 0.1937699356 -0.5642694718 -0.8025292364 0.0002191458773 0.08277453396 0
0.659716466 0.6473467823 0.06277861891 -0.03478117166 0.1565873992 0.47455422 -0.004568395111 0.04133687048 0.2503930064 -0.9796439819 -0.08150740192 -0.1834508437 0.03899869362 0.8191746801 -0.5722166945 0.1969181823 -0.5677229844 -0.7993208633 0.0002241981693 0.08349556315 0
0.6654134733 0.6529369707 0.06332074612 -0.03535821471 0.1577418496 0.4739661506 -0.004646709603 0.04168040523 0.250314024 -0.9789658024 -0.08345287342 -0.186176195 0.03989655083 0.816599002 -0.5758249172 0.2000855389 -0.5711406901 -0.7960930154 0.000229329833 0.08421659234 0
0.6711104806 0.6585271591 0.06386287333 -0.03593933159 0.1588914003 0.4733739296 -0.004725665585 0.04202359716 0.2502343944 -0.9782717059 -0.0854243417 -0.1889104316 0.0408049308 0.8140188721 -0.5794033426 0.2032718056 -0.5745223735 -0.7928458964 0.0002345415506 0.08493762153 0
0.6768074879 0.6641173475 0.06440500054 -0.03652450048 0.1600360179 0.4727775791 -0.004805262245 0.04236644352 0.2501541183 -0.9775614896 -0.08742179089 -0.1916532405 0.04172376816 0.8114346626 -0.5829518981 0.2064767815 -0.5778678212 -0.7895797109 0.0002398340042 0.08565865072 0
0.6825044951 0.6697075359 0.06494712776 -0.03711369939 0.1611756692 0.4721771216 -0.004885498767 0.04270894151 0.2500731968 -0.9768349508 -0.08944520011 -0.1944043081 0.04265299434 0.8088467453 -0.5864705148 0.2097002644 -0.5811768223 -0.7862946651 0.0002452078758 0.08637967992 0
0.6882015024 0.6752977242 0.06548925497 -0.03770690622 0.162310321 0.4715725796 -0.004966374327 0.04305108838 0.2499916304 -0.9760918879 -0.09149454352 -0.1971633204 0.04359253759 0.8062554921 -0.5899591276 0.212942051 -0.5844491681 -0.782990966 0.0002506638478 0.08710070911 0
0.6938985097 0.6808879126 0.06603138218 -0.03830409871 0.1634399405 0.4709639758 -0.005047888094 0.04339288136 0.2499094202 -0.9753320993 -0.09356979032 -0.1999299637 0.04454232293 0.8036612745 -0.5934176753 0.2162019369 -0.587684652 -0.7796688222 0.0002562026025 0.0878217383 0
0.699595517 0.686478101 0.06657350939 -0.03890525445 0.1645644951 0.470351333 -0.005130039231 0.04373431769 0.2498265669 -0.9745553844 -0.09567090473 -0.2027039237 0.04550227225 0.8010644639 -0.5968461007 0.2194797164 -0.5908830702 -0.776328443 0.0002618248221 0.08854276749 0
0.7060046501 0.6927670629 0.06718340251 -0.03958626391 0.1658235245 0.4696573107 -0.005223220067 0.04411800383 0.2497325893 -0.9736610988 -0.09806552743 -0.2058329832 0.04659426298 0.7981404144 -0.6006670072 0.2231883494 -0.5944367344 -0.7725489819 0.0002682504355 0.08935392533 0
0.7117016574 0.6983572513 0.06772552972 -0.04019576654 0.1669372087 0.4690361615 -0.005306722808 0.04445867315 0.2496483722 -0.972847752 -0.1002214691 -0.2086214479 0.04757553679 0.795539325 -0.6040312498 0.2265034651 -0.5975557209 -0.7691705537 0.0002740522837 0.09007495453 0
0.7173986647 0.7039474397 0.06826765693 -0.04080916152 0.1680457273 0.4684110456 -0.005390860262 0.04479897722 0.2495635147 -0.972016856 -0.1024031347 -0.2114162473 0.04856670993 0.7929368004 -0.6073652157 0.2298358247 -0.600637019 -0.7657745524 0.0002799397291 0.09079598372 0
0.723095672 0.7095376281 0.06880978414 -0.04142642587 0.1691490487 0.4677819864 -0.005475631565 0.04513891331 0.2494780177 -0.9711682131 -0.1046104679 -0.2142170673 0.04956769118 0.7903332102 -0.6106688635 0.233185218 -0.6036804344 -0.7623611921 0.0002859134539 0.09151701291 0
0.7287926792 0.7151278165 0.06935191136 -0.04204753647 0.1702471412 0.4671490074 -0.005561035847 0.04547847868 0.2493918819 -0.9703016263 -0.1068434078 -0.2170235937 0.05057838619 0.7877289232 -0.6139421556 0.2365514339 -0.6066857752 -0.7589306881 0.0002919741402 0.0922380421 0
0.7344896865 0.7207180049 0.06989403857 -0.04267247007 0.1713399734 0.4665121324 -0.005647072232 0.04581767059 0.2493051084 -0.9694168997 -0.1091018881 -0.2198355127 0.05159869746 0.7851243076 -0.6171850581 0.2399342599 -0.6096528517 -0.7554832568 0.0002981224701 0.0929590713 0
0.7401866938 0.7263081933 0.07043616578 -0.04330120328 0.1724275145 0.4658713852 -0.005733739835 0.04615648632 0.2492176979 -0.9685138381 -0.1113858381 -0.2226525106 0.05262852434 0.7825197309 -0.6203975412 0.2433334827 -0.6125814769 -0.7520191157 0.0003043591256 0.09368010049 0
0.7458837011 0.7318983817 0.07097829299 -0.0439337126 0.1735097333 0.4652267897 -0.005821037769 0.04649492314 0.2491296514 -0.9675922475 -0.1136951817 -0.2254742739 0.05366776308 0.7799155597 -0.6235795787 0.246748888 -0.615471466 -0.7485384832 0.0003106847885 0.09440112968 0
0.7515807083 0.73748857 0.0715204202 -0.04456997435 0.1745865993 0.4645783701 -0.005908965135 0.04683297833 0.2490409697 -0.9666519348 -0.1160298382 -0.2283004895 0.05471630679 0.7773121596 -0.6267311484 0.2501802603 -0.6183226368 -0.7450415788 0.0003171001406 0.09512215887 0
0.7572777156 0.7430787584 0.07206254742 -0.04520996477 0.1756580821 0.4639261506 -0.005997521033 0.04717064917 0.2489516538 -0.965692708 -0.1183897221 -0.2311308446 0.0557740455 0.7747098955 -0.6298522316 0.2536273832 -0.6211348095 -0.7415286231 0.0003236058633 0.09584318806 0
0.7629747229 0.7486689468 0.07260467463 -0.04585365993 0.1767241514 0.4632701555 -0.006086704554 0.04750793297 0.2488617046 -0.9647143762 -0.1207747429 -0.233965027 0.05684086615 0.7721091311 -0.6329428139 0.2570900393 -0.6239078066 -0.7379998378 0.000330202638 0.09656421726 0
0.7686717302 0.7542591352 0.07314680184 -0.0465010358 0.1777847773 0.4626104094 -0.006176514781 0.047844827 0.2487711229 -0.9637167496 -0.1231848051 -0.2368027245 0.05791665258 0.7695102291 -0.6360028842 0.2605680101 -0.6266414534 -0.7344554452 0.0003368911459 0.09728524645 0
0.7743687374 0.7598493236 0.07368892905 -0.04715206819 0.1788399299 0.4619469369 -0.006266950793 0.04818132857 0.2486799097 -0.9626996397 -0.1256198086 -0.2396436259 0.05900128558 0.7669135511 -0.6390324354 0.2640610764 -0.6293355773 -0.7308956691 0.000343672068 0.09800627564 0
0.7800657447 0.765439512 0.07423105627 -0.04780673281 0.1798895798 0.4612797627 -0.006358011663 0.04851743498 0.248588066 -0.9616628591 -0.1280796485 -0.2424874203 0.06009464288 0.7643194573 -0.6420314643 0.2675690178 -0.6319900085 -0.7273207338 0.0003505460851 0.09872730483 0
0.785762752 0.7710297004 0.07477318348 -0.04846500523 0.1809336977 0.4606089119 -0.006449696455 0.04885314353 0.2484955926 -0.9606062219 -0.130564215 -0.2453337975 0.06119659917 0.7617283068 -0.6449999712 0.2710916131 -0.6346045795 -0.723730865 0.0003575138777 0.09944833403 0
0.7914597592 0.7766198888 0.07531531069 -0.0491268609 0.1819722545 0.4599344093 -0.00654200423 0.04918845155 0.2484024905 -0.9595295434 -0.1330733934 -0.2481824478 0.06230702613 0.7591404573 -0.6479379604 0.27462864 -0.6371791255 -0.720126289 0.000364576126 0.1001693632 0
0.7971567665 0.7822100771 0.0758574379 -0.04979227514 0.1830052214 0.4592562801 -0.006634934039 0.04952335634 0.2483087606 -0.9584326401 -0.1356070645 -0.2510330624 0.06342579242 0.7565562652 -0.6508454398 0.2781798756 -0.6397134841 -0.7165072331 0.00037173351 0.1008903924 0
0.8028537738 0.7878002655 0.07639956511 -0.05046122315 0.1840325697 0.4585745497 -0.00672848493 0.04985785523 0.2482144039 -0.9573153303 -0.1381651041 -0.253885333 0.06455276369 0.7539760851 -0.6537224211 0.2817450958 -0.6422074954 -0.7128739257 0.0003789867095 0.1016114216 0
