0.01014327181 0.008621781041 0 -7.433444964e-06 0.002586496114 0.5099912548 -9.353566062e-07 0.0006448286801 0.2549989117 -0.9999999991 -2.905476361e-07 -4.328936593e-05 1.463547115e-07 0.9999490718 -0.01009226033 4.329009356e-05 -0.01009226032 -0.9999490709 6.175172185e-08 0
0.02004848294 0.0170412105 0 -2.903928026e-05 0.005112068198 0.5099658361 -3.676561826e-06 0.001277153407 0.2549957221 -0.9999999857 -2.247791849e-06 -0.0001691017978 1.125553343e-06 0.9998010595 -0.0199459618 0.000169112991 -0.0199459617 -0.9998010452 6.230613401e-08 0
0.03071563339 0.02610828838 0 -6.815873378e-05 0.007831425863 0.5099198133 -8.654029925e-06 0.001958522856 0.25498993 -0.9999999212 -8.084745466e-06 -0.0003968550515 4.044483713e-06 0.9995331218 -0.03055386147 0.0003969167887 -0.03055386067 -0.999533043 5.066987161e-08 0
0.04062084452 0.03452771784 0 -0.0001191993892 0.0103558622 0.5098597654 -1.515312459e-05 0.002591079858 0.2549823672 -0.9999997591 -1.869814647e-05 -0.0006939315097 9.351114309e-06 0.9991836356 -0.040398791 0.0006941203912 -0.04039878775 -0.9991833947 2.300015056e-07 0
0.05052605565 0.04294714731 0 -0.0001844051969 0.01287942355 0.5097830527 -2.345825972e-05 0.003223475935 0.2549727028 -0.9999994233 -3.597658655e-05 -0.001073319648 1.798917237e-05 0.9987373263 -0.05023696523 0.00107377175 -0.05023695557 -0.9987367498 4.727158168e-07 0
0.06043126679 0.05136657677 0 -0.0002637695456 0.01540189673 0.5096896829 -3.356869879e-05 0.003855728358 0.2549609375 -0.9999988202 -6.153926417e-05 -0.001534882323 3.076726977e-05 0.9981943626 -0.0600667417 0.001535807345 -0.06006671805 -0.998193183 7.746404867e-07 0
0.07033647792 0.05978600623 0 -0.0003572843886 0.0179230687 0.5095796654 -4.54839529e-05 0.004487846829 0.2549470721 -0.9999978353 -9.700144266e-05 -0.002078452703 4.84915812e-05 0.9975549496 -0.06988648105 0.002080149871 -0.06988643056 -0.9975527855 1.134554887e-06 0
0.08024168905 0.06820543569 0 -0.000464940245 0.02044272653 0.5094530115 -5.920359877e-05 0.005119832789 0.2549311069 -0.9999963343 -0.0001439736827 -0.002703834342 7.196536896e-05 0.9968193286 -0.07969454766 0.002706708251 -0.0796944501 -0.9968156642 1.552281374e-06 0
0.09014690018 0.07662486515 0 -0.0005867262006 0.0229606575 0.5093097339 -7.472721345e-05 0.005751682245 0.2549130424 -0.9999941624 -0.000204061077 -0.003410801263 0.0001019885091 0.9959877775 -0.08948931022 0.003415377654 -0.08948913568 -0.9959819425 2.02813537e-06 0
0.1000521113 0.08504429461 0 -0.0007226299094 0.02547664907 0.5091498472 -9.205434839e-05 0.006383387851 0.2548928793 -0.9999911449 -0.0002788624875 -0.004199098051 0.0001393570193 0.9950606102 -0.09926914237 0.004206039509 -0.0992688485 -0.9950517599 2.562711504e-06 0
0.1107192618 0.09411137249 0 -0.0008847604095 0.028183766 0.5089591054 -0.0001127307366 0.00706351447 0.2548688187 -0.9999867257 -0.0003776989108 -0.005138660514 0.0001887226527 0.9939555927 -0.109782713 0.005149065168 -0.1097822255 -0.9939423274 3.204978316e-06 0
0.1206244729 0.102530802 0 -0.001049939948 0.03069505143 0.5087647765 -0.0001338020444 0.007694889653 0.2548442986 -0.9999813066 -0.0004881377503 -0.006094929871 0.0002438710748 0.9928309971 -0.1195263639 0.006109580632 -0.1195256159 -0.9928123187 3.864168323e-06 0
0.130529684 0.1109502314 0 -0.001229190287 0.03320374497 0.5085538938 -0.0001566752402 0.008326088238 0.2548176816 -0.999974379 -0.0006181630518 -0.007131559815 0.0003087849692 0.9916119764 -0.1292501174 0.00715163777 -0.129249008 -0.9915863795 4.584900713e-06 0
0.1404348951 0.1193696609 0 -0.001422493262 0.0357096351 0.5083264785 -0.0001813497009 0.008957097971 0.2547889686 -0.9999656873 -0.0007693404452 -0.008248176188 0.0003842397773 0.9902989903 -0.1389523736 0.008275062232 -0.138950775 -0.9902647148 5.368320954e-06 0
0.1503401063 0.1277890903 0 -0.001629829282 0.03821251064 0.5080825538 -0.0002078247562 0.00958790621 0.2547581602 -0.999954956 -0.000943225508 -0.009444376081 0.0004710047174 0.9888925338 -0.1486315403 0.009479666053 -0.1486292937 -0.9888475459 6.215667012e-06 0
0.1602453174 0.1362085198 0 -0.001851177339 0.04071216076 0.5078221443 -0.0002360996877 0.01021850004 0.2547252574 -0.9999418907 -0.001141363024 -0.010719728 0.0005698423269 0.9873931369 -0.158286034 0.01076524769 -0.1582829446 -0.9873351097 7.128263227e-06 0
0.1701505285 0.1446279493 0 -0.002086515007 0.04320837496 0.5075452765 -0.0002661737292 0.01084886634 0.2546902609 -0.9999261773 -0.001365286251 -0.01207377207 0.0006815080074 0.9858013644 -0.1679142802 0.01213159203 -0.1679101127 -0.9857276594 8.10751559e-06 0
0.1800557397 0.1530473787 0 -0.002335818443 0.04570094315 0.5072519783 -0.000298046066 0.01147899186 0.2546531719 -0.9999074829 -0.001616516185 -0.01350602018 0.0008067495739 0.9841178158 -0.1775147143 0.01357847049 -0.1775091871 -0.9840254639 9.154907813e-06 0
0.1907228901 0.1621144566 0 -0.002619888592 0.04838092937 0.5069177781 -0.0003343802415 0.01215730397 0.2546108907 -0.9998836125 -0.001919339192 -0.01513530763 0.0009576559638 0.9822028539 -0.187820757 0.01522643409 -0.1878133914 -0.9820866997 1.0360861e-05 0
0.2006281013 0.1705338861 0 -0.002898115548 0.05086525559 0.5065904523 -0.0003699846863 0.01278688662 0.2545694586 -0.9998575808 -0.002232085834 -0.01672829868 0.001113447663 0.9803307571 -0.1973584729 0.01683978676 -0.1973489914 -0.9801886539 1.155483401e-05 0
0.2105333124 0.1789533155 0 -0.003190226071 0.05334529203 0.5062467929 -0.0004073846163 0.01341618715 0.2545259372 -0.9998274255 -0.002576734633 -0.01839781737 0.001285063901 0.9783689424 -0.2068636292 0.0185328858 -0.2068515722 -0.9781967896 1.282196426e-05 0
0.2204385235 0.187372745 0 -0.003496190582 0.05582083043 0.5058868346 -0.0004465790194 0.01404519201 0.2544803275 -0.9997927377 -0.002954749174 -0.02014326291 0.001473216972 0.9763181471 -0.2163347065 0.02030544791 -0.2163195439 -0.9761114402 1.416401896e-05 0
0.2303437346 0.1957921744 0 -0.003815978104 0.058291663 0.505510614 -0.0004875668351 0.01467388763 0.2544326309 -0.9997530904 -0.003367577174 -0.0219640075 0.001678609351 0.9741791416 -0.2257701982 0.02215717654 -0.2257513224 -0.9739329546 1.558282751e-05 0
0.2402489458 0.2042116039 0 -0.004149556267 0.06075758251 0.5051181691 -0.0005303469544 0.01530226042 0.2543828486 -0.9997080386 -0.003816649782 -0.02385939659 0.001901933269 0.9719527289 -0.2351686108 0.02408776185 -0.2351453296 -0.9716616971 1.708027884e-05 0
0.2501541569 0.2126310334 0 -0.004496891306 0.06321838229 0.5047095396 -0.0005749182198 0.01593029676 0.254330982 -0.9996571195 -0.004303380904 -0.02582874913 0.002143870293 0.9696397444 -0.2445284643 0.02609688083 -0.2444999938 -0.969298048 1.865831875e-05 0
0.260059368 0.2210504628 0 -0.004857948072 0.06567385621 0.504284767 -0.0006212794256 0.01655798303 0.2542770325 -0.9995998532 -0.00482916652 -0.02787135792 0.002405090906 0.9672410556 -0.2538482932 0.02818419733 -0.2538137498 -0.9668424026 2.031894733e-05 0
0.2707265185 0.2301175407 0 -0.005262082102 0.0683120209 0.5038093152 -0.0006732072059 0.01723354573 0.2542166052 -0.9995305126 -0.005440652982 -0.03015217463 0.002708726698 0.964563037 -0.2638386069 0.03051912744 -0.263796412 -0.9640954496 2.220203369e-05 0
0.2806317296 0.2385369702 0 -0.00565151953 0.0707557775 0.5033511535 -0.0007232819169 0.01786046137 0.2541583342 -0.9994584552 -0.006051930814 -0.03234455922 0.003012089841 0.9619892547 -0.2730706891 0.03276772333 -0.2730202338 -0.9614500654 2.404080545e-05 0
0.2905369407 0.2469563996 0 -0.006054561879 0.07319357792 0.502876986 -0.0007751425546 0.018486985 0.254097985 -0.9993784666 -0.00670643901 -0.034607863 0.003336725764 0.9593326329 -0.2822583316 0.03509340061 -0.2821983756 -0.9587139981 2.596863429e-05 0
0.3004421519 0.2553758291 0 -0.006471168393 0.07562521864 0.5023868607 -0.0008287877158 0.01911310298 0.2540355592 -0.9992899984 -0.007405493664 -0.03694127524 0.003683255576 0.9565941651 -0.2914001321 0.03749577017 -0.2913293017 -0.9558877053 2.798771641e-05 0
0.310347363 0.2637952586 0 -0.006901296949 0.07805049683 0.5018808271 -0.0008842159495 0.01973880169 0.2539710584 -0.9991924859 -0.008150389645 -0.03934396065 0.004052287277 0.9537748744 -0.3004947052 0.03997443006 -0.3004114846 -0.9529716601 3.010029024e-05 0
0.3202525741 0.272214688 0 -0.007344904067 0.08046921038 0.5013589364 -0.0009414257561 0.0203640675 0.2539044843 -0.9990853488 -0.00894239998 -0.04181505975 0.004444415376 0.9508758136 -0.3095406827 0.04252896556 -0.3094434044 -0.9499663502 3.230863428e-05 0
0.3301577853 0.2806341175 0 -0.007801944914 0.08288115791 0.5008212413 -0.001000415588 0.0209888868 0.2538358389 -0.9989679913 -0.009782775242 -0.04435368925 0.004860220514 0.9478980641 -0.3185367142 0.04515894926 -0.3184235502 -0.9468722786 3.461506507e-05 0
0.3400629964 0.2890535469 0 -0.008272373309 0.08528613881 0.5002677961 -0.001061183849 0.02161324598 0.2537651238 -0.9988398021 -0.01067274294 -0.0469589424 0.005300269098 0.9448427358 -0.3274814677 0.04786394113 -0.3273504195 -0.9436899629 3.702193511e-05 0
0.3507301469 0.2981206248 0 -0.008793905836 0.08786809795 0.4996542284 -0.0011286136 0.02228510263 0.2536866569 -0.9986889206 -0.0116880114 -0.04983804072 0.005801912672 0.9414669283 -0.3370554269 0.05086037478 -0.3369026764 -0.9401647775 3.972901276e-05 0
0.360635358 0.3065400543 0 -0.009291985753 0.09025797208 0.4990682521 -0.001193070215 0.02290846276 0.2536116497 -0.9985362184 -0.01268479766 -0.05257866907 0.006294059046 0.9382541418 -0.3458895058 0.05371969242 -0.3457141324 -0.9368009038 4.235215016e-05 0
0.3705405691 0.3149594837 0 -0.009803302727 0.0926402673 0.4984667027 -0.001259300048 0.02353132096 0.253534579 -0.9983707126 -0.01373480251 -0.05538298814 0.006812098567 0.9349673644 -0.3546683279 0.05665258589 -0.3544677457 -0.933350471 4.508317113e-05 0
0.3804457802 0.3233789132 0 -0.01032780514 0.09501478632 0.497849641 -0.001327301306 0.0241536637 0.2534554469 -0.9981917336 -0.01483915345 -0.05824999968 0.007356535934 0.9316078165 -0.3633906406 0.05965856449 -0.3631620517 -0.9298140566 4.792455587e-05 0
0.3903509914 0.3317983427 0 -0.01086544006 0.09738133274 0.4972171293 -0.001397072151 0.0247754774 0.2533742554 -0.9979985983 -0.01599895206 -0.06117868406 0.007927859849 0.9281767442 -0.3720552117 0.06273712528 -0.3717955958 -0.9261922522 5.08788116e-05 0
0.4002562025 0.3402177721 0 -0.01141615323 0.09973971104 0.4965692315 -0.001468610695 0.02539674855 0.2532910069 -0.9977906103 -0.01721527343 -0.06416800064 0.008526542692 0.9246754189 -0.3806608303 0.06588775315 -0.3803669334 -0.9224856638 5.394847105e-05 0
0.4101614136 0.3486372016 0 -0.01197988912 0.1020897266 0.4959060128 -0.001541915003 0.02601746361 0.2532057035 -0.9975670607 -0.01848916566 -0.06721688833 0.0091530402 0.9211051365 -0.389206307 0.06910992099 -0.3888746305 -0.9186949116 5.713609099e-05 0
0.4200666248 0.3570566311 0 -0.01255659085 0.1044311858 0.4952275402 -0.001616983092 0.0266376091 0.2531183475 -0.9973272281 -0.01982164935 -0.07032426591 0.009807791161 0.917467217 -0.3976904739 0.07240308966 -0.3973172636 -0.9148206298 6.044425087e-05 0
0.4307337752 0.3661237089 0 -0.01319208782 0.1069429672 0.4944798967 -0.001699795831 0.02730480561 0.2530219791 -0.9970498951 -0.02132329501 -0.07373482126 0.01054498776 0.9134753574 -0.4067573904 0.07602835004 -0.4063349462 -0.9105556554 6.41446732e-05 0
0.4406389863 0.3745431384 0 -0.01379553139 0.1092660409 0.4937699631 -0.001778520613 0.02792372503 0.2529303677 -0.9967738866 -0.02278060752 -0.07696013856 0.01125974576 0.9097012795 -0.4151105879 0.0794672079 -0.4146379456 -0.9065099762 6.77115185e-05 0
0.4505441975 0.3829625679 0 -0.01441175782 0.1115799683 0.4930449908 -0.001859002775 0.02854203342 0.2528367111 -0.9964793014 -0.02429947402 -0.08024049805 0.01200399787 0.9058637703 -0.4233990241 0.08297533369 -0.4228715705 -0.9023828062 7.140696907e-05 0
0.4604494086 0.3913819973 0 -0.01504070504 0.11388456 0.4923050529 -0.00194124014 0.02915971733 0.252741012 -0.9961653712 -0.02588079796 -0.08357474155 0.01277811074 0.9019642415 -0.4316216247 0.08655214043 -0.4310344433 -0.8981748358 7.523368389e-05 0
0.4703546197 0.3998014268 0 -0.01568230971 0.1161796274 0.4915502239 -0.002025230483 0.02977676335 0.2526432729 -0.9958313177 -0.02752545287 -0.08696169321 0.01358243262 0.8980041257 -0.4397773388 0.0901970297 -0.4391251981 -0.8938867692 7.919433863e-05 0
0.4802598309 0.4082208562 0 -0.01633650725 0.118464983 0.4907805797 -0.002110971532 0.03039315808 0.2525434963 -0.9954763522 -0.02923428198 -0.09040016004 0.01441729314 0.8939848757 -0.44786514 0.09390939163 -0.4471424814 -0.8895193238 8.329162465e-05 0
0.490165042 0.4166402857 0 -0.01700323183 0.1207404402 0.4899961978 -0.002198460967 0.03100888813 0.2524416851 -0.9950996765 -0.03100809777 -0.09388893237 0.015283003 0.8899079641 -0.4558840261 0.09768860511 -0.4550849518 -0.8850732304 8.75282481e-05 0
0.5000702531 0.4250597152 0 -0.01768241637 0.123005814 0.4891971572 -0.002287696421 0.03162394015 0.2523378419 -0.9947004833 -0.03284768157 -0.09742678441 0.01617985376 0.8857748822 -0.4638330199 0.1015340378 -0.4629512802 -0.8805492328 9.190692901e-05 0
0.5107374036 0.434126793 0 -0.01842770201 0.1254339592 0.4883203506 -0.002385746021 0.03228553029 0.2522237415 -0.9942444642 -0.03490318236 -0.1012902426 0.01718083105 0.8812627854 -0.4723142196 0.1057485906 -0.4713360488 -0.8755909802 9.678443571e-05 0
0.5206426147 0.4425462225 0 -0.01913254527 0.127677803 0.4874911232 -0.002478600056 0.03289913147 0.2521156872 -0.9937958863 -0.03688172049 -0.1049260453 0.01814320635 0.8770178864 -0.4801150393 0.1097294872 -0.4790400459 -0.8709076151 0.0001014669061 0
0.5305478258 0.450965652 0 -0.01984963443 0.1299110003 0.4866474889 -0.002573192533 0.03351201364 0.2520056096 -0.9933222535 -0.03892823136 -0.1086070604 0.01913749723 0.8727215179 -0.4878431186 0.1137745884 -0.4866638932 -0.8661487159 0.0001062998819 0
0.540453037 0.4593850814 0 -0.02057889745 0.1321333705 0.4857895324 -0.002669520892 0.0341241635 0.2518935119 -0.9928227252 -0.04104336549 -0.1123320015 0.02016391493 0.8683752416 -0.4954975845 0.1178832174 -0.4942063151 -0.8613150789 0.0001112861318 0
0.5503582481 0.4678045109 0 -0.0213202611 0.1343447342 0.4849173399 -0.002767582526 0.03473556781 0.251779397 -0.992296454 -0.04322774043 -0.116099569 0.02122265046 0.8639806347 -0.5030775904 0.1220546868 -0.5016660496 -0.8564075129 0.0001164284345 0
0.5602634592 0.4762239404 0 -0.02207365094 0.1365449134 0.4840309989 -0.002867374785 0.03534621333 0.251663268 -0.9917425859 -0.04548194043 -0.1199084503 0.02231387444 0.8595392891 -0.5105823161 0.1262882986 -0.5090418486 -0.8514268389 0.0001217295783 0
0.5701686704 0.4846433698 0 -0.02283899139 0.1387337311 0.4831305984 -0.002968894967 0.03595608685 0.251545128 -0.9911602608 -0.0478065162 -0.1237573206 0.02343773692 0.8550528107 -0.5180109684 0.1305833446 -0.516332478 -0.8463738903 0.0001271923607 0
0.5800738815 0.4930627993 0 -0.02361620566 0.1409110116 0.4822162286 -0.003072140326 0.03656517518 0.2514249803 -0.990548613 -0.05020198458 -0.1276448431 0.0245943672 0.8505228189 -0.5253627809 0.134939106 -0.5235367181 -0.8412495126 0.0001328195874 0
0.5907410319 0.5021298772 0 -0.02446639525 0.143242673 0.4812160056 -0.003185253772 0.03722022325 0.2512933488 -0.9898561235 -0.05286155496 -0.131873086 0.02587673855 0.8455975753 -0.5331933374 0.1396969906 -0.5311971354 -0.8356520533 0.0001390668104 0
0.6006462431 0.5105493066 0 -0.02526802022 0.1453954365 0.4802729174 -0.003292073215 0.03782763876 0.2511690415 -0.9891807865 -0.05540576481 -0.135836567 0.02710174727 0.8409824374 -0.54038323 0.1441765133 -0.5382181168 -0.8303820758 0.0001450445745 0
0.6105514542 0.5189687361 0 -0.02608127557 0.1475361307 0.4793161464 -0.003400609092 0.03843422866 0.2510427365 -0.9884734324 -0.05802224245 -0.1398345193 0.02835978996 0.8363288443 -0.5474940972 0.1487144772 -0.5451490471 -0.8250433448 0.0001511954639 0
0.6204566653 0.5273881655 0 -0.02690607984 0.1496645855 0.4783457884 -0.003510858468 0.03903997985 0.2509144373 -0.9877331774 -0.06071136409 -0.1438655641 0.0296509099 0.8316384622 -0.554525285 0.1533101229 -0.5519887666 -0.8196367535 0.000157522314 0
0.6303618765 0.535807595 0 -0.02774235049 0.1517806319 0.4773619406 -0.00362281836 0.03964487927 0.2507841473 -0.9869591342 -0.06347347087 -0.1479283134 0.03097512892 0.8269129666 -0.5614761678 0.1579626817 -0.5587361311 -0.8141632066 0.0001640279664 0
0.6402670876 0.5442270245 0 -0.02859000382 0.1538841026 0.4763647014 -0.00373648574 0.04024891388 0.2506518701 -0.9861504128 -0.06630886873 -0.1520213712 0.03233244734 0.822154042 -0.568346148 0.1626713749 -0.5653900115 -0.8086236199 0.0001707152682 0
0.6501722987 0.5526464539 0 -0.02944895508 0.1559748313 0.4753541705 -0.003851857532 0.04085207066 0.2505176091 -0.9853061208 -0.06921782818 -0.1561433336 0.03372284388 0.8173633811 -0.5751346565 0.1674354149 -0.5719492946 -0.8030189202 0.0001775870724 0
0.6600775099 0.5610658834 0 -0.03031911838 0.1580526534 0.474330449 -0.003968930616 0.04145433664 0.2503813681 -0.984425364 -0.07220058415 -0.1602927897 0.03514627556 0.8125426835 -0.5818411525 0.1722540046 -0.5784128829 -0.7973500453 0.0001846462368 0
0.6707446603 0.5701329613 0 -0.03126865648 0.160275687 0.4732133453 -0.004096908316 0.04210191968 0.2502324367 -0.9834350492 -0.07549554046 -0.1647905559 0.03671607184 0.8073195293 -0.5889712282 0.1775033352 -0.5852654107 -0.7911744214 0.0001924612304 0
0.6806498714 0.5785523907 0 -0.0321618273 0.1623261834 0.4721625561 -0.004217504679 0.04270229415 0.250092095 -0.9824756953 -0.07863216166 -0.1689925779 0.03820788301 0.8024419072 -0.5955057877 0.1824326339 -0.5915268115 -0.7853753023 0.0001999186798 0
0.6905550826 0.5869718202 0 -0.03306593921 0.1643632757 0.471098895 -0.004339792444 0.04330173802 0.2499497846 -0.9814771186 -0.08184307782 -0.1732177134 0.03973246029 0.7975395167 -0.6019568513 0.1874139729 -0.5976892419 -0.77951496 0.0002075723117 0
0.7004602937 0.5953912496 0 -0.03398090203 0.1663868053 0.4700224682 -0.004463768301 0.04390023842 0.2498055094 -0.9804384225 -0.08512837763 -0.1774645287 0.04128967162 0.7926140796 -0.6083239958 0.1924465189 -0.603751671 -0.7735943751 0.0002154250019 0
0.7103655048 0.6038106791 0 -0.03490662449 0.1683966149 0.468933383 -0.004589428897 0.04449778252 0.2496592733 -0.9793587109 -0.08848811366 -0.1817315854 0.04287936298 0.787667321 -0.6146068269 0.1975294298 -0.6097130844 -0.7676145381 0.0002234796297 0
0.720270716 0.6122301086 0 -0.03584301433 0.1703925489 0.4678317478 -0.004716770832 0.04509435748 0.2495110803 -0.9782370886 -0.09192230233 -0.1860174422 0.0445013584 0.7827009688 -0.6208049795 0.2026618552 -0.6155724846 -0.7615764496 0.0002317390779 0
0.7301759271 0.620649538 0 -0.03678997825 0.1723744533 0.4667176726 -0.004845790664 0.04568995054 0.2493609342 -0.9770726623 -0.09543092385 -0.1903206543 0.04615545994 0.7777167527 -0.6269181175 0.2078429364 -0.6213288914 -0.7554811199 0.0002402062325 0
0.7400811382 0.6290689675 0 -0.03774742196 0.1743421754 0.4655912683 -0.0049764849 0.04628454893 0.2492088392 -0.9758645404 -0.09901392222 -0.194639775 0.04784144766 0.7727164036 -0.6329459341 0.2130718065 -0.6269813417 -0.7493295687 0.0002488839824 0
0.7507482887 0.6381360454 0 -0.03879012588 0.1764452271 0.4643645578 -0.005119101044 0.04692375868 0.2490428697 -0.9745136 -0.1029556081 -0.1993072655 0.04969250852 0.7673153557 -0.6393416923 0.2187553381 -0.6329512522 -0.7426431272 0.0002584680864 0
0.7606534998 0.6465554748 0 -0.03976902972 0.1783830133 0.4632129062 -0.005253261544 0.04751625059 0.24888674 -0.9732118894 -0.1066927453 -0.2036547973 0.05144392336 0.7622870304 -0.6451914491 0.2240806576 -0.638384791 -0.7363781077 0.0002675924694 0
0.7705587109 0.6549749043 0 -0.04075811703 0.1803061579 0.4620492741 -0.005389085429 0.04810770877 0.2487286741 -0.9718637586 -0.1105038598 -0.2080137777 0.05322641009 0.7572478965 -0.6509551233 0.2294510493 -0.6437115194 -0.7300600631 0.0002769363534 0
0.7804639221 0.6633943338 0 -0.04175728954 0.1822145149 0.460873777 -0.005526569023 0.0486981206 0.2485686763 -0.9704683297 -0.1143887481 -0.2123827566 0.05503965945 0.752199681 -0.6566325272 0.2348656145 -0.6489305465 -0.7236900503 0.0002865026373 0
0.7903691332 0.6718137632 0 -0.04276644803 0.1841079399 0.4596865317 -0.005665708609 0.04928747347 0.2484067509 -0.9690247294 -0.1183471706 -0.2167602847 0.0568833404 0.7471441086 -0.6622235019 0.2403234474 -0.6540409988 -0.7172691353 0.000296294222 0
0.8002743443 0.6802331927 0 -0.04378549235 0.1859862902 0.4584876561 -0.005806500424 0.04987575483 0.2482429021 -0.9675320893 -0.1223788515 -0.2211449139 0.05875710015 0.7420829001 -0.6677279181 0.2458236348 -0.6590420215 -0.7107983923 0.0003063140102 0
0.8101795555 0.6886526221 0 -0.04481432142 0.1878494247 0.4572772689 -0.005948940659 0.05046295213 0.2480771346 -0.9659895464 -0.1264834795 -0.2255351981 0.06066056429 0.7370177719 -0.6731456751 0.2513652564 -0.6639327777 -0.7042789039 0.0003165649063 0
0.8200847666 0.6970720516 0 -0.04585283326 0.1896972041 0.4560554903 -0.006093025462 0.05104905287 0.2479094526 -0.964396244 -0.1306607069 -0.2299296939 0.06259333682 0.7319504354 -0.6784767014 0.256947385 -0.6687124493 -0.6977117611 0.000327049816 0
0.830751917 0.7061391295 0 -0.04698194124 0.1916697902 0.4547271279 -0.006250028433 0.05167899767 0.2477267362 -0.962622638 -0.1352400107 -0.2346652856 0.0647070817 0.7264927902 -0.6841207638 0.2630031375 -0.6737346402 -0.6905874198 0.0003386062991 0
0.8406571282 0.7145585589 0 -0.04804023368 0.1934852403 0.453482078 -0.006397516375 0.05226278116 0.2475550925 -0.9609212026 -0.1395667572 -0.23906393 0.06669936714 0.7214263089 -0.6892715541 0.2686664043 -0.6782810635 -0.6839248219 0.0003495865269 0
0.8505623393 0.7229779884 0 -0.04910788949 0.1952849173 0.4522260124 -0.006546636754 0.05284542985 0.2473815485 -0.9591664137 -0.1439648113 -0.2434623664 0.06871960841 0.7163628446 -0.6943355747 0.2743672834 -0.6827140016 -0.6772179752 0.0003608097163 0
0.8604675504 0.7313974179 0 -0.05018480312 0.1970686887 0.4509590552 -0.006697385537 0.05342693137 0.2472061088 -0.9573574439 -0.1484336811 -0.2478591676 0.07076732273 0.7113040799 -0.6993128712 0.2801048209 -0.6870327126 -0.6704680016 0.000372278777 0
0.8703727616 0.7398168473 0 -0.05127086813 0.1988364241 0.4496813316 -0.006849758648 0.0540072734 0.2470287781 -0.9554934739 -0.1529728399 -0.2522529121 0.07284200637 0.7062516883 -0.7042035181 0.285878057 -0.691236474 -0.6636760305 0.0003839966196 0
0.8802779727 0.7482362768 0 -0.05236597728 0.2005879946 0.4483929679 -0.007003751965 0.05458644366 0.2468495611 -0.9535736935 -0.1575817258 -0.2566421843 0.07494313481 0.7012073335 -0.7090076177 0.2916860257 -0.6953245825 -0.6568431984 0.000395966155 0
0.8901831838 0.7566557063 0 -0.05347002248 0.2023232732 0.4470940912 -0.007159361325 0.05516442988 0.2466684627 -0.9515973018 -0.1622597429 -0.2610255754 0.07707016288 0.6961726689 -0.7137253008 0.2975277553 -0.6992963541 -0.6499706485 0.0004081902942 0
0.900088395 0.7650751357 0 -0.05458289486 0.2040421347 0.4457848296 -0.00731658252 0.05574121984 0.2464854878 -0.9495635077 -0.1670062604 -0.2654016838 0.07922252493 0.6911493365 -0.7183567263 0.3034022682 -0.7031511243 -0.6430595307 0.0004206719485 0
0.9107555454 0.7741422136 0 -0.05579111879 0.2058747148 0.4443633897 -0.00748769536 0.05636102648 0.2462863448 -0.9473081768 -0.1721937388 -0.2701046731 0.08156811284 0.6857541367 -0.7232481641 0.3097642024 -0.7071708282 -0.6355749827 0.0004344050597 0
0.9206607565 0.7825616431 0 -0.05692197316 0.207559087 0.4430329727 -0.007648250579 0.05693529304 0.2460994882 -0.9451526794 -0.1770803644 -0.2744612125 0.08377119633 0.6807595346 -0.7277010668 0.3157036574 -0.7107805572 -0.6285874642 0.0004474308552 0
0.9305659677 0.7909810725 0 -0.05806131474 0.2092266682 0.4416925709 -0.007810404415 0.05750832599 0.2459107702 -0.9429374115 -0.182033338 -0.2788062083 0.0859977469 0.6757812392 -0.732068374 0.3216728547 -0.7142713634 -0.6215649555 0.0004607231226 0
0.9404711788 0.799400502 0 -0.05920903145 0.2108773408 0.4403423159 -0.007974152482 0.05808011326 0.245720196 -0.9406616267 -0.1870518919 -0.2831382945 0.08824711744 0.6708208393 -0.7363503567 0.3276707957 -0.7176426627 -0.6145086316 0.000474284772 0
0.9503763899 0.8078199314 0 -0.06036501053 0.2125109887 0.4389823406 -0.008139490355 0.05865064282 0.2455277707 -0.9383245904 -0.1921352257 -0.2874561151 0.09051864134 0.6658799088 -0.7405473129 0.3336964768 -0.720893891 -0.6074196731 0.0004881187129 0
0.9602816011 0.8162393609 0 -0.06152913843 0.214127498 0.4376127783 -0.008306413564 0.05921990269 0.2453334995 -0.9359255808 -0.1972825062 -0.2917583247 0.0928116328 0.6609600061 -0.7446595673 0.3397488898 -0.7240245045 -0.600299266 0.0005022278538 0
0.9701868122 0.8246587904 0 -0.06270130093 0.2157267565 0.4362337636 -0.008474917595 0.05978788091 0.2451373876 -0.9334638887 -0.2024928683 -0.2960435893 0.09512538703 0.6560626733 -0.7486874711 0.3458270221 -0.7270339792 -0.5931486018 0.0005166151022 0
0.9800920233 0.8330782198 0 -0.06388138307 0.2173086541 0.4348454317 -0.008644997895 0.06035456557 0.2449394401 -0.9309388187 -0.2077654149 -0.3003105864 0.09745918051 0.6511894356 -0.7526314018 0.3519298567 -0.7299218118 -0.5859688769 0.0005312833643 0
0.9907591738 0.8421452977 0 -0.065160965 0.2189926963 0.4333400412 -0.008829918829 0.06096338111 0.2447242194 -0.9281478523 -0.2135120199 -0.3048838823 0.09999405583 0.6459700088 -0.7567852645 0.3585285946 -0.7328951938 -0.5782057435 0.0005473975562 0
1.000664385 0.8505647272 0 -0.0663571254 0.2205381926 0.4319327936 -0.009003258178 0.06152734128 0.2445224768 -0.9254889885 -0.2189107164 -0.3091087678 0.1023670775 0.6411516106 -0.7605561082 0.3646794669 -0.7355288645 -0.5709695053 0.0005626587428 0
1.010569596 0.8589841566 0 -0.06756084752 0.2220660006 0.43051665 -0.009178159514 0.0620899715 0.2443189153 -0.9227646946 -0.2243686418 -0.3133113962 0.1047577975 0.6363618867 -0.7642443019 0.3708518873 -0.7380394717 -0.5637079173 0.0005782098764 0
1.020474807 0.8674035861 0 -0.0687720137 0.2235760182 0.4290917486 -0.009354618111 0.06265126002 0.2441135402 -0.9199743336 -0.2298847733 -0.3174904983 0.1071654188 0.6316022862 -0.7678503273 0.377044823 -0.7404265953 -0.5564221944 0.0005940538567 0
1.030380018 0.8758230155 0 -0.06999050563 0.2250681448 0.4276582287 -0.009532629199 0.06321119515 0.2439063571 -0.9171172842 -0.2354580582 -0.3216448195 0.1095891267 0.6268742379 -0.7713746905 0.3832572379 -0.7426898361 -0.5491135556 0.0006101935813 0
1.040285229 0.884242445 0 -0.07121620441 0.226542282 0.4262162301 -0.009712187969 0.06376976521 0.2436973716 -0.9141929407 -0.241087415 -0.3257731198 0.11202809 0.6221791496 -0.7748179224 0.3894880926 -0.7448288154 -0.5417832237 0.0006266319456 0
1.050190441 0.8926618745 0 -0.07244899051 0.2279983333 0.4247658935 -0.009893289567 0.06432695859 0.2434865891 -0.9112007138 -0.2467717327 -0.3298741747 0.1144814604 0.6175184075 -0.7781805778 0.3957363446 -0.7468431752 -0.5344324253 0.0006433718426 0
1.060095652 0.9010813039 0 -0.07368874382 0.229436204 0.4233073602 -0.0100759291 0.06488276372 0.2432740154 -0.9081400308 -0.2525098725 -0.3339467754 0.1169483733 0.6128933758 -0.7814632352 0.4020009484 -0.7487325786 -0.5270623903 0.0006604161624 0
1.070000863 0.9095007334 0 -0.07493534367 0.2308558018 0.4218407722 -0.01026010164 0.06543716905 0.2430596562 -0.9050103358 -0.2583006673 -0.3379897297 0.1194279481 0.6083053957 -0.7846664965 0.4082808559 -0.7504967094 -0.5196743517 0.0006777677926 0
1.080668013 0.9185678113 0 -0.07628535349 0.2323640601 0.4202525253 -0.01046015 0.06603264232 0.2428268175 -0.9015620988 -0.2645944237 -0.3423091774 0.1221113914 0.6034074416 -0.788028088 0.4150597428 -0.7522561069 -0.5116992862 0.0006968011505 0
1.090573224 0.9269872407 0 -0.07754578499 0.2337454193 0.4187696647 -0.01064749052 0.06658410373 0.2426087682 -0.8982873711 -0.2704907319 -0.3462868216 0.1246143824 0.5989005984 -0.791068473 0.421368075 -0.7537591374 -0.5042778086 0.0007148002536 0
1.100478436 0.9354066702 0 -0.07881268821 0.2351082333 0.4172791903 -0.01083634859 0.06713413012 0.2423889512 -0.8949420317 -0.276435935 -0.3502312576 0.1271272285 0.5944347847 -0.7940314568 0.4276884704 -0.7551360543 -0.4968421397 0.0007331155318 0
1.110383647 0.9438260997 0 -0.08008594027 0.2364524177 0.4157812467 -0.01102671912 0.06768271016 0.2421673723 -0.8915255975 -0.2824287576 -0.3541413643 0.1296489873 0.5900112429 -0.7969177331 0.4340198718 -0.7563866274 -0.4893935235 0.0007517498591 0
1.120288858 0.9522455291 0 -0.08136541776 0.2377778904 0.4142759791 -0.01121859698 0.06822983252 0.2419440375 -0.8880376045 -0.2884678991 -0.3580160391 0.132178702 0.5856311896 -0.7997280166 0.4403612196 -0.7575106474 -0.4819332063 0.0007707061055 0
1.130194069 0.9606649586 0 -0.08265099682 0.239084571 0.4127635331 -0.01141197696 0.06877548594 0.2417189527 -0.8844776075 -0.2945520343 -0.3618541984 0.1347154019 0.5812958153 -0.8024630432 0.4467114531 -0.7585079263 -0.4744624363 0.000789987137 0
1.14009928 0.969084388 0 -0.08394255309 0.2403723812 0.4112440552 -0.01160685386 0.06931965921 0.2414921239 -0.8808451809 -0.3006798137 -0.3656547782 0.1372581027 0.5770062836 -0.8051235693 0.4530695095 -0.7593782972 -0.4669824635 0.0008095958154 0
1.150004491 0.9775038175 0 -0.08523996175 0.2416412449 0.4097176921 -0.01180322241 0.06986234114 0.2412635573 -0.8771399187 -0.3068498647 -0.3694167342 0.1398058072 0.5727637311 -0.8077103718 0.4594343253 -0.7601216145 -0.4594945395 0.0008295349979 0
1.160671642 0.9865708954 0 -0.08664357237 0.2429864399 0.4080663854 -0.01201635833 0.07044508726 0.241015472 -0.8730677388 -0.3135402075 -0.3734237027 0.142553926 0.5682486382 -0.8104146244 0.46629508 -0.7607798785 -0.4514231661 0.0008513808525 0
1.170576853 0.9949903248 0 -0.08795273527 0.2442157188 0.4065261938 -0.01221580793 0.07098463631 0.2407833155 -0.8692099925 -0.3197935677 -0.3771021916 0.1451087812 0.5641071678 -0.8128508749 0.4726705306 -0.7612589424 -0.4439227322 0.0008720155754 0
1.180482064 1.003409754 0 -0.08926736379 0.2454258297 0.404979572 -0.01241673275 0.07152265995 0.24054944 -0.8652782882 -0.3260848341 -0.3807389721 0.1476654934 0.560015997 -0.8152159132 0.4790494609 -0.7616106381 -0.4364182053 0.0008929895634 0
1.190387275 1.011829184 0 -0.09058733139 0.246616705 0.4034266689 -0.01261912735 0.07205914718 0.2403138518 -0.8612723032 -0.3324125443 -0.3843330849 0.1502230159 0.5559761462 -0.8175105934 0.4854308038 -0.7618349068 -0.428910841 0.0009143056528 0
1.200292486 1.020248613 0 -0.09191251116 0.2477882789 0.4018676339 -0.01282298628 0.07259408708 0.2400765572 -0.857191736 -0.3387752155 -0.3878835922 0.1527802911 0.551988606 -0.8197357876 0.4918134914 -0.761931711 -0.4214018953 0.0009359666745 0
1.210197697 1.028668043 0 -0.09324277581 0.248940488 0.4003026167 -0.01302830402 0.07312746876 0.2398375624 -0.8530363066 -0.3451713451 -0.3913895785 0.1553362507 0.5480543368 -0.8218923853 0.4981964561 -0.7619010345 -0.4138926247 0.0009579754534 0
1.220102908 1.037087472 0 -0.09457799768 0.2500732707 0.3987317674 -0.01323507505 0.07365928138 0.239596874 -0.8488057566 -0.3515994115 -0.3948501506 0.1578898163 0.5441742688 -0.8239812929 0.5045786297 -0.7617428825 -0.4063842854 0.0009803348081 0
1.23000812 1.045506902 0 -0.0959180488 0.2511865676 0.3971552367 -0.01344329379 0.07418951415 0.2393544982 -0.8444998494 -0.3580578746 -0.3982644382 0.1604398996 0.540349301 -0.8260034331 0.5109589445 -0.7614572814 -0.3988781339 0.001003047551 0
1.24067527 1.054573979 0 -0.09736643433 0.2523636455 0.3954512537 -0.01366914193 0.07475875493 0.2390915986 -0.8397781982 -0.3650453492 -0.40188863 0.1631809898 0.5362927205 -0.8281075308 0.5178267495 -0.7610072345 -0.3907984731 0.001027905855 0
1.250580481 1.062993409 0 -0.09871610507 0.2534362915 0.3938634058 -0.01388034944 0.07528567222 0.2388457392 -0.8353151208 -0.3715619466 -0.4052041076 0.1657203239 0.5325849281 -0.8299940172 0.5241997932 -0.7604571087 -0.3833008774 0.001051361513 0
1.260485692 1.071412838 0 -0.1000702093 0.2544892824 0.392270342 -0.01409298724 0.07581097679 0.2385982124 -0.8307760984 -0.3781040937 -0.4084707685 0.1682527713 0.5289348044 -0.8318166731 0.5305676953 -0.759779749 -0.3758093315 0.00107517917 0
1.270390903 1.079832268 0 -0.1014286177 0.2555225674 0.3906722144 -0.0143070496 0.07633465803 0.238349025 -0.8261609861 -0.3846701821 -0.4116878381 0.1707772086 0.5253431186 -0.8335764828 0.5369293902 -0.7589752688 -0.368325089 0.001099361607 0
1.280296115 1.088251697 0 -0.1027912009 0.2565360977 0.3890691754 -0.01452253076 0.07685670542 0.2380981835 -0.8214696619 -0.3912585889 -0.4148545664 0.1732925053 0.5218106072 -0.8352744446 0.5432838137 -0.7580438028 -0.360849402 0.0011239116 0
1.290201326 1.096671127 0 -0.1041578292 0.257529827 0.3874613774 -0.01473942489 0.07737710848 0.2378456946 -0.8167020271 -0.3978676766 -0.4179702273 0.1757975237 0.5183379734 -0.83691157 0.5496299025 -0.7569855066 -0.3533835213 0.001148831917 0
1.300106537 1.105090556 0 -0.1055283725 0.2585037109 0.3858489735 -0.01495772616 0.07789585677 0.2375915651 -0.8118580061 -0.4044957945 -0.4210341199 0.1782911198 0.5149258873 -0.8384888831 0.5559665948 -0.7558005575 -0.345928696 0.001174125316 0
1.310011748 1.113509986 0 -0.1069027007 0.259457707 0.3842321168 -0.01517742867 0.07841293991 0.2373358016 -0.8069375471 -0.4111412789 -0.4240455681 0.1807721435 0.5115749854 -0.8400074205 0.5622928304 -0.7544891538 -0.3384861736 0.001199794546 0
1.320678898 1.122577064 0 -0.1083868298 0.2604628002 0.3824860826 -0.01541559166 0.07896792463 0.2370585446 -0.8015530754 -0.4183154538 -0.4272292692 0.1834286293 0.5080354367 -0.8415782394 0.5690927914 -0.7529357052 -0.3304863364 0.001227861785 0
1.330584109 1.130996493 0 -0.1097686021 0.2613753653 0.3808604682 -0.01563818549 0.07948151645 0.2367994095 -0.7964737973 -0.4249916397 -0.4301297437 0.1858798429 0.504813495 -0.8429780657 0.5753939296 -0.7513623902 -0.3230733421 0.001254320337 0
1.340489321 1.139415923 0 -0.1111537575 0.2622679262 0.3792308735 -0.01586216224 0.07999341151 0.2365386615 -0.7913180703 -0.4316800007 -0.4329758523 0.1883149128 0.5016544816 -0.844322376 0.5816813606 -0.7496633632 -0.3156764746 0.001281163124 0
1.350394532 1.147835352 0 -0.1125421651 0.2631404491 0.3775974528 -0.01608751586 0.08050359965 0.2362763075 -0.7860859395 -0.4383788287 -0.435767023 0.1907326695 0.498558893 -0.845612251 0.5879540327 -0.7478389083 -0.3082969715 0.001308392858 0
1.360299743 1.156254781 0 -0.1139336939 0.2639929028 0.3759603601 -0.01631424029 0.08101207075 0.2360123547 -0.7807774745 -0.4450864062 -0.4385027095 0.1931319398 0.4955271908 -0.8468487805 0.5942108961 -0.745889331 -0.3009360676 0.00133601224 0
1.370204954 1.164674211 0 -0.1153282127 0.264825258 0.3743197498 -0.01654232942 0.08151881476 0.2357468098 -0.7753927691 -0.4518010079 -0.4411823919 0.1955115478 0.4925598017 -0.8480330633 0.6004509042 -0.7438149575 -0.2935949943 0.001364023959 0
1.380110165 1.17309364 0 -0.1167255901 0.2656374875 0.3726757764 -0.01677177712 0.08202382167 0.2354796801 -0.7699319412 -0.4585209006 -0.4438055764 0.1978703145 0.4896571172 -0.8491662065 0.6066730129 -0.7416161347 -0.2862749799 0.001392430695 0
1.390015376 1.18151307 0 -0.1181256948 0.2664295665 0.3710285944 -0.01700257719 0.08252708154 0.2352109726 -0.7643951334 -0.4652443445 -0.4463717957 0.2002070595 0.4868194932 -0.8502493248 0.6128761811 -0.7392932307 -0.2789772493 0.001421235117 0
1.400682527 1.190580148 0 -0.119636399 0.2672600132 0.3692512952 -0.01725263642 0.08306708856 0.2349198388 -0.7583476377 -0.4724869451 -0.4490712049 0.2026975701 0.4838367173 -0.8513611021 0.6195341439 -0.7366533226 -0.271144476 0.001452703057 0
1.410587738 1.198999577 0 -0.1210417479 0.2680101705 0.3675979436 -0.01748622541 0.0835666884 0.2346478771 -0.7526535873 -0.4792121799 -0.451517734 0.2049847986 0.4811352023 -0.852343915 0.6256946619 -0.734073977 -0.2638969238 0.001482341913 0
1.420492949 1.207419007 0 -0.1224494193 0.2687401138 0.3659418596 -0.01772114754 0.08406451092 0.2343743596 -0.7468841493 -0.4859355782 -0.4539060271 0.2072463649 0.47849962 -0.8532801755 0.6318330569 -0.7313718121 -0.2566753994 0.001512386589 0
1.43039816 1.215838436 0 -0.1238592817 0.269449827 0.364283198 -0.01795739652 0.08456054641 0.2340992936 -0.7410395665 -0.4926553802 -0.4562357255 0.2094810852 0.4759301808 -0.8541710238 0.6379483019 -0.7285472801 -0.2494811112 0.001542839701 0
1.440303371 1.224257866 0 -0.1252712033 0.270139296 0.3626221138 -0.01819496598 0.0850547852 0.2338226863 -0.7351201062 -0.4993698237 -0.4585064979 0.2116877761 0.4734270595 -0.8550176049 0.6440393737 -0.7256008534 -0.2423152628 0.001573703856 0
1.450208582 1.232677295 0 -0.1266850526 0.2708085088 0.3609587617 -0.01843384953 0.08554721768 0.2335445451 -0.7291260605 -0.506077144 -0.4607180397 0.2138652555 0.4709903945 -0.8558210682 0.6501052533 -0.7225330253 -0.2351790532 0.001604981645 0
1.460113794 1.241096724 0 -0.1281006978 0.2714574556 0.3592932967 -0.01867404076 0.08603783429 0.2332648774 -0.7230577462 -0.5127755754 -0.4628700735 0.2160123425 0.4686202884 -0.8565825665 0.6561449257 -0.7193443088 -0.2280736763 0.001636675644 0
1.470019005 1.249516154 0 -0.1295180075 0.2720861288 0.3576258736 -0.0189155332 0.08652662554 0.2329836904 -0.7169155047 -0.5194633513 -0.4649623488 0.2181278585 0.4663168076 -0.8573032557 0.6621573805 -0.7160352377 -0.2210003211 0.001668788419 0
1.480686155 1.258583232 0 -0.1310460514 0.2727404825 0.3558281748 -0.01917704974 0.08705096391 0.2326791833 -0.7102185274 -0.5266516293 -0.4671484824 0.2203694504 0.4639106802 -0.8580350728 0.6686007393 -0.7123376602 -0.2134200301 0.001703842663 0
1.490591366 1.267002661 0 -0.1324663975 0.2733270339 0.3541571794 -0.01942122393 0.08753593393 0.2323948649 -0.7039239427 -0.5333116325 -0.4691159617 0.2224156414 0.4617456311 -0.8586747083 0.6745534562 -0.7087804137 -0.2064169563 0.001736833325 0
1.500496577 1.275422091 0 -0.1338880034 0.2738933016 0.3524847019 -0.01966667926 0.08801904974 0.2321090504 -0.6975566358 -0.5399555499 -0.4710230821 0.2244266531 0.4596471857 -0.8592771043 0.6804758755 -0.70510458 -0.1994495277 0.001770250556 0
1.510401788 1.28384152 0 -0.1353107377 0.2744392866 0.3508108969 -0.01991340914 0.08850030207 0.2318217472 -0.6911170486 -0.546581621 -0.4728697038 0.2264013203 0.4576152637 -0.8598434233 0.6863670063 -0.7013107742 -0.1925189098 0.001804096855 0
1.520307 1.29226095 0 -0.1367344691 0.2749649923 0.3491359187 -0.02016140695 0.08897968172 0.2315329629 -0.6846056471 -0.5531880884 -0.474655714 0.2283384826 0.4556497487 -0.8603748276 0.692225863 -0.697399631 -0.1856262624 0.001838374707 0
1.530212211 1.300680379 0 -0.1381590666 0.2754704238 0.3474599216 -0.02041066602 0.08945717955 0.2312427052 -0.678022922 -0.5597731991 -0.4763810269 0.2302369847 0.4537504884 -0.860872479 0.6980514652 -0.6933718049 -0.1787727385 0.00187308658 0
1.540117422 1.309099809 0 -0.1395843992 0.2759555886 0.3457830598 -0.02066117967 0.08993278648 0.2309509817 -0.6713693883 -0.5663352049 -0.4780455837 0.2320956769 0.4519172948 -0.8613375386 0.7038428384 -0.6892279698 -0.1719594851 0.001908234925 0
1.550022633 1.317519238 0 -0.1410103359 0.2764204964 0.3441054871 -0.02091294118 0.0904064935 0.2306578001 -0.6646455852 -0.5728723633 -0.4796493527 0.2339134158 0.4501499444 -0.8617711654 0.7095990135 -0.684968819 -0.1651876419 0.001943822176 0
1.560689783 1.326586316 0 -0.142546486 0.2768985253 0.3422982518 -0.02118545675 0.09091450447 0.2303404442 -0.6573266277 -0.579882601 -0.4813085015 0.235823877 0.448319981 -0.8622043225 0.7157575033 -0.6802538965 -0.157942498 0.001982640523 0
1.570594995 1.335005745 0 -0.1439732602 0.2773214004 0.3406196938 -0.02143978835 0.09138423692 0.2300442589 -0.6504587077 -0.5863626145 -0.4827860333 0.2375529346 0.4466885127 -0.8625763595 0.7214375045 -0.675757543 -0.1512602729 0.002019147041 0
