0.007273377892 0.002671657167 -0.002413888655 -1.651712677e-06 0.001854702083 0.5099955033 -2.080022461e-07 0.0004619888817 0.2549994419 -1 -4.607315489e-08 -9.619020909e-06 2.354032214e-08 0.999973813 -0.007236939307 9.619102444e-06 -0.007236939307 -0.999973813 2.732776059e-08 -0.003210471911 0
0.01444295263 0.005305185359 -0.004793327118 -6.512838875e-06 0.003682880261 0.5099822693 -8.249114233e-07 0.000919169954 0.2549977863 -0.9999999993 -3.628637226e-07 -3.792739575e-05 1.821971166e-07 0.9998967437 -0.0143701765 3.792869392e-05 -0.01437017649 -0.999896743 5.026048326e-08 -0.006375125066 0
0.02161252736 0.00793871355 -0.00717276558 -1.458354486e-05 0.005510951013 0.5099602974 -1.853568371e-06 0.001377065967 0.2549950256 -0.9999999964 -1.216868702e-06 -8.492256749e-05 6.094672676e-07 0.9997687927 -0.02150258374 8.49290986e-05 -0.02150258371 -0.9997687891 3.454102029e-08 -0.009539778222 0
0.02878210209 0.01057224174 -0.009552204043 -2.586354815e-05 0.007338861019 0.5099295885 -3.293486326e-06 0.001835043099 0.254991161 -0.9999999887 -2.8746777e-06 -0.0001505970384 1.438658838e-06 0.9995899701 -0.02863374913 0.0001506176019 -0.02863374902 -0.9995899588 1.4808538e-08 -0.01270443138 0
0.03595167683 0.01320576993 -0.01193164251 -4.03524539e-05 0.009166556962 0.5098901436 -5.144092159e-06 0.002292957775 0.254986194 -0.9999999724 -5.602776431e-06 -0.0002349403302 2.803040119e-06 0.99936029 -0.03576326089 0.00023499041 -0.03576326056 -0.9993602624 8.922938439e-08 -0.01586908453 0
0.04312125156 0.01583929812 -0.01431108097 -5.804975498e-05 0.01099398554 0.5098419641 -7.40507967e-06 0.002750794028 0.2549801256 -0.9999999429 -9.667512274e-06 -0.0003379389849 4.835826442e-06 0.9990797702 -0.04289070735 0.0003380426499 -0.04289070654 -0.999079713 1.865811224e-07 -0.01903373769 0
0.0502908263 0.01847282632 -0.01669051943 -7.895483195e-05 0.01282109345 0.5097850516 -1.007628788e-05 0.00320855927 0.2549729562 -0.9999998943 -1.533505984e-05 -0.0004595765671 7.670166999e-06 0.9987484328 -0.05001567707 0.0004597683695 -0.05001567531 -0.9987483271 3.048627992e-07 -0.02219839084 0
0.05746040103 0.02110635451 -0.01906995789 -0.0001030669531 0.01464782741 0.5097194083 -1.315762153e-05 0.003666262126 0.254964686 -0.9999998198 -2.287138656e-05 -0.0005998336649 1.143913166e-05 0.9983663037 -0.0571377588 0.0006001605387 -0.05713775537 -0.9983661236 4.4322527e-07 -0.025363044 0
0.06462997576 0.0237398827 -0.02144939636 -0.0001303852745 0.01647413415 0.5096450363 -1.664901471e-05 0.00412390867 0.2549553152 -0.9999997117 -3.254221831e-05 -0.000758687893 1.627569783e-05 0.9979334129 -0.06425654154 0.0007592110488 -0.06425653537 -0.9979331246 6.012418538e-07 -0.02852769715 0
0.0717995505 0.02637341089 -0.02382883482 -0.0001609088401 0.01829996042 0.5095619383 -2.055041435e-05 0.004581502442 0.254944844 -0.9999995609 -4.4613005e-05 -0.0009361138946 2.231273725e-05 0.9974497943 -0.0713716146 0.0009369107138 -0.07137160414 -0.9974493553 7.78696401e-07 -0.03169235031 0
0.07896912523 0.02900693908 -0.02620827328 -0.0001946365814 0.02012525298 0.5094701171 -2.486177249e-05 0.005039045063 0.2549332725 -0.9999993574 -5.934888631e-05 -0.001132083345 2.968300287e-05 0.9969154857 -0.0784825676 0.00113324927 -0.07848255077 -0.9969148434 9.75486683e-07 -0.03485700347 0
0.08613869997 0.03164046727 -0.02858771175 -0.0002315673181 0.02194995863 0.5093695761 -2.958304241e-05 0.005496536784 0.2549206008 -0.9999990904 -7.701465733e-05 -0.001346564953 3.851911575e-05 0.9963305291 -0.08558899052 0.001348215379 -0.08558896453 -0.9963296199 1.19157668e-06 -0.03802165662 0
0.0933082747 0.03427399546 -0.03096715021 -0.0002716997577 0.02377402417 0.5092603186 -3.471417662e-05 0.005953976896 0.254906829 -0.9999987478 -9.787473436e-05 -0.001579524468 4.895355187e-05 0.9956949702 -0.09269047375 0.001581796624 -0.092690435 -0.9956937186 1.426971589e-06 -0.04118630978 0
0.1004778494 0.03690752365 -0.03334658867 -0.0003150324957 0.02559739643 0.5091423486 -4.025512568e-05 0.006411364009 0.2548919573 -0.9999983164 -0.0001221931206 -0.001830924681 6.111862908e-05 0.9950088588 -0.09978660812 0.001833979515 -0.09978655202 -0.9950071761 1.681704063e-06 -0.04435096293 0
0.1067512273 0.03921186082 -0.03542859733 -0.0003555726968 0.02719223668 0.5090319811 -4.543959159e-05 0.006811532793 0.2548780425 -0.9999978551 -0.0001465158045 -0.002065995502 7.328662737e-05 0.9943670846 -0.1059910166 0.002069887283 -0.1059909407 -0.9943649411 1.920498459e-06 -0.04712003444 0
0.1139208021 0.04184538901 -0.03780803579 -0.000404901819 0.02901416585 0.5088976864 -5.174880114e-05 0.007268815201 0.2548611089 -0.9999972185 -0.0001780285088 -0.002351861453 8.905268839e-05 0.9935863353 -0.1130760207 0.002356908158 -0.1130759156 -0.9935835558 2.211641201e-06 -0.0502846876 0
0.1210903768 0.0444789172 -0.04018747425 -0.0004574265782 0.03083524905 0.5087546919 -5.846766804e-05 0.007726038344 0.2548430757 -0.9999964499 -0.0002137559217 -0.002656044691 0.0001069288049 0.9927551985 -0.1201545022 0.002662485911 -0.1201543597 -0.9927516512 2.522309011e-06 -0.05344934075 0
0.1282599515 0.0471124454 -0.04256691271 -0.0005131451365 0.03265543323 0.5086030025 -6.559613128e-05 0.008183199563 0.2548239433 -0.999995532 -0.0002539601235 -0.002978496589 0.0001270465584 0.9918737395 -0.1272260541 0.002986602894 -0.1272258641 -0.9918692755 2.852589467e-06 -0.05661399391 0
0.1354295263 0.04974597359 -0.04494635118 -0.0005720555442 0.03447466537 0.5084426235 -7.313412647e-05 0.008640296049 0.2548037118 -0.9999944469 -0.0002989026155 -0.003319165586 0.0001495373086 0.9909420271 -0.1342902698 0.003329240387 -0.1342900204 -0.9909364796 3.202578978e-06 -0.05977864706 0
0.142599101 0.05237950178 -0.04732578964 -0.00063415574 0.03629289251 0.5082735605 -8.108158571e-05 0.009097324874 0.2547823813 -0.9999931753 -0.0003488442857 -0.003677997194 0.0001745321804 0.9899601344 -0.1413467433 0.0036903786 -0.1413464206 -0.9899533173 3.572381894e-06 -0.06294330022 0
0.1497686757 0.05501302997 -0.0497052281 -0.0006994435513 0.0381100617 0.5080958196 -8.943843757e-05 0.009554283022 0.254759952 -0.9999916971 -0.0004040453754 -0.004054934003 0.000202162051 0.9889281382 -0.1483950695 0.004069996675 -0.1483946572 -0.9889198455 3.9621099e-06 -0.06610795338 0
0.1569382505 0.05764655816 -0.05208466656 -0.0007679166937 0.03992612003 0.5079094068 -9.820460707e-05 0.01001116741 0.2547364242 -0.9999899911 -0.0004647654452 -0.004449915689 0.0002325575367 0.9878461192 -0.1554348439 0.004468072688 -0.155434323 -0.9878361238 4.371881561e-06 -0.06927260653 0
0.1641078252 0.06028008635 -0.05446410503 -0.0008395727717 0.04174101467 0.5077143287 -0.0001073800156 0.01046797488 0.2547117981 -0.999988035 -0.0005312633413 -0.004862879019 0.0002658489805 0.9867141621 -0.1624656627 0.004884583648 -0.1624650116 -0.9867022149 4.801822004e-06 -0.07243725969 0
0.1712773999 0.06291361454 -0.05684354349 -0.0009144092787 0.0435546928 0.5075105922 -0.0001169645811 0.01092470227 0.2546860738 -0.9999858057 -0.0006037971621 -0.00529375786 0.0003021664387 0.9855323556 -0.1694871229 0.005319505497 -0.1694863168 -0.9855181841 5.252062667e-06 -0.07560191284 0
0.1784469747 0.06554714274 -0.05922298195 -0.0009924235966 0.04536710165 0.5072982043 -0.0001269582176 0.01138134635 0.2546592517 -0.9999832788 -0.0006826242244 -0.005742483184 0.000341639668 0.9843007919 -0.1764988225 0.005772813117 -0.1764978331 -0.9842841 5.722741108e-06 -0.078766566 0
0.1856165494 0.06818067093 -0.06160242042 -0.001073612997 0.04717818852 0.5070771725 -0.0001373608358 0.01183790385 0.254631332 -0.9999804292 -0.00076800103 -0.006208983079 0.0003843981133 0.9830195675 -0.18350036 0.006244480327 -0.1834991555 -0.9830000338 6.214000851e-06 -0.08193121915 0
0.1927861241 0.07081419912 -0.06398185888 -0.001157974639 0.04898790075 0.5068475045 -0.0001481723426 0.01229437153 0.2546023148 -0.9999772304 -0.0008601832325 -0.006693182757 0.0004305708941 0.9816887826 -0.1904913353 0.006734479885 -0.1904898797 -0.9816660596 6.725991257e-06 -0.08509587231 0
0.1999556989 0.07344772731 -0.06636129734 -0.001245505573 0.05079618572 0.5066092084 -0.0001593926414 0.01275074606 0.2545722006 -0.9999736554 -0.0009594256039 -0.007195004559 0.0004802867925 0.9803085411 -0.1974713486 0.00724278349 -0.197469602 -0.9802822544 7.25886741e-06 -0.08826052546 0
0.2071252736 0.0760812555 -0.0687407358 -0.001336202737 0.05260299088 0.5063622925 -0.0001710216318 0.01320702416 0.2545409896 -0.9999696756 -0.001065982002 -0.007714367967 0.0005336742397 0.9788789511 -0.2044400017 0.007769361786 -0.2044379191 -0.9788486983 7.812790027e-06 -0.09142517862 0
0.2142948483 0.07871478369 -0.07112017427 -0.00143006296 0.05440826374 0.5061067653 -0.0001830592099 0.0136632025 0.254508682 -0.999965262 -0.001180105335 -0.008251189613 0.0005908613039 0.9774001242 -0.2113968969 0.008314184359 -0.2113944287 -0.977365474 8.387925367e-06 -0.09458983177 0
0.2214644231 0.08134831188 -0.07349961273 -0.001527082959 0.05621195187 0.505842636 -0.000195505268 0.01411927774 0.2544752781 -0.9999603842 -0.001302047533 -0.008805383288 0.0006519756774 0.9758721761 -0.2183416378 0.008877219742 -0.2183387289 -0.9758326672 8.984445155e-06 -0.09775448493 0
0.227737801 0.08365264905 -0.07558162138 -0.001614564798 0.05778883783 0.5056044735 -0.0002067305629 0.01451825638 0.2544451507 -0.9999557107 -0.001415358148 -0.009304483318 0.0007087724625 0.9744950205 -0.2244080049 0.00938479036 -0.2244046608 -0.9744508576 9.524081e-06 -0.1005235564 0
0.2349073757 0.08628617724 -0.07796105985 -0.001717500148 0.05958941347 0.50532424 -0.0002199422185 0.0149741293 0.2544096923 -0.9999498774 -0.00155263619 -0.009891007338 0.0007775933493 0.9728752948 -0.2313288917 0.009981886289 -0.2313249881 -0.9728253244 1.016117818e-05 -0.1036882096 0
0.2420769504 0.08891970543 -0.08034049831 -0.001823585224 0.06138825397 0.5050354317 -0.0002335620246 0.01542988951 0.2543731384 -0.9999434873 -0.001698451633 -0.0104946398 0.0008507064527 0.9712068013 -0.2382364904 0.01059709871 -0.2382319549 -0.9711504709 1.08201833e-05 -0.1068528628 0
0.2492465252 0.09155323362 -0.08271993677 -0.001932816317 0.06318530715 0.5047380586 -0.0002475898594 0.01588553363 0.2543354896 -0.9999365063 -0.001853052294 -0.01111528359 0.0009282378897 0.9694896704 -0.2451304089 0.01123039209 -0.2451251623 -0.9694263939 1.150128858e-05 -0.1100175159 0
0.2564160999 0.09418676182 -0.08509937524 -0.002045189609 0.0649805209 0.5044321311 -0.0002620255977 0.0163410583 0.2542967461 -0.9999288994 -0.002016684854 -0.01175283878 0.00101031334 0.9677240361 -0.2520102562 0.01188172985 -0.2520042122 -0.9676531928 1.220469136e-05 -0.1131821691 0
0.2635856746 0.09682029001 -0.0874788137 -0.002160701173 0.06677384316 0.5041176599 -0.0002768691104 0.01679646016 0.2542569083 -0.9999206303 -0.00218959482 -0.0124072027 0.001097058034 0.9659100362 -0.2588756427 0.01255107437 -0.2588687072 -0.9658309702 1.293059408e-05 -0.1163468222 0
0.2707552494 0.0994538182 -0.08985825216 -0.002279346971 0.06856522197 0.503794656 -0.0002921202649 0.01725173583 0.2542159766 -0.9999116623 -0.002372026493 -0.01307826987 0.00118859674 0.9640478124 -0.2657261799 0.013238387 -0.265718251 -0.9639598312 1.367920416e-05 -0.1195114754 0
0.2779248241 0.1020873464 -0.09223769062 -0.002401122856 0.07035460543 0.5034631306 -0.0003077789249 0.01770688195 0.2541739512 -0.9999019571 -0.002564222942 -0.01376593211 0.001285053752 0.9621375099 -0.2725614807 0.01394362804 -0.272552448 -0.962039884 1.445073395e-05 -0.1226761285 0
0.2850943988 0.1047208746 -0.09461712909 -0.002526024573 0.07214194173 0.5031230955 -0.0003238449505 0.01816189514 0.2541308327 -0.999891476 -0.002766425964 -0.01447007844 0.001386552879 0.9601792777 -0.2793811593 0.01466675675 -0.2793709033 -0.9600712394 1.524540071e-05 -0.1258407817 0
0.2922639736 0.1073544028 -0.09699656755 -0.002654047757 0.07392717913 0.5027745624 -0.0003403181983 0.01861677201 0.2540866214 -0.9998801789 -0.002978876057 -0.01519059518 0.001493217429 0.9581732686 -0.2861848313 0.01540773138 -0.2861732231 -0.9580540111 1.60634265e-05 -0.1290054348 0
0.2994335483 0.109987931 -0.09937600601 -0.002785187936 0.07571026597 0.5024175435 -0.0003571985209 0.0190715092 0.2540413177 -0.999868025 -0.00320181239 -0.01592736594 0.001605170201 0.956119639 -0.2929721136 0.01616650912 -0.2929590147 -0.9559883157 1.690503813e-05 -0.132170088 0
0.306603123 0.1126214592 -0.1017554445 -0.002919440528 0.07749115067 0.5020520513 -0.0003744857677 0.01952610332 0.253994922 -0.9998549725 -0.003435472765 -0.01668027162 0.00172253347 0.954018549 -0.2997426247 0.01694304615 -0.2997278861 -0.9538742724 1.777046711e-05 -0.1353347412 0
0.3137726978 0.1152549873 -0.1041348829 -0.003056800842 0.07926978176 0.5016780985 -0.0003921797841 0.019980551 0.2539474348 -0.9998409787 -0.003680093591 -0.01744919043 0.001845428977 0.9518701623 -0.3064959845 0.01773729763 -0.3064794464 -0.9517120033 1.86599496e-05 -0.1384993943 0
0.3209422725 0.1178885155 -0.1065143214 -0.003197264082 0.08104610782 0.5012956983 -0.000410280412 0.02043484885 0.2538988564 -0.9998259998 -0.003935909855 -0.01823399788 0.001973977914 0.9496746463 -0.3132318144 0.01854921768 -0.3132133055 -0.9495016334 1.95737263e-05 -0.1416640475 0
0.3281118472 0.1205220437 -0.1088937599 -0.003340825341 0.08282007756 0.500904864 -0.0004287874898 0.02088899351 0.2538491874 -0.9998099913 -0.004203155082 -0.01903456687 0.002108300916 0.9474321721 -0.3199497373 0.0193787594 -0.3199290746 -0.9472432902 2.051204246e-05 -0.1448287006 0
0.335281422 0.1231555719 -0.1112731983 -0.003487479606 0.08459163974 0.5005056093 -0.0004477008522 0.02134298158 0.2537984282 -0.9997929076 -0.004482061313 -0.01985076761 0.002248518046 0.9451429142 -0.3266493776 0.02022587489 -0.3266263658 -0.9449371043 2.147514775e-05 -0.1479933538 0
0.3424509967 0.1257891001 -0.1136526368 -0.003637221755 0.08636074325 0.500097948 -0.00046702033 0.02179680969 0.2537465792 -0.9997747023 -0.004772859071 -0.0206824677 0.002394748783 0.9428070509 -0.3333303616 0.02109051522 -0.3333047923 -0.9425832088 2.246329624e-05 -0.1511580069 0
0.3487243746 0.1280934373 -0.1157346454 -0.003770775059 0.08790665182 0.4997343595 -0.0004842578792 0.02219377541 0.2537003177 -0.9997578153 -0.005037241919 -0.0214228135 0.002527727191 0.9407250823 -0.3391606258 0.02186141212 -0.3391326373 -0.9404845203 2.334867245e-05 -0.1539270784 0
0.3558939493 0.1307269655 -0.1181140839 -0.003926292816 0.08967100785 0.4993109746 -0.0005043383557 0.02264729449 0.2536464267 -0.9997373785 -0.005350952205 -0.02228320889 0.002685553401 0.9383023266 -0.345805627 0.02275877613 -0.3457746537 -0.938041538 2.438447678e-05 -0.1570917316 0
0.3630635241 0.1333604937 -0.1204935224 -0.004084883137 0.09143275875 0.4988792248 -0.0005248244416 0.0231006439 0.2535914474 -0.9997156813 -0.005677208037 -0.02315870843 0.002849733372 0.9358334977 -0.352430906 0.02367351869 -0.3523966995 -0.9355512443 2.544607868e-05 -0.1602563848 0
0.3702330988 0.1359940219 -0.1228729608 -0.004246540489 0.09319185379 0.4984391253 -0.0005457159542 0.02355382027 0.2535353801 -0.999692674 -0.006016233769 -0.02404916967 0.003020384215 0.9333187876 -0.3590360955 0.02460558696 -0.3589983921 -0.9330137831 2.653374865e-05 -0.1634210379 0
0.3774026735 0.13862755 -0.1252523993 -0.004411259227 0.09494824232 0.4979906914 -0.0005670127066 0.02400682021 0.2534782255 -0.9996683054 -0.00636825209 -0.0249544476 0.0031976224 0.9307583918 -0.3656208299 0.02555492713 -0.3655793504 -0.9304293011 2.764776131e-05 -0.1665856911 0
0.3845722483 0.1412610782 -0.1276318378 -0.004579033605 0.0967018738 0.4975339388 -0.0005887145086 0.02445964035 0.2534199841 -0.9996425241 -0.006733483993 -0.02587439465 0.003381563748 0.9281525092 -0.3721847453 0.02652148435 -0.3721391942 -0.9277979473 2.878839531e-05 -0.1697503442 0
0.391741823 0.1438946064 -0.1300112762 -0.004749857768 0.09845269781 0.4970688833 -0.0006108211663 0.02491227733 0.2533606564 -0.9996152772 -0.007112148747 -0.02680886077 0.003572323416 0.9255013423 -0.3787274798 0.0275052028 -0.3786775446 -0.9251198739 2.995593327e-05 -0.1729149974 0
0.3989113977 0.1465281346 -0.1323907147 -0.004923725757 0.100200664 0.4965955413 -0.0006333324824 0.02536472777 0.2533002429 -0.9995865113 -0.007504463868 -0.02775769337 0.003770015888 0.9228050969 -0.385248673 0.02850602566 -0.385194024 -0.9223952355 3.115066173e-05 -0.1760796505 0
0.4060809725 0.1491616628 -0.1347701531 -0.005100631507 0.1019457222 0.4961139293 -0.0006562482555 0.02581698829 0.2532387442 -0.999556172 -0.007910645088 -0.02872073738 0.00397475496 0.9200639824 -0.3917479669 0.02952389514 -0.3916882561 -0.9196241894 3.237287111e-05 -0.1792443037 0
0.4132505472 0.151795191 -0.1371495916 -0.005280568846 0.1036878223 0.4956240639 -0.0006795682811 0.02626905554 0.2531761609 -0.9995242041 -0.008330906329 -0.02969783528 0.004186653735 0.9172782115 -0.3982250049 0.03055875244 -0.3981598657 -0.9168068957 3.36228556e-05 -0.1824089568 0
0.4204201219 0.1544287192 -0.1395290301 -0.0054635315 0.1054269143 0.4951259624 -0.0007032923507 0.02672092614 0.2531124935 -0.9994905515 -0.008765459672 -0.03068882707 0.004405824605 0.9144480004 -0.4046794328 0.0316105378 -0.4046084791 -0.9139435172 3.490091316e-05 -0.18557361 0
0.4275896967 0.1570622474 -0.1419084685 -0.00564951309 0.1071629484 0.494619642 -0.0007274202525 0.02717259673 0.2530477427 -0.9994551574 -0.009214515329 -0.03169355035 0.004632379247 0.9115735684 -0.411110898 0.03267919046 -0.4110337238 -0.9110342191 3.620734544e-05 -0.1887382631 0
0.4347592714 0.1596957756 -0.144287907 -0.00583850713 0.1088958748 0.4941051205 -0.0007519517708 0.02762406394 0.2529819089 -0.9994179638 -0.009678281616 -0.03271184029 0.004866428604 0.9086551384 -0.4175190502 0.03376464872 -0.4174352288 -0.9080791696 3.75424577e-05 -0.1919029163 0
0.4419288461 0.1623293038 -0.1466673455 -0.006030507032 0.1106256438 0.4935824158 -0.0007768866866 0.02807532441 0.2529149928 -0.9993789123 -0.01015696492 -0.03374352966 0.005108082881 0.9056929367 -0.4239035409 0.03486684986 -0.4238126243 -0.9050785393 3.890655879e-05 -0.1950675695 0
0.4490984209 0.164962832 -0.1490467839 -0.006225506104 0.112352206 0.4930515461 -0.0008022247771 0.02852637479 0.2528469951 -0.9993379433 -0.01065076969 -0.03478844885 0.005357451531 0.9026871925 -0.4302640237 0.03598573025 -0.430165542 -0.9020325015 4.029996109e-05 -0.1982322226 0
0.4562679956 0.1675963601 -0.1514262224 -0.006423497549 0.114075512 0.4925125298 -0.0008279658158 0.0289772117 0.2527779162 -0.9992949967 -0.01115989836 -0.03584642592 0.005614643244 0.8996381388 -0.4366001546 0.03712122525 -0.4364936149 -0.8989412321 4.172298042e-05 -0.2013968758 0
0.4634375703 0.1702298883 -0.1538056608 -0.006624474469 0.1157955126 0.4919653859 -0.0008541095729 0.0294278318 0.252707757 -0.9992500114 -0.0116845514 -0.03691728656 0.005879765938 0.8965460115 -0.4429115913 0.03827326928 -0.4427964776 -0.8958049097 4.317593605e-05 -0.2045615289 0
0.4697109482 0.1725342255 -0.1558876695 -0.006802772794 0.1172977629 0.4914799826 -0.0008773155317 0.0298219439 0.2526454819 -0.9992089282 -0.01215651367 -0.03786471941 0.006118338418 0.8938052542 -0.4484135742 0.0392948309 -0.448290516 -0.8930238124 4.447208285e-05 -0.2073306004 0
0.476880523 0.1751677537 -0.158267108 -0.007009328525 0.1190114334 0.4909176508 -0.0009042137533 0.03027214843 0.2525732986 -0.9991599529 -0.01271080806 -0.03895925895 0.006398619834 0.8906330112 -0.4546777948 0.04047772428 -0.4545451295 -0.8898035059 4.598204112e-05 -0.2104952536 0
0.4840500977 0.1778012819 -0.1606465464 -0.007218849323 0.1207216576 0.4903472468 -0.000931514012 0.0307221265 0.2525000367 -0.9991087589 -0.01328119166 -0.04006616814 0.00668713809 0.887418391 -0.4609163498 0.04167697284 -0.4607734902 -0.8865386741 4.752287203e-05 -0.2136599067 0
0.4912196724 0.1804348101 -0.1630259849 -0.00743132789 0.1224283866 0.4897687905 -0.0009592160641 0.03117187477 0.2524256969 -0.999055282 -0.01386785689 -0.04118526383 0.006983998008 0.884161642 -0.4671289057 0.04289250731 -0.4669752384 -0.8832295056 4.909490754e-05 -0.2168245599 0
0.4983892472 0.1830683383 -0.1654054234 -0.007646756828 0.124131572 0.489182302 -0.0009873196619 0.03162138989 0.2523502799 -0.9989994574 -0.01447099403 -0.04231636064 0.007289303587 0.8808630159 -0.473315131 0.04412425749 -0.4731500158 -0.8798761915 5.069848277e-05 -0.2199892131 0
0.5055588219 0.1857018665 -0.1677848618 -0.007865128637 0.1258311652 0.4885878018 -0.001015824554 0.03207066851 0.2522737864 -0.9989412194 -0.01509079119 -0.04345927095 0.007603157989 0.8775227673 -0.4794746967 0.04537215224 -0.4792974659 -0.8764789256 5.233393596e-05 -0.2231538662 0
0.5127283966 0.1883353947 -0.1701643003 -0.008086435715 0.1275271178 0.4879853106 -0.001044730487 0.03251970729 0.2521962171 -0.9988805015 -0.01572743427 -0.04461380496 0.007925663532 0.874141154 -0.4856072762 0.04663611948 -0.4854172335 -0.8730379039 5.400160839e-05 -0.2263185194 0
0.5198979714 0.1909689228 -0.1725437387 -0.00831067036 0.1292193818 0.4873748493 -0.001074037201 0.0329685029 0.2521175726 -0.9988172365 -0.01638110699 -0.04577977072 0.008256921682 0.8707184369 -0.491712545 0.04791608621 -0.4915089653 -0.8695533254 5.570184435e-05 -0.2294831725 0
0.5270675461 0.193602451 -0.1749231772 -0.008537824769 0.130907909 0.4867564392 -0.001103744436 0.03341705198 0.2520378538 -0.9987513565 -0.0170519908 -0.04695697408 0.008597033038 0.8672548798 -0.4977901812 0.0492119785 -0.4975723094 -0.8660253911 5.743499111e-05 -0.2326478257 0
0.5342371208 0.1962359792 -0.1773026157 -0.008767891039 0.1325926516 0.4861301017 -0.001133851925 0.0338653512 0.2519570613 -0.9986827929 -0.01774026489 -0.04814521882 0.008946097325 0.8637507497 -0.5038398652 0.05052372152 -0.5036069156 -0.862454305 5.920139883e-05 -0.2358124788 0
0.5414066956 0.1988695074 -0.1796820541 -0.009000861166 0.1342735617 0.4854958587 -0.001164359399 0.03431339724 0.2518751959 -0.9986114763 -0.01844610617 -0.04934430658 0.009304213384 0.8602063165 -0.5098612798 0.0518512395 -0.5096124353 -0.8588402731 6.100142055e-05 -0.238977132 0
0.5485762703 0.2015030356 -0.1820614926 -0.009236727047 0.1359505918 0.4848537323 -0.001195266587 0.03476118676 0.2517922582 -0.9985373365 -0.01916968922 -0.05055403692 0.009671479162 0.8566218531 -0.5158541104 0.05319445577 -0.5155885218 -0.8551835043 6.283541214e-05 -0.2421417851 0
0.555745845 0.2041365638 -0.1844409311 -0.009475480481 0.1376236944 0.4842037447 -0.001226573212 0.03520871643 0.2517082492 -0.9984603027 -0.01991118628 -0.05177420736 0.0100479917 0.8529976354 -0.5218180448 0.05455329274 -0.5215348298 -0.8514842098 6.470373222e-05 -0.2453064383 0
0.5629154198 0.206770092 -0.1868203695 -0.009717113167 0.1392928222 0.4835459186 -0.001258278994 0.03565598293 0.2516231695 -0.9983803035 -0.02067076724 -0.05300461336 0.01043384713 0.8493339421 -0.5277527732 0.05592767195 -0.5274510159 -0.8477426033 6.660674218e-05 -0.2484710915 0
0.5700849945 0.2094036202 -0.189199808 -0.009961616703 0.140957928 0.4828802769 -0.00129038365 0.03610298293 0.2515370199 -0.9982972665 -0.02144859957 -0.05424504839 0.01082914067 0.8456310549 -0.5336579885 0.057317514 -0.5333367384 -0.8439589007 6.854480607e-05 -0.2516357446 0
0.5772545693 0.2120371484 -0.1915792464 -0.01020898259 0.1426189649 0.4822068426 -0.001322886893 0.03654971311 0.2514498012 -0.9982111189 -0.02224484837 -0.05549530393 0.01123396657 0.8418892583 -0.5395333861 0.05872273864 -0.5391916574 -0.8401333207 7.051829061e-05 -0.2548003978 0
0.584424144 0.2146706766 -0.1939586849 -0.01045920224 0.144275886 0.4815256391 -0.001355788434 0.03699617015 0.2513615142 -0.9981217872 -0.02305967627 -0.05675516949 0.01164841819 0.8381088397 -0.545378664 0.06014326469 -0.5450154347 -0.8362660842 7.252756513e-05 -0.2579650509 0
0.5906975219 0.2169750137 -0.1960406936 -0.01068047858 0.145722279 0.4809232316 -0.001384903778 0.0373865934 0.2512833874 -0.9980409516 -0.02378801734 -0.05786526812 0.0120190321 0.8347695194 -0.5504683391 0.06139871245 -0.5500854295 -0.8328482565 7.431533158e-05 -0.2607341224 0
0.5978670966 0.2196085419 -0.198420132 -0.01093602551 0.1473713572 0.480227525 -0.00141855133 0.03783252937 0.2511930995 -0.9979454489 -0.02463811085 -0.05914257839 0.01245178017 0.8309174688 -0.5562563377 0.06284770684 -0.555849911 -0.828903518 7.639271664e-05 -0.2638987756 0
0.6050366713 0.2222420701 -0.2007995705 -0.01119440095 0.1490161859 0.4795241181 -0.001452596324 0.03827818268 0.2511017457 -0.9978465468 -0.02550723729 -0.0604288828 0.01289441697 0.8270276379 -0.562013363 0.06431176441 -0.5615822888 -0.8249177716 7.850696763e-05 -0.2670634287 0
0.6122062461 0.2248755983 -0.2031790089 -0.01145559592 0.1506567188 0.4788130352 -0.001487038456 0.03872355002 0.2510093268 -0.9977441693 -0.02639554963 -0.06172396348 0.01334703208 0.8231003248 -0.5677391233 0.06579080059 -0.5672822316 -0.8208912475 8.06584636e-05 -0.2702280819 0
0.6193758208 0.2275091265 -0.2055584474 -0.01171960135 0.1522929099 0.478094301 -0.001521877418 0.03916862808 0.2509158436 -0.9976382395 -0.02730319832 -0.06302760073 0.01380971414 0.8191358303 -0.5734333294 0.06728472997 -0.5729494104 -0.8168241783 8.284758604e-05 -0.2733927351 0
0.6265453955 0.2301426547 -0.2079378859 -0.01198640808 0.1539247132 0.4773679405 -0.0015571129 0.03961341356 0.250821297 -0.9975286802 -0.02823033124 -0.06433957301 0.01428255076 0.8151344579 -0.5790956952 0.06879346626 -0.5785834978 -0.8127167988 8.507471879e-05 -0.2765573882 0
0.6337149703 0.2327761829 -0.2103173243 -0.01225600685 0.1555520831 0.4766339789 -0.001592744585 0.04005790316 0.2507256878 -0.9974154133 -0.02917709367 -0.06565965701 0.01476562856 0.8110965138 -0.5847259371 0.07031692233 -0.5841841683 -0.8085693464 8.734024805e-05 -0.2797220414 0
0.640884545 0.2354097111 -0.2126967628 -0.01252838831 0.157174974 0.4758924417 -0.001628772157 0.04050209359 0.2506290169 -0.9972983603 -0.03014362829 -0.06698762763 0.01525903316 0.8070223066 -0.5903237744 0.07185501019 -0.5897510987 -0.8043820604 8.964456234e-05 -0.2828866945 0
0.6480541198 0.2380432393 -0.2150762013 -0.012803543 0.1587933406 0.4751433546 -0.001665195293 0.04094598154 0.2505312853 -0.997177442 -0.03113007514 -0.06832325806 0.01576284914 0.8029121477 -0.595888929 0.073407641 -0.5952839672 -0.8001551829 9.198805245e-05 -0.2860513477 0
0.6552236945 0.2406767675 -0.2174556397 -0.01308146139 0.1604071376 0.4743867435 -0.001702013668 0.04138956374 0.2504324937 -0.9970525787 -0.03213657161 -0.06966631974 0.01627716007 0.7987663509 -0.6014211259 0.07497472508 -0.6007824543 -0.7958889578 9.437111142e-05 -0.2892160008 0
0.6623932692 0.2433102956 -0.2198350782 -0.01336213384 0.1620163201 0.4736226347 -0.001739226952 0.04183283689 0.2503326431 -0.99692369 -0.03316325243 -0.07101658246 0.01680204848 0.7945852327 -0.6069200928 0.07655617194 -0.6062462425 -0.7915836317 9.679413449e-05 -0.292380654 0
0.669562844 0.2459438238 -0.2222145167 -0.01364555061 0.1636208432 0.4728510546 -0.001776834814 0.0422757977 0.2502317345 -0.9967906951 -0.03421024962 -0.07237381431 0.01733759584 0.7903691121 -0.6123855603 0.07815189023 -0.6116750163 -0.7872394531 9.925751911e-05 -0.2955453071 0
0.6767324187 0.248577352 -0.2245939551 -0.01393170189 0.1652206623 0.4720720301 -0.001814836918 0.0427184429 0.2501297686 -0.9966535125 -0.0352776925 -0.07373778177 0.01788388261 0.7861183102 -0.6178172619 0.07976178779 -0.617068462 -0.782856673 0.0001017616649 -0.2987099603 0
0.6839019934 0.2512108802 -0.2269733936 -0.01422057776 0.1668157328 0.4712855882 -0.001853232923 0.04316076921 0.2500267466 -0.9965120602 -0.03636570766 -0.07510824972 0.01844098813 0.781833151 -0.6232149339 0.08138577164 -0.6224262681 -0.7784355445 0.0001043069734 -0.3018746135 0
0.6910715682 0.2538444084 -0.229352832 -0.01451216821 0.1684060105 0.4704917559 -0.001892022487 0.04360277334 0.2499226692 -0.9963662557 -0.03747441893 -0.07648498143 0.01900899074 0.7775139607 -0.6285783158 0.08302374799 -0.6277481253 -0.773976323 0.0001068938486 -0.3050392666 0
0.6982411429 0.2564779366 -0.2317322705 -0.01480646313 0.1699914513 0.469690561 -0.001931205263 0.04404445204 0.2498175375 -0.996216016 -0.03860394738 -0.07786773865 0.01958796765 0.7731610679 -0.6339071498 0.08467562223 -0.6330337261 -0.7694792659 0.0001095226963 -0.3082039198 0
0.7054107176 0.2591114648 -0.234111709 -0.01510345235 0.1715720112 0.4688820311 -0.001970780902 0.04448580203 0.2497113523 -0.9960612575 -0.03975441129 -0.07925628158 0.02017799501 0.7687748034 -0.6392011813 0.08634129896 -0.6382827652 -0.7649446331 0.0001121939244 -0.3113685729 0
0.7116840955 0.261415802 -0.2361937176 -0.01536552 0.172950963 0.4681685724 -0.002005731577 0.04487171105 0.249617577 -0.9959220708 -0.04077833168 -0.08047581309 0.02070339281 0.7649097088 -0.6438047118 0.08781001283 -0.6428454442 -0.7609462114 0.0001145663363 -0.3141376444 0
0.7188536702 0.2640493302 -0.2385731561 -0.01566753323 0.1745222536 0.4673463649 -0.002046042877 0.04531243591 0.2495094194 -0.9957586126 -0.0419683586 -0.08187455274 0.02131434122 0.7604617725 -0.6490328123 0.0895013093 -0.6480251148 -0.7563418316 0.000117318134 -0.3173022976 0
0.726023245 0.2666828583 -0.2409525945 -0.01597221095 0.1760885382 0.4665169037 -0.002086746013 0.04575282268 0.2494002112 -0.9955903925 -0.04317964534 -0.08327838045 0.02193655292 0.7559814288 -0.6542253946 0.09120612955 -0.653167358 -0.7517006348 0.0001201134959 -0.3204669507 0
0.7331928197 0.2693163865 -0.243332033 -0.01627954261 0.1776497736 0.4656802172 -0.002127840621 0.04619286809 0.2492899535 -0.9954173251 -0.0444122992 -0.0846870508 0.02257009979 0.7514690174 -0.6593822158 0.09292437511 -0.6582718766 -0.7470228892 0.0001229528375 -0.3236316039 0
0.7403623945 0.2719499147 -0.2457114715 -0.01658951758 0.1792059167 0.4648363346 -0.002169326335 0.04663256891 0.2491786472 -0.9952393245 -0.04566642464 -0.08610031697 0.02321505261 0.7469248801 -0.664503036 0.09465594674 -0.663338376 -0.7423088647 0.0001258365764 -0.3267962571 0
0.7475319692 0.2745834429 -0.2480909099 -0.01690212515 0.1807569247 0.4639852849 -0.002211202784 0.04707192188 0.2490662933 -0.9950563044 -0.04694212318 -0.08751793076 0.023871481 0.7423493611 -0.6695876183 0.09640074444 -0.6683665635 -0.7375588338 0.0001287651318 -0.3299609102 0
0.7547015439 0.2772169711 -0.2504703484 -0.01721735451 0.1823027552 0.4631270976 -0.002253469594 0.04751092376 0.2489528929 -0.9948681778 -0.04823949347 -0.08893964267 0.0245394535 0.7377428064 -0.674635729 0.09815866742 -0.6733561487 -0.7327730707 0.0001317389249 -0.3331255634 0
0.7618711187 0.2798504993 -0.2528497869 -0.01753519476 0.1838433656 0.4622618023 -0.002296126387 0.0479495713 0.248838447 -0.9946748576 -0.04955863122 -0.09036520188 0.02521903747 0.7331055643 -0.6796471377 0.09992961417 -0.6783068433 -0.7279518518 0.0001347583788 -0.3362902165 0
0.7690406934 0.2824840275 -0.2552292253 -0.01785563493 0.1853787139 0.461389429 -0.002339172782 0.04838786126 0.2487229566 -0.9944762561 -0.05089962921 -0.09179435631 0.02591029913 0.7284379852 -0.6846216168 0.1017134824 -0.6832183615 -0.7230954557 0.0001378239185 -0.3394548697 0
0.7762102681 0.2851175557 -0.2576086638 -0.01817866393 0.1869087579 0.4605100078 -0.002382608394 0.04882579041 0.2486064228 -0.9942722851 -0.05226257727 -0.09322685261 0.02661330358 0.7237404213 -0.6895589421 0.1035101691 -0.6880904196 -0.7182041627 0.0001409359705 -0.3426195228 0
0.7833798429 0.2877510839 -0.2599881022 -0.01850427061 0.188433456 0.4596235691 -0.002426432836 0.04926335551 0.2484888468 -0.9940628563 -0.05364756225 -0.09466243626 0.02732811473 0.7190132271 -0.6944588925 0.1053195704 -0.6929227362 -0.7132782555 0.0001440949633 -0.345784176 0
0.7905494176 0.2903846121 -0.2623675407 -0.01883244374 0.1899527665 0.4587301434 -0.002470645715 0.04970055334 0.2483702294 -0.9938478806 -0.05505466803 -0.09610085151 0.02805479535 0.7142567587 -0.6993212503 0.107141582 -0.6977150322 -0.7083180184 0.0001473013272 -0.3489488291 0
0.7977189923 0.2930181403 -0.2647469792 -0.01916317198 0.191466648 0.4578297616 -0.002515246638 0.05013738068 0.2482505719 -0.993627269 -0.05648397547 -0.09754184149 0.02879340701 0.7094713744 -0.7041458007 0.1089760985 -0.7024670308 -0.7033237381 0.0001505554942 -0.3521134823 0
0.8048885671 0.2956516685 -0.2671264176 -0.01949644392 0.1929750595 0.4569224548 -0.002560235205 0.0505738343 0.2481298753 -0.9934009317 -0.05793556243 -0.09898514819 0.02954401014 0.7046574343 -0.7089323323 0.110823014 -0.7071784576 -0.6982957029 0.0001538578979 -0.3552781355 0
0.8120581418 0.2982851966 -0.2695058561 -0.01983224806 0.19447796 0.4560082542 -0.002605611014 0.05100991098 0.2480081407 -0.9931687787 -0.05940950376 -0.1004305125 0.03030666396 0.6998153002 -0.713680637 0.1126822218 -0.7118490405 -0.6932342032 0.0001572089738 -0.3584427886 0
0.8192277165 0.3009187248 -0.2718852946 -0.02017057282 0.1959753086 0.4550871915 -0.00265137366 0.05144560751 0.2478853693 -0.9929307198 -0.06090587125 -0.1018776743 0.03108142652 0.6949453361 -0.71839051 0.1145536145 -0.7164785096 -0.6881395314 0.000160609159 -0.3616074418 0
0.8263972913 0.303552253 -0.274264733 -0.02051140653 0.1974670649 0.4541592983 -0.002697522735 0.05188092068 0.2477615621 -0.9926866643 -0.06242473365 -0.1033263723 0.03186835468 0.6900479073 -0.7230617495 0.1164370841 -0.7210665977 -0.6830119817 0.0001640588922 -0.3647720949 0
0.8326706692 0.3058565902 -0.2763467417 -0.02081168492 0.1987677325 0.4533418139 -0.002738219843 0.05226150272 0.247652382 -0.9924681251 -0.06377224281 -0.1045950372 0.03256694019 0.6857404163 -0.7271172367 0.1180949413 -0.7250470209 -0.6784986384 0.0001671183998 -0.3675411664 0
0.8398402439 0.3084901184 -0.2787261801 -0.02115719118 0.2002488948 0.4524012001 -0.002785092356 0.05269608846 0.2475266359 -0.9922125804 -0.06533345776 -0.1060459082 0.03337682789 0.6807924827 -0.7317155067 0.1200007613 -0.7295568071 -0.6733102424 0.000170662224 -0.3707058196 0
0.8470098186 0.3111236466 -0.2811056186 -0.0215051724 0.2017243494 0.4514538484 -0.002832350103 0.05313028163 0.2473998572 -0.9919507767 -0.06691734813 -0.107497559 0.03419903795 0.6758181452 -0.7362745822 0.1219183435 -0.7340244568 -0.6680898251 0.0001742568669 -0.3738704727 0
0.8541793934 0.3137571748 -0.2834850571 -0.02185561658 0.2031940567 0.4504997915 -0.002879992661 0.05356407904 0.2472720472 -0.9916826221 -0.06852397074 -0.1089497247 0.03503362254 0.6708177757 -0.7407942745 0.1238475772 -0.7384497121 -0.6628376878 0.0001779027737 -0.3770351259 0
0.8613489681 0.316390703 -0.2858644955 -0.02220851166 0.2046579772 0.4495390622 -0.002928019605 0.05399747751 0.2471432071 -0.9914080245 -0.07015337926 -0.1104021396 0.03588063262 0.6657917481 -0.7452743981 0.125788351 -0.7428323173 -0.657554134 0.0001816003912 -0.3801997791 0
0.8685185428 0.3190242311 -0.288243934 -0.02256384549 0.2061160717 0.4485716937 -0.002976430506 0.05443047383 0.247013338 -0.9911268914 -0.07180562427 -0.1118545369 0.03674011794 0.6607404376 -0.749714771 0.1277405528 -0.7471720193 -0.6522394689 0.0001853501675 -0.3833644322 0
0.8756881176 0.3216577593 -0.2906233725 -0.02292160583 0.2075683012 0.4475977191 -0.00302522493 0.05486306484 0.2468824411 -0.9908391303 -0.07348075319 -0.1133066491 0.037612127 0.6556642212 -0.7541152146 0.1297040698 -0.7514685675 -0.6468939993 0.0001891525527 -0.3865290854 0
0.8828576923 0.3242912875 -0.2930028109 -0.02328178039 0.2090146268 0.446617172 -0.003074402442 0.05529524734 0.2467505177 -0.9905446482 -0.07517881031 -0.1147582081 0.03849670708 0.6505634772 -0.7584755538 0.1316787887 -0.7557217137 -0.6415180341 0.0001930079981 -0.3896937385 0
0.890027267 0.3269248157 -0.2953822494 -0.02364435678 0.21045501 0.4456300861 -0.003123962603 0.05572701817 0.2466175688 -0.990243352 -0.07689983677 -0.1162089447 0.03939390422 0.6454385855 -0.7627956166 0.1336645953 -0.7599312123 -0.6361118836 0.0001969169569 -0.3928583917 0
0.8971968418 0.3295583439 -0.2977616878 -0.02400932252 0.2118894125 0.4446364954 -0.00317390497 0.05615837416 0.2464835957 -0.9899351484 -0.07864387054 -0.1176585893 0.04030376322 0.6402899273 -0.7670752347 0.135661375 -0.7640968202 -0.6306758602 0.0002008798836 -0.3960230448 0
0.9043664165 0.3321918721 -0.3001411263 -0.02437666507 0.2133177962 0.443636434 -0.003224229097 0.05658931213 0.2463485997 -0.9896199437 -0.08041094641 -0.1191068713 0.04122632764 0.6351178853 -0.7713142431 0.1376690125 -0.7682182967 -0.6252102779 0.0002048972343 -0.399187698 0
0.9115359912 0.3348254003 -0.3025205648 -0.02474637181 0.2147401231 0.4426299363 -0.003274934533 0.05701982893 0.246212582 -0.9892976441 -0.08220109601 -0.1205535197 0.04216163978 0.6299228437 -0.7755124803 0.1396873918 -0.7722954039 -0.6197154522 0.0002089694666 -0.4023523511 0
0.918705566 0.3374589285 -0.3049000032 -0.02511843004 0.2161563557 0.4416170368 -0.003326020827 0.0574499214 0.2460755438 -0.9889681558 -0.08401434777 -0.1219982627 0.04310974068 0.6247051876 -0.7796697883 0.1417163963 -0.7763279062 -0.6141917006 0.0002130970396 -0.4055170043 0
0.9258751407 0.3400924567 -0.3072794417 -0.02549282699 0.2175664564 0.4405977704 -0.003377487521 0.05787958638 0.2459374863 -0.9886313846 -0.08585072691 -0.1234408279 0.04407067014 0.6194653039 -0.7837860124 0.1437559089 -0.7803155707 -0.6086393421 0.000217280414 -0.4086816575 0
0.9330447154 0.3427259849 -0.3096588802 -0.02586954979 0.2189703882 0.439572172 -0.003429334155 0.05830882073 0.2457984109 -0.9882872362 -0.08771025545 -0.1248809425 0.04504446669 0.6142035804 -0.7878610016 0.1458058117 -0.7842581672 -0.6030586973 0.0002215200519 -0.4118463106 0
0.9402142902 0.3453595131 -0.3120383186 -0.02624858553 0.2203681142 0.4385402768 -0.003481560267 0.05873762129 0.2456583188 -0.9879356162 -0.08959295219 -0.126318333 0.04603116759 0.6089204064 -0.7918946081 0.1478659864 -0.7881554679 -0.5974500887 0.0002258164168 -0.4150109638 0
0.9473838649 0.3479930413 -0.3144177571 -0.02662992119 0.2217595975 0.4375021203 -0.00353416539 0.05916598494 0.2455172112 -0.9875764298 -0.09149883274 -0.1277527254 0.04703080884 0.603616172 -0.7958866879 0.149936314 -0.7920072478 -0.59181384 0.0002301699739 -0.4181756169 0
0.9536572428 0.3502973784 -0.3164997657 -0.02696546627 0.2229719958 0.436588625 -0.00358050541 0.05954044225 0.2453929102 -0.9872558607 -0.09318550597 -0.1290051436 0.04791613739 0.5989579986 -0.7993455821 0.1517560851 -0.7953400389 -0.5868597049 0.0002340266186 -0.4209446884 0
0.9608268175 0.3529309066 -0.3188792042 -0.02735107898 0.2243516762 0.4355388245 -0.003633819909 0.05996797821 0.2452499022 -0.9868822322 -0.09513488689 -0.1304331746 0.04894013438 0.5936153322 -0.803259423 0.1538451266 -0.7991058695 -0.5811725099 0.0002384886696 -0.4241093416 0
0.9679963923 0.3555644348 -0.3212586427 -0.02773895382 0.2257250098 0.4344828656 -0.003687512058 0.06039506824 0.2451058825 -0.9865007649 -0.09710747842 -0.1318574173 0.0499771681 0.5882527338 -0.8071313423 0.1559439756 -0.8028255469 -0.5754586151 0.0002430092581 -0.4272739947 0
0.975165967 0.358197963 -0.3236380811 -0.0281290775 0.2270919608 0.4334207843 -0.003741581377 0.06082170923 0.2449608524 -0.9861113637 -0.09910328358 -0.1332775962 0.05102726961 0.5828705982 -0.8109612096 0.1580525109 -0.8064988561 -0.5697183505 0.0002475888547 -0.4304386479 0
0.9823355417 0.3608314912 -0.3260175196 -0.02852143665 0.2284524938 0.4323526172 -0.003796027384 0.06124789804 0.2448148133 -0.9857139334 -0.1011223022 -0.1346934352 0.05209046866 0.5774693208 -0.8147488979 0.1601706108 -0.810125585 -0.5639520475 0.0002522279315 -0.4336033011 0
0.9895051165 0.3634650194 -0.3283969581 -0.02891601783 0.2298065734 0.4312784008 -0.003850849592 0.06167363156 0.2446677664 -0.9853083789 -0.1031645307 -0.1361046582 0.05316679373 0.5720492982 -0.8184942837 0.1622981529 -0.8137055242 -0.5581600393 0.0002569269622 -0.4367679542 0
0.9966746912 0.3660985476 -0.3307763965 -0.02931280755 0.2311541646 0.4301981718 -0.00390604751 0.06209890669 0.2445197131 -0.984894605 -0.1052299625 -0.1375109886 0.054256272 0.5666109278 -0.8221972473 0.1644350143 -0.8172384667 -0.5523426604 0.0002616864218 -0.4399326074 0
