0.007485949343 0.005266065925 0.001218787413 -3.350813699e-06 0.001908903757 0.5099952367 -4.202779565e-07 0.0004755213096 0.2549994087 -0.9999999998 -9.634244902e-08 -1.951398974e-05 4.900854935e-08 0.9999722602 -0.007448416638 1.951416602e-05 -0.007448416638 -0.99997226 3.745791145e-08 0.001620987259 0
0.01397189869 0.00982867185 0.002274764825 -1.167247231e-05 0.003562747525 0.5099834071 -1.471801707e-06 0.0008890974923 0.254997929 -0.9999999977 -6.291957434e-07 -6.797445135e-05 3.158030416e-07 0.9999033713 -0.01390136981 6.797662975e-05 -0.0139013698 -0.999903369 6.575754972e-08 0.003025437217 0
0.02045784803 0.01439127777 0.003330742238 -2.502445594e-05 0.005216479272 0.5099644266 -3.166058518e-06 0.00130330353 0.2549955449 -0.9999999894 -1.976534255e-06 -0.000145722556 9.898330608e-07 0.9997928469 -0.02035345756 0.0001457325984 -0.02035345749 -0.9997928363 5.205770661e-08 0.004429887176 0
0.02694379737 0.0189538837 0.00438671965 -4.340626082e-05 0.006870047005 0.509938296 -5.502417822e-06 0.001717610919 0.254992257 -0.999999968 -4.516278449e-06 -0.0002527469873 2.260044909e-06 0.9996407008 -0.02680427831 0.0002527772311 -0.02680427802 -0.9996406688 6.61674533e-09 0.005834337135 0
0.03424049038 0.02408681536 0.005574694239 -7.009712859e-05 0.008730049922 0.5099003538 -8.897217729e-06 0.002183653699 0.2549874797 -0.9999999167 -9.269087588e-06 -0.0004081242704 4.63677366e-06 0.999419809 -0.03405943736 0.0004082031803 -0.03405943641 -0.9994197257 9.176411863e-08 0.007414343338 0
0.04072643973 0.02864942129 0.006630671652 -9.916476458e-05 0.01038309652 0.5098590328 -1.259548377e-05 0.002597841123 0.2549822752 -0.9999998332 -1.559652527e-05 -0.0005773038714 7.800681515e-06 0.9991792857 -0.04050623312 0.0005774618264 -0.04050623087 -0.999179119 2.005028032e-07 0.008818793297 0
0.04721238907 0.03321202721 0.007686649064 -0.0001332594245 0.01203581666 0.5098105657 -1.693407978e-05 0.003011962705 0.2549761697 -0.9999996989 -2.429581057e-05 -0.000775696983 1.215035367e-05 0.9988972168 -0.04695050821 0.000775982258 -0.04695050349 -0.9988969156 3.324214293e-07 0.01022324326 0
0.05450908208 0.03834495888 0.008874623653 -0.0001776231725 0.01389467193 0.5097475007 -2.258018246e-05 0.003477778177 0.2549682241 -0.999999465 -3.738662637e-05 -0.001033772389 1.869549335e-05 0.9985302729 -0.05419680595 0.001034279262 -0.05419679628 -0.9985297379 5.072205122e-07 0.01180324946 0
0.06099503142 0.0429075648 0.009930601066 -0.0002223957512 0.0155465259 0.5096838544 -2.827896966e-05 0.00389177801 0.2549602044 -0.9999991612 -5.23762863e-05 -0.001294143047 2.618968665e-05 0.998160042 -0.06063439508 0.001294937683 -0.06063437812 -0.9981592034 6.854806257e-07 0.01320769942 0
0.06748098077 0.04747017073 0.01098657848 -0.0002721907046 0.01719789113 0.5096130687 -3.461768345e-05 0.004305725677 0.2549512841 -0.9999987436 -7.09133971e-05 -0.001583622884 3.545707372e-05 0.9977483919 -0.0670682131 0.001584813221 -0.06706818499 -0.9977471358 8.850137136e-07 0.01461214938 0
0.07396693011 0.05203277665 0.01204255589 -0.0003270061542 0.01884871571 0.5095351461 -4.159623637e-05 0.004719622274 0.2549414635 -0.9999981865 -9.337303001e-05 -0.00190216977 4.668500281e-05 0.9972953736 -0.07349786082 0.001903887829 -0.07349781634 -0.9972935607 1.105712803e-06 0.01601659933 0
0.08126362312 0.05716570832 0.01323053048 -0.0003946720145 0.02070518255 0.509438956 -5.021181021e-05 0.005185194831 0.254929339 -0.9999973583 -0.0001237949275 -0.002295221334 6.189268461e-05 0.9967363504 -0.08072573334 0.002297723972 -0.08072566215 -0.9967337096 1.379273315e-06 0.01759660554 0
0.08774957246 0.06172831424 0.01428650789 -0.0004601489165 0.02235468607 0.5093458776 -5.85497375e-05 0.005598981793 0.2549176054 -0.999996409 -0.0001558322255 -0.00267537651 7.790711069e-05 0.9961956177 -0.08714519628 0.002678778384 -0.08714509177 -0.9961920282 1.64494199e-06 0.0190010555 0
0.0942355218 0.06629092017 0.01534248531 -0.000530639224 0.02400348693 0.5092456725 -6.752723213e-05 0.006012715145 0.2549049716 -0.9999952245 -0.000192959669 -0.003084439847 9.646503276e-05 0.9956137094 -0.09355924518 0.003088963759 -0.09355909593 -0.9956089362 1.931865745e-06 0.02040550546 0
0.1015322148 0.07142385183 0.01653045989 -0.0006159300882 0.02585748352 0.5091244277 -7.83912792e-05 0.006478098673 0.254889683 -0.9999935658 -0.0002412754933 -0.003579116106 0.0001206140666 0.9949099349 -0.100768085 0.003585211041 -0.1007678683 -0.9949035044 2.280186336e-06 0.02198551166 0
0.1080181642 0.07598645776 0.01758643731 -0.0006970648185 0.02750461932 0.509009091 -8.872753603e-05 0.006891711318 0.2548751372 -0.9999917589 -0.0002904534873 -0.004049406407 0.0001451925998 0.9942407743 -0.1071693132 0.004057212662 -0.1071690179 -0.9942325385 2.61263368e-06 0.02338996162 0
0.1145041135 0.08054906368 0.01864241472 -0.0007832040177 0.02915089072 0.5088866403 -9.97030492e-05 0.007305263393 0.2548596917 -0.9999895961 -0.0003458810103 -0.004548404919 0.0001728929617 0.9935306804 -0.1135638905 0.004558259427 -0.1135634954 -0.993520284 2.966711904e-06 0.02479441158 0
0.1218008065 0.08568199535 0.01983038931 -0.0008860884686 0.03100184849 0.5087403854 -0.0001128144743 0.007770433752 0.2548412404 -0.9999866829 -0.0004161664638 -0.005144002957 0.0002080164056 0.9926830064 -0.1207493497 0.005156616151 -0.1207488117 -0.9926697002 3.391097672e-06 0.02637441778 0
0.1282867559 0.09024460127 0.02088636672 -0.0009828511423 0.03264611151 0.5086028329 -0.0001251480314 0.008183848102 0.2548238839 -0.9999836153 -0.0004860979133 -0.005703760141 0.0002429605516 0.9918862277 -0.1271284869 0.005719278023 -0.1271277897 -0.9918698579 3.791668417e-06 0.02777886774 0
0.1347727052 0.0948072072 0.02194234413 -0.001084607506 0.03428934876 0.5084581817 -0.0001381204784 0.008597193152 0.2548056282 -0.9999800465 -0.0005634281564 -0.006291984815 0.0002815991844 0.9910488075 -0.133499745 0.006310881562 -0.133498853 -0.991028874 4.214392298e-06 0.0291833177 0
0.1412586545 0.09936981312 0.02299832155 -0.001191353723 0.03593150869 0.5083064371 -0.0001517316855 0.009010465916 0.2547864736 -0.9999759251 -0.0006485225159 -0.006908591391 0.0003241141853 0.9901708493 -0.1398627329 0.006931389937 -0.1398616049 -0.9901468009 4.659460147e-06 0.03058776766 0
0.1485553476 0.1045027448 0.02418629613 -0.001317402631 0.03777758674 0.508127253 -0.0001678076417 0.009475307575 0.2547638505 -0.9999705604 -0.0007539874303 -0.007636087173 0.0003768025678 0.9891348266 -0.1470107236 0.007663963999 -0.147009273 -0.9891054227 5.187120358e-06 0.03216777386 0
0.1550412969 0.1090653507 0.02524227355 -0.001434738686 0.03941728638 0.5079604545 -0.0001827757545 0.009888416553 0.2547427864 -0.9999650818 -0.0008567875666 -0.008312702304 0.0004281554133 0.9881710927 -0.1533548445 0.008345764642 -0.1533530487 -0.9881362207 5.680349339e-06 0.03357222382 0
0.1615272462 0.1136279566 0.02629825096 -0.001557051391 0.0410557479 0.5077865815 -0.0001983821817 0.01030144357 0.2547208241 -0.9999588734 -0.0009684848775 -0.009017405352 0.0004839481971 0.9871671771 -0.1596894805 0.009056343434 -0.159687277 -0.9871261096 6.196583267e-06 0.03497667378 0
0.1688239392 0.1187608883 0.02748622555 -0.001700596087 0.0428974732 0.5075825262 -0.0002167022035 0.01076599705 0.254695043 -0.9999509394 -0.001105226968 -0.009843642319 0.0005522446427 0.9859898974 -0.1668041281 0.009890088301 -0.1668013807 -0.9859409138 6.805132404e-06 0.03655667998 0
0.1753098886 0.1233234942 0.02854220296 -0.001833468628 0.04453313323 0.507393642 -0.0002336645245 0.01117883935 0.2546711725 -0.9999429718 -0.001237022918 -0.01060768675 0.0006180645107 0.9849010146 -0.1731173284 0.01066167154 -0.1731140121 -0.9848440829 7.371029678e-06 0.03796112994 0
0.1817958379 0.1278861002 0.02959818037 -0.001971302787 0.04616739483 0.5071977045 -0.0002512646529 0.0115915897 0.2546464046 -0.9999340731 -0.001378834687 -0.01139948525 0.0006888798058 0.9837723547 -0.1794198415 0.01146188875 -0.1794158658 -0.9837065478 7.960682924e-06 0.0393655799 0
0.1882817873 0.1324487061 0.03065415779 -0.002114093367 0.0478002068 0.5069947213 -0.0002695024135 0.01200424488 0.2546207393 -0.9999241741 -0.0015310169 -0.01221892266 0.0007648664108 0.9826040573 -0.1857112853 0.0122906901 -0.1857065494 -0.9825283795 8.574350285e-06 0.04077002986 0
0.1955784803 0.1375816377 0.03184213238 -0.002280650534 0.04963532389 0.5067579528 -0.0002907818377 0.01246836413 0.2545907936 -0.9999117525 -0.001715057151 -0.01317367832 0.0008567504278 0.9812425236 -0.1927754546 0.01325719428 -0.1927697293 -0.981154462 9.293762542e-06 0.04235003606 0
0.2020644296 0.1421442437 0.03289810979 -0.002433955407 0.05126488578 0.506540023 -0.0003103739562 0.01288080623 0.2545632223 -0.9998994865 -0.001890446092 -0.01405144771 0.0009443056055 0.979990482 -0.1990421147 0.0141465634 -0.1990353771 -0.9798901946 9.959354785e-06 0.04375448602 0
0.208550379 0.1467068496 0.0339540872 -0.002592199265 0.05289283853 0.5063150723 -0.0003306031187 0.01329314297 0.2545347547 -0.9998859879 -0.002077302319 -0.01495647032 0.001037575358 0.9786992704 -0.2052965212 0.01506434953 -0.2052886334 -0.9785855315 1.064982068e-05 0.04515893598 0
0.215847072 0.1518397813 0.03514206179 -0.0027761198 0.05472229853 0.506053621 -0.0003541221423 0.01375689176 0.2545016573 -0.9998692301 -0.00230165473 -0.01600703284 0.001149548266 0.9772000354 -0.2123176142 0.0161307549 -0.2123082503 -0.9770696012 1.145668971e-05 0.04673894218 0
0.2223330213 0.1564023872 0.0361980392 -0.002944838967 0.05634666287 0.5058137791 -0.0003757043471 0.01416899369 0.2544712855 -0.9998528466 -0.002514029137 -0.01696952665 0.001255530189 0.9758261226 -0.2185447369 0.01710873523 -0.218533883 -0.97567937 1.22009891e-05 0.04814339214 0
0.2288189707 0.1609649931 0.03725401661 -0.003118477865 0.05796925917 0.5055669436 -0.000397922946 0.01458097998 0.2544400182 -0.9998349753 -0.002738949082 -0.01795884937 0.001367759531 0.9744135539 -0.2247584376 0.01811494815 -0.2247459103 -0.9742490054 1.29710979e-05 0.0495478421 0
0.2361156637 0.1660979248 0.0384419912 -0.003319694091 0.05979250356 0.5052809057 -0.0004236792839 0.01504432222 0.2544037724 -0.9998129841 -0.003007404147 -0.0191037271 0.001501694476 0.9727784252 -0.2317323464 0.01928060638 -0.2317176967 -0.9725919839 1.386871283e-05 0.0511278483 0
0.242601613 0.1706605307 0.03949796862 -0.00350376547 0.0614111746 0.5050192399 -0.0004472494783 0.01545605183 0.2543706031 -0.9997916614 -0.003260112347 -0.02014957882 0.001627756393 0.971284297 -0.2379162979 0.02034660336 -0.2378995294 -0.9710766343 1.469472075e-05 0.05253229826 0
0.2490875624 0.1752231366 0.04055394603 -0.003692735526 0.06302791946 0.5047506105 -0.000471455355 0.01586765549 0.2543365392 -0.9997685731 -0.003526423993 -0.02122179712 0.00176058717 0.969752073 -0.2440856761 0.02144063134 -0.2440665509 -0.9695214376 1.554754545e-05 0.05393674822 0
0.2555735117 0.1797857425 0.04160992344 -0.00388659714 0.0646426877 0.5044750275 -0.0004962966732 0.01627912989 0.2543015812 -0.9997436255 -0.003806673035 -0.02232022615 0.0019003511 0.968181942 -0.2502401164 0.02256262221 -0.2502183775 -0.9679264908 1.64275237e-05 0.05534119818 0
0.2628702047 0.1849186742 0.04279789803 -0.0041105293 0.06645687658 0.5041566979 -0.0005250023996 0.01674187997 0.2542611849 -0.9997132177 -0.004139025585 -0.02358708988 0.002066075705 0.966370475 -0.2571455547 0.02385819929 -0.2571205426 -0.9660847856 1.745038416e-05 0.05692120438 0
0.2693561541 0.1894812801 0.04385387544 -0.004314761006 0.06806727737 0.5038663733 -0.000551193203 0.01715306873 0.2542243278 -0.9996839982 -0.004449989771 -0.0247406819 0.00222111213 0.9647204398 -0.2632670502 0.0250393772 -0.2632388091 -0.9644057025 1.838921244e-05 0.05832565434 0
0.2758421034 0.1940438861 0.04490985286 -0.004523860846 0.06967554444 0.5035691285 -0.0005780186548 0.01756411789 0.2541865775 -0.9996526125 -0.004775919769 -0.02591997321 0.002383586621 0.9630331172 -0.2693724812 0.02624829396 -0.269340687 -0.9626871877 1.935628946e-05 0.0597301043 0
0.2831387964 0.1991768177 0.04609782744 -0.0047649073 0.07148223206 0.5032264702 -0.0006089555589 0.01802637722 0.2541430415 -0.9996145861 -0.005160883211 -0.02727718111 0.002575458835 0.9610905681 -0.2762214454 0.02764138811 -0.2761852371 -0.9607068588 2.047847022e-05 0.0613101105 0
0.2896247458 0.2037394237 0.04715380486 -0.004984325559 0.07308579877 0.5029145572 -0.0006371287449 0.01843711876 0.2541033947 -0.999578253 -0.005519688311 -0.02851050983 0.002754264514 0.959324705 -0.2822915591 0.02890899786 -0.282251029 -0.95890491 2.150679097e-05 0.06271456046 0
0.2961106951 0.2083020296 0.04820978227 -0.005208586746 0.07468707552 0.5025957599 -0.0006659357247 0.01884771037 0.2540628561 -0.9995394252 -0.005894463345 -0.02976899009 0.002940999559 0.9575222183 -0.2883445022 0.03020410553 -0.2882992485 -0.9570638721 2.256451723e-05 0.06411901042 0
0.3025966444 0.2128646355 0.04926575968 -0.005437682421 0.07628601253 0.5022700901 -0.0006953762118 0.01925814873 0.2540214259 -0.9994979931 -0.006285524231 -0.03105243905 0.003135818162 0.9556833295 -0.2943799252 0.03152663049 -0.2943295192 -0.9551838596 2.365203151e-05 0.06552346038 0
0.3098933375 0.2179975672 0.05045373427 -0.005701183035 0.07808195804 0.5018955121 -0.0007292536341 0.01971970458 0.2539737519 -0.9994481299 -0.006745324283 -0.03252593226 0.003364841501 0.9535713491 -0.301148402 0.03304714073 -0.3010916518 -0.9530224046 2.491157471e-05 0.06710346658 0
0.3163792868 0.2225601731 0.05150971168 -0.005940523142 0.07967575819 0.5015552794 -0.000760039344 0.02012980631 0.2539304288 -0.9994007902 -0.007172029113 -0.03386181621 0.003577342654 0.9516558612 -0.3071454452 0.03442765194 -0.307082536 -0.9510599628 2.606368464e-05 0.06850791654 0
0.3228652361 0.227122779 0.0525656891 -0.006184670194 0.0812670636 0.5012082134 -0.0007914576253 0.02053974444 0.2538862154 -0.9993504902 -0.007615989337 -0.03522207439 0.003798399292 0.9497046914 -0.3131238914 0.03583531751 -0.3130543019 -0.9490589202 2.724681436e-05 0.0699123665 0
0.3301619292 0.2322557107 0.05375366369 -0.006465069985 0.08305423873 0.5008096125 -0.0008275589229 0.02100072519 0.253835412 -0.9992902169 -0.008136449083 -0.03678125355 0.004057498379 0.9474672725 -0.3198269912 0.03745129001 -0.3197492233 -0.9467617626 2.861541861e-05 0.0714923727 0
0.3366478785 0.2368183166 0.0548096411 -0.006719401075 0.08464007902 0.5004480694 -0.0008603203729 0.02141030472 0.2537893085 -0.9992332312 -0.008618084096 -0.03819264669 0.004297223928 0.9454410785 -0.3257647938 0.03891636547 -0.3256791299 -0.94467911 2.986581789e-05 0.07289682266 0
0.3431338278 0.2413809225 0.05586561851 -0.006978509812 0.08622327062 0.5000797347 -0.000893713397 0.02181971033 0.2537423163 -0.9991729091 -0.009117915999 -0.03962778518 0.004545961182 0.9433799646 -0.331682946 0.04040831582 -0.3315887604 -0.9425582539 3.114852096e-05 0.07430127262 0
0.3496197772 0.2459435285 0.05692159592 -0.007242386451 0.08780376449 0.4997046222 -0.0009277376629 0.02222893872 0.2536944359 -0.999109126 -0.009636239893 -0.04108646067 0.004803852671 0.941284183 -0.3375811159 0.04192704818 -0.3374777469 -0.9403993263 3.246394911e-05 0.07570572258 0
0.3569164702 0.2510764601 0.05810957051 -0.007544934444 0.08957853454 0.4992745367 -0.0009667690718 0.0226891047 0.2536395091 -0.9990330755 -0.01024182146 -0.04275534087 0.005105098018 0.9388853097 -0.344192262 0.04366751715 -0.3440777243 -0.937925193 3.39834532e-05 0.07728572878 0
0.3634024195 0.255639066 0.05916554792 -0.007818909712 0.09115313343 0.4988850685 -0.001002133595 0.02309794552 0.2535897427 -0.9989615154 -0.01080040654 -0.04426332521 0.005382907591 0.9367167162 -0.3500468795 0.04524284525 -0.3499216266 -0.9356858127 3.53698428e-05 0.07869017874 0
0.3698883689 0.260201672 0.06022152534 -0.008097621288 0.09272488206 0.4984888675 -0.001038128283 0.0235065988 0.2535390894 -0.9988860926 -0.01137838571 -0.04579417371 0.005670305564 0.9345142702 -0.3558804946 0.04684465436 -0.3557437436 -0.9334087889 3.679030459e-05 0.0800946287 0
0.3771850619 0.2653346036 0.06140949993 -0.008416820129 0.09448963187 0.498035112 -0.001079375102 0.02396610546 0.2534810452 -0.9987964597 -0.01205214539 -0.04754343136 0.006005257734 0.9319963893 -0.3624178075 0.04867821848 -0.3622671336 -0.9308023179 3.842959959e-05 0.0816746349 0
0.3836710112 0.2698972096 0.06246547734 -0.008705561358 0.09605516264 0.4976246533 -0.001116707691 0.02437434927 0.2534285093 -0.9987123863 -0.01267226954 -0.04912212454 0.006313477804 0.9297229051 -0.3682057302 0.05033596659 -0.3680417549 -0.928445775 3.992393265e-05 0.08307908486 0
0.3901569606 0.2744598155 0.06352145475 -0.008999005575 0.0976176918 0.4972075092 -0.001154669304 0.02478239523 0.2533750882 -0.9986240297 -0.01331265834 -0.05072297687 0.006631702766 0.9274164223 -0.3739716569 0.05201987863 -0.3737934627 -0.9260520393 4.145372865e-05 0.08448353482 0
0.3974536536 0.2795927472 0.06470942934 -0.009334738127 0.09937188927 0.4967302503 -0.001198127528 0.02524120635 0.2533139321 -0.9985193367 -0.01405765644 -0.05255013359 0.007001825878 0.924782536 -0.3804316438 0.05394542316 -0.3802362995 -0.9233148151 4.321770353e-05 0.08606354102 0
0.4039396029 0.2841553531 0.06576540675 -0.009638139372 0.1009278802 0.4962989518 -0.001237424556 0.02564882096 0.2532586318 -0.9984214171 -0.01474200536 -0.05419729915 0.007341738535 0.92240687 -0.3861497961 0.05568458344 -0.385938129 -0.9208425423 4.482436973e-05 0.08746799098 0
0.4104255523 0.288717959 0.06682138417 -0.009946208575 0.1024807194 0.4958610176 -0.001277349407 0.02605622745 0.2532024481 -0.9983187761 -0.01544745647 -0.05586588775 0.007692054099 0.9199990971 -0.3918449866 0.05744957466 -0.3916159309 -0.91833355 4.646792992e-05 0.08887244094 0
0.4169115016 0.2932805649 0.06787736158 -0.01025893417 0.1040303591 0.4954164641 -0.001317901685 0.02646342252 0.2531453815 -0.9982112699 -0.01617427056 -0.05755565742 0.008052895906 0.9175595105 -0.3975169124 0.05924028694 -0.3972693516 -0.9157879944 4.814885e-05 0.0902768909 0
0.4242081946 0.2984134966 0.06906533617 -0.01061630168 0.1057698201 0.4949084501 -0.001364272466 0.02692126018 0.2530801269 -0.9980843285 -0.01701779202 -0.05948166113 0.008471576091 0.9147773176 -0.4038696468 0.06128544406 -0.4035998687 -0.9128807372 5.00851267e-05 0.0918568971 0
0.430694144 0.3029761025 0.07012131358 -0.0109388829 0.1073125029 0.4944498864 -0.001406156678 0.02732799509 0.2530211861 -0.9979659979 -0.0177908521 -0.06121562337 0.008855186532 0.9122711163 -0.4094911428 0.06313044142 -0.4092003127 -0.9102580137 5.184700029e-05 0.09326134706 0
0.4371800933 0.3075387084 0.07117729099 -0.01126608325 0.1088518377 0.4939847564 -0.001448667036 0.02773450833 0.2529613641 -0.9978423414 -0.01858606701 -0.06296999114 0.009249695664 0.9097340405 -0.4150884468 0.06500080615 -0.4147752809 -0.9075992296 5.364771313e-05 0.09466579702 0
0.4444767863 0.3126716401 0.07236526558 -0.01163968964 0.1105795288 0.4934536581 -0.001497239102 0.02819156667 0.252893012 -0.9976966737 -0.01950747165 -0.06496772917 0.009706688818 0.9068433091 -0.4213561354 0.06713514337 -0.4210162363 -0.9045652001 5.57205386e-05 0.09624580322 0
0.4509627357 0.317234246 0.07342124299 -0.01197666466 0.1121115927 0.492974633 -0.001541078608 0.02859759798 0.2528313197 -0.9975611965 -0.02035057709 -0.06676461087 0.01012473672 0.9042416518 -0.4269010714 0.06905902518 -0.4265359177 -0.9018303399 5.760538455e-05 0.09765025318 0
0.457448685 0.321796852 0.07447722041 -0.01231821986 0.1136401616 0.492489097 -0.001585542917 0.02900339738 0.2527687482 -0.9974199164 -0.02121659304 -0.06858109401 0.01055403553 0.9016100939 -0.4324209187 0.07100790527 -0.4320290439 -0.8990599438 5.953058233e-05 0.09905470314 0
0.4639346344 0.3263594579 0.07553319782 -0.01266434244 0.1151651888 0.4919970682 -0.001630631588 0.0294089616 0.2527052981 -0.9972726777 -0.02210575349 -0.07041691544 0.01099469358 0.8989489539 -0.437915397 0.07298166229 -0.437495273 -0.8962541844 6.149662254e-05 0.1004591531 0
0.4712313274 0.3314923895 0.07672117241 -0.01305917362 0.1168765529 0.4914357979 -0.001682102092 0.02986493616 0.2526328674 -0.9970997155 -0.02313401025 -0.07250499866 0.01150414382 0.8959202129 -0.4440660163 0.07523172161 -0.4436122064 -0.8930556524 6.375785199e-05 0.1020391593 0
0.4777172767 0.3360549955 0.07777714982 -0.01341495858 0.1183938993 0.4909300336 -0.001728516035 0.03026998978 0.2525675525 -0.99693929 -0.02407311188 -0.07438102767 0.01196929001 0.8931972846 -0.4495056695 0.07725793221 -0.4490201512 -0.8901753287 6.581232506e-05 0.1034436093 0
0.484203226 0.3406176014 0.07883312723 -0.01377526979 0.1199075589 0.490417835 -0.001775552918 0.03067479801 0.252501361 -0.9967724089 -0.02503606403 -0.07627555501 0.01244611989 0.8904457914 -0.454919099 0.07930863064 -0.4544001409 -0.8872601947 6.790919288e-05 0.1048480592 0
0.4914999191 0.3457505331 0.08002110182 -0.01418601338 0.1216059614 0.4898339445 -0.001829213435 0.03112990991 0.2524258487 -0.9965767494 -0.026148165 -0.07842866794 0.01299664267 0.8873166315 -0.4609775296 0.08164477796 -0.4604187973 -0.883939286 7.031947008e-05 0.1064280654 0
0.4979858684 0.350313139 0.08107707923 -0.01455589786 0.1231116333 0.4893081371 -0.001877572504 0.03153418588 0.2523577967 -0.9963956104 -0.02716251748 -0.08036159031 0.01349862715 0.8845055449 -0.4663343523 0.08374708722 -0.4657382727 -0.8809507856 7.250809896e-05 0.1078325154 0
0.5044718177 0.3548757449 0.08213305665 -0.01493026584 0.1246134746 0.4887759562 -0.00192655303 0.03193820629 0.2522888702 -0.9962075047 -0.02820138751 -0.08231214531 0.01401259797 0.8816669418 -0.4716641293 0.08587348032 -0.4710287523 -0.8779280494 7.474070218e-05 0.1092369653 0
0.5109577671 0.3594383508 0.08318903406 -0.01530910331 0.1261114397 0.4882374217 -0.001976154526 0.03234196788 0.25221907 -0.996012266 -0.02926498012 -0.0842800507 0.01453864729 0.878801164 -0.4769666047 0.08802382486 -0.4762899066 -0.8748712654 7.701779059e-05 0.1106414153 0
0.5182544601 0.3645712825 0.08437700865 -0.01574062022 0.1277919605 0.4876240011 -0.002032697848 0.03279588627 0.2521395011 -0.9957838873 -0.03049132296 -0.08651432879 0.01514500209 0.8755451109 -0.4828989414 0.09047142517 -0.4821732447 -0.8713919229 7.963332805e-05 0.1122214215 0
0.5247404094 0.3691338884 0.08543298606 -0.01612890804 0.1292815379 0.4870720325 -0.002083617261 0.03319908709 0.2520678464 -0.9955729322 -0.0316081128 -0.08851815537 0.01569701352 0.8726227351 -0.4881425673 0.09267222017 -0.4873709978 -0.8682634221 8.200665502e-05 0.1136258715 0
0.5312263588 0.3736964944 0.08648896347 -0.01652162046 0.1307670975 0.4865137741 -0.002135156082 0.03360201896 0.25199532 -0.9953543157 -0.03275023903 -0.09053843462 0.01626137637 0.8696742714 -0.4933581147 0.09489654334 -0.4925384081 -0.8651014753 8.442607938e-05 0.1150303214 0
0.5385230518 0.378829426 0.08767693806 -0.01696869241 0.1324334935 0.4858782412 -0.002193877003 0.03405499179 0.251912687 -0.9950990003 -0.03406564948 -0.09283055101 0.01691115094 0.8663265072 -0.4991917425 0.09742685794 -0.4983150754 -0.8615045519 8.720368101e-05 0.1166103276 0
0.5450090011 0.3833920319 0.08873291548 -0.01737075812 0.1339103661 0.4853066868 -0.002246730357 0.03445734137 0.251838311 -0.9948635313 -0.0352622334 -0.09488481932 0.01750203134 0.8633237849 -0.5043468265 0.09970071686 -0.5034169419 -0.8582721886 8.972279404e-05 0.1180147776 0
0.5514949505 0.3879546379 0.08978889289 -0.01777720198 0.1353830811 0.4847289086 -0.002300201497 0.03485941188 0.2517630657 -0.9946198603 -0.036484726 -0.09695461984 0.01810551286 0.8602960891 -0.50947309 0.1019976664 -0.5084874667 -0.8550070013 9.228963903e-05 0.1194192275 0
0.5587916435 0.3930875695 0.09097686748 -0.01823966562 0.1370348602 0.4840714957 -0.002361094315 0.03531140359 0.2516773765 -0.9943357078 -0.03789121584 -0.09930133872 0.01879958505 0.8568605314 -0.5152054011 0.1046091569 -0.5141539512 -0.8512946839 9.523505112e-05 0.1209992337 0
0.5652775928 0.3976501755 0.09203284489 -0.01865536235 0.1384985927 0.4834805641 -0.002415876477 0.03571287034 0.2516002865 -0.9940740236 -0.03916933727 -0.1014031493 0.01943008967 0.8537809728 -0.5202696629 0.1069546973 -0.5191568294 -0.8479604231 9.790508049e-05 0.1224036837 0
0.5717635422 0.4022127814 0.0930888223 -0.01907538918 0.1399580291 0.4828834771 -0.002471274744 0.03611404793 0.2515223295 -0.9938035854 -0.04047389711 -0.1035195502 0.02007342139 0.850677581 -0.5253043984 0.1093228767 -0.5241273861 -0.8445939804 0.000100624497 0.1238081337 0
0.5782494915 0.4067753873 0.09414479971 -0.01949973041 0.1414131256 0.482280257 -0.002527288564 0.03651493313 0.2514435063 -0.9935242146 -0.04180505576 -0.1056502358 0.02072964742 0.8475507261 -0.5303093894 0.1117135477 -0.5290653117 -0.8411955654 0.0001033938342 0.1252125836 0
0.5855461845 0.411908319 0.0953327743 -0.01998225162 0.1430448673 0.4815943314 -0.002591039196 0.03696557549 0.2513537959 -0.9931990212 -0.04333459708 -0.1080639486 0.02148339492 0.8440054323 -0.5359041837 0.1144297515 -0.5345810911 -0.8373343949 0.0001065696766 0.1267925898 0
0.5920321339 0.4164709249 0.09638875172 -0.02041570813 0.1444905967 0.4809781535 -0.002648359209 0.03736582871 0.2512731348 -0.9929000703 -0.04472279024 -0.1102239651 0.0221672331 0.8408299577 -0.5408452608 0.116867721 -0.5394486577 -0.8338687435 0.0001094468762 0.1281970398 0
0.5985180832 0.4210335308 0.09744472913 -0.02085342897 0.1459318503 0.4803559137 -0.002706293014 0.0377657795 0.2511916101 -0.9925916216 -0.04613805442 -0.1123972983 0.02286415945 0.8376321916 -0.5457559362 0.1193277124 -0.5442826395 -0.8303717875 0.0001123756764 0.1296014897 0
0.6058147762 0.4261664625 0.09863270372 -0.02135094177 0.1475478569 0.4796486769 -0.002772201501 0.03821535864 0.2510988634 -0.9922330365 -0.04776276125 -0.1148578252 0.02366391668 0.8340085321 -0.5512438547 0.1221213348 -0.5496803498 -0.8264005643 0.0001157329293 0.1311814959 0
0.6123007256 0.4307290684 0.09968868113 -0.02179766986 0.1489794564 0.4790136328 -0.002831437694 0.03861465613 0.251015506 -0.9919037971 -0.04923601624 -0.1170584128 0.02438884082 0.8307646597 -0.5560892595 0.1246276123 -0.5544419671 -0.8228378111 0.0001187731798 0.1325859459 0
0.6187866749 0.4352916743 0.1007446585 -0.0222486107 0.1504064459 0.4783726002 -0.002891285859 0.03901364117 0.2509312876 -0.9915644859 -0.0507367699 -0.119271331 0.02512702213 0.8274996893 -0.5609036432 0.1271554285 -0.559169066 -0.8192444401 0.0001218667276 0.1339903959 0
0.6252726243 0.4398542803 0.101800636 -0.02270374745 0.151828783 0.4777256028 -0.002951745401 0.03941231058 0.2508462089 -0.9912149175 -0.05226514953 -0.1214962608 0.02587850938 0.8242140071 -0.5656868155 0.129704626 -0.5638613523 -0.8156206749 0.0001250141191 0.1353948458 0
0.6325693173 0.4449872119 0.1029886105 -0.02322077058 0.1534232983 0.4769906312 -0.003020492422 0.0398604324 0.2507494681 -0.9908091606 -0.05401775081 -0.1240132648 0.02673989465 0.8204933411 -0.5710303453 0.1325978328 -0.5690981988 -0.8115078896 0.0001286199768 0.136974852 0
0.6390552666 0.4495498179 0.104044588 -0.02368476709 0.1548356086 0.4763310393 -0.003082249134 0.04025842049 0.2506625642 -0.9904371764 -0.055605237 -0.1262626518 0.027519807 0.8171649378 -0.5757465802 0.135191937 -0.573715541 -0.8078202883 0.0001318836072 0.138379302 0
0.645541216 0.4541124238 0.1051005654 -0.02415290596 0.1562431347 0.4756655589 -0.003144615324 0.04065608296 0.2505748027 -0.9900543506 -0.05722071683 -0.1285230425 0.02831316084 0.8138170424 -0.5804310351 0.1378069222 -0.578297165 -0.804103004 0.0001352027985 0.1397837519 0
0.652837909 0.4592453554 0.10628854 -0.02468449187 0.1578208311 0.4749098856 -0.003215505031 0.04110306008 0.250475047 -0.9896104778 -0.05907172695 -0.1310787294 0.02922179783 0.8100278515 -0.5856628435 0.1407735371 -0.5834084425 -0.7998858671 0.0001390039893 0.1413637581 0
0.6593238583 0.4638079614 0.1073445174 -0.02516137513 0.1592180527 0.4742319746 -0.003279164294 0.04150002008 0.2503854661 -0.9892039871 -0.06074704562 -0.1333614198 0.03004383753 0.8066398459 -0.5902791939 0.1434323523 -0.587913221 -0.7961062774 0.0001424430838 0.1427682081 0
0.6658098077 0.4683705673 0.1084004948 -0.02564234571 0.1606103605 0.4735482533 -0.003343431076 0.04189664455 0.2502950303 -0.9887860639 -0.06245067933 -0.1356540914 0.03087942849 0.8032335855 -0.5948632348 0.1461115353 -0.5923813973 -0.7922977341 0.0001459394706 0.1441726581 0
0.6731065007 0.473503499 0.1095884694 -0.02618830095 0.162170782 0.4727721534 -0.003416456586 0.04234244205 0.2501922694 -0.9883019977 -0.06440122816 -0.1382448665 0.03183570311 0.7993802195 -0.5999814603 0.1491497547 -0.5973639983 -0.7879788095 0.0001499420812 0.1457526643 0
0.67959245 0.4780661049 0.1106444468 -0.02667789745 0.1635525117 0.47207617 -0.003482012217 0.04273834297 0.2501000202 -0.9878591476 -0.06616533406 -0.1405576505 0.03270018557 0.7959364955 -0.6044963135 0.1518716643 -0.6017534742 -0.7841095292 0.0001535620644 0.1471571142 0
0.6860783993 0.4826287108 0.1117004242 -0.02717152482 0.1649291999 0.4713744565 -0.003548173351 0.04313389845 0.2500069189 -0.9874042683 -0.06795802956 -0.1428793798 0.03357830298 0.7924757698 -0.6089783674 0.1546134164 -0.6061054863 -0.7802120423 0.0001572410843 0.1485615642 0
0.6925643487 0.4871913167 0.1127564016 -0.02766916468 0.1663008061 0.4706670391 -0.003614939329 0.04352910534 0.2499129666 -0.9869371679 -0.06977939253 -0.1452097206 0.03447007656 0.7889984464 -0.6134274736 0.1573748404 -0.6104197637 -0.7762865912 0.0001609797018 0.1499660141 0
0.6998610417 0.4923242484 0.1139443762 -0.02823378266 0.1678377385 0.4698644093 -0.003690773205 0.04397329248 0.2498062542 -0.9863968325 -0.07186278317 -0.1478412299 0.03548966818 0.7850671233 -0.618393156 0.1605047423 -0.6152278865 -0.7718373374 0.0001652575839 0.1515460203 0
0.706346991 0.4968868543 0.1150003536 -0.02873988742 0.1691984122 0.4691449586 -0.003758822265 0.04436774814 0.2497104965 -0.9859031232 -0.07374530084 -0.1501887556 0.03641051922 0.7815558779 -0.6227717751 0.1633073967 -0.6194610886 -0.7678532763 0.0001691247137 0.1529504703 0
0.7128329404 0.5014494602 0.116056331 -0.02924994635 0.170553879 0.4684198869 -0.003827474075 0.04476184535 0.2496138908 -0.9853965904 -0.07565669788 -0.1525438419 0.03734507524 0.7780293063 -0.6271170098 0.1661291816 -0.6236557245 -0.7638420205 0.0001730532014 0.1543549203 0
0.7201296334 0.5065823919 0.1172443056 -0.02982846549 0.1720725059 0.467597496 -0.003905426986 0.04520477234 0.2495041968 -0.9848111721 -0.07784161107 -0.1552019296 0.03841284486 0.7740441032 -0.6319653311 0.1693263379 -0.628328266 -0.7592971628 0.0001775467963 0.1559349265 0
0.7266155827 0.5111449978 0.118300283 -0.03034686389 0.1734167768 0.4668605693 -0.003975357365 0.04559809743 0.249405792 -0.9842767467 -0.07981456221 -0.1575719569 0.03937655376 0.7704863238 -0.6362391939 0.1721881905 -0.6324400845 -0.7552289497 0.0001816075491 0.1573393764 0
0.7331015321 0.5157076038 0.1193562604 -0.03086915674 0.1747557178 0.4661181066 -0.004045888341 0.04599105427 0.2493065422 -0.9837288923 -0.08181655664 -0.1599484841 0.04035398979 0.766914501 -0.6404792765 0.1750686209 -0.6365125287 -0.751134328 0.0001857314313 0.1587438264 0
0.7395874814 0.5202702097 0.1204122379 -0.03139532464 0.17608929 0.4653701353 -0.004117019212 0.04638363972 0.2492064483 -0.9831674146 -0.08384763663 -0.1623311699 0.04134515434 0.7633290475 -0.6446854609 0.1779674496 -0.6405453451 -0.7470135526 0.0001899190118 0.1601482763 0
0.7468841744 0.5254031414 0.1216002124 -0.0319918711 0.1775830934 0.4645221177 -0.004197757623 0.04682485055 0.2490928349 -0.982519226 -0.08616741418 -0.1650186271 0.04247662255 0.7592796342 -0.6493767578 0.1812503989 -0.6450345834 -0.7423467378 0.0001947068893 0.1617282825 0
0.7533701238 0.5299657473 0.1226561899 -0.03252620845 0.1789051291 0.4637625331 -0.004270160916 0.04721663644 0.2489909507 -0.981928153 -0.08826041861 -0.1674132636 0.04349695231 0.7556665897 -0.6535105357 0.1841877234 -0.6489823601 -0.7381712395 0.0001990317232 0.1631327325 0
0.7598560731 0.5345283532 0.1237121673 -0.03306435936 0.180221676 0.4629975274 -0.004343161875 0.0476080412 0.2488882255 -0.9813228486 -0.09038260862 -0.1698129877 0.04453099722 0.7520412097 -0.6576100738 0.1871428786 -0.6528897326 -0.7339703945 0.0002034220405 0.1645371825 0
0.7671527661 0.5396612849 0.1249001419 -0.03367431265 0.1816961832 0.4621304514 -0.004426001445 0.04804791209 0.2487716558 -0.9806246277 -0.09280498513 -0.1725183301 0.04571067906 0.7479484306 -0.6621810017 0.1904885122 -0.6572369283 -0.7292144724 0.0002084401344 0.1661171887 0
0.7736387155 0.5442238908 0.1259561193 -0.03422050091 0.1830009407 0.4613540203 -0.004500270025 0.04843849659 0.248667147 -0.9799884349 -0.09498926042 -0.174927722 0.046773832 0.7442982201 -0.6662074513 0.1934809453 -0.6610576374 -0.7249606361 0.0002129715084 0.1675216386 0
0.7801246648 0.5487864967 0.1270120967 -0.0347704399 0.1843000917 0.4605722573 -0.004575133982 0.04882869024 0.2485618005 -0.9793374018 -0.09720277259 -0.1773411245 0.04785065963 0.7406369766 -0.6701993609 0.1964906303 -0.6648371906 -0.7206822755 0.0002175701603 0.1689260886 0
0.7866106142 0.5533491026 0.1280680741 -0.03532410924 0.1855935988 0.4597851914 -0.004650592572 0.04921848994 0.2484556174 -0.9786713338 -0.09944552774 -0.1797581916 0.04894114328 0.7369651179 -0.6741566431 0.19951738 -0.6685753525 -0.7163796571 0.0002222366662 0.1703305385 0
0.7939073072 0.5584820343 0.1292560487 -0.03595142063 0.1870420022 0.4588934401 -0.004736193323 0.04965653985 0.2483351625 -0.9779037933 -0.1020035829 -0.1824813417 0.05018423376 0.7328221097 -0.6785670919 0.2029426364 -0.6727310195 -0.7115105493 0.0002275683108 0.1719105447 0
0.8003932565 0.5630446402 0.1303120261 -0.03651294871 0.1883233937 0.4580952027 -0.00481291301 0.05004549213 0.248227205 -0.9772051296 -0.1043084767 -0.1849050468 0.05130366173 0.729129084 -0.6824505207 0.2060050216 -0.6763804555 -0.7071572742 0.0002323809236 0.1733149947 0
0.8068792059 0.5676072462 0.1313680035 -0.0370781426 0.1895990266 0.4572917542 -0.004890224965 0.0504340408 0.2481184141 -0.9764908229 -0.1066426001 -0.1873313339 0.05243666941 0.7254267521 -0.686299077 0.2090838791 -0.6799877816 -0.7027805833 0.0002372631967 0.1747194447 0
0.8141758989 0.5727401778 0.1325559781 -0.03771834149 0.1910271851 0.4563816827 -0.004977907904 0.05087067177 0.2479950296 -0.9756682877 -0.1093034092 -0.190063561 0.05372749739 0.7212510274 -0.6905869326 0.2125670447 -0.6839954095 -0.6978291562 0.0002428397416 0.1762994509 0
0.8206618482 0.5773027837 0.1336119555 -0.03829125566 0.1922904608 0.4555672595 -0.005056475871 0.05125835253 0.2478844715 -0.9749200948 -0.1116995909 -0.1924941822 0.05488925835 0.7175303133 -0.6943611588 0.2156802682 -0.6875125097 -0.6934036133 0.0002478719686 0.1777039008 0
0.8271477976 0.5818653897 0.1346679329 -0.03886776987 0.1935478654 0.4547477186 -0.005135633685 0.05164562007 0.2477730835 -0.9741556526 -0.1141249399 -0.1949263002 0.05606449551 0.7138016047 -0.6981003091 0.2188093617 -0.6909868069 -0.6889555109 0.0002529756703 0.1791083508 0
0.8344444906 0.5869983213 0.1358559075 -0.03952062498 0.1949553836 0.4538196557 -0.005225390298 0.0520807983 0.2476467813 -0.9732759914 -0.1168882835 -0.1976637895 0.05740269709 0.7095977745 -0.7022648565 0.2223483188 -0.6948439591 -0.6839247748 0.0002588034942 0.180688357 0
0.8409304399 0.5915609273 0.1369118849 -0.04010471836 0.1962001946 0.4529893407 -0.005305798917 0.05246717756 0.2475336334 -0.9724763777 -0.119375506 -0.2000979345 0.05860643866 0.7058534722 -0.705929289 0.2255104879 -0.6982265852 -0.6794296546 0.0002640610138 0.1820928069 0
0.8474163893 0.5961235332 0.1379678623 -0.04069234476 0.1974390243 0.4521540034 -0.005386794905 0.05285313402 0.247419659 -0.9716599113 -0.1218917844 -0.2025324903 0.05982352573 0.7021024879 -0.709558484 0.228687915 -0.7015657413 -0.6749128448 0.0002693918303 0.1834972569 0
0.8539023386 0.6006861391 0.1390238397 -0.04128348249 0.198671838 0.4513136746 -0.005468377456 0.05323866463 0.2473048593 -0.9708264 -0.1244370725 -0.2049671095 0.06105391073 0.6983452414 -0.7131523987 0.2318804023 -0.7048612196 -0.6703746268 0.0002747965282 0.1849017069 0
0.8611990316 0.6058190708 0.1402118143 -0.04195268239 0.2000515195 0.4503623768 -0.005560857942 0.05367187375 0.2471747246 -0.969868087 -0.1273351336 -0.2077056994 0.06245392626 0.6941113763 -0.717153334 0.2354897045 -0.7085161685 -0.6652438936 0.0002809658538 0.1864817131 0
0.867684981 0.6103816767 0.1412677917 -0.04255120909 0.2012714351 0.4495115442 -0.005643684239 0.05405648932 0.2470581749 -0.9689977189 -0.1299418917 -0.2101393004 0.06371239877 0.6903422157 -0.7206721553 0.2387135334 -0.7117181535 -0.6606611226 0.0002865294947 0.187886163 0
0.8741709303 0.6149442826 0.1423237692 -0.04315317852 0.2024852278 0.4486558176 -0.005727094546 0.05444066954 0.2469408036 -0.968109708 -0.1325774835 -0.2125718801 0.06498400269 0.6865681035 -0.7241555901 0.2419517983 -0.7148758285 -0.6560578306 0.0002921688488 0.189290613 0
0.8814676233 0.6200772143 0.1435117438 -0.04383448163 0.2038433838 0.4476873147 -0.005821628182 0.05487234812 0.24680778 -0.9670893702 -0.1355769061 -0.21530688 0.06643017967 0.6823168297 -0.728032125 0.2456118508 -0.718375004 -0.6508549549 0.000298604355 0.1908706192 0
0.8879535726 0.6246398202 0.1445677212 -0.04444369303 0.2050440538 0.4468212933 -0.005906276748 0.05525559313 0.2466886664 -0.9661632375 -0.1382735415 -0.2177361392 0.0677294885 0.6785335849 -0.7314402851 0.2488801217 -0.7214378712 -0.6462090088 0.0003044065519 0.1922750691 0
0.894439522 0.6292024261 0.1456236986 -0.04505627741 0.2062384963 0.4459504771 -0.005991506712 0.05563839333 0.2465687348 -0.9652188694 -0.1409987855 -0.2201632952 0.0690417352 0.6747466952 -0.734812994 0.2521621956 -0.7244558232 -0.6415434415 0.0003102863008 0.1936795191 0
0.9009254713 0.6337650321 0.146679676 -0.04567221222 0.2074266786 0.4450748981 -0.006077317229 0.0560207457 0.2464479863 -0.9642560779 -0.1437525558 -0.2225880029 0.07036685217 0.6709565778 -0.73815024 0.2554578682 -0.7274286724 -0.6368585433 0.0003162441913 0.1950839691 0
0.9082221643 0.6388979637 0.1478676506 -0.04636911543 0.2087558601 0.4440842188 -0.006174546937 0.05645035305 0.2463111694 -0.9631506819 -0.1468845362 -0.225312443 0.07187290502 0.6666893562 -0.7418622432 0.2591814991 -0.7307189852 -0.6315652897 0.0003230409571 0.1966639753 0
0.9147081137 0.6434605697 0.148923628 -0.04699209444 0.2099306312 0.4431986262 -0.006261588286 0.05683174377 0.2461886891 -0.9621481184 -0.1496986288 -0.2277308034 0.07322513426 0.6628937619 -0.7451241106 0.2625053866 -0.7335953796 -0.6268402835 0.0003291668599 0.1980684252 0
0.921194063 0.6480231756 0.1499796054 -0.04761835264 0.2110990409 0.442308372 -0.006349207501 0.05721267725 0.2460653957 -0.9611265476 -0.1525409584 -0.2301456397 0.0745900048 0.659096239 -0.7483505054 0.2658422288 -0.736426102 -0.6220968619 0.0003353727514 0.1994728752 0
0.928490756 0.6531561072 0.15116758 -0.04832678407 0.2124058584 0.4413013049 -0.006448468764 0.05764067716 0.2459257204 -0.9599543304 -0.1557722032 -0.2328576911 0.07614049612 0.6548222359 -0.7519378061 0.2696114027 -0.7395558532 -0.6167388682 0.0003424507286 0.2010528814 0
0.9349767054 0.6577187132 0.1522235574 -0.04895993393 0.2135606447 0.4404012539 -0.006537313047 0.05802062908 0.2458007034 -0.9588917554 -0.1586741893 -0.2352639009 0.07753196408 0.6510219885 -0.7550888458 0.272975083 -0.7422889412 -0.6119572958 0.0003488285639 0.2024573313 0
0.9414626547 0.6622813191 0.1532795348 -0.04959629063 0.214708971 0.4394966443 -0.006626732455 0.05840011442 0.2456748771 -0.9578095974 -0.161604075 -0.2376655173 0.07893581778 0.6472211033 -0.7582044448 0.2763510663 -0.744975816 -0.6071582345 0.000355288241 0.2038617813 0
0.9487593477 0.6674142508 0.1544675094 -0.05031599601 0.2159930777 0.4384735507 -0.006728015638 0.05882647401 0.2455323569 -0.9565685346 -0.164933398 -0.2403614213 0.08052984915 0.6429448571 -0.7616671544 0.2801634916 -0.7479431027 -0.6017387581 0.0003626539444 0.2054417875 0
