0.006998021816 0.004133241625 0.0008029530232 -2.45857566e-06 0.00178448574 0.5099958374 -3.082738337e-07 0.0004444619731 0.2549994835 -0.9999999999 -6.597103461e-08 -1.431792674e-05 3.37256559e-08 0.9999757583 -0.006962955813 1.431803901e-05 -0.006962955813 -0.9999757582 3.074801002e-08 0.001067927521 0
0.01470976415 0.008688028001 0.001687798339 -1.086274312e-05 0.003750898629 0.5099816082 -1.370545998e-06 0.0009362030964 0.2549977034 -0.999999998 -6.164926168e-07 -6.325878652e-05 3.093980472e-07 0.9998928952 -0.0146355105 6.326103389e-05 -0.01463551049 -0.9998928932 5.986278852e-08 0.00224477179 0
0.02156464623 0.012736727 0.002474327508 -2.334562381e-05 0.005498697354 0.5099604734 -2.955266519e-06 0.001374004508 0.2549950477 -0.9999999908 -1.943722286e-06 -0.0001359453222 9.733779496e-07 0.9997698235 -0.02145460233 0.0001359557326 -0.02145460226 -0.9997698143 4.133585555e-08 0.003290855586 0
0.0284195283 0.016785426 0.003260856677 -4.054567197e-05 0.007246321824 0.5099313518 -5.142095518e-06 0.001811877101 0.2549913829 -0.9999999721 -4.449756712e-06 -0.0002360870714 2.226757959e-06 0.9996002573 -0.02827234805 0.0002361185023 -0.02827234778 -0.9996002294 1.440610444e-08 0.004336939381 0
0.03527441038 0.020834125 0.004047385847 -6.24622335e-05 0.008993716661 0.5098942447 -7.930208834e-06 0.002249691862 0.2549867104 -0.9999999338 -8.509011316e-06 -0.0003636684325 4.25674302e-06 0.9993842153 -0.03508832001 0.0003637430579 -0.03508831923 -0.9993841491 9.668615451e-08 0.005383023176 0
0.04212929245 0.024882824 0.004833915016 -8.909447498e-05 0.0107408265 0.5098491535 -1.131915105e-05 0.002687431676 0.254981031 -0.9999998654 -1.449565617e-05 -0.000518669529 7.250413723e-06 0.9991217217 -0.0419020908 0.0005188213911 -0.04190208892 -0.9991215871 2.045305983e-07 0.006429106971 0
0.04898417453 0.028931523 0.005620444185 -0.0001204413837 0.01248759597 0.5097960798 -1.530867439e-05 0.003125101843 0.254974345 -0.999999754 -2.278355689e-05 -0.0007010662118 1.139469634e-05 0.9988128057 -0.04871323328 0.0007013437707 -0.04871322928 -0.9988125597 3.353631883e-07 0.007475190767 0
0.05669591686 0.03348630938 0.006505289501 -0.0001613406654 0.01445223588 0.5097268329 -2.051458452e-05 0.003617406445 0.2549656206 -0.9999995585 -3.532320294e-05 -0.0009389732173 1.766486266e-05 0.9984098289 -0.05637209548 0.0009394713322 -0.05637208718 -0.9984093876 5.08832355e-07 0.008652035036 0
0.06355079894 0.03753500838 0.00729181867 -0.0002027020608 0.01619809836 0.5096568036 -2.577989638e-05 0.004054950084 0.2549567966 -0.9999993032 -4.974088762e-05 -0.001179485855 2.487396962e-05 0.9980023861 -0.06317623607 0.00118027214 -0.06317622139 -0.9980016894 6.858672624e-07 0.009698118832 0
0.07040568102 0.04158370738 0.00807834784 -0.0002487738035 0.01794344758 0.5095787992 -3.16454354e-05 0.004492439777 0.2549469667 -0.9999989504 -6.762554582e-05 -0.001447291118 3.3816509e-05 0.9975486455 -0.06997641584 0.001448475488 -0.06997639134 -0.9975475961 8.84159836e-07 0.01074420263 0
0.07726056309 0.04563240638 0.008864877009 -0.0002995541414 0.01968822827 0.5094928227 -3.811112326e-05 0.004929876611 0.254936131 -0.9999984781 -8.934916354e-05 -0.001742347278 4.467845438e-05 0.9970486577 -0.07677220932 0.001744064548 -0.07677217032 -0.9970471363 1.103612583e-06 0.01179028642 0
0.08411544517 0.04968110538 0.009651406178 -0.0003550411439 0.02143238517 0.5093988772 -4.517688301e-05 0.005367260447 0.2549242897 -0.999997862 -0.0001152831202 -0.002064608358 5.764547191e-05 0.9965024785 -0.08356319155 0.002067020771 -0.08356313192 -0.9965003414 1.344202922e-06 0.01283637022 0
0.09097032724 0.05372980438 0.01043793535 -0.000415232701 0.02317586304 0.5092969665 -5.284263609e-05 0.005804590277 0.2549114429 -0.9999970756 -0.0001457981301 -0.002414024139 7.290289057e-05 0.9959101687 -0.09034893821 0.002417323893 -0.09034884999 -0.9959072456 1.605956108e-06 0.01388245401 0
0.09782520932 0.05777850338 0.01122446452 -0.0004801265244 0.02491860669 0.5091870942 -6.110830069e-05 0.006241864467 0.2548975907 -0.99999609 -0.0001812641836 -0.002790540167 9.063567247e-05 0.9952717941 -0.09712902559 0.002794951933 -0.09712889874 -0.9952678862 1.888930081e-06 0.01492853781 0
0.1055369517 0.06233328975 0.01210930983 -0.0005587496743 0.02687824696 0.5090539768 -7.112414773e-05 0.006733728816 0.2548808054 -0.9999947044 -0.000227541213 -0.003246440738 0.0001137736741 0.9944986498 -0.1047493326 0.003252415721 -0.1047491473 -0.9944933574 2.232743828e-06 0.01610538208 0
0.1123918337 0.06638198876 0.012895839 -0.0006336273989 0.02861924722 0.5089272008 -8.066433248e-05 0.007170877443 0.2548648173 -0.9999931898 -0.000274753071 -0.003680344709 0.0001373788864 0.9937626301 -0.1115159904 0.003688028399 -0.1115157366 -0.9937558246 2.561106303e-06 0.01715146587 0
0.1192467158 0.07043068776 0.01368236817 -0.0007131990866 0.03035934095 0.5087924774 -9.080414329e-05 0.007607962925 0.2548478243 -0.9999913716 -0.0003280668835 -0.004141151561 0.0001640347777 0.9929807848 -0.1182756696 0.004150886258 -0.1182753284 -0.9929721632 2.911002206e-06 0.01819754967 0
0.1261015979 0.07447938676 0.01446889734 -0.0007974617126 0.03209847309 0.5086498117 -0.000101543478 0.008044982399 0.2548298266 -0.9999892119 -0.000387849038 -0.004628789465 0.0001939244839 0.992153201 -0.1250279497 0.004640960255 -0.1250274985 -0.9921424223 3.282561205e-06 0.01924363346 0
0.13295648 0.07852808576 0.01525542651 -0.0008864120736 0.03383658861 0.5084992092 -0.0001128822287 0.008481932863 0.2548108243 -0.9999866705 -0.0004544648992 -0.005143182404 0.0002272306225 0.9912799706 -0.131772411 0.005158219638 -0.1317718232 -0.991266654 3.675924241e-06 0.02028971726 0
0.139811362 0.08257678476 0.01604195568 -0.0009800467884 0.03557363255 0.5083406756 -0.0001248202819 0.008918811216 0.2547908177 -0.999983705 -0.0005282787519 -0.005684250183 0.0002641352639 0.9903611908 -0.1385086349 0.005702631949 -0.1385078794 -0.9903449133 4.091242542e-06 0.02133580105 0
0.1466662441 0.08662548376 0.01682848485 -0.001078362298 0.03730954996 0.5081742169 -0.0001373575184 0.00935561427 0.254769807 -0.9999802708 -0.0006096537428 -0.006251908443 0.0003048199014 0.9893969639 -0.1452362039 0.006274163028 -0.1452352442 -0.989377258 4.528676941e-06 0.02238188485 0
0.1543779864 0.09118027013 0.01771333016 -0.001194557599 0.03926104217 0.5079774857 -0.0001521779647 0.009846923654 0.2547449699 -0.9999757888 -0.000710689154 -0.006922197551 0.0003553335968 0.9882580187 -0.152793855 0.006949506172 -0.1527926154 -0.9882338393 5.047438205e-06 0.02355872912 0
0.1612328685 0.09522896913 0.01849985933 -0.001302807169 0.04099438354 0.5077942076 -0.000165988043 0.01028355585 0.2547218261 -0.9999712006 -0.0008093317928 -0.007546061539 0.0004046505374 0.9871975789 -0.1595016505 0.007578543438 -0.1595001104 -0.9871688206 5.532444332e-06 0.02460481291 0
0.1680877506 0.09927766813 0.0192863885 -0.001415725267 0.04272642706 0.5076030251 -0.0001803968942 0.01072010243 0.2546976788 -0.9999659902 -0.0009166624366 -0.008196225676 0.0004583106032 0.9860920436 -0.166199493 0.008234581759 -0.166197597 -0.9860580867 6.04012608e-06 0.02565089671 0
0.1749426327 0.1033263671 0.02007291767 -0.001533307601 0.04445711798 0.5074039456 -0.0001954043749 0.01115656003 0.2546725283 -0.9999601042 -0.001033038932 -0.008872588557 0.0005164926013 0.9849415358 -0.1728869696 0.00891757997 -0.1728846547 -0.9849017072 6.570679618e-06 0.0266969805 0
0.1817975147 0.1073750661 0.02085944684 -0.001655549704 0.04618640164 0.5071969766 -0.0002110103358 0.01159292523 0.2546463749 -0.9999534867 -0.001158817695 -0.009575044677 0.0005793746137 0.9837461833 -0.1795636687 0.009627495213 -0.1795608641 -0.9836997547 7.124309035e-06 0.0277430643 0
0.1886523968 0.1114237651 0.02164597601 -0.00178244693 0.04791422345 0.506982126 -0.0002272146216 0.01202919462 0.2546192188 -0.99994608 -0.001294353654 -0.01030348445 0.0006471339684 0.9825061189 -0.18622918 0.01036428294 -0.1862258062 -0.9824523046 7.701226155e-06 0.02878914809 0
0.1955072789 0.1154724641 0.02243250518 -0.001913994459 0.04964052886 0.5067594019 -0.0002440170711 0.01246536475 0.2545910602 -0.9999378239 -0.001440000194 -0.01105779423 0.0007199472112 0.9812214804 -0.1928830945 0.01112789692 -0.1928790628 -0.9811594351 8.301650387e-06 0.02983523189 0
0.2032190212 0.1200272505 0.0233173505 -0.002067537763 0.05158074204 0.5064994366 -0.0002636346111 0.01295593319 0.254558184 -0.999927443 -0.001616375805 -0.01193716877 0.0008081218629 0.9797231597 -0.2003543792 0.01201896868 -0.2003494888 -0.9796507677 9.005508728e-06 0.03101207616 0
0.2100739033 0.1240759495 0.02410387967 -0.00220895037 0.05330364429 0.5062600099 -0.0002817075965 0.01339188089 0.2545278963 -0.9999171731 -0.001784673301 -0.0127460565 0.0008922570666 0.9783442807 -0.2069822993 0.01283942726 -0.2069765283 -0.9782616551 9.656647862e-06 0.03205815995 0
0.2169287854 0.1281246485 0.02489040883 -0.002354997077 0.05502486012 0.5060127371 -0.0003003782039 0.01382771849 0.2544966071 -0.9999058525 -0.001964175139 -0.01358043305 0.0009819925083 0.9769212896 -0.2135973541 0.01368655678 -0.2135905803 -0.9768273861 1.03320271e-05 0.03310424375 0
0.2237836675 0.1321733475 0.025676938 -0.002505672335 0.05674433525 0.5057576277 -0.0003196462476 0.01426344251 0.2544643166 -0.9998934126 -0.002155227746 -0.01444016818 0.001077501207 0.9754543441 -0.2201991408 0.01456030408 -0.2201912296 -0.9753480507 1.10318957e-05 0.03415032755 0
0.2306385495 0.1362220465 0.02646346717 -0.002660970423 0.05846201551 0.5054946914 -0.0003395115363 0.01469904943 0.2544310253 -0.9998797825 -0.002358175719 -0.01532512768 0.001178955255 0.973943607 -0.2267872583 0.01546061434 -0.2267780621 -0.9738237417 1.175650984e-05 0.03519641134 0
0.2374934316 0.1402707455 0.02724999634 -0.002820885442 0.06017784678 0.5052239381 -0.0003599738724 0.01513453578 0.2543967335 -0.9998648893 -0.002573361772 -0.01623517337 0.00128652579 0.9723892457 -0.2333613071 0.01638743106 -0.2333506645 -0.9722545549 1.250613253e-05 0.03624249514 0
0.2443483137 0.1443194445 0.02803652551 -0.00298541132 0.06189177502 0.5049453781 -0.0003810330525 0.01556989803 0.2543614415 -0.9998486581 -0.002801126681 -0.01717016314 0.001400382968 0.9707914326 -0.2399208895 0.01734069608 -0.2399086243 -0.9706405886 1.328103346e-05 0.03728857893 0
0.252060056 0.1488742309 0.02892137083 -0.003176006563 0.06381760239 0.5046226799 -0.0004054377845 0.01605952787 0.2543205429 -0.9998287027 -0.003072819614 -0.01825166063 0.00153619736 0.968942175 -0.2472826349 0.01844465868 -0.2472683142 -0.9687714774 1.418335667e-05 0.0384654232 0
0.2589149381 0.1529229299 0.0297079 -0.003350309555 0.06552730763 0.5043275662 -0.0004277645561 0.01649461478 0.2542831266 -0.9998093698 -0.00332843691 -0.01923916687 0.001663973975 0.9672526205 -0.2538101638 0.01945392569 -0.2537937934 -0.9670626946 1.501289928e-05 0.039511507 0
0.2657698202 0.1569716289 0.03049442917 -0.003529203304 0.06723494152 0.5040246799 -0.000450687498 0.01692956662 0.2542447113 -0.9997884515 -0.003597684898 -0.02025114794 0.001798562333 0.9655201832 -0.260321995 0.02048944858 -0.2603033472 -0.9653094581 1.58686049e-05 0.04055759079 0
0.2726247022 0.1610203279 0.03128095834 -0.00371268102 0.06894045034 0.5037140324 -0.0004742063825 0.01736437989 0.2542052974 -0.9997658642 -0.00388089579 -0.02128744572 0.00194012825 0.9637450547 -0.2668177384 0.02155116237 -0.2667965672 -0.9635118781 1.675076971e-05 0.04160367459 0
0.2794795843 0.1650690269 0.03206748751 -0.003900735737 0.07064378051 0.5033956356 -0.0004983209759 0.01779905106 0.2541648851 -0.9997415228 -0.004178399581 -0.02234789825 0.002088836418 0.9619274315 -0.2732970058 0.02263900046 -0.2732730459 -0.9616700672 1.765969603e-05 0.04264975838 0
0.2863344664 0.1691177259 0.03285401667 -0.004093360319 0.07234487851 0.5030695015 -0.0005230310385 0.01823357662 0.254123475 -0.9997153398 -0.004490524004 -0.02343233978 0.002244850379 0.9600675146 -0.2797594112 0.02375289457 -0.2797323769 -0.959784141 1.859569221e-05 0.04369584218 0
0.2940462087 0.1736725123 0.03373886199 -0.00431551628 0.07425587911 0.5026933676 -0.0005515413249 0.01872223944 0.2540756964 -0.9996835714 -0.004859545288 -0.02468079962 0.002429300916 0.9579248101 -0.2870089836 0.02503708344 -0.2869781228 -0.95760989 1.968143641e-05 0.04487268645 0
0.3009010908 0.1777212113 0.03452539116 -0.004517827338 0.07595205653 0.5023508333 -0.000577515937 0.01915644388 0.2540321672 -0.9996531761 -0.005203816069 -0.02581565018 0.002601377309 0.9559757076 -0.2934342844 0.0262061125 -0.2933996707 -0.9556306153 2.067600681e-05 0.04591877024 0
0.3077559729 0.1817699103 0.03531192033 -0.004724684843 0.07764583517 0.5020006013 -0.0006040852315 0.01959049171 0.2539876415 -0.9996206537 -0.005563716461 -0.02697394751 0.002781262879 0.9539849692 -0.29984153 0.02740097374 -0.2998028079 -0.9536076043 2.169864841e-05 0.04696485404 0
0.314610855 0.1858186093 0.0360984495 -0.00493608095 0.07933716194 0.501642685 -0.0006312489443 0.02002437942 0.2539421197 -0.9995859087 -0.005939564296 -0.02815551043 0.002969116152 0.9519528147 -0.3062303431 0.02862159221 -0.3061871327 -0.951540984 2.274969336e-05 0.04801093783 0
0.321465737 0.1898673083 0.03688497867 -0.005152007638 0.08102598384 0.501277098 -0.0006590068054 0.02045810347 0.2538956022 -0.9995488439 -0.006331674877 -0.02936015406 0.003165094375 0.9498794683 -0.3126003485 0.0298678913 -0.3125522445 -0.949430884 2.382947928e-05 0.04905702163 0
0.3283206191 0.1939160073 0.03767150784 -0.005372456718 0.08271224797 0.500903854 -0.0006873585391 0.02089166035 0.2538480896 -0.99950936 -0.006740360923 -0.0305876899 0.003369353483 0.9477651589 -0.3189511734 0.0311397928 -0.318897744 -0.9472774368 2.493834919e-05 0.05010310542 0
0.3351755012 0.1979647063 0.03845803701 -0.005597419829 0.08439590154 0.5005229673 -0.0007163038637 0.02132504655 0.2537995822 -0.9994673561 -0.007165932526 -0.03183792583 0.003582048081 0.9456101196 -0.3252824475 0.03243721692 -0.3252232328 -0.9450807774 2.607665143e-05 0.05114918922 0
0.3428872435 0.2025194926 0.03934288232 -0.005855888378 0.08628682578 0.5000853523 -0.000749576522 0.02181239762 0.2537438231 -0.9994169611 -0.007665266745 -0.0332713311 0.003831603301 0.9431373113 -0.3323813034 0.03392722511 -0.3323149947 -0.9425580553 2.739286263e-05 0.05232603349 0
0.3497421256 0.2065681916 0.04012941149 -0.00609041527 0.08796475713 0.4996882731 -0.0007797822648 0.02224540944 0.2536932037 -0.9993692579 -0.008127737437 -0.03456915041 0.004062730407 0.9408965151 -0.3386698129 0.03527861247 -0.3385966447 -0.9402700313 2.859488865e-05 0.05337211728 0
0.3565970077 0.2106168906 0.04091594066 -0.006329428971 0.08963991368 0.4992835972 -0.0008105806802 0.02267823958 0.2536415911 -0.9993187069 -0.008608045201 -0.03588904637 0.004302767262 0.9386157456 -0.3449376295 0.03665526272 -0.3448570481 -0.9379392347 2.982746847e-05 0.05441820108 0
0.3634518897 0.2146655896 0.04170246983 -0.006572920422 0.0913122431 0.4988713401 -0.0008419714619 0.02311088454 0.2535889859 -0.9992651993 -0.009106488747 -0.03723081221 0.004551862704 0.936295254 -0.351184393 0.0380570895 -0.351095812 -0.9355658121 3.109097119e-05 0.05546428487 0
0.3703067718 0.2187142886 0.042488999 -0.006820880393 0.09298169319 0.4984515172 -0.0008739542983 0.0235433408 0.2535353886 -0.9992086247 -0.009623363902 -0.03859423769 0.004810164108 0.9339352955 -0.3574097455 0.03948400483 -0.3573125449 -0.9331499122 3.238577065e-05 0.05651036867 0
0.3771616539 0.2227629876 0.04327552817 -0.007073299489 0.09464821187 0.4980241446 -0.0009065288714 0.02397560485 0.2534807997 -0.9991488709 -0.01015896356 -0.03997910913 0.005077817363 0.9315361295 -0.363613332 0.04093591917 -0.3635068567 -0.9306916867 3.371224542e-05 0.05755645246 0
0.384016536 0.2268116866 0.04406205734 -0.007330168144 0.09631174718 0.4975892384 -0.0009396948577 0.02440767319 0.2534252198 -0.999085824 -0.01071357764 -0.04138520943 0.005354966851 0.9290980198 -0.3697947999 0.04241274143 -0.3696783587 -0.9281912898 3.507077861e-05 0.05860253626 0
0.3917282783 0.231366473 0.04494690265 -0.007624451873 0.09817959383 0.4970909844 -0.0009777131051 0.02489351176 0.2533615085 -0.9990108156 -0.01136060375 -0.04299217273 0.005678288792 0.9263089299 -0.3767220772 0.04410382376 -0.3765935516 -0.9253281308 3.663793109e-05 0.05977938053 0
0.3985831604 0.235415172 0.04573343182 -0.007890743323 0.09983661755 0.4966401244 -0.001012134743 0.02532515256 0.2533038245 -0.9989403843 -0.01195657221 -0.04444264812 0.005976090134 0.9237889588 -0.3828553852 0.04563326569 -0.3827152989 -0.9227386439 3.806588093e-05 0.06082546432 0
0.4054380425 0.239463871 0.04651996099 -0.008161453368 0.1014904964 0.4961817832 -0.001047146744 0.02575658669 0.2532451513 -0.9988662925 -0.01257244137 -0.04591365229 0.006283828908 0.9212308943 -0.3889654907 0.04718732079 -0.3888130311 -0.9201074848 3.952711501e-05 0.06187154812 0
0.4122929245 0.24351257 0.04730649016 -0.008436571756 0.1031411788 0.4957159783 -0.001082748761 0.02618781064 0.2531854894 -0.9987884191 -0.01320848837 -0.04740495439 0.006601643022 0.9186350168 -0.3950520526 0.04876589152 -0.3948863656 -0.9174348184 4.102203439e-05 0.06291763191 0
0.4191478066 0.247561269 0.04809301933 -0.00871608807 0.1047886137 0.4952427271 -0.001118940441 0.02661882093 0.2531248394 -0.9987066415 -0.01386498713 -0.04891632035 0.006929668751 0.9160016108 -0.4011147326 0.05036887884 -0.4009349213 -0.9147208125 4.255104424e-05 0.06396371571 0
0.4260026887 0.251609968 0.0488795485 -0.008999991729 0.1064327498 0.4947620478 -0.001155721423 0.02704961404 0.253063202 -0.9986208353 -0.01454220833 -0.05044751284 0.007268040722 0.9133309647 -0.4071531954 0.05199618216 -0.4069583187 -0.9119656375 4.411455378e-05 0.06500979951 0
0.4328575708 0.255658667 0.04966607767 -0.009288271985 0.108073536 0.4942739583 -0.001193091342 0.02748018649 0.2530005778 -0.9985308745 -0.01524041931 -0.0519982914 0.007616891886 0.9106233707 -0.4131671087 0.05364769937 -0.4129561797 -0.909169466 4.571297614e-05 0.0660558833 0
0.4405693131 0.2602134534 0.05055092298 -0.009617805085 0.1099153532 0.4937160234 -0.001235836003 0.02796431238 0.2529289467 -0.9984245437 -0.01605132462 -0.05376602529 0.008022038717 0.9075335321 -0.4199030067 0.0555344703 -0.419672781 -0.9059749884 4.75534524e-05 0.06723272757 0
0.4474241952 0.2642621524 0.05133745215 -0.009915349183 0.1115488525 0.4932122493 -0.001274456173 0.02839440432 0.2528642275 -0.998325329 -0.0167950113 -0.05535761144 0.008393591836 0.904748412 -0.4258636621 0.05723709606 -0.4256151297 -0.9030922855 4.922745378e-05 0.06827881137 0
0.4542790772 0.2683108514 0.05212398132 -0.01021723524 0.1131788434 0.4927011238 -0.001313664101 0.02882426469 0.2527985235 -0.9982215558 -0.01756050151 -0.05696801204 0.008776028592 0.901927282 -0.4317987486 0.05896360684 -0.4315307715 -0.9001691432 5.093768353e-05 0.06932489516 0
0.4611339593 0.2723595504 0.05291051049 -0.01052345184 0.1148052756 0.4921826662 -0.001353459396 0.02925389 0.2527318352 -0.9981130917 -0.01834804853 -0.05859697386 0.009169474799 0.8990704502 -0.4377079463 0.06071389431 -0.4374193351 -0.8972057447 5.268457017e-05 0.07037097896 0
0.4679888414 0.2764082494 0.05369703966 -0.0108339874 0.1164280989 0.4916568962 -0.001393841664 0.02968327676 0.2526641634 -0.9979998027 -0.01915790211 -0.06024424066 0.009574054491 0.8961782282 -0.4435909386 0.06248784864 -0.4432804509 -0.8942022761 5.446854573e-05 0.07141706275 0
0.4748437235 0.2804569484 0.05448356883 -0.01114883018 0.1180472631 0.4911238336 -0.001434810503 0.0301124215 0.2525955088 -0.9978815535 -0.01999030846 -0.06190955328 0.009989889892 0.8932509312 -0.4494474119 0.06428535851 -0.4491137512 -0.8911589259 5.629004567e-05 0.07246314655 0
0.4825554658 0.2850117348 0.05536841415 -0.01150816194 0.1198643868 0.4905154463 -0.001481601076 0.0305949157 0.2525170984 -0.9977424234 -0.02095402512 -0.06380427387 0.01047130865 0.8899161936 -0.4560038596 0.06633557287 -0.4556425102 -0.8876877236 5.838463303e-05 0.07363999082 0
0.4894103479 0.2890604338 0.05615494332 -0.01183211783 0.1214756097 0.4899669542 -0.00152381502 0.03102353459 0.2524463576 -0.997613177 -0.02183515703 -0.06550705993 0.0109114599 0.8869154255 -0.4618029538 0.06818276195 -0.4614154895 -0.8845602619 6.028733349e-05 0.07468607461 0
0.49626523 0.2931091328 0.05694147249 -0.0121603432 0.1230830179 0.4894112334 -0.001566614244 0.03145190059 0.252374636 -0.9974785377 -0.02273958766 -0.06722706317 0.01136323696 0.8838805906 -0.46757457 0.07005314922 -0.4671595154 -0.8813935236 6.222894056e-05 0.07573215841 0
0.503120112 0.2971578318 0.05772800166 -0.01249282566 0.1246865619 0.4888483049 -0.001609998322 0.03188001023 0.2523019345 -0.9973383639 -0.02366754807 -0.06896401259 0.01182675438 0.8808120187 -0.4733184082 0.07194661733 -0.4728742273 -0.8781877074 6.420990312e-05 0.0767782422 0
0.5099749941 0.3012065308 0.05851453082 -0.01282955263 0.1262861924 0.48827819 -0.001653966824 0.03230786004 0.2522282538 -0.997192513 -0.02461926558 -0.07071763441 0.01230212483 0.8777100432 -0.4790341718 0.07386304745 -0.4785592668 -0.8749430144 6.623067313e-05 0.077824326 0
0.5168298762 0.3052552298 0.05930105999 -0.01317051141 0.1278818603 0.4877009102 -0.001698519312 0.03273544656 0.2521535946 -0.9970408407 -0.02559496368 -0.07248765215 0.01278945904 0.8745750006 -0.4847215675 0.07580231934 -0.484214277 -0.8716596482 6.829170553e-05 0.07887040979 0
0.5236847583 0.3093039288 0.06008758916 -0.01351568911 0.1294735166 0.4871164873 -0.001743655345 0.03316276632 0.2520779576 -0.9968832018 -0.02659486205 -0.07427378662 0.01328886578 0.871407231 -0.4903803053 0.07776431131 -0.4898389033 -0.8683378149 7.039345823e-05 0.07991649359 0
0.5313965006 0.3138587151 0.06097243448 -0.01390904073 0.1312592741 0.4864505008 -0.00179513034 0.0336431779 0.2519916983 -0.9966985429 -0.02774894311 -0.07630210144 0.01386526174 0.8678047984 -0.4967117739 0.07999855651 -0.4961298499 -0.8645550318 7.280717729e-05 0.08109333786 0
0.5382513827 0.3179074142 0.06175896365 -0.01426314018 0.1328422439 0.4858509724 -0.001841504907 0.03406991932 0.2519139862 -0.9965277356 -0.02880097862 -0.07812154499 0.01439067483 0.8645686273 -0.5023086673 0.0820084181 -0.5016887405 -0.8611521509 7.499699395e-05 0.08213942165 0
0.5451062648 0.3219561132 0.06254549282 -0.0146214173 0.1344210502 0.4852443708 -0.001888461597 0.03449638319 0.2518352987 -0.9963504986 -0.02987787568 -0.07995621598 0.01492848765 0.8613008122 -0.5078760195 0.08404061034 -0.5072161506 -0.8577114622 7.722898001e-05 0.08318550545 0
0.5519611468 0.3260048122 0.06333202199 -0.01498385858 0.1359956446 0.4846307188 -0.001935999944 0.03492256606 0.2517556367 -0.9961666812 -0.03097983773 -0.08180582458 0.01547880077 0.8580017064 -0.513413555 0.08609500571 -0.5127117333 -0.8542331816 7.950360479e-05 0.08423158924 0
0.5588160289 0.3300535112 0.06411855116 -0.01535045034 0.1375659792 0.4840100396 -0.001984119475 0.03534846446 0.2516750009 -0.9959761314 -0.03210706416 -0.08367007848 0.01604171271 0.8546716661 -0.5189210022 0.0881714753 -0.5181751437 -0.8507175274 8.182134023e-05 0.08527767304 0
0.565670911 0.3341022102 0.06490508033 -0.01572117875 0.1391320059 0.4833823565 -0.002032819713 0.03577407497 0.2515933922 -0.9957786962 -0.03325975034 -0.08554868295 0.01661731993 0.8513110506 -0.5243980929 0.09026988881 -0.523606039 -0.8471647201 8.418266083e-05 0.08632375683 0
0.5725257931 0.3381509092 0.0656916095 -0.01609602984 0.1406936771 0.4827476934 -0.002082100173 0.03619939414 0.2515108113 -0.9955742213 -0.03443808753 -0.08744134085 0.01720571685 0.8479202221 -0.5298445624 0.09239011457 -0.5290040785 -0.8435749828 8.658804359e-05 0.08736984063 0
0.5802375354 0.3427056955 0.06657645481 -0.01652264758 0.1424452918 0.4820253838 -0.002138233628 0.03667752568 0.2514167468 -0.9953355787 -0.03579461069 -0.08958700626 0.01788306589 0.8440698808 -0.5359349142 0.09480127531 -0.5350371783 -0.8394926659 8.934736431e-05 0.0885466849 0
0.5870924175 0.3467543945 0.06736298398 -0.01690621222 0.1439975499 0.4813759677 -0.002188745428 0.03710221434 0.2513321029 -0.9951156268 -0.03702807246 -0.09150853048 0.01849894474 0.8406160657 -0.5413154525 0.09696740867 -0.540364277 -0.8358252029 9.184797409e-05 0.08959276869 0
0.5939472995 0.3508030935 0.06814951315 -0.01729385486 0.1455453044 0.4807196471 -0.002239835902 0.03752660092 0.2512464895 -0.9948881458 -0.0382877562 -0.09344316466 0.01912789472 0.8371331883 -0.5466645669 0.09915493402 -0.5456574684 -0.8321215213 9.439415222e-05 0.09063885249 0
0.6008021816 0.3548517925 0.06893604232 -0.01768556089 0.1470885085 0.4800564467 -0.00229150454 0.037950682 0.2511599074 -0.9946529769 -0.03957383598 -0.09539060226 0.01977000151 0.8336216225 -0.5519820083 0.1013637141 -0.5509164201 -0.8283818537 9.698638548e-05 0.09168493628 0
0.6076570637 0.3589004915 0.06972257149 -0.01808131555 0.1486271153 0.4793863916 -0.002343750832 0.03837445416 0.2510723575 -0.9944099602 -0.04088648158 -0.09735053457 0.02042534861 0.8300817451 -0.5572675314 0.1035936103 -0.5561408024 -0.8246064345 9.962516288e-05 0.09273102008 0
0.6145119458 0.3629491905 0.07050910066 -0.01848110395 0.1501610784 0.4787095069 -0.002396574256 0.03879791396 0.2509838407 -0.9941589349 -0.04222585851 -0.09932265076 0.02109401739 0.8265139355 -0.5625208946 0.1058444827 -0.5613302872 -0.8207955008 0.0001023109756 0.09377710387 0
0.6213668278 0.3669978895 0.07129562983 -0.01888491102 0.1516903512 0.4780258182 -0.002449974289 0.039221058 0.2508943578 -0.9938997392 -0.04359212799 -0.1013066379 0.02177608701 0.8229185756 -0.5677418603 0.10811619 -0.566484549 -0.8169492917 0.0001050443171 0.09482318767 0
0.6290785702 0.3715526759 0.07218047514 -0.01934397861 0.1534051194 0.4772485674 -0.002510737892 0.03969671336 0.250792536 -0.9935981749 -0.04516152129 -0.1035524208 0.02255952928 0.8188413436 -0.5735764306 0.1106965875 -0.5722405885 -0.8125804418 0.0001081767549 0.09600003194 0
0.6359334523 0.3756013749 0.07296700431 -0.01975627471 0.1549242724 0.4765505059 -0.002565361449 0.04011917506 0.2507010032 -0.9933210752 -0.04658545282 -0.1055605856 0.0232703285 0.8151887195 -0.5787277801 0.1130120943 -0.5773189303 -0.8086600765 0.0001110127426 0.09704611573 0
0.6427883343 0.3796500739 0.07375353348 -0.02017254148 0.1564385916 0.4758457215 -0.002620559937 0.04054131034 0.2506085073 -0.9930352932 -0.04803675255 -0.1075796306 0.02399476173 0.8115097552 -0.5838460145 0.1153479862 -0.5823610458 -0.8047051972 0.000113897814 0.09809219953 0
0.6496432164 0.3836987729 0.07454006265 -0.02059276328 0.1579480313 0.4751342409 -0.002676332809 0.04096311579 0.2505150491 -0.9927406633 -0.04951556363 -0.1096092348 0.02473289899 0.8078048429 -0.5889309123 0.1177041167 -0.5873666187 -0.8007160521 0.0001168324711 0.09913828332 0
0.6564980985 0.3877474719 0.07532659182 -0.0210169243 0.1594525463 0.4744160908 -0.002732679509 0.04138458801 0.2504206295 -0.9924370191 -0.05102202471 -0.1116490753 0.02548480802 0.8040743772 -0.593982256 0.1200803381 -0.5923353348 -0.7966928916 0.0001198172174 0.1001843671 0
0.6633529806 0.3917961709 0.07611312099 -0.02144500858 0.1609520913 0.4736912981 -0.002789599478 0.0418057236 0.2503252495 -0.9921241934 -0.05255627002 -0.1136988276 0.02625055432 0.8003187551 -0.5989998319 0.1224765011 -0.5972668823 -0.7926359681 0.0001228525586 0.1012304509 0
0.6702078626 0.3958448699 0.07689965016 -0.02187700004 0.1624466215 0.4729598902 -0.002847092151 0.04222651918 0.2502289101 -0.991802018 -0.05411842925 -0.1157581652 0.02703020111 0.7965383755 -0.6039834307 0.1248924554 -0.6021609519 -0.7885455362 0.000125939002 0.1022765347 0
0.677919605 0.4003996563 0.07778449547 -0.0223676405 0.1641219179 0.4721291832 -0.002912455257 0.04269950356 0.2501193826 -0.9914281846 -0.05590937994 -0.1180859687 0.02792399494 0.7922563553 -0.6095491104 0.127633872 -0.6076215999 -0.7839040668 0.0001294729683 0.103453379 0
0.684774487 0.4044483553 0.07857102464 -0.02280788063 0.1656056432 0.4713838094 -0.002971163021 0.04311956535 0.2500210075 -0.9910855797 -0.05753126624 -0.1201645835 0.02873337968 0.7884247012 -0.6144598306 0.130091378 -0.612435012 -0.7797432843 0.0001326696973 0.1044994628 0
0.6916293691 0.4084970543 0.07935755381 -0.02325197672 0.1670842146 0.4706319071 -0.003030441685 0.04353927655 0.249921676 -0.9907330951 -0.05918144254 -0.1222517528 0.02955684762 0.7845695506 -0.6193359452 0.1325681974 -0.6172099943 -0.7755498023 0.000135919126 0.1055455466 0
0.6984842512 0.4125457533 0.08014408298 -0.02369991211 0.1685575879 0.4698735044 -0.00309029066 0.04395863378 0.2498213891 -0.9903705599 -0.06086001973 -0.1243471435 0.03039445246 0.7806913113 -0.6241772614 0.135064175 -0.6219462472 -0.7713238841 0.000139221769 0.1065916304 0
0.7053391333 0.4165944523 0.08093061215 -0.02415166997 0.1700257194 0.4691086298 -0.003150709352 0.04437763367 0.2497201477 -0.9899978023 -0.06256710411 -0.1264504209 0.03124624556 0.776790393 -0.6289835908 0.137579154 -0.6266434735 -0.7670657948 0.0001425781427 0.1076377142 0
0.7121940153 0.4206431513 0.08171714132 -0.02460723335 0.1714885654 0.4683373121 -0.003211697159 0.04479627284 0.249617953 -0.98961465 -0.06430279733 -0.128561249 0.03211227591 0.7728672071 -0.633754749 0.1401129766 -0.6313013785 -0.7627758015 0.0001459887654 0.108683798 0
0.7199057577 0.4251979377 0.08260198664 -0.02512426965 0.1731278953 0.4674619141 -0.003280987958 0.04526680655 0.2495018456 -0.9891709635 -0.0662897693 -0.1309445356 0.03310363602 0.7684275212 -0.6390800372 0.1429858531 -0.6364941564 -0.7579117592 0.0001498912073 0.1098606422 0
0.7267606398 0.4292466367 0.08338851581 -0.02558786283 0.1745793659 0.4666770011 -0.003343183118 0.04568466803 0.2493976283 -0.9887651478 -0.06808657255 -0.1330702863 0.03400007249 0.7644583918 -0.6437758634 0.1455591891 -0.6410675361 -0.7535548664 0.0001534188363 0.110906726 0
0.7336155218 0.4332953357 0.08417504497 -0.02605520766 0.176025416 0.4658857361 -0.003405945481 0.0461021583 0.2492924607 -0.9883483953 -0.06991227222 -0.1352025285 0.03491088412 0.7604682927 -0.6484359691 0.148150868 -0.6456006893 -0.7491669175 0.0001570023434 0.1119528098 0
0.7404704039 0.4373440347 0.08496157414 -0.02652628662 0.1774660031 0.4650881489 -0.003469274425 0.046519274 0.2491863441 -0.9879205314 -0.07176695064 -0.1373409205 0.03583611015 0.7564576425 -0.6530601874 0.1507607272 -0.6500933317 -0.7447481878 0.0001606422532 0.1129988936 0
0.747325286 0.4413927337 0.08574810331 -0.02700108204 0.1789010847 0.4642842693 -0.00353316932 0.04693601179 0.2490792794 -0.9874813811 -0.07365068543 -0.1394851195 0.03677578739 0.7524268617 -0.6576483553 0.1533886029 -0.6545451812 -0.7402989546 0.0001643390918 0.1140449774 0
0.7541801681 0.4454414327 0.08653463248 -0.02747957615 0.1803306184 0.4634741274 -0.003597629531 0.04735236831 0.2489712677 -0.9870307689 -0.07556354944 -0.1416347815 0.03772995027 0.7483763723 -0.6622003143 0.1560343302 -0.6589559586 -0.7358194972 0.0001680933869 0.1150910612 0
0.7610350501 0.4494901317 0.08732116165 -0.02796175101 0.1817545624 0.4626577536 -0.003662654417 0.04776834023 0.24886231 -0.9865685188 -0.07750561076 -0.1437895614 0.03869863082 0.7443065975 -0.6667159101 0.1586977431 -0.6633253871 -0.7313100965 0.0001719056673 0.116137145 0
0.7687467925 0.454044918 0.08820600697 -0.02850857489 0.1833497658 0.461731922 -0.003736481575 0.04823584477 0.2487386034 -0.9860343572 -0.07972540834 -0.1462193753 0.03980578632 0.739705578 -0.6717523035 0.1617150142 -0.6681912279 -0.7262015816 0.000176264454 0.1173139893 0
0.7756016745 0.458093617 0.08899253614 -0.02899851123 0.184761693 0.4609024072 -0.003802704246 0.04865098835 0.2486276393 -0.985546791 -0.08172971827 -0.1483838802 0.04080541214 0.7355962343 -0.6761901348 0.1644154528 -0.6724718828 -0.7216294934 0.0001802017165 0.1183600731 0
0.7824565566 0.462142316 0.08977906531 -0.02949207147 0.1861679007 0.4600667567 -0.003869489555 0.04906573691 0.2485157327 -0.9850470349 -0.08376340749 -0.150552418 0.04181964005 0.7314689374 -0.6805911485 0.1671330509 -0.6767103407 -0.7170283523 0.0001841986268 0.1194061569 0
0.7893114387 0.466191015 0.09056559448 -0.02998923714 0.1875683477 0.4592250019 -0.00393683684 0.04948008714 0.2484028847 -0.9845349116 -0.08582652431 -0.1527246396 0.04284849204 0.7273241161 -0.6849552079 0.1698676383 -0.6809063356 -0.7123984472 0.0001882557196 0.1204522407 0
0.7961663208 0.470239714 0.09135212365 -0.03048998964 0.1889629934 0.4583771741 -0.004004745431 0.04989403572 0.2482890965 -0.9840102435 -0.08791911223 -0.1549001949 0.04389198767 0.7231622007 -0.6892821809 0.1726190432 -0.6850596041 -0.7077400686 0.0001923735312 0.1214983244 0
0.8030212028 0.474288413 0.09213865281 -0.03099431024 0.190351797 0.4575233052 -0.004073214653 0.05030757934 0.2481743692 -0.9834728528 -0.09004120988 -0.1570787331 0.04495014404 0.7189836222 -0.6935719397 0.1753870931 -0.6891698858 -0.7030535087 0.0001965525991 0.1225444082 0
0.8098760849 0.478337112 0.09292518198 -0.0315021801 0.1917347185 0.456663427 -0.004142243827 0.05072071468 0.2480587039 -0.9829225613 -0.09219285105 -0.1592599027 0.04602297579 0.7147888131 -0.6978243607 0.1781716142 -0.6932369227 -0.6983390616 0.0002007934619 0.123590492 0
0.8175878273 0.4828918984 0.0938100273 -0.03207775253 0.1932834241 0.4556889211 -0.004220570109 0.05118499982 0.2479274607 -0.9822878412 -0.09464879694 -0.1617164252 0.04724746825 0.7100507915 -0.702563556 0.1813236711 -0.6977603304 -0.6930023432 0.0002056389695 0.1247673363 0
0.8244427093 0.4869405974 0.09459655647 -0.0325931014 0.194653713 0.4548163801 -0.004290786895 0.05159725662 0.2478098061 -0.9817095439 -0.09686330809 -0.1639020161 0.04835152256 0.705822932 -0.7067362442 0.1841426121 -0.7017346281 -0.6882296202 0.0002100129415 0.1258134201 0
0.8312975914 0.4909892964 0.09538308564 -0.0331119398 0.1960179952 0.453937931 -0.004361561471 0.05200909483 0.2476912172 -0.9811177886 -0.09910743699 -0.1660891354 0.04947028214 0.7015801989 -0.7108712371 0.186977475 -0.7056648925 -0.6834299404 0.0002144504005 0.1268595039 0
0.8381524735 0.4950379954 0.09616961481 -0.03363424836 0.1973762315 0.4530536066 -0.004432893133 0.05242051118 0.2475716951 -0.9805123965 -0.1013811973 -0.1682774291 0.05060375144 0.6973230282 -0.7149684291 0.1898280818 -0.709550877 -0.6786036047 0.0002189518905 0.1279055877 0
0.8450073556 0.4990866944 0.09695614398 -0.0341600076 0.1987283829 0.4521634397 -0.004504781173 0.05283150236 0.2474512411 -0.9798931891 -0.1036845979 -0.1704665424 0.05175193245 0.6930518569 -0.7190277193 0.1926942537 -0.7133923379 -0.673750916 0.0002235179565 0.1289516715 0
0.8518622376 0.5031353934 0.09774267315 -0.0346891979 0.2000744105 0.4512674637 -0.004577224878 0.05324206511 0.2473298564 -0.9792599877 -0.1060176425 -0.1726561204 0.05291482468 0.6887671225 -0.723049011 0.1955758108 -0.717189034 -0.6688721789 0.0002281491451 0.1299977553 0
0.8587171197 0.5071840924 0.09852920232 -0.03522179953 0.2014142758 0.450365712 -0.004650223526 0.05365219614 0.2472075421 -0.9786126136 -0.1083803302 -0.1748458076 0.05409242514 0.684469263 -0.7270322122 0.1984725723 -0.7209407271 -0.6639676995 0.0002328460038 0.1310438391 0
0.866428862 0.5117388788 0.09941404763 -0.03582502923 0.2029142109 0.4493443793 -0.004733009435 0.05411307344 0.247068829 -0.9778671546 -0.1110737791 -0.1773088932 0.05543479971 0.679619029 -0.7314676742 0.2017493767 -0.7251072962 -0.6584197734 0.0002382091494 0.1322206833 0
0.8732837441 0.5157875778 0.1002005768 -0.03636481385 0.2042408546 0.448430466 -0.004807184925 0.05452227622 0.2469445436 -0.9771890704 -0.1134994326 -0.1794976308 0.05664363394 0.6752947364 -0.735369647 0.2046778429 -0.7287625799 -0.6534616154 0.0002430473806 0.1332667671 0
0.8801386262 0.5198362768 0.100987106 -0.03690794734 0.2055612174 0.4475108827 -0.004881913076 0.05493103708 0.2468193324 -0.9764962556 -0.1159546942 -0.1816853648 0.05786715107 0.6709586915 -0.7392332697 0.2076209424 -0.7323721343 -0.6484786821 0.0002479530006 0.1343128509 0
0.8869935083 0.5238849758 0.1017736351 -0.03745440949 0.2068752617 0.4465856636 -0.004957193144 0.05533935276 0.2466931969 -0.9757885316 -0.1184395428 -0.1838717387 0.05910533785 0.6666113347 -0.7430584685 0.2105784904 -0.7359357331 -0.6434712862 0.0002529265617 0.1353589347 0
0.8938483903 0.5279336748 0.1025601643 -0.03800417995 0.2081829503 0.4456548432 -0.005033024381 0.05574722002 0.2465661381 -0.9750657204 -0.1209539521 -0.1860563959 0.06035817854 0.6622531063 -0.7468451737 0.2135503015 -0.7394531525 -0.6384397419 0.0002579686173 0.1364050185 0
0.9007032724 0.5319823738 0.1033466935 -0.03855723825 0.2094842464 0.4447184561 -0.005109406036 0.0561546356 0.2464381575 -0.9743276438 -0.1234978909 -0.1882389797 0.06162565492 0.6578844472 -0.7505933205 0.2165361891 -0.7429241719 -0.6333843649 0.0002630797221 0.1374511023 0
0.9084150148 0.5365371602 0.1042315388 -0.03918333323 0.2109405176 0.4436584101 -0.005195992372 0.0566124342 0.2462930789 -0.9734788395 -0.1263950739 -0.1906914638 0.06306903416 0.6529577868 -0.754763821 0.2199119051 -0.746773335 -0.6276689733 0.0002689129421 0.1386279466 0
0.9152698968 0.5405858592 0.105018068 -0.03974330975 0.212228108 0.4427103097 -0.005273541135 0.05701887922 0.2461631434 -0.9727077341 -0.129001637 -0.1928684571 0.06436753946 0.6485684269 -0.7584298356 0.2229270822 -0.7501450348 -0.622564007 0.0002741726224 0.1396740304 0
0.9221247789 0.5446345582 0.1058045971 -0.04030650945 0.2135091921 0.4417567522 -0.005351637926 0.05742486246 0.2460322901 -0.9719208085 -0.1316376005 -0.1950422623 0.0656806074 0.6441700149 -0.7620571171 0.2259557473 -0.7534696637 -0.6174362042 0.0002795030917 0.1407201142 0
0.928979661 0.5486832572 0.1065911263 -0.0408729114 0.2147837341 0.4407977729 -0.005430281968 0.05783038068 0.2459005202 -0.9711178859 -0.1343029129 -0.1972125229 0.06700820948 0.639762992 -0.765645619 0.2289977106 -0.7567470129 -0.6122858866 0.000284904909 0.141766198 0
0.9358345431 0.5527319562 0.1073776555 -0.04144249455 0.2160516984 0.4398334075 -0.00550947248 0.05823543068 0.2457678351 -0.9702987897 -0.1369975179 -0.1993788826 0.0683503147 0.6353477996 -0.769195299 0.2320527811 -0.759976877 -0.6071133775 0.0002903786343 0.1428122818 0
0.9426894251 0.5567806552 0.1081641846 -0.04201523776 0.2173130498 0.4388636917 -0.005589208676 0.05864000923 0.245634236 -0.9694633435 -0.1397213542 -0.2015409853 0.06970688957 0.6309248788 -0.7727061194 0.2351207671 -0.7631590532 -0.6019190015 0.0002959248285 0.1438583656 0
0.9495443072 0.5608293542 0.1089507138 -0.04259111977 0.2185677533 0.4378886617 -0.005669489764 0.05904411313 0.2454997243 -0.9686113716 -0.1424743555 -0.2036984754 0.07107789811 0.6264946705 -0.7761780467 0.2382014762 -0.7662933419 -0.5967030844 0.0003015440537 0.1449044494 0
0.9572560495 0.5653841405 0.1098355591 -0.04324271226 0.2199713051 0.4367854456 -0.005760456311 0.05949815867 0.2453473095 -0.9676329313 -0.1456062545 -0.2061196956 0.07263748748 0.6215025243 -0.7800374399 0.2416822411 -0.7697619313 -0.590809837 0.0003079536782 0.1460812936 0
0.9641109316 0.5694328395 0.1106220883 -0.04382519313 0.2212117667 0.435799243 -0.00584189264 0.0599012433 0.245210863 -0.9667452603 -0.1484209891 -0.208266204 0.07403903679 0.6170582936 -0.7834266292 0.2447893437 -0.7727938097 -0.5855492336 0.0003137299652 0.1471273774 0
0.9709658137 0.5734815385 0.1114086175 -0.04441074566 0.2224454727 0.4348078397 -0.00592387135 0.06030384328 0.2450735081 -0.9658405168 -0.1512646502 -0.2104069904 0.07545489135 0.612608152 -0.7867768499 0.2479085626 -0.7757771959 -0.5802681164 0.000319581046 0.1481734612 0
0.9778206958 0.5775302375 0.1121951466 -0.04499934817 0.2236723894 0.4338112724 -0.006006391628 0.06070595543 0.2449352462 -0.9649185271 -0.1541371514 -0.2125417008 0.07688500497 0.6081525392 -0.7900880869 0.251039702 -0.7787119029 -0.5749668167 0.000325507487 0.149219545 0
0.9846755779 0.5815789365 0.1129816758 -0.04559097883 0.224892483 0.4328095782 -0.006089452653 0.06110757655 0.2447960786 -0.9639791178 -0.1570384012 -0.2146699816 0.07832932897 0.6036918945 -0.7933603297 0.2541825656 -0.7815977463 -0.5696456673 0.0003315098551 0.1502656288 0
