0.007281200012 0.003541430062 0.0005352410129 -2.191790967e-06 0.00185669586 0.5099954937 -2.749359742e-07 0.0004624867413 0.2549994407 -0.9999999999 -6.120420058e-08 -1.27642533e-05 3.12707912e-08 0.9999737567 -0.007244715644 1.276436173e-05 -0.007244715644 -0.9999737566 2.982037451e-08 0.0007118705471 0
0.01445971431 0.007032915847 0.001062933599 -8.643874341e-06 0.003687147707 0.5099822281 -1.090589484e-06 0.0009202395222 0.2549977812 -0.9999999987 -4.821523986e-07 -5.033740137e-05 2.420917273e-07 0.9998965046 -0.01438680197 5.033912831e-05 -0.01438680196 -0.9998965033 5.477480039e-08 0.001413701687 0
0.02163822861 0.01052440163 0.001590626185 -1.935643937e-05 0.005517482081 0.5099602031 -2.450730338e-06 0.001378706105 0.2549950137 -0.9999999936 -1.617034356e-06 -0.0001127157789 8.098835179e-07 0.9997682462 -0.02152798072 0.0001127244681 -0.02152798068 -0.9997682398 3.75176977e-08 0.002115532826 0
0.02881674291 0.01401588742 0.002118318771 -3.432907648e-05 0.007347640666 0.5099294192 -4.354706465e-06 0.001837252093 0.2549911396 -0.99999998 -3.820147356e-06 -0.0001998890857 1.91180341e-06 0.9995889941 -0.02866780147 0.0001999164453 -0.02866780128 -0.9995889741 1.647687199e-08 0.002817363966 0
0.03599525721 0.0175073732 0.002646011358 -5.356121325e-05 0.009177565158 0.5098898778 -6.80175446e-06 0.002295734002 0.2549861605 -0.9999999513 -7.445628113e-06 -0.000311842927 3.724936277e-06 0.9993587662 -0.03580581393 0.0003119095596 -0.03580581335 -0.9993587176 9.778421523e-08 0.003519195105 0
0.04317377151 0.02099885899 0.003173703944 -7.705211438e-05 0.01100719726 0.5098415804 -9.791465732e-06 0.002754135744 0.2549800772 -0.9999998993 -1.284739954e-05 -0.0004485588154 6.426270621e-06 0.9990775854 -0.04294156802 0.0004486967457 -0.04294156658 -0.9990774847 2.041379758e-07 0.004221026245 0
0.05035228581 0.02449034477 0.00370139653 -0.0001048008818 0.01283647869 0.5097845288 -1.332362401e-05 0.003212464486 0.2549728901 -0.9999998137 -2.037911752e-05 -0.000610014173 1.019267459e-05 0.9987454796 -0.05007461391 0.0006102693742 -0.0500746108 -0.9987452933 3.333499773e-07 0.004922857385 0
0.05753080011 0.02798183056 0.004229089116 -0.0001368064546 0.01466535117 0.5097187252 -1.73980997e-05 0.003670728557 0.2549645995 -0.9999996826 -3.039411779e-05 -0.0007961823352 1.520087201e-05 0.9983624816 -0.05720450208 0.0007966172524 -0.05720449602 -0.9983621643 4.84498057e-07 0.005624688524 0
0.06470931441 0.03147331634 0.004756781702 -0.0001730676093 0.01649375646 0.509644172 -2.201480157e-05 0.004128933715 0.2549552057 -0.999999492 -4.324536273e-05 -0.001007032554 2.162741844e-05 0.9979286296 -0.06433078334 0.001007728624 -0.06433077244 -0.9979281218 6.5712116e-07 0.006326519664 0
0.07188782871 0.03496480213 0.005284474288 -0.0002135829596 0.01832163632 0.5095608722 -2.717365492e-05 0.004587083177 0.2549447087 -0.9999992263 -5.928538837e-05 -0.00124253 2.964867723e-05 0.9974439667 -0.07145300895 0.001243590172 -0.0714529905 -0.9974431932 8.50987917e-07 0.007028350803 0
0.07906634301 0.03845628791 0.005812166874 -0.0002583509566 0.02014893255 0.509468829 -3.287459128e-05 0.005045178239 0.2549331086 -0.9999988679 -7.886625129e-05 -0.001502635773 3.944079565e-05 0.9969085408 -0.07857073057 0.001504187015 -0.07857070089 -0.9969074091 1.065991375e-06 0.007730181943 0
0.08624485731 0.0419477737 0.006339859461 -0.0003073698891 0.02197558696 0.5093680458 -3.911754332e-05 0.005503218826 0.2549204058 -0.9999983975 -0.0001023394757 -0.001787306901 5.117968098e-05 0.9963224052 -0.0856835004 0.001789502715 -0.08568345457 -0.9963208034 1.302097049e-06 0.008432013083 0
0.09342337161 0.04543925948 0.006867552047 -0.0003606378831 0.02380154139 0.5092585265 -4.590244214e-05 0.005961203901 0.2549066002 -0.9999977939 -0.0001300560006 -0.002096496348 6.504097668e-05 0.9956856181 -0.09279087118 0.002099519272 -0.09279080283 -0.995683413 1.559315715e-06 0.009133844222 0
0.1006018859 0.04893074527 0.007395244633 -0.0004181529024 0.02562673771 0.5091402753 -5.32292158e-05 0.006419131749 0.254891692 -0.999997034 -0.0001623661269 -0.002430153022 8.120003861e-05 0.9949982425 -0.09989239626 0.002434217128 -0.09989229731 -0.9949952781 1.837688438e-06 0.009835675362 0
0.1077804002 0.05242223105 0.007922937219 -0.0004799127486 0.02745111784 0.5090132967 -6.109778846e-05 0.006877000168 0.2548756814 -0.999996093 -0.0001996194646 -0.002788221781 9.98319112e-05 0.9942603468 -0.1069876296 0.002793575168 -0.10698749 -0.9942564422 2.137277935e-06 0.0105375065 0
0.1149589145 0.05591371684 0.008450629805 -0.0005459150611 0.0292746237 0.5088775956 -6.950807984e-05 0.007334806607 0.2548585685 -0.9999949442 -0.0002421648804 -0.003170643439 0.0001211113038 0.993472004 -0.114076126 0.003177570723 -0.1140759333 -0.9934669519 2.458163412e-06 0.01123933764 0
0.1221374288 0.05940520262 0.008978322391 -0.0006161573171 0.03109719728 0.5087331771 -7.846000498e-05 0.007792548252 0.2548403536 -0.9999935591 -0.000290350445 -0.003577354777 0.0001452125668 0.9926332925 -0.1211574408 0.003586179567 -0.12115718 -0.9926268569 2.800437355e-06 0.01194116878 0
0.1293159431 0.06289668841 0.009506014978 -0.000690636832 0.03291878058 0.5085800468 -8.795347395e-05 0.008250222098 0.2548210368 -0.9999919074 -0.0003445233807 -0.004008288548 0.0001723096684 0.9917442954 -0.1282311304 0.004019375924 -0.1282307833 -0.9917362103 3.164203473e-06 0.01264299992 0
0.1364944574 0.06638817419 0.01003370756 -0.0007693507593 0.03473931568 0.5084182105 -9.798839179e-05 0.008707824993 0.2548006182 -0.9999899571 -0.0004050300091 -0.004463373489 0.0002025761705 0.9908051009 -0.1352967518 0.004477132465 -0.1352962972 -0.9907950682 3.549575336e-06 0.01334483106 0
0.1436729717 0.06987965998 0.01056140015 -0.0008522960907 0.03655874467 0.5082476745 -0.0001085646584 0.009165353673 0.2547790982 -0.9999876741 -0.0004722156988 -0.004942534331 0.0002361852056 0.989815802 -0.142353863 0.004959420311 -0.1423532757 -0.9898034901 3.956675444e-06 0.0140466622 0
0.150851486 0.07337114576 0.01108909274 -0.0009394696565 0.0383770097 0.5080684451 -0.0001196821684 0.009622804787 0.2547564769 -0.9999850228 -0.0005464248136 -0.005445691805 0.0002733094529 0.9887764969 -0.1494020231 0.005466209039 -0.1494012738 -0.9887615385 4.385634588e-06 0.01474849334 0
0.157132686 0.07642619582 0.01155082375 -0.001019212385 0.03996699135 0.5079044936 -0.0001298538917 0.0100230082 0.2547357801 -0.9999823714 -0.0006173891042 -0.005905573981 0.0003088121284 0.987826165 -0.1555614744 0.005929722458 -0.1555605557 -0.9878085603 4.779013856e-06 0.01536259559 0
0.1643112003 0.07991768161 0.01207851634 -0.001114304785 0.0417829182 0.5077089831 -0.0001419859311 0.01048030462 0.2547110945 -0.999978927 -0.0007056915897 -0.006453497621 0.0003529911469 0.9866933797 -0.1625916657 0.00648236295 -0.1625905175 -0.986672338 5.249338148e-06 0.01606442673 0
0.1714897146 0.08340916739 0.01260620892 -0.001213615408 0.04359751506 0.5075047999 -0.0001546588819 0.01093751351 0.2546853084 -0.9999750016 -0.0008020014785 -0.007025167834 0.0004011790952 0.9855108977 -0.1696116437 0.007059408247 -0.169610222 -0.9854859397 5.741939876e-06 0.01676625787 0
0.1786682289 0.08690065318 0.01313390151 -0.001317140459 0.04541072428 0.5072919519 -0.0001678726183 0.01139463132 0.2546584219 -0.9999705526 -0.0009066587506 -0.00762048997 0.0004535466765 0.9842788359 -0.1766209713 0.007660821946 -0.1766192265 -0.9842494402 6.256978433e-06 0.017468089 0
0.1858467432 0.09039213896 0.01366159409 -0.001424875983 0.04722248827 0.507070447 -0.0001816270093 0.01185165448 0.2546304353 -0.9999655356 -0.001020002129 -0.00823936544 0.0005102640271 0.9829973165 -0.1836192129 0.008286566105 -0.1836170889 -0.9829629177 6.79462005e-06 0.01816992014 0
0.1930252575 0.09388362475 0.01418928668 -0.001536817865 0.04903274951 0.5068402939 -0.0001959219184 0.0123085794 0.254601349 -0.9999599045 -0.00114236903 -0.008881691727 0.0005715006936 0.9816664664 -0.1906059341 0.00893660125 -0.1906033676 -0.9816264531 7.355037647e-06 0.01887175128 0
0.2002037718 0.09737511053 0.01471697927 -0.001652961827 0.05084145054 0.5066015012 -0.0002107572039 0.01276540244 0.2545711632 -0.9999536112 -0.00127409551 -0.009547362405 0.0006374256099 0.9802864173 -0.1975807017 0.009610886372 -0.1975776219 -0.9802401309 7.938410701e-06 0.01957358242 0
0.2073822861 0.1008665963 0.01524467185 -0.001773303435 0.05264853395 0.5063540782 -0.0002261327188 0.01322211999 0.2545398782 -0.9999466061 -0.001415516215 -0.01023626715 0.0007082070741 0.9788573059 -0.2045430838 0.01030937893 -0.2045394119 -0.9788040385 8.544925142e-06 0.02027541356 0
0.2145608004 0.1043580821 0.01577236444 -0.00189783809 0.05445394244 0.5060980343 -0.0002420483107 0.0136787284 0.2545074943 -0.9999388379 -0.001566964331 -0.01094829174 0.000784012726 0.9773792735 -0.21149265 0.01103203487 -0.2114882983 -0.9773182664 9.174773238e-06 0.0209772447 0
0.2217393147 0.1078495679 0.01630005702 -0.002026561037 0.05625761873 0.5058333792 -0.0002585038219 0.01413522401 0.2544740119 -0.9999302533 -0.001728771535 -0.01168331812 0.0008650095237 0.9758524664 -0.2184289713 0.01177880859 -0.2184238428 -0.9757829085 9.828153514e-06 0.02167907584 0
0.228917829 0.1113410537 0.01682774961 -0.002159467361 0.05805950565 0.505560123 -0.0002754990892 0.01459160316 0.2544394312 -0.9999207974 -0.001901267939 -0.01244122435 0.0009513637215 0.9742770357 -0.2253516201 0.01254965299 -0.2253456078 -0.9741980616 1.050527065e-05 0.02238090698 0
0.2360963433 0.1148325395 0.0173554422 -0.002296551985 0.0598595461 0.5052782763 -0.0002930339444 0.01504786217 0.2544037527 -0.9999104137 -0.002084782048 -0.01322188467 0.001043240847 0.972653137 -0.2322601704 0.01334451943 -0.2322531567 -0.9725638257 1.12063354e-05 0.02308273812 0
0.2432748576 0.1183240252 0.01788313478 -0.002437809675 0.06165768304 0.5049878497 -0.0003111082135 0.01550399738 0.2543669767 -0.9998990438 -0.002279640702 -0.01402516949 0.001140805679 0.9709809309 -0.2391541978 0.01416335778 -0.2391460537 -0.9708803038 1.193156452e-05 0.02378456926 0
0.2504533719 0.121815511 0.01841082737 -0.002583235038 0.06345385953 0.5046888543 -0.0003297217177 0.01596000509 0.2543291035 -0.9998866278 -0.002486169034 -0.01485094545 0.001244222225 0.9692605828 -0.2460332794 0.01500611636 -0.2460238639 -0.9691476022 1.268118066e-05 0.0244864004 0
0.2576318862 0.1253069968 0.01893851996 -0.002732822522 0.0652480187 0.5043813016 -0.0003488742724 0.01641588162 0.2542901336 -0.9998731038 -0.002704690415 -0.01569907538 0.001353653697 0.9674922625 -0.2528969941 0.01587274203 -0.2528861536 -0.9673658302 1.345541232e-05 0.02518823154 0
0.2648104005 0.1287984826 0.01946621254 -0.002886566416 0.06704010379 0.5040652033 -0.0003685656879 0.01687162328 0.2542500673 -0.9998584085 -0.002935526407 -0.01656941834 0.001469262494 0.9656761447 -0.2597449225 0.0167631801 -0.2597324896 -0.9655351002 1.425449375e-05 0.02589006268 0
0.2719889148 0.1322899684 0.01999390513 -0.003044460853 0.06883005809 0.5037405715 -0.0003887957692 0.01732722638 0.254208905 -0.9998424768 -0.003178996714 -0.01746182968 0.001591210174 0.9638124088 -0.2665766468 0.01767737441 -0.2665624403 -0.9636555276 1.507866486e-05 0.02659189382 0
0.2791674291 0.1357814542 0.02052159771 -0.003206499805 0.07061782501 0.5034074185 -0.0004095643158 0.01778268722 0.2541666472 -0.999825242 -0.003435419134 -0.01837616099 0.001719657437 0.9619012388 -0.2733917512 0.01861526727 -0.2733755746 -0.9617272311 1.592817119e-05 0.02729372496 0
0.2863459434 0.13927294 0.0210492903 -0.003372677088 0.07240334804 0.503065757 -0.000430871122 0.01823800211 0.2541232943 -0.9998066357 -0.003705109509 -0.01931226018 0.001854764099 0.9599428231 -0.2801898217 0.01957679953 -0.2801714627 -0.9597503323 1.680326378e-05 0.0279955561 0
0.2935244577 0.1427644257 0.02157698289 -0.003542986362 0.07418657077 0.5027156002 -0.0004527159768 0.01869316736 0.2540788466 -0.9997865878 -0.003988381679 -0.02026997146 0.001996689075 0.9579373551 -0.2869704462 0.02056191052 -0.286949676 -0.957724956 1.770419913e-05 0.02869738724 0
0.300702972 0.1462559115 0.02210467547 -0.003717421126 0.07596743689 0.5023569614 -0.0004750986636 0.01914817926 0.2540333047 -0.9997650266 -0.004285547432 -0.0212491354 0.002145590353 0.9558850324 -0.2937332144 0.0215705381 -0.2937097868 -0.9556512298 1.86312391e-05 0.02939921838 0
0.3078814863 0.1497473973 0.02263236806 -0.003895974728 0.07774589018 0.5019898542 -0.0004980189609 0.01960303411 0.253986669 -0.9997418788 -0.004596916456 -0.02224958889 0.002301624974 0.9537860575 -0.3004777182 0.02260261863 -0.3004513687 -0.9535292846 1.958465085e-05 0.03010104952 0
0.3150600006 0.1532388831 0.02316006064 -0.004078640354 0.07952187454 0.5016142926 -0.0005214766415 0.02005772823 0.25393894 -0.9997170694 -0.004922796296 -0.02327116524 0.002464949012 0.951640637 -0.3072035514 0.02365808702 -0.3071739963 -0.9513592544 2.056470677e-05 0.03080288066 0
0.3222385149 0.1567303689 0.02368775323 -0.004265411036 0.08129533394 0.5012302911 -0.0005454714731 0.0205122579 0.2538901181 -0.9996905221 -0.005263492302 -0.02431369414 0.002635717549 0.9494489825 -0.3139103099 0.02473687666 -0.3138772456 -0.9491412759 2.157168438e-05 0.0315047118 0
0.3285197149 0.1597854189 0.02414948424 -0.004432197217 0.08284499574 0.5008873777 -0.0005669073958 0.02090983357 0.2538465029 -0.999665806 -0.005573993534 -0.02524295797 0.002791367983 0.9474935279 -0.3197627604 0.02569989486 -0.31972636 -0.9471613221 2.247509603e-05 0.03211881404 0
0.3356982292 0.1632769047 0.02467717683 -0.004626645559 0.08461357029 0.5004875909 -0.0005919087407 0.02136404495 0.2537956332 -0.9996357879 -0.005943285031 -0.02632430148 0.002976509423 0.9452157695 -0.3264326723 0.02682222729 -0.3263921361 -0.9448538202 2.353331743e-05 0.03282064518 0
0.3428767435 0.1667683905 0.02520486942 -0.004825178059 0.08637945949 0.5000794069 -0.000617446539 0.02181808126 0.2537436722 -0.9996038029 -0.006328257938 -0.02742608809 0.003169535526 0.9428924094 -0.3330823597 0.02796768137 -0.3330373214 -0.9424987806 2.461928639e-05 0.03352247632 0
0.3500552578 0.1702598763 0.025732562 -0.005027787147 0.08814260774 0.4996628415 -0.0006435205376 0.02227193881 0.2536906202 -0.9995697684 -0.006729208669 -0.02854813381 0.003370597342 0.9405236761 -0.3397114272 0.02913618484 -0.3396614968 -0.9400963516 2.573329965e-05 0.03422430746 0
0.3572337721 0.1737513621 0.02626025459 -0.005234465099 0.0899029596 0.4992379105 -0.0006701304784 0.0227256139 0.2536364779 -0.9995336 -0.007146431218 -0.02969025113 0.003579844833 0.9381098025 -0.3463194813 0.03032766398 -0.3462642444 -0.937646685 2.687565875e-05 0.0349261386 0
0.3644122864 0.1772428479 0.02678794717 -0.005445204036 0.09166045971 0.49880463 -0.0006972760976 0.02317910283 0.2535812458 -0.9994952121 -0.007580217117 -0.03085224912 0.003797426845 0.9356510258 -0.3529061311 0.03154204363 -0.3528451475 -0.9351499352 2.804666991e-05 0.03562796974 0
0.3715908007 0.1807343336 0.02731563976 -0.005659995927 0.09341505285 0.4983630167 -0.0007249571266 0.02363240192 0.2535249244 -0.9994545175 -0.008030855391 -0.03203393338 0.004023491094 0.9331475876 -0.3594709881 0.03277924718 -0.3594037912 -0.9326062598 2.924664401e-05 0.03632980088 0
0.378769315 0.1842258194 0.02784333235 -0.005878832584 0.09516668393 0.4979130873 -0.0007531732909 0.02408550747 0.2534675143 -0.9994114273 -0.008498632509 -0.03323510616 0.004258184144 0.9305997336 -0.3660136659 0.03403919658 -0.3659397615 -0.9300158193 3.047589646e-05 0.03703163202 0
0.3859478293 0.1877173052 0.02837102493 -0.006101705671 0.09691529796 0.497454859 -0.0007819243113 0.02453841579 0.253409016 -0.9993658513 -0.008983832347 -0.03445556629 0.004501651386 0.9280077139 -0.372533781 0.03532181234 -0.3724526462 -0.927378777 3.173474717e-05 0.03773346316 0
0.3931263436 0.191208791 0.02889871752 -0.006328606694 0.0986608401 0.4969883492 -0.0008112099029 0.02499112319 0.2533494303 -0.9993176977 -0.009486736136 -0.03569510929 0.004754037019 0.9253717828 -0.3790309522 0.03662701355 -0.3789420343 -0.9246952993 3.302352044e-05 0.0384352943 0
0.4003048579 0.1947002768 0.0294264101 -0.006559527011 0.1004032556 0.4965135758 -0.0008410297756 0.02544362599 0.2532887576 -0.9992668734 -0.01000762243 -0.03695352733 0.005015484029 0.9226921987 -0.3855048006 0.03795471787 -0.3854075166 -0.9219655555 3.434254495e-05 0.03913712544 0
0.4074833722 0.1981917626 0.02995410269 -0.006794457826 0.10214249 0.4960305567 -0.0008713836341 0.02589592051 0.2532269985 -0.9992132836 -0.01054676704 -0.03823060931 0.005286134172 0.9199692243 -0.3919549504 0.03930484154 -0.3918486852 -0.9191897178 3.56921536e-05 0.03983895658 0
0.4146618865 0.2016832484 0.03048179528 -0.007033390191 0.1038784887 0.4955393104 -0.0009022711777 0.02634800305 0.2531641537 -0.9991568323 -0.01110444302 -0.03952614086 0.005566127953 0.9172031262 -0.398381028 0.04067729939 -0.3982651336 -0.9163679614 3.707268352e-05 0.04054078772 0
0.4218404008 0.2051747341 0.03100948786 -0.007276315008 0.1056111975 0.4950398557 -0.0009336921006 0.02679986995 0.2531002239 -0.9990974218 -0.01168092061 -0.04083990438 0.005855604607 0.9143941753 -0.4047826627 0.04207200483 -0.4046564571 -0.9135004642 3.848447594e-05 0.04124261886 0
0.4290189151 0.2086662199 0.03153718045 -0.007523223029 0.1073405621 0.4945322114 -0.0009656460914 0.02725151751 0.2530352096 -0.9990349533 -0.0122764672 -0.04217167906 0.006154702078 0.9115426465 -0.4111594865 0.04348886988 -0.4110222524 -0.9105874072 3.992787618e-05 0.04194445 0
0.4361974294 0.2121577057 0.03206487304 -0.007774104853 0.1090665286 0.4940163969 -0.0009981328337 0.02770294207 0.2529691115 -0.9989693262 -0.01289134726 -0.04352124092 0.006463557003 0.9086488186 -0.4175111339 0.04492780516 -0.4173621181 -0.9076289741 4.140323352e-05 0.04264628114 0
0.4433759437 0.2156491915 0.03259256562 -0.008028950931 0.110789043 0.493492432 -0.001031152006 0.02815413994 0.2529019303 -0.998900439 -0.01352582236 -0.04488836285 0.006782304692 0.9057129745 -0.4238372425 0.04638871989 -0.4236756542 -0.9046253516 4.291090117e-05 0.04334811228 0
0.450554458 0.2191406773 0.03312025821 -0.008287751566 0.1125080517 0.4929603364 -0.00106470328 0.02860510746 0.2528336666 -0.9988281884 -0.01418015104 -0.04627281461 0.007111079111 0.9027354011 -0.4301374527 0.0478715219 -0.4299624623 -0.9015767291 4.445123619e-05 0.04404994342 0
0.4577329723 0.2226321631 0.03364795079 -0.008550496908 0.114223501 0.4924201305 -0.001098786326 0.02905584096 0.2527643211 -0.99875247 -0.01485458887 -0.04767436288 0.007450012859 0.899716389 -0.4364114075 0.04937611766 -0.4362221458 -0.898483299 4.602459941e-05 0.04475177456 0
0.4649114866 0.2261236489 0.03417564338 -0.008817176963 0.1159353374 0.4918718349 -0.001133400804 0.02950633676 0.2526938945 -0.9986731779 -0.01554938834 -0.0490927713 0.007799237155 0.896656233 -0.4426587531 0.05090241224 -0.4424543099 -0.8953452564 4.763135542e-05 0.0454536057 0
0.4720900009 0.2296151346 0.03470333597 -0.009087781587 0.1176435078 0.4913154702 -0.001168546372 0.0299565912 0.2526223876 -0.9985902051 -0.01626479884 -0.05052780049 0.008158881818 0.8935552315 -0.4488791385 0.05245030936 -0.4486585613 -0.8921627993 4.927187241e-05 0.04615543684 0
0.4792685152 0.2331066204 0.03523102855 -0.009362300486 0.1193479589 0.4907510578 -0.001204222681 0.03040660062 0.252549801 -0.998503443 -0.01700106661 -0.05197920809 0.008529075248 0.8904136866 -0.4550722157 0.05401971136 -0.4548345088 -0.8889361284 5.094652222e-05 0.04685726797 0
0.4864470295 0.2365981062 0.03575872114 -0.009640723222 0.1210486378 0.4901786191 -0.00124042938 0.03085636136 0.2524761355 -0.9984127819 -0.01775843474 -0.05344674879 0.00890994441 0.8872319046 -0.4612376398 0.05561051925 -0.4609817626 -0.8856654474 5.265568016e-05 0.04755909911 0
0.4936255438 0.240089592 0.03628641372 -0.00992303921 0.1227454917 0.4895981759 -0.001277166108 0.03130586975 0.2524013918 -0.9983181108 -0.01853714308 -0.05493017433 0.009301614815 0.8840101951 -0.4673750687 0.05722263266 -0.467099935 -0.8823509625 5.439972504e-05 0.04826093025 0
0.4999067438 0.2431446421 0.03674814474 -0.01017325095 0.1242270597 0.4890837392 -0.00130974525 0.03169897973 0.2523351072 -0.9982318958 -0.01923620461 -0.05624100489 0.009653284364 0.8811586927 -0.4727220879 0.05865062916 -0.4724291764 -0.8794150197 5.595468289e-05 0.0488750325 0
0.5070852581 0.2466361278 0.03727583732 -0.01046283774 0.1259165998 0.4884883471 -0.0013474748 0.03214800513 0.2522583439 -0.9981294022 -0.020055561 -0.05775353547 0.01006554026 0.877862967 -0.4788061154 0.06030241525 -0.4784917823 -0.8760189684 5.776517358e-05 0.04957686364 0
0.5142637724 0.2501276136 0.03780352991 -0.01075628654 0.127602164 0.4878850147 -0.001385733319 0.03259676769 0.2521805045 -0.9980225725 -0.02089692894 -0.05928122128 0.01048895 0.8745282248 -0.4848611821 0.06197521088 -0.484524202 -0.8725797218 5.961165901e-05 0.05027869478 0
0.5214422867 0.2536190994 0.0383312225 -0.0110535862 0.1292837 0.487273765 -0.00142452043 0.03304526376 0.25210159 -0.9979112907 -0.02176053548 -0.06082380312 0.01092363329 0.8711547901 -0.4908869584 0.06366891052 -0.4905260552 -0.8690974968 6.149453085e-05 0.05098052592 0
0.528620801 0.2571105852 0.03885891508 -0.01135472542 0.1309611559 0.486654621 -0.001463835747 0.0334934897 0.252021601 -0.9977954398 -0.02264660426 -0.06238101901 0.01136970832 0.8677429902 -0.4968831178 0.0653834073 -0.496496963 -0.8655725133 6.341418392e-05 0.05168235706 0
0.5357993153 0.260602071 0.03938660767 -0.01165969276 0.1326344798 0.4860276065 -0.001503678882 0.03394144185 0.2519405383 -0.9976749018 -0.0235553555 -0.06395260428 0.01182729172 0.864293156 -0.502849337 0.06711859308 -0.502436549 -0.8620049934 6.537101618e-05 0.0523841882 0
0.5429778296 0.2640935568 0.03991430025 -0.01196847664 0.13430362 0.4853927451 -0.00154404944 0.03438911659 0.2518584029 -0.9975495571 -0.02448700595 -0.06553829156 0.01229649856 0.8608056219 -0.5087852961 0.06887435839 -0.5083444383 -0.8583951624 6.736542864e-05 0.05308601934 0
0.5501563439 0.2675850426 0.04044199284 -0.01228106535 0.135968525 0.484750061 -0.00158494702 0.03483651027 0.2517751954 -0.9974192853 -0.02544176883 -0.06713781086 0.01277744231 0.8572807256 -0.5146906785 0.07065059247 -0.5142202582 -0.8547432479 6.939782532e-05 0.05378785048 0
0.5573348582 0.2710765283 0.04096968543 -0.01259744701 0.1376291437 0.4840995785 -0.001626371219 0.03528361926 0.2516909167 -0.9972839648 -0.02641985386 -0.06875088957 0.01327023485 0.8537188083 -0.520565171 0.07244718326 -0.5200636381 -0.8510494803 7.146861321e-05 0.05448968162 0
0.5645133725 0.2745680141 0.04149737801 -0.01291760962 0.1392854248 0.4834413224 -0.001668321625 0.03573043994 0.2516055677 -0.9971434729 -0.02742146717 -0.07037725252 0.01377498645 0.8501202145 -0.5264084637 0.07426401742 -0.5258742093 -0.8473140927 7.357820218e-05 0.05519151276 0
0.5716918868 0.2780594999 0.0420250706 -0.01324154102 0.1409373173 0.4827753176 -0.001710797824 0.03617696867 0.2515191493 -0.9969976856 -0.02844681129 -0.07201662201 0.01429180573 0.8464852919 -0.5322202503 0.07610098033 -0.5316516053 -0.8435373206 7.572700497e-05 0.0558933439 0
0.5788704011 0.2815509857 0.04255276319 -0.01356922894 0.1425847707 0.4821015894 -0.001753799394 0.03662320183 0.2514316622 -0.9968464781 -0.0294960851 -0.07366871785 0.01482079968 0.8428143916 -0.5380002278 0.07795795612 -0.5373954617 -0.8397194025 7.791543712e-05 0.05659517504 0
0.5860489154 0.2850424715 0.04308045577 -0.01390066094 0.1442277341 0.4814201634 -0.00179732591 0.0370691358 0.2513431074 -0.9966897245 -0.03056948382 -0.07533325738 0.01536207364 0.8391078678 -0.5437480968 0.07983482763 -0.5431054159 -0.835860579 8.014391691e-05 0.05729700618 0
0.5932274297 0.2885339573 0.04360814836 -0.01423582445 0.1458661574 0.4807310653 -0.00184137694 0.03751476696 0.2512534857 -0.9965272978 -0.03166719897 -0.07700995555 0.01591573124 0.8353660779 -0.5494635615 0.08173147645 -0.5487811079 -0.8319610937 8.241286534e-05 0.05799883732 0
0.600405944 0.292025443 0.04413584094 -0.01457470677 0.1474999903 0.4800343214 -0.00188595205 0.0379600917 0.2511627981 -0.9963590699 -0.03278941832 -0.07869852491 0.01648187445 0.8315893824 -0.5551463293 0.08364778295 -0.5544221795 -0.8280211925 8.472270604e-05 0.05870066846 0
0.6075844583 0.2955169288 0.04466353353 -0.01491729504 0.1491291829 0.479329958 -0.001931050796 0.03840510641 0.2510710454 -0.9961849119 -0.03393632589 -0.08039867569 0.01706060352 0.8277781448 -0.5607961116 0.08558362621 -0.560028275 -0.8240411241 8.707386528e-05 0.05940249959 0
0.6147629726 0.2990084146 0.04519122612 -0.0152635763 0.1507536852 0.4786180018 -0.001976672733 0.03884980748 0.2509782287 -0.9960046938 -0.0351081019 -0.08211011582 0.017652017 0.8239327318 -0.5664126233 0.08753888413 -0.5655990406 -0.8200211394 8.946677188e-05 0.06010433073 0
0.6219414869 0.3024999004 0.0457189187 -0.01561353741 0.1523734478 0.4778984798 -0.002022817408 0.0392941913 0.2508843487 -0.9958182846 -0.03630492275 -0.08383255096 0.01825621169 0.8200535129 -0.5719955828 0.08951343336 -0.5711341249 -0.8159614921 9.190185719e-05 0.06080616187 0
0.6291200012 0.3059913862 0.04624661129 -0.01596716511 0.1539884212 0.4771714192 -0.002069484366 0.03973825427 0.2507894064 -0.9956255525 -0.03752696095 -0.08556568457 0.01887328265 0.8161408607 -0.5775447123 0.09150714931 -0.5766331787 -0.8118624384 9.437955503e-05 0.06150799301 0
0.6362985155 0.309482872 0.04677430387 -0.01632444603 0.1555985562 0.4764368477 -0.002116673143 0.04018199281 0.2506934029 -0.9954263647 -0.03877438518 -0.08730921791 0.01950332318 0.8121951505 -0.5830597378 0.09351990624 -0.5820958551 -0.8077242368 9.690030165e-05 0.06220982415 0
0.6434770298 0.3129743578 0.04730199646 -0.01668536662 0.1572038039 0.4756947929 -0.002164383272 0.0406254033 0.250596339 -0.9952205874 -0.04004736016 -0.08906285012 0.02014642481 0.8082167608 -0.5885403888 0.09555157715 -0.5875218094 -0.8035471483 9.946453571e-05 0.06291165529 0
0.6506555441 0.3164658435 0.04782968905 -0.01704991323 0.1588041154 0.474945283 -0.002212614281 0.04106848217 0.2504982157 -0.9950080862 -0.04134604669 -0.09082627825 0.02080267728 0.8042060724 -0.5939863987 0.09760203387 -0.5929106995 -0.7993314365 0.0001020726982 0.06361348643 0
0.6578340584 0.3199573293 0.04835738163 -0.01741807206 0.1603994423 0.4741883464 -0.002261365692 0.04151122582 0.2503990341 -0.9947887255 -0.04267060159 -0.09259919729 0.02147216855 0.8001634692 -0.5993975047 0.09967114706 -0.5982621853 -0.7950773674 0.0001047252325 0.06431531757 0
0.6650125727 0.3234488151 0.04888507422 -0.01778982918 0.161989736 0.4734240117 -0.002310637023 0.04195363067 0.250298795 -0.9945623691 -0.04402117771 -0.0943813002 0.02215498474 0.7960893377 -0.6047734477 0.1017587862 -0.6035759292 -0.7907852092 0.0001074225841 0.06501714871 0
0.6712937727 0.3265038652 0.04934680523 -0.01811805732 0.1633770764 0.4727491728 -0.002354175551 0.04234045419 0.2502102193 -0.9943584609 -0.04522439443 -0.09594793103 0.02276344584 0.7924989155 -0.6094483526 0.103600564 -0.6081942314 -0.7869985388 0.0001098198831 0.06563125096 0
0.678472287 0.329995351 0.04987449782 -0.01849652322 0.1649578035 0.4719710448 -0.002404420412 0.04278221415 0.2501080003 -0.9941186174 -0.04662415822 -0.09774641935 0.02347147208 0.7883667194 -0.6147576805 0.1057225833 -0.6134363077 -0.7826356955 0.0001126024761 0.0663330821 0
0.6856508013 0.3334868367 0.0504021904 -0.01887854662 0.1665333596 0.4711856026 -0.002455183776 0.04322362504 0.2500047269 -0.9938713818 -0.04805036012 -0.09955319803 0.0241930607 0.784204121 -0.6200311222 0.1078627469 -0.6186396847 -0.7782355481 0.00011543118 0.06703491324 0
0.6928293156 0.3369783225 0.05092988299 -0.01926411308 0.1681036972 0.4703928758 -0.00250646514 0.04366468328 0.2499004 -0.993616615 -0.04950313723 -0.1013679526 0.02492829071 0.7800115166 -0.6252684338 0.1100209195 -0.6238040344 -0.7737983742 0.0001183064487 0.06773674438 0
0.7000078299 0.3404698083 0.05145757558 -0.01965320803 0.169668769 0.4695928944 -0.002558263997 0.04410538531 0.2497950207 -0.9933541767 -0.05098262253 -0.1031903669 0.02567723925 0.7757893054 -0.6304693752 0.1121969653 -0.6289290309 -0.7693244537 0.0001212287386 0.06843857552 0
0.7071863442 0.3439612941 0.05198526816 -0.02004581676 0.1712285279 0.4687856886 -0.002610579834 0.04454572757 0.24968859 -0.9930839262 -0.05248894486 -0.1050201229 0.02643998158 0.7715378886 -0.6356337104 0.1143907467 -0.6340143508 -0.7648140689 0.0001241985078 0.06914040666 0
0.7143648585 0.3474527799 0.05251296075 -0.02044192444 0.172782927 0.467971289 -0.002663412132 0.0449857065 0.2495811091 -0.9928057219 -0.0540222289 -0.1068569009 0.02721659108 0.7672576702 -0.6407612072 0.1166021255 -0.6390596735 -0.7602675043 0.0001272162166 0.0698422378 0
0.7215433728 0.3509442657 0.05304065334 -0.02084151613 0.1743319197 0.4671497263 -0.002716760369 0.04542531855 0.2494725789 -0.9925194218 -0.05558259512 -0.1087003795 0.02800713922 0.7629490563 -0.6458516375 0.1188309621 -0.6440646805 -0.7556850467 0.0001302823274 0.07054406894 0
0.7287218871 0.3544357515 0.05356834592 -0.02124457672 0.1758754596 0.4663210315 -0.002770624016 0.04586456017 0.2493630006 -0.9922248829 -0.05717015981 -0.1105502357 0.02881169558 0.7586124552 -0.6509047772 0.1210771159 -0.6490290561 -0.7510669853 0.0001333973045 0.07124590008 0
0.7359004014 0.3579272372 0.05409603851 -0.02165109101 0.1774135005 0.4654852358 -0.00282500254 0.04630342781 0.2492523753 -0.9919219618 -0.05878503501 -0.1124061449 0.02963032779 0.7542482775 -0.6559204064 0.1233404453 -0.6539524872 -0.7464136113 0.000136561614 0.07194773122 0
0.7430789157 0.361418723 0.05462373109 -0.02206104365 0.1789459965 0.4646423709 -0.002879895403 0.04674191794 0.2491407041 -0.9916105144 -0.06042732849 -0.114267781 0.03046310157 0.7498569361 -0.660898309 0.1256208073 -0.6588346631 -0.7417252183 0.0001397757242 0.07264956235 0
0.75025743 0.3649102088 0.05515142368 -0.02247441919 0.1804729017 0.4637924685 -0.00293530206 0.04718002702 0.2490279881 -0.991290396 -0.06209714377 -0.1161348162 0.03131008069 0.7454388458 -0.6658382731 0.1279180583 -0.6636752759 -0.7370021021 0.0001430401051 0.07335139349 0
0.7574359443 0.3684016946 0.05567911627 -0.02289120202 0.1819941707 0.4629355606 -0.002991221965 0.04761775152 0.2489142284 -0.9909614614 -0.06379458007 -0.1180069215 0.03217132699 0.7409944236 -0.6707400911 0.1302320533 -0.6684740202 -0.7322445607 0.0001463552287 0.07405322463 0
0.7646144586 0.3718931804 0.05620680885 -0.02331137644 0.1835097584 0.4620716797 -0.003047654561 0.0480550879 0.2487994261 -0.9906235648 -0.0655197323 -0.1198837665 0.03304690033 0.7365240885 -0.6756035593 0.1325626462 -0.6732305932 -0.7274528941 0.0001497215686 0.07475505577 0
0.7717929729 0.3753846662 0.05673450144 -0.02373492661 0.1850196196 0.4612008582 -0.003104599293 0.04849203265 0.2486835824 -0.9902765599 -0.06727269103 -0.1217650191 0.03393685863 0.7320282615 -0.6804284783 0.13490969 -0.677944695 -0.7226274047 0.0001531396004 0.07545688691 0
0.7789714872 0.3788761519 0.05726219402 -0.02416183657 0.1865237096 0.4603231289 -0.003162055594 0.04892858224 0.2485666986 -0.9899202999 -0.06905354247 -0.1236503463 0.03484125779 0.7275073653 -0.6852146526 0.1372730368 -0.682616028 -0.717768397 0.0001566098016 0.07615871805 0
0.7861500015 0.3823676377 0.05778988661 -0.02459209023 0.1880219839 0.459438525 -0.003220022897 0.04936473316 0.2484487756 -0.9895546374 -0.07086236849 -0.1255394136 0.03576015178 0.7229618248 -0.6899618913 0.1396525374 -0.6872442976 -0.7128761774 0.0001601326513 0.07686054919 0
0.7933285158 0.3858591235 0.0583175792 -0.02502567139 0.1895143981 0.4585470797 -0.003278500627 0.04980048191 0.2483298148 -0.9891794246 -0.07269924655 -0.1274318854 0.03669359255 0.7183920665 -0.6946700073 0.1420480416 -0.6918292118 -0.7079510545 0.0001637086303 0.07756238033 0
0.8005070301 0.3893506093 0.05884527178 -0.02546256372 0.1910009084 0.4576488266 -0.003337488206 0.05023582496 0.2482098173 -0.9887945135 -0.07456424973 -0.1293274246 0.03764163005 0.7137985187 -0.699338818 0.1444593984 -0.6963704814 -0.7029933391 0.0001673382212 0.07826421147 0
0.8076855444 0.3928420951 0.05937296437 -0.02590275078 0.1924814707 0.4567437995 -0.003396985049 0.05067075883 0.2480887843 -0.9883997553 -0.07645744667 -0.1312256934 0.03860431222 0.7091816113 -0.703968145 0.1468864556 -0.7008678199 -0.698003344 0.0001710219084 0.07896604261 0
0.8148640587 0.3963335809 0.05990065696 -0.02634621602 0.1939560417 0.4558320325 -0.003456990568 0.05110528001 0.247966717 -0.987995001 -0.07837890161 -0.1331263527 0.03958168501 0.7045417762 -0.7085578141 0.1493290602 -0.7053209436 -0.6929813838 0.0001747601778 0.07966787375 0
0.822042573 0.3998250667 0.06042834954 -0.02679294273 0.1954245781 0.4549135599 -0.003517504168 0.05153938501 0.2478436166 -0.9875801013 -0.08032867431 -0.1350290624 0.04057379233 0.6998794464 -0.7131076552 0.151787058 -0.7097295715 -0.6879277756 0.0001785535171 0.08036970489 0
0.8292210873 0.4033165524 0.06095604213 -0.02724291413 0.1968870367 0.4539884162 -0.003578525251 0.05197307035 0.2477194844 -0.9871549063 -0.08230682008 -0.1369334812 0.04158067607 0.6951950568 -0.7176175028 0.154260294 -0.7140934255 -0.682842838 0.0001824024156 0.08107153603 0
0.8363996016 0.4068080382 0.06148373471 -0.0276961133 0.1983433749 0.4530566362 -0.003640053211 0.05240633253 0.2475943216 -0.9867192661 -0.08431338978 -0.1388392673 0.04260237607 0.6904890438 -0.7220871955 0.1567486121 -0.7184122303 -0.6777268918 0.0001863073641 0.08177336717 0
0.8426808016 0.4098630883 0.06194546573 -0.02809529696 0.1996126166 0.4522359123 -0.003694305497 0.05278508709 0.2474839598 -0.9863293944 -0.0860924913 -0.140507682 0.04350854731 0.6863538885 -0.7259651135 0.1589381391 -0.7221540159 -0.673225256 0.0001897705597 0.08238746942 0
0.8498593159 0.4133545741 0.06247315831 -0.02855450219 0.2010573645 0.4512917838 -0.003756782209 0.0532175465 0.247356868 -0.9858737638 -0.08815247724 -0.1424151064 0.04455812812 0.6816085124 -0.7303590959 0.1614543124 -0.7263876214 -0.6680520402 0.0001937819307 0.08308930056 0
0.8570378302 0.4168460599 0.0630008509 -0.02901688591 0.2024958704 0.4503411203 -0.003819764034 0.05364957276 0.2472287493 -0.985407255 -0.09024100824 -0.1443229097 0.04562262839 0.676842775 -0.7347124837 0.163985114 -0.7305754022 -0.662848749 0.000197850772 0.0837911317 0
0.8642163445 0.4203375456 0.06352854349 -0.02948243076 0.2039280924 0.4493839575 -0.00388325035 0.05408116242 0.2470996049 -0.9849297167 -0.09235811767 -0.1462307466 0.04670208004 0.672057118 -0.7390251321 0.1665303843 -0.734717094 -0.6576157106 0.0002019775805 0.08449296284 0
0.8713948588 0.4238290314 0.06405623607 -0.02995111926 0.2053539891 0.4484203313 -0.003947240527 0.05451231202 0.2469694361 -0.9844409977 -0.0945038344 -0.1481382711 0.04779651291 0.6672519841 -0.743296901 0.1690899626 -0.7388124356 -0.6523532552 0.0002061628548 0.08519479397 0
0.8785733731 0.4273205172 0.06458392866 -0.03042293382 0.2067735193 0.4474502779 -0.004011733932 0.05494301809 0.2468382443 -0.9839409464 -0.09667818275 -0.1500451366 0.0489059548 0.6624278173 -0.7475276546 0.1716636875 -0.7428611686 -0.6470617147 0.000210407095 0.08589662511 0
0.8857518874 0.430812003 0.06511162124 -0.03089785674 0.2081866419 0.4464738337 -0.004076729926 0.0553732772 0.2467060306 -0.9834294111 -0.09888118248 -0.1519509956 0.05003043141 0.6575850628 -0.7517172614 0.1742513967 -0.7468630376 -0.6417414229 0.0002147108026 0.08659845625 0
0.8929304017 0.4343034888 0.06563931383 -0.03137587022 0.2095933163 0.4454910354 -0.004142227867 0.05580308588 0.2465727965 -0.9829062401 -0.1011128488 -0.1538555004 0.0511699664 0.6527241668 -0.7558655943 0.1768529269 -0.7508177901 -0.6363927155 0.0002190744807 0.08730028739 0
0.900108916 0.4377949746 0.06616700642 -0.03185695633 0.210993502 0.4445019196 -0.004208227106 0.05623244071 0.2464385433 -0.9823712813 -0.1033731924 -0.1557583026 0.05232458132 0.6478455764 -0.7599725306 0.1794681139 -0.7547251766 -0.6310159299 0.0002234986338 0.08800211853 0
0.9072874303 0.4412864604 0.066694699 -0.03234109705 0.2123871589 0.4435065236 -0.00427472699 0.05666133825 0.2463032722 -0.9818243826 -0.1056622193 -0.1576590532 0.05349429564 0.6429497398 -0.7640379522 0.1820967929 -0.7585849507 -0.6256114054 0.0002279837679 0.08870394967 0
0.9144659446 0.4447779461 0.06722239159 -0.03282827424 0.213774247 0.4425048846 -0.004341726859 0.05708977506 0.2461669848 -0.9812653921 -0.1079799309 -0.159557403 0.05467912677 0.6380371062 -0.7680617451 0.1847387979 -0.7623968689 -0.6201794828 0.0002325303905 0.08940578081 0
0.9216444589 0.4482694319 0.06775008417 -0.03331846965 0.2151547267 0.4414970401 -0.004409226052 0.05751774772 0.2460296823 -0.9806941573 -0.1103263243 -0.1614530023 0.05587908999 0.6331081253 -0.7720437999 0.1873939623 -0.7661606906 -0.6147205048 0.0002371390104 0.09010761195 0
0.9288229732 0.4517609177 0.06827777676 -0.03381166493 0.2165285587 0.4404830278 -0.0044772239 0.05794525281 0.245891366 -0.9801105262 -0.1127013917 -0.1633455011 0.05709419851 0.628163248 -0.7759840116 0.1900621186 -0.7698761784 -0.6092348159 0.0002418101379 0.09080944309 0
0.9360014875 0.4552524035 0.06880546935 -0.03430784163 0.2178957039 0.4394628857 -0.00454571973 0.05837228691 0.2457520375 -0.9795143465 -0.1151051209 -0.165234549 0.05832446346 0.6232029257 -0.7798822798 0.1927430985 -0.773543098 -0.6037227621 0.0002465442848 0.09151127423 0
0.9431800018 0.4587438893 0.06933316193 -0.03480698118 0.2192561236 0.438436652 -0.004614712863 0.05879884662 0.2456116981 -0.9789054659 -0.1175374948 -0.1671197956 0.05956989383 0.6182276106 -0.7837385082 0.1954367328 -0.777161218 -0.5981846911 0.0002513419641 0.09221310537 0
0.9503585161 0.4622353751 0.06986085452 -0.03530906492 0.2206097792 0.4374043651 -0.004684202618 0.05922492853 0.2454703491 -0.9782837324 -0.1199984922 -0.16900089 0.06083049654 0.6132377554 -0.7875526052 0.1981428516 -0.7807303102 -0.5926209524 0.0002562036903 0.09291493651 0
0.9575370304 0.4657268608 0.07038854711 -0.03581407407 0.2219566324 0.4363660634 -0.004754188305 0.05965052924 0.245327992 -0.9776489937 -0.1224880867 -0.1708774814 0.0621062764 0.6082338135 -0.7913244837 0.2008612842 -0.7842501493 -0.5870318968 0.0002611299794 0.09361676765 0
0.9647155447 0.4692183466 0.07091623969 -0.03632198977 0.2232966455 0.4353217859 -0.004824669233 0.06007564535 0.2451846283 -0.9770010979 -0.1250062479 -0.1727492189 0.06339723611 0.6032162388 -0.7950540608 0.2035918591 -0.7877205134 -0.581417877 0.0002661213485 0.09431859879 0
0.971894059 0.4727098324 0.07144393228 -0.03683279304 0.2246297806 0.4342715715 -0.004895644704 0.06050027348 0.2450402592 -0.9763398931 -0.1275529402 -0.1746157513 0.06470337628 0.5981854857 -0.7987412584 0.206334404 -0.7911411835 -0.5757792472 0.0002711783163 0.09502042993 0
0.9790725733 0.4762013182 0.07197162486 -0.03734646481 0.2259560005 0.4332154595 -0.004967114015 0.06092441025 0.2448948864 -0.9756652274 -0.1301281238 -0.1764767279 0.06602469539 0.5931420088 -0.8023860025 0.209088746 -0.7945119438 -0.5701163631 0.0002763014027 0.09572226107 0
0.9862510876 0.479692804 0.07249931745 -0.0378629859 0.2272752681 0.4321534893 -0.005039076459 0.06134805227 0.2447485112 -0.9749769492 -0.1327317542 -0.1783317974 0.06736118983 0.5880862633 -0.8059882239 0.2118547112 -0.7978325817 -0.5644295819 0.000281491129 0.09642409221 0
0.9934296019 0.4831842898 0.07302701004 -0.03838233703 0.2285875466 0.4310857004 -0.005111531324 0.06177119617 0.2446011352 -0.9742749071 -0.1353637821 -0.1801806092 0.06871285387 0.5830187046 -0.8095478576 0.2146321252 -0.8011028877 -0.5587192624 0.0002867480178 0.09712592335 0
1.000608116 0.4866757756 0.07355470262 -0.03890449885 0.2298927994 0.4300121328 -0.005184477893 0.06219383858 0.2444527597 -0.9735589498 -0.1380241538 -0.1820228126 0.0700796797 0.5779397883 -0.8130648434 0.2174208127 -0.8043226554 -0.5529857649 0.0002920725931 0.09782775449 0
