0.007392281115 0.004422875714 0.003373837101 -2.779076641e-06 0.001885020027 0.5099953551 -3.478473323e-07 0.0004695580082 0.2549994234 -0.9999999999 -7.890003353e-08 -1.61843979e-05 4.014206397e-08 0.9999729499 -0.007355229646 1.618454044e-05 -0.007355229646 -0.9999729498 3.344581388e-08 0.004487203344 0
0.01458359737 0.008725512143 0.00665595384 -1.081603906e-05 0.003718727826 0.5099819223 -1.361677284e-06 0.0009281477622 0.2549977428 -0.999999998 -6.086483117e-07 -6.298685057e-05 3.053542029e-07 0.9998947246 -0.01450998788 6.298905108e-05 -0.01450998787 -0.9998947226 6.022826303e-08 0.008852418607 0
0.02177491363 0.01302814857 0.009938070579 -2.411260254e-05 0.005552305047 0.5099596988 -3.046201334e-06 0.001387435194 0.2549949503 -0.9999999901 -2.027294676e-06 -0.0001404112731 1.01501405e-06 0.9997653137 -0.02166373733 0.0001404222393 -0.02166373725 -0.9997653038 4.045653897e-08 0.01321763387 0
0.02896622988 0.017330785 0.01322018732 -4.266820682e-05 0.007385687309 0.5099286855 -5.400584471e-06 0.001846795721 0.2549910472 -0.9999999691 -4.772967052e-06 -0.0002484443542 2.388182795e-06 0.9995847334 -0.02881598071 0.0002484787213 -0.02881598042 -0.9995847025 1.961435836e-08 0.01758284913 0
0.03615754614 0.02163342143 0.01650230406 -6.648207004e-05 0.009218810241 0.5098888836 -8.423888669e-06 0.002306089472 0.2549860352 -0.999999925 -9.283560188e-06 -0.00038706752 4.643802529e-06 0.9993530062 -0.03596622098 0.0003871509843 -0.03596622009 -0.9993529312 1.096805638e-07 0.02194806439 0
0.04334886239 0.02593605786 0.01978442079 -9.555318879e-05 0.01105160948 0.5098402948 -1.21156121e-05 0.002765300961 0.2549799151 -0.9999998452 -1.599665871e-05 -0.000556256937 8.000656935e-06 0.9990701608 -0.04311396135 0.0005564293868 -0.04311395912 -0.999070006 2.272644697e-07 0.02631327966 0
0.05054017864 0.03023869428 0.02306653753 -0.0001298803382 0.01288402069 0.5097829213 -1.647548678e-05 0.003224437162 0.2549726873 -0.9999997139 -2.53494602e-05 -0.0007559835157 1.267733202e-05 0.9987362326 -0.05025870536 0.0007563021594 -0.05025870056 -0.9987359466 3.700087649e-07 0.03067849492 0
0.0577314949 0.03454133071 0.02634865427 -0.0001694620719 0.01471597953 0.5097167654 -2.150334951e-05 0.003683506026 0.2549643521 -0.999999513 -3.77786984e-05 -0.0009862129154 1.889217685e-05 0.9983512631 -0.05739995698 0.0009867554055 -0.05739994766 -0.9983507762 5.369149281e-07 0.03504371018 0
0.06492281115 0.03884396714 0.02963077101 -0.0002142967221 0.01654742171 0.50964183 -2.719908297e-05 0.004142512891 0.2549549098 -0.9999992212 -5.372056642e-05 -0.00124690555 2.686326436e-05 0.9979153002 -0.06453722065 0.001247773102 -0.06453720389 -0.9979145216 7.274860933e-07 0.03940892544 0
0.07211412741 0.04314660357 0.03291288775 -0.0002643824 0.01837828293 0.509558118 -3.356258916e-05 0.004601460556 0.2549443604 -0.9999988145 -7.361064006e-05 -0.001538016594 3.68083522e-05 0.9974283982 -0.07167000137 0.001539337102 -0.07166997302 -0.9974272131 9.414755328e-07 0.04377414071 0
0.07930544366 0.04744924 0.03619500449 -0.0003197169953 0.02020849896 0.5094656332 -4.059377692e-05 0.005060349897 0.2549327041 -0.9999982663 -9.788380123e-05 -0.001859495988 4.894484359e-05 0.9968906177 -0.07879780474 0.001861427133 -0.07879775915 -0.9968888846 1.1787723e-06 0.04813935597 0
0.08649675992 0.05175187643 0.03947712123 -0.0003802981767 0.02203800555 0.5093643794 -4.829255564e-05 0.005519180431 0.2549199411 -0.999997547 -0.0001269741615 -0.002211288452 6.348974828e-05 0.9963020255 -0.08592013704 0.002214020801 -0.08592006667 -0.9962995735 1.439344779e-06 0.05250457123 0
0.09368807617 0.05605451286 0.04275923797 -0.0004461233921 0.02386673853 0.5092543608 -5.665883201e-05 0.005977950715 0.2549060715 -0.9999966243 -0.0001613149858 -0.002593333488 8.065964357e-05 0.995662695 -0.09303650531 0.002597093592 -0.09303640042 -0.9956593209 1.72321113e-06 0.05686978649 0
0.1000803573 0.05987907857 0.04567667507 -0.0005090348568 0.02549157763 0.5091492122 -6.465581157e-05 0.006385694243 0.2548928141 -0.999995605 -0.000196597493 -0.002958273297 9.830018271e-05 0.9950518702 -0.09935676126 0.002963168667 -0.09935661539 -0.9950474776 1.995133294e-06 0.06074997784 0
0.1072716735 0.064181715 0.04895879181 -0.0005847577252 0.02731867433 0.5090226509 -7.428264548e-05 0.006844344548 0.2548768548 -0.9999941999 -0.0002420346544 -0.003397278616 0.0001210176043 0.9943169226 -0.1064605221 0.003403738754 -0.1064603157 -0.9943111262 2.323159681e-06 0.0651151931 0
0.1144629898 0.06848435143 0.05224090854 -0.0006657160145 0.02914481217 0.5088873393 -8.45766788e-05 0.007302927276 0.2548597894 -0.9999924825 -0.0002939684808 -0.003866332532 0.000146982899 0.9935314836 -0.1135568995 0.003874705246 -0.1135566142 -0.9935239715 2.674690244e-06 0.06948040836 0
0.1216543061 0.07278698786 0.05552302528 -0.0007519063145 0.03096992715 0.5087432831 -9.553779618e-05 0.007761439241 0.2548416181 -0.9999904096 -0.0003528282216 -0.004365354367 0.0001764105931 0.9926956509 -0.1206454043 0.004376035398 -0.1206450173 -0.9926860683 3.04983261e-06 0.07384562363 0
0.1288456223 0.07708962428 0.05880514202 -0.0008433249946 0.03279395526 0.5085904882 -0.0001071658755 0.008219877061 0.2548223411 -0.9999879352 -0.0004190419083 -0.00489425828 0.0002095145909 0.9918095283 -0.1277255479 0.004907694353 -0.1277250324 -0.9917974746 3.448707332e-06 0.07821083889 0
0.1360369386 0.08139226071 0.06208725876 -0.0009399682045 0.03461683257 0.5084289612 -0.0001194607876 0.008678237204 0.2548019587 -0.999985011 -0.0004930362792 -0.005452953286 0.0002465081361 0.9908732261 -0.1347968433 0.005469645148 -0.1347961671 -0.9908582524 3.871446336e-06 0.08257605415 0
0.1432282548 0.08569489714 0.0653693755 -0.001041831874 0.03643849521 0.5082587089 -0.0001324223964 0.009136516023 0.2547804711 -0.9999815855 -0.0005752367045 -0.006041343266 0.0002876037738 0.9898868606 -0.1418588045 0.006061848711 -0.1418579297 -0.9898684669 4.318191855e-06 0.08694126941 0
0.1504195711 0.08999753357 0.06865149224 -0.001148911712 0.03825887935 0.5080797384 -0.0001460505586 0.009594709781 0.2547578784 -0.9999776046 -0.0006660671112 -0.006659326988 0.0003330133119 0.9888505545 -0.1489109467 0.006684263868 -0.1489098294 -0.988828187 4.789095695e-06 0.09130648468 0
0.1576108873 0.09430017 0.07193360898 -0.001261203211 0.04007792122 0.5078920573 -0.0001603451238 0.01005281467 0.254734181 -0.9999730116 -0.0007659499084 -0.007306798116 0.0003829477829 0.9877644363 -0.1559527866 0.007336847345 -0.1559513758 -0.9877374849 5.28431869e-06 0.09567169994 0
0.1648022036 0.09860280643 0.07521572572 -0.001378701641 0.04189555713 0.5076956734 -0.0001753059343 0.01051082684 0.2547093791 -0.9999677471 -0.0008753059128 -0.007983645232 0.0004376174062 0.9866286412 -0.1629838423 0.008019553768 -0.1629820793 -0.9865964365 5.804030308e-06 0.1000369152 0
0.1719935198 0.1029054429 0.07849784245 -0.001501402054 0.04371172344 0.5074905951 -0.0001909328251 0.01096874238 0.254683473 -0.9999617488 -0.0009945542748 -0.008689751855 0.0004972315499 0.9854433101 -0.1700036332 0.008732335672 -0.1700014512 -0.9854051212 6.34840834e-06 0.1044021305 0
0.1791848361 0.1072080793 0.08177995919 -0.001629299285 0.04552635659 0.5072768309 -0.0002072256242 0.01142655736 0.254656463 -0.9999549519 -0.001124112404 -0.009424996454 0.0005619986933 0.9842085903 -0.1770116805 0.009475143499 -0.1770090033 -0.9841636218 6.917638657e-06 0.1087673457 0
0.1863761523 0.1115107157 0.08506207593 -0.001762387948 0.04733939307 0.50705439 -0.0002241841521 0.0118842678 0.2546283494 -0.9999472888 -0.001264395896 -0.01018925247 0.0006321263891 0.9829246349 -0.1840075068 0.0102479256 -0.1840042484 -0.9828720245 7.511915004e-06 0.113132561 0
0.1935674686 0.1158133521 0.08834419267 -0.001900662441 0.04915076947 0.5068232815 -0.000241808222 0.01234186972 0.2545991325 -0.9999386894 -0.001415818459 -0.01098238835 0.0007078212258 0.9815916034 -0.1909906364 0.01105062826 -0.1909867002 -0.9815304193 8.131438842e-06 0.1174977763 0
0.2007587849 0.1201159886 0.09162630941 -0.002044116942 0.05096042245 0.5065835153 -0.0002600976399 0.01279935911 0.2545688126 -0.9999290808 -0.001578791841 -0.01180426753 0.0007892887908 0.9802096611 -0.1979605955 0.01188319565 -0.1979558733 -0.9801388993 8.776419185e-06 0.1218629915 0
0.2079501011 0.124418625 0.09490842615 -0.002192745413 0.05276828875 0.5063351015 -0.0002790522045 0.01325673195 0.25453739 -0.9999183876 -0.001753725755 -0.0126547485 0.0008767336331 0.9787789794 -0.204916912 0.01274556989 -0.204911283 -0.9786975613 9.447072479e-06 0.1262282068 0
0.2151414174 0.1287212614 0.09819054289 -0.002346541597 0.05457430518 0.5060780505 -0.0002986717072 0.0137139842 0.2545048651 -0.9999065315 -0.00194102781 -0.01353368482 0.0009703592258 0.9772997358 -0.2118591155 0.01363769103 -0.2118524459 -0.9772065056 1.014362248e-05 0.130593422 0
0.2223327336 0.1330238979 0.1014726596 -0.002505499024 0.05637840866 0.5058123731 -0.0003189559321 0.01417111182 0.2544712383 -0.999893432 -0.002141103438 -0.01444092509 0.00107036793 0.9757721136 -0.2187867377 0.01455949703 -0.2187788792 -0.9756658358 1.086630012e-05 0.1349586373 0
0.2295240499 0.1373265343 0.1047547764 -0.002669611001 0.05818053618 0.5055380806 -0.000339904656 0.01462811075 0.2544365099 -0.9998790057 -0.002354355818 -0.01537631306 0.001176960959 0.9741963022 -0.2256993124 0.01551092382 -0.2256901014 -0.974075659 1.161534345e-05 0.1393238526 0
0.235916331 0.1411511 0.1076722135 -0.002819810014 0.05978071763 0.5052870418 -0.0003590834088 0.01503422071 0.2544047158 -0.9998649991 -0.00255529957 -0.01623126905 0.00127739963 0.9727552834 -0.2318308153 0.01638144991 -0.2318202517 -0.9726206964 1.230349181e-05 0.1432040439 0
0.2431076472 0.1454537364 0.1109543302 -0.00299363935 0.06157894123 0.5049965079 -0.0003812866627 0.01549096549 0.2543679077 -0.9998478302 -0.002794533147 -0.01721938134 0.001396974481 0.9710889852 -0.2387137017 0.0173886449 -0.2387014317 -0.9709373108 1.310301105e-05 0.1475692592 0
0.2502989635 0.1497563729 0.1142364469 -0.003172602698 0.06337500739 0.5046973932 -0.0004041537298 0.01594756983 0.2543299993 -0.9998290794 -0.003048094934 -0.01823516263 0.001523708149 0.9693750777 -0.2455802051 0.01842526397 -0.2455660154 -0.9692047471 1.392962248e-05 0.1519344744 0
0.2574902798 0.1540590093 0.1175185637 -0.003356692529 0.0651688535 0.5043897101 -0.0004276843586 0.01640402966 0.2542909908 -0.9998086534 -0.003316378691 -0.01927843788 0.001657797035 0.967613773 -0.2524298675 0.01949123504 -0.2524135256 -0.9674231255 1.478359075e-05 0.1562996897 0
0.264681596 0.1583616457 0.1208006804 -0.003545901099 0.06696041702 0.5040734718 -0.0004518782902 0.01686034092 0.2542508827 -0.9997864566 -0.003599775579 -0.02034902725 0.001799436212 0.9658052891 -0.2592622332 0.020586484 -0.2592434862 -0.9655925701 1.56651871e-05 0.160664905 0
0.2718729123 0.1626642821 0.1240827972 -0.00374022045 0.06874963555 0.5037486914 -0.0004767352584 0.01731649951 0.2542096755 -0.9997623905 -0.003898674099 -0.02144674621 0.001948819396 0.9639498496 -0.2660768489 0.0217109347 -0.2660554223 -0.9637132081 1.657468926e-05 0.1650301202 0
0.2790642285 0.1669669186 0.1273649139 -0.003939642409 0.07053644678 0.5034153826 -0.0005022549899 0.01777250135 0.2541673697 -0.9997363545 -0.004213460016 -0.02257140548 0.002106138904 0.9620476839 -0.2728732637 0.02286450895 -0.2728488603 -0.9617851702 1.751238139e-05 0.1693953355 0
0.2862555448 0.171269555 0.1306470306 -0.00414415859 0.07232078851 0.5030735595 -0.0005284372038 0.01822834238 0.2541239656 -0.9997082452 -0.004544516294 -0.02372281115 0.002271585623 0.9600990271 -0.279651029 0.02404712656 -0.2796233279 -0.9598085904 1.847855399e-05 0.1737605507 0
0.293446861 0.1755721914 0.1339291474 -0.004353760392 0.07410259867 0.5027232365 -0.0005552816122 0.01868401849 0.2540794638 -0.9996779572 -0.004892223028 -0.02490076463 0.002445348975 0.9581041199 -0.2864096992 0.0252587053 -0.2863783541 -0.9577836061 1.947350376e-05 0.178125766 0
0.3006381773 0.1798748279 0.1372112641 -0.004568439004 0.0758818153 0.5023644281 -0.0005827879198 0.01913952561 0.2540338648 -0.9996453822 -0.005256957373 -0.02610506272 0.002627616882 0.9560632085 -0.2931488308 0.02649916093 -0.2931134691 -0.9557103582 2.049753355e-05 0.1824909813 0
0.3078294935 0.1841774643 0.1404933809 -0.0047881854 0.07765837656 0.5019971496 -0.0006109558241 0.01959485965 0.2539871691 -0.9996104097 -0.005639093482 -0.02733549767 0.002818575732 0.9539765449 -0.2998679833 0.02776840721 -0.2998282048 -0.9535889907 2.155095225e-05 0.1868561965 0
0.3150208098 0.1884801007 0.1437754976 -0.005012990344 0.07943222073 0.5016214164 -0.0006397850152 0.02005001653 0.2539393772 -0.9995729269 -0.006039002435 -0.02859185715 0.003018410341 0.9518443865 -0.3065667187 0.02906635589 -0.3065220943 -0.9514196512 2.263407469e-05 0.1912214118 0
0.3222121261 0.1927827371 0.1470576143 -0.005242844386 0.08120328623 0.5012372443 -0.0006692751761 0.02050499217 0.2538904895 -0.9995328184 -0.006457052174 -0.02987392433 0.003227303928 0.9496669963 -0.3132446019 0.03039291672 -0.3131946721 -0.9492024905 2.374722157e-05 0.1955866271 0
0.3294034423 0.1970853736 0.1503397311 -0.005477737868 0.08297151159 0.5008446493 -0.0006994259823 0.02095978249 0.2538405068 -0.9994899667 -0.00689360744 -0.0311814779 0.003445438072 0.9474446426 -0.3199012007 0.03174799748 -0.3198454743 -0.9469376628 2.489071935e-05 0.1999518423 0
0.3365947586 0.20138801 0.1536218478 -0.005717660918 0.08473683551 0.5004436481 -0.0007302371022 0.0214143834 0.2537894294 -0.9994442519 -0.007349029702 -0.03251429211 0.003672992685 0.9451775991 -0.3265360857 0.03313150395 -0.3264740386 -0.9446253255 2.606490017e-05 0.2043170576 0
0.3437860748 0.2056906464 0.1569039645 -0.005962603458 0.08649919678 0.5000342574 -0.0007617081971 0.02186879082 0.2537372581 -0.9993955515 -0.007823677099 -0.03387213681 0.003910145976 0.9428661451 -0.3331488304 0.03454333994 -0.3330799041 -0.9422656394 2.727010173e-05 0.2086822728 0
0.3509773911 0.2099932829 0.1601860813 -0.006212555195 0.08825853435 0.4996164945 -0.0007938389207 0.02232300068 0.2536839933 -0.9993437412 -0.008317904371 -0.03525477747 0.004157074421 0.940510565 -0.3397390114 0.03598340729 -0.3396626114 -0.9398587685 2.850666725e-05 0.2130474881 0
0.3581687073 0.2142959193 0.163468198 -0.006467505633 0.09001478732 0.4991903768 -0.0008266289197 0.02277700889 0.2536296356 -0.9992886941 -0.008832062797 -0.03666197523 0.004413952726 0.9381111486 -0.3463062083 0.03745160587 -0.3462217029 -0.9374048803 2.977494533e-05 0.2174127034 0
0.3645609884 0.218120485 0.1663856351 -0.006698316032 0.09157326241 0.4988046063 -0.0008563287598 0.02318039917 0.2535804007 -0.9992369418 -0.009306106047 -0.03793323704 0.004650781788 0.9359417715 -0.3521240841 0.03878020514 -0.3520318122 -0.9351843128 3.092921251e-05 0.2212928947 0
0.3717523047 0.2224231214 0.1696677519 -0.006962679075 0.09332352323 0.4983627566 -0.0008903630669 0.02363401539 0.2535239805 -0.999175427 -0.009858858126 -0.03938615356 0.004926924556 0.9334603622 -0.358646731 0.04030126041 -0.3585450532 -0.9326420821 3.225836194e-05 0.22565811 0
0.378943621 0.2267257579 0.1729498686 -0.007232009319 0.09507052431 0.497912605 -0.0009250555878 0.02408741819 0.2534664691 -0.9991102965 -0.01043253615 -0.04086291317 0.005213511674 0.9309359829 -0.3651451973 0.04185014671 -0.3650333656 -0.9300533357 3.362026051e-05 0.2300233252 0
0.3861349372 0.2310283943 0.1762319853 -0.007506295455 0.09681420531 0.4974541702 -0.0009604059409 0.02454060351 0.2534078673 -0.999041415 -0.01102747735 -0.04236326052 0.005510710674 0.9283689435 -0.371619075 0.04342675634 -0.3714962982 -0.9274182537 3.501527699e-05 0.2343885405 0
0.3933262535 0.2353310307 0.1795141021 -0.007785525971 0.09855450605 0.4969874714 -0.0009964137376 0.02499356727 0.2533481757 -0.998968645 -0.01164401519 -0.04388693613 0.005818687166 0.9257595588 -0.3780679596 0.04503097969 -0.3779334017 -0.9247370192 3.644378508e-05 0.2387537558 0
0.4005175697 0.2396336671 0.1827962188 -0.008069689148 0.1002913665 0.4965125284 -0.001033078582 0.02544630542 0.253287395 -0.9988918469 -0.0122824793 -0.04543367644 0.006137604809 0.923108149 -0.38449145 0.04666270523 -0.3843442285 -0.9220098188 3.790616338e-05 0.243118971 0
0.407708886 0.2439363036 0.1860783356 -0.00835877306 0.1020247268 0.4960293609 -0.00107040007 0.02589881388 0.2532255258 -0.9988108788 -0.01294319544 -0.04700321381 0.006467625276 0.9204150387 -0.3908891484 0.0483218195 -0.390728333 -0.9192368419 3.940279525e-05 0.2474841863 0
0.4149002022 0.24823894 0.1893604523 -0.00865276558 0.1037545273 0.4955379894 -0.001108377793 0.0263510886 0.2531625688 -0.9987255969 -0.01362648543 -0.04859527661 0.006808908232 0.9176805579 -0.3972606606 0.05000820715 -0.3970852712 -0.9164182815 4.093406879e-05 0.2518494016 0
0.4220915185 0.2525415764 0.192642569 -0.008951654374 0.1054807085 0.4950384343 -0.001147011331 0.02680312552 0.2530985247 -0.9986358555 -0.01433266708 -0.05020958923 0.007161611295 0.9149050411 -0.403605596 0.05172175094 -0.4034146011 -0.9135543334 4.250037669e-05 0.2562146168 0
0.4292828347 0.2568442129 0.1959246858 -0.009255426906 0.1072032109 0.4945307167 -0.001186300261 0.02725492057 0.2530333943 -0.9985415064 -0.01506205414 -0.05184587214 0.007525890013 0.9120888279 -0.4099235674 0.05346233171 -0.4097158828 -0.9106451968 4.410211619e-05 0.2605798321 0
0.436474151 0.2611468493 0.1992068025 -0.009564070437 0.1089219754 0.4940148578 -0.001226244151 0.02770646971 0.2529671782 -0.9984424 -0.01581495626 -0.05350384192 0.007901897834 0.9092322623 -0.4162141914 0.05522982846 -0.4159886781 -0.907691074 4.573968897e-05 0.2649450473 0
0.4436654672 0.2654494857 0.2024889193 -0.009877572024 0.1106369429 0.4934908793 -0.00126684256 0.02815776888 0.2528998772 -0.9983383842 -0.01659167891 -0.05518321133 0.008289786075 0.9063356935 -0.4224770884 0.0570241183 -0.4222325508 -0.9046921703 4.74135011e-05 0.2693102626 0
0.4508567835 0.2697521221 0.205771036 -0.01019591853 0.1123480547 0.4929588031 -0.001308095043 0.02860881404 0.2528314921 -0.9982293053 -0.01739252333 -0.05688368933 0.008689703895 0.9033994748 -0.4287118823 0.05884507648 -0.4284470668 -0.9016486943 4.912396291e-05 0.2736754779 0
0.4580480998 0.2740547586 0.2090531527 -0.0105190966 0.1140552521 0.4924186515 -0.001350001147 0.02905960114 0.2527620235 -0.9981150076 -0.01821778647 -0.05860498115 0.009101798267 0.9004239644 -0.434918201 0.06069257638 -0.4346317942 -0.8985608575 5.087148896e-05 0.2780406931 0
0.465239416 0.278357395 0.2123352695 -0.0108470927 0.1157584765 0.4918704473 -0.001392560409 0.02951012613 0.2526914723 -0.9979953335 -0.01906776097 -0.06034678831 0.009526213952 0.8974095251 -0.4410956761 0.06256648956 -0.4407863028 -0.8954288747 5.265649793e-05 0.2824059084 0
0.4724307323 0.2826600314 0.2156173862 -0.01117989308 0.1174576698 0.4913142132 -0.001435772363 0.02996038497 0.2526198392 -0.9978701234 -0.01994273506 -0.06210880871 0.009963093468 0.894356524 -0.4472439432 0.06446668574 -0.4469101647 -0.8922529636 5.447941255e-05 0.2867711237 0
0.4796220485 0.2869626678 0.2188995029 -0.0115174838 0.1191527737 0.4907499728 -0.001479636534 0.03041037364 0.252547125 -0.9977392161 -0.02084299253 -0.06389073662 0.01041257706 0.8912653326 -0.453362642 0.06639303278 -0.4530029542 -0.8890333451 5.634065954e-05 0.2911363389 0
0.4868133648 0.2912653043 0.2221816197 -0.01185985072 0.1208437305 0.4901777495 -0.001524152438 0.03086008809 0.2524733305 -0.9976024486 -0.02176881268 -0.06569226277 0.0108748027 0.888136327 -0.4594514157 0.06834539677 -0.4590642477 -0.8857702429 5.82406695e-05 0.2955015542 0
0.494004681 0.2955679407 0.2254637364 -0.01220697951 0.1225304823 0.4895975673 -0.001569319586 0.03130952429 0.2523984566 -0.9974596558 -0.02272047025 -0.06751307441 0.01134990601 0.8849698873 -0.4655099121 0.07032364196 -0.4650936238 -0.882463884 6.017987686e-05 0.2998667694 0
0.5003969621 0.2993925064 0.2283811735 -0.0125195243 0.1240262407 0.4890751879 -0.001610014485 0.0317087863 0.2523309965 -0.9973275361 -0.02358829728 -0.06914750837 0.01178313875 0.8821241589 -0.4708695424 0.07210369841 -0.4704259353 -0.8794887697 6.193687735e-05 0.3037469608 0
0.5075882784 0.3036951428 0.2316632903 -0.0128756079 0.1257048931 0.4884800389 -0.001656410401 0.03215768594 0.2522540859 -0.9971729065 -0.02458949221 -0.07100388264 0.01228292829 0.8788880629 -0.476869901 0.07413045359 -0.4763938808 -0.8761013333 6.395132277e-05 0.308112176 0
0.5147795947 0.3079977793 0.234945407 -0.01323641084 0.1273791749 0.4878770021 -0.001703456108 0.03260629571 0.2521760983 -0.9970117658 -0.02561729231 -0.07287861965 0.01279597407 0.8756156552 -0.4828389871 0.07618268776 -0.4823287041 -0.8726713123 6.600624144e-05 0.3124773913 0
0.5219709109 0.3123004157 0.2382275237 -0.01360191803 0.1290490292 0.4872661028 -0.001751151088 0.03305461159 0.2520970345 -0.9968439424 -0.02667195415 -0.0747713935 0.01332240246 0.872307332 -0.4887764644 0.07826025822 -0.4882299923 -0.8691989453 6.8102082e-05 0.3168426066 0
0.5291622272 0.3166030521 0.2415096405 -0.01397211416 0.1307143993 0.4866473665 -0.001799494816 0.03350262957 0.2520168954 -0.9966692634 -0.02775372955 -0.07668187506 0.01386233737 0.8689634939 -0.4946820007 0.08036302054 -0.4940973353 -0.8656844738 7.023929654e-05 0.3212078218 0
0.5363535434 0.3209056886 0.2447917572 -0.01434698376 0.1323752287 0.486020819 -0.001848486762 0.03395034563 0.2519356819 -0.9964875539 -0.02886286549 -0.07860973199 0.01441590027 0.8655845453 -0.5005552684 0.0824908285 -0.4999303251 -0.862128142 7.241834059e-05 0.3255730371 0
0.5435448597 0.325208325 0.248073874 -0.01472651115 0.1340314609 0.4853864867 -0.001898126386 0.03439775577 0.2518533949 -0.9962986377 -0.02999960405 -0.08055462879 0.01498321012 0.8621708945 -0.506395944 0.08464353417 -0.5057285561 -0.8585301973 7.4639673e-05 0.3299382524 0
0.5507361759 0.3295109614 0.2513559907 -0.01511068045 0.13568304 0.484744396 -0.001948413143 0.03484485599 0.2517700353 -0.9961023371 -0.03116418241 -0.08251622689 0.01556438336 0.8587229536 -0.5122037084 0.08682098788 -0.5114916252 -0.8548908898 7.690375592e-05 0.3343034676 0
0.5579274922 0.3338135978 0.2546381074 -0.01549947561 0.13732991 0.4840945737 -0.001999346481 0.03529164228 0.251685604 -0.9958984728 -0.03235683277 -0.08449418469 0.01615953393 0.8552411386 -0.517978247 0.08902303824 -0.5172191317 -0.8512104725 7.921105472e-05 0.3386686829 0
0.5651188084 0.3381162343 0.2579202242 -0.01589288037 0.1389720152 0.4834370471 -0.002050925838 0.03573811064 0.251600102 -0.995686864 -0.03357778231 -0.08648815759 0.01676877317 0.851725869 -0.5237192495 0.09124953214 -0.5229106775 -0.8474892013 8.156203792e-05 0.3430338981 0
0.5723101247 0.3424188707 0.2612023409 -0.01629087831 0.1406093003 0.4827718435 -0.002103150649 0.0361842571 0.2515135302 -0.9954673285 -0.03482725316 -0.08849779808 0.01739220985 0.8481775681 -0.5294264104 0.09350031478 -0.5285658667 -0.8437273349 8.395717715e-05 0.3473991134 0
0.5795014409 0.3467215071 0.2644844576 -0.01669345279 0.14224171 0.4820989908 -0.002156020339 0.03663007765 0.2514258896 -0.9952396828 -0.03610546234 -0.09052275577 0.01802995016 0.8445966627 -0.5350994284 0.09577522968 -0.5341843062 -0.839925135 8.639694704e-05 0.3517643287 0
0.5866927572 0.3510241436 0.2677665744 -0.01710058699 0.1438691893 0.4814185172 -0.002209534327 0.03707556831 0.251337181 -0.9950037419 -0.03741262174 -0.09256267745 0.01868209763 0.8409835831 -0.540738007 0.09807411866 -0.5397656054 -0.8360828658 8.888182526e-05 0.3561295439 0
0.5938840735 0.35532678 0.2710486911 -0.01751226392 0.1454916834 0.4807304509 -0.002263692024 0.03752072511 0.2512474056 -0.9947593196 -0.03874893807 -0.09461720717 0.01934875317 0.837338763 -0.5463418542 0.1003968219 -0.5453093762 -0.8322007945 9.141229234e-05 0.3604947592 0
0.6010753897 0.3596294164 0.2743308079 -0.01792846639 0.1471091379 0.4800348208 -0.002318492836 0.03796554407 0.2511565643 -0.9945062282 -0.04011461281 -0.09668598627 0.02003001502 0.8336626397 -0.5519106827 0.1027431779 -0.5508152331 -0.8282791911 9.398883173e-05 0.3648599745 0
0.608266706 0.3639320528 0.2776129246 -0.01834917703 0.1487214984 0.4793316558 -0.00237393616 0.0384100212 0.2510646581 -0.9942442789 -0.04150984218 -0.09876865345 0.02072597874 0.8299556535 -0.5574442098 0.1051130235 -0.5562827934 -0.8243183281 9.661192966e-05 0.3692251897 0
0.6154580222 0.3682346893 0.2808950413 -0.01877437827 0.1503287108 0.4786209853 -0.002430021387 0.03885415256 0.2509716881 -0.9939732816 -0.04293481711 -0.1008648448 0.02143673717 0.8262182481 -0.5629421576 0.107506194 -0.561711677 -0.820318481 9.928207513e-05 0.373590405 0
0.6226493385 0.3725373257 0.2841771581 -0.0192040524 0.1519307214 0.477902839 -0.002486747899 0.03929793416 0.2508776552 -0.9936930451 -0.04438972319 -0.102974194 0.02216238046 0.8224508703 -0.568404253 0.1099225229 -0.5671015063 -0.8162799278 0.0001019997598 0.3779556202 0
0.6290416196 0.3763618914 0.2870945952 -0.01958972547 0.1533503205 0.4772582349 -0.002537709326 0.03969210988 0.2507931789 -0.993436034 -0.04570824624 -0.1048599188 0.02281996333 0.8190772918 -0.5732291334 0.1120896767 -0.5718593764 -0.8126578358 0.0001044557887 0.3818358116 0
0.6362329358 0.3806645278 0.2903767119 -0.0200277993 0.1549423593 0.4765260495 -0.002595645451 0.04013522005 0.2506971412 -0.9931378196 -0.04722017627 -0.1069931132 0.02357395863 0.8152545296 -0.578622779 0.1145492898 -0.5771744163 -0.8085469395 0.0001072646207 0.3862010269 0
0.6434242521 0.3849671643 0.2936588287 -0.02047029375 0.1565290422 0.4757864757 -0.002654221041 0.04057796904 0.2506000438 -0.9928298069 -0.0487625433 -0.1091383931 0.02434308369 0.8114031032 -0.5839798099 0.1170315716 -0.582449327 -0.8043981556 0.0001101224272 0.3905662421 0
0.6506155684 0.3892698007 0.2969409454 -0.02091719035 0.1581103162 0.4750395441 -0.002713435453 0.04102035291 0.2505018875 -0.9925118004 -0.05033551184 -0.1112953829 0.02512741787 0.807523471 -0.5892999717 0.1195363496 -0.5876837415 -0.8002117726 0.00011302971 0.3949314574 0
0.6578068846 0.3935724371 0.3002230621 -0.0213684705 0.1596861288 0.4742852861 -0.002773288037 0.04146236772 0.2504026737 -0.9921836035 -0.05193924087 -0.1134637047 0.02592703774 0.8036160943 -0.594583015 0.1220634496 -0.5928772961 -0.7959880816 0.0001159869733 0.3992966726 0
0.6649982009 0.3978750736 0.3035051789 -0.02182411539 0.1612564275 0.4735237329 -0.002833778135 0.04190400951 0.2503024032 -0.9918450184 -0.05357388387 -0.1156429784 0.02674201704 0.7996814372 -0.5998286951 0.124612696 -0.5980296296 -0.7917273761 0.0001189947239 0.4036618879 0
0.6721895171 0.40217771 0.3067872956 -0.02228410605 0.1628211604 0.4727549163 -0.002894905081 0.04234527437 0.2502010774 -0.9914958467 -0.05523958873 -0.1178328218 0.02757242665 0.7957199666 -0.6050367724 0.1271839115 -0.6031403838 -0.7874299525 0.0001220534706 0.4080271032 0
0.6793808334 0.4064803464 0.3100694124 -0.02274842332 0.1643802754 0.4719788683 -0.002956668204 0.04278615836 0.2500986971 -0.9911358888 -0.05693649774 -0.1200328507 0.02841833462 0.7917321518 -0.6102070124 0.1297769174 -0.6082092033 -0.7830961095 0.0001251637251 0.4123923184 0
0.6865721496 0.4107829828 0.3133515291 -0.02321704788 0.1659337211 0.4711956212 -0.003019066826 0.04322665756 0.2499952637 -0.9907649443 -0.05866474758 -0.1222426788 0.02927980612 0.7877184648 -0.6153391855 0.1323915332 -0.6132357358 -0.7787261485 0.0001283260009 0.4167575337 0
0.6937634659 0.4150856193 0.3166336458 -0.02368996023 0.167481446 0.4704052076 -0.00308210026 0.04366676805 0.2498907783 -0.9903828121 -0.06042446925 -0.1244619178 0.03015690343 0.7836793799 -0.620433067 0.1350275774 -0.6182196317 -0.7743203732 0.0001315408141 0.421122749 0
0.7009547821 0.4193882557 0.3199157626 -0.02416714069 0.1690233993 0.4696076604 -0.003145767814 0.04410648591 0.2497852419 -0.9899892901 -0.06221578808 -0.1266901779 0.03104968593 0.7796153741 -0.6254884375 0.1376848665 -0.6231605445 -0.7698790901 0.0001348086828 0.4254879642 0
0.7081460984 0.4236908921 0.3231978793 -0.02464856941 0.17055953 0.4688030128 -0.003210068789 0.04454580723 0.2496786558 -0.9895841755 -0.06403882369 -0.1289270671 0.03195821008 0.7755269263 -0.6305050827 0.1403632159 -0.6280581307 -0.7654026078 0.0001381301274 0.4298531795 0
0.7153374147 0.4279935286 0.326479996 -0.02513422639 0.1720897876 0.4679912982 -0.003275002478 0.04498472811 0.2495710212 -0.9891672648 -0.06589368996 -0.1311721917 0.03288252945 0.7714145181 -0.6354827932 0.1430624392 -0.6329120499 -0.7608912377 0.0001415056704 0.4342183947 0
0.7225287309 0.432296165 0.3297621128 -0.02562409143 0.1736141219 0.4671725503 -0.003340568167 0.04542324465 0.2494623391 -0.9887383537 -0.06778049502 -0.1334251567 0.03382269463 0.767278633 -0.640421365 0.145782349 -0.6377219644 -0.7563452934 0.0001449358366 0.43858361 0
0.7297200472 0.4365988014 0.3330442295 -0.02611814417 0.1751324829 0.4663468032 -0.003406765136 0.04586135294 0.249352611 -0.9882972373 -0.06969934119 -0.135685565 0.03477875327 0.7631197566 -0.645320599 0.1485227559 -0.64248754 -0.751765091 0.0001484211525 0.4429488253 0
0.7369113634 0.4409014378 0.3363263463 -0.02661636409 0.176644821 0.4655140912 -0.003473592658 0.04629904911 0.2492418378 -0.9878437102 -0.07165032501 -0.1379530182 0.03575075007 0.7589383766 -0.6501803015 0.1512834696 -0.6472084452 -0.7471509488 0.000151962147 0.4473140405 0
0.7441026797 0.4452040743 0.339608463 -0.02711873051 0.1781510866 0.4646744489 -0.003541049999 0.04673632926 0.2491300209 -0.9873775661 -0.07363353718 -0.1402271164 0.03673872676 0.7547349827 -0.6550002839 0.154064298 -0.6518843518 -0.7425031879 0.0001555593507 0.4516792558 0
0.7512939959 0.4495067107 0.3428905797 -0.02762522255 0.1796512308 0.463827911 -0.003609136417 0.04717318951 0.2490171616 -0.9868985985 -0.07564906255 -0.1425074582 0.03774272206 0.7505100664 -0.6597803628 0.1568650478 -0.6565149347 -0.7378221312 0.0001592132966 0.4560444711 0
0.7584853122 0.4538093471 0.3461726965 -0.02813581921 0.1811452045 0.4629745129 -0.003677851164 0.04760962599 0.248903261 -0.9864066002 -0.07769698009 -0.1447936409 0.03876277171 0.7462641211 -0.6645203602 0.1596855244 -0.6610998721 -0.7331081042 0.0001629245192 0.4604096863 0
0.7648775933 0.4576339128 0.3490901336 -0.02859311163 0.1824679618 0.462210206 -0.003739457816 0.04799721064 0.2488011429 -0.9859581611 -0.07954460388 -0.1468303803 0.03968298679 0.7424726936 -0.6686999026 0.1622090168 -0.6651367944 -0.7288904442 0.0001662719017 0.4642898777 0
0.7720689096 0.4619365493 0.3523722503 -0.0291114035 0.183950148 0.4613439463 -0.003809357343 0.04843283611 0.2486852789 -0.9854409823 -0.08165390127 -0.1491264925 0.04073344823 0.7381883788 -0.6733637231 0.1650662187 -0.669634645 -0.7241150362 0.0001700927793 0.4686550929 0
0.7792602258 0.4662391857 0.3556543671 -0.02963373833 0.1854260244 0.4604709292 -0.003879883 0.04886802664 0.2485683773 -0.9849101718 -0.08379578584 -0.1514272753 0.04180005038 0.7338844695 -0.6779869771 0.1679425772 -0.6740859379 -0.7193076109 0.0001739724891 0.4730203082 0
0.7864515421 0.4705418221 0.3589364838 -0.03016009448 0.1868955431 0.4595911911 -0.003951034011 0.04930277838 0.2484504395 -0.9843655208 -0.08597031357 -0.1537323212 0.04288281725 0.7295614654 -0.6825695072 0.1708378921 -0.6784903635 -0.7144685027 0.000177911573 0.4773855234 0
0.7936428583 0.4748444586 0.3622186005 -0.03069045011 0.1883586567 0.4587047682 -0.004022809597 0.04973708747 0.2483314666 -0.9838068202 -0.08817753447 -0.1560412217 0.04398176981 0.7252198676 -0.687111161 0.1737519622 -0.6828476155 -0.7095980479 0.0001819105747 0.4817507387 0
0.8008341746 0.479147095 0.3655007173 -0.03122478327 0.1898153181 0.4578116975 -0.004095208967 0.05017095008 0.2482114601 -0.9832338606 -0.0904174926 -0.1583535674 0.045096926 0.7208601784 -0.6916117917 0.1766845849 -0.6871573912 -0.7046965852 0.0001859700399 0.486115954 0
0.8080254908 0.4834497314 0.368782834 -0.03176307183 0.1912654804 0.4569120158 -0.004168231328 0.05060436237 0.2480904212 -0.9826464324 -0.09269022601 -0.1606689481 0.04622830069 0.7164829015 -0.6960712579 0.1796355563 -0.6914193907 -0.6997644554 0.0001900905159 0.4904811692 0
0.8152168071 0.4877523678 0.3720649508 -0.03230529348 0.1927090971 0.4560057604 -0.004241875876 0.05103732049 0.2479683514 -0.9820443257 -0.09499576678 -0.1629869526 0.0473759057 0.7120885419 -0.7004894233 0.1826046713 -0.6956333178 -0.6948020014 0.0001942725518 0.4948463845 0
0.8224081233 0.4920550043 0.3753470675 -0.03285142581 0.194146122 0.4550929689 -0.004316141804 0.05146982063 0.2478452518 -0.9814273304 -0.09733414096 -0.1653071689 0.04853974981 0.7076776055 -0.7048661571 0.1855917233 -0.6997988795 -0.6898095683 0.0001985166984 0.4992115998 0
0.8295994396 0.4963576407 0.3786291842 -0.0334014462 0.1955765091 0.4541736789 -0.004391028295 0.05190185896 0.247721124 -0.9807952365 -0.0997053686 -0.1676291844 0.04971983869 0.7032505993 -0.709201334 0.1885965048 -0.7039157862 -0.6847875031 0.0002028235081 0.503576815 0
0.8367907558 0.5006602771 0.381911301 -0.0339553319 0.1970002128 0.4532479285 -0.004466534527 0.05233343167 0.2475959692 -0.9801478338 -0.1021094637 -0.1699525857 0.05091617497 0.6988080315 -0.7134948341 0.1916188067 -0.7079837516 -0.679736155 0.0002071935351 0.5079420303 0
0.8439820721 0.5049629136 0.3851934177 -0.03451306003 0.1984171878 0.452315756 -0.00454265967 0.05276453494 0.2474697888 -0.9794849118 -0.1045464343 -0.172276959 0.05212875819 0.6943504109 -0.7177465426 0.1946584191 -0.7120024929 -0.6746558752 0.0002116273351 0.5123072456 0
0.8511733884 0.50926555 0.3884755344 -0.03507460752 0.1998273891 0.4513771999 -0.004619402889 0.05319516497 0.2473425843 -0.9788062604 -0.1070162823 -0.17460189 0.05335758481 0.6898782473 -0.7219563505 0.1977151304 -0.7159717308 -0.669547017 0.0002161254656 0.5166724608 0
0.8583647046 0.5135681864 0.3917576512 -0.03563995118 0.2012307719 0.450432299 -0.004696763342 0.05362531797 0.247214357 -0.9781116692 -0.1095190035 -0.1769269637 0.05460264822 0.6853920511 -0.7261241541 0.2007887283 -0.7198911891 -0.6644099355 0.0002206884855 0.5210376761 0
0.8655560209 0.5178708228 0.3950397679 -0.03620906764 0.2026272919 0.4494810923 -0.004774740177 0.05405499013 0.2470851084 -0.977400928 -0.1120545878 -0.1792517649 0.05586393869 0.6808923334 -0.730249855 0.203878999 -0.7237605955 -0.6592449879 0.0002253169554 0.5254028913 0
0.8727473371 0.5221734593 0.3983218847 -0.03678193342 0.204016905 0.4485236192 -0.00485333254 0.05448417767 0.2469548399 -0.9766738268 -0.114623019 -0.1815758781 0.05714144344 0.676379606 -0.7343333603 0.2069857276 -0.7275796809 -0.6540525334 0.0002300114375 0.5297681066 0
0.8799386534 0.5264760957 0.4016040014 -0.03735852488 0.2053995675 0.447559919 -0.004932539567 0.05491287682 0.2468235528 -0.9759301556 -0.1172242748 -0.1838988874 0.05843514657 0.671854381 -0.7383745827 0.2101086982 -0.7313481798 -0.6488329329 0.0002347724954 0.5341333219 0
0.8871299696 0.5307787321 0.4048861181 -0.03793881821 0.206775236 0.4465900316 -0.005012360388 0.05534108379 0.2466912488 -0.9751697046 -0.1198583268 -0.186220377 0.0597450291 0.6673171711 -0.7423734401 0.2132476936 -0.7350658301 -0.6435865494 0.0002396006945 0.5384985371 0
0.8935222507 0.5346032978 0.4078035552 -0.03845772291 0.207992146 0.4457227476 -0.005083826805 0.05572129597 0.2465727926 -0.9744794919 -0.1222272112 -0.1882823111 0.06092293406 0.663274449 -0.7458923525 0.2160511883 -0.7383275115 -0.6389009077 0.0002439492504 0.5423787285 0
0.900713567 0.5389059343 0.411085672 -0.03904494327 0.2093544861 0.4447412825 -0.00516480462 0.056148563 0.2464385714 -0.9736867742 -0.1249231127 -0.1905997948 0.06226331494 0.6587160007 -0.7498109829 0.2192198564 -0.7419484122 -0.6336049307 0.0002489058189 0.5467439437 0
0.9079048833 0.5432085707 0.4143677887 -0.03963579598 0.2107097086 0.4437537464 -0.005246393678 0.05657532698 0.2463033375 -0.972876672 -0.1276516943 -0.1929145565 0.06361980302 0.6541470501 -0.7536870422 0.2224039159 -0.7455177274 -0.6282832294 0.0002539311697 0.551109159 0
0.9150961995 0.5475112071 0.4176499055 -0.04023025671 0.2120577712 0.44276018 -0.005328593085 0.05700158416 0.2461670923 -0.9720489766 -0.1304129041 -0.1952261803 0.06499236728 0.6495681106 -0.7575204696 0.2256031454 -0.7490352089 -0.6229361738 0.0002590258739 0.5554743743 0
0.9222875158 0.5518138436 0.4209320222 -0.04082830096 0.2133986321 0.4417606242 -0.005411401939 0.05742733079 0.2460298374 -0.9712034799 -0.133206684 -0.1975342504 0.06638097361 0.6449796959 -0.7613112098 0.2288173225 -0.7525006121 -0.6175641358 0.0002641905038 0.5598395895 0
0.929478832 0.55611648 0.4242141389 -0.04142990412 0.2147322499 0.4407551201 -0.005494819329 0.05785256315 0.2458915741 -0.9703399737 -0.13603297 -0.1998383509 0.06778558483 0.6403823195 -0.765059213 0.2320462236 -0.7559136961 -0.6121674887 0.0002694256334 0.5642048048 0
0.9366701483 0.5604191164 0.4274962557 -0.04203504143 0.2160585833 0.4397437091 -0.005578844341 0.05827727749 0.2457523041 -0.9694582508 -0.1388916918 -0.2021380665 0.06920616065 0.6357764948 -0.7687644346 0.2352896243 -0.7592742236 -0.6067466078 0.000274731838 0.56857002 0
0.9438614645 0.5647217528 0.4307783724 -0.042643688 0.2173775916 0.4387264328 -0.005663476051 0.05870147008 0.2456120288 -0.9685581041 -0.1417827732 -0.2044329821 0.07064265772 0.631162735 -0.7724268359 0.238547299 -0.762581961 -0.6013018701 0.0002801096942 0.5729352353 0
0.9510527808 0.5690243893 0.4340604892 -0.0432558188 0.2186892342 0.437703333 -0.005748713532 0.05912513722 0.2454707499 -0.9676393272 -0.144706132 -0.2067226832 0.07209502959 0.626541553 -0.7760463833 0.2418190214 -0.7658366782 -0.595833654 0.0002855597802 0.5773004506 0
0.958244097 0.5733270257 0.4373426059 -0.04387140868 0.2199934709 0.4366744519 -0.005834555847 0.05954827518 0.2453284689 -0.9667017143 -0.1476616799 -0.2090067554 0.07356322674 0.6219134615 -0.7796230487 0.2451045638 -0.769038149 -0.5903423398 0.0002910826754 0.5816656658 0
0.9654354133 0.5776296621 0.4406247226 -0.04449043234 0.221290262 0.4356398316 -0.005921002054 0.05997088026 0.2451851874 -0.9657450601 -0.1506493224 -0.2112847853 0.07504719657 0.6172789727 -0.7831568095 0.2484036979 -0.7721861508 -0.5848283093 0.0002966789606 0.5860308811 0
0.9726267295 0.5819322986 0.4439068394 -0.04511286436 0.222579568 0.4345995147 -0.006008051205 0.06039294876 0.2450409069 -0.96476916 -0.1536689593 -0.2135563597 0.07654688341 0.6126385981 -0.7866476484 0.2517161943 -0.7752804648 -0.5792919458 0.0003023492181 0.5903960964 0
0.9798180458 0.586234935 0.4471889561 -0.04573867919 0.2238613498 0.4335535438 -0.006095702344 0.06081447698 0.244895629 -0.9637738102 -0.1567204841 -0.2158210664 0.07806222854 0.6079928488 -0.7900955539 0.2550418227 -0.7783208758 -0.5737336342 0.0003080940314 0.5947613116 0
0.9870093621 0.5905375714 0.4504710728 -0.04636785115 0.2251355685 0.4325019619 -0.006183954508 0.06123546124 0.2447493553 -0.9627588073 -0.1598037844 -0.2180784937 0.07959317017 0.6033422354 -0.7935005194 0.2583803518 -0.7813071723 -0.5681537611 0.0003139139854 0.5991265269 0
0.9942006783 0.5948402078 0.4537531896 -0.04700035443 0.2264021858 0.4314448122 -0.006272806731 0.06165589786 0.2446020875 -0.9617239491 -0.1629187418 -0.220328231 0.08113964346 0.5986872674 -0.7968625441 0.2617315496 -0.7842391469 -0.5625527144 0.0003198096662 0.6034917421 0
1.001391995 0.5991428443 0.4570353063 -0.0476361631 0.2276611635 0.4303821379 -0.006362258036 0.06207578316 0.2444538272 -0.9606690338 -0.166065232 -0.2225698681 0.08270158052 0.5940284537 -0.8001816324 0.265095183 -0.7871165955 -0.5569308835 0.0003257816614 0.6078569574 0
1.008583311 0.6034454807 0.4603174231 -0.0482752511 0.2289124639 0.4293139825 -0.006452307441 0.06249511349 0.2443045759 -0.9595938608 -0.1692431245 -0.2248029963 0.08427891044 0.5893663023 -0.8034577941 0.2684710182 -0.7899393183 -0.5512886593 0.0003318305597 0.6122221727 0
