0.007663642468 0.002569772592 -0.004394869046 -1.673969093e-06 0.001954218189 0.5099950078 -2.115115291e-07 0.0004868350501 0.2549993802 -1 -4.927713107e-08 -9.748623449e-06 2.505991502e-08 0.9999709274 -0.007625242052 9.748715781e-06 -0.007625242052 -0.9999709274 2.877717686e-08 -0.005845175831 0
0.01432728494 0.004804225185 -0.008216268092 -5.850610965e-06 0.003653388136 0.5099825522 -7.431800112e-07 0.0009117858304 0.2549978218 -0.9999999994 -3.234031949e-07 -3.407095111e-05 1.62314869e-07 0.9998983907 -0.01425511138 3.407209934e-05 -0.01425511138 -0.9998983902 4.919872129e-08 -0.01092763656 0
0.0209909274 0.007038677777 -0.01203766714 -1.255830403e-05 0.005352467851 0.5099625483 -1.600517752e-06 0.00133735965 0.2549953087 -0.9999999973 -1.017781204e-06 -7.31296441e-05 5.097010017e-07 0.9997818996 -0.02088428359 7.313495012e-05 -0.02088428357 -0.9997818969 3.658145393e-08 -0.01601009729 0
0.02848752518 0.009552436944 -0.01633674107 -2.31296054e-05 0.007263772426 0.5099310223 -2.953845689e-06 0.001816228056 0.2549913415 -0.9999999909 -2.544583894e-06 -0.0001346785025 1.273343548e-06 0.999598317 -0.02834086543 0.0001346965201 -0.02834086534 -0.9995983079 1.219394524e-08 -0.02172786562 0
0.03515116765 0.01178688954 -0.02015814011 -3.521502876e-05 0.008962521071 0.5098949808 -4.501944802e-06 0.002241835563 0.2549868032 -0.999999979 -4.780707143e-06 -0.0002050317163 2.391658986e-06 0.9993884507 -0.03496748001 0.0002050734985 -0.03496747976 -0.9993884296 7.820857384e-08 -0.02681032635 0
0.04264776543 0.0143006487 -0.02445721404 -5.183546614e-05 0.01087334662 0.5098454149 -6.631534855e-06 0.002720563166 0.2549805603 -0.9999999544 -8.537995577e-06 -0.000301765122 4.27067563e-06 0.9990998513 -0.04242036145 0.0003018556734 -0.04242036081 -0.9990998058 1.760341292e-07 -0.03252809467 0
0.04931140789 0.01653510129 -0.02827861308 -6.929700241e-05 0.01257157476 0.5097933407 -8.869236889e-06 0.003146033112 0.2549740005 -0.9999999186 -1.319744524e-05 -0.0004033693829 6.600862843e-06 0.9987966702 -0.04904295544 0.0004035312382 -0.04904295411 -0.9987965888 2.819507492e-07 -0.0376105554 0
0.05597505036 0.01876955389 -0.03210001213 -8.92877095e-05 0.01426949242 0.5097337239 -1.14313172e-05 0.003571448691 0.2549664897 -0.9999998648 -1.930200953e-05 -0.0005196594692 9.653801295e-06 0.9984496049 -0.05566315152 0.0005199282024 -0.05566314901 -0.9984494697 4.049529427e-07 -0.04269301613 0
0.06347164814 0.02128331305 -0.03639908606 -0.0001147996639 0.01617922648 0.5096576415 -1.470132905e-05 0.004049982767 0.2549569037 -0.9999997765 -2.81395731e-05 -0.0006680200684 1.407366515e-05 0.9980067286 -0.06310760303 0.0006684643441 -0.06310759833 -0.9980065051 5.63298339e-07 -0.04841078446 0
0.07013529061 0.02351776565 -0.0402204851 -0.0001401627985 0.01787634519 0.5095820029 -1.79525595e-05 0.004475298015 0.2549473726 -0.9999996668 -3.796164364e-05 -0.0008154621766 1.898609469e-05 0.997566486 -0.06972162957 0.0008161244857 -0.06972162182 -0.9975661529 7.215898298e-07 -0.05349324519 0
0.07679893307 0.02575221824 -0.04404188415 -0.0001680530038 0.01957302246 0.509498828 -2.152803894e-05 0.00490056946 0.2549368911 -0.999999521 -4.983702413e-05 -0.0009775336926 2.492573454e-05 0.9970824376 -0.07633224785 0.0009784858491 -0.07633223565 -0.9970819587 8.962938044e-07 -0.05857570592 0
0.08429553085 0.0282659774 -0.04834095808 -0.0002024490919 0.02148120456 0.5093962511 -2.593799044e-05 0.005378948074 0.2549239633 -0.9999993048 -6.589296284e-05 -0.001177323149 3.295677793e-05 0.9964855599 -0.08376471749 0.001178705023 -0.08376469805 -0.9964848649 1.112411963e-06 -0.06429347424 0
0.09095917332 0.03050043 -0.05216235712 -0.0002357064849 0.0231768047 0.50929707 -3.020238746e-05 0.005804127139 0.2549114622 -0.9999990576 -8.277611906e-05 -0.001370405969 4.140210169e-05 0.9959085298 -0.09036702157 0.001372279225 -0.09036699314 -0.9959075878 1.321919807e-06 -0.06937593497 0
0.09762281579 0.03273488259 -0.05598375617 -0.0002714881172 0.02487183255 0.5091903611 -3.479092714e-05 0.006229261615 0.2548980109 -0.9999987497 -0.0001023186205 -0.001578042186 5.117830687e-05 0.9952877994 -0.09696490939 0.00158052745 -0.09696486891 -0.9952865498 1.547833042e-06 -0.07445839571 0
0.1051194136 0.03524864176 -0.0602828301 -0.0003147583852 0.02677800275 0.5090613194 -4.034044065e-05 0.006707482941 0.2548817425 -0.9999983192 -0.0001277234408 -0.001828993287 6.388809189e-05 0.9945372917 -0.1043818535 0.00183233404 -0.1043817949 -0.994535612 1.821647902e-06 -0.08017616403 0
0.111783056 0.03748309435 -0.06410422914 -0.0003559004125 0.02847167563 0.5089386246 -4.561766028e-05 0.007132517898 0.2548662724 -0.999997851 -0.0001535587188 -0.002067458526 7.681425166e-05 0.9938238331 -0.1109692883 0.002071729858 -0.1109692086 -0.9938216856 2.082577626e-06 -0.08525862476 0
0.1192796538 0.03999685351 -0.06840330307 -0.0004051981272 0.03037621533 0.5087916076 -5.194183841e-05 0.007610622805 0.2548477331 -0.9999972143 -0.0001865327955 -0.002353011882 9.331357442e-05 0.9929691177 -0.1183736564 0.002358548701 -0.1183735462 -0.9929663342 2.395939413e-06 -0.09097639308 0
0.1259432963 0.04223130611 -0.07222470212 -0.0004516950446 0.03206834456 0.5086529433 -5.790755467e-05 0.008035549868 0.2548302447 -0.999996538 -0.0002195309503 -0.002622158534 0.0001098264427 0.992163136 -0.1249491876 0.002629039248 -0.124949043 -0.9921596771 2.692179349e-06 -0.09605885381 0
0.1326069387 0.0444657587 -0.07604610116 -0.0005007098016 0.03375968215 0.5085067702 -6.419719996e-05 0.008460422838 0.2548118068 -0.9999957457 -0.0002561999658 -0.002905686983 0.0001281779431 0.9913136926 -0.1315186165 0.002914142358 -0.1315184294 -0.9913094424 3.005159297e-06 -0.1011413145 0
0.1401035365 0.04697951787 -0.08034517509 -0.0005588591971 0.03566143874 0.5083333556 -7.166018806e-05 0.008938337446 0.2547899292 -0.9999946997 -0.0003020788888 -0.003241798723 0.0001511410156 0.9903061859 -0.1389015313 0.003252332548 -0.1389012851 -0.9903008913 3.377381135e-06 -0.1068590829 0
0.146767179 0.04921397046 -0.08416657413 -0.0006132194484 0.03735095563 0.5081712411 -7.863802179e-05 0.009363087854 0.2547694739 -0.999993618 -0.0003471838862 -0.003555756876 0.0001737191546 0.9893645694 -0.1454569308 0.003568440173 -0.1454566202 -0.9893581949 3.726233252e-06 -0.1119415436 0
0.1534308215 0.05144842305 -0.08798797318 -0.0006700927539 0.03903955063 0.508001632 -8.593962822e-05 0.009787776862 0.2547480695 -0.9999923787 -0.000396556851 -0.003883968706 0.0001984363386 0.9883796693 -0.1520052297 0.003899114421 -0.152004842 -0.9883720579 4.092119651e-06 -0.1170240043 0
0.1609274192 0.05396218222 -0.09228704711 -0.0007370770068 0.04093806622 0.5078018698 -9.454087656e-05 0.01026547555 0.2547228553 -0.9999907781 -0.0004574397374 -0.00427018842 0.0002289192692 0.9872199977 -0.1593631821 0.004288514454 -0.15936269 -0.9872107889 4.524234596e-06 -0.1227417727 0
0.1675910617 0.05619663481 -0.09610844615 -0.0007992848656 0.04262456405 0.5076163519 -0.0001025303148 0.01069002591 0.2546994346 -0.9999891549 -0.0005165129064 -0.004628537219 0.0002584997799 0.9861433318 -0.1658953355 0.004650088196 -0.1658947328 -0.9861325034 4.926675166e-06 -0.1278242334 0
0.1750876595 0.05871039398 -0.1004075201 -0.0008722659089 0.04452061475 0.507398706 -0.0001119052247 0.01116756226 0.2546719526 -0.9999870827 -0.0005887895306 -0.005048538539 0.0002946965529 0.984880594 -0.1732343176 0.005074206187 -0.1732335677 -0.9848676984 5.400201718e-06 -0.1335420017 0
0.1817513019 0.06094484657 -0.1042289191 -0.0009398000003 0.04620482778 0.5071973041 -0.0001205822239 0.01159196259 0.2546465165 -0.9999850037 -0.0006584168198 -0.00543680195 0.0003295712374 0.9837124716 -0.179748893 0.005466599579 -0.1797479893 -0.9836975026 5.83972012e-06 -0.1386244624 0
0.1884149444 0.06317929916 -0.1080503182 -0.001009837472 0.0478879008 0.5069884365 -0.0001295826809 0.01201628832 0.2546201323 -0.9999826837 -0.0007333047766 -0.005839060539 0.0003670858505 0.9825014255 -0.1862547023 0.005873466766 -0.1862536204 -0.982484143 6.296881094e-06 -0.1437069232 0
0.1959115422 0.06569305833 -0.1123493921 -0.001091619365 0.04977994368 0.5067445444 -0.0001400947441 0.0124935624 0.2545893169 -0.9999797632 -0.000824075184 -0.00630826108 0.0004125633481 0.9810877873 -0.1935628666 0.00634846826 -0.1935615521 -0.9810675932 6.832438361e-06 -0.1494246915 0
0.2025751847 0.06792751092 -0.1161707911 -0.001166969541 0.05146045662 0.5065198332 -0.000149782322 0.01291772102 0.2545609186 -0.9999768707 -0.0009107635586 -0.006740073252 0.0004560022793 0.9797857874 -0.2000490013 0.006786025318 -0.2000474478 -0.9797627103 7.327529021e-06 -0.1545071522 0
0.2092388271 0.07016196351 -0.1199921902 -0.00124481637 0.05313970019 0.5062876763 -0.0001597931388 0.01334179695 0.2545315728 -0.9999736792 -0.001003296253 -0.007185701219 0.0005023766404 0.9784411134 -0.2065253864 0.007237991648 -0.2065235604 -0.978414856 7.840685219e-06 -0.159589613 0
0.2167354249 0.07267572268 -0.1242912641 -0.00133537546 0.05502728047 0.5060176087 -0.0001714415859 0.01381878024 0.2544974265 -0.9999697066 -0.001114612263 -0.007703470363 0.0005581737036 0.976877453 -0.2137992756 0.007763649802 -0.2137970988 -0.9768472379 8.439759908e-06 -0.1653073813 0
0.2233990674 0.07491017527 -0.1281126632 -0.001418519931 0.0567036895 0.5057696531 -0.0001821390335 0.01424267172 0.254466068 -0.9999658131 -0.001220179233 -0.008178250668 0.000611097984 0.9754423841 -0.2202539033 0.008246161568 -0.2202513712 -0.9754082911 8.991790284e-06 -0.170389842 0
0.2308956651 0.07742393444 -0.1324117371 -0.001515032713 0.05858797618 0.5054818302 -0.0001945597398 0.01471944084 0.2544296581 -0.9999609979 -0.001346627283 -0.008728652432 0.0006745017321 0.9737772575 -0.2275025227 0.008806124331 -0.2274995371 -0.9737383698 9.634982715e-06 -0.1761076103 0
0.2375593076 0.07965838703 -0.1362331361 -0.00160346371 0.06026136456 0.5052181089 -0.0002059434562 0.01514313598 0.2543962881 -0.9999563068 -0.001466059776 -0.009232289445 0.0007343985008 0.9722522055 -0.2339339853 0.009319074981 -0.2339305441 -0.9722086481 1.022658036e-05 -0.1811900711 0
0.2442229501 0.08189283962 -0.1400545352 -0.001694378436 0.06193326719 0.5049469807 -0.0002176499909 0.01556673462 0.2543619719 -0.9999512057 -0.001592302936 -0.009749398572 0.0007977219593 0.9706849585 -0.2403540616 0.009846311026 -0.240350111 -0.9706363244 1.083704911e-05 -0.1862725318 0
0.2517195479 0.08440659879 -0.1443536091 -0.001799622982 0.06381233057 0.5046331177 -0.0002312056019 0.01604316443 0.2543222355 -0.9999449481 -0.001742693769 -0.01034716073 0.0008731723077 0.9688714934 -0.2475626522 0.01045649496 -0.2475580583 -0.9688166336 1.154659068e-05 -0.1919903001 0
0.2583831903 0.08664105138 -0.1481750082 -0.001895806607 0.06548093966 0.5043462764 -0.0002435978311 0.01646654918 0.2542859096 -0.9999388984 -0.001884012469 -0.01089265861 0.0009440851461 0.9672149159 -0.2539575067 0.01101400099 -0.2539522731 -0.9671540388 1.219771806e-05 -0.1970727609 0
0.2650468328 0.08887550397 -0.1519964072 -0.001994465308 0.06714793482 0.5040520538 -0.0002563125966 0.01688982915 0.2542486382 -0.9999323645 -0.002032707594 -0.01145139915 0.001018713638 0.9655164632 -0.2603400112 0.01158570953 -0.2603340687 -0.9654490893 1.286824987e-05 -0.2021552216 0
0.2725434306 0.09138926314 -0.1562954811 -0.002108411198 0.0690213243 0.5037122414 -0.0002710021206 0.01736589056 0.2542055784 -0.9999244041 -0.002209030118 -0.01209571506 0.001107226445 0.9635557847 -0.2675051847 0.01224582323 -0.2674983551 -0.9634804979 1.364601531e-05 -0.2078729899 0
0.279207073 0.09362371573 -0.1601168802 -0.00221231965 0.07068475411 0.503402363 -0.0002844019563 0.01778893904 0.2541662991 -0.9999167578 -0.002373994878 -0.01268233727 0.00119005539 0.961768709 -0.2738604282 0.0128476184 -0.2738527242 -0.961685824 1.435838008e-05 -0.2129554506 0
0.2867036708 0.0961374749 -0.1644159541 -0.002332163798 0.07255402888 0.5030449606 -0.0002998619325 0.01826473327 0.2541209811 -0.99990748 -0.002569073125 -0.01335781611 0.001288025849 0.9597086142 -0.280994158 0.01354150572 -0.2809853656 -0.959616513 1.518367749e-05 -0.218673219 0
0.2933673133 0.09837192749 -0.1682373532 -0.002441308118 0.07421370914 0.5027194676 -0.0003139463852 0.01868753826 0.2540796953 -0.9998986028 -0.002751109759 -0.01397195304 0.001379467214 0.9578334277 -0.2873207646 0.01417325463 -0.2873109049 -0.9577325111 1.593871951e-05 -0.2237556797 0
0.3000309558 0.1006063801 -0.1720587522 -0.002552911374 0.07587156133 0.5023866415 -0.0003283528472 0.01911022452 0.2540374658 -0.9998891037 -0.002941455445 -0.01459890606 0.001475103167 0.9559169618 -0.2936334215 0.01481905155 -0.2936223935 -0.9558066152 1.671414737e-05 -0.2288381404 0
0.3075275535 0.1031201393 -0.1763578261 -0.002681400119 0.07773440938 0.502003459 -0.0003449448842 0.01958560133 0.2539888299 -0.9998776389 -0.003165744009 -0.015319439 0.001587819789 0.9537117472 -0.3007181107 0.01556232549 -0.300705639 -0.9535900234 1.761111859e-05 -0.2345559087 0
0.314191196 0.1053545918 -0.1801792252 -0.002798217559 0.07938824217 0.501655083 -0.0003600352547 0.02000802644 0.253944596 -0.9998667244 -0.003374326058 -0.01597333497 0.001692668409 0.9517079692 -0.307000124 0.01623786871 -0.3069862459 -0.9515754182 1.84305303e-05 -0.2396383695 0
0.3208548385 0.1075890444 -0.1840006242 -0.002917483377 0.08104012021 0.5012994054 -0.0003754472894 0.02043032452 0.2538994194 -0.9998550982 -0.003591760693 -0.01663976903 0.001801992455 0.9496633003 -0.3132672483 0.01692735897 -0.31325184 -0.9495192201 1.927096047e-05 -0.2447208302 0
0.3283514362 0.1101028036 -0.1882996981 -0.003054579605 0.08289609614 0.5008905535 -0.0003931701737 0.02090525468 0.2538474693 -0.9998411308 -0.00384717036 -0.01740437879 0.001930442533 0.9473143318 -0.3202995943 0.01771966457 -0.3202823067 -0.947156406 2.024182934e-05 -0.2504385985 0
0.3350150787 0.1123372562 -0.1921210972 -0.003179036424 0.08454368623 0.5005193951 -0.0004092653583 0.02132727395 0.2538002905 -0.9998278924 -0.004083986546 -0.01809714624 0.002049572433 0.9451832032 -0.3265340896 0.01843867948 -0.326514982 -0.9450121595 2.112762453e-05 -0.2555210593 0
0.3416787212 0.1145717088 -0.1959424962 -0.00330593036 0.08618919549 0.5001409687 -0.0004256818384 0.02174915786 0.2537521702 -0.9998138469 -0.00433018948 -0.01880215612 0.002173455166 0.9430115972 -0.3327527666 0.01917153381 -0.3327316893 -0.9428266411 2.203510516e-05 -0.26060352 0
0.349175319 0.117085468 -0.2002415702 -0.00345159448 0.08803785613 0.4997065654 -0.0004445342738 0.02222361215 0.2536969098 -0.9997970415 -0.004618598085 -0.01960980332 0.002318613933 0.9405203287 -0.3397295033 0.02001249269 -0.3397060198 -0.9403187333 2.308221638e-05 -0.2663212883 0
0.3558389614 0.1193199205 -0.2040629692 -0.003583654742 0.08967881026 0.4993127319 -0.0004616330954 0.0226451996 0.2536467898 -0.999781175 -0.004885307227 -0.02034049979 0.002452888191 0.9382631681 -0.3459135884 0.02077463593 -0.3458877869 -0.9380458696 2.403651472e-05 -0.271403749 0
0.3633355592 0.1218336797 -0.2083620431 -0.003735121158 0.09152224455 0.4988610248 -0.000481252843 0.02311931362 0.2535892808 -0.9997622381 -0.005197209964 -0.02117678753 0.002609959417 0.9356760105 -0.3528506645 0.02164845106 -0.3528220406 -0.9354399779 2.513686933e-05 -0.2771215174 0
0.3699992017 0.1240681323 -0.2121834422 -0.003872330119 0.09315846269 0.4984518367 -0.000499033428 0.0235405926 0.2535371629 -0.9997444019 -0.005485177733 -0.02193270981 0.002755018936 0.9333339409 -0.3589988367 0.02243971491 -0.3589675023 -0.9330802707 2.61390125e-05 -0.2822039781 0
0.3766628441 0.1263025849 -0.2160048412 -0.004011955704 0.09479238974 0.4980354417 -0.0005171346361 0.02396172227 0.2534841055 -0.9997255858 -0.005783406956 -0.02270033884 0.002905289028 0.9309521441 -0.3651296546 0.0232446225 -0.3650954089 -0.9306798751 2.716403509e-05 -0.2872864388 0
0.3841594419 0.1288163441 -0.2203039152 -0.004171917966 0.09662776955 0.497558398 -0.0005378815712 0.02443531136 0.2534232933 -0.9997032031 -0.006131383642 -0.02357778082 0.003080678137 0.9282253242 -0.3720057216 0.02416640305 -0.3719679471 -0.927930941 2.834482926e-05 -0.2930042072 0
0.3908230844 0.1310507967 -0.2241253142 -0.004316665087 0.09825669594 0.4971267294 -0.0005566636503 0.02485611492 0.2533682407 -0.9996821889 -0.006451958935 -0.02436992767 0.003242305532 0.9257596108 -0.3780987046 0.02500017207 -0.3780575554 -0.9254444749 2.941926271e-05 -0.2980866679 0
0.3974867269 0.1332852492 -0.2279467132 -0.004463815702 0.09988320707 0.4966878931 -0.000575765921 0.02527676086 0.2533122497 -0.9996600846 -0.006783301912 -0.02517343969 0.003409410679 0.9232546494 -0.3841734351 0.02584745963 -0.3841286752 -0.9229176939 3.051732764e-05 -0.3031691286 0
0.4049833246 0.1357990084 -0.2322457872 -0.004632227656 0.1017100958 0.4961856506 -0.0005976385262 0.02574979585 0.253248139 -0.9996338689 -0.007169132185 -0.02609083509 0.003604056941 0.9203898515 -0.3909853348 0.02681676538 -0.3909362157 -0.9200270302 3.178120525e-05 -0.3088868969 0
0.4116469671 0.138033461 -0.2360671862 -0.004784471177 0.1033313432 0.495731626 -0.0006174207259 0.02617009806 0.2531901558 -0.9996093266 -0.007523884937 -0.02691812138 0.003783082734 0.9178020169 -0.3970203345 0.02769264141 -0.3969670627 -0.9174149927 3.293031055e-05 -0.3139693577 0
0.4191435649 0.1405472202 -0.2403662601 -0.004958601323 0.1051522101 0.4952123305 -0.0006400578781 0.02664273961 0.2531238048 -0.9995802736 -0.007936451726 -0.02786196943 0.003991352872 0.9148443988 -0.4037868189 0.02869400127 -0.4037285458 -0.9144287373 3.425224763e-05 -0.319687126 0
0.4258072073 0.1427816728 -0.2441876592 -0.005115917447 0.1067680158 0.4947431783 -0.0006605193378 0.02706268612 0.2530638312 -0.9995531239 -0.00831532342 -0.02871250445 0.004182677195 0.9121744293 -0.4097808142 0.02959827236 -0.4097177881 -0.91173202 3.545353617e-05 -0.3247695867 0
0.4324708498 0.1450161254 -0.2480090582 -0.005275613461 0.1083811994 0.4942669287 -0.0006813002111 0.02748246109 0.2530029217 -0.999524687 -0.008705787221 -0.02957379365 0.004379918581 0.9094660701 -0.4157550765 0.03051583712 -0.4156869935 -0.9089956585 3.667978475e-05 -0.3298520475 0
0.4399674476 0.1475298845 -0.2523081322 -0.005458110318 0.110192848 0.4937226819 -0.000705060299 0.0279544996 0.2529332804 -0.9994911082 -0.009159105839 -0.0305554472 0.00460899028 0.9063734912 -0.4224521885 0.03156393166 -0.4223780358 -0.905870031 3.808947563e-05 -0.3355698158 0
0.4466310901 0.1497643371 -0.2561295312 -0.00562284786 0.1118003297 0.4932313973 -0.0007265194067 0.02837390128 0.2528703837 -0.9994598054 -0.009574709807 -0.03143918342 0.004819077958 0.9035841244 -0.4283835975 0.03250959566 -0.4283036949 -0.9030498719 3.936963721e-05 -0.3406522765 0
0.4532947325 0.1519987897 -0.2599509303 -0.00578995033 0.1134050673 0.49273306 -0.0007482974339 0.02879312316 0.2528065525 -0.9994270913 -0.01000238023 -0.0323332886 0.005035338183 0.9007569099 -0.4342944101 0.03346841095 -0.4342084081 -0.9001904931 4.067558618e-05 -0.3457347372 0
0.4607913303 0.1545125489 -0.2642500042 -0.005980761294 0.1152070686 0.4921640186 -0.0007731787196 0.02926452956 0.2527336262 -0.9993885501 -0.01049811822 -0.03335139338 0.005286109601 0.8975312758 -0.440919115 0.03456273964 -0.4408258142 -0.8969269862 4.217593934e-05 -0.3514525056 0
0.4674549728 0.1567470015 -0.2680714032 -0.006152872776 0.116805846 0.4916507432 -0.0007956339059 0.02968336058 0.2526678111 -0.9993527008 -0.01095192324 -0.03426711026 0.005515754045 0.8946242298 -0.4467852548 0.03554934494 -0.44668506 -0.8939847321 4.353758704e-05 -0.3565349663 0
0.4749515705 0.1592607606 -0.2723704772 -0.006349306072 0.1186010437 0.4910649348 -0.0008212765717 0.03015432055 0.2525926541 -0.9993105267 -0.01147743589 -0.03530920019 0.005781785851 0.8913092475 -0.4533590148 0.03667481568 -0.4532505862 -0.8906283535 4.510129821e-05 -0.3622527346 0
0.481615213 0.1614952132 -0.2761918762 -0.006526403638 0.1201936863 0.4905367898 -0.0008444081578 0.03057274879 0.2525248573 -0.9992713531 -0.01195803585 -0.03624594195 0.006025174476 0.888323197 -0.4591792623 0.03768899311 -0.4590630708 -0.8876038738 4.651988957e-05 -0.3673351954 0
0.4882788555 0.1637296658 -0.2800132753 -0.006705839476 0.1217833818 0.4900016716 -0.0008678577803 0.03099098336 0.2524561288 -0.9992305482 -0.01245146992 -0.03719237045 0.006275154125 0.8853002605 -0.4649774953 0.03871606854 -0.4648531054 -0.8845409298 4.796571556e-05 -0.3724176561 0
0.4957754533 0.166243425 -0.2843123492 -0.006910493168 0.1235682186 0.4893913481 -0.0008946185398 0.03146126248 0.2523776962 -0.9991826389 -0.01302210065 -0.03826851328 0.006564356814 0.8818556035 -0.4714738632 0.03988688298 -0.471339707 -0.8810493273 4.962517667e-05 -0.3781354244 0
0.5024390957 0.1684778776 -0.2881337482 -0.00709488018 0.1251515242 0.4888414643 -0.0009187434037 0.03187907675 0.2523069895 -0.9991382229 -0.01354327661 -0.0392350766 0.006828601128 0.8787549187 -0.4772244368 0.0409411991 -0.4770810964 -0.8779051462 5.112982027e-05 -0.3832178851 0
0.5091027382 0.1707123302 -0.2919551473 -0.007281588702 0.126731763 0.4882846573 -0.0009431857473 0.03229668912 0.2522353527 -0.9990920384 -0.01407772539 -0.04021090034 0.007099678858 0.8756179498 -0.4829521722 0.04200825417 -0.4827991546 -0.8747229749 5.266259208e-05 -0.3883003459 0
0.516599336 0.1732260893 -0.2962542212 -0.007494403865 0.1285058186 0.4876499944 -0.0009710626433 0.03276625843 0.2521536503 -0.9990379109 -0.01469501647 -0.04131959738 0.007412904561 0.8720457346 -0.4893682515 0.04322385317 -0.4892037339 -0.8710978161 5.442094451e-05 -0.3940181142 0
0.5232629784 0.1754605419 -0.3000756202 -0.007686027241 0.1300794145 0.4870785302 -0.0009961790205 0.03318343303 0.252080039 -0.9989878184 -0.01525812441 -0.04231463441 0.007698756525 0.8688323197 -0.4950465932 0.04431780448 -0.4948712862 -0.867835435 5.601445708e-05 -0.3991005749 0
0.5299266209 0.1776949945 -0.3038970193 -0.007879954705 0.131649825 0.4865001947 -0.001021612297 0.0336003975 0.2520054994 -0.9989358154 -0.01583492966 -0.04331849095 0.007991679065 0.8655832443 -0.5007012884 0.04542432962 -0.5005146373 -0.8645355563 5.763701406e-05 -0.4041830357 0
0.5374232187 0.1802087537 -0.3081960932 -0.008100870093 0.1334126825 0.4858413751 -0.001050603291 0.03406922811 0.2519205335 -0.9988749706 -0.01650037338 -0.04445819212 0.008329761534 0.8618856633 -0.507034238 0.04668413265 -0.5068341357 -0.8607785724 5.949747867e-05 -0.409900804 0
0.5440868611 0.1824432063 -0.3120174923 -0.008299674693 0.1349761992 0.4852484949 -0.001076709344 0.03448573736 0.2518440232 -0.998818753 -0.01710672434 -0.0454803098 0.008637956575 0.8585614896 -0.5126378393 0.04781719673 -0.5124251443 -0.8573995493 6.118274645e-05 -0.4149832647 0
0.5515834589 0.1849569654 -0.3163165662 -0.008526062075 0.1367312056 0.4845733566 -0.001106456718 0.03495404917 0.2517568417 -0.9987530471 -0.01780573797 -0.04664018284 0.008993408205 0.85477995 -0.5189126668 0.04910671613 -0.5186850613 -0.8535539453 6.31145259e-05 -0.420701033 0
0.5582471014 0.187191418 -0.3201379652 -0.008729717372 0.138287659 0.4839660105 -0.001133234664 0.03537009136 0.2516783633 -0.9986924011 -0.01844221942 -0.04767989716 0.009317207917 0.8513816198 -0.5244640379 0.05026606894 -0.5242224928 -0.8500965241 6.48638698e-05 -0.4257834938 0
0.5649107439 0.1894258706 -0.3239593643 -0.00893564602 0.1398407302 0.4833518847 -0.001160328484 0.03578590965 0.2515989598 -0.9986295958 -0.01909307803 -0.04872765846 0.009648464373 0.8479487242 -0.5299904417 0.05143770468 -0.5297342877 -0.8466024728 6.664384533e-05 -0.4308659545 0
0.5724073416 0.1919396298 -0.3282584382 -0.009170025563 0.1415838462 0.482652912 -0.001191186346 0.03625343434 0.2515085256 -0.9985562983 -0.01984263424 -0.04991581988 0.01003013035 0.8440456679 -0.5361774958 0.05277040547 -0.5359040776 -0.8426280935 6.868331676e-05 -0.4365837228 0
0.5790709841 0.1941740824 -0.3320798373 -0.009380764872 0.1431296069 0.4820244397 -0.00121895072 0.03666876818 0.251427158 -0.9984887422 -0.02052445605 -0.05098017624 0.0103774699 0.8405400374 -0.5416500288 0.05396795145 -0.5413605012 -0.8390567728 7.05294124e-05 -0.4416661835 0
0.5857346266 0.196408535 -0.3359012363 -0.009593758371 0.1446718696 0.481389245 -0.001247030325 0.03708386995 0.2513448672 -0.9984188731 -0.02122103909 -0.05205210156 0.01073248848 0.8370005204 -0.547096831 0.05517759933 -0.5467904501 -0.8354493618 7.24071114e-05 -0.4467486443 0
0.5932312243 0.1989222941 -0.3402003102 -0.009836062712 0.1464026882 0.4806666387 -0.001278996418 0.0375505788 0.2512511872 -0.9983374432 -0.0220224881 -0.05326687086 0.0111411502 0.8329783348 -0.5531934277 0.05655284506 -0.5528671664 -0.8313481052 7.455769097e-05 -0.4524664126 0
0.5998948668 0.2011567467 -0.3440217093 -0.01005382548 0.1479373956 0.4800172209 -0.001307745187 0.03796517876 0.2511669366 -0.998262492 -0.02275083369 -0.05435436146 0.01151271801 0.8293675472 -0.5585847555 0.05778801232 -0.5582399764 -0.8276645905 7.650359544e-05 -0.4575488733 0
0.6073914646 0.2036705059 -0.3483207832 -0.01030147906 0.1496596215 0.479278662 -0.001340463547 0.03843131645 0.2510710535 -0.9981752158 -0.02358831256 -0.05558624076 0.01194017268 0.8252657528 -0.5646183397 0.0591918147 -0.5642517423 -0.8234781724 7.873171408e-05 -0.4632666417 0
0.6140551071 0.2059049585 -0.3521421822 -0.01052398217 0.1511866085 0.4786151075 -0.001369880509 0.03884540283 0.250984846 -0.9980949522 -0.02434894476 -0.0566885808 0.01232859949 0.8215847138 -0.5699531241 0.06045222857 -0.569566227 -0.8197193673 8.074726473e-05 -0.4683491024 0
0.6207187495 0.2081394111 -0.3559635813 -0.01074870584 0.1527099056 0.4779449307 -0.001399611572 0.03925924346 0.2508977186 -0.998012108 -0.0251249474 -0.05779765762 0.01272506543 0.8178709735 -0.5752609351 0.06172442724 -0.5748528575 -0.8159254178 8.279609365e-05 -0.4734315631 0
0.6282153473 0.2106531703 -0.3602626552 -0.01100416602 0.1544191592 0.4771830907 -0.001433434188 0.03972451718 0.2507986017 -0.9979157585 -0.02601646072 -0.05905321918 0.01318078187 0.813654216 -0.5811996935 0.06316965975 -0.5807667006 -0.8116154469 8.514120857e-05 -0.4791493314 0
0.6348789898 0.2128876229 -0.3640840543 -0.01123358639 0.1559344951 0.4764989074 -0.001463831972 0.04013782694 0.250709522 -0.9978272564 -0.02682549124 -0.0601760705 0.0135945515 0.8098717576 -0.5864494219 0.06446669381 -0.5859932844 -0.8077474333 8.726183442e-05 -0.4842317922 0
0.6415426322 0.2151220754 -0.3679054533 -0.01146520647 0.1574460285 0.4758081639 -0.001494543153 0.04055088283 0.2506195245 -0.997736009 -0.02765023267 -0.06130514665 0.01401656644 0.8060573286 -0.5916714619 0.06577531633 -0.5911912107 -0.8038448608 8.941675939e-05 -0.4893142529 0
0.64903923 0.2176358346 -0.3722045272 -0.01172839993 0.1591419135 0.4750232616 -0.001529467552 0.04101526402 0.2505171812 -0.9976300077 -0.02859697738 -0.06258259081 0.01450126945 0.8017281775 -0.5975128806 0.06726128881 -0.5970043067 -0.7994133954 9.188245945e-05 -0.4950320212 0
0.6557028725 0.2198702872 -0.3760259263 -0.01196467173 0.1606452475 0.4743186457 -0.001560843934 0.04142777181 0.2504252359 -0.9975327487 -0.02945545221 -0.06372434099 0.01494101954 0.7978466032 -0.6026753386 0.06859432363 -0.6021404937 -0.7954380206 9.411136882e-05 -0.500114482 0
0.6631994703 0.2223840464 -0.3803250002 -0.01223308083 0.1623318179 0.4735181891 -0.001596516091 0.04189152979 0.2503207031 -0.997419847 -0.03044040746 -0.06501561612 0.01544583616 0.793442525 -0.6084491644 0.0701075951 -0.607883493 -0.7909251444 9.666114719e-05 -0.5058322503 0
0.6698631127 0.224618499 -0.3841463993 -0.01247397302 0.1638267921 0.4727997942 -0.001628556613 0.04230347778 0.2502268132 -0.9973163315 -0.03133307457 -0.06616927794 0.01590360708 0.7894948967 -0.6135510438 0.07146474786 -0.6129568064 -0.7868778453 9.896554864e-05 -0.510914711 0
0.6765267552 0.2268529516 -0.3879677983 -0.0127170285 0.1653177771 0.4720749478 -0.001660909298 0.0427151583 0.2501320093 -0.997209786 -0.03224198607 -0.06732827828 0.01636995543 0.7855165669 -0.6186240763 0.07283314686 -0.6180001436 -0.7827970077 0.000101306002 -0.5159971717 0
0.684023353 0.2293667107 -0.3922668722 -0.01299304284 0.1669903231 0.4712518107 -0.001697678899 0.04317797594 0.2500242633 -0.9970862316 -0.03328404809 -0.06863832017 0.0169049262 0.7810045558 -0.6242964899 0.07438595515 -0.6236377602 -0.778166225 0.0001039825275 -0.5217149401 0
0.6906869954 0.2316011633 -0.3960882713 -0.01324067154 0.1684727146 0.4705133259 -0.001730694123 0.04358907949 0.2499275196 -0.996973063 -0.03422779542 -0.06980809108 0.01738970391 0.7769618085 -0.6293075133 0.07577802952 -0.6286165812 -0.7740147829 0.0001064007188 -0.5267974008 0
0.6973506379 0.2338356159 -0.3999096703 -0.01349044105 0.1699510074 0.4697684569 -0.001764020744 0.0439999075 0.2498298643 -0.9968566904 -0.03518808112 -0.07098265812 0.01788324801 0.7728891384 -0.6342890265 0.07718113919 -0.6335646602 -0.7698304314 0.0001088560267 -0.5318798615 0
0.7048472357 0.2363493751 -0.4042087443 -0.01377398153 0.1716091446 0.4689228751 -0.0018018851 0.04446175645 0.2497189132 -0.9967218709 -0.03628828336 -0.07230955998 0.01844903721 0.7682719322 -0.6398576961 0.07877274275 -0.6390942017 -0.7650839538 0.0001116630423 -0.5375976299 0
0.7115108782 0.2385838277 -0.4080301433 -0.01402827582 0.173078613 0.468164512 -0.00183587261 0.04487199038 0.249619323 -0.9965985017 -0.0372840105 -0.07349373379 0.01896140513 0.7641365175 -0.644775812 0.08019907394 -0.6439761527 -0.7608303512 0.000114198367 -0.5426800906 0
0.7181745206 0.2408182803 -0.4118515423 -0.01428468781 0.1745438747 0.4673998336 -0.001870170729 0.04528194072 0.2495188236 -0.996471751 -0.03829655193 -0.07468215088 0.0194827217 0.7599719755 -0.6496637745 0.08163622422 -0.6488266105 -0.7565444841 0.0001167718881 -0.5477625513 0
0.7256711184 0.2433320394 -0.4161506163 -0.01457567325 0.1761872232 0.4665320492 -0.001909127069 0.04574279268 0.2494046758 -0.9963250428 -0.03945586442 -0.07602396922 0.0200799701 0.755252371 -0.6551264389 0.08326586296 -0.6542454362 -0.7516845783 0.0001197131905 -0.5534803196 0
0.7323347609 0.245566492 -0.4199720153 -0.01483656033 0.1776434321 0.465754025 -0.001944084378 0.04615213188 0.2493022467 -0.9961909151 -0.0405044142 -0.07722080764 0.02062049059 0.7510267924 -0.659949659 0.08472576981 -0.6590281857 -0.7473308467 0.000122369039 -0.5585627804 0
0.7398313586 0.2480802512 -0.4242710892 -0.01513256091 0.1792765098 0.4648712844 -0.001983781644 0.04661228978 0.24918593 -0.9960357607 -0.04170444281 -0.07857164117 0.02123948503 0.7462391837 -0.665338985 0.08638082902 -0.6643702433 -0.7423951322 0.0001254038514 -0.5642805487 0
0.7464950011 0.2503147038 -0.4280924883 -0.01539788856 0.1807235124 0.4640800174 -0.00201939696 0.04702100625 0.2490815748 -0.9958939938 -0.04278936396 -0.079776083 0.02179945955 0.7419537493 -0.6700965733 0.08786317005 -0.6690842281 -0.7379744976 0.0001281436161 -0.5693630094 0
0.7531586436 0.2525491564 -0.4319138873 -0.01566529378 0.18216613 0.4632825546 -0.002055321511 0.04742942566 0.2489763144 -0.9957485404 -0.0438915214 -0.08098381728 0.0223686735 0.7376405603 -0.674822974 0.08935595536 -0.6737654919 -0.7335227162 0.0001309234244 -0.5744454702 0
0.7606552414 0.2550629155 -0.4362129613 -0.01596859827 0.1837837915 0.4623780321 -0.002096105928 0.04788853926 0.2488568156 -0.9955804253 -0.04515214381 -0.08234622462 0.02302014935 0.7327553792 -0.6801026592 0.09104773212 -0.6789925171 -0.7284775029 0.0001340990172 -0.5801632385 0
0.7673188838 0.2572973681 -0.4400343603 -0.01624039228 0.1852169795 0.461567481 -0.002132686706 0.04829631897 0.2487496346 -0.9954269418 -0.04629117289 -0.08356034302 0.02360917265 0.7283840983 -0.6847621574 0.09256246853 -0.6836034908 -0.7239602591 0.0001369651033 -0.5852456992 0
0.7739825263 0.2595318207 -0.4438557594 -0.01651423921 0.1866456781 0.4607508076 -0.00216957587 0.04870379364 0.248641551 -0.9952695864 -0.0474476642 -0.08477717563 0.02420759907 0.7239859006 -0.6893898809 0.09408741942 -0.6881810335 -0.7194125538 0.0001398723513 -0.5903281599 0
0.7814791241 0.2620455799 -0.4481548333 -0.01682476091 0.1882475564 0.4598247617 -0.002211444453 0.04916183487 0.2485188791 -0.9950878591 -0.04876967462 -0.08614912395 0.02489213175 0.7190060917 -0.6945578607 0.09581510579 -0.6932905299 -0.7142602513 0.0001431926558 -0.5960459283 0
0.7881427665 0.2642800325 -0.4519762323 -0.01710294363 0.1896666051 0.458995158 -0.002248988017 0.0495686529 0.2484088802 -0.994922077 -0.04996349727 -0.08737110277 0.02551070774 0.7145515978 -0.6991174565 0.09736151421 -0.6977962905 -0.7096485556 0.0001461885723 -0.601128389 0
0.7956393643 0.2667937916 -0.4562753063 -0.0174183225 0.1912575439 0.4580546269 -0.002291592089 0.05002594894 0.2482840559 -0.9947307165 -0.05132767073 -0.08874836252 0.0262180349 0.7095091503 -0.7042083359 0.09911314887 -0.7028244702 -0.7044248348 0.0001496095506 -0.6068461573 0
0.8023030068 0.2690282442 -0.4600967053 -0.01770080426 0.1926667947 0.4572122025 -0.002329788782 0.05043209884 0.2481721457 -0.9945562349 -0.05255911384 -0.08997463573 0.02685698307 0.7049995984 -0.7086989972 0.1006806733 -0.7072574537 -0.699750167 0.0001526957774 -0.6119286181 0
0.8089666493 0.2712626968 -0.4639181043 -0.01798529625 0.1940713839 0.4563637831 -0.002368292385 0.05083793036 0.2480593374 -0.9943775644 -0.05380835527 -0.09120263288 0.02750559314 0.7004645694 -0.7131569459 0.1022580153 -0.7116558494 -0.6950462217 0.000155825075 -0.6170110788 0
0.816463247 0.273776456 -0.4682171783 -0.01830774221 0.1956459345 0.4554021764 -0.002411975431 0.05129410709 0.2479313556 -0.9941714768 -0.05523509826 -0.09258595232 0.02824688687 0.6953325554 -0.7181328225 0.1040441638 -0.7165624336 -0.689719574 0.0001593974758 -0.6227288471 0
0.8231268895 0.2760109086 -0.4720385773 -0.01859647824 0.1970405107 0.4545411003 -0.002451130255 0.05169925364 0.2478166417 -0.9939837014 -0.05652235033 -0.0938169773 0.02891618341 0.6907443142 -0.7225206895 0.1056421112 -0.7208866182 -0.6849541795 0.0001626195215 -0.6278113078 0
0.829790532 0.2782453612 -0.4758599764 -0.01888719833 0.1984303248 0.4536741073 -0.002490591079 0.05210407388 0.2477010325 -0.9937915451 -0.05782757444 -0.09504912648 0.02959528604 0.6861314709 -0.7268753151 0.1072496334 -0.7251755486 -0.680160231 0.0001658857917 -0.6328937686 0
0.8372871297 0.2807591203 -0.4801590503 -0.01921661942 0.1999881339 0.4526916992 -0.002535349903 0.05255910349 0.2475699029 -0.9935700558 -0.05931749768 -0.0964363972 0.03037105332 0.6809129674 -0.7317343302 0.1090694428 -0.7299581942 -0.6747332001 0.0001696136706 -0.6386115369 0
0.8439507722 0.2829935729 -0.4839804493 -0.01951152738 0.2013677232 0.4518122171 -0.002575459993 0.05296322198 0.247452394 -0.9933683845 -0.06066108045 -0.09767029221 0.03107114096 0.6762487856 -0.7360177743 0.1106970499 -0.7341715149 -0.6698793547 0.0001729751538 -0.6436939976 0
0.85144737 0.2855073321 -0.4882795233 -0.01984563804 0.2029139491 0.4508158236 -0.00262094848 0.05341745571 0.2473191296 -0.9931360328 -0.06219427933 -0.09905903288 0.03187062646 0.6709732498 -0.7407963021 0.1125392534 -0.738868574 -0.6643855408 0.0001768110972 -0.6494117659 0
0.8581110125 0.2877417847 -0.4921009223 -0.02014469501 0.2042831712 0.4499239681 -0.002661706477 0.05382086105 0.247199725 -0.9929245652 -0.06357643306 -0.1002937937 0.03259189299 0.6662590188 -0.7450078445 0.114186586 -0.7430053546 -0.6594728703 0.0001802694848 -0.6544942267 0
0.8647746549 0.2899762373 -0.4959223214 -0.02044569086 0.2056474658 0.4490263305 -0.002702768897 0.05422392687 0.2470794299 -0.9927083896 -0.06497680562 -0.1015286558 0.03332319103 0.6615216848 -0.7491853078 0.1158430755 -0.7471057992 -0.6545328919 0.0001837740631 -0.6595766874 0
0.8722712527 0.2924899965 -0.5002213953 -0.02078661784 0.2071763689 0.4480096092 -0.002749327615 0.05467696694 0.2469430344 -0.9924594863 -0.06657405233 -0.1029177514 0.03415794251 0.656164929 -0.7538440296 0.1177174709 -0.751675117 -0.6489430758 0.0001877723974 -0.6652944557 0
0.8789348952 0.294724449 -0.5040427943 -0.02109170461 0.20853009 0.4470997715 -0.002791035906 0.05507930292 0.2468208499 -0.9922330974 -0.06801327186 -0.104152174 0.03491069102 0.6513794633 -0.7579485724 0.1193931495 -0.755697684 -0.6439458721 0.0001913763892 -0.6703769165 0
0.8855985376 0.2969589016 -0.5078641934 -0.02139870267 0.2098787873 0.446184234 -0.002833047651 0.05548129154 0.2466977776 -0.9920018033 -0.06947082992 -0.1053860807 0.03567359501 0.6465718027 -0.7620185684 0.1210777305 -0.7596832944 -0.63892212 0.0001950277586 -0.6754593772 0
0.8930951354 0.2994726608 -0.5121632673 -0.02174634892 0.2113900288 0.4451474743 -0.002880673192 0.0559331104 0.2465582614 -0.9917356554 -0.07113254521 -0.1067733615 0.03654404831 0.6411370195 -0.7665558393 0.1229834226 -0.7641226886 -0.6332389711 0.0001991926562 -0.6811771455 0
0.8997587779 0.3017071134 -0.5159846664 -0.02205737869 0.2127279496 0.4442199132 -0.002923328726 0.05633435255 0.246433306 -0.9914937273 -0.07262918277 -0.1080055113 0.03732865803 0.6362831688 -0.7705519453 0.1246866471 -0.7680291211 -0.6281596208 0.0002029459738 -0.6862596062 0
0.9072553757 0.3042208726 -0.5202837403 -0.02240953769 0.2142269906 0.4431696955 -0.002971677721 0.0567853253 0.2462916737 -0.9912154544 -0.07433494016 -0.1093903089 0.03822362367 0.6307971705 -0.7750057318 0.126613102 -0.7723789526 -0.6224145532 0.0002072265392 -0.6919773746 0
0.9139190181 0.3064553252 -0.5241051393 -0.02272455828 0.2155539987 0.442230233 -0.0030149756 0.05718580971 0.2461648394 -0.9909626043 -0.07587079028 -0.1106197998 0.03903010328 0.6258984633 -0.7789273167 0.1283345938 -0.7762053445 -0.6172807264 0.0002110835431 -0.6970598353 0
0.9205826606 0.3086897778 -0.5279265384 -0.02304144262 0.2168758246 0.4412852123 -0.003058575253 0.05758593364 0.2460371226 -0.9907045144 -0.0774251336 -0.1118477259 0.03984692921 0.6209791114 -0.7828136211 0.1300645506 -0.7799937768 -0.6121216552 0.0002149899452 -0.702142296 0
0.9280792584 0.3112035369 -0.5322256123 -0.02340015379 0.2183566478 0.4402154545 -0.003107985172 0.05803563909 0.2458923874 -0.9904078203 -0.07919590329 -0.1132270217 0.04077826759 0.6154205354 -0.787143378 0.1320207651 -0.784210159 -0.6062878393 0.0002194441779 -0.7078600644 0
0.9347429008 0.3134379895 -0.5360470113 -0.02372096792 0.2196673638 0.4392587143 -0.003152225008 0.05843498877 0.2457627982 -0.9901383827 -0.0807896177 -0.1144509537 0.04161719084 0.6104583061 -0.7909542755 0.1337684289 -0.7879173143 -0.6010759629 0.0002234568432 -0.7129425251 0
0.9414065433 0.3156724421 -0.5398684104 -0.02404361682 0.2209728058 0.4382965024 -0.003196765591 0.0588339702 0.2456323296 -0.9898635044 -0.08240188944 -0.1156726906 0.04246656351 0.6054763682 -0.7947294876 0.135524292 -0.7915859373 -0.5958396346 0.0002275201252 -0.7180249858 0
0.9489031411 0.3181862013 -0.5441674843 -0.02440877828 0.2224350876 0.4372075084 -0.003247232815 0.05928238106 0.2454845024 -0.9895476825 -0.08423789692 -0.1170442683 0.04343463703 0.5998485058 -0.798933791 0.1375093318 -0.7956668566 -0.5899198563 0.0002321523088 -0.7237427541 0
0.9555667836 0.3204206539 -0.5479888834 -0.02473529488 0.2237292258 0.4362337621 -0.003292411371 0.05968057176 0.2453521681 -0.9892610282 -0.08588965373 -0.1182606673 0.04430631765 0.5948256899 -0.8026327609 0.1392823329 -0.799253005 -0.5846324193 0.0002363244555 -0.7288252149 0
0.962230426 0.3226551065 -0.5518102824 -0.02506361678 0.2250179997 0.435254632 -0.003337889622 0.06007838649 0.2452189575 -0.9889687312 -0.08756001098 -0.1194742368 0.04518854284 0.5897841109 -0.8062956642 0.1410632637 -0.8028000666 -0.5793213345 0.0002405484489 -0.7339076756 0
0.9697270238 0.3251688656 -0.5561093563 -0.02543512495 0.2264614226 0.4341467107 -0.00338941046 0.06052547559 0.2450680494 -0.9886330714 -0.08946140775 -0.1208358668 0.046193686 0.5840902858 -0.8103731742 0.1430761809 -0.8067435742 -0.573318421 0.0002453629076 -0.7396254439 0
0.9763906663 0.3274033182 -0.5599307554 -0.02576725142 0.2277387026 0.4331562346 -0.003435524428 0.06092248319 0.24493298 -0.9883285681 -0.09117131919 -0.122042747 0.04709841286 0.5790098469 -0.813959051 0.1448736727 -0.810207003 -0.5679579485 0.0002496983916 -0.7447079047 0
