0.007210517609 0.003749469156 0 -2.298019548e-06 0.00183867187 0.5099955807 -2.884054611e-07 0.0004579873975 0.2549994515 -0.9999999999 -6.354467123e-08 -1.338289482e-05 3.247102848e-08 0.9999742638 -0.007174386829 1.338300628e-05 -0.007174386829 -0.9999742637 3.021932249e-08 0
0.01430825202 0.00744029105 0 -9.048774879e-06 0.003648525187 0.5099825985 -1.142201542e-06 0.0009105700758 0.2549978276 -0.9999999986 -4.994468194e-07 -5.269536533e-05 2.507802741e-07 0.9998986616 -0.0142360998 5.269713544e-05 -0.01423609979 -0.9998986602 5.617431625e-08 0
0.02140598643 0.01113111294 0 -2.025256899e-05 0.005458261752 0.5099610528 -2.565405128e-06 0.001363870642 0.2549951206 -0.999999993 -1.673731786e-06 -0.0001179342735 8.382835318e-07 0.9997731951 -0.02129691079 0.0001179431707 -0.02129691074 -0.9997731881 3.974022573e-08 0
0.02850372084 0.01482193484 0 -3.590897167e-05 0.007267823657 0.5099309443 -4.557366629e-06 0.001817257297 0.2549913316 -0.9999999781 -3.952538478e-06 -0.0002090889778 1.978055909e-06 0.9995978772 -0.02835637248 0.0002091169781 -0.02835637228 -0.9995978554 1.418650686e-08 0
0.03560145525 0.01851275673 0 -5.601738171e-05 0.009077152998 0.5098922743 -7.11728127e-06 0.002270582864 0.2549864623 -0.9999999468 -7.701836036e-06 -0.0003261446094 3.853092833e-06 0.9993727262 -0.03541403774 0.0003262127805 -0.03541403711 -0.999372673 9.531030983e-08 0
0.04269918966 0.02220357862 0 -8.057702698e-05 0.01088619189 0.5098450442 -1.024471258e-05 0.0027238294 0.2549805134 -0.9999998899 -1.328736759e-05 -0.0004690820735 6.646283641e-06 0.9990977655 -0.04246945961 0.0004692231588 -0.04246945805 -0.9990976554 2.019526016e-07 0
0.04979692407 0.02589440052 0 -0.0001095869644 0.01269488244 0.5097892558 -1.393942839e-05 0.003177003358 0.2549734855 -0.9999997963 -2.107459402e-05 -0.0006378780528 1.05403852e-05 0.9987730235 -0.04952219142 0.0006381390515 -0.04952218806 -0.9987728198 3.316738788e-07 0
0.05689465848 0.02958522241 0 -0.0001430460801 0.01450316679 0.5097249114 -1.820128956e-05 0.003630112818 0.2549653788 -0.999999653 -3.142863779e-05 -0.0008325050102 1.571799552e-05 0.998398534 -0.05657178681 0.0008329497559 -0.05657178026 -0.998398187 4.835152763e-07 0
0.06310517609 0.03281469156 0 -0.0001759715171 0.01608503691 0.5096615932 -2.239557722e-05 0.004026535218 0.2549574006 -0.9999994748 -4.288075377e-05 -0.001023968214 2.144468858e-05 0.9980300776 -0.0627372593 0.001024641297 -0.06273724831 -0.9980295526 6.341413743e-07 0
0.0702029105 0.03650551346 0 -0.000217769245 0.01789240374 0.509581213 -2.77205872e-05 0.004479537108 0.2549472716 -0.9999991957 -5.903028284e-05 -0.00126693936 2.952037174e-05 0.9975624204 -0.06977977211 0.001267970214 -0.06977975338 -0.9975616163 8.263681909e-07 0
0.07730064491 0.04019633535 0 -0.0002640119974 0.01969919811 0.5094922846 -3.361250148e-05 0.00493248463 0.2549360643 -0.9999988178 -7.879396331e-05 -0.001535638848 3.940340972e-05 0.9970451413 -0.0768178674 0.001537154036 -0.0768178371 -0.9970439594 1.039907871e-06 0
0.08439837932 0.04388715724 0 -0.0003146979987 0.02150536225 0.5093948115 -4.00712488e-05 0.005385377885 0.2549237788 -0.9999983203 -0.0001025350765 -0.001830022831 5.127553636e-05 0.9964782939 -0.08385110052 0.001832175708 -0.08385105351 -0.9964766149 1.274724677e-06 0
0.09149611373 0.04757797914 0 -0.000369825303 0.02331083838 0.5092887975 -4.709675663e-05 0.005838215971 0.2549104152 -0.9999976801 -0.0001306162924 -0.002150043267 6.531819845e-05 0.9958619373 -0.09087902738 0.002153016535 -0.09087895699 -0.9958596185 1.530833616e-06 0
0.09859384814 0.05126880103 0 -0.0004293917937 0.0251155688 0.5091742466 -5.468894948e-05 0.006290997277 0.2548959737 -0.9999968725 -0.0001633996134 -0.002495647925 8.171252958e-05 0.9951961352 -0.09790120448 0.002499656188 -0.09790110222 -0.9951930094 1.808283616e-06 0
0.1056915825 0.05495962292 0 -0.0004933951841 0.02691949579 0.5090511631 -6.284774791e-05 0.006743719685 0.2548804544 -0.9999958705 -0.0002012463191 -0.002866780392 0.0001006393239 0.9944809567 -0.104917189 0.002872072706 -0.1049170443 -0.9944768298 2.107147872e-06 0
0.112789317 0.05865044482 0 -0.0005618330169 0.02872256171 0.5089195519 -7.157306789e-05 0.00719638071 0.2548638576 -0.9999946453 -0.0002445169105 -0.003263380084 0.0001222790102 0.9937164761 -0.1119265389 0.003270242489 -0.1119263386 -0.9937111251 2.427518082e-06 0
0.1198870514 0.06234126671 0 -0.000634702665 0.03052470891 0.508779418 -8.086482049e-05 0.007648977598 0.2548461833 -0.9999931659 -0.0002935710542 -0.00368538225 0.0001468116256 0.9929027726 -0.1189288129 0.003694140311 -0.1189285412 -0.9928959439 2.769500886e-06 0
0.126097569 0.06557073587 0 -0.0007020968857 0.03210078882 0.5086498137 -8.945968195e-05 0.00804494494 0.2548298346 -0.9999916371 -0.0003415198198 -0.004075418042 0.0001707919856 0.9921504701 -0.1250496518 0.004086134861 -0.1250493021 -0.9921421146 3.086558416e-06 0
0.1331953034 0.06926155776 0 -0.0007832685144 0.03390105828 0.5084937144 -9.9813238e-05 0.008497413478 0.2548101406 -0.9999895911 -0.0004023843998 -0.004544860859 0.000201232626 0.9912447052 -0.1320374717 0.004558199081 -0.1320370119 -0.9912343065 3.469395134e-06 0
0.1402930378 0.07295237965 0 -0.0008688634584 0.03570024358 0.5083291087 -0.0001107329418 0.008949808993 0.2547893697 -0.9999871912 -0.0004700614271 -0.005039496873 0.0002350813863 0.9902899736 -0.1390169517 0.005055909732 -0.1390163558 -0.9902771787 3.8742166e-06 0
0.1473907722 0.07664320155 0 -0.0009588784323 0.03749828728 0.508156003 -0.0001222186839 0.009402128182 0.2547675222 -0.9999843988 -0.0005449068141 -0.005559245283 0.0002725165411 0.9892863744 -0.1459876538 0.005579235278 -0.1459868913 -0.9892707919 4.301171589e-06 0
0.1544885066 0.08033402344 0 -0.001053309981 0.03929513195 0.5079744039 -0.0001342703492 0.009854367664 0.2547445982 -0.9999811735 -0.0006272753705 -0.006104021174 0.0003137158478 0.9882340116 -0.1529491414 0.006128142562 -0.1529481768 -0.9882152099 4.750417798e-06 0
0.161586241 0.08402484533 0 -0.001152154482 0.04109072025 0.5077843183 -0.000146887817 0.010306524 0.254720598 -0.999977473 -0.0007175207484 -0.006673735526 0.0003588565199 0.9871329942 -0.1599009785 0.006702596802 -0.1598997713 -0.9871104996 5.222121428e-06 0
0.1686839754 0.08771566723 0 -0.001255408139 0.04288499486 0.5075857536 -0.0001600709612 0.01075859372 0.2546955218 -0.9999732527 -0.0008159953875 -0.007268295226 0.0004081152021 0.9859834363 -0.1668427306 0.007302561602 -0.1668412343 -0.9859567309 5.716456873e-06 0
0.1757817098 0.09140648912 0 -0.001363066992 0.04467789853 0.5073787173 -0.0001738196501 0.01121057329 0.2546693699 -0.9999684664 -0.000923050461 -0.007887603085 0.0004616679444 0.9847854569 -0.1737739642 0.007927998946 -0.173772126 -0.9847539769 6.233606477e-06 0
0.1828794443 0.09509731101 0 -0.00147512691 0.04646937408 0.5071632175 -0.0001881337463 0.01166245917 0.2546421426 -0.9999630658 -0.001039035821 -0.008531557847 0.0005196901768 0.9835391802 -0.1806942472 0.008578869206 -0.1806920071 -0.983502314 6.77376032e-06 0
0.1890899619 0.09832678017 0 -0.00157678621 0.04803569876 0.5069677188 -0.000201122279 0.01205777966 0.2546174366 -0.999957797 -0.001148122622 -0.009115153741 0.0005742634289 0.9824091704 -0.1867401729 0.009169211242 -0.1867375264 -0.9823670504 7.265420792e-06 0
0.1961876963 0.1020176021 0 -0.001697086401 0.04982434264 0.5067363723 -0.0002164961242 0.01250948023 0.2545881935 -0.999951108 -0.001281790405 -0.009805034441 0.0006411365275 0.9810726877 -0.1936387628 0.0098676558 -0.1936355818 -0.9810238992 7.849246138e-06 0
0.2032854307 0.105708424 0 -0.001821774841 0.05161139431 0.5064965868 -0.0002324349507 0.01296107679 0.2545578758 -0.9999436553 -0.001425386454 -0.01051924842 0.0007129797941 0.9796882919 -0.2005251666 0.01059141037 -0.200521368 -0.9796320753 8.456663833e-06 0
0.2103831651 0.1093992458 0 -0.001950846746 0.05339679684 0.5062483716 -0.0002489385993 0.01341256571 0.2545264837 -0.9999353832 -0.001579254996 -0.01125767881 0.000789966017 0.9782561262 -0.2073989572 0.01134042911 -0.207394449 -0.9781916669 9.08789248e-06 0
0.2174808995 0.1130900677 0 -0.002084297166 0.05518049334 0.5059917362 -0.0002660069054 0.01386394338 0.2544940177 -0.9999262343 -0.001743738674 -0.01202020476 0.0008722672416 0.9767763389 -0.2142597092 0.01211466454 -0.214254389 -0.9767027653 9.743157725e-06 0
0.2245786339 0.1167808896 0 -0.002222120981 0.05696242703 0.5057266904 -0.0002836396986 0.01431520615 0.2544604779 -0.9999161491 -0.001919178496 -0.01280670142 0.0009600547456 0.9752490828 -0.2211069985 0.01291406761 -0.2211007536 -0.9751654647 1.042269216e-05 0
0.2316763683 0.1204717115 0 -0.002364312905 0.05874254119 0.5054532444 -0.000301836803 0.01476635037 0.2544258648 -0.9999050662 -0.002105913781 -0.01361704001 0.001053499014 0.9736745159 -0.2279404026 0.01373858768 -0.2279331089 -0.9735798627 1.112673518e-05 0
0.2387741027 0.1241625334 0 -0.002510867486 0.06052077915 0.5051714087 -0.000320598037 0.01521737239 0.2543901787 -0.9998929224 -0.002304282109 -0.0144510878 0.001152769714 0.972052801 -0.2347595006 0.0145881725 -0.2347510219 -0.9719460597 1.185553294e-05 0
0.2458718371 0.1278533553 0 -0.002661779102 0.06229708436 0.504881194 -0.0003399232134 0.01566826854 0.2543534199 -0.9998796528 -0.002514619264 -0.01530870814 0.001258035671 0.9703841056 -0.2415638734 0.01546276823 -0.2415540608 -0.9702641591 1.260933819e-05 0
0.2520823547 0.1310828245 0 -0.002797396352 0.06384972156 0.5046203916 -0.0003572952004 0.01606269656 0.2543203764 -0.9998670658 -0.002708745022 -0.0160783524 0.001355193429 0.9688855938 -0.2475052921 0.01624851274 -0.2474941794 -0.9687531249 1.328963541e-05 0
0.2591800892 0.1347736464 0 -0.002956461682 0.06562225069 0.5043144968 -0.0003776772449 0.01651334684 0.2542816074 -0.9998515034 -0.002942422313 -0.01697978938 0.001472152496 0.9671292782 -0.2542809311 0.01716985334 -0.2542681681 -0.9669813312 1.409103358e-05 0
0.2662778236 0.1384644683 0 -0.003119866964 0.0673926849 0.5040002558 -0.0003986226623 0.01696386073 0.2542417669 -0.9998346179 -0.003189023357 -0.01790438439 0.001595587284 0.9653264906 -0.2610406494 0.01811604128 -0.261026046 -0.9651617545 1.491820188e-05 0
0.273375558 0.1421552901 0 -0.003287605932 0.06916096797 0.5036776809 -0.0004201312438 0.01741423454 0.2542008553 -0.9998163371 -0.003448876499 -0.01885198575 0.001725663124 0.9634774169 -0.2677840346 0.0190870166 -0.2677673848 -0.9632945102 1.577141779e-05 0
0.2804732924 0.145846112 0 -0.003459672158 0.07092704375 0.5033467843 -0.0004422027748 0.01786446461 0.2541588729 -0.999796587 -0.003722308044 -0.019822438 0.00186254439 0.9615822479 -0.2745106763 0.02008271779 -0.2744917574 -0.9613797166 1.665096492e-05 0
0.2875710268 0.1495369339 0 -0.003636059045 0.0726908562 0.5030075788 -0.0004648370351 0.01831454725 0.2541158203 -0.9997752919 -0.004009642198 -0.02081558185 0.00200639447 0.9596411791 -0.281220166 0.02110308176 -0.2811987378 -0.959417495 1.75571329e-05 0
0.2946687612 0.1532277558 0 -0.003816759834 0.07445234936 0.5026600772 -0.0004880337989 0.0187644788 0.2540716977 -0.9997523743 -0.004311201023 -0.02183125425 0.002157375744 0.9576544105 -0.2879120973 0.02214804385 -0.287887901 -0.9574079698 1.849021734e-05 0
0.3017664956 0.1569185777 0 -0.0040017676 0.07621146738 0.5023042931 -0.0005117928348 0.01921425557 0.2540265057 -0.9997277548 -0.004627304382 -0.02286928838 0.002315649563 0.9556221469 -0.2945860656 0.02321753785 -0.2945588232 -0.9553512682 1.945051967e-05 0
0.30886423 0.1606093996 0 -0.004191075256 0.07796815451 0.5019402399 -0.0005361139058 0.01966387389 0.2539802448 -0.9997013524 -0.004958269894 -0.02392951369 0.00248137622 0.9535445977 -0.3012416686 0.024311496 -0.3012110817 -0.9532475206 2.04383471e-05 0
0.3150747476 0.1638388688 0 -0.004360241008 0.0795032179 0.5016149211 -0.0005578556968 0.02005715705 0.2539388899 -0.9996767226 -0.00526030427 -0.02487527765 0.002632625894 0.9516897618 -0.3070499413 0.02528872318 -0.3070161663 -0.9513682537 2.132552107e-05 0
0.322172482 0.1675296907 0 -0.004557591277 0.08125519721 0.5012354014 -0.0005832299254 0.02050646837 0.2538906259 -0.9996467526 -0.005619984372 -0.02597663887 0.002812754897 0.9495278823 -0.3136700324 0.02642836358 -0.3136322952 -0.9491766564 2.236580563e-05 0
0.3292702165 0.1712205126 0 -0.004759220141 0.08300458592 0.5008476536 -0.0006091654765 0.02095561066 0.2538412943 -0.9996147569 -0.005995426821 -0.02709968038 0.003000791498 0.9473213443 -0.3202706134 0.02759226468 -0.3202285518 -0.9469384043 2.343452964e-05 0
0.3363679509 0.1749113345 0 -0.004965119878 0.0847513287 0.5004516925 -0.0006356620914 0.02140458027 0.2537908956 -0.9995806477 -0.006386940066 -0.0282442174 0.003196891685 0.9450703751 -0.3268512904 0.02878035274 -0.3268045183 -0.9446536392 2.453202167e-05 0
0.3434656853 0.1786021563 0 -0.005175282604 0.08649537033 0.5000475335 -0.0006627195058 0.0218533735 0.2537394302 -0.9995443355 -0.006794830072 -0.02941006154 0.00340121028 0.9427752059 -0.3334116719 0.02999255248 -0.3333597778 -0.942322506 2.56586156e-05 0
0.3505634197 0.1822929782 0 -0.005389700269 0.0882366557 0.4996351918 -0.0006903374499 0.02230198669 0.2536868988 -0.9995057291 -0.007219400271 -0.03059702082 0.003613900914 0.9404360726 -0.3399513687 0.0312287871 -0.3398939152 -0.9399451523 2.681465049e-05 0
0.3576611541 0.1859838001 0 -0.005608364665 0.08997512982 0.4992146833 -0.000718515648 0.02275041616 0.2536333019 -0.9994647358 -0.007660951512 -0.0318048997 0.003835116004 0.9380532156 -0.3464699939 0.03248897826 -0.3464065164 -0.9375217287 2.80004705e-05 0
0.3647588885 0.189674622 0 -0.005831267422 0.09171073781 0.4987860242 -0.0007472538192 0.02319865825 0.2535786399 -0.9994212611 -0.008119782019 -0.03303349912 0.004065006735 0.9356268794 -0.3529671631 0.03377304612 -0.3528971686 -0.9350523888 2.921642483e-05 0
0.3718566229 0.1933654439 0 -0.006058400006 0.09344342492 0.4983492308 -0.0007765516768 0.02364670927 0.2535229135 -0.9993752087 -0.00859618734 -0.03428261649 0.004303723036 0.9331573132 -0.3594424944 0.03508090932 -0.3593654608 -0.932537289 3.046286755e-05 0
0.3789543573 0.1970562658 0 -0.006289753724 0.09517313653 0.4979043198 -0.0008064089286 0.02409456557 0.2534661232 -0.999326481 -0.009090460301 -0.03555204579 0.004551413555 0.9306447702 -0.3658956086 0.03641248498 -0.365810983 -0.9299765888 3.174015761e-05 0
0.3851648749 0.200285735 0 -0.006495643922 0.0966841505 0.4975083771 -0.0008329926679 0.02448627722 0.2534155594 -0.9992815715 -0.009537834285 -0.03667929393 0.00477562029 0.9284112431 -0.371523562 0.03759699904 -0.3714318153 -0.9276986969 3.288337663e-05 0
0.3922626093 0.2039765569 0 -0.006734888279 0.09840813626 0.4970482918 -0.0008638979766 0.02493375852 0.2533567758 -0.9992275583 -0.01006638866 -0.03798624072 0.005040533581 0.9258188163 -0.3779340052 0.038972807 -0.3778335442 -0.9250529353 3.421948928e-05 0
0.3993603438 0.2076673788 0 -0.006978327887 0.1001289902 0.4965801387 -0.0008953618081 0.02538103456 0.2532969301 -0.9991705798 -0.01061363698 -0.03931288794 0.00531484114 0.9231841649 -0.3843211549 0.04037208084 -0.3842113329 -0.9223620475 3.558750726e-05 0
0.4064580782 0.2113582006 0 -0.007225953433 0.1018466581 0.4961039357 -0.0009273838487 0.02582810167 0.2532360227 -0.999110532 -0.01117986109 -0.04065901635 0.005598686457 0.9205075585 -0.3906846419 0.0417947319 -0.3905647775 -0.919626204 3.698780735e-05 0
0.4135558126 0.2150490225 0 -0.007477755446 0.1035610861 0.4956197011 -0.0009599637789 0.02627495619 0.2531740543 -0.9990473093 -0.0117653399 -0.04202440338 0.005892211641 0.9177892711 -0.3970240996 0.04324067002 -0.3968934752 -0.916845578 3.842077077e-05 0
0.420653547 0.2187398444 0 -0.007733724296 0.1052722204 0.4951274533 -0.0009931012738 0.02672159447 0.2531110255 -0.9989808049 -0.01237034932 -0.04340882315 0.006195557398 0.9150295806 -0.4033391645 0.0447098036 -0.4031970251 -0.9140203457 3.9886783e-05 0
0.4277512814 0.2224306663 0 -0.007993850196 0.1069800071 0.4946272112 -0.001026796003 0.02716801284 0.253046937 -0.9989109101 -0.01299516224 -0.04481204654 0.006508863008 0.9122287692 -0.4096294756 0.04620203955 -0.4094750278 -0.9111506863 4.13862338e-05 0
0.4348490158 0.2261214882 0 -0.008258123201 0.1086843927 0.4941189938 -0.00106104763 0.02761420765 0.2529817893 -0.9988375148 -0.01364004848 -0.04623384116 0.006832266306 0.909387123 -0.415894675 0.04771728332 -0.4157270855 -0.9082367815 4.291951704e-05 0
0.4419467502 0.2298123101 0 -0.008526533209 0.1103853238 0.4936028208 -0.001095855813 0.02806017526 0.2529155833 -0.9987605076 -0.01430527473 -0.04767397143 0.007165903664 0.9065049321 -0.4221344074 0.04925543891 -0.4219528021 -0.9052788159 4.448703067e-05 0
0.4481572678 0.2330417793 0 -0.008764777542 0.1118707629 0.4931446586 -0.001126769251 0.02845020765 0.2528567852 -0.9986900746 -0.01490424011 -0.04894893878 0.007466337555 0.9039499869 -0.4275730054 0.0506200433 -0.427378386 -0.9026545997 4.58870006e-05 0
0.4552550022 0.2367326012 0 -0.009040916659 0.1135650734 0.4926136218 -0.001162620037 0.0288957394 0.2527885964 -0.9986059892 -0.01560831168 -0.05042280243 0.007819526151 0.9009925706 -0.4337640404 0.05220089471 -0.4335536511 -0.8996145276 4.751978263e-05 0
0.4623527366 0.2404234231 0 -0.009321162866 0.1152557767 0.4920746868 -0.001199026367 0.02934103345 0.2527193511 -0.998517963 -0.01633347225 -0.05191430689 0.008183332531 0.8979954658 -0.4399286039 0.05380437384 -0.4397014455 -0.896530941 4.918796108e-05 0
0.4694504711 0.2441142449 0 -0.009605505457 0.1169428198 0.4915278741 -0.001235987876 0.02978608616 0.25264905 -0.9984258789 -0.01707997606 -0.05342320449 0.008557887201 0.8949589777 -0.4460663524 0.0554303791 -0.4458213797 -0.8934040354 5.089194891e-05 0
0.4765482055 0.2478050668 0 -0.009893933572 0.1186261502 0.4909732047 -0.001273504197 0.03023089388 0.2525776937 -0.9983296183 -0.01784807399 -0.05494924451 0.008943319105 0.8918834156 -0.4521769455 0.05707880745 -0.451913066 -0.8902340088 5.263216275e-05 0
0.4836459399 0.2514958887 0 -0.01018643619 0.1203057152 0.4904106996 -0.001311574955 0.03067545299 0.2525052832 -0.9982290613 -0.01863801358 -0.05649217321 0.009339755608 0.8887690923 -0.4582600458 0.05874955446 -0.4579761184 -0.8870210622 5.440902284e-05 0
0.4907436743 0.2551867106 0 -0.01048300216 0.1219814626 0.4898403805 -0.001350199771 0.03111975984 0.252431819 -0.9981240866 -0.01945003896 -0.05805173391 0.009747322475 0.8856163245 -0.4643153191 0.06044251426 -0.4640101527 -0.8837653991 5.622295299e-05 0
0.4978414087 0.2588775325 0 -0.01078362014 0.1236533401 0.489262269 -0.001389378259 0.03156381079 0.2523573018 -0.9980145714 -0.02028439082 -0.05962766698 0.01016614385 0.8824254325 -0.4703424344 0.06215757958 -0.4700147866 -0.8804672258 5.807438044e-05 0
0.5049391431 0.2625683544 0 -0.01108827866 0.1253212957 0.4886763872 -0.001429110028 0.03200760223 0.2522817326 -0.997900392 -0.02114130638 -0.06121970989 0.01059634226 0.8791967403 -0.4763410641 0.06389464176 -0.4759896395 -0.8771267513 5.996373583e-05 0
0.5111496607 0.2657978236 0 -0.01135816024 0.1267774989 0.4881573841 -0.001464328878 0.032395704 0.252214747 -0.9977965602 -0.02190980058 -0.06262575399 0.01098219363 0.8763408842 -0.4815662427 0.06543252897 -0.4811929086 -0.8741693022 6.164837566e-05 0
0.5182473951 0.2694886455 0 -0.01167036333 0.1284379612 0.4875569936 -0.001505096977 0.03283899906 0.252137207 -0.9976732963 -0.02280965016 -0.06424728534 0.01143404839 0.8730422026 -0.4875105897 0.0672105375 -0.4871109036 -0.8707500854 6.361001823e-05 0
0.5253451295 0.2731794674 0 -0.01198657313 0.1300943529 0.4869488978 -0.001546417203 0.03328202418 0.2520586171 -0.9975450044 -0.02373272569 -0.06588415597 0.01189762312 0.8697066723 -0.4934255271 0.06901022273 -0.4929980344 -0.8672891832 6.561084518e-05 0
0.5324428639 0.2768702892 0 -0.01230677757 0.1317466226 0.4863331201 -0.001588289144 0.03372477574 0.2519789781 -0.9974115554 -0.02467925054 -0.06753609249 0.01237303382 0.8663346311 -0.49931074 0.07083147062 -0.4988539281 -0.8637868147 6.765129966e-05 0
0.5395405983 0.2805611111 0 -0.01263096445 0.1333947191 0.4857096837 -0.001630712382 0.03416725012 0.2518982907 -0.9972728192 -0.02564944441 -0.06920281877 0.01286039477 0.8629264202 -0.5051659169 0.07267416577 -0.5046782136 -0.8602432018 6.973182794e-05 0
0.5466383328 0.284251933 0 -0.01295912141 0.1350385915 0.4850786127 -0.001673686495 0.0346094437 0.2518165558 -0.9971286643 -0.02664352332 -0.07088405602 0.01335981851 0.8594823843 -0.5109907498 0.07453819143 -0.510470522 -0.8566585692 7.185287927e-05 0
0.5537360672 0.2879427549 0 -0.01329123593 0.1366781887 0.4844399309 -0.001717211053 0.03505135288 0.2517337743 -0.9969789583 -0.02766169953 -0.07257952282 0.01387141582 0.8560028713 -0.5167849342 0.0764234295 -0.5162304861 -0.8530331439 7.401490586e-05 0
0.5608338016 0.2916335768 0 -0.01362729536 0.1383134602 0.4837936628 -0.001761285622 0.03549297405 0.2516499468 -0.9968235672 -0.02870418155 -0.07428893513 0.01439529572 0.8524882325 -0.522548169 0.07832976051 -0.521957741 -0.8493671557 7.621836281e-05 0
0.567931536 0.2953243987 0 -0.01396728689 0.1399443555 0.4831398329 -0.001805909763 0.0359343036 0.2515650743 -0.9966623561 -0.02977117406 -0.07601200638 0.01493156543 0.8489388226 -0.5282801567 0.08025706369 -0.5276519239 -0.8456608368 7.846370807e-05 0
0.5741420536 0.2985538679 0 -0.01426799485 0.1413677595 0.4825615484 -0.001845406357 0.03632022492 0.2514899544 -0.9965164153 -0.03072505679 -0.0775306711 0.01541104785 0.8458048468 -0.5332697823 0.08196056173 -0.5326069208 -0.8423849086 8.046310879e-05 0
0.581239788 0.3022446898 0 -0.01461532404 0.1429903139 0.4818936076 -0.001891059741 0.03676099798 0.2514031248 -0.9963439241 -0.03183854483 -0.07927857167 0.01597083113 0.8421912077 -0.5389423923 0.08392685754 -0.5382381227 -0.8386036047 8.278823855e-05 0
0.5883375224 0.3059355117 0 -0.0149665477 0.144608348 0.4812181775 -0.001937261402 0.03720146909 0.2513152527 -0.9961652188 -0.03297711038 -0.08103929336 0.01654330236 0.8385438346 -0.5445829199 0.08591377086 -0.5438352211 -0.8347826521 8.515658846e-05 0
0.5954352568 0.3096263336 0 -0.01532165246 0.146221812 0.4805352837 -0.001984010879 0.03764163465 0.251226339 -0.9959801601 -0.03414094307 -0.08281254005 0.01712856168 0.8348630943 -0.5501910816 0.08792117582 -0.5493978612 -0.830922293 8.756862694e-05 0
0.6025329912 0.3133171554 0 -0.01568062479 0.1478306564 0.4798449523 -0.002031307707 0.03808149106 0.2511363845 -0.9957886076 -0.03533022858 -0.08459801326 0.01772670735 0.8311493566 -0.5557665975 0.08994894522 -0.5549256905 -0.8270227719 9.002482496e-05 0
0.6096307256 0.3170079773 0 -0.01604345103 0.1494348318 0.4791472096 -0.002079151413 0.03852103474 0.2510453901 -0.9955904202 -0.03654514859 -0.0863954122 0.01833783577 0.8274029943 -0.5613091917 0.09199695057 -0.560418359 -0.8230843359 9.252565602e-05 0
0.6167284601 0.3206987992 0 -0.01641011738 0.1510342889 0.478442082 -0.00212754152 0.03896026211 0.2509533569 -0.9953854555 -0.03778588073 -0.0882044338 0.01896204143 0.8236243834 -0.5668185919 0.09406506211 -0.5658755184 -0.8191072346 9.507159609e-05 0
0.6238261945 0.3243896211 0 -0.01678060989 0.152628979 0.4777295964 -0.002176477545 0.0393991696 0.2508602856 -0.9951735702 -0.0390525986 -0.09002477276 0.01959941691 0.8198139024 -0.5722945294 0.0961531488 -0.5712968231 -0.81509172 9.766312356e-05 0
0.6309239289 0.328080443 0 -0.01715491447 0.1542188531 0.4770097799 -0.002225959001 0.03983775362 0.2507661773 -0.99495462 -0.04034547171 -0.09185612158 0.02025005287 0.8159719328 -0.5777367395 0.09826107835 -0.5766819295 -0.8110380464 0.0001003007192 0
0.6371344465 0.3313099122 0 -0.01748554687 0.1556060042 0.4763739483 -0.00226970231 0.04022124648 0.2506829825 -0.994757129 -0.04149832125 -0.09346733997 0.02083030688 0.8125846811 -0.5824708013 0.1001216891 -0.5813639354 -0.8074599817 0.0001026467855 0
0.6442321809 0.3350007341 0 -0.0178669606 0.1571867177 0.4756404604 -0.002320205113 0.04065921438 0.2505869323 -0.99452454 -0.04284067792 -0.09531849605 0.02150604384 0.8086847086 -0.5878490726 0.102266463 -0.5866802522 -0.8033354543 0.0001053720629 0
0.6513299153 0.338691556 0 -0.01825214509 0.1587624763 0.474899721 -0.002371251912 0.04109684856 0.2504898477 -0.9942844661 -0.0442096541 -0.09717976614 0.0221952911 0.80475436 -0.5931928769 0.1044306924 -0.5919593961 -0.799173513 0.0001081448036 0
0.6584276497 0.3423823779 0 -0.01864108571 0.160333232 0.4741517582 -0.0024228422 0.04153414546 0.2503917298 -0.9940367596 -0.04560540319 -0.09905083467 0.02289813172 0.8007940272 -0.5985019645 0.1066142402 -0.5972010324 -0.7949744214 0.0001109654972 0
0.6655253841 0.3460731997 0 -0.01903376769 0.1618989369 0.4733966006 -0.002474975459 0.04197110151 0.2502925796 -0.9937812717 -0.04702807435 -0.1009313841 0.02361464678 0.7968041051 -0.6037760897 0.108816968 -0.6024048292 -0.7907384455 0.0001138346354 0
0.6726231185 0.3497640216 0 -0.0194301761 0.1634595437 0.4726342767 -0.002527651172 0.04240771317 0.250192398 -0.993517853 -0.04847781249 -0.1028210949 0.02434491538 0.7927849909 -0.6090150107 0.1110387363 -0.6075704567 -0.7864658538 0.0001167527121 0
0.6797208529 0.3534548435 0 -0.0198302959 0.1650150049 0.4718648156 -0.002580868813 0.04284397688 0.2500911861 -0.9932463531 -0.04995475826 -0.1047196457 0.02508901459 0.7887370844 -0.6142184896 0.1132794042 -0.6126975875 -0.782156917 0.0001197202233 0
0.6868185874 0.3571456654 0 -0.02023411189 0.1665652734 0.4710882464 -0.00263462785 0.0432798891 0.2499889448 -0.992966621 -0.05145904798 -0.1066267133 0.02584701945 0.7846607878 -0.6193862927 0.1155388299 -0.6177858969 -0.7778119081 0.0001227376671 0
0.6939163218 0.3608364873 0 -0.02064160875 0.1681103024 0.4703045986 -0.002688927747 0.04371544629 0.2498856753 -0.9926785048 -0.05299081367 -0.1085419728 0.02661900296 0.7805565058 -0.6245181903 0.1178168701 -0.6228350624 -0.7734311024 0.0001258055436 0
0.7010140562 0.3645273092 0 -0.02105277102 0.1696500452 0.4695139019 -0.002743767963 0.04415064491 0.2497813786 -0.9923818518 -0.05455018298 -0.1104650972 0.02740503608 0.7764246452 -0.6296139566 0.1201133805 -0.6278447641 -0.7690147775 0.0001289243547 0
0.7072245738 0.3677567784 0 -0.02141553253 0.1709929473 0.4688162836 -0.002792195953 0.04453114678 0.249689277 -0.9921151572 -0.05593737175 -0.1121540247 0.02810439435 0.772786966 -0.6340429388 0.122137864 -0.6321956309 -0.7651215763 0.000131695493 0
0.7143223082 0.3714476003 0 -0.02183352528 0.1725226535 0.4680124514 -0.002848047788 0.04496566355 0.249583057 -0.9918020842 -0.05754882668 -0.1140910094 0.02891695457 0.7686045006 -0.6390703649 0.124468613 -0.6371304844 -0.7606394088 0.0001349111667 0
0.7214200426 0.3751384222 0 -0.02225513824 0.1740469406 0.4672016572 -0.002904438355 0.0453998116 0.2494758128 -0.9914800317 -0.05918822781 -0.1160349103 0.02974375688 0.7643956395 -0.6440610337 0.1268174106 -0.6420249683 -0.7561225327 0.0001381792292 0
0.728517777 0.378829244 0 -0.02268035542 0.1755657628 0.4663839319 -0.002961367091 0.04583358741 0.2493675455 -0.9911488447 -0.0608556857 -0.1179853943 0.03058486421 0.7601607982 -0.6490147355 0.1291841082 -0.6468787725 -0.751571234 0.0001415001902 0
0.7356155114 0.3825200659 0 -0.02310916071 0.1770790745 0.4655593063 -0.003018833428 0.04626698745 0.2492582561 -0.9908083671 -0.0625513065 -0.1199421266 0.03144033736 0.7559003944 -0.6539312647 0.1315685558 -0.6516915895 -0.7469858012 0.0001448745608 0
0.7427132458 0.3862108878 0 -0.02354153785 0.1785868305 0.4647278118 -0.003076836794 0.04670000821 0.2491479458 -0.9904584426 -0.06427519183 -0.1219047713 0.03231023504 0.7516148477 -0.65881042 0.1339706022 -0.6564631143 -0.7423665249 0.0001483028542 0
0.7498109802 0.3899017097 0 -0.02397747048 0.1800889856 0.4638894798 -0.003135376609 0.04713264618 0.2490366157 -0.990098914 -0.06602743883 -0.1238729907 0.03319461381 0.7473045799 -0.6636520041 0.1363900954 -0.6611930446 -0.7377136976 0.0001517855852 0
0.7569087147 0.3935925316 0 -0.02441694209 0.1815854951 0.4630443421 -0.00319445229 0.04756489786 0.2489242669 -0.9897296238 -0.06780814014 -0.1258464458 0.03409352814 0.7429700146 -0.6684558241 0.1388268819 -0.6658810807 -0.7330276143 0.0001553232705 0
0.7640064491 0.3972833535 0 -0.02485993603 0.1830763142 0.4621924307 -0.003254063247 0.04799675974 0.2488109005 -0.9893504138 -0.06961738384 -0.1278247964 0.03500703033 0.7386115773 -0.6732216914 0.1412808074 -0.6705269255 -0.7283085718 0.0001589164285 0
0.7702169667 0.4005128227 0 -0.02525043198 0.1843760781 0.461441477 -0.003306661461 0.04837431638 0.2487108711 -0.989010343 -0.07122395153 -0.1295596005 0.03581835084 0.7347786981 -0.677360547 0.1434419293 -0.6745571982 -0.7241526078 0.0001621063553 0
0.7773147011 0.4042036446 0 -0.02569998502 0.1858561085 0.4605769519 -0.003367274454 0.04880543797 0.2485955999 -0.9886121055 -0.07308693376 -0.1315462083 0.03675933877 0.730376654 -0.6820547591 0.1459275705 -0.6791231431 -0.7193725743 0.0001658049275 0
0.7844124355 0.4078944665 0 -0.02615301186 0.1873303216 0.4597057464 -0.003428421 0.04923615972 0.2484793144 -0.9882034909 -0.07497868618 -0.1335367263 0.03771505297 0.7259519712 -0.6867104997 0.1484299007 -0.6836460577 -0.714560447 0.0001695604718 0
0.7915101699 0.4115852883 0 -0.02660949537 0.1887986738 0.4588278935 -0.003490100489 0.04966647815 0.2483620159 -0.9877843391 -0.07689927914 -0.1355308093 0.03868553738 0.7215050819 -0.6913275967 0.1509487615 -0.6881256554 -0.7097165306 0.0001733735133 0
0.7986079043 0.4152761102 0 -0.02706941829 0.1902611216 0.4579434264 -0.003552312305 0.05009638977 0.2482437054 -0.9873544899 -0.07884877836 -0.1375281112 0.03967083375 0.7170364201 -0.6959058825 0.1534839932 -0.6925616525 -0.704841132 0.0001772445782 0
0.8057056387 0.4189669321 0 -0.02753276325 0.191717622 0.4570523784 -0.003615055828 0.0505258911 0.2481243842 -0.9869137826 -0.08082724493 -0.1395282848 0.04067098166 0.712546421 -0.7004451935 0.1560354352 -0.6969537677 -0.6999345603 0.0001811741946 0
0.8128033731 0.422657754 0 -0.02799951272 0.1931681319 0.4561547832 -0.003678330433 0.05095497869 0.2480040535 -0.9864620559 -0.08283473528 -0.1415309819 0.04168601851 0.7080355218 -0.7049453708 0.1586029258 -0.7013017229 -0.6949971262 0.0001851628921 0
0.8199011075 0.4263485759 0 -0.02846964909 0.1946126087 0.4552506748 -0.003742135487 0.05138364905 0.2478827145 -0.9859991486 -0.08487130118 -0.1435358534 0.04271597947 0.7035041606 -0.7094062596 0.1611863024 -0.7056052426 -0.6900291426 0.0001892112017 0
0.8269988419 0.4300393978 0 -0.02894315461 0.19605101 0.4543400873 -0.003806470354 0.05181189873 0.2477603684 -0.9855248988 -0.08693698975 -0.1455425492 0.04376089753 0.6989527772 -0.7138277097 0.1637854012 -0.709864054 -0.6850309243 0.0001933196561 0
0.8332093596 0.433268867 0 -0.02936022165 0.1973045942 0.4535380353 -0.003863197472 0.05218626939 0.2476524904 -0.9851004986 -0.08876839038 -0.1472996286 0.04468749456 0.694954239 -0.7176640116 0.1660723804 -0.713553627 -0.6806329303 0.000196964311 0
0.840307094 0.4369596889 0 -0.02983999605 0.1987314904 0.4526153922 -0.003928524006 0.05261372098 0.2475282593 -0.9846045449 -0.09088879455 -0.1493087984 0.04576053836 0.6903665038 -0.7220111243 0.1687005138 -0.7177278854 -0.6755788771 0.0002011869777 0
0.8474048284 0.4406505108 0 -0.0303230879 0.2001521906 0.4516863694 -0.003994378494 0.05304074196 0.2474030248 -0.9840967822 -0.09303843065 -0.1513187814 0.04684862174 0.6857600178 -0.7263183906 0.1713438934 -0.7218566675 -0.6704955047 0.0002054713288 0
0.8545025628 0.4443413326 0 -0.03080947896 0.2015666534 0.450751002 -0.00406076028 0.05346732888 0.2472767879 -0.9835770481 -0.09521732754 -0.1533292245 0.04795176907 0.6811352257 -0.7305856775 0.1740023517 -0.7259397116 -0.6653831353 0.0002098179027 0
0.8616002972 0.4480321545 0 -0.03129915091 0.2029748375 0.4498093252 -0.004127668701 0.05389347831 0.2471495501 -0.9830451794 -0.09742550938 -0.1553397739 0.04907000249 0.6764925731 -0.7348128561 0.1766757202 -0.729976759 -0.6602420929 0.0002142272393 0
0.8686980316 0.4517229764 0 -0.03179208529 0.2043767021 0.4488613744 -0.00419510309 0.05431918682 0.2470213126 -0.9825010133 -0.09966299558 -0.1573500752 0.05020334193 0.6718325066 -0.7389998021 0.1793638295 -0.733967554 -0.6550727031 0.0002186998797 0
0.875795766 0.4554137983 0 -0.03228826353 0.2057722066 0.4479071855 -0.004263062775 0.05474445097 0.2468920767 -0.9819443866 -0.1019298008 -0.1593597734 0.05135180503 0.6671554741 -0.7431463958 0.1820665093 -0.7379118438 -0.6498752935 0.0002232363666 0
0.8828935004 0.4591046202 0 -0.03278766694 0.2071613107 0.4469467943 -0.004331547077 0.05516926733 0.2467618437 -0.981375136 -0.1042259349 -0.1613685131 0.05251540724 0.6624619241 -0.7472525217 0.1847835884 -0.7418093782 -0.6446501934 0.0002278372441 0
0.8899912348 0.4627954421 0 -0.03329027673 0.2085439741 0.4459802371 -0.004400555314 0.0555936325 0.2466306148 -0.9807930981 -0.1065514032 -0.1633759382 0.05369416171 0.6577523062 -0.7513180689 0.1875148946 -0.7456599105 -0.6393977339 0.0002325030575 0
0.8962017524 0.4660249113 0 -0.03373267565 0.20974849 0.4451294699 -0.00446136677 0.05596457921 0.2465149737 -0.980273197 -0.1086102514 -0.1651310766 0.05473801011 0.6536185638 -0.7548420519 0.1899163221 -0.748990378 -0.6347796502 0.0002366393418 0
0.9032994869 0.4697157332 0 -0.03424124631 0.2111189703 0.4441514494 -0.004531355524 0.05638808918 0.2463818813 -0.9796667427 -0.1109907182 -0.167135076 0.05594520276 0.6488800331 -0.7588312309 0.192673837 -0.752752126 -0.6294767902 0.000241428385 0
0.9103972213 0.4734065551 0 -0.03475296866 0.2124828963 0.443167368 -0.004601866219 0.05681113815 0.2462477969 -0.9790470314 -0.1134005074 -0.1691367354 0.05716757298 0.6441267311 -0.7627795375 0.1954450791 -0.7564661785 -0.6241475322 0.0002462839398 0
0.9174949557 0.477097377 0 -0.03526782344 0.2138402289 0.4421772626 -0.004672898153 0.05723372271 0.2461127219 -0.9784138996 -0.1158396055 -0.1711356973 0.05840512523 0.6393591105 -0.7666868782 0.1982298727 -0.7601323001 -0.6187922139 0.0002512065568 0
0.9245926901 0.4807881988 0 -0.03578579132 0.2151909295 0.4411811705 -0.004744450616 0.05765583948 0.2459766576 -0.977767184 -0.1183079944 -0.1731316042 0.05965786166 0.6345776241 -0.770553164 0.2010280415 -0.7637502586 -0.6134111746 0.000256196788 0
0.9316904245 0.4844790207 0 -0.03630685284 0.2165349595 0.4401791292 -0.004816522895 0.05807748506 0.2458396054 -0.9771067213 -0.1208056512 -0.1751240985 0.06092578217 0.6297827255 -0.7743783105 0.2038394081 -0.7673198247 -0.6080047552 0.0002612551867 0
0.9387881589 0.4881698426 0 -0.03683098841 0.2178722808 0.4391711761 -0.004889114272 0.05849865607 0.2457015666 -0.9764323483 -0.123332548 -0.1771128222 0.0622088844 0.6249748686 -0.7781622378 0.2066637944 -0.7708407723 -0.6025732984 0.0002663823074 0
0.9458858933 0.4918606645 0 -0.03735817837 0.2192028553 0.4381573493 -0.004962224021 0.05891934913 0.2455625428 -0.9757439019 -0.1258886525 -0.1790974176 0.06350716373 0.620154508 -0.7819048704 0.2095010215 -0.7743128782 -0.5971171482 0.0002715787059 0
0.9529836277 0.4955514864 0 -0.03788840292 0.2205266456 0.4371376867 -0.005035851414 0.05933956087 0.2454225351 -0.9750412193 -0.1284739273 -0.1810775267 0.06482061325 0.6153220985 -0.7856061375 0.2123509095 -0.7777359225 -0.5916366504 0.0002768449394 0
0.9591941453 0.4987809556 0 -0.03835482309 0.2216793675 0.4362407248 -0.005100699435 0.05970684866 0.2452992226 -0.9744145658 -0.1307599385 -0.1828061606 0.06598231872 0.611084214 -0.7888107612 0.2148548056 -0.7806906698 -0.5868215151 0.0002815106191 0
0.9662918797 0.5024717775 0 -0.03889068382 0.2229903369 0.4352102234 -0.005175295426 0.06012614884 0.2451573742 -0.9736847517 -0.1333997903 -0.1847768932 0.06732418586 0.6062304395 -0.7924342927 0.2177279457 -0.7840211414 -0.5812963027 0.000286909299 0
0.9733896142 0.5061625994 0 -0.03942952166 0.2242944153 0.4341739968 -0.005250406936 0.06054495803 0.2450145462 -0.9729402339 -0.1360686784 -0.1867421109 0.06868119071 0.6013659252 -0.79601628 0.2206132254 -0.7873019362 -0.5757477451 0.0002923794226 0
0.9804873486 0.5098534213 0 -0.03997131644 0.2255915664 0.4331320838 -0.005326033215 0.06096327288 0.24487074 -0.9721808505 -0.1387665468 -0.1887014559 0.07005331759 0.5964911267 -0.79955667 0.2235104621 -0.7905328464 -0.5701761939 0.0002979215517 0
0.987585083 0.5135442431 0 -0.04051604785 0.2268817538 0.4320845234 -0.00540217351 0.06138109003 0.244725957 -0.9714064395 -0.141493335 -0.1906545712 0.07144054854 0.5916064998 -0.8030554137 0.2264194722 -0.7937136673 -0.564582002 0.0003035362495 0
0.9946828174 0.517235065 0 -0.04106369549 0.2281649416 0.4310313548 -0.005478827059 0.06179840616 0.2445801986 -0.9706168394 -0.1442489773 -0.1926010995 0.07284286332 0.5867125002 -0.806512467 0.2293400712 -0.7968441972 -0.5589655241 0.0003092240803 0
1.001780552 0.5209258869 0 -0.04161423886 0.2294410943 0.4299726176 -0.0055559931 0.06221521791 0.2444334664 -0.9698118892 -0.1470334036 -0.1945406842 0.07426023946 0.5818095838 -0.80992779 0.2322720742 -0.7999242379 -0.5533271158 0.0003149856098 0
1.008878286 0.5246167088 0 -0.04216765736 0.2307101764 0.4289083512 -0.005633670862 0.06263152197 0.2442857617 -0.9689914279 -0.1498465387 -0.1964729691 0.07569265218 0.5768982062 -0.8133013476 0.2352152953 -0.8029535942 -0.5476671346 0.0003208214048 0
1.015976021 0.5283075307 0 -0.0427239303 0.2319721529 0.4278385956 -0.00571185957 0.063047315 0.2441370862 -0.968155295 -0.1526883029 -0.198397598 0.07714007447 0.571978823 -0.8166331092 0.2381695482 -0.8059320742 -0.541985939 0.0003267320331 0
1.023073755 0.5319983526 0 -0.04328303687 0.233226989 0.4267633906 -0.005790558445 0.06346259369 0.2439874413 -0.9673033306 -0.1555586116 -0.2003142158 0.07860247705 0.5670518894 -0.8199230484 0.2411346455 -0.8088594891 -0.536283889 0.000332718064 0
1.029284273 0.5352278218 0 -0.04377456316 0.2343190862 0.4258181478 -0.005859837839 0.06382553802 0.2438557079 -0.9665447494 -0.1580934768 -0.2019844055 0.07989434307 0.5627349866 -0.8227674208 0.2437378539 -0.8113789419 -0.5312777721 0.0003380181431 0
1.036382007 0.5389186437 0 -0.0443389264 0.2355604416 0.4247328339 -0.005939491157 0.06423984339 0.2437042494 -0.9656626708 -0.1610170617 -0.203885046 0.08138474689 0.5577951224 -0.8259788886 0.2467227778 -0.8142101125 -0.5255375949 0.0003441470919 0
1.043479741 0.5426094656 0 -0.04490606293 0.2367945583 0.4236421867 -0.006019652371 0.06465362491 0.2435518258 -0.9647643031 -0.1639689212 -0.2057766564 0.08289003423 0.5528490153 -0.829148484 0.2497180043 -0.8169896934 -0.5197776055 0.0003503530861 0
1.050577476 0.5463002874 0 -0.0454759516 0.2380214029 0.4225462469 -0.006100320681 0.06506687928 0.2433984387 -0.9638494879 -0.1669489523 -0.2076588838 0.08441016707 0.5478971192 -0.8322761984 0.2527233436 -0.8197175087 -0.5139981688 0.0003566366994 0
1.05767521 0.5499911093 0 -0.04604857113 0.2392409419 0.4214450555 -0.006181495283 0.06547960321 0.2432440895 -0.9629180675 -0.1699570473 -0.2095313756 0.08594510516 0.5429398877 -0.8353620276 0.2557386052 -0.8223933854 -0.5081996511 0.0003629985065 0
1.064772945 0.5536819312 0 -0.04662390016 0.2404531426 0.4203386535 -0.006263175367 0.06589179342 0.24308878 -0.9619698848 -0.1729930937 -0.2113937803 0.08749480597 0.5379777737 -0.838405972 0.2587635982 -0.8250171541 -0.5023824198 0.0003694390835 0
1.071870679 0.5573727531 0 -0.04720191725 0.241657972 0.4192270822 -0.00634536012 0.06630344662 0.2429325115 -0.9610047831 -0.1760569742 -0.213245747 0.08905922477 0.5330112295 -0.8414080364 0.2617981307 -0.8275886485 -0.4965468434 0.0003759590073 0
1.078968414 0.561063575 0 -0.04778260086 0.242855398 0.418110383 -0.00642804872 0.06671455955 0.2427752858 -0.9600226067 -0.1791485669 -0.2150869259 0.09063831458 0.5280407069 -0.84436823 0.2648420107 -0.8301077056 -0.4906932917 0.0003825588563 0
1.086066148 0.5647543969 0 -0.04836592935 0.2440453884 0.4169885974 -0.006511240343 0.06712512894 0.2426171043 -0.9590232 -0.1822677451 -0.2169169679 0.09223202617 0.5230666568 -0.8472865666 0.2678950452 -0.8325741658 -0.4848221356 0.0003892392098 0
