0.003947509142 0.00438066932 -0.003173007848 -1.46987968e-06 0.001006611914 0.5099986755 -1.84475793e-07 0.0002505067788 0.2549998361 -1 -2.197437639e-08 -8.560145813e-06 1.164789779e-08 0.9999922864 -0.00392774906 8.560166093e-06 -0.00392774906 -0.9999922863 1.980696725e-08 -0.004220100438 0
0.00807402194 0.008959984367 -0.006489898835 -6.149119655e-06 0.002058850636 0.5099944589 -7.744298149e-07 0.0005129683135 0.2549993117 -0.9999999994 -1.912202528e-07 -3.581023494e-05 9.646597174e-08 0.9999677312 -0.008033458996 3.581061555e-05 -0.008033458994 -0.9999677306 6.178976962e-08 -0.008631565451 0
0.01220053474 0.01353929941 -0.009806789822 -1.40406357e-05 0.003111050241 0.5099873477 -1.774454372e-06 0.0007760469904 0.2549984229 -0.9999999967 -6.610322197e-07 -8.176592542e-05 3.315621569e-07 0.9999263212 -0.01213886673 8.176792519e-05 -0.01213886671 -0.9999263179 9.24508939e-08 -0.01304303046 0
0.01573754571 0.0174644266 -0.01264983924 -2.336136743e-05 0.004012889331 0.5099789486 -2.959402441e-06 0.001001825765 0.2549973696 -0.9999999907 -1.419365426e-06 -0.0001360422001 7.108798067e-07 0.9998774149 -0.01565743005 0.000136047747 -0.01565743001 -0.9998774057 9.859015168e-08 -0.01682428619 0
0.01986405851 0.02204374165 -0.01596673023 -3.721800619e-05 0.005064963258 0.5099664621 -4.724325298e-06 0.001265372122 0.2549958007 -0.9999999765 -2.854766284e-06 -0.0002167271561 1.428724452e-06 0.9998047152 -0.01976186689 0.0002167412481 -0.01976186673 -0.9998046918 8.180064151e-08 -0.0212357512 0
0.0239905713 0.02662305669 -0.01928362121 -5.42862127e-05 0.006116940957 0.5099510816 -6.900745608e-06 0.001528960162 0.254993866 -0.99999995 -5.029354505e-06 -0.0003161048084 2.516096501e-06 0.9997151769 -0.02386556042 0.0003161348028 -0.02386556002 -0.999715127 4.350593248e-08 -0.02564721622 0
0.02752758227 0.03054818388 -0.02212667063 -7.147195675e-05 0.00701854439 0.5099355952 -9.093441846e-06 0.001754887824 0.2549919168 -0.9999999134 -7.597881727e-06 -0.0004161581766 3.800337029e-06 0.9996250344 -0.02738230347 0.0004162101791 -0.02738230268 -0.9996249478 2.109304737e-08 -0.02942847194 0
0.03165409507 0.03512749892 -0.02544356162 -9.450341547e-05 0.008070290363 0.5099148411 -1.203302667e-05 0.00201844711 0.2549893036 -0.9999998486 -1.155207429e-05 -0.0005502310208 5.777241076e-06 0.9995042494 -0.03148420735 0.0005503219513 -0.03148420576 -0.999504098 8.778122131e-08 -0.03383993695 0
0.03578060787 0.03970681397 -0.02876045261 -0.0001207451359 0.009121883017 0.5098911941 -1.538317571e-05 0.002281975555 0.2549863254 -0.9999997528 -1.668337098e-05 -0.0007029727751 8.342432528e-06 0.9993666559 -0.03558492735 0.000703121228 -0.03558492441 -0.9993664087 1.780269093e-07 -0.03825140197 0
0.03931761884 0.04363194116 -0.03160350202 -0.0001457926939 0.01002311098 0.5098686233 -1.858138494e-05 0.002507831559 0.2549834823 -0.9999996396 -2.213450541e-05 -0.0008487449866 1.106730972e-05 0.9992353506 -0.03909877117 0.0008489614262 -0.03909876647 -0.9992349902 2.679186266e-07 -0.04203265769 0
0.04344413164 0.0482112562 -0.03492039301 -0.0001779946864 0.01107436591 0.5098396054 -2.26936203e-05 0.002771301046 0.2549798266 -0.9999994628 -2.985772575e-05 -0.001036127668 1.492763875e-05 0.9990665789 -0.04319688398 0.001036450285 -0.04319687624 -0.9990660417 3.863960864e-07 -0.04644412271 0
0.04757064444 0.05279057125 -0.038237284 -0.0002134050372 0.01212541046 0.5098076964 -2.721606874e-05 0.003034740211 0.2549758063 -0.9999992278 -3.919484503e-05 -0.001242144611 1.959423604e-05 0.9988810422 -0.04729337314 0.00124260836 -0.04729336096 -0.9988802701 5.190123677e-07 -0.05085558772 0
0.05110765541 0.05671569843 -0.04108033342 -0.0002463097478 0.01302612321 0.5097780453 -3.141889421e-05 0.003260521913 0.2549720701 -0.9999989713 -4.859825242e-05 -0.001433550815 2.429355566e-05 0.9987086813 -0.05080324078 0.001434168593 -0.05080322335 -0.9987076527 6.437064687e-07 -0.05463684344 0
0.05523416821 0.06129501348 -0.0443972244 -0.0002876762813 0.01407672411 0.5097407691 -3.670298397e-05 0.003523907466 0.2549673727 -0.9999985968 -6.133714423e-05 -0.001674134272 3.06591805e-05 0.9984920603 -0.05489630701 0.001674976961 -0.05489628131 -0.9984906573 8.018959777e-07 -0.05904830846 0
0.059360681 0.06587432853 -0.04771411539 -0.0003322486728 0.0151270576 0.509700604 -4.239710628e-05 0.003787265066 0.2549623108 -0.9999981283 -7.612519157e-05 -0.001933306509 3.804798624e-05 0.9982587318 -0.05898731094 0.001934430525 -0.05898727409 -0.9982568605 9.737016072e-07 -0.06345977347 0
0.06289769197 0.06979945571 -0.05055716481 -0.0003730044128 0.01602711552 0.5096638782 -4.760409579e-05 0.0040129781 0.2549576819 -0.9999976409 -9.05467706e-05 -0.002170235327 4.525293806e-05 0.9980454558 -0.06249212818 0.002171651967 -0.06249207896 -0.9980430973 1.131785582e-06 -0.06724102919 0
0.06702420477 0.07437877076 -0.0538740558 -0.0004235277895 0.01707689953 0.5096183506 -5.405957159e-05 0.00427628425 0.2549519431 -0.9999969586 -0.000109543197 -0.002463879578 5.474240977e-05 0.9977811622 -0.06657889578 0.002465705894 -0.06657882817 -0.9977781216 1.32886357e-06 -0.07165249421 0
0.07115071757 0.07895808581 -0.05719094678 -0.0004772539274 0.01812635918 0.5095699369 -6.09249363e-05 0.004539562493 0.25494584 -0.9999961382 -0.0001310220822 -0.002776056331 6.547061877e-05 0.9975002321 -0.07066316385 0.002778375269 -0.07066307271 -0.9974963713 1.53961493e-06 -0.07606395922 0
0.07468772854 0.08288321299 -0.0600339962 -0.0005258531129 0.01902562276 0.5095261432 -6.713573521e-05 0.004765207054 0.2549403188 -0.9999953117 -0.0001515229485 -0.003058369941 7.570907125e-05 0.9972462147 -0.07416185991 0.00306118507 -0.07416174376 -0.9972415279 1.731203375e-06 -0.07984521495 0
0.07881424134 0.08746252804 -0.06335088719 -0.0005855239316 0.02007442719 0.5094723726 -7.47621901e-05 0.005028432311 0.254933539 -0.9999941875 -0.0001780128079 -0.003404904197 8.893679937e-05 0.9969344639 -0.07824108117 0.003408394254 -0.07824092921 -0.9969286533 1.967581692e-06 -0.08425667996 0
0.08294075414 0.09204184309 -0.06666777817 -0.000648393819 0.02112285038 0.5094157193 -8.279838966e-05 0.005291628155 0.254926395 -0.9999928724 -0.0002074160634 -0.003769903925 0.0001036171782 0.9966061611 -0.08231736737 0.003774183423 -0.08231717127 -0.9965990361 2.217920635e-06 -0.08866814497 0
0.08647776511 0.09596697027 -0.06951082759 -0.0007048274073 0.02202118029 0.5093648659 -9.001264377e-05 0.005517200609 0.2549199817 -0.9999915778 -0.0002350515377 -0.004097438178 0.0001174129764 0.9963116094 -0.0858088757 0.004102494734 -0.08580863409 -0.9963031907 2.443708882e-06 -0.0924494007 0
0.0906042779 0.1005462853 -0.07282771858 -0.0007736345654 0.02306884267 0.5093028623 -9.880965528e-05 0.005780339747 0.2549121614 -0.9999898534 -0.000270263586 -0.004496660982 0.0001349884112 0.9959526554 -0.08987930807 0.004502752549 -0.0898790031 -0.9959425134 2.720337554e-06 -0.09686086571 0
0.0947307907 0.1051256004 -0.07614460957 -0.0008456365048 0.02411606698 0.50923798 -0.0001080162546 0.006043447088 0.2549039769 -0.9999878772 -0.0003088171903 -0.004914271532 0.0001542284822 0.9955772473 -0.09394637186 0.004921549179 -0.09394599089 -0.9955651305 3.011340204e-06 -0.1012723307 0
0.09826780167 0.1090507276 -0.07898765898 -0.0009098939961 0.0250133241 0.5091800762 -0.0001162335792 0.006268941626 0.2548966719 -0.9999859652 -0.0003446357924 -0.005286836085 0.0001721007497 0.9952424013 -0.09742963082 0.005295261178 -0.09742917328 -0.995228374 3.272337384e-06 -0.1050535864 0
0.1023943145 0.1136300426 -0.08230454997 -0.0009878246922 0.02605968217 0.5091098513 -0.0001262006837 0.006531987313 0.2548878114 -0.9999834586 -0.0003897904709 -0.005738515474 0.0001946275696 0.9948365365 -0.1014900378 0.005748444708 -0.1014894759 -0.9948200047 3.59048314e-06 -0.1094650515 0
0.1065208273 0.1182093576 -0.08562144096 -0.001068945288 0.02710554546 0.5090367519 -0.000136577202 0.006794998319 0.2548785869 -0.9999806309 -0.00043871168 -0.00620849425 0.0002190287999 0.994414329 -0.105546645 0.00622012019 -0.1055459605 -0.994394972 3.923502943e-06 -0.1138765165 0
0.1100578382 0.1221344848 -0.08846449038 -0.001141014728 0.02800159086 0.5089718087 -0.0001457971709 0.007020407899 0.2548703905 -0.9999779317 -0.000483754129 -0.006625872718 0.0002414912452 0.9940394614 -0.1090205986 0.006639118112 -0.1090197928 -0.9940174077 4.220932236e-06 -0.1176577722 0
0.114184351 0.1267137999 -0.09178138136 -0.001228054465 0.02904648265 0.5088933754 -0.0001569338539 0.007283351597 0.2548604903 -0.9999744372 -0.0005400624008 -0.007129746414 0.0002695665494 0.9935870163 -0.1130697505 0.007145088187 -0.113068782 -0.9935614718 4.582090265e-06 -0.1220692372 0
0.1183108638 0.1312931149 -0.09509827235 -0.001318278627 0.03009082304 0.5088120726 -0.0001684797576 0.007546257438 0.2548502262 -0.9999705441 -0.0006005585869 -0.007651820576 0.0002997235461 0.9931183531 -0.117114674 0.007669497672 -0.1171135177 -0.9930889199 4.958691075e-06 -0.1264807022 0
0.1218478748 0.1352182421 -0.09794132177 -0.00139814661 0.03098551806 0.508740102 -0.0001787018983 0.007771574296 0.2548411389 -0.9999668677 -0.0006558568086 -0.00811377071 0.0003272837748 0.992703769 -0.1205782727 0.008133652846 -0.1205769331 -0.9926706639 5.293944462e-06 -0.130261958 0
0.1259743876 0.1397975572 -0.1012582128 -0.001494279197 0.0320287819 0.508653475 -0.0001910075901 0.00803440675 0.2548301994 -0.9999621563 -0.0007245190034 -0.00866954633 0.0003614972829 0.9922051119 -0.1246149476 0.008692254085 -0.1246133657 -0.9921673013 5.699795834e-06 -0.134673423 0
0.1301009004 0.1443768722 -0.1045751037 -0.001593590143 0.03307143782 0.5085639839 -0.00020372229 0.008297197996 0.2548188963 -0.9999569605 -0.0007977865037 -0.009243413014 0.0003979969949 0.9916903746 -0.1286469684 0.00926923653 -0.1286451103 -0.9916473752 6.121717395e-06 -0.139084888 0
0.1336379114 0.1483019994 -0.1074181532 -0.001681241813 0.03396464407 0.5084849992 -0.0002149460813 0.008522413926 0.2548089185 -0.9999520973 -0.0008643626457 -0.009749666898 0.0004311558274 0.9912364115 -0.1320991696 0.009778406417 -0.1320970453 -0.9911885559 6.496330832e-06 -0.1428661437 0
0.1377644242 0.1528813144 -0.1107350441 -0.001786449371 0.03500611862 0.5083901946 -0.0002284201555 0.008785125443 0.2547969403 -0.9999459166 -0.000946567315 -0.01035702219 0.0004720890861 0.9906919482 -0.1361221541 0.01038946728 -0.1361196816 -0.9906379214 6.948717668e-06 -0.1472776087 0
0.141890937 0.1574606295 -0.1140519351 -0.001894828632 0.03604692887 0.5082925318 -0.0002423030049 0.009047792287 0.2547845987 -0.9999391578 -0.00103379029 -0.01098234876 0.0005155100134 0.9901315555 -0.140140062 0.0110188455 -0.1401371971 -0.9900707808 7.417854176e-06 -0.1516890737 0
0.1454279479 0.1613857567 -0.1168949846 -0.001990247689 0.03693850827 0.5082065478 -0.0002545278764 0.009272898806 0.254773731 -0.9999328782 -0.001112655747 -0.01153261302 0.0005547608096 0.9896385827 -0.1435798311 0.01157287373 -0.1435765916 -0.9895715391 7.833491271e-06 -0.1554703295 0
0.1495544607 0.1659650717 -0.1202118755 -0.002104510652 0.03797803256 0.5081035832 -0.0002691696487 0.009535479413 0.2547607147 -0.999924953 -0.00120957853 -0.01219119614 0.0006029864072 0.9890487561 -0.1475879212 0.01223620656 -0.1475841963 -0.9889738016 8.334399575e-06 -0.1598817945 0
0.1536809735 0.1705443868 -0.1235287665 -0.002221938073 0.03901683631 0.507997767 -0.0002842199428 0.009798011808 0.2547473353 -0.9999163481 -0.001311927833 -0.01286762044 0.0006538978191 0.9884431638 -0.1515905156 0.01291778728 -0.1515862489 -0.9883596207 8.852784071e-06 -0.1642932595 0
0.1572179845 0.1744695139 -0.1263718159 -0.002325106774 0.03990665112 0.5079047996 -0.0002974452742 0.01002300026 0.2547355782 -0.9999084031 -0.001404082282 -0.01346157651 0.0006997258102 0.9879115821 -0.1550168262 0.01351650372 -0.1550120466 -0.9878201099 9.311223686e-06 -0.1680745152 0
0.1613444973 0.179048829 -0.1296887069 -0.002448403897 0.04094406459 0.5077936941 -0.0003132540018 0.01028543979 0.2547215244 -0.9998984357 -0.001516884783 -0.01417100628 0.0007558066005 0.9872768717 -0.1590088281 0.01423190482 -0.159003389 -0.9871754531 9.862769793e-06 -0.1724859802 0
0.1654710101 0.183628144 -0.1330055979 -0.002574857646 0.04198070141 0.507679744 -0.0003294709774 0.01054782754 0.2547071078 -0.999887679 -0.001635516844 -0.01489813694 0.000814767762 0.986626572 -0.162994919 0.01496547872 -0.1629887497 -0.9865144205 1.043256141e-05 -0.1768974452 0
0.1690080211 0.1875532712 -0.1358486473 -0.00268575681 0.04286861427 0.5075798106 -0.0003436960981 0.01077268913 0.2546944618 -0.9998778004 -0.001741947289 -0.01553544127 0.0008676493907 0.9860568134 -0.1664067542 0.01560869951 -0.1663998987 -0.9859348063 1.093568726e-05 -0.180678701 0
0.1731345339 0.1921325863 -0.1391655383 -0.00281806517 0.04390375678 0.5074605849 -0.0003606709797 0.01103497732 0.2546793714 -0.9998654707 -0.001871775968 -0.01629530751 0.0009321377262 0.985377735 -0.1703814849 0.01637594917 -0.1703737531 -0.9852434281 1.154010621e-05 -0.185090166 0
0.1772610467 0.1967119013 -0.1424824293 -0.002953521739 0.04493806672 0.5073385222 -0.000378053815 0.0112972101 0.2546639182 -0.9998522344 -0.002007831689 -0.01707272428 0.0009996971348 0.9846832563 -0.1743498934 0.01716129098 -0.1743411981 -0.9845357468 1.216357902e-05 -0.189501631 0
0.1807980576 0.2006370285 -0.1453254787 -0.003072130751 0.04582394062 0.5072316413 -0.0003932780043 0.01152193598 0.2546503841 -0.9998401352 -0.00212951152 -0.01775300867 0.001060099404 0.9840757838 -0.1777462461 0.0178488186 -0.1777366507 -0.9839162071 1.271337044e-05 -0.1932828867 0
0.1849245704 0.2052163435 -0.1486423697 -0.003213425756 0.04685665252 0.5071043175 -0.0004114181798 0.01178406246 0.2546342577 -0.9998251011 -0.0022774966 -0.01856287251 0.001133536379 0.9833528888 -0.1817025347 0.01866768121 -0.1816917968 -0.9831783199 1.337300554e-05 -0.1976943517 0
0.1890510832 0.2097956586 -0.1519592607 -0.003357859969 0.04788847608 0.5069741649 -0.0004299659941 0.01204612989 0.2546177689 -0.9998090357 -0.002432100263 -0.01939012658 0.001210231013 0.982614795 -0.185652094 0.01950454976 -0.1856401076 -0.9824242072 1.405253843e-05 -0.2021058167 0
0.1925880942 0.2137207858 -0.1548023101 -0.003484156784 0.04877217447 0.5068603563 -0.0004461884806 0.01227071114 0.2546033472 -0.9997944101 -0.002569988323 -0.02011299843 0.001278610843 0.9819701016 -0.1890319676 0.02023617306 -0.1890188213 -0.9817649324 1.465106192e-05 -0.2058870725 0
0.196714607 0.2183001008 -0.1581192011 -0.003634412175 0.04980229661 0.5067249582 -0.0004654930311 0.0125326655 0.2545861857 -0.9997763081 -0.002737242709 -0.02097239269 0.001361525549 0.9812039769 -0.1929686555 0.02110639716 -0.1929540444 -0.9809807627 1.536835511e-05 -0.2102985375 0
0.2008411198 0.2228794159 -0.1614360921 -0.00378779719 0.05083147482 0.5065867398 -0.0004852048849 0.01279455715 0.254568662 -0.9997570425 -0.002911500906 -0.02184900704 0.001447880124 0.9804228668 -0.1968982118 0.02199453544 -0.1968820087 -0.9801804503 1.610642242e-05 -0.2147100025 0
0.2043781308 0.2268045431 -0.1642791415 -0.00392175834 0.05171286158 0.5064660248 -0.0005024248471 0.01301898481 0.2545533536 -0.9997395666 -0.00306654058 -0.02261404971 0.001524683723 0.9797414756 -0.200260621 0.02277002975 -0.2002429457 -0.9794816427 1.67558238e-05 -0.2184912582 0
0.2085046436 0.2313838581 -0.1675960325 -0.004080946198 0.05274023533 0.5063225774 -0.000522892795 0.01328075659 0.2545351577 -0.999718012 -0.003254158795 -0.02352247926 0.001617592515 0.9789327426 -0.204176563 0.02369134809 -0.2041570374 -0.9786514314 1.753330676e-05 -0.2229027232 0
0.2126311564 0.2359631732 -0.1709129235 -0.004243253517 0.05376660977 0.506176319 -0.00054376769 0.01354246199 0.2545166 -0.9996951541 -0.003449159367 -0.02444794908 0.001714118757 0.9781092498 -0.208084976 0.02463048338 -0.2080634488 -0.9778051649 1.833246956e-05 -0.2273141882 0
0.2161681673 0.2398883003 -0.1737559729 -0.004384854115 0.05464554926 0.5060487199 -0.0005619842558 0.01376672709 0.2545004056 -0.9996744861 -0.003622277675 -0.02525472219 0.001799780997 0.9773917132 -0.2114289472 0.02544961055 -0.2114055771 -0.9770670393 1.90349667e-05 -0.231095444 0
0.2202946801 0.2444676154 -0.1770728639 -0.004552944867 0.05567001657 0.5058972499 -0.0005836145644 0.0140283058 0.2544811763 -0.9996490732 -0.003831334814 -0.02621166436 0.001903186772 0.9765410274 -0.2153230124 0.0264217402 -0.2152973354 -0.9761910412 1.987525251e-05 -0.235506909 0
0.2244211929 0.2490469304 -0.1803897549 -0.00472414434 0.05669342938 0.5057429786 -0.0006056514435 0.01428981447 0.2544615856 -0.9996222103 -0.004048145813 -0.02718545743 0.002010382701 0.9756758192 -0.2192091561 0.02741158408 -0.2191809943 -0.9752990807 2.073815052e-05 -0.239918374 0
0.2279582039 0.2529720576 -0.1832328043 -0.004873358083 0.05756978648 0.5056085191 -0.0006248636904 0.01451390802 0.254444506 -0.9995979908 -0.004240252527 -0.02803349725 0.002105326507 0.9749227186 -0.2225337286 0.02827409256 -0.2225032876 -0.9745218636 2.149602653e-05 -0.2436996297 0
0.2320847167 0.2575513727 -0.1865496953 -0.00505032051 0.05859118989 0.5054490547 -0.0006476552645 0.01477528317 0.2544242443 -0.9995682939 -0.00447180323 -0.02903840224 0.002219717998 0.9740307691 -0.2264048007 0.02929673499 -0.2263715174 -0.9736003479 2.240180194e-05 -0.2481110947 0
0.2362112295 0.2621306877 -0.1898665863 -0.005230380342 0.05961148384 0.5052867992 -0.0006708530118 0.01503658459 0.2544036215 -0.9995369932 -0.004711471897 -0.03005995938 0.002338067224 0.9731245461 -0.2302675644 0.03033698349 -0.2302312312 -0.9726629671 2.333114597e-05 -0.2525225597 0
0.2397482405 0.2660558149 -0.1927096357 -0.005387179522 0.06048512395 0.5051455043 -0.000691059967 0.01526049759 0.2543856575 -0.9995088457 -0.004923458669 -0.03094877918 0.002442702978 0.9723364911 -0.2335717903 0.03124260841 -0.2335326692 -0.9718468973 2.41467429e-05 -0.2563038155 0
0.2438747533 0.2706351299 -0.1960265267 -0.005572980762 0.06150330664 0.5049780751 -0.0007150116525 0.01552165867 0.2543643644 -0.999474419 -0.00517853611 -0.03200107052 0.002568554059 0.9714039997 -0.2374187689 0.03231544957 -0.2373761826 -0.9708801469 2.512076117e-05 -0.2607152805 0
0.2480012661 0.275214445 -0.1993434177 -0.005761867522 0.06252032514 0.5048078654 -0.0007393690934 0.01578274235 0.2543427106 -0.999438228 -0.00544208787 -0.03306980603 0.002698525093 0.9704574952 -0.2412570577 0.03340578323 -0.2412107659 -0.9698976338 2.611932616e-05 -0.2651267455 0
0.251538277 0.2791395722 -0.2021864671 -0.005926223027 0.06339111422 0.5046597614 -0.0007605697336 0.01600646577 0.2543238631 -0.9994057591 -0.00567482738 -0.03399889647 0.002813250048 0.9696351234 -0.244540003 0.03435424648 -0.2444903348 -0.9690429619 2.699503921e-05 -0.2689080012 0
0.2556647898 0.2837188872 -0.2055033581 -0.006120828588 0.06440592002 0.5044843984 -0.0007856803176 0.01626740228 0.2543015397 -0.9993661376 -0.005954442278 -0.03509797148 0.002951019055 0.9686628443 -0.2483618038 0.03547695691 -0.2483079514 -0.9680312737 2.804011348e-05 -0.2733194662 0
0.2597913026 0.2882982023 -0.2088202491 -0.006318507212 0.06541950716 0.5043062662 -0.0008111962187 0.0165282577 0.2542788559 -0.9993245845 -0.006242879763 -0.03621327362 0.00309306464 0.9676768234 -0.2521745394 0.03661704091 -0.2521162268 -0.9670039299 2.911073207e-05 -0.2777309312 0
0.2633283136 0.2922233295 -0.2116632985 -0.006490388535 0.06628731176 0.5041513805 -0.0008333894705 0.01675178255 0.254259126 -0.9992873847 -0.006497224882 -0.03718210319 0.003218262343 0.9668207994 -0.2554352847 0.03760805122 -0.2553729194 -0.9661109183 3.004900418e-05 -0.281512187 0
0.2674548264 0.2968026445 -0.2149801895 -0.0066937623 0.06729858523 0.5039681163 -0.0008596576816 0.01701248397 0.2542357734 -0.9992420845 -0.006802364536 -0.03832733347 0.003368391413 0.9658095181 -0.2592308405 0.03878028614 -0.2591634669 -0.965054603 3.116800138e-05 -0.285923652 0
0.2715813392 0.3013819595 -0.2182970804 -0.006900196102 0.06830858579 0.5037820947 -0.0008863307509 0.01727310063 0.2542120608 -0.9991946789 -0.00711666662 -0.03948856494 0.003522947859 0.9647847774 -0.2630169618 0.03996977036 -0.2629442648 -0.9639827442 3.2313558e-05 -0.290335117 0
0.2751183502 0.3053070867 -0.2211401299 -0.007079571348 0.06917327307 0.503620456 -0.0009095154905 0.01749641789 0.2541914493 -0.9991523227 -0.007393449593 -0.04049658037 0.003658987598 0.9638957923 -0.2662546026 0.0410030234 -0.2661770811 -0.9630516671 3.331687495e-05 -0.2941163727 0
0.279244863 0.3098864018 -0.2244570209 -0.007291675579 0.07018085948 0.5034293246 -0.0009369399985 0.01775687371 0.2541670686 -0.9991008413 -0.00772507693 -0.04168731227 0.003821902016 0.9628463252 -0.270022864 0.04222442283 -0.2699393955 -0.9619510491 3.451271026e-05 -0.2985278377 0
0.2833713758 0.3144657168 -0.2277739118 -0.007506826261 0.07118711899 0.503235448 -0.0009647688854 0.0180172411 0.2541423284 -0.9990470747 -0.008066197795 -0.04289381075 0.003989388565 0.9617836915 -0.273781328 0.04346294199 -0.2736915549 -0.9608350043 3.573613574e-05 -0.3029393027 0
0.2869083867 0.318390844 -0.2306169613 -0.007693662153 0.07204855678 0.5030670865 -0.0009889439388 0.01824034178 0.2541208365 -0.9989991212 -0.008366229441 -0.04394043744 0.004136624818 0.9608624626 -0.2769949752 0.04453812045 -0.2768995019 -0.9598661478 3.680702166e-05 -0.3067205585 0
0.2910348995 0.3229701591 -0.2339338522 -0.007914457506 0.07305230214 0.5028681233 -0.001017523355 0.0185005415 0.254095429 -0.9989409388 -0.008725282098 -0.04517599267 0.004312732394 0.959775656 -0.2807349113 0.04580830929 -0.2806324278 -0.958721565 3.808265339e-05 -0.3111320235 0
0.2951614123 0.3275494741 -0.2372507432 -0.00813828516 0.07405466691 0.5026664277 -0.00104650665 0.01876064912 0.2540696624 -0.9988802849 -0.009094150314 -0.04642707131 0.004493550589 0.958675986 -0.2844646935 0.04709548305 -0.2843547965 -0.957561677 3.938692002e-05 -0.3155434885 0
0.2986984233 0.3314746013 -0.2400937926 -0.008332547047 0.07491272368 0.5024913744 -0.001071670793 0.01898352421 0.254047291 -0.9988262783 -0.009418219253 -0.04751171384 0.004652322495 0.9577232557 -0.2876534746 0.04821225675 -0.2875368893 -0.9565553385 4.052793333e-05 -0.3193247442 0
0.3028249361 0.3360539163 -0.2434106836 -0.008561992577 0.07591247483 0.5022846165 -0.001101403671 0.01924345735 0.254020858 -0.9987608574 -0.009805608675 -0.04879138992 0.004842012944 0.9565999852 -0.2913640734 0.04953084496 -0.2912392803 -0.9553671425 4.188635832e-05 -0.3237362092 0
0.3069514489 0.3406332314 -0.2467275746 -0.008794455701 0.07691079196 0.5020751393 -0.001131539907 0.0195032947 0.2539940663 -0.9986927731 -0.01020312631 -0.05008633796 0.005036546028 0.9554641644 -0.2950641687 0.05086627803 -0.2949307151 -0.9541637674 4.327447543e-05 -0.3281476742 0
0.3104884599 0.3445583586 -0.249570624 -0.008996107566 0.07776533689 0.5018934267 -0.001157691866 0.01972593522 0.2539708167 -0.9986322432 -0.0105519982 -0.0512083805 0.005207176873 0.9544806997 -0.2982272276 0.05202430402 -0.2980859764 -0.953120256 4.448820509e-05 -0.33192893 0
0.3146149727 0.3491376736 -0.252887515 -0.009234160736 0.07876094147 0.5016789122 -0.001188576699 0.01998559128 0.2539433594 -0.9985590299 -0.01096860877 -0.05253145139 0.005410821223 0.9533218692 -0.301907497 0.05339088665 -0.3017566956 -0.9518888117 4.593245454e-05 -0.336340395 0
0.3187414855 0.3537169887 -0.256204406 -0.009475216238 0.07975505891 0.5014616923 -0.001219864349 0.02024514789 0.253915544 -0.9984829555 -0.01139565052 -0.05386953466 0.005619433545 0.9521508114 -0.3055769204 0.05477416893 -0.3054160629 -0.9506423192 4.740746444e-05 -0.34075186 0
0.3222784964 0.3576421158 -0.2590474554 -0.009684220704 0.08060596189 0.5012733541 -0.001247002799 0.02046754486 0.2538914172 -0.9984154181 -0.01177006733 -0.05502834154 0.00580223026 0.951137403 -0.3087134183 0.05597309159 -0.3085435238 -0.9495619553 4.869652665e-05 -0.3445331157 0
0.3264050092 0.3622214309 -0.2623643464 -0.009930837397 0.0815972684 0.5010511229 -0.001279038024 0.02072691338 0.2538629371 -0.9983338425 -0.01221675549 -0.05639405821 0.006020180273 0.9499439441 -0.3123623864 0.05738724898 -0.3121814439 -0.9482876408 5.022966234e-05 -0.3489445807 0
0.330531522 0.3668007459 -0.2656812374 -0.01018044061 0.08258703496 0.5008262004 -0.001311475505 0.02098617878 0.2538340993 -0.9982492025 -0.01267416786 -0.05777451976 0.006243216721 0.9487385903 -0.3160001734 0.05881795567 -0.3158076199 -0.9469984136 5.179463668e-05 -0.3533560458 0
0.334068533 0.3707258731 -0.2685242868 -0.01039675895 0.08343416666 0.5006312716 -0.001339599072 0.02120832323 0.2538090967 -0.9981741602 -0.01307484714 -0.05896943593 0.006438469399 0.9476960523 -0.3191092895 0.06005740682 -0.31890632 -0.945881529 5.316167186e-05 -0.3571373015 0
0.3381950458 0.3753051882 -0.2718411778 -0.01065189347 0.08442102448 0.5004013648 -0.001372783066 0.02146739373 0.2537795951 -0.9980836368 -0.01355244062 -0.06037702693 0.006671057015 0.9464689231 -0.3227260055 0.06151870468 -0.3225103239 -0.9445647357 5.478678274e-05 -0.3615487665 0
0.3423215586 0.3798845032 -0.2751580688 -0.01090999815 0.08540628986 0.5001687815 -0.001406368735 0.02172635747 0.2537497364 -0.9979898406 -0.01404104107 -0.06179908764 0.006908842461 0.9452302405 -0.3263312126 0.06299639643 -0.326102195 -0.9432331697 5.644481926e-05 -0.3659602315 0
0.3458585696 0.3838096304 -0.2780011182 -0.0111335903 0.0862495217 0.4999672981 -0.001435475994 0.02194824044 0.2537238591 -0.9979067828 -0.01446867528 -0.06302943921 0.007116823893 0.9441594092 -0.3294121444 0.06427599544 -0.3291711827 -0.9420801075 5.789248933e-05 -0.3697414872 0
0.3499850824 0.3883889455 -0.2813180092 -0.0113971954 0.08723178115 0.4997297582 -0.001469807077 0.02220700249 0.2536933377 -0.9978067115 -0.01497797225 -0.06447811134 0.00736436069 0.9428995937 -0.3329956791 0.06578398503 -0.3327401636 -0.9407212397 5.96126885e-05 -0.3741529522 0
0.3541115952 0.3929682605 -0.2846349002 -0.01166375376 0.08821239597 0.4994895571 -0.001504539233 0.02246565413 0.2536624595 -0.997703154 -0.01549854843 -0.06594097053 0.007617199463 0.9416285752 -0.3365673849 0.06730820804 -0.3362966269 -0.9393477438 6.136690809e-05 -0.3785644173 0
0.3576486061 0.3968933877 -0.2874779496 -0.01189457831 0.08905160019 0.4992815565 -0.001534628711 0.02268726667 0.2536357089 -0.9976115581 -0.01595380425 -0.06720606531 0.007838164683 0.9405303085 -0.3396193486 0.06862756195 -0.3393349597 -0.938158858 6.289789405e-05 -0.382345673 0
0.3617751189 0.4014727027 -0.2907948406 -0.01216660519 0.09002911251 0.4990364276 -0.001570105144 0.02294570984 0.253604169 -0.9975013246 -0.01649557259 -0.06869500421 0.008100941361 0.9392388158 -0.3431687948 0.07018178017 -0.3428678216 -0.9367583331 6.471631604e-05 -0.386757138 0
0.3659016317 0.4060520178 -0.2941117316 -0.01244156787 0.09100492837 0.4987886532 -0.001605982029 0.02320403894 0.253572273 -0.9973873866 -0.01704888159 -0.07019784028 0.008369116734 0.9379364787 -0.3467061 0.07175206637 -0.3463877849 -0.9353433292 6.656986011e-05 -0.391168603 0
0.3694386427 0.409977145 -0.296954781 -0.01267958211 0.09183997803 0.4985741738 -0.001637052201 0.02342537212 0.2535446504 -0.9972867183 -0.0175323993 -0.07149696834 0.008603302591 0.9368116553 -0.3497283312 0.07311077001 -0.3493945297 -0.9341189849 6.818685987e-05 -0.3949498587 0
0.3735651555 0.41455646 -0.300271672 -0.01295998042 0.09281259545 0.4983215012 -0.001673672188 0.023683486 0.2535120936 -0.9971656947 -0.01810737582 -0.07302533918 0.008881588472 0.935489518 -0.3532428046 0.07471073957 -0.3528901877 -0.9326772329 7.010665814e-05 -0.3993613237 0
0.3776916683 0.4191357751 -0.303588563 -0.01324329655 0.09378346493 0.4980661994 -0.001710691984 0.02394148215 0.2534791814 -0.997040744 -0.01869414342 -0.07456731027 0.009165362171 0.9341569035 -0.3567448329 0.07632660674 -0.3563725701 -0.9312211555 7.206268627e-05 -0.4037727888 0
0.3812286793 0.4230609022 -0.3064316124 -0.01348845643 0.09461423396 0.4978452809 -0.001742741278 0.02416252707 0.2534506881 -0.9969304578 -0.01920653627 -0.07589974451 0.009412986914 0.9330064221 -0.359736587 0.07772424287 -0.3593468037 -0.9299617287 7.376841272e-05 -0.4075540445 0
0.3853551921 0.4276402173 -0.3097485034 -0.01377717429 0.09558180971 0.4975851114 -0.001780502964 0.02442030124 0.2534171162 -0.9967980038 -0.01981542602 -0.07746669262 0.009707029468 0.9316546961 -0.3632152265 0.07936947243 -0.3628041842 -0.9284791924 7.579275754e-05 -0.4119655095 0
0.3894817049 0.4322195323 -0.3130653944 -0.01406879146 0.0965475864 0.4973223293 -0.001818663796 0.02467795406 0.2533831893 -0.9966613956 -0.02043634599 -0.07904693731 0.01000664121 0.9302928677 -0.3666811251 0.08103042433 -0.3662479162 -0.9269824886 7.785444541e-05 -0.4163769745 0
0.3930187158 0.4361446595 -0.3159084438 -0.01432105164 0.09737394959 0.4970950126 -0.001851690589 0.0248987018 0.2533538268 -0.9965409354 -0.02097819961 -0.08041193401 0.01026790409 0.9291176461 -0.3696416776 0.08246656375 -0.3691887252 -0.9256883661 7.965162468e-05 -0.4201582302 0
0.3971452286 0.4407239746 -0.3192253348 -0.01461803566 0.09833633795 0.4968273944 -0.001890592062 0.02515612589 0.2533192414 -0.9963963985 -0.0216216752 -0.08201658561 0.01057792848 0.9277374093 -0.3730836458 0.08415654807 -0.3726067666 -0.9241655008 8.178370114e-05 -0.4245696952 0
0.4012717414 0.4453032896 -0.3225422258 -0.01491789995 0.0992968765 0.4965571806 -0.001929891998 0.02541342501 0.2532843016 -0.9962474761 -0.02227740864 -0.08363422355 0.01089359551 0.9263474523 -0.3765125857 0.08586207464 -0.3760107907 -0.9226286303 8.395423863e-05 -0.4289811603 0
0.4048087524 0.4492284168 -0.3253852752 -0.01517721379 0.1001187096 0.4963235077 -0.001963894616 0.02563386668 0.2532540714 -0.9961162761 -0.02284928045 -0.08503102302 0.01116867641 0.9251484267 -0.3794412329 0.08733627631 -0.3789172719 -0.9213002094 8.584560854e-05 -0.432762416 0
0.4089352652 0.4538077318 -0.3287021662 -0.01548240908 0.1010757659 0.4960484901 -0.002003933906 0.02589093033 0.2532184742 -0.9959589923 -0.0235279814 -0.08667248586 0.01149488506 0.9237407779 -0.3828457168 0.08907049641 -0.3822949245 -0.9197374828 8.808861485e-05 -0.437173881 0
0.413061778 0.4583870469 -0.3320190572 -0.01579046506 0.102030922 0.4957708947 -0.002044370955 0.02614786538 0.2531825233 -0.9957970882 -0.02421915608 -0.08832661854 0.01182680175 0.9223237982 -0.3862368936 0.09082007391 -0.3856581954 -0.9181609175 9.037120437e-05 -0.441585346 0
0.416598789 0.4623121741 -0.3348621066 -0.01605678464 0.1028481016 0.4955309087 -0.002079347677 0.02636799212 0.2531514268 -0.9956545731 -0.02482157478 -0.08975444567 0.01211586082 0.9211019221 -0.3891329528 0.09233188512 -0.3885294564 -0.9167986063 9.235951307e-05 -0.4453666017 0
0.4207253018 0.4668914891 -0.3381789976 -0.0163701348 0.1037996823 0.4952485426 -0.002120522755 0.02662468499 0.2531148196 -0.995483868 -0.02553610687 -0.09143180979 0.012458433 0.9196679802 -0.3924991639 0.09410980843 -0.391865683 -0.9151964983 9.471665901e-05 -0.4497780668 0
0.4248518146 0.4714708042 -0.3414958885 -0.01668632556 0.1047493128 0.4949636168 -0.002162094869 0.02688124564 0.2530778593 -0.9953083042 -0.02626331664 -0.0931215212 0.01280677043 0.9182251035 -0.395851798 0.09590289956 -0.3951871677 -0.9135807224 9.711451404e-05 -0.4541895318 0
0.4283888255 0.4753959314 -0.344338938 -0.01695960168 0.1055617165 0.4947173622 -0.002198043923 0.02710104858 0.2530458982 -0.9951538901 -0.02689678169 -0.09457958611 0.01310994775 0.9169813469 -0.3987146081 0.09745185604 -0.3980223267 -0.9121849392 9.920251877e-05 -0.4579707875 0
0.4325153383 0.4799752464 -0.3476558289 -0.01728104883 0.1065076792 0.4944276997 -0.002240352705 0.02735736034 0.2530082828 -0.9949690794 -0.0276477164 -0.09629192453 0.01346903921 0.9155222496 -0.4020417833 0.09927293657 -0.4013161027 -0.9105439417 0.0001016770243 -0.4623822525 0
0.4366418511 0.4845545615 -0.3509727199 -0.01760531598 0.1074516421 0.494135496 -0.002283057779 0.02761353628 0.252970315 -0.9947791684 -0.0284115206 -0.09801628193 0.01383394479 0.91405462 -0.4053551204 0.1011089907 -0.4045947814 -0.9088894514 0.000104193368 -0.4667937175 0
0.4401788621 0.4884796886 -0.3538157694 -0.01788549819 0.1082591484 0.4938830182 -0.002319977345 0.0278330066 0.2529374908 -0.9946122635 -0.02907650171 -0.09950378059 0.01415136006 0.9127899687 -0.408184042 0.1026946168 -0.4073929677 -0.9074606248 0.000106383834 -0.4705749732 0
0.4443053749 0.4930590037 -0.3571326603 -0.01821498299 0.1091993518 0.4935861128 -0.002363417687 0.02808892695 0.2528988692 -0.9944126539 -0.02986437565 -0.1012501501 0.01452710264 0.9113068716 -0.4114714438 0.1045582953 -0.4106432817 -0.9057812418 0.000108978928 -0.4749864383 0
0.4484318877 0.4976383187 -0.3604495513 -0.01854726668 0.1101375062 0.4932866853 -0.002407253558 0.02834470788 0.2528598957 -0.9942076992 -0.03066529856 -0.1030082047 0.01490869977 0.9098156508 -0.4147447555 0.1064367485 -0.4138781475 -0.9040885452 0.0001116169923 -0.4793979033 0
0.4519688987 0.5015634459 -0.3632926007 -0.01883430326 0.1109399948 0.4930280309 -0.002445141765 0.02856383675 0.2528262102 -0.9940277043 -0.03136223525 -0.1045243196 0.01524045201 0.9085311051 -0.4175391714 0.1080585573 -0.4166385018 -0.902627114 0.0001139126918 -0.483179159 0
0.4560954115 0.506142761 -0.3666094917 -0.01917176491 0.1118742987 0.4927239374 -0.002489711467 0.02881935541 0.2527865842 -0.993812594 -0.03218754964 -0.1063037613 0.0156329533 0.9070251808 -0.4207860883 0.1099642615 -0.4198443556 -0.9009098613 0.000116631611 -0.487590624 0
0.4602219243 0.510722076 -0.3699263827 -0.01951200382 0.112806505 0.4924173413 -0.002534675914 0.02907473106 0.2527466071 -0.9935918913 -0.03302607996 -0.1080945492 0.01603134103 0.905511547 -0.4240186723 0.111884537 -0.4230344151 -0.8991794782 0.000119394635 -0.492002089 0
0.4637589352 0.5146472032 -0.3727694321 -0.01980584182 0.1136038565 0.492152558 -0.002573530843 0.02929350969 0.2527120618 -0.9933982004 -0.03375538113 -0.1096384498 0.01637750829 0.9042081211 -0.4267779879 0.1135420304 -0.4257560898 -0.8976858913 0.0001217983465 -0.4957833447 0
0.467885448 0.5192265182 -0.3760863231 -0.02015121807 0.1145321221 0.4918413325 -0.002619227648 0.0295486164 0.2526714334 -0.9931668803 -0.03461860129 -0.1114499904 0.01678685136 0.9026805578 -0.4299837348 0.115489175 -0.4289164989 -0.8959312961 0.0001246443345 -0.5001948098 0
0.4720119608 0.5238058333 -0.3794032141 -0.02049934947 0.1154582418 0.4915276243 -0.002665318395 0.02980357651 0.2526304547 -0.9929297179 -0.0354951917 -0.1132725329 0.01720210407 0.9011457043 -0.4331749154 0.1174506831 -0.4320607724 -0.8941637579 0.000127535564 -0.5046062748 0
0.4755489718 0.5277309605 -0.3822462635 -0.02079993472 0.1162503378 0.4912567609 -0.002705138078 0.03002199612 0.2525950514 -0.9927217192 -0.03625723521 -0.1148433768 0.0175627432 0.8998244252 -0.4358985591 0.1191433521 -0.4347429317 -0.8926384739 0.0001300500713 -0.5083875305 0
0.4796754846 0.5323102755 -0.3855631545 -0.0211531619 0.1171724275 0.4909384608 -0.002751959671 0.03027668065 0.2525534227 -0.9924734732 -0.03715879013 -0.1166860286 0.01798898624 0.8982764257 -0.4390624778 0.1211313392 -0.4378569256 -0.8908470752 0.0001330263777 -0.5127989955 0
0.4838019974 0.5368895906 -0.3888800455 -0.02150912161 0.1180923233 0.4906176984 -0.002799174382 0.030531215 0.2525114443 -0.992219133 -0.03807385676 -0.1185393336 0.01842115339 0.8967215602 -0.442211606 0.1231334775 -0.4409544476 -0.8890429246 0.0001360490644 -0.5172104605 0
0.4873390084 0.5408147178 -0.3917230949 -0.0218163987 0.1188790467 0.4903408048 -0.002839956802 0.03074926682 0.2524751848 -0.9919962093 -0.03886898908 -0.1201362665 0.01879629977 0.895383467 -0.4448990292 0.1248608023 -0.4435962677 -0.8874864119 0.0001386771558 -0.5209917162 0
0.4914655212 0.5453940328 -0.3950399859 -0.02217741173 0.1197948241 0.4900154887 -0.002887900811 0.03100351895 0.2524325578 -0.9917303156 -0.03980927097 -0.1220090288 0.01923947589 0.8938162476 -0.4480204885 0.1268890213 -0.4466628902 -0.8856587598 0.0001417870355 -0.5254031813 0
0.495592034 0.5499733478 -0.3983568769 -0.02254113417 0.1207083601 0.4896877311 -0.002936237095 0.03125761734 0.252389582 -0.9914580737 -0.04076319309 -0.1238920911 0.01968858173 0.8922425909 -0.451126943 0.1289311751 -0.4497127094 -0.883818551 0.0001449444357 -0.5298146463 0
0.4991290449 0.553898475 -0.4011999263 -0.02285504652 0.1214895946 0.4894048584 -0.002977980187 0.03147529264 0.2523524681 -0.9912196031 -0.04159172893 -0.125514248 0.02007824909 0.8908887333 -0.4537776204 0.1306926252 -0.4523133792 -0.8822312876 0.0001476889038 -0.533595902 0
0.5032555577 0.5584777901 -0.4045168173 -0.02322377891 0.1223989246 0.4890725862 -0.003027044184 0.03172910219 0.252308845 -0.9909353347 -0.04257109283 -0.1274161078 0.02053836605 0.8893035227 -0.4568560166 0.1327604534 -0.4553316884 -0.8803679433 0.0001509356161 -0.538007367 0
0.5073820705 0.5630571051 -0.4078337083 -0.02359519711 0.1233059663 0.4887378938 -0.003076499592 0.03198275443 0.2522648738 -0.9906444625 -0.04356421238 -0.1293279101 0.02100440941 0.8877123077 -0.4599192033 0.1348419954 -0.4583328683 -0.8784922413 0.0001542309905 -0.542418832 0
0.5109190815 0.5669822323 -0.4106767577 -0.0239156869 0.124081597 0.488449094 -0.003119201241 0.03220004449 0.2522269073 -0.9903898194 -0.0444264344 -0.1309744157 0.02140858961 0.8863437454 -0.4625326337 0.1366370299 -0.4608915891 -0.8768747147 0.0001570946313 -0.5462000877 0
0.5150455943 0.5715615474 -0.4139936487 -0.02429207078 0.1249843458 0.4881099269 -0.003169382741 0.03245340129 0.2521822903 -0.9900864448 -0.04544519785 -0.1329043481 0.0218856296 0.8847417837 -0.4655673909 0.1387438322 -0.4638606582 -0.8749762504 0.0001604814393 -0.5506115528 0
0.5191721071 0.5761408624 -0.4173105397 -0.02467111638 0.1258847598 0.4877683613 -0.003219954768 0.03270659723 0.252137326 -0.9897762097 -0.04647781916 -0.1348438618 0.02236858366 0.8831342538 -0.4685867436 0.1408641232 -0.4668122772 -0.8730656314 0.0001639180523 -0.5550230178 0
0.5227091181 0.5800659896 -0.4201535891 -0.02499812466 0.1266546728 0.4874736876 -0.003263612811 0.03292349335 0.2520985089 -0.989504765 -0.04737397765 -0.1365138316 0.02278724657 0.8817520557 -0.4711624494 0.1426921909 -0.4693282631 -0.8714183382 0.0001669036647 -0.5588042735 0
0.5268356309 0.5846453046 -0.4234704801 -0.02538209077 0.127550708 0.487127688 -0.003314909271 0.03317638727 0.2520529002 -0.9891815495 -0.04843242034 -0.138470801 0.02328116601 0.8801345927 -0.4741530197 0.1448373204 -0.4722471804 -0.869485337 0.0001704338348 -0.5632157385 0
0.5309621437 0.5892246197 -0.4267873711 -0.02576869406 0.1284443625 0.486779312 -0.003366595355 0.03342911678 0.2520069449 -0.9888512156 -0.04950480979 -0.1404369868 0.02378097817 0.8785120013 -0.4771280003 0.1469957093 -0.475148332 -0.8675403876 0.0001740149538 -0.5676272035 0
0.5344991546 0.5931497469 -0.4296304205 -0.02610216068 0.129208445 0.4864788186 -0.003411207581 0.03364561029 0.2519672791 -0.9885623379 -0.05043512247 -0.1421295271 0.02421407146 0.877117244 -0.4796655282 0.1488562488 -0.4776208105 -0.8658638337 0.0001771253393 -0.5714084593 0
0.5386256674 0.5977290619 -0.4329473115 -0.02649363844 0.1300976356 0.4861260501 -0.003463616402 0.03389803121 0.251920681 -0.988218544 -0.05153348596 -0.144112488 0.02472480086 0.8754855388 -0.4826113919 0.1510390466 -0.4804886796 -0.8638968892 0.0001808021406 -0.5758199243 0
0.5427521802 0.602308377 -0.4362642025 -0.02688772834 0.1309844 0.4857709278 -0.003516413926 0.0341502842 0.2518737372 -0.987867373 -0.0526458717 -0.1461042971 0.02524139253 0.8738491476 -0.4855414908 0.1532348705 -0.4833384729 -0.8619182067 0.0001845310357 -0.5802313893 0
0.5462891912 0.6062335041 -0.4391072519 -0.02722759202 0.1317425406 0.4854646698 -0.003561978074 0.03436636645 0.2518332246 -0.987560429 -0.05361052343 -0.1478185064 0.02568884157 0.8724429149 -0.4880404119 0.1551273105 -0.4857666847 -0.8602129071 0.0001877689976 -0.584012645 0
