0.007634784868 0.002057421826 -0.001536500455 -1.335173533e-06 0.001946859998 0.5099950454 -1.680962607e-07 0.0004849975719 0.2549993848 -1 -3.910260054e-08 -7.775595647e-06 1.996609333e-08 0.9999711459 -0.007596532573 7.775668333e-06 -0.007596532572 -0.9999711459 2.760786362e-08 -0.002043545605 0
0.01521739615 0.004100783914 -0.003062500974 -5.304210658e-06 0.003880355698 0.5099803169 -6.717631805e-07 0.0009686149425 0.2549975414 -0.9999999995 -3.113812593e-07 -3.088884359e-05 1.563327959e-07 0.9998853732 -0.01514068861 3.089001743e-05 -0.01514068861 -0.9998853727 4.765741874e-08 -0.004073126296 0
0.02185218101 0.00588872574 -0.004397751429 -1.093764745e-05 0.005572068321 0.509959412 -1.389489562e-06 0.001392375169 0.2549949142 -0.999999998 -9.227330033e-07 -6.369178921e-05 4.622135487e-07 0.9997636347 -0.02174108258 6.36967959e-05 -0.02174108257 -0.9997636327 3.157260568e-08 -0.005849009401 0
0.02943479229 0.007932087827 -0.005923751949 -1.984482326e-05 0.00750529077 0.5099263588 -2.525916531e-06 0.001876734573 0.2549907544 -0.9999999933 -2.255702791e-06 -0.0001155508114 1.128953708e-06 0.9995711573 -0.02928312756 0.0001155673123 -0.02928312749 -0.9995711506 1.912114006e-08 -0.007878590092 0
0.03701740357 0.009975449914 -0.007449752469 -3.138524011e-05 0.009438281795 0.5098835341 -3.999136307e-06 0.002361021519 0.2549853617 -0.9999999833 -4.486889236e-06 -0.0001827289976 2.244854038e-06 0.9993217892 -0.03682338472 0.0001827702913 -0.03682338451 -0.9993217725 9.647388926e-08 -0.009908170783 0
0.04365218844 0.01176339174 -0.008785002923 -4.36428521e-05 0.01112941225 0.5098380479 -5.56428205e-06 0.002784701907 0.2549796325 -0.9999999677 -7.357730945e-06 -0.0002540672398 3.680624922e-06 0.9990569383 -0.04341928131 0.0002541471061 -0.04341928084 -0.999056906 1.836221066e-07 -0.01168405389 0
0.05123479972 0.01380675383 -0.01031100344 -6.011936838e-05 0.01306180873 0.509776906 -7.668421584e-06 0.003268836023 0.2549719302 -0.9999999387 -1.189603894e-05 -0.0003499350776 5.950337861e-06 0.998700953 -0.05095494582 0.0003500866575 -0.05095494477 -0.9987008917 3.037672892e-07 -0.01371363458 0
0.058817411 0.01585011592 -0.01183700396 -7.922763549e-05 0.01499380247 0.5097059981 -1.010891593e-05 0.003752902977 0.2549629968 -0.9999998935 -1.799676201e-05 -0.0004610810731 9.001525983e-06 0.9982881409 -0.05848749968 0.0004613443529 -0.05848749761 -0.9982880345 4.449913345e-07 -0.01574321527 0
0.06545219586 0.01763805774 -0.01317225442 -9.810567391e-05 0.0166839198 0.5096359445 -1.252022224e-05 0.004176411977 0.2549541701 -0.9999998368 -2.479790401e-05 -0.0005708514582 1.240314592e-05 0.9978803385 -0.06507557125 0.0005712551841 -0.06507556771 -0.9978801752 5.85494785e-07 -0.01751909838 0
0.07303480714 0.01968141983 -0.01469825494 -0.0001221464917 0.0186149979 0.5095467326 -1.55912462e-05 0.004660369211 0.2549429286 -0.9999997469 -3.444969262e-05 -0.0007105894734 1.723076705e-05 0.9973610613 -0.07260105393 0.0007112153554 -0.0726010478 -0.9973608083 7.652072143e-07 -0.01954867907 0
0.08061741842 0.02172478192 -0.01622425546 -0.0001488167653 0.02054550208 0.5094477632 -1.899849413e-05 0.005144271604 0.2549304563 -0.9999996243 -4.632641078e-05 -0.0008655425229 2.317162383e-05 0.9967850559 -0.08012210521 0.0008664716216 -0.08012209517 -0.9967846804 9.652151074e-07 -0.02157825976 0
0.08725220329 0.02351272374 -0.01755950591 -0.0001743094569 0.02223417568 0.5093531637 -2.225561453e-05 0.005567641458 0.2549185336 -0.9999994846 -5.872442729e-05 -0.001013586262 2.937365678e-05 0.9962345494 -0.08669902931 0.001014861003 -0.08669901439 -0.9962340342 1.156825268e-06 -0.02335414286 0
0.09483481457 0.02555608583 -0.01908550643 -0.0002059072242 0.02416344344 0.5092359091 -2.629317801e-05 0.006051440884 0.2549037541 -0.9999992808 -7.539232731e-05 -0.001196992281 3.771230641e-05 0.9955522957 -0.09421053555 0.001198771165 -0.09421051294 -0.9955515769 1.394768664e-06 -0.02538372355 0
0.1024174258 0.02759944792 -0.02061150695 -0.0002401313485 0.0260919663 0.5091089085 -3.066685187e-05 0.006535183531 0.2548877443 -0.9999990217 -9.494527286e-05 -0.001395528153 4.749516223e-05 0.9948134466 -0.1017162926 0.001397947653 -0.1017162594 -0.9948124689 1.652946217e-06 -0.02741330425 0
0.1090522107 0.02938738974 -0.02194675741 -0.0002722308976 0.02777876605 0.5089897918 -3.476949829e-05 0.006958410134 0.2548727265 -0.9999987427 -0.0001146007046 -0.001581630968 5.733018504e-05 0.9941205702 -0.1082787542 0.001584740701 -0.1082787087 -0.9941193137 1.895472005e-06 -0.02918918735 0
0.116634822 0.03143075183 -0.02347275793 -0.0003113759522 0.02970573212 0.5088445304 -3.977326117e-05 0.007442040349 0.2548544103 -0.9999983549 -0.0001401797828 -0.001808439471 7.013049218e-05 0.9932757541 -0.1157724987 0.001812508043 -0.115772435 -0.9932741103 2.191676605e-06 -0.03121876804 0
0.1242174333 0.03347411392 -0.02499875845 -0.000353143462 0.03163178257 0.5086895374 -4.511300373e-05 0.007925606752 0.2548348642 -0.9999978839 -0.0001693009115 -0.002050270668 8.470495133e-05 0.9923745096 -0.1232591799 0.00205550424 -0.1232590928 -0.9923723953 2.508232371e-06 -0.03324834873 0
0.1308522181 0.03526205574 -0.0263340089 -0.0003918400536 0.03331627899 0.5085459401 -5.00608469e-05 0.008348672662 0.2548167527 -0.9999973945 -0.0001978664736 -0.002274162995 9.900296306e-05 0.9915396838 -0.1298038735 0.002280606692 -0.1298037605 -0.9915370808 2.801960591e-06 -0.03502423184 0
0.1384348294 0.03730541783 -0.02786000942 -0.0004385204263 0.03524045281 0.5083727162 -5.603041198e-05 0.008832111221 0.2547949012 -0.9999967365 -0.0002342421868 -0.002544045364 0.000117212391 0.9905328179 -0.1372760827 0.002552116273 -0.1372759329 -0.9905295578 3.156844597e-06 -0.03705381253 0
0.1450696143 0.03909335966 -0.02919525987 -0.0004815131886 0.03692321604 0.5082131765 -6.152926527e-05 0.009255060329 0.2547747728 -0.9999960649 -0.0002695046037 -0.002792411572 0.0001348667278 0.989605684 -0.1438074132 0.002802143123 -0.1438072239 -0.9896017534 3.484219127e-06 -0.03882969563 0
0.1526522256 0.04113672174 -0.03072126039 -0.0005331003541 0.03884530499 0.5080217443 -6.812845443e-05 0.009738359558 0.2547506167 -0.9999951761 -0.0003139319315 -0.003090178627 0.0001571124913 0.9884934564 -0.1512635514 0.003102107811 -0.1512633072 -0.9884886387 3.877691456e-06 -0.04085927632 0
0.1602348368 0.04318008383 -0.03224726091 -0.0005873017735 0.04076619695 0.5078206109 -7.506335499e-05 0.01022157956 0.2547252317 -0.9999941448 -0.0003629780892 -0.003402743451 0.0001816746658 0.9873251516 -0.158710466 0.003417222616 -0.1587101549 -0.9873193046 4.291864148e-06 -0.04288885702 0
0.1668696217 0.04496802566 -0.03358251137 -0.0006368709471 0.04244594905 0.5076366671 -8.140673002e-05 0.01064432931 0.2547020121 -0.9999931141 -0.0004098593055 -0.003688333366 0.0002051560774 0.9862569513 -0.1652185943 0.003705360799 -0.1652182133 -0.9862500759 4.671316936e-06 -0.04466474012 0
0.174452233 0.04701138775 -0.03510851189 -0.0006959686137 0.0443644374 0.5074173645 -8.897091113e-05 0.01112739126 0.2546743237 -0.999991776 -0.0004681718864 -0.004028493952 0.0002343676091 0.984983736 -0.1726469951 0.004048829492 -0.1726465194 -0.9849755258 5.124550364e-06 -0.04669432081 0
0.1820348443 0.04905474983 -0.03663451241 -0.0007576745109 0.046281559 0.5071883831 -9.687060761e-05 0.01161036377 0.2546454073 -0.999990252 -0.0005317486236 -0.004383287396 0.0002662216489 0.983654701 -0.1800648727 0.004407390501 -0.1800642844 -0.9836449707 5.598757455e-06 -0.0487239015 0
0.1886696291 0.05084269166 -0.03796976286 -0.0008138049438 0.04795787289 0.5069800915 -0.0001040580112 0.01203288849 0.2546190983 -0.999988753 -0.0005918719759 -0.004705686175 0.000296350453 0.9824460823 -0.1865465293 0.00473349461 -0.1865458257 -0.9824348573 6.030975616e-06 -0.05049978461 0
0.1962522404 0.05288605375 -0.03949576338 -0.0008803950478 0.04987227298 0.5067329856 -0.0001125865965 0.01251568349 0.25458788 -0.9999868356 -0.0006659199401 -0.005087745968 0.0003334635734 0.9810126514 -0.1939434626 0.00512029398 -0.193942606 -0.9809995149 6.544793507e-06 -0.0525293653 0
0.2038348517 0.05492941583 -0.0410217639 -0.000949586563 0.05178513699 0.5064762262 -0.0001214504754 0.01299837856 0.2545554344 -0.9999846832 -0.0007458717017 -0.005484252192 0.0003735434249 0.9795236921 -0.20132858 0.005522120246 -0.2013275449 -0.9795084103 7.079897791e-06 -0.05455894599 0
0.2104696366 0.05671735766 -0.04235701436 -0.0010122611 0.05345758674 0.5062436504 -0.0001294813496 0.01342065185 0.2545260381 -0.9999825927 -0.0008208462254 -0.005842990876 0.0004111352239 0.9781753878 -0.2077805131 0.005886025716 -0.2077792984 -0.9781580229 7.565667837e-06 -0.05633482909 0
0.2180522478 0.05876071975 -0.04388301488 -0.001086323291 0.05536741227 0.5059688166 -0.0001389736771 0.01390314957 0.2544912923 -0.9999799497 -0.000912462706 -0.006266393855 0.0004570801492 0.9765826104 -0.2151422695 0.006315960566 -0.2151408201 -0.9765626125 8.141004422e-06 -0.05836440979 0
0.2256348591 0.06080408183 -0.0454090154 -0.00116297928 0.05727553293 0.5056843577 -0.0001488010505 0.01438553669 0.2544553202 -0.999977017 -0.001010616245 -0.006704035502 0.0005063139241 0.9749346295 -0.2224909253 0.006760849311 -0.2224892062 -0.9749117109 8.737977218e-06 -0.06039399048 0
0.232269644 0.06259202366 -0.04674426585 -0.00123217877 0.05894369394 0.5054275688 -0.0001576747721 0.01480753178 0.2544228389 -0.9999741974 -0.001102034927 -0.007098591445 0.0005521790271 0.973447457 -0.2289099027 0.007162372498 -0.2289079159 -0.973421731 9.278179034e-06 -0.06216987358 0
0.2398522553 0.06463538575 -0.04827026637 -0.001313690417 0.06084846016 0.5051250912 -0.0001681301054 0.0152897015 0.2543845683 -0.9999706665 -0.001213034069 -0.007562720418 0.0006078797095 0.9716962984 -0.2362327964 0.007635225866 -0.2362304641 -0.9716670578 9.916073728e-06 -0.06419945427 0
0.2474348665 0.06667874783 -0.04979626689 -0.001397787458 0.0627513533 0.5048130197 -0.000178920211 0.01577174989 0.2543450725 -0.9999667857 -0.001331196461 -0.008040859145 0.0006671890277 0.9698902946 -0.2435413132 0.00812295258 -0.2435385889 -0.9698571922 1.057599013e-05 -0.06622903496 0
0.2540696514 0.06846668966 -0.05113151735 -0.00147349076 0.06441480242 0.504532096 -0.0001886360917 0.01619343976 0.2543095088 -0.9999630856 -0.001440634507 -0.008470656511 0.0007221318768 0.968265155 -0.2499241247 0.008561890858 -0.2499210158 -0.9682283718 1.117159338e-05 -0.06800491807 0
0.2616522627 0.07051005175 -0.05265751787 -0.001562426963 0.06631402631 0.5042020671 -0.0002000536198 0.01667525055 0.2542677166 -0.9999584885 -0.001572809489 -0.008974833684 0.0007885053503 0.9663566763 -0.2572044953 0.00907742412 -0.2572008951 -0.9663153212 1.187318714e-05 -0.07003449876 0
0.269234874 0.07255341384 -0.05418351838 -0.001653939367 0.06821120955 0.5038624782 -0.0002118056207 0.01715692924 0.2542247002 -0.9999534758 -0.001712766164 -0.009492770768 0.0008588046868 0.9643937437 -0.2644692225 0.009607742674 -0.2644650707 -0.9643474051 1.259722273e-05 -0.07206407945 0
0.2758696588 0.07434135566 -0.05551876884 -0.001736123356 0.06986952523 0.5035575057 -0.0002223629069 0.01757828675 0.254186057 -0.9999487299 -0.001841779279 -0.009957181064 0.0009236232873 0.9626316213 -0.2708126817 0.01008387454 -0.2708079938 -0.962580566 1.324928421e-05 -0.07383996256 0
0.2834522701 0.07638471775 -0.05704476936 -0.001832456952 0.07176272565 0.5032000262 -0.0002347417444 0.01805970758 0.2541407464 -0.9999428725 -0.001996900361 -0.01050066868 0.001001579018 0.9605669783 -0.2780468973 0.01064182753 -0.2780415304 -0.9605101035 1.40158167e-05 -0.07586954325 0
0.290087055 0.07817265958 -0.05838001981 -0.001918854078 0.07341746713 0.5028794193 -0.0002458473364 0.01848083369 0.2541000965 -0.999937349 -0.002139507938 -0.0109872892 0.001073264942 0.958716089 -0.2843629877 0.0111420878 -0.2843569644 -0.9586537282 1.470530863e-05 -0.07764542635 0
0.2976696663 0.08021602166 -0.05990602033 -0.002019996352 0.07530648096 0.5025040955 -0.0002588526023 0.01896198344 0.2540524932 -0.9999305579 -0.00231053584 -0.01155598833 0.001159260412 0.9565502672 -0.2915651599 0.01172755548 -0.2915583094 -0.9564811638 1.551490628e-05 -0.07967500704 0
0.3052522775 0.08225938375 -0.06143202085 -0.002123697924 0.07719317882 0.5021192744 -0.0002721917892 0.01944298319 0.2540036679 -0.9999232307 -0.002490348424 -0.01213798936 0.001249699656 0.9543307097 -0.298749619 0.01232764664 -0.298741853 -0.9542543342 1.63477134e-05 -0.08170458774 0
0.3118870624 0.08404732558 -0.06276727131 -0.002216533214 0.07884209427 0.5017747766 -0.0002841373991 0.01986373198 0.2539599436 -0.9999163585 -0.002655054117 -0.01265807065 0.001332564167 0.9523446444 -0.305021151 0.01286469345 -0.3050125062 -0.9522614508 1.709559455e-05 -0.08348047084 0
0.3194696737 0.08609068766 -0.06429327183 -0.002325023072 0.08072429425 0.5013721869 -0.0002981023483 0.02034444034 0.2539088281 -0.9999079525 -0.00285189752 -0.01326473181 0.001431626198 0.9500247735 -0.3121712354 0.0134921042 -0.312161491 -0.9499332433 1.797238876e-05 -0.08551005153 0
0.327052285 0.08813404975 -0.06581927235 -0.002436060964 0.08260401266 0.5009601419 -0.0003124008503 0.02082498788 0.2538564919 -0.9998989307 -0.003058120234 -0.01388439068 0.001535441361 0.9476516445 -0.3193023695 0.0141340307 -0.3192914165 -0.9475511704 1.887290025e-05 -0.08753963222 0
0.3336870698 0.08992199158 -0.0671545228 -0.002535306081 0.08424668545 0.5005918581 -0.0003251855518 0.02124533209 0.2538096968 -0.9998905085 -0.003246419848 -0.01443716758 0.001630262673 0.9455316047 -0.3255262304 0.01470759305 -0.3255141244 -0.9454227845 1.968044799e-05 -0.08931551533 0
0.3412696811 0.09196535366 -0.06868052332 -0.00265111041 0.08612159623 0.5001621255 -0.0003401091014 0.02172556793 0.2537550731 -0.9998802529 -0.003470778899 -0.01508089746 0.00174327756 0.9430590879 -0.3326206814 0.01537663025 -0.3326071413 -0.9429401088 2.062592847e-05 -0.09134509602 0
0.3488522924 0.09400871575 -0.07020652384 -0.002769450734 0.08799386066 0.4997229823 -0.0003553658099 0.02220563211 0.2536992302 -0.9998692962 -0.003705101706 -0.0157373009 0.001861351571 0.9405338226 -0.3396949573 0.01606006814 -0.3396798505 -0.9404039948 2.159566561e-05 -0.09337467671 0
0.3554870772 0.09579665758 -0.0715417743 -0.002875075393 0.0896298763 0.499331025 -0.0003689886118 0.02262554449 0.2536493679 -0.9998591097 -0.003918465428 -0.01632195797 0.001968899422 0.9382810902 -0.3458680661 0.01666985657 -0.345851473 -0.9381411805 2.246423674e-05 -0.09515055981 0
0.3630696885 0.09784001966 -0.07306777482 -0.002998158859 0.09149702499 0.4988742806 -0.0003848696049 0.02310527665 0.2535912404 -0.9998467547 -0.004172010389 -0.01700180608 0.002096743575 0.9356574222 -0.3529033748 0.0173801826 -0.3528849424 -0.9355052895 2.347998322e-05 -0.09718014051 0
0.3706522998 0.09988338175 -0.07459377534 -0.00312376551 0.09336136345 0.4984081731 -0.000401083337 0.02358482633 0.2535318952 -0.9998336082 -0.004436092721 -0.01769398392 0.002229949258 0.9329815469 -0.3599172968 0.01810478699 -0.3598968662 -0.9328164141 2.452055651e-05 -0.0992097212 0
0.3772870847 0.1016713236 -0.07592902579 -0.003235737488 0.0949903097 0.4979926618 -0.000415543183 0.02400427964 0.2534789697 -0.99982143 -0.004675963494 -0.0183096562 0.00235098437 0.9305974833 -0.3660366061 0.01875049379 -0.3660142886 -0.9304203134 2.545158523e-05 -0.1009856043 0
0.384869696 0.1037146857 -0.07745502631 -0.003366062546 0.09684922604 0.497509045 -0.0004323803883 0.024483477 0.253417343 -0.9998067109 -0.004960332892 -0.01902461579 0.002494523691 0.9278242493 -0.3730093026 0.01950175018 -0.3729846613 -0.9276325373 2.653926515e-05 -0.103015185 0
0.3924523072 0.1057580478 -0.07898102683 -0.003498897215 0.09870516922 0.4970161154 -0.0004495498869 0.02496248105 0.2533545003 -0.9997911048 -0.00525580181 -0.0197515419 0.002643723151 0.9249993803 -0.3799594151 0.0202671554 -0.379932261 -0.9247922575 2.765237197e-05 -0.1050447657 0
0.3990870921 0.1075459896 -0.08031627728 -0.003617182366 0.1003266362 0.4965771769 -0.0004648456561 0.02538144806 0.2532985159 -0.9997766948 -0.005523593732 -0.02039731574 0.002778996694 0.9224854253 -0.386021913 0.02094845471 -0.3859923963 -0.9222640794 2.864736786e-05 -0.1068206488 0
0.4066697034 0.1095893517 -0.0818422778 -0.003754709276 0.1021768528 0.4960668351 -0.0004826377683 0.02586007952 0.2532333948 -0.9997593324 -0.005840392538 -0.0211463247 0.002939085969 0.9195642998 -0.3929285689 0.02174026235 -0.3928961546 -0.9193258251 2.9808734e-05 -0.1088502295 0
0.4142523147 0.1116327138 -0.08336827832 -0.003894731463 0.1040239342 0.4955472337 -0.0005007617025 0.02633850686 0.2531670595 -0.9997409826 -0.006168840918 -0.02190691795 0.003105129984 0.9165921426 -0.3998114585 0.02254608214 -0.3997759242 -0.9163355742 3.09961563e-05 -0.1108798102 0
0.4208870995 0.1134206556 -0.08470352878 -0.004019293726 0.1056375147 0.4950850018 -0.0005168922091 0.02675696039 0.2531080206 -0.9997240882 -0.006465937668 -0.02258183186 0.003255383043 0.9139498134 -0.4058141706 0.02326263015 -0.4057757142 -0.9136765948 3.205670223e-05 -0.1126556933 0
0.4284697108 0.1154640177 -0.0862295293 -0.004163980567 0.1074785669 0.4945480905 -0.0005356378489 0.02723499488 0.2530394104 -0.9997037892 -0.006816735502 -0.02336377372 0.003432865338 0.9108825591 -0.4126514012 0.02409458946 -0.4126093741 -0.910589345 3.329359042e-05 -0.114685274 0
0.4351044957 0.1172519595 -0.08756477975 -0.004292616267 0.1090867857 0.4940707427 -0.0005523120798 0.02765309889 0.252978382 -0.9996851325 -0.007133674391 -0.02405715164 0.003593281878 0.9081573616 -0.4186135389 0.02483393204 -0.4185681752 -0.907845779 3.439777319e-05 -0.1164611571 0
0.4426871069 0.1192953216 -0.08909078027 -0.004441949012 0.1109216124 0.4935165912 -0.0005716788072 0.02813072733 0.2529074992 -0.9996627536 -0.007507473538 -0.02485994455 0.003782555811 0.904995797 -0.4254036904 0.02569185228 -0.4253542586 -0.904662193 3.568494247e-05 -0.1184907378 0
0.4502697182 0.1213386837 -0.09061678079 -0.004593751698 0.1127530389 0.4929532741 -0.0005913765215 0.02860813382 0.2528354053 -0.9996392107 -0.00789380291 -0.02567364956 0.00397826188 0.9017842634 -0.4321681567 0.02656354341 -0.4321143716 -0.9014275057 3.699926921e-05 -0.1205203185 0
0.4569045031 0.1231266255 -0.09195203125 -0.004728600777 0.1143527042 0.4924528693 -0.0006088833891 0.02902567949 0.2527713302 -0.9996176253 -0.008242261927 -0.0263944766 0.004154858854 0.8989333654 -0.438065682 0.02733752777 -0.4380078421 -0.8985553905 3.817177238e-05 -0.1222962016 0
0.4644871144 0.1251699876 -0.09347803177 -0.004885019455 0.1161776059 0.491872423 -0.0006292012036 0.02950265972 0.2526969674 -0.9995917946 -0.008652571258 -0.02722824159 0.004362891444 0.8956287739 -0.4447809175 0.02823489521 -0.4447181494 -0.8952254232 3.953767245e-05 -0.1243257823 0
0.4720697257 0.1272133497 -0.09500403229 -0.00504389175 0.1179989485 0.4912828716 -0.0006498494656 0.02997940724 0.2526213956 -0.9995646868 -0.00907592584 -0.02807248779 0.00457763914 0.8922748962 -0.4514693288 0.02914587827 -0.4514013039 -0.8918449308 4.093143259e-05 -0.1263553629 0
0.4787045105 0.1290012915 -0.09633928274 -0.005184913141 0.1195896603 0.4907595623 -0.000668187613 0.03039636747 0.252554279 -0.9995398878 -0.009457200543 -0.02881968005 0.004771128383 0.889300015 -0.4572993763 0.02995411382 -0.4572264697 -0.8888457158 4.217402358e-05 -0.128131246 0
0.4862871218 0.1310446536 -0.09786528326 -0.005348370123 0.1214041812 0.4901529979 -0.0006894549398 0.03087266855 0.2524764422 -0.9995102757 -0.009905487483 -0.02968316173 0.004998728759 0.8858543869 -0.4639364374 0.03089047561 -0.4638576145 -0.8853710476 4.362069915e-05 -0.1301608267 0
0.4938697331 0.1330880157 -0.09939128378 -0.005514263655 0.1232149851 0.4895373918 -0.000711052149 0.03134872615 0.2523973984 -0.9994792685 -0.01036732041 -0.03055667611 0.005233322464 0.8823601843 -0.470545553 0.03184029088 -0.470460438 -0.8818464561 4.509596358e-05 -0.1321904074 0
0.5005045179 0.1348759575 -0.1007265342 -0.00566141443 0.1247963466 0.4889913373 -0.0007302201548 0.0317650739 0.2523272456 -0.9994509599 -0.01078267042 -0.03132910538 0.005444403857 0.8792631107 -0.4763053018 0.03268236974 -0.4762143594 -0.8787216548 4.641047566e-05 -0.1339662905 0
0.5080871292 0.1369193196 -0.1022525348 -0.005831859963 0.1266000342 0.4883588394 -0.0007524353455 0.03224066493 0.2522459409 -0.9994172233 -0.01127036077 -0.03222099807 0.005692367309 0.8756785194 -0.4828609817 0.03365725335 -0.4827629954 -0.8751040393 4.794004598e-05 -0.1359958712 0
0.5156697405 0.1389626817 -0.1037785353 -0.006004724249 0.1283998484 0.4877173659 -0.0007749798281 0.03271600175 0.2521634314 -0.9993819694 -0.01177208299 -0.03312245777 0.005947597363 0.872046094 -0.4893876132 0.03464542152 -0.4892821558 -0.8714371273 4.949895933e-05 -0.1380254519 0
0.5223045254 0.1407506235 -0.1051137857 -0.006157959632 0.1299714657 0.4871487323 -0.0007949762067 0.03313171001 0.252090248 -0.9993498434 -0.01222273052 -0.03391895254 0.006176958345 0.8688286906 -0.4950742889 0.03552091874 -0.494961929 -0.8681883166 5.088728969e-05 -0.139801335 0
0.5298871366 0.1427939856 -0.1066397862 -0.006335341862 0.1317638713 0.4864904933 -0.0008181375396 0.03360656015 0.2520054819 -0.9993116267 -0.01275120683 -0.03483790154 0.006446065759 0.8651072913 -0.5015454345 0.0365338322 -0.5014247514 -0.8644295794 5.250194626e-05 -0.1418309157 0
0.5374697479 0.1448373477 -0.1081657868 -0.006515124317 0.1335522483 0.4858233475 -0.0008416275484 0.03408114537 0.2519195134 -0.9992717661 -0.01329418546 -0.03576593507 0.006722707912 0.8613388265 -0.5079864478 0.03755985459 -0.5078569588 -0.8606221974 5.414672467e-05 -0.1438604964 0
0.5441045328 0.1466252895 -0.1095010372 -0.006674397705 0.1351137311 0.4852323078 -0.0008624507501 0.03449618719 0.2518433052 -0.999235504 -0.01378131395 -0.03658528167 0.006971022996 0.8580030266 -0.5135973239 0.03846832837 -0.5134597177 -0.8572510169 5.56108324e-05 -0.1456363795 0
0.5516871441 0.1486686516 -0.1110270377 -0.006858662691 0.1368944097 0.4845485279 -0.0008865564302 0.03497026566 0.2517550844 -0.9991924391 -0.01435191392 -0.03752988449 0.007262040309 0.8541470548 -0.5199808377 0.03951876052 -0.519833465 -0.8533530548 5.731283681e-05 -0.1476659602 0
0.5592697553 0.1507120137 -0.1125530383 -0.007045308656 0.1386709059 0.4838559127 -0.0009109901449 0.03544406852 0.2516656636 -0.9991475992 -0.01493747068 -0.03848307306 0.007560855171 0.8502448136 -0.5263331553 0.04058211936 -0.5261754734 -0.8494071243 5.904576571e-05 -0.1496955409 0
0.5659045402 0.1524999555 -0.1138882887 -0.00721057163 0.1402218672 0.4832426465 -0.000932638556 0.03585841702 0.2515864367 -0.9991068718 -0.0154622234 -0.03932401679 0.007828785473 0.8467926199 -0.5318655553 0.04152311124 -0.5316983905 -0.8459152752 6.058766994e-05 -0.151471424 0
0.5734871515 0.1545433176 -0.1154142892 -0.007401663368 0.1419903779 0.4825335336 -0.0009576867155 0.03633169311 0.2514947682 -0.9990585783 -0.01607623829 -0.04029282448 0.008142463137 0.8428043898 -0.5381583975 0.04261053199 -0.5379798463 -0.8418800553 6.237935164e-05 -0.1535010047 0
0.5810697628 0.1565866797 -0.1169402898 -0.007595116124 0.1437545537 0.4818156593 -0.0009830622426 0.03680468293 0.2514019022 -0.9990083748 -0.01670564797 -0.0412697033 0.00846419565 0.8387707135 -0.5444190001 0.04371069065 -0.5442284553 -0.8377975674 6.42027836e-05 -0.1555305854 0
0.5877045476 0.1583746215 -0.1182755402 -0.007766318472 0.14529461 0.481180353 -0.001005534186 0.03721831126 0.2513196629 -0.9989628423 -0.01726912666 -0.04213094961 0.008752388423 0.8352041964 -0.5498702992 0.04468372576 -0.5496687435 -0.8341868119 6.58245616e-05 -0.1573064685 0
0.5952871589 0.1604179836 -0.1198015407 -0.00796417891 0.147050516 0.4804461225 -0.001031522883 0.03769075433 0.2512245541 -0.9989089281 -0.01792779983 -0.04312246815 0.009089460878 0.8310860993 -0.5560694896 0.04580758635 -0.5558547378 -0.8300163706 6.770831584e-05 -0.1593360492 0
0.6019219438 0.1622059254 -0.1211367912 -0.008139226864 0.1485832556 0.4797965457 -0.001054530978 0.03810389857 0.2511403536 -0.9988600741 -0.01851710782 -0.04399623938 0.009391210218 0.8274461707 -0.5614665081 0.04680125567 -0.5612396558 -0.8263290454 6.938333146e-05 -0.1611119323 0
0.6095045551 0.1642492875 -0.1226627917 -0.008341469433 0.1503307077 0.4790460538 -0.001081131991 0.03857578187 0.2510430051 -0.9988022776 -0.01920555235 -0.04500174356 0.009743927978 0.8232447019 -0.5676030449 0.04794857696 -0.5673617078 -0.8220715458 7.132845388e-05 -0.163141513 0
0.6170871663 0.1662926496 -0.1241887922 -0.008546038499 0.1520735762 0.4782869285 -0.001108059213 0.03904736133 0.2509444634 -0.9987423394 -0.01991007774 -0.04601443524 0.01010511314 0.8189992043 -0.5737056649 0.04910831024 -0.573449119 -0.8177679877 7.330673962e-05 -0.1651710937 0
0.6237219512 0.1680805914 -0.1255240427 -0.008726938983 0.1535947856 0.4776156339 -0.001131887929 0.03945974121 0.2508572615 -0.9986880971 -0.02053983758 -0.04690628621 0.01042816276 0.8152485181 -0.5790173634 0.05013320292 -0.5787468953 -0.8139647985 7.506518363e-05 -0.1669469768 0
0.6313045625 0.1701239535 -0.1270500432 -0.00893584992 0.1553289205 0.4768403966 -0.001159426114 0.03993074102 0.2507564852 -0.9986240076 -0.02127488567 -0.04793193784 0.0108054523 0.8109212973 -0.5850554605 0.05131601725 -0.5847683549 -0.809575591 7.710647462e-05 -0.1689765575 0
0.6388871738 0.1721673156 -0.1285760437 -0.009147065536 0.1570583235 0.476056607 -0.001187289775 0.04040142637 0.2506545186 -0.9985576309 -0.02202640639 -0.04896422272 0.01119145106 0.8065509394 -0.5910586549 0.05251103797 -0.5907541109 -0.8051410878 7.918181259e-05 -0.1710061381 0
0.6455219586 0.1739552574 -0.1299112942 -0.009333763667 0.1585676291 0.4753637982 -0.001211937265 0.04081301522 0.250564322 -0.9984976348 -0.02269760352 -0.04987275923 0.01153640929 0.8026917388 -0.5962825536 0.05356663681 -0.595962072 -0.8012239538 8.102590786e-05 -0.1727820213 0
0.6531045699 0.1759986195 -0.1314372947 -0.009549279603 0.1602880217 0.4745640508 -0.001240410489 0.04128310107 0.250460126 -0.9984268308 -0.02348036439 -0.05091695163 0.01193896013 0.7982413531 -0.602219398 0.05478434728 -0.6018799005 -0.7967052533 8.316592739e-05 -0.1748116019 0
0.6606871812 0.1780419816 -0.1329632952 -0.009767077714 0.1620035355 0.4737558345 -0.00126920843 0.0417528619 0.2503547425 -0.9983535908 -0.0242799713 -0.05196720906 0.01235045587 0.793748747 -0.608120377 0.05601405238 -0.6077609807 -0.792142043 8.534089816e-05 -0.1768411826 0
0.6673219661 0.1798299234 -0.1342985457 -0.009959516881 0.1635005681 0.4730417215 -0.001294672786 0.04216363311 0.2502615586 -0.9982874659 -0.02499354508 -0.05289100168 0.01271791558 0.7897833377 -0.6132540535 0.05709982468 -0.6128764984 -0.788112941 8.727291944e-05 -0.1786170657 0
0.6749045773 0.1818732855 -0.1358245462 -0.01018157248 0.1652067978 0.4722177064 -0.001324078842 0.04263277463 0.2501539511 -0.9982095159 -0.02582507481 -0.05395208846 0.01314639942 0.785212445 -0.6190868989 0.05835181677 -0.6186877093 -0.7834670279 8.951428613e-05 -0.1806466464 0
0.6824871886 0.1839166476 -0.1373505467 -0.01040588707 0.1669080034 0.4713853085 -0.001353808832 0.04310158058 0.2500451591 -0.9981289773 -0.02667380522 -0.05501865858 0.01358405755 0.7806002726 -0.6248829393 0.05961558569 -0.6244611458 -0.7787774132 9.17915283e-05 -0.1826762271 0
0.6891219735 0.1857045894 -0.1386857972 -0.01060400897 0.1683923978 0.4706501077 -0.001380088081 0.04351150764 0.2499489952 -0.9980563403 -0.02743064777 -0.05595624405 0.01397459574 0.7765310208 -0.6299240306 0.06073098352 -0.6294816386 -0.7746383765 9.381380058e-05 -0.1844521102 0
0.6967045848 0.1877479515 -0.1402117977 -0.01083253695 0.1700840486 0.4698020745 -0.001410424693 0.04397967454 0.2498379848 -0.9979708026 -0.02831194802 -0.05703254063 0.01442966599 0.7718423477 -0.6356501986 0.06201662544 -0.6351832994 -0.7698675953 9.615918992e-05 -0.1864816909 0
0.704287196 0.1897913136 -0.1417377982 -0.01106330009 0.171770532 0.468945747 -0.001441084429 0.04444749535 0.2497257929 -0.9978825206 -0.02921078437 -0.05811372594 0.01489413343 0.7671133589 -0.6413386464 0.06331382042 -0.6408461786 -0.7650539429 9.854139839e-05 -0.1885112716 0
0.7109219809 0.1915792554 -0.1430730487 -0.0112670447 0.1732419272 0.4681896812 -0.001468176535 0.0448565518 0.2496266566 -0.9978029794 -0.03001173944 -0.05906360853 0.01530831083 0.7629426901 -0.6462848499 0.0644582809 -0.6457691129 -0.7608070602 0.0001006562954 -0.1902871547 0
0.7185045922 0.1936226175 -0.1445990492 -0.01150197589 0.1749185883 0.4673178867 -0.001499441352 0.04532371386 0.2495122522 -0.9977094032 -0.0309437562 -0.06015339376 0.01579060217 0.7581390299 -0.651901732 0.06577692385 -0.6513583463 -0.7559138185 0.0001031084381 -0.1923167354 0
0.7260872035 0.1956659796 -0.1461250497 -0.0117391177 0.1765899403 0.4664378889 -0.00153102846 0.04579051936 0.2493966694 -0.9976129236 -0.03189362483 -0.06124746077 0.01628250698 0.7532960409 -0.6574800032 0.06710689027 -0.6569078104 -0.7509785575 0.0001055983624 -0.1943463161 0
0.7327219883 0.1974539214 -0.1474603002 -0.01194842338 0.1780479797 0.4656611868 -0.001558931325 0.04619867881 0.2492945686 -0.9975260782 -0.03273948671 -0.06220811371 0.01672086766 0.7490264376 -0.6623290786 0.06827983587 -0.6617307019 -0.7466259721 0.0001078083053 -0.1961221992 0
0.7403045996 0.1994972835 -0.1489863007 -0.01218968668 0.1797092454 0.4647658948 -0.001591121927 0.04666480592 0.2491767792 -0.9974240034 -0.03372310907 -0.06330963147 0.01723099557 0.7441106485 -0.6678341378 0.0696308144 -0.6672046873 -0.7416127392 0.0001103699856 -0.1981517799 0
0.7469393845 0.2012852253 -0.1503215511 -0.01240258514 0.1811583845 0.4639758604 -0.001619552387 0.0470723662 0.2490727493 -0.9973321752 -0.03459866194 -0.06427647183 0.01768541297 0.7397778867 -0.6726186918 0.07082201923 -0.6719610189 -0.7371923973 0.0001126432413 -0.199927663 0
0.7545219958 0.2033285874 -0.1518475516 -0.01264793889 0.1828093935 0.4630653893 -0.001652345422 0.04753780216 0.2489527574 -0.9972243059 -0.03561639152 -0.06538467923 0.01821401745 0.7347905399 -0.6780494909 0.07219371989 -0.6773583506 -0.7321022686 0.0001152778841 -0.2019572437 0
0.762104607 0.2053719495 -0.1533735522 -0.01289546135 0.184454863 0.4621468704 -0.001685459315 0.04800286429 0.2488315923 -0.997113264 -0.03665245052 -0.06649614017 0.01875257782 0.7297655429 -0.6834402631 0.07357635226 -0.6827143255 -0.7269715745 0.0001179519384 -0.2039868244 0
0.7687393919 0.2071598913 -0.1547088026 -0.01311381542 0.1858900672 0.4613365911 -0.001714696931 0.04840948415 0.2487246116 -0.9970134543 -0.03757411147 -0.06747116423 0.01923203989 0.7253380691 -0.688124127 0.07479505663 -0.687366621 -0.722449187 0.0001203243401 -0.2057627075 0
0.7763220032 0.2092032534 -0.1562348031 -0.01336537977 0.1875250215 0.4604030734 -0.001748411593 0.04887383559 0.2486012502 -0.9968963079 -0.03864478784 -0.0685881307 0.01978945469 0.7202434522 -0.6934390723 0.07619795787 -0.6926441726 -0.717243279 0.000123073234 -0.2077922882 0
0.7839046145 0.2112466155 -0.1577608037 -0.01361908661 0.1891542996 0.4594616053 -0.001782446213 0.0493378028 0.2484767191 -0.9967758221 -0.03973405533 -0.06970771386 0.02035702339 0.715112229 -0.6987131683 0.07761154632 -0.6978794342 -0.7119977129 0.0001258625493 -0.2098218689 0
0.7905393993 0.2130345573 -0.1590960541 -0.01384283032 0.1905752244 0.4586313258 -0.001812488719 0.04974345608 0.2483667959 -0.9966676116 -0.04070248264 -0.07068931961 0.02086202823 0.7105926692 -0.7032942729 0.07885713524 -0.7024253458 -0.7073755621 0.0001283366374 -0.211597752 0
0.7981220106 0.2150779194 -0.1606220546 -0.0141005293 0.1921937324 0.4576750434 -0.001847122398 0.05020669313 0.2482400749 -0.9965407063 -0.0418268385 -0.07181320455 0.02144881595 0.7053938025 -0.7084910244 0.08029052909 -0.707580454 -0.702056502 0.0001312027017 -0.2136273327 0
0.8057046219 0.2171212815 -0.1621480552 -0.01436034391 0.1938064291 0.4567109102 -0.001882075109 0.05066953557 0.2481121877 -0.9964102923 -0.04297002609 -0.07293905915 0.02204594844 0.7001593935 -0.7136461307 0.08173436027 -0.7126923604 -0.696698711 0.0001341102141 -0.2156569134 0
0.8123394068 0.2189092233 -0.1634833056 -0.01458940974 0.1952127351 0.4558608812 -0.001912920181 0.05107419618 0.2479993308 -0.996293255 -0.04398582506 -0.07392561898 0.02257697618 0.6955504244 -0.7181224737 0.08300620516 -0.7171295938 -0.6919791294 0.0001366885717 -0.2174327965 0
0.819922018 0.2209525854 -0.1650093061 -0.01485316557 0.1968144105 0.4548821227 -0.001948470194 0.05153628905 0.2478692603 -0.9961561018 -0.04516453219 -0.07505455309 0.02319367876 0.6902503853 -0.7231987685 0.08446936825 -0.7221596573 -0.6865496014 0.0001396747741 -0.2194623772 0
0.8275046293 0.2229959475 -0.1665353066 -0.01511900958 0.1984101415 0.4538956153 -0.001984338291 0.05199797698 0.2477380271 -0.9960152681 -0.04636229026 -0.07618480028 0.0238209097 0.6849158874 -0.7282326492 0.08594271355 -0.7271456286 -0.6810822893 0.000142703468 -0.2214919578 0
0.8341394142 0.2247838893 -0.1678705571 -0.01535332842 0.1998014939 0.4530260931 -0.002015983539 0.05240161893 0.2476222454 -0.9958889721 -0.04742601231 -0.07717466252 0.02437842217 0.6802202344 -0.7326022967 0.08724017257 -0.7314719448 -0.6762676588 0.0001453887198 -0.2232678409 0
0.8417220255 0.2268272514 -0.1693965576 -0.01562306157 0.2013859561 0.4520251537 -0.002052447135 0.05286253793 0.2474888357 -0.995741075 -0.04865968063 -0.07830674961 0.02502556052 0.6748221556 -0.7375559501 0.08873236655 -0.736374425 -0.6707304029 0.0001484980752 -0.2252974216 0
0.8493046367 0.2288706135 -0.1709225581 -0.01589485483 0.2029643429 0.4510165696 -0.00208922784 0.05332304171 0.247354267 -0.9955893234 -0.04991259736 -0.07943948426 0.02568340342 0.6693907201 -0.7424664482 0.09023448245 -0.7412319451 -0.6651563287 0.0001516509818 -0.2273270023 0
0.8559394216 0.2306585553 -0.1722578086 -0.01613435608 0.2043404122 0.4501278163 -0.002121670816 0.05372563907 0.2472355697 -0.995453331 -0.05102473922 -0.08043097477 0.02626784385 0.6646111556 -0.7467275354 0.09155690086 -0.7454451608 -0.6602490789 0.0001544457931 -0.2291028854 0
0.8635220329 0.2327019174 -0.1737838091 -0.01640998528 0.2059072864 0.4491049975 -0.002159045171 0.05418535464 0.2470988314 -0.9952941878 -0.05231391586 -0.08156429356 0.02694591749 0.6591182225 -0.7515564425 0.09307737269 -0.7502175837 -0.6546068895 0.0001576813627 -0.2311324661 0
0.8711046442 0.2347452795 -0.1753098096 -0.01668764592 0.2074679562 0.4480746404 -0.002196735638 0.05464464471 0.2469609378 -0.995131014 -0.05362251633 -0.08269758609 0.02763486436 0.6535930526 -0.7563414809 0.09460750116 -0.7549442014 -0.6489288662 0.0001609615587 -0.2331620468 0
0.877739429 0.2365332213 -0.1766450601 -0.01693225744 0.2088284179 0.4471669235 -0.00222997383 0.05504617168 0.2468393343 -0.9949848821 -0.0547835193 -0.08368900986 0.02824665705 0.6487323942 -0.7604922137 0.0959542116 -0.7590421904 -0.6439314735 0.0001638686346 -0.2349379299 0
0.8853220403 0.2385765834 -0.1781710606 -0.01721369972 0.2103773351 0.4461225333 -0.002268256052 0.05550465434 0.2466992783 -0.9948139846 -0.05612868773 -0.08482161582 0.0289561438 0.6431478429 -0.7651943504 0.09750219399 -0.7636821476 -0.6381871979 0.0001672335245 -0.2369675106 0
0.8919568252 0.2403645252 -0.1795063111 -0.01746160447 0.2117274456 0.4452025958 -0.00230201148 0.05590546935 0.2465757847 -0.994660999 -0.05732176764 -0.08581207363 0.02958599438 0.6382358354 -0.7692721803 0.09886438167 -0.7677038709 -0.6331323721 0.0001702152925 -0.2387433937 0
0.8995394365 0.2424078873 -0.1810323116 -0.01774679237 0.213264456 0.4441443062 -0.002340884197 0.05636313211 0.2464335708 -0.9944821593 -0.05870368225 -0.08694315683 0.03031621486 0.6325932997 -0.7738905894 0.1004298857 -0.7722561718 -0.6273230772 0.0001736662163 -0.2407729744 0
0.9071220477 0.2444512494 -0.1825583121 -0.01803396306 0.2147950535 0.4430786587 -0.002380071324 0.05682035249 0.2462902081 -0.994298994 -0.06010526149 -0.08807308406 0.03105757047 0.6269204147 -0.7784640139 0.1020045975 -0.7767613219 -0.6214796143 0.0001771635767 -0.2428025551 0
0.9137568326 0.2462391912 -0.1838935626 -0.01828685571 0.2161290318 0.4421402118 -0.002414617684 0.05722005465 0.2461638244 -0.9941351266 -0.06134780817 -0.0890606333 0.03171543215 0.6219320612 -0.7824286821 0.1033899479 -0.7806644335 -0.6163388362 0.0001802621635 -0.2445784382 0
0.9213394439 0.2482825533 -0.1854195631 -0.01857771593 0.2176474891 0.4410608731 -0.002454393335 0.05767643604 0.2460183113 -0.9939436816 -0.06278637178 -0.09018774502 0.0324778067 0.6162033589 -0.7869171574 0.1049816646 -0.7850804367 -0.6104322715 0.0001838476357 -0.2466080189 0
0.9289220552 0.2503259154 -0.1869455636 -0.01887052873 0.2191594101 0.4399742885 -0.002494482333 0.05813236488 0.2458716534 -0.9937477301 -0.06424471563 -0.09131300811 0.03325146457 0.6104454708 -0.7913600112 0.1065823111 -0.789448506 -0.6044925701 0.0001874806602 -0.2486375996 0
0.93555684 0.2521138572 -0.1882808141 -0.01912833329 0.2204769459 0.4390176143 -0.002529816952 0.05853092862 0.2457423896 -0.9935725261 -0.06553701994 -0.09229590636 0.03393771015 0.6053836982 -0.7952099155 0.1079901252 -0.7932310363 -0.5992684339 0.0001906988722 -0.2504134827 0
0.9431394513 0.2541572193 -0.1898068146 -0.01942477846 0.2219764974 0.4379175506 -0.00257049246 0.05898599945 0.2455935888 -0.9933679545 -0.06703254344 -0.09341704953 0.03473265744 0.5995721886 -0.7995666533 0.1096072513 -0.7975085133 -0.5932675802 0.000194422114 -0.2524430634 0
0.9507220626 0.2562005814 -0.1913328151 -0.01972314544 0.2234693915 0.4368103553 -0.002611480226 0.05944060762 0.2454436473 -0.9931586941 -0.06854793982 -0.0945356455 0.03553902834 0.5937326718 -0.8038771622 0.1112330247 -0.8017372976 -0.5872346378 0.0001981940385 -0.2544726441 0
0.9573568474 0.2579885233 -0.1926680655 -0.01998578454 0.22477018 0.4358357409 -0.00264760037 0.05983800747 0.2453115137 -0.992971695 -0.06989023473 -0.09551213549 0.03625401073 0.5886004447 -0.8076107746 0.112662592 -0.8053973377 -0.5819297799 0.0002015347191 -0.2562485272 0
0.9649394587 0.2600318853 -0.1941940661 -0.0202877257 0.2262504795 0.4347152824 -0.002689172586 0.06029173868 0.245159437 -0.9927534715 -0.07144296272 -0.0966252967 0.03708192662 0.5827095294 -0.8118340564 0.1143043114 -0.8095341299 -0.5758376655 0.0002053989938 -0.2582781079 0
0.97252207 0.2620752474 -0.1957200666 -0.02059155736 0.2277240026 0.4335878085 -0.00273105595 0.06074499714 0.2450062237 -0.9925303757 -0.07301563299 -0.09773520692 0.03792139841 0.5767917995 -0.8160105315 0.1159543914 -0.8136214952 -0.5697145265 0.0002093130958 -0.2603076886 0
0.9791568549 0.2638631893 -0.197055317 -0.02085895222 0.2290077445 0.4325955462 -0.002767958824 0.06114120773 0.2448712308 -0.9923311197 -0.07440809313 -0.09870351826 0.03866545038 0.571592118 -0.8196263988 0.1174049905 -0.8171571981 -0.564331624 0.0002127791247 -0.2620835717 0
0.9867394661 0.2659065513 -0.1985813176 -0.02116629885 0.2304684521 0.4314550288 -0.002810424532 0.06159357036 0.2447158903 -0.9920987156 -0.07601820328 -0.09980666973 0.03952670764 0.5656252385 -0.823714592 0.1190704747 -0.8211512177 -0.5581513233 0.0002167877365 -0.2641131524 0
0.9943220774 0.2679499134 -0.2001073181 -0.02147550414 0.2319222666 0.4303076142 -0.002853200253 0.0620454502 0.2445594175 -0.9918612545 -0.07764830172 -0.1009058619 0.040399645 0.5596327502 -0.827755431 0.1207440285 -0.8250951013 -0.5519410779 0.0002208473346 -0.266142733 0
1.000956862 0.2697378553 -0.2014425685 -0.02174757465 0.2331886684 0.4292980012 -0.002890883002 0.06244044628 0.244421576 -0.9916492773 -0.07909104282 -0.1018642128 0.04117307901 0.5543686478 -0.8312521759 0.1222149273 -0.8285046827 -0.5464828472 0.0002244416271 -0.2679186162 0
1.008539474 0.2717812173 -0.2029685691 -0.02206023469 0.2346294508 0.4281377665 -0.002934238917 0.0628914115 0.244262984 -0.9914021608 -0.08075864534 -0.1029553143 0.04206802708 0.5483292828 -0.8352037348 0.1239033359 -0.8323539144 -0.540217479 0.0002285979211 -0.2699481968 0
