0.006069197387 0.005401828442 -0.002055333695 -2.786695662e-06 0.00154763682 0.509996869 -3.498817361e-07 0.0003853642836 0.2549996118 -0.9999999999 -6.479477992e-08 -1.622882036e-05 3.320876853e-08 0.9999817664 -0.006038785619 1.622891573e-05 -0.006038785619 -0.9999817662 3.298348939e-08 -0.002733593814 0
0.01113839477 0.009913616884 -0.00377201739 -9.385746828e-06 0.002840238041 0.5099894547 -1.183665422e-06 0.000708287899 0.2549986866 -0.9999999985 -4.031102918e-07 -5.465850724e-05 2.026562311e-07 0.9999385895 -0.01108229621 5.465961802e-05 -0.0110822962 -0.999938588 6.97303055e-08 -0.005016783129 0
0.01693176322 0.01506994653 -0.005733941613 -2.168810798e-05 0.004317414762 0.5099756324 -2.745743692e-06 0.001078087536 0.2549969532 -0.999999992 -1.417564277e-06 -0.0001262975196 7.102040001e-07 0.9998581015 -0.01684567621 0.000126303478 -0.01684567617 -0.9998580936 7.742507121e-08 -0.007626142345 0
0.02272513166 0.02022627618 -0.007695865836 -3.906799909e-05 0.005794461638 0.5099561053 -4.957987862e-06 0.001448130571 0.2549944982 -0.9999999741 -3.428259531e-06 -0.0002274950979 1.715838025e-06 0.9997444053 -0.02260805315 0.0002275144577 -0.02260805296 -0.9997443794 4.58114848e-08 -0.01023550156 0
0.02779432904 0.02473806462 -0.009412549531 -5.844007653e-05 0.007086736219 0.5099343399 -7.426308072e-06 0.001771933585 0.2549917589 -0.9999999421 -6.272618379e-06 -0.0003402803078 3.138203882e-06 0.9996176922 -0.02764904049 0.0003403236478 -0.02764903996 -0.9996176343 1.543650695e-08 -0.01251869088 0
0.03358769749 0.02989439427 -0.01137447375 -8.53385017e-05 0.008563419914 0.5099041184 -1.085527081e-05 0.002141951904 0.2549879535 -0.9999998765 -1.106914187e-05 -0.0004968629036 5.536537988e-06 0.9994417765 -0.03340861231 0.0004969553477 -0.03340861093 -0.999441653 1.002601731e-07 -0.01512805009 0
0.03938106593 0.03505072392 -0.01333639798 -0.0001173121597 0.01003984607 0.5098681945 -1.493235848e-05 0.002511912349 0.2549834289 -0.9999997666 -1.784050039e-05 -0.0006829573762 8.922032595e-06 0.9992327102 -0.03916619543 0.0006831320945 -0.03916619238 -0.9992324768 2.132464058e-07 -0.01773740931 0
0.04445026331 0.03956251236 -0.01505308167 -0.0001494514848 0.01133147281 0.5098320845 -1.903125385e-05 0.002835580931 0.25497888 -0.9999996212 -2.565255364e-05 -0.0008699806617 1.282756582e-05 0.9990226059 -0.04420218016 0.0008702642465 -0.04420217457 -0.9990222272 3.308754162e-07 -0.02002059862 0
0.05024363176 0.04471884201 -0.01701500589 -0.0001909379504 0.01280729644 0.5097854726 -2.432290412e-05 0.003205437817 0.2549730074 -0.9999993818 -3.704226784e-05 -0.001111343793 1.852129579e-05 0.9987514638 -0.04995511193 0.00111180669 -0.04995510163 -0.9987508457 4.857086154e-07 -0.02262995784 0
0.0560370002 0.04987517166 -0.01897693012 -0.000237495838 0.01428273495 0.5097331627 -3.026210402e-05 0.003575244554 0.2549664162 -0.9999990435 -5.138260754e-05 -0.001382141391 2.568948564e-05 0.9984472667 -0.05570507158 0.001382857566 -0.0557050538 -0.9984463104 6.617533045e-07 -0.02523931706 0
0.06110619759 0.0543869601 -0.02069361381 -0.0002823928241 0.01557339283 0.509682719 -3.599001114e-05 0.003898786124 0.2549600594 -0.9999986477 -6.661695455e-05 -0.001643208028 3.330397053e-05 0.9981540117 -0.06073357983 0.001644220571 -0.06073355242 -0.9981526597 8.329659997e-07 -0.02752250637 0
0.06689956603 0.05954328975 -0.02265553804 -0.0003384549556 0.01704798967 0.5096197306 -4.314308367e-05 0.004268504048 0.254952121 -0.9999980575 -8.740162145e-05 -0.001969100409 4.369178033e-05 0.9977879536 -0.06647704701 0.001970554869 -0.06647700392 -0.9977860116 1.048159976e-06 -0.03013186559 0
0.07269293447 0.06469961939 -0.02461746226 -0.0003995831858 0.01852207389 0.5095510503 -5.094342123e-05 0.00463817545 0.2549434643 -0.9999972925 -0.0001121085157 -0.002324319226 5.603869756e-05 0.9973889738 -0.0722165619 0.002326346459 -0.07221649662 -0.9973862671 1.284168505e-06 -0.0327412248 0
0.07776213186 0.06921140784 -0.02633414595 -0.0004572244416 0.01981144226 0.5094862878 -5.829960522e-05 0.004961599446 0.2549353005 -0.999996455 -0.0001372092193 -0.002659157459 6.858124775e-05 0.9970129038 -0.07723512802 0.002661811672 -0.0772350366 -0.99700936 1.507797292e-06 -0.03502441412 0
0.0835555003 0.07436773749 -0.02829607018 -0.0005278455179 0.02128444596 0.5094069418 -6.731332006e-05 0.005331182038 0.2549252972 -0.9999952754 -0.0001701772638 -0.003069239887 8.505337777e-05 0.9965523484 -0.08296631647 0.003072777198 -0.08296618554 -0.9965476256 1.783039662e-06 -0.03763377333 0
0.08934886874 0.07952406713 -0.0302579944 -0.000603525859 0.02275680974 0.5093219115 -7.697403463e-05 0.005700715507 0.2549145759 -0.9999938235 -0.0002080335692 -0.003508510234 0.0001039657377 0.9960590424 -0.08869257678 0.003513134378 -0.08869239374 -0.9960528687 2.079402177e-06 -0.04024313255 0
0.09441806613 0.08403585558 -0.03197467809 -0.0006738941935 0.02404456834 0.5092428495 -8.595782426e-05 0.006024015687 0.2549046058 -0.9999922993 -0.0002454306854 -0.003916771624 0.0001226465996 0.9956005876 -0.09369874606 0.003922536678 -0.09369850489 -0.9955928906 2.356184166e-06 -0.04252632186 0
0.1002114346 0.08919218522 -0.03393660232 -0.0007590531529 0.02551561308 0.5091471696 -9.683139318e-05 0.006393452343 0.2548925385 -0.9999902302 -0.0002933532356 -0.004410617407 0.0001465823407 0.9950460618 -0.0994148551 0.00441793115 -0.09941453035 -0.9950362973 2.692648112e-06 -0.04513568108 0
0.106004803 0.09434851487 -0.03589852654 -0.0008492630351 0.02698589082 0.5090458148 -0.0001083516644 0.006762834445 0.2548797534 -0.9999877701 -0.0003471231402 -0.004933482283 0.000173435041 0.9944589939 -0.1051250656 0.004942637171 -0.1051246356 -0.9944467715 3.050810857e-06 -0.0477450403 0
0.1110740004 0.09886030331 -0.03761521023 -0.0009323374632 0.02827171995 0.5089524769 -0.0001189623104 0.007085997276 0.2548679779 -0.9999852605 -0.0003992292667 -0.005414742145 0.0001994534098 0.9939186784 -0.1101163969 0.005425775046 -0.1101158538 -0.9939039489 3.382193154e-06 -0.05002822961 0
0.1168673688 0.104016633 -0.03957713446 -0.001032008911 0.02974044058 0.5088404915 -0.0001316948375 0.007455270961 0.2548538475 -0.9999819407 -0.0004648562181 -0.005991837645 0.0002322186127 0.9932708164 -0.1158146424 0.006005354626 -0.1158139423 -0.9932527707 3.7817082e-06 -0.05263758883 0
0.1226607373 0.1091729626 -0.04153905868 -0.001136721434 0.03120826736 0.5087228423 -0.0001450737244 0.007824483358 0.2548389998 -0.9999780902 -0.0005372813145 -0.006597753316 0.000268372249 0.9925906577 -0.1215060255 0.00661415122 -0.1215051339 -0.9925687661 4.203664878e-06 -0.05524694804 0
0.1277299347 0.1136847511 -0.04325574238 -0.001232477185 0.03249184794 0.5086152564 -0.0001573103651 0.008147491955 0.2548254197 -0.9999742437 -0.0006064881635 -0.007151511261 0.0003029141008 0.9919690994 -0.126480094 0.007170786864 -0.1264790026 -0.9919433662 4.591513082e-06 -0.05753013736 0
0.1335233031 0.1188410807 -0.0452176666 -0.001346631402 0.03395788006 0.508486999 -0.0001719008204 0.008516582614 0.2548092274 -0.9999692519 -0.0006925442718 -0.007811256542 0.0003458587051 0.9912286415 -0.1321577115 0.007834266276 -0.1321563495 -0.9911979235 5.056338449e-06 -0.06013949658 0
0.1393166716 0.1239974103 -0.04717959082 -0.001465815346 0.0354228918 0.5083530905 -0.0001871372441 0.008885604605 0.2547923182 -0.9999635686 -0.0007863396618 -0.008499593229 0.0003926571073 0.9904561693 -0.1378275101 0.008526853788 -0.1378258263 -0.9904197769 5.544474795e-06 -0.06274885579 0
0.1443858689 0.1285091988 -0.04889627452 -0.00157422387 0.0367039055 0.5082312886 -0.0002009988948 0.009208440429 0.2547769347 -0.999957981 -0.000875014661 -0.009125273795 0.0004368930493 0.9897540782 -0.1427819099 0.009156713218 -0.1427798971 -0.9897121074 5.990974349e-06 -0.06503204511 0
0.1501792374 0.1336655284 -0.05085819874 -0.001702826823 0.03816688562 0.5080867974 -0.000217446106 0.009577326479 0.2547586817 -0.9999508358 -0.0009841956696 -0.009866983387 0.0004913486346 0.9889218704 -0.1484361575 0.00990376589 -0.1484337079 -0.9888727672 6.523714223e-06 -0.06764140432 0
0.1559726058 0.1388218581 -0.05282012296 -0.001836446658 0.03962871915 0.5079366695 -0.0002345388439 0.009946136137 0.2547397124 -0.999942818 -0.001102046105 -0.01063702607 0.0005501164271 0.988057967 -0.1540816384 0.01067980342 -0.1540786793 -0.9880008615 7.080743277e-06 -0.07025076354 0
0.1610418032 0.1433336465 -0.05453680666 -0.001957475639 0.04090684849 0.507800688 -0.0002500243932 0.01026877977 0.2547225267 -0.9999350332 -0.001212529032 -0.01133397945 0.0006051995706 0.9872761449 -0.1590139852 0.01138257661 -0.1590105139 -0.9872112709 7.588354e-06 -0.07253395285 0
0.1668351717 0.1484899762 -0.05649873088 -0.002100488995 0.04236641411 0.5076400061 -0.0002683270424 0.0106374388 0.2547022146 -0.9999251944 -0.001347497839 -0.01215688322 0.000672476934 0.9863531372 -0.1646421467 0.01221283484 -0.1646380057 -0.9862784463 8.191914383e-06 -0.07514331207 0
0.1726285401 0.1536463058 -0.0584606551 -0.002248504893 0.04382470733 0.5074737035 -0.0002872747256 0.01100601353 0.2546811867 -0.9999142814 -0.001492053902 -0.01300783252 0.0007445171228 0.9853987887 -0.1702606032 0.01307194041 -0.1702556932 -0.9853132108 8.820839958e-06 -0.07775267129 0
0.1776977375 0.1581580943 -0.0601773388 -0.00238211826 0.04509963578 0.5073235829 -0.0003043829337 0.01132844506 0.2546622002 -0.9999037924 -0.001626653556 -0.0137753354 0.0008115809802 0.9845381278 -0.1751685368 0.01384728145 -0.1751628641 -0.9844420876 9.392267943e-06 -0.0800358606 0
0.1834911059 0.1633144239 -0.06213926302 -0.002539499397 0.04655542556 0.5071467581 -0.0003245395563 0.0116968542 0.2546398306 -0.9998906616 -0.001790036426 -0.01467857951 0.0008929677438 0.9835253734 -0.1807679245 0.01476033656 -0.1807612671 -0.9834162378 1.006982772e-05 -0.08264521982 0
0.1892844744 0.1684707536 -0.06410118724 -0.002701867248 0.04800981752 0.5069643305 -0.0003453406687 0.01206517099 0.2546167457 -0.9998762348 -0.001963910761 -0.01560955275 0.0009795593348 0.9824816683 -0.1863566795 0.01570208732 -0.1863489055 -0.9823581474 1.077391797e-05 -0.08525457903 0
0.1943536718 0.172982542 -0.06581787094 -0.002848025185 0.04928122962 0.5068001155 -0.0003640701671 0.01238737023 0.2545959599 -0.9998624842 -0.002124901678 -0.0164468092 0.001059715745 0.98154315 -0.1912378666 0.01654961458 -0.1912289973 -0.9814059205 1.141209398e-05 -0.08753776835 0
0.2001470402 0.1781388717 -0.06777979516 -0.003019727208 0.05073288344 0.5066072006 -0.0003860791507 0.01275550632 0.2545715345 -0.9998454055 -0.002319284503 -0.01742945721 0.001156473996 0.9804418035 -0.1968058243 0.01754501716 -0.1967955559 -0.9802875504 1.216708156e-05 -0.09014712756 0
0.2059404086 0.1832952013 -0.06974171938 -0.003196398635 0.0521830145 0.5064087023 -0.0004087320288 0.01312354196 0.2545463945 -0.9998267897 -0.002525048094 -0.01843948949 0.001258869648 0.9793099314 -0.2023622334 0.01856894956 -0.202350395 -0.9791371261 1.294984671e-05 -0.09275648678 0
0.211009606 0.1878069897 -0.07145840308 -0.003355057598 0.05345059597 0.5062304418 -0.0004290813198 0.01344548854 0.254523811 -0.9998091703 -0.002714667308 -0.01934563199 0.001353206733 0.9782946253 -0.2072143697 0.01948824587 -0.2072010057 -0.9781042641 1.365790739e-05 -0.09503967609 0
0.2168029745 0.1929633194 -0.0734203273 -0.003541029356 0.05489775508 0.5060214941 -0.0004529409047 0.01381332824 0.2544973318 -0.999787432 -0.002942591928 -0.02040666603 0.001466570699 0.9771059412 -0.2127482756 0.02056550598 -0.2127329799 -0.9768939242 1.449397987e-05 -0.09764903531 0
0.2225963429 0.198119649 -0.07538225152 -0.003731951733 0.05634326701 0.5058069843 -0.0004774437373 0.01418105937 0.2544701388 -0.9997638958 -0.003182770438 -0.02149471145 0.001585994412 0.9758871911 -0.2182697295 0.02167111602 -0.2182522856 -0.9756517322 1.535915199e-05 -0.1002583945 0
0.2276655403 0.2026314375 -0.07709893522 -0.003903064464 0.0576067048 0.5056147314 -0.0004994111939 0.01450273282 0.2544457595 -0.9997417522 -0.003403214291 -0.02246880198 0.001695574568 0.974796253 -0.2230905427 0.0226617289 -0.2230710276 -0.9745387436 1.614042257e-05 -0.1025415838 0
0.2334589087 0.2077877671 -0.07906085944 -0.004103250569 0.05904901197 0.5053898133 -0.0005251194725 0.01487025272 0.2544172286 -0.999714587 -0.003667174867 -0.02360712406 0.001826748334 0.9735215843 -0.2285878122 0.0238203163 -0.2285656946 -0.9732370296 1.70614464e-05 -0.1051509431 0
0.2385281061 0.2122995556 -0.08077754314 -0.0042824581 0.06030957937 0.5051884656 -0.0005481413165 0.01519173698 0.2543916791 -0.9996891169 -0.003908884287 -0.0246249901 0.001946828877 0.9723819842 -0.2333869892 0.02485717947 -0.2333623738 -0.9720720771 1.789233676e-05 -0.1074341324 0
0.2443214746 0.2174558852 -0.08273946736 -0.004491882581 0.06174853052 0.5049531677 -0.0005750541669 0.01555903567 0.2543618114 -0.9996579735 -0.00419766605 -0.0258130883 0.002090251102 0.9710520134 -0.2388589919 0.02606850165 -0.2388312517 -0.9707111138 1.887093844e-05 -0.1100434916 0
0.250114843 0.2226122149 -0.08470139158 -0.004706223426 0.0631856301 0.5047123462 -0.0006026090841 0.01592621229 0.2543312311 -0.9996245606 -0.004500105508 -0.02702752167 0.002240406371 0.9696928095 -0.2443170805 0.02730784606 -0.2442859069 -0.9693186665 1.988097116e-05 -0.1126528508 0
0.2551840404 0.2271240033 -0.08641807528 -0.004897798556 0.0644415397 0.5044971029 -0.0006272461227 0.01624738947 0.254303889 -0.9995933794 -0.004776170833 -0.02811163473 0.002377423634 0.9684796723 -0.2490812561 0.02841520142 -0.2490468078 -0.9680745136 2.079093544e-05 -0.1149360401 0
0.2609774088 0.232280333 -0.0883799995 -0.005121336639 0.06587505224 0.5042459478 -0.0006560041919 0.01661432955 0.2542719734 -0.9995554243 -0.005104995425 -0.02937503504 0.002540573021 0.9670661626 -0.2545124412 0.02970688726 -0.2544739206 -0.9666232589 2.186128693e-05 -0.1175453993 0
0.2667707773 0.2374366626 -0.09034192372 -0.00534976842 0.06730659031 0.5039892944 -0.000685403545 0.01698113938 0.2542393462 -0.9995148899 -0.00544830197 -0.03066432568 0.002710846917 0.9656239671 -0.259928847 0.03102637866 -0.2598858792 -0.9651407636 2.296455993e-05 -0.1201547586 0
0.2718399747 0.241948451 -0.09205860742 -0.005553654127 0.06855753294 0.5037602196 -0.0007116538088 0.01730198891 0.2542102137 -0.9994772184 -0.005760796619 -0.03181356675 0.002865785611 0.9643386703 -0.2646558447 0.03220368115 -0.2646086584 -0.9638180227 2.39573471e-05 -0.1224379479 0
0.2776333431 0.2471047807 -0.09402053164 -0.005791239284 0.06998525413 0.503493282 -0.0007422547979 0.01766854686 0.2541762528 -0.9994315444 -0.006132014712 -0.03315096564 0.003049775575 0.9628432258 -0.2700437398 0.03357509488 -0.2699913349 -0.9622771909 2.512378434e-05 -0.1250473071 0
0.2834267115 0.2522611103 -0.09598245586 -0.006033694021 0.07141087861 0.5032208732 -0.0007734962368 0.01803496638 0.2541415812 -0.9993829635 -0.006518518413 -0.03451378388 0.003241268499 0.961319675 -0.2754160064 0.03497408381 -0.2753579331 -0.9607053774 2.63246866e-05 -0.1276566663 0
0.2884959089 0.2567728988 -0.09769913956 -0.006249829637 0.07265654676 0.5029780351 -0.0008013576274 0.01835546767 0.2541106607 -0.999337978 -0.006869463978 -0.0357269682 0.0034150806 0.9599636763 -0.2801036903 0.03622075395 -0.280040266 -0.9593046995 2.740417909e-05 -0.1299398556 0
0.2942892774 0.2619292284 -0.09966106378 -0.006501391179 0.07407812579 0.5026953944 -0.0008337990902 0.01872161996 0.2540746572 -0.9992836272 -0.007285365927 -0.03713698753 0.00362098646 0.9583879923 -0.2854458698 0.03767122053 -0.2853758567 -0.957675049 2.86711856e-05 -0.1325492148 0
0.3000826458 0.2670855581 -0.101622988 -0.006757796744 0.07549748655 0.5024073112 -0.0008668801175 0.01908762565 0.2540379439 -0.999226025 -0.007717335385 -0.03857192968 0.003834759996 0.9567848127 -0.2907715888 0.03914901839 -0.290694453 -0.956014691 2.99742485e-05 -0.135158574 0
0.3051518432 0.2715973465 -0.1033396717 -0.006986117976 0.07673757443 0.502150782 -0.0008963504077 0.01940775813 0.2540052378 -0.9991728585 -0.008108698739 -0.03984780826 0.004028362929 0.9553596479 -0.2954178658 0.04046444255 -0.2953340349 -0.9545367655 3.11444492e-05 -0.1374417634 0
0.3109452116 0.2767536762 -0.1053015959 -0.007251581081 0.07815266251 0.5018525223 -0.000930629751 0.01977348126 0.2539671946 -0.9991088245 -0.0085715113 -0.04132899705 0.004257219854 0.9537055084 -0.3007119541 0.04199324806 -0.3006199136 -0.9528190986 3.251664156e-05 -0.1400511226 0
0.3167385801 0.2819100058 -0.1072635201 -0.007521861219 0.0795654115 0.5015488504 -0.0009655477223 0.02013904962 0.2539284426 -0.9990411777 -0.009051150398 -0.04283458723 0.004494294732 0.9520245141 -0.3059887677 0.04354912745 -0.3058878901 -0.9510710132 3.392652477e-05 -0.1426604818 0
0.3218077775 0.2864217943 -0.1089802038 -0.007762300175 0.08079961519 0.5012787064 -0.0009966245562 0.02045879272 0.2538939535 -0.9989789215 -0.009484840874 -0.0441718484 0.004708569605 0.9505317953 -0.3105915896 0.04493265816 -0.3104824374 -0.9495165677 3.519154497e-05 -0.1449436711 0
0.3276011459 0.2915781239 -0.1109421281 -0.008041585913 0.08220786568 0.5009649163 -0.00103273904 0.0208240632 0.2538538736 -0.9989041504 -0.009996724014 -0.04572268465 0.00496137061 0.9488010705 -0.3158352632 0.0465390501 -0.3157160024 -0.9477117297 3.66736594e-05 -0.1475530303 0
0.3333945144 0.2967344536 -0.1129040523 -0.008325660273 0.08361365704 0.500645746 -0.001069491163 0.02118917073 0.253813086 -0.9988253891 -0.01052616876 -0.0472973766 0.005222724727 0.9470441611 -0.3210608666 0.04817224521 -0.3209307662 -0.9458767774 3.81951378e-05 -0.1501623895 0
0.3384637117 0.301246242 -0.114620736 -0.008578145478 0.08484167455 0.5003620675 -0.001102172057 0.02150850392 0.2537768166 -0.9987530939 -0.01100403541 -0.04869464768 0.005458514614 0.9454855744 -0.3256182323 0.04962320149 -0.3254780174 -0.9442465769 3.955918609e-05 -0.1524455789 0
0.3442570802 0.3064025716 -0.1165826602 -0.008871170841 0.08624274307 0.5000328403 -0.001140118793 0.02187329827 0.2537347032 -0.998666486 -0.01156707921 -0.0503135403 0.005736208624 0.9436802182 -0.3308092224 0.05130638917 -0.3306566926 -0.9423554563 4.115606608e-05 -0.1550549381 0
0.3500504486 0.3115589013 -0.1185445844 -0.009168955001 0.08764123323 0.4996982664 -0.001178702132 0.02223792153 0.2536918833 -0.9985754953 -0.01214839465 -0.05195571937 0.006022775125 0.9418493763 -0.3359813663 0.05301609612 -0.3358156769 -0.9404345404 4.279401778e-05 -0.1576642973 0
0.355119646 0.3160706897 -0.1202612681 -0.009433411434 0.08886276461 0.4994011377 -0.001212984472 0.02255682429 0.2536538365 -0.9984921728 -0.0126722236 -0.05341156839 0.006280883407 0.9402266795 -0.340491324 0.05453376379 -0.3403133938 -0.9387293873 4.426138987e-05 -0.1599474866 0
0.3609130145 0.3212270194 -0.1222231923 -0.009740089361 0.09025630917 0.4990565712 -0.001252760428 0.02292111908 0.253609693 -0.9983925848 -0.01328844524 -0.0550968592 0.006584373378 0.938348727 -0.3456274188 0.05629291872 -0.3454346303 -0.9367529149 4.597797489e-05 -0.1625568458 0
0.3667063829 0.326383349 -0.1241851166 -0.01005149486 0.09164715698 0.4987066931 -0.001293171896 0.02328523463 0.2535648441 -0.9982882061 -0.01392362253 -0.05680484436 0.006897038802 0.9364460151 -0.3507439118 0.05807829597 -0.3505352958 -0.9347469807 4.77373703e-05 -0.165166205 0
0.3717755803 0.3308951375 -0.1259018003 -0.01032784397 0.09286190443 0.4983962025 -0.001329052942 0.02360368647 0.253525023 -0.9981928308 -0.01449513439 -0.0583177819 0.007178227564 0.9347610352 -0.355204561 0.05966192802 -0.3549812645 -0.9329677144 4.931243971e-05 -0.1674493944 0
0.3775689487 0.3360514671 -0.1278637245 -0.01064808339 0.09424758549 0.4980363991 -0.001370654938 0.0239674583 0.2534788528 -0.9980790769 -0.01516647524 -0.06006774773 0.007508368672 0.9328125998 -0.3602836079 0.06149618434 -0.3600425416 -0.930906863 5.115375496e-05 -0.1700587536 0
0.3833623172 0.3412077968 -0.1298256487 -0.01097301776 0.09563045233 0.4976713207 -0.001412891305 0.02433104276 0.2534319785 -0.9979601104 -0.01585742872 -0.0618397937 0.007847971164 0.9308401579 -0.3653423187 0.06335635311 -0.3650823776 -0.928816898 5.303964684e-05 -0.1726681128 0
0.3884315146 0.3457195852 -0.1315423324 -0.0112611775 0.09683812029 0.4973475602 -0.001450368189 0.02464902323 0.2533903863 -0.9978516208 -0.01647827611 -0.06340827471 0.00815295965 0.9290947889 -0.369751812 0.06500517006 -0.36947441 -0.9269643943 5.472685654e-05 -0.1749513021 0
0.394224883 0.3508759149 -0.1335042566 -0.01159488333 0.09821560095 0.4969726267 -0.001493792898 0.02501224874 0.2533421932 -0.997722475 -0.01720659896 -0.06522112956 0.008510557549 0.9270780594 -0.3747717201 0.06691362491 -0.3744732363 -0.9248201782 5.669800361e-05 -0.1775606613 0
0.4000182514 0.3560322445 -0.1354661808 -0.01193325013 0.09959015081 0.4965924564 -0.001537850788 0.02537527876 0.2532932973 -0.9975876811 -0.01795516343 -0.06705542902 0.008877885142 0.9250381019 -0.3797705797 0.06884766961 -0.3794497624 -0.9226472111 5.871551814e-05 -0.1801700205 0
0.4050874488 0.360544033 -0.1371828645 -0.01223313498 0.1007904461 0.4962555222 -0.001576920512 0.02569276744 0.2532499372 -0.9974649817 -0.0186269286 -0.0686778548 0.009207348268 0.9232343022 -0.3841271248 0.07056085988 -0.3837856964 -0.9207223818 6.051937289e-05 -0.1824532098 0
0.4108808173 0.3657003626 -0.1391447888 -0.01258020822 0.1021593921 0.4958655698 -0.001622164463 0.0260554233 0.2531997249 -0.9973191798 -0.01941401491 -0.0705517521 0.009593157418 0.92115154 -0.3890858668 0.07254257391 -0.3887196116 -0.9184958566 6.262552142e-05 -0.1850625691 0
0.4166741857 0.3708566922 -0.141106713 -0.01293190707 0.1035252918 0.4954704204 -0.001668040352 0.02641787558 0.2531488112 -0.9971672812 -0.02022194297 -0.07244643794 0.009988946387 0.9190463527 -0.3940228705 0.07454954257 -0.3936303781 -0.9162409569 6.477985008e-05 -0.1876719283 0
0.4217433831 0.3753684807 -0.1428233967 -0.01324342808 0.1047179235 0.4951204125 -0.001708699795 0.02673485209 0.2531036868 -0.997029244 -0.02094613549 -0.07412115817 0.01034351332 0.9171861422 -0.3983247321 0.07632626293 -0.3979080797 -0.9142447493 6.670490969e-05 -0.1899551176 0
0.4275367515 0.3805248103 -0.1447853209 -0.01360376578 0.1060780036 0.4947155568 -0.001755759369 0.02709691504 0.2530514594 -0.996865485 -0.02179368287 -0.07605419308 0.01075823539 0.9150396781 -0.4032203466 0.07838026071 -0.4027746553 -0.9119370109 6.895128983e-05 -0.1925644768 0
0.43333012 0.38568114 -0.1467472451 -0.01396869238 0.1074349226 0.4943055454 -0.00180344959 0.02745876631 0.252998532 -0.9966951688 -0.02266264234 -0.07800734078 0.01118316868 0.9128716154 -0.4080935562 0.08045916549 -0.4076172451 -0.9096012886 7.12476822e-05 -0.195173836 0
0.4383993174 0.3901929284 -0.1484639288 -0.01429175718 0.1086196026 0.4939425675 -0.001845695499 0.02777521032 0.2529516468 -0.9965406351 -0.02344069692 -0.07973265555 0.0115634215 0.910957073 -0.4123390577 0.0822985414 -0.4118346087 -0.9075346854 7.329855537e-05 -0.1974570253 0
0.4441926858 0.3953492581 -0.150425853 -0.01466525254 0.1099704882 0.4935229287 -0.001894566934 0.02813665713 0.2528974084 -0.9963575839 -0.0243503166 -0.08172286739 0.01200770383 0.908749304 -0.4171696507 0.08442381194 -0.4166314493 -0.9051468696 7.569045104e-05 -0.2000663846 0
0.4499860543 0.4005055877 -0.1523877773 -0.01504329873 0.1113180992 0.4930981768 -0.001944067674 0.0284978842 0.2528424716 -0.9961675035 -0.02528188814 -0.0837324974 0.01246240955 0.9065207853 -0.4219771964 0.08657362957 -0.4214034789 -0.9027314743 7.813420831e-05 -0.2026757438 0
0.4550552516 0.4050173762 -0.154104461 -0.01537781159 0.1124945418 0.4927223365 -0.001987896671 0.02881377541 0.2527938293 -0.9959952859 -0.02611516254 -0.08550665938 0.01286888194 0.9045540459 -0.4261647215 0.08847475567 -0.4255584287 -0.9005954926 8.031554719e-05 -0.2049589331 0
0.4608486201 0.4101737058 -0.1560663852 -0.01576435394 0.1138359074 0.4922880388 -0.00203857606 0.02917458291 0.2527375843 -0.9957915752 -0.02708837707 -0.08755203407 0.01334331612 0.9022874324 -0.4309284688 0.09067025288 -0.4302831731 -0.8981287748 8.28582901e-05 -0.2075682923 0
0.4666419885 0.4153300355 -0.1580283094 -0.01615540773 0.115173886 0.4918486723 -0.002089883359 0.02953516261 0.2526806423 -0.9955803524 -0.02808405183 -0.08961611432 0.01382836614 0.900000939 -0.4356685508 0.0928899252 -0.4349822937 -0.8956348954 8.545475933e-05 -0.2101776515 0
0.4717111859 0.4198418239 -0.1597449931 -0.01650126958 0.1163418084 0.4914600809 -0.00213529194 0.02985048079 0.2526302468 -0.9953892364 -0.02897382486 -0.09143733096 0.01426154218 0.897984191 -0.4397965452 0.09485186574 -0.4390727846 -0.8934305868 8.777125468e-05 -0.2124608408 0
0.4775045544 0.4249981536 -0.1617069173 -0.01690074444 0.1176733318 0.4910112529 -0.002187775229 0.03021062585 0.2525719996 -0.9951634687 -0.03001206586 -0.09353580355 0.01476666267 0.8956612528 -0.4444916938 0.09711650898 -0.4437231074 -0.8908861811 9.047021898e-05 -0.2150702 0
0.4832979228 0.4301544832 -0.1636688416 -0.01730469005 0.1190013568 0.4905574019 -0.002240884987 0.03057053509 0.2525130571 -0.9949296961 -0.03107324333 -0.09565225201 0.01528257126 0.8933193246 -0.4491625844 0.09940494344 -0.448347006 -0.8883150451 9.322478791e-05 -0.2176795593 0
0.4883671202 0.4346662716 -0.1653855252 -0.0176617985 0.1201604788 0.4901561744 -0.002287869519 0.03088526003 0.2524609124 -0.9947184423 -0.03202071298 -0.09751868775 0.01574288428 0.8912548064 -0.4532295573 0.1014267327 -0.4523710246 -0.8860434944 9.568116477e-05 -0.2199627486 0
0.4941604886 0.4398226013 -0.1673474495 -0.01807408766 0.1214818409 0.489692949 -0.002342152513 0.0312447196 0.2524006677 -0.9944691921 -0.03312531901 -0.09966814501 0.01627916712 0.8888781199 -0.4578544273 0.1037594073 -0.4569446369 -0.8834226532 9.854176228e-05 -0.2225721078 0
0.4999538571 0.4449789309 -0.1693093737 -0.01849080556 0.1227995945 0.4892247477 -0.00239706048 0.03160393533 0.2523397293 -0.9942114353 -0.03425330492 -0.1018348323 0.01682638974 0.886483352 -0.4624544726 0.1061154775 -0.4614910375 -0.8807755263 0.0001014598549 -0.225181467 0
0.5050230544 0.4494907194 -0.1710260574 -0.01885905496 0.1239496388 0.4888110029 -0.002445617208 0.0319180469 0.2522858396 -0.9939787811 -0.0352595866 -0.1037446109 0.01731422123 0.8843733494 -0.4664589978 0.1081961204 -0.4654466032 -0.8784378516 0.0001040608687 -0.2274646563 0
0.5108164229 0.454647049 -0.1729879816 -0.01928403645 0.1252605239 0.4883335171 -0.002501695565 0.03227679797 0.2522236021 -0.9937045975 -0.03643180122 -0.105942894 0.01788208287 0.8819455436 -0.4710119841 0.1105956782 -0.4699412537 -0.875741865 0.0001070885447 -0.2300740155 0
0.5158856203 0.4591588375 -0.1747046653 -0.01965949323 0.1264045002 0.4879116745 -0.002551275553 0.03259049868 0.2521685767 -0.9934572962 -0.03747699945 -0.1078799104 0.0183880416 0.8798071299 -0.4749750458 0.1127141539 -0.4738511251 -0.8733616838 0.000109786462 -0.2323572049 0
0.5216789887 0.4643151671 -0.1766665895 -0.02009268488 0.127708384 0.4874249642 -0.002608522391 0.03294877532 0.2521050423 -0.9931660588 -0.03869393052 -0.1101088528 0.01897669357 0.8773474255 -0.4794803228 0.1151566968 -0.4782930844 -0.8706174019 0.0001129260503 -0.2349665641 0
0.5274723572 0.4694714968 -0.1786285138 -0.02053023307 0.1290084799 0.4869333591 -0.002666391625 0.03330679495 0.252040817 -0.9928654674 -0.03993490042 -0.1123537599 0.01957648971 0.874871179 -0.4839598963 0.1176219567 -0.4827065609 -0.8678475969 0.0001161262799 -0.2375759233 0
0.5325415545 0.4739832852 -0.1803451974 -0.02091664918 0.1301429271 0.4864992032 -0.002717537325 0.03361984912 0.2519840537 -0.9925946346 -0.04104056822 -0.1143309366 0.02011048104 0.8726911525 -0.4878583001 0.1197975786 -0.4865447812 -0.8654032101 0.0001189767489 -0.2398591126 0
0.538334923 0.4791396149 -0.1823071217 -0.02136232363 0.13143582 0.4859984679 -0.002776572038 0.03397737939 0.2519185348 -0.9922760164 -0.04232694941 -0.1166050452 0.02073126628 0.870184779 -0.4922892087 0.1223050359 -0.4909041452 -0.8625859948 0.0001222924758 -0.2424684718 0
0.5441282914 0.4842959445 -0.1842690459 -0.02181230926 0.132724818 0.4854928888 -0.002836227522 0.03433464471 0.2518523269 -0.991947522 -0.0436377227 -0.1188943344 0.02136329086 0.8676628157 -0.4966939178 0.1248347844 -0.4952342752 -0.8597437346 0.0001256707604 -0.245077831 0
0.5491974888 0.4888077329 -0.1859857296 -0.02220957057 0.1338494671 0.4850465478 -0.002888934843 0.03464703233 0.2517938302 -0.9916518438 -0.04480474873 -0.1209096985 0.0219255542 0.8654435724 -0.5005264159 0.1270664817 -0.4989989553 -0.8572363453 0.0001286786017 -0.2473610204 0
0.5549908573 0.4939640626 -0.1879476538 -0.02266759622 0.1351310627 0.4845319354 -0.002949752711 0.03500379341 0.2517263321 -0.9913043371 -0.04616156299 -0.1232267068 0.02257872587 0.8628932817 -0.5048815559 0.1296376192 -0.5032735782 -0.8543475834 0.0001321759843 -0.2499703796 0
0.5607842257 0.4991203922 -0.189909578 -0.02312988642 0.1364086576 0.4840125315 -0.003011189673 0.0353602816 0.2516581467 -0.9909464257 -0.04754308762 -0.1255580988 0.02324321016 0.8603283678 -0.5092100281 0.1322306112 -0.5075182305 -0.8514342671 0.0001357378488 -0.2525797388 0
0.5658534231 0.5036321807 -0.1916262617 -0.02353787566 0.1375232428 0.4835541373 -0.003065454399 0.03567198275 0.2515979214 -0.9906245725 -0.04877227249 -0.1276096458 0.0238339298 0.8580723394 -0.5129754421 0.1345172854 -0.5112075174 -0.8488651095 0.000138907903 -0.2548629281 0
0.5716467915 0.5087885103 -0.193588186 -0.02400811733 0.1387932385 0.4830257996 -0.003128050556 0.03602795186 0.2515284494 -0.9902466527 -0.05020040167 -0.1299672516 0.02451967782 0.8554809229 -0.5172534929 0.1371508374 -0.5153952951 -0.8459062227 0.0001425924801 -0.2574722873 0
0.57744016 0.51394484 -0.1955501102 -0.02448257572 0.1400591291 0.4824927242 -0.003191264083 0.03638364018 0.2514582921 -0.9898577942 -0.05165352397 -0.1323384324 0.02521678953 0.8528758628 -0.5215044354 0.1398057966 -0.5195523805 -0.8429232843 0.0001463434703 -0.2600816465 0
0.5825093574 0.5184566284 -0.1972667939 -0.02490117253 0.1411633878 0.4820224119 -0.003247081874 0.03669463496 0.2513963428 -0.9895084231 -0.05294557899 -0.1344241285 0.02583609396 0.8505855133 -0.5252016573 0.1421463222 -0.5231644582 -0.840293623 0.0001496805954 -0.2623648358 0
0.5883027258 0.5236129581 -0.1992287181 -0.02538349154 0.1424214847 0.4814805048 -0.003311451314 0.03704978941 0.2513249024 -0.9890985507 -0.05444580244 -0.1368199969 0.02655454418 0.8479557983 -0.5294013792 0.1448409926 -0.5272633295 -0.8372660678 0.0001535579251 -0.2649741951 0
0.5940960942 0.5287692877 -0.2011906423 -0.02586997821 0.1436753736 0.4809339151 -0.003376436349 0.03740465519 0.2512527787 -0.9886772013 -0.05597126586 -0.1392286211 0.02728438673 0.8453134309 -0.5335735804 0.1475566121 -0.5313308018 -0.8342149755 0.0001575036053 -0.2675835543 0
0.5991652916 0.5332810762 -0.202907326 -0.02629905921 0.1447690466 0.4804518233 -0.00343380274 0.03771492381 0.2511891105 -0.988298958 -0.05732681193 -0.1413464054 0.02793234796 0.8429912533 -0.5372015736 0.149949837 -0.5348638924 -0.8315261048 0.0001610126749 -0.2698667436 0
0.6049586601 0.5384374058 -0.2048692502 -0.0267933134 0.1460149499 0.4798965064 -0.003499940314 0.03806924097 0.2511157074 -0.9878555817 -0.05889980533 -0.1437781719 0.02868356151 0.8403260992 -0.5413218084 0.1527042995 -0.5388718399 -0.8284313714 0.0001650883324 -0.2724761028 0
0.6107520285 0.5435937355 -0.2068311745 -0.02729168502 0.1472565436 0.4793365635 -0.003566691659 0.03842326161 0.251041623 -0.9874001863 -0.06049824922 -0.1462218653 0.02944617335 0.837649294 -0.5454141392 0.1554792428 -0.542847697 -0.825313627 0.0001692342832 -0.275085462 0
0.6158212259 0.5481055239 -0.2085478582 -0.02773112381 0.1483393753 0.4788428342 -0.003625602061 0.0387327843 0.2509762409 -0.9869917073 -0.06191781589 -0.1483696527 0.03012280638 0.8352978072 -0.548971939 0.157923989 -0.5463000616 -0.8225668705 0.0001729201847 -0.2773686513 0
0.6216145943 0.5532618535 -0.2105097824 -0.02823716764 0.1495727941 0.4782742712 -0.003693502479 0.03908624163 0.250900881 -0.986513266 -0.06356415017 -0.1508349259 0.03090677903 0.8326001013 -0.5530116113 0.1607368877 -0.5502151125 -0.8194064821 0.0001771997605 -0.2799780106 0
0.6274079628 0.5584181832 -0.2124717066 -0.02874727747 0.150801803 0.4777011399 -0.003762014793 0.03943939461 0.2508248418 -0.9860222609 -0.06523610877 -0.1533112885 0.03170213309 0.8298917545 -0.5570230252 0.1635697889 -0.5540973975 -0.8162236202 0.0001815515771 -0.2825873698 0
0.6324771602 0.5629299716 -0.2141883903 -0.0291969447 0.1518735412 0.4771959185 -0.003822464494 0.03974815168 0.250757751 -0.9855821758 -0.06672013336 -0.1554869722 0.03240739543 0.8275134997 -0.5605097399 0.1660648531 -0.5574673368 -0.8134203298 0.0001854192103 -0.2848705591 0
0.6382705286 0.5680863013 -0.2161503145 -0.02971462924 0.1530941887 0.4766142766 -0.003892122323 0.0401007267 0.2506804402 -0.9850671014 -0.06844027373 -0.1579833369 0.0332240571 0.8247861537 -0.564467858 0.1689348035 -0.5612875641 -0.8101958421 0.000189908308 -0.2874799183 0
0.6440638971 0.5732426309 -0.2181122387 -0.03023632721 0.1543103275 0.4760281255 -0.003962390127 0.04045298958 0.2506024524 -0.9845389165 -0.07018617534 -0.1604899459 0.03405206028 0.8220491844 -0.5683973923 0.1718242682 -0.5650743661 -0.8069494295 0.0001944715988 -0.2900892775 0
0.6491330944 0.5777544194 -0.2198289224 -0.03069609062 0.1553707238 0.4755115606 -0.004024374291 0.04076096142 0.2505336581 -0.9840658503 -0.07173500219 -0.1626914001 0.03478585157 0.8196467217 -0.5718122036 0.1743684224 -0.5683602213 -0.804090985 0.000198525874 -0.2923724668 0
0.6549264629 0.582910749 -0.2217908467 -0.03122526365 0.1565783174 0.4749170109 -0.004095783959 0.04111263174 0.2504544027 -0.9835125701 -0.07352930742 -0.1652164202 0.0356350659 0.8168926674 -0.5756878598 0.1772940118 -0.5720837446 -0.8008039851 0.0002032301095 -0.2949818261 0
0.6607198313 0.5880670787 -0.2237527709 -0.03175839639 0.157781305 0.4743180122 -0.00416780163 0.04146398214 0.2503744723 -0.9829456317 -0.07534947359 -0.167750833 0.03649555874 0.8141300138 -0.5795346365 0.1802386177 -0.5757731997 -0.7974956195 0.0002080104937 -0.2975911853 0
0.6657890287 0.5925788671 -0.2254694546 -0.03222812085 0.1588301146 0.4737902557 -0.004231315298 0.0417711492 0.2503039802 -0.9824382069 -0.07696335352 -0.1699759153 0.03725772042 0.8117059185 -0.5828768002 0.1828306096 -0.5789733536 -0.794583428 0.000212256331 -0.2998743746 0
0.6715823972 0.5977351968 -0.2274313788 -0.03276862688 0.160024376 0.4731829728 -0.004304471092 0.0421218925 0.2502227863 -0.9818451461 -0.07883207525 -0.1725271369 0.03813928448 0.8089281043 -0.5866691717 0.1858103981 -0.5825983402 -0.7912355338 0.0002171813302 -0.3024837338 0
0.6773757656 0.6028915264 -0.229393303 -0.0333130378 0.1612139356 0.4725713026 -0.00437823287 0.04247230815 0.2501409198 -0.9812378795 -0.08072672024 -0.1750868942 0.0390320408 0.8061427193 -0.5904323975 0.188808696 -0.5861886325 -0.7878668438 0.0002221844373 -0.305093093 0
0.682444963 0.6074033149 -0.2311099867 -0.03379258538 0.1622509175 0.4720325094 -0.00444327096 0.04277865096 0.2500687353 -0.9806947183 -0.08240581003 -0.1773334485 0.03982235592 0.8036995788 -0.5937012439 0.1914472498 -0.5893015098 -0.7849023386 0.0002266267651 -0.3073762823 0
0.6882383314 0.6125596445 -0.2330719109 -0.03434426573 0.1634315727 0.4714126716 -0.004518167027 0.04312844501 0.2499856095 -0.9800603028 -0.0843490923 -0.1799084031 0.04073599996 0.8009009653 -0.5974095932 0.1944797706 -0.5928261755 -0.781495198 0.0002317781633 -0.3099856415 0
0.6940316999 0.6177159742 -0.2350338352 -0.03489979504 0.1646074319 0.4707885095 -0.004593667009 0.04347790371 0.2499018133 -0.9794111346 -0.08631832263 -0.1824910317 0.04166072674 0.7980958129 -0.6010885602 0.1975302846 -0.5963155378 -0.7780678416 0.0002370096313 -0.3125950008 0
0.6991008973 0.6222277626 -0.2367505189 -0.03538902503 0.1656323491 0.4702388375 -0.004660224318 0.04378340285 0.2498279423 -0.9788308612 -0.08806268467 -0.1847568906 0.04247891981 0.7956362232 -0.6042834944 0.2002141015 -0.5993396064 -0.7750524819 0.0002416533851 -0.3148781901 0
0.7048942657 0.6273840922 -0.2387124431 -0.03595171788 0.1667991286 0.4696066268 -0.004736854666 0.04413222552 0.2497428912 -0.9781535201 -0.09008056357 -0.1873530978 0.04342430713 0.7928197794 -0.6079071696 0.2032978621 -0.6027622163 -0.771587772 0.0002470368253 -0.3174875493 0
0.7106876341 0.6325404219 -0.2406743673 -0.03651820267 0.1679610195 0.4689701556 -0.004814086812 0.04448070514 0.249657172 -0.9774608809 -0.09212437774 -0.1899561141 0.04438064438 0.7899978306 -0.6115012559 0.2063990907 -0.6061489311 -0.7681034362 0.0002525022998 -0.3200969085 0
0.7157568315 0.6370522103 -0.242391051 -0.03701697165 0.1689736387 0.4684097663 -0.004882158015 0.0447853413 0.2495816202 -0.976842124 -0.09393397985 -0.1922391019 0.04522638131 0.7875243925 -0.6146217582 0.2091268498 -0.6090827026 -0.7650387063 0.0002573524212 -0.3223800978 0
0.7215502 0.64220854 -0.2443529752 -0.03759051209 0.1701262777 0.4677653678 -0.004960516513 0.04513317052 0.2494946506 -0.9761202918 -0.09602638331 -0.1948540725 0.04620310826 0.7846930918 -0.6181601933 0.2122603323 -0.6124015721 -0.7615181323 0.0002629735533 -0.324989457 0
0.7273435684 0.6473648696 -0.2463148994 -0.03816778638 0.1712739368 0.4671167741 -0.005039474643 0.04548064904 0.2494070152 -0.9753826191 -0.09814467162 -0.197474985 0.04719062905 0.7818573205 -0.6216688627 0.215410749 -0.6156839723 -0.7579785323 0.0002686786861 -0.3275988163 0
0.7324127658 0.6518766581 -0.2480315831 -0.03867594826 0.1722740291 0.4665458314 -0.005109054293 0.04578440297 0.2493297887 -0.9747240136 -0.1000193869 -0.1997729202 0.04806351718 0.7793726363 -0.6247144885 0.2181811076 -0.6185260027 -0.7548659406 0.0002737401223 -0.3298820056 0
0.7382061342 0.6570329877 -0.2499935074 -0.03926016834 0.1734122671 0.4658894338 -0.00518913467 0.04613121677 0.2492409074 -0.9739561335 -0.1021861347 -0.2024041596 0.04907111321 0.7765294523 -0.6281672035 0.2213627697 -0.6217394982 -0.7512912355 0.0002796046016 -0.3324913648 0
0.7439995027 0.6621893174 -0.2519554316 -0.03984806317 0.1745454359 0.4652289075 -0.005269812467 0.04647767225 0.2491513627 -0.9731718738 -0.1043786793 -0.2050404723 0.05008932376 0.7736828315 -0.6315900062 0.2245608239 -0.6249159684 -0.7476981134 0.00028555505 -0.335100724 0
0.7490687001 0.6667011058 -0.2536721153 -0.04036546923 0.1755327761 0.4646475785 -0.005340894996 0.04678052478 0.2490724678 -0.9724720635 -0.1063182863 -0.2073511702 0.05098891198 0.7711895014 -0.6345603862 0.2273724184 -0.6276648588 -0.744539192 0.0002908327523 -0.3373839133 0
0.7548620685 0.6718574355 -0.2556340395 -0.04096019804 0.1766563575 0.4639793739 -0.005422690846 0.04712630129 0.2489816818 -0.9716565895 -0.10855909 -0.2099961811 0.05202683981 0.7683374043 -0.6379269873 0.230600694 -0.6307713985 -0.7409121154 0.000296946239 -0.3399932725 0
0.760655437 0.6770137651 -0.2575959637 -0.04155854147 0.1777747819 0.4633071081 -0.005505081854 0.04747171188 0.248890235 -0.9708242011 -0.110825565 -0.2126453968 0.05307517968 0.7654829018 -0.6412635592 0.2338448116 -0.6338403752 -0.7372672398 0.0003031476644 -0.3426026318 0
0.7657246343 0.6815255535 -0.2593126474 -0.04208504045 0.1787491492 0.4627155628 -0.005577661575 0.04777364392 0.2488096778 -0.9700818408 -0.1128297478 -0.2149666722 0.05400095865 0.7629835205 -0.6441583997 0.2366962581 -0.6364947725 -0.7340635435 0.0003086465877 -0.3448858211 0
0.7715180028 0.6866818832 -0.2612745716 -0.04269010417 0.1798578232 0.4620357465 -0.005661166351 0.04811836135 0.2487169944 -0.9692172403 -0.1151442113 -0.2176229579 0.05506861452 0.7601254726 -0.647438579 0.2399695582 -0.6394928275 -0.7303858807 0.0003150147456 -0.3474951803 0
0.7773113712 0.6918382128 -0.2632364959 -0.04329872138 0.1809612541 0.4613519377 -0.005745263976 0.04846270531 0.2486236528 -0.9683351958 -0.1174841829 -0.2202825805 0.05614645692 0.7572660474 -0.650688642 0.2432581424 -0.6424528 -0.7266910457 0.0003214728129 -0.3501045395 0
