0.005769615309 0.00556698642 -0.002724123868 -2.730137682e-06 0.001471244023 0.5099971705 -3.428327402e-07 0.0003663108 0.2549996493 -0.9999999999 -6.032329378e-08 -1.589945489e-05 3.095180175e-08 0.999983522 -0.005740706343 1.589953919e-05 -0.005740706343 -0.9999835219 3.280476544e-08 -0.003623084745 0
0.01053923062 0.01016909284 -0.004976097737 -9.109727546e-06 0.002687455772 0.5099905587 -1.148756486e-06 0.0006700761194 0.2549988247 -0.9999999986 -3.701817283e-07 -5.30512177e-05 1.861423593e-07 0.9999450187 -0.01048616334 5.305218266e-05 -0.01048616334 -0.9999450173 7.170261003e-08 -0.00661820999 0
0.01599021954 0.01542864303 -0.007549782157 -2.096961042e-05 0.004077338221 0.5099782671 -2.654483895e-06 0.001017960401 0.254997284 -0.9999999925 -1.294356865e-06 -0.0001221141573 6.485176982e-07 0.9998734443 -0.01590897233 0.0001221192949 -0.01590897229 -0.9998734368 8.512382528e-08 -0.01004121027 0
0.02075983485 0.02003074945 -0.009801756026 -3.534450858e-05 0.005293390775 0.509963369 -4.484182599e-06 0.001322591464 0.2549954118 -0.9999999788 -2.833207662e-06 -0.0002058165337 1.418166619e-06 0.9997866999 -0.02065319949 0.0002058311478 -0.02065319934 -0.9997866787 6.506280884e-08 -0.01303633551 0
0.02552945016 0.02463285587 -0.01205372989 -5.345001411e-05 0.006509327066 0.5099446045 -6.791357801e-06 0.001627261785 0.2549930509 -0.9999999516 -5.269457014e-06 -0.0003112320363 2.636456049e-06 0.9996774561 -0.02539652858 0.0003112654763 -0.02539652817 -0.9996774077 2.200948485e-08 -0.01603146076 0
0.03098043909 0.02989240607 -0.01462741431 -7.870949441e-05 0.007898791923 0.5099184256 -1.001212756e-05 0.001975431042 0.2549897551 -0.9999998949 -9.41678223e-06 -0.0004582823389 4.710170443e-06 0.9995250708 -0.03081611198 0.0004583548758 -0.0308161109 -0.9995249658 6.277607183e-08 -0.01945446104 0
0.0357500544 0.03449451249 -0.01687938818 -0.0001048074256 0.009114389161 0.5098913778 -1.334090811e-05 0.00228003853 0.2549863488 -0.9999998137 -1.446934664e-05 -0.000610192081 7.23629587e-06 0.9993676562 -0.03555682258 0.0006103207138 -0.03555682037 -0.99936747 1.513206462e-07 -0.02244958628 0
0.04120104332 0.03975406268 -0.0194530726 -0.0001391994369 0.01050339648 0.5098557339 -1.772848441e-05 0.002628111698 0.254981859 -0.9999996714 -2.21464868e-05 -0.000810346013 1.10743184e-05 0.9991602592 -0.04097287297 0.0008105729375 -0.04097286848 -0.9991599307 2.742968456e-07 -0.02587258656 0
0.04597065863 0.0443561691 -0.02170504647 -0.0001732866352 0.01171853208 0.509820406 -2.207780046e-05 0.002932633913 0.2549774084 -0.9999994908 -3.075946535e-05 -0.001008688252 1.537985361e-05 0.9989547507 -0.04571001964 0.001009039937 -0.04571001188 -0.9989542415 3.995349029e-07 -0.02886771181 0
0.05142164756 0.04961571929 -0.02427873089 -0.0002168070154 0.0131069418 0.5097753016 -2.763138058e-05 0.003280614258 0.2549717254 -0.9999992029 -4.304426444e-05 -0.001261864469 2.152038618e-05 0.9986924432 -0.05112145738 0.001262414995 -0.05112144378 -0.9986916463 5.620764944e-07 -0.03229071209 0
0.05619126286 0.05421782571 -0.02653070476 -0.0002588793558 0.01432149326 0.5097316979 -3.300074054e-05 0.003585059499 0.2549662309 -0.9999988636 -5.615964854e-05 -0.001506558603 2.807552111e-05 0.9984389411 -0.05585409627 0.001507343522 -0.05585407509 -0.9984378049 7.209686116e-07 -0.03528583733 0
0.06164225179 0.05947737591 -0.02910438918 -0.0003115228382 0.01570916541 0.5096771383 -3.971989289e-05 0.003932955409 0.2549593552 -0.9999983544 -7.41272229e-05 -0.001812654226 3.705497473e-05 0.9981218514 -0.06125984377 0.001813790814 -0.06125981013 -0.9981202061 9.21426019e-07 -0.03870883761 0
0.0664118671 0.06407948233 -0.03135636305 -0.0003615752294 0.01692301029 0.509625264 -4.610898082e-05 0.004237328575 0.2549528172 -0.9999977831 -9.268433857e-05 -0.002103600834 4.632814934e-05 0.9978204795 -0.06598703307 0.002105131957 -0.06598698424 -0.9978182632 1.113283168e-06 -0.04170396286 0
0.07186285602 0.06933903252 -0.03393004747 -0.0004233354436 0.01830980499 0.5095612559 -5.399337926e-05 0.004585142809 0.2549447491 -0.9999969612 -0.0001174064403 -0.002462491509 5.868072631e-05 0.9974487623 -0.07138601532 0.002464590286 -0.07138594289 -0.9974457243 1.351374991e-06 -0.04512696314 0
0.07663247133 0.07394113894 -0.03618202134 -0.0004813618288 0.01952282094 0.5095011174 -6.14019231e-05 0.004889444188 0.2549371679 -0.9999960711 -0.000142341392 -0.002799572403 7.113826557e-05 0.9970996678 -0.07610681565 0.002802285863 -0.07610671579 -0.9970957401 1.576240889e-06 -0.04812208838 0
0.08208346026 0.07920068913 -0.03875570576 -0.0005522313015 0.02090859843 0.5094276684 -7.045125959e-05 0.005237175141 0.2549279077 -0.9999948291 -0.0001748857745 -0.003211112361 8.739554295e-05 0.9966735046 -0.08149796065 0.003214683444 -0.08149781987 -0.9966683356 1.852243618e-06 -0.05154508866 0
0.08685307557 0.08380279555 -0.04100767963 -0.0006182246593 0.02212066323 0.509359273 -7.887898598e-05 0.005541401992 0.2549192836 -0.9999935194 -0.0002071308909 -0.003594190649 0.000103501293 0.9962768579 -0.08621143552 0.003598666018 -0.08621124883 -0.9962703801 2.110505507e-06 -0.05454021391 0
0.09230406449 0.08906234575 -0.04358136405 -0.0006981948154 0.0235052839 0.5092763921 -8.909293894e-05 0.005889045349 0.2549088317 -0.9999917345 -0.0002485606762 -0.004058212782 0.0001241918077 0.9957964568 -0.0915936748 0.004063920495 -0.09159342174 -0.9957881952 2.424988016e-06 -0.05796321419 0
0.0970736798 0.09366445217 -0.04583333792 -0.0007721471612 0.02471627544 0.509199748 -9.85395559e-05 0.006193193089 0.2548991649 -0.999989891 -0.0002890439578 -0.004487132939 0.0001444067736 0.9953524515 -0.09629889099 0.004494113384 -0.09629856547 -0.9953423478 2.717232613e-06 -0.06095833943 0
0.1025246687 0.09892400236 -0.04840702234 -0.000861208325 0.02609959981 0.5091074451 -0.0001099177775 0.006540742892 0.2548875215 -0.9999874247 -0.0003404170075 -0.005003448892 0.0001700556092 0.9948180468 -0.1016711601 0.005012131846 -0.1016707324 -0.9948054788 3.070949841e-06 -0.06438133971 0
0.107294284 0.1035261088 -0.05065899621 -0.0009431107114 0.02730939613 0.5090225617 -0.0001203829671 0.00684480581 0.2548768125 -0.9999849194 -0.000390061577 -0.005478036839 0.0001948375943 0.9943268996 -0.106367188 0.005488449139 -0.1063666513 -0.9943118286 3.397901619e-06 -0.06737646496 0
0.112745273 0.108785659 -0.05323268063 -0.001041252108 0.02869128492 0.5089208481 -0.0001329250775 0.007192255085 0.2548639781 -0.9999816178 -0.0004524298649 -0.006046437101 0.0002259659702 0.9937387522 -0.1117284269 0.006059128137 -0.1117277394 -0.9937203828 3.791746116e-06 -0.07079946524 0
0.1175148883 0.1133877654 -0.0554846545 -0.001131094627 0.02989976423 0.5088277354 -0.0001444084925 0.007496226763 0.254852227 -0.9999783092 -0.0005121534208 -0.006566500299 0.0002557692175 0.9932007026 -0.1164143413 0.006581474714 -0.1164134957 -0.9931790283 4.154237423e-06 -0.07379459048 0
0.1229658772 0.1186473156 -0.05805833892 -0.001238304384 0.03128007834 0.5087166234 -0.0001581140774 0.007843567888 0.254838202 -0.9999740029 -0.0005865624102 -0.00718675432 0.00029289408 0.9925590993 -0.1217634949 0.007204700284 -0.1217624344 -0.9925331238 4.589214509e-06 -0.07721759076 0
0.1277354925 0.123249422 -0.06031031279 -0.001336076167 0.03248711902 0.5086152929 -0.0001706153396 0.008147441454 0.2548254094 -0.9999697361 -0.0006572766822 -0.007752081868 0.0003281689158 0.9919744098 -0.1264383748 0.007772971832 -0.1264370923 -0.9919441731 4.988169302e-06 -0.08021271601 0
0.1331864814 0.1285089722 -0.06288399721 -0.001452341317 0.03386571956 0.5084947959 -0.0001854839485 0.008494666383 0.2548101943 -0.9999642407 -0.000744764706 -0.008423938172 0.000371802532 0.9912796634 -0.1317743935 0.008448619513 -0.1317728134 -0.9912439389 5.465382689e-06 -0.08363571629 0
0.1379560967 0.1331110786 -0.06513597108 -0.001558030538 0.03507120017 0.5083852598 -0.0001990026478 0.00879843466 0.2547963605 -0.9999588476 -0.0008273749154 -0.009034300919 0.0004129950113 0.990648619 -0.136437323 0.009062702548 -0.1364354394 -0.9906075097 5.901806524e-06 -0.08663084153 0
0.1434070857 0.1383706288 -0.0677096555 -0.001683337018 0.03644794848 0.5082553924 -0.0002150337935 0.009145535064 0.2547799558 -0.9999519631 -0.0009289725611 -0.00975748724 0.000463644566 0.9899010682 -0.141759163 0.009790637414 -0.1417568774 -0.9898530856 6.422448915e-06 -0.09005384181 0
0.148176701 0.1429727352 -0.06996162936 -0.001796930895 0.03765174782 0.5081376639 -0.0002295694873 0.00944919067 0.2547650813 -0.9999452623 -0.001024376884 -0.0104126379 0.0005111961214 0.9892239764 -0.1464092316 0.0104504093 -0.1464065404 -0.989169305 6.897422011e-06 -0.09304896705 0
0.1536276899 0.1482322854 -0.07253531379 -0.00193126355 0.0390265055 0.5079984417 -0.0002467626456 0.009796158025 0.2547474874 -0.999936774 -0.001141106382 -0.01118686132 0.0005693633167 0.9884239855 -0.1517158555 0.01123048598 -0.1517126325 -0.9883608417 7.462768228e-06 -0.09647196733 0
0.1583973052 0.1528343918 -0.07478728765 -0.002052748346 0.04022850257 0.5078725351 -0.0002623148587 0.01009969344 0.2547315727 -0.9999285711 -0.001250195416 -0.01188653461 0.0006237104092 0.9877011763 -0.1563521583 0.01193581497 -0.156348404 -0.9876298461 7.977440126e-06 -0.09946709258 0
0.1638482941 0.158093942 -0.07736097207 -0.002196090932 0.04160113148 0.5077239751 -0.0002806694678 0.01044651908 0.2547127903 -0.9999182493 -0.001383070034 -0.01271148172 0.0006898910673 0.9868491348 -0.1616425355 0.01276787769 -0.1616380906 -0.986767505 8.588841566e-06 -0.1028900929 0
0.1686179094 0.1626960485 -0.07961294594 -0.002325451957 0.04280120552 0.5075899055 -0.0002972376923 0.01074992667 0.2546958359 -0.9999083369 -0.001506726272 -0.01345539449 0.0007514648409 0.9860809601 -0.1662641738 0.01351862291 -0.1662590448 -0.9859894405 9.144426655e-06 -0.1058852181 0
0.1740688984 0.1679555987 -0.08218663036 -0.002477787144 0.0441715678 0.5074320256 -0.0003167531528 0.01109660184 0.2546758656 -0.9998959372 -0.001656749714 -0.01433073154 0.000826148511 0.9851772829 -0.1715372809 0.0144025055 -0.1715312696 -0.9850733939 9.803306514e-06 -0.1093082184 0
0.1788385137 0.1725577051 -0.08443860423 -0.002615008757 0.04536959834 0.5072898093 -0.0003343368478 0.01139987391 0.254657872 -0.999884095 -0.001795847018 -0.01511858291 0.0008953744495 0.9843641166 -0.1761433627 0.01519851705 -0.1761364836 -0.9842484159 1.040108007e-05 -0.1123033436 0
0.1842895026 0.1778172553 -0.08701228865 -0.002776318127 0.04673755645 0.5071226286 -0.0003550125228 0.01174638978 0.2546367144 -0.9998693585 -0.001964012829 -0.016043956 0.0009790440182 0.9834092435 -0.1813981842 0.01613404299 -0.1813901938 -0.9832788466 1.110892901e-05 -0.1157263439 0
0.1890591179 0.1824193617 -0.08926426252 -0.00292138374 0.04793342325 0.5069722828 -0.0003736111146 0.01204951858 0.2546176822 -0.9998553535 -0.002119415912 -0.01687542755 0.001056341607 0.9825514813 -0.1859878243 0.01697516189 -0.185978748 -0.9824071199 1.175022355e-05 -0.1187214692 0
0.1945101068 0.1876789119 -0.09183794694 -0.003091647794 0.04929883996 0.5067958215 -0.0003954463293 0.01239586626 0.254595338 -0.9998380069 -0.002306706887 -0.01785046278 0.001149472912 0.9815458767 -0.1912233526 0.01796214437 -0.1912128943 -0.9813842216 1.250859567e-05 -0.1221444694 0
0.1992797221 0.1922810183 -0.09408992081 -0.003244539874 0.05049242312 0.5066373644 -0.000415059211 0.012698844 0.2545752679 -0.9998215938 -0.002479270802 -0.01872521869 0.0012352553 0.9806439356 -0.1957956732 0.01884820265 -0.1957838725 -0.9804659201 1.319479753e-05 -0.1251395947 0
0.2047307111 0.1975405685 -0.09666360523 -0.003423738034 0.05185516154 0.5064516437 -0.0004380532532 0.01304501459 0.2545517379 -0.9998013494 -0.002686658403 -0.01974952241 0.00133831675 0.9795880885 -0.2010109095 0.01988644456 -0.2009974097 -0.9793898971 1.400530654e-05 -0.128562595 0
0.2095003264 0.2021426749 -0.0989155791 -0.003584438103 0.05304634142 0.5062850944 -0.000458679785 0.01334783345 0.2545306305 -0.9997822703 -0.002877228035 -0.02066720963 0.001432990422 0.9786424069 -0.2055650406 0.02081726527 -0.2055498989 -0.9784252044 1.473785263e-05 -0.1315577202 0
0.2149513153 0.2074022251 -0.1014892635 -0.003772548714 0.05440626503 0.5060901369 -0.0004828319046 0.01369381799 0.2545059153 -0.9997588265 -0.003105671815 -0.0217403686 0.001546442618 0.9775368303 -0.2107589951 0.02190655928 -0.2107417859 -0.9772962715 1.560216824e-05 -0.1349807205 0
0.2197209306 0.2120043315 -0.1037412374 -0.003941037353 0.05559492235 0.5059155156 -0.0005044714136 0.01399647014 0.2544837713 -0.9997368115 -0.003315081374 -0.02270061704 0.001650407063 0.9765478675 -0.2152940747 0.02288195654 -0.215274877 -0.9762853801 1.638254288e-05 -0.1379758457 0
0.2251719195 0.2172638817 -0.1063149218 -0.004138037686 0.056951895 0.5057113447 -0.0005297808227 0.01434225967 0.2544578718 -0.9997098528 -0.003565528405 -0.02382219866 0.001774702428 0.9753930982 -0.2204657671 0.02402208511 -0.2204440769 -0.9751037629 1.730238729e-05 -0.141398846 0
0.2299415348 0.2218659881 -0.1085668957 -0.00431429454 0.05813791079 0.5055286724 -0.0005524326032 0.01464473726 0.2544346919 -0.9996846199 -0.003794600936 -0.02482462141 0.001888349817 0.9743613344 -0.2249809417 0.02504186413 -0.2249568647 -0.9740468747 1.813211928e-05 -0.1443939713 0
0.2353925238 0.2271255383 -0.1111405801 -0.004520160797 0.05949179673 0.505315313 -0.0005788984764 0.0149903228 0.2544076089 -0.9996538173 -0.004067985248 -0.02599417393 0.002023932228 0.9731579328 -0.2301294016 0.02623259958 -0.2301023452 -0.972812809 1.910926385e-05 -0.1478169715 0
0.2401621391 0.2317276448 -0.113392554 -0.004704164574 0.0606750524 0.5051246118 -0.0006025617895 0.01529261797 0.2543833939 -0.9996250725 -0.004317532139 -0.02703836742 0.002147647096 0.9720838686 -0.2346238266 0.02729655671 -0.2345939285 -0.9717101351 1.99899236e-05 -0.1508120968 0
0.245613128 0.236987195 -0.1159662384 -0.00491887189 0.0620257163 0.5049020895 -0.0006301832636 0.01563799053 0.2543551283 -0.9995900835 -0.004614774162 -0.02825542021 0.002294951519 0.9708324184 -0.239748094 0.02853766124 -0.2397146622 -0.9704238675 2.102618565e-05 -0.1542350971 0
0.2503827433 0.2415893014 -0.1182182123 -0.005110600368 0.0632060936 0.5047033824 -0.0006548573375 0.01594009541 0.2543298789 -0.9995575215 -0.004885594663 -0.02934096444 0.002429110449 0.9697165745 -0.244220934 0.02964558402 -0.244184144 -0.9692756281 2.195938241e-05 -0.1572302223 0
0.2558337322 0.2468488516 -0.1207918967 -0.005334122813 0.06455340056 0.5044717241 -0.0006836335117 0.016285246 0.2543004317 -0.9995179904 -0.005207600681 -0.0306050282 0.002588562588 0.9684176822 -0.2493200597 0.03093680979 -0.2492791081 -0.9679374154 2.305662216e-05 -0.1606532226 0
0.2606033475 0.251450958 -0.1230438705 -0.005533552841 0.06573078166 0.5042650352 -0.0007093175417 0.01658715272 0.2542741487 -0.9994812942 -0.005500481424 -0.03173148696 0.002733533902 0.9672605992 -0.2537704889 0.03208847695 -0.2537255958 -0.9667438397 2.404400145e-05 -0.1636483478 0
0.2660543365 0.2567105082 -0.125617555 -0.005765863428 0.06707459721 0.5040242689 -0.0007392474773 0.01693207234 0.2542435208 -0.9994368524 -0.005848143036 -0.03304205399 0.002905549843 0.9659148939 -0.2588435347 0.03342956609 -0.2587937729 -0.9653539492 2.520411913e-05 -0.1670713481 0
0.2708239518 0.2613126146 -0.1278695288 -0.005972970928 0.06824886466 0.503809623 -0.0007659406258 0.01723377303 0.2542162052 -0.9993956938 -0.00616385757 -0.03420897507 0.003061693295 0.964717132 -0.2632707374 0.03462474765 -0.2632163787 -0.9641152757 2.624736021e-05 -0.1700664734 0
0.2762749407 0.2665721648 -0.1304432133 -0.006214041613 0.06958905483 0.5035597778 -0.0007970233468 0.01757845269 0.2541843976 -0.99934596 -0.006538051157 -0.03556551954 0.003246679162 0.9633252651 -0.2683167768 0.03601543236 -0.2682567567 -0.9626739849 2.747229325e-05 -0.1734894736 0
0.281044556 0.2711742712 -0.1326951871 -0.006428801588 0.07076009161 0.5033372009 -0.0008247247431 0.01787993948 0.2541560501 -0.9993 -0.006877359489 -0.03677243499 0.003414345643 0.9620874038 -0.2727199474 0.03725388963 -0.2726545972 -0.9613904609 2.857310682e-05 -0.1764845989 0
0.2864955449 0.2764338214 -0.1352688715 -0.006678603276 0.0720965229 0.5030783069 -0.0008569592356 0.01822437019 0.2541230638 -0.9992445802 -0.007278945691 -0.0381744132 0.003612697259 0.9606500483 -0.2777380658 0.03869389218 -0.2776661696 -0.9598980576 2.986482727e-05 -0.1799075992 0
0.2912651603 0.2810359278 -0.1375208454 -0.006900989808 0.07326421242 0.5028478258 -0.0008856679764 0.01852563521 0.2540936854 -0.9991934688 -0.007642593826 -0.03942083955 0.003792228499 0.9593726859 -0.2821164095 0.03997537785 -0.2820383667 -0.9585699395 3.102495318e-05 -0.1829027244 0
0.2967161492 0.286295478 -0.1400945298 -0.007159492357 0.07459675183 0.5025799142 -0.0009190531892 0.01886980796 0.2540595215 -0.9991319572 -0.008072417031 -0.0408676902 0.004004331053 0.9578905363 -0.2871057048 0.04146441067 -0.2870201326 -0.9570267218 3.238546518e-05 -0.1863257247 0
0.3014857645 0.2908975844 -0.1423465037 -0.007389478615 0.07576097794 0.5023415569 -0.000948768338 0.01917084334 0.2540291132 -0.9990753339 -0.008461136533 -0.04215312874 0.004196059331 0.9565742899 -0.2914584378 0.04278866883 -0.2913658131 -0.9556542747 3.360667035e-05 -0.1893208499 0
0.3062553798 0.2954996909 -0.1445984776 -0.007623001972 0.07692354818 0.5020995336 -0.0009789528142 0.01947176887 0.2539982246 -0.9990160122 -0.008861802193 -0.04345659805 0.004393590546 0.9552401139 -0.2957989539 0.04413279749 -0.2956988218 -0.9542612341 3.485699097e-05 -0.1923159752 0
0.3117063687 0.3007592411 -0.147172162 -0.00789420908 0.07825014003 0.5018184551 -0.00101402377 0.01981554705 0.2539623355 -0.9989448066 -0.009334531924 -0.04496821025 0.004626534916 0.9536935666 -0.3007443702 0.04569320074 -0.3006350737 -0.9526440489 3.632208425e-05 -0.1957389754 0
0.316475984 0.3053613475 -0.1494241359 -0.008135291165 0.07940907736 0.501568598 -0.001045213221 0.02011623141 0.2539304185 -0.9988794256 -0.009761314874 -0.04630993322 0.004836732834 0.9523214443 -0.3050581465 0.04707971111 -0.3049402949 -0.9512070844 3.763612042e-05 -0.1987341007 0
0.321926973 0.3106208977 -0.1519978203 -0.008415120332 0.08073145156 0.5012785835 -0.001081432144 0.02045972947 0.2538933546 -0.9988010762 -0.01026429175 -0.04786496005 0.005084330741 0.9507319052 -0.3099725698 0.04868839356 -0.3098442976 -0.9495398631 3.917507158e-05 -0.202157101 0
0.3266965883 0.3152230041 -0.1542497941 -0.008663732073 0.08188664102 0.5010209227 -0.001113625553 0.02076016481 0.2538604101 -0.9987292505 -0.01071788608 -0.04924440144 0.005307503135 0.9493224979 -0.3142588509 0.05011700875 -0.3141208715 -0.9480592616 4.055464873e-05 -0.2051522262 0
0.3321475772 0.3204825543 -0.1568234786 -0.008952149561 0.08320466645 0.5007220073 -0.001150991261 0.0211033738 0.2538221726 -0.9986433113 -0.01125189431 -0.05084222298 0.005570100415 0.9476907328 -0.3191414248 0.05177364913 -0.3189916455 -0.9463423373 4.216955601e-05 -0.2085752265 0
0.3369171925 0.3250846607 -0.1590754524 -0.009208260987 0.08435599358 0.5004565739 -0.001184187578 0.02140355227 0.2537882017 -0.9985646457 -0.01173297817 -0.05225883321 0.005806544658 0.946244719 -0.3233994677 0.05324408385 -0.3232387181 -0.9448183945 4.361652025e-05 -0.2115703517 0
0.3423681814 0.3303442109 -0.1616491369 -0.00950523203 0.08566953972 0.5001487936 -0.001222698852 0.02174646322 0.2537487918 -0.9984706595 -0.01229878352 -0.05389881331 0.006084475103 0.9445715131 -0.3282493499 0.05494835134 -0.3280752909 -0.94305211 4.53095046e-05 -0.214993352 0
0.3471377967 0.3349463173 -0.1639011107 -0.009768812274 0.08681689056 0.4998756195 -0.001256896995 0.02204637698 0.2537137957 -0.9983847493 -0.01280801877 -0.05535202877 0.006334477899 0.9430895886 -0.3324784238 0.05646031194 -0.332292014 -0.9414851303 4.682572113e-05 -0.2179884773 0
0.3525887857 0.3402058675 -0.1664747951 -0.01007430109 0.08812582749 0.4995590114 -0.00129655258 0.02238898092 0.2536732147 -0.9982822484 -0.01340636813 -0.05703351539 0.006628062966 0.9413757463 -0.3372947866 0.05821186619 -0.3370934196 -0.9396698383 4.859892449e-05 -0.2214114775 0
0.357358401 0.3448079739 -0.168726769 -0.01034531839 0.08926908863 0.4992781295 -0.001331751432 0.02268862215 0.2536371944 -0.9981886798 -0.01394439987 -0.05852275871 0.006891900096 0.939858623 -0.3414941735 0.05976505073 -0.3412789512 -0.9380601346 5.018627613e-05 -0.2244066028 0
0.3628093899 0.3500675241 -0.1713004534 -0.01065928816 0.09057328705 0.4989527318 -0.001372550033 0.02303091014 0.2535954436 -0.9980771861 -0.01457602078 -0.06024508427 0.007201448615 0.9381049674 -0.3462762037 0.06156354196 -0.3460442309 -0.9361961977 5.204185977e-05 -0.2278296031 0
0.3675790052 0.3546696305 -0.1735524273 -0.01093770988 0.09171234562 0.498664176 -0.001408748448 0.02333027099 0.2535584004 -0.9979755364 -0.01514347702 -0.06176976463 0.007479384691 0.9365533735 -0.3504451988 0.06315764026 -0.3501977351 -0.9345440914 5.370224559e-05 -0.2308247283 0
0.3730299941 0.3599291807 -0.1761261117 -0.0112601228 0.09301167684 0.4983300278 -0.001450688735 0.0236722341 0.2535154812 -0.9978545619 -0.01580907727 -0.06353224634 0.007805192585 0.934760746 -0.3551920983 0.06500270931 -0.3549259371 -0.9326318818 5.564238858e-05 -0.2342477286 0
0.3777996094 0.3645312872 -0.1783780856 -0.0115459154 0.09414642054 0.4980338328 -0.00148788553 0.02397130677 0.2534774161 -0.9977443998 -0.01640656852 -0.06509175976 0.008097480804 0.9331754255 -0.35933001 0.06663740304 -0.3590465844 -0.9309377029 5.737772262e-05 -0.2372428538 0
0.3832505984 0.3697908373 -0.18095177 -0.01187673265 0.09544075656 0.4976909744 -0.001530966135 0.02431293607 0.2534333299 -0.9976134467 -0.01710683567 -0.06689369999 0.008439830819 0.931344685 -0.3640409963 0.06852868144 -0.3637367646 -0.9289776025 5.94046205e-05 -0.2406658541 0
0.3880202137 0.3743929438 -0.1832037439 -0.01216986172 0.09657107366 0.4973871759 -0.001569160098 0.02461171275 0.2533942443 -0.9974943325 -0.01773495459 -0.06848742965 0.008746712729 0.9297263971 -0.3681471467 0.07020364415 -0.3678237322 -0.9272416893 6.121683058e-05 -0.2436609794 0
0.3934712026 0.379652494 -0.1857774283 -0.01250904348 0.09786028712 0.4970356485 -0.001613379616 0.02495299931 0.2533489925 -0.9973528937 -0.01847055562 -0.07032811627 0.009105874163 0.9278584198 -0.372821453 0.07214075422 -0.372474954 -0.9252340894 6.333269394e-05 -0.2470839796 0
0.3982408179 0.3842546004 -0.1880294022 -0.01280947375 0.09898606649 0.4967242831 -0.0016525695 0.02525147221 0.2533088877 -0.9972243797 -0.01912987665 -0.07195543286 0.009427579437 0.9262079386 -0.376895178 0.0738556514 -0.3765274257 -0.9234567886 6.522372058e-05 -0.2500791049 0
0.4036918068 0.3895141506 -0.1906030866 -0.0131569792 0.1002700307 0.496364129 -0.001697926488 0.02559240714 0.2532624717 -0.9970719391 -0.0199014575 -0.07383413962 0.00980380789 0.9243036176 -0.3815320535 0.0758382063 -0.3811387601 -0.9214020903 6.743077397e-05 -0.2535021052 0
0.4084614221 0.394116257 -0.1928550605 -0.01346467452 0.1013911619 0.4960452341 -0.001738111016 0.02589056846 0.2532213489 -0.9969335699 -0.02059253653 -0.0754944016 0.0101405541 0.9226217316 -0.3855727034 0.07759269551 -0.3851559267 -0.9195837568 6.940256933e-05 -0.2564972304 0
0.4139124111 0.3993758072 -0.1954287449 -0.01382046185 0.1026697509 0.4956764967 -0.001784603994 0.02623114286 0.2531737703 -0.9967696027 -0.02140072174 -0.07741038851 0.01053409122 0.920681976 -0.3901714135 0.07962029931 -0.3897264529 -0.9174823703 7.170305008e-05 -0.2599202307 0
0.4186820264 0.4039779136 -0.1976807188 -0.0141353852 0.1037861239 0.4953501107 -0.001825781854 0.02652898483 0.2531316309 -0.9966209153 -0.02212409576 -0.07910294249 0.01088608363 0.9189694877 -0.3941783529 0.08141403016 -0.3937075121 -0.9156233672 7.375757708e-05 -0.2629153559 0
0.4241330153 0.4092374638 -0.2002544032 -0.01449941163 0.1050592125 0.4949728343 -0.001873409306 0.02686918981 0.2530828911 -0.9964448884 -0.0229694881 -0.08105545619 0.01129715688 0.9169952225 -0.3987381799 0.08348627796 -0.3982363174 -0.9134757123 7.615373426e-05 -0.2663383562 0
0.4289026306 0.4138395702 -0.202506377 -0.01482152516 0.106170718 0.4946389964 -0.001915579155 0.02716670467 0.2530397364 -0.9962854129 -0.02372567486 -0.08277963726 0.01166458823 0.9152529479 -0.402710788 0.08531889225 -0.4021804741 -0.9115764109 7.829296568e-05 -0.2693334815 0
0.4343536195 0.4190991204 -0.2050800615 -0.01519374692 0.1074381818 0.4942532264 -0.001964339528 0.02750653137 0.2529898372 -0.9960967852 -0.02460885493 -0.08476791141 0.01209341064 0.9132451131 -0.4072310312 0.08743537021 -0.4066666541 -0.9093829163 8.078705917e-05 -0.2727564817 0
0.4391232348 0.4237012268 -0.2073320353 -0.0155230119 0.1085447112 0.4939119767 -0.00200749999 0.02780371135 0.2529456686 -0.9959260448 -0.02539835268 -0.08652304348 0.01247646096 0.9114738812 -0.4111687023 0.08930650196 -0.4105731208 -0.9074436959 8.301297686e-05 -0.275751607 0
0.4445742238 0.428960777 -0.2099057198 -0.01590338425 0.1098064263 0.4935177595 -0.002057391691 0.02814315092 0.2528946115 -0.9957242675 -0.0263198786 -0.08854629914 0.01292323094 0.9094334317 -0.4156486779 0.09146678743 -0.4150157796 -0.9052047997 8.560727649e-05 -0.2791746073 0
0.4493438391 0.4335628834 -0.2121576936 -0.01623976112 0.1109078718 0.493169139 -0.002101541359 0.02843998829 0.2528494305 -0.9955417788 -0.0271431657 -0.09033169527 0.01332206734 0.9076340841 -0.4195508215 0.09337606298 -0.4188837761 -0.9032260476 8.79218706e-05 -0.2821697325 0
0.454794828 0.4388224336 -0.214731378 -0.01662823837 0.1121637152 0.4927665219 -0.002152562762 0.02877903188 0.2527972171 -0.9953262961 -0.02810357274 -0.09238914135 0.01378696841 0.9055619886 -0.4239898634 0.09557972454 -0.4232820265 -0.900942197 9.061865529e-05 -0.2855927328 0
0.4595644433 0.4434245401 -0.2169833519 -0.01697168672 0.1132599694 0.4924105726 -0.002197700194 0.0290755189 0.2527510251 -0.9951315697 -0.02896110747 -0.09420410413 0.01420174493 0.9037353792 -0.4278559044 0.0975267626 -0.4271107804 -0.8989243082 9.302392364e-05 -0.288587858 0
0.4650154322 0.4486840903 -0.2195570363 -0.01736822221 0.1145098189 0.4919996039 -0.002249849634 0.02941415768 0.2526976572 -0.9949018188 -0.02996090772 -0.09629493775 0.01468494557 0.9016326201 -0.4322533641 0.09977336018 -0.431463744 -0.8965959593 9.582548072e-05 -0.2920108583 0
0.4697850475 0.4532861967 -0.2218090102 -0.0177187008 0.1156007753 0.4916363685 -0.002295973358 0.02971028663 0.2526504557 -0.9946943593 -0.03085312794 -0.09813875964 0.01511580296 0.899779614 -0.4360827429 0.1017577719 -0.4352524907 -0.8945393369 9.832342813e-05 -0.2950059836 0
0.4752360365 0.4585457469 -0.2243826946 -0.01812324693 0.1168445096 0.4912170975 -0.002349249134 0.03004851179 0.252595935 -0.9944497708 -0.03189281002 -0.1002621665 0.01561745639 0.8976471868 -0.4404379901 0.1040468569 -0.4395592984 -0.8921669546 0.0001012320526 -0.2984289838 0
0.4800056518 0.4631478533 -0.2266346685 -0.01848071368 0.1179300623 0.4908466196 -0.002396357645 0.03034427498 0.2525477255 -0.9942290774 -0.03282013287 -0.1021341302 0.01606452198 0.8957686606 -0.4442301631 0.106068246 -0.4433072812 -0.8900720092 0.0001038246903 -0.3014241091 0
0.4854566407 0.4684074035 -0.2292083529 -0.0188932219 0.1191675607 0.4904190968 -0.002450758018 0.03068207771 0.2524920538 -0.993969076 -0.03390016163 -0.1042892853 0.01658476597 0.8936075729 -0.4485425856 0.1083993612 -0.4475670728 -0.8876560673 0.0001068426841 -0.3048471094 0
0.490226256 0.4730095099 -0.2314603268 -0.01925763393 0.1202476046 0.4900414208 -0.002498849779 0.03097746743 0.2524428379 -0.9937346427 -0.03486298336 -0.1061886641 0.01704815349 0.8917044138 -0.4522970251 0.1104573241 -0.4512735433 -0.8855232175 0.0001095320294 -0.3078422346 0
0.4956772449 0.4782690601 -0.2340340112 -0.01967805474 0.1214787474 0.4896056974 -0.002554372974 0.03131483896 0.2523860169 -0.9934586472 -0.03598379956 -0.1083747315 0.01758711019 0.8895156854 -0.4565660293 0.112830004 -0.4554854681 -0.8830641984 0.0001126617011 -0.3112652349 0
0.5004468602 0.4828711665 -0.2362859851 -0.02004936834 0.1225531781 0.4892208686 -0.002603446417 0.03160984754 0.2523357963 -0.9932099631 -0.03698249523 -0.1103007897 0.01806691963 0.8875887903 -0.460282224 0.1149241296 -0.4591496862 -0.8808938699 0.0001154497765 -0.3142603601 0
0.5058978492 0.4881307167 -0.2388596695 -0.02047765133 0.1237778464 0.4887769968 -0.002660090623 0.03194677909 0.2522778278 -0.9929173872 -0.03814451529 -0.1125169237 0.01862469539 0.8853734521 -0.4645072346 0.1173379005 -0.4633129031 -0.8783922648 0.0001186934405 -0.3176833604 0
0.5106674645 0.4927328231 -0.2411116434 -0.02085582198 0.1248465601 0.4883850614 -0.002710144145 0.03224139885 0.252226604 -0.992653937 -0.03917943853 -0.114468917 0.01912101287 0.8834237281 -0.4681846896 0.1194677706 -0.466934137 -0.8761848912 0.0001215822735 -0.3206784857 0
0.5161184534 0.4979923733 -0.2436853278 -0.0212919158 0.126064636 0.4879330945 -0.002767907513 0.03257788168 0.25216749 -0.9923441893 -0.04038305429 -0.1167142621 0.0196976981 0.8811828217 -0.4723651506 0.1219221503 -0.4710478147 -0.8736411995 0.0001249422497 -0.3241014859 0
0.5208880687 0.5025944797 -0.2459373016 -0.02167689817 0.1271275299 0.4875340994 -0.002818939482 0.03287210498 0.2521152647 -0.9920654535 -0.04145453712 -0.1186914378 0.02021059568 0.8792111845 -0.4760033875 0.1240873397 -0.4746253411 -0.8713972215 0.0001279338723 -0.3270966112 0
0.5263390576 0.5078540299 -0.2485109861 -0.02212075058 0.1283388961 0.4870740915 -0.002877820127 0.03320813033 0.2520550071 -0.991737938 -0.04270011557 -0.1209651293 0.02080626471 0.8769457616 -0.4801387618 0.1265818381 -0.4786886581 -0.8688119514 0.0001314124855 -0.3305196115 0
0.5311086729 0.5124561364 -0.2507629599 -0.02251249856 0.1293958681 0.4866680846 -0.002929828877 0.03350194953 0.2520017819 -0.9914433933 -0.04380846816 -0.122966727 0.02133580034 0.8749531357 -0.4837373192 0.1287819143 -0.4822217627 -0.8665318171 0.0001345089341 -0.3335147367 0
0.5365596619 0.5177156865 -0.2533366444 -0.02296405639 0.1306004083 0.4862000908 -0.002989824879 0.0338375087 0.2519403826 -0.9910975101 -0.0450963512 -0.1252678915 0.02195051124 0.8726642575 -0.487827089 0.1313160333 -0.4862339075 -0.8639054848 0.0001381085136 -0.336937737 0
0.5413292772 0.522317793 -0.2555886182 -0.02336252306 0.1316513571 0.4857871206 -0.003042808713 0.03413091617 0.2518861594 -0.9907866299 -0.04624186168 -0.1272931432 0.02249672859 0.8706515754 -0.4913855222 0.133550557 -0.4897218848 -0.8615896496 0.0001413118282 -0.3399328622 0
0.5467802661 0.5275773432 -0.2581623026 -0.02382173224 0.132848956 0.485311197 -0.003103918114 0.03446600044 0.2518236204 -0.9904217751 -0.04757236595 -0.1296208989 0.02313052307 0.868340312 -0.4954291891 0.1361237905 -0.4936820561 -0.8589227795 0.0001450347075 -0.3433558625 0
0.5515498814 0.5321794496 -0.2604142765 -0.0242268699 0.133893781 0.484891313 -0.003157875303 0.03475898858 0.2517684009 -0.9900940296 -0.04875530023 -0.1316690294 0.02369345146 0.8663085138 -0.4989470706 0.1383923154 -0.4971242095 -0.8565717059 0.0001483469315 -0.3463509878 0
0.5570008703 0.5374389998 -0.2629879609 -0.02469367549 0.1350843243 0.4844075165 -0.003220096107 0.03509358927 0.2517047242 -0.9897095962 -0.05012871687 -0.1340224866 0.02434635476 0.8639759435 -0.502944156 0.1410041495 -0.5010316165 -0.8538648307 0.0001521954479 -0.349773988 0
0.5617704857 0.5420411062 -0.2652399348 -0.02510543567 0.1361229258 0.4839807689 -0.003275024891 0.03538615049 0.2516485101 -0.9893644529 -0.05134931849 -0.1360927142 0.024926009 0.8619259761 -0.5064210756 0.1433062226 -0.5044272586 -0.8514789882 0.000155618628 -0.3527691133 0
0.5672214746 0.5473006564 -0.2678136192 -0.02557978182 0.1373063 0.4834891574 -0.003338355069 0.03572025893 0.2515836979 -0.988959831 -0.05276591294 -0.1384709758 0.02559802977 0.859573185 -0.5103711204 0.1459561358 -0.5082811211 -0.8487326483 0.0001595951221 -0.3561921136 0
0.5719910899 0.5519027628 -0.2700655931 -0.02599811527 0.1383385791 0.4830555973 -0.003394253655 0.03601238564 0.2515264911 -0.988596755 -0.05402440288 -0.1405625124 0.02619441015 0.8575060018 -0.5138066852 0.1482912974 -0.5116295738 -0.8463125134 0.0001631313079 -0.3591872388 0
0.5774420788 0.557162313 -0.2726392775 -0.02647994527 0.1395146716 0.4825562295 -0.00345869114 0.03634599317 0.2514605453 -0.9881713321 -0.05548441477 -0.1429646743 0.02688554033 0.8551340829 -0.5177092504 0.1509787604 -0.5154291221 -0.8435272574 0.0001672381236 -0.3626102391 0
0.5822116941 0.5617644194 -0.2748912514 -0.02690480199 0.1405405303 0.4821159087 -0.003515557703 0.03663767781 0.2514023476 -0.9877897866 -0.05678099133 -0.145076726 0.02749863247 0.8530506433 -0.521103085 0.1533465442 -0.5187297167 -0.8410733133 0.0001708893672 -0.3656053643 0
0.587662683 0.5670239696 -0.2774649358 -0.02739405825 0.1417092295 0.4816088444 -0.003581100392 0.03697077582 0.2513352705 -0.9873429483 -0.05828463425 -0.1475018775 0.02820884725 0.8506606962 -0.5249577515 0.1560710204 -0.5224741921 -0.8382496974 0.000175128851 -0.3690283646 0
0.5924322984 0.571626076 -0.2797169097 -0.02782538747 0.1427285707 0.4811618155 -0.003638933077 0.03726201084 0.2512760838 -0.9869423949 -0.05961947291 -0.1496336448 0.02883862207 0.8485619648 -0.5283094981 0.1584709535 -0.5257262694 -0.8357624343 0.0001788972068 -0.3720234899 0
0.5972019137 0.5762281825 -0.2819688835 -0.02825971962 0.1437448374 0.4807116744 -0.003697215975 0.03755303347 0.2512164362 -0.9865327864 -0.06097222082 -0.1517743377 0.02947616802 0.8464564287 -0.5316414862 0.1608857259 -0.5289554826 -0.8332597918 0.0001827209186 -0.3750186151 0
0.6026529026 0.5814877326 -0.284542568 -0.02875976176 0.1449024934 0.4801934316 -0.003764375751 0.03788536857 0.2511477037 -0.9860534238 -0.06254018763 -0.1542315477 0.03021429339 0.844042041 -0.5354251857 0.1636635019 -0.5326178348 -0.8303809368 0.0001871592327 -0.3784416154 0
0.6074225179 0.5860898391 -0.2867945418 -0.0292004906 0.1459121015 0.4797366609 -0.003823621991 0.03817593055 0.2510870699 -0.9856240156 -0.06393141348 -0.1563907745 0.03086845261 0.8419226365 -0.538714593 0.1661097186 -0.5357975816 -0.827845706 0.0001911030737 -0.3814367406 0
0.6128735068 0.5913493893 -0.2893682262 -0.0297078133 0.1470620934 0.4792108725 -0.003891881629 0.0385077349 0.2510172114 -0.9851217156 -0.06554342617 -0.158868703 0.03162552913 0.8394929561 -0.542449447 0.1689231524 -0.5394030366 -0.8249298956 0.0001956798547 -0.3848597409 0
0.6176431221 0.5959514957 -0.2916202001 -0.03015488624 0.148064948 0.4787475269 -0.003952089279 0.03879782871 0.2509555934 -0.9846719666 -0.06697324869 -0.1610456524 0.03229623597 0.8373606588 -0.5456959596 0.1714003248 -0.5425326821 -0.8223625828 0.0001997458842 -0.3878548662 0
0.6230941111 0.6012110459 -0.2941938845 -0.03066942896 0.1492071677 0.4782142557 -0.004021446552 0.03912909375 0.2508846113 -0.9841461108 -0.06862942969 -0.16354337 0.03307218013 0.8349168026 -0.5493816193 0.1742488548 -0.5460805198 -0.8194103993 0.0002044634867 -0.3912778664 0
0.6278637264 0.6058131523 -0.2964458584 -0.03112279267 0.1502031746 0.4777443903 -0.004082613645 0.03941871192 0.2508220111 -0.98367548 -0.07009794444 -0.1657372267 0.03375935406 0.8327725913 -0.5525849411 0.1767564882 -0.5491594389 -0.8168115171 0.0002086537656 -0.3942729917 0
0.6333147153 0.6110727025 -0.2990195428 -0.03164449406 0.151337515 0.4772036999 -0.004153066289 0.03974942908 0.2507499076 -0.9831254499 -0.07179838968 -0.1682537993 0.03455406527 0.8303156799 -0.5562210786 0.1796395455 -0.552648951 -0.8138235501 0.0002135145456 -0.397695992 0
0.6380843306 0.6156748089 -0.3012715167 -0.03210409448 0.152326581 0.4767273708 -0.004215190831 0.04003856413 0.2506863272 -0.982633396 -0.07330566894 -0.1704637441 0.03525761081 0.8281605365 -0.5593809317 0.1821771391 -0.5556765289 -0.8111936176 0.0002178311362 -0.4006911172 0
0.6435353195 0.6209343591 -0.3038452011 -0.03263289236 0.1534529361 0.4761793256 -0.004286736546 0.0403687249 0.2506131046 -0.9820585733 -0.07505044776 -0.1729982337 0.03607097144 0.8256916933 -0.5629672394 0.1850941479 -0.5591070183 -0.8081704638 0.0002228374514 -0.4041141175 0
0.6483049348 0.6255364655 -0.306097175 -0.03309867473 0.154434969 0.4756965895 -0.004349816507 0.04065736938 0.2505485461 -0.9815445555 -0.07659654055 -0.1752234443 0.03679077816 0.8235266019 -0.5660833636 0.187661195 -0.5620826504 -0.8055100061 0.0002272824172 -0.4071092427 0
0.6537559238 0.6307960157 -0.3086708594 -0.03363450609 0.1555532339 0.4751412548 -0.004422452959 0.04098696524 0.2504742068 -0.9809443227 -0.07838569561 -0.1777749095 0.03762265344 0.8210469528 -0.5696195548 0.1906115728 -0.5654534322 -0.8024522692 0.0002324366266 -0.410532243 0
0.6585255391 0.6353981221 -0.3109228333 -0.03410641494 0.1565281423 0.4746521692 -0.004486486282 0.04127511172 0.2504086722 -0.9804078012 -0.07997062758 -0.1800145609 0.03835859597 0.8188728994 -0.5726917083 0.1932075608 -0.5683765243 -0.7997618177 0.0002370120321 -0.4135273683 0
0.663976528 0.6406576723 -0.3134965177 -0.03464921598 0.1576382131 0.4740896112 -0.004560211099 0.04160413419 0.2503332187 -0.9797815417 -0.08180417485 -0.1825820572 0.03920883404 0.8163835719 -0.5761775169 0.1961907183 -0.5716869253 -0.7966701083 0.0002423164957 -0.4169503685 0
0.6687461433 0.6452597788 -0.3157484916 -0.03512719513 0.1586059067 0.4735942344 -0.004625195692 0.04189177524 0.2502667101 -0.9792219775 -0.0834279483 -0.1848353217 0.039960772 0.8142015435 -0.5792054759 0.1988151287 -0.5745568936 -0.7939502003 0.0002470244065 -0.4199454938 0
0.6741971322 0.6505193289 -0.318322176 -0.03567690126 0.1597076806 0.4730245199 -0.004700006469 0.04222021586 0.2501901447 -0.9785690764 -0.08530587702 -0.187417902 0.04082920389 0.8117036661 -0.5826406564 0.2018304703 -0.5778062528 -0.7908251358 0.0002524814852 -0.4233684941 0
0.6789667475 0.6551214354 -0.3205741498 -0.03616089385 0.1606680698 0.4725229108 -0.004765940212 0.04250734408 0.2501226644 -0.9779859325 -0.08696847081 -0.1896839501 0.04159698194 0.8095146505 -0.5856242154 0.204482779 -0.5806225242 -0.7880763145 0.0002573239674 -0.4263636193 0
0.6844177365 0.6603809856 -0.3231478343 -0.03671743969 0.1617614453 0.4719461076 -0.004841834505 0.0428351944 0.2500449897 -0.9773057768 -0.08889074348 -0.1922806654 0.04248342158 0.8070093523 -0.5890085434 0.2075297026 -0.5838101926 -0.784918519 0.0002629360231 -0.4297866196 0
0.6891873518 0.664983092 -0.3253998081 -0.03720738816 0.1627144417 0.4714383258 -0.004908715246 0.04312180242 0.2499765397 -0.9766985178 -0.09059211311 -0.1945586658 0.04326686943 0.8048143374 -0.5919475149 0.2102093799 -0.5865722048 -0.7821413333 0.0002679151435 -0.4327817448 0
0.6946383407 0.6702426422 -0.3279734926 -0.03777070755 0.1637993181 0.4708545026 -0.004985690579 0.04344905401 0.2498977581 -0.975990497 -0.09255866548 -0.1971685655 0.04417111366 0.802302747 -0.5952807866 0.2132872769 -0.5896975458 -0.7789514375 0.0002736845384 -0.4362047451 0
0.699407956 0.6748447486 -0.3302254664 -0.03826655369 0.1647448341 0.4703406085 -0.005053516135 0.04373513447 0.2498283408 -0.9753585897 -0.09429874305 -0.1994576859 0.04497004609 0.8001027201 -0.5981750014 0.2159937878 -0.5924047471 -0.7761464419 0.0002788023642 -0.4391998703 0
0.7048589449 0.6801042988 -0.3327991508 -0.0388365797 0.1658211121 0.4697498345 -0.005131569995 0.04406177894 0.2497484549 -0.9746220962 -0.09630948416 -0.2020798182 0.0458918747 0.7975859655 -0.6014570338 0.2191020435 -0.5954671367 -0.7729250828 0.0002847314609 -0.4426228706 0
0.7096285602 0.6847064052 -0.3350511247 -0.03933826461 0.1667590613 0.4692298891 -0.005200338151 0.04434732449 0.2496780725 -0.9739650104 -0.09808817837 -0.2043792255 0.04670609158 0.7953819128 -0.604306341 0.2218348474 -0.5981189865 -0.7700928375 0.0002899900596 -0.4456179959 0
0.7150795492 0.6899659554 -0.3376248091 -0.03991492957 0.1678266425 0.4686322345 -0.005279467991 0.04467335345 0.2495970848 -0.9731994396 -0.1001429906 -0.2070126379 0.04764526736 0.7928611203 -0.607536972 0.2249728412 -0.6011178131 -0.7668406584 0.0002960812211 -0.4490409962 0
