0.006326419534 0.005213412545 -0.001386624633 -2.803480552e-06 0.001613227947 0.509996598 -3.519168148e-07 0.0004017267331 0.2549995781 -0.9999999999 -6.796680931e-08 -1.632656111e-05 3.480562939e-08 0.9999801881 -0.006294717635 1.632666548e-05 -0.006294717634 -0.9999801879 3.294999709e-08 -0.001844210762 0
0.01241375614 0.01022980403 -0.002720847072 -1.079403522e-05 0.003165439561 0.5099869016 -1.362042126e-06 0.0007896519648 0.254998367 -0.999999998 -5.168318858e-07 -6.285938073e-05 2.595938079e-07 0.9999237215 -0.01235116002 6.286096938e-05 -0.01235116001 -0.9999237195 7.032856401e-08 -0.003618726605 0
0.01850109275 0.01524619551 -0.00405506951 -2.397536957e-05 0.0047175527 0.5099709061 -3.036376838e-06 0.001178316962 0.2549963594 -0.9999999903 -1.712432006e-06 -0.0001396154958 8.577384429e-07 0.9998305797 -0.01840684162 0.0001396233626 -0.01840684156 -0.99983057 6.787295421e-08 -0.005393242448 0
0.02382751229 0.01963553805 -0.005222514143 -3.976671652e-05 0.006075532957 0.5099517435 -5.046226497e-06 0.001518549583 0.2549939494 -0.9999999732 -3.658877919e-06 -0.0002315615999 1.831235953e-06 0.9997190054 -0.02370464577 0.0002315832647 -0.02370464555 -0.9997189786 3.382399e-08 -0.00694594381 0
0.0299148489 0.02465192953 -0.006556736581 -6.267928416e-05 0.007627331318 0.5099239394 -7.964938222e-06 0.001907378984 0.2549904495 -0.9999999334 -7.240977598e-06 -0.0003649552664 3.62253022e-06 0.9995571357 -0.02975789585 0.000365009117 -0.02975789519 -0.9995570691 3.856519006e-08 -0.008720459653 0
0.03600218551 0.02966832101 -0.007890959019 -9.078069456e-05 0.009178892404 0.5098898386 -1.154618136e-05 0.002296152269 0.2549861552 -0.9999998602 -1.262153285e-05 -0.0005285314565 6.312911548e-06 0.9993586408 -0.03580931342 0.0005286444465 -0.03580931175 -0.9993585011 1.347391475e-07 -0.0104949755 0
0.04208952212 0.03468471249 -0.009225181458 -0.0001240698987 0.01073016795 0.5098494425 -1.578955171e-05 0.00268486258 0.2549810669 -0.999999739 -2.016583319e-05 -0.0007222680946 1.008492173e-05 0.9991235478 -0.04185852612 0.0007224791731 -0.04185852247 -0.9991232867 2.558653291e-07 -0.01226949134 0
0.04817685873 0.03970110397 -0.0105594039 -0.0001625456538 0.01228110972 0.5098027526 -2.069480763e-05 0.003073513507 0.2549751849 -0.999999552 -3.023879376e-05 -0.0009461390357 1.51208742e-05 0.9988518885 -0.04790516189 0.000946501357 -0.04790515473 -0.9988514405 3.99838587e-07 -0.01404400718 0
0.05350327826 0.04409044652 -0.01172684853 -0.0002004654078 0.01363787203 0.5097567374 -2.552973247e-05 0.003413537941 0.2549693872 -0.9999993185 -4.141346558e-05 -0.001166722005 2.070728032e-05 0.99858422 -0.05319356209 0.001167273113 -0.05319355 -0.9985835387 5.438734387e-07 -0.01559670854 0
0.05959061487 0.049106838 -0.01306107097 -0.0002486619228 0.01518805795 0.5096982515 -3.167562382e-05 0.003802088778 0.2549620175 -0.9999989514 -5.720965303e-05 -0.001447010147 2.860355781e-05 0.998244103 -0.05923436458 0.001447858124 -0.05923434386 -0.9982430547 7.287311375e-07 -0.01737122439 0
0.06567795148 0.05412322948 -0.01439529341 -0.000302040338 0.01673777144 0.5096334773 -3.848303067e-05 0.00419058979 0.2549538545 -0.999998453 -7.658097487e-05 -0.001757334798 3.828630822e-05 0.9978675397 -0.0652715226 0.001758585908 -0.06527148891 -0.9978659931 9.349887364e-07 -0.01914574023 0
0.07176528809 0.05913962096 -0.01572951584 -0.0003605986608 0.01828696434 0.5095624174 -4.595185883e-05 0.004579041795 0.2549448984 -0.9999977949 -9.989029967e-05 -0.002097654089 4.993659672e-05 0.9974545815 -0.07130466575 0.002099437326 -0.07130461327 -0.9974523771 1.162577856e-06 -0.02092025607 0
0.0778526247 0.06415601244 -0.01706373828 -0.0004243347057 0.01983558846 0.5094850744 -5.408201676e-05 0.004967444666 0.2549351494 -0.9999969465 -0.0001274998145 -0.002467922107 6.373507285e-05 0.9970052846 -0.07733342414 0.00247039138 -0.0773333453 -0.9970022321 1.411519532e-06 -0.02269477191 0
0.08393996131 0.06917240392 -0.01839796072 -0.0004932460935 0.02138359568 0.5094014512 -6.287341199e-05 0.005355797565 0.2549246074 -0.9999958743 -0.0001597709623 -0.002868088905 7.986193231e-05 0.9965197102 -0.08335742849 0.002871425221 -0.08335731363 -0.996515586 1.681894644e-06 -0.02446928776 0
0.08926638084 0.07356174646 -0.01956540535 -0.0005577869392 0.02273755811 0.5093231316 -7.110822908e-05 0.005695564298 0.2549147328 -0.9999947239 -0.0001921157412 -0.003242718861 9.602422005e-05 0.9960651256 -0.08862424269 0.003246985282 -0.08862408648 -0.9960598518 1.936151315e-06 -0.02602198912 0
0.09535371745 0.07857813794 -0.02089962779 -0.0006363950111 0.02428427897 0.5092277416 -8.113918361e-05 0.006083819519 0.2549027044 -0.999993132 -0.0002340987961 -0.003698797225 0.00011700074 0.9955117131 -0.09463834018 0.003704350683 -0.09463812297 -0.9955048485 2.247072938e-06 -0.02779650496 0
0.1014410541 0.08359452942 -0.02223385023 -0.0007201705113 0.02583024467 0.5091260809 -9.183108892e-05 0.006472019881 0.2548898834 -0.9999912048 -0.0002817779212 -0.004184608356 0.0001408208328 0.9949222266 -0.1006466257 0.004191719859 -0.1006463298 -0.9949134363 2.579865629e-06 -0.02957102081 0
0.1075283907 0.0886109209 -0.02356807267 -0.0008091103133 0.02737540718 0.5090181534 -0.0001031838355 0.006860163141 0.25487627 -0.9999888982 -0.0003355110858 -0.004700086744 0.0001676625757 0.9942967463 -0.1066487328 0.004709062789 -0.1066483369 -0.9942856516 2.934730648e-06 -0.03134553665 0
0.1136157273 0.09362731238 -0.02490229511 -0.000903211098 0.02891971851 0.5089039631 -0.0001151973081 0.007248246887 0.2548618643 -0.9999861658 -0.0003956552116 -0.005245162887 0.0001977034072 0.9936353574 -0.1126442958 0.005256347603 -0.1126437744 -0.993621533 3.311888559e-06 -0.03312005249 0
0.1189421468 0.09801665493 -0.02606973974 -0.0009897801474 0.03027025497 0.5087989125 -0.0001262510032 0.007587769343 0.2548486095 -0.9999833868 -0.000453820057 -0.005746326252 0.0002267523627 0.9930272566 -0.1178847584 0.005759757061 -0.1178841029 -0.9930106563 3.660375442e-06 -0.03467275385 0
0.1250294834 0.1030330464 -0.02740396218 -0.001093548159 0.03181284109 0.5086729912 -0.0001395030053 0.007975734546 0.2548327187 -0.9999797207 -0.0005269428397 -0.006346697005 0.0002632673529 0.9922987856 -0.1238670687 0.006363090595 -0.1238662276 -0.9922785238 4.079986031e-06 -0.0364472697 0
0.13111682 0.1080494379 -0.02873818462 -0.001202466539 0.03335443823 0.5085408199 -0.000153415368 0.008363632641 0.254816036 -0.9999754798 -0.000607496337 -0.006976443557 0.0003034876671 0.9915346781 -0.1298417887 0.006996264127 -0.1298407222 -0.9915101811 4.522615092e-06 -0.03822178554 0
0.1372041566 0.1130658294 -0.03007240705 -0.001316531224 0.03489499856 0.5084024037 -0.0001679879519 0.008751460834 0.2547985616 -0.9999706072 -0.0006958328277 -0.007635481045 0.0003475879127 0.9907350378 -0.1358085565 0.007659238654 -0.1358072187 -0.9907056755 4.988543267e-06 -0.03999630138 0
0.1432914933 0.1180822208 -0.03140662949 -0.001435737958 0.03643447427 0.5082577476 -0.0001832206115 0.009139216278 0.2547802957 -0.9999650434 -0.0007923032431 -0.008323720671 0.0003957418757 0.9898999737 -0.1417670112 0.008351973336 -0.1417653495 -0.9898650566 5.478064539e-06 -0.04177081722 0
0.1486179128 0.1224715634 -0.03257407413 -0.001544258445 0.03778058823 0.5081260591 -0.0001970905375 0.009478440342 0.2547636639 -0.9999595592 -0.0008836620239 -0.008949812429 0.0004413378741 0.9891403231 -0.1469735568 0.008982495309 -0.146971563 -0.9890999315 5.92599023e-06 -0.04332351859 0
0.1547052494 0.1274879549 -0.03390829656 -0.001673094384 0.03931790158 0.5079697181 -0.0002135604239 0.00986605156 0.2547439143 -0.9999525297 -0.0009963244682 -0.009692553089 0.0004975579474 0.9882391491 -0.1529154557 0.009730913827 -0.1529130194 -0.9881917414 6.460585129e-06 -0.04509803443 0
0.160792586 0.1325043464 -0.035242519 -0.001807059069 0.04085399312 0.5078071534 -0.0002306899312 0.01025358163 0.2547233739 -0.9999446234 -0.001118121709 -0.01046421881 0.0005583264616 0.9873028906 -0.1588480105 0.01050896489 -0.1588450564 -0.9872475929 7.01968801e-06 -0.04687255027 0
0.1668799226 0.1375207378 -0.03657674144 -0.001946147504 0.04238881523 0.5076383711 -0.0002484788886 0.01064102757 0.2547020426 -0.9999357706 -0.001249398884 -0.01126470568 0.0006238136705 0.9863316749 -0.1647708648 0.01131660056 -0.1647673087 -0.9862675441 7.603640012e-06 -0.04864706612 0
0.1729672592 0.1425371293 -0.03791096388 -0.002090354501 0.04392232035 0.5074633775 -0.0002669271191 0.01102838638 0.2546799208 -0.9999258992 -0.001390499487 -0.01209390595 0.0006941888273 0.985325634 -0.1706836637 0.0121537711 -0.1706794114 -0.9852516554 8.212793515e-06 -0.05042158196 0
0.1782936788 0.1469264719 -0.03907840851 -0.00222073022 0.04526301963 0.507305168 -0.0002836099862 0.01136725151 0.2546599159 -0.9999163675 -0.001522289536 -0.01284292249 0.0007599090005 0.984416888 -0.1758488363 0.01291048264 -0.1758438891 -0.9843334019 8.76676128e-06 -0.05197428332 0
0.1843810154 0.1519428633 -0.04041263095 -0.002374519874 0.04679392738 0.5071185459 -0.000303293853 0.01175443885 0.2546363125 -0.9999043828 -0.001682728929 -0.01372565654 0.0008399016117 0.9833459218 -0.1817418296 0.01380289062 -0.1817359802 -0.9832504837 9.424155177e-06 -0.05374879916 0
0.190468352 0.1569592548 -0.04174685339 -0.002533412114 0.04832338168 0.5069257319 -0.0003236364468 0.01214153036 0.2546119191 -0.9998911579 -0.001853969618 -0.01463677281 0.0009252628713 0.982240536 -0.1876237549 0.01472468031 -0.1876168765 -0.9821319114 1.010782348e-05 -0.05552331501 0
0.1965556886 0.1619756463 -0.04308107583 -0.002697401014 0.0498513352 0.5067267331 -0.0003446375652 0.01252852302 0.254586736 -0.9998766108 -0.002036348175 -0.01557614873 0.001016157814 0.9811008805 -0.1934942629 0.01567579493 -0.1934862156 -0.980977754 1.081815927e-05 -0.05729783085 0
0.2026430252 0.1669920378 -0.04441529826 -0.002866480461 0.05137774066 0.5065215571 -0.0003662969991 0.01291541376 0.2545607636 -0.9998606571 -0.002230199244 -0.01654365798 0.001112750297 0.97992711 -0.1993530056 0.01665617588 -0.1993436361 -0.9797880825 1.155556543e-05 -0.05907234669 0
0.2087303618 0.1720084293 -0.0457495207 -0.00304064415 0.05290255083 0.5063102113 -0.0003886145329 0.01330219952 0.254534002 -0.9998432098 -0.002435855481 -0.01753917048 0.001215202968 0.9787193839 -0.2051996368 0.01766576278 -0.2051887772 -0.9785629702 1.232045439e-05 -0.06084686253 0
0.2140567813 0.1763977718 -0.04691696534 -0.003197202946 0.05423541403 0.5061202289 -0.000408682048 0.01364054853 0.2545099385 -0.9998266479 -0.00262574857 -0.01843311021 0.001309783155 0.9776348978 -0.210305233 0.01857306048 -0.2102929195 -0.9774619836 1.301260802e-05 -0.0623995639 0
0.220144118 0.1814141633 -0.04825118777 -0.00338088194 0.05575710601 0.5058973365 -0.0004322329152 0.0140271292 0.2544816979 -0.9998061572 -0.002854428943 -0.01948076518 0.001423657699 0.9763639498 -0.2161282276 0.0196372395 -0.2161140667 -0.976170625 1.383017102e-05 -0.06417407974 0
0.2262314546 0.1864305548 -0.04958541021 -0.003569626 0.05727706733 0.5056682976 -0.0004564412261 0.01441359606 0.254452669 -0.9997839093 -0.003095859275 -0.02055602867 0.001543852977 0.9750595291 -0.2219381246 0.02073044084 -0.2219219013 -0.9748440483 1.467645341e-05 -0.06594859558 0
0.2323187912 0.1914469462 -0.05091963265 -0.003763428091 0.05879525103 0.5054331209 -0.0004813067398 0.01479994603 0.2544228521 -0.9997598078 -0.003350363976 -0.02165875625 0.001670526614 0.9737218127 -0.2277345842 0.02185259715 -0.2277160657 -0.9734823354 1.555190222e-05 -0.06772311143 0
0.2384061278 0.1964633377 -0.05225385509 -0.003962280992 0.06031161025 0.505191815 -0.0005068292087 0.01518617605 0.2543922474 -0.9997337539 -0.00361826519 -0.02278879985 0.001803834852 0.9723509816 -0.2335172687 0.02300363931 -0.2334962029 -0.9720855702 1.645697276e-05 -0.06949762727 0
0.2437325473 0.2008526803 -0.05342129972 -0.0041404147 0.06163689111 0.5049756517 -0.0005297000782 0.01552402649 0.2543648222 -0.9997092757 -0.00386391956 -0.02379987649 0.001926043758 0.9711244859 -0.2385655535 0.02403444092 -0.2385420363 -0.9708347143 1.727357269e-05 -0.07105032863 0
0.2498198839 0.2058690718 -0.05475552216 -0.004348717746 0.06314970332 0.5047228782 -0.0005564536486 0.01591002327 0.2543327412 -0.9996792866 -0.004157799386 -0.02498072587 0.002072208047 0.9696920686 -0.2443215054 0.02523945155 -0.2442949135 -0.9693724596 1.823543921e-05 -0.07282484447 0
0.2559072205 0.2108854632 -0.0560897446 -0.004562049791 0.06466055668 0.5044640021 -0.0005838634266 0.01629589123 0.2542998734 -0.9996470478 -0.004465988758 -0.02618844541 0.002225448141 0.9682270822 -0.2500627214 0.02647313939 -0.2500327422 -0.9678754056 1.922828073e-05 -0.07459936032 0
0.2619945572 0.2159018547 -0.05742396704 -0.004780402889 0.06616940464 0.504199033 -0.0006119291393 0.01668162727 0.2542662189 -0.9996124516 -0.004788800512 -0.02742287312 0.002385914613 0.9667297248 -0.255788871 0.02773542847 -0.2557551691 -0.9663436446 2.02525826e-05 -0.07637387616 0
0.2680818938 0.2209182462 -0.05875818947 -0.005003768904 0.0676762007 0.5039279807 -0.0006406505074 0.01706722831 0.2542317783 -0.9995753877 -0.005126544947 -0.02868384347 0.002553756493 0.9652001989 -0.261499626 0.02902624101 -0.2614618416 -0.9647772711 2.130883732e-05 -0.078148392 0
0.2734083133 0.2253075887 -0.05992563411 -0.005203319791 0.06899292756 0.5036858279 -0.0006663193224 0.01740451605 0.2542009981 -0.9995408441 -0.005434562757 -0.02980883298 0.002706784235 0.9638356378 -0.2664836515 0.03017903768 -0.2664419801 -0.9633783768 2.225966403e-05 -0.07970109336 0
0.2794956499 0.2303239802 -0.06125985655 -0.005436062457 0.07049575129 0.5034033972 -0.0006962692691 0.01778985565 0.2541650842 -0.9994988483 -0.005801133264 -0.03111911243 0.002888851174 0.9622463564 -0.2721646637 0.03152311603 -0.2721181663 -0.9617473664 2.337718194e-05 -0.08147560921 0
0.2855829865 0.2353403717 -0.06259407898 -0.005673793622 0.07199638993 0.503114913 -0.0007268740321 0.01817505136 0.2541283851 -0.9994540553 -0.006183513947 -0.03245543918 0.003078713087 0.9606255121 -0.2778293488 0.03289548454 -0.2777775903 -0.9600820264 2.452810675e-05 -0.08325012505 0
0.2916703231 0.2403567632 -0.06392830142 -0.005916504433 0.07349479734 0.5028203861 -0.0007581333067 0.01856010012 0.2540909012 -0.9994063462 -0.006582004773 -0.03381763428 0.003276512712 0.9589733237 -0.2834773868 0.03429605866 -0.2834199033 -0.9583824596 2.571295676e-05 -0.08502464089 0
0.2977576597 0.2453731547 -0.06526252386 -0.006164185855 0.07499092745 0.5025198274 -0.0007900467819 0.01894499882 0.2540526328 -0.9993555999 -0.00699690291 -0.03520551535 0.003482391088 0.9572900142 -0.2891084599 0.03572475211 -0.2890447577 -0.9566487705 2.693225645e-05 -0.08679915674 0
0.3030840793 0.2497624972 -0.06642996849 -0.006384977308 0.07629813708 0.5022518993 -0.0008185074721 0.01928165967 0.2540185047 -0.9993086085 -0.007373629349 -0.03644083588 0.003669271322 0.9557917678 -0.2940214842 0.03699785639 -0.2939519115 -0.9551038856 2.802782001e-05 -0.0883518581 0
0.3091714159 0.2547788887 -0.06776419093 -0.006641953627 0.07778987345 0.5019400614 -0.0008516467124 0.01966626871 0.2539787664 -0.9992518334 -0.007820082204 -0.0378763749 0.003890671438 0.9540507212 -0.2996198993 0.03847903504 -0.2995430982 -0.9533065069 2.931314698e-05 -0.09012637394 0
0.3152587525 0.2597952802 -0.06909841337 -0.006903873553 0.07927920064 0.5016222244 -0.0008854392228 0.02005071883 0.2539382448 -0.9991916608 -0.008283780689 -0.03933705692 0.004120546027 0.9522792171 -0.3052004485 0.03998807535 -0.3051158332 -0.9514753187 3.063446392e-05 -0.09190088978 0
0.3213460891 0.2648116716 -0.07043263581 -0.007170727338 0.08076607297 0.5012984002 -0.000919884667 0.02043500693 0.2538969402 -0.9991279612 -0.008765010655 -0.04082268667 0.004359029239 0.950477494 -0.3107628232 0.04152488438 -0.3106697732 -0.9496104338 3.199231726e-05 -0.09367540563 0
0.3274334257 0.2698280631 -0.07176685825 -0.007442505052 0.08225044485 0.5009686009 -0.0009549827022 0.02081912995 0.253854853 -0.9990606032 -0.009264054904 -0.04233306562 0.004606253373 0.9486457945 -0.3163067168 0.04308936745 -0.3162045761 -0.947711967 3.338725865e-05 -0.09544992147 0
0.3335207623 0.2748444546 -0.07310108069 -0.007719196585 0.08373227081 0.5006328387 -0.0009907329791 0.02120308479 0.2538119838 -0.9989894532 -0.009781193148 -0.04386799201 0.004862348843 0.9467843649 -0.3218318256 0.0446814282 -0.321719901 -0.9457800354 3.481984481e-05 -0.09722443731 0
0.3388471819 0.2792337971 -0.07426852532 -0.007965324455 0.0850267444 0.5003341652 -0.001022549234 0.02153890491 0.2537738319 -0.9989239797 -0.01024874934 -0.04523102814 0.005093810719 0.9451314228 -0.3266506495 0.04609702661 -0.326529565 -0.944062237 3.610467952e-05 -0.09877713867 0
0.3449345185 0.2842501886 -0.07560274776 -0.008251201512 0.08650367454 0.4999872565 -0.0010595215 0.02192253612 0.2537294973 -0.9988453526 -0.01080055675 -0.04681142611 0.005366884783 0.943214927 -0.3321397266 0.04774052983 -0.3320074538 -0.942067881 3.760936689e-05 -0.1005516545 0
0.3510218551 0.2892665801 -0.07693697019 -0.008541962307 0.08797792861 0.4996344215 -0.001097144968 0.02230599031 0.2536843818 -0.9987625382 -0.01137124464 -0.04841577381 0.005649194383 0.9412694312 -0.3376091594 0.04941132422 -0.3374648911 -0.9400404078 3.915332607e-05 -0.1023261704 0
0.3571091917 0.2942829716 -0.07827119263 -0.008837596028 0.08944946153 0.4992756731 -0.001135419263 0.0226892644 0.2536384859 -0.9986753952 -0.01196108029 -0.05004385727 0.005940862365 0.9392951964 -0.3430586542 0.05110930685 -0.3429015407 -0.9379799423 4.073713169e-05 -0.1041006862 0
0.3631965283 0.2992993631 -0.07960541507 -0.009138091683 0.09091822837 0.4989110249 -0.001174344004 0.0230723553 0.25359181 -0.9985837803 -0.01257032761 -0.05169545948 0.006242009554 0.9372924875 -0.3484879197 0.05283437313 -0.3483170678 -0.9358866113 4.236136264e-05 -0.105875202 0
0.3685229478 0.3036887056 -0.0807728597 -0.009405004909 0.09220109505 0.4985871286 -0.001208936417 0.02340740716 0.2535503291 -0.998499835 -0.01311954758 -0.05315973121 0.006513382679 0.9355169707 -0.3532217058 0.05436593968 -0.3530380646 -0.9340280882 4.381618432e-05 -0.1074279034 0
0.3746102844 0.3087050971 -0.08210708214 -0.009714586441 0.09366455473 0.4982114548 -0.001249079695 0.02379014632 0.253502192 -0.9983994427 -0.0137658914 -0.05485483558 0.006832621878 0.9334615997 -0.3586122659 0.05614150008 -0.3584130888 -0.9318734838 4.551778717e-05 -0.1092024193 0
0.380697621 0.3137214886 -0.08344130458 -0.01002899731 0.09512511975 0.4978299206 -0.001289872288 0.02417269347 0.2534532762 -0.9982941563 -0.01443238675 -0.05657281797 0.007161676131 0.9313785364 -0.3639817747 0.05794383414 -0.3637660349 -0.9296863901 4.726150192e-05 -0.1109769351 0
0.3867849577 0.3187378801 -0.08477552702 -0.01034822583 0.09658274561 0.4974425403 -0.001331313791 0.02455504553 0.2534035823 -0.9981838252 -0.01511928424 -0.05831344978 0.007500658164 0.9292680598 -0.3693299517 0.05977283085 -0.3690965732 -0.9274669419 4.904792254e-05 -0.1127514509 0
0.3928722943 0.3237542715 -0.08610974946 -0.01067226014 0.09803738794 0.4970493282 -0.001373403789 0.02493719945 0.2533531108 -0.9980682971 -0.01582683092 -0.06007649952 0.007849678542 0.9271304521 -0.3746565192 0.06162837754 -0.3744043753 -0.9252152759 5.087764652e-05 -0.1145259668 0
0.3981987138 0.3281436141 -0.08727719409 -0.01095972296 0.09930771777 0.4967004952 -0.001410764179 0.02527141917 0.2533083107 -0.9979628258 -0.01646306452 -0.06163737359 0.008163391213 0.925238014 -0.3792993232 0.06327367035 -0.3790297944 -0.9232187485 5.251464962e-05 -0.1160786681 0
0.4042860504 0.3331600056 -0.08861141653 -0.01129273555 0.1007566468 0.496296388 -0.001454068975 0.0256531933 0.2532563825 -0.9978371368 -0.01720998176 -0.06344182306 0.008531523885 0.9230503084 -0.3845846346 0.0651786889 -0.3842940861 -0.9209070495 5.442718969e-05 -0.117853184 0
0.410373387 0.338176397 -0.08994563897 -0.01163051885 0.1022024655 0.4958864916 -0.001498021046 0.02603476047 0.253203678 -0.9977058033 -0.01797823831 -0.0652680091 0.008910000539 0.9208363026 -0.3898475545 0.06710992442 -0.3895347055 -0.9185635369 5.638476959e-05 -0.1196276998 0
0.4164607236 0.3431927885 -0.09127986141 -0.01197306032 0.1036451298 0.4954708213 -0.001542619955 0.02641611762 0.253150198 -0.9975686663 -0.01876806704 -0.06711568932 0.009298923142 0.9185962918 -0.3950878165 0.06906725796 -0.3947513298 -0.9161883548 5.838799942e-05 -0.1214022157 0
0.4225480602 0.34820918 -0.09261408384 -0.01232034725 0.1050845961 0.4950493924 -0.001587865257 0.02679726171 0.2530959427 -0.9974255651 -0.0195796971 -0.0689846186 0.009698391382 0.9163305748 -0.4003051573 0.07105056894 -0.3999436375 -0.9137816498 6.043749225e-05 -0.1231767315 0
0.4286353969 0.3532255715 -0.09394830628 -0.01267236673 0.1065208208 0.4946222205 -0.001633756502 0.02717818967 0.2530409129 -0.9972763375 -0.02041335382 -0.07087454916 0.01010850264 0.9140394534 -0.4054993167 0.0730597352 -0.405111309 -0.9113435699 6.2533864e-05 -0.1249512474 0
0.4339618164 0.357614914 -0.09511575092 -0.01298425569 0.107774824 0.4942437467 -0.001674440858 0.02751132194 0.2529921269 -0.997140609 -0.02116104642 -0.0725452692 0.01047615538 0.9120141223 -0.410024988 0.07483886782 -0.4096125618 -0.9091846309 6.440713095e-05 -0.1265039487 0
0.440049153 0.3626313055 -0.09644997335 -0.01334511337 0.1092048534 0.4938058498 -0.001721542011 0.02789183643 0.2529356462 -0.9969794514 -0.0220365971 -0.0744739001 0.01090647666 0.9096761924 -0.4151749917 0.0768961779 -0.4147331833 -0.9066881297 6.659307029e-05 -0.1282784646 0
0.4461364896 0.367647697 -0.09778419579 -0.01371066559 0.1106315165 0.4933622561 -0.001769287777 0.02827212602 0.2528783926 -0.9968116922 -0.02293480078 -0.07642280528 0.01134770787 0.9073137434 -0.4203010831 0.07897898315 -0.4198282576 -0.9041606906 6.882767433e-05 -0.1300529804 0
0.4522238262 0.3726640885 -0.09911841823 -0.01408089879 0.1120547702 0.4929129822 -0.00181767768 0.02865218767 0.2528203665 -0.996637163 -0.0238558677 -0.07839172693 0.01179993727 0.9049270893 -0.4254030142 0.0810871553 -0.4248974706 -0.9016024693 7.111156911e-05 -0.1318274962 0
0.4583111628 0.3776804799 -0.1004526407 -0.01445579923 0.1134745715 0.4924580446 -0.001866711239 0.02903201833 0.2527615685 -0.9964556941 -0.02480000413 -0.08038040472 0.01226325064 0.9025165469 -0.4304805399 0.08322056447 -0.4299405102 -0.8990136235 7.344538306e-05 -0.1336020121 0
0.4636375824 0.3820698225 -0.1016200853 -0.01478765479 0.114714032 0.4920553414 -0.001910143219 0.02936417828 0.2527094876 -0.9962910815 -0.02564520679 -0.08213649749 0.01267780778 0.9003879777 -0.4349031648 0.08510789647 -0.4343314552 -0.8967233871 7.552891535e-05 -0.1351547135 0
0.469724919 0.387086214 -0.1029543077 -0.01517126871 0.1161272449 0.4915898301 -0.001960382312 0.02974356764 0.252649244 -0.9960961381 -0.02663314045 -0.08416150794 0.01316212641 0.8979335088 -0.4399342818 0.08728826964 -0.4393245835 -0.8940775516 7.795802947e-05 -0.1369292293 0
0.4758122556 0.3921026055 -0.1042885302 -0.01555950945 0.1175368827 0.4911187042 -0.002011263641 0.03012271728 0.2525882303 -0.9958937591 -0.02764471409 -0.08620551261 0.01365776208 0.8954560784 -0.4449403074 0.08949349785 -0.4442906497 -0.8914015551 8.043888198e-05 -0.1387037451 0
0.4818995922 0.3971189969 -0.1056227526 -0.01595236262 0.118942903 0.4906419811 -0.002062786699 0.03050162415 0.252526447 -0.9956837692 -0.02868011817 -0.08826824194 0.01416479101 0.8929560145 -0.4499210095 0.09172344525 -0.4492293478 -0.8886955624 8.297210973e-05 -0.140478261 0
0.4879869288 0.4021353884 -0.1069569751 -0.01634981367 0.1203452637 0.4901596786 -0.002114950973 0.03088028523 0.2524638948 -0.9954659921 -0.02973953901 -0.09034942404 0.01468328694 0.8904336477 -0.4548761592 0.09397797449 -0.4541403736 -0.8859597403 8.555835159e-05 -0.1422527768 0
0.4933133483 0.406524731 -0.1081244197 -0.01670134346 0.1215692941 0.489733101 -0.002161120303 0.03121140967 0.2524085314 -0.9952689094 -0.03068637675 -0.09218537998 0.01514643341 0.8882085431 -0.4591907769 0.09597074323 -0.4584145834 -0.8835415588 8.786530502e-05 -0.1438054782 0
0.4994006849 0.4115411224 -0.1094586421 -0.01710737571 0.1229646796 0.4892403853 -0.002214485452 0.03158960173 0.2523445391 -0.9950360511 -0.03179131655 -0.09430042044 0.01568661978 0.8856452582 -0.4640974107 0.0982709879 -0.4632729097 -0.880750262 9.05526768e-05 -0.145579994 0
0.5054880216 0.4165575139 -0.1107928646 -0.01751796305 0.1243562847 0.488742142 -0.002268490308 0.0319675393 0.2522797797 -0.9947948911 -0.03292078526 -0.09643311965 0.01623847087 0.8830606352 -0.468977853 0.1005954111 -0.4681026986 -0.8779296252 9.329490979e-05 -0.1473545099 0
0.5115753582 0.4215739054 -0.112127087 -0.01793309029 0.125744068 0.4882383896 -0.002323134333 0.03234521935 0.2522142538 -0.9945452482 -0.03407495278 -0.09858319725 0.01680205045 0.8804550147 -0.4738318881 0.1029438696 -0.4729036526 -0.8750798221 9.609264985e-05 -0.1491290257 0
0.5176626948 0.4265902969 -0.1134613094 -0.01835274205 0.1271279878 0.4877291467 -0.002378416982 0.03272263887 0.2521479621 -0.9942869401 -0.03525398465 -0.1007503708 0.01737741967 0.8778287397 -0.4786593038 0.1053162188 -0.477675476 -0.8722010283 9.894654452e-05 -0.1509035416 0
0.5229891143 0.4309796394 -0.1146287541 -0.01872363667 0.1283357159 0.4872790701 -0.002427312739 0.03305266486 0.2520893292 -0.9940536681 -0.03630616093 -0.1026604481 0.01789058499 0.8755140772 -0.4828612922 0.1074115073 -0.4818266942 -0.8696584415 0.000101490277 -0.1524562429 0
0.5290764509 0.4359960309 -0.1159629765 -0.01915172993 0.1297122806 0.4867595836 -0.002483791321 0.03342958775 0.2520216033 -0.9937786172 -0.03753224456 -0.1048589082 0.01848821544 0.8728500076 -0.4876382369 0.1098282564 -0.4865431069 -0.8667257694 0.0001044512124 -0.1542307588 0
0.5351637875 0.4410124224 -0.1172971989 -0.01958430262 0.1310848634 0.4862346613 -0.002540906928 0.03380624145 0.2519531136 -0.9934943706 -0.03878364421 -0.1070736411 0.01909779664 0.8701662826 -0.4923879718 0.1122684721 -0.4912295488 -0.8637646211 0.0001074701728 -0.1560052746 0
0.5412511241 0.4460288139 -0.1186314214 -0.02002133875 0.1324534236 0.4857043227 -0.002598658992 0.03418262294 0.2518838605 -0.9932007417 -0.04006050843 -0.1093043565 0.01971937945 0.8674632541 -0.4971102984 0.1147320041 -0.4958857312 -0.860775179 0.0001105478116 -0.1577797904 0
0.5473384607 0.4510452053 -0.1199656438 -0.02046282216 0.1338179204 0.4851685874 -0.002657046937 0.03455872923 0.251813845 -0.9928975431 -0.04136298131 -0.1115507627 0.02035301203 0.8647412763 -0.5018050218 0.1172187006 -0.5005113673 -0.8577576274 0.0001136847835 -0.1595543063 0
0.5534257974 0.4560615968 -0.1212998663 -0.02090873651 0.1351783133 0.4846274752 -0.002716070183 0.03493455731 0.2517430676 -0.9925845864 -0.04269120246 -0.1138125656 0.02099873985 0.8620007053 -0.5064719508 0.1197284085 -0.5051061722 -0.8547121521 0.0001168817448 -0.1613288221 0
0.5587522169 0.4604509394 -0.1224673109 -0.02130253339 0.1363652589 0.484149607 -0.002768236206 0.03526317631 0.251680513 -0.9923025957 -0.04387462391 -0.1158040412 0.02157370723 0.8595877351 -0.5105325658 0.1219431578 -0.5091011127 -0.8520246025 0.0001197288128 -0.1628815235 0
0.5648395535 0.4654673309 -0.1238015333 -0.02175671124 0.1377178484 0.4835984671 -0.002828449051 0.03563847467 0.251608309 -0.9919708314 -0.04525148363 -0.1180939153 0.02224222665 0.8568132692 -0.5151468772 0.1244955941 -0.5136373477 -0.8489272772 0.000123040027 -0.1646560393 0
0.5709268901 0.4704837223 -0.1251357558 -0.02221527222 0.1390662184 0.4830420083 -0.00288929549 0.0360134862 0.2515353452 -0.9916287623 -0.04665446777 -0.1203983319 0.02292295677 0.8540212454 -0.5197328645 0.1270705935 -0.518141943 -0.8458025722 0.000126413124 -0.1664305552 0
0.5770142267 0.4755001138 -0.1264699782 -0.02267819941 0.1404103291 0.4824802512 -0.002950774917 0.03638820793 0.2514616223 -0.9912761967 -0.04808369833 -0.1227169905 0.02361593239 0.8512120276 -0.5242903507 0.1296679974 -0.5226146209 -0.84265068 0.0001298487646 -0.168205071 0
0.5831015633 0.4805165053 -0.1278042007 -0.0231454757 0.1417501408 0.4819132165 -0.003012886721 0.03676263687 0.2513871411 -0.9909129421 -0.04953929268 -0.1250495892 0.02432118557 0.8483859815 -0.5288191623 0.1322876457 -0.5270551062 -0.8394717946 0.0001333476108 -0.1699795869 0
0.5884279829 0.4849058478 -0.1289716453 -0.02355789652 0.1429189184 0.4814127483 -0.003067752809 0.03709001965 0.2513213485 -0.990586174 -0.05083465306 -0.1271018096 0.02494837659 0.8458996754 -0.5327582169 0.1345979586 -0.5309139075 -0.836668281 0.0001364614709 -0.1715322882 0
0.5945153195 0.4899222393 -0.1303058677 -0.02403328076 0.144250563 0.4808358747 -0.003131048646 0.03746389156 0.2512454473 -0.990202356 -0.0523399798 -0.1294597264 0.0256767268 0.8430430678 -0.5372328094 0.1372588793 -0.5352932956 -0.8334393126 0.0001400806158 -0.1733068041 0
0.6006026561 0.4949386308 -0.1316400902 -0.02451296409 0.1455777956 0.4802537842 -0.003194975064 0.03783746209 0.25116879 -0.9898072915 -0.05387198199 -0.1318307064 0.02641743106 0.8401706928 -0.5416782498 0.1399415769 -0.5396397099 -0.8301839185 0.0001437648754 -0.1750813199 0
0.6066899927 0.4999550223 -0.1329743126 -0.02499692881 0.1469005769 0.4796664982 -0.003259531426 0.0382107283 0.2510913771 -0.9894007856 -0.05543075896 -0.1342144419 0.02717051053 0.8372829225 -0.5460943792 0.1426458861 -0.5439528827 -0.8269022993 0.0001475149159 -0.1768558358 0
0.6127773293 0.5049714138 -0.134308535 -0.02548515708 0.1482188684 0.4790740385 -0.003324717091 0.03858368719 0.2510132097 -0.9889826424 -0.05701640534 -0.1366106237 0.02793598353 0.8343801307 -0.5504810427 0.1453716403 -0.5482325484 -0.823594657 0.000151331404 -0.1786303516 0
0.6181037488 0.5093607563 -0.1354759797 -0.02591584009 0.1493686598 0.4785514094 -0.003382270262 0.0389097718 0.2509441946 -0.9886070667 -0.05842595805 -0.1387172485 0.0286159512 0.8318281603 -0.554295083 0.1477741349 -0.5519495621 -0.8206792832 0.0001547258641 -0.180183053 0
0.6241910854 0.5143771478 -0.1368102021 -0.02641201384 0.1506784287 0.4779493079 -0.003448634113 0.0392821465 0.2508646142 -0.9881665744 -0.06006222321 -0.1411359292 0.0294047015 0.8288982154 -0.5586260933 0.150539645 -0.5561656929 -0.8173233983 0.0001586687426 -0.1819575688 0
0.6302784221 0.5193935393 -0.1381444245 -0.02691239897 0.151983597 0.477342096 -0.003515625383 0.03965420537 0.2507842814 -0.9877138794 -0.06172560349 -0.1435661603 0.03020588208 0.8259543312 -0.5629272133 0.1533261138 -0.5603475641 -0.8139420804 0.0001626799912 -0.1837320846 0
0.6363657587 0.5244099307 -0.139478647 -0.02741697703 0.1532841267 0.476729796 -0.003583243406 0.04002594546 0.2507031969 -0.987248784 -0.06341617513 -0.1460076276 0.03101950017 0.822996887 -0.5671983028 0.1561333699 -0.5644949183 -0.8105355378 0.0001667602803 -0.1855066005 0
0.6424530953 0.5294263222 -0.1408128694 -0.02792572943 0.15457998 0.4761124305 -0.003651487507 0.04039736381 0.2506213616 -0.9867710902 -0.06513400958 -0.148460016 0.03184556012 0.8200262629 -0.5714392255 0.1589612401 -0.5686074999 -0.8071039804 0.000170910281 -0.1872811163 0
0.6477795148 0.5338156648 -0.1419803141 -0.02837429732 0.1557099857 0.4755680982 -0.003711714141 0.04072208862 0.2505491404 -0.9863426177 -0.06665953126 -0.150614566 0.03257857 0.8174164551 -0.5751251826 0.1614523997 -0.5721772852 -0.8040810139 0.000174599245 -0.1888338177 0
0.6538668514 0.5388320562 -0.1433145365 -0.02889082601 0.1569969691 0.4749412962 -0.003781130303 0.04109289576 0.2504658995 -0.9858407671 -0.06842865932 -0.1530865783 0.03342796008 0.814422148 -0.5793091889 0.1643184511 -0.5762239872 -0.8006031247 0.0001788817664 -0.1906083335 0
0.659954188 0.5438484477 -0.1446487589 -0.02941147477 0.1582791681 0.4743094946 -0.003851170573 0.0414633727 0.2503819101 -0.9853257471 -0.0702252288 -0.1555685998 0.03428978838 0.8114157608 -0.5834626583 0.1672046125 -0.5802351941 -0.7971008325 0.000183235933 -0.1923828494 0
0.6660415246 0.5488648392 -0.1459829814 -0.02993622445 0.1595565456 0.4736727166 -0.003921834254 0.04183351648 0.250297173 -0.9847973585 -0.07204929248 -0.1580603114 0.03516404801 0.8083976779 -0.5875854696 0.1701107061 -0.5842106588 -0.793574353 0.0001876624188 -0.1941573652 0
0.6721288612 0.5538812307 -0.1473172038 -0.03046505575 0.1608290646 0.4730309855 -0.003993120642 0.04220332419 0.2502116892 -0.984255402 -0.07390089825 -0.1605613931 0.03605072915 0.8053682848 -0.5916775057 0.1730365529 -0.5881501365 -0.7900239036 0.0001921618984 -0.1959318811 0
0.6782161979 0.5588976222 -0.1486514262 -0.03099794922 0.1620966884 0.4723843251 -0.004065029027 0.04257279287 0.2501254594 -0.9836996778 -0.07578008918 -0.163071524 0.03694981909 0.8023279678 -0.5957386532 0.1759819727 -0.5920533845 -0.7864497029 0.000196735047 -0.1977063969 0
0.6835426174 0.5632869647 -0.1498188709 -0.03146754784 0.1632018149 0.4718144723 -0.004128458533 0.04289579757 0.2500493971 -0.9832019685 -0.07744703982 -0.1652750589 0.03774668963 0.7996590338 -0.5992667329 0.1785751284 -0.5954388178 -0.7833029668 0.0002007975151 -0.1992590983 0
0.689629954 0.5683033562 -0.1511530933 -0.03200800495 0.1644601619 0.4711586334 -0.004201531227 0.04326462271 0.249961771 -0.982619892 -0.07937805197 -0.1678012896 0.03866900153 0.7965992785 -0.6032696726 0.1815567576 -0.5992734888 -0.779684827 0.0002055106154 -0.2010336141 0
0.6957172906 0.5733197477 -0.1524873158 -0.0325524675 0.1657135091 0.470497934 -0.004275223844 0.04363310043 0.2498734014 -0.9820234735 -0.08133674587 -0.1703356428 0.0396036693 0.7935297142 -0.6072414199 0.184557435 -0.6030712449 -0.7760435727 0.0002102993297 -0.20280813 0
0.7018046272 0.5783361392 -0.1538215382 -0.0331009155 0.1669618207 0.4698323983 -0.004349535648 0.0440012278 0.2497842892 -0.9814125134 -0.08332314564 -0.1728777948 0.04055066884 0.79045073 -0.611181877 0.1875769757 -0.6068318522 -0.7723794283 0.0002151643355 -0.2045826458 0
0.7078919638 0.5833525306 -0.1551557606 -0.0336533288 0.1682050607 0.4691620508 -0.004424465899 0.04436900193 0.2496944352 -0.9807868117 -0.0853372705 -0.1754274214 0.04150997312 0.7873627155 -0.6150909497 0.1906151936 -0.6105550791 -0.7686926196 0.0002201063109 -0.2063571616 0
0.7132183834 0.5877418732 -0.1563232053 -0.03413992729 0.1692887077 0.4685715688 -0.004490536603 0.04469051222 0.2496152053 -0.9802270731 -0.08712238436 -0.1776642207 0.04235943459 0.7846536018 -0.6184855726 0.1932888085 -0.6137820585 -0.7654482485 0.000224494212 -0.207909863 0
0.71930572 0.5927582647 -0.1576574277 -0.03469972076 0.1705223431 0.4678922655 -0.004566624428 0.04505761615 0.2495239631 -0.9795731927 -0.08918852847 -0.180226986 0.04334172713 0.7815497073 -0.6223355603 0.196361541 -0.6174345806 -0.7617195572 0.0002295823351 -0.2096843788 0
0.7253930566 0.5977746561 -0.1589916501 -0.03526342085 0.1717508055 0.4672082216 -0.004643328539 0.04542435847 0.2494319818 -0.9789039968 -0.09128242556 -0.1827962906 0.04433623027 0.7784379054 -0.6261539157 0.1994524098 -0.6210490691 -0.7579688582 0.0002347493805 -0.2114588947 0
0.7314803932 0.6027910476 -0.1603258726 -0.03583100688 0.1729740599 0.4665194621 -0.004720648171 0.04579073628 0.2493392622 -0.9782192859 -0.09340407579 -0.1853718083 0.04534290556 0.7753185871 -0.6299405602 0.2025612243 -0.6246253014 -0.7541963824 0.0002399960281 -0.2132334105 0
0.7375677298 0.6078074391 -0.161660095 -0.03640245805 0.1741920714 0.4658260123 -0.004798582555 0.0461567467 0.2492458053 -0.9775188609 -0.09555347442 -0.1879532125 0.0463617116 0.772192144 -0.6336954193 0.2056877932 -0.6281630571 -0.7504023624 0.0002453229585 -0.2150079264 0
0.7428941493 0.6121967816 -0.1628275397 -0.03690563196 0.1752535037 0.4652154162 -0.004867278819 0.04647670216 0.2491634265 -0.9768929422 -0.09745695309 -0.190216513 0.04726308311 0.7694509695 -0.6369547915 0.2084379536 -0.6312268592 -0.7470651054 0.000250050415 -0.2165606277 0
0.7489814859 0.6172131731 -0.1641617621 -0.03748427366 0.1764615923 0.4645132408 -0.004946363766 0.04684201591 0.2490685897 -0.9761625173 -0.09965834998 -0.1928080731 0.04830451247 0.7663122231 -0.640649866 0.2115972917 -0.6346918859 -0.7432313207 0.0002555297116 -0.2183351436 0
0.7550688226 0.6222295646 -0.1654959845 -0.0380667199 0.1776643395 0.4638064486 -0.005026061216 0.04720695397 0.2489730183 -0.9754158073 -0.1018874541 -0.1954045794 0.04935793714 0.7631674781 -0.6443129631 0.2147738275 -0.638117816 -0.7393766671 0.0002610912501 -0.2201096594 0
0.7611561592 0.6272459561 -0.166830207 -0.03865294934 0.1788617113 0.4630950655 -0.005106370376 0.04757151346 0.2488767132 -0.974652614 -0.1041442417 -0.1980057042 0.05042330431 0.7600171264 -0.6479440238 0.2179673653 -0.6415044384 -0.7355013821 0.0002667357127 -0.2218841753 0
0.7672434958 0.6322623476 -0.1681644294 -0.03924294052 0.1800536742 0.4623791176 -0.005187290446 0.04793569149 0.2487796754 -0.97387274 -0.106428684 -0.2006111199 0.05150055822 0.7568615598 -0.6515429931 0.2211777084 -0.6448515446 -0.7316057044 0.0002724637818 -0.2236586911 0
0.7725699153 0.6366516901 -0.169331874 -0.03976225163 0.1810921784 0.4617489393 -0.005258596011 0.04825403211 0.248694167 -0.9731765119 -0.10845023 -0.2028941209 0.05245286015 0.7540964691 -0.654665726 0.2240003887 -0.6477476846 -0.7281804467 0.0002775449627 -0.2252113925 0
0.7786572519 0.6416680816 -0.1706660965 -0.04035923776 0.1822739096 0.4610245031 -0.005340659359 0.0486174872 0.248595758 -0.9723648305 -0.11078643 -0.2055066988 0.05355224116 0.7509321801 -0.6582043895 0.2272417079 -0.651020144 -0.7242471804 0.0002834316353 -0.2269859083 0
0.7847445885 0.6466844731 -0.1720003189 -0.04095992319 0.1834501362 0.4602955778 -0.005423331285 0.04898055261 0.2484966191 -0.971535903 -0.1131501744 -0.2081226255 0.05466333222 0.7477638017 -0.6617108258 0.230499261 -0.6542525009 -0.7202942147 0.0002894038788 -0.2287604242 0
0.7908319251 0.6517008646 -0.1733345414 -0.04156428597 0.1846208254 0.4595621901 -0.005506610963 0.04934322547 0.2483967511 -0.9706895336 -0.1155414155 -0.2107415732 0.05578606621 0.7445917248 -0.6651849954 0.2337728475 -0.6574445563 -0.716321793 0.0002954623773 -0.23053494 0
0.7969192618 0.656717256 -0.1746687638 -0.04217230398 0.1857859448 0.4588243669 -0.005590497564 0.04970550294 0.2482961553 -0.9698255273 -0.1179601005 -0.2133632145 0.05692037305 0.7414163402 -0.6686268628 0.2370622656 -0.6605961135 -0.7123301601 0.0003016078148 -0.2323094558 0
0.8030065984 0.6617336475 -0.1760029862 -0.04278395503 0.1869454619 0.458082135 -0.005674990254 0.05006738217 0.2481948325 -0.9689436897 -0.1204061716 -0.215987222 0.05806617977 0.7382380379 -0.6720363965 0.2403673127 -0.6637069784 -0.7083195619 0.000307840876 -0.2340839717 0
0.8083330179 0.6661229901 -0.1771704309 -0.04332211235 0.1879554185 0.4574290869 -0.005749417877 0.05038369757 0.2481055794 -0.9681573022 -0.1225689001 -0.2182849124 0.05907813456 0.7354549364 -0.674993193 0.2432718896 -0.6663954541 -0.7047949251 0.0003133672216 -0.235636673 0
0.8144203545 0.6711393815 -0.1785046533 -0.043940515 0.1891043449 0.456678662 -0.005835044708 0.05074482244 0.2480028963 -0.9672415092 -0.125066148 -0.2209124749 0.0602452967 0.7322722134 -0.6783420301 0.2466056917 -0.6694295065 -0.7007494336 0.000319766423 -0.2374111889 0
0.8205076911 0.676155773 -0.1798388757 -0.04456248611 0.1902475774 0.4559239068 -0.005921275191 0.05110554089 0.2478994891 -0.9663073297 -0.1275905891 -0.2235414639 0.06142373267 0.7290876915 -0.6816584652 0.249954535 -0.6724223224 -0.6966856901 0.0003262552175 -0.2391857047 0
0.8265950277 0.6811721645 -0.1811730982 -0.04518800298 0.1913850843 0.4551648489 -0.006008108467 0.05146585011 0.2477953588 -0.9653545723 -0.1301421468 -0.226171553 0.06261335825 0.7259017587 -0.6849424823 0.2533182132 -0.6753737176 -0.6926039449 0.0003328342906 -0.2409602206 0
0.8326823643 0.686188556 -0.1825073206 -0.04581704279 0.1925168347 0.4544015159 -0.006095543671 0.05182574727 0.2476905066 -0.9643830461 -0.1327207397 -0.2288024164 0.06381408628 0.7227148021 -0.6881940695 0.256696519 -0.6782835101 -0.6885044495 0.0003395043281 -0.2427347364 0
