0.008084819251 0.004237415466 -0.0001477904959 -2.91198061e-06 0.002061614594 0.5099944441 -3.657956475e-07 0.0005136557359 0.2549993099 -0.9999999999 -9.044949968e-08 -1.695835086e-05 4.597122689e-08 0.9999676442 -0.00804428456 1.695852976e-05 -0.008044284559 -0.9999676441 3.537499836e-08 -0.0001965613596 0
0.0151696385 0.007950710931 -0.0002773009918 -1.025164955e-05 0.003868163262 0.5099804403 -1.294908273e-06 0.000965564972 0.2549975569 -0.9999999982 -6.000119341e-07 -5.969996779e-05 3.01111594e-07 0.9998860933 -0.01509305977 5.970222358e-05 -0.01509305976 -0.9998860915 5.663148221e-08 -0.0003688103191 0
0.02225445775 0.0116640064 -0.0004068114877 -2.206327525e-05 0.005674588182 0.5099579042 -2.795948902e-06 0.001418069738 0.2549947245 -0.9999999917 -1.895732263e-06 -0.0001284773436 9.493337764e-07 0.9997548607 -0.02214087896 0.0001284878219 -0.02214087889 -0.9997548524 3.529636345e-08 -0.0005410592787 0
0.029339277 0.01537730186 -0.0005363219836 -3.834640426e-05 0.007480831567 0.5099268366 -4.868124606e-06 0.001870627414 0.2549908145 -0.9999999751 -4.344620851e-06 -0.0002232792858 2.174148735e-06 0.9995739601 -0.02918729576 0.0002233109676 -0.02918729551 -0.9995739352 2.223995097e-08 -0.0007133082382 0
0.03642409625 0.01909059733 -0.0006658324795 -5.910041149e-05 0.009286835636 0.5098872388 -7.510676182e-06 0.002323118807 0.2549858281 -0.9999999408 -8.313510479e-06 -0.0003440903662 4.158983678e-06 0.9993434105 -0.03623186398 0.0003441656541 -0.03623186326 -0.9993433512 1.06822986e-07 -0.0008855571978 0
0.04439451791 0.02326805473 -0.0008115317874 -8.779176757e-05 0.01131823223 0.5098324968 -1.116482785e-05 0.002832078054 0.2549789329 -0.9999998693 -1.505183498e-05 -0.0005110672346 7.528630138e-06 0.999024726 -0.04415423831 0.0005112334063 -0.04415423639 -0.9990245953 2.317078549e-07 -0.001079337277 0
0.05147933716 0.02698135019 -0.0009410422833 -0.000118043532 0.01312353595 0.5097747777 -1.501831176e-05 0.003284411151 0.2549716615 -0.9999997637 -2.346758512e-05 -0.0006870771845 1.1737005e-05 0.9986887583 -0.05119339786 0.0006873776457 -0.05119339383 -0.998688522 3.669848619e-07 -0.001251586237 0
0.05856415641 0.03069464566 -0.001070552779 -0.0001527631153 0.01492841987 0.5097085341 -1.944140215e-05 0.003736681473 0.2549633153 -0.9999996042 -3.454792231e-05 -0.0008890207882 1.727777677e-05 0.9983032337 -0.0582293161 0.0008895240296 -0.05822930841 -0.998302838 5.242393669e-07 -0.001423835196 0
0.06564897566 0.03440794112 -0.001200063275 -0.0001919491845 0.01673282627 0.5096337686 -2.443400673e-05 0.00418889404 0.2549538944 -0.9999993751 -4.865835004e-05 -0.001116865175 2.433374573e-05 0.9978681926 -0.06526154807 0.001117659753 -0.06526153447 -0.9978675678 7.03069886e-07 -0.001596084156 0
0.07361939732 0.03858539852 -0.001345762583 -0.0002413704794 0.01876214083 0.5095394748 -3.073133787e-05 0.004697567416 0.2549420116 -0.9999990119 -6.860897993e-05 -0.001404103298 3.431016924e-05 0.9973196402 -0.07316784931 0.001405359767 -0.07316782519 -0.9973186523 9.298060246e-07 -0.001789864235 0
0.08070421657 0.04229869399 -0.001475273079 -0.0002900426237 0.02056534093 0.5094466103 -3.693390863e-05 0.005149664015 0.2549303076 -0.9999985732 -9.036973293e-05 -0.001686858459 4.519184731e-05 0.9967795333 -0.08019077256 0.001688672806 -0.08019073437 -0.996778107 1.153977674e-06 -0.001962113195 0
0.08778903582 0.04601198945 -0.001604783575 -0.0003431759845 0.02236788326 0.5093452339 -4.37057626e-05 0.005601706066 0.2549175294 -0.9999980025 -0.0001162995102 -0.001995384521 5.815843368e-05 0.9961900686 -0.08720862203 0.001997924563 -0.08720856388 -0.9961880719 1.399438254e-06 -0.002134362155 0
0.09487385507 0.04972528492 -0.001734294071 -0.0004007685223 0.02416971021 0.5092353497 -5.104682556e-05 0.006053692291 0.2549036771 -0.9999972756 -0.0001467615278 -0.00232963125 7.339164985e-05 0.9955513077 -0.09422095487 0.002333095448 -0.09422086915 -0.9955485847 1.666223038e-06 -0.002306611114 0
0.1019586743 0.05343858039 -0.001863804567 -0.0004628180268 0.02597076418 0.5091169617 -5.895701977e-05 0.006505620814 0.2548887509 -0.9999963666 -0.0001821183038 -0.002689544217 9.1072888e-05 0.994863317 -0.1012273289 0.00269416423 -0.101227206 -0.9948596857 1.954396057e-06 -0.002478860074 0
0.109929096 0.05761603779 -0.002009503875 -0.0005379482153 0.02799595427 0.5089736163 -6.853617559e-05 0.007013968544 0.2548706754 -0.999995091 -0.00022819585 -0.003125052338 0.0001141158292 0.9940305721 -0.1091018272 0.003131294148 -0.1091016483 -0.9940256663 2.304263234e-06 -0.002672640153 0
0.1170139152 0.06132933325 -0.00213901437 -0.0006094606536 0.02979517459 0.5088371734 -7.765549526e-05 0.007465766399 0.2548534676 -0.9999936988 -0.0002751541459 -0.003539306249 0.0001375997352 0.9932382127 -0.1160940736 0.003547317978 -0.1160938291 -0.9932319162 2.638190266e-06 -0.002844889113 0
0.1240987345 0.06504262872 -0.002268524866 -0.0006854220491 0.03159344218 0.5086922421 -8.734367354e-05 0.007917498396 0.2548351865 -0.9999920298 -0.0003281349539 -0.003979029373 0.0001640961012 0.9923968645 -0.123078984 0.003989162791 -0.123078656 -0.9923889011 2.993824219e-06 -0.003017138072 0
0.1311835537 0.06875592418 -0.002398035362 -0.0007658294866 0.0333906996 0.508538828 -9.760061259e-05 0.008369161488 0.2548158321 -0.9999900496 -0.0003874973218 -0.004444150075 0.0001937846829 0.9915066153 -0.1300561194 0.004456800597 -0.1300556865 -0.9914966744 3.371294441e-06 -0.003189387032 0
0.138268373 0.07246921965 -0.002527545858 -0.0008506798805 0.03518688945 0.5083769368 -0.0001084262092 0.008820752494 0.2547954047 -0.9999877219 -0.0004535993145 -0.004934592568 0.000226844772 0.9905675578 -0.1370250416 0.004950201774 -0.1370244786 -0.9905552926 3.770740915e-06 -0.003361635991 0
0.1462387946 0.07664667705 -0.002673245166 -0.0009514432343 0.03720625555 0.5081846844 -0.0001212845934 0.009328702129 0.2547711415 -0.9999846401 -0.0005364645107 -0.005516508154 0.0002682899864 0.9894528987 -0.1448547176 0.005536034399 -0.1448539726 -0.9894375569 4.246573541e-06 -0.003555416071 0
0.1533236139 0.08035997251 -0.002802755662 -0.001045723888 0.03899998645 0.5080048006 -0.0001333182197 0.00978012898 0.2547484347 -0.9999814441 -0.000618072279 -0.00606048895 0.0003091075629 0.9884104544 -0.1518047367 0.006084076936 -0.1518037932 -0.9883919225 4.693228304e-06 -0.00372766503 0
0.1604084331 0.08407326798 -0.002932266158 -0.001144436758 0.04079247073 0.5078164604 -0.0001459201456 0.01023147327 0.2547246555 -0.9999777741 -0.000707531677 -0.006629528093 0.0003538536568 0.9873195241 -0.15874518 0.006657779765 -0.1587439977 -0.9872973297 5.162357385e-06 -0.00389991399 0
0.1674932524 0.08778656344 -0.003061776654 -0.001247578058 0.04258365119 0.507619671 -0.0001590902451 0.01068273152 0.2546998042 -0.9999735858 -0.0008051961295 -0.007223532807 0.0004027053713 0.9861802213 -0.1656756138 0.007257106545 -0.1656741465 -0.9861538478 5.654137976e-06 -0.004072162949 0
0.175463674 0.09196402084 -0.003207475962 -0.001368900444 0.04459709958 0.5073881927 -0.0001745855879 0.01119028986 0.2546705653 -0.9999681962 -0.0009253146719 -0.007921509 0.0004627907969 0.9848408332 -0.1734598485 0.007961930467 -0.1734579978 -0.9848090834 6.234697825e-06 -0.004265943029 0
0.1825484933 0.09567731631 -0.003336986458 -0.001481438806 0.04638531977 0.507173474 -0.0001889626123 0.01164135362 0.2546434367 -0.9999627495 -0.0010415825 -0.008568238855 0.0005209522356 0.9835991388 -0.1803675768 0.00861558007 -0.1803653217 -0.9835619566 6.775238025e-06 -0.004438191989 0
0.1896333126 0.09939061177 -0.003466496953 -0.00159839267 0.04817205778 0.5069503307 -0.0002039073801 0.01209232029 0.2546152368 -0.9999566327 -0.001167151432 -0.009239618065 0.0005837687786 0.9823094589 -0.1872639477 0.009294729607 -0.1872612203 -0.9822661774 7.339034881e-06 -0.004610440948 0
0.1967181318 0.1031039072 -0.003596007449 -0.001719757549 0.04995725666 0.5067187714 -0.0002194197424 0.01254318629 0.2545859659 -0.9999497932 -0.001302369323 -0.009935537083 0.0006514149022 0.9809719278 -0.1941485323 0.009999336058 -0.1941452569 -0.9809218279 7.926297847e-06 -0.004782689908 0
0.2038029511 0.1068172027 -0.003725517945 -0.001845528788 0.05174085952 0.5064788049 -0.0002354995441 0.01299394803 0.2545556243 -0.9999421767 -0.001447582541 -0.01065588233 0.00072406438 0.9795866843 -0.2010209035 0.01072935479 -0.2010169954 -0.9795289932 8.537243789e-06 -0.004954938867 0
0.2117733727 0.1109946601 -0.003871217253 -0.001992282397 0.05374543426 0.5061988049 -0.0002542673886 0.01350092584 0.2545202105 -0.9999326089 -0.001623324233 -0.01149532114 0.0008119910482 0.9779714338 -0.208737192 0.01158094384 -0.208732459 -0.9779042092 9.253145892e-06 -0.005148718947 0
0.218858192 0.1147079556 -0.004000727749 -0.002127400926 0.05552545704 0.5059410041 -0.0002715524594 0.01395145399 0.2544875947 -0.9999231515 -0.001790920453 -0.01226717671 0.0008958462831 0.9764852859 -0.2155821973 0.01236480812 -0.2155766197 -0.9764086402 9.915171287e-06 -0.005320967906 0
0.2259430112 0.118421251 -0.004130238245 -0.002266910182 0.05730370649 0.505674826 -0.0002894044494 0.01440186654 0.2544539093 -0.9999127346 -0.001969584211 -0.01306307779 0.0009852431109 0.974951892 -0.2224136633 0.01317393485 -0.2224071246 -0.9748648719 1.060160373e-05 -0.005493216866 0
0.2330278305 0.1221345465 -0.004259748741 -0.002410804817 0.05908012604 0.5054002808 -0.0003078231805 0.01485215985 0.2544191544 -0.9999012957 -0.002159655165 -0.01388289437 0.001080352142 0.9733714112 -0.2292311688 0.01400827276 -0.2292235411 -0.973273002 1.131268935e-05 -0.005665465825 0
0.2401126497 0.125847842 -0.004389259237 -0.002559079312 0.06085465916 0.505117379 -0.0003268084689 0.01530233028 0.2543833305 -0.9998887708 -0.002361471217 -0.01472649247 0.001181343155 0.9717440076 -0.2360342944 0.01486776901 -0.2360254375 -0.9716331315 1.204868109e-05 -0.005837714785 0
0.2480830714 0.1300252994 -0.004534958545 -0.002731116338 0.06284868381 0.5047891392 -0.0003488438953 0.01580862056 0.2543417513 -0.9998732997 -0.002602971729 -0.01570379487 0.001302199148 0.9698573017 -0.243670102 0.0158647065 -0.2436596783 -0.9697310309 1.290676595e-05 -0.006031494864 0
0.2551678906 0.1337385948 -0.004664469041 -0.002888678956 0.06461902103 0.5044885161 -0.000369032482 0.01625851772 0.254303657 -0.9998582451 -0.002830859694 -0.01659746605 0.001416249156 0.9681307541 -0.2504412851 0.01677748146 -0.2504292899 -0.9679895076 1.369655353e-05 -0.006203743824 0
0.2622527099 0.1374518903 -0.004793979536 -0.003050603116 0.06638729578 0.5041795713 -0.0003897870153 0.01670828055 0.2542644949 -0.9998418919 -0.00307153676 -0.01751447493 0.001536706078 0.9663578274 -0.2571967884 0.01771523933 -0.2571830381 -0.9662003184 1.451208041e-05 -0.006375992783 0
0.2693375291 0.1411651858 -0.004923490032 -0.003216882613 0.06815345188 0.5038623166 -0.0004111072882 0.01715790541 0.2542242653 -0.9998241682 -0.00332533301 -0.01845467151 0.001663736005 0.9645387055 -0.2639361997 0.01867792073 -0.263920495 -0.9643635765 1.535362654e-05 -0.006548241743 0
0.2773079508 0.1453426432 -0.00506918934 -0.003409145093 0.07013777524 0.5034954875 -0.0004357685657 0.01766356387 0.2541777316 -0.9998024989 -0.003626943698 -0.01953991748 0.001814707042 0.9624372107 -0.2714982915 0.0197906527 -0.2714801295 -0.9622405465 1.633182366e-05 -0.006742021823 0
0.28439277 0.1490559386 -0.005198699836 -0.003584658314 0.07189924317 0.5031606153 -0.0004582903219 0.01811288335 0.254135235 -0.999781616 -0.00390970486 -0.02052887231 0.001956251679 0.960520556 -0.278202147 0.02080609213 -0.2781815517 -0.9603031453 1.722961868e-05 -0.006914270782 0
0.2914775893 0.1527692341 -0.005328210332 -0.003764506406 0.07365841755 0.5028174723 -0.0004813771342 0.01856205338 0.2540916723 -0.9997591262 -0.004206603405 -0.02154052138 0.002104882078 0.9585583109 -0.2848886345 0.02184625929 -0.2848653525 -0.9583185649 1.815434774e-05 -0.007086519742 0
0.2985624085 0.1564825296 -0.005457720828 -0.003948682479 0.07541524259 0.5024660717 -0.0005050287725 0.01901107031 0.2540470439 -0.9997349504 -0.004517960721 -0.02257469899 0.002260760227 0.9565506786 -0.2915573497 0.02291108829 -0.2915311086 -0.9562869312 1.910631603e-05 -0.007258768701 0
0.3056472278 0.160195825 -0.005587231324 -0.004137179477 0.07716966264 0.502106427 -0.0005292450006 0.01945993046 0.2540013502 -0.9997090074 -0.004844095959 -0.02363123567 0.002424047061 0.9544978669 -0.2982078906 0.02400051168 -0.2981783976 -0.9542083728 2.008583461e-05 -0.007431017661 0
0.3136176494 0.1643732824 -0.005732930632 -0.00435439446 0.07914044127 0.5016919895 -0.0005571628176 0.01996470616 0.2539486721 -0.999677606 -0.005229056778 -0.02484634974 0.002616799437 0.9521347149 -0.305667527 0.02525542498 -0.3056339995 -0.9518140689 2.122111892e-05 -0.00762479774 0
0.3207024687 0.1680865779 -0.005862441128 -0.004552049247 0.0808895663 0.5013148721 -0.0005825779901 0.02041322097 0.2539007162 -0.9996476305 -0.005587644276 -0.02594981983 0.002796359118 0.9499866078 -0.3122781218 0.02639688038 -0.3122406495 -0.9496362364 2.226024087e-05 -0.0077970467 0
0.3277872879 0.1717998734 -0.005991951624 -0.004754001851 0.08263611301 0.5009295546 -0.000608556979 0.02086156753 0.2538516967 -0.9996156231 -0.005961992078 -0.02707509555 0.002983823337 0.9477940002 -0.3188692992 0.02756270935 -0.3188275205 -0.9474119005 2.332792188e-05 -0.007969295659 0
0.3348721072 0.1755131688 -0.006121462119 -0.004960244538 0.08438002618 0.5005360518 -0.000635099525 0.02130974219 0.2538016138 -0.9995814955 -0.006352409582 -0.02822199223 0.003179348428 0.9455571186 -0.3254406663 0.02875283806 -0.3253941955 -0.9451412021 2.442449615e-05 -0.008141544619 0
0.3419569264 0.1792264643 -0.006250972615 -0.005170769413 0.08612125067 0.5001343787 -0.0006622053634 0.02175774126 0.2537504681 -0.9995451576 -0.006759203699 -0.02939032159 0.003383089547 0.943276194 -0.3319918322 0.02996719111 -0.3319402583 -0.942824285 2.555030325e-05 -0.008313793578 0
0.3499273481 0.1834039217 -0.006396671923 -0.005412718408 0.08807684593 0.4996727497 -0.0006933724051 0.02226152577 0.2536916595 -0.9995015215 -0.00723680113 -0.03073007183 0.003622310676 0.9406578021 -0.3393372633 0.03136219812 -0.3392794248 -0.9401626904 2.685220818e-05 -0.008507573658 0
0.3570121674 0.1871172172 -0.006526182419 -0.005632315968 0.08981217448 0.4992537664 -0.0007216743349 0.02270913956 0.2536382572 -0.9994601803 -0.007679402942 -0.03194330412 0.003844020527 0.9382840736 -0.3458442146 0.03262777059 -0.3457803118 -0.9377480496 2.804128645e-05 -0.008679822617 0
0.3640969866 0.1908305126 -0.006655692915 -0.00585616999 0.09154464285 0.4988266619 -0.0007505386935 0.02315656631 0.2535837937 -0.9994163368 -0.008139323887 -0.03317735765 0.00407442345 0.9358670526 -0.3523297587 0.03391732194 -0.3522592954 -0.9352876585 2.926069221e-05 -0.008852071577 0
0.3711818059 0.1945438081 -0.006785203411 -0.006084271909 0.09327419639 0.4983914525 -0.000779965193 0.02360380237 0.2535282696 -0.999369894 -0.008616860102 -0.03443202952 0.004313669516 0.9334069885 -0.3587935146 0.0352307705 -0.3587159651 -0.9327816729 3.051078613e-05 -0.009024320537 0
0.3791522275 0.1987212655 -0.006930902719 -0.006345953256 0.09521639213 0.497892175 -0.000813741573 0.02410671042 0.253464538 -0.999314416 -0.009175509311 -0.03586792356 0.004593576859 0.930588282 -0.3660387254 0.03673686109 -0.3659525372 -0.9299081372 3.195427907e-05 -0.009218100616 0
0.3862370468 0.2024345609 -0.007060413215 -0.006583052774 0.09693957082 0.4974397986 -0.00084436164 0.02455352908 0.253406762 -0.9992621203 -0.009691448704 -0.0371657197 0.004852106973 0.928037598 -0.3724549286 0.03810081307 -0.3723604337 -0.9273057939 3.327080501e-05 -0.009390349576 0
0.393321866 0.2061478564 -0.007189923711 -0.006824372378 0.09865966476 0.4969793704 -0.0008755429119 0.0250001456 0.2533479273 -0.9992069119 -0.01022591097 -0.0384834777 0.005119940791 0.9254446771 -0.3788481699 0.03948839725 -0.3787447431 -0.9246583618 3.46191772e-05 -0.009562598535 0
0.4004066853 0.2098611519 -0.007319434207 -0.00706990284 0.1003766198 0.4965109081 -0.0009072850776 0.02544655632 0.2532880343 -0.999148687 -0.01077918067 -0.03982098045 0.005397222924 0.9228097861 -0.3852180793 0.04089952573 -0.3851050608 -0.9219660085 3.599977582e-05 -0.009734847495 0
0.4074915045 0.2135744473 -0.007448944702 -0.00731963477 0.1020903821 0.4960344296 -0.0009395878205 0.02589275759 0.2532270837 -0.9990873407 -0.01135153945 -0.04117800749 0.005684096603 0.9201331961 -0.3915642892 0.04233410912 -0.3914409841 -0.9192289047 3.741298556e-05 -0.009907096454 0
0.4154619262 0.2177519047 -0.00759464401 -0.007605593362 0.1040144811 0.495488832 -0.0009765980697 0.02639447912 0.2531572509 -0.9990144618 -0.01201860737 -0.04272772177 0.006018470928 0.9170725315 -0.398674993 0.04397593818 -0.3985392391 -0.9160963878 3.904231161e-05 -0.01010087653 0
0.4225467454 0.2214652002 -0.007724154506 -0.007864221508 0.1057212799 0.4949953799 -0.001010090962 0.02684022319 0.253094055 -0.9989461258 -0.012632452 -0.04412549078 0.006326195796 0.9143082493 -0.4049696341 0.04546005969 -0.4048219935 -0.913264768 4.052611724e-05 -0.01027312549 0
0.4296315647 0.2251784957 -0.007853665002 -0.008127020755 0.1074247181 0.4944939694 -0.001044143406 0.0272857464 0.2530298034 -0.9988743295 -0.01326624654 -0.04554207384 0.006643950688 0.9115031413 -0.4112394453 0.04696734723 -0.4110791045 -0.9103889488 4.204376413e-05 -0.01044537445 0
0.4367163839 0.2288917911 -0.007983175498 -0.008393981059 0.1091247423 0.4939846198 -0.001078755063 0.0277310451 0.2529644969 -0.9987989615 -0.0139202601 -0.04697723696 0.006971872925 0.9086574953 -0.4174840707 0.04849770532 -0.4173101756 -0.9074691124 4.359565458e-05 -0.01061762341 0
0.4438012032 0.2326050866 -0.008112685994 -0.008665092218 0.1108212991 0.4934673506 -0.001113925585 0.02817611565 0.2528981359 -0.9987199088 -0.01459475868 -0.04843074296 0.007310098341 0.905771603 -0.4237031574 0.05005103702 -0.4235148122 -0.9045054436 4.518219497e-05 -0.01078987237 0
0.4517716248 0.236782544 -0.008258385302 -0.008975040939 0.112725715 0.4928759808 -0.001154160007 0.02867654277 0.2528222205 -0.9986264273 -0.01537838264 -0.05008756332 0.00770308465 0.9024772358 -0.4306686676 0.05182587326 -0.4304629416 -0.9011191568 4.700898148e-05 -0.01098365245 0
0.4588564441 0.2404958395 -0.008387895798 -0.009254938079 0.1144147277 0.4923419483 -0.00119051695 0.02912111641 0.2527536213 -0.9985391624 -0.01609728038 -0.05157924605 0.008063648439 0.8995068073 -0.4368323262 0.05342769537 -0.4366101021 -0.8980629711 4.867052029e-05 -0.01115590141 0
0.4659412633 0.2442091349 -0.008517406294 -0.009538953185 0.1161001076 0.4918000588 -0.001227431644 0.02956545052 0.2526839699 -0.9984478502 -0.01683747357 -0.05308851025 0.008434930096 0.8964970697 -0.4429693624 0.0550521788 -0.4427296054 -0.894963549 5.036800418e-05 -0.01132815037 0
0.4730260826 0.2479224304 -0.00864691679 -0.009827075412 0.1177818022 0.4912503331 -0.001264903723 0.03000954148 0.252613267 -0.9983523716 -0.01759921476 -0.05461510591 0.008817059119 0.8934483309 -0.4490794355 0.05669922065 -0.4488210641 -0.8918210868 5.210185539e-05 -0.01150039933 0
0.4809965042 0.2520998878 -0.008792616097 -0.01015610851 0.119669238 0.4906225511 -0.001307725592 0.03050884862 0.2525324702 -0.9982398281 -0.01848224035 -0.05635292738 0.00926007946 0.8899722695 -0.4559206186 0.05857897713 -0.4556399526 -0.8882346183 5.409643876e-05 -0.01169417941 0
0.4880813235 0.2558131833 -0.008922126593 -0.01045292164 0.121342927 0.4900562435 -0.001346380863 0.0309524108 0.2524595352 -0.9981350945 -0.01929059422 -0.05791550856 0.009665681834 0.8868416927 -0.4619722791 0.06027360743 -0.4616705373 -0.88500136 5.590898911e-05 -0.01186642837 0
0.4951661427 0.2595264787 -0.009051637089 -0.01075380701 0.1230127672 0.4894821663 -0.00138559233 0.03139571848 0.252385551 -0.9980258137 -0.0201212635 -0.05949462063 0.01008252593 0.8836731012 -0.4679959326 0.06199046539 -0.4676718775 -0.8817256927 5.775924949e-05 -0.01203867733 0
0.502250962 0.2632397742 -0.009181147585 -0.01105875313 0.1246787065 0.4889003413 -0.001425359603 0.03183876803 0.2523105182 -0.9979118612 -0.02097448663 -0.06109000135 0.01051073459 0.880466818 -0.4739912518 0.06372944228 -0.4736435931 -0.8784078238 5.964765674e-05 -0.01221092629 0
0.5093357812 0.2669530697 -0.009310658081 -0.01136774836 0.1263406932 0.4883107907 -0.001465682285 0.03228155582 0.2522344377 -0.9977931108 -0.02185049851 -0.06270138562 0.01095042897 0.8772231702 -0.4799579126 0.06549042792 -0.4795853057 -0.8750479635 6.157465103e-05 -0.01238317525 0
0.5173062029 0.2711305271 -0.009456357389 -0.01172019326 0.1282056393 0.48763834 -0.00151170869 0.03277937472 0.2521475957 -0.9976536232 -0.02286353949 -0.06453298842 0.01145896287 0.8735298154 -0.4866357507 0.06749770516 -0.486233401 -0.8712181929 6.378919545e-05 -0.01257695533 0
0.5243910221 0.2748438225 -0.009585867885 -0.01203775353 0.1298590553 0.4870324477 -0.001553210274 0.03322159429 0.2520692913 -0.9975242533 -0.02378874118 -0.06617748707 0.01192345901 0.8702078691 -0.4925404509 0.0693050873 -0.49211011 -0.8677698108 6.579966361e-05 -0.01274920429 0
0.5314758414 0.278557118 -0.009715378381 -0.01235932557 0.1315083579 0.4864189011 -0.001595265992 0.03366354081 0.2519899415 -0.9973896836 -0.02473744261 -0.06783714269 0.01239980859 0.8668496024 -0.498415501 0.07113412502 -0.4979556464 -0.8642801111 6.78501152e-05 -0.01292145325 0
0.5385606607 0.2822704135 -0.009844888877 -0.01268489712 0.1331534959 0.4857977236 -0.001637875424 0.03410521067 0.2519095472 -0.9972497829 -0.02570986378 -0.06951167873 0.01288812571 0.8634553567 -0.5042605906 0.07298470245 -0.5037696398 -0.860749315 6.99410035e-05 -0.01309370221 0
0.5456454799 0.2859837089 -0.009974399373 -0.01301445578 0.1347944185 0.4851689388 -0.001681038146 0.03454660026 0.2518281092 -0.9971044186 -0.02670622096 -0.07120081594 0.01338852275 0.8600254767 -0.510075413 0.07485670236 -0.5095517219 -0.857177646 7.207278479e-05 -0.01326595117 0
0.5536159016 0.2901611663 -0.01012009868 -0.01338995945 0.1366353543 0.4844524928 -0.001730257025 0.03504282406 0.251735245 -0.9969341867 -0.02785599826 -0.07311819721 0.01396604629 0.8561247011 -0.5165805317 0.07698816112 -0.5160179643 -0.8531109444 7.452049057e-05 -0.01345973125 0
0.5607007208 0.2938744618 -0.01024960918 -0.01372794881 0.1382671507 0.4838076227 -0.001774594049 0.03548360613 0.2516515918 -0.9967767672 -0.02890392039 -0.07483742276 0.01449247807 0.8526202582 -0.522330033 0.07890528841 -0.5217310214 -0.8494531751 7.67406979e-05 -0.0136319802 0
0.5677855401 0.2975877573 -0.01037911967 -0.01406988553 0.1398945736 0.4831552211 -0.001819482999 0.03592409668 0.2515668976 -0.9966134625 -0.02997643004 -0.07657036005 0.01503132938 0.8490812798 -0.5280483306 0.08084346314 -0.5274110294 -0.8457552486 7.900324286e-05 -0.01380422916 0
0.5748703593 0.3013010527 -0.01050863017 -0.01441575659 0.1415175729 0.4824953129 -0.001864923427 0.03636429211 0.2514811631 -0.9964441354 -0.03107372781 -0.07831671919 0.01558270515 0.8455081241 -0.5337351322 0.08280256255 -0.5330576286 -0.842017399 8.130859353e-05 -0.01397647812 0
0.582840781 0.3054785101 -0.01065432948 -0.01480954788 0.1433380972 0.4817439749 -0.001916702531 0.03685915475 0.2513834694 -0.9962462713 -0.03233806209 -0.08029705245 0.01621810185 0.8414479218 -0.5400947769 0.08503140634 -0.5393696735 -0.8377648926 8.395386553e-05 -0.0141702582 0
0.5899256002 0.3091918056 -0.01078383997 -0.01516373549 0.1449515305 0.4810681991 -0.001963313337 0.03729871115 0.2512955272 -0.9960636856 -0.03348868278 -0.08207095936 0.01679643214 0.8378033436 -0.5457136953 0.087034557 -0.5449440939 -0.8339429959 8.635174479e-05 -0.01434250716 0
0.5970104195 0.3129051011 -0.01091335047 -0.01552181578 0.1465603845 0.4803849962 -0.002010474185 0.03773796122 0.2512065475 -0.9958746413 -0.03466469317 -0.08385736653 0.01738760292 0.8341257282 -0.5513002275 0.08905824015 -0.5504839949 -0.8300819244 8.879390971e-05 -0.01451475612 0
0.6040952387 0.3166183965 -0.01104286096 -0.01588377514 0.14816461 0.4796943922 -0.002058184606 0.03817690139 0.2511165312 -0.9956789966 -0.03586627758 -0.08565597417 0.01799171144 0.8304154464 -0.5568540964 0.09110232762 -0.5559890255 -0.8261819227 9.12808392e-05 -0.01468700508 0
0.611180058 0.320331692 -0.01117237146 -0.0162495998 0.1497641577 0.4789964134 -0.002106444123 0.03861552808 0.2510254792 -0.9954766087 -0.03709361631 -0.08746648016 0.01860885305 0.8266728724 -0.5623750285 0.09316668992 -0.561458837 -0.8222432379 9.381301466e-05 -0.01485925404 0
0.6191504796 0.3245091494 -0.01131807077 -0.01666575544 0.1515579964 0.4782024051 -0.002161391821 0.03910860394 0.2509218087 -0.995240683 -0.03850537612 -0.08951714259 0.01931883225 0.8224243468 -0.5685463715 0.09551316939 -0.5675698458 -0.8177662897 9.671639767e-05 -0.01505303412 0
0.6262352989 0.3282224448 -0.01144758126 -0.01703974746 0.1531474413 0.4774888433 -0.002210816563 0.03954655261 0.2508285588 -0.9950234872 -0.03978802285 -0.09135191922 0.01996397703 0.8186144069 -0.573996422 0.09762017993 -0.5729636691 -0.8137462347 9.934633032e-05 -0.01522528308 0
0.6333201181 0.3319357403 -0.01157709176 -0.01741756081 0.154732056 0.4767679905 -0.002260788878 0.03998417665 0.2507342761 -0.9947990955 -0.04109696106 -0.09319763575 0.02062244046 0.8147733622 -0.5794127054 0.09974705242 -0.578321198 -0.8096882842 0.0001020230289 -0.01539753204 0
0.6404049374 0.3356490358 -0.01170660226 -0.01779918114 0.1563117921 0.4760398742 -0.002311308268 0.04042147248 0.2506389615 -0.9945673612 -0.04243235413 -0.09505398101 0.0212943099 0.8109015985 -0.584794964 0.1018936521 -0.5836420931 -0.8055926953 0.0001047469845 -0.015569781 0
0.6474897566 0.3393623312 -0.01183611275 -0.01818459393 0.1578866015 0.475304522 -0.00236237423 0.04085843654 0.250542616 -0.9943281365 -0.04379436124 -0.09692064177 0.02197967074 0.8069995042 -0.5901429439 0.1040598431 -0.5889260175 -0.8014597276 0.0001075186907 -0.01574202996 0
0.6554601783 0.3435397886 -0.01198181206 -0.01862269827 0.1596523133 0.4744686364 -0.002420476126 0.04134962013 0.2504329963 -0.9940498704 -0.04535862419 -0.09903257273 0.02276693186 0.8025738808 -0.5961181365 0.1065200548 -0.5948258241 -0.7967657855 0.0001106945542 -0.01593581004 0
0.6625449975 0.3472530841 -0.01211132256 -0.01901612126 0.1612164944 0.4737180011 -0.002472701854 0.0417858674 0.2503344634 -0.9937942341 -0.04677769556 -0.1009201046 0.0234812363 0.7986086361 -0.6013924491 0.10872742 -0.6000300772 -0.7925542597 0.0001135693787 -0.016108059 0
0.6696298168 0.3509663796 -0.01224083305 -0.0194132905 0.1627755997 0.4729602181 -0.002525472542 0.0422217718 0.2502349026 -0.9935306401 -0.04822385128 -0.1028169602 0.02420928607 0.7946142918 -0.606631715 0.1109539436 -0.6051963213 -0.788306181 0.0001164935099 -0.01628030796 0
0.676714636 0.354679675 -0.01237034355 -0.01981419091 0.1643295818 0.4721953161 -0.002578787666 0.0426573298 0.2501343149 -0.9932589372 -0.04969723305 -0.1047228182 0.02495115827 0.7905912471 -0.6118356966 0.1131994846 -0.6103242294 -0.7840218184 0.0001194674501 -0.01645255692 0
0.6846850577 0.3588571324 -0.01251604285 -0.02026964482 0.1660716292 0.4713263283 -0.002639417288 0.04314691407 0.2500199277 -0.9929433894 -0.05138750206 -0.1068772664 0.02580238 0.786031516 -0.6176477094 0.1157482727 -0.6160468979 -0.7791588779 0.0001228732983 -0.016646337 0
0.6917698769 0.3625704279 -0.01264555335 -0.02067842325 0.1676145686 0.4705463954 -0.002693887563 0.0435817242 0.2499171614 -0.9926539492 -0.05291918993 -0.1088011789 0.02657387154 0.7819488194 -0.6227759414 0.1180337517 -0.6210922662 -0.7747983159 0.0001259547598 -0.01681858596 0
0.6988546962 0.3662837234 -0.01277506385 -0.02109088485 0.1691522385 0.4697594352 -0.002748900592 0.04401617687 0.2498133715 -0.9923559223 -0.05447851873 -0.1107330777 0.02735941324 0.7778386854 -0.6278681725 0.1203377996 -0.6260982914 -0.7704023257 0.0001290876132 -0.01699083492 0
0.7059395154 0.3699970188 -0.01290457434 -0.02150701396 0.1706845926 0.4689654775 -0.002804455828 0.04445026856 0.2497085589 -0.9920491543 -0.05606561223 -0.1126726342 0.02815907371 0.7737015229 -0.6329241819 0.1226602704 -0.6310646564 -0.7659711858 0.000132272369 -0.01716308388 0
0.7130243347 0.3737103143 -0.01303408484 -0.0219267948 0.1722115846 0.4681645524 -0.002860552716 0.04488399573 0.2496027249 -0.9917334902 -0.05768058975 -0.1146195179 0.02897291948 0.7695377431 -0.6379437529 0.125001017 -0.6359910467 -0.7615051768 0.0001355095397 -0.01733533283 0
0.7209947564 0.3778877717 -0.01317978415 -0.0224033934 0.1739229841 0.4672552213 -0.00292430846 0.04537149872 0.2494824418 -0.9913675405 -0.05953091249 -0.116818107 0.02990553196 0.7648221897 -0.6435469504 0.1276560176 -0.641485065 -0.7564395895 0.0001392146494 -0.01752911291 0
0.7280795756 0.3816010672 -0.01330929464 -0.02283088119 0.1754384297 0.4664395917 -0.002981554493 0.04580443962 0.2493744405 -0.9910324541 -0.06120551956 -0.1187794568 0.03074973277 0.7606032234 -0.6484883888 0.1300351065 -0.6463254759 -0.7519004257 0.000142564912 -0.01770136187 0
0.7351643949 0.3853143626 -0.01343880514 -0.02326197054 0.1769483704 0.4656170905 -0.00303934041 0.04623700503 0.2492654211 -0.9906879826 -0.06290835492 -0.1207470913 0.03160831318 0.7563589388 -0.6533927381 0.1324320041 -0.6511249454 -0.7473272842 0.000145969203 -0.01787361083 0
0.7422492141 0.3890276581 -0.01356831563 -0.02369664514 0.1784527612 0.4647877487 -0.003097665637 0.04666919143 0.2491553845 -0.9903339683 -0.06463951951 -0.1227206735 0.032481331 0.7520897556 -0.6582597987 0.1348465585 -0.6558831695 -0.7427204546 0.0001494280425 -0.01804585979 0
0.7493340334 0.3927409536 -0.01369782613 -0.02413488851 0.1799515571 0.4639515979 -0.00315652959 0.04710099532 0.249044332 -0.989970253 -0.06639910973 -0.1246998655 0.03336884191 0.7477960958 -0.6630893752 0.1372786167 -0.6605998466 -0.7380802288 0.0001529419522 -0.01821810875 0
0.757304455 0.396918411 -0.01384352544 -0.02463215746 0.181630959 0.4630028286 -0.003223394752 0.04758631313 0.2489181849 -0.9895492796 -0.06841274043 -0.1269327389 0.03438468198 0.742936999 -0.6684776056 0.140035413 -0.6658560749 -0.7328204218 0.0001569615787 -0.01841188883 0
0.7643892743 0.4006317064 -0.01397303593 -0.02507792925 0.1831177174 0.4621523139 -0.003283401543 0.04801729258 0.2488049772 -0.9891644214 -0.07023303444 -0.1289227222 0.03530316568 0.7385927356 -0.673226899 0.1425041541 -0.6704834762 -0.7281102075 0.0001605942532 -0.01858413779 0
0.7714740935 0.4043450019 -0.01410254643 -0.02552721755 0.1845987419 0.4612950898 -0.003343945208 0.04844787859 0.248690757 -0.988769364 -0.07208202601 -0.1309172498 0.03623630252 0.7342253258 -0.677938125 0.1449899139 -0.6750684057 -0.7233675224 0.0001642836396 -0.01875638675 0
0.7785589128 0.4080582974 -0.01423205693 -0.02598000537 0.1860739884 0.4604311887 -0.003405025143 0.0488780677 0.2485755256 -0.9883639471 -0.07395979271 -0.1329159779 0.03718413925 0.7298351992 -0.6826111058 0.1474925351 -0.6796105731 -0.718592667 0.0001680302668 -0.01892863571 0
0.7865293344 0.4122357548 -0.01437775623 -0.02649355336 0.1877266799 0.4594513597 -0.00347438032 0.04936155167 0.2484446828 -0.9878952698 -0.07610676618 -0.1351691389 0.03826808194 0.7248696897 -0.6878222785 0.1503279411 -0.6846690391 -0.7131828777 0.0001723143034 -0.01912241579 0
0.7936141537 0.4159490502 -0.01450726673 -0.02695372065 0.1891895035 0.4585733789 -0.003536597799 0.04979088577 0.2483273062 -0.9874673041 -0.07804591652 -0.1371756474 0.03924730118 0.7204327229 -0.6924134177 0.152865865 -0.6891193849 -0.7083406671 0.0001761843303 -0.01929466475 0
0.8006989729 0.4196623457 -0.01463677723 -0.02741733353 0.1906464133 0.4576888241 -0.003599349625 0.0502198121 0.248208922 -0.9870284748 -0.08001405462 -0.1391852755 0.04024135229 0.7159743917 -0.696965784 0.1554201513 -0.6935260785 -0.7034672381 0.0001801132608 -0.01946691371 0
0.8077837922 0.4233756412 -0.01476628772 -0.0278843745 0.1920973664 0.4567977286 -0.003662635173 0.05064832718 0.2480895313 -0.9865786199 -0.08201123894 -0.1411976751 0.04125027297 0.7114951319 -0.7014792173 0.1579906382 -0.6978888407 -0.6985628993 0.0001841016302 -0.01963916267 0
0.8148686114 0.4270889366 -0.01489579822 -0.02835482592 0.19354232 0.4559001261 -0.003726453812 0.05107642755 0.2479691354 -0.9861175768 -0.08403752326 -0.1432124972 0.04227409869 0.7069953811 -0.705953562 0.1605771629 -0.7022073952 -0.6936279614 0.0001881499754 -0.01981141163 0
0.8228390331 0.431266394 -0.01504149752 -0.02888813819 0.1951606687 0.4548825876 -0.003798886197 0.05155754045 0.2478324899 -0.9855853274 -0.08635193769 -0.1454816318 0.04344376014 0.7019092146 -0.7109402888 0.1635059694 -0.7070125864 -0.6880399702 0.0001927767242 -0.02000519171 0
0.8299238523 0.4349796895 -0.01517100802 -0.02936577769 0.1965927329 0.4539712705 -0.003863835533 0.05198474809 0.2477099619 -0.9850999689 -0.08844021672 -0.1475004383 0.04449936674 0.6973673789 -0.7153310739 0.1661260292 -0.7112362947 -0.6830410496 0.0001969543077 -0.02017744067 0
0.8370086716 0.438692985 -0.01530051852 -0.02984677172 0.1980186657 0.4530535532 -0.003929315952 0.05241153023 0.2475864325 -0.9846029128 -0.09055773361 -0.1495205706 0.04556997494 0.6928064279 -0.7196823125 0.1687616115 -0.7154149498 -0.6780125132 0.0002011935546 -0.02034968963 0
0.8440934908 0.4424062804 -0.01543002901 -0.03033110215 0.1994384256 0.4521294701 -0.003995326802 0.05283788343 0.2474619029 -0.9840939955 -0.09270452274 -0.151541676 0.04665561101 0.6882268043 -0.7239938672 0.1714125494 -0.719548287 -0.6729546795 0.0002054950079 -0.02052193859 0
0.8511783101 0.4461195759 -0.01555953951 -0.03081875071 0.2008519711 0.4511990561 -0.004061867423 0.05326380424 0.2473363743 -0.9835730532 -0.09488061378 -0.1535634014 0.047756299 0.6836289523 -0.7282656051 0.1740786748 -0.7236360444 -0.6678678689 0.0002098592121 -0.02069418755 0
0.8591487317 0.4502970333 -0.01570523882 -0.03137129867 0.2024347305 0.4501448167 -0.004137358037 0.05374244405 0.2471939623 -0.9829724153 -0.09736377196 -0.1558381424 0.04901259178 0.6784351342 -0.7330235566 0.1770960095 -0.7281799672 -0.6621109717 0.0002148446286 -0.02088796763 0
0.866233551 0.4540103287 -0.01583474931 -0.0318659371 0.2038349343 0.4492010664 -0.004205022213 0.05416743466 0.2470663152 -0.9824253753 -0.09960220636 -0.1578600087 0.05014533466 0.6738000258 -0.7372102622 0.1797938466 -0.7321700115 -0.6569636573 0.0002193439929 -0.02106021659 0
0.8733183702 0.4577236242 -0.01596425981 -0.03236383584 0.205228796 0.4482510955 -0.004273214067 0.05459198216 0.2469376733 -0.9818657975 -0.1018700047 -0.1598813866 0.05129319008 0.6691480832 -0.7413567639 0.1825063405 -0.7361136766 -0.6517883789 0.0002239078188 -0.02123246554 0
0.8804031895 0.4614369197 -0.0160937703 -0.03286497613 0.2066162754 0.4472949398 -0.004341932922 0.05501608316 0.2468080376 -0.9812935175 -0.1041671772 -0.1619019203 0.05245617279 0.6644797547 -0.7454629471 0.1852333192 -0.7400107126 -0.6465854643 0.0002285366566 -0.0214047145 0
0.8883736112 0.4656143771 -0.01623946961 -0.03343261015 0.208169511 0.4462119168 -0.004419870708 0.0554926588 0.2466610114 -0.9806343145 -0.1067866137 -0.1641735679 0.05378262562 0.659208858 -0.750034073 0.188318269 -0.7443388346 -0.6406995621 0.0002338224955 -0.02159849458 0
0.8954584304 0.4693276725 -0.01636898011 -0.03394057599 0.2095432953 0.4452427383 -0.004489707153 0.05591579962 0.2465292686 -0.9800344961 -0.1091462174 -0.1661911242 0.05497779242 0.6545072014 -0.7540542193 0.1910754534 -0.7481359679 -0.6354390172 0.0002385913168 -0.02177074354 0
0.9025432497 0.473040968 -0.0164984906 -0.03445172405 0.210910573 0.4442674883 -0.004560068438 0.05633848328 0.2463965363 -0.9794214613 -0.1115351959 -0.1682067216 0.05618811796 0.6497905649 -0.7580337177 0.1938465798 -0.7518857106 -0.6301518719 0.0002434268784 -0.0219429925 0
0.9096280689 0.4767542635 -0.0166280011 -0.03496603513 0.212271305 0.4432862033 -0.00463095386 0.05676070637 0.2462628157 -0.9787950457 -0.1139535392 -0.1702200027 0.05741360761 0.6450593999 -0.7619724722 0.1966314728 -0.7555878252 -0.624838461 0.0002483297361 -0.02211524146 0
0.9167128882 0.4804675589 -0.0167575116 -0.03548348989 0.2136254523 0.4422989203 -0.004702362713 0.0571824655 0.2461281083 -0.9781550848 -0.116401233 -0.1722306099 0.05865426449 0.6403141583 -0.7658703911 0.1994299558 -0.7592420771 -0.6194991211 0.0002533004471 -0.02228749042 0
0.9246833098 0.4846450163 -0.0169032109 -0.03606935997 0.2151409492 0.4411811036 -0.004783322449 0.05765638573 0.2459753846 -0.9774187331 -0.1191899472 -0.1744889012 0.06006813398 0.6349594994 -0.7702066304 0.202594273 -0.7632956116 -0.6134617917 0.0002589742981 -0.0224812705 0
0.9317681291 0.4883583118 -0.0170327214 -0.03659343035 0.2164809761 0.4401811983 -0.00485584122 0.05807714772 0.2458385846 -0.9767494424 -0.1216999407 -0.1764926378 0.06134102109 0.6301858488 -0.7740174902 0.2054210454 -0.7668473906 -0.6080684778 0.000264091053 -0.02265351946 0
0.9388529483 0.4920716073 -0.0171622319 -0.0371205833 0.2178142985 0.4391754115 -0.004928881177 0.05849743517 0.245700802 -0.9760660927 -0.1242392084 -0.1784925817 0.06262907041 0.6253995378 -0.7777872573 0.2082608512 -0.7703505937 -0.6026502972 0.0002692774105 -0.02282576842 0
0.9459377676 0.4957849027 -0.01729174239 -0.03765079902 0.2191408786 0.4381637812 -0.005002441594 0.05891724473 0.2455620382 -0.97536852 -0.1268077159 -0.1804883745 0.06393227564 0.6206010205 -0.7815158587 0.2111135104 -0.773804999 -0.5972075931 0.0002745339331 -0.02299801738 0
0.9530225868 0.4994981982 -0.01742125289 -0.03818405761 0.2204606789 0.4371463451 -0.005076521734 0.05933657303 0.2454222946 -0.9746565603 -0.1294054243 -0.1824796581 0.06525062818 0.6157907513 -0.785203226 0.2139788424 -0.7772103877 -0.5917407103 0.0002798611845 -0.02317026634 0
0.9609930085 0.5036756556 -0.01756695219 -0.03878758582 0.2219373041 0.4359948374 -0.005160482205 0.05980773792 0.2452639137 -0.9738382047 -0.1323626954 -0.1847140164 0.06675186692 0.6103657172 -0.7893021471 0.2172172628 -0.7809825914 -0.5855619973 0.0002859395886 -0.02336404642 0
0.9680778277 0.5073889511 -0.01769646269 -0.039327244 0.2232425743 0.4349651912 -0.0052356643 0.06022603238 0.2451220926 -0.9730951292 -0.1350223036 -0.1866945289 0.06810236853 0.605531985 -0.7929016853 0.2201089207 -0.7842831075 -0.5800448865 0.0002914190159 -0.02353629538 0
0.975162647 0.5111022465 -0.01782597319 -0.03986988221 0.2245409495 0.4339298592 -0.005311363792 0.06064383509 0.2449792962 -0.9723371556 -0.1377109593 -0.1886694133 0.06946797587 0.6006879223 -0.7964598046 0.2230126817 -0.7875339432 -0.5745046841 0.0002969709413 -0.02370854434 0
0.9822474662 0.514815542 -0.01795548368 -0.04041548012 0.2258323932 0.4328888802 -0.005387579927 0.06106114272 0.2448355259 -0.971564121 -0.1404286037 -0.190638312 0.07084867092 0.5958339842 -0.7999764553 0.2259283616 -0.7907348927 -0.5689417412 0.0003025959337 -0.0238807933 0
0.9902178879 0.5189929994 -0.01810118299 -0.0410327901 0.2272769375 0.4317110774 -0.005473939681 0.06153001785 0.2446726218 -0.970676252 -0.1435205244 -0.1928457231 0.07241996201 0.5903620666 -0.8038830633 0.2292225184 -0.7942760788 -0.5626566872 0.0003090120978 -0.02407457338 0
0.9973027071 0.5227062949 -0.01823069349 -0.04158460942 0.228553533 0.4306582282 -0.00555125115 0.06194626233 0.2445267866 -0.969870673 -0.1462995518 -0.1948007157 0.07383264819 0.5854886548 -0.8073114487 0.2321629121 -0.7973703507 -0.5570465923 0.0003147942515 -0.02424682234 0
1.004387526 0.5264195903 -0.01836020398 -0.04213932427 0.2298230855 0.4295998545 -0.005629076868 0.0623620013 0.244379982 -0.9690495257 -0.1491073527 -0.1967486066 0.07526035106 0.5806067901 -0.8106982391 0.2351146451 -0.8004141133 -0.5514148628 0.0003206512572 -0.0244190713 0
1.011472346 0.5301328858 -0.01848971448 -0.04269691389 0.23108556 0.4285359958 -0.00570741606 0.06277723145 0.2442322095 -0.9682126484 -0.1519438482 -0.1986890395 0.07670304319 0.5757169273 -0.8140434035 0.2380775306 -0.8034071736 -0.5457618553 0.0003265836886 -0.02459132026 0
