0.008046253907 0.00390669766 0.001857477714 -2.671903223e-06 0.002051781067 0.5099944969 -3.349885546e-07 0.0005111995392 0.2549993165 -0.9999999999 -8.259519728e-08 -1.556022786e-05 4.198134173e-08 0.9999679521 -0.00800591695 1.556039044e-05 -0.00800591695 -0.999967952 3.408520833e-08 0.00247044536 0
0.01509250781 0.007327865319 0.003484105429 -9.400516186e-06 0.003848499218 0.5099806387 -1.185106412e-06 0.0009606401325 0.2549975818 -0.9999999985 -5.473982869e-07 -5.474347738e-05 2.747105304e-07 0.9998872483 -0.01501634781 5.474552488e-05 -0.01501634781 -0.9998872468 5.491386015e-08 0.00463386022 0
0.02213876172 0.01074903298 0.005110733143 -2.022686124e-05 0.00564509931 0.5099583407 -2.558324194e-06 0.001410679209 0.2549947795 -0.9999999931 -1.728911802e-06 -0.000117783862 8.657992658e-07 0.9997574012 -0.02202586659 0.0001177933685 -0.02202586654 -0.9997573942 3.486024021e-08 0.006797275081 0
0.02918501563 0.01417020064 0.006737360858 -3.515053985e-05 0.00744152623 0.5099276038 -4.453926361e-06 0.001860774704 0.2549909111 -0.999999979 -3.961613104e-06 -0.0002046713548 1.982494915e-06 0.9995784232 -0.02903404758 0.0002047000918 -0.02903404737 -0.9995784022 1.980350721e-08 0.008960689941 0
0.03711205127 0.01801901426 0.008567317037 -5.68365824e-05 0.009462230909 0.5098829391 -7.210034829e-06 0.002367054321 0.2549852866 -0.9999999452 -8.146166665e-06 -0.0003309071754 4.075195989e-06 0.9993183676 -0.03691612225 0.0003309823432 -0.03691612158 -0.9993183129 1.125757263e-07 0.01139453166 0
0.04415830518 0.02144018191 0.01019394475 -8.046508298e-05 0.01125810689 0.5098342737 -1.021378088e-05 0.002816999132 0.2549791568 -0.9999998902 -1.372245501e-05 -0.0004684191646 6.863779292e-06 0.9990350491 -0.0439200477 0.000468569854 -0.04392004609 -0.9990349393 2.202159456e-07 0.01355794652 0
0.05120455909 0.02486134957 0.01182057247 -0.0001081886997 0.01305363752 0.509777174 -1.373861859e-05 0.003266874839 0.2549719635 -0.9999998015 -2.139397197e-05 -0.0006297224873 1.07000768e-05 0.9987026687 -0.05092130618 0.0006299949376 -0.05092130281 -0.9987024702 3.496751484e-07 0.01572136138 0
0.058250813 0.02828251723 0.01344720018 -0.0001400064119 0.01484876775 0.5097116421 -1.778443223e-05 0.003716689084 0.2549637071 -0.9999996676 -3.149425602e-05 -0.0008147914825 1.575091312e-05 0.9983212581 -0.05791947288 0.0008152477886 -0.05791946646 -0.9983209257 5.001561516e-07 0.01788477624 0
0.06617784864 0.03213133085 0.01527715636 -0.0001806935977 0.01686774209 0.5096278426 -2.295859817e-05 0.004222662979 0.254953148 -0.9999994462 -4.617505292e-05 -0.0010513647 2.309236974e-05 0.9978336104 -0.06578818627 0.001052124807 -0.06578817412 -0.9978330568 6.940736013e-07 0.02031861796 0
0.07322410255 0.03555249851 0.01690378407 -0.0002212071868 0.01866183868 0.5095444006 -2.811122519e-05 0.00467236091 0.2549426329 -0.9999991701 -6.254225272e-05 -0.001286833283 3.127726064e-05 0.9973481375 -0.07277837402 0.001287972501 -0.07277835387 -0.9973473078 8.881093095e-07 0.02248203282 0
0.08027035646 0.03897366617 0.01853041179 -0.0002658107115 0.02045536289 0.5094525349 -3.37846027e-05 0.005122006557 0.2549310551 -0.9999988016 -8.237804232e-05 -0.001545962985 4.119689834e-05 0.9968137637 -0.07976414481 0.001547607995 -0.07976411291 -0.9968125657 1.102435902e-06 0.02464544768 0
0.08731661036 0.04239483383 0.0201570395 -0.0003145025298 0.02224825972 0.509352249 -3.99786671e-05 0.005571599668 0.2549184147 -0.9999983223 -0.0001060142001 -0.001828712569 5.301731494e-05 0.9962305401 -0.0867450755 0.00183101552 -0.08674502692 -0.9962288631 1.337021142e-06 0.02680886254 0
0.09524364601 0.04624364745 0.02198699568 -0.0003741653769 0.02426445033 0.5092293671 -4.756929166e-05 0.006077327737 0.2549029242 -0.9999976253 -0.0001375599005 -0.002174982812 6.87937191e-05 0.9955160923 -0.09459231089 0.002178242499 -0.09459223588 -0.9955137187 1.625153443e-06 0.02924270426 0
0.1022898999 0.04966481511 0.0236136234 -0.0004315386818 0.02605583156 0.5091112008 -5.486959509e-05 0.006526804842 0.2548880263 -0.999996841 -0.0001703708763 -0.002507770547 8.520341091e-05 0.9948292535 -0.1015615538 0.002512106632 -0.1015614467 -0.9948260963 1.902839942e-06 0.03140611912 0
0.1093361538 0.05308598277 0.02524025111 -0.0004929941809 0.02784641376 0.5089846267 -6.269037053e-05 0.006976224213 0.2548720662 -0.999995877 -0.0002080152641 -0.002864025065 0.0001040310372 0.9940937542 -0.1085246379 0.002869684211 -0.1085244884 -0.994089634 2.200880469e-06 0.03356953398 0
0.1172631895 0.05693479638 0.02707020729 -0.0005670082932 0.02985979533 0.5088321869 -7.2110774e-05 0.007481748909 0.2548528418 -0.9999945458 -0.0002565525034 -0.003292790764 0.0001283075753 0.9932082407 -0.1163502219 0.003300276863 -0.1163500098 -0.9932027907 2.56058805e-06 0.03600337569 0
0.1243094434 0.06035596404 0.028696835 -0.0006371307584 0.03164849747 0.5086877623 -8.10372925e-05 0.007931037111 0.2548346252 -0.999993113 -0.0003055600097 -0.003698719205 0.0001528203172 0.9923695768 -0.1232988223 0.003708171602 -0.1232985384 -0.9923626957 2.902113597e-06 0.03816679055 0
0.1313556973 0.0637771317 0.03032346272 -0.0007113278518 0.03343622925 0.5085349456 -9.048402864e-05 0.008380259176 0.254815347 -0.9999914151 -0.0003604271405 -0.004127924773 0.0001802650727 0.9914824872 -0.1302399517 0.004139707134 -0.1302395777 -0.9914739105 3.264233962e-06 0.04033020541 0
0.1384019512 0.06719829936 0.03195009043 -0.0007895968431 0.03522293592 0.5083737424 -0.0001004508915 0.008829412093 0.2547950074 -0.9999894214 -0.0004214806035 -0.004580339095 0.0002108055906 0.9905470565 -0.1371731915 0.004594857248 -0.1371727059 -0.990536489 3.647044752e-06 0.04249362027 0
0.1463289868 0.07104711298 0.03378004661 -0.0008825130568 0.03723168747 0.5081823717 -0.0001122852068 0.009334622601 0.2547708569 -0.9999867843 -0.000497965987 -0.005116957027 0.0002490674442 0.9894370254 -0.144963136 0.005135093451 -0.1449624947 -0.9894238252 4.102566907e-06 0.04492746199 0
0.1533752407 0.07446828064 0.03540667433 -0.0009694250821 0.03901603417 0.5080033673 -0.0001233570152 0.009783618172 0.2547482624 -0.9999840521 -0.0005732460269 -0.005618446009 0.0002867282847 0.9883991716 -0.1518782255 0.00564033097 -0.1518774144 -0.9883832443 4.529695286e-06 0.04709087685 0
0.1604214946 0.0778894483 0.03703330204 -0.001060399509 0.04079918496 0.5078159959 -0.0001349486352 0.01023253466 0.2547246072 -0.9999809172 -0.000655727371 -0.006142906212 0.0003279939047 0.9873132707 -0.1587841239 0.00616909192 -0.1587831087 -0.9872942149 4.977858159e-06 0.04925429171 0
0.1674677486 0.08131061596 0.03865992975 -0.001155432989 0.04258108525 0.5076202645 -0.0001470599559 0.01068136876 0.2546998914 -0.9999773419 -0.0007457327277 -0.006690254023 0.0003730262519 0.9861794261 -0.1656804165 0.006721344182 -0.1656791582 -0.986156803 5.447178742e-06 0.05141770657 0
0.1753947842 0.08515942957 0.04048988593 -0.001267193135 0.04458416049 0.5073900827 -0.0001613062521 0.01118620452 0.2546708188 -0.9999727445 -0.0008563827089 -0.007333269336 0.0004283910712 0.984846678 -0.1734267491 0.007370665614 -0.1734251638 -0.9848194687 6.000615506e-06 0.05385154829 0
0.1824410381 0.08858059723 0.04211651365 -0.001370840312 0.04636322257 0.5071766105 -0.0001745215462 0.01163485247 0.2546438501 -0.9999681012 -0.0009634430486 -0.007928958959 0.0004819631618 0.9836113176 -0.1803012579 0.007972723762 -0.180299328 -0.9835794772 6.515332214e-06 0.05601496315 0
0.189487292 0.09200176489 0.04374314136 -0.001478535123 0.048140864 0.5069548017 -0.000188256163 0.01208340754 0.2546158218 -0.9999628894 -0.001079028626 -0.008547251307 0.0005398048054 0.9823283663 -0.1871648724 0.008598163667 -0.1871625404 -0.982291329 7.051629196e-06 0.05817837801 0
0.1965335459 0.09542293255 0.04536976908 -0.001590273607 0.04991703044 0.5067246646 -0.0002025099712 0.01253186633 0.2545867339 -0.9999570648 -0.001203457352 -0.009188047711 0.000602075789 0.9809979462 -0.1940171825 0.009246947338 -0.1940143843 -0.9809551023 7.609653194e-06 0.06034179287 0
0.2044605816 0.09927174617 0.04719972526 -0.001720807731 0.05191338703 0.5064558158 -0.0002191659319 0.01303626311 0.2545527439 -0.9999497223 -0.001354404186 -0.009935715545 0.0006776233027 0.9794446415 -0.2017120103 0.01000468294 -0.2017086013 -0.9793944795 8.263590405e-06 0.06277563459 0
0.2115068355 0.1026929138 0.04882635297 -0.00184112519 0.05368623897 0.5062080094 -0.0002345225639 0.0134845059 0.2545214056 -0.9999424408 -0.001498674259 -0.01062398895 0.0007498345142 0.9780137765 -0.2085389429 0.01070293951 -0.2085349058 -0.977956359 8.868296096e-06 0.06493904945 0
0.2185530894 0.1061140815 0.05045298068 -0.001965472986 0.05545744652 0.5059519021 -0.0002503979458 0.01393264167 0.2544890086 -0.9999343973 -0.001652772482 -0.01133443482 0.000826970584 0.9765358535 -0.2153532979 0.01142441199 -0.2153485434 -0.9764704233 9.495221821e-06 0.06710246431 0
0.2255993433 0.1095352491 0.0520796084 -0.002093846548 0.05722695559 0.5056875032 -0.000266791926 0.01438066696 0.2544555534 -0.9999255409 -0.001817011184 -0.01206693964 0.0009091887839 0.9750110131 -0.2221546706 0.01216905657 -0.2221491003 -0.9749367627 1.01445361e-05 0.06926587917 0
0.2335263789 0.1133840628 0.05390956458 -0.002243072969 0.05921555586 0.5053801558 -0.0002858548457 0.01488455904 0.2544166517 -0.9999145403 -0.002014287757 -0.012917229 0.001007953963 0.9732396675 -0.2297901949 0.01303442324 -0.229783577 -0.9731544644 1.090199237e-05 0.07169972089 0
0.2405726328 0.1168052304 0.05553619229 -0.002379985425 0.06098127647 0.5050981702 -0.0003033503217 0.01533233805 0.2543809488 -0.9999037798 -0.002201105226 -0.01369621599 0.001101490829 0.9716156147 -0.2365626428 0.01382815658 -0.2365549669 -0.9715197011 1.159946507e-05 0.07386313575 0
0.2476188867 0.1202263981 0.05716282001 -0.002520908407 0.06274513008 0.5048079245 -0.0003213638907 0.01577999573 0.2543441886 -0.9998920367 -0.002399029509 -0.01449688434 0.001200596934 0.9699451125 -0.2433208527 0.01464491602 -0.2433119879 -0.9698375137 1.231988554e-05 0.07602655061 0
0.2546651407 0.1236475657 0.05878944772 -0.002665836733 0.06450706293 0.5045094294 -0.0003398953809 0.0162275286 0.2543063716 -0.9998792534 -0.002608366574 -0.01531910598 0.001305426687 0.9682283195 -0.2500644261 0.01548465193 -0.2500542297 -0.9681080042 1.306344292e-05 0.07818996547 0
0.2625921763 0.1274963794 0.0606194039 -0.0028336621 0.06648687461 0.5041637755 -0.0003613621646 0.01673084957 0.2542625645 -0.9998635553 -0.002857891453 -0.01626970426 0.001430393002 0.9662417988 -0.2576329565 0.01645675534 -0.2576210759 -0.9661058723 1.392784257e-05 0.08062380719 0
0.2696384302 0.130917547 0.06224603161 -0.002987083914 0.06824454764 0.5038477871 -0.0003809936441 0.01717810567 0.2542225029 -0.9998483635 -0.003092488973 -0.0171372854 0.001547894749 0.964427185 -0.2643441106 0.01734514516 -0.2643305531 -0.9642761558 1.472121603e-05 0.08278722205 0
0.2766846841 0.1343387147 0.06387265933 -0.003144493938 0.07000013238 0.5035235847 -0.0004011424758 0.01762522607 0.2541813855 -0.9998319416 -0.003339444546 -0.0180259971 0.001671597763 0.9625668047 -0.2710393925 0.01825634745 -0.2710239743 -0.9623994551 1.553834851e-05 0.08495063691 0
0.2846117198 0.1381875283 0.06570261551 -0.003326340165 0.07197260252 0.5031490533 -0.0004244280696 0.01812806997 0.254133867 -0.9998119171 -0.003632413332 -0.01905087796 0.001818364331 0.9604193915 -0.2785521245 0.01930864907 -0.278534375 -0.960232148 1.648628218e-05 0.08738447862 0
0.2916579737 0.141608696 0.06732924322 -0.00349220575 0.07372357232 0.5028074357 -0.0004456756305 0.01857489042 0.2540905076 -0.9997926672 -0.003906619747 -0.01998401507 0.001955746029 0.9584623488 -0.2852123788 0.02026814234 -0.2851923286 -0.9582559878 1.735460163e-05 0.08954789348 0
0.2987042276 0.1450298636 0.06895587094 -0.003662040986 0.07547228714 0.5024576422 -0.0004674399266 0.01902156427 0.2540460938 -0.9997719824 -0.004194111957 -0.02093782645 0.002099798711 0.9564601055 -0.2918555419 0.02125027052 -0.2918329589 -0.956233209 1.824734787e-05 0.09171130834 0
0.3057504815 0.1484510313 0.07058249865 -0.003835839633 0.07721869381 0.5020996856 -0.0004897207503 0.01946808802 0.2540006259 -0.999749794 -0.004495182918 -0.02191215908 0.002250670923 0.9544128516 -0.2984812275 0.02225497395 -0.2984558628 -0.9541639346 1.916474394e-05 0.09387472321 0
0.3136775171 0.1522998449 0.07241245483 -0.004036092672 0.07918057631 0.5016872435 -0.0005154038241 0.01997024348 0.2539482153 -0.9997229473 -0.00485048083 -0.02303261776 0.002428737441 0.9520561309 -0.305913754 0.02341217375 -0.30588494 -0.9517805806 2.022656221e-05 0.09630856492 0
0.320723771 0.1557210126 0.07403908254 -0.004218292192 0.08092190213 0.5013119844 -0.0005387815572 0.02041643668 0.2539005092 -0.9996973288 -0.005181370278 -0.02405003469 0.002594590277 0.9499138788 -0.3125010256 0.02446464527 -0.3124688406 -0.9496129237 2.119709999e-05 0.09847197978 0
0.3277700249 0.1591421802 0.07566571026 -0.004404434693 0.08266075431 0.5009286044 -0.0005626751373 0.02086246887 0.2538517504 -0.9996699825 -0.005526741049 -0.02508747315 0.002767721017 0.9477272363 -0.3190696246 0.02553949679 -0.3190337612 -0.9473991732 2.219301304e-05 0.1006353946 0
0.3348162789 0.1625633479 0.07729233797 -0.004594513341 0.0843970801 0.5005371175 -0.0005870843366 0.02130833655 0.2538019396 -0.9996408334 -0.005886877678 -0.0261447664 0.002948274412 0.9454964104 -0.3256191726 0.02663666303 -0.325579303 -0.9451394636 2.321454238e-05 0.1027988095 0
0.3427433145 0.1664121615 0.07912229415 -0.004813048048 0.08634736125 0.5000870223 -0.0006151607218 0.02180973671 0.2537446454 -0.999605791 -0.006310032725 -0.02735774219 0.003160448356 0.9429341815 -0.3329641736 0.02789756508 -0.3329193789 -0.9425425259 2.439468787e-05 0.1052326512 0
0.3497895684 0.1698333291 0.08074892187 -0.005011467654 0.0880781438 0.4996783563 -0.0006406648326 0.02225524324 0.2536926004 -0.9995725563 -0.006702481695 -0.02845665836 0.003357251053 0.9406101722 -0.3394719912 0.02904192713 -0.3394224222 -0.9401856124 2.54714713e-05 0.1073960661 0
0.3568358223 0.1732544968 0.08237554958 -0.005213801121 0.08980623578 0.4992616293 -0.0006666838187 0.02270057436 0.2536395048 -0.9995372758 -0.007110571661 -0.0295748873 0.003561922414 0.9382426529 -0.3459595887 0.03020839116 -0.3459048483 -0.937783178 2.657465117e-05 0.1095594809 0
0.3638820762 0.1766756645 0.08400217729 -0.005420041023 0.09153158489 0.4988368566 -0.0006932174319 0.02314572657 0.2535853591 -0.9994998689 -0.007534578028 -0.0307122489 0.003774603069 0.9358318473 -0.3524265964 0.03139688631 -0.3523662635 -0.9353353687 2.770448554e-05 0.1117228958 0
0.3718091119 0.1805244781 0.08583213347 -0.005656720892 0.09346925905 0.4983493896 -0.0007236825716 0.02364630464 0.2535231907 -0.9994551419 -0.008030950195 -0.03201442192 0.004023616175 0.9330682344 -0.3596769113 0.0327601875 -0.3596097522 -0.9325275311 2.900773615e-05 0.1141567375 0
0.3788553658 0.1839456457 0.08745876119 -0.005871236658 0.09518860637 0.4979075718 -0.0007513089208 0.02409106512 0.2534668153 -0.9994129416 -0.0084896827 -0.03319182804 0.004253778723 0.9305662069 -0.3660989483 0.03399525742 -0.3660252175 -0.929983797 3.01950864e-05 0.1163201524 0
0.3859016197 0.1873668134 0.0890853889 -0.006089634734 0.09690504807 0.497457758 -0.0007794490901 0.02453563582 0.2534093916 -0.9993683535 -0.008965177109 -0.03438778368 0.004492383213 0.9280216183 -0.3724992544 0.03525212845 -0.3724184497 -0.9273951616 3.140992312e-05 0.1184835672 0
0.3929478736 0.1907879811 0.09071201662 -0.00631190711 0.0986185323 0.4969999648 -0.0008081028108 0.02498001324 0.2533509199 -0.999321291 -0.009457698997 -0.03560209583 0.004739565846 0.9254347085 -0.3788774694 0.03653072424 -0.3787890604 -0.9247617823 3.265252049e-05 0.1206469821 0
0.4008749092 0.1946367947 0.0925419728 -0.006566584372 0.1005426026 0.4964754302 -0.0008409517607 0.02547970248 0.2532838875 -0.9992652788 -0.01003246676 -0.03698989443 0.005028068012 0.922474152 -0.3860261098 0.03799501561 -0.385928476 -0.9217459467 3.408397142e-05 0.1230808238 0
0.4079211631 0.1980579623 0.09416860051 -0.006797062386 0.1022496307 0.4960007365 -0.000870695865 0.02592365764 0.2532231911 -0.999212665 -0.01056204244 -0.03824255917 0.005293926282 0.9197981247 -0.3923561955 0.03931951699 -0.392249733 -0.9190180208 3.53864877e-05 0.1252442387 0
0.414967417 0.20147913 0.09579522822 -0.007031388753 0.1039535401 0.4955181168 -0.0009009526505 0.02636740865 0.2531614486 -0.999157298 -0.01110945933 -0.03951295745 0.005568781012 0.9170805515 -0.3986630791 0.04066549607 -0.398547164 -0.9162458598 3.67176455e-05 0.1274076535 0
0.422013671 0.2049002977 0.09742185594 -0.007269554884 0.1056542795 0.4950275886 -0.0009317218286 0.02681095203 0.2530986606 -0.9990990856 -0.01167497251 -0.04080088371 0.005852763667 0.9143216884 -0.4049464105 0.04203287109 -0.4048203863 -0.913429632 3.80777342e-05 0.1295710684 0
0.4299407066 0.2087491113 0.09925181212 -0.00754207062 0.1075637584 0.4944663139 -0.0009669492579 0.02730968585 0.2530267752 -0.9990300794 -0.01233311974 -0.04227049242 0.00618331703 0.9111689363 -0.4119865727 0.04359663935 -0.4118483503 -0.9102089152 3.964278034e-05 0.1320049101 0
0.4369869605 0.2121702789 0.1008784398 -0.007788367082 0.1092575918 0.4939590405 -0.0009988062901 0.0277527765 0.2529617676 -0.9989655093 -0.01293792232 -0.04359496961 0.006487127552 0.9083231987 -0.4182187034 0.04500920335 -0.4180688662 -0.9072996168 4.106532419e-05 0.134168325 0
0.4440332144 0.2155914466 0.1025050675 -0.008038475561 0.1109480956 0.4934439158 -0.001031174782 0.02819564868 0.2528957164 -0.9988977979 -0.01356160108 -0.04493631342 0.006800469052 0.9054369949 -0.4244262031 0.04644289944 -0.4242639877 -0.9043467951 4.25177259e-05 0.1363317398 0
0.4519602501 0.2194402602 0.1043350237 -0.008324392735 0.1128458693 0.4928550394 -0.001068200304 0.02869361443 0.2528201623 -0.9988177466 -0.01428610621 -0.04646521499 0.007164528109 0.9021419837 -0.4313797755 0.04808095851 -0.4312026767 -0.9009730701 4.418774554e-05 0.1387655816 0
0.459006504 0.2228614279 0.1059616514 -0.008582571149 0.1145291294 0.4923232938 -0.001101654616 0.02913601084 0.2527518958 -0.9987430354 -0.01495070324 -0.04784167421 0.007498541156 0.8991706943 -0.4375338094 0.04955926956 -0.4373425877 -0.8979283601 4.570460767e-05 0.1409289964 0
0.4660527579 0.2262825955 0.1075882792 -0.008844532483 0.1162089017 0.491783757 -0.001135619407 0.02957817795 0.2526825877 -0.9986648745 -0.01563492937 -0.04923431054 0.007842476065 0.8961597982 -0.4436621593 0.05105843632 -0.4434559336 -0.8948406959 4.725228767e-05 0.1430924113 0
0.4730990118 0.2297037632 0.1092149069 -0.009110267142 0.1178851359 0.4912364485 -0.001170094352 0.0300201123 0.2526122387 -0.998583163 -0.01633901965 -0.05064289753 0.008196455267 0.893109578 -0.4497644938 0.05257836774 -0.449542343 -0.8917102652 4.88310995e-05 0.1452558261 0
0.4810260474 0.2335525768 0.111044863 -0.009413716815 0.1197666078 0.4906114621 -0.00120948805 0.0305170059 0.2525318529 -0.9984868656 -0.01715515401 -0.05224633842 0.00860683869 0.8896314316 -0.4565981145 0.05431299583 -0.456356896 -0.8881376481 5.064487003e-05 0.1476896679 0
0.4880723013 0.2369737445 0.1126714908 -0.009687437312 0.121435157 0.490047706 -0.001245045977 0.03095843414 0.2524592944 -0.9983972671 -0.01790222274 -0.05368805614 0.008982562502 0.8864986013 -0.4626440787 0.05587674402 -0.4623848401 -0.884916973 5.229089381e-05 0.1498530827 0
0.4951185552 0.2403949121 0.1142981185 -0.009964900274 0.1231000117 0.4894762419 -0.001281113014 0.03139961881 0.2523856972 -0.9983037939 -0.01866987124 -0.05514499924 0.009368704659 0.8833273519 -0.4686630099 0.05746096419 -0.4683846981 -0.8816541341 5.396905073e-05 0.1520164976 0
0.5021648091 0.2438160798 0.1159247462 -0.01024609554 0.1247611222 0.4888970907 -0.001317688819 0.03184055647 0.252311062 -0.9982063399 -0.01945832233 -0.05661693007 0.009765382069 0.8801179802 -0.4746545884 0.05906556012 -0.4743561054 -0.8783493297 5.567966755e-05 0.1541799124 0
0.5100918448 0.2476648934 0.1177547024 -0.01056688868 0.1266253343 0.4882363836 -0.001359444301 0.03233631177 0.2522258575 -0.9980918121 -0.02037046894 -0.05829046803 0.01022438087 0.8764622428 -0.4813620248 0.06089496452 -0.4810394796 -0.8745815127 5.764332186e-05 0.1566137542 0
0.5171380987 0.2510860611 0.1193813301 -0.01085598078 0.1282783238 0.4876409681 -0.001397100072 0.03277671306 0.252149019 -0.9979855412 -0.02120385141 -0.0597934468 0.01064382754 0.873172862 -0.4872944305 0.06254253376 -0.4869492271 -0.8711882011 5.942401441e-05 0.158777169 0
0.5241843526 0.2545072287 0.1210079578 -0.01114877258 0.1299274147 0.4870379326 -0.001435263504 0.03321685657 0.2520711447 -0.9978749505 -0.02205871295 -0.06131065385 0.01107416585 0.8698463078 -0.4931985032 0.06421017009 -0.4928293964 -0.8677535596 6.123820693e-05 0.1609405839 0
0.5312306065 0.2579283964 0.1226345855 -0.01144525338 0.1315725579 0.4864272993 -0.001473934234 0.03365673884 0.2519922355 -0.9977599294 -0.02293526357 -0.0628418409 0.0115155069 0.8664828909 -0.4990739353 0.06589777222 -0.4986796301 -0.8642777968 6.308623819e-05 0.1631039987 0
0.5391576422 0.26177721 0.1244645417 -0.01178319029 0.1334185642 0.4857312827 -0.001518044725 0.03415128987 0.2519022264 -0.9976250955 -0.02394756564 -0.0645808244 0.01202530383 0.8626553749 -0.505649183 0.06782006228 -0.5052249185 -0.860318674 6.520614657e-05 0.1655378405 0
0.5462038961 0.2651983777 0.1260911694 -0.01208747405 0.1350551562 0.4851045784 -0.001557792231 0.03459060563 0.2518211204 -0.997500287 -0.02487088825 -0.0661408831 0.01249038808 0.8592146699 -0.5114627466 0.06954974985 -0.5110103618 -0.8567562328 6.712722258e-05 0.1677012553 0
0.55325015 0.2686195453 0.1277177971 -0.0123954125 0.136687648 0.4844703468 -0.001598045866 0.03502964942 0.2517389818 -0.9973706949 -0.02581653549 -0.06771412987 0.01296681299 0.855738093 -0.5172467283 0.07129907888 -0.5167647653 -0.8531533383 6.908321373e-05 0.1698646702 0
0.5602964039 0.272040713 0.1293444248 -0.01270699437 0.1383159912 0.4838286113 -0.001638805247 0.03546841781 0.2516558115 -0.9972362043 -0.02678470402 -0.06930030629 0.01345468363 0.8522259676 -0.5230008333 0.07306794311 -0.5224877795 -0.8495102094 7.107447001e-05 0.172028085 0
0.5682234395 0.2758895266 0.131174381 -0.01306186482 0.1401428585 0.4830977183 -0.001685263589 0.0359616988 0.2515610126 -0.9970789024 -0.02790105416 -0.07109988496 0.01401734823 0.8482327419 -0.5294381262 0.0750811322 -0.5288882176 -0.8453638725 7.335722533e-05 0.1744619267 0
0.5752696934 0.2793106943 0.1328010087 -0.01338115101 0.1417622261 0.4824401149 -0.001727096382 0.03639987061 0.2514756524 -0.9969336154 -0.02891771813 -0.07271266814 0.01452988309 0.8446461644 -0.5351277786 0.07689115051 -0.5345433776 -0.8416359833 7.542459403e-05 0.1766253416 0
0.5823159473 0.2827318619 0.1344276364 -0.01370404461 0.143377295 0.4817750816 -0.00176943369 0.03683775633 0.2513892631 -0.9967830636 -0.02995749634 -0.07433755835 0.01505418233 0.8410250692 -0.5407866535 0.07872036434 -0.5401660683 -0.8378685594 7.752833831e-05 0.1787887565 0
0.5893622012 0.2861530296 0.1360542642 -0.01403053384 0.1449880174 0.4811026428 -0.001812275108 0.03727535253 0.2513018453 -0.9966271277 -0.03102057154 -0.07597428765 0.01559034475 0.8373697923 -0.5464144691 0.0805686626 -0.5457559483 -0.8340618296 7.966881872e-05 0.1809521713 0
0.5972892369 0.2900018432 0.1378842203 -0.01440211726 0.1467948256 0.4803373277 -0.001861073766 0.03776729795 0.251202272 -0.9964451147 -0.03224460146 -0.07782942303 0.01620782871 0.83321717 -0.55270829 0.08267067014 -0.5520049214 -0.8297325636 8.212122239e-05 0.183386013 0
0.6043354908 0.2934230108 0.1395108481 -0.01473620746 0.1483961542 0.4796492339 -0.001904985058 0.03820426761 0.2511126717 -0.9962773377 -0.03335777381 -0.07949041061 0.01676952135 0.8294903858 -0.5582691851 0.08455914857 -0.5575239536 -0.8258430793 8.434097534e-05 0.1855494279 0
0.6113817447 0.2968441785 0.1411374758 -0.0150738556 0.1499929884 0.4789538121 -0.001949399169 0.03864093709 0.2510220456 -0.996103798 -0.03449479194 -0.08116238579 0.01734337586 0.8257304884 -0.5637981623 0.08646635676 -0.5630091206 -0.8219150195 8.659860676e-05 0.1877128428 0
0.6193087804 0.3006929921 0.1429674319 -0.01545794727 0.1517839962 0.478162735 -0.001999965543 0.03913182722 0.2509188663 -0.9959015246 -0.03580264999 -0.08305614663 0.01800361427 0.8214614563 -0.5699797765 0.08863420961 -0.5691390393 -0.8174501397 8.918418003e-05 0.1901466845 0
0.6263550343 0.3041141598 0.1445940597 -0.015803115 0.1533711241 0.4774518258 -0.002045446732 0.03956784754 0.2508260635 -0.9957153299 -0.03699089499 -0.08475054852 0.01860361721 0.8176323514 -0.5754400432 0.09058083248 -0.5745511392 -0.8134409021 9.152353601e-05 0.1923100993 0
0.6334012882 0.3075353274 0.1462206874 -0.01615180175 0.1549536114 0.4767336689 -0.002091429401 0.04000355706 0.2507322377 -0.9955229853 -0.03820350008 -0.08645506589 0.01921606511 0.8137712291 -0.5808675662 0.09254581935 -0.5799283397 -0.8093938424 9.390193565e-05 0.1944735142 0
0.6404475421 0.3109564951 0.1478473151 -0.01650399482 0.1565314118 0.4760082903 -0.002137913111 0.04043895238 0.2506373898 -0.995324365 -0.03944062241 -0.08816941552 0.0198410452 0.8098784456 -0.5862620885 0.09452905085 -0.5852703142 -0.8053092063 9.631975647e-05 0.1966369291 0
0.6483745777 0.3148053087 0.1496772713 -0.01690438719 0.1583007774 0.4751836402 -0.002190805634 0.04092839232 0.2505294653 -0.9950932582 -0.04086188181 -0.09010945627 0.02055923419 0.8054616658 -0.5922911639 0.09678184428 -0.5912375255 -0.8006693843 9.908739838e-05 0.1990707708 0
0.6554208316 0.3182264764 0.151303899 -0.0172639884 0.1598684649 0.4744430037 -0.00223835258 0.04136310872 0.2504324486 -0.994880881 -0.04215160848 -0.09184375007 0.02121112732 0.8015027965 -0.5976147214 0.09880344428 -0.59650357 -0.7965057252 0.0001015902526 0.2012341856 0
0.6624670855 0.321647644 0.1529305267 -0.01762705541 0.1614313218 0.4736952291 -0.002286399167 0.04179750032 0.2503344126 -0.9946618302 -0.04346631996 -0.09358697852 0.02187581458 0.7975133957 -0.6029044969 0.1008429088 -0.6017333817 -0.7923052726 0.0001041337218 0.2033976005 0
0.6695133394 0.3250688117 0.1545571544 -0.01799357497 0.1629893024 0.4729403436 -0.002334944937 0.04223156377 0.2502353585 -0.9944359767 -0.04480615826 -0.09533885057 0.02255337636 0.79349383 -0.6081602477 0.102900114 -0.6069266429 -0.7880682817 0.0001067181922 0.2055610154 0
0.6774403751 0.3289176253 0.1563871106 -0.01841001974 0.1647361455 0.4720826319 -0.00239015503 0.04271948867 0.2501227066 -0.9941735986 -0.04634368272 -0.09731967365 0.02333112033 0.7889362219 -0.6140319996 0.1052355198 -0.6127249798 -0.7832583128 0.0001096752144 0.2079948571 0
0.684486629 0.332338793 0.1580137383 -0.01878383153 0.1662836136 0.4713127273 -0.002439760021 0.04315284355 0.2500214918 -0.9939328578 -0.04773736985 -0.09908893864 0.02403629957 0.7848537845 -0.6192146585 0.1073300077 -0.6178395265 -0.7789445352 0.0001123481047 0.2101582719 0
0.6915328829 0.3357599606 0.159640366 -0.01916105375 0.1678260643 0.4705357985 -0.002489862732 0.04358585972 0.2499192618 -0.9936849064 -0.0491566033 -0.1008659262 0.02475459352 0.7807423435 -0.6243625574 0.1094418421 -0.6229165445 -0.7745950309 0.0001150632168 0.2123216868 0
0.6985791368 0.3391811283 0.1612669937 -0.0195416727 0.1693634528 0.4697518738 -0.002540462687 0.04401853381 0.2498160176 -0.9934296127 -0.0506015095 -0.1026503379 0.02548607551 0.7766022756 -0.6294754685 0.1115708949 -0.6279557252 -0.770210064 0.0001178209453 0.2144851017 0
0.7065061725 0.3430299419 0.1630969499 -0.0199739119 0.1710869086 0.4688616318 -0.002597981396 0.04450487909 0.2496986567 -0.9931334656 -0.05225786842 -0.104666302 0.02632484564 0.7719109525 -0.6351853933 0.1139864995 -0.6335791952 -0.7652349191 0.0001209748239 0.2169189434 0
0.7135524264 0.3464511096 0.1647235776 -0.02036170273 0.1726133923 0.4680629359 -0.002649636386 0.0449368151 0.2495932605 -0.992862128 -0.05375773144 -0.1064654925 0.02708458773 0.7677113123 -0.6402232158 0.1161517106 -0.6385369584 -0.7607754812 0.0001238244318 0.2190823582 0
0.7205986803 0.3498722772 0.1663502053 -0.02075284661 0.1741346753 0.467257334 -0.002701787095 0.04536839855 0.2494868532 -0.9925830314 -0.05528363747 -0.1082711647 0.02785773574 0.7634842358 -0.6452253623 0.1183337325 -0.6434559356 -0.7562814203 0.0001267179019 0.2212457731 0
0.7276449342 0.3532934449 0.1679768331 -0.02114732932 0.1756507137 0.4664448555 -0.002754433029 0.04579962607 0.2493794358 -0.9922960413 -0.05683569699 -0.110083014 0.02864435579 0.7592301085 -0.6501916204 0.1205324326 -0.648335828 -0.7517530092 0.0001296556369 0.223409188 0
0.7355719698 0.3571422585 0.1698067892 -0.02159509545 0.1773499335 0.4655226341 -0.002814251026 0.04628432741 0.2492573852 -0.9919635737 -0.05861315806 -0.1121283464 0.02954548665 0.7544123637 -0.6557355029 0.1230257396 -0.6537786194 -0.7466178301 0.0001330140026 0.2258430297 0
0.7426182237 0.3605634262 0.1714334169 -0.02199662541 0.1788546823 0.464695641 -0.002867947637 0.04671478748 0.2491478248 -0.9916593602 -0.06022114264 -0.1139523031 0.03036094611 0.7501020426 -0.6606248092 0.1252594362 -0.6585744754 -0.7420173408 0.0001360471452 0.2280064445 0
0.7496644776 0.3639845938 0.1730600447 -0.022401449 0.1803540506 0.4638618643 -0.002922137889 0.04714488117 0.2490372576 -0.9913468287 -0.06185560061 -0.115781475 0.03119007269 0.7457658885 -0.6654775871 0.1275093904 -0.6633303282 -0.7373833678 0.0001391258223 0.2301698594 0
0.7567107315 0.3674057615 0.1746866724 -0.02280955153 0.1818479955 0.4630213344 -0.002976821263 0.04757460516 0.2489256847 -0.9910258424 -0.06351662617 -0.1176155514 0.03203292509 0.7414042948 -0.6702936396 0.1297754655 -0.668045889 -0.7327161925 0.0001422504438 0.2323332743 0
0.7646377672 0.3712545751 0.1765166286 -0.02327256777 0.1835221475 0.4620677038 -0.003038928847 0.04805759857 0.2487989643 -0.9906544555 -0.06541714864 -0.1196843614 0.0329976115 0.7364675866 -0.6756675599 0.132343898 -0.6733023768 -0.7274262864 0.0001458210735 0.234767116 0
0.7716840211 0.3746757428 0.1781432563 -0.02368758869 0.1850044257 0.4612129247 -0.003094658373 0.04848652586 0.2486852577 -0.9903150459 -0.06713492483 -0.1215278228 0.03386981799 0.7320532499 -0.6804049344 0.1346437717 -0.6779313691 -0.7226895001 0.000149044696 0.2369305308 0
0.778730275 0.3780969104 0.179769884 -0.02410584187 0.1864811475 0.4603514883 -0.003150879378 0.04891507305 0.2485705487 -0.9899667504 -0.06887953716 -0.1233752097 0.03475592211 0.727614716 -0.6851049926 0.136959333 -0.6825191824 -0.7179204042 0.0001523155551 0.2390939457 0
0.7866573106 0.381945724 0.1815998402 -0.02458022134 0.1881357654 0.459374454 -0.003214714813 0.04939673015 0.2484403043 -0.9895641238 -0.07087440009 -0.1254578192 0.03576946494 0.7225929417 -0.6903477283 0.1395829157 -0.6876309039 -0.7125169118 0.0001560522533 0.2415277874 0
0.7937035646 0.3853668917 0.1832264679 -0.02500529254 0.1896005403 0.4584989753 -0.003271978426 0.04982445858 0.248323469 -0.9891964842 -0.07267629188 -0.1273124983 0.03668526924 0.7181043227 -0.6949678933 0.1419313448 -0.69213029 -0.707680122 0.0001594248768 0.2436912023 0
0.8007498185 0.3887880594 0.1848530956 -0.02543354821 0.1910596279 0.4576169378 -0.00332973183 0.05025179655 0.2482056348 -0.9888195234 -0.07450524887 -0.1291701125 0.03761512505 0.7135927657 -0.6995501892 0.1442950188 -0.6965876346 -0.7028119342 0.0001628460455 0.2458546171 0
0.8077960724 0.392209227 0.1864797233 -0.02586497283 0.1925129869 0.4567283735 -0.003387974473 0.05067874075 0.2480868028 -0.9884331013 -0.07636133595 -0.1310303427 0.0385590778 0.7090586767 -0.7040944471 0.146673794 -0.7010026671 -0.6979126441 0.0001663161814 0.248018032 0
0.815723108 0.3960580406 0.1883096795 -0.02635409394 0.194141117 0.4557209772 -0.003454081548 0.05115857817 0.2479519256 -0.987986892 -0.07848193836 -0.1331258298 0.03963792905 0.7039314019 -0.7091610649 0.149367787 -0.7059186687 -0.6923641364 0.0001702791431 0.2504518737 0
0.8227693619 0.3994792083 0.1899363072 -0.02679220053 0.1955821663 0.4548186507 -0.003513361976 0.05158467464 0.2478309772 -0.9875798974 -0.08039587355 -0.1349905545 0.04061198009 0.6993507886 -0.7136239497 0.1517781716 -0.7102429007 -0.6873997444 0.0001738547431 0.2526152886 0
0.8298156158 0.402900376 0.1915629349 -0.02723342687 0.1970173592 0.4539098987 -0.003573129894 0.05201036702 0.2477090346 -0.9871630011 -0.08233711507 -0.1368568915 0.04160025798 0.6947489227 -0.7180482943 0.154203203 -0.7145239912 -0.6824051863 0.0001774806396 0.2547787034 0
0.8368618697 0.4063215436 0.1931895626 -0.02767775697 0.1984466552 0.4529947543 -0.003633384731 0.05243565204 0.2475860991 -0.9867360616 -0.0843057108 -0.1387245176 0.04260280041 0.6901262164 -0.7224339464 0.1566427338 -0.71876168 -0.6773807654 0.0001811572611 0.2569421183 0
0.8447889054 0.4101703572 0.1950195188 -0.02818131828 0.2000475146 0.4519576169 -0.00370175273 0.05291360666 0.2474466112 -0.9862435734 -0.08655313208 -0.1408267345 0.04374775574 0.684901276 -0.7273213705 0.1594043528 -0.723476881 -0.6716929767 0.0001853546279 0.25937596 0
0.8518351593 0.4135915249 0.1966461465 -0.02863219037 0.2014641466 0.4510289985 -0.003763040361 0.05333801511 0.2473215695 -0.9857948211 -0.08857999543 -0.1426960236 0.04478072687 0.6802356589 -0.7316243127 0.1618742019 -0.7276214901 -0.666606113 0.0001891404697 0.2615393749 0
0.8588814132 0.4170126925 0.1982727742 -0.02908611562 0.202874757 0.4500940918 -0.003824813103 0.05376200595 0.2471955386 -0.9853355815 -0.09063433575 -0.144565587 0.04582806815 0.6755504981 -0.7358881116 0.1643580845 -0.7317219019 -0.6614903463 0.0001929783854 0.2637027897 0
0.8659276671 0.4204338602 0.199899402 -0.02954307763 0.2042793064 0.4491529305 -0.003887070367 0.0541855759 0.2470685196 -0.9848657123 -0.09271618367 -0.1464350986 0.04688980947 0.6708462111 -0.7401126312 0.1668558497 -0.7357778675 -0.6563459873 0.0001968688097 0.2658662046 0
0.8738547027 0.4242826738 0.2017293581 -0.0300607692 0.2058521308 0.4480866904 -0.003957688206 0.05466158492 0.2469244438 -0.9843242257 -0.09509117557 -0.1485378301 0.04810151573 0.6655315478 -0.7448181007 0.1696822407 -0.740287395 -0.6505247958 0.0002013088442 0.2683000463 0
0.8809009567 0.4277038415 0.2033559858 -0.03052412936 0.2072436706 0.4471323515 -0.004020973105 0.05508424964 0.2467953293 -0.9838312941 -0.09723155978 -0.1504061453 0.04919394759 0.660788009 -0.7489587189 0.1722090018 -0.7442480977 -0.6453207178 0.0002053122991 0.2704634612 0
0.8879472106 0.4311250091 0.2049826136 -0.03099047432 0.2086290278 0.4461718651 -0.004084740657 0.05550648327 0.2466652306 -0.9833272861 -0.09939952032 -0.1522733852 0.05030086052 0.6560266557 -0.7530596592 0.1747491685 -0.7481635933 -0.6400890296 0.0002093696303 0.272626876 0
0.8949934645 0.4345461768 0.2066092413 -0.03145978725 0.2100081639 0.4452052659 -0.004148990256 0.05592828257 0.246534149 -0.9828120584 -0.1015950705 -0.154139221 0.05142227649 0.6512479099 -0.7571208024 0.1773025868 -0.7520336439 -0.634830049 0.0002134812784 0.2747902909 0
0.9029205001 0.4383949904 0.2084391975 -0.03199129085 0.2115522084 0.4441105784 -0.004221846487 0.05640228357 0.2463855088 -0.9822188379 -0.1040980537 -0.1562361983 0.05270123003 0.6458515575 -0.7616418752 0.1801908288 -0.7563328374 -0.6288814708 0.0002181723587 0.2772241326 0
0.909966754 0.4418161581 0.2100658252 -0.03246685434 0.2129179983 0.4431311055 -0.004287118396 0.05682314913 0.2462523426 -0.9816792926 -0.1063522565 -0.1580979572 0.05385352915 0.6410372571 -0.7656180722 0.1827718904 -0.7601055404 -0.6235655567 0.0002224008997 0.2793875475 0
0.9170130079 0.4452373257 0.2116924529 -0.03294533254 0.2142774488 0.4421456294 -0.004352870423 0.05724357022 0.2461181975 -0.9811280794 -0.1086340631 -0.1599572821 0.05502038757 0.636206888 -0.7695541258 0.1853657162 -0.7638320731 -0.6182233539 0.0002266851435 0.2815509623 0
0.9240592618 0.4486584934 0.2133190806 -0.03342670818 0.2156305224 0.4411541858 -0.004419101942 0.05766354361 0.2459830746 -0.9805650549 -0.1109434694 -0.1618138428 0.05620181929 0.6313608757 -0.7734499338 0.1879721485 -0.7675122092 -0.6128551869 0.0002310255365 0.2837143772 0
0.9319862975 0.452507307 0.2151490368 -0.03397169753 0.2171450617 0.440031723 -0.004494184758 0.05813547451 0.2458298944 -0.9799173553 -0.1135745309 -0.1638987576 0.0575483646 0.6258909438 -0.7777844896 0.1909192566 -0.7715966255 -0.6067853698 0.0002359761518 0.2861482189 0
0.9390325514 0.4559284747 0.2167756645 -0.03445917253 0.2184844617 0.4390277171 -0.004561433098 0.05855448583 0.2456926983 -0.9793287549 -0.1159425529 -0.165748346 0.05876080228 0.621013105 -0.7815944546 0.1935519514 -0.7751774299 -0.6013631135 0.0002404373498 0.2883116338 0
0.9460788053 0.4593496423 0.2184022922 -0.03494949043 0.2198173698 0.4380178559 -0.004629158943 0.05897303937 0.2455545286 -0.9787278946 -0.1183381339 -0.167594136 0.05998784456 0.6161209567 -0.7853638808 0.1961967555 -0.7787111485 -0.5959159172 0.0002449561003 0.2904750486 0
0.9540058409 0.463198456 0.2202322484 -0.03550447426 0.2213090862 0.4368748084 -0.004705920483 0.05944336092 0.2453979257 -0.9780370935 -0.1210660768 -0.1696656971 0.06138573157 0.6106007184 -0.7895559225 0.1991864345 -0.7826300325 -0.5897584222 0.0002501090505 0.2929088903 0
0.9610520948 0.4666196236 0.2218588761 -0.03600077461 0.2226280788 0.4358526258 -0.00477465888 0.05986093103 0.2452576915 -0.9774097043 -0.1235201431 -0.1715023155 0.06264382612 0.605679584 -0.7932389253 0.2018564367 -0.7860629846 -0.5842593287 0.000254751602 0.2950723052 0
0.9680983488 0.4700407913 0.2234855038 -0.03649986239 0.2239404668 0.4348247021 -0.004843872752 0.06027803334 0.2451164879 -0.9767696069 -0.1260016861 -0.1733341 0.06391653757 0.6007454792 -0.7968811363 0.2045380437 -0.7894481897 -0.5787363341 0.0002594531222 0.2972357201 0
0.9751446027 0.4734619589 0.2251121315 -0.03700171964 0.2252462149 0.4337910744 -0.00491356144 0.06069466466 0.2449743163 -0.976116658 -0.1285106707 -0.175160719 0.06520386583 0.5957988336 -0.8004824831 0.2072310929 -0.7927854422 -0.5731897738 0.0002642140672 0.2993991349 0
0.9830716383 0.4773107725 0.2269420877 -0.03756959698 0.2267072009 0.4326214714 -0.00499252794 0.06116280793 0.2448132178 -0.9753665509 -0.1313660304 -0.1772090784 0.06666957917 0.5902194023 -0.8044850678 0.2102742462 -0.7964822805 -0.5669221447 0.0002696417306 0.3018329766 0
0.9901178922 0.4807319402 0.2285687154 -0.03807727936 0.2279987226 0.4315758463 -0.005063223401 0.06157842779 0.2446689936 -0.9746858178 -0.1339331923 -0.1790236203 0.06798795897 0.5852475349 -0.8079993566 0.2129910657 -0.7997169642 -0.5613266278 0.0002745304725 0.3039963915 0
0.9971641461 0.4841531079 0.2301953431 -0.03858767454 0.2292834953 0.4305246338 -0.00513439159 0.0619935667 0.2445238057 -0.9739917866 -0.1365276584 -0.1808319612 0.06932094276 0.580264471 -0.8114725816 0.2157188137 -0.8029030715 -0.5557086028 0.0002794800719 0.3061598064 0
1.0042104 0.4875742755 0.2318219708 -0.03910076418 0.2305614845 0.4294678719 -0.005206031828 0.06240822147 0.2443776553 -0.9732843147 -0.139149376 -0.1826337699 0.0706685224 0.575270641 -0.8149046874 0.2184573246 -0.8060404089 -0.5500684108 0.0002844909899 0.3083232212 0
1.012137436 0.4914230891 0.233651927 -0.03968118782 0.2319910717 0.4282724284 -0.005287190492 0.06287412545 0.2442120876 -0.9724721659 -0.1421313112 -0.1846525846 0.07220198347 0.5696402501 -0.8187165926 0.2215508073 -0.8095113809 -0.5436971252 0.0002902021432 0.3107570629 0
1.01918369 0.4948442568 0.2352785547 -0.04019994194 0.2332545334 0.4272039999 -0.005359831564 0.06328774092 0.244063897 -0.9717356603 -0.1448107435 -0.186439414 0.0735805434 0.564624973 -0.8220611556 0.2243116362 -0.8125444532 -0.5380109678 0.0002953448999 0.3129204778 0
1.026229943 0.4982654245 0.2369051825 -0.04072133268 0.234511106 0.4261301409 -0.005432942538 0.06370086237 0.2439147484 -0.9709852701 -0.147517235 -0.1882186779 0.07497366119 0.5596002765 -0.8253644532 0.2270827062 -0.8155281699 -0.5323037184 0.0003005504241 0.3150838927 0
