0.007165450292 0.003720803373 0.0009980039166 -2.266197301e-06 0.001827179898 0.5099956358 -2.841159761e-07 0.0004551186752 0.2549994584 -0.9999999999 -6.227117587e-08 -1.319757448e-05 3.182312577e-08 0.9999745845 -0.007129546352 1.319768302e-05 -0.007129546351 -0.9999745844 2.993567647e-08 0.001327345209 0
0.0142116792 0.007379698656 0.001979402678 -8.91450804e-06 0.003623900754 0.5099828326 -1.124067124e-06 0.0009044048422 0.254997857 -0.9999999987 -4.887129098e-07 -5.191349466e-05 2.453939316e-07 0.9999000249 -0.01414002249 5.191521502e-05 -0.01414002248 -0.9999000235 5.607352818e-08 0.002632605562 0
0.0212579081 0.01103859394 0.00296080144 -1.994530813e-05 0.005420507391 0.5099615897 -2.523858358e-06 0.001354411433 0.2549951881 -0.9999999933 -1.636934952e-06 -0.0001161451919 8.198574322e-07 0.9997763219 -0.02114961621 0.0001161538333 -0.02114961616 -0.9997763151 4.046878113e-08 0.003937865916 0
0.02830413701 0.01469748922 0.003942200202 -3.535818037e-05 0.007216943185 0.5099319079 -4.48287117e-06 0.001804508611 0.2549914529 -0.9999999788 -3.864662885e-06 -0.0002058823429 1.934081933e-06 0.999603488 -0.02815789013 0.0002059095288 -0.02815788993 -0.9996034668 1.224533858e-08 0.005243126269 0
0.03535036591 0.01835638451 0.004923598964 -5.515254182e-05 0.00901315152 0.5098937883 -7.000309314e-06 0.002254546947 0.254986653 -0.9999999484 -7.529458928e-06 -0.0003211105249 3.766859129e-06 0.999381541 -0.03516440703 0.0003211767002 -0.03516440643 -0.9993814894 9.181846679e-08 0.006548386622 0
0.04239659481 0.02201527979 0.005904997726 -7.932764385e-05 0.01080907579 0.5098472324 -1.007573751e-05 0.002704507364 0.2549807891 -0.9999998933 -1.298866783e-05 -0.0004618112177 6.496878727e-06 0.9991105035 -0.04216872988 0.0004619481538 -0.04216872838 -0.9991103968 1.966530774e-07 0.007853646975 0
0.04944282372 0.02567417507 0.006886396488 -0.0001078825721 0.01260465939 0.5097922419 -1.37089238e-05 0.003154395921 0.2549738617 -0.9999998026 -2.059936279e-05 -0.0006279618057 1.030270308e-05 0.9987904032 -0.04917042189 0.0006282151045 -0.04917041866 -0.9987902058 3.242508652e-07 0.009158907329 0
0.05648905262 0.02933307036 0.007867795249 -0.0001408162467 0.01439984576 0.5097288188 -1.789972957e-05 0.003604220602 0.2549658712 -0.9999996637 -3.071829141e-05 -0.0008195355817 1.536274184e-05 0.9984212728 -0.0561690466 0.0008199671757 -0.05616904031 -0.9984209366 4.736408416e-07 0.01046416768 0
0.06353528153 0.03299196564 0.008849194011 -0.0001781274221 0.01619457831 0.5096569657 -2.264805802e-05 0.004053987113 0.2549568176 -0.9999994619 -4.370182166e-05 -0.00103650175 2.185522665e-05 0.99800315 -0.06316416789 0.001037192401 -0.06316415655 -0.998002612 6.443353634e-07 0.01176942803 0
0.07058151043 0.03665086092 0.009830592773 -0.0002198146871 0.01798880051 0.5095766852 -2.795383075e-05 0.004503698732 0.2549467011 -0.9999991805 -5.990588798e-05 -0.001278825431 2.995818578e-05 0.9975360775 -0.07015535003 0.001279877223 -0.07015533085 -0.9975352583 8.360874269e-07 0.01307468839 0
0.07762773934 0.04030975621 0.01081199153 -0.0002658764654 0.01978245584 0.5094879803 -3.381697655e-05 0.004953356856 0.2549355219 -0.999998801 -7.968593736e-05 -0.001546467666 3.984941895e-05 0.9970201031 -0.07714215775 0.001548006497 -0.07714212688 -0.9970189045 1.048780545e-06 0.01437994874 0
0.08467396824 0.04396865149 0.0117933903 -0.0003163110149 0.02157548778 0.5093908544 -4.023742587e-05 0.005402961532 0.2549232801 -0.999998303 -0.0001033968755 -0.001839385422 5.1706472e-05 0.9964552793 -0.08412415628 0.001841563489 -0.08412410863 -0.996453583 1.282374269e-06 0.01568520909 0
0.09172019715 0.04762754677 0.01277478906 -0.0003711164285 0.02336783988 0.5092853112 -4.721510786e-05 0.005852511845 0.2549099758 -0.9999976639 -0.0001313930131 -0.002157531598 6.570661169e-05 0.9958416639 -0.09110091141 0.00216052988 -0.09110084035 -0.9958393289 1.536875575e-06 0.01699046945 0
0.09876642605 0.05128644206 0.01375618782 -0.0004302906337 0.02515945568 0.5091713547 -5.474994872e-05 0.006302006203 0.2548956092 -0.9999968594 -0.0001640280121 -0.002500855032 8.202680059e-05 0.9951793196 -0.09807198951 0.002504885763 -0.09807188664 -0.9951761807 1.812323094e-06 0.0182957298 0
0.105812655 0.05494533734 0.01473758658 -0.0004938313928 0.02695027877 0.5090489892 -6.284187083e-05 0.006751442529 0.2548801804 -0.9999958632 -0.0002016548323 -0.002869300507 0.0001008436719 0.9944683139 -0.1050369576 0.002874609647 -0.1050368125 -0.9944641797 2.108777999e-06 0.01960099015 0
0.1128588839 0.05860423262 0.01571898534 -0.0005617363034 0.02874025276 0.5089182192 -7.14907921e-05 0.007200818388 0.2548636896 -0.9999946471 -0.0002446256774 -0.003262808758 0.0001223335042 0.9937087195 -0.1119953835 0.003269678459 -0.1119951831 -0.9937033703 2.426318548e-06 0.02090625051 0
0.1199051128 0.06226312791 0.01670038411 -0.0006340027977 0.03052932132 0.5087790498 -8.069662571e-05 0.007650131085 0.254846137 -0.9999931809 -0.0002932919424 -0.003681316483 0.0001466721969 0.9929006138 -0.1189468356 0.003690067544 -0.1189465644 -0.9928938001 2.765036688e-06 0.02221151086 0
0.1269513417 0.06592202319 0.01768178287 -0.0007106281435 0.03231742814 0.5086314862 -9.045927984e-05 0.008099377733 0.2548275227 -0.9999914326 -0.0003480041595 -0.004124756349 0.0001740352445 0.9920440793 -0.1258908831 0.004135750665 -0.1258905224 -0.9920355195 3.125035884e-06 0.02351677121 0
0.1339975706 0.06958091847 0.01866318163 -0.0007916094437 0.03410451694 0.508475534 -0.0001007786575 0.008548555293 0.2548078469 -0.9999893682 -0.0004091119453 -0.004593057001 0.0002045977125 0.9911392034 -0.1328270964 0.00460670001 -0.1328266239 -0.9911285821 3.50642967e-06 0.02482203157 0
0.1410437995 0.07323981376 0.01964458039 -0.0008769436367 0.03589053151 0.5083111991 -0.0001116546566 0.008997660615 0.2547871098 -0.9999869517 -0.0004769639481 -0.005086143076 0.0002385342118 0.9901860785 -0.1397550462 0.005102886186 -0.1397544359 -0.9901730446 3.909340675e-06 0.02612729192 0
0.1480900284 0.07689870904 0.02062597915 -0.0009666274964 0.03767541566 0.5081384877 -0.0001230871696 0.009446690461 0.2547653116 -0.9999841455 -0.0005519077942 -0.005603935206 0.0002760188742 0.9891848018 -0.1466743047 0.005624278228 -0.1466735261 -0.9891689665 4.333899932e-06 0.02743255227 0
0.1551362573 0.08055760432 0.02160737792 -0.001060657633 0.03945911327 0.5079574063 -0.0001350760838 0.009895641523 0.2547424526 -0.9999809098 -0.000634290036 -0.006146350035 0.0003172253277 0.9881354754 -0.1535844448 0.006170843597 -0.1535834627 -0.9881164105 4.780246378e-06 0.02873781263 0
0.1621824862 0.08421649961 0.02258877668 -0.001159030491 0.04124156825 0.5077679618 -0.0001476212808 0.01034451044 0.2547185329 -0.9999772031 -0.0007244560985 -0.00671330023 0.0003623266716 0.9870382062 -0.1604850406 0.006742548183 -0.1604838144 -0.9870154423 5.248526495e-06 0.03004307298 0
0.1692287151 0.08787539489 0.02357017544 -0.001261742353 0.04302272457 0.5075701613 -0.0001607226373 0.01079329381 0.2546935529 -0.9999729819 -0.0008227502279 -0.007304694488 0.0004114954522 0.9858931062 -0.167375667 0.007339356306 -0.1673741507 -0.9858661306 5.738894019e-06 0.03134833333 0
0.176274944 0.09153429017 0.0245515742 -0.001368789336 0.04480252625 0.5073640123 -0.0001743800241 0.01124198818 0.2546675127 -0.9999682008 -0.0009295154381 -0.007920437555 0.0004649036378 0.984700292 -0.1742559004 0.007961230723 -0.1742540414 -0.9846685472 6.251509721e-06 0.03265359369 0
0.1833211729 0.09519318546 0.02553297296 -0.001480167395 0.04658091739 0.5071495226 -0.0001885933069 0.0116905901 0.2546404125 -0.9999628127 -0.001045093459 -0.008560430235 0.0005227225948 0.9834598852 -0.1811253181 0.008608132622 -0.1811230573 -0.9834227667 6.786541227e-06 0.03395885404 0
0.1903674018 0.09885208074 0.02651437172 -0.00159587232 0.04835784212 0.5069267003 -0.000203362346 0.01213909607 0.2546122528 -0.9999567685 -0.001169824686 -0.009224569404 0.0005851230627 0.9821720123 -0.187983499 0.009280021632 -0.1879807697 -0.982128867 7.344162864e-06 0.03526411439 0
0.1974136307 0.102510976 0.02749577049 -0.00171589974 0.05013324464 0.5066955539 -0.0002186869959 0.01258750257 0.2545830338 -0.9999500172 -0.001304048126 -0.009912748026 0.0006522751304 0.9808368043 -0.1948300228 0.009976855822 -0.1948267505 -0.9807869288 7.92455553e-06 0.03656937475 0
0.2044598596 0.1061698713 0.02847716925 -0.001840245118 0.05190706922 0.506456092 -0.0002345671061 0.01303580609 0.2545527556 -0.9999425061 -0.001448101345 -0.01062485516 0.0007243482113 0.9794543973 -0.201664471 0.0106985917 -0.2016605726 -0.9793970357 8.527906573e-06 0.0378746351 0
0.2115060885 0.1098287666 0.02945856801 -0.001968903755 0.05367926019 0.5062083237 -0.0002510025204 0.01348400308 0.2545214188 -0.9999341805 -0.001602320421 -0.011360776 0.00080151102 0.9780249321 -0.2084864261 0.01144518423 -0.2084818094 -0.9779592747 9.154409694e-06 0.03917989545 0
0.2185523174 0.1134876619 0.03043996677 -0.002101870792 0.05544976196 0.5059522584 -0.0002679930773 0.01393209 0.2544890235 -0.999924984 -0.00176703989 -0.01212039185 0.0008839315476 0.976548554 -0.2152954723 0.01221658682 -0.2152900353 -0.9764737353 9.804264842e-06 0.04048515581 0
0.2255985463 0.1171465572 0.03142136553 -0.002239141205 0.05721851899 0.5056879057 -0.0002855386097 0.01438006329 0.25445557 -0.9999148584 -0.001942592693 -0.01290358017 0.0009717770379 0.9750254134 -0.2220911952 0.01301275133 -0.2220848253 -0.9749405103 1.047767812e-05 0.04179041616 0
0.2326447752 0.1208054524 0.0324027643 -0.002380709807 0.05898547584 0.5054152757 -0.0003036389452 0.01482791938 0.2544210588 -0.9999037434 -0.002129310129 -0.0137102146 0.001065213964 0.9734556651 -0.2288731817 0.01383362806 -0.2288657555 -0.9733596954 1.117486171e-05 0.04309567651 0
0.2396910041 0.1244643477 0.03338416306 -0.002526571252 0.06075057712 0.5051343785 -0.0003222939059 0.01527565471 0.2543854902 -0.9998915772 -0.002327521803 -0.01454016494 0.001164408003 0.971839469 -0.2356410208 0.01467916579 -0.2356324026 -0.9717313893 1.189603378e-05 0.04440093687 0
0.246737233 0.128123243 0.03436556182 -0.002676720029 0.06251376753 0.504845225 -0.0003415033084 0.01572326569 0.2543488644 -0.9998782962 -0.002537555574 -0.0153932972 0.001269524016 0.9701769892 -0.2423943025 0.01554931175 -0.2423843443 -0.9700556935 1.264141837e-05 0.04570619722 0
0.253783462 0.1317821383 0.03534696058 -0.002831150469 0.06427499186 0.5045478259 -0.000361266964 0.01617074875 0.2543111819 -0.9998638348 -0.002759737509 -0.01626947362 0.001380726021 0.9684683949 -0.2491326188 0.01644401163 -0.2491211593 -0.9683327127 1.341124538e-05 0.04701145757 0
0.2608296909 0.1354410336 0.03632835934 -0.00298985674 0.06603419496 0.5042421924 -0.0003815846784 0.0166181003 0.2542724431 -0.9998481257 -0.002994391828 -0.01716855266 0.001498177168 0.9667138595 -0.2558555635 0.01736320961 -0.2558424271 -0.9665625543 1.420575043e-05 0.04831671793 0
0.2678759198 0.1390999289 0.0373097581 -0.003152832847 0.06779132178 0.5039283362 -0.0004024562519 0.01706531675 0.2542326483 -0.9998310999 -0.003241840859 -0.01809038905 0.001622039723 0.9649135613 -0.2625627319 0.01830684831 -0.2625477283 -0.9647453289 1.50251748e-05 0.04962197828 0
0.2740413701 0.1423014622 0.03816848202 -0.003298934709 0.06932706134 0.5036469761 -0.0004211730553 0.01745651752 0.2541969619 -0.9998150666 -0.003469106334 -0.01891554698 0.001735805683 0.9633009043 -0.268418246 0.01915253495 -0.2684014402 -0.9631167361 1.576280668e-05 0.05076408109 0
0.281087599 0.1459603575 0.03914988078 -0.00346990005 0.07108014706 0.5033177344 -0.0004430825578 0.01790347101 0.2541551883 -0.9997953798 -0.003741407417 -0.01987964889 0.001872123786 0.9614152973 -0.2750947497 0.02014184009 -0.2750756769 -0.9612115679 1.662962447e-05 0.05206934144 0
0.2881338279 0.1496192528 0.04013127954 -0.003645117104 0.07283099872 0.5029803048 -0.0004655453151 0.01835027908 0.2541123598 -0.999774168 -0.004027418906 -0.02086606982 0.002015314646 0.9594844654 -0.2817543241 0.02115541254 -0.2817327466 -0.9592596666 1.752208608e-05 0.05337460179 0
0.2951800568 0.1532781481 0.04111267831 -0.003824579258 0.07457956161 0.5026347001 -0.0004885611066 0.01879693816 0.254068477 -0.9997513555 -0.004327455323 -0.02187465019 0.002165536865 0.9575086046 -0.2883965718 0.02219318906 -0.288372234 -0.957261154 1.844045398e-05 0.05467986215 0
0.3022262857 0.1569370434 0.04209407707 -0.004008279738 0.07632578113 0.5022809334 -0.000512129706 0.01924344464 0.2540235402 -0.9997268647 -0.004641829062 -0.02290522676 0.002322948046 0.9554879151 -0.2950210976 0.02325510487 -0.2949937245 -0.9552161549 1.938499592e-05 0.0559851225 0
0.3092725146 0.1605959386 0.04307547583 -0.004196211611 0.07806960277 0.5019190178 -0.0005362508818 0.01968979493 0.2539775499 -0.9997006164 -0.004970850335 -0.02395763271 0.002487704766 0.9534226019 -0.3016275079 0.02434109371 -0.3015968051 -0.9531247968 2.035598484e-05 0.05729038285 0
0.3163187435 0.1642548339 0.04405687459 -0.004388367785 0.07981097212 0.5015489672 -0.0005609243971 0.02013598544 0.2539305066 -0.9996725297 -0.005314827125 -0.02503169757 0.002659962562 0.9513128742 -0.3082154116 0.0254510878 -0.3081810636 -0.9509872103 2.135369883e-05 0.05859564321 0
0.3233649724 0.1679137292 0.04503827335 -0.004584741011 0.08154983487 0.5011707955 -0.0005861500093 0.02058201258 0.2538824107 -0.9996425221 -0.005674065142 -0.02612724736 0.002839875898 0.9491589458 -0.3147844195 0.02658501786 -0.3147460892 -0.9488035288 2.237842099e-05 0.05990090356 0
0.3304112013 0.1715726245 0.04601967212 -0.004785323878 0.08328613684 0.500784517 -0.0006119274705 0.02102787276 0.2538332627 -0.9996105091 -0.006048867772 -0.0272441045 0.00302759815 0.9469610347 -0.3213341445 0.02774281314 -0.321291472 -0.9465738885 2.343043942e-05 0.06120616391 0
0.3374574302 0.1752315198 0.04700107088 -0.004990108821 0.08501982392 0.5003901461 -0.0006382565276 0.02147356239 0.253783063 -0.999576405 -0.006439536033 -0.02838208792 0.003223281585 0.9447193634 -0.3278642018 0.02892440137 -0.3278168036 -0.9442984286 2.451004709e-05 0.06251142427 0
0.3445036591 0.1788904151 0.04798246964 -0.005199088116 0.08675084213 0.4999876979 -0.0006651369219 0.02191907787 0.2537318123 -0.9995401221 -0.006846368528 -0.02954101303 0.003427077332 0.9424341588 -0.3343742088 0.03012970882 -0.3343216769 -0.9419772911 2.561754179e-05 0.06381668462 0
0.351549888 0.1825493103 0.0489638684 -0.005412253879 0.0884791376 0.4995771874 -0.0006925683891 0.02236441561 0.253679511 -0.9995015713 -0.007269661397 -0.03072069177 0.003639135368 0.9401056518 -0.3408637853 0.03135866026 -0.3408056858 -0.9396106209 2.675322605e-05 0.06512194497 0
0.3585961169 0.1862082056 0.04994526716 -0.005629598074 0.09020465658 0.4991586302 -0.0007205506598 0.02280957204 0.2536261596 -0.9994606618 -0.007709708274 -0.03192093265 0.00385960449 0.937734078 -0.3473325532 0.03261117901 -0.3472684256 -0.9371985657 2.791740708e-05 0.06642720533 0
0.3656423458 0.1898671009 0.05092666592 -0.005851112504 0.09192734542 0.4987320421 -0.0007490834591 0.02325454356 0.2535717586 -0.9994173011 -0.008166800239 -0.03314154074 0.004088632301 0.9353196768 -0.3537801369 0.03388718688 -0.3537094931 -0.934741276 2.911039664e-05 0.06773246568 0
0.3726885747 0.1935259962 0.05190806469 -0.006076788819 0.09364715061 0.4982974391 -0.0007781665066 0.02369932658 0.2535163087 -0.9993713952 -0.008641225775 -0.03438231772 0.004326365181 0.9328626922 -0.3602061632 0.03518660426 -0.3601284863 -0.9322389051 3.033251103e-05 0.06903772603 0
0.3797348036 0.1971848915 0.05288946345 -0.006306618511 0.09536401874 0.4978548375 -0.0008077995166 0.02414391752 0.2534598102 -0.9993228485 -0.009133270721 -0.0356430619 0.004572948272 0.9303633722 -0.3666102614 0.03650935004 -0.3665250046 -0.9296916093 3.158407097e-05 0.07034298639 0
0.3867810325 0.2008437868 0.05387086221 -0.006540592918 0.09707789654 0.4974042542 -0.0008379821979 0.0245883128 0.2534022639 -0.9992715639 -0.009643218232 -0.03692356826 0.004828525451 0.927821969 -0.3729920632 0.03785534167 -0.3728986487 -0.9270995475 3.286540157e-05 0.07164824674 0
0.3938272614 0.204502682 0.05485226097 -0.006778703222 0.09878873085 0.496945706 -0.000868714254 0.02503250884 0.2533436702 -0.9992174427 -0.01017134873 -0.03822362846 0.005093239318 0.9252387388 -0.3793512029 0.03922449516 -0.379249021 -0.9244628814 3.41768322e-05 0.07295350709 0
0.4008734903 0.2081615773 0.05583365973 -0.00702094045 0.1004964687 0.4964792103 -0.0008999953829 0.02547650205 0.2532840298 -0.9991603848 -0.01071793985 -0.03954303087 0.005367231166 0.922613942 -0.3856873174 0.04061672506 -0.385575725 -0.9217817756 3.551869645e-05 0.07425876745 0
0.4079197192 0.2118204726 0.0568150585 -0.007267295477 0.102201057 0.4960047846 -0.0009318252773 0.02592028886 0.2532233432 -0.9991002882 -0.01128326644 -0.04088156062 0.005650640968 0.9199478431 -0.3920000461 0.04203194448 -0.3918783661 -0.9190563975 3.689133208e-05 0.0755640278 0
0.4149659481 0.2154793679 0.05779645726 -0.007517759021 0.1039024433 0.4955224469 -0.0009642036246 0.0263638657 0.253161611 -0.9990370498 -0.01186760046 -0.04223899961 0.005943607351 0.9172407106 -0.3982890312 0.0434700651 -0.3981565508 -0.9162869171 3.829508088e-05 0.07686928815 0
0.4220121771 0.2191382632 0.05877785602 -0.007772321649 0.1056005747 0.4950322151 -0.0009971301065 0.02680722898 0.2530988339 -0.9989705649 -0.01247121097 -0.04361512654 0.006246267582 0.9144928168 -0.4045539175 0.04493099718 -0.4044098872 -0.9134735073 3.973028869e-05 0.07817454851 0
0.429058406 0.2227971585 0.05975925478 -0.008030973774 0.1072953989 0.4945341079 -0.0010306044 0.02725037514 0.2530350125 -0.9989007273 -0.01309436409 -0.04500971696 0.006558757542 0.9117044382 -0.4107943525 0.04641464953 -0.4106379853 -0.9106163437 4.119730523e-05 0.07947980886 0
0.4361046349 0.2264560537 0.06074065354 -0.008293705656 0.1089868634 0.494028144 -0.001064626175 0.0276933006 0.2529701474 -0.9988274293 -0.01373732295 -0.04642254327 0.006881211711 0.9088758551 -0.4170099866 0.04792092958 -0.4168404562 -0.9077156044 4.269648412e-05 0.08078506921 0
0.4431508638 0.230114949 0.06172205231 -0.008560507404 0.110674916 0.4935143424 -0.001099195099 0.0281360018 0.2529042393 -0.9987505617 -0.01440034766 -0.04785337479 0.007213763146 0.9060073517 -0.4232004729 0.0494497433 -0.423016913 -0.9047714707 4.422818276e-05 0.08209032957 0
0.4501970927 0.2337738443 0.06270345107 -0.008831368974 0.1123595047 0.4929927225 -0.001134310831 0.02857847518 0.2528372887 -0.9986700141 -0.01508369525 -0.04930197773 0.007556543464 0.903099216 -0.4293654675 0.0510009953 -0.4291669701 -0.9017841262 4.579276226e-05 0.08339558992 0
0.4572433216 0.2374327396 0.06368484983 -0.009106280173 0.1140405776 0.4924633039 -0.001169973026 0.02902071716 0.2527692965 -0.9985856746 -0.01578761963 -0.05076811531 0.007909682819 0.9001517399 -0.4355046292 0.05257458876 -0.4352902436 -0.8987537574 4.739058742e-05 0.08470085027 0
0.4642895505 0.2410916349 0.06466624859 -0.009385230655 0.1157180828 0.4919261065 -0.001206181335 0.02946272419 0.2527002632 -0.9984974298 -0.01651237159 -0.0522515477 0.008273309888 0.897165219 -0.4416176199 0.05417042548 -0.4413863516 -0.8956805533 4.90220266e-05 0.08600611063 0
0.4713357794 0.2447505302 0.06564764735 -0.009668209923 0.1173919688 0.4913811506 -0.001242935401 0.0299044927 0.2526301895 -0.9984051651 -0.0172581987 -0.05375203214 0.008647551848 0.8941399526 -0.4477041042 0.05578840586 -0.4474549135 -0.8925647058 5.068745171e-05 0.08731137098 0
0.4783820083 0.2484094254 0.06662904611 -0.009955207333 0.1190621841 0.4908284566 -0.001280234863 0.03034601915 0.2525590761 -0.9983087643 -0.01802534532 -0.0552693229 0.009032534361 0.8910762439 -0.4537637501 0.05742842894 -0.4534955507 -0.8894064094 5.23872381e-05 0.08861663133 0
0.4854282372 0.2520683207 0.06761044488 -0.01024621209 0.1207286773 0.4902680454 -0.001318079355 0.03078729997 0.2524869238 -0.9982081101 -0.01881405254 -0.05680317134 0.009428381553 0.8879743995 -0.4597962283 0.05909039236 -0.459507886 -0.8862058611 5.412176453e-05 0.08992189169 0
0.4924744661 0.255727216 0.06859184364 -0.01054121325 0.1223913973 0.4896999379 -0.001356468505 0.03122833162 0.2524137332 -0.9981030839 -0.01962455813 -0.05835332598 0.009835215997 0.8848347297 -0.4658012126 0.06077419239 -0.4654915444 -0.8829632606 5.589141311e-05 0.09122715204 0
0.499520695 0.2593861113 0.0695732424 -0.01084019972 0.124050293 0.4891241556 -0.001395401936 0.03166911054 0.2523395051 -0.9979935655 -0.02045709653 -0.05991953248 0.0102531587 0.8816575484 -0.4717783803 0.06247972397 -0.4714461523 -0.8796788104 5.769656921e-05 0.09253241239 0
0.5065669239 0.2630450066 0.07055464116 -0.01114316026 0.1257053137 0.4885407201 -0.001434879266 0.03210963319 0.2522642402 -0.9978794338 -0.02131189879 -0.06150153369 0.01068232907 0.8784431731 -0.4777274112 0.06420688065 -0.4773713382 -0.8763527155 5.953762142e-05 0.09383767274 0
0.5136131528 0.2667039019 0.07153603992 -0.01145008349 0.1273564085 0.4879496534 -0.001474900107 0.03254989603 0.2521879393 -0.997760566 -0.02218919255 -0.06309906972 0.01112284491 0.8751919248 -0.4836479889 0.06595555464 -0.4832667323 -0.8729851833 6.141496148e-05 0.0951429331 0
0.5206593817 0.2703627971 0.07251743869 -0.01176095786 0.1290035271 0.4873509776 -0.001515464064 0.03298989551 0.252110603 -0.9976368385 -0.02308920199 -0.06471187794 0.01157482242 0.8719041277 -0.4895397998 0.06772563681 -0.4891319667 -0.8695764241 6.332898423e-05 0.09644819345 0
0.5277056106 0.2740216924 0.07349883745 -0.01207577171 0.1306466191 0.4867447153 -0.001556570741 0.03342962809 0.2520322323 -0.9975081262 -0.0240121478 -0.066339693 0.01203837613 0.8685801098 -0.4954025337 0.06951701669 -0.4949666753 -0.8661266505 6.528008755e-05 0.0977534538 0
0.5347518395 0.2776805877 0.07448023621 -0.01239451319 0.1322856342 0.4861308891 -0.001598219733 0.03386909025 0.2519528278 -0.9973743029 -0.02495824715 -0.06798224693 0.01251361894 0.8652202022 -0.5012358837 0.07132958249 -0.500770494 -0.862636078 6.726867232e-05 0.09905871416 0
0.5417980684 0.281339483 0.07546163497 -0.01271717035 0.1339205224 0.4855095223 -0.001640410632 0.03430827844 0.2518723904 -0.997235241 -0.02592771362 -0.0696392691 0.01300066206 0.8618247394 -0.5070395461 0.0731632211 -0.5065430605 -0.8591049243 6.929514233e-05 0.1003639745 0
0.5488442973 0.2849983783 0.07644303373 -0.01304373106 0.135551234 0.4848806381 -0.001683143022 0.03474718914 0.2517909208 -0.997090812 -0.02692075724 -0.07131048634 0.01349961501 0.8583940593 -0.5128132207 0.07501781806 -0.5122840147 -0.8555334098 7.135990424e-05 0.1016692349 0
0.5558905262 0.2886572736 0.07742443249 -0.01337418306 0.1371777192 0.4842442601 -0.001726416483 0.03518581882 0.2517084198 -0.9969408861 -0.02793758436 -0.0729956229 0.0140105856 0.8549285029 -0.5185566106 0.07689325766 -0.5179929983 -0.8519217573 7.346336756e-05 0.1029744952 0
0.5629367551 0.2923161688 0.07840583126 -0.01370851395 0.1387999285 0.4836004122 -0.001770230592 0.03562416396 0.2516248883 -0.9967853325 -0.02897839771 -0.07469440052 0.01453367995 0.8514284145 -0.5242694223 0.07878942284 -0.523669655 -0.8482701924 7.560594455e-05 0.1042797556 0
0.569982984 0.2959750641 0.07938723002 -0.01404671118 0.1404178126 0.4829491186 -0.001814584916 0.03606222103 0.2515403271 -0.996624019 -0.03004339629 -0.0764065385 0.0150690024 0.8478941414 -0.5299513658 0.08070619526 -0.5293136304 -0.8445789429 7.778805019e-05 0.1055850159 0
0.5761484343 0.2991765975 0.08024595393 -0.01434579539 0.1418298746 0.4823731481 -0.001853837754 0.0364452819 0.2514654921 -0.9964780402 -0.03099526312 -0.07791539636 0.01554752111 0.8447738859 -0.5348975194 0.08240018151 -0.5342250232 -0.8413167268 7.973014674e-05 0.1067271187 0
0.5831946632 0.3028354928 0.0812273527 -0.01469120769 0.1434395167 0.4817079598 -0.001899203806 0.03688278937 0.2513790025 -0.9963055675 -0.03210613241 -0.07965181992 0.01610604642 0.8411764639 -0.5405208154 0.0843552691 -0.5398067736 -0.8375516914 8.198749637e-05 0.1080323791 0
0.5902408921 0.3064943881 0.08220875146 -0.01504044947 0.1450446929 0.4810353969 -0.001945108808 0.03731999867 0.2512914856 -0.9961269494 -0.03324173822 -0.08140078336 0.01667709004 0.8375458733 -0.5461124286 0.08633061658 -0.5453548358 -0.8337476403 8.428558243e-05 0.1093376394 0
0.5972871211 0.3101532833 0.08319015022 -0.01539350763 0.1466453545 0.4803554844 -0.001991552308 0.03775690629 0.2512029423 -0.9959420498 -0.03440226492 -0.08316199674 0.01726074946 0.8338824734 -0.5516720829 0.08832610068 -0.5508688634 -0.829904811 8.662482999e-05 0.1106428998 0
0.60433335 0.3138121786 0.08417154898 -0.01575036892 0.1482414531 0.4796682479 -0.00203853385 0.03819350873 0.2511133735 -0.9957507314 -0.03558789305 -0.08493516787 0.01785712034 0.8301866264 -0.5571995052 0.09034159687 -0.5563485124 -0.8260234432 8.900566658e-05 0.1119481601 0
0.6113795789 0.3174710739 0.08515294774 -0.01611101998 0.1498329406 0.4789737131 -0.002086052973 0.03862980248 0.2510227801 -0.9955528562 -0.03679879925 -0.08672000229 0.01846629654 0.8264586973 -0.5626944265 0.09237697936 -0.5617934408 -0.8221037791 9.142852221e-05 0.1132534205 0
0.6184258078 0.3211299692 0.08613434651 -0.01647544728 0.1514197688 0.4782719062 -0.00213410921 0.03906578404 0.250931163 -0.9953482851 -0.03803515627 -0.08851620337 0.01908837005 0.822699054 -0.5681565811 0.09443212113 -0.5672033087 -0.8181460634 9.389382925e-05 0.1145586809 0
0.6254720367 0.3247888645 0.08711574527 -0.01684363718 0.15300189 0.4775628533 -0.00218270209 0.03950144993 0.250838523 -0.9951368779 -0.03929713291 -0.09032347231 0.01972343103 0.8189080674 -0.5735857072 0.09650689391 -0.5725777786 -0.8141505431 9.640202246e-05 0.1158639412 0
0.6325182656 0.3284477598 0.08809714403 -0.01721557588 0.1545792564 0.476846581 -0.002231831134 0.03993679664 0.2507448611 -0.9949184936 -0.04058489398 -0.09214150819 0.02037156777 0.8150861108 -0.5789815465 0.09860116824 -0.577916515 -0.8101174676 9.895353889e-05 0.1171692016 0
0.6395644945 0.332106655 0.08907854279 -0.01759124945 0.1561518207 0.4761231162 -0.00228149586 0.04037182068 0.2506501782 -0.9946929903 -0.04189860034 -0.09397000803 0.02103286667 0.8112335605 -0.5843438447 0.1007148134 -0.5832191849 -0.8060470884 0.0001015488179 0.1184744619 0
0.6466107234 0.3357655503 0.09005994155 -0.01797064382 0.1577195356 0.475392486 -0.00233169578 0.04080651858 0.2505544753 -0.9944602251 -0.04323840878 -0.0958086668 0.02170741225 0.8073507954 -0.5896723509 0.1028476975 -0.5884854571 -0.8019396598 0.000104188301 0.1197797223 0
0.6536569523 0.3394244456 0.09104134031 -0.01835374479 0.1592823541 0.4746547176 -0.002382430402 0.04124088685 0.2504577533 -0.9942200545 -0.04460447206 -0.09765717749 0.02239528712 0.8034381968 -0.5949668184 0.1049996874 -0.5937150031 -0.7977954379 0.000106872432 0.1210849826 0
0.6607031812 0.3430833409 0.09202273908 -0.01874053803 0.1608402293 0.4739098388 -0.002433699227 0.04167492202 0.2503600132 -0.9939723338 -0.04599693887 -0.09951523114 0.02309657196 0.7994961489 -0.6002270039 0.1071706489 -0.5989074966 -0.7936146814 0.0001096016568 0.122390243 0
0.6677494101 0.3467422362 0.09300413784 -0.01913100905 0.1623931146 0.4731578773 -0.002485501751 0.0421086206 0.2502612559 -0.9937169177 -0.04741595378 -0.1013825169 0.02381134554 0.7955250382 -0.6054526682 0.1093604463 -0.6040626134 -0.7893976513 0.0001123764234 0.1236955033 0
0.674795639 0.3504011315 0.0939855366 -0.01952514326 0.1639409635 0.4723988614 -0.002537837466 0.04254197913 0.2501614825 -0.9934536601 -0.04886165724 -0.103258722 0.02453968468 0.7915252537 -0.6106435757 0.1115689432 -0.6091800318 -0.7851446107 0.000115197182 0.1250007637 0
0.6818418679 0.3540600267 0.09496693536 -0.01992292592 0.16548373 0.4716328193 -0.002590705857 0.04297499413 0.2500606938 -0.993182414 -0.05033418555 -0.1051435319 0.02528166423 0.7874971868 -0.6157994951 0.1137960016 -0.6142594325 -0.7808558251 0.0001180643848 0.126306024 0
0.6888880968 0.357718922 0.09594833412 -0.02032434214 0.1670213679 0.4708597798 -0.002644106406 0.04340766216 0.2499588909 -0.9929030317 -0.05183367082 -0.1070366302 0.02603735709 0.7834412314 -0.6209201985 0.1160414826 -0.6193004985 -0.776531562 0.0001209784859 0.1276112844 0
0.6959343257 0.3613778173 0.09692973289 -0.02072937694 0.1685538315 0.4700797717 -0.002698038587 0.04383997974 0.2498560749 -0.9926153648 -0.05336024098 -0.108937699 0.02680683419 0.7793577835 -0.6260054624 0.118305246 -0.6243029152 -0.7721720915 0.0001239399415 0.1289165447 0
0.7029805546 0.3650367126 0.09791113165 -0.02113801516 0.1700810752 0.4692928242 -0.002752501872 0.04427194342 0.2497522466 -0.9923192641 -0.05491401971 -0.1108464185 0.02759016446 0.7752472416 -0.6310550668 0.1205871505 -0.6292663704 -0.7677776854 0.0001269492098 0.1302218051 0
0.7100267835 0.3686956079 0.09889253041 -0.02155024154 0.1716030536 0.4684989667 -0.002807495725 0.04470354975 0.2496474073 -0.9920145799 -0.05649512646 -0.1127624672 0.02838741484 0.7711100061 -0.6360687959 0.1228870538 -0.6341905543 -0.7633486182 0.0001300067508 0.1315270654 0
0.7170730124 0.3723545032 0.09987392917 -0.02196604068 0.1731197217 0.4676982289 -0.002863019606 0.04513479528 0.2495415578 -0.9917011615 -0.05810367641 -0.1146855221 0.02919865024 0.76694648 -0.641046438 0.1252048123 -0.6390751596 -0.7588851661 0.0001331130264 0.1328323258 0
0.7241192413 0.3760133984 0.1008553279 -0.02238539706 0.1746310345 0.4668906406 -0.00291907297 0.04556567657 0.2494346993 -0.991378858 -0.05973978046 -0.1166152588 0.03002393357 0.762757068 -0.6459877851 0.1275402814 -0.6439198815 -0.7543876078 0.0001362685005 0.1341375862 0
0.7311654702 0.3796722937 0.1018367267 -0.02280829503 0.1761369473 0.466076232 -0.002975655266 0.04599619017 0.2493268328 -0.9910475174 -0.06140354518 -0.1185513512 0.03086332571 0.7585421772 -0.6508926336 0.1298933153 -0.6487244176 -0.749856224 0.0001394736386 0.1354428465 0
0.7382116991 0.383331189 0.1028181255 -0.02323471879 0.1776374156 0.4652550334 -0.003032765939 0.04642633265 0.2492179594 -0.9907069875 -0.06309507282 -0.1204934716 0.0317168855 0.7543022165 -0.6557607837 0.1322637671 -0.6534884681 -0.7452912974 0.0001427289083 0.1367481069 0
0.745257928 0.3869900843 0.1037995242 -0.02366465244 0.1791323953 0.4644270756 -0.003090404428 0.04685610058 0.2491080801 -0.9903571153 -0.06481446129 -0.1224412912 0.03258466972 0.7500375968 -0.6605920396 0.134651489 -0.6582117357 -0.7406931129 0.0001460347787 0.1380533672 0
0.752304157 0.3906489796 0.104780923 -0.02409807993 0.1806218422 0.4635923894 -0.003148570166 0.04728549053 0.248997196 -0.9899977473 -0.06656180411 -0.1243944796 0.03346673311 0.7457487309 -0.6653862098 0.1370563319 -0.6628939256 -0.7360619575 0.0001493917208 0.1393586276 0
0.7593503859 0.3943078749 0.1057623217 -0.02453498512 0.1821057127 0.462751006 -0.003207262583 0.04771449907 0.2488853083 -0.9896287295 -0.06833719043 -0.1263527052 0.03436312834 0.7414360335 -0.6701431069 0.1394781457 -0.6675347457 -0.7313981202 0.0001528002073 0.1406638879 0
0.7663966148 0.3979667701 0.1067437205 -0.02497535169 0.1835839632 0.4619029567 -0.003266481102 0.04814312279 0.2487724181 -0.9892499074 -0.07014070499 -0.1283156351 0.03527390599 0.7370999211 -0.6748625474 0.1419167793 -0.6721339061 -0.7267018921 0.0001562607126 0.1419691483 0
0.7734428437 0.4016256654 0.1077251193 -0.02541916326 0.1850565503 0.461048273 -0.003326225141 0.04857135827 0.2486585264 -0.988861126 -0.07197242812 -0.1302829349 0.03619911458 0.732740812 -0.6795443521 0.1443720806 -0.6766911201 -0.7219735662 0.0001597737127 0.1432744086 0
0.7804890726 0.4052845607 0.108706518 -0.02586640327 0.186523431 0.460186987 -0.003386494114 0.0489992021 0.2485436344 -0.9884622298 -0.07383243568 -0.1322542695 0.03713880052 0.7283591261 -0.6841883461 0.1468438962 -0.6812061031 -0.7172134377 0.0001633396854 0.144579669 0
0.7875353015 0.408943456 0.1096879168 -0.02631705506 0.1879845624 0.4593191306 -0.003447287429 0.04942665087 0.2484277433 -0.9880530629 -0.07572079911 -0.1342293022 0.03809300813 0.7239552849 -0.6887943584 0.1493320719 -0.6856785734 -0.7124218036 0.0001669591101 0.1458849293 0
0.7945815304 0.4126023513 0.1106693156 -0.02677110186 0.1894399019 0.4584447361 -0.003508604489 0.04985370117 0.2483108541 -0.987633469 -0.07763758538 -0.1362076953 0.03906177962 0.7195297118 -0.6933622223 0.1518364525 -0.6901082518 -0.707598963 0.0001706324676 0.1471901897 0
0.8016277593 0.4162612466 0.1116507143 -0.02722852677 0.1908894072 0.4575638362 -0.003570444692 0.05028034962 0.2481929681 -0.9872032915 -0.07958285694 -0.1381891104 0.04004515509 0.7150828313 -0.6978917753 0.1543568816 -0.694494862 -0.7027452168 0.0001743602406 0.14849545 0
0.8086739882 0.4199201418 0.1126321131 -0.02768931274 0.1923330362 0.4566764636 -0.00363280743 0.05070659281 0.2480740864 -0.9867623732 -0.08155667178 -0.1401732076 0.04104317253 0.7106150697 -0.7023828591 0.156893202 -0.6988381301 -0.697860868 0.0001781429131 0.1498007104 0
0.8157202171 0.4235790371 0.1136135118 -0.02815344266 0.193770747 0.4557826513 -0.003695692092 0.05113242736 0.2479542101 -0.9863105568 -0.08355908336 -0.1421596463 0.04205586778 0.7061268546 -0.7068353198 0.1594452553 -0.7031377851 -0.6929462214 0.0001819809709 0.1511059707 0
0.822766446 0.4272379324 0.1145949106 -0.02862089924 0.1952024978 0.4548824326 -0.003759098059 0.05155784988 0.2478333406 -0.9858476847 -0.08559014062 -0.144148085 0.04308327456 0.701618615 -0.7112490074 0.1620128823 -0.7073935587 -0.6880015836 0.000185874901 0.1524112311 0
0.8298126749 0.4308968277 0.1155763094 -0.02909166511 0.1966282475 0.4539758409 -0.00382302471 0.05198285698 0.2477114789 -0.9853735987 -0.08764988796 -0.1461381813 0.04412542446 0.6970907813 -0.7156237765 0.1645959228 -0.7116051853 -0.6830272634 0.0001898251923 0.1537164914 0
0.8368589038 0.434555723 0.1165577081 -0.02956572277 0.1980479548 0.4530629099 -0.003887471415 0.05240744531 0.2475886262 -0.9848881408 -0.08973836524 -0.1481295919 0.04518234691 0.6925437852 -0.7199594858 0.1671942155 -0.715772402 -0.678023571 0.0001938323349 0.1550217518 0
0.8439051327 0.4382146183 0.1175391069 -0.0300430546 0.1994615788 0.4521436736 -0.003952437543 0.05283161147 0.2474647839 -0.9843911522 -0.09185560776 -0.1501219728 0.0462540692 0.6879780593 -0.7242559983 0.1698075984 -0.7198949488 -0.6729908189 0.0001978968204 0.1563270122 0
0.8509513616 0.4418735135 0.1185205056 -0.03052364287 0.2008690789 0.4512181661 -0.004017922456 0.05325535211 0.2473399531 -0.9838824745 -0.09400164624 -0.1521149792 0.04734061646 0.6833940377 -0.7285131812 0.1724359082 -0.7239725683 -0.667929321 0.000202019142 0.1576322725 0
0.8579975905 0.4455324088 0.1195019044 -0.03100746973 0.2022704147 0.4502864218 -0.00408392551 0.05367866386 0.247214135 -0.9833619486 -0.09617650682 -0.1541082659 0.04844201165 0.6787921556 -0.7327309063 0.175078981 -0.7280050062 -0.6628393933 0.0002061997943 0.1589375329 0
0.8650438194 0.4491913041 0.1204833032 -0.03149451722 0.2036655462 0.4493484753 -0.004150446058 0.05410154337 0.247087331 -0.9828294155 -0.09838021107 -0.1561014867 0.04955827559 0.6741728489 -0.7369090494 0.1777366519 -0.7319920108 -0.6577213534 0.0002104392731 0.1602427932 0
0.8720900483 0.4528501994 0.1214647019 -0.03198476726 0.2050544334 0.4484043614 -0.004217483446 0.05452398728 0.2469595422 -0.9822847159 -0.100612776 -0.1580942951 0.05068942691 0.669536555 -0.7410474908 0.1804087549 -0.7359333332 -0.6525755207 0.000214738076 0.1615480536 0
0.8791362772 0.4565090947 0.1224461007 -0.03247820167 0.2064370368 0.4474541151 -0.004285037017 0.05494599225 0.2468307699 -0.9817276907 -0.1028742138 -0.1600863439 0.05183548208 0.6648837118 -0.745146115 0.1830951233 -0.7398287275 -0.6474022164 0.0002190967017 0.1628533139 0
0.8853017275 0.4597106281 0.1233048246 -0.03291255457 0.207641629 0.4466176468 -0.0043445693 0.05531488389 0.2467172884 -0.9812300573 -0.104876663 -0.1618284903 0.05285051744 0.6607992435 -0.7486996612 0.185457266 -0.7431993309 -0.6428532936 0.0002229599658 0.1639954167 0
0.8923479564 0.4633695233 0.1242862234 -0.03341191025 0.2090123443 0.4456559974 -0.00441308892 0.05573605683 0.2465866755 -0.9806494915 -0.1071922549 -0.1638181775 0.05402455411 0.6561165543 -0.7527233322 0.1881699295 -0.7470079569 -0.6376293515 0.0002274321084 0.1653006771 0
0.8993941853 0.4670284186 0.1252676221 -0.03391439738 0.2103766633 0.4446883175 -0.004482122802 0.05615678122 0.2464550828 -0.9800561415 -0.1095367297 -0.1658061047 0.05521352981 0.65141858 -0.7567068783 0.1908963741 -0.7507699637 -0.6323788706 0.0002319655154 0.1666059374 0
0.9064404142 0.4706873139 0.1262490209 -0.03441999734 0.2117345475 0.443714643 -0.004551670267 0.05657705374 0.2463225117 -0.9794498477 -0.1119100816 -0.167791923 0.05641745257 0.646705762 -0.7606502011 0.1936364295 -0.7544851165 -0.6271021784 0.0002365606909 0.1679111978 0
0.9134866431 0.4743462092 0.1272304197 -0.0349286914 0.2130859584 0.4427350099 -0.004621730634 0.05699687106 0.2461889634 -0.9788304506 -0.1143123007 -0.1697752834 0.0576363282 0.6419785421 -0.7645532062 0.1963899249 -0.7581531833 -0.6217996044 0.0002412181403 0.1692164581 0
0.9205328721 0.4780051045 0.1282118184 -0.03544046074 0.2144308582 0.4417494546 -0.004692303214 0.05741622986 0.2460544392 -0.9781977907 -0.1167433719 -0.1717558366 0.05887016034 0.6372373628 -0.7684158039 0.1991566883 -0.7617739354 -0.6164714794 0.0002459383702 0.1705217185 0
0.927579101 0.4816639998 0.1291932172 -0.03595528639 0.2157692089 0.4407580134 -0.004763387314 0.05783512683 0.2459189405 -0.9775517085 -0.1192032759 -0.1737332331 0.06011895042 0.6324826671 -0.7722379087 0.2019365471 -0.7653471466 -0.611118136 0.0002507218887 0.1718269789 0
0.9346253299 0.485322895 0.1301746159 -0.03647314933 0.2171009731 0.4397607231 -0.004834982236 0.05825355866 0.2457824686 -0.9768920446 -0.1216919886 -0.1757071233 0.06138269769 0.6277148986 -0.7760194395 0.2047293279 -0.7688725941 -0.6057399082 0.000255569205 0.1731322392 0
0.9416715588 0.4889817903 0.1311560147 -0.03699403039 0.2184261135 0.4387576205 -0.004907087278 0.05867152205 0.2456450249 -0.9762186397 -0.1242094811 -0.1776771575 0.06266139919 0.6229345014 -0.7797603196 0.2075348562 -0.7723500578 -0.6003371317 0.0002604808297 0.1744374996 0
0.9487177877 0.4926406856 0.1321374135 -0.03751791031 0.2197445931 0.4377487428 -0.004979701731 0.05908901369 0.2455066107 -0.9755313347 -0.1267557202 -0.1796429858 0.06395504979 0.6181419198 -0.7834604767 0.2103529571 -0.7757793207 -0.5949101437 0.0002654572746 0.1757427599 0
0.9557640166 0.4962995809 0.1331188122 -0.03804476973 0.2210563754 0.4367341273 -0.005052824884 0.0595060303 0.2453672274 -0.9748299707 -0.1293306676 -0.1816042585 0.06526364213 0.6133375986 -0.7871198429 0.2131834546 -0.7791601687 -0.5894592829 0.0002704990528 0.1770480203 0
0.9628102455 0.4999584762 0.134100211 -0.03857458918 0.2223614238 0.4357138113 -0.005126456017 0.05992256858 0.2452268764 -0.9741143886 -0.1319342808 -0.1835606259 0.06658716666 0.6085219829 -0.7907383547 0.2160261722 -0.782492391 -0.5839848894 0.0002756066787 0.1783532806 0
0.9698564744 0.5036173715 0.1350816098 -0.0391073491 0.2236597022 0.4346878327 -0.005200594408 0.06033862525 0.2450855591 -0.9733844301 -0.1345665123 -0.1855117382 0.06792561166 0.6036955178 -0.7943159529 0.2188809324 -0.7857757794 -0.5784873049 0.0002807806679 0.179658541 0
0.9769027033 0.5072762667 0.1360630085 -0.03964302981 0.2249511747 0.4336562293 -0.00527523933 0.06075419703 0.2449432768 -0.9726399366 -0.1372273102 -0.187457246 0.06927896317 0.5988586488 -0.7978525829 0.221747557 -0.7890101292 -0.5729668725 0.0002860215371 0.1809638013 0
0.9839489322 0.510935162 0.1370444073 -0.04018161155 0.2262358059 0.4326190391 -0.005350390049 0.06116928065 0.244800031 -0.97188075 -0.1399166178 -0.1893968 0.07064720505 0.5940118216 -0.8013481941 0.2246258671 -0.7921952385 -0.5674239367 0.0002913298043 0.1822690617 0
0.9909951611 0.5145940573 0.138025806 -0.04072307444 0.2275135603 0.4315763005 -0.005426045828 0.06158387285 0.2446558231 -0.9711067125 -0.1426343737 -0.1913300509 0.07203031898 0.5891554816 -0.8048027409 0.2275156832 -0.7953309085 -0.5618588434 0.0002967059889 0.183574322 0
