0.005059353145 0.004463513125 -0.003225135256 -1.91950721e-06 0.001290130158 0.5099978243 -2.411057632e-07 0.0003211533626 0.2549997305 -0.9999999999 -3.706249375e-08 -1.117862159e-05 1.921136452e-08 0.9999873292 -0.005034018569 1.117866652e-05 -0.005034018569 -0.9999873292 2.4347074e-08 -0.00428942989 0
0.009795265147 0.00864167677 -0.00624408972 -7.194977416e-06 0.002497757097 0.5099918446 -9.07512853e-07 0.0006226431477 0.2549989854 -0.9999999991 -2.716418664e-07 -4.190068358e-05 1.367357016e-07 0.9999525065 -0.009746014426 4.1901341e-05 -0.009746014424 -0.9999525056 6.157556828e-08 -0.008304639328 0
0.01453117715 0.01281984042 -0.009263044185 -1.583412934e-05 0.003705334224 0.5099820522 -2.00434775e-06 0.0009248016318 0.2549977591 -0.9999999957 -8.880502513e-07 -9.22092955e-05 4.451700237e-07 0.9998954831 -0.01445762545 9.221249716e-05 -0.01445762542 -0.9998954788 7.873307948e-08 -0.01231984877 0
0.01994364801 0.01759488458 -0.01271327786 -2.982597085e-05 0.005085330481 0.5099661925 -3.786055107e-06 0.001270458372 0.2549957668 -0.9999999849 -2.296807397e-06 -0.0001736828929 1.14979368e-06 0.9998031358 -0.01984161389 0.0001736942733 -0.01984161379 -0.9998031207 6.483170006e-08 -0.01690865955 0
0.02467956001 0.02177304823 -0.01573223232 -4.567221272e-05 0.006292719777 0.5099482309 -5.806741656e-06 0.001572976569 0.2549935073 -0.9999999646 -4.352799468e-06 -0.0002659463633 2.177967704e-06 0.9996985598 -0.02455177392 0.0002659730653 -0.02455177363 -0.9996985244 2.801507407e-08 -0.02092386899 0
0.02941547201 0.02595121187 -0.01875118679 -6.48812155e-05 0.007499983582 0.5099264577 -8.257822161e-06 0.001875482188 0.2549907665 -0.9999999286 -7.370408435e-06 -0.0003777775875 3.686884424e-06 0.9995718063 -0.02926096465 0.0003778314907 -0.02926096396 -0.9995717349 3.506796287e-08 -0.02493907843 0
0.03415138401 0.03012937552 -0.02177014125 -8.74525195e-05 0.008707097821 0.5099008733 -1.113895158e-05 0.002177953477 0.2549875448 -0.9999998703 -1.153391707e-05 -0.0005091671839 5.768640266e-06 0.999422887 -0.03396900028 0.0005092651325 -0.03396899882 -0.9994227573 1.098512122e-07 -0.02895428787 0
0.03888729602 0.03430753916 -0.02478909572 -0.0001133855846 0.009914038425 0.5098714784 -1.444990598e-05 0.002480385784 0.2549838425 -0.999999782 -1.702747804e-05 -0.0006601041307 8.515249614e-06 0.9992518154 -0.03867569511 0.0006602688005 -0.03867569229 -0.9992515974 2.017751488e-07 -0.03296949731 0
0.04362320802 0.03848570281 -0.02780805018 -0.0001426797901 0.01112078133 0.5098382737 -1.819053737e-05 0.002782779911 0.2549796597 -0.9999996548 -2.403509297e-05 -0.0008305757668 1.201863163e-05 0.9990586072 -0.04338086353 0.0008308365318 -0.04338085853 -0.999058262 3.089592687e-07 -0.03698470674 0
0.04835912002 0.04266386646 -0.03082700465 -0.0001753344352 0.01232730247 0.5098012599 -2.236074234e-05 0.003085137962 0.2549749965 -0.9999994787 -3.274059158e-05 -0.001020567793 1.637059709e-05 0.9988432799 -0.04808432009 0.001020961591 -0.04808431173 -0.9988427587 4.30724882e-07 -0.04099991618 0
0.05377159088 0.04743891062 -0.03427723832 -0.0002167678472 0.01370588138 0.5097542955 -2.765260034e-05 0.003430648408 0.254969079 -0.9999992032 -4.500433371e-05 -0.001261583539 2.25009664e-05 0.9985701325 -0.05345736518 0.001262185455 -0.05345735097 -0.9985693359 5.872827953e-07 -0.04558872697 0
0.05850750288 0.05161707427 -0.03729619279 -0.0002566206996 0.01491184634 0.5097091227 -3.27430768e-05 0.003732935308 0.2549633868 -0.9999988833 -5.796624872e-05 -0.001493349215 2.897990091e-05 0.9983074763 -0.05815652971 0.001494192802 -0.05815650805 -0.9983063598 7.392800181e-07 -0.04960393641 0
0.06324341488 0.05579523791 -0.04031514725 -0.0002998312649 0.01611751396 0.5096601439 -3.826292358e-05 0.004035190758 0.2549572144 -0.9999984755 -7.320244588e-05 -0.001744579696 3.65951145e-05 0.9980227696 -0.06285340059 0.001745731283 -0.06285336862 -0.9980212455 9.051916473e-07 -0.05361914584 0
0.06797932689 0.05997340156 -0.04333410172 -0.0003463985091 0.01732286021 0.5096073603 -4.421209032e-05 0.004337415197 0.2549505619 -0.9999979652 -9.089582053e-05 -0.002015253913 4.543782882e-05 0.9977160386 -0.06754779309 0.002016790963 -0.06754774721 -0.9977140043 1.084992981e-06 -0.05763435528 0
0.07271523889 0.0641515652 -0.04635305618 -0.0003963213181 0.01852786107 0.5095507732 -5.059052828e-05 0.00463960868 0.2549434294 -0.9999973365 -0.000111228989 -0.002305349171 5.559908962e-05 0.9973873111 -0.07223952269 0.00230736114 -0.07223945846 -0.9973846483 1.278702239e-06 -0.06164956472 0
0.07745115089 0.06832972885 -0.04937201065 -0.0004495984973 0.01973249253 0.509490384 -5.739818886e-05 0.004941770948 0.254935817 -0.9999965723 -0.0001343842677 -0.002614841147 6.716975362e-05 0.9970366172 -0.07692840514 0.002617430339 -0.07692831709 -0.9970331906 1.486368753e-06 -0.06566477416 0
0.08218706289 0.07250789249 -0.05239096511 -0.0005062287718 0.02093673059 0.5094261941 -6.463502278e-05 0.005243901497 0.2549277246 -0.9999956544 -0.0001605436529 -0.002943703894 8.024047554e-05 0.9966639889 -0.0816142564 0.002946986316 -0.08161413794 -0.9966596449 1.708065403e-06 -0.0696799836 0
0.08692297489 0.07668605614 -0.05540991958 -0.0005662107869 0.02214055124 0.509358205 -7.230097941e-05 0.005545999628 0.2549191524 -0.9999945636 -0.0001898887993 -0.003291909844 9.4901695e-05 0.9962694602 -0.08629689272 0.003296016057 -0.08629673599 -0.9962640261 1.943883616e-06 -0.07369519304 0
0.09233544575 0.08146110031 -0.05886015325 -0.0006388639887 0.02351580441 0.5092758532 -8.158746182e-05 0.005891213839 0.2549087681 -0.999993079 -0.0002275595869 -0.003713507543 0.0001137206347 0.9957917997 -0.09164430509 0.0037187349 -0.09164409313 -0.995784882 2.230819218e-06 -0.07828400382 0
0.09707135775 0.08563926395 -0.06187910771 -0.0007060233695 0.02471864989 0.5091997287 -9.017278823e-05 0.006193239473 0.2548991678 -0.9999915475 -0.0002643413499 -0.004103062863 0.0001320935269 0.9953504654 -0.09631943483 0.00410944674 -0.09631916268 -0.9953420173 2.497273305e-06 -0.08229921326 0
0.1018072698 0.0898174276 -0.06489806218 -0.0007765297107 0.02592100264 0.5091198104 -9.918706581e-05 0.006495229623 0.2548890878 -0.999989775 -0.0003048773383 -0.004511864221 0.0001523396104 0.9948873506 -0.100990774 0.00451958644 -0.1009904287 -0.9948771314 2.778225136e-06 -0.0863144227 0
0.1065431818 0.09399559124 -0.06791701664 -0.0008503813256 0.02712283872 0.5090361002 -0.0001086302353 0.006797183126 0.2548785283 -0.9999877377 -0.0003493475744 -0.004939877366 0.0001745482954 0.9944024975 -0.1056581402 0.004949137805 -0.1056577069 -0.9943902428 3.07381665e-06 -0.09032963214 0
0.1112790938 0.09817375489 -0.07093597111 -0.0009275764474 0.02832413419 0.5089486002 -0.0001185022351 0.007099098753 0.2548674892 -0.9999854105 -0.0003979316333 -0.005387066438 0.0001988087106 0.9938959503 -0.1103213513 0.005398083872 -0.1103208127 -0.9938813707 3.384198747e-06 -0.09434484157 0
0.1160150058 0.1023519185 -0.07395492557 -0.001008113229 0.02952486514 0.5088573125 -0.0001288030009 0.007400975228 0.2548559707 -0.9999827671 -0.000450808623 -0.005853393979 0.0002252096903 0.9933677552 -0.1149802254 0.005866406914 -0.1149795622 -0.9933505351 3.709530627e-06 -0.09836005101 0
0.1207509178 0.1065300822 -0.07697388004 -0.001091989745 0.03072500767 0.5087622392 -0.000139532466 0.007702811229 0.2548439728 -0.9999797804 -0.0005081571639 -0.00633882093 0.0002538397613 0.9928179604 -0.1196345813 0.006354088437 -0.1196337714 -0.992797757 4.049979278e-06 -0.1023752605 0
0.1261633886 0.1113051263 -0.08042411371 -0.001191935513 0.03209584799 0.5086489515 -0.0001523195606 0.008047715359 0.2548296741 -0.9999759099 -0.0005794021805 -0.006916929402 0.0002894024783 0.9921632393 -0.1249480804 0.006935118272 -0.1249470721 -0.9921391703 4.457797764e-06 -0.1069640712 0
0.1308993006 0.11548329 -0.08344306818 -0.001282961743 0.03329464921 0.5085457741 -0.00016396743 0.008349460032 0.2548166492 -0.9999720901 -0.0006469317046 -0.007443144737 0.0003231057684 0.9915673308 -0.1295921453 0.007464216427 -0.1295909333 -0.9915394473 4.831235598e-06 -0.1109792807 0
0.1356352126 0.1196614536 -0.08646202264 -0.001377321132 0.03449278701 0.5084388185 -0.0001760437718 0.008651159882 0.2548031452 -0.999967834 -0.0007194907571 -0.007988326374 0.0003593142336 0.9909499867 -0.1342311245 0.008012609967 -0.1342296771 -0.9909178532 5.220361454e-06 -0.1149944901 0
0.1403711246 0.1238396173 -0.08948097711 -0.001475011424 0.03569023754 0.5083280874 -0.0001885485082 0.008952813479 0.2547891621 -0.9999631095 -0.0007972557226 -0.008552428681 0.0003981149916 0.9903112633 -0.1388648384 0.008580277238 -0.1388631205 -0.9902744128 5.62537084e-06 -0.1190096996 0
0.1451070366 0.1280177809 -0.09249993157 -0.001576030283 0.036886977 0.5082135834 -0.0002014815589 0.009254419374 0.2547747001 -0.9999578838 -0.0008804023941 -0.009135404451 0.0004395947875 0.9896512187 -0.1434931078 0.009167195824 -0.1434910803 -0.9896091513 6.046465495e-06 -0.123024909 0
0.1498429486 0.1321959446 -0.09551888604 -0.001680375292 0.0380829816 0.5080953093 -0.0002148428406 0.009555976107 0.2547597593 -0.9999521227 -0.0009691059533 -0.009737204903 0.0004838399811 0.9889699132 -0.1481157541 0.009773342548 -0.1481133739 -0.9889220951 6.483853201e-06 -0.1270401184 0
0.1545788606 0.1363741082 -0.0985378405 -0.001788043957 0.03927822755 0.5079732678 -0.0002286322677 0.009857482204 0.2547443397 -0.9999457912 -0.00106354095 -0.01035777969 0.0005309365342 0.9882674088 -0.1527325989 0.01039869347 -0.1527298188 -0.9882132713 6.937747598e-06 -0.1310553279 0
0.1593147726 0.1405522719 -0.101556795 -0.001899033702 0.0404726911 0.5078474619 -0.0002428497515 0.01015893618 0.2547284414 -0.999938853 -0.001163881284 -0.01099707692 0.0005809699985 0.9875437695 -0.1573434647 0.01104322391 -0.1573402326 -0.9874827079 7.408368019e-06 -0.1350705373 0
0.1647272435 0.145327316 -0.1050070286 -0.002029942347 0.04183680383 0.5076990781 -0.0002596223385 0.01050338928 0.2547096859 -0.9999301328 -0.001286009161 -0.01175055909 0.0006418565016 0.9866909581 -0.1626054771 0.01180328254 -0.1626016585 -0.9866211954 7.966989477e-06 -0.1396593481 0
0.1694631555 0.1495054797 -0.1080259831 -0.002148039655 0.04302951093 0.5075652158 -0.0002747567761 0.01080472653 0.2546927623 -0.9999217676 -0.001399586219 -0.01242979381 0.0006984694464 0.9859222539 -0.1672029347 0.01248882525 -0.1671985359 -0.9858441453 8.47421548e-06 -0.1436745575 0
0.1741990675 0.1536836433 -0.1110449376 -0.002269449437 0.04422136111 0.5074275989 -0.0002903189746 0.01110600695 0.2546753603 -0.9999126749 -0.001519610693 -0.01312757772 0.0007582853688 0.9851326282 -0.1717938584 0.01319346493 -0.1717888109 -0.9850454492 8.998892176e-06 -0.147689767 0
0.1789349795 0.157861807 -0.114063892 -0.002394168789 0.04541233072 0.5072862306 -0.0003063088341 0.01140722903 0.2546574801 -0.9999028141 -0.001646253574 -0.01384385252 0.0008213879884 0.984322153 -0.1763780725 0.01391717375 -0.1763723023 -0.9842251385 9.54126088e-06 -0.1517049764 0
0.1836708915 0.1620399706 -0.1170828465 -0.00252219473 0.04660239611 0.5071411143 -0.0003227262522 0.01170839123 0.2546391218 -0.9998921434 -0.001779685102 -0.01457855836 0.0008878605511 0.9834909019 -0.1809554025 0.01465992314 -0.180948829 -0.9833832457 1.010156785e-05 -0.1557201858 0
0.1884068035 0.1662181343 -0.120101801 -0.0026535242 0.04779153366 0.5069922535 -0.0003395711235 0.01200949205 0.2546202855 -0.99988062 -0.001920074742 -0.01533163387 0.0009577858166 0.9826389505 -0.1855256739 0.01542168377 -0.1855182103 -0.982519804 1.068006417e-05 -0.1597353953 0
0.1931427155 0.1703962979 -0.1231207554 -0.002788154059 0.04897971978 0.5068396517 -0.0003568433401 0.01231052995 0.2546009714 -0.9998682003 -0.002067591171 -0.01610301615 0.001031246046 0.9817663763 -0.1900887133 0.01620242556 -0.1900802658 -0.9816348476 1.127700562e-05 -0.1637506047 0
0.1985551864 0.1751713421 -0.1265709891 -0.002946053916 0.05033645154 0.5066606736 -0.0003771061539 0.01265449428 0.2545783131 -0.9998528511 -0.002245123357 -0.01700692968 0.00111963397 0.9807439981 -0.1952945379 0.01711790454 -0.1952848421 -0.980597169 1.198214444e-05 -0.1683394155 0
0.2032910984 0.1793495057 -0.1295899436 -0.003087745101 0.05152251957 0.5065000679 -0.000395293734 0.01295539221 0.2545579753 -0.9998383581 -0.002408475675 -0.01781732197 0.001200943738 0.9798275018 -0.1998414984 0.01793921546 -0.1998305932 -0.9796662281 1.261949349e-05 -0.1723546249 0
0.2080270104 0.1835276694 -0.132608898 -0.003232726297 0.05270756219 0.506335733 -0.0004139083022 0.01325622243 0.2545371601 -0.9998228243 -0.002579479545 -0.01864581355 0.00128604363 0.9788906382 -0.2043806853 0.01877940813 -0.2043684533 -0.9787138852 1.327612068e-05 -0.1763698344 0
0.2127629224 0.187705833 -0.1356278525 -0.003380994041 0.05389155592 0.5061676728 -0.0004329497391 0.01355698338 0.2545158676 -0.9998062015 -0.002758300162 -0.01949233532 0.001375013716 0.9779334925 -0.2089119279 0.01963844936 -0.2088982433 -0.9777401778 1.395229993e-05 -0.1803850438 0
0.2174988344 0.1918839967 -0.138646807 -0.003532544787 0.05507447731 0.5059958913 -0.0004524179228 0.01385767353 0.2544940978 -0.9997884408 -0.002945101832 -0.02035681666 0.001467933505 0.9769561516 -0.2134350559 0.02051630524 -0.2134197842 -0.9767451443 1.464830921e-05 -0.1844002533 0
0.2222347464 0.1960621603 -0.1416657614 -0.003687374917 0.05625630292 0.5058203927 -0.0004723127285 0.01415829134 0.254471851 -0.999769492 -0.003140047956 -0.0212391855 0.001564881937 0.9759587042 -0.2179498999 0.02141294109 -0.2179328976 -0.9757288241 1.536443048e-05 -0.1884154627 0
0.2269706584 0.2002403239 -0.1446847159 -0.00384548073 0.05743700937 0.5056411812 -0.0004926340286 0.01445883527 0.2544491273 -0.9997493039 -0.003343301006 -0.02213936827 0.001665937368 0.9749412409 -0.2224562912 0.02232832152 -0.2224374051 -0.9746912572 1.610094954e-05 -0.1924306721 0
0.2323831292 0.2050153681 -0.1481349496 -0.004030179279 0.05878498777 0.505431827 -0.0005163804425 0.0148022216 0.2544225735 -0.9997246476 -0.003585969117 -0.02318986529 0.001786557991 0.9737540349 -0.2275958868 0.02339737671 -0.2275746478 -0.9734795028 1.696803407e-05 -0.1970194829 0
0.2371190412 0.2091935318 -0.151153904 -0.004195291595 0.05996321735 0.5052446736 -0.0005376152173 0.01510260202 0.2543988283 -0.9997016273 -0.00380756541 -0.02412796633 0.001896675204 0.9726939936 -0.2320836002 0.02435280142 -0.2320601157 -0.9723965466 1.774924232e-05 -0.2010346924 0
0.2418549532 0.2133716954 -0.1541728585 -0.00436366746 0.06114025442 0.505053821 -0.0005592760681 0.01540290372 0.2543746067 -0.9996772008 -0.004037973023 -0.02508364066 0.002011141751 0.9716142325 -0.2365623354 0.0253268546 -0.23653642 -0.9712924752 1.855177046e-05 -0.2050499018 0
0.2465908652 0.217549859 -0.157191813 -0.004535302854 0.06231607571 0.5048592738 -0.000581362856 0.01570312515 0.2543499087 -0.9996513127 -0.004277350396 -0.02605680872 0.002130033451 0.9705148496 -0.2410319268 0.0263194978 -0.2410033839 -0.9701673325 1.937591912e-05 -0.2090651112 0
0.2513267772 0.2217280227 -0.1602107674 -0.004710193677 0.06349065798 0.5046610366 -0.0006038754395 0.01600326476 0.2543247346 -0.999623907 -0.004525854949 -0.0270473895 0.002253425477 0.9693959444 -0.2454922096 0.02733069182 -0.2454608309 -0.9690211627 2.022199222e-05 -0.2130803207 0
0.2560626893 0.2259061863 -0.1632297219 -0.004888335753 0.06466397802 0.5044591141 -0.0006268136744 0.01630332101 0.2542990846 -0.9995949264 -0.004783643061 -0.0280553006 0.002381392352 0.9682576185 -0.2499430198 0.02836039673 -0.2499085851 -0.9678540112 2.109029693e-05 -0.2170955301 0
0.2607986013 0.23008435 -0.1662486764 -0.005069724828 0.06583601268 0.5042535112 -0.0006501774135 0.01660329236 0.2542729587 -0.9995643129 -0.005050870059 -0.02908045817 0.002514007933 0.9670999749 -0.2543841943 0.02940857187 -0.2543464709 -0.966665924 2.19811435e-05 -0.2211107396 0
0.2655345133 0.2342625136 -0.1692676308 -0.005254356571 0.0670067388 0.5040442327 -0.0006739665073 0.01690317725 0.2542463572 -0.9995320075 -0.005327690191 -0.03012277698 0.002651345401 0.9659231184 -0.2588155707 0.03047517585 -0.2587743128 -0.9654569481 2.289484525e-05 -0.225125949 0
0.2709469841 0.2390375578 -0.1727178645 -0.005469329232 0.06834307959 0.5038005631 -0.0007016746897 0.01724579501 0.2542153732 -0.9994929383 -0.005655999174 -0.03133490103 0.002814177373 0.9645547504 -0.2638677963 0.03171666368 -0.263822181 -0.9640497446 2.396746752e-05 -0.2297147598 0
0.2756828961 0.2432157214 -0.175736819 -0.005660894606 0.06951092396 0.5035834254 -0.0007263747407 0.01754548945 0.254187753 -0.9994568041 -0.005953890339 -0.03241370041 0.002961876389 0.9633370844 -0.2682776344 0.03282261527 -0.2682279125 -0.9627961689 2.493121311e-05 -0.2337299692 0
0.2804188081 0.2473938851 -0.1787557734 -0.005855688535 0.07067738731 0.5033626282 -0.000751499658 0.01784509258 0.2541596577 -0.9994187863 -0.006261852237 -0.03350938408 0.003114522769 0.962100546 -0.27267717 0.03394686087 -0.2726230521 -0.9615218573 2.591881719e-05 -0.2377451787 0
0.2851547201 0.2515720487 -0.1817747279 -0.00605370637 0.07184244664 0.5031381767 -0.0007770492805 0.01814460287 0.2541310875 -0.999378822 -0.006580034483 -0.03462186107 0.003272186777 0.9608452471 -0.2770662445 0.0350893561 -0.2770074263 -0.9602268601 2.693060463e-05 -0.2417603881 0
0.2898906321 0.2557502124 -0.1847936824 -0.006254943384 0.07300607901 0.5029100763 -0.0008030234445 0.01844401875 0.2541020426 -0.9993368474 -0.006908585527 -0.03575103906 0.003434937947 0.9595713012 -0.2814447 0.03625005585 -0.2813808619 -0.9589112284 2.796690287e-05 -0.2457755975 0
0.2946265441 0.259928376 -0.1878126368 -0.006459394775 0.07416826151 0.5026783324 -0.0008294219835 0.0187433387 0.254072523 -0.9992927979 -0.007247652639 -0.03689682435 0.003602845071 0.9582788232 -0.2858123798 0.03742891427 -0.2857431862 -0.9575750143 2.902804184e-05 -0.249790807 0
0.2993624561 0.2641065397 -0.1908315913 -0.006667055666 0.07532897124 0.5024429506 -0.0008562447284 0.01904256116 0.2540425292 -0.9992466077 -0.007597381892 -0.03805912193 0.003775976187 0.9569679301 -0.2901691279 0.03862588482 -0.290094227 -0.9562182703 3.011435389e-05 -0.2538060164 0
0.304774927 0.2688815838 -0.194281825 -0.006908306036 0.07665366399 0.5021694954 -0.000887418509 0.01938440833 0.2540076699 -0.9991911125 -0.008010313916 -0.0394075575 0.00398032331 0.9554473692 -0.2951346841 0.04001596861 -0.2950528082 -0.9546426361 3.138710699e-05 -0.2583948272 0
0.309510839 0.2730597475 -0.1973007794 -0.007122827642 0.07781114097 0.5019263371 -0.000915149684 0.01968341668 0.2539766601 -0.9991401103 -0.008383376821 -0.04060491241 0.00416487424 0.9540974155 -0.2994674866 0.04125159078 -0.299379092 -0.9532420813 3.252849124e-05 -0.2624100366 0
0.314246751 0.2772379111 -0.2003197339 -0.007340542919 0.07896707355 0.5016795587 -0.0009433045154 0.0199823227 0.2539451767 -0.9990867557 -0.00876755297 -0.04181847235 0.00435485798 0.952729424 -0.3037888738 0.04250517412 -0.3036935539 -0.9518211678 3.369610795e-05 -0.2664252461 0
0.318982663 0.2814160748 -0.2033386884 -0.007561446674 0.08012143903 0.5014291662 -0.0009718828227 0.02028112484 0.2539132197 -0.9990309793 -0.009162983297 -0.04304813685 0.004550339339 0.951343518 -0.3080986938 0.04377666914 -0.3079960234 -0.9503799518 3.489029865e-05 -0.2704404555 0
0.323718575 0.2855942384 -0.2063576428 -0.007785533639 0.08127421473 0.5011751656 -0.001000884423 0.02057982155 0.2538807893 -0.9989727112 -0.009569807456 -0.04429380413 0.00475138232 0.9499398226 -0.3123967956 0.04506602562 -0.3122863307 -0.9489184902 3.611140694e-05 -0.2744556649 0
0.328454487 0.2897724021 -0.2093765973 -0.008012798469 0.08242537804 0.5009175629 -0.00103030913 0.0208784113 0.2538478858 -0.9989118804 -0.009988163801 -0.04555537116 0.004958050111 0.948518464 -0.3166830295 0.04637319265 -0.3165643063 -0.9474368406 3.735977836e-05 -0.2784708744 0
0.333190399 0.2939505657 -0.2123955517 -0.008243235747 0.08357490635 0.5006563643 -0.001060156755 0.02117689254 0.2538145094 -0.9988484151 -0.01041818937 -0.04683273361 0.005170405075 0.9470795705 -0.3209572466 0.04769811861 -0.3208297812 -0.9459350617 3.863576037e-05 -0.2824860838 0
0.3386028699 0.2987256099 -0.2158457854 -0.008510470214 0.08488662207 0.5003534563 -0.00109478594 0.02151787911 0.2537757861 -0.9987725645 -0.01092411004 -0.04831178228 0.005420139235 0.9454138155 -0.3258271622 0.04923399819 -0.3256890869 -0.9441941708 4.012828257e-05 -0.2870748946 0
0.3433387819 0.3029037735 -0.2188647399 -0.008747686995 0.086032571 0.5000845732 -0.001125539171 0.02181612264 0.253741397 -0.9987032086 -0.01137959635 -0.04962263498 0.005644887095 0.943937785 -0.3300751328 0.05059680193 -0.3299272084 -0.9426494581 4.146460862e-05 -0.291090104 0
0.3480746939 0.3070819372 -0.2218836943 -0.008988058705 0.08717681425 0.499812114 -0.001156714709 0.02211425281 0.2537065356 -0.9986309875 -0.01184717386 -0.05094894712 0.005875512641 0.9424446317 -0.3343106258 0.05197719781 -0.3341523015 -0.941084805 4.282964899e-05 -0.2951053135 0
0.3528106059 0.3112601008 -0.2249026488 -0.009231579613 0.08831932942 0.4995360851 -0.001188312356 0.0224122681 0.2536712022 -0.9985558261 -0.01232697399 -0.05229060924 0.00611207471 0.9409344898 -0.3385334967 0.05337513134 -0.3383641996 -0.9395002734 4.422375838e-05 -0.2991205229 0
0.3575465179 0.3154382645 -0.2279216033 -0.009478243917 0.08946009416 0.4992564933 -0.001220331908 0.02271016696 0.253635397 -0.9984776485 -0.01281912678 -0.05364751066 0.006354631267 0.939407495 -0.3427436023 0.05479054729 -0.3425627362 -0.9378959258 4.564729309e-05 -0.3031357324 0
0.3622824299 0.3196164281 -0.2309405577 -0.009728045739 0.09059908615 0.4989733451 -0.00125277316 0.02300794786 0.2535991203 -0.998396378 -0.01332376085 -0.0550195395 0.00660323939 0.9378637845 -0.3469408003 0.0562233898 -0.3467477456 -0.9362718256 4.710061098e-05 -0.3071509418 0
0.3670183419 0.3237945917 -0.2339595122 -0.009980979127 0.09173628315 0.4986866473 -0.001285635904 0.02330560925 0.2535623722 -0.9983119372 -0.01384100342 -0.0564065827 0.006857955268 0.9363034968 -0.3511249496 0.05767360226 -0.3509190625 -0.9346280368 4.858407141e-05 -0.3111661512 0
0.3717542539 0.3279727554 -0.2369784667 -0.01023703806 0.09287166292 0.4983964068 -0.00131891993 0.02360314959 0.253525153 -0.998224248 -0.01437098024 -0.05780852601 0.007118834181 0.934726772 -0.3552959103 0.05914112742 -0.3550765222 -0.9329646244 5.009803516e-05 -0.3151813607 0
0.3771667247 0.3327477996 -0.2404287003 -0.0105334962 0.09416698621 0.4980603741 -0.001357474398 0.02394304552 0.2534820402 -0.9981199526 -0.01499242041 -0.05942884384 0.007424597793 0.9329048551 -0.3600463951 0.06083942387 -0.3598107261 -0.9310396371 5.186609516e-05 -0.3197701715 0
0.3819026367 0.3369259632 -0.2434476548 -0.01079623208 0.09529839737 0.4977625652 -0.001391660447 0.02424032133 0.2534438123 -0.9980250356 -0.01555010165 -0.0608623258 0.007698865122 0.9312933858 -0.3641886284 0.06234385165 -0.3639379397 -0.9293343963 5.344664457e-05 -0.3237853809 0
0.3866385487 0.3411041268 -0.2464666093 -0.01106207409 0.09642792182 0.4974612356 -0.001426267099 0.02453747127 0.2534051141 -0.9979266195 -0.01612090289 -0.06231034124 0.007979463259 0.9296659284 -0.3683172406 0.06386540771 -0.3680507819 -0.927609741 5.505884014e-05 -0.3278005903 0
0.3913744607 0.3452822905 -0.2494855637 -0.01133101589 0.09755553754 0.4971563924 -0.00146129413 0.02483449381 0.2533659458 -0.9978246231 -0.01670494378 -0.06377277114 0.008266443656 0.9280226287 -0.3724320966 0.06540403195 -0.3721490905 -0.9258657392 5.670304815e-05 -0.3318157998 0
0.3961103727 0.3494604541 -0.2525045182 -0.01160305109 0.09868122258 0.4968480429 -0.001496741317 0.02513138741 0.2533263076 -0.9977189646 -0.01730234247 -0.06524949537 0.008559856812 0.9263636337 -0.3765330624 0.06695966362 -0.3762327035 -0.9241024598 5.837963613e-05 -0.3358310092 0
0.4008462847 0.3536386178 -0.2555234727 -0.0118781732 0.09980495501 0.4965361944 -0.001532608432 0.02542815056 0.2532861998 -0.9976095612 -0.01791321556 -0.06674039269 0.008859752274 0.9246890918 -0.3806200051 0.0685322413 -0.3803014597 -0.9223199725 6.008897275e-05 -0.3398462187 0
0.4055821967 0.3578167814 -0.2585424271 -0.01215637568 0.100926713 0.4962208543 -0.001568895245 0.02572478171 0.2532456227 -0.9974963298 -0.01853767815 -0.06824534076 0.009166178624 0.9229991527 -0.3846927933 0.07012170289 -0.3843551984 -0.9205183476 6.183142782e-05 -0.3438614281 0
0.4109946676 0.3625918256 -0.2619926608 -0.01247808475 0.1022062765 0.4958561999 -0.001610879506 0.02606362514 0.2531986745 -0.9973621272 -0.01926813545 -0.06998232803 0.009524438197 0.9210491339 -0.389329909 0.07195882404 -0.3889694486 -0.9184360052 6.386383412e-05 -0.3484502389 0
0.4157305796 0.3667699892 -0.2650116153 -0.01276286563 0.1033237301 0.4955334033 -0.001648064885 0.02635996829 0.2531570926 -0.997240409 -0.01992209866 -0.07151696786 0.009845018359 0.9193267109 -0.3933719286 0.07358425321 -0.3929904688 -0.9165936118 6.567850767e-05 -0.3524654483 0
0.4204664916 0.3709481529 -0.2680305697 -0.01305070583 0.104439141 0.4952071389 -0.001685669221 0.02665617464 0.2531150421 -0.9971145965 -0.02059000289 -0.07306526696 0.01017227572 0.9175893696 -0.397399388 0.0752263668 -0.3969959704 -0.9147323069 6.752746892e-05 -0.3564806578 0
0.4252024036 0.3751263165 -0.2710495242 -0.01334159849 0.1055524874 0.4948774146 -0.001723692275 0.02695224266 0.2530725234 -0.9969846037 -0.02127195669 -0.07462709857 0.01050625478 0.9158372649 -0.4014121608 0.07688509995 -0.4009857953 -0.912852164 6.9411092e-05 -0.3604958672 0
0.4299383156 0.3793044802 -0.2740684787 -0.01363553671 0.1066637478 0.4945442382 -0.001762133801 0.02724817083 0.2530295368 -0.9968503439 -0.02196806703 -0.07620233493 0.01084699903 0.9140705529 -0.4054101218 0.07856038716 -0.404959786 -0.9109532575 7.1329752e-05 -0.3645110766 0
0.4346742276 0.3834826438 -0.2770874331 -0.01393251349 0.1077729007 0.4942076176 -0.001800993553 0.02754395761 0.2529860824 -0.9967117299 -0.02267843924 -0.07779084724 0.01119455095 0.9122893911 -0.4093931471 0.08025216228 -0.4089177855 -0.9090356622 7.328382492e-05 -0.3685262861 0
0.4394101396 0.3876608075 -0.2801063876 -0.01423252177 0.1088799245 0.4938675609 -0.001840271283 0.02783960148 0.2529421607 -0.9965686737 -0.02340317705 -0.0793925057 0.011548952 0.9104939379 -0.4133611141 0.0819603585 -0.4128596375 -0.9070994539 7.527368764e-05 -0.3725414955 0
0.4448226105 0.3924358516 -0.2835566213 -0.01457909127 0.1101424602 0.4934747274 -0.001885671602 0.02817730326 0.2528913924 -0.9963996279 -0.02424917021 -0.08123890203 0.01196242028 0.9084246969 -0.4178773392 0.08393260367 -0.4173446392 -0.9048639512 7.759212535e-05 -0.3771303063 0
0.4495585225 0.3966140153 -0.2865755757 -0.01488557151 0.1112448498 0.4931273347 -0.001925844145 0.02847263578 0.2528464699 -0.9962467541 -0.02500503302 -0.08286828914 0.01233163285 0.9065991589 -0.4218126313 0.08567576001 -0.4212513661 -0.9028881164 7.965995363e-05 -0.3811455157 0
0.4542944345 0.4007921789 -0.2895945302 -0.01519506059 0.1123450433 0.4927765315 -0.001966433864 0.02876782061 0.252801081 -0.9960891579 -0.02577557662 -0.08451040808 0.01270781812 0.9047598355 -0.4257324882 0.08743512328 -0.4251414585 -0.9008939113 8.176476173e-05 -0.3851607252 0
0.4590303465 0.4049703426 -0.2926134847 -0.01550755117 0.1134430194 0.4924223262 -0.002007440499 0.02906285622 0.2527552258 -0.9959267493 -0.02656089785 -0.08616512501 0.01309101324 0.90290689 -0.4296367924 0.08921062401 -0.4290147629 -0.8988814148 8.390692995e-05 -0.3891759346 0
0.4637662585 0.4091485062 -0.2956324391 -0.01582303582 0.114538757 0.4920647271 -0.002048863788 0.0293577411 0.2527089047 -0.9957594372 -0.02736109185 -0.08783230518 0.0134812543 0.9010404868 -0.4335254282 0.09100219208 -0.4328711261 -0.8968507062 8.60868393e-05 -0.393191144 0
0.4685021705 0.4133266699 -0.2986513936 -0.01614150703 0.1156322349 0.4917037428 -0.002090703463 0.02965247373 0.2526621179 -0.9955871304 -0.02817625206 -0.08951181291 0.01387857634 0.8991607914 -0.437398281 0.09280975676 -0.436710396 -0.8948018658 8.830487158e-05 -0.3972063535 0
0.4732380825 0.4175048335 -0.3016703481 -0.01646295725 0.1167234322 0.4913393817 -0.002132959258 0.02994705259 0.2526148658 -0.9954097368 -0.02900647021 -0.0912035116 0.01428301331 0.8972679705 -0.4412552376 0.09463324666 -0.4405324209 -0.8927349745 9.056140926e-05 -0.4012215629 0
0.4779739945 0.4216829972 -0.3046893025 -0.01678737885 0.1178123277 0.4909716527 -0.002175630901 0.03024147617 0.2525671486 -0.9952271641 -0.02985183631 -0.09290726377 0.0146945981 0.8953621915 -0.4450961861 0.09647258978 -0.4443370499 -0.8906501139 9.285683548e-05 -0.4052367724 0
0.4833864653 0.4264580413 -0.3081395362 -0.01716177491 0.1190539344 0.490547278 -0.002224907343 0.03057776817 0.2525120457 -0.9950120486 -0.03083663063 -0.09486899093 0.01517377387 0.8931685078 -0.4494660981 0.09859401511 -0.4486637036 -0.8882455185 9.552829077e-05 -0.4098255831 0
0.4881223773 0.430636205 -0.3111584907 -0.01749253771 0.1201378273 0.4901723613 -0.002268469163 0.03087185389 0.252463333 -0.9948180641 -0.03171475159 -0.09659810492 0.01560078106 0.8912355307 -0.4532723733 0.100467084 -0.4524305508 -0.8861224305 9.790834288e-05 -0.4138407926 0
0.4928582894 0.4348143686 -0.3141774451 -0.01782624743 0.1212193529 0.4897941042 -0.002312445963 0.03116577957 0.2524141563 -0.9946186068 -0.03260829201 -0.09833883461 0.01603503231 0.8892901291 -0.4570622978 0.1023557758 -0.4561795322 -0.8839816342 0.000100328492 -0.417856002 0
0.4975942014 0.4389925323 -0.3171963996 -0.01816289616 0.1222984904 0.4894125158 -0.002356837458 0.03145954369 0.2523645158 -0.9944135821 -0.03351733466 -0.1000910389 0.01647655597 0.8873324746 -0.4608357654 0.1042600158 -0.4599104998 -0.8818232143 0.0001027891238 -0.4218712115 0
0.5023301134 0.4431706959 -0.3202153541 -0.01850247592 0.1233752193 0.4890276051 -0.002401643366 0.03175314474 0.2523144119 -0.9942028951 -0.03444196049 -0.101854576 0.01692537927 0.8853627399 -0.4645926715 0.1061797289 -0.4636233064 -0.879647256 0.0001052906247 -0.4258864209 0
0.5070660254 0.4473488596 -0.3232343085 -0.01884497864 0.1244495188 0.4886393813 -0.002446863398 0.03204658121 0.2522638449 -0.9939864506 -0.03538224872 -0.1036293032 0.01738152835 0.8833810986 -0.4683329127 0.1081148393 -0.4673178052 -0.8774538452 0.0001078333816 -0.4299016303 0
0.5118019374 0.4515270232 -0.326253263 -0.0191903962 0.1255213684 0.4882478535 -0.002492497264 0.0323398516 0.252212815 -0.9937641527 -0.03633827672 -0.105415077 0.01784502819 0.8813877254 -0.472056387 0.1100652705 -0.4709938505 -0.8752430685 0.000110417782 -0.4339168398 0
0.5172144082 0.4563020674 -0.3297034967 -0.01958871781 0.1267433133 0.4877963594 -0.002545156615 0.03267481245 0.2521539289 -0.9935028071 -0.03745025023 -0.1074693026 0.01838377381 0.8790954439 -0.4762911266 0.1123129962 -0.4751722627 -0.8726953143 0.0001134228721 -0.4385056506 0
0.5219503202 0.460480231 -0.3327224511 -0.01994035379 0.1278098443 0.4873977831 -0.00259167628 0.03296772186 0.2521019084 -0.9932676418 -0.03844025853 -0.1092782609 0.01886310425 0.8770775226 -0.4799783355 0.1142959977 -0.4788082767 -0.87044762 0.0001160978155 -0.44252086 0
0.5266862322 0.4646583947 -0.3357414056 -0.02029487864 0.1288738612 0.4869959323 -0.00263860885 0.03326046046 0.2520494262 -0.9930263194 -0.03944623806 -0.1110978099 0.01934985667 0.8750484237 -0.4836484666 0.1162940759 -0.4824253833 -0.8681828364 0.0001188156235 -0.4465360694 0
0.5314221442 0.4688365583 -0.3387603601 -0.02065228394 0.1299353439 0.4865908165 -0.002685954024 0.03355302672 0.2519964826 -0.9927787424 -0.04046825867 -0.1129278028 0.01984405138 0.8730083253 -0.4873014238 0.1183071521 -0.4860234398 -0.8659010531 0.0001215766856 -0.4505512789 0
0.5361580562 0.4730147219 -0.3417793145 -0.02101256125 0.130994272 0.4861824453 -0.002733711499 0.03384541917 0.2519430778 -0.9925248131 -0.04150638838 -0.1147680924 0.02034570752 0.8709574063 -0.4909371127 0.1203351466 -0.4896023041 -0.8636023601 0.0001243813918 -0.4545664883 0
0.5408939682 0.4771928856 -0.344798269 -0.021375702 0.1320506254 0.4857708285 -0.002781880967 0.03413763628 0.2518892123 -0.9922644333 -0.04256069337 -0.1166185307 0.0208548431 0.8688958465 -0.4945554402 0.1223779794 -0.4931618348 -0.8612868482 0.0001272301325 -0.4585816978 0
0.5456298802 0.4813710492 -0.3478172235 -0.02174169762 0.1331043841 0.4853559756 -0.002830462121 0.03442967656 0.2518348864 -0.9919975045 -0.04363123795 -0.1184789688 0.02137147495 0.8668238265 -0.4981563147 0.1244355698 -0.4967018913 -0.8589546089 0.0001301232988 -0.4625969072 0
0.5503657922 0.4855492129 -0.3508361779 -0.02211053941 0.1341555281 0.4849378967 -0.002879454647 0.03472153852 0.2517801005 -0.9917239279 -0.04471808455 -0.1203492574 0.02189561875 0.8647415276 -0.501739646 0.1265078366 -0.500222334 -0.8566057342 0.0001330612818 -0.4666121166 0
0.5557782631 0.490324257 -0.3542864116 -0.02253554681 0.1353536082 0.4844561545 -0.002935949425 0.03505487476 0.2517169251 -0.9914030014 -0.04598023426 -0.1224985993 0.02250385711 0.8623494044 -0.5058132868 0.1288940075 -0.5042215017 -0.8539010552 0.000136474357 -0.4712009274 0
0.5605141751 0.4945024207 -0.3573053661 -0.02291045807 0.1363990821 0.4840311959 -0.002985822403 0.03534634954 0.2516611545 -0.9911148451 -0.04710221536 -0.1243894898 0.02304414532 0.8602456931 -0.5093587291 0.1309974474 -0.5076994474 -0.8515168465 0.0001395096958 -0.4752161369 0
0.5652500871 0.4986805843 -0.3603243205 -0.02328818785 0.1374418788 0.4836030425 -0.003036105757 0.03563764129 0.2516049249 -0.9908197282 -0.04824068254 -0.1262897569 0.02359198714 0.8581322773 -0.5128863547 0.1331153045 -0.5111573449 -0.8491162962 0.0001425910839 -0.4792313463 0
0.5699859991 0.502858748 -0.363343275 -0.02366872719 0.1384819786 0.4831717044 -0.003086799165 0.03592874852 0.2515482368 -0.9905175508 -0.04939569043 -0.1281992486 0.02414739338 0.8560093413 -0.5163960796 0.1352474952 -0.5145950577 -0.846699499 0.0001457189144 -0.4832465557 0
0.5747219111 0.5070369116 -0.3663622294 -0.02405206711 0.1395193618 0.482737192 -0.0031379023 0.03621966973 0.2514910904 -0.9902082124 -0.05056729178 -0.1301178122 0.02471037369 0.85387707 -0.5198878213 0.1373939354 -0.51801245 -0.8442665504 0.0001488935807 -0.4872617652 0
0.5794578231 0.5112150753 -0.3693811839 -0.02443819852 0.140554009 0.4822995154 -0.003189414836 0.03651040344 0.2514334862 -0.9898916125 -0.05175553743 -0.1320452945 0.02528093649 0.8517356489 -0.523361499 0.1395545402 -0.5214093868 -0.8418175465 0.0001521154764 -0.4912769746 0
0.5841937351 0.5153932389 -0.3724001384 -0.02482711229 0.1415859005 0.481858685 -0.003241336441 0.03680094814 0.2513754244 -0.9895676503 -0.05296047628 -0.1339815416 0.02585908905 0.8495852642 -0.5268170331 0.1417292244 -0.5247857341 -0.839352584 0.0001553849957 -0.495292184 0
0.589606206 0.5201682831 -0.3758503721 -0.02527498034 0.1427618059 0.4813510305 -0.003301175892 0.0371327659 0.2513085085 -0.9891882629 -0.05435805011 -0.1362049299 0.02652913614 0.8471169454 -0.5307438984 0.1442317076 -0.5286190341 -0.8365160676 0.0001591804095 -0.4998809948 0
0.594342118 0.5243464467 -0.3788693265 -0.02566982527 0.1437877272 0.4809034772 -0.003353972949 0.0374229006 0.2512494677 -0.9888481836 -0.05559891591 -0.1381594383 0.02712357133 0.8449479825 -0.5341602931 0.1464362719 -0.531950813 -0.8340172366 0.0001625533077 -0.5038962043 0
0.59907803 0.5285246104 -0.381888281 -0.02606742344 0.1448108321 0.4804528032 -0.00340717802 0.03771284163 0.2511899705 -0.9885004235 -0.05685661613 -0.1401222247 0.02772561128 0.8427706448 -0.5375583045 0.1486546438 -0.535261586 -0.8315027549 0.00016597507 -0.5079114137 0
0.603813942 0.532702774 -0.3849072354 -0.02646776545 0.1458311013 0.479999019 -0.003460790762 0.0380025875 0.2511300175 -0.9881448811 -0.05813119168 -0.142093133 0.02833525828 0.8405851208 -0.5409378595 0.1508867357 -0.5385512225 -0.8289727219 0.000169446092 -0.5119266231 0
0.608549854 0.5368809377 -0.3879261899 -0.02687084185 0.1468485157 0.4795421354 -0.003514810831 0.03829213674 0.2510696088 -0.9877814545 -0.05942268156 -0.1440720067 0.02895251339 0.8383915995 -0.5442988865 0.1531324595 -0.5418195925 -0.8264272376 0.0001729667693 -0.5159418326 0
0.613285766 0.5410591013 -0.3909451444 -0.02727664311 0.1478630564 0.4790821633 -0.003569237882 0.03858148785 0.251008745 -0.9874100415 -0.06073112278 -0.1460586888 0.02957737648 0.8361902704 -0.5476413156 0.1553917265 -0.545066567 -0.8238664023 0.000176537498 -0.519957042 0
0.618021678 0.545237265 -0.3939640988 -0.02768515965 0.1488747042 0.4786191133 -0.003624071564 0.03887063937 0.2509474265 -0.9870305402 -0.06205655043 -0.148053022 0.0302098462 0.8339813234 -0.5509650782 0.1576644474 -0.5482920178 -0.8212903173 0.0001801586743 -0.5239722515 0
0.6234341488 0.5500123091 -0.3974143325 -0.02815534814 0.1500273068 0.4780861588 -0.003687236093 0.03920085194 0.2508767917 -0.9865867888 -0.06359216697 -0.1503414261 0.03094197963 0.831447729 -0.5547407213 0.1602782018 -0.5519517282 -0.8183276775 0.000184359443 -0.5285610622 0
0.6281700608 0.5541904728 -0.400433287 -0.02856965057 0.1510326923 0.4776165506 -0.003742939939 0.03948957076 0.2508145 -0.9861896104 -0.06495410309 -0.1523516222 0.03159073908 0.8292230999 -0.558024261 0.1625794498 -0.5551306289 -0.8157192577 0.0001880900574 -0.5325762717 0
0.6329059728 0.5583686364 -0.4034522414 -0.02898663774 0.1520351258 0.4771438993 -0.003799049302 0.03977808534 0.2507517546 -0.9857840216 -0.0663331231 -0.1543689718 0.03224709299 0.8269914529 -0.561288929 0.1648938679 -0.5582876084 -0.8130959099 0.0001918723668 -0.5365914811 0
0.6376418848 0.5625468001 -0.4064711959 -0.02940629983 0.1530345888 0.476668216 -0.00385556382 0.04006639421 0.2506885562 -0.9853699199 -0.06772925392 -0.1563933157 0.03291103496 0.8247529797 -0.5645346635 0.1672213647 -0.561422542 -0.8104577376 0.0001957067686 -0.5406066906 0
0.6423777968 0.5667249637 -0.4094901504 -0.02982862693 0.1540310627 0.4761895119 -0.003912483132 0.04035449589 0.250624905 -0.9849472023 -0.06914252053 -0.1584244944 0.03358255737 0.8225078723 -0.5677614039 0.1695618484 -0.5645353061 -0.8078048451 0.0001995936606 -0.5446219 0
0.6471137088 0.5709031274 -0.4125091048 -0.03025360907 0.1550245289 0.4757077983 -0.003969806871 0.04064238891 0.2505608015 -0.9845157663 -0.07057294589 -0.1604623481 0.03426165137 0.8202563233 -0.5709690914 0.1719152264 -0.5676257776 -0.8051373371 0.0002035334408 -0.5486371094 0
0.6518496208 0.575081291 -0.4155280593 -0.03068123624 0.1560149691 0.4752230867 -0.004027534671 0.04093007179 0.2504962461 -0.984075509 -0.072020551 -0.1625067163 0.03494830687 0.8179985253 -0.5741576686 0.174281406 -0.5706938345 -0.8024553189 0.0002075265071 -0.5526523189 0
0.6565855328 0.5792594546 -0.4185470138 -0.03111149834 0.1570023648 0.4747353883 -0.004085666159 0.04121754308 0.2504312391 -0.9836263274 -0.07348535488 -0.1645574387 0.03564251257 0.8157346715 -0.5773270798 0.1766602936 -0.5737393557 -0.7997588964 0.0002115732582 -0.5566675283 0
0.6619980037 0.5840344988 -0.4219972474 -0.03160643992 0.1581270659 0.4741743764 -0.004152595979 0.04154582072 0.2503563931 -0.9831019174 -0.07518049791 -0.1669086956 0.0364451195 0.8131402426 -0.580925726 0.1793944626 -0.5771922025 -0.7966597694 0.0002162643643 -0.5612563391 0
0.6667339157 0.5882126625 -0.4250162019 -0.0320423141 0.1591078766 0.4736803168 -0.004211591255 0.04183283365 0.2502904201 -0.982633266 -0.07668221104 -0.1689724918 0.03715546038 0.8108640633 -0.5840538868 0.1818002647 -0.580189029 -0.7939328399 0.0002204274966 -0.5652715485 0
0.6714698277 0.5923908261 -0.4280351564 -0.03248079115 0.1600855857 0.4731833069 -0.004270989037 0.04211963038 0.2502239969 -0.982155367 -0.07820116973 -0.1710421355 0.03787330789 0.8085824365 -0.5871627167 0.184218478 -0.583162945 -0.7911918427 0.0002246455671 -0.569286758 0
0.6762057397 0.5965689897 -0.4310541108 -0.03292186074 0.1610601753 0.4726833584 -0.004330788946 0.04240620944 0.2501571238 -0.9816681174 -0.07973738473 -0.173117465 0.03859864562 0.8062955565 -0.5902521665 0.1866490069 -0.5861138328 -0.788436886 0.0002289189753 -0.5733019674 0
