0.006542301896 0.005498019667 0.004018543516 -3.057413717e-06 0.00166827683 0.5099963619 -3.824419215e-07 0.000415461459 0.2549995487 -0.9999999998 -7.677546812e-08 -1.780537343e-05 3.913044952e-08 0.9999788129 -0.006509511944 1.780549595e-05 -0.006509511944 -0.9999788127 3.523167231e-08 0.005344662877 0
0.01277739153 0.01073786429 0.007848384972 -1.166199875e-05 0.003258159205 0.5099861229 -1.466536231e-06 0.0008128557334 0.2549982695 -0.9999999977 -5.74919924e-07 -6.791384383e-05 2.885098155e-07 0.9999191876 -0.01271292022 6.791566446e-05 -0.01271292021 -0.9999191853 7.25972718e-08 0.01043835201 0
0.01901248116 0.01597770892 0.01167822643 -2.582015437e-05 0.00484793352 0.5099692756 -3.258770567e-06 0.001210978183 0.2549961545 -0.9999999887 -1.895388569e-06 -0.0001503575256 9.490373779e-07 0.999821086 -0.01891549367 0.0001503664768 -0.0189154936 -0.9998210747 6.693991423e-08 0.01553204115 0
0.02524757079 0.02121755354 0.01550806788 -4.553131712e-05 0.006437547051 0.5099458206 -5.758864699e-06 0.001609256017 0.2549932041 -0.9999999648 -4.439264652e-06 -0.0002651246588 2.221225596e-06 0.9996845228 -0.02511682509 0.0002651525183 -0.0251168248 -0.9996844876 2.115573864e-08 0.02062573029 0
0.03148266043 0.02645739817 0.01933790934 -7.07947025e-05 0.008026947081 0.5099157587 -8.96576766e-06 0.002007509594 0.2549894195 -0.999999915 -8.607404225e-06 -0.0004121988732 4.305446994e-06 0.9995095179 -0.03131650743 0.0004122662508 -0.03131650654 -0.9995094329 6.05314825e-08 0.02571941942 0
0.03771775006 0.03169724279 0.0231677508 -0.0001016093051 0.009616080901 0.5098790912 -1.287880455e-05 0.002405700087 0.2549848016 -0.9999998249 -1.48003617e-05 -0.0005915591908 7.401888305e-06 0.9992960971 -0.0375141339 0.0005916980133 -0.03751413171 -0.999295922 1.677686795e-07 0.03081310856 0
0.04395283969 0.03693708742 0.02699759225 -0.0001379738985 0.01120489582 0.5098358196 -1.749759099e-05 0.002803824956 0.2549793508 -0.9999996772 -2.341831545e-05 -0.0008031800298 1.171050466e-05 0.9990442919 -0.04370929799 0.0008034360222 -0.04370929328 -0.9990439691 3.003928725e-07 0.03590679769 0
0.05018792932 0.04217693204 0.03082743371 -0.0001798870356 0.01279333914 0.5097859456 -2.282189411e-05 0.00320188879 0.2549730674 -0.9999994513 -3.48609935e-05 -0.001047031208 1.743097381e-05 0.9987541392 -0.04990159355 0.001047466373 -0.04990158442 -0.9987535906 4.568050528e-07 0.04100048683 0
0.05642301896 0.04741677667 0.03465727516 -0.0002273470484 0.01438135821 0.5097294711 -2.885155494e-05 0.003599896085 0.2549659516 -0.9999991235 -4.952759926e-05 -0.00132307795 2.476265041e-05 0.9984256819 -0.05609061488 0.001323773038 -0.05609059848 -0.9984248056 6.362331756e-07 0.04609417597 0
0.06265810859 0.0526566213 0.03848711662 -0.0002803520481 0.01596890039 0.5096663985 -3.558644982e-05 0.00399784982 0.2549580035 -0.9999986672 -6.78167374e-05 -0.00163128089 3.390452034e-05 0.9980589682 -0.06227595671 0.001632337875 -0.06227592901 -0.9980576357 8.382780429e-07 0.0511878651 0
0.06889319822 0.05789646592 0.04231695807 -0.0003388999254 0.01755591303 0.5095967301 -4.302647107e-05 0.004395751472 0.2549492233 -0.9999980523 -9.012633977e-05 -0.001971596081 4.505515512e-05 0.9976540522 -0.06845721432 0.001973140617 -0.06845716982 -0.997652105 1.062743178e-06 0.05628155424 0
0.07512828785 0.06313631055 0.04614679953 -0.0004029883506 0.01914234355 0.5095204689 -5.117151698e-05 0.004793601323 0.254939611 -0.9999972461 -0.0001168535915 -0.002343974999 5.841266639e-05 0.9972109933 -0.0746339836 0.002346158885 -0.07463391498 -0.9972082402 1.309551209e-06 0.06137524338 0
0.08136337749 0.06837615517 0.04997664099 -0.0004726147733 0.02072813936 0.5094376178 -6.002148636e-05 0.005191398756 0.2549291669 -0.9999962122 -0.0001483948573 -0.002748364554 7.417466048e-05 0.9967298567 -0.08080586107 0.002751368183 -0.08080575886 -0.9967260703 1.578699449e-06 0.06646893251 0
0.08759846712 0.0736159998 0.05380648244 -0.0005477764232 0.02231324792 0.5093481801 -6.957627552e-05 0.005589142494 0.2549178909 -0.9999949117 -0.0001851456075 -0.003184707101 9.253819306e-05 0.9962107134 -0.08697244398 0.003188741899 -0.08697229615 -0.9962056272 1.870235063e-06 0.07156262165 0
0.09383355675 0.07885584442 0.0576363239 -0.0006284703093 0.0238976167 0.5092521594 -7.983577647e-05 0.005986830775 0.2549057833 -0.9999933021 -0.000227500345 -0.003652940441 0.0001136997239 0.9956536395 -0.09313333033 0.00365825131 -0.09313312188 -0.9956469449 2.184240564e-06 0.07665631078 0
0.1000686464 0.08409568905 0.06146616535 -0.0007146932212 0.02548119322 0.5091495595 -9.079987588e-05 0.006384461474 0.2548928442 -0.9999913382 -0.0002758525316 -0.004152997842 0.0001378550717 0.9950587171 -0.09928811896 0.004159865584 -0.09928783146 -0.9950500601 2.520825025e-06 0.08174999992 0
0.106303736 0.08933553367 0.06529600681 -0.0008064417281 0.02706392504 0.5090403844 -0.0001024684543 0.006782032199 0.2548790737 -0.9999889716 -0.000330594515 -0.004684808043 0.0001651993693 0.9944260336 -0.1054364096 0.004693551779 -0.1054360207 -0.994415012 2.880118579e-06 0.08684368906 0
0.1125388256 0.0945753783 0.06912584827 -0.00090371218 0.02864575974 0.5089246386 -0.000114841386 0.007179540353 0.2548644719 -0.9999861507 -0.000392117456 -0.005248295267 0.0001959270184 0.993755682 -0.1115778029 0.005259274847 -0.1115772859 -0.9937418424 3.26226884e-06 0.09193737819 0
0.1187739153 0.09981522292 0.07295568972 -0.001006500707 0.03022664493 0.5088023267 -0.0001279185383 0.007576983183 0.2548490391 -0.9999828211 -0.0004608112555 -0.005843379237 0.0002302316451 0.9930477609 -0.1177119005 0.005856997636 -0.1177112237 -0.9930305954 3.667438534e-06 0.09703106733 0
0.1250090049 0.1050550675 0.07678553118 -0.00111480322 0.03180652831 0.5086734534 -0.0001416997716 0.007974357815 0.2548327754 -0.9999789253 -0.0005370644822 -0.006469975186 0.0002683060552 0.9923023744 -0.1238383052 0.006486680894 -0.1238374313 -0.9922813178 4.095803852e-06 0.1021247565 0
0.1312440945 0.1102949122 0.08061537263 -0.00122861541 0.03338535756 0.508538024 -0.0001561849393 0.008371661283 0.2548156809 -0.9999744025 -0.0006212643003 -0.007127993872 0.0003103421899 0.9915196319 -0.1299566207 0.007148283269 -0.1299555063 -0.9914940587 4.547553299e-06 0.1072184456 0
0.1374791842 0.1155347568 0.08444521409 -0.001347932751 0.03496308047 0.5083960438 -0.0001713738876 0.008768890544 0.2547977559 -0.9999691894 -0.0007137963974 -0.007817341593 0.0003565310812 0.9906996485 -0.1360664522 0.007841761311 -0.136065047 -0.9906688699 5.022886847e-06 0.1123121347 0
0.1437142738 0.1207746014 0.08827505555 -0.001472750497 0.03653964482 0.5082475184 -0.0001872664555 0.009166042499 0.2547790005 -0.9999632191 -0.0008150449131 -0.008537920204 0.0004070628081 0.9898425446 -0.1421674058 0.008567069481 -0.1421656523 -0.9898058055 5.522015299e-06 0.1174058239 0
0.1499493634 0.1260144461 0.092104897 -0.001603063683 0.03811499849 0.5080924538 -0.0002038624747 0.009563114001 0.254759415 -0.9999564223 -0.0009253923668 -0.009289627131 0.0004621264522 0.988948446 -0.1482590891 0.009324160145 -0.1482569213 -0.9889049223 6.045159796e-06 0.122499513 0
0.1561844531 0.1312542907 0.09593473846 -0.001738867126 0.03968908938 0.5079308561 -0.0002211617696 0.009960101863 0.2547389994 -0.9999487263 -0.001045219587 -0.01007235539 0.0005219100545 0.9880174842 -0.154341111 0.01011298359 -0.1543384542 -0.9879662793 6.592551423e-06 0.1275932021 0
0.1631123304 0.1370763403 0.1001901179 -0.001896192455 0.04143653495 0.5077436488 -0.0002412078153 0.01040109748 0.2547153424 -0.9999390286 -0.001189940178 -0.01097830089 0.0005940993859 0.9869400138 -0.1610871078 0.01102660845 -0.1610838083 -0.9868791317 7.229495407e-06 0.1332528567 0
0.1693474201 0.1423161849 0.1040199593 -0.00204356844 0.04300778919 0.5075682805 -0.0002599911937 0.01079789818 0.2546931754 -0.9999291828 -0.001331022845 -0.01182614755 0.0006644599269 0.9859316846 -0.1671474552 0.01188225066 -0.1671434763 -0.9858609793 7.828877217e-06 0.1383465459 0
0.1755825097 0.1475560295 0.1078498008 -0.002196417166 0.04457761897 0.5073864 -0.0002794772546 0.01119460515 0.2546701792 -0.9999181932 -0.001482758496 -0.0127046547 0.000740118312 0.9848869348 -0.1731969335 0.01276945765 -0.1731921678 -0.984805267 8.453285373e-06 0.143440235 0
0.1818175993 0.1527958741 0.1116796422 -0.002354732555 0.04614597246 0.5071980145 -0.0002996657922 0.01159121512 0.254646354 -0.9999059753 -0.001645520266 -0.01361369741 0.0008212578475 0.9838059177 -0.1792351578 0.01368817116 -0.1792294856 -0.9837120643 9.102988862e-06 0.1485339242 0
0.188052689 0.1580357188 0.1155094837 -0.002518508312 0.04771279786 0.5070031315 -0.0003205565933 0.01198772479 0.2546217 -0.9998924416 -0.00181967924 -0.01455314646 0.0009080605779 0.9826887917 -0.1852617446 0.01463833086 -0.1852550333 -0.9825814429 9.77826532e-06 0.1536276133 0
0.1942877786 0.1632755634 0.1193393251 -0.002687737927 0.04927804349 0.5068017588 -0.0003421494372 0.01238413085 0.2545962175 -0.9998775016 -0.002005604387 -0.01552286831 0.001000707244 0.9815357207 -0.1912763123 0.01561987434 -0.1912684151 -0.981413477 1.047940086e-05 0.1587213024 0
0.2005228682 0.168515408 0.1231691666 -0.002862414673 0.05084165768 0.5065939043 -0.0003644440961 0.01278042999 0.2545699068 -0.9998610621 -0.002203662485 -0.01652272518 0.001099377241 0.9803468735 -0.1972784809 0.01663273716 -0.1972692361 -0.9802082435 1.120668987e-05 0.1638149916 0
0.2067579579 0.1737552526 0.126999008 -0.003042531605 0.05240358888 0.5063795764 -0.0003874403346 0.01317661889 0.2545427681 -0.999843027 -0.002414218058 -0.01755257503 0.001204248574 0.9791224244 -0.2032678721 0.01767685279 -0.2032571022 -0.9789658213 1.196043488e-05 0.1689086807 0
0.2129930475 0.1789950973 0.1308288495 -0.003228081567 0.05396378559 0.5061587834 -0.00041113791 0.0135726942 0.2545148018 -0.9998232975 -0.002637633304 -0.01861227161 0.001315497821 0.9778625527 -0.2092441098 0.01875215266 -0.2092316203 -0.9776862921 1.274094637e-05 0.1740023698 0
0.2192281371 0.1842349419 0.134658691 -0.003419057182 0.05552219639 0.5059315343 -0.0004355365721 0.01396865261 0.2544860081 -0.9998017719 -0.002874268032 -0.01970166446 0.001433300087 0.9765674429 -0.2152068195 0.01985856617 -0.2151923979 -0.97636974 1.354854263e-05 0.179096059 0
0.2254632268 0.1894747865 0.1384885324 -0.003615450863 0.05707876995 0.505697838 -0.0004606360636 0.01436449076 0.2544563872 -0.9997783456 -0.003124479589 -0.02082059896 0.001557828965 0.9752372845 -0.2211556288 0.02099602064 -0.2211390436 -0.9750162514 1.438354956e-05 0.1841897481 0
0.2316983164 0.1947146311 0.1423183739 -0.003817254806 0.058633455 0.5054577039 -0.0004864361195 0.01476020531 0.2544259397 -0.9997529114 -0.003388622798 -0.02196891634 0.001689256495 0.9738722721 -0.2270901671 0.02216444139 -0.2270711669 -0.9736259152 1.524630058e-05 0.1892834372 0
0.237933406 0.1999544758 0.1461482153 -0.004024460992 0.06018620038 0.5052111414 -0.0005129364677 0.01515579292 0.2543946657 -0.9997253595 -0.003667049891 -0.0231464537 0.001827753122 0.9724726055 -0.2330100662 0.02336375167 -0.2329883782 -0.9721988226 1.613713643e-05 0.1943771264 0
0.2441684957 0.2051943204 0.1499780568 -0.00423706119 0.061736955 0.5049581604 -0.0005401368283 0.01555125024 0.2543625656 -0.999695577 -0.003960110442 -0.02435304406 0.001973487656 0.9710384891 -0.2389149597 0.02459387274 -0.238890289 -0.9707350675 1.705640503e-05 0.1994708155 0
0.2504035853 0.210434165 0.1538078982 -0.004455046954 0.06328566785 0.5046987708 -0.0005680369146 0.0159465739 0.2543296397 -0.9996634487 -0.0042681513 -0.02558851639 0.002126627236 0.9695701327 -0.2448044836 0.0258547238 -0.2447765116 -0.9692347459 1.800446135e-05 0.2045645047 0
0.2566386749 0.2156740096 0.1576377397 -0.004678409627 0.06483228802 0.5044329831 -0.000596636432 0.01634176057 0.2542958884 -0.9996288565 -0.004591516529 -0.02685269558 0.002287337283 0.9680677508 -0.2506782759 0.02714622206 -0.2506466594 -0.9676979564 1.898166723e-05 0.2096581938 0
0.2628737646 0.2209138543 0.1614675811 -0.004907140337 0.06637676471 0.5041608078 -0.0006259350788 0.01673680689 0.254261312 -0.9995916796 -0.00493054734 -0.02814540257 0.002455781467 0.9665315627 -0.256535977 0.02846828271 -0.2565003471 -0.9661247998 1.998839127e-05 0.2147518829 0
0.2691088542 0.2261536989 0.1652974226 -0.005141230001 0.06791904718 0.5038822556 -0.000655932546 0.0171317095 0.2542259109 -0.9995517949 -0.005285582026 -0.02946645427 0.002632121665 0.9649617926 -0.2623772297 0.02982081891 -0.2623371902 -0.9645153796 2.102500863e-05 0.2198455721 0
0.2753439438 0.2313935435 0.1691272641 -0.005380669323 0.0694590848 0.5035973377 -0.000686628517 0.01752646504 0.2541896855 -0.9995090764 -0.005656955904 -0.03081566369 0.002816517921 0.9633586698 -0.268201679 0.03120374185 -0.2681568053 -0.9628698013 2.209190095e-05 0.2249392612 0
0.2815790335 0.2366333881 0.1729571055 -0.005625448798 0.07099682706 0.5033060654 -0.000718022668 0.01792107017 0.2541526361 -0.9994633955 -0.006045001246 -0.03219283988 0.00300912841 0.9617224278 -0.2740089724 0.03261696071 -0.2739588103 -0.9611881731 2.318945617e-05 0.2300329503 0
0.2878141231 0.2418732328 0.176786947 -0.005875558709 0.07253222352 0.5030084501 -0.0007501146678 0.01831552152 0.2541147632 -0.9994146214 -0.006450047221 -0.03359778805 0.003210109402 0.9600533054 -0.2797987598 0.03406038268 -0.2797428242 -0.9594706054 2.431806839e-05 0.2351266395 0
0.2940492127 0.2471130774 0.1806167884 -0.006130989127 0.07406522387 0.5027045038 -0.0007829041779 0.01870981575 0.2540760672 -0.9993626205 -0.006872419833 -0.03503030952 0.003419615217 0.9583515457 -0.2855706938 0.03553391298 -0.2855084671 -0.957717211 2.547813774e-05 0.2402203286 0
0.3002843024 0.252352922 0.1844466299 -0.006391729914 0.07559577788 0.5023942384 -0.0008163908523 0.0191039495 0.2540365483 -0.9993072567 -0.007312441856 -0.03649020183 0.003637798196 0.9566173965 -0.2913244294 0.03703745482 -0.2912553603 -0.955928105 2.667007023e-05 0.2453140177 0
0.306519392 0.2575927666 0.1882764713 -0.006657770723 0.07712383545 0.5020776664 -0.0008505743377 0.01949791941 0.2539962072 -0.9992483916 -0.007770432779 -0.0379772587 0.003864808657 0.9548511103 -0.2970596243 0.03857090948 -0.2969831266 -0.954103405 2.789427763e-05 0.2504077069 0
0.3127544816 0.2628326113 0.1921063128 -0.006929100999 0.07864934658 0.5017548002 -0.0008854542736 0.01989172213 0.2539550442 -0.9991858843 -0.008246708741 -0.03949127014 0.004100794863 0.9530529442 -0.3027759387 0.04013417625 -0.3026913897 -0.9522432307 2.915117732e-05 0.255501396 0
0.3189895713 0.2680724559 0.1959361542 -0.007205709976 0.08017226138 0.5014256527 -0.000921030292 0.02028535431 0.2539130596 -0.9991195914 -0.008741582476 -0.0410320224 0.004345902986 0.9512231595 -0.3084730359 0.04172715247 -0.3083797748 -0.9503477044 3.044119215e-05 0.2605950852 0
0.3252246609 0.2733123005 0.1997659957 -0.007487586681 0.08169253008 0.5010902369 -0.0009573020177 0.02067881261 0.2538702541 -0.9990493672 -0.009255363251 -0.04259929808 0.004600277065 0.9493620224 -0.3141505815 0.04334973353 -0.3140479082 -0.9484169505 3.176475031e-05 0.2656887743 0
0.3314597505 0.2785521451 0.2035958372 -0.007774719933 0.08321010304 0.5007485662 -0.000994269068 0.02107209366 0.2538266279 -0.9989750636 -0.009788356807 -0.04419287614 0.00486405898 0.9474698031 -0.3198082442 0.04500181286 -0.3196954179 -0.9464510957 3.312228524e-05 0.2707824634 0
0.3376948402 0.2837919898 0.2074256786 -0.008067098347 0.0847249307 0.5004006541 -0.001031931053 0.02146519413 0.2537821817 -0.9988965304 -0.01034086531 -0.04581253192 0.005137388408 0.9455467765 -0.3254456955 0.04668328198 -0.3253219328 -0.9444502693 3.451423542e-05 0.2758761526 0
0.3439299298 0.2890318344 0.2112555201 -0.008364710327 0.08623696366 0.5000465143 -0.001070287576 0.02185811066 0.2537369158 -0.9988136148 -0.01091318727 -0.0474580372 0.005420402795 0.9435932215 -0.3310626097 0.04839403047 -0.3309270836 -0.9424146026 3.594104433e-05 0.2809698417 0
0.3501650194 0.294271679 0.2150853615 -0.008667544075 0.08774615263 0.4996861609 -0.001109338231 0.02225083991 0.2536908307 -0.9987261619 -0.01150561753 -0.04912916022 0.005713237318 0.9416094216 -0.3366586641 0.05013394597 -0.336510502 -0.9403442293 3.740316025e-05 0.2860635308 0
0.3564001091 0.2995115236 0.218915203 -0.008975587585 0.08925244843 0.4993196083 -0.001149082607 0.02264337854 0.253643927 -0.9986340145 -0.01211844716 -0.05082566574 0.006016024851 0.9395956642 -0.3422335391 0.05190291422 -0.3420718215 -0.9382392853 3.89010362e-05 0.29115722 0
0.3626351987 0.3047513683 0.2227450444 -0.009288828648 0.09075580204 0.4989468709 -0.001189520285 0.02303572321 0.253596205 -0.9985370134 -0.01275196344 -0.05254731505 0.006328895935 0.9375522411 -0.3477869179 0.05370081905 -0.3476106768 -0.9360999089 4.043512977e-05 0.2962509091 0
0.3688702883 0.3099912129 0.2265748859 -0.009607254849 0.09225616454 0.4985679635 -0.001230650838 0.02342787057 0.2535476654 -0.998434997 -0.01340644977 -0.05429386605 0.006651978742 0.9354794481 -0.3533184871 0.0555275424 -0.3531267042 -0.9339262406 4.200590302e-05 0.3013445982 0
0.3751053779 0.3152310575 0.2304047274 -0.009930853572 0.09375348715 0.4981829011 -0.001272473833 0.0238198173 0.2534983086 -0.9983278017 -0.01408218566 -0.05606507325 0.006985399043 0.9333775852 -0.358827936 0.05738296429 -0.3586195414 -0.9317184231 4.361382239e-05 0.3064382874 0
0.3813404676 0.3204709021 0.2342345688 -0.010259612 0.09524772123 0.497791699 -0.001314988828 0.02421156004 0.2534481351 -0.9982152617 -0.01477944663 -0.05786068783 0.007329280177 0.9312469562 -0.3643149574 0.05926696289 -0.3640888278 -0.9294766014 4.525935852e-05 0.3115319765 0
0.3875755572 0.3257107468 0.2380644103 -0.0105935171 0.09673881828 0.4973943727 -0.001358195375 0.02460309548 0.2533971455 -0.9980972094 -0.01549850421 -0.05968045768 0.007683743017 0.929087869 -0.3697792472 0.06117941447 -0.3695342041 -0.9272009228 4.69429862e-05 0.3166256657 0
0.3938106468 0.3309505914 0.2418942517 -0.01093255565 0.09822672993 0.4969909378 -0.001402093018 0.02499442027 0.2533453404 -0.9979734747 -0.01623962584 -0.06152412745 0.008048905944 0.9269006355 -0.3752205046 0.06312019343 -0.3749553127 -0.9248915367 4.866518423e-05 0.3217193548 0
0.4000457365 0.336190436 0.2457240932 -0.01127671424 0.09971140794 0.4965814105 -0.001446681295 0.0253855311 0.2532927202 -0.9978438861 -0.01700307485 -0.06339143857 0.008424884809 0.9246855711 -0.3806384319 0.06508917233 -0.3803517977 -0.9225485947 5.042643533e-05 0.3268130439 0
0.4062808261 0.3414302806 0.2495539346 -0.01162597922 0.1011928042 0.4961658069 -0.001491959734 0.02577642462 0.2532392854 -0.9977082696 -0.01778911038 -0.06528212932 0.008811792908 0.9224429955 -0.3860327349 0.06708622185 -0.3857233046 -0.9201722508 5.222722599e-05 0.3319067331 0
0.4125159157 0.3466701253 0.2533837761 -0.01198033678 0.1026708709 0.4957441434 -0.00153792786 0.02616709752 0.2531850368 -0.9975664495 -0.01859798738 -0.06719593484 0.009209740952 0.9201732316 -0.3914031228 0.06911121085 -0.3910694807 -0.9177626609 5.406804643e-05 0.3370004222 0
0.4187510054 0.3519099699 0.2572136175 -0.01233977289 0.1041455601 0.4953164367 -0.001584585186 0.02655754648 0.2531299748 -0.9974182484 -0.01942995651 -0.06913258722 0.009618837036 0.9178766064 -0.3967493079 0.07116400635 -0.3963899749 -0.9153199834 5.594939044e-05 0.3420941113 0
0.424986095 0.3571498145 0.261043459 -0.01270427332 0.1056168241 0.4948827039 -0.00163193122 0.02694776817 0.2530741001 -0.9972634867 -0.02028526413 -0.0710918155 0.01003918661 0.9155534504 -0.4020710064 0.07324447354 -0.4016844378 -0.9128443786 5.787175533e-05 0.3471878005 0
0.4312211846 0.3623896591 0.2648733005 -0.01307382366 0.1070846156 0.4944429619 -0.001679965464 0.02733775927 0.2530174131 -0.9971019832 -0.02116415221 -0.07307334573 0.01047089245 0.9132040975 -0.4073679377 0.07535247578 -0.4069525217 -0.9103360091 5.983564179e-05 0.3522814896 0
0.4374562743 0.3676295038 0.2687031419 -0.01344840929 0.1085488872 0.4939972283 -0.001728687411 0.02772751648 0.2529599146 -0.9969335548 -0.02206685835 -0.07507690104 0.01091405463 0.9108288854 -0.4126398246 0.07748787465 -0.4121938806 -0.9077950397 6.184155383e-05 0.3573751787 0
0.4436913639 0.3728693484 0.2725329834 -0.01382801539 0.1100095916 0.4935455206 -0.001778096548 0.02811703648 0.2529016051 -0.9967580168 -0.02299361566 -0.07710220164 0.01136877051 0.9084281551 -0.4178863939 0.07965052992 -0.4174081704 -0.9052216371 6.388999866e-05 0.3624688679 0
0.4499264535 0.378109193 0.2763628248 -0.01421262694 0.1114666819 0.4930878568 -0.001828192352 0.02850631595 0.2528424852 -0.9965751828 -0.02394465277 -0.07914896491 0.01183513468 0.9060022508 -0.4231073754 0.08184029955 -0.4225950487 -0.9026159705 6.598148661e-05 0.367562557 0
0.4561615432 0.3833490377 0.2801926663 -0.01460222875 0.1129201111 0.4926242548 -0.001878974296 0.0288953516 0.2527825556 -0.9963848645 -0.02492019377 -0.08121690542 0.01231323894 0.9035515204 -0.4283025031 0.08405703974 -0.4277541747 -0.8999782109 6.811653106e-05 0.3726562461 0
0.4623966328 0.3885888823 0.2840225077 -0.0149968054 0.1143698326 0.4921547331 -0.001930441845 0.02928414011 0.2527218169 -0.9961868722 -0.02592045814 -0.08330573498 0.01280317232 0.9010763148 -0.4334715143 0.08630060492 -0.4328852097 -0.8973085316 7.029564832e-05 0.3777499353 0
0.4686317224 0.3938287269 0.2878523492 -0.01539634132 0.1158157999 0.4916793102 -0.001982594456 0.0296726782 0.2526602697 -0.9959810146 -0.02694566077 -0.08541516271 0.01330502099 0.8985769882 -0.4386141501 0.08857084775 -0.4379878167 -0.8946071078 7.251935758e-05 0.3828436244 0
0.4748668121 0.3990685715 0.2916821906 -0.0158008207 0.1172579664 0.4911980048 -0.002035431578 0.03006096255 0.2525979147 -0.9957670986 -0.02799601184 -0.08754489506 0.01381886826 0.896053898 -0.4437301553 0.09086761915 -0.4430616607 -0.891874117 7.47881808e-05 0.3879373136 0
0.4811019017 0.4043084162 0.2955120321 -0.01621022758 0.1186962861 0.4907108361 -0.002088952655 0.03044898987 0.2525347525 -0.99554493 -0.02907171684 -0.08969463586 0.01434479457 0.8935074046 -0.4488192786 0.09319076827 -0.4481064084 -0.8891097387 7.710264264e-05 0.3930310027 0
0.4873369913 0.4095482608 0.2993418736 -0.01662454577 0.1201307129 0.4902178232 -0.002143157123 0.03083675687 0.2524707838 -0.9953143127 -0.03017297652 -0.0918640864 0.01488287745 0.8909378713 -0.4538812723 0.09554014256 -0.4531217286 -0.8863141544 7.94632704e-05 0.3981246918 0
0.493572081 0.4147881054 0.303171715 -0.01704375892 0.1215612009 0.4897189856 -0.00219804441 0.03122426025 0.2524060093 -0.9950750496 -0.03129998683 -0.09405294544 0.01543319152 0.8883456647 -0.4589158927 0.09791558773 -0.4581072918 -0.8834875477 8.187059392e-05 0.403218381 0
0.4998071706 0.42002795 0.3070015565 -0.01746785048 0.1229877043 0.4892143429 -0.002253613937 0.03161149674 0.2523404297 -0.9948269418 -0.03245293888 -0.0962609093 0.01599580843 0.885731154 -0.4639228998 0.1003169478 -0.4630627707 -0.8806301042 8.432514552e-05 0.4083120701 0
0.5060422602 0.4252677947 0.3108313979 -0.0178968037 0.1244101778 0.4887039153 -0.002309865119 0.03199846305 0.2522740456 -0.9945697893 -0.03363201894 -0.09848767186 0.01657079685 0.8830947112 -0.4689020577 0.102744065 -0.4679878399 -0.8777420115 8.682745992e-05 0.4134057592 0
0.5122773499 0.4305076393 0.3146612394 -0.01833060166 0.1258285758 0.4881877226 -0.002366797363 0.0323851559 0.2522068577 -0.9943033908 -0.03483740836 -0.1007329247 0.01715822249 0.8804367114 -0.4738531341 0.1051967801 -0.4728821759 -0.8748234595 8.937807419e-05 0.4184994484 0
0.5185124395 0.4357474839 0.3184910808 -0.01876922724 0.1272428534 0.4876657854 -0.002424410067 0.032771572 0.2521388668 -0.9940275435 -0.03606928358 -0.1029963569 0.01775814801 0.8777575319 -0.4787759009 0.1076749318 -0.4777454572 -0.8718746396 9.197752765e-05 0.4235931375 0
0.5254403169 0.4415695335 0.3227464602 -0.01926222996 0.1288093854 0.4870791428 -0.002489221516 0.03320059468 0.2520623804 -0.9937097167 -0.03746930577 -0.1055322225 0.01843946472 0.8747562882 -0.4842121667 0.1104580689 -0.4831122928 -0.8685629094 9.492374853e-05 0.4292527921 0
0.5316754065 0.4468093781 0.3265763017 -0.01971099013 0.1302148165 0.4865451461 -0.002548268747 0.03358641581 0.2519926966 -0.9934132513 -0.03875765239 -0.1078330029 0.01906597102 0.872033648 -0.4890744376 0.112989384 -0.4879089681 -0.8655508292 9.762808793e-05 0.4343464812 0
0.5379104961 0.4520492227 0.3304061431 -0.02016452349 0.1316159877 0.4860054696 -0.002607994527 0.03397195002 0.2519222119 -0.9931066991 -0.04007300174 -0.1101509818 0.0197051527 0.8692910194 -0.4939077146 0.115545624 -0.492673602 -0.8625090902 0.0001003829582 0.4394401704 0
0.5441455858 0.4572890674 0.3342359846 -0.02062281214 0.1330128545 0.4854601345 -0.002668398225 0.03435719405 0.2518509272 -0.9927898526 -0.0414155096 -0.1124858394 0.02035705983 0.8665287903 -0.4987117861 0.1181266211 -0.4974058816 -0.8594378921 0.0001031889075 0.4445338595 0
0.5503806754 0.462528912 0.3380658261 -0.02108583802 0.1344053729 0.4849091625 -0.002729479205 0.03474214464 0.2517788433 -0.9924625036 -0.04278532664 -0.1148372538 0.02102173937 0.8637473511 -0.5034864446 0.1207322058 -0.5021054962 -0.8563374365 0.0001060464855 0.4496275487 0
0.556615765 0.4677687566 0.3418956675 -0.02155358291 0.1357934986 0.4843525751 -0.002791236823 0.03512679853 0.2517059607 -0.9921244423 -0.04418259841 -0.1172049014 0.02169923514 0.8609470943 -0.5082314866 0.123362207 -0.506772137 -0.8532079272 0.0001089562443 0.4547212378 0
0.5628508547 0.4730086012 0.345725509 -0.02202602836 0.137177188 0.4837903944 -0.002853670429 0.03551115247 0.2516322804 -0.9917754586 -0.0456074653 -0.1195884565 0.02238958783 0.8581284147 -0.5129467128 0.126016452 -0.5114054976 -0.8500495697 0.0001119187374 0.4598149269 0
0.5690859443 0.4782484459 0.3495553504 -0.02250315576 0.1385563973 0.4832226424 -0.002916779364 0.03589520321 0.2515578031 -0.9914153409 -0.04706006248 -0.1219875914 0.02309283496 0.8552917093 -0.5176319281 0.1286947664 -0.5160052738 -0.8468625712 0.0001149345204 0.4649086161 0
0.5753210339 0.4834882905 0.3533851919 -0.02298494635 0.139931083 0.4826493416 -0.002980562963 0.0362789475 0.2514825297 -0.991043877 -0.04854051995 -0.1244019767 0.02380901086 0.852437377 -0.5222869415 0.1313969744 -0.5205711634 -0.8436471413 0.0001180041504 0.4700023052 0
0.5815561236 0.4887281351 0.3572150333 -0.02347138114 0.141301202 0.4820705144 -0.003045020554 0.03666238209 0.2514064607 -0.9906608539 -0.05004896242 -0.1268312814 0.02453814669 0.849565819 -0.5269115662 0.1341228986 -0.5251028667 -0.8404034909 0.0001211281864 0.4750959943 0
0.5877912132 0.4939679797 0.3610448748 -0.02396244099 0.1426667113 0.4814861836 -0.003110151457 0.03704550376 0.2513295972 -0.9902660577 -0.05158550936 -0.1292751724 0.02528027038 0.8466774381 -0.5315056197 0.1368723599 -0.529600086 -0.8371318331 0.0001243071889 0.4801896835 0
0.5940263028 0.4992078244 0.3648747162 -0.02445810659 0.1440275678 0.4808963724 -0.003175954987 0.03742830925 0.2512519399 -0.9898592738 -0.05315027494 -0.1317333152 0.02603540664 0.8437726392 -0.5360689237 0.1396451777 -0.534062526 -0.8338323829 0.0001275417201 0.4852833726 0
0.6002613925 0.504447669 0.3687045577 -0.02495835844 0.1453837291 0.4803011037 -0.003242430449 0.03781079535 0.2511734895 -0.9894402869 -0.05474336801 -0.1342053736 0.02680357695 0.8408518289 -0.5406013042 0.14244117 -0.5384898936 -0.8305053567 0.0001308323436 0.4903770617 0
0.6064964821 0.5096875136 0.3725343992 -0.02546317685 0.1467351526 0.4797004012 -0.003309577144 0.03819295881 0.251094247 -0.989008881 -0.05636489209 -0.1366910099 0.02758479954 0.8379154156 -0.5451025915 0.1452601531 -0.5428818981 -0.8271509733 0.0001341796246 0.4954707509 0
0.6127315717 0.5149273582 0.3763642406 -0.025972542 0.1480817961 0.4790942883 -0.003377394364 0.03857479643 0.2510142132 -0.9885648396 -0.05801494533 -0.1391898848 0.02837908938 0.8349638092 -0.54957262 0.1481019419 -0.5472382511 -0.8237694528 0.0001375841297 0.50056444 0
0.6189666614 0.5201672029 0.3801940821 -0.02648643385 0.1494236177 0.4784827889 -0.003445881393 0.03895630497 0.2509333889 -0.9881079455 -0.05969362049 -0.1417016577 0.02918645816 0.8319974213 -0.5540112288 0.1509663499 -0.5515586665 -0.8203610172 0.0001410464271 0.5056581292 0
0.625201751 0.5254070475 0.3840239235 -0.02700483222 0.1507605755 0.4778659271 -0.003515037511 0.03933748122 0.250851775 -0.9876379809 -0.06140100495 -0.1442259866 0.03000691429 0.8290166651 -0.5584182609 0.1538531888 -0.5558428606 -0.8169258905 0.0001445670861 0.5107518183 0
0.6314368406 0.5306468921 0.387853765 -0.02752771673 0.1520926278 0.477243727 -0.003584861989 0.03971832197 0.2507693722 -0.9871547279 -0.06313718065 -0.1467625279 0.03084046289 0.8260219549 -0.5627935641 0.1567622691 -0.5600905519 -0.8134642983 0.0001481466777 0.5158455074 0
0.6376719303 0.5358867367 0.3916836064 -0.02805506686 0.1534197334 0.4766162131 -0.00365535409 0.040098824 0.2506861816 -0.9866579678 -0.06490222411 -0.149310937 0.03168710577 0.8230137069 -0.5671369902 0.1596933998 -0.5643014617 -0.8099764678 0.0001517857738 0.5209391966 0
0.6439070199 0.5411265814 0.3955134479 -0.0285868619 0.1547418511 0.47598341 -0.003726513073 0.04047898412 0.2506022039 -0.9861474816 -0.06669620639 -0.1518708681 0.03254684145 0.819992338 -0.5714483956 0.1626463884 -0.5684753132 -0.8064626281 0.0001554849478 0.5260328857 0
0.6501421095 0.546366426 0.3993432893 -0.02912308097 0.1560589398 0.4753453426 -0.003798338188 0.04085879912 0.2505174401 -0.9856230501 -0.06851919306 -0.1544419742 0.0334196651 0.8169582666 -0.5757276409 0.1656210409 -0.5726118325 -0.80292301 0.0001592447744 0.5311265748 0
0.6563771991 0.5516062706 0.4031731308 -0.02966370304 0.157370959 0.4747020359 -0.003870828677 0.04123826581 0.250431891 -0.9850844536 -0.07037124424 -0.1570239069 0.03430556857 0.8139119124 -0.5799745915 0.168617162 -0.5767107479 -0.799357846 0.0001630658293 0.536220264 0
0.6626122888 0.5568461152 0.4070029723 -0.03020870689 0.158677868 0.4740535152 -0.003943983778 0.04161738098 0.2503455576 -0.9845314723 -0.07225241453 -0.1596163172 0.03520454038 0.810853696 -0.5841891167 0.1716345549 -0.5807717902 -0.7957673701 0.0001669486895 0.5413139531 0
0.6688473784 0.5620859599 0.4108328137 -0.03075807116 0.1599796266 0.4733998059 -0.004017802719 0.04199614146 0.2502584407 -0.9839638861 -0.07416275301 -0.1622188548 0.03611656571 0.8077840389 -0.5883710906 0.1746730216 -0.5847946927 -0.7921518181 0.000170893933 0.5464076422 0
0.675082468 0.5673258045 0.4146626552 -0.0313117743 0.1612761948 0.4727409335 -0.004092284724 0.04237454406 0.2501705412 -0.983381475 -0.07610230326 -0.1648311686 0.03704162638 0.8047033636 -0.5925203917 0.1777323624 -0.5887791913 -0.7885114275 0.0001749021392 0.5515013314 0
0.6813175577 0.5725656491 0.4184924966 -0.03186979461 0.1625675327 0.472076924 -0.004167429006 0.0427525856 0.2500818602 -0.9827840184 -0.0780711033 -0.1674529067 0.03797970087 0.8016120936 -0.5966369028 0.1808123764 -0.5927250242 -0.7848464374 0.0001789738882 0.5565950205 0
0.6875526473 0.5778054937 0.4223223381 -0.03243211023 0.1638536007 0.4714078033 -0.004243234776 0.04313026289 0.2499923985 -0.9821712962 -0.08006918563 -0.1700837161 0.0389307643 0.7985106529 -0.6007205114 0.1839128614 -0.5966319323 -0.7811570884 0.0001831097613 0.5616887097 0
0.6937877369 0.5830453384 0.4261521795 -0.03299869914 0.1651343594 0.4707335977 -0.004319701234 0.04350757279 0.249902157 -0.9815430878 -0.08209657719 -0.1727232434 0.03989478841 0.7953994665 -0.6047711092 0.1870336137 -0.6004996592 -0.7774436228 0.000187310341 0.5667823988 0
0.7000228266 0.588285183 0.429982021 -0.03356953913 0.1664097698 0.4700543336 -0.004396827575 0.0438845121 0.2498111367 -0.980899173 -0.08415329933 -0.1753711342 0.04087174159 0.7922789599 -0.6087885926 0.1901744285 -0.6043279507 -0.7737062846 0.0001915762104 0.5718760879 0
0.7062579162 0.5935250276 0.4338118625 -0.03414460788 0.1676797928 0.4693700375 -0.004474612986 0.04426107768 0.2497193386 -0.9802393313 -0.08623936787 -0.1780270336 0.04186158886 0.7891495589 -0.6127728625 0.1933350994 -0.6081165555 -0.769945319 0.0001959079539 0.5769697771 0
0.7124930058 0.5987648722 0.4376417039 -0.03472388287 0.1689443899 0.4686807363 -0.004553056649 0.04463726636 0.2496267637 -0.9795633428 -0.08835479304 -0.1806905862 0.04286429188 0.7860116903 -0.6167238241 0.1965154189 -0.6118652247 -0.7661609732 0.0002003061567 0.5820634662 0
0.7187280955 0.6040047169 0.4414715454 -0.03530734143 0.1702035226 0.4679864568 -0.004632157737 0.04501307498 0.2495334128 -0.9788709874 -0.09049957949 -0.1833614357 0.04387980891 0.7828657809 -0.6206413872 0.1997151781 -0.6155737123 -0.7623534957 0.0002047714049 0.5871571553 0
0.7249631851 0.6092445615 0.4453013868 -0.03589496076 0.1714571527 0.4672872263 -0.004711915418 0.04538850041 0.2494392871 -0.9781620453 -0.09267372629 -0.1860392259 0.04490809486 0.7797122578 -0.6245254663 0.202934167 -0.6192417746 -0.7585231364 0.0002093042855 0.5922508445 0
0.7311982747 0.6144844061 0.4491312283 -0.03648671788 0.1727052423 0.4665830721 -0.004792328851 0.04576353949 0.2493443874 -0.977436297 -0.09487722691 -0.1887235996 0.04594910125 0.7765515487 -0.62837598 0.206172174 -0.6228691708 -0.754670147 0.0002139053863 0.5973445336 0
0.7374333644 0.6197242507 0.4529610697 -0.03708258965 0.1739477536 0.4658740217 -0.004873397189 0.04613818909 0.2492487148 -0.9766935234 -0.09711006925 -0.1914141998 0.04700277625 0.7733840813 -0.6321928518 0.2094289867 -0.6264556627 -0.7507947804 0.0002185752962 0.6024382227 0
0.743668454 0.6249640954 0.4567909112 -0.0376825528 0.1751846491 0.4651601028 -0.00495511958 0.04651244606 0.2491522702 -0.9759335055 -0.09937223562 -0.1941106687 0.04806906464 0.7702102832 -0.6359760096 0.212704391 -0.6300010147 -0.7468972912 0.0002233146045 0.6075319119 0
0.7499035436 0.63020394 0.4606207526 -0.03828658389 0.1764158918 0.4644413433 -0.005037495162 0.04688630728 0.2490550548 -0.9751560249 -0.1016637027 -0.1968126486 0.04914790783 0.7670305823 -0.6397253856 0.2159981719 -0.633504994 -0.7429779353 0.0002281239017 0.612625601 0
0.7561386333 0.6354437846 0.4644505941 -0.03889465934 0.1776414445 0.4637177713 -0.005120523068 0.04725976963 0.2489570695 -0.9743608637 -0.1039844417 -0.1995197815 0.05023924387 0.7638454063 -0.6434409169 0.2193101131 -0.6369673705 -0.7390369701 0.0002330037788 0.6177192902 0
0.7623737229 0.6406836293 0.4682804356 -0.03950675541 0.1788612705 0.462989415 -0.005204202424 0.04763282997 0.2488583153 -0.9735478043 -0.106334418 -0.2022317093 0.05134300744 0.760655183 -0.6471225449 0.2226399971 -0.6403879169 -0.7350746545 0.0002379548277 0.6228129793 0
0.7686088125 0.6459234739 0.472110277 -0.04012284821 0.1800753335 0.4622563028 -0.005288532349 0.04800548519 0.2487587933 -0.9727166299 -0.1087135917 -0.2049480738 0.05245912985 0.7574603398 -0.6507702155 0.2259876051 -0.6437664084 -0.7310912485 0.000242977641 0.6279066684 0
0.7748439022 0.6511633185 0.4759401185 -0.04074291373 0.181283597 0.4615184634 -0.005373511956 0.04837773219 0.2486585045 -0.971867124 -0.1111219172 -0.2076685168 0.05358753908 0.7542613038 -0.6543838791 0.2293527175 -0.6471026233 -0.727087014 0.0002480728119 0.6330003576 0
0.7810789918 0.6564031631 0.4797699599 -0.04136692777 0.1824860253 0.4607759254 -0.005459140349 0.04874956785 0.24855745 -0.9709990709 -0.1135593432 -0.2103926803 0.05472815972 0.7510585019 -0.6579634908 0.2327351131 -0.6503963425 -0.7230622137 0.0002532409344 0.6380940467 0
0.7873140814 0.6616430078 0.4835998014 -0.04199486603 0.1836825825 0.4600287179 -0.005545416627 0.04912098907 0.2484556309 -0.9701122556 -0.1160258129 -0.2131202062 0.05588091304 0.7478523605 -0.6615090101 0.2361345699 -0.6536473495 -0.719017112 0.0002584826033 0.6431877358 0
0.7935491711 0.6668828524 0.4874296428 -0.04262670402 0.1848732332 0.45927687 -0.005632339882 0.04949199275 0.2483530482 -0.9692064638 -0.1185212641 -0.2158507367 0.05704571696 0.7446433056 -0.6650204009 0.2395508647 -0.6568554311 -0.7149519745 0.0002637984139 0.648281425 0
0.7997842607 0.672122697 0.4912594843 -0.04326241713 0.1860579421 0.4585204108 -0.0057199092 0.04986257581 0.2482497029 -0.9682814819 -0.1210456288 -0.2185839142 0.05822248606 0.7414317625 -0.6684976317 0.2429837729 -0.6600203764 -0.7108670683 0.0002691889622 0.6533751141 0
0.8060193503 0.6773625416 0.4950893257 -0.04390198063 0.1872366744 0.45775937 -0.005808123658 0.05023273515 0.2481455962 -0.9673370973 -0.1235988336 -0.2213193813 0.0594111316 0.738218156 -0.6719406757 0.2464330693 -0.6631419777 -0.7067626616 0.0002746548447 0.6584688032 0
0.81225444 0.6826023863 0.4989191672 -0.04454536961 0.1884093953 0.4569937771 -0.005896982328 0.05060246769 0.2480407292 -0.9663730981 -0.1261807996 -0.2240567811 0.06061156153 0.73500291 -0.6753495102 0.2498985273 -0.6662200298 -0.7026390239 0.0002801966587 0.6635624924 0
0.8184895296 0.6878422309 0.5027490087 -0.04519255903 0.1895760704 0.4562236619 -0.005986484275 0.05097177036 0.247935103 -0.9653892733 -0.1287914422 -0.226795757 0.06182368046 0.7317864477 -0.6787241173 0.2533799193 -0.6692543308 -0.698496426 0.0002858150021 0.6686561815 0
0.8247246192 0.6930820755 0.5065788501 -0.04584352374 0.1907366656 0.4554490543 -0.006076628557 0.05134064008 0.2478287186 -0.9643854131 -0.1314306716 -0.2295359528 0.06304738973 0.7285691916 -0.6820644835 0.2568770167 -0.6722446814 -0.69433514 0.0002915104731 0.6737498707 0
0.8309597089 0.6983219201 0.5104086916 -0.04649823841 0.1918911469 0.4546699845 -0.006167414225 0.05170907378 0.2477215773 -0.9633613084 -0.134098392 -0.232277013 0.06428258737 0.725351563 -0.6853705997 0.2603895898 -0.6751908851 -0.6901554392 0.0002972836708 0.6788435598 0
0.8371947985 0.7035617648 0.514238533 -0.04715667761 0.1930394808 0.4538864828 -0.006258840324 0.05207706841 0.24761368 -0.9623167513 -0.1367945027 -0.2350185826 0.06552916813 0.7221339824 -0.6886424614 0.263917408 -0.6780927484 -0.685957598 0.0003031351947 0.6839372489 0
0.8434298881 0.7088016094 0.5180683745 -0.04781881575 0.1941816338 0.4530985795 -0.006350905892 0.05244462091 0.247505028 -0.9612515351 -0.1395188971 -0.2377603071 0.0667870235 0.7189168691 -0.6918800683 0.2674602396 -0.6809500809 -0.6817418921 0.0003090656448 0.6890309381 0
0.8496649778 0.714041454 0.5218982159 -0.04848462713 0.1953175728 0.4523063053 -0.00644360996 0.05281172822 0.2473956224 -0.960165454 -0.1422714633 -0.2405018329 0.0680560417 0.7157006412 -0.6950834248 0.2710178519 -0.6837626949 -0.6775085984 0.0003150756218 0.6941246272 0
0.8559000674 0.7192812986 0.5257280574 -0.04915408589 0.196447265 0.451509691 -0.006536951554 0.0531783873 0.2472854643 -0.9590583037 -0.1450520839 -0.2432428069 0.06933610771 0.7124857157 -0.6982525397 0.2745900114 -0.6865304057 -0.6732579949 0.0003211657265 0.6992183163 0
0.862135157 0.7245211433 0.5295578988 -0.04982716606 0.1975706779 0.4507087674 -0.00663092969 0.05354459512 0.247174555 -0.9579298807 -0.1478606363 -0.245982877 0.07062710328 0.7092725082 -0.701387426 0.2781764833 -0.6892530315 -0.6689903608 0.0003273365607 0.7043120055 0
0.8683702467 0.7297609879 0.5333877403 -0.05050384153 0.1986877792 0.4499035656 -0.006725543381 0.05391034862 0.2470628954 -0.9567799833 -0.1506969922 -0.248721692 0.07192890692 0.706061433 -0.7044881015 0.2817770322 -0.6919303935 -0.6647059762 0.0003335887263 0.7094056946 0
0.8746053363 0.7350008325 0.5372175818 -0.05118408607 0.1997985368 0.4490941169 -0.006820791631 0.05427564479 0.246950487 -0.9556084107 -0.153561018 -0.2514589014 0.07324139397 0.7028529029 -0.707554588 0.2853914216 -0.6945623159 -0.6604051225 0.000339922826 0.7144993837 0
0.8808404259 0.7402406771 0.5410474232 -0.0518678733 0.2009029191 0.4482804525 -0.006916673437 0.0546404806 0.2468373307 -0.9544149637 -0.1564525749 -0.2541941557 0.07456443655 0.6996473292 -0.710586912 0.2890194142 -0.6971486258 -0.6560880823 0.0003463394625 0.7195930729 0
