0.006636004283 0.006403876853 0.001918269758 -3.612157749e-06 0.001692169099 0.5099962569 -4.525998691e-07 0.0004214236736 0.2549995357 -0.9999999998 -9.201200801e-08 -2.103600803e-05 4.688511273e-08 0.9999782017 -0.006602731604 2.103615701e-05 -0.006602731604 -0.9999782015 4.073071033e-08 0.002551298778 0
0.01227200857 0.01184273371 0.003547469516 -1.235322136e-05 0.003129286337 0.509987199 -1.555364765e-06 0.0007806063404 0.2549984043 -0.9999999974 -5.848129005e-07 -7.193931214e-05 2.936141945e-07 0.9999254544 -0.01221006252 7.194108998e-05 -0.01221006251 -0.9999254518 8.037284721e-08 0.004718134457 0
0.01861251338 0.01796144767 0.005380319244 -2.841520267e-05 0.004745926303 0.5099705548 -3.591373177e-06 0.001185430724 0.2549963152 -0.9999999863 -2.04190556e-06 -0.0001654693024 1.022506899e-06 0.9998285381 -0.0185174065 0.0001654787415 -0.01851740642 -0.9998285244 7.761290454e-08 0.007155824595 0
0.02424851767 0.02340030452 0.007009519002 -4.82281909e-05 0.006182786892 0.5099500236 -6.108033217e-06 0.001545436704 0.2549937329 -0.9999999606 -4.515940952e-06 -0.0002808301614 2.259770381e-06 0.999709004 -0.0241227548 0.0002808573779 -0.02412275448 -0.9997089646 3.476833505e-08 0.009322660273 0
0.03058902249 0.02951901848 0.00884236873 -7.674448878e-05 0.007799026185 0.5099204737 -9.733322612e-06 0.001950427578 0.2549900131 -0.9999999001 -9.065597404e-06 -0.0004468436376 4.534713593e-06 0.9995369915 -0.03042700388 0.0004469125842 -0.03042700287 -0.9995368916 5.491861307e-08 0.01176035041 0
0.03622502677 0.03495787533 0.01047156849 -0.0001076261086 0.009235431129 0.5098884727 -1.366093058e-05 0.002310364944 0.254985983 -0.9999998036 -1.505574171e-05 -0.0006265976587 7.529617217e-06 0.9993507508 -0.03602883319 0.0006267332815 -0.03602883083 -0.9993505544 1.594443835e-07 0.01392718609 0
0.04256553159 0.04107658929 0.01230441822 -0.0001485919836 0.01085104592 0.5098460219 -1.887228489e-05 0.00271522715 0.2549806357 -0.9999996256 -2.442325967e-05 -0.0008650019594 1.221266195e-05 0.9991037575 -0.04232826006 0.000865260502 -0.04232825478 -0.9991033831 3.060944813e-07 0.01636487623 0
0.04820153587 0.04651544615 0.01393361797 -0.0001905371027 0.0122867963 0.5098025563 -2.420905831e-05 0.003075047769 0.2549751596 -0.9999993844 -3.546152881e-05 -0.001109048819 1.773043445e-05 0.9988509351 -0.04792503618 0.001109473945 -0.04792502634 -0.9988503196 4.60335242e-07 0.01853171191 0
0.05454204069 0.05263416011 0.0157664677 -0.0002439457464 0.01390156287 0.5097472117 -3.100524481e-05 0.003479786096 0.2549681861 -0.9999989909 -5.136828917e-05 -0.001419710897 2.568105983e-05 0.9985291267 -0.05421791649 0.001420407763 -0.05421789824 -0.9985281178 6.597490246e-07 0.02096940204 0
0.06017804497 0.05807301696 0.01739566746 -0.0002969473936 0.0153364599 0.5096922889 -3.775044876e-05 0.003839502742 0.2549612649 -0.9999985048 -6.898259497e-05 -0.00172791441 3.448423513e-05 0.9982098923 -0.05980810835 0.001728946976 -0.05980807851 -0.9982083973 8.596105301e-07 0.02313623772 0
0.06581404925 0.06351187381 0.01902486722 -0.0003551491772 0.01677088662 0.5096319774 -4.515827365e-05 0.004199172806 0.2549536637 -0.9999978612 -9.021871872e-05 -0.002066251974 4.509636529e-05 0.9978594764 -0.06539467306 0.002067728936 -0.06539462637 -0.9978573382 1.080568249e-06 0.0253030734 0
0.07215455407 0.06963058777 0.02085771695 -0.0004268392974 0.01838399974 0.5095576887 -5.428399505e-05 0.004603746195 0.2549442999 -0.9999969107 -0.0001188575701 -0.002482849151 5.940603114e-05 0.9974280521 -0.07167480235 0.002484982486 -0.07167472842 -0.9974249637 1.354300927e-06 0.02774076354 0
0.07779055836 0.07506944463 0.0224869167 -0.0004960840208 0.01981728106 0.5094859339 -6.309956879e-05 0.004963317153 0.2549352542 -0.9999958271 -0.0001489065943 -0.002885078169 7.441832882e-05 0.9970115544 -0.07725253885 0.002887959682 -0.07725243118 -0.9970073829 1.620008442e-06 0.02990759922 0
0.08413106317 0.08118815858 0.02431976643 -0.0005801912287 0.02142899402 0.509398778 -7.380876178e-05 0.005367777058 0.2549242656 -0.9999942922 -0.0001883117875 -0.003373431954 9.410210451e-05 0.996505939 -0.08352188096 0.003377373132 -0.08352172168 -0.9965002335 1.944220964e-06 0.03234528935 0
0.08976706746 0.08662701544 0.02594896619 -0.0006604673855 0.0228609316 0.509315592 -8.403164114e-05 0.005727244315 0.2549137759 -0.9999926036 -0.0002286861674 -0.00383932812 0.0001142669556 0.9960236387 -0.08908926989 0.003844435048 -0.08908904966 -0.9960162456 2.255022187e-06 0.03451212503 0
0.09610757228 0.0927457294 0.02778181592 -0.0007569777053 0.0244710214 0.5092155834 -9.632378915e-05 0.006131583458 0.254901163 -0.9999902843 -0.0002805546614 -0.004399166227 0.000140168286 0.9954441712 -0.09534611901 0.004405874177 -0.09534580927 -0.9954344604 2.630303613e-06 0.03694981517 0
0.1017435766 0.09818458625 0.02941101568 -0.0008482719569 0.02590141716 0.5091209799 -0.0001079534937 0.00649093914 0.2548892297 -0.9999877997 -0.0003327584566 -0.004928469825 0.0001662325649 0.9948963915 -0.1009016474 0.004936892721 -0.1009012356 -0.9948841982 2.986859038e-06 0.03911665085 0
0.1080840814 0.1043033002 0.0312438654 -0.0009571693532 0.0275096611 0.5090081352 -0.0001218280287 0.006895147478 0.2548749931 -0.9999844665 -0.0003987770758 -0.005559480232 0.0001991882423 0.9942434602 -0.1071443054 0.005570203555 -0.1071437485 -0.9942279366 3.414075058e-06 0.04155434099 0
0.1137200857 0.1097421571 0.03287306516 -0.001059466531 0.02893831724 0.50890213 -0.0001348640268 0.007254381855 0.2548616169 -0.9999809691 -0.0004643047267 -0.006151896321 0.0002318925092 0.9936305683 -0.1126864676 0.006165033097 -0.1126857497 -0.993611551 3.81724584e-06 0.04372117667 0
0.1200605905 0.115860871 0.03470591489 -0.001180732912 0.03054449297 0.5087764679 -0.000150320319 0.007658447754 0.2548457572 -0.9999763638 -0.0005461487887 -0.006853727492 0.0002727317731 0.9929046106 -0.1189132451 0.006870041951 -0.1189123037 -0.9928809931 4.297454731e-06 0.0461588668 0
0.1256965948 0.1212997279 0.03633511465 -0.001294016022 0.031971212 0.5086590785 -0.0001647620221 0.008017550009 0.2548309386 -0.9999716114 -0.0006264839006 -0.007508926117 0.0003128094766 0.992227017 -0.1244405437 0.007528519359 -0.1244393598 -0.9921986531 4.748253023e-06 0.04832570248 0
0.1320370996 0.1274184418 0.03816796438 -0.001427631242 0.03357509755 0.50852062 -0.0001817993759 0.008421460886 0.2548134566 -0.999965447 -0.0007258158534 -0.008281187255 0.0003623531199 0.9914285192 -0.1306497611 0.008305032885 -0.1306482474 -0.9913939993 5.282667049e-06 0.05076339262 0
0.1376731039 0.1328572987 0.03979716413 -0.001551881466 0.03499968234 0.508391866 -0.0001976461354 0.00878041954 0.2547971962 -0.9999591717 -0.0008224299889 -0.008998803682 0.0004105298055 0.9906866776 -0.1361607077 0.009026977572 -0.1361588427 -0.9906458919 5.782231518e-06 0.0529302283 0
0.1440136087 0.1389760127 0.04163001386 -0.001697823332 0.03660105616 0.508240634 -0.0002162637873 0.00918416222 0.2547780926 -0.9999511329 -0.0009408980571 -0.00984106501 0.0004695892876 0.9898161742 -0.1423506962 0.009874782812 -0.1423483612 -0.9897673629 6.372196513e-06 0.05536791844 0
0.149649613 0.1444148695 0.04325921362 -0.001833020033 0.03802330999 0.5081005367 -0.000233514894 0.009542965376 0.2547603913 -0.999943042 -0.001055249538 -0.01062069999 0.0005265818125 0.9890105812 -0.1478438126 0.01065999678 -0.1478409844 -0.9889536935 6.921778407e-06 0.05753475411 0
0.1559901178 0.1505335835 0.04509206335 -0.001991264305 0.039621951 0.5079365564 -0.0002537120113 0.009946526306 0.254739667 -0.9999327851 -0.001194486382 -0.01153249305 0.0005959583798 0.9880686549 -0.1540129152 0.01157886123 -0.1540094361 -0.9880015301 7.568761258e-06 0.05997244425 0
0.1616261221 0.1559724403 0.04672126311 -0.00213738503 0.04104167756 0.5077851391 -0.0002723666942 0.0103051618 0.2547205254 -0.9999225608 -0.001328019103 -0.0123737131 0.0006624741354 0.9871998495 -0.1594867341 0.01242712914 -0.1594825809 -0.9871225217 8.169715234e-06 0.06213927993 0
0.1679666269 0.1620911543 0.04855411283 -0.002307905431 0.04263736517 0.5076084377 -0.0002941423748 0.01070852718 0.2546981813 -0.9999097147 -0.001489640486 -0.01335453111 0.0007429579509 0.9861871302 -0.1656333067 0.01341680079 -0.1656282743 -0.9860969852 8.875295083e-06 0.06457697007 0
0.1736026312 0.1675300111 0.05018331259 -0.002464925917 0.04405436863 0.5074457256 -0.000314199801 0.01106698265 0.2546776003 -0.9998970145 -0.001643782737 -0.01425686884 0.0008196940923 0.9852556933 -0.1710863728 0.01432789001 -0.1710804396 -0.9851528789 9.529072342e-06 0.06674380575 0
0.179943136 0.1736487251 0.05201616232 -0.002647694133 0.0456468828 0.5072563324 -0.0003375530729 0.01147013851 0.2546536374 -0.9998811802 -0.001829386214 -0.01530616702 0.0009120633739 0.9841728581 -0.177208785 0.01538809746 -0.1772016893 -0.9840542504 1.029493361e-05 0.06918149589 0
0.1855791403 0.1790875819 0.05364536208 -0.002815588309 0.04706096784 0.5070823524 -0.0003590123474 0.01182840149 0.254631618 -0.9998656377 -0.002005549517 -0.01626912143 0.0009997060587 0.9831794123 -0.1826396554 0.01636175812 -0.1826313799 -0.9830453051 1.100307618e-05 0.07134833156 0
0.1919196451 0.1852062959 0.05547821181 -0.003010573998 0.04865008913 0.5068802989 -0.0003839421686 0.01223133375 0.2546060374 -0.9998463893 -0.002216713128 -0.01738631744 0.001104726227 0.9820271848 -0.1887362918 0.01749221059 -0.188726507 -0.9818738861 1.183100257e-05 0.0737860217 0
0.1975556494 0.1906451528 0.05710741156 -0.003189313996 0.05006106093 0.5066950799 -0.0004068023341 0.01258939168 0.2545825805 -0.9998276137 -0.002416291086 -0.01840935431 0.001203949863 0.9809723938 -0.1941435376 0.01852817566 -0.1941322339 -0.9808003785 1.259513824e-05 0.07595285738 0
0.2038961542 0.1967638667 0.05894026129 -0.003396484793 0.05164657052 0.5064803996 -0.0004333075928 0.01299208617 0.2545553833 -0.9998044985 -0.002654572073 -0.01959382862 0.001322372701 0.9797515433 -0.2002127985 0.01972856313 -0.2001995669 -0.9795564901 1.348700722e-05 0.07839054752 0
0.2095321585 0.2022027236 0.06056946105 -0.003586040944 0.05305423488 0.5062839724 -0.0004575676296 0.01334992645 0.2545304899 -0.9997820757 -0.002878939235 -0.02067638089 0.001433839202 0.9786361111 -0.205595005 0.02082654851 -0.2055798474 -0.9784187147 1.430884482e-05 0.0805573832 0
0.2158726633 0.2083214375 0.06240231078 -0.003805362467 0.0546359146 0.5060567009 -0.0004856471437 0.01375236895 0.2545016774 -0.9997546145 -0.003145872769 -0.02192747725 0.001566402025 0.9773474526 -0.2116353074 0.02209654178 -0.2116177225 -0.977102698 1.526662251e-05 0.08299507333 0
0.2215086676 0.2137602944 0.06403151054 -0.004005703318 0.05604007791 0.5058490981 -0.0005113059702 0.01410997891 0.2544753487 -0.9997281072 -0.003396383506 -0.02306894541 0.001690760081 0.9761721234 -0.2169910754 0.02325624634 -0.2169710812 -0.9759009668 1.614794745e-05 0.08516190901 0
0.2278491724 0.2198790083 0.06586436026 -0.004237139176 0.0576177103 0.5056092732 -0.0005409584877 0.01451215517 0.254444922 -0.999695795 -0.003693481435 -0.02438597132 0.001838184917 0.9748165161 -0.2230008543 0.02459549712 -0.2229778423 -0.9745131828 1.717368366e-05 0.08759959915 0
0.2334851767 0.2253178652 0.06749356002 -0.004448231486 0.0590181796 0.5053905292 -0.0005680149597 0.01486952213 0.2544171591 -0.9996647429 -0.003971468837 -0.02558572386 0.00197606927 0.9735820735 -0.2283288007 0.02581660281 -0.228302811 -0.9732478253 1.811635361e-05 0.08976643483 0
0.2398256815 0.2314365792 0.06932640975 -0.004691743284 0.06059154797 0.5051381906 -0.0005992391585 0.01527141788 0.2543851197 -0.9996270493 -0.004300218452 -0.02696795103 0.002139062058 0.9721604209 -0.2343065095 0.0272247438 -0.2342768108 -0.9717886546 1.921217709e-05 0.09220412497 0
0.2454616858 0.236875436 0.07095560951 -0.004913552038 0.06198813097 0.5049083418 -0.0006276920698 0.01562852913 0.2543559239 -0.9995909697 -0.004606993239 -0.02822532487 0.002291092793 0.9708676873 -0.2396052683 0.02850691573 -0.2395719293 -0.970460018 2.021811782e-05 0.09437096064 0
0.2518021906 0.24299415 0.07278845924 -0.005169099387 0.0635570194 0.5046435313 -0.0006604865577 0.01603013007 0.2543222731 -0.9995473393 -0.004968856058 -0.02967198979 0.002470342587 0.9693809361 -0.2455493801 0.02998356076 -0.2455115295 -0.9689298607 2.138623166e-05 0.09680865078 0
0.2574381949 0.2484330068 0.07441765899 -0.0054015878 0.06494952453 0.5044026157 -0.0006903346398 0.01638697292 0.2542916456 -0.9995057275 -0.005305705506 -0.03098629076 0.002637124435 0.968030772 -0.250817603 0.03132644731 -0.2507753454 -0.9675383092 2.245743301e-05 0.09897548646 0
0.2637786997 0.2545517208 0.07625050872 -0.005669128324 0.06651371793 0.5041253774 -0.000724697955 0.01678826475 0.254256385 -0.9994555804 -0.005702116082 -0.03249659521 0.002833302628 0.9664799115 -0.2567266114 0.0328711914 -0.2566789171 -0.9659375851 2.370011016e-05 0.1014131766 0
0.269414704 0.2599905776 0.07787970848 -0.005912257847 0.06790195438 0.5038734349 -0.0007559398773 0.01714482648 0.2542243273 -0.9994079102 -0.006070302972 -0.03386709856 0.003015424281 0.9650732149 -0.2619629688 0.03427442428 -0.2619099869 -0.9644835004 2.483862216e-05 0.1035800123 0
0.2757552088 0.2661092916 0.07971255821 -0.006191747191 0.06946123852 0.5035838146 -0.0007918704879 0.0175457949 0.2541874584 -0.9993506426 -0.006502667717 -0.03544021019 0.003229183843 0.9634592762 -0.2678353889 0.03588684379 -0.267775911 -0.9628126484 2.615820114e-05 0.1060177024 0
0.2813912131 0.2715481484 0.08134175797 -0.00644547752 0.07084501627 0.5033208871 -0.0008245048577 0.0179020628 0.2541539718 -0.9992963669 -0.006903429303 -0.03686616107 0.00342721728 0.9619969818 -0.2730385708 0.03735003815 -0.2729728001 -0.9612964293 2.736613024e-05 0.1081845381 0
0.2877317179 0.2776668624 0.08317460769 -0.006736869359 0.07239917782 0.5030189329 -0.000862001162 0.0183026935 0.2541154963 -0.9992313514 -0.007373125335 -0.038501214 0.003659192005 0.9603210368 -0.2788729399 0.03902969089 -0.2787994679 -0.9595559077 2.8765011e-05 0.1106222282 0
0.2933677222 0.2831057193 0.08480380745 -0.007001158445 0.07377830766 0.5027450639 -0.0008960265246 0.01865865485 0.2540805823 -0.9991699023 -0.00780767233 -0.03998182805 0.003873691836 0.9588041156 -0.2840416562 0.04055244546 -0.2839607511 -0.95797797 3.004451644e-05 0.1127890639 0
0.299708227 0.2892244332 0.08663665718 -0.007304404493 0.07532713425 0.5024308258 -0.0009350868512 0.01905893355 0.2540405018 -0.9990964889 -0.008316046348 -0.04167792348 0.004124495617 0.9570672764 -0.2898365348 0.04229887077 -0.2897465647 -0.956168256 3.152515632e-05 0.115226754 0
0.3053442313 0.2946632901 0.08826585694 -0.007579208547 0.07670142784 0.5021460607 -0.0009705016899 0.01941457565 0.254004162 -0.9990272786 -0.008785561931 -0.04321238734 0.004355998438 0.9554967345 -0.2949695165 0.04388076794 -0.2948708265 -0.9545290325 3.287844668e-05 0.1173935897 0
0.3116847361 0.300782004 0.09009870667 -0.007894258567 0.07824470806 0.5018195907 -0.001011124298 0.01981448805 0.2539624784 -0.9989447949 -0.009333929111 -0.04496859419 0.004626224545 0.9537001526 -0.3007234892 0.04569348687 -0.300614199 -0.9526506225 3.444335668e-05 0.1198312799 0
0.3173207404 0.3062208609 0.09172790642 -0.00817953207 0.07961397794 0.5015239766 -0.001047927034 0.02016979821 0.2539247144 -0.9988672162 -0.009839567955 -0.0465560661 0.004875248309 0.9520770305 -0.3058194891 0.04733409281 -0.3057000341 -0.9509505628 3.587268654e-05 0.1219981155 0
0.3236612452 0.3123395748 0.09356075615 -0.008506333884 0.08115150143 0.5011853289 -0.001090110113 0.02056933004 0.2538814294 -0.9987749682 -0.01042921087 -0.04837142168 0.005165468693 0.9502218957 -0.3115311651 0.04921260822 -0.3113993905 -0.9490039719 3.752442759e-05 0.1244358057 0
0.3292972495 0.3177784317 0.09518995591 -0.008802029595 0.08251556106 0.5008789148 -0.001128299106 0.02092429558 0.2538422429 -0.9986883947 -0.01097209819 -0.05001103209 0.005432512101 0.9485472678 -0.3165889584 0.05091147298 -0.3164454041 -0.9472435421 3.903209438e-05 0.1266026414 0
0.3356377543 0.3238971457 0.09702280564 -0.009140529094 0.0840471185 0.5005281454 -0.001172040775 0.02132343257 0.2537973586 -0.9985856675 -0.01160426575 -0.05188454277 0.005743276711 0.9466348073 -0.3222569727 0.05285526969 -0.3220991814 -0.9452293043 4.077327391e-05 0.1290403315 0
0.3412737586 0.3293360025 0.0986520054 -0.009446598062 0.08540578231 0.5002109821 -0.001211614324 0.02167804081 0.2537567512 -0.9984894545 -0.01218549641 -0.05357539494 0.006028818608 0.9449097807 -0.3272753577 0.05461192738 -0.3271039897 -0.9434089873 4.236161491e-05 0.1312071672 0
0.3476142634 0.3354547165 0.1004848551 -0.009796739216 0.0869311655 0.499848149 -0.001256912634 0.02207676872 0.2537102695 -0.9983755126 -0.01286140284 -0.05550603688 0.006360654733 0.9429412581 -0.3328983718 0.05662047231 -0.3327106373 -0.9413276549 4.419488354e-05 0.1336448573 0
0.3532502677 0.3408935733 0.1021140549 -0.01011313079 0.08828424891 0.4995202889 -0.001297868974 0.022431007 0.2536682431 -0.9982689977 -0.01348204039 -0.05724720754 0.006665153532 0.9411669719 -0.3378761706 0.05843444115 -0.3376728676 -0.9394479499 4.586627301e-05 0.135811693 0
0.3595907725 0.3470122873 0.1039469046 -0.01047485566 0.08980325076 0.4991454523 -0.001344721906 0.0228293116 0.2536201661 -0.9981430862 -0.01420286423 -0.05923392739 0.00701856515 0.9391436864 -0.3434528732 0.06050718345 -0.343230848 -0.9373000938 4.779432143e-05 0.1382493831 0
0.3652267768 0.3524511441 0.1055761044 -0.01080151748 0.09115057022 0.4988069496 -0.001387059213 0.02318316728 0.2535767226 -0.9980255897 -0.01486394009 -0.06102446737 0.007342458265 0.9373213109 -0.3483889326 0.06237796597 -0.3481491395 -0.9353615162 4.955116792e-05 0.1404162188 0
0.3715672816 0.3585698581 0.1074089541 -0.01117476623 0.09266298482 0.4984201714 -0.001435464679 0.02358103434 0.2535270523 -0.9978869344 -0.01563082324 -0.06306618304 0.007717925424 0.935244596 -0.3539180402 0.06451433721 -0.3536569283 -0.9331477254 5.157672396e-05 0.1428539089 0
0.3772032859 0.364008715 0.1090381539 -0.01151164429 0.09400435784 0.4980710822 -0.001479181065 0.0239344948 0.2534821936 -0.9977577601 -0.0163333358 -0.06490511796 0.008061628728 0.9333753317 -0.3588112321 0.06644142035 -0.3585299322 -0.931150807 5.342146779e-05 0.1450207446 0
0.3835437907 0.3701274289 0.1108710036 -0.0118963552 0.09550998051 0.4976724263 -0.001529136908 0.02433191014 0.2534309323 -0.9976055688 -0.01714738255 -0.06700071938 0.008459606939 0.9312465545 -0.3642914902 0.06864083461 -0.363986019 -0.9288716886 5.554729363e-05 0.1474584348 0
0.389179795 0.3755662858 0.1125002033 -0.01224339378 0.09684522569 0.4973128082 -0.001574230424 0.02468496276 0.2533846604 -0.9974640044 -0.0178922964 -0.06888705033 0.008823514228 0.9293316309 -0.3691407123 0.07062368987 -0.3688123989 -0.926816977 5.748240448e-05 0.1496252704 0
0.3955202998 0.3816849997 0.1143330531 -0.01263950325 0.09834385298 0.4969023406 -0.001625734418 0.02508191219 0.2533318104 -0.9972974671 -0.01875457251 -0.07103540025 0.00924443388 0.9271521907 -0.3745708954 0.07288554398 -0.3742152873 -0.924473156 5.971129406e-05 0.1520629606 0
0.4011563041 0.3871238566 0.1159622528 -0.01299664501 0.09967279006 0.4965322532 -0.001672203056 0.02543454438 0.2532841272 -0.9971427852 -0.01954281759 -0.07296810452 0.009628916372 0.9251928657 -0.3793750718 0.07492362756 -0.3789937195 -0.9223612148 6.173926871e-05 0.1542297963 0
0.4074968089 0.3932425705 0.1177951026 -0.01340408758 0.1011642198 0.4961100417 -0.001725252905 0.02583101377 0.2532296908 -0.9969610752 -0.02045434944 -0.07516803929 0.01007318217 0.9229641933 -0.3847539849 0.0772473012 -0.3843419279 -0.9199533341 6.407404528e-05 0.1566674864 0
0.4131328132 0.3986814274 0.1194243023 -0.0137712735 0.1024866697 0.495729546 -0.001773094594 0.02618321295 0.2531805987 -0.9967925336 -0.0212868203 -0.07714607107 0.010478588 0.9209617521 -0.389512067 0.07934005416 -0.389071102 -0.9177847424 6.619740555e-05 0.1588343221 0
0.4187688175 0.4041202842 0.1210535021 -0.0141431652 0.1038060051 0.495344174 -0.001821581691 0.02653520403 0.2531308442 -0.996617209 -0.02214040254 -0.07914506518 0.01089395389 0.9189394732 -0.3942481024 0.0814583362 -0.3937766462 -0.9155896965 6.836653241e-05 0.1610011578 0
0.4251093223 0.4102389982 0.1228863518 -0.0145671513 0.1052864858 0.4949048193 -0.001876900543 0.02693094179 0.2530740792 -0.9964116507 -0.02312614906 -0.08141869263 0.01137323219 0.9166410623 -0.399549512 0.08387175848 -0.3990417825 -0.9130888149 7.086221015e-05 0.1634388479 0
0.4307453266 0.4156778551 0.1245155516 -0.01494899742 0.1065990728 0.494509132 -0.001926757535 0.02728248141 0.2530229189 -0.99622135 -0.02402520673 -0.08346143592 0.01180999049 0.9145776047 -0.4042379611 0.08604386073 -0.4036961661 -0.9108379985 7.313047254e-05 0.1656056836 0
0.4370858314 0.421796569 0.1263484013 -0.01538414701 0.1080718622 0.4940582091 -0.001983616277 0.02767770424 0.2529645737 -0.9959985092 -0.0250625705 -0.08578366553 0.01231350127 0.9122336227 -0.409485281 0.08851749769 -0.4089030267 -0.9082747202 7.573912376e-05 0.1680433737 0
0.4427218357 0.4272354259 0.127977601 -0.01577588452 0.1093775247 0.493652272 -0.002034840942 0.02802877989 0.2529120098 -0.995792457 -0.02600790754 -0.08786905836 0.01277194112 0.9101303346 -0.4141251642 0.09074282446 -0.4135049732 -0.9059687505 7.810909716e-05 0.1702102094 0
0.4490623405 0.4333541398 0.1298104508 -0.01622212578 0.1108424255 0.4931898554 -0.002093237041 0.02842347371 0.2528520868 -0.9955514544 -0.02709777181 -0.09023864141 0.01329999587 0.9077423118 -0.4193173088 0.09327599772 -0.4186521302 -0.9033437785 8.083363005e-05 0.1726478995 0
0.4546983448 0.4387929967 0.1314396505 -0.01662369003 0.1121409886 0.4927737352 -0.002145827097 0.0287740729 0.2527981216 -0.9953288632 -0.02809015434 -0.09236556369 0.0137803818 0.9056005652 -0.4239076755 0.09555393872 -0.4232003775 -0.900983288 8.330790869e-05 0.1748147352 0
0.4610388496 0.4449117106 0.1332725003 -0.01708094935 0.1135978048 0.4922999012 -0.002205757952 0.02916822367 0.2527366237 -0.9950688063 -0.02923335941 -0.09478122892 0.01433326408 0.9031700581 -0.4290435919 0.09814595355 -0.4282864192 -0.8982973422 8.615125164e-05 0.1772524253 0
0.4666748539 0.4503505675 0.1349017 -0.01749227412 0.114889095 0.4918736667 -0.002259711055 0.02951833391 0.2526812596 -0.9948288771 -0.03027351502 -0.09694854089 0.01483583558 0.9009912476 -0.4335835211 0.100475884 -0.43277972 -0.8958829782 8.873244697e-05 0.179419261 0
0.4730153587 0.4564692815 0.1367345497 -0.01796047608 0.1163376322 0.4913884934 -0.002321173994 0.02991192761 0.2526181893 -0.9945488609 -0.03147085753 -0.09940899534 0.01541380057 0.8985198373 -0.4386621898 0.1031260296 -0.4378032517 -0.8931367952 9.169754693e-05 0.1818569512 0
0.478651363 0.4619081383 0.1383637495 -0.01838149356 0.1176214773 0.4909522149 -0.002376487742 0.03026153645 0.2525614289 -0.9942907839 -0.03255947473 -0.1016155384 0.01593877171 0.896305379 -0.4431507904 0.1055073106 -0.4422403737 -0.8906692199 9.438828617e-05 0.1840237868 0
0.4849918678 0.4680268523 0.1401965992 -0.01886056101 0.1190615424 0.4904557823 -0.002439480028 0.03065455908 0.252496789 -0.9939898917 -0.03381170699 -0.1041194684 0.01654204579 0.8937946704 -0.4481712262 0.1082148601 -0.4472000176 -0.8878635528 9.747810707e-05 0.186461477 0
0.4906278721 0.4734657091 0.141825799 -0.0192912018 0.1203377716 0.4900095316 -0.002496151955 0.0310036541 0.2524386347 -0.9937128471 -0.03494943458 -0.1063640658 0.01708960487 0.891546001 -0.4526076375 0.1106468386 -0.4515797439 -0.885343443 0.0001002810319 0.1886283126 0
0.4969683769 0.4795844231 0.1436586487 -0.0197810558 0.1217691734 0.4895019214 -0.002560670782 0.0313960917 0.2523724281 -0.9933901513 -0.03625726394 -0.1089101378 0.01771838523 0.8889976212 -0.4575688892 0.1134110494 -0.4564741399 -0.8824790612 0.0001034985532 0.1910660028 0
0.5026043812 0.4850232799 0.1452878485 -0.02022124898 0.1230376171 0.4890457721 -0.002618698364 0.03174466049 0.2523128825 -0.9930933102 -0.03744471049 -0.1111915958 0.01828869444 0.8867161966 -0.4619522815 0.1158930584 -0.4607952694 -0.879907108 0.0001064163186 0.1932328385 0
0.508944886 0.4911419939 0.1471206982 -0.02072180886 0.1244601657 0.488527068 -0.002684740857 0.03213649913 0.2522451122 -0.9927478732 -0.03880879873 -0.1137784573 0.01894314872 0.8841317939 -0.4668534332 0.1187131725 -0.4656230752 -0.8769847972 0.000109764534 0.1956705286 0
0.5145808903 0.4965808507 0.148749898 -0.02117148195 0.1257206561 0.4880610952 -0.00274412151 0.03248452931 0.2521841779 -0.992430398 -0.04004653205 -0.1160955657 0.0195363438 0.8818190882 -0.4711830079 0.1212445313 -0.4698844229 -0.8743617059 0.0001127998068 0.1978373643 0
0.5209213951 0.5026995647 0.1505827477 -0.02168266531 0.1271341633 0.4875313824 -0.002811684727 0.03287575507 0.2521148469 -0.9920612733 -0.04146749482 -0.1187218464 0.02021660973 0.8792003308 -0.4760231791 0.1241197753 -0.4746443145 -0.8713822675 0.0001162817231 0.2002750544 0
0.5265573994 0.5081384216 0.1522119474 -0.02214174431 0.1283865338 0.4870556628 -0.002872415805 0.03322323431 0.2520525266 -0.9917223189 -0.04275604148 -0.1210733793 0.02083279972 0.8768578351 -0.4802981693 0.1266997897 -0.4788447117 -0.8687087575 0.0001194371814 0.2024418901 0
0.5328979042 0.5142571355 0.1540447972 -0.02266346705 0.129790813 0.4865150287 -0.002941496737 0.0336138333 0.2519816379 -0.9913285516 -0.04423444777 -0.1237376918 0.02153898479 0.8742064095 -0.4850765153 0.1296293751 -0.4835353836 -0.8656730086 0.000123055817 0.2048795802 0
0.5385339085 0.5196959924 0.1556739969 -0.02313187645 0.1310348986 0.4860296404 -0.003003575535 0.03396074927 0.2519179344 -0.9909672658 -0.04557429265 -0.1261224088 0.02217825171 0.8718356308 -0.4892961863 0.1322573374 -0.4876736784 -0.8629498132 0.0001263341488 0.2070464159 0
0.5448744133 0.5258147063 0.1575068467 -0.02366405277 0.1324297651 0.4854781737 -0.003074171105 0.03435070766 0.2518454911 -0.9905478938 -0.04711066431 -0.1288233498 0.02291043292 0.8691532409 -0.4940118986 0.1352404607 -0.4922938444 -0.8598585864 0.0001300925331 0.2094841061 0
0.5505104176 0.5312535632 0.1591360464 -0.02414171556 0.1336654022 0.4849831967 -0.003137594858 0.03469704806 0.2517804072 -0.9901634183 -0.04850225016 -0.1312399967 0.02357283154 0.8667557009 -0.498175548 0.1379156504 -0.4963689018 -0.8570864523 0.0001334964355 0.2116509417 0
0.5568509224 0.5373722771 0.1609688961 -0.02468425799 0.1350506728 0.4844209882 -0.003209701922 0.03508635204 0.2517064126 -0.9897174729 -0.05009706144 -0.1339761479 0.02433105507 0.8640440662 -0.5028278547 0.1409514935 -0.5009172947 -0.8539405953 0.0001373976075 0.2140886319 0
0.5624869267 0.542811134 0.1625980959 -0.02517109567 0.1362776994 0.4839165036 -0.003274467805 0.0354321046 0.2516399512 -0.9893089443 -0.05154078851 -0.1364234575 0.0250166127 0.8616213001 -0.5069348127 0.1436731768 -0.5049279972 -0.8511202829 0.000140929786 0.2162554675 0
0.5688274315 0.548929848 0.1644309456 -0.02572391509 0.1376531928 0.4833436456 -0.003348083151 0.03582074038 0.2515644086 -0.9888354514 -0.05319446563 -0.1391933864 0.02580089371 0.8588821548 -0.511522979 0.1467609071 -0.5094033696 -0.8479206585 0.0001449767937 0.2186931577 0
0.5744634358 0.5543687048 0.1660601454 -0.02621984771 0.1388714485 0.4828297365 -0.003414188281 0.03616589288 0.2514965726 -0.9884020016 -0.05469069132 -0.1416700797 0.02650960995 0.85643571 -0.515572609 0.1495283377 -0.5133486173 -0.8450529411 0.0001486399612 0.2208599934 0
0.5808039406 0.5604874188 0.1678929951 -0.02678285334 0.1402369851 0.482246323 -0.003489308631 0.03655384671 0.2514194852 -0.9878999824 -0.05640361211 -0.1444723407 0.02731993237 0.8536708015 -0.5200959373 0.1526671084 -0.5177497419 -0.8418004269 0.0001528358604 0.2232976835 0
0.5864399449 0.5659262756 0.1695221949 -0.02728779949 0.1414463111 0.4817230736 -0.003556750063 0.03689838693 0.2513502777 -0.9874407396 -0.05795265064 -0.1469771274 0.02805177897 0.8512022366 -0.524087636 0.1554795272 -0.5216284528 -0.8388860911 0.0001566327365 0.2254645192 0
0.5927804497 0.5720449896 0.1713550446 -0.02786089894 0.1428017131 0.4811292005 -0.003633372072 0.03728564511 0.251271649 -0.9869092117 -0.05972514419 -0.1498102632 0.02888809526 0.8484133238 -0.5285454662 0.1586684775 -0.5259541226 -0.835581579 0.0001609805904 0.2279022093 0
0.598416454 0.5774838464 0.1729842444 -0.02837477578 0.1440019524 0.4805966967 -0.003702146802 0.03762956088 0.2512010729 -0.9864233013 -0.06132726633 -0.1523418427 0.02964301594 0.8459242072 -0.5324786636 0.1615251133 -0.5297652329 -0.832621424 0.000164913901 0.230069045 0
0.6047569588 0.5836025604 0.1748170941 -0.02895787506 0.1453470439 0.4799924612 -0.003780267059 0.03801610971 0.2511209064 -0.9858612794 -0.06315961269 -0.1552043849 0.03050524697 0.8431130598 -0.5368703738 0.1647633687 -0.5340142617 -0.8292658203 0.0001694167793 0.2325067351 0
0.6103929631 0.5890414173 0.1764462938 -0.02948059833 0.1465380408 0.4794507903 -0.003850372026 0.03835938889 0.251048965 -0.9853478247 -0.06481504547 -0.1577614473 0.0312831573 0.8406049686 -0.5407445338 0.167663438 -0.5377567263 -0.826260658 0.0001734892555 0.2346735708 0
0.6167334679 0.5951601312 0.1782791436 -0.03007360184 0.1478726479 0.4788362916 -0.003929987051 0.03874521473 0.2509672642 -0.9847543217 -0.06670747538 -0.1606519174 0.03217119218 0.8377733651 -0.5450695398 0.1709501103 -0.5419279486 -0.8228548829 0.0001781502335 0.237111261 0
0.6223694722 0.6005989881 0.1799083433 -0.03060508588 0.1490542486 0.4782855424 -0.004001419133 0.0390878452 0.2508939605 -0.9842124448 -0.06841640193 -0.1632331445 0.03297197945 0.8352478837 -0.5488841603 0.1738928178 -0.5456007412 -0.8198055374 0.0001823646114 0.2392780966 0
0.628709977 0.606717702 0.1817411931 -0.03120789649 0.1503781992 0.4776608811 -0.004082525382 0.03947293446 0.2508107291 -0.9835864728 -0.07036909662 -0.1661500551 0.03388567547 0.8323976102 -0.5531419163 0.1772270058 -0.5496930132 -0.816350525 0.0001871867697 0.2417157868 0
0.6343459813 0.6121565589 0.1833703928 -0.03174805425 0.1515502516 0.4771011438 -0.0041552814 0.03981490414 0.2507360664 -0.9830152953 -0.07213165594 -0.1687541211 0.03470919862 0.8298563293 -0.5568965292 0.1802115444 -0.5532951265 -0.8132578326 0.0001915457897 0.2438826224 0
0.6406864861 0.6182752728 0.1852032425 -0.03236057326 0.1528633756 0.4764664222 -0.004237875262 0.04019924323 0.250651308 -0.9823558663 -0.0741447469 -0.171695977 0.03564838109 0.8269891783 -0.561086528 0.1835923335 -0.5573073259 -0.8097545304 0.0001965322134 0.2463203126 0
0.6463224904 0.6237141297 0.1868324423 -0.03290931633 0.1540257293 0.4758977883 -0.004311951975 0.04054054009 0.2505752897 -0.9817545104 -0.07596103375 -0.1743215496 0.03649447063 0.8244336935 -0.5647806996 0.1866178848 -0.5608377719 -0.8066193394 0.0002010386197 0.2484871483 0
0.6526629952 0.6298328437 0.188665292 -0.0335314435 0.1553278584 0.4752531103 -0.004396029774 0.04092411548 0.250489008 -0.9810606373 -0.07803460262 -0.1772868485 0.03745893288 0.8215514622 -0.5689024725 0.190044348 -0.5647687984 -0.8030687082 0.0002061923979 0.2509248384 0
0.6582989995 0.6352717005 0.1902944918 -0.03408868211 0.1564803649 0.4746756729 -0.004471423886 0.0412647275 0.2504116374 -0.9804282265 -0.07990466736 -0.1799325897 0.03832739088 0.8189833728 -0.5725358035 0.1931100821 -0.5682266091 -0.7998918783 0.0002108489378 0.2530916741 0
0.6646395043 0.6413904145 0.1921273415 -0.03472031571 0.1577713331 0.4740211439 -0.004556981878 0.0416475257 0.2503238363 -0.9796989243 -0.08203874584 -0.1829198236 0.0393168942 0.816087862 -0.5765889206 0.1965812797 -0.5720753846 -0.7962948919 0.0002161731631 0.2555293642 0
0.6702755086 0.6468292713 0.1937565413 -0.03528595878 0.1589138455 0.4734349974 -0.004633690033 0.04198744089 0.2502451168 -0.979034584 -0.08396259439 -0.1855843907 0.04020749423 0.8135087696 -0.5801610459 0.1996863559 -0.5754596116 -0.7930772943 0.0002209825871 0.2576961999 0
0.6766160134 0.6529479853 0.195589391 -0.03592699558 0.1601934886 0.4727707244 -0.00472072441 0.04236944845 0.2501558002 -0.9782688705 -0.0861571641 -0.1885920468 0.04122176789 0.8106017821 -0.5841451162 0.2032013358 -0.5792250806 -0.7894349391 0.000226480355 0.26013389 0
0.6822520177 0.6583868421 0.1972185908 -0.03650095069 0.161325862 0.4721759646 -0.004798743193 0.04270865488 0.2500757353 -0.9775717292 -0.08813475791 -0.1912740933 0.04213425507 0.8080132896 -0.5876557056 0.2063449027 -0.5825347957 -0.7861774564 0.0002314454158 0.2623007257 0
0.6885925225 0.6645055561 0.1990514405 -0.037151286 0.162594018 0.4715020559 -0.004887250083 0.04308985837 0.249984907 -0.9767686259 -0.09038975044 -0.1943006549 0.04317299632 0.8050966287 -0.5915703769 0.2099027009 -0.5862159256 -0.7824907314 0.0002371198244 0.2647384158 0
0.6942285268 0.6699444129 0.2006806402 -0.03773345944 0.1637161093 0.4708987799 -0.004966576022 0.04342834413 0.2499035003 -0.9760378159 -0.09242100643 -0.1969988314 0.04410708732 0.8025003391 -0.5950191347 0.2130838962 -0.5894502213 -0.7791942568 0.0002422432766 0.2669052515 0
0.7005690316 0.6760631269 0.20251349 -0.03839298712 0.1649726181 0.4702153457 -0.005056551484 0.04380873019 0.2498111644 -0.9751963491 -0.0947363033 -0.2000427792 0.04516996145 0.7995758074 -0.5988640937 0.2166835372 -0.5930460024 -0.7754641731 0.000248097426 0.2693429417 0
0.7062050359 0.6815019838 0.2041426897 -0.03898328391 0.166084286 0.4696036518 -0.00513718105 0.04414648341 0.2497284194 -0.9744310073 -0.09682109394 -0.2027557343 0.04612534458 0.7969733221 -0.6022507588 0.2199014884 -0.5962039917 -0.7721296107 0.0002533820261 0.2715097773 0
0.7125455407 0.6876206977 0.2059755395 -0.03965189639 0.16732899 0.4689108035 -0.005228621081 0.0445260387 0.24963458 -0.973550209 -0.09919652668 -0.2058155475 0.04721198498 0.7940427201 -0.6060257314 0.2235419848 -0.599713438 -0.7683571912 0.0002594190179 0.2739474675 0
0.718181545 0.6930595546 0.2076047392 -0.04025022027 0.1684300952 0.4682907916 -0.005310550685 0.04486304755 0.2495505004 -0.9727494778 -0.10133468 -0.2085419289 0.04818832023 0.791435638 -0.6093500773 0.2267958096 -0.6027942547 -0.7649854555 0.0002648675237 0.2761143032 0
0.7245220498 0.6991782685 0.2094375889 -0.04092780857 0.1696628385 0.4675886421 -0.005403451217 0.04524175878 0.2494551617 -0.9718283866 -0.1037700303 -0.2116160858 0.04929832855 0.7885007626 -0.6130548281 0.2304761631 -0.6062164038 -0.7611717349 0.0002710904609 0.2785519933 0
0.7301580541 0.7046171254 0.2110667887 -0.04153406207 0.1707532435 0.4669604132 -0.005486677213 0.04557801146 0.2493697511 -0.9709914147 -0.10596133 -0.2143545409 0.05029524773 0.7858906789 -0.6163166629 0.233764969 -0.6092192031 -0.7577637507 0.0002767056309 0.280718829 0
0.7364985589 0.7107358393 0.2128996384 -0.04222051582 0.1719738727 0.4662490769 -0.005581034112 0.04595586538 0.2492729172 -0.9700290768 -0.1084563296 -0.2174415204 0.05142819393 0.7829533218 -0.6199509954 0.2374841702 -0.6125531164 -0.7539097748 0.0002831176173 0.2831565191 0
0.7421345632 0.7161746962 0.2145288382 -0.04283460023 0.1730534421 0.4656127332 -0.005665552798 0.04629135013 0.2491861796 -0.9691550199 -0.1107005154 -0.2201906977 0.05244530077 0.7803418266 -0.6231501618 0.2408070553 -0.6154770748 -0.7504664766 0.0002889022106 0.2853233548 0
0.748475068 0.7222934102 0.2163616879 -0.04352980772 0.1742618058 0.4648923258 -0.005761361866 0.04666833354 0.2490878548 -0.9681504899 -0.1132548465 -0.22328898 0.05360072333 0.7774037735 -0.6267139184 0.2445640843 -0.618721838 -0.7465733024 0.0002955063505 0.2877610449 0
0.7541110723 0.727732267 0.2179908877 -0.04415162311 0.175330406 0.4642479709 -0.005847169483 0.04700303865 0.2489997938 -0.9672385119 -0.1155516138 -0.2260475296 0.05463759367 0.7747924505 -0.6298502934 0.2479201372 -0.6215661536 -0.7430956347 0.0003014631266 0.2899278806 0
0.7604515771 0.733850981 0.2198237374 -0.04485547127 0.1765263552 0.4635186097 -0.005944426458 0.04737913838 0.2488999825 -0.966190854 -0.1181649093 -0.2291555975 0.05581499978 0.7718554789 -0.6333433552 0.2517139636 -0.6247208768 -0.7391643299 0.0003082625243 0.2923655707 0
0.7660875814 0.7392898378 0.2214529372 -0.04548491656 0.1775838549 0.4628663483 -0.006031519188 0.04771305217 0.2488106021 -0.9652401274 -0.12051391 -0.2319221722 0.0568711817 0.7692459044 -0.6364168502 0.2551022641 -0.6274847696 -0.7356532463 0.0003143942426 0.2945324064 0
0.7724280862 0.7454085518 0.2232857869 -0.046197291 0.1787672427 0.4621281517 -0.006130219745 0.04808825511 0.2487093086 -0.964148416 -0.1231857535 -0.235038512 0.05807004742 0.7663117829 -0.6398391368 0.2589318474 -0.6305485877 -0.7316848891 0.0003213920023 0.2969700966 0
0.7780640905 0.7508474086 0.2249149866 -0.04683426394 0.1798135122 0.4614680898 -0.006218593714 0.04842136593 0.2486186128 -0.963158123 -0.1255865956 -0.2378117682 0.05914506148 0.7637055245 -0.6428496975 0.2623514661 -0.6332312997 -0.7281413526 0.0003277014218 0.2991369322 0
0.7837000948 0.7562862655 0.2265441864 -0.04747474359 0.1808544527 0.4608043941 -0.006307569264 0.04875409487 0.2485272992 -0.9621489305 -0.1280116857 -0.2405877049 0.06022876401 0.7611013661 -0.645830633 0.2657854989 -0.635875553 -0.7245828798 0.00033409542 0.3013037679 0
0.7900405996 0.7624049795 0.2283770361 -0.04819944615 0.182019106 0.4600534226 -0.006408384741 0.04912795527 0.2484238343 -0.960990777 -0.1307687704 -0.2437134693 0.06145817146 0.7581746262 -0.6491487729 0.2696657553 -0.6388041679 -0.7205620136 0.0003413905263 0.3037414581 0
0.7956766039 0.7678438363 0.2300062359 -0.04884730099 0.1830486296 0.4593820843 -0.006498635731 0.04945986421 0.2483312112 -0.9599408347 -0.1332450472 -0.2464941201 0.0625599515 0.7555760705 -0.652066756 0.2731297243 -0.6413661662 -0.7169725201 0.0003479662819 0.3059082937 0
0.8020171087 0.7739625503 0.2318390856 -0.04958024171 0.1842003687 0.458622576 -0.006600883829 0.04983279561 0.2482262753 -0.9587363913 -0.1360594425 -0.2496244383 0.06380939244 0.7526565019 -0.6553140863 0.2770431257 -0.6442018459 -0.7129173081 0.0003554674162 0.3083459839 0
0.807653113 0.7794014071 0.2334682854 -0.05023536671 0.1852183511 0.4579437041 -0.006692406245 0.05016387301 0.2481323467 -0.9576449085 -0.1385864077 -0.2524084722 0.0649287035 0.7500650895 -0.6581691462 0.280536081 -0.6466808866 -0.7092977782 0.0003622276862 0.3105128196 0
0.8139936178 0.7855201211 0.2353011351 -0.05097642679 0.1863570371 0.4571757821 -0.006796082417 0.05053586245 0.2480259444 -0.9563932925 -0.1414575292 -0.2555418507 0.0661975481 0.7471544183 -0.6613457189 0.2844815541 -0.6494228535 -0.7052093326 0.0003699379494 0.3129505097 0
0.8196296221 0.7909589779 0.2369303349 -0.0516387158 0.1873633558 0.4564894864 -0.006888872192 0.05086609682 0.2479307145 -0.9552594911 -0.1440346421 -0.2583279436 0.06733381704 0.7445716769 -0.6641379187 0.2880025376 -0.6518182567 -0.7015607589 0.0003768854893 0.3151173454 0
0.8259701269 0.7970776919 0.2387631846 -0.05238777524 0.1884888524 0.4557132751 -0.006993971829 0.0512371314 0.2478228506 -0.9539598346 -0.1469618577 -0.2614628968 0.06862140564 0.741671614 -0.6672438233 0.2919790005 -0.6544657588 -0.6974402009 0.0003848079805 0.3175550355 0
0.8316061312 0.8025165487 0.2403923843 -0.05305712105 0.1894833872 0.4550196669 -0.007088024836 0.05156651127 0.2477263235 -0.9527829496 -0.1495885355 -0.2642497323 0.06977403295 0.7390990571 -0.6699732593 0.2955270467 -0.6567768676 -0.6937635842 0.0003919455444 0.3197218712 0
0.837946636 0.8086352627 0.2422252341 -0.05381405864 0.1905955603 0.4542352919 -0.007194543266 0.05193657814 0.2476170026 -0.9514343996 -0.1525711659 -0.2673847839 0.0710796764 0.7362112967 -0.6730086227 0.2995334087 -0.6593291788 -0.6896120439 0.0004000833609 0.3221595613 0
0.8435826403 0.8140741196 0.2438544338 -0.05449035299 0.1915781932 0.4535344832 -0.007289855325 0.05226509212 0.2475191826 -0.95021368 -0.1552467841 -0.2701710539 0.07224803654 0.7336504225 -0.6756754242 0.3031075445 -0.6615553595 -0.6859083924 0.0004074137008 0.324326397 0
