0.00707753606 0.005269084046 0.002989834333 -3.16981891e-06 0.001804759986 0.5099957422 -3.969331625e-07 0.0004495227416 0.2549994716 -0.9999999998 -8.614497084e-08 -1.845995956e-05 4.385326951e-08 0.9999752044 -0.007042057914 1.846010847e-05 -0.007042057914 -0.9999752042 3.600871562e-08 0.003976479663 0
0.01391476413 0.0103592636 0.005878152958 -1.225228595e-05 0.00354817587 0.5099835425 -1.542933655e-06 0.0008854498743 0.254997946 -0.9999999975 -6.57827643e-07 -7.135098302e-05 3.300542904e-07 0.9999041603 -0.01384450283 7.135325206e-05 -0.01384450282 -0.9999041577 6.830836897e-08 0.007817943434 0
0.0207519922 0.01544944315 0.008766471583 -2.725065951e-05 0.005291462855 0.5099633964 -3.44384619e-06 0.001322091313 0.2549954153 -0.9999999874 -2.183461982e-06 -0.0001586856521 1.093219784e-06 0.9997868496 -0.02064595194 0.0001586969079 -0.02064595185 -0.999786837 5.253167019e-08 0.01165940721 0
0.02758922026 0.0205396227 0.01165479021 -4.816428576e-05 0.007034557612 0.5099353048 -6.098926695e-06 0.001758835116 0.2549918805 -0.9999999607 -5.131551796e-06 -0.000280449601 2.567577636e-06 0.9996232899 -0.02744591611 0.0002804847929 -0.02744591575 -0.9996232505 8.999545501e-09 0.01550087098 0
0.03442644833 0.02562980225 0.01454310883 -7.499225299e-05 0.008777396821 0.5098992689 -9.507081473e-06 0.002195525512 0.254987343 -0.9999999046 -9.970323269e-06 -0.0004366228009 4.987195105e-06 0.9994135054 -0.03424390648 0.0004367081468 -0.03424390539 -0.9994134101 9.813211185e-08 0.01934233475 0
0.0412636764 0.03071998181 0.01743142746 -0.0001077333917 0.01051991718 0.5098552904 -1.366768907e-05 0.002632138688 0.2549818038 -0.9999998032 -1.716763357e-05 -0.0006271795632 8.585925948e-06 0.9991575275 -0.04103943445 0.0006273557317 -0.04103943175 -0.9991573307 2.186954122e-07 0.02318379852 0
0.04810090447 0.03581016136 0.02031974608 -0.0001463862746 0.01226205538 0.5098033711 -1.858040984e-05 0.003068678326 0.2549752632 -0.9999996366 -2.719087955e-05 -0.0008520885448 1.359735758e-05 0.9988553942 -0.04783201182 0.0008524138338 -0.04783200603 -0.9988550308 3.658807295e-07 0.02702526229 0
0.05493813253 0.04090034091 0.02320806471 -0.0001909492167 0.01400374817 0.5097435133 -2.424503657e-05 0.003505151164 0.2549677215 -0.9999993817 -4.050690646e-05 -0.001111312753 2.025475831e-05 0.9985071504 -0.05462115086 0.001111866264 -0.0546211396 -0.9985065322 5.384661994e-07 0.03086672606 0
0.0617753606 0.04599052046 0.02609638333 -0.0002414202756 0.01574493229 0.5096757196 -3.066142203e-05 0.003941562141 0.254959179 -0.9999990116 -5.758191687e-05 -0.001404809552 2.879102459e-05 0.9981128481 -0.06140636435 0.001405694359 -0.0614063441 -0.9981118599 7.358556694e-07 0.03470818983 0
0.06861258867 0.05108070001 0.02898470196 -0.0002977972511 0.01748554451 0.5095999929 -3.782944526e-05 0.004377913967 0.2549496358 -0.9999984961 -7.888137962e-05 -0.001732530671 3.943862838e-05 0.9976725459 -0.06818716568 0.001733876983 -0.06818713145 -0.9976710424 9.577608555e-07 0.0385496536 0
0.07544981674 0.05617087956 0.03187302058 -0.0003600776859 0.01922552163 0.5095163367 -4.574899539e-05 0.004814207558 0.2549390921 -0.9999978012 -0.0001048699389 -0.002094422212 5.242956457e-05 0.9971863093 -0.07496306892 0.002096390529 -0.0749630139 -0.9971841112 1.204061887e-06 0.04239111737 0
0.08228704481 0.06126105912 0.03476133921 -0.0004282588653 0.02096480049 0.5094247544 -5.441996345e-05 0.005250442509 0.2549275479 -0.9999968896 -0.0001360113237 -0.002490424662 6.799529848e-05 0.9966542108 -0.08173358891 0.002493208919 -0.08173350403 -0.9966511016 1.474738433e-06 0.04623258115 0
0.08912427287 0.06635123867 0.03764965783 -0.0005023378176 0.02270331794 0.5093252501 -6.384223804e-05 0.005686617475 0.2549150035 -0.9999957205 -0.000172768257 -0.002920472897 8.636671353e-05 0.9960763293 -0.08849824131 0.00292430361 -0.08849811481 -0.9960720517 1.769833453e-06 0.05007404492 0
0.09596150094 0.07144141822 0.04053797646 -0.000582311314 0.0244410109 0.5092178281 -7.401570293e-05 0.006122730433 0.2549014589 -0.9999942493 -0.0002156023656 -0.003384496203 0.0001077740589 0.995452751 -0.09525654268 0.003389643592 -0.09525635966 -0.9954470032 2.089433101e-06 0.05391550869 0
0.102798729 0.07653159777 0.04342629508 -0.000668175869 0.0261778163 0.5091024932 -8.494023566e-05 0.006558778875 0.2548869144 -0.9999924283 -0.0002649740896 -0.00388241828 0.0001324468974 0.9947835685 -0.1020080106 0.003889195391 -0.1020077524 -0.9947760012 2.433655096e-06 0.05775697246 0
0.1096359571 0.08162177732 0.04631461371 -0.0007599277405 0.02791367113 0.5089792503 -9.661570671e-05 0.006994759939 0.2548713702 -0.9999902059 -0.0003213425931 -0.004414157261 0.0001606140536 0.9940688815 -0.1087521636 0.004422923073 -0.1087518074 -0.9940590939 2.802641702e-06 0.06159843623 0
0.1164731851 0.08671195688 0.04920293233 -0.0008575629299 0.02964851242 0.5088481048 -0.000109041979 0.007430670497 0.2548548264 -0.9999875274 -0.0003851656738 -0.004979625723 0.0001925035615 0.9933087961 -0.1154885215 0.004990788245 -0.1154880396 -0.9932963328 3.196555343e-06 0.0654399 0
0.1233104132 0.09180213643 0.05209125096 -0.0009610771826 0.03138227725 0.5087090625 -0.0001222189074 0.007866507228 0.2548372832 -0.9999843344 -0.0004568996738 -0.005578730704 0.0002283426134 0.9925034253 -0.1222166051 0.00559275006 -0.1222159644 -0.9924877728 3.615575758e-06 0.06928136377 0
0.1301476413 0.09689231598 0.05497956958 -0.001070465988 0.03311490276 0.5085621293 -0.000136146339 0.008302266659 0.2548187408 -0.999980565 -0.0005369993907 -0.006211373721 0.0002683575079 0.991652889 -0.1289359368 0.006228765215 -0.1289350978 -0.9916334721 4.059898097e-06 0.07312282754 0
0.1369848693 0.1019824955 0.05786788821 -0.001185724579 0.03484632612 0.5084073117 -0.0001508241122 0.008737945204 0.2547991994 -0.9999761542 -0.0006259179881 -0.006877450786 0.0003127735986 0.9907573134 -0.13564604 0.00689878796 -0.1356449565 -0.9907334922 4.529731601e-06 0.07696429132 0
0.1438220974 0.1070726751 0.06075620683 -0.001306847934 0.03657648459 0.5082446165 -0.0001662520573 0.009173539186 0.2547786593 -0.9999710331 -0.0007241069073 -0.007576852423 0.0003618152429 0.9898168316 -0.1423464398 0.007602770099 -0.1423450578 -0.9897878977 5.02529866e-06 0.08080575509 0
0.1506593255 0.1121628546 0.06364452546 -0.001433830777 0.03830531548 0.5080740506 -0.0001824299961 0.00960904486 0.2547571207 -0.9999651297 -0.0008320157792 -0.008309463689 0.0004157057511 0.9888315834 -0.1490366625 0.008340660992 -0.1490349199 -0.9887967567 5.546834108e-06 0.08464721886 0
0.1574965536 0.1172530342 0.06653284408 -0.001566667574 0.04003275614 0.5078956217 -0.0001993577419 0.01004445843 0.2547345838 -0.9999583685 -0.000950092336 -0.009075164196 0.0004746673352 0.9878017151 -0.1557162364 0.009112407561 -0.1557140614 -0.9877601405 6.094584684e-06 0.08848868263 0
0.1643337816 0.1223432137 0.06942116271 -0.001705352538 0.04175874404 0.5077093373 -0.0002170350996 0.01047977604 0.2547110489 -0.9999506707 -0.001078782324 -0.009873828128 0.0005389210586 0.9867273796 -0.162384691 0.00991795429 -0.1623820019 -0.9866781236 6.668808605e-06 0.0923301464 0
0.1711710097 0.1274333933 0.07230948133 -0.00184987963 0.04348321666 0.5075152057 -0.0002354618655 0.01091499382 0.2546865163 -0.9999419539 -0.001218529415 -0.01070532427 0.0006086867856 0.9856087364 -0.1690415577 0.01075724323 -0.1690382617 -0.985550784 7.269775207e-06 0.09617161017 0
0.1780082378 0.1325235728 0.07519779996 -0.002000242552 0.0452061116 0.5073132353 -0.0002546378271 0.01135010785 0.2546609863 -0.9999321327 -0.001369775121 -0.01156951602 0.0006841831312 0.9844459515 -0.1756863698 0.01163021402 -0.1756823621 -0.9843782026 7.897764644e-06 0.1000130739 0
0.1848454658 0.1376137524 0.07808611858 -0.002156434757 0.04692736651 0.5071034349 -0.0002745627638 0.01178511422 0.2546344591 -0.9999211181 -0.001532958709 -0.01246626142 0.0007656274109 0.9832391973 -0.1823186623 0.01253680386 -0.1823138252 -0.9831604639 8.553067618e-06 0.1038545377 0
0.1916826939 0.1427039319 0.08097443721 -0.002318449442 0.04864691913 0.5068858137 -0.0002952364461 0.01222000895 0.2546069351 -0.9999088178 -0.00170851711 -0.0133954132 0.0008532355916 0.981988653 -0.1889379722 0.01347694753 -0.1889321739 -0.9818976553 9.235985141e-06 0.1076960015 0
0.198519922 0.1477941115 0.08386275583 -0.002486279551 0.05036470728 0.506660381 -0.000316658636 0.0126547881 0.2545784146 -0.9998951363 -0.00189688484 -0.01435681877 0.0009472222415 0.9806945039 -0.1955438384 0.0144505774 -0.1955369321 -0.9805898679 9.946828311e-06 0.1115374653 0
0.20535715 0.1528842911 0.08675107446 -0.002659917776 0.05208066887 0.5064271468 -0.0003388290869 0.01308944768 0.2545488978 -0.9998799748 -0.002098493907 -0.01535032025 0.001047800481 0.9793569419 -0.202135802 0.01545762345 -0.2021276247 -0.9792371956 1.06859181e-05 0.115378929 0
0.2121943781 0.1579744706 0.08963939308 -0.002839356557 0.0537947419 0.5061861211 -0.0003617475437 0.0135239837 0.2545183852 -0.9998632312 -0.002313773736 -0.01637575454 0.001155181935 0.9779761652 -0.2087134061 0.01649801322 -0.2087037776 -0.9778397357 1.145358517e-05 0.1192203928 0
0.2190316062 0.1630646502 0.09252771171 -0.003024588081 0.05550686443 0.5059373145 -0.0003854137426 0.01395839216 0.2544868772 -0.9998448002 -0.002543151074 -0.01743295329 0.001269576682 0.9765523783 -0.2152761962 0.01757167189 -0.2152649179 -0.9763975888 1.225016963e-05 0.1230618566 0
0.2258688342 0.1681548297 0.09541603033 -0.003215604284 0.05721697467 0.5056807379 -0.0004098274113 0.01439266906 0.2544543739 -0.9998245733 -0.002787049916 -0.01852174299 0.001391193208 0.975085792 -0.22182372 0.01867852221 -0.2218105735 -0.9749108586 1.307602093e-05 0.1269033203 0
0.2327060623 0.1732450093 0.09830434896 -0.003412396852 0.05892501088 0.5054164023 -0.0004349882688 0.01482681039 0.2544208759 -0.9998024388 -0.003045891415 -0.01964194494 0.001520238356 0.9735766236 -0.2283555273 0.01981848458 -0.2283402736 -0.9733796521 1.39314976e-05 0.1307447841 0
0.2395432904 0.1783351888 0.1011926676 -0.003614957218 0.06063091144 0.5051443192 -0.0004608960258 0.01526081212 0.2543863836 -0.9997782817 -0.003320093803 -0.02079337534 0.001656917282 0.9720250963 -0.2348711708 0.02099147699 -0.2348535484 -0.9718040794 1.481696711e-05 0.1345862479 0
0.2463805184 0.1834253684 0.1040809862 -0.003823276567 0.06233461484 0.5048645006 -0.000487550384 0.01569467025 0.2543508972 -0.999751984 -0.003610072305 -0.02197584527 0.001801433403 0.9704314396 -0.2413702052 0.02219741506 -0.2413499296 -0.9701842538 1.573280567e-05 0.1384277117 0
0.2532177465 0.1885155479 0.1069693048 -0.004037345834 0.06403605965 0.5045769586 -0.0005149510369 0.01612838076 0.2543144173 -0.9997234247 -0.003916239064 -0.02318916076 0.001953988354 0.9687958891 -0.2478521881 0.02343621204 -0.2478289497 -0.9685202918 1.667939808e-05 0.1422691754 0
0.2600549746 0.1936057275 0.1098576235 -0.004257155702 0.06573518458 0.5042817058 -0.0005430976692 0.0165619396 0.2542769443 -0.9996924794 -0.004239003053 -0.02443312282 0.00211478194 0.9671186867 -0.2543166796 0.02470777883 -0.2542901427 -0.9668123132 1.765713752e-05 0.1461106392 0
0.2668922026 0.198695907 0.1127459421 -0.00448269661 0.06743192844 0.5039787548 -0.000571989957 0.01699534277 0.2542384785 -0.9996590208 -0.004578769997 -0.02570752744 0.002284012086 0.9654000801 -0.2607632423 0.02601202396 -0.2607330438 -0.9650604408 1.86664254e-05 0.149952103 0
0.2737294307 0.2037860866 0.1156342607 -0.004713958744 0.06912623015 0.503668119 -0.0006016275681 0.01742858623 0.2541990204 -0.9996229186 -0.004935942294 -0.02701216568 0.002461874798 0.9636403232 -0.267191442 0.02734885361 -0.2671571896 -0.9632648007 1.970767118e-05 0.1537935667 0
0.2805666588 0.2088762661 0.1185225793 -0.004950932044 0.07081802875 0.5033498119 -0.0006320101615 0.01786166596 0.2541585706 -0.9995840394 -0.005310918938 -0.02834682368 0.002648564111 0.9618396757 -0.2736008468 0.02871817161 -0.273562118 -0.9614255219 2.07812922e-05 0.1576350305 0
0.2874038868 0.2139664457 0.121410898 -0.005193606205 0.07250726341 0.5030238472 -0.0006631373876 0.01829457792 0.2541171293 -0.9995422467 -0.005704095433 -0.02971128268 0.002844272047 0.9599984033 -0.279991028 0.03011987947 -0.2799473682 -0.9595427369 2.188771351e-05 0.1614764943 0
0.2942411149 0.2190566252 0.1242992166 -0.005441970671 0.0741938734 0.5026902393 -0.0006950088884 0.01872731809 0.2540746972 -0.9994974014 -0.006115863723 -0.03110531909 0.00304918857 0.9581167776 -0.2863615599 0.03155387636 -0.2863124809 -0.957616581 2.302736768e-05 0.1653179581 0
0.300318651 0.2235812293 0.1268666109 -0.005667507407 0.07569082989 0.5023872939 -0.0007239636383 0.01911182854 0.2540361484 -0.9994548611 -0.006497801898 -0.03236910845 0.003239219171 0.9564105686 -0.2920074172 0.03285556377 -0.2919530832 -0.9558681442 2.406864832e-05 0.1687325925 0
0.307155879 0.2286714088 0.1297549295 -0.005926590564 0.077372317 0.5020392884 -0.000757239984 0.01954423323 0.253991846 -0.999403859 -0.00694574446 -0.0338183863 0.003462040511 0.9544534814 -0.2983396824 0.03435026774 -0.2982789105 -0.9538604461 2.527228189e-05 0.1725740563 0
0.3139931071 0.2337615884 0.1326432482 -0.006191332157 0.07905100479 0.5016836824 -0.000791259522 0.01997645448 0.2539465541 -0.9993493853 -0.007413390374 -0.03529656879 0.003694607249 0.9524568579 -0.3046510852 0.03587695643 -0.3045832817 -0.9518097859 2.651043884e-05 0.1764155201 0
0.3208303352 0.2388517679 0.1355315668 -0.006461720678 0.08072683305 0.5013204912 -0.0008260218608 0.02040848829 0.2539002734 -0.9992912894 -0.007901116996 -0.03680341388 0.003937100922 0.950420992 -0.3109412118 0.03743552002 -0.3108657432 -0.9497163111 2.778357949e-05 0.1802569838 0
0.3276675632 0.2439419475 0.1384198854 -0.006737744375 0.08239974171 0.5009497309 -0.0008615266007 0.02084033061 0.2538530043 -0.999229418 -0.008409297747 -0.03833867489 0.004189700795 0.9483461832 -0.3172096517 0.03902584641 -0.3171258433 -0.9475801723 2.909217088e-05 0.1840984476 0
0.3345047913 0.249032127 0.141308204 -0.007019391252 0.08406967085 0.5005714173 -0.0008977733332 0.02127197744 0.2538047473 -0.9991636148 -0.008938302039 -0.03990210053 0.004452583818 0.9462327367 -0.3234559978 0.04064782119 -0.3233631315 -0.9454015231 3.043668666e-05 0.1879399114 0
0.3413420194 0.2541223066 0.1441965227 -0.007306649072 0.08573656069 0.500185567 -0.0009347616414 0.02170342474 0.2537555031 -0.999093721 -0.009488495203 -0.04149343498 0.004725924583 0.944080963 -0.3296798463 0.04230132769 -0.3295771592 -0.9431805203 3.181760687e-05 0.1917813751 0
0.3481792474 0.2592124861 0.1470848413 -0.007599505355 0.0874003516 0.4997921968 -0.0009724910999 0.02213466849 0.2537052722 -0.9990195749 -0.01006023841 -0.0431124179 0.005009895285 0.9418911781 -0.3358807967 0.04398624698 -0.3357674794 -0.9409173236 3.323541781e-05 0.1956228389 0
0.3550164755 0.2643026657 0.1499731599 -0.007897947378 0.0890609841 0.4993913236 -0.001010961275 0.02256570469 0.2536540551 -0.9989410122 -0.01065388862 -0.04475878447 0.005304665676 0.9396637036 -0.3420584522 0.04570245784 -0.3419336468 -0.9386120959 3.469061191e-05 0.1994643027 0
0.3618537036 0.2693928452 0.1528614785 -0.00820196218 0.09071839885 0.498982965 -0.001050171723 0.0229965293 0.2536018526 -0.9988578659 -0.01126979848 -0.04643226549 0.00561040303 0.9373988662 -0.3482124195 0.04744983682 -0.348075218 -0.9362650029 3.618368752e-05 0.2033057665 0
0.3686909316 0.2744830248 0.1557497972 -0.008511536558 0.09237253668 0.4985671387 -0.001090121995 0.02342713832 0.253548665 -0.9987699665 -0.01190831626 -0.04813258738 0.0059272721 0.9350969979 -0.3543423089 0.04922825824 -0.354191751 -0.9338762135 3.771514884e-05 0.2071472302 0
0.3755281597 0.2795732043 0.1586381158 -0.00882665707 0.09402333858 0.4981438627 -0.001130811629 0.02385752773 0.2534944932 -0.9986771418 -0.01256978583 -0.04985947222 0.006255435077 0.9327584362 -0.3604477344 0.05103759416 -0.3602828059 -0.9314458995 3.92855057e-05 0.210988694 0
0.3823653878 0.2846633839 0.1615264344 -0.009147310036 0.09567074568 0.4977131554 -0.001172240159 0.02428769353 0.2534393376 -0.998579217 -0.01325454653 -0.05161263784 0.006595051553 0.9303835233 -0.3665283138 0.05287771444 -0.3663479446 -0.9289742358 4.089527346e-05 0.2148301578 0
0.3892026158 0.2897535634 0.164414753 -0.009473481537 0.0973146993 0.4972750355 -0.001214407108 0.0247176317 0.253383199 -0.9984760149 -0.01396293312 -0.05339179786 0.006946278482 0.927972607 -0.3725836684 0.0547484867 -0.3723867307 -0.9264614002 4.254497284e-05 0.2186716215 0
0.3960398439 0.294843743 0.1673030717 -0.009805157416 0.0989551409 0.4968295221 -0.001257311991 0.02514733824 0.253326078 -0.9983673559 -0.01469527574 -0.05519666171 0.007309270141 0.9255260396 -0.3786134236 0.05664977638 -0.37839873 -0.9239075733 4.423512983e-05 0.2225130853 0
0.402877072 0.2999339225 0.1701913903 -0.01014232328 0.1005920121 0.4963766343 -0.001300954314 0.02557680915 0.2532679752 -0.9982530579 -0.01545189982 -0.05702693472 0.007684178091 0.9230441789 -0.3846172087 0.05858144671 -0.3843835099 -0.9213129389 4.596627548e-05 0.2263545491 0
0.4097143001 0.3050241021 0.1730797089 -0.01048496451 0.1022252548 0.495916392 -0.001345333575 0.02600604042 0.2532088914 -0.9981329362 -0.016233126 -0.05888231813 0.008071151142 0.9205273871 -0.3905946569 0.06054335874 -0.3903406399 -0.9186776837 4.773894582e-05 0.2301960129 0
0.4165515281 0.3101142817 0.1759680275 -0.01083306623 0.103854811 0.495448815 -0.001390449265 0.02643502806 0.2531488271 -0.998006804 -0.01703927011 -0.06076250919 0.008470335316 0.9179760318 -0.3965454054 0.06253537134 -0.3962696915 -0.9160019972 4.955368173e-05 0.2340374766 0
0.4233887562 0.3152044612 0.1788563462 -0.01118661334 0.1054806227 0.4949739236 -0.001436300864 0.02686376807 0.2530877831 -0.9978744721 -0.01787064308 -0.06266720119 0.008881873809 0.9153904848 -0.4024690954 0.06455734123 -0.4021702382 -0.9132860719 5.141102878e-05 0.2378789404 0
0.4302259843 0.3202946408 0.1817446648 -0.01154559052 0.1071026325 0.4944917385 -0.001482887845 0.02729225647 0.2530257601 -0.997735749 -0.01872755086 -0.0645960835 0.009305906958 0.9127711229 -0.4083653722 0.06660912295 -0.4080418556 -0.9105301032 5.331153712e-05 0.2417204042 0
0.4370632123 0.3253848203 0.1846329834 -0.01190998221 0.1087207827 0.4940022805 -0.001530209671 0.02772048926 0.2529627589 -0.997590441 -0.0196102944 -0.06654884165 0.009742572203 0.9101183277 -0.4142338854 0.06869056892 -0.4138841214 -0.9077342892 5.525576136e-05 0.2455618679 0
0.4439004404 0.3304749999 0.187521302 -0.0122797726 0.1103350161 0.4935055709 -0.0015782658 0.02814846245 0.25289878 -0.9974383522 -0.02051916956 -0.06852515738 0.01019200405 0.907432485 -0.4200742888 0.07080152941 -0.4196966152 -0.9048988312 5.724426045e-05 0.2494033317 0
0.4507376685 0.3355651794 0.1904096207 -0.01265494567 0.1119452757 0.4930016311 -0.001627055678 0.02857617207 0.2528338243 -0.9972792845 -0.02145446705 -0.07052470868 0.01065433406 0.9047139854 -0.4258862404 0.07294185257 -0.4254789189 -0.902023933 5.927759754e-05 0.2532447955 0
0.4575748965 0.340655359 0.1932979393 -0.01303548516 0.1135515045 0.4924904831 -0.001676578744 0.02900361413 0.2527678925 -0.9971130377 -0.02241647238 -0.07254716987 0.01112969076 0.9019632238 -0.4316694024 0.07511138445 -0.4312306167 -0.8991098015 6.135633992e-05 0.2570862593 0
0.4644121246 0.3457455385 0.1961862579 -0.01342137458 0.1151536458 0.4919721489 -0.001726834429 0.02943078466 0.2527009854 -0.9969394095 -0.02340546582 -0.07459221163 0.01161819969 0.8991805993 -0.4374234415 0.07730996897 -0.4369512947 -0.8961566463 6.348105884e-05 0.260927723 0
0.4712493527 0.3508357181 0.1990745765 -0.01381259723 0.1167516431 0.491446651 -0.001777822154 0.02985767969 0.2526331037 -0.9967581955 -0.02442172231 -0.0766595011 0.01211998329 0.8963665157 -0.4431480289 0.079537448 -0.4426405415 -0.8931646799 6.565232944e-05 0.2647691868 0
0.4780865807 0.3559258976 0.2019628952 -0.01420913615 0.1183454401 0.4909140123 -0.001829541334 0.03028429523 0.2525642483 -0.9965691896 -0.02546551141 -0.07874870189 0.01263516093 0.8935213807 -0.44884284 0.0817936613 -0.4482979478 -0.8901341174 6.787073064e-05 0.2686106506 0
0.4849238088 0.3610160772 0.2048512138 -0.01461097419 0.1199349808 0.4903742556 -0.001881991374 0.03071062734 0.2524944199 -0.9963721834 -0.02653709727 -0.08085947417 0.01316384884 0.8906456061 -0.4545075549 0.08407844657 -0.4539231067 -0.8870651769 7.013684505e-05 0.2724521143 0
0.4917610369 0.3661062567 0.2077395324 -0.01501809393 0.1215202091 0.4898274045 -0.00193517167 0.03113667204 0.2524236193 -0.9961669668 -0.02763673856 -0.08299147472 0.0137061601 0.887739608 -0.4601418581 0.08639163947 -0.4595156136 -0.883958079 7.24512588e-05 0.2762935781 0
0.4985982649 0.3711964363 0.210627851 -0.01543047776 0.1231010695 0.4892734825 -0.001989081611 0.03156242538 0.2523518473 -0.9959533278 -0.02876468841 -0.08514435701 0.0142622046 0.8848038063 -0.465745439 0.08873307359 -0.4650750661 -0.8808130475 7.481456156e-05 0.2801350419 0
0.505435493 0.3762866158 0.2135161697 -0.01584810784 0.1246775064 0.4887125136 -0.002043720577 0.03198788339 0.2522791049 -0.9957310525 -0.02992119437 -0.08731777121 0.01483208903 0.8818386249 -0.4713179911 0.09110258052 -0.4706010643 -0.8776303083 7.722734631e-05 0.2839765057 0
0.5122727211 0.3813767954 0.2164044883 -0.0162709661 0.1262494645 0.4881445222 -0.00209908794 0.03241304213 0.2522053927 -0.9954999254 -0.03110649835 -0.08951136433 0.01541591681 0.8788444916 -0.4768592131 0.0934999898 -0.4760932108 -0.8744100906 7.969020936e-05 0.2878179694 0
0.5191099491 0.3864669749 0.2192928069 -0.01669903425 0.1278168889 0.4875695328 -0.002155183063 0.03283789766 0.2521307116 -0.995259729 -0.03232083659 -0.0917247802 0.0160137881 0.8758218378 -0.4823688082 0.09592512899 -0.4815511105 -0.8711526259 8.22037502e-05 0.2916594332 0
0.5259471772 0.3915571545 0.2221811255 -0.01713229377 0.1293797246 0.4869875702 -0.002212005301 0.03326244601 0.2520550626 -0.9950102445 -0.03356443957 -0.0939576596 0.01662579978 0.8727710986 -0.4878464842 0.09837782363 -0.4869743708 -0.8678581486 8.47685714e-05 0.295500897 0
0.5327844053 0.396647334 0.2250694442 -0.01757072594 0.1309379171 0.4863986595 -0.002269554001 0.03368668326 0.2519784465 -0.9947512511 -0.03483753202 -0.09620964027 0.01725204536 0.869692713 -0.493291954 0.1008578973 -0.4923626015 -0.8645268956 8.738527859e-05 0.2993423607 0
0.5396216333 0.4017375136 0.2279577628 -0.0180143118 0.1324914119 0.4858028264 -0.002327828501 0.03411060547 0.2519008641 -0.9944825266 -0.03614033282 -0.09848035701 0.01789261504 0.8665871231 -0.4987049352 0.1033651716 -0.4977154151 -0.8611591066 9.00544803e-05 0.3031838245 0
0.5464588614 0.4068276931 0.2308460814 -0.01846303219 0.1340401549 0.4852000965 -0.002386828131 0.0345342087 0.2518223164 -0.9942038472 -0.03747305499 -0.1007694417 0.01854759562 0.8634547747 -0.5040851502 0.1058994662 -0.5030324265 -0.8577550238 9.277678793e-05 0.3070252883 0
0.5532960895 0.4119178727 0.2337344 -0.0189168677 0.1355840922 0.4845904958 -0.002446552213 0.03495748903 0.2517428043 -0.9939149877 -0.03883590562 -0.1030765235 0.0192170705 0.860296117 -0.5094323265 0.1084605987 -0.5083132533 -0.8543148922 9.555281565e-05 0.310866752 0
0.5601333175 0.4170080522 0.2366227187 -0.01937579875 0.1371231701 0.4839740507 -0.00250700006 0.03538044253 0.2516623286 -0.9936157213 -0.04022908586 -0.1054012287 0.01990111964 0.8571116023 -0.5147461964 0.111048385 -0.5135575156 -0.8508389591 9.838318033e-05 0.3147082158 0
0.5669705456 0.4220982318 0.2395110373 -0.01983980552 0.1386573351 0.4833507878 -0.002568170977 0.03580306527 0.2515808903 -0.99330582 -0.04165279083 -0.107743181 0.02059981958 0.8539016862 -0.5200264971 0.1136626389 -0.5187648362 -0.8473274746 0.0001012685015 0.3185496796 0
0.5738077737 0.4271884113 0.2423993559 -0.02030886796 0.1401865339 0.482720734 -0.00263006426 0.03622535335 0.2514984904 -0.9929850542 -0.04310720964 -0.1101020013 0.02131324336 0.8506668275 -0.5252729712 0.1163031723 -0.5239348405 -0.8437806913 0.0001042094011 0.3223911434 0
0.5806450017 0.4322785909 0.2452876745 -0.02078296583 0.1417107136 0.4820839165 -0.002692679199 0.03664730285 0.2514151298 -0.9926531931 -0.04459252529 -0.1124773082 0.02204146053 0.8474074879 -0.5304853659 0.1189697953 -0.5290671565 -0.8401988644 0.0001072065038 0.3262326071 0
0.5874822298 0.4373687705 0.2481759932 -0.02126207868 0.1432298214 0.4814403628 -0.002756015074 0.03706890987 0.2513308094 -0.9923100048 -0.04610891466 -0.1148687176 0.02278453711 0.8441241322 -0.5356634339 0.1216623161 -0.5341614152 -0.8365822514 0.0001102604365 0.3300740709 0
0.5943194579 0.44245895 0.2510643118 -0.02174618583 0.1447438047 0.4807901007 -0.002820071155 0.03749017049 0.2512455303 -0.9919552561 -0.04765654848 -0.117275843 0.02354253561 0.8408172278 -0.5408069326 0.124380541 -0.5392172501 -0.8329311126 0.0001133718285 0.3339155347 0
0.6011566859 0.4475491296 0.2539526304 -0.0222352664 0.1462526115 0.4801331582 -0.002884846708 0.03791108083 0.2511592933 -0.9915887124 -0.04923559128 -0.1196982956 0.02431551496 0.8374872453 -0.545915625 0.1271242745 -0.5442342974 -0.8292457105 0.0001165413114 0.3377569984 0
0.607993914 0.4526393091 0.256840949 -0.0227292993 0.1477561895 0.4794695636 -0.002950340986 0.03833163698 0.2510720995 -0.9912101384 -0.05084620135 -0.1221356844 0.02510353051 0.8341346577 -0.550989279 0.1298933192 -0.5492121963 -0.8255263103 0.000119769519 0.3415984622 0
0.6148311421 0.4577294887 0.2597292677 -0.02322826323 0.1492544871 0.4787993455 -0.003016553238 0.03875183506 0.25098395 -0.9908192974 -0.05248853073 -0.1245876161 0.02590663401 0.8307599407 -0.5560276677 0.1326874759 -0.5541505888 -0.8217731796 0.0001230570873 0.345439926 0
0.6216683702 0.4628196682 0.2626175863 -0.02373213669 0.1507474527 0.4781225329 -0.003083482702 0.03917167117 0.2508948456 -0.9904159519 -0.05416272515 -0.1270536951 0.02672487361 0.8273635725 -0.5610305696 0.1355065436 -0.5590491195 -0.8179865883 0.0001264046545 0.3492813898 0
0.6285055982 0.4679098478 0.2655059049 -0.02424089797 0.1522350351 0.4774391549 -0.003151128608 0.03959114145 0.2508047875 -0.9899998634 -0.055868924 -0.1295335239 0.02755829381 0.8239460339 -0.5659977683 0.1383503196 -0.5639074362 -0.8141668087 0.0001298128605 0.3531228535 0
0.6353428263 0.4730000273 0.2683942235 -0.02475452515 0.1537171833 0.4767492409 -0.00321949018 0.04001024201 0.2507137767 -0.9895707924 -0.05760726033 -0.132026703 0.02840693547 0.8205078077 -0.5709290529 0.1412185993 -0.5687251894 -0.8103141158 0.0001332823477 0.3569643173 0
0.6421800544 0.4780902069 0.2712825422 -0.02527299612 0.1551938466 0.4760528206 -0.003288566631 0.04042896898 0.2506218142 -0.9891284988 -0.05937786078 -0.134532831 0.02927083577 0.8170493795 -0.5758242177 0.1441111763 -0.5735020324 -0.8064287865 0.0001368137601 0.3608057811 0
0.6490172824 0.4831803864 0.2741708608 -0.02579628854 0.1566649744 0.475349924 -0.003358357167 0.04084731849 0.2505289011 -0.9886727413 -0.06118084556 -0.1370515043 0.03015002821 0.8135712365 -0.5806830623 0.1470278426 -0.5782376217 -0.8025111004 0.0001404077438 0.3646472448 0
0.6558545105 0.488270566 0.2770591794 -0.02632437991 0.1581305167 0.4746405815 -0.003428860987 0.04126528668 0.2504350384 -0.9882032781 -0.06301632847 -0.139582318 0.03104454261 0.8100738686 -0.5855053918 0.1499683884 -0.5829316167 -0.7985613393 0.0001440649465 0.3684887086 0
0.6626917386 0.4933607455 0.279947498 -0.02685724749 0.1595904234 0.4739248234 -0.003500077279 0.04168286971 0.2503402272 -0.9877198668 -0.06488441681 -0.142124865 0.03195440506 0.8065577672 -0.5902910165 0.1529326022 -0.5875836797 -0.7945797874 0.000147786018 0.3723301724 0
0.6695289666 0.4984509251 0.2828358167 -0.02739486837 0.1610446448 0.4732026806 -0.003572005225 0.0421000637 0.2502444687 -0.987222264 -0.06678521137 -0.144678737 0.03287963793 0.8030234259 -0.5950397524 0.1559202707 -0.592193476 -0.790566731 0.0001515716096 0.3761716362 0
0.6763661947 0.5035411046 0.2857241353 -0.02793721942 0.1624931317 0.4724741841 -0.003644643999 0.04251686482 0.2501477639 -0.9867102261 -0.06871880644 -0.1472435237 0.03382025985 0.79947134 -0.5997514207 0.158931179 -0.5967606742 -0.7865224588 0.0001554223746 0.3800130999 0
0.6832034228 0.5086312842 0.2886124539 -0.02848427733 0.1639358348 0.4717393653 -0.003717992765 0.04293326922 0.2500501139 -0.9861835087 -0.07068528977 -0.1498188135 0.03477628572 0.7959020066 -0.6044258481 0.1619651105 -0.6012849455 -0.7824472617 0.0001593389676 0.3838545637 0
0.6900406508 0.5137214637 0.2915007725 -0.02903601859 0.1653727053 0.4709982557 -0.003792050681 0.04334927307 0.2499515198 -0.985641867 -0.07268474252 -0.1524041935 0.03574772664 0.7923159246 -0.6090628668 0.1650218471 -0.6057659646 -0.7783414328 0.0001633220452 0.3876960275 0
0.6968778789 0.5188116433 0.2943890912 -0.02959241948 0.1668036946 0.4702508872 -0.003866816896 0.04376487254 0.2498519829 -0.9850850557 -0.07471723927 -0.1549992491 0.03673458998 0.7887135941 -0.6136623146 0.1681011688 -0.6102034092 -0.7742052676 0.0001673722653 0.3915374912 0
0.703715107 0.5239018228 0.2972774098 -0.03015345612 0.1682287546 0.4694972919 -0.00394229055 0.04418006379 0.2497515042 -0.9845128291 -0.07678284802 -0.1576035646 0.0377368793 0.7850955171 -0.6182240346 0.1712028541 -0.6145969601 -0.7700390636 0.0001714902876 0.395378955 0
0.710552335 0.5289920024 0.3001657284 -0.03071910442 0.1696478371 0.4687375021 -0.004018470775 0.04459484301 0.2496500849 -0.9839249413 -0.07888163011 -0.1602167231 0.03875459438 0.7814621966 -0.6227478757 0.1743266799 -0.6189463011 -0.7658431203 0.0001756767731 0.3992204188 0
0.7173895631 0.5340821819 0.303054047 -0.03128934008 0.1710608945 0.4679715505 -0.004095356697 0.04500920638 0.2495477261 -0.9833211459 -0.08101364028 -0.1628383065 0.03978773121 0.7778141372 -0.627233692 0.1774724215 -0.6232511196 -0.7616177398 0.0001799323843 0.4030618826 0
0.7242267912 0.5391723615 0.3059423657 -0.03186413864 0.1724678793 0.4671994699 -0.004172947432 0.04542315009 0.2494444291 -0.9827011966 -0.08317892658 -0.1654678956 0.04083628197 0.7741518445 -0.6316813435 0.1806398527 -0.6275111057 -0.7573632258 0.0001842577855 0.4069033463 0
0.7303043272 0.5436969655 0.30850976 -0.03237888135 0.1737133965 0.4665080575 -0.004242507948 0.04579074467 0.2493518228 -0.9821363696 -0.08513159465 -0.1678116894 0.04178125785 0.770884934 -0.6356026629 0.1834733713 -0.6312598753 -0.7535572253 0.0001881617133 0.4103179808 0
0.7371415553 0.5487871451 0.3113980786 -0.0329622313 0.1751087826 0.4657244905 -0.004321427557 0.04620388531 0.2492467568 -0.9814852339 -0.08735984343 -0.1704552533 0.04285888896 0.7671971397 -0.6399778625 0.1866811486 -0.6354343448 -0.7492485183 0.0001926207563 0.4141594446 0
0.7439787834 0.5538773246 0.3142863972 -0.03355007241 0.1764979608 0.4649348909 -0.00440104938 0.04661659531 0.2491407559 -0.9808172312 -0.08962146969 -0.1731056067 0.04395188995 0.763496579 -0.6443145236 0.1899099531 -0.6395631056 -0.7449115677 0.0001971515152 0.4180009083 0
0.7508160114 0.5589675042 0.3171747159 -0.03414237948 0.1778808847 0.4641392926 -0.004481372504 0.04702887088 0.2490338214 -0.9801321147 -0.09191649552 -0.175762327 0.04506023814 0.7597837612 -0.6486125278 0.1931595523 -0.6436458608 -0.7405466854 0.0002017546593 0.4218423721 0
0.7576532395 0.5640576837 0.3200630345 -0.03473912713 0.1792575086 0.4633377295 -0.004562396005 0.04744070824 0.2489259546 -0.9794296374 -0.09424493627 -0.1784249907 0.04618390701 0.7560591966 -0.6528717623 0.1964297127 -0.6476823166 -0.7361541854 0.0002064308592 0.4256838359 0
0.7644904676 0.5691478633 0.3229513531 -0.03534028982 0.1806277865 0.4625302361 -0.004644118952 0.04785210361 0.2488171567 -0.9787095527 -0.09660680057 -0.1810931739 0.04732286621 0.7523233961 -0.6570921199 0.1997201989 -0.6516721828 -0.7317343837 0.0002111807868 0.4295252996 0
0.7713276956 0.5742380428 0.3258396717 -0.03594584179 0.1819916733 0.4617168469 -0.004726540406 0.04826305322 0.2487074289 -0.9779716137 -0.09900209035 -0.183766452 0.04847708154 0.7485768712 -0.661273499 0.2030307743 -0.6556151722 -0.7272875983 0.0002160051152 0.4333667634 0
0.7781649237 0.5793282224 0.3287279904 -0.03655575713 0.1833491237 0.4608975968 -0.004809659421 0.04867355329 0.2485967725 -0.9772155742 -0.1014308008 -0.1864444 0.04964651498 0.7448201338 -0.6654158037 0.2063612008 -0.6595110013 -0.722814149 0.0002209045187 0.4372082272 0
0.7850021518 0.5844184019 0.331616309 -0.03717000975 0.1847000931 0.4600725207 -0.004893475041 0.04908360008 0.2484851887 -0.9764411878 -0.1038929203 -0.1891265924 0.05083112466 0.7410536964 -0.6695189436 0.2097112387 -0.6633593899 -0.7183143575 0.0002258796728 0.441049691 0
0.7918393798 0.5895085815 0.3345046276 -0.03778857337 0.186044537 0.4592416541 -0.004977986303 0.04949318982 0.2483726789 -0.9756482086 -0.1063884307 -0.1918126035 0.05203086485 0.7372780715 -0.6735828341 0.213080647 -0.6671600611 -0.7137885477 0.0002309312541 0.4448911547 0
0.7986766079 0.5945987611 0.3373929462 -0.03841142155 0.1873824112 0.4584050323 -0.005063192237 0.04990231876 0.2482592443 -0.9748363912 -0.1089173068 -0.1945020071 0.05324568599 0.733493772 -0.6776073962 0.2164691835 -0.6709127415 -0.7092370449 0.0002360599405 0.4487326185 0
0.805513836 0.5996889406 0.3402812649 -0.03903852766 0.188713672 0.4575626912 -0.005149091863 0.05031098316 0.2481448863 -0.9740054902 -0.111479517 -0.197194377 0.0544755347 0.7297013109 -0.6815925564 0.2198766044 -0.6746171612 -0.7046601767 0.0002412664108 0.4525740823 0
0.812351064 0.6047791202 0.3431695835 -0.03966986491 0.1900382757 0.4567146667 -0.005235684195 0.05071917928 0.2480296061 -0.9731552611 -0.1140750226 -0.1998892868 0.05572035373 0.7259012012 -0.6855382472 0.2233026645 -0.6782730537 -0.7000582723 0.000246551345 0.456415546 0
0.8191882921 0.6098692997 0.3460579021 -0.04030540634 0.1913561793 0.4558609951 -0.005322968239 0.0511269034 0.2479134051 -0.9722854596 -0.1167037786 -0.2025863102 0.05698008201 0.7220939557 -0.6894444063 0.2267471174 -0.6818801561 -0.6954316627 0.0002519154241 0.4602570098 0
0.8260255202 0.6149594793 0.3489462207 -0.04094512481 0.1926673398 0.4550017129 -0.00541094299 0.05153415179 0.2477962846 -0.9713958422 -0.1193657328 -0.2052850206 0.05825465463 0.7182800873 -0.6933109775 0.2302097154 -0.6854382088 -0.6907806807 0.0002573593302 0.4640984736 0
0.8328627482 0.6200496588 0.3518345394 -0.04158899302 0.1939717147 0.4541368566 -0.00549960744 0.05194092072 0.247678246 -0.9704861657 -0.1220608266 -0.2079849918 0.05954400287 0.7144601084 -0.6971379098 0.2336902093 -0.688946956 -0.6861056609 0.0002628837463 0.4679399374 0
0.8396999763 0.6251398384 0.354722858 -0.04223698351 0.1952692617 0.4532664632 -0.005588960569 0.05234720648 0.2475592906 -0.9695561879 -0.1247889946 -0.2106857977 0.06084805416 0.7106345312 -0.7009251582 0.2371883488 -0.6924061452 -0.6814069396 0.0002684893566 0.4717814011 0
0.8465372044 0.6302300179 0.3576111766 -0.04288906863 0.196559939 0.4523905698 -0.005679001352 0.05275300538 0.2474394198 -0.9686056672 -0.1275501645 -0.2133870125 0.06216673212 0.7068038675 -0.7046726831 0.2407038824 -0.6958155276 -0.6766848547 0.0002741768461 0.4756228649 0
0.8533744324 0.6353201975 0.3604994952 -0.04354522059 0.197843705 0.4515092137 -0.005769728753 0.0531583137 0.2473186349 -0.9676343626 -0.1303442576 -0.2160882106 0.06349995656 0.7029686284 -0.7083804508 0.244236557 -0.699174858 -0.671939746 0.0002799469009 0.4794643287 0
0.8602116605 0.640410377 0.3633878139 -0.04420541144 0.1991205184 0.4506224325 -0.005861141731 0.05356312776 0.2471969374 -0.9666420344 -0.1331711884 -0.2187889668 0.0648476435 0.6991293244 -0.712048433 0.2477861186 -0.7024838947 -0.6671719547 0.0002858002078 0.4833057924 0
0.8670488886 0.6455005566 0.3662761325 -0.04486961304 0.2003903383 0.449730264 -0.005953239237 0.05396744386 0.2470743286 -0.9656284432 -0.1360308644 -0.2214888567 0.06620970514 0.6952864655 -0.715676607 0.2513523118 -0.7057423997 -0.6623818238 0.0002917374549 0.4871472562 0
0.8738861166 0.6505907361 0.3691644511 -0.04553779712 0.2016531242 0.4488327462 -0.006046020212 0.05437125833 0.2469508099 -0.964593351 -0.1389231869 -0.2241874559 0.0675860499 0.6914405607 -0.7192649559 0.2549348801 -0.7089501387 -0.657569698 0.0002977593309 0.49098872 0
0.8807233447 0.6556809157 0.3720527697 -0.04620993523 0.2029088357 0.4479299172 -0.006139483591 0.05477456749 0.2468263828 -0.9635365205 -0.1418480503 -0.2268843412 0.06897658241 0.6875921182 -0.7228134684 0.2585335659 -0.7121068808 -0.6527359234 0.0003038665254 0.4948301838 0
0.8875605728 0.6607710952 0.3749410884 -0.04688599879 0.204157433 0.4470218155 -0.0062336283 0.05517736767 0.2467010487 -0.9624577157 -0.1448053423 -0.2295790896 0.07038120355 0.6837416451 -0.7263221386 0.2621481103 -0.715212399 -0.6478808476 0.000310059729 0.4986716475 0
0.8943978009 0.6658612748 0.377829407 -0.04756595904 0.2053988765 0.4461084797 -0.00632845326 0.05557965521 0.2465748091 -0.9613567014 -0.147794944 -0.2322712792 0.07179981043 0.6798896475 -0.7297909663 0.2657782531 -0.7182664699 -0.6430048199 0.0003163396332 0.5025131113 0
0.9012350289 0.6709514543 0.3807177256 -0.04824978707 0.206633127 0.4451899486 -0.006423957379 0.05598142645 0.2464476653 -0.9602332439 -0.15081673 -0.2349604888 0.0732322964 0.6760366304 -0.7332199569 0.2694237334 -0.7212688738 -0.6381081911 0.0003227069301 0.5063545751 0
0.908072257 0.6760416339 0.3836060442 -0.04893745383 0.2078601456 0.4442662612 -0.006520139563 0.05638267775 0.2463196189 -0.9590871103 -0.1538705683 -0.2376462983 0.07467855111 0.6721830974 -0.7366091213 0.2730842889 -0.7242193948 -0.6331913134 0.0003291623129 0.5101960388 0
0.9149094851 0.6811318134 0.3864943629 -0.04962893011 0.2090798936 0.4433374569 -0.006616998707 0.05678340547 0.2461906712 -0.9579180693 -0.15695632 -0.2403282882 0.07613846044 0.6683295508 -0.7399584761 0.2767596563 -0.7271178206 -0.6282545404 0.0003357064753 0.5140375026 0
0.9217467131 0.686221993 0.3893826815 -0.05032418655 0.210292333 0.4424035749 -0.006714533698 0.05718360597 0.2460608239 -0.9567258907 -0.1600738402 -0.2430060405 0.07761190659 0.6644764917 -0.7432680432 0.2804495712 -0.7299639428 -0.6232982274 0.000342340112 0.5178789664 0
0.9285839412 0.6913121725 0.3922710001 -0.05102319365 0.2114974259 0.441464655 -0.006812743417 0.05758327562 0.2459300783 -0.9555103458 -0.1632229769 -0.245679138 0.07909876806 0.6606244192 -0.7465378501 0.2841537681 -0.7327575565 -0.6183227308 0.0003490639185 0.5217204302 0
0.9354211693 0.6964023521 0.3951593187 -0.05172592175 0.2126951347 0.440520737 -0.006911626736 0.05798241081 0.245798436 -0.9542712072 -0.1664035719 -0.248347165 0.08059891968 0.6567738311 -0.74976793 0.2878719807 -0.7354984609 -0.6133284086 0.000355878591 0.5255618939 0
0.9422583973 0.7014925316 0.3980476374 -0.05243234106 0.2138854224 0.4395718608 -0.007011182521 0.05838100791 0.2456658985 -0.953008249 -0.1696154605 -0.2510097068 0.08211223259 0.6529252236 -0.7529583213 0.2916039414 -0.7381864588 -0.6083156199 0.0003627848263 0.5294033577 0
0.9490956254 0.7065827112 0.400935956 -0.05314242163 0.215068252 0.4386180668 -0.007111409627 0.05877906332 0.2455324673 -0.9517212468 -0.1728584715 -0.2536663503 0.08363857429 0.6490790908 -0.756109068 0.2953493818 -0.7408213568 -0.6032847254 0.0003697833222 0.5332448215 0
0.9559328535 0.7116728907 0.4038242746 -0.0538561334 0.2162435872 0.4376593953 -0.007212306905 0.05917657345 0.2453981439 -0.9504099777 -0.1761324272 -0.2563166837 0.08517780867 0.6452359251 -0.7592202196 0.2991080326 -0.7434029654 -0.598236087 0.000376874777 0.5370862852 0
0.9627700815 0.7167630703 0.4067125932 -0.05457344612 0.2174113919 0.4366958869 -0.007313873197 0.05957353469 0.2452629299 -0.9490742207 -0.1794371435 -0.2589602965 0.08672979599 0.6413962169 -0.7622918309 0.3028796232 -0.745931099 -0.5931700679 0.0003840598899 0.540927749 0
0.9696073096 0.7218532498 0.4096009119 -0.05529432945 0.2185716303 0.4357275824 -0.007416107336 0.05996994346 0.2451268269 -0.947713756 -0.1827724301 -0.2615967802 0.0882943929 0.6375604546 -0.7653239621 0.3066638825 -0.7484055756 -0.5880870324 0.0003913393605 0.5447692128 0
