0.006339268771 0.005287520689 -0.0009639492093 -2.849106549e-06 0.001616504357 0.5099965842 -3.575366317e-07 0.0004025441599 0.2549995764 -0.9999999999 -6.92141394e-08 -1.659227119e-05 3.544301292e-08 0.9999801075 -0.006307501503 1.65923777e-05 -0.006307501503 -0.9999801074 3.337951895e-08 -0.001282052448 0
0.01167853754 0.009740951378 -0.001775838419 -9.669493825e-06 0.002977969679 0.5099884071 -1.219076856e-06 0.0007427429472 0.2549985555 -0.9999999984 -4.354603989e-07 -5.631079605e-05 2.188836367e-07 0.999932489 -0.01161970142 5.631205437e-05 -0.01161970142 -0.9999324874 6.835154331e-08 -0.002361865097 0
0.01778055899 0.01483058645 -0.002703711801 -2.241356917e-05 0.004533839991 0.5099731281 -2.836735012e-06 0.001132296503 0.2549966386 -0.9999999915 -1.538446585e-06 -0.0001305214086 7.707297979e-07 0.9998435181 -0.01769009131 0.0001305281997 -0.01769009126 -0.9998435096 7.105990344e-08 -0.003595936695 0
0.02311982777 0.01928401714 -0.00351560101 -3.789495073e-05 0.005895110783 0.5099545673 -4.806205982e-06 0.001473343567 0.2549943047 -0.9999999756 -3.383031843e-06 -0.0002206638537 1.693305802e-06 0.9997354469 -0.02300078843 0.0002206832888 -0.02300078824 -0.9997354225 4.016297117e-08 -0.004675749343 0
0.02845909654 0.02373744783 -0.004327490219 -5.741749418e-05 0.007256239091 0.5099311615 -7.29203924e-06 0.001814396225 0.2549913588 -0.9999999441 -6.310236727e-06 -0.0003343241561 3.157138272e-06 0.9995991807 -0.02831038495 0.0003343687977 -0.02831038443 -0.9995991248 2.052730536e-08 -0.005755561992 0
0.03456111799 0.0288270829 -0.005255363601 -8.467660219e-05 0.008811597633 0.5098984803 -1.076461271e-05 0.002204121716 0.2549872436 -0.9999998784 -1.130161499e-05 -0.0004930037014 5.652966029e-06 0.9994089424 -0.03437682186 0.0004931008214 -0.03437682047 -0.9994088208 1.10606025e-07 -0.00698963359 0
0.03990038676 0.03328051359 -0.006067252811 -0.0001128567213 0.01017230986 0.5098646948 -1.435543128e-05 0.002545079446 0.2549829882 -0.999999784 -1.738941222e-05 -0.0006570163496 8.696801634e-06 0.9992123114 -0.03968320507 0.0006571888929 -0.03968320222 -0.9992120954 2.116094342e-07 -0.008069446238 0
0.04600240821 0.03837014867 -0.006995126193 -0.0001500082179 0.01172710658 0.5098201534 -1.909018798e-05 0.002934687899 0.2549773771 -0.9999996184 -2.664733989e-05 -0.0008731999177 1.3325357e-05 0.9989531355 -0.04574530397 0.0008735047864 -0.04574529815 -0.998952754 3.491724577e-07 -0.009303517836 0
0.05134167698 0.04282357936 -0.007807015402 -0.0001868421597 0.01308725173 0.5097759928 -2.378505357e-05 0.003275548489 0.2549718133 -0.999999408 -3.704044057e-05 -0.001087486371 1.852111568e-05 0.998696236 -0.05104730941 0.001087959361 -0.05104729933 -0.9986956441 4.880609809e-07 -0.01038333048 0
0.05744369844 0.04791321443 -0.008734888784 -0.0002338810973 0.01464131412 0.5097195973 -2.978129557e-05 0.003665053467 0.2549647073 -0.9999990724 -5.187173293e-05 -0.001361070444 2.593514645e-05 0.9983682498 -0.05710374063 0.001361811587 -0.05710372296 -0.9983673223 6.67443006e-07 -0.01161740208 0
0.06278296721 0.05236664512 -0.009546777993 -0.0002793639566 0.01600074129 0.5096650674 -3.557976983e-05 0.004005828493 0.2549578356 -0.9999986765 -6.771217943e-05 -0.001625528099 3.385311057e-05 0.9980512077 -0.06240020599 0.001626585536 -0.06240017844 -0.9980498845 8.422570053e-07 -0.01269721473 0
0.06888498866 0.05745628019 -0.01047465138 -0.000336284071 0.01755389695 0.5095968252 -4.283709403e-05 0.004395239003 0.2549492351 -0.9999980823 -8.942019701e-05 -0.001956381686 4.470324465e-05 0.9976545717 -0.06844964262 0.001957913914 -0.06844959881 -0.9976526545 1.062339983e-06 -0.01393128633 0
0.07422425743 0.06190971088 -0.01128654058 -0.0003904097909 0.01891245534 0.5095319333 -4.973886591e-05 0.004735932561 0.2549410559 -0.9999974153 -0.000111846655 -0.002270883931 5.591162463e-05 0.9972775424 -0.07373940827 0.002272949052 -0.07373934464 -0.9972749585 1.272657418e-06 -0.01501109898 0
0.08032627888 0.06699934595 -0.01221441397 -0.0004572035026 0.02046453199 0.5094518535 -5.825693567e-05 0.005125249713 0.2549309613 -0.9999964552 -0.0001417304954 -0.002658848646 7.084587427e-05 0.996812451 -0.0797805268 0.002661680769 -0.07978043237 -0.9968089075 1.533345359e-06 -0.01624517058 0
0.08566554765 0.07145277664 -0.01302630318 -0.0005199648758 0.02182207092 0.5093766082 -6.626171355e-05 0.005465860338 0.2549214749 -0.9999954152 -0.0001718775478 -0.003023244933 8.591037545e-05 0.9963756192 -0.08506243636 0.003026907865 -0.08506230609 -0.9963710363 1.77930646e-06 -0.01732498322 0
0.09100481642 0.07590620733 -0.01383819239 -0.0005867534305 0.02317908259 0.5092965346 -7.478112399e-05 0.00580643079 0.2549113787 -0.9999941618 -0.0002060145032 -0.003410866869 0.0001029671866 0.995910951 -0.09034028505 0.003415531077 -0.09034010883 -0.9959051154 2.042030509e-06 -0.01840479587 0
0.09710683788 0.08099584241 -0.01476606577 -0.0006680119602 0.02472926542 0.5091991129 -8.514766614e-05 0.006195603357 0.2548990935 -0.9999924327 -0.0002502286835 -0.003882251006 0.0001250570341 0.9953458799 -0.09636681821 0.003888296286 -0.09636657448 -0.9953383166 2.362952904e-06 -0.01963886747 0
0.1024461066 0.08544927309 -0.01557795498 -0.0007434235185 0.02608503693 0.5091087011 -9.476962273e-05 0.006536083295 0.2548876907 -0.9999906278 -0.0002937414329 -0.004319503063 0.0001467942345 0.994821733 -0.1016351218 0.004326989969 -0.1016348034 -0.9948123662 2.661982968e-06 -0.02071868012 0
0.1085481281 0.09053890817 -0.01650582836 -0.0008345313324 0.02763371655 0.5089994709 -0.0001063960217 0.006925148493 0.2548739124 -0.9999881898 -0.0003493125297 -0.004847491094 0.0001745523032 0.9941888289 -0.1076500908 0.004856925019 -0.1076496656 -0.9941770264 3.024743219e-06 -0.02195275172 0
0.1138873969 0.09499233886 -0.01731771757 -0.000918555854 0.02898809765 0.5088987329 -0.0001171201734 0.007265530779 0.2548612034 -0.9999856919 -0.0004033225828 -0.005334164066 0.0002015275775 0.9936054599 -0.1129077034 0.005345592766 -0.1129071629 -0.993591162 3.36071216e-06 -0.02303256437 0
0.1199894183 0.1000819739 -0.01824559095 -0.001019500822 0.03053510245 0.5087777089 -0.0001300060082 0.00765447989 0.2548459326 -0.9999823743 -0.0004715286991 -0.005918503406 0.0002355889991 0.9929050325 -0.1189098015 0.005932581201 -0.1189090999 -0.9928874208 3.76609681e-06 -0.02426663596 0
0.1253286871 0.1045354046 -0.01905748016 -0.001112127121 0.03188794309 0.5086666581 -0.0001418319686 0.007994756512 0.2548319179 -0.9999790261 -0.0005371510567 -0.006454364502 0.000268356039 0.992262727 -0.1241555823 0.006471115624 -0.1241547103 -0.9922417712 4.139742902e-06 -0.02534644861 0
0.1314307085 0.1096250397 -0.01998535354 -0.001222895806 0.03343310171 0.5085338563 -0.0001559767766 0.008383580032 0.2548151551 -0.99997464 -0.0006192624606 -0.007094775679 0.0003093511389 0.9914951192 -0.1301435088 0.007115028447 -0.1301424031 -0.9914697833 4.58864826e-06 -0.02658052021 0
0.1367699773 0.1140784704 -0.02079724275 -0.001324111552 0.03478425205 0.5084125076 -0.0001689041223 0.008723742431 0.2547998351 -0.9999702683 -0.0006976049226 -0.007679568648 0.0003484592188 0.9907941915 -0.1353763227 0.007703311199 -0.1353749738 -0.9907644904 5.000798857e-06 -0.02766033286 0
0.1428719988 0.1191681055 -0.02172511613 -0.001444689209 0.0363273934 0.5082679457 -0.0001843073982 0.00911243036 0.2547815809 -0.9999646069 -0.0007948832589 -0.008375745461 0.000397013033 0.9899597788 -0.1413487841 0.008404006906 -0.1413471066 -0.9899244255 5.494217003e-06 -0.02889440446 0
0.1482112675 0.1236215361 -0.02253700534 -0.00155448093 0.03767670388 0.5081363151 -0.000198335668 0.009452469625 0.2547649562 -0.999959023 -0.0008870457363 -0.009009190738 0.0004430065888 0.9892005717 -0.1465675024 0.009041908707 -0.1465654876 -0.9891596442 5.945779075e-06 -0.02997421711 0
0.1535505363 0.1280749668 -0.02334889455 -0.001668269841 0.03902510465 0.5079998923 -0.0002128775336 0.00979244831 0.2547477229 -0.9999528043 -0.0009860315817 -0.009665238229 0.000492398221 0.9884142928 -0.1517792584 0.009702918752 -0.1517768542 -0.9883671584 6.416064388e-06 -0.03105402975 0
0.1596525578 0.1331646019 -0.02427676793 -0.001803204593 0.04056497849 0.5078381175 -0.0002301255568 0.01018091862 0.2547272825 -0.999944861 -0.001107817075 -0.01044259529 0.000553156594 0.9874826469 -0.1577267131 0.01048661398 -0.1577237926 -0.9874275853 6.976743102e-06 -0.03228810135 0
0.1649918265 0.1376180326 -0.02508865714 -0.001925547658 0.04191132051 0.507691439 -0.0002457676004 0.0105207607 0.2547087454 -0.9999371251 -0.001222220443 -0.01114684321 0.0006102225812 0.9866386428 -0.1629227305 0.01119703375 -0.1629192888 -0.9865758621 7.487901492e-06 -0.033367914 0
0.171093848 0.1427076677 -0.02601653053 -0.002070249442 0.04344875639 0.5075179544 -0.0002642726574 0.01090906956 0.2546868153 -0.9999273201 -0.001362243083 -0.01197909744 0.000680055761 0.985641257 -0.1688515624 0.01203710954 -0.1688474367 -0.9855686943 8.095900244e-06 -0.0346019856 0
0.1764331168 0.1471610984 -0.02682841973 -0.002201130381 0.04479289081 0.5073610397 -0.0002810143227 0.01124876569 0.254666975 -0.99991784 -0.001493141515 -0.01273120942 0.0007453268211 0.98473994 -0.1740307301 0.01279678291 -0.1740259207 -0.9846579209 8.649011515e-06 -0.03568179825 0
0.1825351382 0.1522507334 -0.02775629312 -0.002355579942 0.04632771879 0.5071758684 -0.0003007757555 0.01163690234 0.2546435561 -0.9999059055 -0.001652627024 -0.01361796338 0.0008248378135 0.9836773014 -0.179939674 0.01369305464 -0.1799339753 -0.9835833797 9.30560101e-06 -0.03691586985 0
0.187874407 0.1567041641 -0.02856818233 -0.002494981341 0.04766949706 0.5070087385 -0.0003186164473 0.01197644305 0.2546224133 -0.9998944392 -0.001801087828 -0.0144175803 0.000898838389 0.9827191119 -0.1851008895 0.01450181467 -0.1850943091 -0.9826137563 9.901808271e-06 -0.03799568249 0
0.1939764284 0.1617937992 -0.02949605571 -0.002659158132 0.04920154757 0.506811905 -0.0003396335535 0.01236439666 0.2545975063 -0.9998800897 -0.001981249852 -0.01535841069 0.0009886227954 0.9815917394 -0.1909886899 0.01545408538 -0.1909809721 -0.9814720778 1.060832969e-05 -0.03922975409 0
0.1993156972 0.1662472299 -0.03030794492 -0.002807061446 0.05054082151 0.5066345821 -0.0003585726378 0.01270377244 0.2545750618 -0.99986638 -0.00214832944 -0.01620515094 0.001071870648 0.980577145 -0.196130859 0.01631175434 -0.1961220218 -0.9804438175 1.124883615e-05 -0.04030956674 0
0.2054177187 0.171336865 -0.0312358183 -0.002980943626 0.05206992541 0.5064261127 -0.0003808446705 0.01309153209 0.2545486676 -0.9998493133 -0.002350368793 -0.01719960884 0.001172516203 0.9793855889 -0.2019962708 0.01731981476 -0.2019859995 -0.9792352527 1.200669762e-05 -0.04154363834 0
0.2107569874 0.1757902956 -0.03204770751 -0.003137329181 0.0534065472 0.5062386203 -0.0004008814743 0.01343073337 0.2545249223 -0.999833088 -0.002537112019 -0.01809306848 0.00126552201 0.9783150846 -0.2071183085 0.01822620417 -0.2071066352 -0.9781485813 1.269276356e-05 -0.04262345099 0
0.2168590089 0.1808799307 -0.03297558089 -0.003320893623 0.05493253576 0.5060185428 -0.0004244076424 0.01381828812 0.2544970417 -0.9998129848 -0.002762215938 -0.01914067961 0.001377608127 0.9770599261 -0.2129600974 0.01928983278 -0.2129466389 -0.9768733957 1.350343679e-05 -0.04385752258 0
0.2221982777 0.1853333614 -0.0337874701 -0.003485740621 0.05626635798 0.5058209059 -0.0004455414539 0.0141573053 0.2544719964 -0.9997939575 -0.002969655453 -0.02008043263 0.001480875084 0.9759340339 -0.2180609286 0.02024474345 -0.2180457354 -0.9757285522 1.423637675e-05 -0.04493733523 0
0.2275375464 0.1897867921 -0.03459935931 -0.003654528859 0.05759882339 0.5056185437 -0.0004671869478 0.01449623328 0.2544463446 -0.9997735203 -0.00318710304 -0.02104163729 0.001589100582 0.9747824801 -0.2231514983 0.0212222262 -0.2231343963 -0.974556647 1.499165568e-05 -0.04601714788 0
0.2336395679 0.1948764272 -0.03552723269 -0.003852249435 0.05911993859 0.5053814943 -0.0004925509899 0.01488346762 0.254416286 -0.9997483511 -0.00344815246 -0.02216629616 0.001718995828 0.9734351533 -0.2289564313 0.02236692858 -0.2289369184 -0.973184262 1.588257378e-05 -0.04725121948 0
0.2389788366 0.1993298579 -0.0363391219 -0.004029466583 0.06044938895 0.5051690266 -0.0005152923771 0.01522219739 0.2543893355 -0.9997246652 -0.003687787468 -0.02317312994 0.001838206145 0.9722290254 -0.2340242364 0.02339262119 -0.2340023983 -0.971954558 1.668674702e-05 -0.04833103213 0
0.2450808581 0.2044194929 -0.03726699528 -0.004236806893 0.06196697468 0.504920444 -0.0005419084125 0.01560919969 0.2543577932 -0.9996956012 -0.003974767228 -0.0243496654 0.001980932717 0.97081966 -0.2398025515 0.02459229321 -0.2397777909 -0.9705162699 1.763435879e-05 -0.04956510373 0
0.2504201269 0.2088729236 -0.03807888449 -0.004422429391 0.06329326362 0.504697899 -0.0005657448851 0.01594772159 0.2543295449 -0.9996683445 -0.004237589465 -0.02540164887 0.002111610924 0.9695595451 -0.2448465429 0.02566597026 -0.2448189766 -0.9692290373 1.848886296e-05 -0.05064491637 0
0.2565221483 0.2139625587 -0.03900675787 -0.004639361872 0.06480715287 0.5044378162 -0.0005936119685 0.01633448083 0.25429652 -0.9996350095 -0.004551634059 -0.02662950083 0.002267715914 0.968088827 -0.2505970479 0.02692034828 -0.2505659706 -0.967725162 1.949483634e-05 -0.05187898797 0
0.2618614171 0.2184159894 -0.03981864708 -0.004833365049 0.0661301345 0.5042052236 -0.0006185426799 0.01667278522 0.254266975 -0.9996038461 -0.004838628932 -0.02772613334 0.00241033626 0.9667753382 -0.2556161882 0.02804177383 -0.2555817541 -0.9663806837 2.040115308e-05 -0.05295880062 0
0.2679634385 0.2235056245 -0.04074652047 -0.005059860871 0.0676401608 0.5039336752 -0.0006476598213 0.01705929035 0.2542324686 -0.9995658483 -0.005180856045 -0.02900471765 0.002580356464 0.9652439827 -0.2613377042 0.0293505822 -0.2612990865 -0.9648115519 2.146720599e-05 -0.05419287222 0
0.2733027073 0.2279590551 -0.04155840967 -0.005262218944 0.06895968971 0.5036910658 -0.000673683886 0.01739736757 0.2542016279 -0.9995304283 -0.005492993943 -0.03014547763 0.002735383999 0.9638777585 -0.2663309677 0.0305195098 -0.2662883657 -0.9634101234 2.242685942e-05 -0.05527268487 0
0.2794047288 0.2330486902 -0.04248628306 -0.00549824801 0.07046568717 0.5034080878 -0.0007040500512 0.01778360756 0.2541656413 -0.9994873602 -0.005864503747 -0.03147418635 0.002919845485 0.9622865096 -0.2720223298 0.0318824609 -0.27197478 -0.9617760798 2.355475698e-05 -0.05650675647 0
0.2847439975 0.2375021209 -0.04329817227 -0.005708934094 0.07178161846 0.5031554939 -0.0007311665449 0.01812144796 0.2541335059 -0.9994473204 -0.006202739437 -0.03265853159 0.003087735693 0.9608682136 -0.2769887036 0.03309863366 -0.2769364585 -0.960318009 2.456931136e-05 -0.05758656911 0
0.2900832663 0.2419555516 -0.04411006148 -0.005923497072 0.07309582141 0.5028982519 -0.0007587925115 0.01845917453 0.2541007667 -0.9994049967 -0.006553476298 -0.03386302533 0.003261781575 0.9594258515 -0.2819421859 0.03433676335 -0.2818848831 -0.958833614 2.561003221e-05 -0.05866638176 0
0.2961852878 0.2470451867 -0.04503793486 -0.006173451154 0.07459561107 0.5025985791 -0.0007909886148 0.01884500568 0.2540626115 -0.9993537231 -0.006969885936 -0.03526410136 0.003468351818 0.9577481647 -0.2875872452 0.03577857865 -0.2875236925 -0.9571050201 2.683192052e-05 -0.05990045336 0
0.3015245565 0.2514986174 -0.04584982407 -0.00639630072 0.07590600484 0.5023314022 -0.0008197055844 0.01918248126 0.2540285793 -0.9993062228 -0.007348091405 -0.03651134842 0.003655910346 0.9562547487 -0.2925123755 0.03706355798 -0.2924429193 -0.9555644571 2.792990425e-05 -0.06098026601 0
0.307626578 0.2565882524 -0.04677769745 -0.006655708429 0.07740135904 0.5020203954 -0.0008531479709 0.01956802004 0.2539889472 -0.9992488089 -0.007796418277 -0.03796094996 0.003878171005 0.9545191249 -0.2981244705 0.03855875581 -0.2980477411 -0.9537718628 2.921817598e-05 -0.06221433761 0
0.3129658468 0.2610416831 -0.04758958666 -0.006886814989 0.07870780009 0.5017433191 -0.0008829549236 0.01990523497 0.2539536233 -0.9991957366 -0.008203006051 -0.03925035854 0.004079672518 0.9529753791 -0.3030202686 0.03989030241 -0.3029366891 -0.9521754703 3.037507601e-05 -0.06329415026 0
0.3190678682 0.2661313182 -0.04851746004 -0.007155641882 0.08019855511 0.5014210195 -0.0009176424054 0.02029047036 0.2539125155 -0.9991317231 -0.008684284373 -0.04074779805 0.004318109285 0.9511826592 -0.3085982869 0.04143855419 -0.3085062916 -0.9503192696 3.173163962e-05 -0.06452822185 0
0.324407137 0.2705847489 -0.04932934925 -0.007394974752 0.08150090046 0.5011340806 -0.0009485382824 0.02062741499 0.2538759012 -0.9990726706 -0.009120150496 -0.0420787568 0.004533973318 0.949589331 -0.3134637865 0.04281637543 -0.3133638863 -0.9486673984 3.294914181e-05 -0.0656080345 0
0.3305091584 0.275674384 -0.05025722263 -0.007673185142 0.08298689325 0.5008005309 -0.0009844696275 0.02101233596 0.2538333193 -0.999001584 -0.00963539399 -0.04362332457 0.004789059341 0.947740383 -0.3190066322 0.04441734092 -0.3188970456 -0.9467479993 3.437594165e-05 -0.0668421061 0
0.3358484272 0.2801278146 -0.05106911184 -0.007920712556 0.08428500054 0.5005037675 -0.001016453331 0.02134900065 0.2537954158 -0.9989361306 -0.01010141629 -0.04499520295 0.005019694287 0.9460982433 -0.3238408818 0.04584113402 -0.3237222196 -0.9450410123 3.565576229e-05 -0.06792191875 0
0.3419504487 0.2852174497 -0.05199698522 -0.008208269519 0.08576606875 0.5001590122 -0.001053627264 0.02173359618 0.2537513613 -0.9988574833 -0.01065161755 -0.04658616752 0.005291889785 0.9441939611 -0.3293474758 0.04749446139 -0.3292177196 -0.9430588366 3.715477639e-05 -0.06915599035 0
0.3472897174 0.2896708804 -0.05280887443 -0.00846395863 0.08705979625 0.4998524636 -0.001086697658 0.0220699713 0.2537121699 -0.9987851967 -0.0111486551 -0.04799831612 0.005537692556 0.9425038036 -0.3341495386 0.04896391347 -0.3340094125 -0.9412971091 3.849866029e-05 -0.070235803 0
0.3526289862 0.2941243111 -0.05362076364 -0.008723444988 0.08835143152 0.4995413625 -0.001120274776 0.022406208 0.253672378 -0.9987095698 -0.01166045501 -0.04942903004 0.005790706167 0.9407915158 -0.3389362647 0.05045456316 -0.3387851201 -0.9395099677 3.987304506e-05 -0.07131561564 0
0.3587310077 0.2992139462 -0.05454863702 -0.009024640898 0.08982498487 0.4991802553 -0.001159268768 0.02279030631 0.2536261666 -0.9986189232 -0.01226367751 -0.05108667565 0.006088800145 0.938807748 -0.3443877739 0.05218402752 -0.3442232045 -0.9374365113 4.148161688e-05 -0.07254968724 0
0.3640702764 0.3036673769 -0.05536052623 -0.009292238836 0.09111203364 0.498859429 -0.00119393084 0.02312623931 0.2535850889 -0.9985358073 -0.01280771756 -0.052556674 0.006357542272 0.9370486468 -0.3491409675 0.05371985915 -0.3489638891 -0.9355952014 4.292267176e-05 -0.07362949989 0
0.3701722979 0.3087570119 -0.05628839962 -0.009602684991 0.09258026512 0.4984872316 -0.001234164083 0.02350998504 0.2535374088 -0.9984363399 -0.01344825191 -0.05425882181 0.006673823268 0.9350118595 -0.3545536386 0.05550076852 -0.354361351 -0.9334600675 4.460846761e-05 -0.07486357149 0
0.3755115666 0.3132104426 -0.05710028882 -0.009878359021 0.09386258727 0.4981567229 -0.001269909878 0.02384560474 0.2534950467 -0.9983452738 -0.01402534259 -0.05576741024 0.006958661122 0.9332067929 -0.3592724018 0.05708144458 -0.3590659709 -0.9315649936 4.611800017e-05 -0.07594338414 0
0.3816135881 0.3183000777 -0.05802816221 -0.01019801426 0.09532533715 0.4977734846 -0.001311380942 0.02422898692 0.2534458997 -0.9982364523 -0.01470410338 -0.05751325664 0.007293541658 0.9311179674 -0.3646452179 0.0589134076 -0.364421624 -0.9293686515 4.7883099e-05 -0.07717745573 0
0.3869528569 0.3227535084 -0.05884005142 -0.01048172783 0.0966027933 0.4974333371 -0.001348209192 0.02456428371 0.2534022548 -0.998136964 -0.0153150346 -0.05905972326 0.007594829868 0.9292678045 -0.3693286694 0.06053858072 -0.3690891453 -0.92742023 4.946293941e-05 -0.07825726838 0
0.3930548783 0.3278431435 -0.0597679248 -0.01081054978 0.09805990266 0.4970391088 -0.001390916603 0.02494729137 0.2533516426 -0.9980182426 -0.01603291259 -0.06084844478 0.007948707913 0.927127946 -0.3746606328 0.06242119481 -0.3744018128 -0.9251631624 5.13094451e-05 -0.07949133998 0
0.3983941471 0.3322965742 -0.06057981401 -0.01110226529 0.0993323541 0.4966893677 -0.001428825998 0.02528225566 0.2533067164 -0.9979098491 -0.01667845317 -0.06243206054 0.008266788221 0.9252335766 -0.3793079079 0.06409050784 -0.3790312098 -0.9231618216 5.296144467e-05 -0.08057115263 0
0.4044961685 0.3373862092 -0.06150768739 -0.01144021037 0.1007836649 0.4962842015 -0.00147276824 0.02566487784 0.2532546408 -0.9977806701 -0.01743631476 -0.06426281434 0.008640046846 0.9230437135 -0.3845980403 0.06602335927 -0.3842997241 -0.9208445244 5.489148445e-05 -0.08180522423 0
0.4098354373 0.3418396399 -0.0623195766 -0.01173988917 0.1020509736 0.4959249132 -0.001511757435 0.02599950004 0.2532084349 -0.9976628784 -0.01811721194 -0.06588283341 0.008975247816 0.9211060474 -0.3892082918 0.06773644538 -0.3888899794 -0.9187907041 5.661751416e-05 -0.08288503688 0
0.4151747061 0.3462930706 -0.06313146581 -0.01204327065 0.1033158355 0.4955611857 -0.001551250064 0.02633395933 0.2531616324 -0.9975405292 -0.0188148584 -0.06751958084 0.009318547091 0.9191484931 -0.3938009805 0.06946983067 -0.3934616229 -0.9167125471 5.837873679e-05 -0.08396484952 0
0.4212767275 0.3513827057 -0.06405933919 -0.012394515 0.1047583575 0.4951400748 -0.001597000555 0.02671599635 0.2531074138 -0.9973949789 -0.01963287754 -0.06941041796 0.009720891599 0.9168871976 -0.399028033 0.07147559211 -0.3986632877 -0.9143078381 6.043518623e-05 -0.08519892112 0
0.4266159963 0.3558361364 -0.0648712284 -0.0127058012 0.1060178757 0.4947668702 -0.001637570939 0.02705009953 0.253059334 -0.9972624899 -0.02036693655 -0.0710824454 0.010081769 0.9148877165 -0.4035824874 0.07325219506 -0.403194313 -0.9121778674 6.227321603e-05 -0.08627873377 0
0.4327180178 0.3609257714 -0.06579910178 -0.0130660561 0.1074542129 0.4943349565 -0.001684552331 0.02743172411 0.2530036566 -0.9971050571 -0.02122696867 -0.0730131559 0.01050437323 0.912579049 -0.4087653818 0.07530712634 -0.4083489868 -0.9097142088 6.441853663e-05 -0.08751280537 0
0.4380572865 0.3653792021 -0.06661099099 -0.01338520579 0.1087082515 0.4939523243 -0.001726199028 0.02776546162 0.2529543013 -0.996961911 -0.02199813224 -0.07471967798 0.0108831236 0.9105385983 -0.4132807987 0.07712655652 -0.4128383983 -0.9075328926 6.633528772e-05 -0.08859261802 0
0.444159308 0.3704688372 -0.06753886437 -0.01375442356 0.1101382488 0.493509665 -0.001774409653 0.02814666284 0.252897167 -0.9967919989 -0.02290095506 -0.07668935553 0.01132631649 0.9081836633 -0.4184186279 0.07923020604 -0.4179449484 -0.9050108257 6.857167602e-05 -0.08982668962 0
0.4494985768 0.3749222679 -0.06835075358 -0.01408139451 0.1113866725 0.4931176558 -0.001817131184 0.02848002515 0.2528465379 -0.996637669 -0.02370989207 -0.0784295716 0.01172322055 0.9061032185 -0.4228942226 0.08109206363 -0.4223917595 -0.9027786433 7.056907795e-05 -0.09090650226 0
0.4556005982 0.380011903 -0.06927862696 -0.01445952627 0.1128101758 0.4926643093 -0.001866569328 0.02886079214 0.2527879489 -0.9964546708 -0.02465625658 -0.08043729261 0.01218731473 0.903703141 -0.4279861006 0.0832439691 -0.4274490636 -0.9001987223 7.289874755e-05 -0.09214057386 0
0.460939867 0.3844653337 -0.07009051617 -0.01479427522 0.1140528502 0.492262975 -0.001910364175 0.02919376973 0.2527360477 -0.9962886218 -0.0255036123 -0.08221038719 0.01260263881 0.9015836951 -0.4324211074 0.08514784493 -0.431852297 -0.8979161643 7.497874429e-05 -0.09322038651 0
0.4670418884 0.3895549687 -0.07101838956 -0.01518127096 0.1154697064 0.4917990013 -0.001961028083 0.02957409159 0.252676006 -0.9960919207 -0.0264942423 -0.08425521139 0.01308793034 0.89913962 -0.4374661699 0.08734753345 -0.4368592438 -0.8952789563 7.740392465e-05 -0.09445445811 0
0.4723811572 0.3940083994 -0.07183027876 -0.01552375363 0.1167064979 0.491388395 -0.00200589469 0.02990667495 0.2526228346 -0.9959136087 -0.027380638 -0.08606035458 0.01352192613 0.8969821833 -0.4418598424 0.08929300914 -0.4412179319 -0.8929465242 7.956847359e-05 -0.09553427076 0
0.477720426 0.3984618301 -0.07264216797 -0.01586982993 0.1179404986 0.4909734802 -0.002051260909 0.03023907108 0.2525690712 -0.9957293856 -0.02828545812 -0.08788016586 0.01396471736 0.894807368 -0.4462339754 0.09125775234 -0.4455555038 -0.8905909923 8.177315364e-05 -0.09661408341 0
0.4838224474 0.4035514652 -0.07357004136 -0.01626973328 0.1193473308 0.4904940315 -0.002103719335 0.03061872048 0.2525069027 -0.9955114514 -0.0293422622 -0.08997767352 0.01448159851 0.8923008738 -0.4512088584 0.09352664533 -0.4504866061 -0.8878708151 8.434248003e-05 -0.097848155 0
0.4891617162 0.4080048959 -0.07438193057 -0.01662347655 0.1205752543 0.4900699247 -0.002150154963 0.03095070846 0.2524518718 -0.995314153 -0.03028698926 -0.09182829119 0.01494340363 0.890089579 -0.4555405976 0.09553235823 -0.4547782312 -0.8854661647 8.663460548e-05 -0.09892796765 0
0.4952637377 0.4130945309 -0.07530980395 -0.01703211557 0.121975066 0.4895800027 -0.002203834635 0.03132988598 0.252388256 -0.9950809549 -0.031389725 -0.09396051461 0.01548213971 0.8875419917 -0.4604666289 0.09784782313 -0.4596562826 -0.8826901525 8.930500321e-05 -0.1001620393 0
0.5006030064 0.4175479616 -0.07612169316 -0.01739347905 0.1231967808 0.4891467599 -0.002251338023 0.03166145635 0.2523319597 -0.9948700181 -0.03237491939 -0.09584107528 0.01596317331 0.8852952672 -0.4647552764 0.09989406496 -0.4639010179 -0.8802369121 9.168656075e-05 -0.1012418519 0
0.5067050279 0.4226375967 -0.07704956654 -0.01781079976 0.1245894223 0.4886464293 -0.002306237032 0.03204015119 0.2522668987 -0.9946209082 -0.03352421282 -0.09800702036 0.01652400079 0.8827077953 -0.4696316701 0.1022555929 -0.4687249464 -0.8774056749 9.446030642e-05 -0.1024759235 0
0.5120442966 0.4270910274 -0.07786145575 -0.01817973573 0.1258047981 0.4882041078 -0.002354806492 0.03237129448 0.2522093389 -0.9943957626 -0.03455040961 -0.09991664787 0.01702446205 0.8804267059 -0.4738765486 0.104341914 -0.4729218591 -0.8749043835 9.693329325e-05 -0.1035557361 0
0.5181463181 0.4321806625 -0.07878932913 -0.018605683 0.1271901207 0.4876934348 -0.002410922888 0.03274949584 0.2521428352 -0.9941300853 -0.03574685762 -0.1021153062 0.01760759963 0.8778005744 -0.4787025422 0.1067489861 -0.4776906045 -0.8720185436 9.981267507e-05 -0.1047898077 0
0.5234855869 0.4366340932 -0.07960121834 -0.01898214274 0.1283990279 0.4872420929 -0.002460556695 0.03308020262 0.252084014 -0.9938901537 -0.0368145662 -0.1040531121 0.01812767209 0.8754861993 -0.4829029947 0.1088749279 -0.4818387723 -0.8694697508 0.0001023790982 -0.1058696204 0
0.5295876083 0.4417237282 -0.08052909172 -0.01941666035 0.1297768841 0.4867211448 -0.002517888485 0.03345789972 0.2520160698 -0.9936072456 -0.03805873614 -0.1062834615 0.01873332054 0.8728226497 -0.4876778494 0.1113270151 -0.4865512868 -0.8665299423 0.0001053664151 -0.107103692 0
0.5349268771 0.4461771589 -0.08134098093 -0.01980059417 0.1309791941 0.4862608422 -0.002568584875 0.03378816057 0.2519559893 -0.9933519445 -0.03916843991 -0.1082485456 0.01927317192 0.8704760818 -0.4918332399 0.1134921105 -0.490649798 -0.8639342084 0.0001080282906 -0.1081835046 0
0.5402661459 0.4506305896 -0.08215287014 -0.02018799861 0.1321783816 0.4857963786 -0.002619776523 0.0341182101 0.2518953217 -0.9930892697 -0.04029789946 -0.1102260482 0.01982230635 0.8681148683 -0.4959673897 0.1156753154 -0.4947248273 -0.8613167633 0.0001107354028 -0.1092633173 0
0.5463681673 0.4557202247 -0.08308074352 -0.02063498201 0.1335450227 0.4852604851 -0.002678887194 0.03449514817 0.2518252693 -0.9927798753 -0.04161302524 -0.1125010015 0.02046129578 0.8653987159 -0.5006659544 0.1181924472 -0.4993530001 -0.8582989728 0.0001138852041 -0.1104973889 0
0.5517074361 0.4601736554 -0.08389263273 -0.02102978591 0.1347374261 0.4847871502 -0.00273113877 0.03482473798 0.2517633456 -0.9925009645 -0.04278514125 -0.1145044417 0.0210304261 0.863006936 -0.5047541476 0.1204141049 -0.5033770556 -0.8556354266 0.0001166907409 -0.1115772015 0
0.5578094575 0.4652632904 -0.08482050611 -0.02148519622 0.1360962417 0.4842411536 -0.002791459732 0.03520114531 0.2516918587 -0.992172674 -0.04414925983 -0.1168085094 0.02169234336 0.8602564913 -0.5093998542 0.122974905 -0.5079464657 -0.8525652824 0.0001199541898 -0.1128112731 0
0.5631487263 0.4697167211 -0.08563239532 -0.02188734752 0.1372817349 0.4837590098 -0.00284476938 0.03553026602 0.251628681 -0.9918769297 -0.04536445021 -0.11883696 0.02228159749 0.8578352691 -0.5134415074 0.1252345272 -0.5119186632 -0.8498562205 0.0001228601871 -0.1138910858 0
0.5692507478 0.4748063562 -0.08656026871 -0.0223511247 0.1386325815 0.4832029821 -0.00290629849 0.03590613188 0.2515557622 -0.9915290572 -0.04677802381 -0.1211690769 0.02296657939 0.8550518234 -0.5180337012 0.1278384329 -0.5164283066 -0.8467343971 0.0001262396146 -0.1151251574 0
0.5745900165 0.4792597869 -0.08737215791 -0.0227605704 0.1398110392 0.4827120929 -0.002960664316 0.03623477414 0.2514913327 -0.9912158769 -0.04803667944 -0.1232216006 0.02357606881 0.8526022944 -0.5220282526 0.1301355232 -0.5203477731 -0.8439804148 0.0001292481158 -0.11620497 0
0.580692038 0.484349422 -0.0883000313 -0.02323265334 0.1411537742 0.4821461073 -0.003023399388 0.03661008786 0.2514169847 -0.9908477313 -0.0495001392 -0.1255806899 0.02428423331 0.8497871517 -0.5265663043 0.1327819622 -0.5247966587 -0.8408075984 0.0001327458609 -0.1174390416 0
0.5860313068 0.4888028527 -0.08911192051 -0.0236493395 0.1423250725 0.4816465375 -0.00307881946 0.03693824232 0.2513513057 -0.9905165078 -0.05080262367 -0.12765634 0.02491405293 0.8473104624 -0.530513214 0.1351160157 -0.5286625329 -0.838009301 0.0001358589157 -0.1185188543 0
0.5921333282 0.4938924877 -0.09003979389 -0.02412966603 0.1436595547 0.4810706686 -0.003142758264 0.03731299323 0.251275531 -0.9901273928 -0.0523163694 -0.1300413147 0.02564549896 0.8444649388 -0.5349965192 0.1378044064 -0.5330496831 -0.8347861887 0.0001394773248 -0.1197529259 0
0.597472597 0.4983459184 -0.0908516831 -0.02455353777 0.1448235703 0.4805624839 -0.003199230613 0.03764065058 0.2512086048 -0.989777515 -0.05366301873 -0.1321391355 0.02629572697 0.8419622457 -0.5388952696 0.1401749102 -0.5368611155 -0.8319441912 0.0001426969894 -0.1208327385 0
0.6028118658 0.5027993491 -0.09166357231 -0.02498074375 0.1459841456 0.4800503018 -0.00325619334 0.03796807275 0.2511410975 -0.9894187217 -0.05503038551 -0.1342469731 0.0269555009 0.8394478159 -0.5427713749 0.1425622464 -0.5406468543 -0.8290820133 0.0001459671105 -0.1219125512 0
0.6089138872 0.5078889842 -0.09259144569 -0.02547304619 0.1473062707 0.4794600748 -0.003321893497 0.03834197896 0.2510632352 -0.9889975829 -0.05661854106 -0.1366679255 0.02772123201 0.8365601375 -0.5471733452 0.145311095 -0.5449417191 -0.8257864182 0.000149766752 -0.1231466228 0
0.614253156 0.5123424149 -0.0934033349 -0.02590735562 0.1484593848 0.4789393763 -0.003379905546 0.03866889039 0.2509944842 -0.9886192322 -0.05803051524 -0.1387965168 0.0284014985 0.8340214172 -0.5510005722 0.1477341148 -0.5486717917 -0.8228814595 0.0001531465089 -0.1242264354 0
0.6203551774 0.5174320499 -0.09433120828 -0.02640774378 0.1497729139 0.4783394552 -0.003446803754 0.03904220758 0.250915202 -0.9881753884 -0.05966980726 -0.1412406312 0.02919067285 0.8311066505 -0.5553464145 0.1505234414 -0.5529025679 -0.8195373353 0.0001570726306 -0.125460507 0
0.6256944462 0.5218854806 -0.09514309749 -0.02684909954 0.1509184464 0.4778103088 -0.003505863062 0.03936859898 0.2508452097 -0.9877768606 -0.06112665596 -0.1433890006 0.0298914683 0.8285448183 -0.5591243012 0.1529816123 -0.5565761547 -0.816590234 0.0001605640931 -0.1265403197 0
0.6317964677 0.5269751157 -0.09607097087 -0.02735750761 0.1522232425 0.4772007726 -0.003573956945 0.03974131657 0.2507645103 -0.9873096022 -0.06281737359 -0.1458551578 0.03070411775 0.8256043151 -0.5634135001 0.155810804 -0.5607419125 -0.8131983158 0.0001646190633 -0.1277743913 0
0.6371357364 0.5314285464 -0.09688286008 -0.02780585168 0.1533610742 0.4766632478 -0.003634061414 0.04006717869 0.2506932793 -0.9868902751 -0.06431933566 -0.1480223224 0.03142546144 0.8230205576 -0.5671416068 0.1583035857 -0.5643582062 -0.8102097197 0.0001682243062 -0.1288542039 0
0.6432377579 0.5365181815 -0.09781073346 -0.02832221284 0.1546570016 0.4760441765 -0.003703348551 0.04043928611 0.2506111656 -0.9863988894 -0.06606173566 -0.1505093953 0.03226159819 0.8200556779 -0.5713736732 0.1611720208 -0.5684580303 -0.8067707528 0.0001724104986 -0.1300882755 0
0.6485770266 0.5409716122 -0.09862262267 -0.02877748631 0.1557870142 0.4754983439 -0.003764496046 0.04076460973 0.2505386984 -0.9859581385 -0.06760902151 -0.1526943656 0.03300349219 0.8174511887 -0.5750515834 0.1636988656 -0.5720162361 -0.8037413185 0.0001761316011 -0.1311680882 0
0.6546790481 0.5460612472 -0.09955049605 -0.02930173274 0.1570739385 0.4748698189 -0.003834973975 0.04113609645 0.2504551733 -0.9854419107 -0.069403328 -0.1552012198 0.03386310872 0.8144633006 -0.5792260542 0.1666059136 -0.5760492254 -0.8002560587 0.0001804513946 -0.1324021598 0
0.6600183169 0.5505146779 -0.1003623853 -0.02976387581 0.1581960151 0.4743157503 -0.003897162322 0.04146087236 0.2503814724 -0.9849791097 -0.07099611943 -0.1574030003 0.0346255378 0.8118392797 -0.5828533745 0.1691662661 -0.5795485614 -0.7971864521 0.0001842904404 -0.1334819724 0
0.6661203383 0.555604313 -0.1012902586 -0.03029593868 0.1594738033 0.4736778541 -0.00396882854 0.04183172786 0.2502965389 -0.9844373232 -0.07284252378 -0.1599284947 0.03550860678 0.8088297579 -0.5869698132 0.1721112883 -0.5835138297 -0.7936556652 0.0001887462185 -0.134716044 0
0.6714596071 0.5600577437 -0.1021021479 -0.03076489069 0.1605878279 0.4731156222 -0.004032055529 0.04215594686 0.2502216069 -0.9839518443 -0.07448097385 -0.1621460843 0.03629153832 0.8061874111 -0.590546173 0.174704586 -0.5869535269 -0.7905465608 0.0001927052951 -0.1357958566 0
0.6767988759 0.5645111744 -0.1029140371 -0.03123699921 0.1616980556 0.4725496059 -0.004095766452 0.04247990283 0.2501461013 -0.9834555673 -0.07614077555 -0.1643707074 0.0370840216 0.8035369262 -0.5940986312 0.1773130635 -0.5903651332 -0.7874192574 0.0001967211016 -0.1368756693 0
0.6829008973 0.5696008094 -0.1038419104 -0.03178039961 0.1629622062 0.471898117 -0.004169170873 0.0428498136 0.2500591076 -0.9828749958 -0.07806386742 -0.1669214645 0.03800139645 0.8004981746 -0.5981292221 0.180312608 -0.5942295054 -0.783823104 0.0002013806447 -0.1381097409 0
0.6882401661 0.5740542401 -0.1046537997 -0.03225922655 0.1640642142 0.4713240459 -0.004233917131 0.04317319923 0.2499823749 -0.9823551187 -0.0797695 -0.1691604196 0.03881430279 0.7978311411 -0.6016302188 0.1829531923 -0.5975803688 -0.7806573078 0.0002055195506 -0.1391895535 0
0.6943421875 0.5791438752 -0.105581673 -0.03281026939 0.1653189061 0.4706633944 -0.004308503482 0.04354245295 0.2498939802 -0.9817472162 -0.08174502075 -0.1717269782 0.03975497746 0.7947741716 -0.6056018147 0.1859890997 -0.6013748978 -0.777017559 0.0002103209761 -0.1404236251 0
0.6996814563 0.5835973059 -0.1063935622 -0.03329575198 0.1664125815 0.4700813438 -0.004374282773 0.04386525911 0.249816023 -0.98120311 -0.08349656589 -0.1739792527 0.04058823114 0.7920918063 -0.6090510372 0.1886612106 -0.604664282 -0.7738139659 0.0002145850777 -0.1415034378 0
0.7057834778 0.588686941 -0.1073214356 -0.03385436506 0.1676576864 0.4694116162 -0.004450048403 0.04423384538 0.2497262306 -0.9805671575 -0.08552459225 -0.1765604536 0.04155210907 0.7890180115 -0.6129632939 0.1917328138 -0.608388134 -0.7701314216 0.0002195307833 -0.1427375094 0
0.7111227465 0.5931403717 -0.1081333248 -0.0343464397 0.1687429175 0.4688216623 -0.00451685839 0.04455606295 0.2496470517 -0.9799981931 -0.08732210254 -0.1788250317 0.04240561683 0.7863215345 -0.616360453 0.194435864 -0.611615316 -0.7668907354 0.0002239221801 -0.143817322 0
0.717224768 0.5982300067 -0.1090611982 -0.03491254984 0.1699783085 0.4681429464 -0.004593800608 0.04492397136 0.2495558647 -0.979333472 -0.08940267796 -0.1814197118 0.0433925814 0.7832323104 -0.6202130536 0.1975424879 -0.6152676727 -0.7631662049 0.000229014567 -0.1450513936 0
0.7225640368 0.6026834374 -0.1098730874 -0.03541115209 0.1710549847 0.4675451665 -0.004661638917 0.04524559127 0.2494754669 -0.978739021 -0.09124617683 -0.1836955744 0.0442662324 0.7805229443 -0.6235578835 0.2002758835 -0.6184319434 -0.7598891379 0.0002335353615 -0.1461312063 0
0.7286660582 0.6077730725 -0.1108009608 -0.0359846852 0.1722805362 0.4668575511 -0.004739754986 0.04561281144 0.2493828884 -0.9780448137 -0.09337931142 -0.1863025675 0.0452761469 0.7774196893 -0.6273505377 0.2034168454 -0.6220120022 -0.7561234397 0.000238776834 -0.1473652779 0
0.734005327 0.6122265032 -0.11161285 -0.03648974982 0.1733485484 0.4662520234 -0.004808619206 0.04593382462 0.2493012746 -0.9774242487 -0.0952687931 -0.188588693 0.04616981273 0.7746986586 -0.6306427965 0.2061799856 -0.6251126662 -0.752810712 0.0002434291314 -0.1484450905 0
0.7393445958 0.6166799339 -0.1124247392 -0.03699780766 0.1744124804 0.465642907 -0.004877961349 0.04625455157 0.2492190943 -0.9767912829 -0.09717972324 -0.1908792577 0.04707276992 0.7719726038 -0.6339104458 0.2089567992 -0.628183413 -0.7494815913 0.0002481435178 -0.1495249032 0
0.7454466172 0.6217695689 -0.1133526126 -0.03758209179 0.1756233765 0.4649424021 -0.004957794036 0.04662074364 0.2491244811 -0.9760525342 -0.09938989308 -0.1935021954 0.04811605501 0.7688513032 -0.6376147103 0.212146873 -0.6316560162 -0.7456570133 0.0002536080047 -0.1507589748 0
0.750785886 0.6262229996 -0.1141645018 -0.03809651485 0.1766784866 0.4643256545 -0.005028158488 0.04694085061 0.249041089 -0.9753925372 -0.1013467447 -0.1958015212 0.04903880689 0.7661153815 -0.6408294762 0.2149525384 -0.6346621617 -0.7422933023 0.000258456986 -0.1518387874 0
0.7568879074 0.6313126347 -0.1150923752 -0.03868803521 0.1778792397 0.463616474 -0.005109158104 0.04730632898 0.2489450925 -0.9746225394 -0.1036093559 -0.1984338859 0.05010461878 0.762983505 -0.6444731943 0.2181752343 -0.6380605554 -0.7384296139 0.0002640765016 -0.153072859 0
0.7622271762 0.6357660654 -0.1159042644 -0.03920875626 0.1789254218 0.4629921756 -0.005180542364 0.04762580697 0.2488604916 -0.9739348883 -0.1056120511 -0.2007409475 0.05104699358 0.7602389425 -0.6476348931 0.2210091351 -0.6410014392 -0.7350320518 0.0002690621889 -0.1541526717 0
0.7683291977 0.6408557005 -0.1168321378 -0.03980743559 0.1801159115 0.4622744121 -0.005262706031 0.04799056138 0.2487631153 -0.973132931 -0.1079269979 -0.2033815668 0.05213512594 0.757097891 -0.6512178684 0.2242637448 -0.6443248766 -0.7311301021 0.0002748391471 -0.1553867433 0
0.7736684664 0.6453091312 -0.117644027 -0.04033438664 0.1811530608 0.4616426445 -0.005335107563 0.04830940142 0.2486773085 -0.9724170056 -0.1099754297 -0.2056953382 0.05309693436 0.7543459128 -0.6543263401 0.2271252581 -0.6471998522 -0.7276994355 0.0002799636533 -0.1564665559 0
0.7797704879 0.6503987662 -0.1185719004 -0.04094014677 0.182333168 0.4609163918 -0.00541843236 0.04867342162 0.2485785558 -0.9715823816 -0.112342573 -0.2083430395 0.05420716083 0.751197086 -0.6578484033 0.2304110665 -0.650447603 -0.7237600819 0.0002859004701 -0.1577006275 0
0.7851097566 0.6548521969 -0.1193837896 -0.04147325905 0.1833611812 0.4602772374 -0.005491848591 0.04899161474 0.2484915462 -0.9708375645 -0.1144366051 -0.2106624947 0.05518819604 0.7484389162 -0.6609035117 0.2332995634 -0.6532560387 -0.7202970648 0.0002911659103 -0.1587804402 0
0.7912117781 0.659941832 -0.120311663 -0.04208602096 0.1845307885 0.4595425902 -0.005576331558 0.04935489051 0.2483914206 -0.9699695704 -0.1168557726 -0.2133161058 0.05632027028 0.7452837118 -0.6643645205 0.2366158484 -0.6564273892 -0.7163211731 0.0002972650038 -0.1600145118 0
