0.005588069758 0.006395881122 0.004775452654 -3.037942582e-06 0.001424949223 0.5099973458 -3.796723096e-07 0.0003547660385 0.254999671 -0.9999999998 -6.508980338e-08 -1.769201375e-05 3.327991785e-08 0.9999845427 -0.005560063229 1.769210219e-05 -0.005560063229 -0.9999845426 3.727975962e-08 0.00635135203 0
0.01132315696 0.01296003252 0.009676543471 -1.247343629e-05 0.002887333759 0.509989102 -1.56673983e-06 0.0007200710812 0.2549986425 -0.9999999974 -5.449307736e-07 -7.263964032e-05 2.734613139e-07 0.9999365367 -0.01126599058 7.264116955e-05 -0.01126599057 -0.9999365341 9.107365665e-08 0.01286980282 0
0.01705824415 0.01952418393 0.01457763429 -2.830815377e-05 0.004349608608 0.5099752672 -3.569233858e-06 0.001086159688 0.2549969073 -0.9999999864 -1.864452117e-06 -0.0001648474142 9.33453507e-07 0.999855981 -0.01697107054 0.0001648553148 -0.01697107046 -0.9998559674 9.955616313e-08 0.0193882536 0
0.02279333135 0.02608833533 0.01947872511 -5.054137316e-05 0.005811718221 0.5099558421 -6.387704632e-06 0.001452475631 0.254994465 -0.9999999567 -4.448699145e-06 -0.0002943023951 2.225714498e-06 0.999742892 -0.02267487408 0.0002943276013 -0.02267487376 -0.9997428487 5.858053277e-08 0.02590670439 0
0.02795490983 0.03199607159 0.02388970684 -7.602115809e-05 0.007127429691 0.5099335805 -9.621014421e-06 0.001782170946 0.2549916632 -0.999999902 -8.206923219e-06 -0.0004426433333 4.104768126e-06 0.9996133147 -0.02780685152 0.0004427003783 -0.02780685061 -0.9996132167 2.105420798e-08 0.0317733101 0
0.03368999703 0.038560223 0.02879079766 -0.0001104084978 0.00858907235 0.5099035363 -1.39868219e-05 0.002148452875 0.2549878801 -0.9999997933 -1.436400028e-05 -0.0006428136426 7.182854919e-06 0.9994384812 -0.03350704875 0.0006429339859 -0.03350704644 -0.9994382745 1.305028114e-07 0.03829176089 0
0.03942508422 0.0451243744 0.03369188848 -0.0001511905968 0.01005038874 0.509867905 -1.916601149e-05 0.002514673314 0.254983392 -0.9999996124 -2.301638968e-05 -0.0008801640921 1.150790263e-05 0.9992311991 -0.03920472686 0.0008803897725 -0.03920472179 -0.9992308115 2.746546422e-07 0.04481021167 0
0.0445866627 0.05103211066 0.03810287021 -0.0001933604746 0.01136524865 0.5098310613 -2.452242406e-05 0.002844219262 0.2549787504 -0.999999366 -3.328691703e-05 -0.001125541103 1.664119983e-05 0.9990169365 -0.04433012976 0.001125910238 -0.04433012038 -0.9990163025 4.28973411e-07 0.05067681738 0
0.0503217499 0.05759626206 0.04300396103 -0.0002462872538 0.01282579224 0.5097848193 -3.124614803e-05 0.003210325818 0.254972924 -0.9999989715 -4.784607012e-05 -0.00143343778 2.391705205e-05 0.9987481237 -0.05002184343 0.001434036642 -0.05002182626 -0.9987470953 6.264330084e-07 0.05719526817 0
0.0560568371 0.06416041347 0.04790505185 -0.0003056025984 0.01428584866 0.5097329956 -3.878248663e-05 0.003576376236 0.2549663934 -0.9999984165 -6.612617522e-05 -0.001778403696 3.305108308e-05 0.9984470027 -0.05570979885 0.001779325716 -0.05570976941 -0.9984454194 8.505607362e-07 0.06371371895 0
0.06121841557 0.07006814973 0.05231603358 -0.0003644464035 0.01559943709 0.5096815838 -4.625984734e-05 0.003905774781 0.2549599138 -0.999997748 -8.610769848e-05 -0.002120527347 4.303374329e-05 0.9981484207 -0.06082539318 0.002121838557 -0.06082534746 -0.9981461691 1.07477288e-06 0.06958032466 0
0.06695350277 0.07663230113 0.0572171244 -0.0004358923332 0.01705841519 0.5096191617 -5.533973433e-05 0.004271721447 0.2549520456 -0.9999967785 -0.0001126167905 -0.002535787265 5.627533383e-05 0.9977860879 -0.06650503444 0.002537662839 -0.06650496289 -0.9977828673 1.34874948e-06 0.07609877545 0
0.07268858997 0.08319645253 0.06211821522 -0.0005137181862 0.01851674544 0.5095511654 -6.523181167e-05 0.004637613156 0.2549434736 -0.9999955257 -0.0001440650972 -0.002987961874 7.198114076e-05 0.9973916423 -0.07217968358 0.002990566773 -0.0721795757 -0.9973871692 1.648860091e-06 0.08261722624 0
0.07785016845 0.0891041888 0.06652919695 -0.0005892133624 0.019828643 0.5094852054 -7.482898842e-05 0.004966867713 0.2549351572 -0.9999941141 -0.0001769370562 -0.003426428813 8.839476372e-05 0.9970092508 -0.07728224915 0.003429855318 -0.07728209716 -0.9970033669 1.941352437e-06 0.08848383194 0
0.08358525564 0.0956683402 0.07143028777 -0.000679151057 0.02128558986 0.509406627 -8.626383838e-05 0.005332651211 0.2549252483 -0.9999921804 -0.0002189202581 -0.003948562497 0.0001093534292 0.9965540167 -0.08294624611 0.003953114431 -0.0829460293 -0.9965462002 2.291335276e-06 0.09500228273 0
0.08932034284 0.1022324916 0.07633137859 -0.000775457588 0.02274172846 0.5093224841 -9.851045953e-05 0.005698374869 0.2549146359 -0.9999898059 -0.0002670511445 -0.004507412933 0.0001333754729 0.99606692 -0.08860402413 0.004513346723 -0.08860372207 -0.9960567304 2.667785514e-06 0.1015207335 0
0.09505543004 0.108796643 0.0812324694 -0.0008781285666 0.02419700355 0.5092327807 -0.0001115686948 0.006064036263 0.2549033202 -0.9999869284 -0.0003217437234 -0.005102901861 0.0001606656028 0.9955480594 -0.0942551621 0.005110510052 -0.09425474989 -0.9955349943 3.07090538e-06 0.1080391843 0
0.1002170085 0.1147043793 0.08564345114 -0.0009759701889 0.02550596722 0.5091472966 -0.0001240149003 0.006393076085 0.2548925349 -0.9999838538 -0.0003769182239 -0.005670099015 0.0001881892506 0.9950540137 -0.09933516189 0.005679496016 -0.09933462505 -0.9950378765 3.456707364e-06 0.11390579 0
0.1059520957 0.1212685307 0.09054454196 -0.001090720489 0.02695944964 0.5090470395 -0.0001386147401 0.00675861169 0.2548798834 -0.9999798348 -0.0004452129909 -0.006334967212 0.0002222487702 0.9944750972 -0.1049725277 0.006346702267 -0.1049718188 -0.9944549445 3.9111612e-06 0.1204242408 0
0.1116871829 0.1278326821 0.09544563277 -0.00121182087 0.02841190861 0.5089412343 -0.0001540256908 0.007124076845 0.2548665289 -0.9999751097 -0.0005212609759 -0.007036218148 0.0002601636433 0.99386474 -0.1106020387 0.007050701646 -0.1106011164 -0.9938398667 4.393026857e-06 0.1269426916 0
0.1168487614 0.1337404183 0.09985661451 -0.001326235978 0.02971820115 0.50884127 -0.0001685888881 0.007452932701 0.2548539091 -0.9999701891 -0.0005966699399 -0.007698370281 0.0002977487563 0.9932886387 -0.1156615387 0.0077157155 -0.1156603829 -0.9932588502 4.850389797e-06 0.1328092973 0
0.1225838486 0.1403045697 0.1047577053 -0.001459386074 0.03116856398 0.508724937 -0.0001855404144 0.007818255428 0.2548392197 -0.9999639048 -0.0006885699061 -0.008468474077 0.0003435389273 0.9926188902 -0.1212749799 0.008489473642 -0.1212735117 -0.9925828249 5.385177293e-06 0.1393277481 0
0.1283189358 0.1468687211 0.1096587961 -0.001598869455 0.03261774386 0.5086030707 -0.0002033024705 0.00818349853 0.2548238278 -0.9999566778 -0.0007893992414 -0.009274662357 0.0003937609293 0.9919180774 -0.1268793626 0.009299863726 -0.1268775179 -0.9918747945 5.948294608e-06 0.1458461989 0
0.1334805143 0.1527764574 0.1140697779 -0.001729814211 0.03392094899 0.5084886645 -0.0002199811433 0.008512146521 0.2548093748 -0.999949294 -0.0008881122051 -0.01003099107 0.0004429119613 0.9912609032 -0.1319152215 0.01006048479 -0.1319129755 -0.9912102469 6.479611467e-06 0.1517128046 0
0.1392156015 0.1593406088 0.1189708687 -0.001881313089 0.03536773014 0.5083563002 -0.0002392825946 0.008877229222 0.254792649 -0.999940027 -0.001007011879 -0.01090542551 0.0005020931109 0.9905014647 -0.1375012592 0.01094030535 -0.1374984884 -0.9904415558 7.097533954e-06 0.1582312554 0
0.1449506887 0.1659047602 0.1238719595 -0.002039126032 0.03681316937 0.5082184193 -0.0002593939139 0.009242222624 0.2547752214 -0.999929548 -0.001135999365 -0.01181560419 0.000566270145 0.9897113912 -0.1430770476 0.01185657349 -0.1430736584 -0.9896410207 7.744845637e-06 0.1647497062 0
0.1501122671 0.1718124965 0.1282829412 -0.002186550271 0.03811287211 0.508089615 -0.000278186334 0.009570637521 0.2547589367 -0.9999189977 -0.00126103965 -0.01266522147 0.0006284591248 0.9889742641 -0.1480861573 0.0127123206 -0.1480821215 -0.9888933624 8.352879829e-06 0.1706163119 0
0.1558473543 0.1783766479 0.1331840321 -0.002356339898 0.03955561104 0.5079412701 -0.0002998357127 0.00993545185 0.2547401762 -0.9999059359 -0.001410279995 -0.01364296033 0.0007026540159 0.9881264299 -0.1536413511 0.01369764701 -0.1536364852 -0.9880324918 9.057130073e-06 0.1771347626 0
0.1615824415 0.1849407993 0.1380851229 -0.002532421955 0.04099684962 0.5077874275 -0.0003222942149 0.01030016694 0.2547207146 -0.9998913604 -0.001570746587 -0.01465606173 0.0007823948113 0.9872484417 -0.1591851191 0.01471921359 -0.1591792921 -0.9871399585 9.791952766e-06 0.1836532134 0
0.16674402 0.1908485355 0.1424961046 -0.002696269213 0.04229263651 0.5076442745 -0.0003431984397 0.0106283228 0.2547025998 -0.9998768561 -0.001725085297 -0.01559797144 0.000859057144 0.9864326175 -0.1641644089 0.0156695454 -0.1641575926 -0.9863096624 1.047979151e-05 0.1895198191 0
0.1724791072 0.1974126869 0.1473971954 -0.002884284562 0.04373087438 0.5074800058 -0.0003671935084 0.01099283975 0.2546818066 -0.9998590943 -0.001907947096 -0.01667786893 0.0009498463352 0.9854978314 -0.1696853618 0.01675975435 -0.1696772936 -0.9853571569 1.127390971e-05 0.1960382699 0
0.1782141944 0.2039768383 0.1522982863 -0.003078568303 0.04516745412 0.5073102604 -0.0003919968735 0.01135724737 0.254660313 -0.9998394853 -0.00210315131 -0.01779270647 0.001046715838 0.9845334235 -0.1751937283 0.01788597314 -0.175184231 -0.98437319 1.209989582e-05 0.2025567207 0
0.1839492816 0.2105409897 0.1571993771 -0.00327911159 0.04660232147 0.5071350461 -0.0004176082305 0.01172154215 0.2546381191 -0.999817907 -0.002311077256 -0.01894232906 0.001149846028 0.9835395887 -0.1806891123 0.01904811703 -0.1806779908 -0.9833578356 1.295822084e-05 0.2090751715 0
0.1891108601 0.216448726 0.1616103588 -0.003464944922 0.04789219324 0.5069726839 -0.0004413490253 0.01204930807 0.2546175463 -0.9997966988 -0.002509398779 -0.02000659867 0.001248163474 0.9826201435 -0.1856235321 0.02012469032 -0.1856107661 -0.9824172435 1.375876197e-05 0.2149417772 0
0.1948459473 0.2230128774 0.1665114496 -0.003677355963 0.04932365793 0.5067871008 -0.0004684946927 0.01241337877 0.2545940228 -0.9997710292 -0.00274253022 -0.02122186883 0.001363678325 0.9815709564 -0.1910931655 0.02135484887 -0.1910783506 -0.9813424654 1.467987074e-05 0.221460228 0
0.2005810345 0.2295770288 0.1714125404 -0.003895999296 0.05075325341 0.5065960725 -0.0004964474133 0.01277732641 0.2545698 -0.9997430155 -0.002989466126 -0.02247144782 0.00148596484 0.9804929415 -0.1965486799 0.0226206716 -0.1965315617 -0.9802365278 1.563475022e-05 0.2279786788 0
0.205742613 0.2354847651 0.1758235222 -0.004098098687 0.05203824663 0.5064194986 -0.0005222946089 0.01310477118 0.2545474017 -0.9997156866 -0.003223814747 -0.02362525982 0.001601954536 0.9794982602 -0.2014462508 0.02379032628 -0.2014268236 -0.9792146114 1.652344146e-05 0.2338452845 0
0.2114777001 0.2420489165 0.180724613 -0.004328555727 0.05346414223 0.5062181487 -0.0005517797773 0.01346847531 0.2545218509 -0.9996828413 -0.003497987771 -0.0249395443 0.001737578653 0.9783660773 -0.2068738737 0.02512364641 -0.2068515963 -0.978049702 1.754391395e-05 0.2403637353 0
0.2172127873 0.2486130679 0.1856257038 -0.004565215428 0.0548880126 0.5060113795 -0.0005820709769 0.01383204616 0.2544956015 -0.9996472475 -0.003787020602 -0.02628762236 0.001880466223 0.9772057139 -0.2122862608 0.02649234722 -0.2122608092 -0.9768538808 1.859968072e-05 0.2468821861 0
0.2223743658 0.2545208041 0.1900366855 -0.004783503538 0.05616772006 0.5058206616 -0.0006100219064 0.01415914303 0.2544713802 -0.9996127423 -0.004060150566 -0.027529632 0.002015411602 0.9761374861 -0.2171440681 0.02775434338 -0.2171154609 -0.9757512865 1.958049786e-05 0.2527487918 0
0.228109453 0.2610849555 0.1949377764 -0.005031918397 0.0575875949 0.505603622 -0.0006418435336 0.01452245088 0.2544438046 -0.9995715207 -0.004378398089 -0.02894140011 0.002172551866 0.9749242298 -0.2225264616 0.02918998164 -0.2224939903 -0.9744969827 2.070483392e-05 0.2592672426 0
0.2338445402 0.267649107 0.1998388672 -0.005286503919 0.05900528936 0.5053811911 -0.0006744700872 0.01488561517 0.2544155314 -0.9995271173 -0.004712531271 -0.03038640835 0.002337426726 0.9736834877 -0.2278925236 0.0306606947 -0.2278557832 -0.9732120344 2.186607195e-05 0.2657856933 0
0.2390061187 0.2735568432 0.2042498489 -0.005520897242 0.06027930609 0.5051764021 -0.000704521867 0.01521233736 0.2543894894 -0.999484305 -0.005027119861 -0.03171517127 0.00249255734 0.9725435259 -0.232707708 0.03201423403 -0.2326667537 -0.9720294597 2.294321041e-05 0.2716522991 0
0.2447412059 0.2801209946 0.2091509397 -0.005787174895 0.06169271107 0.5049437558 -0.0007386766703 0.01557521913 0.2543598919 -0.9994334239 -0.005392387326 -0.03322278244 0.002672559403 0.9712512542 -0.2380417162 0.03355128225 -0.2379956373 -0.970686555 2.417614692e-05 0.2781707498 0
0.2504762931 0.286685146 0.2140520305 -0.006059588867 0.06310378144 0.5047057482 -0.0007736352124 0.01593794707 0.2543295978 -0.9993788999 -0.005774534769 -0.03476304306 0.002860745141 0.9699322369 -0.24335832 0.0351230772 -0.2433066184 -0.9693132924 2.544766998e-05 0.2846892006 0
0.2562113803 0.2932492974 0.2189531214 -0.006338126773 0.06451246421 0.5044623901 -0.0008093970645 0.01630051764 0.2542986076 -0.9993205676 -0.006173897389 -0.03633574098 0.003057264044 0.9685867397 -0.2486571552 0.03672950065 -0.2485992974 -0.9679097753 2.675837706e-05 0.2912076514 0
0.2613729588 0.2991570337 0.2233641031 -0.006594036392 0.06577819366 0.5042388023 -0.0008422691992 0.01662669366 0.2542701214 -0.9992646734 -0.006548316487 -0.03777872421 0.003241377175 0.9673533756 -0.2534106157 0.0382047893 -0.2533467313 -0.9666208294 2.797201606e-05 0.2970742571 0
0.267108046 0.3057211851 0.2282651939 -0.00688417466 0.06718219456 0.5039853091 -0.0008795561241 0.01698895546 0.2542378095 -0.9991986389 -0.006981296786 -0.03941245325 0.00345413071 0.965958317 -0.2586746969 0.03987667184 -0.2586035408 -0.9651601213 2.935884738e-05 0.3035927079 0
0.2728431332 0.3122853365 0.2331662847 -0.007180399383 0.068583655 0.5037264981 -0.00091764506 0.0173510496 0.2542048026 -0.9991282992 -0.007432441065 -0.04107798035 0.003675634664 0.9645375781 -0.2639199693 0.0415828253 -0.2638408977 -0.963669471 3.078663989e-05 0.3101111587 0
0.2780047116 0.3181930728 0.2375772665 -0.007452194432 0.06984275392 0.5034890312 -0.0009526104361 0.01767678807 0.2541745024 -0.9990611661 -0.007854264783 -0.04260395327 0.003882584033 0.9632371923 -0.2686243415 0.04314755903 -0.2685375613 -0.9623023778 3.210719335e-05 0.3159777644 0
0.2837397988 0.3247572242 0.2424783573 -0.007759946109 0.07123924302 0.5032201491 -0.0009922218983 0.01803855394 0.254140176 -0.9989821558 -0.008340795598 -0.0443292636 0.004121091731 0.9617684518 -0.2738329082 0.04491847154 -0.2737368739 -0.9607551482 3.361454632e-05 0.3224962152 0
0.289474886 0.3313213756 0.2473794481 -0.00807374445 0.07263303984 0.5029459841 -0.00103263399 0.01840014189 0.2541051557 -0.9988983179 -0.008846403126 -0.0460856979 0.004368741898 0.960274873 -0.2790216522 0.04672327571 -0.2789155956 -0.9591783077 3.516469899e-05 0.329014666 0
0.2946364645 0.3372291118 0.2517904298 -0.008361321081 0.07388511203 0.5026947289 -0.001069689002 0.01872541601 0.2540730446 -0.998818583 -0.009318013527 -0.04769290121 0.004599550641 0.9589096629 -0.2836742895 0.04837646469 -0.2835585178 -0.9577339321 3.659696481e-05 0.3348812717 0
0.3003715517 0.3437932632 0.2566915207 -0.008686568594 0.07527365015 0.5024105607 -0.001111620917 0.01908665618 0.2540367072 -0.9987250591 -0.009860706165 -0.04950780566 0.004864924576 0.9573697211 -0.2888244269 0.05024528691 -0.2886970445 -0.9561011597 3.823022484e-05 0.3413997225 0
0.3061066389 0.3503574146 0.2615926115 -0.009017820689 0.07665934533 0.5021211464 -0.001154351998 0.01944770819 0.2539996772 -0.9986261614 -0.01042335036 -0.05135312624 0.005139806573 0.9558058236 -0.2939537549 0.05214760009 -0.293813855 -0.9544391266 3.990817835e-05 0.3479181733 0
0.3112682174 0.3562651509 0.2660035932 -0.009321069068 0.07790399757 0.5018561988 -0.001193492824 0.0197724912 0.2539657584 -0.9985323988 -0.01094703061 -0.05303971259 0.005395428776 0.9543780926 -0.2985520821 0.05388819852 -0.2984000987 -0.9529183822 4.145709879e-05 0.353784779 0
0.3170033046 0.3628293023 0.270904684 -0.009663688215 0.07928414893 0.5015568531 -0.001237740868 0.02013317596 0.2539274137 -0.9984227549 -0.01154838481 -0.05494212723 0.005688703146 0.9527695464 -0.3036409558 0.05585374824 -0.303474589 -0.9512011 4.32218062e-05 0.3603032298 0
0.3227383918 0.3693934537 0.2758057748 -0.01001226759 0.08066130789 0.5012522999 -0.001282786532 0.02049366233 0.2538883778 -0.998307168 -0.01217052576 -0.05687421758 0.005991823516 0.9511379661 -0.308708062 0.05785236705 -0.3085262514 -0.9494549256 4.503315055e-05 0.3668216805 0
0.328473479 0.3759576051 0.2807068657 -0.01036679137 0.08203542322 0.5009425531 -0.001328629263 0.02085394676 0.2538486511 -0.9981854368 -0.01281373197 -0.058835721 0.006304899795 0.949483678 -0.3137530773 0.05988390461 -0.3135547058 -0.9476799905 4.689181259e-05 0.3733401313 0
0.3336350575 0.3818653414 0.2851178474 -0.01069093195 0.08326948248 0.5006593521 -0.00137056875 0.02117802719 0.2538123068 -0.9980704569 -0.01341085452 -0.06062600221 0.006595268792 0.9479756769 -0.3182744388 0.06174030768 -0.3180601593 -0.9460580687 4.860563174e-05 0.379206737 0
0.3393701447 0.3884294928 0.2900189382 -0.01105670558 0.08463767427 0.5003397764 -0.001417924353 0.02153791826 0.2537712689 -0.9979364877 -0.01409483411 -0.06264265375 0.006927551634 0.9462791591 -0.3232766031 0.06383396781 -0.323043478 -0.9442288578 5.055609078e-05 0.3857251878 0
0.3451052318 0.3949936442 0.294920029 -0.01142837623 0.08600267469 0.5000150484 -0.001466075367 0.02189759718 0.2537295417 -0.9977957764 -0.01480065821 -0.06468793609 0.007270089341 0.9445609047 -0.3282557588 0.06596009673 -0.3280024968 -0.9423712791 5.255586963e-05 0.3922436386 0
0.3502668103 0.4009013804 0.2993310108 -0.01176790785 0.08722840461 0.4997184002 -0.001510090868 0.02222112393 0.2536913982 -0.9976631974 -0.01545479091 -0.06655294092 0.007587220711 0.9429961743 -0.3327170711 0.06790124144 -0.3324445288 -0.9406753195 5.439841702e-05 0.3981102443 0
0.3560018975 0.4074655318 0.3042321016 -0.01215073619 0.08858720208 0.4993839238 -0.001559751529 0.0225803901 0.2536483626 -0.9975090932 -0.01620282806 -0.06865185665 0.007949504488 0.9412375686 -0.3376516621 0.07008861846 -0.3373563515 -0.938764229 5.649383407e-05 0.4046286951 0
0.3617369847 0.4140296832 0.3091331924 -0.01253941197 0.08994266181 0.4990443385 -0.001610205863 0.02293943394 0.2536046391 -0.997347629 -0.01697344558 -0.07077859128 0.008322311845 0.939458232 -0.3425623585 0.07230799377 -0.3422427976 -0.936825182 5.864061113e-05 0.4111471459 0
0.3668985632 0.4199374195 0.3135441741 -0.01289420515 0.09115968034 0.4987343563 -0.001656292842 0.0232623804 0.2535647003 -0.9971958391 -0.01768650882 -0.07271620081 0.008666906844 0.9378393971 -0.346961309 0.07433265218 -0.3466185982 -0.9350562572 6.061721134e-05 0.4170137516 0
0.3726336504 0.4265015709 0.318445265 -0.01329394228 0.09250866033 0.4983851067 -0.001708253443 0.02362099215 0.2535196714 -0.9970197909 -0.01850069512 -0.07489499906 0.009059941364 0.9360216517 -0.3518257878 0.07661236236 -0.3514558176 -0.9330644963 6.2863536e-05 0.4235322024 0
0.3783687376 0.4330657223 0.3233463558 -0.01369947502 0.09385415762 0.4980307935 -0.001761005896 0.0239793714 0.2534739561 -0.9968357468 -0.01933815269 -0.07710077604 0.009463736943 0.934184214 -0.3566655184 0.07892358012 -0.3562665999 -0.9310452074 6.516329471e-05 0.4300506532 0
0.3835303161 0.4389734586 0.3277573375 -0.01406939456 0.09506208643 0.4977075954 -0.001809159604 0.02430171104 0.2534322261 -0.9966630863 -0.02011194968 -0.07910879753 0.009836415303 0.9325139849 -0.3609998795 0.08103047143 -0.360573401 -0.9292044367 6.727936056e-05 0.4359172589 0
0.3892654033 0.44553761 0.3326584283 -0.01448588814 0.09640082994 0.4973437058 -0.001863414788 0.0246596389 0.2533852084 -0.9964632336 -0.0209942451 -0.08136501594 0.01026085888 0.930640141 -0.3657918026 0.08340107266 -0.3653329573 -0.9271332652 6.968263668e-05 0.4424357097 0
0.3950004905 0.4521017614 0.3375595191 -0.01490812335 0.09773594726 0.4969747996 -0.001918459925 0.02501732412 0.2533375061 -0.9962547322 -0.02190045645 -0.08364734599 0.01069626883 0.9287476738 -0.3705581576 0.08580267081 -0.3700650326 -0.925035012 7.214145075e-05 0.4489541605 0
0.4007355777 0.4586659128 0.34246061 -0.01533608108 0.09906738927 0.4966008937 -0.001974294339 0.02537476321 0.2532891197 -0.9960373536 -0.02283079501 -0.08595548272 0.01114270832 0.9268369589 -0.3752986699 0.08823508521 -0.3747692708 -0.9229098349 7.465653453e-05 0.4554726112 0
0.4058971561 0.464573649 0.3468715917 -0.01572611978 0.1002625042 0.4962601176 -0.002025219578 0.02569624506 0.2532449875 -0.9958339323 -0.02368889856 -0.08805461601 0.01155398315 0.9251020266 -0.3795428116 0.09045045489 -0.3789789921 -0.9209742878 7.696882774e-05 0.461339217 0
0.4116322433 0.4711378004 0.3517726825 -0.01616489671 0.1015868285 0.495876759 -0.002082551726 0.02605320689 0.253195303 -0.9955990504 -0.02466564053 -0.09041093461 0.01202153862 0.923157687 -0.3842334806 0.09294091418 -0.3836293669 -0.9187983975 7.959285055e-05 0.4678576677 0
0.4173673305 0.4777019518 0.3566737733 -0.01660933927 0.102907336 0.4954884503 -0.002140671141 0.02640991248 0.2531449361 -0.9953546181 -0.02566709006 -0.09279215887 0.01250028431 0.9211962067 -0.3888975336 0.09546165279 -0.3882508844 -0.9165960526 8.227528162e-05 0.4743761185 0
0.422528909 0.4836096881 0.3610847551 -0.01701416509 0.1040924895 0.4951347548 -0.00219365114 0.02673072555 0.253099023 -0.9951262691 -0.02658967574 -0.09495629375 0.01294076247 0.9194165398 -0.393072211 0.09775604966 -0.3923852897 -0.9145914603 8.474002241e-05 0.4802427242 0
0.4282639962 0.4901738395 0.3659858459 -0.01746931677 0.1054056121 0.4947370896 -0.002253264393 0.02708693471 0.2530473613 -0.9948630418 -0.0276385848 -0.09738396532 0.01344089722 0.9174235633 -0.3976849856 0.1003337947 -0.3969510223 -0.9123393094 8.753547734e-05 0.486761175 0
0.4339990834 0.4967379909 0.3708869367 -0.0179300751 0.1067147782 0.4943345258 -0.002313662822 0.02744287756 0.2529950191 -0.9945895778 -0.02871273255 -0.09983561804 0.01395234879 0.9154145792 -0.4022704068 0.1029412629 -0.4014868955 -0.9100611898 9.039150111e-05 0.4932796258 0
0.4391606619 0.5026457272 0.3752979184 -0.01834953406 0.1078896053 0.4939680453 -0.002368692123 0.02776299555 0.2529473298 -0.9943345101 -0.02970118651 -0.1020623417 0.01442236063 0.9135931343 -0.4063736957 0.1053132355 -0.4055433695 -0.9079888204 9.30143284e-05 0.4991462315 0
0.4448957491 0.5092098786 0.3801990093 -0.01882088741 0.1091911225 0.4935562247 -0.00243058034 0.02811842284 0.2528936963 -0.9940409357 -0.03082375539 -0.1045586639 0.01495540887 0.9115548293 -0.4109064721 0.1079766356 -0.4100215716 -0.9056618337 9.598750003e-05 0.5056646823 0
0.4506308363 0.51577403 0.3851001001 -0.01929778632 0.1104885451 0.493139559 -0.002493251562 0.02847357378 0.2528393841 -0.9937364268 -0.03197204381 -0.1070780208 0.01549986573 0.9095016732 -0.4154111947 0.1106691839 -0.4144689312 -0.9033093804 9.902342034e-05 0.5121831331 0
0.4557924148 0.5216817662 0.3895110818 -0.01973171899 0.1116526854 0.4927604328 -0.002550324496 0.02879297047 0.2527899234 -0.9934528187 -0.03302762097 -0.1093648629 0.01599965078 0.9076414685 -0.4194412662 0.1131172319 -0.4184449078 -0.9011705449 0.0001018100233 0.5180497388 0
0.461527502 0.5282459176 0.3944121726 -0.0202190949 0.1129421983 0.4923346134 -0.002614481304 0.02914758679 0.2527343236 -0.9931268634 -0.03422519562 -0.1119270711 0.01656584519 0.9055612096 -0.4238920481 0.1158646022 -0.4228327467 -0.8987701944 0.0001049672495 0.5245681896 0
0.4672625892 0.534810069 0.3993132634 -0.02071195322 0.1142274801 0.491904004 -0.002679418864 0.02950191674 0.252678047 -0.9927892654 -0.0354489194 -0.1145113471 0.0171435046 0.9034672772 -0.4283141129 0.1186405274 -0.4271887793 -0.8963448957 0.000108189421 0.5310866404 0
0.4724241676 0.5407178053 0.4037242452 -0.02116019477 0.1153805778 0.4915123761 -0.002738529555 0.02982056599 0.25262682 -0.9924752694 -0.0365727409 -0.116855784 0.01767320993 0.9015713866 -0.4322692362 0.121163102 -0.4310817434 -0.894140947 0.0001111455324 0.5369532461 0
0.4781592548 0.5472819567 0.408625336 -0.02166340815 0.1166576925 0.4910727195 -0.002804948346 0.03017434233 0.2525692595 -0.9921148716 -0.03784651777 -0.1194810559 0.01827267992 0.8994526078 -0.4366361363 0.1239927046 -0.4353764434 -0.8916687511 0.0001144931974 0.5434716969 0
0.483894342 0.5538461081 0.4135264268 -0.02217203875 0.1179304416 0.4906283299 -0.002872145558 0.03052782231 0.2525110242 -0.9917421148 -0.0391468212 -0.1221274095 0.01888363529 0.8973213523 -0.4409736942 0.1268502506 -0.4396383935 -0.8891721413 0.0001179080186 0.5499901477 0
0.4896294292 0.5604102595 0.4184275176 -0.02268606362 0.1191987792 0.4901792273 -0.002940120367 0.0308810025 0.2524521149 -0.9913567504 -0.04047376911 -0.124794501 0.01950607464 0.8951780369 -0.4452817032 0.1297355252 -0.4438672732 -0.8866513054 0.0001213907613 0.5565085984 0
0.4947910077 0.5663179958 0.4228384994 -0.02315327895 0.1203364733 0.4897710221 -0.003001961855 0.03119860551 0.2523985209 -0.9909989368 -0.04169089562 -0.1272123281 0.02007608418 0.8932390878 -0.4491334801 0.132355801 -0.4476447267 -0.8843619964 0.0001245839365 0.5623752042 0
0.5005260949 0.5728821472 0.4277395902 -0.02367748887 0.121596303 0.4893130208 -0.0030714118 0.03155120664 0.2523383329 -0.9905889304 -0.04306877023 -0.1299178665 0.02072032362 0.8910740131 -0.4533847939 0.1352931602 -0.4518098983 -0.8817956547 0.0001281978437 0.5688936549 0
0.5062611821 0.5794462986 0.432640681 -0.02420702518 0.122851589 0.4888503659 -0.003141636904 0.03190349805 0.252277473 -0.9901655914 -0.04447359542 -0.132643134 0.02137601828 0.8888980973 -0.457605986 0.1382576129 -0.4559410838 -0.8792056418 0.0001318818996 0.5754121057 0
0.5114227606 0.5853540348 0.4370516627 -0.02468814221 0.1239774243 0.4884300148 -0.003205501548 0.03222029267 0.2522221252 -0.9897729794 -0.04576105793 -0.1351124527 0.02197592251 0.8869308538 -0.4613791492 0.140948601 -0.4596298359 -0.8768545522 0.0001352581638 0.5812787114 0
0.5171578478 0.5919181862 0.4419527536 -0.02522773273 0.1252239533 0.4879585756 -0.003277197078 0.03257198617 0.2521599907 -0.9893236163 -0.04721734043 -0.1378742359 0.02265332756 0.8847355078 -0.4655425953 0.1439639153 -0.4636955941 -0.8742201022 0.0001390776256 0.5877971622 0
0.522892935 0.5984823377 0.4468538444 -0.0257725798 0.1264658085 0.4874825437 -0.003349665247 0.03292336005 0.2520971864 -0.9888601914 -0.0487008258 -0.1406547244 0.02334212208 0.8825305528 -0.4696753864 0.1470056708 -0.4677264723 -0.8715625508 0.0001429694731 0.594315613 0
0.5280545134 0.6043900739 0.4512648261 -0.02626741624 0.1275794452 0.487050206 -0.003415546475 0.03323932044 0.2520400905 -0.9884308775 -0.05005928273 -0.1431728626 0.02397174938 0.8805382312 -0.4733685442 0.149765669 -0.4713241895 -0.869151168 0.0001465346649 0.6001822187 0
0.5337896006 0.6109542253 0.4561659169 -0.02682218296 0.1288122979 0.4865655073 -0.00348948021 0.03359007765 0.2519760157 -0.9879400399 -0.05159465322 -0.1459879084 0.024682094 0.8783161985 -0.477442614 0.1528570309 -0.4752879624 -0.8664502761 0.0001505661768 0.6067006695 0
0.5395246878 0.6175183767 0.4610670077 -0.02738213446 0.1300403485 0.4860762787 -0.003564183988 0.03394050537 0.2519112735 -0.9874344083 -0.05315742453 -0.1488206223 0.02540372507 0.8760858004 -0.4814855358 0.155974165 -0.4792159833 -0.8637268673 0.0001546723199 0.6132191203 0
0.5446862663 0.623426113 0.4654779895 -0.02789050297 0.1311414521 0.485632118 -0.00363207502 0.03425560579 0.2518524353 -0.9869664821 -0.05458739248 -0.151384873 0.02606280648 0.8740716457 -0.4850974008 0.1588014273 -0.4827203898 -0.8612567167 0.0001584322996 0.619085726 0
0.5504213535 0.6299902644 0.4703790803 -0.02846023594 0.1323602585 0.4851343434 -0.003708239353 0.03460539813 0.2517864269 -0.9864320457 -0.05620237304 -0.1542501618 0.02680575626 0.8718265412 -0.4890807023 0.1619668812 -0.48657967 -0.8584910915 0.0001626823802 0.6256041768 0
0.5561564407 0.6365544158 0.4752801711 -0.02903508 0.1335741367 0.4846321032 -0.003785171053 0.03495485116 0.2517197533 -0.9858820825 -0.05784489758 -0.1571320697 0.02755985194 0.8695743235 -0.493032403 0.1651574221 -0.4904023488 -0.8557035481 0.0001670093441 0.6321226276 0
0.5618915279 0.6431185672 0.4801812619 -0.0296150093 0.1347830437 0.48412542 -0.003862869178 0.03530396149 0.2516524152 -0.9853163397 -0.05951500269 -0.1600302324 0.02832503631 0.867315426 -0.496952356 0.16837281 -0.4941881386 -0.8528942962 0.0001714139694 0.6386410784 0
0.5670531064 0.6490263035 0.4845922437 -0.03014127203 0.1358667742 0.4836656252 -0.003933451999 0.035617865 0.2515912436 -0.984793471 -0.06104170365 -0.1626521748 0.0290231322 0.8652770657 -0.5004530522 0.1712877034 -0.4975635739 -0.8503475834 0.0001754451762 0.6445076841 0
0.5727881936 0.6555904549 0.4894933345 -0.03073079134 0.1370661181 0.4831505632 -0.004012603707 0.03596631492 0.2515226454 -0.9841970517 -0.06276428918 -0.1655802144 0.02980921147 0.8630066726 -0.504312298 0.1745496328 -0.5012784924 -0.8474976689 0.0001799995036 0.6510261349 0
0.5785232808 0.6621546063 0.4943944253 -0.03132531971 0.1382603675 0.4826311249 -0.004092519058 0.03631441238 0.2514533851 -0.9835841215 -0.06451452428 -0.1685234466 0.03060618821 0.86073086 -0.5081393982 0.1778357026 -0.5049557039 -0.8446266631 0.0001846337517 0.6575445856 0
0.5836848593 0.6680623425 0.498805407 -0.03186465594 0.1393308012 0.4821599078 -0.004165094982 0.03662739597 0.2513904856 -0.9830181596 -0.06611338546 -0.1711850409 0.03133272298 0.8586783545 -0.5115561982 0.1808136014 -0.5082327259 -0.8420249033 0.0001888735521 0.6634111914 0
0.5894199465 0.6746264939 0.5037064978 -0.03246862782 0.1405152552 0.4816322187 -0.004246458556 0.03697481449 0.2513199698 -0.9823731659 -0.06791617949 -0.174156124 0.03215019546 0.8563934441 -0.515321874 0.1841448557 -0.5118375342 -0.8391144205 0.0001936617994 0.6699296421 0
0.5951550337 0.6811906453 0.5086075887 -0.03307753076 0.1416944933 0.4811002213 -0.004328582915 0.03732187083 0.2512487945 -0.981710933 -0.06974663673 -0.1771413296 0.03297833647 0.8541043772 -0.5190550473 0.1874995288 -0.5154038412 -0.836183477 0.0001985322308 0.6764480929 0
0.6003166121 0.6870983816 0.5130185704 -0.0336297369 0.1427513139 0.4806177598 -0.004403144479 0.0376339091 0.2511841735 -0.9810999773 -0.07141769366 -0.1798397831 0.03373271259 0.8520410234 -0.5223870198 0.190538549 -0.518580377 -0.8335283162 0.0002029865324 0.6823146986 0
0.6060516993 0.693662533 0.5179196612 -0.03424793344 0.1439205284 0.4800776426 -0.004486711554 0.03798026806 0.2511117474 -0.9804043017 -0.07330068304 -0.1828508003 0.03458087852 0.84974526 -0.5260581298 0.1939370211 -0.5220727947 -0.8305591062 0.0002080152665 0.6888331494 0
0.6117867865 0.7002266844 0.522820752 -0.03487098126 0.145084408 0.4795332868 -0.004571036476 0.03832625514 0.2510386642 -0.9796906636 -0.07521129379 -0.1858748637 0.03543944635 0.8474466039 -0.5296964217 0.1973581752 -0.5255259412 -0.8275700791 0.0002131284512 0.6953516002 0
0.616948365 0.7061344207 0.5272317338 -0.03543584906 0.1461273048 0.4790397628 -0.004647576013 0.03863732281 0.2509723283 -0.9790328265 -0.07695443734 -0.1886073678 0.03622096791 0.8453757001 -0.5329427429 0.2004563945 -0.5285999813 -0.8248631969 0.0002178031691 0.7012182059 0
0.6226834522 0.7126985721 0.5321328246 -0.0360680372 0.1472809368 0.4784874212 -0.004733337997 0.03898259415 0.2508979992 -0.9782843775 -0.07891744811 -0.1916551935 0.03709901834 0.8430727475 -0.536518411 0.2039199344 -0.5319777992 -0.821837138 0.0002230789648 0.7077366567 0
0.6284185394 0.7192627235 0.5370339154 -0.03670499508 0.1484291171 0.4779309122 -0.004819854814 0.03932748397 0.2508230156 -0.9775172495 -0.08090798302 -0.1947149848 0.03798716647 0.8407681641 -0.5400609867 0.2074054054 -0.5353156008 -0.8187919182 0.0002284414795 0.7142551075 0
0.6341536266 0.7258268749 0.5419350062 -0.03734669418 0.149571806 0.4773702609 -0.004907125407 0.03967198896 0.2507473785 -0.9767311973 -0.08292599571 -0.1977863685 0.03888529873 0.8384623844 -0.5435703851 0.2109125455 -0.538613135 -0.8157277664 0.0002338914958 0.7207735583 0
0.6393152051 0.7317346111 0.546345988 -0.03792825338 0.1505954983 0.4768621537 -0.004986312537 0.03998171168 0.2506787471 -0.9760073683 -0.08476565703 -0.2005602164 0.03970205676 0.8363865181 -0.5467004106 0.2140872806 -0.5415462821 -0.8129540335 0.0002388719712 0.726640164 0
0.6450502923 0.7382987625 0.5512470788 -0.03857888151 0.1517276451 0.4762937011 -0.005075012358 0.04032547637 0.2506018708 -0.9751846885 -0.0868357263 -0.2036525961 0.04061883012 0.8340796594 -0.5501465553 0.2176348637 -0.5447666274 -0.8098545473 0.0002444903968 0.7331586148 0
0.6507853795 0.7448629139 0.5561481696 -0.03923416702 0.1528541868 0.4757211793 -0.005164462836 0.04066884664 0.2505243436 -0.9743423799 -0.08893310184 -0.2067554841 0.04154523323 0.83177286 -0.5535593039 0.2212033463 -0.5479459944 -0.8067368014 0.0002501985937 0.7396770656 0
0.655946958 0.7507706502 0.5605591513 -0.03982788183 0.15386325 0.4752024517 -0.005245609176 0.04097753993 0.2504540135 -0.9735673204 -0.09084402741 -0.209556759 0.04238712147 0.8296971477 -0.5566021695 0.224432628 -0.5507721905 -0.803915412 0.0002554133725 0.7455436713 0
0.6616820452 0.7573348016 0.5654602421 -0.0404919355 0.1549790358 0.4746222693 -0.005336482886 0.04132015174 0.2503752523 -0.9726870551 -0.09299308142 -0.2126785828 0.04333145717 0.8273916483 -0.5599512881 0.2280400789 -0.5538730424 -0.8007636201 0.0002612942916 0.7520621221 0
0.6674171323 0.763898953 0.570361333 -0.04116056105 0.1560891052 0.4740380923 -0.00542810406 0.0416623596 0.2502958429 -0.971786467 -0.09516921529 -0.2158098306 0.04428503129 0.8250874563 -0.5632668332 0.2316676467 -0.5569322309 -0.7975942525 0.000267267252 0.7585805728 0
0.6725787108 0.7698066893 0.5747723147 -0.04176620833 0.1570832489 0.4735089394 -0.005511201273 0.04196999858 0.2502238212 -0.9709583662 -0.09715081418 -0.2186357023 0.04515102837 0.8230151552 -0.5662220756 0.2349494321 -0.5596496883 -0.7947269913 0.0002727222584 0.7644471785 0
0.678313798 0.7763708407 0.5796734055 -0.04244343805 0.1581823531 0.472917245 -0.005604239539 0.0423114299 0.2501431831 -0.9700185147 -0.09937814445 -0.2217838263 0.04612175669 0.8207146257 -0.5694736927 0.2386144689 -0.5626290852 -0.7915248876 0.0002788722533 0.7709656293 0
0.6840488852 0.7829349921 0.5845744963 -0.04312515252 0.159275632 0.4723216323 -0.005698021998 0.04265244778 0.2500618997 -0.9690576589 -0.1016322736 -0.2249402912 0.0471012955 0.8184166417 -0.5726915999 0.2422988271 -0.5655661602 -0.7883059031 0.0002851165587 0.7774840801 0
0.6892104637 0.7888427283 0.5889854781 -0.0437425049 0.1602545717 0.4717822527 -0.00578306155 0.04295900769 0.2499881937 -0.9681747387 -0.1036838127 -0.2277879328 0.0479902846 0.8163509831 -0.5755588632 0.2456310402 -0.5681731597 -0.785394584 0.0002908177156 0.7833506858 0
0.6949455509 0.7954068797 0.5938865689 -0.04443265649 0.1613366808 0.4711792685 -0.005878254816 0.04329923106 0.249905687 -0.9671733382 -0.1059885531 -0.2309592183 0.04898613016 0.8140590027 -0.5787126222 0.2493513444 -0.571029217 -0.7821441941 0.0002972433661 0.7898691366 0
0.7006806381 0.8019710311 0.5987876597 -0.04512720414 0.162412858 0.4705724434 -0.00597418893 0.04363903156 0.2498225378 -0.9661502665 -0.1083197574 -0.2341377644 0.04999032219 0.8117707936 -0.5818325758 0.2530901623 -0.5738423205 -0.778877629 0.000303765595 0.7963875874 0
0.7064157253 0.8085351825 0.6036887505 -0.04582611691 0.1634830672 0.4699618046 -0.006070862721 0.04397840592 0.2497387471 -0.9651052972 -0.1106772978 -0.2373231996 0.0510026924 0.8094867751 -0.5849187006 0.2568472127 -0.5766122585 -0.7755951345 0.0003103851842 0.8029060382 0
0.7115773038 0.8144429188 0.6080997323 -0.04645884484 0.1644411232 0.4694089914 -0.006158500583 0.04428347585 0.249662788 -0.9641459169 -0.1128214907 -0.2401956748 0.05192067545 0.8074350865 -0.5876672737 0.2602439134 -0.5790681241 -0.7726274738 0.0003164267032 0.8087726439 0
0.717312391 0.8210070702 0.6130008231 -0.0471659654 0.1654998947 0.4687911814 -0.006256576504 0.04462203167 0.2495777814 -0.9630587255 -0.1152286947 -0.2433931779 0.05294810553 0.8051601788 -0.5906890761 0.2640348259 -0.5817554765 -0.7693153945 0.0003232334293 0.8152910947 0
0.7230474782 0.8275712216 0.6179019139 -0.0478773603 0.1665525951 0.468169637 -0.006355388655 0.044960152 0.2494921364 -0.9619489915 -0.117661828 -0.2465964964 0.05398320207 0.802890667 -0.5936770088 0.2678431476 -0.5843990683 -0.7659881051 0.0003301397807 0.8218095455 0
0.7282090566 0.8334789579 0.6223128956 -0.04852124411 0.1674948057 0.4676070769 -0.006444948073 0.04526408529 0.2494145109 -0.9609307762 -0.1198736919 -0.2494841504 0.05492119133 0.8008530602 -0.5963371854 0.2712852853 -0.5867407212 -0.7629807469 0.0003364413219 0.8276761512 0
0.7339441438 0.8400431093 0.6272139864 -0.04924067292 0.1685358749 0.4669785132 -0.006545155735 0.04560136932 0.2493276557 -0.9597776113 -0.1223556662 -0.2526975027 0.05597034235 0.7985949331 -0.599260756 0.2751258943 -0.5893006226 -0.7596252487 0.0003435391117 0.834194602 0
0.739679231 0.8466072607 0.6321150773 -0.04996428379 0.1695707723 0.4663462957 -0.006646096107 0.04593820853 0.249240165 -0.9586012766 -0.1248631109 -0.2559156035 0.05702661338 0.7963433894 -0.6021504559 0.2789830782 -0.5918161959 -0.7562552693 0.0003507387895 0.8407130528 0
0.7448408095 0.8525149969 0.636526059 -0.05061908268 0.170496875 0.4657741991 -0.006737567891 0.04624098086 0.249160881 -0.9575225902 -0.1271414477 -0.2588156515 0.05798318273 0.7943229637 -0.6047222337 0.2824684756 -0.5940421548 -0.7532101158 0.000357306258 0.8465796585 0
0.7505758967 0.8590791483 0.6414271498 -0.05135055078 0.1715199525 0.4651351167 -0.006839897013 0.04657696612 0.2490721859 -0.956301652 -0.129696812 -0.2620417665 0.05905243755 0.7920850421 -0.6075476077 0.2863563516 -0.596472986 -0.7498133214 0.00036470167 0.8530981093 0
0.7563109839 0.8656432997 0.6463282406 -0.05208610724 0.1725367602 0.4644924624 -0.00694295525 0.04691249729 0.2489828585 -0.9550569369 -0.1322771361 -0.2652715714 0.06012823196 0.7898548714 -0.6103391498 0.2902599577 -0.5988589494 -0.7464027838 0.0003722012291 0.85961656 0
0.7614725624 0.871551036 0.6507392224 -0.05275157663 0.1734464991 0.463911043 -0.007036330018 0.04721408448 0.2489019241 -0.9539161951 -0.1346206132 -0.2681812507 0.06110186654 0.7878546734 -0.6128226298 0.2937864098 -0.6009678063 -0.7433217616 0.0003790405214 0.8654831657 0
0.7672076496 0.8781151874 0.6556403132 -0.05349481091 0.1744513031 0.4632616806 -0.007140770104 0.04754874414 0.2488113982 -0.952625743 -0.1372478383 -0.2714170676 0.06218951021 0.785640322 -0.6155499568 0.2977190934 -0.6032680295 -0.7398858196 0.0003867401038 0.8720016165 0
0.7729427368 0.8846793388 0.660541404 -0.05424203843 0.1754497419 0.4626088292 -0.007245935637 0.0478829405 0.2487202431 -0.9513109285 -0.139899462 -0.2746555258 0.06328307983 0.7834348664 -0.6182435297 0.3016666523 -0.6055228738 -0.7364368813 0.0003945460887 0.8785200673 0
0.7781043153 0.8905870751 0.6649523857 -0.05491793007 0.176342868 0.4620183039 -0.007341203814 0.04818331849 0.2486376664 -0.9501066029 -0.1423066146 -0.2775720996 0.06427217814 0.7814578839 -0.620638915 0.3052319285 -0.6075132946 -0.7333219394 0.0004016630914 0.884386673 0
0.7838394025 0.8971512265 0.6698534766 -0.05567265339 0.1773291245 0.4613589035 -0.007447744156 0.04851662589 0.2485453189 -0.9487449603 -0.1450040255 -0.2808145882 0.0653764002 0.7792704 -0.6232684574 0.3092069318 -0.6096814547 -0.7298490235 0.0004096733808 0.8909051238 0
0.7895744897 0.9037153779 0.6747545674 -0.05643127348 0.178308923 0.4606960985 -0.007555006202 0.04884946082 0.2484523453 -0.9473583926 -0.1477252241 -0.2840586809 0.06648590226 0.7770929321 -0.625864362 0.3131959464 -0.6118037537 -0.7263638663 0.0004177923239 0.8974235746 0
