0.007108932934 0.005561886949 0.002279550435 -3.36080822e-06 0.001812765591 0.5099957044 -4.211089965e-07 0.0004515211576 0.2549994669 -0.9999999998 -9.174244119e-08 -1.957221338e-05 4.669985729e-08 0.9999749839 -0.007073293181 1.957237268e-05 -0.00707329318 -0.9999749838 3.758468886e-08 0.003031802078 0
0.01321786587 0.0103413939 0.004238440869 -1.161858476e-05 0.003370476685 0.5099851497 -1.463280026e-06 0.0008409674294 0.2549981475 -0.9999999977 -5.924673544e-07 -6.766088848e-05 2.974034138e-07 0.9999135197 -0.01315116533 6.766282878e-05 -0.01315116532 -0.9999135174 6.963435256e-08 0.005637126356 0
0.0193267988 0.01512090085 0.006197331304 -2.483953382e-05 0.004928086393 0.5099682513 -3.139147632e-06 0.001231056098 0.2549960257 -0.9999999895 -1.853432905e-06 -0.000144646899 9.282171112e-07 0.99981512 -0.0192282542 0.000144655795 -0.01922825414 -0.9998151096 6.185356662e-08 0.008242450634 0
0.02619934835 0.02049784616 0.008401083043 -4.564504249e-05 0.006680217786 0.5099416587 -5.78143997e-06 0.001670055335 0.2549926803 -0.9999999647 -4.618022754e-06 -0.0002657845648 2.310846684e-06 0.9996602869 -0.02606359236 0.0002658146366 -0.02606359205 -0.9996602515 1.158405178e-08 0.01117344045 0
0.03230828129 0.02527735311 0.01035997348 -6.941092555e-05 0.008237456486 0.5099112823 -8.801994271e-06 0.002060245358 0.2549888559 -0.9999999183 -8.660363779e-06 -0.0004041385007 4.332238653e-06 0.999483447 -0.03213781542 0.0004042080669 -0.03213781455 -0.9994833653 6.928603666e-08 0.01377876472 0
0.03841721422 0.03005686006 0.01231886391 -9.813789501e-05 0.009794447403 0.5098745649 -1.245430115e-05 0.002450374345 0.2549842316 -0.9999998367 -1.455976713e-05 -0.0005713448692 7.282025489e-06 0.9992697265 -0.0382101249 0.0005714839617 -0.03821012282 -0.9992695632 1.71635782e-07 0.016384089 0
0.04528976377 0.03543380538 0.01452261565 -0.0001363844862 0.0115457077 0.50982568 -1.73179046e-05 0.002889196127 0.2549780736 -0.9999996846 -2.38526879e-05 -0.0007939117757 1.192830341e-05 0.9989852412 -0.04503873594 0.0007941804417 -0.0450387312 -0.9989849258 3.13967439e-07 0.01931507882 0
0.0513986967 0.04021331233 0.01648150609 -0.0001756500984 0.01310201661 0.5097754926 -2.231179597e-05 0.003279199927 0.2549717506 -0.9999994768 -3.486145714e-05 -0.00102235069 1.74321367e-05 0.9986932457 -0.05110577993 0.00102279635 -0.05110577102 -0.9986927225 4.632685504e-07 0.02192040309 0
0.05750762964 0.04499281928 0.01844039652 -0.0002198729623 0.01465793145 0.5097189691 -2.793678863e-05 0.00366915161 0.2549646286 -0.9999991802 -4.882112993e-05 -0.001279559543 2.441087922e-05 0.9983644702 -0.05716978246 0.001280257879 -0.05716976683 -0.9983636505 6.33376939e-07 0.02452572737 0
0.06438017919 0.05036976459 0.02064414826 -0.0002755471547 0.01640780634 0.5096478091 -3.501914277e-05 0.004107788265 0.2549556614 -0.9999987124 -6.848767932e-05 -0.001603265692 3.424200374e-05 0.9979506866 -0.06398770135 0.001604362467 -0.06398767386 -0.9979493993 8.492408134e-07 0.02745671718 0
0.07048911212 0.05514927154 0.02260303869 -0.0003302986558 0.01796272843 0.5095778283 -4.198490334e-05 0.004497636506 0.2549468418 -0.9999981499 -8.987650801e-05 -0.001921491946 4.493339001e-05 0.9975438986 -0.07004404539 0.001923067881 -0.07004400214 -0.997542049 1.062732039e-06 0.03006204146 0
0.07736166167 0.06052621686 0.02480679043 -0.0003978127821 0.01971136773 0.5094915351 -5.057540072e-05 0.004936158643 0.254935965 -0.9999973162 -0.0001187853141 -0.002313739893 5.938270149e-05 0.9970424763 -0.07685243549 0.002316025893 -0.07685236663 -0.9970397935 1.327165249e-06 0.03299303128 0
0.08347059461 0.06530572381 0.02676568087 -0.0004630839972 0.02126508601 0.5094081086 -5.888154163e-05 0.005325904633 0.2549254483 -0.9999963633 -0.0001491741709 -0.002692791843 7.457066641e-05 0.9965579097 -0.08289949917 0.002695889474 -0.08289939849 -0.9965542744 1.583796278e-06 0.03559835555 0
0.08957952754 0.07008523076 0.0287245713 -0.0005333020898 0.0228181648 0.5093183593 -6.781831472e-05 0.00571560095 0.2549141331 -0.9999951768 -0.0001843400295 -0.003100390877 9.214482146e-05 0.9960368351 -0.08894163592 0.003104499021 -0.08894149262 -0.996032014 1.860796939e-06 0.03820367983 0
0.09645207709 0.07546217608 0.03092832304 -0.0006182073464 0.02456455596 0.5092098375 -7.862587345e-05 0.006153947921 0.2549004493 -0.9999935187 -0.0002300419439 -0.003592994635 0.0001149824656 0.9954070704 -0.09573270564 0.003598514802 -0.0957324983 -0.9954005925 2.196879354e-06 0.04113466964 0
0.10256101 0.08024168302 0.03288721348 -0.0006989289176 0.02611612093 0.5091066631 -8.890243207e-05 0.006543532979 0.2548874377 -0.9999917156 -0.0002765054693 -0.004061070979 0.0001381986399 0.9948086422 -0.101763187 0.004068126584 -0.1017629052 -0.9948003626 2.517479536e-06 0.04373999392 0
0.108669943 0.08502118997 0.03484610391 -0.0007845888553 0.02766690066 0.5089971767 -9.980932296e-05 0.006933062433 0.2548736281 -0.9999895604 -0.0003288232131 -0.004557511913 0.0001643376447 0.9941739287 -0.1077876271 0.004566402597 -0.1077872508 -0.9941634959 2.858786581e-06 0.0463453182 0
0.1155424925 0.09039813529 0.03704985565 -0.0008868553207 0.02941053126 0.5088664647 -0.0001128328865 0.007371213701 0.2548571385 -0.9999866615 -0.0003951050904 -0.005149829938 0.0001974501082 0.9934166043 -0.114557459 0.005161188805 -0.1145569478 -0.9934032755 3.267685883e-06 0.04927630801 0
0.1216514254 0.09517764224 0.03900874608 -0.0009829988021 0.03095948775 0.5087435788 -0.0001250788733 0.007760617103 0.2548416334 -0.9999836126 -0.0004610000026 -0.005706321128 0.0002303658014 0.9927050581 -0.1205678835 0.005720275642 -0.1205672222 -0.992688684 3.653483465e-06 0.05188163229 0
0.1277603584 0.09995714919 0.04096763652 -0.0010840704 0.03250751356 0.508614394 -0.0001379548413 0.008149957226 0.2548253306 -0.9999800692 -0.0005338169507 -0.006290957534 0.0002667353836 0.9919574942 -0.1265711599 0.006307928302 -0.1265703153 -0.9919375814 4.060473747e-06 0.05448695657 0
0.1346329079 0.1053340945 0.04317138826 -0.001203662038 0.03424787228 0.5084615378 -0.0001531931751 0.008587885925 0.2548060368 -0.9999754291 -0.0006244326046 -0.00698221863 0.0003119895312 0.9910735509 -0.1333158632 0.007003138983 -0.1333147659 -0.9910490045 4.543892694e-06 0.05741794638 0
0.1407418409 0.1101136015 0.04513027869 -0.001315193554 0.03579376614 0.5083189837 -0.0001674074342 0.008977082705 0.2547880396 -0.9999706643 -0.0007130844228 -0.007626400192 0.0003562575254 0.9902497706 -0.1393027816 0.007651375684 -0.139301412 -0.9902204669 4.99652346e-06 0.06002327066 0
0.1468507738 0.1148931084 0.04708916913 -0.0014316412 0.03733858424 0.508170146 -0.0001822512674 0.009366207737 0.2547692453 -0.9999652393 -0.0008097149794 -0.008298471033 0.0004045038667 0.9893902847 -0.1452814543 0.008328063187 -0.1452797609 -0.9893555652 5.470938157e-06 0.06262859494 0
0.1537233233 0.1202700537 0.04929292086 -0.001568515878 0.03907516102 0.5079951994 -0.0001997029402 0.009803884142 0.2547471491 -0.9999582744 -0.0009283791491 -0.009087775472 0.0004637433603 0.9883808199 -0.1519971702 0.009123293976 -0.1519950424 -0.9883391486 6.030953239e-06 0.06555958475 0
0.1598322563 0.1250495607 0.0512518113 -0.001695396135 0.04061753931 0.5078330273 -0.0002158841385 0.01019284735 0.2547266615 -0.9999512503 -0.001043076848 -0.009818809056 0.0005209947378 0.987445828 -0.1579571629 0.009860303498 -0.1579545781 -0.9873971469 6.552361947e-06 0.06816490903 0
0.1667048058 0.130426506 0.05345556304 -0.001843996109 0.04235125379 0.507643094 -0.0002348399611 0.01063033447 0.2547026608 -0.9999423294 -0.001182913123 -0.01067420407 0.0005907838615 0.9863517148 -0.1646509817 0.01072328729 -0.1646477923 -0.9862941324 7.165810134e-06 0.07109589884 0
0.1728137388 0.1352060129 0.05541445347 -0.00198128831 0.04389098345 0.5074676138 -0.0002523578245 0.01101912293 0.2546804808 -0.9999334214 -0.001317179551 -0.01146376062 0.0006577830668 0.9853417532 -0.1705907289 0.01152042061 -0.1705869119 -0.9852752841 7.735236664e-06 0.07370122312 0
0.1789226717 0.1399855199 0.05737334391 -0.002123472617 0.04542939459 0.5072858808 -0.0002705044482 0.01140782462 0.2546575047 -0.9999235218 -0.001461170272 -0.01228069522 0.0007296240721 0.9842967095 -0.1765204105 0.01234577427 -0.1765158709 -0.9842203662 8.327636459e-06 0.0763065474 0
0.1857952213 0.1453624652 0.05957709565 -0.002289271165 0.04715847369 0.5070739651 -0.0002916707485 0.01184500667 0.2546307053 -0.9999111118 -0.001635191397 -0.01323233638 0.0008164338924 0.9830792667 -0.183178844 0.01330796801 -0.1831733649 -0.9829905475 9.021860396e-06 0.07923753721 0
0.1919041542 0.1501419722 0.06153598608 -0.002441833951 0.04869393001 0.5068789668 -0.0003111529039 0.01223351427 0.2546060382 -0.9998988683 -0.001800932337 -0.01410708361 0.0008990992011 0.9819601195 -0.1890859996 0.0141931246 -0.1890795607 -0.981859193 9.663924271e-06 0.08184286149 0
0.1980130871 0.1549214791 0.06349487652 -0.002599272234 0.05022792398 0.5066777369 -0.0003312632571 0.01262192595 0.2545805758 -0.9998854055 -0.001977416159 -0.01500885695 0.0009871081416 0.9808063195 -0.1949820228 0.01510634235 -0.1949744943 -0.9806919725 1.032977381e-05 0.08444818577 0
0.2048856367 0.1602984244 0.06569862825 -0.002782210971 0.05195186206 0.5064439135 -0.0003546380574 0.01305877075 0.2545509801 -0.9998687054 -0.002189202892 -0.01605550701 0.001092702779 0.9794670558 -0.2016013211 0.01616718638 -0.2015923958 -0.9793360649 1.11076289e-05 0.08737917558 0
0.2109945696 0.1650779314 0.06765751869 -0.002949990622 0.05348259617 0.5062294657 -0.0003760826848 0.01344696878 0.2545238283 -0.9998523907 -0.002389583473 -0.01701430786 0.001192591753 0.9782401096 -0.2074725662 0.0171398514 -0.2074622325 -0.9780928625 1.182494599e-05 0.08998449986 0
0.2171035025 0.1698574383 0.06961640912 -0.003122627449 0.05501172468 0.5060088097 -0.000398154889 0.01383506164 0.2544958819 -0.9998346064 -0.002601708262 -0.01799974793 0.001298315944 0.9769789821 -0.2133316265 0.01814040206 -0.2133197121 -0.9768140182 1.256693273e-05 0.09258982413 0
0.2239760521 0.1752343836 0.07182016086 -0.00332264197 0.05673001812 0.5057531609 -0.000423736006 0.01427153671 0.2544634927 -0.9998127369 -0.002854780667 -0.01914004683 0.001424423496 0.9755195556 -0.219908089 0.01929927934 -0.2198941718 -0.9753328104 1.343152611e-05 0.09552081395 0
0.230084985 0.1800138906 0.0737790513 -0.00350557942 0.05825558301 0.5055193392 -0.0004471411025 0.01465939623 0.2544338587 -0.9997915456 -0.003092910345 -0.02018165562 0.001543060656 0.974186329 -0.2257401503 0.02035888705 -0.2257242353 -0.973978483 1.422693118e-05 0.09812613823 0
0.2369575346 0.1853908359 0.07598280304 -0.003717165625 0.05996975156 0.5052489 -0.0004742211629 0.01509560124 0.2543995717 -0.999765619 -0.00337603403 -0.02138479714 0.001684084118 0.972646214 -0.2322853981 0.02158404538 -0.2322669686 -0.9724125587 1.515240244e-05 0.101057128 0
0.2430664675 0.1901703428 0.07794169347 -0.003910373927 0.06149154707 0.5050019506 -0.0004989581413 0.015483214 0.2543682513 -0.9997406168 -0.003641578447 -0.02248194924 0.001816322593 0.9712416504 -0.2380889696 0.02270242515 -0.2380680478 -0.9709831124 1.600263184e-05 0.1036624523 0
0.2491754004 0.1949498498 0.07990058391 -0.004108404794 0.06301149774 0.5047488371 -0.0005243215215 0.01587070597 0.2543361379 -0.9997136755 -0.003920505985 -0.02360501353 0.001955196445 0.9698037917 -0.243878623 0.02384835922 -0.243854947 -0.9695184478 1.687916493e-05 0.1062677766 0
0.25604795 0.2003267951 0.08210433564 -0.004336945101 0.06471918064 0.5044567281 -0.0005536037679 0.01630648636 0.2542990626 -0.9996809287 -0.004250676787 -0.02489924805 0.002119545675 0.9681466293 -0.2503749422 0.02517038603 -0.2503478298 -0.967828712 1.789711828e-05 0.1091987664 0
0.2621568829 0.2051063021 0.08406322608 -0.004545200014 0.06623506057 0.5041905468 -0.0005802974394 0.01669371178 0.2542652648 -0.9996495444 -0.00455905504 -0.02607687599 0.002273010967 0.9666386276 -0.2561339436 0.02637464436 -0.2561034531 -0.9662895009 1.883065355e-05 0.1118040907 0
0.2682658159 0.209885809 0.08602211651 -0.004758254621 0.06774895423 0.5039182308 -0.000607616735 0.0170808071 0.2542306749 -0.9996159129 -0.004881763586 -0.02727993851 0.002433571092 0.9650979128 -0.2618780183 0.02760623829 -0.261843822 -0.964715351 1.979154702e-05 0.114409415 0
0.2751383654 0.2152627543 0.08822586825 -0.005003668628 0.06944965422 0.5036045545 -0.0006390984336 0.0175161301 0.2541908149 -0.9995752632 -0.005262311201 -0.02866358706 0.002622861241 0.9633257488 -0.2683218634 0.02902436462 -0.2682830778 -0.9629027866 2.090568915e-05 0.1173404048 0
0.2812472983 0.2200422613 0.09018475869 -0.005226896892 0.07095917738 0.503319235 -0.000667746306 0.01790293905 0.2541545428 -0.9995365122 -0.005616459057 -0.02992016349 0.002798974826 0.9617161699 -0.2740331627 0.03031380107 -0.2739898974 -0.9612547059 2.192588622e-05 0.1199457291 0
0.2873562313 0.2248217682 0.09214364912 -0.005454900301 0.07246657359 0.5030278122 -0.0006970189664 0.01828960857 0.2541174797 -0.9994951854 -0.00598586132 -0.03120166427 0.002982629024 0.9600744996 -0.2797285454 0.03163033849 -0.2796803974 -0.9595719864 2.297455216e-05 0.1225510533 0
0.2942287808 0.2301987135 0.09434740086 -0.005717101695 0.07415979613 0.5026926791 -0.0007306971779 0.01872444142 0.2540748386 -0.9994454776 -0.006420034381 -0.03267293319 0.003198427164 0.9581895192 -0.2861164367 0.0331437395 -0.2860622808 -0.9576376476 2.418878725e-05 0.1254820431 0
0.3003377138 0.2349782205 0.0963062913 -0.005955224811 0.0756625238 0.5023883218 -0.0007612965765 0.01911080475 0.2540360957 -0.9993983114 -0.00682281395 -0.03400682958 0.003398566837 0.9564803471 -0.2917769617 0.03451760409 -0.2917169773 -0.9558816559 2.529917342e-05 0.1280873674 0
0.3072102633 0.2403551658 0.09851004303 -0.006228789328 0.07735038069 0.5020386649 -0.0007964666333 0.01954528556 0.2539915657 -0.999341748 -0.007295264096 -0.03553659849 0.003633259529 0.9545199692 -0.2981248527 0.03609529243 -0.2980577251 -0.9538651489 2.658379618e-05 0.1310183572 0
0.3133191962 0.2451346728 0.1004689335 -0.006476993445 0.07884823818 0.5017214225 -0.0008283914492 0.01993132924 0.2539511447 -0.9992882289 -0.007732708299 -0.03692209173 0.00385050036 0.9527442681 -0.3037491287 0.03752611467 -0.3036750974 -0.9520363575 2.775760757e-05 0.1336236815 0
0.3194281292 0.2499141797 0.1024278239 -0.006729927702 0.08034373429 0.5013981343 -0.0008609395174 0.02031721783 0.2539099345 -0.999231537 -0.008186903392 -0.03833158076 0.004075997494 0.9509376064 -0.3093558711 0.03898360829 -0.309274382 -0.9501734762 2.896186959e-05 0.1362290058 0
0.3263006787 0.255291125 0.1046315756 -0.0070201214 0.0820232896 0.5010272228 -0.000898300688 0.02075115341 0.2538626303 -0.9991638168 -0.008718239729 -0.03994570572 0.004339714082 0.9488683876 -0.315642123 0.04065506108 -0.3155515414 -0.9480371252 3.035355157e-05 0.1391599956 0
0.3324096117 0.260070632 0.1065904661 -0.007283076777 0.08351362061 0.5006911261 -0.0009321721271 0.02113670255 0.2538197446 -0.9990999824 -0.009208945411 -0.04140556183 0.004583189826 0.9469966943 -0.3212106091 0.04216894115 -0.3211112834 -0.9461021742 3.162383096e-05 0.1417653199 0
0.3385185446 0.2648501389 0.1085493565 -0.007550733292 0.08500145192 0.5003490206 -0.0009666658265 0.0215220873 0.253776071 -0.9990325941 -0.009717257021 -0.04288881985 0.004835326703 0.9450947633 -0.3267606279 0.04370921605 -0.3266518992 -0.944133487 3.292580345e-05 0.1443706442 0
0.3453910942 0.2702270842 0.1107531083 -0.007857454206 0.08667221939 0.4999569848 -0.001006214623 0.02195544491 0.253725997 -0.9989523776 -0.01031048535 -0.04458521309 0.005129490308 0.9429192453 -0.3329819591 0.0454734611 -0.3328618191 -0.9418785345 3.442891232e-05 0.147301634 0
0.3515000271 0.2750065912 0.1127119987 -0.008135068463 0.0881545927 0.4996021518 -0.001042029523 0.02234047042 0.2536806506 -0.9988770172 -0.01085709467 -0.04611754444 0.005400448384 0.9409538576 -0.3384917622 0.04706951845 -0.3383606972 -0.9398385494 3.579958854e-05 0.1499069583 0
0.35760896 0.2797860981 0.1146708891 -0.008417353214 0.08963432898 0.4992413492 -0.001078465634 0.02272532223 0.2536345177 -0.9987977037 -0.01142213658 -0.04767265413 0.00568045561 0.9389589911 -0.3439821876 0.04869167875 -0.3438394215 -0.9377652012 3.720324298e-05 0.1525122825 0
0.3644815096 0.2851630435 0.1168746409 -0.008740493615 0.09129582577 0.4988283269 -0.001120198365 0.02315806919 0.2535816786 -0.9987035866 -0.01208016294 -0.04944912356 0.006006430247 0.9366798419 -0.3501353976 0.05054768989 -0.3499784901 -0.9353929589 3.88222962e-05 0.1554432723 0
0.3705904425 0.2899425504 0.1188335313 -0.009032669259 0.09276981328 0.4984548822 -0.001157953383 0.02354254201 0.2535338757 -0.9986154331 -0.01268522793 -0.05105195072 0.006306064682 0.9346231685 -0.3555836982 0.0522249962 -0.3554133057 -0.9332491264 4.02974277e-05 0.1580485966 0
0.3766993754 0.2947220574 0.1207924217 -0.009329483127 0.09424102745 0.4980755092 -0.001196328503 0.02392683185 0.2534852878 -0.9985229093 -0.01330952244 -0.05267690387 0.006615118676 0.9325378102 -0.361011735 0.05392809837 -0.3608269519 -0.9310723232 4.180686181e-05 0.1606539209 0
0.383571925 0.3000990027 0.1229961735 -0.009668929568 0.09589277434 0.4976416453 -0.001240241273 0.02435893549 0.2534296885 -0.9984134252 -0.01403514837 -0.05453115625 0.006974206461 0.9301578198 -0.3670937084 0.05587479607 -0.3668915983 -0.9285841708 4.354651504e-05 0.1635849107 0
0.3896808579 0.3048785096 0.1249550639 -0.009975564038 0.09735795121 0.49724972 -0.001279932884 0.02474282662 0.2533794337 -0.9983111568 -0.01470112678 -0.05620241086 0.007303655439 0.9280123771 -0.3724777639 0.05763237574 -0.3722591904 -0.9263377378 4.513027968e-05 0.166190235 0
0.3965534075 0.3102554549 0.1271588156 -0.01032603089 0.0990027964 0.4968017704 -0.001325325751 0.02517447419 0.2533219604 -0.9981903549 -0.01547426518 -0.05810819568 0.007685971083 0.9255654689 -0.3785095622 0.05964009672 -0.3782712122 -0.9237715891 4.695466553e-05 0.1691212248 0
0.4026623404 0.3150349619 0.1291177061 -0.01064243621 0.1004617411 0.4963973565 -0.001366332141 0.02555795322 0.253270041 -0.9980777067 -0.01618301857 -0.05982475556 0.008036314474 0.9233611533 -0.3838484052 0.06145168116 -0.3835913065 -0.9214561305 4.86147435e-05 0.1717265491 0
0.4087712733 0.3198144688 0.1310765965 -0.01096342192 0.1019176859 0.4959870882 -0.001407956641 0.02594123371 0.253217339 -0.9979599493 -0.01691226982 -0.06156228335 0.008396657974 0.9211295612 -0.389165553 0.06328851189 -0.388888553 -0.9191084036 5.031142896e-05 0.1743318734 0
0.4156438229 0.3251914142 0.1332803482 -0.01132999147 0.1035519848 0.4955185569 -0.001455522544 0.02637218323 0.2531571144 -0.9978211837 -0.01775746654 -0.06354177999 0.008814127595 0.9185867628 -0.3951210832 0.0653849874 -0.3948202523 -0.9164288144 5.226451721e-05 0.1772628632 0
0.4217527558 0.3299709211 0.1352392387 -0.01166067202 0.105001413 0.4950958971 -0.0014984592 0.02675503196 0.253102751 -0.9976920833 -0.01853103905 -0.06532310065 0.009196065484 0.9162981365 -0.4003912555 0.06727510138 -0.4000679013 -0.9140129841 5.404048974e-05 0.1798681874 0
0.4278616888 0.3347504281 0.1371981291 -0.01199589639 0.106447708 0.4946674296 -0.001542012704 0.02713767289 0.2530476066 -0.9975574129 -0.0193258204 -0.06712466455 0.009588323009 0.9139831144 -0.4056389166 0.06919011481 -0.4052917212 -0.9115653288 5.585448451e-05 0.1824735117 0
0.4347342383 0.3401273734 0.1394018809 -0.01237844012 0.108070992 0.4941784809 -0.001591747202 0.02756789188 0.2529846363 -0.9973990631 -0.02024557478 -0.06917532544 0.01004206985 0.9113475224 -0.4115153098 0.07137412544 -0.4111396479 -0.9087738575 5.79412486e-05 0.1854045015 0
0.4408431712 0.3449068803 0.1413607713 -0.01272327997 0.1095104884 0.4937377234 -0.001636610117 0.02795008144 0.2529278341 -0.9972520541 -0.02108615203 -0.07101911534 0.01045657937 0.9089773704 -0.4167142907 0.0733416696 -0.4163117994 -0.9062590607 5.98375679e-05 0.1880098258 0
0.4469521042 0.3496863873 0.1433196617 -0.0130726255 0.1109467196 0.493291207 -0.001682088559 0.02833205398 0.2528702525 -0.9970989992 -0.0219486148 -0.07288239871 0.01088170777 0.9065817336 -0.4218899724 0.07533375186 -0.4214591542 -0.9037129008 6.17733529e-05 0.1906151501 0
0.4538246537 0.3550633326 0.1455234135 -0.01347100933 0.1125585243 0.4927820122 -0.001733987011 0.02876151001 0.2528045424 -0.9969193923 -0.02294530567 -0.07500158805 0.01137278378 0.9038565506 -0.427684458 0.07760402729 -0.4272199069 -0.9008111712 6.399886716e-05 0.1935461399 0
0.4599335867 0.3598428395 0.1474823039 -0.01382988765 0.1139876776 0.4923233114 -0.001780771997 0.0291430116 0.2527453066 -0.9967529724 -0.02385496494 -0.07690547835 0.01182077799 0.9014077507 -0.4328098153 0.07964785722 -0.4323135525 -0.8981988706 6.60200725e-05 0.1961514642 0
0.4668061362 0.3652197848 0.1496860556 -0.01423896336 0.1155914136 0.4918004507 -0.001834139183 0.02957193034 0.2526777369 -0.9965579297 -0.02490526805 -0.07906971823 0.01233780126 0.898623527 -0.4385470731 0.08197604148 -0.4380131097 -0.8952231254 6.83428828e-05 0.199082454 0
0.4729150691 0.3699992918 0.1516449461 -0.01460731634 0.1170133005 0.4913296399 -0.001882228694 0.0299529477 0.2526168494 -0.9963774302 -0.02586303272 -0.08101308587 0.01280905295 0.8961229356 -0.4436210235 0.08407106937 -0.4430516763 -0.8925453868 7.04516444e-05 0.2016877783 0
0.4790240021 0.3747787987 0.1536038365 -0.01498010744 0.1184317033 0.4908531565 -0.001930931384 0.0303337326 0.2525551856 -0.9961900541 -0.0268437395 -0.08297463384 0.01329137881 0.893598454 -0.4486704161 0.08618999629 -0.4480638534 -0.8898371019 7.26023547e-05 0.2042931026 0
0.4858965516 0.3801557441 0.1558075882 -0.01540478573 0.1200231902 0.4903103534 -0.001986454271 0.03076183409 0.2524848865 -0.9959708338 -0.02797469341 -0.08520278595 0.01384733177 0.890730245 -0.4543213423 0.08860219866 -0.4536706374 -0.8867539699 7.507264394e-05 0.2072240924 0
0.4920054846 0.384935251 0.1577664787 -0.01578696328 0.1214340521 0.4898218726 -0.002036458415 0.03114211525 0.2524215749 -0.9957683039 -0.0290047766 -0.08720210982 0.01435345234 0.8881560372 -0.4593177897 0.09077149018 -0.4586257477 -0.8839813121 7.731409336e-05 0.2098294166 0
0.4981144175 0.389714758 0.1597253691 -0.01617353668 0.1228413011 0.4893277734 -0.002087074263 0.0315221548 0.2523574887 -0.9955583855 -0.03005838133 -0.08921880241 0.01487088886 0.8855589243 -0.4642889707 0.09296428161 -0.463553541 -0.8811786181 7.959900037e-05 0.2124347409 0
0.504986967 0.3950917033 0.1619291209 -0.01661366893 0.1244200871 0.4887652178 -0.00214474767 0.03194940682 0.2522844669 -0.9953131889 -0.03127202296 -0.09150801358 0.01546662139 0.8826101925 -0.469851074 0.09545909906 -0.4690642906 -0.8779898927 8.222207296e-05 0.2153657307 0
0.5110959 0.3998712102 0.1638880113 -0.01700953734 0.1258195236 0.488259238 -0.002196661779 0.03232892318 0.252218737 -0.9950870167 -0.03237619509 -0.09356073486 0.01600834258 0.8799654733 -0.4747678367 0.09770139244 -0.4739330626 -0.8751239284 8.460094786e-05 0.217971055 0
0.5172048329 0.4046507172 0.1658469017 -0.01740975782 0.1272152202 0.4877476957 -0.002249186062 0.03270818879 0.2521522346 -0.9948529327 -0.03350443005 -0.0956299923 0.01656159896 0.8772988587 -0.4796586556 0.09996677298 -0.4787736058 -0.8722284555 8.702480988e-05 0.2205763793 0
0.5240773825 0.4100276625 0.1680506535 -0.01786519009 0.1287808583 0.4871655844 -0.002309004605 0.03313455922 0.2520764967 -0.9945799196 -0.03480266227 -0.09797733573 0.0171978818 0.8742731543 -0.4851295544 0.1025427544 -0.4841851158 -0.8689359914 8.980604289e-05 0.2235073691 0
0.5301863154 0.4148071694 0.1700095439 -0.01827461095 0.1301684737 0.4866422826 -0.002362823835 0.03351328225 0.2520083548 -0.9943284576 -0.0359825736 -0.1000808314 0.01777586439 0.8715611048 -0.489964549 0.1048567454 -0.4889647176 -0.8659783876 9.232714352e-05 0.2261126934 0
0.5362952483 0.4195866764 0.1719684343 -0.0186883386 0.1315522236 0.4861134761 -0.002417251651 0.03389174542 0.2519394423 -0.9940685495 -0.03718705 -0.1022000109 0.01836557839 0.8688281932 -0.4947729543 0.1071933974 -0.4937151953 -0.86299182 9.489477969e-05 0.2287180177 0
0.5431677979 0.4249636217 0.1741721861 -0.01915891172 0.1331042719 0.4855120124 -0.002479209747 0.03431720221 0.2518609955 -0.9937658415 -0.0385716384 -0.1046024904 0.01904310126 0.8657291486 -0.500150379 0.1098490445 -0.499024318 -0.8595975322 9.783961651e-05 0.2316490075 0
0.5492767308 0.4297431287 0.1761310765 -0.01958174196 0.1344796751 0.4849715714 -0.002534929075 0.03469510347 0.2517904478 -0.9934874093 -0.03982881624 -0.106754077 0.01965793351 0.8629530213 -0.5049016227 0.1122333873 -0.5037119697 -0.8565500093 0.0001005078003 0.2342543318 0
0.5561492804 0.435120074 0.1783348282 -0.02006251729 0.1360222326 0.4843570678 -0.002598338777 0.03511992075 0.2517101631 -0.993163418 -0.04127306387 -0.1091923042 0.0203638514 0.8598062197 -0.5102142472 0.1149423275 -0.5089497015 -0.8530876055 0.0001035670282 0.2371853216 0
0.5622582133 0.4398995809 0.1802937187 -0.02049438185 0.1373891105 0.4838050796 -0.002655347213 0.03549724699 0.2516379832 -0.9928656708 -0.04258359137 -0.1113750309 0.0210040397 0.8569884118 -0.5149074601 0.1173737198 -0.5135732663 -0.8499799469 0.0001063380301 0.2397906458 0
0.5683671462 0.4446790879 0.1822526091 -0.02093047381 0.138751915 0.4832476881 -0.002712961439 0.03587429811 0.2515650364 -0.9925585579 -0.04391943747 -0.1135719686 0.02165623581 0.8541515261 -0.5195730728 0.1198270274 -0.5181662412 -0.8468442773 0.0001091582069 0.2423959701 0
0.5752396958 0.4500560332 0.1844563609 -0.02142611093 0.1402801525 0.4826141888 -0.002778500868 0.03629814814 0.2514820552 -0.9922016396 -0.04545269025 -0.1160601539 0.02240436538 0.8509376571 -0.52478867 0.1226130123 -0.5232964329 -0.8432833999 0.0001123903173 0.2453269599 0
0.5813486287 0.4548355401 0.1864152513 -0.02187113422 0.1416341717 0.4820453818 -0.002837400565 0.036674605 0.2514074808 -0.991874033 -0.04684276625 -0.1182863383 0.02308222419 0.8480613834 -0.529395033 0.1251124034 -0.5278234983 -0.8400888293 0.0001153166783 0.2479322842 0
0.5874575617 0.4596150471 0.1883741417 -0.02232033572 0.142983996 0.4814712343 -0.002896904313 0.0370507777 0.2513321416 -0.9915365022 -0.0482585544 -0.1205258345 0.02377222295 0.8451671202 -0.5339732393 0.127633249 -0.5323191249 -0.8368668371 0.0001182938057 0.2505376085 0
0.5943301112 0.4649919924 0.1905778935 -0.02283066172 0.1444974862 0.4808189604 -0.002964567352 0.03747362872 0.2512464717 -0.9911446927 -0.0498821958 -0.1230608172 0.02456302865 0.8418900097 -0.5390898525 0.1304946582 -0.5373387926 -0.8332095572 0.0001217043932 0.2534685983 0
0.6004390441 0.4697714994 0.1925367839 -0.02328868852 0.1458382686 0.4802335329 -0.003025352814 0.03784918798 0.2511695096 -0.9907854728 -0.05135300579 -0.1253276331 0.02527894476 0.8389586903 -0.5436076627 0.1330605944 -0.5417667254 -0.8299299329 0.0001247911012 0.2560739226 0
0.6065479771 0.4745510063 0.1944956743 -0.02375084293 0.1471747362 0.4796428297 -0.003086740532 0.03822445406 0.2510917851 -0.9904157626 -0.0528498796 -0.1276068468 0.02600710828 0.8360104874 -0.5480967937 0.1356475117 -0.546162389 -0.8266234919 0.0001279301803 0.2586792469 0
0.6134205266 0.4799279516 0.1966994261 -0.02427567989 0.1486730575 0.4789720086 -0.003156520867 0.03864627439 0.2510034344 -0.9899870722 -0.05456514584 -0.1301854132 0.02684096786 0.832674023 -0.5531125869 0.1385826807 -0.551068613 -0.8228719368 0.0001315248873 0.2616102367 0
0.6195294596 0.4847074586 0.1986583165 -0.02474655055 0.1500002303 0.4783701647 -0.003219186423 0.03902090793 0.250924092 -0.9895944632 -0.05611774373 -0.132489989 0.02759525059 0.8296911311 -0.5575402489 0.1412136697 -0.5553948378 -0.8195091663 0.0001347769711 0.2642155609 0
0.6264020091 0.4900844039 0.2008620682 -0.02528115083 0.1514879989 0.4776868647 -0.003290402813 0.03944200935 0.2508339231 -0.9891395456 -0.05789594481 -0.1350963318 0.02845855776 0.8263165555 -0.5624864981 0.1441980228 -0.5602222859 -0.8156947472 0.0001385001245 0.2671465508 0
0.632510942 0.4948639108 0.2028209587 -0.02576066191 0.1528057067 0.477073977 -0.003354343503 0.03981599738 0.2507529662 -0.9887232081 -0.05950469243 -0.1374249225 0.02923906645 0.8233006029 -0.5668520039 0.1468723757 -0.5644779083 -0.8122765516 0.0001418675559 0.269751875 0
0.638619875 0.4996434178 0.2047798491 -0.02624421245 0.1541189021 0.4764559262 -0.003418883306 0.04018967717 0.2506712507 -0.9882954156 -0.06113999867 -0.1397643448 0.03003194659 0.8202696596 -0.5711880319 0.149566887 -0.5686999087 -0.8088325909 0.0001452900823 0.2723571993 0
0.6454924245 0.5050203631 0.2069836008 -0.02679301376 0.1555908069 0.4757544751 -0.003492205941 0.04060969492 0.2505784151 -0.9878002259 -0.06301156399 -0.1424087655 0.03093874373 0.8168423843 -0.5760306531 0.1526221079 -0.5734091575 -0.8049275932 0.0001492069308 0.2752881891 0
0.6516013575 0.5097998701 0.2089424913 -0.02728509075 0.1568942904 0.4751255263 -0.003558016802 0.0409827102 0.2504950903 -0.9873474755 -0.06470356875 -0.1447701999 0.03175796145 0.8137807994 -0.5803035778 0.1553589215 -0.577558879 -0.8014295645 0.0001527482701 0.2778935134 0
0.6577102904 0.514579377 0.2109013817 -0.02778115289 0.1581931462 0.4744914838 -0.003624424829 0.04135540831 0.2504110094 -0.9868826894 -0.06642236863 -0.1471415177 0.03258959038 0.8107053686 -0.5845465969 0.1581153879 -0.5816741995 -0.7979064167 0.0001563463406 0.2804988377 0
0.6645828399 0.5199563223 0.2131051335 -0.02834396429 0.1596487818 0.4737721257 -0.003699846869 0.04177431102 0.2503155157 -0.9863451863 -0.06838812956 -0.1498206834 0.03354001717 0.807229418 -0.589284086 0.1612396995 -0.5862625099 -0.7939131116 0.0001604626358 0.2834298275 0
0.6706917729 0.5247358293 0.2150640239 -0.02884843604 0.1609376826 0.4731273345 -0.00376752176 0.04214632569 0.2502298308 -0.9858542043 -0.07016408402 -0.1522119876 0.03439804081 0.8041257906 -0.5934631308 0.1640373818 -0.5903039168 -0.7903372844 0.0001641830065 0.2860351518 0
0.6768007058 0.5295153362 0.2170229143 -0.02935683729 0.162221842 0.4724775208 -0.003835791816 0.0425180143 0.2501433923 -0.9853506024 -0.07196702622 -0.1546122168 0.03526848964 0.8010094735 -0.5976118783 0.1668542001 -0.5943101636 -0.7867369988 0.0001679617542 0.2886404761 0
0.6836732554 0.5348922815 0.2192266661 -0.02993346315 0.1636608094 0.4717405057 -0.003913306225 0.0429357707 0.2500452494 -0.9847687318 -0.07402765994 -0.1573227588 0.03626259521 0.7974889118 -0.6022428578 0.1700457852 -0.5987748669 -0.7826577092 0.0001722832825 0.2915714659 0
0.6897821883 0.5396717885 0.2211855565 -0.03045015435 0.1649347745 0.4710800962 -0.003982838833 0.043306757 0.2499572124 -0.9842376894 -0.07588811913 -0.1597409284 0.03715944094 0.7943468655 -0.606326837 0.172902709 -0.6027056086 -0.7790061633 0.000176187838 0.2941767901 0
0.6966547379 0.5450487338 0.2233893082 -0.03103605991 0.1663621828 0.4703312202 -0.004061771933 0.04372371611 0.2498572732 -0.983624471 -0.07801357383 -0.1624708661 0.03818322961 0.7907983073 -0.6108846685 0.1761389821 -0.6070847713 -0.7748697565 0.0001806522465 0.29710778 0
0.7027636708 0.5498282407 0.2253481987 -0.03156095811 0.1676257931 0.4696603209 -0.004132564093 0.04409398733 0.2497676414 -0.9830651392 -0.07993174259 -0.1649055747 0.03910644211 0.7876322206 -0.6149033837 0.179035243 -0.6109389508 -0.7711679325 0.0001846850055 0.2997131042 0
0.7088726037 0.5546077477 0.2273070891 -0.03208968936 0.1688844756 0.4689845224 -0.004203947932 0.04446391761 0.2496772605 -0.9824922007 -0.08187712296 -0.1673475795 0.04004204478 0.7844554072 -0.6188912253 0.1819497466 -0.6147567412 -0.7674427919 0.0001887789269 0.3023184285 0
0.7157451533 0.559984693 0.2295108408 -0.03268907031 0.1702945597 0.4682184229 -0.00428496114 0.04487967817 0.2495746876 -0.9818311459 -0.08409823735 -0.1701031669 0.04110938906 0.7808691391 -0.6233405215 0.1852501526 -0.6190079758 -0.7632244145 0.0001934583606 0.3052494183 0
0.7218540862 0.5647642 0.2314697313 -0.03322588425 0.1715426548 0.4675322934 -0.004357600022 0.04524887463 0.2494827176 -0.9812286675 -0.0861015308 -0.1725596375 0.04207126752 0.7776707819 -0.6272624358 0.1882028442 -0.6227476867 -0.7594504646 0.0001976840235 0.3078547426 0
0.7279630191 0.5695437069 0.2334286217 -0.03376647212 0.1727857136 0.4668413404 -0.004430828432 0.04561772137 0.2493900012 -0.9806119935 -0.08813210922 -0.1750224256 0.04304548023 0.7744628762 -0.6311531827 0.1911732324 -0.626450305 -0.755653896 0.0002019725175 0.3104600669 0
0.7348355687 0.5749206522 0.2356323735 -0.03437912059 0.174178092 0.4660582829 -0.004513914191 0.04603225242 0.2492848041 -0.9799010327 -0.09044914126 -0.1778002222 0.04415618348 0.7708430395 -0.6354929109 0.1945358518 -0.6305711389 -0.7513560016 0.0002068728432 0.3133910567 0
0.7409445016 0.5797001592 0.2375912639 -0.03492766417 0.1754103348 0.4653571613 -0.004588393018 0.04640034667 0.2491905045 -0.9792535678 -0.09253774099 -0.1802753907 0.04515652523 0.7676160991 -0.6393171456 0.1975432566 -0.634194206 -0.7475121209 0.0002112966329 0.315996381 0
0.7470534346 0.5844796661 0.2395501543 -0.03547992129 0.1766374348 0.4646512931 -0.004663459169 0.04676808243 0.2490954613 -0.9785913189 -0.09465365414 -0.1827558929 0.04616911898 0.764380793 -0.6431099562 0.2005678017 -0.6377794988 -0.7436463325 0.0002157849299 0.3186017053 0
0.7539259841 0.5898566114 0.2417539061 -0.03610562501 0.1780117329 0.4638515491 -0.00474860973 0.04718135318 0.2489876499 -0.9778283832 -0.09706670379 -0.1855524402 0.04732289215 0.7607315466 -0.647339214 0.2039906786 -0.6417675351 -0.739271421 0.0002209120402 0.3215326951 0
0.760034917 0.5946361184 0.2437127965 -0.03666570823 0.1792277926 0.463135678 -0.004824921555 0.04754831787 0.2488910294 -0.977134094 -0.09924065082 -0.1880432281 0.04836141223 0.7574797235 -0.6510650062 0.2070510474 -0.645271851 -0.7353598453 0.000225539202 0.3241380193 0
0.76614385 0.5994156253 0.2456716869 -0.03722944338 0.1804386049 0.4624151392 -0.004901818445 0.04791491535 0.2487936681 -0.9764244336 -0.1014418946 -0.1905383622 0.04941207577 0.754220721 -0.6547591548 0.2101279901 -0.6487377328 -0.7314270857 0.000230232554 0.3267433436 0
0.7730163995 0.6047925707 0.2478754387 -0.03786798575 0.1817944551 0.4615989855 -0.004989025865 0.04832689512 0.2486832524 -0.975607459 -0.1039509035 -0.1933501892 0.05060853716 0.7505462348 -0.6588771702 0.2136091336 -0.652590652 -0.7269777018 0.0002355923654 0.3296743334 0
0.7791253325 0.6095720776 0.2498343291 -0.0384394148 0.182994007 0.4608686127 -0.005067163571 0.04869270303 0.2485843201 -0.9748645129 -0.1062100979 -0.1958535081 0.05168486833 0.7472732379 -0.6625038734 0.2167206864 -0.6559741786 -0.7230007062 0.0002404281653 0.3322796577 0
0.785997882 0.6149490229 0.2520380808 -0.03908656159 0.1843371064 0.4600414612 -0.005155765023 0.04910378747 0.2484721393 -0.9740096169 -0.1087842446 -0.1986737383 0.05291009243 0.7435839734 -0.6665458699 0.2202402966 -0.6597339332 -0.7185021566 0.0002459496043 0.3352106475 0
0.7921068149 0.6197285299 0.2539969713 -0.0396655932 0.1855252509 0.4593013712 -0.005235140175 0.04946879328 0.2483716402 -0.9732325416 -0.1111012782 -0.2011838111 0.05401188333 0.7402986984 -0.6701048826 0.2233856225 -0.6630341946 -0.7144819945 0.0002509302958 0.3378159718 0
0.7982157479 0.6245080368 0.2559558617 -0.04024817054 0.1867079767 0.4585567492 -0.005315096475 0.0498334173 0.2482704052 -0.9724391147 -0.1134454791 -0.2036965671 0.05512557598 0.7370082391 -0.6736319665 0.2265465494 -0.6662949638 -0.7104418922 0.0002559800188 0.3404212961 0
0.8050882974 0.6298849821 0.2581596135 -0.04090778266 0.1880320267 0.4577136652 -0.005405741013 0.05024315953 0.2481556375 -0.971526733 -0.1161151296 -0.2065262301 0.05639263861 0.7333007486 -0.6775617186 0.2301210059 -0.6699158819 -0.705873242 0.0002617441476 0.3433522859 0
0.8111972304 0.6346644891 0.2601185039 -0.04149782614 0.1892031324 0.4569595003 -0.005486929707 0.05060696309 0.2480528421 -0.9706979432 -0.1185169253 -0.2090436353 0.05753143833 0.7300005336 -0.6810208181 0.2333144588 -0.6730920884 -0.7017915673 0.0002669423663 0.3459576102 0
0.8173061633 0.639443996 0.2620773943 -0.04209135059 0.1903687205 0.4562008863 -0.005568697144 0.05097037624 0.2479493139 -0.9698522234 -0.1209457507 -0.2115627335 0.0586819607 0.7266963204 -0.6844478691 0.2365229213 -0.6762282036 -0.6976907082 0.0002722113153 0.3485629344 0
0.8241787128 0.6448209414 0.2642811461 -0.04276320033 0.1916733729 0.4553421607 -0.005661376316 0.05137874595 0.24783197 -0.9688803228 -0.1237104215 -0.2143983481 0.05999023228 0.7229747732 -0.6882649558 0.2401501449 -0.6797081792 -0.6930546147 0.000278224106 0.3514939243 0
0.8302876458 0.6496004483 0.2662400365 -0.04336405208 0.1928271326 0.4545741812 -0.005744370982 0.05174132036 0.2477268879 -0.9679980164 -0.1261965018 -0.2169199925 0.06116545334 0.7196633215 -0.6916238074 0.2433898673 -0.6827584834 -0.6889138014 0.0002836451661 0.3540992485 0
0.8363965787 0.6543799553 0.2681989269 -0.04396831889 0.1939752777 0.4538018368 -0.005827941931 0.05210349579 0.2476210761 -0.9670982069 -0.1287094292 -0.2194423411 0.06235219181 0.7163490543 -0.6949505281 0.2466439993 -0.6857681206 -0.6847545709 0.0002891386604 0.3567045728 0
0.8432691283 0.6597569006 0.2704026787 -0.04465217457 0.1952601918 0.4529277658 -0.005922647095 0.05251046282 0.2475011669 -0.9660647727 -0.1315684788 -0.2222804316 0.06370095078 0.7126176084 -0.6986546594 0.2503218803 -0.6891051296 -0.6800537307 0.0002954061031 0.3596355626 0
0.8493780612 0.6645364075 0.2723615691 -0.04526362746 0.1963963048 0.4521462365 -0.006007439993 0.05287178132 0.2473938079 -0.9651271652 -0.1341382257 -0.2248032283 0.0649119241 0.709298611 -0.7019130449 0.253605988 -0.6920277573 -0.6758561874 0.0003010553343 0.3622408869 0
0.8562506107 0.6699133528 0.2745653208 -0.04595551286 0.1976676061 0.4512619023 -0.006103517799 0.05327777738 0.2472721607 -0.9640507485 -0.1370610061 -0.2276410222 0.06628775565 0.7055627999 -0.7055402673 0.2573170959 -0.6952664352 -0.6711128789 0.0003074993704 0.3651718767 0
0.8623595437 0.6746928598 0.2765242113 -0.04657405447 0.1987915512 0.4504713126 -0.006189528989 0.05363822664 0.247163259 -0.9630745273 -0.139687222 -0.2301628444 0.06752261694 0.702240771 -0.7087302701 0.2606302959 -0.6981012674 -0.6668781518 0.0003133068097 0.367777201 0
0.8684684766 0.6794723667 0.2784831017 -0.04719589796 0.1999097238 0.4496765025 -0.006276112213 0.0539982626 0.2470536331 -0.9620798548 -0.142339878 -0.232683717 0.06876859236 0.6989179013 -0.7118880867 0.2639568786 -0.7008945187 -0.6626263199 0.0003191895561 0.3703825253 0
0.8753410262 0.6848493121 0.2806868535 -0.04789939139 0.2011607315 0.4487773315 -0.00637420107 0.05440280564 0.2469294394 -0.9609385714 -0.1453556055 -0.2355181734 0.07018349355 0.6951791333 -0.7154021595 0.2677150338 -0.7039870173 -0.657822879 0.0003258983444 0.3733135151 0
0.8814499591 0.689628819 0.2826457439 -0.04852817852 0.2022665403 0.4479736464 -0.006461997116 0.05476195432 0.2468182778 -0.9599040994 -0.1480641361 -0.2380359881 0.0714528008 0.691855717 -0.7184915895 0.2710693957 -0.7066913601 -0.6535355417 0.0003319429406 0.3759188394 0
0.887558892 0.694408326 0.2846046343 -0.04916019874 0.2033664856 0.447165829 -0.006550362595 0.05512068123 0.2467063951 -0.9588506222 -0.1507988049 -0.2405518755 0.07273294766 0.6885326251 -0.7215488497 0.2744365185 -0.7093536105 -0.6492318943 0.0003380645597 0.3785241636 0
0.8944314416 0.6997852713 0.2868083861 -0.04987505834 0.2045968796 0.4462521302 -0.006650453358 0.0555237415 0.2465796666 -0.9576425248 -0.1539064185 -0.2433795574 0.07418595344 0.6847949962 -0.724949831 0.2782395352 -0.7122981311 -0.6443711147 0.0003450441322 0.3814551535 0
0.9005403745 0.7045647782 0.2887672765 -0.05051387491 0.20568427 0.445435626 -0.006740026075 0.0558815632 0.2464662552 -0.9565480805 -0.1566962737 -0.2458903161 0.07548882172 0.6814738238 -0.7279387785 0.281633108 -0.7148704115 -0.640033661 0.0003513312512 0.3840604777 0
