0.005065077508 0.004100078941 -0.003663975767 -1.76520975e-06 0.001291590194 0.5099978193 -2.218670537e-07 0.0003215172298 0.2549997299 -0.9999999999 -3.412228835e-08 -1.028004141e-05 1.768664248e-08 0.9999873005 -0.005039716807 1.028008283e-05 -0.005039716807 -0.9999873005 2.270551387e-08 -0.004873087771 0
0.01048518085 0.008487544195 -0.007584770124 -7.564373221e-06 0.002673680571 0.5099906553 -9.5526729e-07 0.0006666298393 0.2549988368 -0.999999999 -3.058077156e-07 -4.405177954e-05 1.537765476e-07 0.9999455806 -0.01043244169 4.405257259e-05 -0.01043244168 -0.9999455796 6.118518919e-08 -0.01008774426 0
0.01522777128 0.01232657629 -0.01101546519 -1.595472798e-05 0.003882957474 0.5099802902 -2.021758434e-06 0.0009692767771 0.254997538 -0.9999999957 -9.377935855e-07 -9.29112528e-05 4.699820494e-07 0.999885222 -0.01515067285 9.291479683e-05 -0.01515067282 -0.9998852177 7.344958792e-08 -0.0146505687 0
0.0199703617 0.01616560839 -0.01444616025 -2.743990324e-05 0.005092162096 0.5099661018 -3.485385915e-06 0.001272165757 0.2549957555 -0.9999999872 -2.115909558e-06 -0.000159788537 1.059242003e-06 0.9998026049 -0.01986834561 0.0001597990351 -0.01986834552 -0.9998025922 6.021188257e-08 -0.01921339313 0
0.02471295213 0.02000464049 -0.01787685531 -4.201964246e-05 0.006301271928 0.5099480906 -5.345728377e-06 0.001575111713 0.2549934897 -0.9999999701 -4.010153136e-06 -0.0002446781888 2.006542331e-06 0.9996977362 -0.02458528614 0.0002447028222 -0.02458528589 -0.9996977062 2.569632775e-08 -0.02377621756 0
0.03013305547 0.02439210574 -0.02179764967 -6.24710426e-05 0.007682966797 0.5099228257 -7.95703321e-06 0.001921319063 0.2549903093 -0.9999999338 -7.269867913e-06 -0.0003637419638 3.636548324e-06 0.99955065 -0.02997495578 0.0003637964303 -0.02997495512 -0.9995505839 4.163696075e-08 -0.02899087406 0
0.0348756459 0.02823113784 -0.02522834473 -8.368080495e-05 0.008891797726 0.509896624 -1.066612974e-05 0.002224213511 0.2549870097 -0.9999998813 -1.127074531e-05 -0.0004872044008 5.637033932e-06 0.9993981298 -0.03468974217 0.0004873021462 -0.03468974079 -0.999398011 1.140703996e-07 -0.03355369849 0
0.03961823632 0.03207016994 -0.02865903979 -0.000107983875 0.01010046314 0.5098666009 -1.377094606e-05 0.00252706961 0.2549832282 -0.9999998023 -1.652146713e-05 -0.0006286525575 8.262319387e-06 0.9992233903 -0.03940325043 0.0006288153393 -0.03940324783 -0.9992231926 2.019247175e-07 -0.03811652292 0
0.04503833967 0.03645763519 -0.03257983415 -0.0001395458363 0.01148156352 0.5098276105 -1.780370142e-05 0.002873145613 0.2549783165 -0.9999996698 -2.427024225e-05 -0.0008123160896 1.213639756e-05 0.9989964992 -0.0447883294 0.0008125879534 -0.04478832447 -0.998996169 3.19528148e-07 -0.04333117942 0
0.04978093009 0.04029666729 -0.03601052921 -0.0001704755061 0.01268979853 0.5097894012 -2.175610908e-05 0.003175925056 0.2549735027 -0.9999995072 -3.277004331e-05 -0.0009922644343 1.638575012e-05 0.9987741971 -0.04949851475 0.0009926701822 -0.04949850661 -0.9987737043 4.368640084e-07 -0.04789400385 0
0.05452352052 0.04413569939 -0.03944122427 -0.0002044965449 0.01389779734 0.5097473729 -2.610394505e-05 0.003478672025 0.2549682072 -0.9999992908 -4.30521353e-05 -0.001190157396 2.15258941e-05 0.9985297262 -0.0542068771 0.001190741261 -0.05420686428 -0.9985290171 5.673606828e-07 -0.05245682828 0
0.05926611094 0.04797473149 -0.04287191933 -0.0002416081927 0.01510553747 0.5097015267 -3.084715604e-05 0.003781387998 0.2549624302 -0.9999990101 -5.528557885e-05 -0.001405978872 2.764124914e-05 0.9982631061 -0.05891324337 0.001406793888 -0.05891322392 -0.9982621164 7.108596595e-07 -0.05701965271 0
0.06468621429 0.05236219674 -0.04679271369 -0.0002878048573 0.01648546634 0.5096444571 -3.675204131e-05 0.004127312346 0.2549552383 -0.9999985953 -7.187267062e-05 -0.001674562673 3.5932494e-05 0.9979313037 -0.0642892817 0.001675719154 -0.06428925157 -0.9979298994 8.906830922e-07 -0.06223430921 0
0.06942880471 0.05620122884 -0.05022340875 -0.000331536359 0.01769257651 0.5095904329 -4.234233076e-05 0.004429964496 0.2549484295 -0.999998136 -8.885591075e-05 -0.001928741387 4.442127871e-05 0.9976172959 -0.06899078861 0.001930276006 -0.06899074569 -0.9976154324 1.061851942e-06 -0.06679713364 0
0.07417139514 0.06004026094 -0.05365410381 -0.0003783556323 0.0188993574 0.5095325942 -4.832785662e-05 0.004732587176 0.2549411394 -0.9999975724 -0.0001083204477 -0.002200788518 5.414975418e-05 0.9972812125 -0.07368975659 0.002202787149 -0.07368969687 -0.9972787856 1.245940433e-06 -0.07135995807 0
0.07959149848 0.06442772619 -0.05757489817 -0.0004356429734 0.02027810358 0.5094618237 -5.565236664e-05 0.005078405279 0.2549322185 -0.9999967816 -0.0001338196017 -0.00253355076 6.689355371e-05 0.9968701207 -0.07905667577 0.002536200385 -0.07905659081 -0.9968669034 1.472204967e-06 -0.07657461457 0
0.08433408891 0.06826675829 -0.06100559323 -0.0004890752904 0.0214841033 0.5093958155 -6.248468531e-05 0.005380963745 0.254923897 -0.9999959437 -0.0001591669565 -0.002843810965 7.956064415e-05 0.9964868259 -0.08374962319 0.002847150334 -0.08374950973 -0.9964827712 1.684152672e-06 -0.081137439 0
0.08907667933 0.07210579039 -0.06443628829 -0.0005455918606 0.02268970322 0.5093259971 -6.971210546e-05 0.005683491304 0.2549150943 -0.999994952 -0.0001875230311 -0.003171865143 9.373038054e-05 0.9960815467 -0.08843949084 0.003176020779 -0.08843934171 -0.9960765009 1.909220682e-06 -0.08570026343 0
0.09381926976 0.07594482248 -0.06786698336 -0.0006051914216 0.02389488093 0.5092523701 -7.733458152e-05 0.005985987151 0.2549058105 -0.9999937889 -0.0002190550261 -0.003517686611 0.0001094860582 0.9956543156 -0.09312610715 0.003522799597 -0.09312591388 -0.9956481075 2.147503393e-06 -0.09026308786 0
0.0992393731 0.08033228774 -0.07178777771 -0.0006770785861 0.02527168113 0.5091635635 -8.652966385e-05 0.006331656678 0.2548946112 -0.9999922257 -0.0002591945235 -0.003934630861 0.0001295411039 0.9951392159 -0.09847803908 0.003941030439 -0.09847778318 -0.9951314458 2.436143065e-06 -0.09547774436 0
0.1039819635 0.08417131984 -0.07521847278 -0.0007432799861 0.02647587864 0.5090817809 -9.499852645e-05 0.006634081364 0.2548842965 -0.9999906311 -0.0002980935412 -0.004318428528 0.0001489747786 0.9946650633 -0.1031571117 0.004326140454 -0.1031567885 -0.9946557 2.703109054e-06 -0.1000405688 0
0.108724554 0.08801035193 -0.07864916784 -0.0008125599623 0.02767958354 0.5089961951 -0.0001038622897 0.006936471174 0.2548735008 -0.9999888032 -0.0003406917583 -0.004719900235 0.0001702548452 0.9941690729 -0.1078323954 0.004729116449 -0.1078319916 -0.9941578834 2.983650643e-06 -0.1046033932 0
0.1141446573 0.09239781719 -0.08256996219 -0.0008955047756 0.0290546144 0.5088937283 -0.0001144757876 0.007282015348 0.2548605741 -0.9999864006 -0.000394117653 -0.005200324782 0.000196941513 0.993575538 -0.1131707188 0.005211518071 -0.1131702039 -0.9935619483 3.321062149e-06 -0.1098180497 0
0.1188872477 0.09623684928 -0.08600065726 -0.0009713764034 0.0302571884 0.5087999995 -0.000124185583 0.0075843265 0.2548487479 -0.9999839985 -0.0004452003004 -0.005639557668 0.0002224553254 0.9930328891 -0.1178373102 0.00565272745 -0.1178366792 -0.9930169 3.631147101e-06 -0.1143808742 0
0.1236298381 0.1000758814 -0.08943135232 -0.001050321514 0.03145919953 0.5087024738 -0.0001342901032 0.007886599024 0.2548364411 -0.9999812918 -0.0005005016655 -0.006096357177 0.0002500737074 0.9924685339 -0.1224995783 0.006111753912 -0.1224988111 -0.9924498414 3.955245136e-06 -0.1189436986 0
0.1283724286 0.1039149135 -0.09286204738 -0.001132338345 0.03266062544 0.5086011534 -0.0001447892875 0.008188831652 0.2548236535 -0.9999782559 -0.0005601861747 -0.006570686175 0.0002798782781 0.9918825178 -0.1271573537 0.006588580538 -0.1271564277 -0.9918607934 4.293509003e-06 -0.123506523 0
0.1337925319 0.1083023787 -0.09678284174 -0.001229830805 0.03403293844 0.508480715 -0.0001572715369 0.008534189854 0.2548084507 -0.9999743504 -0.0006339744839 -0.007134191617 0.0003167219483 0.9911863221 -0.1324748076 0.007155298798 -0.1324736692 -0.9911606977 4.697646124e-06 -0.1287211795 0
0.1385351223 0.1121414108 -0.1002135368 -0.00131842364 0.03523303522 0.5083712709 -0.0001686162158 0.008836332602 0.2547946334 -0.9999705217 -0.0007036030057 -0.007645952162 0.0003514847667 0.9905540507 -0.1371223872 0.007670208609 -0.1371210325 -0.9905246036 5.066807374e-06 -0.1332840039 0
0.1432777128 0.1159804429 -0.1036442319 -0.001410082209 0.03643247672 0.5082580395 -0.0001803553539 0.009138431317 0.2547803356 -0.9999662804 -0.0007781284249 -0.008175116255 0.0003886884678 0.9899002725 -0.1417649444 0.008202861141 -0.1417633417 -0.989866591 5.450652658e-06 -0.1378468284 0
0.1486978161 0.1203679082 -0.1075650262 -0.001518586193 0.03780243604 0.5081239979 -0.000194254433 0.009483631336 0.2547634072 -0.9999608913 -0.0008695048967 -0.008801130465 0.0004342989714 0.98912683 -0.1470643588 0.008833307457 -0.1470624296 -0.9890877688 5.907539834e-06 -0.1430614849 0
0.1534404065 0.1242069403 -0.1109957213 -0.001616807216 0.03900039839 0.5080026595 -0.0002068386021 0.009785631123 0.2547480802 -0.9999556685 -0.0009550700144 -0.009367441287 0.0004770035432 0.9884271449 -0.1516955891 0.009403913154 -0.1516933325 -0.9883828708 6.323451274e-06 -0.1476243093 0
0.158182997 0.1280459724 -0.1144264163 -0.001718087313 0.04019763553 0.507877542 -0.0002198170026 0.01008758259 0.2547322731 -0.9999499403 -0.001046040802 -0.009951015796 0.0005224006826 0.987706124 -0.156321271 0.009992197669 -0.1563186441 -0.9876561332 6.754618253e-06 -0.1521871337 0
0.1629255874 0.1318850045 -0.1178571114 -0.001822424224 0.04139412525 0.5077486482 -0.0002331895573 0.01038948434 0.2547159859 -0.9999436754 -0.001142578014 -0.01055180659 0.0005705697893 0.9869638252 -0.1609412383 0.01059813932 -0.1609381939 -0.9869075829 7.201233019e-06 -0.1567499582 0
0.1683456907 0.1362724697 -0.1217779058 -0.001945406453 0.04276059839 0.5075967208 -0.0002489550127 0.01073445225 0.2546967843 -0.9999358167 -0.001259927737 -0.01125944316 0.0006291158361 0.9860895059 -0.1662139903 0.01131223636 -0.1662104057 -0.9860254228 7.730818542e-06 -0.1619646147 0
0.1730882812 0.1401115018 -0.1252086008 -0.002056285748 0.04395541178 0.5074597448 -0.0002631719127 0.01103624277 0.2546794688 -0.9999282916 -0.001368931624 -0.01189695992 0.0006834906156 0.9853018148 -0.1708211535 0.01195593868 -0.1708170357 -0.9852302248 8.211205244e-06 -0.1665274391 0
0.1778308716 0.1439505339 -0.1286392959 -0.002170214308 0.04514940807 0.5073190019 -0.000277782709 0.01133797917 0.2546616735 -0.9999201252 -0.001484003352 -0.01255153496 0.0007408846033 0.9844930392 -0.1754220821 0.01261722576 -0.1754173695 -0.9844133035 8.707674641e-06 -0.1710902635 0
0.1832509749 0.1483379992 -0.1325600902 -0.002304148905 0.04651294633 0.5071535444 -0.0002949629724 0.0116827527 0.2546407487 -0.9999099616 -0.001623146908 -0.01332044017 0.0008102746344 0.9835429897 -0.180672441 0.01339448346 -0.1806669668 -0.9834531178 9.295032684e-06 -0.17630492 0
0.1879935653 0.1521770313 -0.1359907853 -0.002424602956 0.04770511717 0.5070047401 -0.0003104175368 0.01198436838 0.2546219258 -0.9999003012 -0.001751753282 -0.01401138796 0.0008744001734 0.9826892536 -0.1852594567 0.01409336924 -0.1852532381 -0.9825897489 9.826682315e-06 -0.1808677445 0
0.1927361558 0.1560160634 -0.1394214804 -0.002548098053 0.04889640143 0.5068521791 -0.0003262657166 0.01228592548 0.2546026234 -0.9998898859 -0.001886922739 -0.01471922241 0.0009417884325 0.9818146427 -0.1898397228 0.01480976098 -0.1898326812 -0.9817047541 1.037509339e-05 -0.1854305689 0
0.1974787462 0.1598550955 -0.1428521754 -0.00267463144 0.05008677703 0.5066958647 -0.0003425074176 0.01258742258 0.2545828418 -0.9998786778 -0.00202881148 -0.01544388609 0.001012516061 0.9809192273 -0.1944130766 0.01554363229 -0.1944051272 -0.9807981658 1.094049054e-05 -0.1899933933 0
0.2028988495 0.1642425607 -0.1467729698 -0.002822957757 0.05144606537 0.5065126282 -0.0003615511004 0.01293191541 0.2545596475 -0.9998648477 -0.002199397189 -0.01629260488 0.00109753443 0.9798705126 -0.1996310946 0.01640371117 -0.1996219957 -0.979735667 1.160775144e-05 -0.1952080498 0
0.20764144 0.1680815928 -0.1502036648 -0.002955992173 0.05263441967 0.5063482826 -0.0003786357331 0.01323327913 0.2545388392 -0.9998518085 -0.002356207136 -0.01705313149 0.001175673999 0.97893076 -0.2041890909 0.01717494677 -0.2041788807 -0.9787829207 1.221032218e-05 -0.1997708742 0
0.2123840304 0.1719206249 -0.1536343599 -0.00309205578 0.05382179611 0.506180195 -0.0003961135758 0.01353457837 0.254517552 -0.9998378513 -0.002520222701 -0.01783029802 0.001257391068 0.9779704343 -0.2087396671 0.01796357475 -0.2087282399 -0.9778086888 1.283061055e-05 -0.2043336987 0
0.2178041337 0.1763080902 -0.1575551543 -0.003251262362 0.05517757221 0.5059835174 -0.0004165696014 0.01387883954 0.2544926376 -0.9998207227 -0.002716688793 -0.01873878286 0.00135525862 0.9768478264 -0.2139310342 0.01888612335 -0.2139180771 -0.976669018 1.356151538e-05 -0.2095483552 0
0.2225467242 0.1801471223 -0.1609858493 -0.003393806784 0.05636277932 0.5058074236 -0.0004348896842 0.01417999574 0.2544703246 -0.9998046571 -0.002896659967 -0.01955139246 0.001444893235 0.9758436767 -0.218465171 0.01971192202 -0.2184507451 -0.9756488672 1.422058481e-05 -0.2141111796 0
0.2272893146 0.1839861544 -0.1644165444 -0.003539370632 0.05754693963 0.5056275997 -0.0004536026427 0.01448108294 0.2544475331 -0.9997875398 -0.003084315757 -0.02038043945 0.001538339053 0.9748192013 -0.222991386 0.02055501956 -0.2229753612 -0.9746073463 1.489813997e-05 -0.218674004 0
0.232031905 0.1878251865 -0.1678472395 -0.003687950657 0.05873003124 0.5054440497 -0.0004727083656 0.01478209969 0.2544242633 -0.9997693263 -0.003279806956 -0.02122585666 0.001635669457 0.9737744824 -0.2275095206 0.02141538489 -0.2274917586 -0.9735444936 1.559443246e-05 -0.2232368285 0
0.2374520084 0.1922126517 -0.1717680338 -0.003861445427 0.0600807993 0.505229721 -0.0004950242679 0.01512603072 0.2543970836 -0.9997471108 -0.003513012208 -0.02221200499 0.001751754328 0.9725558374 -0.2326630064 0.02241976309 -0.2326430784 -0.9723037346 1.641346612e-05 -0.228451485 0
0.2421945988 0.1960516838 -0.1751987289 -0.004016477449 0.06126152729 0.5050382005 -0.0005149712437 0.01542689167 0.2543727892 -0.9997263953 -0.003725797557 -0.0230922689 0.001857653671 0.9714680233 -0.2371632957 0.02331702325 -0.2371413041 -0.9711953039 1.715077253e-05 -0.2330143094 0
0.2469371892 0.1998907159 -0.1786294239 -0.00417451501 0.06244111797 0.5048429671 -0.0005353106193 0.01572767764 0.2543480168 -0.9997044389 -0.003946886898 -0.02398868336 0.001967665015 0.9703602341 -0.2416550112 0.02423144939 -0.241630789 -0.9700656672 1.790762818e-05 -0.2375771338 0
0.2523572926 0.2042781812 -0.1825502183 -0.004358805094 0.06378780105 0.5046153023 -0.0005590359544 0.01607133938 0.2543191206 -0.9996777648 -0.004209917558 -0.02503284003 0.002098518809 0.9690698437 -0.2467777021 0.02529748416 -0.2467507136 -0.9687487407 1.879688369e-05 -0.2427917903 0
0.257099883 0.2081172133 -0.1859809133 -0.004523271146 0.06496488136 0.5044121274 -0.0005802157768 0.01637195984 0.2542933246 -0.999652987 -0.004449296207 -0.02596361675 0.002217581005 0.9679195511 -0.2512505221 0.02624858026 -0.2512209113 -0.9675738038 1.959652596e-05 -0.2473546148 0
0.2618424734 0.2119562454 -0.1894116084 -0.004690731438 0.06614075603 0.5042052534 -0.0006017876112 0.01667250079 0.2542670512 -0.999626815 -0.004697438974 -0.02691031157 0.002340977511 0.9667495674 -0.2557142815 0.0272167343 -0.2556818492 -0.9663777943 2.041655951e-05 -0.2519174392 0
0.2665850638 0.2157952775 -0.1928423035 -0.004861182239 0.06731540338 0.5039946852 -0.0006237513296 0.01697296079 0.2542403005 -0.9995991984 -0.004954490414 -0.0278728479 0.002468777944 0.965559986 -0.2601688271 0.02820191059 -0.2601333629 -0.9651607564 2.125725817e-05 -0.2564802636 0
0.2720051672 0.2201827427 -0.1967630978 -0.005059640124 0.06865632687 0.5037495181 -0.0006493324123 0.01731624267 0.2542091441 -0.9995658019 -0.005259356276 -0.02899218725 0.002620316715 0.9641765893 -0.2652482584 0.02934862331 -0.2652090568 -0.9637441644 2.224371571e-05 -0.2616949201 0
0.2767477576 0.2240217748 -0.2001937929 -0.005236486278 0.06982827138 0.5035310492 -0.0006721354394 0.01761652435 0.2541813712 -0.9995349161 -0.005535980195 -0.02998840586 0.002757785973 0.9629453351 -0.2696825471 0.03037015277 -0.2696398237 -0.9624822177 2.312963133e-05 -0.2662577445 0
0.281490348 0.2278608069 -0.203624488 -0.005416310777 0.07099892061 0.5033089011 -0.0006953299324 0.01791672054 0.2541531215 -0.9995024219 -0.005821961043 -0.03100021703 0.002899874307 0.9616947873 -0.2741071448 0.03140858825 -0.2740606518 -0.961199386 2.403708998e-05 -0.270820569 0
0.2869104514 0.2322482722 -0.2075452823 -0.0056254663 0.07233519177 0.5030505185 -0.0007223170933 0.01825969536 0.2541202525 -0.9994632471 -0.006160434144 -0.03217556062 0.003068003241 0.9602420931 -0.2791517688 0.03261602376 -0.279100648 -0.9597077802 2.510092998e-05 -0.2760352255 0
0.2916530418 0.2360873043 -0.2109759774 -0.00581165939 0.07350299291 0.5028205028 -0.0007463499746 0.01855970351 0.2540909817 -0.9994271242 -0.006466937914 -0.03322050743 0.003220215329 0.95895054 -0.2835550953 0.03369055673 -0.2834996307 -0.9583803555 2.605551366e-05 -0.2805980499 0
0.2963956322 0.2399263364 -0.2144066724 -0.006000818009 0.07466943115 0.5025868236 -0.0007707738806 0.01885962163 0.2540612347 -0.9993892212 -0.006783237336 -0.03428078559 0.003377255887 0.9576400121 -0.2879482615 0.03478187333 -0.2878881638 -0.9570321972 2.703254282e-05 -0.2851608743 0
0.3011382226 0.2437653685 -0.2178373675 -0.006192937943 0.07583448506 0.5023494862 -0.0007955886663 0.01915944828 0.2540310116 -0.9993494818 -0.007109469929 -0.03535630948 0.003539190288 0.9563106141 -0.2923311196 0.03588993334 -0.2922660856 -0.9556633549 2.803230939e-05 -0.2897236988 0
0.306558326 0.2481528337 -0.2217581619 -0.006416124191 0.07716425266 0.5020737706 -0.0008244268602 0.01950199346 0.2539958883 -0.9993017436 -0.007494645294 -0.03660403639 0.003730333677 0.9547683318 -0.2973272897 0.03717673733 -0.2972562243 -0.9540737012 2.920311887e-05 -0.2949383553 0
0.3113009164 0.2519918658 -0.2251888569 -0.006614575308 0.07832626806 0.5018286118 -0.0008500787456 0.01980161926 0.2539646457 -0.9992578762 -0.007842621545 -0.03771193566 0.003902972139 0.9533988565 -0.3016875656 0.03832053774 -0.3016108647 -0.952660707 3.025260161e-05 -0.2995011797 0
0.3160435068 0.2558308979 -0.228619552 -0.00681597407 0.07948683194 0.5015798116 -0.0008761210392 0.02010114905 0.2539329276 -0.9992119907 -0.008200956431 -0.03883480366 0.004080705841 0.9520108491 -0.3060370746 0.03948095112 -0.3059543879 -0.95122719 3.132575325e-05 -0.3040640041 0
0.3214636102 0.2602183632 -0.2325403463 -0.007049747691 0.08081138597 0.5012910168 -0.0009063615129 0.02044334942 0.2538960963 -0.9991570027 -0.008623336851 -0.04013629413 0.004290149619 0.9504020045 -0.3109945732 0.04082742536 -0.3109045963 -0.9495638227 3.258158031e-05 -0.3092786606 0
0.3262062006 0.2640573953 -0.2359710414 -0.007257447652 0.08196876776 0.5010344324 -0.0009332398717 0.02074266864 0.25386336 -0.9991065916 -0.009004315884 -0.04129093137 0.004479012183 0.9489746595 -0.3153205259 0.04202329315 -0.3152237585 -0.9480865071 3.370646578e-05 -0.3138414851 0
0.330948791 0.2678964274 -0.2394017365 -0.007468080944 0.0831246312 0.5007742243 -0.0009605081444 0.02104188734 0.2538301488 -0.9990539731 -0.009396068448 -0.04246024863 0.004673165014 0.9475291347 -0.3196352616 0.04323563744 -0.3195313018 -0.9465888372 3.485597141e-05 -0.3184043095 0
0.3356913815 0.2717354595 -0.2428324315 -0.007681642879 0.0842789551 0.5005103982 -0.0009881661692 0.02134100406 0.2537964628 -0.9989990856 -0.009798724273 -0.04364415166 0.004872668789 0.946065545 -0.3239386388 0.04446441353 -0.3238270675 -0.9450708684 3.603040371e-05 -0.3229671339 0
0.3411114848 0.2761229247 -0.2467532259 -0.007929293654 0.08559627015 0.5002044601 -0.001020252377 0.02168272503 0.2537573836 -0.9989334984 -0.0102724182 -0.04501492138 0.005107302211 0.9443709001 -0.3288426957 0.04588879151 -0.3287218892 -0.9433112627 3.740353005e-05 -0.3281817904 0
0.3458540752 0.2799619568 -0.2501839209 -0.008149115161 0.08674722389 0.4999329012 -0.001048745028 0.02198161839 0.2537226812 -0.9988735374 -0.01069886974 -0.04622975688 0.005318473442 0.9428689936 -0.3331212613 0.04715262533 -0.3329918844 -0.9417499853 3.863241692e-05 -0.3327446148 0
0.3505966657 0.2838009889 -0.253614616 -0.008371850153 0.08789657175 0.4996577431 -0.001077626906 0.02228040526 0.2536875047 -0.9988111087 -0.01113662485 -0.04745887446 0.005535181855 0.9413493926 -0.33738803 0.04843274657 -0.3372496058 -0.9401685873 3.988720504e-05 -0.3373074393 0
0.356016769 0.2881884542 -0.2575354104 -0.008629965601 0.08920811883 0.4993388773 -0.001111111152 0.02262174371 0.2536467229 -0.9987366568 -0.01165091778 -0.04888094153 0.005789702961 0.9395911939 -0.3422497153 0.04991562551 -0.3421003426 -0.9383367124 4.135336662e-05 -0.3425220958 0
0.3607593594 0.2920274863 -0.2609661054 -0.008858927003 0.0903539548 0.4990560273 -0.001140826508 0.02292029752 0.2536105313 -0.9986687214 -0.01211331415 -0.05014032891 0.006018470518 0.9380340843 -0.3464907427 0.05123048873 -0.3463312351 -0.9367123959 4.2664715e-05 -0.3470849202 0
0.3655019498 0.2958665184 -0.2643968005 -0.009090786097 0.09149811896 0.4987695976 -0.001170930544 0.02321874031 0.2535738663 -0.9985981126 -0.01258740288 -0.05141368361 0.006252954539 0.9364596639 -0.3507195439 0.05256148907 -0.350549362 -0.9350681444 4.400295501e-05 -0.3516477446 0
0.3702445403 0.2997055505 -0.2678274955 -0.009325537726 0.0926405904 0.4984795946 -0.001201423081 0.02351707065 0.2535367282 -0.9985247636 -0.01307330517 -0.05270090322 0.006493210573 0.9348680576 -0.3549359845 0.05390857747 -0.3547545681 -0.9334040185 4.536840487e-05 -0.3562105691 0
0.3756646436 0.3040930157 -0.2717482899 -0.009597360479 0.0939441726 0.4981437954 -0.001236747178 0.02385788006 0.2534937056 -0.9984374942 -0.01364324155 -0.05418885596 0.006774926946 0.933028197 -0.3597394668 0.05546774302 -0.3595444974 -0.9314779031 4.696264722e-05 -0.3614252256 0
0.380407234 0.3079320478 -0.275178985 -0.009838292732 0.09508294664 0.4978461571 -0.001268071604 0.02415596459 0.2534555543 -0.9983580452 -0.01415486112 -0.05550543618 0.007027735192 0.9314001903 -0.3639289717 0.05684913788 -0.3637214943 -0.9297713967 4.838748187e-05 -0.36598805 0
0.3851498245 0.3117710799 -0.27860968 -0.0100821009 0.09621996257 0.497544966 -0.001299783954 0.02445393214 0.2534169305 -0.9982756416 -0.01467866722 -0.05683555243 0.007286485201 0.9297553986 -0.3681056994 0.05824646276 -0.3678850847 -0.9280452112 4.98405354e-05 -0.3705508744 0
0.3905699278 0.3161585452 -0.2825304744 -0.01036425336 0.09751722999 0.4971964059 -0.001336501406 0.02479432143 0.2533722109 -0.998177759 -0.01529237386 -0.05837212289 0.007589542373 0.9278552505 -0.3728632899 0.05986284554 -0.3726268608 -0.9260484125 5.153613713e-05 -0.3757655309 0
0.3953125182 0.3199975773 -0.2859611694 -0.01061420586 0.09865040883 0.4968876243 -0.001369044383 0.02509203351 0.2533325755 -0.9980887891 -0.01584268316 -0.0597308838 0.007861200364 0.9261749308 -0.3770122003 0.061294132 -0.3767612069 -0.9242802726 5.305075153e-05 -0.3803283554 0
0.4000551087 0.3238366094 -0.2893918645 -0.01086701701 0.09978176459 0.4965753113 -0.001401974683 0.02538962412 0.2532924685 -0.9979966438 -0.01640553947 -0.06110284146 0.008138962369 0.9244782393 -0.3811479272 0.06274118465 -0.3808816659 -0.922492656 5.45946065e-05 -0.3848911798 0
0.4047976991 0.3276756415 -0.2928225596 -0.01112268121 0.1009112767 0.4962594737 -0.00143529211 0.02568709182 0.2532518899 -0.9979012516 -0.01698105483 -0.06248788579 0.008422878404 0.9227653101 -0.3852703436 0.06420395014 -0.3849880859 -0.9206856285 5.616802958e-05 -0.3894540042 0
0.4102178024 0.3320631067 -0.2967433539 -0.0114183551 0.1021998638 0.4958942097 -0.001473842949 0.02602690257 0.2532049374 -0.9977881635 -0.01765442952 -0.06408667556 0.008754952532 0.9207879675 -0.3899652161 0.06589485315 -0.3896637526 -0.9185967713 5.800285492e-05 -0.3946686607 0
0.4149603929 0.3359021388 -0.300174049 -0.01168011375 0.1033253561 0.4955708433 -0.001507989265 0.02632410208 0.2531633493 -0.9976855697 -0.01825744256 -0.06549938743 0.009052220518 0.9190407003 -0.3940586865 0.06739110673 -0.3937395801 -0.9167483743 5.96407464e-05 -0.3992314852 0
0.4197029833 0.3397411709 -0.303604744 -0.01194470737 0.1044489404 0.4952439747 -0.001542522077 0.02662117419 0.2531212905 -0.9975795002 -0.01887345815 -0.06692483351 0.009355794559 0.9172776247 -0.3981384536 0.06890290176 -0.3978008946 -0.9148807782 6.13092426e-05 -0.4037943096 0
0.4251230866 0.3441286362 -0.3075255384 -0.01225056394 0.1057306741 0.4948661314 -0.001582461147 0.02696052732 0.2530726472 -0.9974539268 -0.01959353406 -0.06856936112 0.009710517894 0.9152435022 -0.4027841078 0.07064962635 -0.402424434 -0.9127229619 6.325399651e-05 -0.4090089661 0
0.4298656771 0.3479676683 -0.3109562335 -0.01252121264 0.1068501012 0.4945317826 -0.001617821473 0.02725732161 0.2530295806 -0.9973401591 -0.02023776924 -0.07002170902 0.01002776113 0.9134470208 -0.406834099 0.07219453612 -0.406454146 -0.9108144576 6.498919349e-05 -0.4135717905 0
0.4346082675 0.3518067004 -0.3143869285 -0.01279467763 0.1079675562 0.4941939546 -0.001653567643 0.027553984 0.2529860441 -0.9972226809 -0.02089533719 -0.07148642902 0.01035145443 0.9116351717 -0.410870005 0.07375481029 -0.4104688765 -0.9088869729 6.675604194e-05 -0.4181346149 0
0.4393508579 0.3556457325 -0.3178176236 -0.01307095285 0.1090830191 0.493852655 -0.001689699444 0.02785051306 0.2529420379 -0.9971014164 -0.02156634012 -0.07296340391 0.01068164193 0.9098080975 -0.4148917067 0.07533039135 -0.4144684774 -0.9069405788 6.855487689e-05 -0.4226974394 0
0.4447709612 0.3600331977 -0.3217384179 -0.01339012917 0.1103553685 0.493458357 -0.001731464857 0.02818923835 0.2528911703 -0.9969580941 -0.02234978088 -0.07466622964 0.01106700661 0.907701554 -0.4194703925 0.07714972403 -0.4190207347 -0.9046930661 7.065028638e-05 -0.4279120959 0
0.4495135517 0.3638722298 -0.325169113 -0.01367240556 0.1114664945 0.4931096438 -0.001768422284 0.02848547693 0.2528461586 -0.9968284582 -0.02304991077 -0.07616906608 0.01141125486 0.9058423398 -0.42346126 0.0787579093 -0.4229874195 -0.9027063945 7.251879617e-05 -0.4324749203 0
0.4542561421 0.3677112619 -0.3285998081 -0.01395747268 0.112575565 0.492757483 -0.001805764658 0.02878157771 0.252800678 -0.9966947939 -0.02376378779 -0.0776837831 0.01176213046 0.9039683558 -0.4274375557 0.08038121705 -0.4269385133 -0.9007010413 7.44203512e-05 -0.4370377447 0
0.4596762454 0.3720987272 -0.3325206024 -0.01428667279 0.1138405316 0.492350802 -0.001848912738 0.02911980804 0.2527481265 -0.996537002 -0.02459660401 -0.07942928067 0.0121712983 0.9018087631 -0.4319639039 0.08225486645 -0.4314347712 -0.8983864286 7.663445493e-05 -0.4422524012 0
0.4644188359 0.3759377593 -0.3359512975 -0.01457769869 0.1149451302 0.49199128 -0.001887079251 0.02941560874 0.2527016422 -0.9963944422 -0.02534026185 -0.08096904753 0.01253651095 0.8999036264 -0.4359085904 0.08391037732 -0.4353519661 -0.8963412934 7.860796247e-05 -0.4468152257 0
0.4691614263 0.3797767914 -0.3393819926 -0.01487149524 0.1160476105 0.4916283352 -0.001925630006 0.02971126717 0.25265469 -0.996247607 -0.02609796487 -0.08252031177 0.01290847565 0.8979841857 -0.4398383492 0.08558082075 -0.4392531143 -0.8942777112 8.061558217e-05 -0.4513780501 0
0.4739040167 0.3836158235 -0.3428126876 -0.01516805592 0.1171479527 0.4912619757 -0.001964564774 0.0300067819 0.25260727 -0.9960964166 -0.02686980489 -0.08408294965 0.01328723024 0.8960505916 -0.4437530695 0.08726613518 -0.4431380719 -0.8921957581 8.265765511e-05 -0.4559408745 0
0.4793241201 0.3880032887 -0.346733482 -0.01551035862 0.1184028431 0.4908391083 -0.002009531574 0.03034433526 0.2525525035 -0.9959181919 -0.02776933426 -0.08588258859 0.01372845421 0.8938236333 -0.4482084806 0.08921033848 -0.4475580148 -0.8897939868 8.50340789e-05 -0.461155531 0
0.4840667105 0.3918423208 -0.350164177 -0.01581282022 0.119498537 0.490465459 -0.002049288444 0.0306395373 0.2525040824 -0.9957573986 -0.02857177027 -0.08746917799 0.014121882 0.8918602215 -0.4520906079 0.09092730945 -0.451407797 -0.8876729269 8.715113212e-05 -0.4657183555 0
0.4888093009 0.3956813529 -0.3535948721 -0.01611802508 0.1205920307 0.4900884209 -0.002089428591 0.0309345912 0.2524551944 -0.9955919965 -0.02938862231 -0.0890667467 0.01452221295 0.8898831354 -0.4559573562 0.09265895434 -0.4552409408 -0.8855337396 8.930371524e-05 -0.4702811799 0
0.4942294043 0.4000688182 -0.3575156665 -0.01647018104 0.1218390185 0.4896533811 -0.002135772057 0.03127161242 0.2523987512 -0.9953972174 -0.03033992962 -0.09090582037 0.01498823066 0.8876070627 -0.4603575298 0.09465586325 -0.4596011216 -0.8830668585 9.180775754e-05 -0.4754958364 0
0.4989719947 0.4039078503 -0.3609463615 -0.01678124145 0.1229277314 0.4892691092 -0.002176732705 0.03156634407 0.252348864 -0.995221664 -0.03118795975 -0.09252648686 0.015403468 0.885601196 -0.4641909681 0.09641873665 -0.4633981364 -0.8808890931 9.403763536e-05 -0.4800586608 0
0.5037145851 0.4077468824 -0.3643770566 -0.01709502365 0.1240141825 0.488881475 -0.002218075872 0.03186092313 0.2522985109 -0.9950412436 -0.03205067013 -0.09415773026 0.01582571285 0.8835821437 -0.4680086987 0.09819608157 -0.4671780708 -0.8786934504 9.630412641e-05 -0.4846214852 0
0.5084571755 0.4115859145 -0.3678077516 -0.0174115207 0.1250983525 0.4884904869 -0.002259801312 0.03215534816 0.2522476922 -0.9948558732 -0.03292814167 -0.09579942091 0.01625499654 0.8815500633 -0.4718106197 0.0999878325 -0.4709407853 -0.8764800112 9.860757671e-05 -0.4891843097 0
0.5138772789 0.4159733797 -0.371728546 -0.01777654691 0.1263345856 0.4880395477 -0.0023079553 0.03249164352 0.2521890441 -0.9946378531 -0.03394914296 -0.09768826398 0.01675426439 0.8792119361 -0.4761361844 0.1020531031 -0.4752197672 -0.8739286796 0.0001012857922 -0.4943989662 0
0.5186198693 0.4198124118 -0.3751592411 -0.01809883778 0.1274138018 0.4876414022 -0.002350499057 0.03278573376 0.2521372288 -0.994441594 -0.03485851093 -0.09935190142 0.01719873244 0.8771524726 -0.4799038898 0.103875501 -0.478945116 -0.8716773808 0.0001036696089 -0.4989617906 0
0.5233624597 0.4236514439 -0.3785899361 -0.01842382126 0.1284906761 0.4872399302 -0.002393424299 0.03307966556 0.2520849489 -0.9942401212 -0.03578288436 -0.1010255737 0.01765033174 0.8750804814 -0.4836554732 0.1057120955 -0.4826528112 -0.8694085442 0.0001060914761 -0.503524615 0
0.5287825631 0.4280389092 -0.3825107305 -0.01879851879 0.129718497 0.4867770435 -0.002442948515 0.03341539177 0.2520246319 -0.9940033737 -0.03685778068 -0.1029504591 0.01817521254 0.8726973584 -0.4879231316 0.1078283575 -0.4868683854 -0.8667942205 0.0001089063639 -0.5087392715 0
0.5335251535 0.4318779413 -0.3859414255 -0.01912924784 0.1307902878 0.4863684738 -0.002486690361 0.03370897928 0.2519713575 -0.9937904428 -0.03781455756 -0.1046451866 0.01864218434 0.8705990659 -0.4916398432 0.1096951448 -0.4905377923 -0.8644880852 0.000111410942 -0.513302096 0
0.5382677439 0.4357169734 -0.3893721206 -0.01946264668 0.1318596764 0.4859566059 -0.002530812882 0.0340024039 0.2519176194 -0.9935720305 -0.03878656878 -0.1063495292 0.01911637054 0.8684887549 -0.4953401327 0.1115759143 -0.4941891184 -0.8621646772 0.0001139546677 -0.5178649204 0
0.5430103343 0.4395560054 -0.3928028157 -0.01979870794 0.1329266436 0.4855414489 -0.002575315815 0.03429566423 0.251863418 -0.9933480508 -0.03977388389 -0.1080633521 0.01959779562 0.8663665889 -0.4990239073 0.1134705967 -0.4978222291 -0.8598240819 0.0001165378909 -0.5224277448 0
0.5484304377 0.4439434707 -0.39672361 -0.02018602851 0.1341430454 0.4850629682 -0.00262664178 0.03463061593 0.2518009067 -0.9930851463 -0.04092107057 -0.1100334412 0.0201568898 0.8639269511 -0.5032135958 0.1156528944 -0.5019518793 -0.8571281811 0.0001195389601 -0.5276424013 0
0.5531730281 0.4477825028 -0.4001543051 -0.02052776983 0.1352047601 0.4846407943 -0.002671958985 0.03492351949 0.2517457137 -0.9928489457 -0.04194140651 -0.1117671212 0.02065390481 0.8617799364 -0.5068616748 0.1175771542 -0.505545507 -0.8547510475 0.0001222080023 -0.5322052258 0
0.5579156185 0.4516215349 -0.4035850001 -0.02087215 0.136263994 0.4842153605 -0.002717655763 0.03521625435 0.2516900583 -0.9926069055 -0.0429772545 -0.113509853 0.02115822945 0.8596215862 -0.5104929558 0.1195151055 -0.5091205006 -0.852357 0.0001249176455 -0.5367680502 0
0.5633357219 0.4560090002 -0.4075057945 -0.02126894881 0.1374714851 0.4837251707 -0.002770345083 0.0355506001 0.2516258866 -0.9923230255 -0.04418015575 -0.1155124535 0.0217435773 0.857141234 -0.5146223099 0.1217465807 -0.5131832215 -0.8496003479 0.0001280645481 -0.5419827067 0
0.5680783123 0.4598480322 -0.4109364896 -0.02161895794 0.1385253397 0.4832927831 -0.00281685431 0.03584296873 0.2515692418 -0.9920681773 -0.04524945359 -0.1172741173 0.02226363323 0.8549591559 -0.5182173022 0.1237136301 -0.5167178424 -0.8471703542 0.0001308623801 -0.5465455311 0
0.5728209027 0.4636870643 -0.4143671846 -0.02197158179 0.1395766545 0.4828571653 -0.002863742245 0.03613516426 0.2515121358 -0.9918072139 -0.04633445569 -0.1190443981 0.02279105997 0.852766269 -0.5217952261 0.125694145 -0.5202334174 -0.844723726 0.0001337019214 -0.5511083555 0
0.5775634932 0.4675260964 -0.4177978797 -0.02232681258 0.1406254111 0.4824183271 -0.00291100861 0.03642718528 0.2514545689 -0.991540047 -0.04743521982 -0.1208231561 0.02332587495 0.8505627423 -0.5253559983 0.1276880523 -0.5237298171 -0.8422605535 0.0001365835257 -0.55567118 0
0.5829835965 0.4719135617 -0.421718674 -0.0227359727 0.1418208336 0.4819128667 -0.002965490335 0.03676070812 0.2513882142 -0.9912270038 -0.04871260834 -0.122866223 0.02394615995 0.8480316154 -0.5294043452 0.1299831081 -0.5277020571 -0.8394253573 0.0001399287475 -0.5608858365 0
0.5877261869 0.4757525938 -0.4251493691 -0.02309676325 0.1428640457 0.4814671601 -0.00301356667 0.03705235051 0.2513296608 -0.9909462452 -0.04984733514 -0.1246626739 0.02449686101 0.8458058613 -0.5329280897 0.1320054654 -0.5311569337 -0.8369270392 0.000142901679 -0.5654486609 0
0.5924687774 0.4795916259 -0.4285800642 -0.02346013588 0.1439046414 0.4810182637 -0.003062020544 0.037343814 0.2512706476 -0.9906590039 -0.05099799479 -0.1264671597 0.02505499868 0.8435700029 -0.5364344296 0.1340409825 -0.5345922322 -0.8344124641 0.0001459177875 -0.5700114853 0
0.5978888807 0.4839790911 -0.4325008585 -0.02387857029 0.1450906664 0.4805013462 -0.00311785832 0.03767669429 0.2512026414 -0.9903226754 -0.05233260926 -0.1285390855 0.02570199343 0.8410025838 -0.5404202638 0.1363833056 -0.5384941523 -0.8315188765 0.0001494180938 -0.5752261418 0
0.6026314711 0.4878181232 -0.4359315536 -0.02424744882 0.1461255939 0.480045648 -0.003167120228 0.03796776975 0.2511426441 -0.9900212413 -0.05351758007 -0.1303603101 0.02627611034 0.8387456523 -0.5438890482 0.138446769 -0.5418870725 -0.828969778 0.0001525279208 -0.5797889663 0
0.6073740616 0.4916571553 -0.4393622486 -0.02461888401 0.1471578476 0.4795867915 -0.00321675876 0.03825866193 0.2510821882 -0.9897130426 -0.05471863813 -0.1321891216 0.0268577024 0.8364791582 -0.5473401883 0.1405231549 -0.5452600192 -0.8264047158 0.0001556820426 -0.5843517907 0
0.612116652 0.4954961874 -0.4427929437 -0.02499286766 0.1481874094 0.4791247867 -0.00326677362 0.03854936946 0.2510212739 -0.9893979894 -0.05593582909 -0.1340253765 0.02744677981 0.8342032749 -0.5507736108 0.1426123866 -0.5486128681 -0.8238237846 0.0001588808156 -0.5889146151 0
0.6175367553 0.4998836527 -0.4467137381 -0.02542338752 0.1493607321 0.4785929393 -0.003324393887 0.03888137874 0.2509510968 -0.9890294194 -0.05734671535 -0.1361328831 0.02812918859 0.831590992 -0.5546757347 0.1450157108 -0.5524199274 -0.8208548394 0.0001625916889 -0.5941292716 0
0.6222793457 0.5037226848 -0.4501444331 -0.02580280429 0.1503844647 0.4781242226 -0.003375214157 0.0391716859 0.2508892016 -0.9886993734 -0.05859862267 -0.1379846025 0.02873433563 0.8292955763 -0.5580709499 0.1471322095 -0.5557292943 -0.8182402241 0.0001658873453 -0.5986920961 0
0.6270219362 0.5075617169 -0.4535751282 -0.0261847434 0.1514054488 0.4776523899 -0.003426409811 0.03946180403 0.2508268492 -0.9883621883 -0.05986679534 -0.1398433109 0.02934699344 0.8269913204 -0.5614482256 0.1492613104 -0.5590181776 -0.8156100406 0.0001692287757 -0.6032549205 0
0.6324420395 0.5119491821 -0.4574959225 -0.02662432301 0.1525688993 0.4771093504 -0.003485378393 0.03979313438 0.25075503 -0.9879679755 -0.06133610178 -0.1419759205 0.0300563783 0.8243472858 -0.5652859157 0.1517098992 -0.5627516637 -0.812585178 0.0001731040624 -0.608469577 0
0.6371846299 0.5157882142 -0.4609266176 -0.0270116387 0.1535839338 0.4766308757 -0.003537377412 0.0400828428 0.2506916992 -0.987615186 -0.06263925667 -0.143849115 0.03068514949 0.8220246791 -0.5686245234 0.1538657401 -0.565996246 -0.8099219614 0.000176544786 -0.6130324014 0
0.6419272204 0.5196272463 -0.4643573127 -0.02740145007 0.1545961638 0.476149318 -0.00358975085 0.04037235785 0.2506279124 -0.9872549712 -0.06395879255 -0.1457288399 0.03132144683 0.8196937861 -0.5719449834 0.1560339351 -0.5692199662 -0.8072434832 0.0001800324101 -0.6175952258 0
0.6466698108 0.5234662784 -0.4677880077 -0.02779374853 0.1556055718 0.4756646878 -0.003642498393 0.04066167815 0.2505636699 -0.9868872396 -0.06529474268 -0.1476149483 0.03196527312 0.817354784 -0.5752472324 0.1582144042 -0.5724227054 -0.8045498422 0.0001835672935 -0.6221580503 0
0.6520899141 0.5278537437 -0.4717088021 -0.02824512395 0.1567557029 0.4751070762 -0.003703238986 0.04099208968 0.2504896926 -0.9864576533 -0.06684168227 -0.1497781284 0.03271029588 0.8146719371 -0.5789988527 0.1607212953 -0.5760571364 -0.8014529561 0.0001876654901 -0.6273727068 0
0.6568325046 0.5316927758 -0.4751394971 -0.02864272271 0.1577590046 0.4746158982 -0.003756787124 0.04128098801 0.2504244751 -0.9860735061 -0.06821290972 -0.1516774195 0.03337026016 0.812316157 -0.5822618714 0.162927795 -0.5792145199 -0.7987271584 0.0001913028544 -0.6319355312 0
0.661575095 0.5355318079 -0.4785701922 -0.02904278122 0.1587594292 0.4741216816 -0.003810708373 0.04156968725 0.2503588032 -0.985681554 -0.06960064467 -0.1535826302 0.03403775541 0.8099528273 -0.5855064891 0.1651463146 -0.582350554 -0.7959865118 0.0001949886088 -0.6364983556 0
0.6669951983 0.5399192731 -0.4824909866 -0.02950299156 0.1598992266 0.4735531557 -0.003872789116 0.0418993837 0.2502831937 -0.9852239341 -0.07120687415 -0.155767072 0.03480982674 0.8072428643 -0.589192018 0.1676963792 -0.5859083027 -0.7928362916 0.000199260615 -0.6417130121 0
0.6717377888 0.5437583052 -0.4859216816 -0.02990829122 0.1608934278 0.4730524643 -0.003927508804 0.0421876517 0.2502165493 -0.9848149481 -0.07263006797 -0.1576844675 0.03549345341 0.8048639597 -0.5923970131 0.1699403802 -0.5889982 -0.7900641667 0.0002030512764 -0.6462758366 0
0.6764803792 0.5475973373 -0.4893523767 -0.03031602275 0.1618846978 0.4725487687 -0.003982600586 0.0424757163 0.2501494518 -0.9843978682 -0.07406984545 -0.1596073152 0.03618460286 0.8024780689 -0.5955834312 0.1721961428 -0.5920663873 -0.7872775123 0.0002068914617 -0.650838661 0
0.6812229696 0.5514363694 -0.4927830718 -0.03072617718 0.1628730193 0.4720420799 -0.004038064133 0.04276357612 0.2500819015 -0.9839726024 -0.07552622721 -0.1615354658 0.03688327035 0.8000853717 -0.5987512191 0.1744635838 -0.5951127516 -0.784476431 0.000210781532 -0.6554014854 0
0.6866430729 0.5558238347 -0.4967038661 -0.03119788036 0.1639988973 0.4714593562 -0.004101905843 0.04309230626 0.2500041473 -0.9834764425 -0.07721101943 -0.1637453677 0.03769094577 0.7973427574 -0.6023486696 0.1770691378 -0.5985674446 -0.7812576622 0.0002152888745 -0.6606161419 0
0.6913856634 0.5596628668 -0.5001345612 -0.03161319629 0.1649808433 0.4709462911 -0.004158164915 0.04337972266 0.2499356281 -0.9830333251 -0.07870304315 -0.1656843771 0.0384057025 0.7949360823 -0.6054763638 0.179361322 -0.601566668 -0.7784260145 0.0002192870598 -0.6651789664 0
