0.01056935061 0.01416292981 0 -1.272370384e-05 0.002695114263 0.5099905047 -1.60163229e-06 0.000671995801 0.254998818 -0.9999999973 -5.186906208e-07 -7.40972488e-05 2.605419086e-07 0.9999447057 -0.01051596194 7.409860617e-05 -0.01051596193 -0.999944703 1.040517099e-07 0
0.02013870121 0.02698585962 0 -4.619149525e-05 0.005134883619 0.5099655287 -5.848503579e-06 0.001282907484 0.2549956833 -0.9999999638 -3.591933749e-06 -0.0002689786984 1.797576239e-06 0.9997992941 -0.02003425934 0.0002689966745 -0.0200342591 -0.9997992579 1.001775008e-07 0
0.03030613623 0.04061022255 0 -0.00010459938 0.007726411299 0.5099219408 -1.328052025e-05 0.001932332924 0.2549901974 -0.9999998145 -1.224082991e-05 -0.0006090149914 6.121561318e-06 0.9995456317 -0.03014183313 0.0006091072354 -0.03014183127 -0.9995454462 7.795181231e-08 0
0.04047357125 0.05423458548 0 -0.0001865380079 0.01031682261 0.5098607925 -2.371493249e-05 0.002581585353 0.2549824953 -0.99999941 -2.914863229e-05 -0.00108589104 1.457209675e-05 0.9991900114 -0.04024078732 0.001086184444 -0.0402407794 -0.9991894214 3.751410622e-07 0
0.05004292186 0.06705751529 0 -0.0002851392584 0.01275350186 0.5097872095 -3.627563408e-05 0.003192456417 0.2549732236 -0.9999986215 -5.507715308e-05 -0.00165950935 2.75271236e-05 0.9987624373 -0.04973522884 0.001660194878 -0.04973520597 -0.998761059 7.577149756e-07 0
0.06021035688 0.08068187821 0 -0.0004127110041 0.01534067814 0.5096920067 -5.253125228e-05 0.003841313706 0.2549612245 -0.9999971123 -9.588306072e-05 -0.002401287831 4.790789042e-05 0.9982098248 -0.05980922548 0.002402723796 -0.05980916781 -0.9982069376 1.265962921e-06 0
0.0703777919 0.09430624114 0 -0.0005637600737 0.01792563836 0.5095792835 -7.178379432e-05 0.00448997308 0.2549470131 -0.9999946123 -0.0001530300006 -0.003279027283 7.643734906e-05 0.9975563724 -0.06986614314 0.003281706177 -0.06986601736 -0.9975509862 1.878010525e-06 0
0.08054522691 0.1079306041 0 -0.0007382602818 0.02050800936 0.5094490595 -9.403217037e-05 0.005138426656 0.2549305903 -0.9999907618 -0.0002292389158 -0.0042922977 0.0001144630995 0.9968026272 -0.07990312404 0.00429689053 -0.07990287719 -0.9967933923 2.594947419e-06 0
0.09011457752 0.1207535339 0 -0.0009238912284 0.0229357772 0.5093105289 -0.0001177074722 0.005748535503 0.2549131143 -0.9999855336 -0.0003207990181 -0.005369327371 0.0001601220874 0.9960021667 -0.08932893359 0.005376518329 -0.08932850107 -0.9959877067 3.367482247e-06 0
0.1002820125 0.1343778968 0 -0.001143824252 0.02551205879 0.5091463998 -0.0001457679279 0.006396546567 0.2548924012 -0.9999778294 -0.0004417085624 -0.00664421222 0.0002203775018 0.9950556101 -0.09931910316 0.006655230742 -0.09931836543 -0.9950334518 4.294907848e-06 0
0.1104494476 0.1480022597 0 -0.001387107872 0.02808465683 0.5089648449 -0.0001768205366 0.007044301712 0.2548694794 -0.9999674004 -0.0005895695125 -0.008052981648 0.0002940090442 0.9940108525 -0.1092810082 0.008069179904 -0.1092798133 -0.9939782748 5.335469149e-06 0
0.1200187982 0.1608251895 0 -0.001637373637 0.03050222861 0.5087780794 -0.000208778501 0.00765370087 0.2548458892 -0.999954583 -0.0007557135633 -0.009500569686 0.0003766791237 0.9929386262 -0.1186285918 0.009523131848 -0.1186267827 -0.9928932452 6.421540286e-06 0
0.1301862332 0.1744495525 0 -0.001925860923 0.03306661851 0.5085627904 -0.0002456350194 0.008300897901 0.2548186831 -0.9999371807 -0.0009633910881 -0.01116721056 0.0004799250037 0.9917058089 -0.1285276557 0.01119840998 -0.1285249411 -0.9916430482 7.692794543e-06 0
0.1403536682 0.1880739154 0 -0.002237563301 0.03562623665 0.5083301766 -0.0002854789056 0.0089477743 0.2547892717 -0.9999152171 -0.001205690447 -0.01296552877 0.0006002652092 0.9903775901 -0.1383902769 0.01300762497 -0.1383863265 -0.9902928993 9.089246146e-06 0
0.1505211032 0.2016982783 0 -0.002572426776 0.03818071478 0.5080802785 -0.0003283082598 0.009594306922 0.2547576564 -0.9998879656 -0.001485158555 -0.01489464854 0.0007389189053 0.988955079 -0.1482137166 0.01495025919 -0.1482081175 -0.9888431846 1.061560406e-05 0
0.1600904538 0.2145212081 0 -0.002908698052 0.04057990516 0.5078293298 -0.0003713436242 0.01020247318 0.254725889 -0.9998567911 -0.001784390987 -0.01682893765 0.0008872149276 0.9875311719 -0.1574210832 0.01690000128 -0.15741347 -0.9873881655 1.217529457e-05 0
0.1702578888 0.2281455711 0 -0.003288352161 0.04312335809 0.5075460059 -0.0004199623479 0.01084827137 0.2546899999 -0.9998170113 -0.002143147675 -0.01900923222 0.001064800504 0.9859290816 -0.1671607375 0.01910000501 -0.16715039 -0.9857463857 1.396823342e-05 0
0.1804253239 0.241769934 0 -0.0036909854 0.04566059386 0.5072455333 -0.0004715601364 0.01149365631 0.2546519116 -0.9997695159 -0.00254635269 -0.02131739256 0.001264129548 0.9842364108 -0.1768532998 0.02143168482 -0.1768394859 -0.984006341 1.590637347e-05 0
0.1905927589 0.2553942969 0 -0.004116528069 0.04819124851 0.5069279641 -0.0005261345349 0.01213860411 0.254611626 -0.9997133838 -0.002996401669 -0.02375230057 0.001486309736 0.9824545702 -0.1864961348 0.02389437358 -0.1864779853 -0.9821685293 1.799534173e-05 0
0.2001621095 0.2682172267 0 -0.004537900551 0.05056670446 0.5066135071 -0.0005802154694 0.01274519304 0.2545717044 -0.9996517977 -0.003464875547 -0.02615870812 0.001717258318 0.9806974162 -0.1955239853 0.02633124374 -0.1955008246 -0.980349985 2.010441523e-05 0
0.2103295445 0.2818415896 0 -0.005007700688 0.05308354982 0.5062629099 -0.0006405604562 0.01338922387 0.2545271586 -0.9995760956 -0.004012528546 -0.02883624135 0.001986835605 0.9787467837 -0.205062883 0.02904619915 -0.2050332488 -0.9783239163 2.250291934e-05 0
0.2204969795 0.2954659526 0 -0.005500182408 0.05559275119 0.5058953863 -0.0007038740153 0.01403274699 0.2544804212 -0.9994887792 -0.004613807947 -0.03163689194 0.002282327898 0.9767115518 -0.2145444837 0.03188998486 -0.2145070098 -0.9762017064 2.506982817e-05 0
0.2300663301 0.3082888824 0 -0.005984337888 0.05794704859 0.5055340762 -0.0007661723284 0.01463793049 0.254434433 -0.9993950052 -0.00523068477 -0.03438405936 0.002584981281 0.9747202733 -0.2234137566 0.03468344667 -0.2233674746 -0.9741170514 2.764519808e-05 0
0.2402337652 0.3219132453 0 -0.006520601917 0.06044038941 0.5051338792 -0.00083523969 0.01528039943 0.2543834477 -0.9992819657 -0.005942322492 -0.03741980572 0.002933515392 0.9725257111 -0.2327770085 0.03777495922 -0.2327196382 -0.9718099724 3.055704215e-05 0
0.2504012002 0.3355376082 0 -0.007079285913 0.06292503609 0.5047169508 -0.0009072663679 0.01592228993 0.2543302776 -0.9991539567 -0.00671393301 -0.04057454769 0.003310707722 0.9702517188 -0.2420756933 0.04099280463 -0.2420052172 -0.969408616 3.365610841e-05 0
0.2605686352 0.3491619712 0 -0.007660293316 0.06540063478 0.5042833632 -0.0009822489382 0.01656357796 0.2542749251 -0.9990097569 -0.007547565465 -0.04384677655 0.003717411168 0.9679001832 -0.2513074139 0.04433606221 -0.251221555 -0.9669136693 3.694901936e-05 0
0.2701379858 0.361984901 0 -0.00822742627 0.06772202936 0.5038601296 -0.001055517771 0.01716657129 0.2542208374 -0.9988581214 -0.008390601137 -0.04703244735 0.004127875203 0.9656178826 -0.2599328094 0.04759636475 -0.2598301418 -0.9644806289 4.023132127e-05 0
0.2803054208 0.3756092639 0 -0.008851477347 0.07017906077 0.5033944199 -0.00113622795 0.01780662124 0.2541612561 -0.9986788623 -0.009350258238 -0.05052823559 0.004594137887 0.9631214409 -0.26902785 0.05118030694 -0.2689045608 -0.9618060685 4.391977385e-05 0
0.2904728558 0.3892336268 0 -0.009497545704 0.0726260138 0.5029122793 -0.001219883139 0.01844599811 0.2540995003 -0.9984796016 -0.01037761895 -0.05413677244 0.00509216698 0.9605533613 -0.2780491142 0.05488674649 -0.2779020423 -0.959040093 4.78220667e-05 0
0.3000422064 0.4020565566 0 -0.01012562287 0.07491951142 0.502443565 -0.001301304128 0.01904712825 0.2540393934 -0.9982725684 -0.01140801407 -0.05763450734 0.00559052514 0.9580728052 -0.286470323 0.0584861116 -0.2862976722 -0.9563540232 5.169637361e-05 0
0.3102096415 0.4156809196 0 -0.0108141089 0.07734591289 0.5019297695 -0.001390664627 0.01968513017 0.253973425 -0.9980305537 -0.01257190346 -0.06145698627 0.006152106606 0.9553717744 -0.2953420462 0.06242728172 -0.2951384758 -0.9534128773 5.603364754e-05 0
0.3203770765 0.4293052825 0 -0.0115242735 0.07976122232 0.5013997959 -0.001482958047 0.02032238862 0.2539052909 -0.9977644288 -0.01380862724 -0.06538705041 0.006747306271 0.9526055062 -0.3041335617 0.06648773124 -0.3038948359 -0.9503827178 6.060535457e-05 0
0.3305445115 0.4429296454 0 -0.01225599419 0.08216509918 0.5008537357 -0.00157818 0.02095887974 0.2538349944 -0.9974727361 -0.01511979679 -0.06942285313 0.007376656422 0.9497762805 -0.312842775 0.07066629841 -0.3125642473 -0.9472644117 6.541859858e-05 0
0.3401138621 0.4557525752 0 -0.01296425092 0.08441682491 0.5003251859 -0.001670471815 0.0215572079 0.2537668605 -0.9971735151 -0.01642322582 -0.07331615467 0.008000613807 0.9470580537 -0.3209626661 0.07470589709 -0.3206420442 -0.9442498125 7.017575222e-05 0
0.3502812971 0.4693769382 0 -0.01373745238 0.08679754535 0.4997481699 -0.001771365534 0.02219214149 0.2536923757 -0.9968279245 -0.01788324349 -0.07755177927 0.008697582671 0.9441133072 -0.3295063205 0.07911030856 -0.3291356146 -0.9409629675 7.547829251e-05 0
0.3604487321 0.4830013011 0 -0.01453182851 0.08916584462 0.4991553519 -0.001875174087 0.02282623777 0.2536157384 -0.9964523211 -0.01942203454 -0.08188746131 0.00942996704 0.9411125855 -0.3379617984 0.08362922615 -0.3375350145 -0.9375906711 8.104348459e-05 0
0.3700180828 0.4958242309 0 -0.0152986971 0.09138318858 0.4985830619 -0.001975534528 0.02342224816 0.2535416461 -0.9960699992 -0.02094345686 -0.0860577038 0.01015191344 0.9382394473 -0.3458376471 0.0879857683 -0.3453521552 -0.9343395494 8.652772539e-05 0
0.3801855178 0.5094485938 0 -0.01613378327 0.09372643202 0.4979598632 -0.002084987093 0.02405465142 0.2534608408 -0.9956316648 -0.02263888112 -0.09058183707 0.01095392348 0.9351371297 -0.3541165914 0.09272324253 -0.3535619179 -0.9308041526 9.262345346e-05 0
0.3903529528 0.5230729567 0 -0.01698963159 0.09605628629 0.4973211705 -0.002197339599 0.02468614777 0.2533778937 -0.9951586714 -0.02441676477 -0.09520000193 0.01179214672 0.9319861885 -0.3623019317 0.09757132799 -0.3616705214 -0.927186211 9.900318308e-05 0
0.4005203878 0.5366973197 0 -0.01786609485 0.09837242726 0.4966670934 -0.002312586711 0.02531671361 0.2532928089 -0.9946494016 -0.02627820935 -0.09991007776 0.0126667441 0.9287891971 -0.3703919287 0.1025286376 -0.3696756457 -0.9234867598 0.0001056742086 0
0.4100897384 0.5495202495 0 -0.01870969819 0.1005395096 0.4960375387 -0.002423693892 0.02590931628 0.2532107797 -0.9941354876 -0.02810740666 -0.1044251213 0.01352321589 0.9257405317 -0.377917439 0.1072928465 -0.3771133009 -0.9199314123 0.0001122254621 0
0.4202571734 0.5631446124 0 -0.01962574546 0.1028281152 0.4953539213 -0.002544544206 0.02653800875 0.2531215565 -0.9935511224 -0.03013390594 -0.1093074329 0.01446866647 0.9224616182 -0.3858176003 0.1124581027 -0.3849110426 -0.9160767787 0.0001194828119 0
0.4304246085 0.5767689753 0 -0.02056195467 0.1051020696 0.4946552577 -0.002668272646 0.02716570168 0.2530302074 -0.9929256366 -0.03224674574 -0.1142752273 0.01545063097 0.9191444081 -0.3936176254 0.1177283237 -0.3925986556 -0.912143814 0.0001270529739 0
0.4405920435 0.5903933383 0 -0.02151816508 0.1073610592 0.4939416679 -0.002794873339 0.0277923717 0.2529367367 -0.9922573597 -0.0344467117 -0.1193262593 0.01646904157 0.9157915928 -0.4013159968 0.1231020015 -0.4001739405 -0.9081336436 0.0001349432758 0
0.4501613941 0.6032162681 0 -0.0224362519 0.1094732188 0.4932565284 -0.002916645343 0.02838122345 0.2528468302 -0.9915878 -0.03659748827 -0.1241541734 0.0174607259 0.9126059079 -0.4084673548 0.1282527113 -0.4071990677 -0.9042898657 0.0001426684535 0
0.4603288291 0.616840631 0 -0.02343081678 0.1117022754 0.4925143158 -0.003048804316 0.02900584129 0.2527492538 -0.9908316582 -0.03896851531 -0.1293602718 0.01854946828 0.9091917462 -0.4159642844 0.133822802 -0.4145501459 -0.9001331202 0.00015120113 0
0.4704962641 0.6304649939 0 -0.02444489081 0.1139154622 0.4917575442 -0.003183817488 0.02962936778 0.252649569 -0.9900277686 -0.04142850024 -0.1346428493 0.0196741118 0.9057500233 -0.4233554353 0.1394917446 -0.4217826154 -0.8959026055 0.000160075506 0
0.4800656147 0.6432879237 0 -0.02541697936 0.1159836943 0.491032105 -0.003313490271 0.03021519859 0.2525538261 -0.9892260322 -0.04382545399 -0.1396824501 0.02076512395 0.9024880588 -0.4302140321 0.1449160685 -0.4284794433 -0.8918546405 0.0001687465621 0
0.4902330497 0.6569122867 0 -0.02646842519 0.1181652162 0.4902474439 -0.003454025544 0.03083654058 0.2524500617 -0.9883246191 -0.04645935354 -0.1451067733 0.02195853608 0.8990007562 -0.4373962312 0.1507722451 -0.435475796 -0.8874844006 0.0001783051474 0
0.5004004848 0.6705366496 0 -0.02753885998 0.1203299895 0.489448612 -0.003597395798 0.03145672333 0.2523442029 -0.987370475 -0.04918331645 -0.1506006191 0.02318678229 0.8954940781 -0.4444690418 0.1567224241 -0.4423475527 -0.8830440104 0.0001882269654 0
0.5105679198 0.6841610125 0 -0.02862810062 0.1224777215 0.4886357458 -0.003743594234 0.03207572387 0.2522362545 -0.9863619083 -0.05199755125 -0.1561615846 0.02444937991 0.8919708284 -0.4514313559 0.1627649031 -0.4490927476 -0.8785347406 0.0001985193243 0
0.5201372704 0.6969839423 0 -0.02967028059 0.1244832901 0.4878579996 -0.003883770087 0.03265721217 0.2521327518 -0.9853614436 -0.05472881718 -0.1614545819 0.0256686009 0.8886422071 -0.4578822455 0.1685347097 -0.4553238237 -0.8742289558 0.0002085512746 0
0.5303047054 0.7106083052 0 -0.03079549236 0.1265971191 0.4870182893 -0.004035438621 0.03327385252 0.2520207617 -0.9842424239 -0.05771856074 -0.1671389202 0.02699627429 0.8850948136 -0.4646271324 0.1747514008 -0.4618178632 -0.8695896786 0.0002195837462 0
0.5404721404 0.7242326682 0 -0.03193895356 0.1286930653 0.48616496 -0.004189914574 0.03388924351 0.2519066971 -0.9830640416 -0.06079869439 -0.1728832233 0.02835652636 0.8815391209 -0.4712586187 0.1810552335 -0.46817977 -0.8648853713 0.0002310081965 0
0.550041491 0.737055598 0 -0.03303164837 0.1306491344 0.4853495161 -0.004337861716 0.03446727339 0.251797452 -0.9818992602 -0.06378010075 -0.1783422034 0.02966587769 0.8781875248 -0.4773956503 0.1870662409 -0.4740451138 -0.8603995883 0.0002421251978 0
0.5602089261 0.7506799609 0 -0.03420997523 0.1327095724 0.4844701677 -0.004497766353 0.03508017438 0.2516793758 -0.9806009128 -0.06703525453 -0.184195886 0.03108725371 0.8746237489 -0.4838045892 0.1935340601 -0.4801453661 -0.8555729045 0.0002543312767 0
0.5703763611 0.7643043238 0 -0.0354059692 0.1347513154 0.4835776349 -0.004660456507 0.03569175943 0.251559241 -0.9792383538 -0.07038017701 -0.1901022808 0.0325389105 0.8710599335 -0.4900977571 0.200083647 -0.486108242 -0.8506852011 0.0002669506641 0
0.5805437961 0.7779286868 0 -0.03661942656 0.1367740946 0.4826720697 -0.004825924472 0.03630200604 0.2514370533 -0.9778099642 -0.07381448904 -0.1960589074 0.03401994819 0.8674988724 -0.4962744699 0.2067131275 -0.4919320355 -0.8457378763 0.0002799905828 0
0.5901131467 0.7907516166 0 -0.03777727187 0.1386603253 0.4818080061 -0.004984189528 0.03687511306 0.2513201827 -0.9764040279 -0.07712802523 -0.2017088051 0.03543984675 0.8641522932 -0.5019809074 0.2130239226 -0.497284709 -0.8410283744 0.0002926540546 0
0.6002805817 0.8043759795 0 -0.03902403667 0.1406455372 0.4808775846 -0.005155027233 0.0374826976 0.2511940261 -0.9748432985 -0.08073445828 -0.2077558437 0.03697512583 0.8606045075 -0.5079298394 0.219803056 -0.5028337985 -0.8359693701 0.0003065308544 0
0.6104480167 0.8180003424 0 -0.04028764947 0.1426110145 0.4799345899 -0.005328619336 0.03808887799 0.2510658335 -0.9732120905 -0.08442867608 -0.2138457984 0.0385367952 0.8570676152 -0.5137606626 0.226656441 -0.5082390202 -0.8308549549 0.0003208493293 0
0.6200173673 0.8308232722 0 -0.04149213048 0.14444262 0.4790357235 -0.005494508911 0.03865809814 0.2509433272 -0.9716110787 -0.08798514264 -0.2196144952 0.04002969593 0.853751174 -0.5191402088 0.2331727584 -0.5131934797 -0.8259920806 0.0003347354146 0
0.6301848024 0.8444476352 0 -0.04278783315 0.1463690655 0.4780687812 -0.005673424221 0.03926148952 0.2508111995 -0.9698386993 -0.09184766374 -0.2257806547 0.0416393102 0.8502432089 -0.5247405583 0.2401646627 -0.5183150512 -0.8207742945 0.0003499316577 0
0.6403522374 0.8580719981 0 -0.044099745 0.1482750383 0.4770897425 -0.0058550694 0.0398634117 0.2506770536 -0.967991401 -0.09579564433 -0.2319824178 0.04327182142 0.84675411 -0.5302216769 0.2472249929 -0.5232883256 -0.8155054452 0.0003655905532 0
0.6505196724 0.871696361 0 -0.0454276437 0.150160295 0.4760987734 -0.00603943586 0.04046384271 0.2505408958 -0.9660677299 -0.09982813269 -0.2382173064 0.04492593022 0.8432865385 -0.5355833033 0.2543517288 -0.5281118801 -0.8101870402 0.0003817191912 0
0.660089023 0.8845192908 0 -0.04669183326 0.1519155157 0.4751553483 -0.006215435304 0.04102757248 0.250410915 -0.9641861757 -0.10369969 -0.2441134837 0.04650125522 0.8400449649 -0.5405202033 0.2611180804 -0.5325136911 -0.8051375764 0.0003973345229 0
0.670256458 0.8981436538 0 -0.04805012111 0.1537598787 0.4741417007 -0.00640505925 0.0416250465 0.2502708698 -0.9621102211 -0.1078932052 -0.2504056283 0.04819337258 0.8366266683 -0.5456493533 0.2683678842 -0.5370427117 -0.7997273314 0.0004143951682 0
0.680423893 0.9117680167 0 -0.04942372738 0.1555828328 0.4731166214 -0.006597378477 0.04222096526 0.2501288314 -0.959953807 -0.1121679666 -0.2567236563 0.04990294814 0.8332375491 -0.5506585899 0.2756780445 -0.541418077 -0.7942720451 0.0004319462746 0
0.6905913281 0.9253923796 0 -0.05081242003 0.1573841501 0.4720802836 -0.006792383898 0.04281530711 0.2499848066 -0.9577156139 -0.116522711 -0.2630651263 0.05162846944 0.8298801399 -0.5555478868 0.2830464696 -0.5456385353 -0.7887732785 0.0004499948376 0
0.7001606787 0.9382153094 0 -0.05213299632 0.1590595422 0.4710947789 -0.006978363988 0.04337322791 0.2498474451 -0.955533227 -0.1206931596 -0.2690528078 0.05326565564 0.8267514267 -0.5600400417 0.2900327948 -0.5494681425 -0.7835596584 0.0004674423867 0
0.7103281137 0.9518396723 0 -0.05355030311 0.1608182242 0.4700370872 -0.007178557377 0.04396444734 0.2496995833 -0.953132666 -0.1251992746 -0.275432864 0.05501761982 0.823462656 -0.5646966581 0.2975082897 -0.5533844918 -0.7779809906 0.0004864764723 0
0.7204955487 0.9654640353 0 -0.05498200036 0.1625546238 0.4689686564 -0.007381409514 0.04455402677 0.2495497549 -0.9506466751 -0.1297812201 -0.2818292638 0.05678078566 0.8202128127 -0.5692335938 0.3050358035 -0.5571425103 -0.7723635036 0.0005060284352 0
0.7300648993 0.9782869651 0 -0.05634240991 0.1641683379 0.4679534254 -0.00757474935 0.04510740789 0.2494069496 -0.9482278417 -0.1341615172 -0.2878622024 0.05844893784 0.8171918175 -0.5733945021 0.3121661128 -0.5605338711 -0.7670424352 0.0005249095296 0
0.7402323343 0.991911328 0 -0.05780135161 0.1658608836 0.466864663 -0.007782735141 0.04569374317 0.2492533235 -0.9455727513 -0.138886156 -0.2942835497 0.06022892478 0.8140242554 -0.5776997389 0.3197884435 -0.5639815133 -0.761354191 0.0005454864189 0
0.7503997694 1.005535691 0 -0.05927396875 0.1675305374 0.465765695 -0.007993351168 0.04627837616 0.2490977516 -0.9428289558 -0.1436818454 -0.3007142953 0.06201495092 0.810902447 -0.5818860433 0.3274564184 -0.5672677928 -0.7556318848 0.0005666013579 0
0.7605672044 1.019160054 0 -0.06076001411 0.1691771004 0.4646567059 -0.008206587499 0.04686128586 0.2489402408 -0.9399954344 -0.1485468238 -0.3071521193 0.0638051714 0.8078286145 -0.5859537778 0.3351678436 -0.5703917696 -0.7498771538 0.0005882611447 0
0.770136555 1.031982984 0 -0.06217068846 0.1707055393 0.4636039638 -0.008409665147 0.0474083138 0.2487902309 -0.9372457562 -0.1531872859 -0.3132156571 0.06549222586 0.8049813642 -0.5896742928 0.3424633714 -0.5731829191 -0.7444327911 0.0006091506017 0
0.78030399 1.045607347 0 -0.0636820871 0.1723067281 0.4624760544 -0.008627959142 0.04798781869 0.2486289776 -0.9342353347 -0.1581814895 -0.3196606885 0.06728516074 0.8020068022 -0.5935130971 0.3502528323 -0.5759893277 -0.7386198263 0.0006318873187 0
0.790471425 1.05923171 0 -0.06520617533 0.1738842668 0.4613386751 -0.008848843528 0.04856553909 0.2484658073 -0.9311324783 -0.1632394214 -0.3261061164 0.06907661847 0.7990864337 -0.5972347045 0.3580792211 -0.5786309383 -0.7327793042 0.0006551886876 0
0.8000407756 1.072054639 0 -0.06665197497 0.1753472424 0.4602597202 -0.009059091708 0.04910762734 0.2483104907 -0.928126972 -0.1680562401 -0.3321707754 0.07075955002 0.7963891488 -0.6006308432 0.3654769623 -0.5809659404 -0.7272586652 0.0006776411647 0
0.8102082106 1.085679002 0 -0.06819996677 0.1768783582 0.4591045024 -0.009284974694 0.04968182495 0.2481436206 -0.9248424012 -0.1732320762 -0.3386106625 0.07254237754 0.793579633 -0.6041266172 0.3733686335 -0.5832855338 -0.7213694266 0.0007020576191 0
0.8203756457 1.099303365 0 -0.06975989344 0.178385303 0.457940378 -0.009513417133 0.05025417772 0.2479748559 -0.9214631521 -0.1784655475 -0.3450445011 0.0743177197 0.7908300156 -0.6075070065 0.3812906187 -0.5854382417 -0.7154575664 0.0007270582275 0
0.8305430807 1.112927728 0 -0.07133149493 0.1798679086 0.4567675411 -0.009744408275 0.05082466534 0.2478042043 -0.9179885738 -0.1837544698 -0.3514701597 0.07608346416 0.7881421112 -0.6107727229 0.3892406516 -0.5874234481 -0.709524776 0.0007526495472 0
0.8401124313 1.125750658 0 -0.07282107982 0.1812409217 0.4556559106 -0.009964130199 0.05135987295 0.2476418744 -0.9146307689 -0.1887809291 -0.3575084857 0.07773465329 0.7856702599 -0.6137422638 0.3967466197 -0.5891383568 -0.7039233739 0.0007772809455 0
0.8502798663 1.139375021 0 -0.07441459569 0.1826758175 0.4544667196 -0.0102000377 0.05192668236 0.2474675826 -0.9109695039 -0.194171055 -0.3639123031 0.07947561616 0.7831070813 -0.6167875855 0.4047445978 -0.5907968353 -0.6979548051 0.0008040375135 0
0.8604473013 1.152999384 0 -0.07601901215 0.1840859057 0.4532693939 -0.01043846161 0.05249156747 0.2472914273 -0.9072113409 -0.1996099021 -0.3703018633 0.08120058617 0.7806105625 -0.6197205939 0.4127639129 -0.5922862793 -0.6919703141 0.0008314038511 0
0.8700166519 1.165822314 0 -0.07753877034 0.1853902516 0.452135246 -0.01066514929 0.05302144839 0.247123939 -0.9035853603 -0.2047711881 -0.3763007536 0.08280748056 0.7783231751 -0.6223792704 0.42032894 -0.5935333147 -0.6863248404 0.000857723157 0
0.880184087 1.179446677 0 -0.07916358534 0.1867517596 0.4509226975 -0.01090842592 0.05358254138 0.2469441896 -0.8996379803 -0.2102977622 -0.3826569686 0.08449501481 0.7759603984 -0.6250968346 0.4283831192 -0.59469346 -0.6803143331 0.0008862913937 0
0.890351522 1.193071039 0 -0.08079851369 0.1880880319 0.4497026017 -0.0111541857 0.05414165186 0.2467626008 -0.8955926702 -0.2158659143 -0.3889931571 0.08615992394 0.7736686158 -0.6277048195 0.4364518721 -0.5956834562 -0.6742929507 0.0009154880974 0
0.900518957 1.206695402 0 -0.08244328501 0.189398932 0.4484751604 -0.01140241707 0.05469876024 0.2465791809 -0.8914492054 -0.2214731315 -0.3953074324 0.08779990729 0.7714491553 -0.6302042344 0.4445328901 -0.59650302 -0.6682624161 0.0009453195382 0
0.9100883076 1.219518332 0 -0.08400005332 0.190609425 0.447313393 -0.01163829397 0.0552212512 0.2464048854 -0.8874596673 -0.2267839134 -0.4012286076 0.08931857324 0.7694274392 -0.6324583846 0.4521476876 -0.5971184744 -0.6625798036 0.0009739815922 0
0.9202557426 1.233142695 0 -0.08566315499 0.1918707016 0.4460722724 -0.01189128982 0.05577441769 0.2462179352 -0.8831252738 -0.2324596455 -0.4074951091 0.09090352989 0.7673518729 -0.6347500701 0.4602459115 -0.5976065733 -0.6565364305 0.001005062896 0
0.9304231776 1.246767058 0 -0.08733529717 0.1931062323 0.4448244051 -0.0121467227 0.05632552515 0.2460291791 -0.8786924493 -0.2381668349 -0.4137343813 0.0924566849 0.765352089 -0.6369363715 0.4683495926 -0.5979236896 -0.6504889857 0.001036797107 0
0.9405906127 1.260391421 0 -0.08901620471 0.1943158995 0.4435699965 -0.01240458065 0.05687455446 0.2458386256 -0.8741612326 -0.2439028289 -0.4199446982 0.09397566973 0.7634291092 -0.6390184416 0.4764564125 -0.5980697328 -0.6444391994 0.00106919031 0
0.9501599633 1.273214351 0 -0.0906059951 0.1954306824 0.4423835857 -0.01264947495 0.05738937251 0.245657647 -0.869806772 -0.2493253223 -0.4257617444 0.09537195612 0.7616902502 -0.640883884 0.4840871505 -0.5980508728 -0.6387446941 0.001100285418 0
0.9603273983 1.286838714 0 -0.09230312837 0.1965898259 0.4411170684 -0.0129120058 0.05793431357 0.2454636295 -0.8650849257 -0.2551095494 -0.4319110894 0.09681780479 0.7599189757 -0.6427670364 0.4921934416 -0.5978647575 -0.6326953041 0.001133975013 0
0.9704948333 1.300463077 0 -0.09400821178 0.1977227876 0.4398446181 -0.01317692589 0.05847712088 0.2452678405 -0.860265199 -0.2609146166 -0.4380266547 0.0982224532 0.7582270422 -0.6445495343 0.5002960494 -0.597507586 -0.6266486637 0.001168341194 0
0.9800641839 1.313286006 0 -0.09562000868 0.198765099 0.4386417846 -0.01342843391 0.05898603247 0.2450819583 -0.8556398501 -0.2663947796 -0.443750232 0.09950468493 0.7567077407 -0.6461363733 0.5079165922 -0.5970152566 -0.6209617692 0.001201309156 0
0.9902316189 1.326910369 0 -0.09733972739 0.1998469597 0.4373584124 -0.01369795647 0.05952464462 0.2448827563 -0.8506310709 -0.2722324191 -0.4497958328 0.1008224862 0.7551717485 -0.6477271466 0.5160054336 -0.5963263705 -0.6149254038 0.001237005439 0
1.000399054 1.340534732 0 -0.09906657314 0.2009023621 0.4360697215 -0.01396983152 0.06006106847 0.2446818093 -0.8455255264 -0.278082742 -0.4558032171 0.1020920026 0.753716921 -0.6492210918 0.5240837788 -0.5954668686 -0.6088968724 0.001273395437 0
1.010566489 1.354159095 0 -0.1008002645 0.2019312218 0.434775922 -0.01424404637 0.06059528569 0.2444791267 -0.8403237348 -0.2839429425 -0.4617709672 0.1033108222 0.7523437128 -0.65061956 0.5321493163 -0.5944369968 -0.6028778997 0.001310484862 0
1.02013584 1.366982025 0 -0.102437975 0.2028752424 0.43355375 -0.01450425686 0.06109604635 0.2442867892 -0.8353405359 -0.2894649251 -0.4673502394 0.104409477 0.7511261731 -0.6518497781 0.539726644 -0.593312337 -0.5972232585 0.001346036546 0
1.030303275 1.380606388 0 -0.1041841492 0.2038523554 0.4322506349 -0.01478297704 0.06162592834 0.2440807637 -0.8299536557 -0.2953362472 -0.473237182 0.1055230093 0.7499123832 -0.6530668511 0.547760736 -0.591952632 -0.5912277543 0.001384499772 0
1.04047071 1.394230751 0 -0.1059363377 0.2048027058 0.4309430316 -0.01506399907 0.06215355056 0.24387303 -0.8244724626 -0.3012091341 -0.4790805945 0.1065787702 0.7487810588 -0.6541925494 0.5557752461 -0.5904235628 -0.5852468644 0.001423678886 0
1.05004006 1.407053681 0 -0.1075906961 0.2056726473 0.4297084358 -0.01533058141 0.06264805595 0.2436759638 -0.8192282514 -0.3067354442 -0.4845394095 0.1075175113 0.747791723 -0.6551698435 0.5632983728 -0.5888301167 -0.5796326741 0.001461212208 0
1.060207495 1.420678044 0 -0.1093537488 0.2065708651 0.4283927248 -0.01561603428 0.06317124083 0.243464941 -0.8135663201 -0.3126032631 -0.4902948527 0.1084543084 0.7468207439 -0.6561222748 0.5712683307 -0.5869735739 -0.5736850337 0.001501796556 0
1.07037493 1.434302407 0 -0.1111219798 0.2074421428 0.4270731494 -0.01590375021 0.06369211392 0.243252238 -0.8078126235 -0.3184642945 -0.4960032847 0.1093263298 0.7459323384 -0.6569875951 0.579211981 -0.5849490915 -0.5677570267 0.001543112712 0
1.080542365 1.447926769 0 -0.1128951042 0.2082864297 0.4257499223 -0.01619371581 0.06421065775 0.2430378643 -0.8019681669 -0.3243157011 -0.5016636176 0.1101312197 0.7451263751 -0.6577672838 0.5871270507 -0.5827572489 -0.5618503494 0.00158516596 0
1.090111716 1.460749699 0 -0.1145681416 0.2090563557 0.4245013869 -0.0164686676 0.06469655575 0.2428345836 -0.7963855555 -0.3298115795 -0.5069461203 0.1108253434 0.7444429387 -0.6584242206 0.5945483918 -0.5805420166 -0.5563121217 0.001625423491 0
1.100279151 1.474374062 0 -0.1163499501 0.2098481225 0.423171679 -0.01676296163 0.06521052881 0.242616995 -0.7903680511 -0.335636228 -0.5125101621 0.1114932575 0.7437963148 -0.6590419529 0.602401525 -0.5780271314 -0.5504516673 0.001668922397 0
1.110446586 1.487998425 0 -0.1181358123 0.2106127779 0.4218389461 -0.01705946541 0.06572212207 0.2423977646 -0.7842631496 -0.3414429504 -0.5180231885 0.1120872143 0.7432312526 -0.6595784726 0.6102194429 -0.5753468665 -0.5446174939 0.001713173544 0
1.120015937 1.500821355 0 -0.1198200706 0.2113076596 0.4205820369 -0.01734053405 0.06620143253 0.2421899393 -0.7784386688 -0.3468892182 -0.5231645145 0.1125766318 0.7427735191 -0.6600106069 0.617543311 -0.5726738771 -0.5391520096 0.00175551334 0
1.130183372 1.514445718 0 -0.1216129853 0.2120196024 0.4192440408 -0.01764128796 0.066708358 0.2419675504 -0.7721678299 -0.3526531658 -0.5285759995 0.1130205414 0.7423653766 -0.6603938256 0.6252864941 -0.5696748128 -0.5333736101 0.001801238961 0
1.140350807 1.528070081 0 -0.1234091127 0.2127043561 0.4179036472 -0.01794421087 0.06721285429 0.2417435493 -0.7658135542 -0.3583910012 -0.5339339758 0.1133838638 0.7420371854 -0.6607003216 0.6329879143 -0.5665127587 -0.5276263778 0.001847731356 0
1.150518242 1.541694444 0 -0.1252081669 0.2133619038 0.4165610695 -0.01824928875 0.06771490486 0.2415179459 -0.7593773217 -0.3640999791 -0.539237692 0.1136643988 0.7417882338 -0.6609316308 0.6406453681 -0.5631886197 -0.5219119571 0.001894995319 0
1.160087592 1.554517374 0 -0.1269038119 0.213955909 0.4152956628 -0.01853837678 0.0681851742 0.2413041589 -0.7532462086 -0.3694443354 -0.5441792281 0.1138508623 0.7416256016 -0.6610820284 0.6478102581 -0.5599128058 -0.5165651164 0.001940188098 0
1.170255027 1.568141736 0 -0.1287077314 0.2145606156 0.4139494541 -0.01884759745 0.06868243053 0.2410754746 -0.7466553582 -0.3750895484 -0.5493756518 0.1139645281 0.741528129 -0.6611717782 0.6553761229 -0.5562767878 -0.5109190474 0.00198896321 0
1.180422462 1.581766099 0 -0.1305137375 0.2151380953 0.4126016884 -0.01915893129 0.06917719332 0.2408452182 -0.7399872878 -0.3806979737 -0.554515885 0.1139891208 0.7415073293 -0.6611908658 0.6628916157 -0.5524816137 -0.5053105702 0.002038523543 0
1.190589897 1.595390462 0 -0.1323215448 0.2156883507 0.4112525785 -0.01947236394 0.06966944657 0.2406134003 -0.7332437357 -0.3862669726 -0.5595993656 0.1139225725 0.7415621713 -0.6611408274 0.6703545864 -0.5485283694 -0.4997412895 0.002088873583 0
1.200159248 1.608213392 0 -0.1340244007 0.2161813755 0.4099817905 -0.01976926367 0.07013043712 0.2403938014 -0.7268295235 -0.3914700332 -0.5643315133 0.1137748645 0.7416818926 -0.6610319587 0.6773286676 -0.544664285 -0.4945368466 0.002136987193 0
1.210326683 1.621837755 0 -0.1358348914 0.2166788093 0.4086306781 -0.02008672908 0.07061777383 0.2401589819 -0.7199446466 -0.396955091 -0.5693034003 0.1135256395 0.7418803303 -0.660852105 0.6846836021 -0.5404074678 -0.4890481917 0.002188882688 0
1.220494118 1.635462118 0 -0.1376463463 0.2171490546 0.407278846 -0.0204062505 0.0711025548 0.2399226316 -0.7129897636 -0.4023931612 -0.5742171548 0.1131794229 0.7421509241 -0.6606076173 0.6919797795 -0.5359960351 -0.4836033861 0.0022415806 0
1.230063468 1.648285048 0 -0.1393518717 0.2175668213 0.4060060659 -0.02070884151 0.07155647077 0.2396987954 -0.7063818152 -0.4074661871 -0.578788422 0.112763264 0.7424703196 -0.6603198246 0.6987912259 -0.531703988 -0.4785203149 0.002291915361 0
1.240230904 1.661909411 0 -0.1411643888 0.2179843553 0.4046534412 -0.02103231192 0.07203624668 0.239459504 -0.6992967483 -0.4128059619 -0.583588293 0.1122233727 0.7428771018 -0.6599541849 0.7059674018 -0.526996062 -0.4731650644 0.002346182686 0
1.250398339 1.675533774 0 -0.1429770372 0.2183747786 0.4033007185 -0.02135779482 0.07251342188 0.2392187132 -0.6921476715 -0.4180915338 -0.5883290492 0.1115810198 0.743351901 -0.659528337 0.7130787311 -0.522137358 -0.4678582077 0.002401264395 0
1.260565774 1.689158137 0 -0.1447895348 0.2187381272 0.4019481084 -0.02168527526 0.07298798134 0.2389764339 -0.6849367369 -0.4233205387 -0.5930104451 0.1108344404 0.7438931668 -0.6590437643 0.7201231792 -0.5171292662 -0.4626012633 0.00245716438 0
1.270135124 1.701981066 0 -0.1464950252 0.2190554062 0.4006753543 -0.02199530342 0.07343222278 0.2387470561 -0.6780954441 -0.4281882071 -0.5973620577 0.1100350315 0.7444618599 -0.6585353681 0.7266903471 -0.5122805857 -0.4577004926 0.002510527026 0
1.280302559 1.715605429 0 -0.1483064277 0.2193663187 0.3993235614 -0.02232661845 0.07390166235 0.2385019182 -0.6707707816 -0.4333008413 -0.6019276862 0.1090812849 0.7451274614 -0.6579409849 0.733599231 -0.5069866341 -0.4525447171 0.002568026194 0
1.290469994 1.729229792 0 -0.1501168541 0.21965029 0.397972497 -0.02265988657 0.07436844289 0.2382553237 -0.6633909058 -0.4383502458 -0.606433482 0.1080184233 0.7458545683 -0.6572921596 0.7404353627 -0.5015476298 -0.4474432353 0.002626354549 0
1.300039345 1.742052722 0 -0.1518196433 0.2198929957 0.3967017588 -0.02297532117 0.07480532381 0.2380219141 -0.6563968177 -0.4430429313 -0.610619504 0.1069170144 0.7465934618 -0.6566330443 0.7468011581 -0.496297455 -0.442692745 0.002682012438 0
1.31020678 1.755677085 0 -0.1536273793 0.2201248303 0.395352702 -0.02331233697 0.07526690163 0.2377725238 -0.6489165494 -0.4479634809 -0.6150089688 0.1056379563 0.7474347143 -0.6558825886 0.7534905004 -0.4905813567 -0.4377008091 0.002741960359 0
1.320374215 1.769301448 0 -0.1554333212 0.2203298985 0.3940049842 -0.02365126078 0.07572577839 0.2375217094 -0.641388154 -0.4528146124 -0.619338488 0.1042453776 0.748331944 -0.6550818291 0.7601013993 -0.4847248996 -0.4327674139 0.002802747548 0
1.33054165 1.782925811 0 -0.1572371929 0.2205082689 0.3926588113 -0.02399207712 0.07618194008 0.2372694821 -0.6338141345 -0.4575943387 -0.6236081013 0.1027378976 0.7492831499 -0.6542321343 0.7666319634 -0.4787297593 -0.4278939709 0.002864377238 0
1.340111 1.795748741 0 -0.1589328169 0.2206518245 0.3913934202 -0.02431456032 0.07660877613 0.2370308112 -0.6266462495 -0.4620259516 -0.6275719066 0.1012129489 0.7502258658 -0.6533889265 0.7727033175 -0.4729621236 -0.4233632161 0.002923154077 0
1.350278435 1.809373104 0 -0.1607318853 0.2207785836 0.3900508318 -0.02465900593 0.07705962802 0.2367758734 -0.6189909776 -0.4666616305 -0.6317254881 0.09947871605 0.7512759189 -0.6524480659 0.7790726248 -0.4667027066 -0.4186101156 0.002986428055 0
1.360445871 1.822997466 0 -0.1625280775 0.220878874 0.38871039 -0.02500529814 0.07750772454 0.2365195559 -0.6112976966 -0.4712204275 -0.6358194986 0.0976258836 0.7523737308 -0.6514621678 0.7853561695 -0.4603097629 -0.413921018 0.003050553447 0
1.370015221 1.835820396 0 -0.1642157404 0.2209491638 0.38745094 -0.02533289297 0.07792693343 0.2362770657 -0.6040246309 -0.4754392775 -0.6396184321 0.09577268863 0.753448605 -0.6504942672 0.7911901398 -0.4541725366 -0.4095674177 0.00311168705 0
1.380182656 1.849444759 0 -0.1660055745 0.2209983261 0.3861152429 -0.02568272471 0.07836964318 0.2360181024 -0.5962652226 -0.4798439526 -0.6435973629 0.09368646861 0.7546327412 -0.6494245696 0.7973020945 -0.4475256497 -0.405006374 0.003177473155 0
1.390350091 1.863069122 0 -0.1677917367 0.2210212887 0.3847822861 -0.02603435652 0.07880955858 0.2357577928 -0.5884757635 -0.4841668518 -0.647517363 0.09147851857 0.7558579626 -0.6483135206 0.803323071 -0.4407507231 -0.4005132253 0.003244118674 0
1.400517526 1.876693485 0 -0.1695739591 0.2210181518 0.3834522694 -0.02638777245 0.07924666668 0.2354961486 -0.5806590292 -0.4884064507 -0.6513787153 0.08914790893 0.7571219061 -0.6471623209 0.8092513467 -0.4338496954 -0.3960892572 0.003311626115 0
1.410086877 1.889516415 0 -0.1712475072 0.2209914515 0.3822033528 -0.02672201466 0.07965548661 0.2352486863 -0.5732797014 -0.4923192664 -0.6549596353 0.08684157447 0.7583447166 -0.646043212 0.8147446992 -0.4272411856 -0.3919898525 0.003375952037 0
1.420254312 1.903140778 0 -0.1730213225 0.2209379543 0.3808796101 -0.02707884812 0.08008710883 0.2349844842 -0.5654180642 -0.4963930889 -0.6587080643 0.08427047138 0.7596769155 -0.6448173941 0.8204882085 -0.4201010418 -0.3877037714 0.003445139356 0
1.430421747 1.916765141 0 -0.1747904184 0.2208586788 0.3795593892 -0.02743741842 0.08051588654 0.2347189814 -0.5575374952 -0.5003795569 -0.662398853 0.08157438518 0.7610406371 -0.6435547905 0.826134106 -0.4128407051 -0.3834905358 0.003515195318 0
1.440589182 1.930389504 0 -0.1765545331 0.2207537429 0.3782428858 -0.02779770939 0.08094180739 0.2344521897 -0.549640886 -0.5042774419 -0.6660324002 0.07875266857 0.7624333564 -0.6422564863 0.8316807763 -0.405462253 -0.3793513513 0.003586121986 0
1.450158532 1.943212433 0 -0.1782100926 0.2206316485 0.3770073936 -0.02813836402 0.08134005342 0.2341999247 -0.5421967415 -0.5078640881 -0.6694002999 0.07598165798 0.7637683483 -0.6410028844 0.8368091068 -0.3984118199 -0.3755243542 0.003653673625 0
1.460325967 1.956836796 0 -0.1799637958 0.2204772543 0.3756986599 -0.02850194863 0.08176039394 0.2339306643 -0.534277339 -0.5115868046 -0.6729239677 0.07291450029 0.7652100202 -0.6396382577 0.8421586553 -0.3908101411 -0.3715322772 0.003726295933 0
1.470493402 1.970461159 0 -0.1817117564 0.2202975719 0.3743942116 -0.02886720592 0.08217784219 0.2336601496 -0.5263505342 -0.515217781 -0.6763917159 0.06972023914 0.766673069 -0.6382409369 0.8474043919 -0.3830966503 -0.3676176725 0.003799794329 0
1.480062753 1.983284089 0 -0.1833514214 0.2201054791 0.373170581 -0.02921249078 0.08256808208 0.2334044123 -0.5188859146 -0.5185505457 -0.6796048405 0.06659745106 0.7680672111 -0.6368968038 0.8522453797 -0.3757367306 -0.3640051127 0.003869771025 0
1.490230188 1.996908452 0 -0.1850875075 0.2198770967 0.3718749944 -0.02958094812 0.08297988259 0.2331314964 -0.510953249 -0.5220008988 -0.6829654743 0.06315552325 0.7695641695 -0.6354387217 0.8572853418 -0.3678125212 -0.3602440728 0.003944974513 0
1.500397623 2.010532815 0 -0.1868171051 0.2196238353 0.3705842499 -0.02995102971 0.08338875678 0.2328573611 -0.5030219766 -0.5253570536 -0.6862717081 0.05958567557 0.7710746408 -0.633950665 0.8622171643 -0.3597830799 -0.3565637349 0.004021058438 0
1.510565058 2.024157178 0 -0.1885399643 0.219345842 0.3692985341 -0.03032271894 0.0837946934 0.2325820182 -0.4950951141 -0.5286183372 -0.6895240978 0.05588778258 0.7725959072 -0.6324334905 0.8670394361 -0.351650704 -0.3529651522 0.004098024036 0
1.520134409 2.036980108 0 -0.1901551012 0.2190617445 0.3680932081 -0.0306739978 0.08417405797 0.2323217797 -0.4876412765 -0.5316005874 -0.6925364979 0.05229040043 0.7740350986 -0.6309796986 0.8714767349 -0.3439047565 -0.349653856 0.004171268646 0
1.530301844 2.050604471 0 -0.1918641735 0.2187361787 0.3668177809 -0.03104876026 0.08457426066 0.232044127 -0.4797316209 -0.5346761023 -0.6956860193 0.04834388342 0.7755694958 -0.6294083143 0.8760824395 -0.3355792346 -0.3462168922 0.004249948787 0
1.540469279 2.064228834 0 -0.1935657837 0.2183863383 0.3655479226 -0.03142508132 0.08497149356 0.2317653023 -0.4718352962 -0.5376552534 -0.6987834298 0.04426940514 0.7771065986 -0.6278101259 0.8805746266 -0.3271577035 -0.3428646439 0.00432951351 0
1.550038629 2.077051763 0 -0.1951602655 0.2180350485 0.3643580108 -0.0317806746 0.08534263739 0.231501819 -0.4644183634 -0.5403708262 -0.7016515901 0.04031787338 0.7785532701 -0.6262821047 0.8846977183 -0.3191460101 -0.339787833 0.00440520668 0
1.560206064 2.090676126 0 -0.1968467009 0.2176385572 0.363099477 -0.03215997326 0.08573407517 0.2312207534 -0.4565566019 -0.5431620221 -0.70464962 0.03599559416 0.7800876965 -0.6246338951 0.8889659085 -0.3105450103 -0.3366027482 0.004486490526 0
1.570373499 2.104300489 0 -0.198524968 0.2172182835 0.3618470388 -0.03254078104 0.08612251232 0.2309385512 -0.4487171202 -0.545856096 -0.7075973916 0.03154611872 0.7816166467 -0.6229608816 0.8931168952 -0.3018551641 -0.3335051296 0.004568660758 0
1.580540934 2.117924852 0 -0.2001948312 0.2167744024 0.3606008722 -0.03292308106 0.08650793868 0.2306552248 -0.4409029571 -0.5484529585 -0.7104955558 0.0269698629 0.7831373295 -0.6212636715 0.8971494908 -0.2930789577 -0.3304958633 0.00465171773 0
