0.007257860179 0.003759644151 -0.004390569936 -2.319384835e-06 0.001850744041 0.5099955225 -2.923685612e-07 0.0004610011338 0.2549994443 -0.9999999999 -6.464656229e-08 -1.350731662e-05 3.28980924e-08 0.9999739247 -0.007221491265 1.350743126e-05 -0.007221491265 -0.9999739246 3.044665848e-08 -0.005839458015 0
0.01351572036 0.007001278302 -0.008176199873 -8.043228994e-06 0.003446442147 0.5099844728 -1.019116756e-06 0.0008599798613 0.2549980627 -0.9999999989 -4.194018217e-07 -4.683980043e-05 2.105202971e-07 0.9999095766 -0.01344762764 4.684120497e-05 -0.01344762763 -0.9999095755 5.523276526e-08 -0.01087434583 0
0.02055581306 0.01064811672 -0.01243503355 -1.860436069e-05 0.005241498237 0.5099640849 -2.365997674e-06 0.001309564588 0.2549955019 -0.9999999941 -1.476561247e-06 -0.0001083372634 7.393773716e-07 0.9997908518 -0.02045122542 0.0001083448023 -0.02045122538 -0.9997908459 4.370130032e-08 -0.01653859462 0
0.02681367324 0.01388975087 -0.01622066349 -3.165555214e-05 0.0068369671 0.5099388901 -4.033290124e-06 0.001709306156 0.2549923318 -0.999999983 -3.277880304e-06 -0.0001843259362 1.640289423e-06 0.9996441431 -0.02667559078 0.0001843477819 -0.02667559063 -0.9996441261 5.870617652e-09 -0.02157348244 0
0.03307153342 0.01713138502 -0.02000629342 -4.815435951e-05 0.008432266176 0.5099070397 -6.142367696e-06 0.002109010309 0.2549883217 -0.9999999607 -6.150438484e-06 -0.0002803745543 3.076833721e-06 0.9994586931 -0.03289864458 0.0002804251267 -0.03289864415 -0.9994586538 6.357441953e-08 -0.02660837025 0
0.04011162612 0.02077822344 -0.0242651271 -7.083588002e-05 0.01022672536 0.5098632538 -9.042712656e-06 0.002558604423 0.2549828071 -0.9999999149 -1.097350408e-05 -0.0004123918992 5.488693835e-06 0.9992037725 -0.03989763154 0.0004125013583 -0.03989763041 -0.9992036874 1.606997654e-07 -0.03227261905 0
0.04636948629 0.0240198576 -0.02805075704 -9.465911081e-05 0.01182153211 0.5098172639 -1.208958814e-05 0.002958180878 0.2549770139 -0.999999848 -1.695152306e-05 -0.0005510243243 8.478038019e-06 0.9989360505 -0.04611688287 0.0005512198137 -0.04611688054 -0.9989358986 2.66690271e-07 -0.03730750686 0
0.053409579 0.02766669602 -0.03230959072 -0.0001255789403 0.01361533684 0.5097575743 -1.604456411e-05 0.003407641299 0.254969494 -0.9999997326 -2.590193739e-05 -0.0007309071851 1.295370031e-05 0.9985886245 -0.0531108158 0.0007312512736 -0.05311081106 -0.9985883571 4.068804987e-07 -0.04297175565 0
0.05966743917 0.03090833017 -0.03609522065 -0.0001567233887 0.01520947246 0.509697451 -2.002867173e-05 0.003807110885 0.2549619187 -0.9999995834 -3.611152055e-05 -0.0009120440839 1.805899966e-05 0.9982387278 -0.05932488508 0.0009125800378 -0.05932487684 -0.9982383113 5.496349523e-07 -0.04800664347 0
0.06670753188 0.03455516859 -0.04035405433 -0.0001958773665 0.01700242163 0.5096218657 -2.503786082e-05 0.00425646103 0.2549523944 -0.9999993493 -5.045495257e-05 -0.001139689516 2.523145311e-05 0.9977989225 -0.06631221304 0.001140526751 -0.06631219864 -0.997798272 7.303634963e-07 -0.05367089226 0
0.07296539205 0.03779680274 -0.04413968427 -0.0002343388419 0.01859570741 0.5095476171 -2.995892108e-05 0.004655837961 0.2549430376 -0.9999990686 -6.601992627e-05 -0.001363227221 3.301479659e-05 0.997366978 -0.0725197228 0.00136442556 -0.07251970027 -0.9973660469 9.087999484e-07 -0.05870578008 0
0.07922325223 0.04103843689 -0.04792531421 -0.0002762418933 0.02018853146 0.5094667248 -3.532082243e-05 0.00505517275 0.2549328427 -0.9999987057 -8.449315252e-05 -0.001606675453 4.225251667e-05 0.9968964751 -0.07872366984 0.001608340707 -0.07872363583 -0.9968951813 1.103953005e-06 -0.06374066789 0
0.08626334493 0.04468527531 -0.05218414788 -0.0003274950266 0.02197985739 0.5093677824 -4.187984381e-05 0.005504373749 0.2549203716 -0.9999981808 -0.0001090604514 -0.001904315491 5.45377981e-05 0.9963211173 -0.08569847299 0.001906656051 -0.08569842095 -0.9963192989 1.343507469e-06 -0.06940491669 0
0.09252120511 0.04792690946 -0.05596977782 -0.0003767071541 0.02357156903 0.5092727802 -4.817836981e-05 0.005903617661 0.2549083957 -0.999997593 -0.0001345363464 -0.002189967979 6.727763141e-05 0.9957688073 -0.09189383981 0.002193064864 -0.09189376596 -0.9957664014 1.57428502e-06 -0.0744398045 0
0.09956129781 0.05157374788 -0.0602286115 -0.0004361794088 0.02536154315 0.5091579711 -5.579096475e-05 0.006352713925 0.2548939214 -0.9999967728 -0.0001676097394 -0.00253499914 8.381706372e-05 0.9951015252 -0.09885821917 0.002539151111 -0.09885811261 -0.9950982998 1.854074583e-06 -0.08010405329 0
0.105819158 0.05481538203 -0.06401424144 -0.000492693991 0.02695196403 0.5090488717 -6.302588055e-05 0.006751861715 0.2548801652 -0.9999958822 -0.0002012039133 -0.002862692338 0.0001006172515 0.9944676085 -0.1050436359 0.002867989994 -0.1050434914 -0.9944634933 2.120800608e-06 -0.08513894111 0
0.1128592507 0.05846222045 -0.06827307511 -0.0005603773659 0.02874038581 0.5089182113 -7.169177182e-05 0.007200845747 0.2548636882 -0.999994673 -0.0002440360862 -0.003254917059 0.0001220377437 0.9937086441 -0.1119960526 0.003261770295 -0.1119958532 -0.9937033208 2.441279579e-06 -0.0908031899 0
0.1191171109 0.0617038546 -0.07205870505 -0.0006241867997 0.03032933778 0.5087950294 -7.98628179e-05 0.007599889694 0.2548481521 -0.9999933905 -0.0002868597789 -0.003624463312 0.0001434544808 0.9929933506 -0.1181701534 0.003632966232 -0.1181698923 -0.9929867462 2.744422482e-06 -0.09583807772 0
0.125374971 0.06494548875 -0.07584433499 -0.0006914261943 0.03191753692 0.5086652262 -8.847429793e-05 0.007998881681 0.2548317785 -0.9999918894 -0.0003344098931 -0.004013633339 0.000167235514 0.99223985 -0.1243384578 0.004024066953 -0.1243381206 -0.9922317464 3.064894819e-06 -0.1008729655 0
0.1324150638 0.06859232717 -0.08010316867 -0.0007711678904 0.03370331205 0.5085112876 -9.868858557e-05 0.008447682917 0.2548123575 -0.9999899103 -0.0003938576464 -0.004474844593 0.0001969676355 0.991346568 -0.1312704971 0.004487823718 -0.131270054 -0.991336488 3.446309461e-06 -0.1065372143 0
0.1386729239 0.07183396132 -0.0838887986 -0.000845689174 0.03528978069 0.5083674269 -0.0001082357612 0.008846557362 0.2547942049 -0.9999878655 -0.0004522622589 -0.004905548111 0.0002261788443 0.9905120821 -0.1374254856 0.004921157034 -0.1374249276 -0.9904999604 3.804067492e-06 -0.1115721021 0
0.1457130166 0.07548079974 -0.08814763228 -0.0009336174915 0.03707350909 0.5081976844 -0.0001195025229 0.009295220701 0.2547727828 -0.9999852101 -0.0005245397274 -0.005413348998 0.0002623296502 0.9895278576 -0.1443417824 0.005432372636 -0.1443410677 -0.9895130851 4.227806303e-06 -0.1172363509 0
0.1519708768 0.0787224339 -0.09193326222 -0.00101541064 0.03865806968 0.5080397856 -0.0001299850602 0.009693967415 0.2547528518 -0.9999825043 -0.0005948967188 -0.005885339206 0.0002975209728 0.9886126889 -0.1504821016 0.005907842326 -0.1504812198 -0.9885952154 4.623539661e-06 -0.1222712387 0
0.1590109695 0.08236927232 -0.09619209589 -0.001111513752 0.04043955176 0.507854262 -0.0001423039025 0.01014248114 0.2547294294 -0.9999790346 -0.0006812354784 -0.006439438704 0.0003407074858 0.9875378787 -0.1573811365 0.006466403251 -0.1573800309 -0.9875169424 5.090419009e-06 -0.1279354875 0
0.1652688297 0.08561090647 -0.09997772583 -0.001200567765 0.04202202701 0.5076823464 -0.0001537214359 0.01054108953 0.2547077207 -0.9999755391 -0.0007646362914 -0.00695244506 0.0003824258453 0.9865423585 -0.1635054389 0.00698390374 -0.1635040982 -0.9865179344 5.524887986e-06 -0.1329703754 0
0.1723089224 0.08925774489 -0.1042365595 -0.001304832747 0.0438010635 0.5074810665 -0.0001670919296 0.01098944157 0.2546822988 -0.9999711041 -0.0008662603433 -0.00755252551 0.0004332615404 0.9853773519 -0.1703856998 0.007589685962 -0.1703840485 -0.9853485032 6.035800836e-06 -0.1386346241 0
0.1785667826 0.09249937904 -0.1080221894 -0.001401135647 0.04538127645 0.5072951571 -0.0001794440613 0.01138790078 0.2546588131 -0.9999666793 -0.0009637893935 -0.008106253864 0.0004820505686 0.984301841 -0.1764926444 0.008149102341 -0.1764906712 -0.9842685788 6.509831684e-06 -0.143669512 0
0.1848246427 0.09574101319 -0.1118078194 -0.001500845367 0.04696036365 0.5071026711 -0.0001922358574 0.01178628598 0.2546344916 -0.9999617658 -0.001068340109 -0.008679037037 0.0005343540723 0.9831888203 -0.1825909587 0.00872820143 -0.1825886151 -0.9831506579 7.002783716e-06 -0.1487043998 0
0.1918647354 0.09938785161 -0.1160666531 -0.001617087316 0.04873544247 0.5068782701 -0.0002071520412 0.01223437781 0.2546061309 -0.9999556106 -0.001194648593 -0.009346103863 0.0005975448264 0.9818919473 -0.1894408794 0.009403179402 -0.189438055 -0.9818476478 7.580224687e-06 -0.1543686486 0
0.1981225956 0.1026294858 -0.119852283 -0.001724026543 0.05031200775 0.5066718277 -0.0002208777922 0.01263259757 0.2545800337 -0.9999495421 -0.001314908277 -0.009959133874 0.0006577119019 0.9806995183 -0.1955198769 0.0100240085 -0.1955165616 -0.9806491694 8.114066497e-06 -0.1594035364 0
0.2051626883 0.1062763242 -0.1241111167 -0.001848393734 0.05208415031 0.5064317412 -0.0002368444113 0.013080497 0.2545496758 -0.9999419951 -0.001459489368 -0.01067128368 0.0007300502986 0.9793135497 -0.2023473213 0.01074585646 -0.2023433747 -0.9792556792 8.738049491e-06 -0.1650677852 0
0.2114205485 0.1095179583 -0.1278967466 -0.001962548091 0.05365801758 0.5062113703 -0.00025150364 0.01347854014 0.2545218038 -0.9999346046 -0.001596522572 -0.01132420868 0.0007986152728 0.9780421438 -0.2084056795 0.01140827771 -0.2084010944 -0.9779769093 9.313756973e-06 -0.170102673 0
0.2184606412 0.1131647968 -0.1321555803 -0.002095023804 0.05542702601 0.5059556306 -0.0002685201392 0.01392623454 0.25448945 -0.9999254717 -0.00176056888 -0.01208103264 0.0008807000839 0.9765675809 -0.2152091643 0.01217683538 -0.2152037649 -0.9764932484 9.985411853e-06 -0.1757669218 0
0.2247185014 0.1164064309 -0.1359412102 -0.002216377946 0.05699801959 0.5057213607 -0.0002841123357 0.01432408979 0.2544598042 -0.9999165812 -0.001915431106 -0.01277347775 0.0009581930471 0.9752176578 -0.221245569 0.0128807017 -0.2212393525 -0.975134471 1.060401721e-05 -0.1808018096 0
0.2309763616 0.1196480651 -0.1397268402 -0.002341114636 0.05856760019 0.5054805609 -0.0003001433902 0.01472185272 0.254429324 -0.9999069201 -0.002079045969 -0.01348438429 0.001040069565 0.9738309526 -0.2272711906 0.01360401805 -0.2272640609 -0.9737381462 1.124318247e-05 -0.1858366974 0
0.2380164543 0.1232949035 -0.1439856738 -0.002485481989 0.06033164114 0.5052018648 -0.0003187027453 0.01516922253 0.2543940369 -0.9998950769 -0.002273861881 -0.01430610862 0.001137564665 0.9722270813 -0.2340367669 0.01444095351 -0.2340284851 -0.9721224856 1.19871255e-05 -0.1915009462 0
0.2442743144 0.1265365376 -0.1477713038 -0.002617394144 0.06189809048 0.5049472131 -0.0003356659593 0.01556678093 0.2543617845 -0.9998836345 -0.002456840348 -0.01505594242 0.001229140457 0.9707625862 -0.2400385188 0.01520548192 -0.2400290924 -0.9706466031 1.267080431e-05 -0.196535834 0
0.2513144071 0.130183376 -0.1520301375 -0.002769824054 0.06365851051 0.5046529525 -0.0003552736663 0.01601391427 0.2543245042 -0.9998696737 -0.002674021571 -0.01592122053 0.001337839577 0.9690714949 -0.246776514 0.01608868671 -0.2467656526 -0.968941622 1.346547187e-05 -0.2022000828 0
0.2575722673 0.1334250102 -0.1558157674 -0.002908893946 0.06522165404 0.504384483 -0.0003731684498 0.0164112568 0.2542904808 -0.9998562454 -0.002877394359 -0.01670955052 0.001439633122 0.9675297387 -0.2527531051 0.01689425741 -0.2527408264 -0.9673865095 1.419482632e-05 -0.2072349706 0
0.26461236 0.1370718486 -0.1600746011 -0.003069365933 0.06697825702 0.5040746975 -0.0003938238271 0.0168581409 0.2542512088 -0.999839931 -0.003118094333 -0.01761788484 0.001560116685 0.965752038 -0.2594620725 0.01782353541 -0.2594480267 -0.9655925865 1.504155363e-05 -0.2128992194 0
0.2708702202 0.1403134828 -0.163860231 -0.003215574877 0.06853792065 0.5037924463 -0.000412649558 0.01725525618 0.2542154155 -0.9998243018 -0.003342881146 -0.01844425756 0.001672641302 0.9641335772 -0.2654122219 0.01866996953 -0.2653964401 -0.9639585893 1.581779486e-05 -0.2179341072 0
0.2771280804 0.1435551169 -0.1676458609 -0.003365136637 0.07009588659 0.5035037226 -0.0004319131572 0.0176522606 0.2541787898 -0.9998075595 -0.003578094713 -0.01928836951 0.001790391921 0.9624792205 -0.2713494879 0.01953556902 -0.271331803 -0.9622875943 1.6616533e-05 -0.2229689951 0
0.2841681731 0.1472019553 -0.1719046946 -0.003537395736 0.07184652122 0.5031711825 -0.0004541079112 0.01809875489 0.2541365912 -0.9997873303 -0.003855449593 -0.02025906529 0.001929247374 0.960575327 -0.2780131637 0.020532224 -0.2779931235 -0.9603636036 1.754235728e-05 -0.2286332438 0
0.2904260333 0.1504435895 -0.1756903246 -0.003694067334 0.07340075222 0.5028687335 -0.0004743014841 0.01849551531 0.2540981975 -0.9997680518 -0.004113555588 -0.02114051293 0.002058474033 0.9588451336 -0.2839221238 0.02143840739 -0.2838997858 -0.9586142636 1.838984811e-05 -0.2336681317 0
0.297466126 0.1540904279 -0.1799491582 -0.003874313297 0.07514708779 0.5025207751 -0.000497542068 0.01894172871 0.2540540106 -0.9997448354 -0.004417223144 -0.02215292873 0.002210521797 0.9568562709 -0.2905532489 0.02248060731 -0.2905280795 -0.9566023507 1.93712578e-05 -0.2393323805 0
0.3037239861 0.1573320621 -0.1837347882 -0.004038073692 0.0766974111 0.5022046414 -0.0005186649125 0.01933823376 0.2540138503 -0.99972278 -0.004699211706 -0.02307120429 0.002351723963 0.9550508644 -0.2964326497 0.02342717338 -0.2964047297 -0.954775054 2.026882503e-05 -0.2443672683 0
0.3107640788 0.1609789005 -0.1879936219 -0.004226282313 0.07843925359 0.5018413113 -0.0005429505182 0.01978415345 0.2539676768 -0.9996963 -0.005030298657 -0.0241247567 0.002517522571 0.952977749 -0.3030298204 0.02451468683 -0.3029985248 -0.9526756657 2.130733335e-05 -0.2500315171 0
0.317021939 0.1642205346 -0.1917792518 -0.004397109516 0.07998549704 0.5015115355 -0.0005650019 0.02018039172 0.2539257513 -0.999671217 -0.005337147011 -0.02507933083 0.002671193661 0.9510977795 -0.3088784202 0.02550142541 -0.308843858 -0.9507708182 2.225634294e-05 -0.2550664049 0
0.3240620317 0.1678673731 -0.1960380855 -0.004593255527 0.08172265311 0.5011328825 -0.0005903316832 0.02062600488 0.2538775928 -0.9996411854 -0.005696745246 -0.02617341231 0.002851294698 0.9489411577 -0.3154402468 0.02663401091 -0.3154016904 -0.9485844207 2.335350954e-05 -0.2607306537 0
0.3303198919 0.1711090072 -0.1998237154 -0.004771126605 0.08326464515 0.5007895087 -0.0006133108354 0.02102196499 0.2538339035 -0.9996128139 -0.006029417175 -0.02716373436 0.00301792183 0.9469873018 -0.3212568168 0.02766070288 -0.3212144086 -0.9466024452 2.435536783e-05 -0.2657655415 0
0.3365777521 0.1743506414 -0.2036093453 -0.004952304245 0.08480457735 0.5004397517 -0.0006367263109 0.02141779025 0.2537893848 -0.9995828017 -0.0063745709 -0.02817068242 0.003190812619 0.9449989174 -0.3270578922 0.02870611811 -0.3270113316 -0.9445843254 2.538259378e-05 -0.2708004293 0
0.3436178448 0.1779974798 -0.207868179 -0.005160074755 0.08653449187 0.500038658 -0.000663590039 0.02186292935 0.2537383103 -0.999547001 -0.00677804847 -0.02932321183 0.003392933397 0.9427209096 -0.3335652478 0.02990452635 -0.3335136348 -0.9422708606 2.656894867e-05 -0.2764646781 0
0.349875705 0.1812391139 -0.211653809 -0.005348260837 0.08806992154 0.4996753714 -0.0006879320989 0.0222584597 0.2536920302 -0.9995132989 -0.007150417561 -0.03036505988 0.003579484611 0.9406596809 -0.3393325096 0.03098955668 -0.3392760473 -0.940176266 2.765116101e-05 -0.2814995659 0
0.3569157977 0.1848859523 -0.2159126426 -0.00556390177 0.08979467502 0.4992590842 -0.0007158377626 0.02270326061 0.253638975 -0.999473188 -0.007585036661 -0.03155651591 0.003797238991 0.9383001362 -0.34580115 0.03223239758 -0.3457388054 -0.9377770263 2.890021359e-05 -0.2871638147 0
0.3631736578 0.1881275865 -0.2196982726 -0.005759071044 0.09132543221 0.4988823169 -0.0007411055603 0.02309848465 0.2535909351 -0.9994355109 -0.007985549431 -0.03263266183 0.003997921126 0.9361668035 -0.351533402 0.03335680207 -0.351465428 -0.9356064219 3.003891072e-05 -0.2921987025 0
0.3702137505 0.1917744249 -0.2239571062 -0.005982553469 0.09304483386 0.4984508919 -0.0007700521894 0.02354293458 0.253535901 -0.9993907638 -0.008452345907 -0.03386235561 0.004231834428 0.933726569 -0.3579619895 0.03464379968 -0.357887206 -0.93312194 3.135236624e-05 -0.2978629513 0
0.3764716107 0.1950160591 -0.2277427362 -0.006184679753 0.09457074933 0.4980606943 -0.0007962448462 0.02393784094 0.2534861031 -0.9993488172 -0.008881915421 -0.03497217694 0.004447110834 0.9315218978 -0.3636580498 0.03580732867 -0.363576767 -0.9308758079 3.254908089e-05 -0.3028978391 0
0.3827294709 0.1982576932 -0.2315283661 -0.006390070602 0.09609432798 0.4976641945 -0.0008228724177 0.02433259388 0.2534354784 -0.9993047569 -0.009325470166 -0.03609762441 0.004669413365 0.9292839276 -0.3693366737 0.03698918032 -0.3692484497 -0.9285943048 3.377363763e-05 -0.3079327269 0
0.3897695636 0.2019045316 -0.2357871998 -0.006625029882 0.09780551438 0.4972106139 -0.0008533480391 0.0247765044 0.2533775379 -0.9992525774 -0.009841431248 -0.03738225114 0.004928026847 0.9267266296 -0.3757039641 0.03834059234 -0.3756073752 -0.9259854743 3.518497983e-05 -0.3135969757 0
0.3960274238 0.2051461658 -0.2395728297 -0.006837337557 0.09932400375 0.4968007615 -0.0008808991191 0.02517092294 0.2533251577 -0.9992037977 -0.01031535672 -0.03854042235 0.005165591565 0.9244184918 -0.3813446848 0.03956118556 -0.3812401413 -0.9236291827 3.646986701e-05 -0.3186318636 0
0.4030675165 0.2087930042 -0.2438316634 -0.007080062384 0.1010293704 0.4963321898 -0.0009124131531 0.02561445088 0.2532652433 -0.9991461316 -0.01086597838 -0.03986148831 0.005441626224 0.9217827169 -0.3876686878 0.04095603057 -0.3875545811 -0.9209365072 3.794998287e-05 -0.3242961123 0
0.4093253767 0.2120346384 -0.2476172934 -0.007299258424 0.1025426031 0.4959090395 -0.0009408867835 0.02600852367 0.2532111095 -0.999092315 -0.01137114783 -0.04105171188 0.005694897815 0.9194052381 -0.3932703603 0.04221509434 -0.39314718 -0.9185059503 3.929681115e-05 -0.3293310002 0
0.4163654694 0.2156814768 -0.251876127 -0.007549716261 0.1042419621 0.4954255395 -0.0009734381339 0.02645165625 0.2531492234 -0.9990288003 -0.011957403 -0.04240845091 0.00598884948 0.9166919295 -0.3995497967 0.04365306263 -0.3994157319 -0.9157300275 4.084752914e-05 -0.334995249 0
0.4226233295 0.2189231109 -0.255661757 -0.007775771285 0.1057497715 0.4949891483 -0.001002833324 0.02684537195 0.253093338 -0.9989696207 -0.01249467271 -0.04363003624 0.006258264678 0.91424596 -0.4051112918 0.04495031737 -0.4049669218 -0.9132257449 4.225793813e-05 -0.3400301368 0
0.4288811897 0.2221647451 -0.2594473869 -0.008005043643 0.1072549712 0.4945465461 -0.001032661838 0.02723891568 0.2530366288 -0.9989078019 -0.01304733978 -0.04486613569 0.006535425664 0.9117680606 -0.4106534937 0.04626544518 -0.4104981981 -0.9106869594 4.369884269e-05 -0.3450650246 0
0.4359212824 0.2258115835 -0.2637062206 -0.008266812289 0.1089451561 0.494041211 -0.001066736587 0.0276814437 0.2529718471 -0.9988350077 -0.01368772379 -0.04627389832 0.006856607468 0.9089425016 -0.4168651048 0.04776624732 -0.4166967421 -0.9077897393 4.535677533e-05 -0.3507292734 0
0.4421791426 0.2290532177 -0.2674918505 -0.008502898775 0.1104446889 0.4935854544 -0.001097485147 0.02807461368 0.2529133892 -0.9987673302 -0.01427371854 -0.0475403097 0.0071505394 0.9063974049 -0.4223654983 0.04911913958 -0.4221848 -0.9051780514 4.686372145e-05 -0.3557641612 0
0.4492192353 0.2327000561 -0.2717506842 -0.008772315653 0.1121284058 0.4930653546 -0.001132594349 0.02851671486 0.2528466412 -0.9986877505 -0.01495205569 -0.04898176139 0.00749082378 0.9034967566 -0.4285294603 0.0506622589 -0.4283340365 -0.9021991403 4.859690662e-05 -0.36142841 0
0.4554770955 0.2359416902 -0.2755363141 -0.009015184646 0.1136221071 0.4925965046 -0.001164261885 0.02890949976 0.2527864366 -0.9986138668 -0.01557219049 -0.05027774802 0.007801942793 0.9008853706 -0.4339869569 0.05205261522 -0.4337776573 -0.8995151301 5.017159958e-05 -0.3664632978 0
0.4625171882 0.2395885286 -0.2797951478 -0.009292213676 0.1152991714 0.4920617099 -0.00120040432 0.02935116138 0.2527177249 -0.9985271059 -0.01628938428 -0.05175204983 0.008161793029 0.8979106672 -0.440102055 0.05363770909 -0.4398762208 -0.8964551893 5.19819696e-05 -0.3721275466 0
0.4687750483 0.2428301628 -0.2835807777 -0.009541832657 0.1167868775 0.4915798292 -0.001232989729 0.02974354991 0.2526557757 -0.9984466599 -0.0169444529 -0.05307685703 0.008490506545 0.8952339225 -0.4455155836 0.05506522074 -0.4452741958 -0.8936994528 5.362613906e-05 -0.3771624344 0
0.4750329085 0.2460717969 -0.2873664077 -0.009794616596 0.118271706 0.4910918388 -0.001266006689 0.030135748 0.2525930063 -0.9983630004 -0.01761623022 -0.05441496067 0.008827638268 0.8925267492 -0.4509080558 0.05651010807 -0.4506502751 -0.8909101735 5.53036085e-05 -0.3821973222 0
0.4820730012 0.2497186354 -0.2916252414 -0.01008277231 0.1199386536 0.4905355644 -0.00130366629 0.03057674012 0.2525214109 -0.9982649406 -0.01839216287 -0.05593600536 0.009217082515 0.8894450731 -0.45694913 0.05815628719 -0.4566718629 -0.887732311 5.723105185e-05 -0.387861571 0
0.4883308614 0.2529602695 -0.2954108713 -0.01034225679 0.1214172477 0.4900346387 -0.001337599446 0.03096852525 0.2524569002 -0.9981741806 -0.01910000664 -0.05730178774 0.009572391624 0.8866739498 -0.4622960913 0.05963786089 -0.4620005373 -0.8848722106 5.898058326e-05 -0.3928964588 0
0.4953709541 0.2566071079 -0.299669705 -0.01063793121 0.1230770907 0.4894638497 -0.001376289107 0.03140904644 0.2523833471 -0.9980679227 -0.0199169364 -0.05885352469 0.009982503282 0.883520881 -0.4682853857 0.06132512823 -0.4679681276 -0.8816150295 6.099009749e-05 -0.3985607076 0
0.5016288143 0.2598487421 -0.3034553349 -0.01090408151 0.124549289 0.488950056 -0.001411137278 0.03180040733 0.2523170974 -0.9979696866 -0.02066159259 -0.0602461882 0.01035637478 0.8806867926 -0.4735858095 0.0628430593 -0.473248214 -0.8786847432 6.281347591e-05 -0.4035955954 0
0.508668907 0.2634955805 -0.3077141686 -0.01120723508 0.1262018463 0.4883648287 -0.001450855655 0.03224044492 0.2522415892 -0.9978548035 -0.02152034744 -0.06182771062 0.01078758171 0.8774634508 -0.4795221795 0.06457104022 -0.4791604817 -0.8753489667 6.49070809e-05 -0.4092598442 0
0.5149267672 0.2667372147 -0.3114997985 -0.01148001562 0.1276674883 0.4878382355 -0.001486617629 0.03263137033 0.2521736027 -0.997748708 -0.02230254195 -0.06324644091 0.01118039118 0.8745674029 -0.4847750579 0.06612499163 -0.4843908076 -0.8723491451 6.680611194e-05 -0.414294732 0
0.5219668599 0.2703840531 -0.3157586322 -0.0117906078 0.1293125798 0.4872386483 -0.001527363338 0.03307091168 0.2520961421 -0.9976247642 -0.02320392704 -0.06485682342 0.01163311053 0.8712749313 -0.4906573804 0.06789330243 -0.49024644 -0.868935514 6.898585021e-05 -0.4199589808 0
0.52822472 0.2736256872 -0.3195442621 -0.01206998209 0.1307715059 0.4866993261 -0.001564037871 0.03346139036 0.2520264214 -0.9975104186 -0.02402436525 -0.06630078983 0.01204522394 0.8683179504 -0.4958617243 0.06948292912 -0.495425844 -0.8658668233 7.096235915e-05 -0.4249938687 0
0.5344825802 0.2768673214 -0.3233298921 -0.01235244645 0.1322272167 0.4861540386 -0.001601141403 0.03385165494 0.2519558854 -0.9973920532 -0.02486303865 -0.06775634009 0.0124665454 0.8653326561 -0.5010428919 0.07108922252 -0.5005808862 -0.8627659583 7.297596524e-05 -0.4300287565 0
0.5415226729 0.2805141598 -0.3275887258 -0.01267390206 0.1338610045 0.4855334799 -0.001643395309 0.03429044358 0.2518755585 -0.9972539765 -0.02582852885 -0.06940744493 0.01295163543 0.8619406479 -0.5068437379 0.07291612616 -0.506350873 -0.859239217 7.528612569e-05 -0.4356930053 0
0.5477805331 0.283755794 -0.3313743557 -0.01296290497 0.1353097666 0.48497557 -0.001681409513 0.03468024495 0.2518032918 -0.9971267731 -0.0267064452 -0.07088698097 0.01339278114 0.8588959667 -0.5119749524 0.07455757305 -0.511453306 -0.8560704901 7.737992775e-05 -0.4407278931 0
0.5548206258 0.2874026324 -0.3356331894 -0.01329169484 0.1369356486 0.4843408528 -0.001724687184 0.03511850617 0.2517210194 -0.9969785251 -0.02771645404 -0.07256458298 0.01390036689 0.8554377505 -0.5177190694 0.07642382042 -0.5171634686 -0.8524677979 7.978135823e-05 -0.4463921419 0
0.561078486 0.2906442665 -0.3394188193 -0.01358719769 0.1383773051 0.483770395 -0.001763610735 0.03550783312 0.2516470247 -0.9968420755 -0.02863426637 -0.07406723561 0.01436167825 0.8523347578 -0.5227993907 0.07810005634 -0.5222121595 -0.8492319128 8.195722638e-05 -0.4514270297 0
0.5681185787 0.2942911049 -0.343677653 -0.01392327791 0.1399951053 0.483121604 -0.001807910664 0.03594555434 0.2515628096 -0.9966831929 -0.02968951628 -0.07577034851 0.01489213804 0.8488115542 -0.5284857327 0.08000523304 -0.5278612299 -0.8455540696 8.445204034e-05 -0.4570912785 0
0.5743764389 0.2975327391 -0.3474632829 -0.01422524123 0.1414295001 0.4825386745 -0.001847742208 0.03633439571 0.2514870894 -0.996537082 -0.03064785577 -0.07729523366 0.0153739462 0.8456513445 -0.533514241 0.08171588577 -0.5328550577 -0.8422517447 8.671186149e-05 -0.4621261663 0
0.580634299 0.3007743732 -0.3512489129 -0.01453023087 0.1428604239 0.4819499028 -0.001888000565 0.0367230047 0.2514105581 -0.9963862792 -0.03162547894 -0.07883027113 0.01586551151 0.8424645931 -0.5385180543 0.08344260368 -0.537822683 -0.8389184069 8.901184745e-05 -0.4671610541 0
0.5876743917 0.3044212117 -0.3555077465 -0.01487695041 0.1444660218 0.481280573 -0.001933801004 0.03715990898 0.2513234917 -0.9962109008 -0.03274851994 -0.08056907384 0.01643027237 0.8388480817 -0.5441175811 0.08540425849 -0.5433796374 -0.8351315359 9.164786798e-05 -0.4728253029 0
0.5939322519 0.3076628458 -0.3592933765 -0.01518834096 0.1458894566 0.4806794445 -0.001974965304 0.03754801599 0.251245239 -0.9960498148 -0.03376755799 -0.08212501762 0.01694280244 0.8356057564 -0.5490682666 0.087164832 -0.5482907732 -0.8317328418 9.403461085e-05 -0.4778601907 0
0.6009723446 0.3113096842 -0.3635522102 -0.01554223826 0.147486543 0.4799962583 -0.002021784128 0.03798434927 0.2511562374 -0.9958626263 -0.03493751767 -0.0838868249 0.01753132173 0.8319273627 -0.5546075333 0.08916435549 -0.5537835616 -0.8278728674 9.676931394e-05 -0.4835244395 0
0.6072302048 0.3145513184 -0.3673378401 -0.01585998817 0.1489023354 0.4793828533 -0.002063852938 0.03837194315 0.2510762659 -0.9956908265 -0.03599854621 -0.08546275605 0.01806512162 0.8286306027 -0.5595042231 0.09095839368 -0.5586371174 -0.8244095716 9.924473918e-05 -0.4885593273 0
0.6142702975 0.3181981568 -0.3715966738 -0.01622101603 0.1504907384 0.4786859018 -0.002111688516 0.03880769291 0.2509853324 -0.9954913403 -0.03721605921 -0.08724652651 0.01867773645 0.8248916183 -0.5649822655 0.09299534188 -0.5640645203 -0.8204773509 0.0001020802993 -0.4942235761 0
0.6205281577 0.321439791 -0.3753823037 -0.01654508293 0.1518987363 0.4780603021 -0.002154660371 0.03919476256 0.2509036449 -0.9953083902 -0.03831963077 -0.08884151274 0.01923310038 0.8215415803 -0.569824113 0.09482244639 -0.5688594183 -0.8169502224 0.0001046463469 -0.4992584639 0
0.6267860179 0.3246814251 -0.3791679336 -0.01687210763 0.153303014 0.4774289924 -0.002198056673 0.03958158166 0.250821151 -0.9951200402 -0.03944340711 -0.0904451398 0.01979871076 0.8181668753 -0.5746398657 0.09666497158 -0.5736263434 -0.8133933252 0.0001072557157 -0.5042933517 0
0.6338261106 0.3283282635 -0.3834267673 -0.0172435339 0.154878338 0.4767119671 -0.002247384442 0.04001645063 0.2507273822 -0.9949015692 -0.04073194924 -0.09225928642 0.02044734677 0.814341173 -0.5800261717 0.09875613211 -0.5789554061 -0.8093564506 0.0001102435786 -0.5099576005 0
0.6400839707 0.3315698977 -0.3872123973 -0.01757681178 0.1562745996 0.476068586 -0.002291681578 0.0404027292 0.2506431767 -0.9947014167 -0.04189903851 -0.09388057429 0.02103493385 0.8109149211 -0.5847858773 0.1006311245 -0.5836621123 -0.8057368773 0.0001129464481 -0.5149924884 0
0.6471240634 0.3352167361 -0.3914712309 -0.017955248 0.1578408213 0.4753380282 -0.002342021923 0.04083698383 0.2505474839 -0.9944694154 -0.04323658893 -0.09571404915 0.02170844526 0.8070318997 -0.5901086817 0.1027585774 -0.5889228389 -0.8016299424 0.0001160406076 -0.5206567371 0
0.6533819236 0.3384583703 -0.3952568609 -0.01829473466 0.1592289176 0.4746826612 -0.002387218351 0.04122271079 0.2504615697 -0.9942570102 -0.04444748523 -0.09735203457 0.0223182758 0.8035552978 -0.5948115482 0.1046656206 -0.5935682812 -0.7979484967 0.0001188389515 -0.525691625 0
0.6604220163 0.3421052087 -0.3995156946 -0.01868013044 0.16078587 0.4739386683 -0.002438569518 0.04165633866 0.2503639564 -0.9940109694 -0.04583458624 -0.09920374731 0.02301695637 0.7996163126 -0.6000699728 0.1068288935 -0.5987595037 -0.7937724134 0.0001220416354 -0.5313558738 0
0.6666798765 0.3453468428 -0.4033013245 -0.01902578066 0.1621656529 0.4732714027 -0.002484663663 0.04204150298 0.2502763366 -0.9937858563 -0.04708975949 -0.1008574553 0.0236492858 0.7960905732 -0.604715231 0.1087675642 -0.6033426504 -0.7900299128 0.0001249374403 -0.5363907616 0
0.6737199692 0.3489936812 -0.4075601582 -0.01941808469 0.1637131701 0.4725140737 -0.002537023863 0.04247449167 0.2501768062 -0.993525261 -0.04852692602 -0.1027263026 0.02437341641 0.7920969966 -0.6099084231 0.1109661767 -0.6084632161 -0.7857856083 0.0001282508906 -0.5420550104 0
0.6799778294 0.3522353154 -0.4113457881 -0.01976985248 0.1650844929 0.4718349984 -0.002584014121 0.04285908232 0.2500874839 -0.99328698 -0.04982682165 -0.1043947469 0.02502848865 0.7885233469 -0.6144953264 0.1129360443 -0.6129830497 -0.7819828839 0.0001312461554 -0.5470898982 0
0.6862356896 0.3554769495 -0.415131418 -0.02012448297 0.166451784 0.4711503968 -0.002631425514 0.0432433992 0.2499973615 -0.9930423419 -0.0511479102 -0.1060697816 0.02569434448 0.78492758 -0.6190545168 0.1149204418 -0.6174727406 -0.7781521102 0.0001342889199 -0.552124786 0
0.6932757823 0.359123788 -0.4193902517 -0.02052685109 0.1679851275 0.4703736393 -0.002685266265 0.04367542543 0.2498950183 -0.9927593964 -0.05265957965 -0.1079617968 0.02645638454 0.7808562494 -0.6241502843 0.1171701354 -0.6224873384 -0.7738091967 0.0001377693633 -0.5577890348 0
0.6995336424 0.3623654221 -0.4231758817 -0.02088753006 0.169343745 0.4696773613 -0.002733571353 0.04405915248 0.2498031981 -0.9925009054 -0.0540260006 -0.109650098 0.02714532072 0.7772144029 -0.6286500644 0.1191850842 -0.6269122452 -0.7699194455 0.0001409145491 -0.5628239226 0
0.7065737351 0.3660122605 -0.4274347153 -0.02129667584 0.1708672496 0.4688875199 -0.002788416567 0.04449050897 0.2496989466 -0.9922021112 -0.05558888838 -0.1115564703 0.02793344871 0.7730919407 -0.6336786044 0.1214688973 -0.631853406 -0.7655106663 0.0001445113556 -0.5684881714 0
0.7128315953 0.3692538947 -0.4312203453 -0.02166335532 0.1722170498 0.4681796581 -0.002837613666 0.04487363522 0.2496054318 -0.9919292964 -0.05700102555 -0.113257026 0.0286456802 0.7694052763 -0.6381182851 0.1235139501 -0.6362125462 -0.7615628012 0.0001477609909 -0.5735230592 0
0.719871688 0.3729007331 -0.4354791789 -0.02207922438 0.1737305546 0.4673768376 -0.002893461434 0.04530430966 0.2494992758 -0.9916141213 -0.05861554919 -0.1151766113 0.02946013127 0.7652331091 -0.643078836 0.1258313755 -0.641079173 -0.7570891353 0.0001514764484 -0.579187308 0
0.7261295482 0.3761423673 -0.4392648089 -0.02245185564 0.1750713951 0.4666574861 -0.002943548831 0.04568682417 0.2494040696 -0.9913265078 -0.060073761 -0.1168884001 0.03019586108 0.7615029014 -0.6474577524 0.1279060781 -0.6453715786 -0.753084033 0.0001548325722 -0.5842221958 0
0.7323874084 0.3793840014 -0.4430504388 -0.02282727067 0.1764079704 0.4659327606 -0.00299405459 0.04606904701 0.2493080688 -0.9910317648 -0.06155377172 -0.118605119 0.03094271575 0.7577526473 -0.6518078505 0.1299945745 -0.6496322489 -0.7490523025 0.0001582395171 -0.5892570836 0
0.7394275011 0.3830308398 -0.4473092725 -0.02325292629 0.1779064806 0.4651110475 -0.003051373156 0.04649869609 0.2491991188 -0.9906915245 -0.0632449286 -0.1205420354 0.03179627598 0.7535100061 -0.6566670903 0.1323604931 -0.6543873086 -0.7444850235 0.0001621336438 -0.5949213324 0
0.7456853613 0.386272474 -0.4510949024 -0.02363422007 0.1792338893 0.4643749733 -0.003102766635 0.04688029114 0.2491014316 -0.9903812776 -0.06477149443 -0.1222684689 0.03256690563 0.7497181053 -0.6609554896 0.1344779596 -0.6585798479 -0.7403973679 0.0001656500959 -0.5999562202 0
0.752725454 0.3899193124 -0.4553537361 -0.02406646091 0.1807220087 0.4635405476 -0.003161082883 0.04730922782 0.2489905864 -0.9900233238 -0.06651519519 -0.1242157286 0.03344731174 0.7454293437 -0.6657449743 0.136876206 -0.6632577345 -0.735767682 0.0001696685788 -0.605620469 0
0.7589833141 0.3931609466 -0.4591393661 -0.02445358282 0.1820401118 0.4627932225 -0.003213362291 0.04769018419 0.2488912164 -0.9896970893 -0.06808861085 -0.1259508336 0.03424188943 0.7415971004 -0.6699710693 0.1390221724 -0.6673812117 -0.731625009 0.0001732966039 -0.6106553568 0
0.7660234068 0.396807785 -0.4633981997 -0.02489235154 0.1835176848 0.461946195 -0.003272674189 0.04811839624 0.24877848 -0.9893208761 -0.06988517235 -0.1279072589 0.03514932922 0.7372636916 -0.6746901316 0.141452214 -0.6719808864 -0.7269339444 0.0001774417729 -0.6163196056 0
0.772281267 0.4000494191 -0.4671838297 -0.02528525024 0.1848263446 0.4611877179 -0.003325837704 0.04849870308 0.2486774306 -0.9889781673 -0.07150570639 -0.1296499848 0.03596801571 0.7333924207 -0.6788533413 0.1436262039 -0.6760343861 -0.7227371738 0.0001811834471 -0.6213544935 0
0.7785391272 0.4032910533 -0.4709694596 -0.02568084944 0.1861305133 0.4604240276 -0.003379416631 0.0488787005 0.2485755922 -0.9886275367 -0.07314849923 -0.1313959313 0.03679809962 0.7295032419 -0.6829867641 0.1458132146 -0.6800546427 -0.7185152673 0.0001849793246 -0.6263893813 0
0.7855792199 0.4069378917 -0.4752282933 -0.02612911203 0.1875922974 0.4595586726 -0.003440188955 0.04930582476 0.2484600818 -0.9882234728 -0.07502331061 -0.1333636781 0.03774560675 0.725106877 -0.6876011098 0.1482890317 -0.6845374496 -0.7137358357 0.000189315053 -0.6320536301 0
0.7918370801 0.4101795258 -0.4790139232 -0.02653041116 0.188886823 0.4587839788 -0.003494649253 0.04968515671 0.2483565693 -0.9878556471 -0.07671356886 -0.1351156871 0.03860001334 0.721180623 -0.6916708379 0.1505033539 -0.6884864104 -0.7094612062 0.0001932276509 -0.6370885179 0
0.7988771728 0.4138263643 -0.4832727569 -0.02698505637 0.190337683 0.4579063023 -0.003556412055 0.05011152624 0.2482391777 -0.9874319615 -0.07864189679 -0.1370896546 0.03957495832 0.7167433007 -0.6962132314 0.1530096206 -0.6928885141 -0.7046229935 0.0001976958701 -0.6427527667 0
0.8051350329 0.4170679984 -0.4870583868 -0.02739200227 0.1916224312 0.4571207076 -0.003611751826 0.05049018192 0.2481339948 -0.9870464474 -0.0803798236 -0.1388466585 0.04045381758 0.7127813111 -0.7002187453 0.1552507625 -0.6967653023 -0.7002965902 0.0002017272892 -0.6477876545 0
0.8121751256 0.4207148368 -0.4913172205 -0.02785296988 0.1930622169 0.4562308259 -0.003674502955 0.05091578459 0.248014726 -0.9866025842 -0.08236188157 -0.1408256418 0.04145633958 0.7083045434 -0.7046886162 0.1577869223 -0.7010857254 -0.6954006707 0.0002063303681 -0.6534519033 0
0.8184329858 0.423956471 -0.4951028504 -0.02826550867 0.1943370551 0.4554344343 -0.003730720269 0.05129375324 0.2479078765 -0.9861988863 -0.08414765332 -0.1425865668 0.04235976888 0.7043081663 -0.7086294213 0.1600543863 -0.7048894802 -0.6910234541 0.0002104827187 -0.6584867911 0
0.8254730785 0.4276033094 -0.4993616841 -0.02873273767 0.195765618 0.4545324653 -0.003794457536 0.05171857694 0.2477867348 -0.9857342869 -0.08618362464 -0.144569355 0.04338999284 0.6997934748 -0.7130262275 0.162619876 -0.7091272632 -0.686070915 0.0002152230367 -0.6641510399 0
0.8317309387 0.4308449436 -0.5031473141 -0.02915081475 0.197030415 0.4537253822 -0.003851550433 0.0520958478 0.2476782223 -0.9853119082 -0.08801739078 -0.1463331218 0.04431809691 0.695764067 -0.7169018548 0.1649131586 -0.71285714 -0.6816438572 0.0002194984388 -0.6691859277 0
0.8379887989 0.4340865777 -0.506932944 -0.029571479 0.1982904417 0.4529133048 -0.003909054682 0.05247278658 0.2475689287 -0.9848805659 -0.08987378654 -0.148097851 0.04525784523 0.6917195868 -0.720746655 0.1672184153 -0.716551963 -0.6771936842 0.0002238324836 -0.6742208155 0
0.8450288916 0.4377334161 -0.5111917777 -0.03004780343 0.1997022342 0.4519937773 -0.003974238104 0.05289644281 0.2474450405 -0.9843844538 -0.09198931135 -0.1500840223 0.04632900427 0.6871519077 -0.7250350882 0.1698260007 -0.7206665126 -0.6721598821 0.0002287789689 -0.6798850643 0
0.8512867518 0.4409750503 -0.5149774076 -0.03047392443 0.2009520293 0.4511711658 -0.004032614997 0.05327266805 0.2473340896 -0.9839336965 -0.09389387213 -0.1518499975 0.04729355819 0.6830764054 -0.7288140667 0.1721563252 -0.7242862453 -0.6676613172 0.0002332391996 -0.6849199521 0
0.8583268445 0.4446218887 -0.5192362413 -0.03095635612 0.2023522393 0.4502398484 -0.004098779003 0.05369551554 0.2472083393 -0.983415461 -0.09606363271 -0.1538369576 0.04839266643 0.6784745985 -0.7330282184 0.1747918216 -0.7283158639 -0.6625736347 0.000238328848 -0.6905842009 0
0.8645847046 0.4478635229 -0.5230218712 -0.03138787756 0.2035916753 0.4494068115 -0.004158026505 0.05407101656 0.2470957351 -0.982944788 -0.09801644091 -0.1556030884 0.04938209907 0.6743694484 -0.736740969 0.1771466965 -0.7318597027 -0.6580276769 0.0002429174075 -0.6956190887 0
0.8716247973 0.4515103613 -0.5272807049 -0.03187635279 0.2049801602 0.4484638274 -0.004225168786 0.0544930433 0.2469681271 -0.9824038653 -0.1002405146 -0.1575896086 0.05050923156 0.6697350634 -0.7408803968 0.1798095187 -0.7358034956 -0.6528872436 0.0002481526349 -0.7012833375 0
0.8778826575 0.4547519954 -0.5310663348 -0.0323132177 0.206209111 0.4476204751 -0.004285284829 0.05486780945 0.2468538735 -0.9819127749 -0.1022416253 -0.1593548008 0.05152360319 0.6656016459 -0.744526539 0.1821884211 -0.7392706534 -0.6482949022 0.0002528716749 -0.7063182253 0
0.8841405177 0.4579936296 -0.5348519648 -0.03275257728 0.2074330845 0.446772307 -0.004345808874 0.05524222609 0.2467388452 -0.9814119026 -0.1042654779 -0.1611191719 0.05254972798 0.6614554055 -0.7481412117 0.1845784481 -0.7427014587 -0.6436810855 0.0002576528647 -0.7113531132 0
0.8911806104 0.461640468 -0.5391107985 -0.03324982271 0.2088040711 0.4458123922 -0.004414385531 0.05566302413 0.2466085134 -0.9808365902 -0.1065694996 -0.163102805 0.05371817839 0.6567759403 -0.7521700084 0.1872803795 -0.7465174519 -0.6384651544 0.0002631065886 -0.7170173619 0
0.8974384706 0.4648821021 -0.5428964284 -0.03369444073 0.2100173769 0.4449540728 -0.004475775023 0.05603669029 0.2464918418 -0.9803145618 -0.1086416858 -0.1648646233 0.05476930729 0.6526034725 -0.7557175602 0.1896936554 -0.74987045 -0.6338064572 0.0002680214398 -0.7220522498 0
0.9044785633 0.4685289406 -0.5471552621 -0.03419756903 0.2113762934 0.4439828014 -0.004545324106 0.05645663807 0.2463596635 -0.979715166 -0.1110000795 -0.1668447658 0.05596590502 0.6478952844 -0.7596706641 0.1924214411 -0.7535984891 -0.6285406162 0.0002736267543 -0.7277164986 0
0.9107364235 0.4717705747 -0.550940892 -0.03464738688 0.2125788093 0.443114444 -0.004607576902 0.05682954316 0.2462413526 -0.9791714787 -0.1131205867 -0.1686029307 0.0570420663 0.6436979822 -0.7631507783 0.1948574301 -0.7568729356 -0.623838073 0.0002786774406 -0.7327513864 0
0.9177765162 0.4754174131 -0.5551997257 -0.03515633174 0.2139255191 0.4421319439 -0.004678095985 0.0572486288 0.2461073325 -0.9785474338 -0.1155333225 -0.1705783432 0.05826683582 0.6389626407 -0.767027848 0.1976104643 -0.7605121927 -0.6185234912 0.0002844367963 -0.7384156352 0
0.9240343763 0.4786590473 -0.5589853556 -0.03561129015 0.2151171246 0.4412536628 -0.004741209912 0.05762076227 0.2459873866 -0.9779815849 -0.1177021102 -0.1723317524 0.05936804473 0.634741901 -0.7704402341 0.2000686254 -0.7637073604 -0.6137781462 0.0002896255005 -0.743450523 0
