0.007983580296 0.003637399019 0.002583167241 -2.468345207e-06 0.002035799918 0.5099945823 -3.091792452e-07 0.0005072080986 0.2549993271 -0.9999999999 -7.570631356e-08 -1.437478109e-05 3.848303285e-08 0.9999684494 -0.00794356151 1.437492894e-05 -0.00794356151 -0.9999684493 3.297413523e-08 0.00343561243 0
0.01496716059 0.006819188038 0.004842774481 -8.675312668e-06 0.003816539913 0.5099809589 -1.092646954e-06 0.0009526369882 0.2549976219 -0.9999999987 -5.009718837e-07 -5.052033705e-05 2.514153534e-07 0.9998891131 -0.01489166006 5.052219531e-05 -0.01489166006 -0.9998891118 5.366029705e-08 0.00644089006 0
0.02282368843 0.01039870068 0.007384832627 -2.017298537e-05 0.005819735462 0.5099557231 -2.549879346e-06 0.001454431806 0.2549944502 -0.9999999931 -1.777726226e-06 -0.0001174694485 8.901359313e-07 0.999742158 -0.02270721293 0.0001174795271 -0.02270721287 -0.9997421511 3.027308529e-08 0.009821827394 0
0.02980726872 0.0135804897 0.009644439868 -3.440592524e-05 0.007600173967 0.5099244838 -4.356322145e-06 0.001900520637 0.2549905183 -0.9999999799 -3.960437751e-06 -0.0002003343341 1.981814346e-06 0.9995602536 -0.02965298233 0.0002003636766 -0.02965298214 -0.9995602336 2.516456085e-08 0.01282710502 0
0.03766379656 0.01716000235 0.01218649801 -5.493171599e-05 0.009602897169 0.5098794326 -6.962799966e-06 0.002402290841 0.254984845 -0.9999999488 -7.990282121e-06 -0.0003198145956 3.997145188e-06 0.9992979447 -0.03746488637 0.0003198894231 -0.03746488573 -0.9992978935 1.173286929e-07 0.01620804236 0
0.04464737685 0.02034179137 0.01444610525 -7.718835724e-05 0.01138279746 0.5098305824 -9.789750116e-06 0.002848229533 0.2549786919 -0.999999899 -1.330955981e-05 -0.000449340857 6.657224234e-06 0.9990135449 -0.04440649848 0.0004494886334 -0.04440649698 -0.9990134438 2.231270714e-07 0.01921331999 0
0.05163095715 0.02352358039 0.0167057125 -0.0001032197073 0.01316236258 0.5097734472 -1.309660239e-05 0.003294101455 0.2549714941 -0.9999998193 -2.058155336e-05 -0.000600796056 1.029378382e-05 0.9986809487 -0.05134552213 0.0006010603457 -0.05134551904 -0.998680768 3.497699961e-07 0.02221859762 0
0.05948748498 0.02710309303 0.01924777064 -0.0001370157824 0.01516390747 0.5096992696 -1.739031817e-05 0.003795636665 0.2549621484 -0.9999996816 -3.147606135e-05 -0.0007973657424 1.574190105e-05 0.998249205 -0.05914832648 0.0007978314748 -0.0591483202 -0.9982488866 5.162663435e-07 0.02559953495 0
0.06647106528 0.03028488205 0.02150737788 -0.0001710651687 0.01694258643 0.509624536 -2.17166571e-05 0.004241388232 0.2549527316 -0.9999995037 -4.390898043e-05 -0.0009953378035 2.195943026e-05 0.9978142943 -0.066080508 0.0009960638158 -0.06608049706 -0.9978137981 6.852087215e-07 0.02860481258 0
0.07432759311 0.0338643947 0.02404943603 -0.0002138786549 0.01894300139 0.5095305664 -2.715712435e-05 0.004742797341 0.2549408898 -0.9999992241 -6.138222402e-05 -0.001244165534 3.069774256e-05 0.9972675389 -0.07387458958 0.001245300487 -0.07387457045 -0.9972667632 8.985890112e-07 0.03198574992 0
0.08131117341 0.03704618372 0.02630904327 -0.0002559406449 0.02072055776 0.5094382462 -3.250266386e-05 0.005188440703 0.2549292547 -0.9999988889 -8.034886282e-05 -0.001488515951 4.018315442e-05 0.9967304873 -0.08079810693 0.001490141265 -0.08079807698 -0.9967293766 1.108889261e-06 0.03499102755 0
0.08916770124 0.04062569636 0.02885110141 -0.0003077647116 0.02271957691 0.5093244997 -3.90895867e-05 0.005689728768 0.2549149175 -0.9999983934 -0.0001059430836 -0.00178942762 5.298350635e-05 0.9960689382 -0.08858141803 0.001791777858 -0.08858137052 -0.9960673322 1.368639928e-06 0.03837196488 0
0.09615128154 0.04380748538 0.03111070865 -0.0003578325946 0.02449577449 0.5092146077 -4.545406721e-05 0.006135262954 0.2549010645 -0.999997828 -0.0001328122034 -0.002079985398 6.642196601e-05 0.9954299599 -0.0954944531 0.00208316261 -0.09549438384 -0.995427789 1.620119046e-06 0.04137724251 0
0.1031348618 0.0469892744 0.0333703159 -0.0004116652708 0.02627125097 0.5090964525 -5.229795458e-05 0.006580743442 0.2548861681 -0.9999971252 -0.0001638723991 -0.002392219415 8.195717611e-05 0.9947431018 -0.1024019275 0.00239642461 -0.1024018292 -0.9947402287 1.891000344e-06 0.04438252014 0
0.1109913897 0.05056878705 0.03591237404 -0.0004767247626 0.02826773503 0.5089536561 -6.057028778e-05 0.007081842214 0.2548681625 -0.9999961445 -0.0002042001134 -0.002769332156 0.0001021285878 0.9939132308 -0.1101656902 0.002774971717 -0.1101655483 -0.9939093779 2.218982147e-06 0.04776345748 0
0.11797497 0.05375057607 0.03817198128 -0.0005385511441 0.03004150578 0.5088179558 -6.843269422e-05 0.007527201367 0.2548510491 -0.9999950794 -0.0002451665716 -0.003127463261 0.0001226204963 0.9931248347 -0.1170600174 0.003134660637 -0.1170598249 -0.9931199179 2.531236075e-06 0.05076873511 0
0.1258314978 0.05733008871 0.04071403943 -0.0006125981826 0.03203593836 0.508655433 -7.785068084e-05 0.008028157343 0.2548305499 -0.9999936329 -0.00029740202 -0.003556073577 0.0001487506782 0.9921809047 -0.1248079734 0.003565386442 -0.1248077077 -0.9921745432 2.905904353e-06 0.05414967244 0
0.1328150781 0.06051187773 0.04297364667 -0.0006824084073 0.03380776784 0.5085022093 -8.6731276e-05 0.008473383552 0.2548112203 -0.9999920986 -0.0003496299186 -0.003959850958 0.0001748785632 0.991291285 -0.1316873484 0.003971407581 -0.1316870004 -0.9912833913 3.259803712e-06 0.05715495007 0
0.1406716059 0.06409139038 0.04551570481 -0.0007654311812 0.03579988413 0.508319986 -9.729452249e-05 0.008974182828 0.2547882284 -0.9999900584 -0.0004152938793 -0.00443965862 0.0002077300573 0.9902336723 -0.1394174706 0.004454198682 -0.1394170068 -0.9902237415 3.681507504e-06 0.0605358874 0
0.1476551862 0.0672731794 0.04777531206 -0.0008432141141 0.03756953713 0.5081492634 -0.0001071929366 0.009419263165 0.2547666835 -0.9999879345 -0.0004801314412 -0.004888799385 0.0002401701819 0.9892431835 -0.1462800952 0.004906445139 -0.1462795044 -0.9892311324 4.077395041e-06 0.06354116503 0
0.1555117141 0.07085269204 0.0503173702 -0.0009351993817 0.03955907276 0.5079473686 -0.0001189010043 0.009919890716 0.2547411997 -0.9999851574 -0.000560736398 -0.00541946816 0.0002805019347 0.9880723095 -0.1539903648 0.005441174423 -0.1539895994 -0.9880574866 4.546552584e-06 0.06692210237 0
0.1624952944 0.07403448106 0.05257697744 -0.001020942617 0.04132631447 0.5077591743 -0.0001298168271 0.01036481149 0.2547174404 -0.9999823097 -0.0006395240563 -0.005913657491 0.0003199271856 0.9869813463 -0.1608344483 0.00593952713 -0.160833495 -0.9869636816 4.984826777e-06 0.06992738 0
0.1694788747 0.07721627008 0.05483658468 -0.001110427224 0.04309234032 0.5075627681 -0.0001412112766 0.01080965231 0.2546926393 -0.9999790712 -0.0007253378584 -0.006428928161 0.0003628713361 0.9858432488 -0.1676691893 0.006459532235 -0.167668013 -0.9858223531 5.443199592e-06 0.07293265763 0
0.1773354025 0.08079578273 0.05737864283 -0.001215565574 0.04507760151 0.5073320042 -0.0001546020107 0.0113099987 0.2546634931 -0.9999749182 -0.0008306428299 -0.007033706658 0.000415573669 0.9845066743 -0.1753466153 0.007070381559 -0.1753451403 -0.9844816359 5.983022671e-06 0.07631359496 0
0.1843189828 0.08397757175 0.05963825007 -0.001312989937 0.04684087154 0.5071181714 -0.0001670131903 0.01175465903 0.254636479 -0.9999707343 -0.0009323620591 -0.007593505307 0.0004664855945 0.9832687552 -0.1821601971 0.007636295767 -0.1821584084 -0.9832395442 6.484455743e-06 0.07931887259 0
0.1921755106 0.08755708439 0.06218030821 -0.00142705195 0.04882290091 0.5068678213 -0.0001815474631 0.01225479423 0.2546048439 -0.9999654254 -0.00105630322 -0.008248161096 0.0005285252266 0.981820153 -0.189812823 0.008298710686 -0.1898106196 -0.9817856487 7.07300417e-06 0.08269980993 0
0.1991590909 0.09073887341 0.06443991546 -0.001532400536 0.05058318144 0.5066365959 -0.0001949748599 0.01269925954 0.254575618 -0.9999601288 -0.001175245515 -0.008852094823 0.0005880679316 0.980482905 -0.196603477 0.008910385002 -0.1966008438 -0.9804431209 7.618010335e-06 0.08570508756 0
0.2070156187 0.09431838606 0.0669819736 -0.001655368026 0.05256171639 0.5063666995 -0.0002106520709 0.01319916709 0.2545414952 -0.9999534685 -0.00131929933 -0.009556168285 0.0006601881942 0.9789228517 -0.2042293186 0.009624191112 -0.2042261243 -0.9788764299 8.255884937e-06 0.08908602489 0
0.213999199 0.09750017508 0.06924158084 -0.00176862404 0.05431877425 0.5061181185 -0.0002250951303 0.01364342269 0.2545100587 -0.9999468786 -0.001456771679 -0.01020381294 0.0007290200657 0.9774868069 -0.2109952865 0.01028146449 -0.2109915169 -0.9774338194 8.845019123e-06 0.09209130252 0
0.2209827793 0.1006819641 0.07150118808 -0.001885595026 0.05607423505 0.5058613836 -0.000240015945 0.01408757448 0.2544775824 -0.9999396139 -0.001603413062 -0.01087187185 0.000802449722 0.9760044647 -0.2177490322 0.0109601371 -0.2177446073 -0.9759442409 9.455123108e-06 0.09509658015 0
0.2288393072 0.1042614767 0.07404324623 -0.002021622793 0.0580471554 0.5055628217 -0.0002573727581 0.01458711706 0.2544398039 -0.9999305794 -0.001779700103 -0.01164770988 0.0008907333512 0.9742816526 -0.2253319065 0.01174917325 -0.2253266388 -0.9742124321 1.016672517e-05 0.09847751748 0
0.2358228875 0.1074432658 0.07630285347 -0.002146474224 0.05979905171 0.5052887904 -0.000273308344 0.01503103734 0.2544051189 -0.999921732 -0.00194677253 -0.01235879971 0.000974411261 0.9727013669 -0.2320584008 0.01247318629 -0.2320522806 -0.9726233386 1.082184697e-05 0.1014827951 0
0.2436794153 0.1110227784 0.07884491162 -0.002291356472 0.06176783162 0.5049707942 -0.0002918064105 0.01553031111 0.2543648565 -0.999910799 -0.002146764722 -0.01318277034 0.001074588034 0.9708687164 -0.2396096426 0.01331312484 -0.2396024352 -0.970779807 1.158445646e-05 0.1048637324 0
0.2506629956 0.1142045674 0.08110451886 -0.002424068451 0.06351593177 0.50467951 -0.0003087561099 0.01597398498 0.2543279643 -0.9999001561 -0.002335545399 -0.01393639082 0.001169159669 0.9691911153 -0.2463071559 0.0140822877 -0.2462988576 -0.9690916169 1.228524983e-05 0.1078690101 0
0.2585195234 0.1177840801 0.083646577 -0.002577782093 0.06548031096 0.5043421301 -0.0003283946665 0.01647297314 0.2542852197 -0.9998870779 -0.002560672149 -0.0148079141 0.00128195251 0.9672493545 -0.2538248269 0.01497290752 -0.2538151475 -0.9671368481 1.309962393e-05 0.1112499474 0
0.2655031037 0.1209658691 0.08590618424 -0.002718333473 0.06722438395 0.5040336396 -0.0003463577798 0.01691638567 0.2542461218 -0.9998744138 -0.002772424843 -0.01560353458 0.001388057514 0.9654751044 -0.2604916429 0.01578701768 -0.2604805873 -0.9653500058 1.384678102e-05 0.114255225 0
0.272486684 0.1241476581 0.08816579148 -0.002862566313 0.06896648208 0.5037170687 -0.0003647975399 0.01735967003 0.2542059865 -0.9998607167 -0.002995421161 -0.01641872758 0.001499809569 0.9636556138 -0.2671434231 0.01662220607 -0.2671308394 -0.9635169002 1.461600657e-05 0.1172605027 0
0.2803432119 0.1277271708 0.09070784963 -0.003029222409 0.07092391849 0.503351282 -0.0003861118017 0.01785820763 0.2541595948 -0.9998440054 -0.003260074236 -0.01735905638 0.001632454439 0.9615548097 -0.2746082356 0.01758692739 -0.2745937361 -0.9613994904 1.550797019e-05 0.12064144 0
0.2873267922 0.1309089598 0.09296745687 -0.003181261292 0.07266165107 0.503017578 -0.000405563871 0.01830120865 0.2541172563 -0.9998279319 -0.003507874977 -0.01821541452 0.001756669203 0.9596397189 -0.2812268196 0.0184667438 -0.2812104279 -0.9594684334 1.632464538e-05 0.1236467176 0
0.29518332 0.1344884724 0.09550951502 -0.003356685737 0.07461404723 0.502632546 -0.0004280165349 0.01879941905 0.2540683869 -0.9998084044 -0.003801125496 -0.01920171822 0.001903686437 0.9574317866 -0.2886533387 0.01948154295 -0.288634588 -0.9572411107 1.727042563e-05 0.127027655 0
0.3021669003 0.1376702614 0.09776912226 -0.003516506449 0.07634718509 0.5022817619 -0.0004484801108 0.01924212173 0.2540238469 -0.9997896976 -0.00407495785 -0.02009863717 0.002040987688 0.9554218552 -0.2952370454 0.02040575572 -0.2952159774 -0.9552126108 1.813533403e-05 0.1300329326 0
0.3100234281 0.1412497741 0.1003111804 -0.003700671306 0.07829428363 0.5018775459 -0.0004720702504 0.01973998808 0.2539725018 -0.9997670578 -0.004398177427 -0.02113021939 0.002203075142 0.9531076703 -0.3026233886 0.02147036553 -0.3025994463 -0.9528759617 1.913583264e-05 0.1334138699 0
0.3170070084 0.1444315631 0.1025707876 -0.003868248398 0.08002259842 0.5015097377 -0.0004935444883 0.02018237745 0.2539257623 -0.9997454484 -0.004699252443 -0.02206706554 0.00235407965 0.9510036949 -0.3091705527 0.02243873134 -0.3091438005 -0.950750553 2.004979352e-05 0.1364191476 0
0.3248635362 0.1480110758 0.1051128458 -0.004061124345 0.08196414293 0.5010864021 -0.00051827113 0.02067988289 0.2538719438 -0.9997193864 -0.005053794101 -0.02314319719 0.002531927109 0.9485841741 -0.3165148558 0.0235528715 -0.3164846343 -0.9483051927 2.110595188e-05 0.1398000849 0
0.3318471165 0.1511928648 0.107372453 -0.004236431137 0.08368740716 0.5007016283 -0.000540755144 0.02112194396 0.2538230065 -0.9996945929 -0.005383305918 -0.02411930806 0.00269724431 0.9463869881 -0.3230238283 0.0245651354 -0.3229902302 -0.9460834346 2.206981943e-05 0.1428053625 0
0.3388306968 0.1543746538 0.1096320603 -0.004415365856 0.0854082162 0.5003088917 -0.0005637140282 0.02156384535 0.2537730357 -0.9996682 -0.005726607955 -0.02511365906 0.002869505601 0.9441462369 -0.3295142627 0.0255979657 -0.3294769937 -0.9438165366 2.305747778e-05 0.1458106402 0
0.3466872247 0.1579541664 0.1121741184 -0.004620996063 0.08734112928 0.4998575623 -0.0005901101298 0.02206078941 0.2537155839 -0.9996365138 -0.006129628341 -0.02625391226 0.00307176479 0.9415735624 -0.3367933949 0.02678440804 -0.3367516209 -0.9412124847 2.419728033e-05 0.1491915775 0
0.353670805 0.1611359555 0.1144337257 -0.004807619027 0.08905655483 0.499447951 -0.0006140774113 0.02250234046 0.2536634185 -0.9996065009 -0.006503090983 -0.02728650199 0.003259220989 0.9392408918 -0.3432432441 0.02786074051 -0.3431971109 -0.9388501063 2.52361633e-05 0.1521968551 0
0.3615273328 0.1647154681 0.1169757838 -0.005021881975 0.09098328468 0.4989776739 -0.0006416074093 0.02299888197 0.2536034989 -0.9995705688 -0.006940691095 -0.02846936565 0.00347890742 0.9365653218 -0.3504758125 0.02909596496 -0.3504243495 -0.9361389855 2.643411619e-05 0.1555777925 0
0.3685109131 0.1678972571 0.119235391 -0.005216163491 0.09269310155 0.4985512533 -0.0006665820992 0.02344006771 0.2535491411 -0.9995366248 -0.007345463516 -0.02953946179 0.003682148443 0.934141654 -0.3568834713 0.03021551621 -0.3568268691 -0.9336817488 2.752516093e-05 0.1585830701 0
0.3763674409 0.1714767698 0.1217774492 -0.005439025092 0.09461339536 0.4980621034 -0.0006952448578 0.02393618982 0.2534867562 -0.9994960904 -0.007818925323 -0.03076409653 0.003919921062 0.9313642458 -0.3640676804 0.03149919756 -0.3640048161 -0.9308642728 2.878233672e-05 0.1619640074 0
0.3833510212 0.1746585588 0.1240370564 -0.005640934255 0.09631737932 0.4976189411 -0.0007212259256 0.02437699529 0.2534302082 -0.9994578928 -0.008256137227 -0.03187093921 0.004139528372 0.928850538 -0.3704315624 0.03266167285 -0.3703626794 -0.9283128249 2.992651264e-05 0.1649692851 0
0.3903346015 0.1778403478 0.1262966637 -0.005846421862 0.09801854109 0.4971679246 -0.0007476802146 0.02481761663 0.2533726303 -0.9994175785 -0.008708999945 -0.03299480372 0.004367036177 0.9262947996 -0.3767743002 0.03384424245 -0.3766989482 -0.9257172731 3.109603592e-05 0.1679745627 0
0.3981911294 0.1814198604 0.1288387218 -0.006081863764 0.09992891327 0.4966511627 -0.000778006636 0.02531309143 0.2533066248 -0.9993696014 -0.009237481289 -0.03427927707 0.004632582731 0.9233696324 -0.3838841768 0.03519856636 -0.3838009783 -0.922744748 3.244232776e-05 0.1713555 0
0.4051747097 0.1846016495 0.1310983291 -0.006294931383 0.1016239143 0.4961835092 -0.0008054657123 0.02575331051 0.2532468602 -0.9993245383 -0.009724407944 -0.03543872149 0.004877295902 0.9207253248 -0.3901808405 0.03642360602 -0.3900901335 -0.9200559813 3.366646484e-05 0.1743607776 0
0.4130312375 0.1881811621 0.1336403872 -0.00653888191 0.1035272308 0.495648072 -0.0008369218879 0.02624832436 0.2531783961 -0.9992710232 -0.01029182088 -0.03676276118 0.005162514362 0.9177010987 -0.3972380166 0.03782552884 -0.3971382276 -0.9169789843 3.507478135e-05 0.177741715 0
0.4200148178 0.1913629511 0.1358999944 -0.006759495671 0.1052158494 0.4951638558 -0.0008653846187 0.02668812626 0.2531164474 -0.999220861 -0.01081389002 -0.0379569594 0.005424992148 0.9149692641 -0.4034870696 0.039092716 -0.4033786132 -0.9141977105 3.635457807e-05 0.1807469926 0
0.4278713456 0.1949424638 0.1384420526 -0.007011916049 0.1071118616 0.4946098285 -0.0008979692507 0.02718266238 0.2530455275 -0.9991614075 -0.01142143568 -0.03931962134 0.005730506354 0.9118471705 -0.4104898281 0.04054186863 -0.4103709157 -0.9110170517 3.78261126e-05 0.1841279299 0
0.4348549259 0.1981242528 0.1407016598 -0.007240040891 0.1087938774 0.4941091265 -0.0009274344618 0.02762203217 0.2529813971 -0.9991057847 -0.01197970395 -0.04054772121 0.006011298483 0.9090288843 -0.4166897548 0.04185086967 -0.4165608889 -0.9081440032 3.916264443e-05 0.1871332076 0
0.4427114538 0.2017037654 0.143243718 -0.007500891012 0.1106823379 0.4935365971 -0.000961146206 0.0281160738 0.2529080244 -0.9990399802 -0.01262855845 -0.04194803228 0.006337721401 0.9058101519 -0.423636403 0.04334687056 -0.4234955587 -0.90486052 4.069862322e-05 0.1905141449 0
0.449695034 0.2048855545 0.1455033252 -0.007736490691 0.1123575315 0.4930194888 -0.0009916126818 0.02855499658 0.2528417151 -0.9989785248 -0.0132240599 -0.04320915609 0.006637367787 0.9029065228 -0.42978571 0.04469734085 -0.4296334896 -0.9018964532 4.20929945e-05 0.1935194225 0
0.4566786143 0.2080673435 0.1477629325 -0.007975595065 0.1140294392 0.4924946883 -0.001022549909 0.02899370386 0.2527743813 -0.9989141929 -0.01383743406 -0.0444855097 0.006946070719 0.899963125 -0.4359106854 0.0460672037 -0.43574637 -0.8988898229 4.351497451e-05 0.1965247002 0
0.4645351422 0.2116468561 0.1503049906 -0.008248766216 0.1159063477 0.491895116 -0.001057916631 0.02948698785 0.2526974071 -0.9988382744 -0.014549119 -0.04593935966 0.007304331629 0.8966045855 -0.4427717967 0.04763138009 -0.4425929736 -0.8954567054 4.514801904e-05 0.1999056375 0
0.4715187225 0.2148286451 0.1525645978 -0.008495289995 0.1175711129 0.4913540309 -0.001089853261 0.02992522625 0.2526278985 -0.9987675438 -0.01520120459 -0.04724740107 0.007632664372 0.8935775336 -0.4488439972 0.04904218555 -0.4486514402 -0.8923602127 4.66295134e-05 0.2029109151 0
0.4793752503 0.2184081578 0.155106656 -0.008776786123 0.1194398642 0.4907361864 -0.001126343576 0.0304179744 0.2525484792 -0.9986842044 -0.01595699195 -0.04873637507 0.008013299657 0.8901255468 -0.4556449253 0.05065221491 -0.4554359289 -0.8888264554 4.833016743e-05 0.2062918525 0
0.4863588306 0.2215899468 0.1573662632 -0.009030690171 0.1210972708 0.4901789026 -0.00115927829 0.03085572906 0.2524767987 -0.9986066775 -0.0166487644 -0.05007516553 0.008361776642 0.8870160281 -0.4616629144 0.05210359153 -0.4614383865 -0.8856409155 4.987234864e-05 0.2092971301 0
0.4942153584 0.2251694595 0.1599083214 -0.009320466596 0.1229576225 0.4895428841 -0.001196890692 0.03134792466 0.2523949376 -0.9985154646 -0.01744973765 -0.05159819404 0.008765359002 0.8834719473 -0.4684020568 0.05375904997 -0.4681589741 -0.8820074487 5.164194612e-05 0.2126780674 0
0.5011989387 0.2283512485 0.1621679286 -0.009581710619 0.1246074553 0.4889694901 -0.001230822133 0.03178518076 0.2523210881 -0.998430734 -0.01818214755 -0.05296677103 0.00913448386 0.8802811802 -0.4743644221 0.05525061563 -0.4741038422 -0.8787337004 5.324601299e-05 0.2156833451 0
0.508182519 0.2315330375 0.1644275359 -0.009846394478 0.1262536501 0.4883885462 -0.001265222139 0.03222219712 0.252246219 -0.9983424698 -0.01893400264 -0.05434902549 0.009513496487 0.8770526089 -0.4803001297 0.05676095853 -0.480021067 -0.8754187391 5.487962468e-05 0.2186886227 0
0.5160390469 0.2351125501 0.166969594 -0.01014826392 0.1281012118 0.4877259851 -0.001304481838 0.03271354987 0.2521607733 -0.9982388323 -0.01980333436 -0.05592013574 0.009951838977 0.8733756265 -0.4869455575 0.05848242927 -0.4866444729 -0.871640386 5.675309411e-05 0.22206956 0
0.5230226272 0.2382943392 0.1692292012 -0.01042022641 0.1297395193 0.4871290656 -0.001339876499 0.03315004589 0.2520837398 -0.9981427478 -0.02059717841 -0.05733071912 0.01035221992 0.8700676534 -0.4928236094 0.06003238006 -0.4925018119 -0.8682384918 5.845040079e-05 0.2250748377 0
0.530879155 0.2418738518 0.1717712594 -0.01073026021 0.1315780886 0.486448585 -0.001380254368 0.03364080494 0.251995861 -0.9980300714 -0.02151425009 -0.05893312925 0.010814871 0.8663020669 -0.4994034115 0.06179818157 -0.4990569766 -0.8643628398 6.039623298e-05 0.228455775 0
0.5378627353 0.2450556408 0.1740308666 -0.01100945821 0.1332082971 0.4858357845 -0.001416642224 0.03407676585 0.2519166663 -0.9979257356 -0.02235096971 -0.06037102253 0.01123709605 0.8629159843 -0.5052224577 0.06338733217 -0.5048528877 -0.8608749084 6.215849553e-05 0.2314610526 0
0.5457192631 0.2486351535 0.1765729248 -0.01132760722 0.1350376366 0.4851374921 -0.001458136598 0.03456691459 0.251826358 -0.9978035304 -0.02331676371 -0.06200357376 0.01172458443 0.8590632637 -0.5117351298 0.06519699954 -0.5113380853 -0.856902978 6.417812252e-05 0.23484199 0
0.5527028434 0.2518169425 0.178832532 -0.01161399647 0.136659536 0.4845089079 -0.001495516147 0.03500232563 0.2517450054 -0.9976905037 -0.02419721856 -0.06346773602 0.01216911767 0.8556003925 -0.5174938463 0.06682493156 -0.5170710425 -0.8533299277 6.600662574e-05 0.2378472676 0
0.5596864237 0.2549987315 0.1810921393 -0.01190375422 0.138277453 0.4838729303 -0.001533361845 0.03543747281 0.2516626385 -0.9975732323 -0.02509854435 -0.0649438939 0.01262430605 0.8521018506 -0.5232237219 0.06847096596 -0.522773851 -0.8497171456 6.786675228e-05 0.2408525452 0
0.5675429516 0.2585782442 0.1836341974 -0.01223374542 0.1400927919 0.4831486459 -0.001576495017 0.03592669393 0.2515687643 -0.9974361034 -0.02613770888 -0.06661861431 0.01314925225 0.848123729 -0.5296350039 0.07034427314 -0.5291530595 -0.8456055362 6.999755813e-05 0.2442334825 0
0.5745265318 0.2617600332 0.1858938046 -0.01253062731 0.1417020934 0.4824970319 -0.001615330127 0.03636126958 0.2514842445 -0.9973094782 -0.02708398401 -0.06811947188 0.01362740946 0.8445503921 -0.5353026518 0.07202845514 -0.5347907003 -0.8419090263 7.192585688e-05 0.2472387602 0
0.5823830597 0.2653395458 0.1884358628 -0.01286860688 0.1435076235 0.4817552142 -0.001659575494 0.03684983948 0.2513879502 -0.9971615682 -0.02817416528 -0.06982136771 0.01417844146 0.8404889038 -0.5416432169 0.07394443033 -0.5410957577 -0.8377037676 7.413410785e-05 0.2506196975 0
0.58936664 0.2685213348 0.19069547 -0.0131725659 0.1451081031 0.4810880668 -0.001699398415 0.03728382892 0.2513012811 -0.9970251281 -0.02916618048 -0.07134583251 0.01468000155 0.836842161 -0.5472473802 0.07566631652 -0.5466667463 -0.8339245032 7.613192001e-05 0.2536249751 0
0.5972231678 0.2721008475 0.1932375282 -0.01351848033 0.1469035931 0.4803288331 -0.001744754152 0.03777173108 0.2512025709 -0.9968659135 -0.03030825191 -0.0730736635 0.01525760064 0.8326988838 -0.5535158304 0.07762445525 -0.5528959927 -0.8296267023 7.841913725e-05 0.2570059125 0
0.6042067481 0.2752826365 0.1954971354 -0.01382946838 0.1484950457 0.479646258 -0.001785563242 0.03820511964 0.251113756 -0.9967191895 -0.03134676906 -0.07462062323 0.01578298511 0.8289801508 -0.5590552807 0.07938359228 -0.5583988625 -0.8257656784 8.048782573e-05 0.2600111901 0
0.6120632759 0.2788621492 0.1980391936 -0.01418326293 0.1502802659 0.4788697286 -0.001832027478 0.03869233757 0.2510126339 -0.9965481381 -0.03254157131 -0.07637312715 0.01638761828 0.8247566921 -0.5652502498 0.08138337903 -0.5645506576 -0.821376467 8.285555448e-05 0.2633921274 0
0.6190468562 0.2820439382 0.2002988008 -0.0145012308 0.1518624884 0.4781718338 -0.001873821055 0.03912511063 0.250921677 -0.996390653 -0.03362732295 -0.07794145032 0.01693723582 0.8209674103 -0.5707237871 0.08317930373 -0.5699839597 -0.8174347002 8.499650335e-05 0.2663974051 0
0.6260304365 0.2852257272 0.202558408 -0.01482246595 0.1534402974 0.4774667677 -0.001916077327 0.03955758897 0.2508297134 -0.9962279368 -0.03473554756 -0.07951943002 0.01749839487 0.8171454351 -0.5761658998 0.08499237726 -0.5753840279 -0.8134552945 8.717194189e-05 0.2694026827 0
0.6338869644 0.2888052398 0.2051004662 -0.01518774691 0.1552100016 0.4766650273 -0.001964168215 0.04004377081 0.2507250521 -0.9960384934 -0.03600935218 -0.08130588023 0.01814360187 0.8128070417 -0.5822503951 0.08705245152 -0.5814189879 -0.8089337619 8.966092622e-05 0.27278362 0
0.6408705447 0.2919870289 0.2073600734 -0.01551588757 0.1567782843 0.4759448046 -0.002007406425 0.04047561216 0.250630952 -0.9958643011 -0.03716583413 -0.08290352584 0.01872957131 0.8089166828 -0.5876248833 0.08890161406 -0.5867473912 -0.8048751468 9.191069775e-05 0.2757888977 0
0.6487270725 0.2955665415 0.2099021316 -0.01588890819 0.1585371592 0.4751260767 -0.002056600997 0.04096106919 0.2505238894 -0.9956616697 -0.03849430255 -0.08471144096 0.01940290343 0.8045021993 -0.593632663 0.0910020159 -0.5927009363 -0.8002651018 9.448411055e-05 0.279169835 0
0.6557106528 0.2987483305 0.2121617388 -0.01622390249 0.1600957164 0.4743908113 -0.002100819363 0.04139225898 0.2504276568 -0.9954755062 -0.03969969971 -0.08632757627 0.0200140594 0.8005449587 -0.5989383997 0.09288678059 -0.5979562718 -0.7961283458 9.680964893e-05 0.2821751126 0
0.6635671806 0.3023278432 0.214703797 -0.01660460384 0.1618435388 0.4735552252 -0.002151115591 0.04187697482 0.2503181974 -0.9952591259 -0.04108355465 -0.08815562343 0.02071593222 0.796056088 -0.6048682128 0.095026957 -0.6038268347 -0.7914310022 9.94691142e-05 0.28555605 0
0.6705507609 0.3055096322 0.2169634042 -0.01694639885 0.1633921731 0.4728050331 -0.00219631229 0.04230749852 0.2502198363 -0.9950604894 -0.04233849386 -0.08978905526 0.02135263734 0.7920334908 -0.6101041012 0.09694682762 -0.6090077186 -0.7872171945 0.0001018718725 0.2885613276 0
0.6775343412 0.3086914212 0.2192230114 -0.0172913756 0.1649360698 0.4720478576 -0.002241968738 0.04273770374 0.250120475 -0.9948558077 -0.04361695493 -0.09143020909 0.02200148716 0.7879806718 -0.6153067491 0.09888304432 -0.6141530934 -0.7829675098 0.0001043114778 0.2915666052 0
0.6853908691 0.3122709338 0.2217650696 -0.01768326258 0.1666672372 0.4711877207 -0.002293881268 0.04322129993 0.2500074991 -0.9946181739 -0.04508349951 -0.09328540174 0.02274605425 0.7833855555 -0.6211197054 0.1010806862 -0.619898822 -0.778144039 0.0001071004857 0.2949475426 0
0.6923744493 0.3154527229 0.2240246768 -0.01803496033 0.1682009236 0.4704157935 -0.002340513295 0.04365081772 0.2499060154 -0.9944002695 -0.04641236715 -0.094942068 0.02342096146 0.7792696634 -0.6262509483 0.1030512623 -0.6249677462 -0.7738189411 0.0001096194818 0.2979528202 0
0.7002309772 0.3190322355 0.226566735 -0.01843437736 0.1699204954 0.4695391292 -0.002393522276 0.04413363243 0.2497906541 -0.9941474698 -0.04793593201 -0.09681402107 0.02419502975 0.7746044755 -0.6319829958 0.1052872679 -0.6306267144 -0.7689112682 0.0001124986447 0.3013337575 0
0.7072145575 0.3222140245 0.2288263422 -0.01879274062 0.1714437784 0.4687525721 -0.002441127961 0.04456244834 0.2496870521 -0.9939158252 -0.04931575454 -0.09848496755 0.02489632268 0.7704270898 -0.6370418137 0.1072916847 -0.6356178535 -0.7645118958 0.00011509853 0.3043390351 0
0.7150710853 0.3257935372 0.2313684004 -0.01919962471 0.1731515385 0.4678595187 -0.002495231207 0.0450444653 0.2495693102 -0.9936472743 -0.05089693829 -0.1003722865 0.02570025358 0.7656936186 -0.642691823 0.1095654653 -0.6411885714 -0.7595213129 0.0001180695437 0.3077199725 0
0.7220546656 0.3289753262 0.2336280076 -0.01956459696 0.1746642267 0.4670584558 -0.002543808587 0.0454725649 0.2494635943 -0.9934013664 -0.05232823152 -0.1020562664 0.02642824638 0.7614563391 -0.6476772278 0.1116031949 -0.6461006112 -0.7550488243 0.0001207518342 0.3107252501 0
0.7290382459 0.3321571152 0.2358876148 -0.01993265949 0.1761718634 0.4662506102 -0.002592842544 0.04590032242 0.2493568852 -0.9931485637 -0.05378391538 -0.1037459442 0.02716890843 0.7571914336 -0.6526277525 0.113656416 -0.6509749791 -0.7505423344 0.0001234734331 0.3137305277 0
0.7368947737 0.3357366279 0.238429673 -0.02035040769 0.1778618647 0.4653337115 -0.002648550941 0.04638113679 0.2492356514 -0.9928557729 -0.05545084287 -0.1056532931 0.02801737766 0.7523608422 -0.658155141 0.1159846579 -0.6564132594 -0.7454322183 0.0001265826428 0.3171114651 0
0.743878354 0.3389184169 0.2406892802 -0.02072499427 0.1793586286 0.4645115466 -0.002698553635 0.04680815684 0.2491268348 -0.9925879278 -0.05695869614 -0.1073541456 0.02878517539 0.7480384314 -0.6630308581 0.1180703999 -0.6612066334 -0.7408543504 0.0001293889073 0.3201167427 0
0.7517348819 0.3424979295 0.2432313384 -0.02115004898 0.1810362928 0.4635786111 -0.002755350707 0.04728813348 0.2490032327 -0.9922779134 -0.05868456292 -0.1092733479 0.02966433086 0.7431440707 -0.6684735729 0.12043492 -0.6665530829 -0.7356646096 0.0001325942397 0.32349768 0
0.7587184622 0.3456797185 0.2454909456 -0.02153110063 0.1825219973 0.4627422563 -0.002806320077 0.04771440171 0.2488923133 -0.99199449 -0.0602450195 -0.1109840953 0.0304595426 0.7387658018 -0.6732735747 0.1225526338 -0.6712642011 -0.7310165691 0.0001354867274 0.3265029577 0
0.76657499 0.3492592312 0.2480330038 -0.02196339493 0.1841871154 0.4617934309 -0.002864203484 0.04819352448 0.248766348 -0.9916666466 -0.06203029478 -0.1129137041 0.03136968915 0.7338095351 -0.6786306129 0.1249528097 -0.676517412 -0.7257485698 0.0001387899438 0.329883895 0
0.7735585703 0.3524410202 0.250292611 -0.02235085166 0.1856615758 0.4609430178 -0.002916137429 0.04861902658 0.2486533303 -0.9913671042 -0.06364375483 -0.1146330542 0.03219257848 0.7293770733 -0.6833540245 0.1271019376 -0.681145034 -0.7210315805 0.0001417702284 0.3328891726 0
0.7814150981 0.3560205329 0.2528346692 -0.02279031752 0.1873139411 0.4599784519 -0.002975104785 0.04909727942 0.2485250072 -0.9910208211 -0.06548886966 -0.1165716094 0.03313400426 0.7243607834 -0.688624421 0.1295371373 -0.6863036233 -0.7156867099 0.0001451731081 0.33627011 0
0.7883986784 0.3592023219 0.2550942764 -0.02318411838 0.1887769746 0.4591141143 -0.003028001166 0.0495220011 0.2484098959 -0.9907046149 -0.06715569928 -0.1182982588 0.03398481986 0.7198758108 -0.6932704011 0.1317171136 -0.6908465308 -0.7109020136 0.0001482427788 0.3392753876 0
0.7953822587 0.3623841109 0.2573538836 -0.02358088335 0.190234568 0.4582432709 -0.003081349705 0.04994635059 0.2482938011 -0.9903803773 -0.06884776087 -0.1200278891 0.03484885899 0.7153667139 -0.6978796613 0.1339114086 -0.6953491573 -0.7060858901 0.0001513550679 0.3422806652 0
0.8032387866 0.3659636235 0.2598959418 -0.02403076977 0.1918678084 0.4572558333 -0.003141906678 0.05042329498 0.2481620202 -0.9900058579 -0.0707815771 -0.1219769223 0.03583677165 0.7102656141 -0.7030209693 0.1363969466 -0.700366137 -0.7006305354 0.00015490778 0.3456616026 0
0.8102223669 0.3691454126 0.262155549 -0.02443378748 0.1933137098 0.456371266 -0.003196214434 0.05084684313 0.2480438389 -0.9896641481 -0.07252748407 -0.1237119157 0.03672907534 0.705706509 -0.7075516223 0.1386212432 -0.7047822978 -0.6957485636 0.0001581118204 0.3486668802 0
0.8180788947 0.3727249252 0.2646976072 -0.02489067277 0.1949336965 0.455368467 -0.003257849272 0.05132287802 0.2479097134 -0.9892696613 -0.07452203903 -0.1256662364 0.03774890657 0.7005501158 -0.7126040663 0.1411402045 -0.7097013463 -0.6902198502 0.0001617686657 0.3520478175 0
0.825062475 0.3759067142 0.2669572144 -0.02529987992 0.1963677281 0.4544703147 -0.003313114008 0.05174561063 0.2477894506 -0.9889099251 -0.07632207204 -0.1274052643 0.03866968607 0.695942723 -0.7170553547 0.143393917 -0.7140298787 -0.6852733155 0.000165066084 0.3550530952 0
0.8329190028 0.3794862269 0.2694992726 -0.02576369231 0.1979742622 0.4534523116 -0.003375824172 0.05222072008 0.2476529862 -0.9884948457 -0.07837766178 -0.1293633728 0.0397216649 0.6907329799 -0.7220181022 0.1459456386 -0.718849701 -0.6796726991 0.0001688289007 0.3584340325 0
0.8399025831 0.3826680159 0.2717588798 -0.02617902466 0.1993962484 0.4525407154 -0.00343204361 0.05264262301 0.2475306468 -0.988116526 -0.08023206641 -0.1311050977 0.04067111609 0.6860790339 -0.726389303 0.1482281736 -0.7230894653 -0.6746629038 0.0001722213383 0.3614393101 0
0.8468861634 0.3858498049 0.274018487 -0.02659721696 0.200812506 0.451622842 -0.003488711521 0.05306413062 0.247407332 -0.9877292674 -0.08211213263 -0.1328476268 0.04163412323 0.6814037845 -0.7307225755 0.1505240647 -0.7272870686 -0.6696237942 0.0001756590627 0.3644445878 0
0.8547426912 0.3894293176 0.2765605452 -0.02707108375 0.2023989007 0.4505827709 -0.003552998342 0.05353785026 0.2472674383 -0.9872827621 -0.08425793399 -0.134808561 0.04273375751 0.6761191483 -0.7355519855 0.1531227401 -0.7319586723 -0.6639201221 0.0001795810931 0.3678255251 0
0.8617262715 0.3926111066 0.2788201524 -0.02749530511 0.2038028583 0.4496516646 -0.003610617535 0.05395850744 0.2471420544 -0.9868760957 -0.08619266884 -0.1365518058 0.04372569627 0.6713999202 -0.7398041705 0.1554465674 -0.7360658741 -0.6588196974 0.0001831162762 0.3708308027 0
0.8695827994 0.3961906192 0.2813622106 -0.02797591729 0.2053753194 0.4485967883 -0.00367597322 0.05443126243 0.2469998359 -0.9864074397 -0.08840006624 -0.1385127833 0.04485796936 0.6660667995 -0.7445419943 0.1580763279 -0.7406351645 -0.6530477989 0.0001871488883 0.3742117401 0
0.8765663797 0.3993724082 0.2836218178 -0.0284061012 0.2067668068 0.447652595 -0.003734541324 0.05485105514 0.2468723882 -0.9859808018 -0.09038962778 -0.1402553876 0.04587899722 0.6613053582 -0.7487124553 0.1604274795 -0.7446508835 -0.6478874018 0.000190783206 0.3772170177 0
0.8844229075 0.4029519209 0.286163876 -0.02889338348 0.2083251439 0.4465830788 -0.00380096318 0.0553228297 0.2467278509 -0.9854893601 -0.0926587789 -0.1422148792 0.04704407746 0.6559257457 -0.7533579965 0.1630876327 -0.7491166577 -0.6420487966 0.0001949282931 0.380597955 0
0.8914064878 0.4061337099 0.2884234832 -0.02932946256 0.2097039926 0.4456259464 -0.003860477781 0.05574174391 0.2465983447 -0.9850421852 -0.09470328937 -0.1439554807 0.04809433618 0.651123868 -0.7574461323 0.1654654897 -0.7530398366 -0.6368297859 0.000198663435 0.3836032326 0
0.8992630156 0.4097132226 0.2909655413 -0.02982333863 0.2112480177 0.4445419578 -0.003927963073 0.0562125223 0.2464514946 -0.9845273206 -0.09703431156 -0.1459119505 0.04929237417 0.6456997683 -0.7619987343 0.1681553352 -0.7574009187 -0.6309260112 0.0002029229053 0.38698417 0
0.9062465959 0.4128950116 0.2932251486 -0.03026524461 0.2126140619 0.4435720361 -0.00398842172 0.05663054404 0.2463199352 -0.9840590417 -0.09913385727 -0.1476491814 0.0503719897 0.6408592411 -0.7660039789 0.1705592715 -0.7612305245 -0.625649761 0.0002067605742 0.3899894476 0
0.9132301762 0.4160768006 0.2954847558 -0.0307098688 0.2139740237 0.4425961485 -0.004049323766 0.05704814096 0.2461874116 -0.9835806349 -0.1012593215 -0.1493843516 0.05146545928 0.6360011469 -0.7699700303 0.1729752618 -0.7650157455 -0.6203470544 0.0002106470841 0.3929947252 0
0.9210867041 0.4196563132 0.298026814 -0.03121330093 0.2154966653 0.4414911856 -0.004118367874 0.05751742589 0.2460371714 -0.9830301644 -0.1036814585 -0.1513335757 0.05271220068 0.6305152894 -0.7743848486 0.1757074838 -0.7692207908 -0.6143502707 0.0002150782629 0.3963756626 0
0.9280702844 0.4228381023 0.3002864212 -0.03166365006 0.2168435825 0.4405027325 -0.00418021029 0.05793410987 0.2459026027 -0.9825298174 -0.1058620192 -0.1530633554 0.05383518346 0.6256211902 -0.7782672417 0.1781486203 -0.7729109647 -0.6089923725 0.0002190698279 0.3993809402 0
0.9359268122 0.4264176149 0.3028284794 -0.03217348329 0.2183514584 0.4393837201 -0.004250310889 0.05840235991 0.2457500649 -0.981954344 -0.108346143 -0.1550057406 0.05511517815 0.6200958431 -0.7825876708 0.1809087711 -0.7770085319 -0.6029342899 0.0002236201678 0.4027618775 0
0.9429103925 0.4295994039 0.3050880866 -0.03262948699 0.2196851705 0.438382856 -0.00431309113 0.05881811707 0.2456134567 -0.9814314874 -0.1105817971 -0.1567287519 0.05626776076 0.6151675473 -0.786385928 0.1833744111 -0.7806026869 -0.5975226109 0.0002277185228 0.4057671552 0
0.9507669203 0.4331789166 0.3076301447 -0.03314564167 0.2211781015 0.4372499689 -0.004384245333 0.05928531666 0.2454586277 -0.9808303701 -0.1131278837 -0.1586627463 0.05758109719 0.6096047495 -0.7906114511 0.186161764 -0.7845916972 -0.5914048243 0.0002323899826 0.4091480925 0
0.9577505006 0.4363607056 0.309889752 -0.03360722873 0.2224984505 0.4362368501 -0.004447960815 0.05970013317 0.2453199857 -0.9802844339 -0.1154185917 -0.1603776084 0.05876335024 0.6046440726 -0.7943251312 0.1886512583 -0.7880888872 -0.5859407893 0.000236596875 0.4121533701 0
0.9647340809 0.4395424946 0.3121493592 -0.03407141837 0.2238124569 0.435218019 -0.004512115504 0.06011450225 0.2451803887 -0.9797274396 -0.1177351833 -0.1620881573 0.05995958569 0.5996687877 -0.7979988679 0.1911517518 -0.7915401264 -0.5804526131 0.0002408554521 0.4151586478 0
0.9725906087 0.4431220073 0.3146914174 -0.03459672266 0.22528309 0.4340650498 -0.00458481379 0.06058012885 0.245022202 -0.9790874458 -0.1203722621 -0.1640069875 0.06132207681 0.594054634 -0.8020839699 0.1939777728 -0.7953675945 -0.5742499572 0.0002457086176 0.4185395851 0
0.979574189 0.4463037963 0.3169510246 -0.03506638945 0.2265835049 0.4330341971 -0.004649899848 0.06099353702 0.2448805797 -0.9785065339 -0.1227437831 -0.1657073532 0.06254805732 0.5890496491 -0.805672546 0.1965011545 -0.7987205235 -0.5687115452 0.0002500783245 0.4215448627 0
0.9874307169 0.4498833089 0.3194930828 -0.03559781446 0.2280387617 0.4318677938 -0.004723644424 0.06145807487 0.2447201178 -0.9778393124 -0.1254425895 -0.1676139487 0.0639440312 0.5834031114 -0.8096616395 0.1993525519 -0.8024368924 -0.5624531925 0.0002550575094 0.4249258001 0
0.9944142972 0.4530650979 0.32175269 -0.0360728852 0.2293254329 0.4308250802 -0.004789659171 0.06187050841 0.2445764761 -0.9772339135 -0.1278689103 -0.169302747 0.0651997876 0.5783702561 -0.8131647032 0.2018981576 -0.8056906284 -0.556866003 0.000259540124 0.4279310777 0
1.002270825 0.4566446106 0.3242947481 -0.03661034813 0.2307651432 0.4296454245 -0.004864446999 0.0623339421 0.2444137457 -0.9765388243 -0.1306292779 -0.1711955504 0.06662926984 0.572693395 -0.8170574127 0.2047741808 -0.8092949197 -0.5505536012 0.0002646473353 0.431312015 0
1.009254405 0.4598263996 0.3265543554 -0.03709074881 0.2320379207 0.4285910125 -0.004931387719 0.06274538733 0.2442680906 -0.9759083698 -0.133110232 -0.1728713968 0.06791481682 0.5676345028 -0.8204746486 0.2073413401 -0.812448606 -0.5449191052 0.0002692446474 0.4343172927 0
1.016237986 0.4630081886 0.3288139626 -0.03757363187 0.2333041088 0.4275311519 -0.00499876324 0.06315636276 0.24412149 -0.9752659282 -0.1356168279 -0.1745406693 0.06921438336 0.5625639932 -0.823851396 0.2099184089 -0.8155549212 -0.5392628599 0.0002738965576 0.4373225703 0
1.024094513 0.4665877013 0.3313560208 -0.03811982183 0.2347206536 0.4263323416 -0.005075079658 0.06361814481 0.243955436 -0.9745286967 -0.1384673375 -0.1764103619 0.07069315092 0.5568462905 -0.8276017685 0.212829269 -0.8189926771 -0.5328739974 0.0002791957167 0.4407035076 0
1.031078094 0.4697694903 0.333615628 -0.03860792462 0.235972732 0.4252610245 -0.005143377086 0.0640281119 0.243806831 -0.9738603658 -0.1410282557 -0.1780646484 0.07202250026 0.551752446 -0.8308922901 0.2154268956 -0.8219977308 -0.5271726313 0.0002839649781 0.4437087852 0
1.038934622 0.4733490029 0.3361576862 -0.03915994419 0.2373733221 0.4240494191 -0.005220729074 0.06448875193 0.2436385253 -0.9730936909 -0.1439397384 -0.1799167044 0.07353476147 0.5460095262 -0.8345455267 0.2183604993 -0.8253211187 -0.5207338507 0.0002893971788 0.4470897226 0
