0.0070365645 0.006508962894 0.004263735893 -3.89304478e-06 0.001794310209 0.5099957914 -4.873233146e-07 0.0004469148566 0.2549994777 -0.9999999997 -1.052853219e-07 -2.267177496e-05 5.344860188e-08 0.9999754908 -0.007001275534 2.267195642e-05 -0.007001275533 -0.9999754905 4.263591796e-08 0.005670768738 0
0.013073129 0.01209290579 0.007921531786 -1.343761689e-05 0.003333559792 0.5099854732 -1.690668044e-06 0.0008317290884 0.254998188 -0.9999999969 -6.778683272e-07 -7.825398816e-05 3.400451121e-07 0.9999154043 -0.01300708267 7.82561853e-05 -0.01300708266 -0.9999154013 7.979025208e-08 0.01053563728 0
0.01978042289 0.01829728678 0.01198574945 -3.076276917e-05 0.005043702658 0.5099667437 -3.88495837e-06 0.001260028274 0.2549958362 -0.999999984 -2.349546962e-06 -0.0001791381487 1.176196891e-06 0.9998063465 -0.01967916305 0.0001791496951 -0.01967916294 -0.9998063305 6.876588344e-08 0.01594104676 0
0.02581698739 0.02388122967 0.01564354534 -5.240277868e-05 0.006582653274 0.5099433496 -6.630821294e-06 0.001645625362 0.254992893 -0.9999999534 -5.224488629e-06 -0.0003051336002 2.613877523e-06 0.9996701461 -0.02568266067 0.0003051671294 -0.02568266027 -0.9996700995 1.741033332e-08 0.0208059153 0
0.03252428128 0.03008561067 0.019707763 -8.316543043e-05 0.008292335124 0.5099100934 -1.053716527e-05 0.002074028612 0.254988706 -0.9999998827 -1.044585659e-05 -0.0004842172562 5.22461144e-06 0.9994765636 -0.03235118013 0.000484301735 -0.03235117887 -0.9994764463 8.364293821e-08 0.02621132479 0
0.03856084578 0.03566955356 0.02336555889 -0.0001168969645 0.009830754897 0.5098736276 -1.482203087e-05 0.00245952631 0.2549841133 -0.9999997683 -1.740719623e-05 -0.0006805478477 8.70501488e-06 0.9992643459 -0.03835057816 0.0006807147759 -0.0383505752 -0.9992641142 2.008780355e-07 0.03107619332 0
0.04526813967 0.04187393455 0.02742977655 -0.0001610915534 0.01153971815 0.5098258507 -2.043715841e-05 0.002887783533 0.2549780947 -0.9999995599 -2.815875218e-05 -0.0009377200002 1.407990165e-05 0.9989863764 -0.04501354909 0.0009380370305 -0.04501354249 -0.9989859364 3.611565445e-07 0.03648160281 0
0.05197543356 0.04807831555 0.03149399421 -0.0002123525273 0.01324819977 0.5097704347 -2.695111786e-05 0.003315968749 0.2549711127 -0.9999992353 -4.261486273e-05 -0.00123593041 2.130607219e-05 0.9986640682 -0.05167280259 0.00123648132 -0.05167278941 -0.9986633036 5.512274597e-07 0.0418870123 0
0.05801199806 0.05366225844 0.0351517901 -0.0002645270483 0.01478536252 0.509714031 -3.358200768e-05 0.003701277874 0.2549640053 -0.9999988134 -5.92443873e-05 -0.001539365324 2.961787353e-05 0.9983361335 -0.05766249867 0.001540220205 -0.05766247584 -0.9983349471 7.470289808e-07 0.04675188084 0
0.06471929194 0.05986663943 0.03921600776 -0.0003292067881 0.01649273267 0.5096441085 -4.180320261e-05 0.004129337726 0.2549551934 -0.9999981622 -8.224367329e-05 -0.001915401579 4.111222788e-05 0.9979297638 -0.06431317751 0.001916725598 -0.06431313807 -0.9979279265 9.91682176e-07 0.05215729032 0
0.07075585644 0.06545058233 0.04287380365 -0.0003934532138 0.01802877937 0.5095746544 -4.997034115e-05 0.004514537118 0.2549464394 -0.999997375 -0.0001074472558 -0.002288780426 5.37068192e-05 0.997526297 -0.07029426661 0.002290671589 -0.070294205 -0.9975236727 1.236113185e-06 0.05702215886 0
0.07746315033 0.07165496332 0.04693802131 -0.0004715400258 0.01973478095 0.509490238 -5.989820611e-05 0.004942475532 0.2549357981 -0.9999962297 -0.0001409547153 -0.002742409563 7.044893906e-05 0.9970361548 -0.0769343951 0.002745125751 -0.07693429823 -0.9970323857 1.534608892e-06 0.06242756835 0
0.08417044422 0.07785934431 0.05100223897 -0.0005566776749 0.02143995903 0.5093981993 -7.072410051e-05 0.005370348409 0.2549241943 -0.9999947453 -0.0001807790268 -0.003236767243 9.034454859e-05 0.9965020578 -0.08356817955 0.003240552592 -0.08356803285 -0.9964968052 1.861485863e-06 0.06783297783 0
0.09020700872 0.08344328721 0.05466003487 -0.0006393265084 0.02297385645 0.5093088512 -8.123509125e-05 0.005755376125 0.2549129281 -0.9999930693 -0.000222468395 -0.003716442111 0.0001111689759 0.995983876 -0.08953271162 0.003721434617 -0.08953250424 -0.9959769483 2.180044433e-06 0.07269784637 0
0.09691430261 0.0896476682 0.05872425252 -0.0007378487107 0.02467727405 0.509202343 -9.376680306e-05 0.006183117839 0.2548994959 -0.9999907687 -0.0002757818446 -0.004287944634 0.0001377957469 0.9953665618 -0.09615294424 0.004294593944 -0.09615264749 -0.9953573353 2.561233891e-06 0.07810325586 0
0.1029508671 0.0952316111 0.06238204842 -0.0008325359046 0.02620947164 0.5090999806 -0.0001058127552 0.006568022664 0.2548865843 -0.9999882475 -0.0003304852344 -0.004836896099 0.0001651122968 0.994773675 -0.1021043987 0.004845360904 -0.1021039973 -0.9947619294 2.928982769e-06 0.0829681244 0
0.109658161 0.1014359921 0.06644626608 -0.0009444248509 0.02791087243 0.5089790222 -0.0001200496579 0.006995621803 0.2548713244 -0.9999848765 -0.000399226386 -0.005485189683 0.0001994327786 0.9940735821 -0.1087091241 0.005496081707 -0.108708574 -0.9940584686 3.36523158e-06 0.08837353388 0
0.1156947255 0.107019935 0.07010406197 -0.00105113329 0.02944113968 0.5088636643 -0.0001336299761 0.007380392463 0.2548567682 -0.9999812662 -0.0004686826434 -0.006103077989 0.0002341039691 0.9934064114 -0.1146457456 0.006116569275 -0.1146450266 -0.9933876914 3.782940619e-06 0.09323840242 0
0.1224020194 0.113224316 0.07416827963 -0.001176368757 0.03114026773 0.5087282775 -0.0001495713712 0.007807835664 0.2548396813 -0.9999765367 -0.0005547766063 -0.00682776148 0.0002770720431 0.9926240368 -0.1212330189 0.006844657405 -0.1212320661 -0.9926005928 4.275196398e-06 0.09864381191 0
0.1291093133 0.119428697 0.07823249729 -0.001308619769 0.03283809697 0.5085853065 -0.0001664095611 0.008235191021 0.2548216332 -0.999970965 -0.0006507718188 -0.007592473123 0.0003249713648 0.9917985753 -0.1278103295 0.007613379388 -0.1278090859 -0.991769567 4.797363846e-06 0.1040492214 0
0.1351458778 0.1250126399 0.08189029318 -0.001433638508 0.03436497436 0.508450154 -0.0001823305048 0.008619732323 0.2548045682 -0.9999651529 -0.0007460684592 -0.008314829551 0.0003725119019 0.9910189548 -0.1337209499 0.008339918674 -0.1337193875 -0.9909841427 5.293157961e-06 0.1089140899 0
0.1418531717 0.1312170209 0.08595451084 -0.001579200529 0.03606014114 0.5082927931 -0.0002008719718 0.009046909323 0.2547846944 -0.9999577182 -0.0008623250636 -0.009155228191 0.0004304955803 0.9901120825 -0.1402778626 0.009185667167 -0.1402758727 -0.9900698476 5.873070813e-06 0.1143194994 0
0.1478897362 0.1368009637 0.08961230673 -0.001716187614 0.03758450766 0.5081447022 -0.0002183254704 0.009431283208 0.2547659867 -0.9999500655 -0.0009767067232 -0.009945474502 0.0004875306362 0.9892594751 -0.1461692624 0.009981419386 -0.1461668122 -0.9892096008 6.421407604e-06 0.119184368 0
0.1545970301 0.1430053447 0.09367652439 -0.00187503434 0.03927675732 0.5079729797 -0.0002385693175 0.00985826642 0.2547442882 -0.9999403954 -0.001115108383 -0.01086104077 0.0005565258575 0.9882718351 -0.1527038642 0.01090394205 -0.1527008068 -0.988212309 7.060367066e-06 0.1245897774 0
0.1606335946 0.1485892876 0.09733432029 -0.002023965019 0.04079838402 0.507811977 -0.0002575545273 0.01024245883 0.2547239387 -0.9999305522 -0.001250261854 -0.01171868873 0.0006238844219 0.9873468455 -0.1585743281 0.01176866978 -0.1585706266 -0.9872774963 7.662470592e-06 0.129454646 0
0.1673408884 0.1547936686 0.1013985379 -0.002196067752 0.04248746247 0.507625924 -0.0002794997764 0.01066923248 0.2547004165 -0.9999182413 -0.001412672914 -0.01270885713 0.0007048059316 0.9862791381 -0.1650847208 0.01276769137 -0.165080181 -0.9861975055 8.361893461e-06 0.1348600555 0
0.1740481823 0.1609980496 0.1054627556 -0.002375134993 0.04417477003 0.507432342 -0.0003023400798 0.01109588942 0.2546759349 -0.9999043669 -0.001588462317 -0.01373804722 0.0007923673332 0.9851695903 -0.1715816149 0.01380685728 -0.1715760916 -0.9850741168 9.093745135e-06 0.140265465 0
0.1800847468 0.1665819925 0.1091205515 -0.002542242768 0.04569177475 0.5072516889 -0.0003236613724 0.01147977719 0.2546530815 -0.999890439 -0.00175853072 -0.01469753657 0.0008770543805 0.9841354035 -0.1774168492 0.01477635906 -0.1774103018 -0.9840260383 9.780499711e-06 0.1451303335 0
0.1867920407 0.1727863735 0.1131847692 -0.002734517606 0.04737552453 0.5070438287 -0.0003482014284 0.01190620009 0.254626778 -0.999873243 -0.001961134168 -0.01580037776 0.0009779119058 0.9829469654 -0.1838866685 0.0158915598 -0.1838788109 -0.9828204522 1.05751841e-05 0.150535743 0
0.1928286052 0.1783703164 0.116842565 -0.002913496862 0.04888921361 0.5068503418 -0.0003710519748 0.01228986995 0.2546022854 -0.9998561105 -0.002156151726 -0.01682585225 0.001074962653 0.9818421497 -0.1896966986 0.01692934581 -0.1896874904 -0.9816985552 1.131923275e-05 0.1554006115 0
0.1995358991 0.1845746974 0.1209067827 -0.003118944569 0.05056915323 0.5066282409 -0.0003972905994 0.0127160426 0.2545741612 -0.9998351067 -0.002387377541 -0.01800166459 0.001189994981 0.9805756628 -0.196137588 0.01812024866 -0.1961266681 -0.9804111314 1.217842931e-05 0.160806021 0
0.206243193 0.1907790784 0.1249710004 -0.003331310615 0.05224698639 0.506398661 -0.0004244227045 0.01314207701 0.2545450794 -0.9998118928 -0.002634385705 -0.01921559463 0.001312835267 0.979268454 -0.2025625126 0.01935085344 -0.202549636 -0.979080788 1.307228648e-05 0.1662114305 0
0.2122797575 0.1963630213 0.1286287963 -0.003528346465 0.05375517771 0.5061856539 -0.0004496052256 0.01352538604 0.2545180873 -0.9997889886 -0.002870592202 -0.02034055128 0.001430262854 0.9780573603 -0.2083308768 0.02049225889 -0.2083160089 -0.9778468734 1.390680978e-05 0.171076299 0
0.2189870514 0.2025674023 0.1326930139 -0.003753827807 0.055428817 0.5059418955 -0.0004784339352 0.01395114531 0.2544871869 -0.9997611645 -0.00314893411 -0.02162632917 0.001568587748 0.976673492 -0.2147240777 0.0217980144 -0.2147067168 -0.9764352883 1.486792381e-05 0.1764817085 0
0.2250236159 0.2081513452 0.1363508098 -0.003962649376 0.05693312107 0.5057161474 -0.0005051427843 0.01433419937 0.2544585587 -0.9997338607 -0.003414128188 -0.02281559784 0.001700329814 0.9753938388 -0.2204630764 0.02300688277 -0.2204431965 -0.9751284431 1.576382812e-05 0.1813465771 0
0.2317309098 0.2143557262 0.1404150275 -0.004201205311 0.05860231615 0.5054582546 -0.0005356667085 0.01475966715 0.2544258413 -0.9997008622 -0.003725546046 -0.02417243248 0.001854975454 0.973934289 -0.2268227496 0.02438739944 -0.2267997376 -0.9736360376 1.679410936e-05 0.1867519865 0
0.2377674743 0.2199396691 0.1440728234 -0.004421774906 0.06010250807 0.5052198062 -0.0005639005978 0.01514245149 0.2543955784 -0.9996686373 -0.004021282869 -0.02542528179 0.002001776275 0.9725869804 -0.2325307689 0.02566337004 -0.2325046126 -0.9722566516 1.775315212e-05 0.1916168551 0
0.2444747682 0.2261440501 0.148137041 -0.004673362377 0.06176700946 0.5049478256 -0.0005961182651 0.01556761139 0.2543610455 -0.99962987 -0.004367490003 -0.02685233914 0.002173560219 0.9710527798 -0.2388551326 0.02711823597 -0.2388250904 -0.970683871 1.885459457e-05 0.1970222646 0
0.2511820621 0.232348431 0.1522012587 -0.004931790465 0.06342894063 0.5046684499 -0.0006292267574 0.01599260266 0.2543255577 -0.9995878178 -0.004732685243 -0.02831600648 0.002354686136 0.969479721 -0.2451602047 0.02861206015 -0.2451258293 -0.9690689748 1.999431824e-05 0.202427674 0
0.2572186266 0.2379323739 0.1558590546 -0.005170213804 0.06492242434 0.5044107005 -0.0006597856908 0.01637494687 0.2542928027 -0.9995470161 -0.005077977414 -0.02966440308 0.002525867185 0.9680309982 -0.2508178753 0.02998970923 -0.2507791872 -0.9675796694 2.105328372e-05 0.2072925426 0
0.2639259204 0.2441367549 0.1599232722 -0.0054416032 0.06657928291 0.5041173129 -0.0006945855229 0.0167996052 0.2542555021 -0.9994982316 -0.005480517927 -0.03119693881 0.002725341269 0.9663849615 -0.2570849639 0.03155721126 -0.257040989 -0.9658851238 2.226736387e-05 0.2126979521 0
0.2699624849 0.2497206978 0.1635810681 -0.005691669952 0.06806809002 0.5038469763 -0.0007266659166 0.01718164238 0.2542211162 -0.9994510737 -0.005860159841 -0.03260689882 0.002913382996 0.9648710749 -0.2627076722 0.03300096246 -0.2626584615 -0.9643243589 2.339422613e-05 0.2175628206 0
0.2766697788 0.2559250788 0.1676452858 -0.005975971701 0.06971962901 0.5035396297 -0.0007631554112 0.01760595137 0.2541820044 -0.9993948895 -0.006301679358 -0.03420736336 0.003131971633 0.9631532204 -0.2689350569 0.03464167468 -0.268879458 -0.9625506696 2.468484964e-05 0.2229682301 0
0.2827063433 0.2615090217 0.1713030817 -0.006237636764 0.07120353773 0.5032567547 -0.000796755719 0.01798766674 0.2541459894 -0.9993407622 -0.006717126207 -0.03567802285 0.003337554037 0.9615752363 -0.2745212664 0.03615109724 -0.2744593689 -0.9609189107 2.588160848e-05 0.2278330986 0
0.2894136372 0.2677134027 0.1753672993 -0.006534799596 0.07284951123 0.5029355045 -0.0008349331172 0.01841160996 0.2541050684 -0.999276483 -0.007199224398 -0.03734543609 0.00357600172 0.9597867734 -0.280707253 0.03786453011 -0.2806377039 -0.9590666069 2.725103154e-05 0.2332385081 0
0.2961209311 0.2739177837 0.179431517 -0.006838710046 0.07449245712 0.5026069598 -0.0008739981519 0.01883535408 0.2540631959 -0.999207655 -0.007703310372 -0.03904767833 0.003825192898 0.9579616503 -0.28687078 0.03961603303 -0.2867928443 -0.9571731475 2.866285656e-05 0.2386439176 0
0.3021574956 0.2795017266 0.1830893129 -0.007117986128 0.07596846392 0.5023050462 -0.0009099151814 0.01921654979 0.2540246977 -0.9991416519 -0.008176141153 -0.04060923704 0.004058813135 0.9562879888 -0.292398373 0.04122481598 -0.2923122188 -0.9554339754 2.997029172e-05 0.2435087861 0
0.3088647895 0.2857061076 0.1871535306 -0.007434674964 0.07760547115 0.5019626873 -0.0009506652787 0.01963990309 0.253981019 -0.9990636157 -0.008723178557 -0.04237685562 0.004328955467 0.9543941964 -0.2985179694 0.04304825061 -0.2984218894 -0.9534627544 3.146448492e-05 0.2489141956 0
0.314901354 0.2912900505 0.1908113264 -0.007725426172 0.07907602365 0.5016483685 -0.0009880979901 0.0200207397 0.2539408961 -0.9989889851 -0.009235348343 -0.04399677181 0.004581742914 0.9526593255 -0.3040052912 0.04472152972 -0.3038995192 -0.9516538588 3.284713131e-05 0.2537790642 0
0.3216086479 0.2974944315 0.1948755441 -0.008054836322 0.08070684921 0.5012922571 -0.001030531186 0.02044368579 0.2538954133 -0.9989009783 -0.009826844604 -0.04582868767 0.004873521647 0.9506981936 -0.3100793341 0.04661635201 -0.3099618973 -0.9496054644 3.442610719e-05 0.2591844737 0
0.3276452124 0.3030783744 0.19853334 -0.008357010265 0.08217172927 0.5009655896 -0.001069477775 0.02082414852 0.2538536677 -0.9988170225 -0.01037969273 -0.04750597312 0.005146081889 0.9489033311 -0.3155249374 0.04835362804 -0.3153961482 -0.947727385 3.588616361e-05 0.2640493422 0
0.3343525063 0.3092827554 0.2025975577 -0.00869908238 0.0837961314 0.50059579 -0.001113592025 0.02124667102 0.253806383 -0.9987182573 -0.01101711639 -0.04940106946 0.005460157311 0.9468762352 -0.321551834 0.05031927265 -0.3214094249 -0.9456024283 3.755239298e-05 0.2694547517 0
0.3410598002 0.3154871364 0.2066617753 -0.009047794084 0.0854170561 0.5002188125 -0.001158590191 0.02166896399 0.2537581508 -0.998613505 -0.01167928869 -0.05132895761 0.005786224355 0.9448149891 -0.3275532873 0.05232195793 -0.3273961372 -0.9434374288 3.926555572e-05 0.2748601612 0
0.3470963647 0.3210710792 0.2103195712 -0.009367297094 0.08687286022 0.4998734113 -0.001199843793 0.02204882768 0.2537139323 -0.9985139201 -0.01229672605 -0.05309182555 0.006090079711 0.9429309994 -0.3329324875 0.05415590772 -0.3327610567 -0.9414548406 4.084811399e-05 0.2797250297 0
0.3538036586 0.3272754602 0.2143837889 -0.009728575819 0.08848699498 0.4994828481 -0.001246519736 0.02247067209 0.2536639018 -0.9983971597 -0.01300698931 -0.05508111883 0.00643940127 0.9408059745 -0.3388844234 0.05622851175 -0.3386959352 -0.9392142556 4.265240244e-05 0.2851304392 0
0.3598402231 0.3328594031 0.2180415848 -0.01005936014 0.08993658071 0.4991252512 -0.001289282334 0.02285012471 0.2536180658 -0.9982863885 -0.01366832751 -0.0568987117 0.006764455952 0.9388652478 -0.3442183735 0.05812511252 -0.3440134058 -0.9371639387 4.431813779e-05 0.2899953077 0
0.3665475169 0.3390637841 0.2221058024 -0.01043314085 0.0915436871 0.4987211727 -0.001337633804 0.02327150421 0.2535662392 -0.9981567717 -0.01442804637 -0.05894820189 0.007137625642 0.9366779299 -0.3501192795 0.06026701692 -0.3498946799 -0.9348484367 4.621615029e-05 0.2954007172 0
0.3732548108 0.3452681651 0.2261700201 -0.01081347467 0.09314699906 0.4983100099 -0.0013868662 0.02369263246 0.2535134684 -0.99802004 -0.015214328 -0.06102887764 0.007523576054 0.9344584373 -0.3559927313 0.06244513981 -0.3557470354 -0.9324937809 4.816455023e-05 0.3008061267 0
0.3792913753 0.350852108 0.229827816 -0.01116136236 0.0945866815 0.4979339232 -0.001431928005 0.02407142935 0.2534651678 -0.9978906962 -0.01594498998 -0.06292786094 0.007881985178 0.932433739 -0.3612550301 0.06443626849 -0.36098903 -0.9303412748 4.996180169e-05 0.3056709952 0
0.3859986692 0.357056489 0.2338920336 -0.0115540946 0.09618260393 0.497509357 -0.00148283234 0.0244920678 0.2534106048 -0.99773977 -0.01678272616 -0.06506682314 0.008292636 0.930154301 -0.3670752082 0.0666827081 -0.3667851093 -0.9279127653 5.200797732e-05 0.3110764047 0
0.3920352337 0.3626404319 0.2375498295 -0.01191310933 0.09761552996 0.4971212414 -0.001529397796 0.02487041652 0.2533606925 -0.9975972468 -0.0175602663 -0.06701768581 0.008673513772 0.9280763622 -0.3722889148 0.06873502254 -0.3719756753 -0.9256941145 5.389444031e-05 0.3159412733 0
0.3987425276 0.3688448129 0.2416140472 -0.01231816934 0.09920382807 0.4966833481 -0.001581971618 0.02529054889 0.2533043399 -0.9974312223 -0.01845071002 -0.06921364075 0.009109387077 0.9257385673 -0.378054393 0.07104910861 -0.3777137492 -0.9231924761 5.604109811e-05 0.3213466828 0
0.4047790921 0.3744287558 0.2452718431 -0.01268824655 0.1006297871 0.4962832733 -0.001630038481 0.02566843482 0.2532528182 -0.9972746971 -0.01927623535 -0.07121520388 0.009513190132 0.9236088349 -0.3832182398 0.07316199647 -0.3828513378 -0.9209083426 5.801922584e-05 0.3262115513 0
0.411486386 0.3806331368 0.2493360607 -0.01310556152 0.1022102276 0.4958321317 -0.001684279257 0.02608804484 0.2531946788 -0.9970926502 -0.02022059341 -0.07346682573 0.009974778418 0.9212143096 -0.3889276276 0.07554303857 -0.3885296943 -0.9183343215 6.026911022e-05 0.3316169608 0
0.4181936799 0.3868375178 0.2534002784 -0.01352929646 0.1037864395 0.4953740498 -0.001739396331 0.02650737342 0.2531356001 -0.9969017927 -0.02119379621 -0.07574720285 0.01045008851 0.9187905921 -0.3946069481 0.0779590366 -0.3941759389 -0.9157225114 6.25744388e-05 0.3370223703 0
0.4242302444 0.3924214607 0.2570580743 -0.01391612957 0.1052013617 0.4949558609 -0.001789750327 0.0268845248 0.2530816267 -0.9967222696 -0.02209460083 -0.07782381378 0.01088970198 0.9165846721 -0.3996923232 0.08016315718 -0.3992297177 -0.913339751 6.469727972e-05 0.3418872388 0
0.4309375383 0.3986258417 0.2611222919 -0.01435200411 0.1067693631 0.4944846553 -0.001846530335 0.02730330627 0.2530207655 -0.9965139419 -0.02312346846 -0.08015777456 0.01139142022 0.9141067776 -0.4053135018 0.08264501898 -0.4048136663 -0.9106567391 6.711009122e-05 0.3472926483 0
0.4369741028 0.4042097846 0.2647800878 -0.01474972786 0.1081767925 0.494054693 -0.001898379748 0.02767995796 0.2529651892 -0.9963182605 -0.02407486551 -0.08228198302 0.01185499129 0.911852867 -0.4103459615 0.08490808596 -0.4098106268 -0.9082102549 6.933093647e-05 0.3521575168 0
0.4436813967 0.4104141655 0.2688443055 -0.01519766369 0.1097363541 0.4935704485 -0.001956819954 0.02809817614 0.2529025483 -0.9960914911 -0.02516048338 -0.08466812508 0.01238353251 0.9093225125 -0.4159077019 0.08745507104 -0.4153306134 -0.9054568417 7.185406025e-05 0.3575629263 0
0.4497179612 0.4159981084 0.2725021014 -0.01560620666 0.1111360853 0.49312879 -0.002010162288 0.02847431359 0.2528453716 -0.9958787692 -0.02616342743 -0.08683865601 0.01287142029 0.9070221718 -0.4208860967 0.08977640922 -0.4202692647 -0.9029473636 7.417546982e-05 0.3624277948 0
0.4564252551 0.4222024894 0.276566319 -0.01606612336 0.1126869797 0.4926315935 -0.002070259876 0.0288919523 0.2527809541 -0.9956325695 -0.02730683117 -0.08927554852 0.01342716748 0.9044411077 -0.4263871409 0.09238775766 -0.4257236424 -0.9001243706 7.681176487e-05 0.3678332043 0
0.4631325489 0.4284068704 0.2806305367 -0.01653231275 0.1142332216 0.4921276159 -0.002131228613 0.02930927956 0.2527156028 -0.9953757407 -0.02848104736 -0.0917385678 0.0139973765 0.9018340682 -0.4318557479 0.09503266981 -0.4311428342 -0.8972650936 7.950878151e-05 0.3732386138 0
0.4691691134 0.4339908133 0.2842883326 -0.01695722721 0.1156208099 0.4916682588 -0.002186844637 0.02968460411 0.2526559889 -0.995135275 -0.02956440605 -0.09397728657 0.01452300589 0.8994659353 -0.436749486 0.09744160711 -0.4359896525 -0.8946609168 8.198867741e-05 0.3781034824 0
0.4758764073 0.4401951943 0.2883525503 -0.01743527062 0.1171580408 0.4911514663 -0.002249466307 0.0301013273 0.2525888657 -0.994857476 -0.03079789069 -0.0964888201 0.01512094279 0.8968109187 -0.4421555531 0.1001496858 -0.4413407595 -0.8917333539 8.480328158e-05 0.3835088918 0
0.4819129718 0.4457791372 0.2920103462 -0.01787081536 0.1185374186 0.4906806173 -0.002306568622 0.03047610095 0.2525276586 -0.9945976763 -0.03193500458 -0.0987705306 0.01567166614 0.8944004258 -0.44699248 0.1026151115 -0.4461255807 -0.8890681105 8.739031978e-05 0.3883737604 0
0.4886202657 0.4519835182 0.2960745638 -0.01836062706 0.1200654152 0.4901511026 -0.002370840208 0.03089220399 0.2524587668 -0.9942978796 -0.03322866343 -0.1013290807 0.01629763098 0.8916992602 -0.4523348501 0.1053855488 -0.4514070063 -0.8860731351 9.032543649e-05 0.3937791699 0
0.4953275596 0.4581878992 0.3001387815 -0.01885659744 0.1215884629 0.48961493 -0.002435978933 0.0313079742 0.2523889454 -0.9939860877 -0.03455433887 -0.1039117664 0.0169384565 0.8889745493 -0.4576432447 0.1081884754 -0.4566511233 -0.8830430371 9.332516354e-05 0.3991845794 0
0.5013641241 0.4637718421 0.3037965774 -0.01930821612 0.1229549239 0.4891267042 -0.002495344471 0.03168187913 0.2523253122 -0.9936949792 -0.03577500994 -0.1062564682 0.01752796232 0.8865026065 -0.4623915 0.1107386965 -0.4613385713 -0.880286126 9.608083723e-05 0.4040494479 0
0.508071418 0.4699762231 0.307860795 -0.01981581993 0.1244684006 0.4885779551 -0.002562128355 0.0320970047 0.2522537273 -0.9933595951 -0.03716213984 -0.1088838376 0.01819720858 0.8837345901 -0.4676345109 0.1136027127 -0.4665106103 -0.8771899875 9.9205585e-05 0.4094548574 0
0.5141079825 0.475560166 0.3115185909 -0.020277868 0.1258261493 0.4880784545 -0.002622973099 0.03247032226 0.2521885085 -0.993046778 -0.03843847295 -0.1112680566 0.0188123933 0.8812245227 -0.4723234427 0.1162075319 -0.4711324914 -0.8743740533 0.000102075116 0.4143197259 0
0.5208152764 0.481764547 0.3155828086 -0.02079701429 0.1273298366 0.4875172274 -0.002691398928 0.0328847872 0.2521151635 -0.9926867419 -0.03988782798 -0.1139385524 0.0195102742 0.8784150968 -0.4775000178 0.1191317831 -0.4762309093 -0.8712127979 0.0001053278644 0.4197251354 0
0.5268518409 0.4873484899 0.3192406045 -0.02126940899 0.1286786774 0.4870065415 -0.002753719948 0.03325750301 0.2520483621 -0.992351257 -0.04122049218 -0.116360877 0.0201513147 0.875868622 -0.4821286982 0.1217904232 -0.4807858443 -0.8683386809 0.0001083139433 0.4245900039 0
0.5335591348 0.4935528709 0.3233048221 -0.0218000048 0.1301723591 0.4864329368 -0.002823784427 0.03367129136 0.2519732605 -0.9919654976 -0.04273278825 -0.1190729205 0.0208780093 0.8730197064 -0.487237828 0.124774037 -0.48580912 -0.8651132519 0.0001116976911 0.4299954134 0
0.5402664287 0.4997572518 0.3273690398 -0.02233658865 0.1316606885 0.4858528587 -0.002894710002 0.03408471721 0.2518972358 -0.991565766 -0.04427848 -0.12180619 0.02161992901 0.8701507856 -0.4923110694 0.1277885377 -0.4907922438 -0.8618544326 0.0001151515965 0.4354008229 0
0.5463029932 0.5053411947 0.3310268357 -0.02282461191 0.1329955599 0.4853252774 -0.002959278476 0.0344564869 0.2518280251 -0.9911938128 -0.04569830055 -0.1242839124 0.02230070295 0.8675520997 -0.4968460858 0.1305277909 -0.4952423848 -0.8588931692 0.0001183207888 0.4402656915 0
0.5530102871 0.5115455757 0.3350910533 -0.02337249954 0.1344735573 0.4847329792 -0.003031837519 0.03486921187 0.2517502494 -0.9907667043 -0.04730791897 -0.1270562809 0.0230716415 0.8646466625 -0.5018504243 0.1336002884 -0.5001480879 -0.8555716528 0.0001219103046 0.4456711009 0
0.5590468516 0.5171295186 0.3387488492 -0.02387065233 0.1357990345 0.4841944473 -0.003097874552 0.03524034361 0.2516794645 -0.9903696203 -0.04878553861 -0.1295684619 0.02377857668 0.8620159978 -0.5063230183 0.1363913281 -0.504527889 -0.8525544058 0.0001252029128 0.4505359695 0
0.5657541454 0.5233338996 0.3428130669 -0.02442974574 0.1372664888 0.4835900351 -0.003172063571 0.03565235182 0.2515999414 -0.9899140408 -0.0504596584 -0.1323783016 0.0245786233 0.8590760179 -0.5112575543 0.1395209057 -0.5093547078 -0.8491711833 0.0001289310799 0.455941379 0
0.5717907099 0.5289178425 0.3464708628 -0.024937939 0.1385823828 0.4830406489 -0.003239565982 0.03602283136 0.2515275856 -0.989490838 -0.05199556884 -0.1349234683 0.02531178378 0.8564151591 -0.515666936 0.1423628993 -0.5136628623 -0.8460988529 0.0001323498477 0.4608062475 0
0.5784980038 0.5351222235 0.3505350804 -0.02550813827 0.1400390847 0.4824242305 -0.003315381405 0.03643410699 0.251446319 -0.989005686 -0.05373470782 -0.1377691342 0.02614099157 0.8534426284 -0.5205308142 0.1455486232 -0.5184093568 -0.8426549336 0.0001362197217 0.466211657 0
0.5852052977 0.5413266045 0.3545992981 -0.02608414193 0.1414900442 0.4818015373 -0.003392051368 0.0368449907 0.2513641363 -0.9885045249 -0.05550825602 -0.1406329897 0.02698555636 0.8504537716 -0.5253571757 0.1487635171 -0.5231130048 -0.8391794803 0.0001401654101 0.4716170665 0
0.5912418622 0.5469105474 0.358257094 -0.02660748443 0.1427909509 0.4812357739 -0.003461784123 0.03721444734 0.2512893896 -0.988039538 -0.05713396793 -0.1432256297 0.02775879443 0.8477503034 -0.529668644 0.1516816424 -0.5273093331 -0.8360248481 0.0001437820552 0.476481935 0
0.5979491561 0.5531149284 0.3623213117 -0.0271944377 0.144230843 0.4806012435 -0.003540074889 0.03762457438 0.2512054694 -0.9875071119 -0.0589732149 -0.1461227701 0.02863253112 0.844731968 -0.5344231287 0.1549512252 -0.5319305051 -0.8324902736 0.00014787414 0.4818873445 0
0.6039857206 0.5586988713 0.3659791075 -0.02772758793 0.1455216972 0.4800248774 -0.003611264679 0.03799334294 0.2511291606 -0.9870134852 -0.06065822977 -0.1487446108 0.0294320104 0.8420028814 -0.5386695689 0.1579181334 -0.5360519815 -0.8292829048 0.00015162393 0.486752213 0
0.6106930145 0.5649032523 0.3700433252 -0.02832538604 0.1469503183 0.4793786231 -0.003691172478 0.03840269758 0.2510435069 -0.9864486791 -0.06256354751 -0.1516733532 0.0303348796 0.8389570983 -0.5433514353 0.1612414297 -0.5405892986 -0.8256902637 0.0001558654989 0.4921576225 0
0.6174003084 0.5711076333 0.3741075429 -0.02892884926 0.1483729263 0.4787262446 -0.003771929808 0.03881163939 0.2509569425 -0.9858663819 -0.06450376902 -0.1546180479 0.03125305338 0.8358976891 -0.5479947992 0.1645925989 -0.5450819361 -0.8220674907 0.0001601869877 0.497563032 0
0.6234368729 0.5766915762 0.3777653388 -0.02947678517 0.1496480864 0.4781338942 -0.003845336864 0.03917933046 0.2508782568 -0.9853271034 -0.06627987601 -0.1572815227 0.03209247334 0.8331330398 -0.5521407531 0.1676322537 -0.549086802 -0.8187814797 0.0001641453698 0.5024279005 0
0.6301441668 0.5828959572 0.3818295564 -0.03009092972 0.151059117 0.4774699685 -0.003927705327 0.03958747595 0.2507899651 -0.9847107187 -0.06828662336 -0.1602552264 0.03303964812 0.8300493063 -0.556710455 0.1710356167 -0.5534935285 -0.815102283 0.0001686210767 0.50783331 0
0.6361807313 0.5884799 0.3854873523 -0.0306484298 0.1523237681 0.4768672788 -0.004002560627 0.03995444329 0.2507097268 -0.9841402569 -0.07012271108 -0.1629440397 0.03390511333 0.8272636907 -0.5607898263 0.1741217906 -0.5574204799 -0.8117659827 0.0001727196555 0.5126981786 0
0.6428880252 0.594684281 0.38955157 -0.03127314622 0.1537230232 0.4761919243 -0.004086536259 0.04036177683 0.2506197122 -0.9834886636 -0.0721962081 -0.1659450397 0.03488115595 0.8241576922 -0.5652852407 0.1775763318 -0.5617399807 -0.8080314601 0.0001773526947 0.5181035881 0
0.6489245897 0.6002682239 0.3932093659 -0.03184011112 0.1549769882 0.4755790025 -0.004162836202 0.0407280064 0.2505379251 -0.9828860093 -0.07409245141 -0.1686576456 0.03577252976 0.8213529674 -0.5692974873 0.1807081041 -0.565587846 -0.8046458659 0.000181594277 0.5229684566 0
0.6556318836 0.6064726049 0.3972735835 -0.03247528816 0.1563642725 0.4748923395 -0.004248414962 0.04113451241 0.2504461919 -0.9821980856 -0.07623286278 -0.1716842196 0.0367772697 0.8182267711 -0.5737180348 0.1842127929 -0.5698188323 -0.8008571316 0.0001863877718 0.5283738661 0
0.6623391774 0.6126769859 0.4013378012 -0.03311592548 0.1577451786 0.4741997735 -0.004334835825 0.04154057664 0.2503535558 -0.9814905904 -0.07840853831 -0.1747235589 0.03779703234 0.815090777 -0.5780989618 0.187743456 -0.5740027233 -0.7970403179 0.0001912669744 0.5337792756 0
0.6683757419 0.6182609288 0.4049955971 -0.03369714152 0.1589824967 0.4735714455 -0.004413333648 0.04190565317 0.2502694124 -0.9808368546 -0.08039681429 -0.1774694816 0.03872761111 0.8122604805 -0.582007804 0.1909430198 -0.5777276729 -0.7935814383 0.0001957322546 0.5386441441 0
0.6750830358 0.6244653098 0.4090598147 -0.03434806617 0.160351138 0.4728677584 -0.004501351324 0.04231086618 0.2501750644 -0.9800913188 -0.0826395411 -0.1805317507 0.03977573859 0.8091074558 -0.5863130697 0.1945222285 -0.5818211334 -0.7897121446 0.0002007766957 0.5440495536 0
0.6811196003 0.6300492527 0.4127176106 -0.03493848892 0.1615773323 0.4722294773 -0.004581284382 0.04267516966 0.2500893824 -0.9794028431 -0.08468817658 -0.1832975276 0.04073173068 0.8062627675 -0.5901536036 0.1977650045 -0.5854641428 -0.7862065508 0.0002053921044 0.5489144221 0
0.6878268942 0.6362536337 0.4167818283 -0.03559958515 0.1629335193 0.4715147941 -0.004670894636 0.04307951599 0.249993327 -0.978618149 -0.08699796919 -0.1863809859 0.04180795781 0.8030947923 -0.5943827465 0.201391691 -0.5894659515 -0.7822859316 0.0002106049273 0.5543198316 0
0.6938634587 0.6418375766 0.4204396242 -0.03619910964 0.1641484203 0.4708666735 -0.004752259084 0.04344303251 0.2499061104 -0.9778939288 -0.08910695043 -0.189165048 0.04278910765 0.8002375855 -0.5981545779 0.2046767116 -0.5930259338 -0.7787346695 0.0002153732963 0.5591847002 0
0.7005707526 0.6480419576 0.4245038418 -0.03687025998 0.1654919661 0.4701411213 -0.004843457607 0.04384649675 0.2498083522 -0.9770689619 -0.09148376374 -0.1922679499 0.04389313173 0.797056742 -0.6023071832 0.2083497938 -0.5969348967 -0.7747638947 0.000220757651 0.5645901096 0
0.7072780465 0.6542463386 0.4285680595 -0.03754665417 0.1668287843 0.4694099001 -0.004935490304 0.04424949056 0.2497096997 -0.9762223529 -0.09389581284 -0.1953803829 0.04501165153 0.7938699624 -0.6064193549 0.2120468555 -0.6007945232 -0.770767197 0.000226233553 0.5699955191 0
0.713314611 0.6598302815 0.4322258554 -0.03815986497 0.1680261267 0.4687469839 -0.005019031936 0.04461177925 0.2496201488 -0.9754416473 -0.09609675264 -0.1981893209 0.04603063089 0.790997262 -0.61008566 0.2153944609 -0.6042257407 -0.7671482781 0.0002312408609 0.5748603877 0
0.7200219049 0.6660346625 0.436290073 -0.03884613068 0.1693500231 0.468005091 -0.005112646176 0.04501386753 0.2495198007 -0.9745530741 -0.09857563869 -0.2013185267 0.04717641339 0.7878007923 -0.6141207517 0.2191362402 -0.6079907525 -0.7631032388 0.0002368931143 0.5802657972 0
0.7260584694 0.6716186054 0.4399478689 -0.03946817125 0.1705356542 0.4673326293 -0.005197609179 0.04537533436 0.2494287259 -0.9737341048 -0.1008366505 -0.2041417718 0.04821975472 0.784920307 -0.6177175462 0.2225235906 -0.611336308 -0.759441354 0.0002420605621 0.5851306657 0
0.7327657633 0.6778229863 0.4440120866 -0.04016418673 0.1718464482 0.4665801964 -0.00529280046 0.04577650181 0.249326687 -0.9728024672 -0.1033821779 -0.2072859983 0.0493924027 0.781716227 -0.6216752617 0.2263089709 -0.6150055819 -0.7553491801 0.0002478923316 0.5905360752 0
0.7394730572 0.6840273673 0.4480763043 -0.04086528422 0.1731502745 0.4658222695 -0.005388819928 0.0461771785 0.2492237601 -0.9718477246 -0.1059626809 -0.2104374263 0.05057901826 0.7785089755 -0.6255921499 0.2301168465 -0.6186240258 -0.7512326881 0.0002538198561 0.5959414847 0
0.7455096217 0.6896113102 0.4517341002 -0.04150058864 0.1743177203 0.4651354688 -0.005475944493 0.04653736443 0.2491303678 -0.9709684523 -0.1083149724 -0.2132794677 0.05165881071 0.7756202122 -0.6290823903 0.2335629077 -0.6218369185 -0.7475073344 0.000259237225 0.6008063532 0
0.7522169156 0.6958156912 0.4557983178 -0.04221124694 0.1756081735 0.4643672062 -0.005573533986 0.04693709705 0.2490257576 -0.9699689807 -0.1109617035 -0.2164432417 0.05287161373 0.7724085161 -0.6329215407 0.2374126554 -0.6253579651 -0.7433455768 0.0002653491054 0.6062117627 0
0.7582534801 0.7013996341 0.4594561137 -0.04285509965 0.176763505 0.4636711642 -0.00566206947 0.04729642649 0.2489308525 -0.9690489655 -0.1133734515 -0.2192956064 0.05397475817 0.7695166833 -0.6363417317 0.2408958862 -0.6284827241 -0.7395800413 0.0002709338234 0.6110766312 0
0.7649607739 0.7076040151 0.4635203314 -0.04357519294 0.1780404112 0.4628927018 -0.005761224296 0.04769519988 0.248824564 -0.9680036856 -0.1160860652 -0.2224699758 0.05521325766 0.7663026089 -0.6401029666 0.2447863575 -0.6319053229 -0.7353742598 0.0002772332359 0.6164820407 0
0.7709973384 0.713187958 0.4671781273 -0.04422747998 0.1791834729 0.4621875419 -0.005851166443 0.04805365921 0.2487281508 -0.9670419608 -0.1185569322 -0.2253310896 0.05633929563 0.7634095625 -0.6434529693 0.2483057186 -0.634941016 -0.7315696661 0.0002829881635 0.6213469093 0
0.7777046323 0.719392339 0.4712423449 -0.04495688085 0.1804466607 0.4613990175 -0.005951881834 0.04845145826 0.248620189 -0.9659498039 -0.1213350239 -0.2285143067 0.05760296382 0.7601951672 -0.6471361575 0.2522357527 -0.6382641458 -0.7273211157 0.0002894782885 0.6267523187 0
0.7844119262 0.72559672 0.4753065626 -0.04569112874 0.1817025605 0.4606052531 -0.006053416637 0.04884873846 0.2485113486 -0.9648325494 -0.1241473954 -0.23170148 0.05887965434 0.7569814262 -0.6507782316 0.2561861392 -0.6415345233 -0.7230505636 0.0002960700668 0.6321577282 0
0.7904484907 0.7311806629 0.4789643585 -0.04635606636 0.1828266007 0.4598864172 -0.006145497438 0.04920584356 0.2484126423 -0.9638053213 -0.126707726 -0.2345729199 0.06003967642 0.7540900862 -0.6540209317 0.2597586184 -0.6444325364 -0.719188547 0.0003020903104 0.6370225968 0
0.7971557846 0.7373850439 0.4830285761 -0.04709942441 0.1840685259 0.4590828043 -0.006248585388 0.04960212645 0.2483021366 -0.962639581 -0.1295848451 -0.2377662822 0.06134065972 0.750879145 -0.6575848485 0.2637467734 -0.6476019437 -0.7148771657 0.0003088776615 0.6424280063 0
0.8031923491 0.7429689868 0.486686372 -0.04777250226 0.1851799147 0.4583551683 -0.006342061801 0.04995832723 0.2482019338 -0.9615682472 -0.1322032067 -0.2406425109 0.06252227061 0.7479912393 -0.6607571956 0.2673527101 -0.6504086546 -0.7109789803 0.0003150753549 0.6472928748 0
0.809899643 0.7491733678 0.4907505897 -0.04852483921 0.186407701 0.4575418486 -0.006446697944 0.05035359784 0.2480897681 -0.9603529835 -0.1351445213 -0.2438403276 0.06384692712 0.7447851267 -0.6642429412 0.2713774437 -0.653476146 -0.7066280561 0.0003220614671 0.6526982843 0
0.8159362075 0.7547573107 0.4944083856 -0.04920593852 0.1875062917 0.4568055409 -0.006541565477 0.05070888086 0.2479880737 -0.9592366164 -0.1378203911 -0.2467197873 0.06504955307 0.741902475 -0.6673449432 0.275015762 -0.6561907172 -0.702694865 0.0003284394808 0.6575631528 0
0.8226435014 0.7609616917 0.4984726032 -0.04996712163 0.1887197774 0.4559826581 -0.006647744786 0.05110312427 0.2478742533 -0.957970806 -0.1408252914 -0.2499203317 0.06639722742 0.7387032054 -0.6707525494 0.2790758733 -0.6591553775 -0.6983056961 0.0003356275445 0.6629685623 0
0.8293507953 0.7671660726 0.5025368209 -0.05073290682 0.1899256726 0.4551548001 -0.006754734242 0.05149682108 0.2477595642 -0.9566779861 -0.1438633934 -0.2531216208 0.06775674118 0.735508341 -0.674119058 0.2831541186 -0.6620655589 -0.6938969237 0.0003429231808 0.6683739718 0
0.8353873598 0.7727500155 0.5061946168 -0.05142601737 0.1910044523 0.4544055076 -0.006851716253 0.05185067747 0.2476556025 -0.9554911263 -0.1466259134 -0.2560030255 0.06899026396 0.7326371852 -0.6771138002 0.2868397654 -0.6646379439 -0.6899125688 0.0003495819593 0.6732388403 0
0.8420946537 0.7789543965 0.5102588344 -0.05220044336 0.1921958057 0.4535683084 -0.006960241059 0.05224332441 0.2475392671 -0.9541462278 -0.14972656 -0.2592044236 0.07037172703 0.7294522069 -0.6804023059 0.2909515355 -0.6674439566 -0.6854675549 0.0003570844212 0.6786442498 0
0.8481312182 0.7845383394 0.5139166303 -0.05290126944 0.193261428 0.452810675 -0.007058602547 0.05259622927 0.2474338262 -0.9529120532 -0.1525450373 -0.2620851589 0.07162467328 0.7265908374 -0.6833269065 0.2946668036 -0.6699222093 -0.6814511782 0.0003639307804 0.6835091183 0
0.8548385121 0.7907427204 0.517980848 -0.05368419989 0.1944380853 0.451964282 -0.00716865749 0.05298781158 0.2473158499 -0.9515140937 -0.1557074749 -0.2652849635 0.0730273415 0.7234177157 -0.6865375561 0.2988108716 -0.6726232161 -0.6769712492 0.0003716432632 0.6889145278 0
0.8608750766 0.7963266633 0.5216386439 -0.05439261817 0.1954904125 0.4511984409 -0.007268393731 0.05333975163 0.2472089349 -0.950231728 -0.1585812062 -0.2681635025 0.07429902593 0.7205678973 -0.6893921671 0.3025546525 -0.6750065973 -0.6729240491 0.0003786800797 0.6937793964 0
0.8675823704 0.8025310443 0.5257028615 -0.05518391538 0.1966522221 0.450343003 -0.007379973525 0.05373025458 0.2470893235 -0.9487797433 -0.1618046252 -0.2713600229 0.0757221207 0.7174085826 -0.6925251519 0.306729782 -0.6776017922 -0.6684105415 0.0003866057802 0.6991848059 0
0.8742896643 0.8087354253 0.5297670792 -0.05597956037 0.1978061573 0.4494828648 -0.007492353724 0.05412018356 0.2469688538 -0.9472989433 -0.1650597958 -0.2745541401 0.07715564206 0.7142573108 -0.6956173524 0.3109207599 -0.6801409838 -0.6638799012 0.0003946449849 0.7045902153 0
0.8803262288 0.8143193682 0.5334248751 -0.05669932622 0.1988379326 0.4487047564 -0.007594179015 0.05447062554 0.2468596985 -0.9459413722 -0.1680163924 -0.2774264086 0.07845453603 0.7114284816 -0.6983655213 0.3147059041 -0.6823781997 -0.659787986 0.0004019780475 0.7094550839 0
0.8870335227 0.8205237492 0.5374890928 -0.05750312519 0.1999767945 0.4478358033 -0.007708075857 0.05485945281 0.2467376024 -0.9444051125 -0.1713312024 -0.2806146871 0.07990723028 0.7082939509 -0.7013804343 0.3189260386 -0.6848104104 -0.6552258265 0.000410235351 0.7148604934 0
0.8930700872 0.8261076921 0.5411468887 -0.0582301663 0.2009949386 0.4470498299 -0.007811263675 0.0552088967 0.246626986 -0.9429972139 -0.1743410542 -0.2834809541 0.0812229951 0.7054810431 -0.7040591758 0.3227368581 -0.6869510133 -0.6511061555 0.0004177661418 0.7197253619 0
0.8997773811 0.8323120731 0.5452111063 -0.0590419782 0.2021185831 0.4461722144 -0.007926671692 0.0555966077 0.2465032693 -0.9414045805 -0.1777145557 -0.2866617387 0.08269399885 0.7023651455 -0.7069971039 0.3269848901 -0.6892755175 -0.6465138379 0.0004262447428 0.7251307714 0
0.906484675 0.8385164541 0.549275324 -0.05985795034 0.2032341616 0.4452901015 -0.008042872844 0.05598372535 0.2463787021 -0.939781917 -0.1811185486 -0.2898379199 0.08417428134 0.6992598062 -0.7098946498 0.3312470963 -0.6915430535 -0.6419061974 0.000434841101 0.7305361809 0
0.9125212395 0.844100397 0.5529331199 -0.06059584955 0.2042312539 0.4444923898 -0.008148130735 0.05633162062 0.2462658657 -0.9382956425 -0.1842079768 -0.2926921737 0.08551425996 0.6964744521 -0.7124679985 0.3350949099 -0.6935349731 -0.6377465347 0.0004426792382 0.7354010494 0
