0.007214037766 0.002420526092 -0.002852791235 -1.484245867e-06 0.001839570754 0.5099955764 -1.870939998e-07 0.0004582115423 0.254999451 -1 -4.106244289e-08 -8.643752153e-06 2.098259487e-08 0.9999742386 -0.007177898999 8.643824219e-06 -0.007177898999 -0.9999742385 2.648355039e-08 -0.003794212342 0
0.01431579521 0.004803378768 -0.005661181217 -5.844889239e-06 0.003650458415 0.5099825801 -7.409980199e-07 0.0009110522215 0.2549978253 -0.9999999994 -3.227801928e-07 -3.403763361e-05 1.620737246e-07 0.9998985536 -0.01424368033 3.40387782e-05 -0.01424368033 -0.9998985531 4.920105064e-08 -0.007529371018 0
0.02141755266 0.007186231444 -0.008469571199 -1.308214285e-05 0.005461243658 0.5099610105 -1.664299135e-06 0.001364611527 0.2549951153 -0.9999999971 -1.081742553e-06 -7.61797916e-05 5.417931341e-07 0.9997729445 -0.02130867039 7.618554505e-05 -0.02130867037 -0.9997729416 3.474253237e-08 -0.01126452969 0
0.02851931011 0.00956908412 -0.01127796118 -2.319576304e-05 0.007271875681 0.5099308683 -2.956578948e-06 0.001818257999 0.2549913221 -0.9999999909 -2.554627025e-06 -0.0001350636762 1.27849244e-06 0.9995974202 -0.02837247674 0.0001350817834 -0.02837247666 -0.9995974111 1.232566646e-08 -0.01499968837 0
0.03650878723 0.01224979338 -0.01443739991 -3.801131496e-05 0.009308590312 0.5098867126 -4.850805321e-06 0.002328538043 0.254985762 -0.9999999755 -5.359560219e-06 -0.0002213081446 2.681302061e-06 0.9993403072 -0.03631735545 0.0002213567942 -0.03631735516 -0.9993402827 9.409301256e-08 -0.01920174188 0
0.04361054468 0.01463264606 -0.01724578989 -5.423596303e-05 0.01111872809 0.5098383573 -6.925741418e-06 0.002782039203 0.2549796713 -0.9999999501 -9.134936488e-06 -0.0003157345704 4.569388929e-06 0.99905876 -0.04337734383 0.0003158336377 -0.04337734311 -0.9990587102 1.901398545e-07 -0.02293690056 0
0.05071230213 0.01701549873 -0.02005417988 -7.333559215e-05 0.01292855393 0.5097814336 -9.368701041e-06 0.00323547173 0.2549725005 -0.9999999088 -1.436315691e-05 -0.0004268654855 7.18405085e-06 0.9987273494 -0.05043492285 0.0004270466396 -0.05043492132 -0.9987272582 3.062328593e-07 -0.02667205924 0
0.05781405957 0.01939835141 -0.02286256986 -9.530955933e-05 0.01473801708 0.5097159433 -1.217960259e-05 0.003688843958 0.2549642495 -0.9999998459 -2.128035215e-05 -0.0005546836122 1.064343991e-05 0.9983460994 -0.05748970066 0.0005549896217 -0.05748969771 -0.9983459454 4.415985338e-07 -0.03040721791 0
0.06491581702 0.02178120408 -0.02567095984 -0.0001201571248 0.01654706677 0.5096418886 -1.535838905e-05 0.004142161713 0.2549549188 -0.9999997551 -3.012244615e-05 -0.0006991690763 1.506563276e-05 0.9979150376 -0.06454128564 0.0006996554764 -0.06454128037 -0.9979147928 5.958432639e-07 -0.03414237659 0
0.07201757447 0.02416405676 -0.02847934982 -0.0001478774521 0.01835565227 0.509559272 -1.890501431e-05 0.004595428406 0.2549445083 -0.9999996291 -4.112512735e-05 -0.000860299409 2.056862013e-05 0.9974341951 -0.07158928642 0.0008610361672 -0.07158927756 -0.9974338243 7.687651407e-07 -0.03787753526 0
0.07911933191 0.02654690944 -0.03128773981 -0.0001784696079 0.02016372286 0.5094680964 -2.281943663e-05 0.005048645621 0.2549330182 -0.9999994597 -5.452381973e-05 -0.00103804955 2.727029621e-05 0.9969036069 -0.07863331192 0.001039122729 -0.07863329774 -0.9969030669 9.602668619e-07 -0.04161269394 0
0.08622108936 0.02892976211 -0.03409612979 -0.0002119325626 0.02197122784 0.5093683648 -2.710161533e-05 0.005501813641 0.2549204486 -0.9999992381 -7.055365403e-05 -0.001232391848 3.528844822e-05 0.9963233113 -0.08567297139 0.001233905268 -0.0856729496 -0.9963225498 1.170312288e-06 -0.04534785262 0
0.09332284681 0.03131261479 -0.03690451977 -0.0002482651895 0.02377811653 0.5092600805 -3.175150911e-05 0.005954931832 0.2549067997 -0.9999989544 -8.944943893e-05 -0.001443296068 4.474074582e-05 0.9956933504 -0.09270787442 0.001445372964 -0.09270784206 -0.9956923053 1.398903499e-06 -0.04908301129 0
0.1004246043 0.03369546747 -0.03971290975 -0.0002874662658 0.02558433827 0.5091432472 -3.676907504e-05 0.006407998906 0.2548920715 -0.9999985981 -0.0001114456323 -0.001670729388 5.574473066e-05 0.9950137697 -0.099737631 0.00167351407 -0.09973758432 -0.9950123686 1.646068071e-06 -0.05281816997 0
0.1075263617 0.03607832014 -0.04252129973 -0.0003295344718 0.02738984242 0.5090178688 -4.215426804e-05 0.006861013109 0.2548762643 -0.9999981577 -0.0001367763125 -0.001914656411 6.841780585e-05 0.9942846184 -0.1067618515 0.001918315911 -0.1067617858 -0.9942827773 1.911851703e-06 -0.05655332865 0
0.1146281191 0.03846117282 -0.04532968972 -0.0003744683915 0.0291945784 0.5088839496 -4.790704049e-05 0.007313972347 0.2548593781 -0.9999976209 -0.0001656751495 -0.00217503916 8.28772255e-05 0.9935059493 -0.1137801468 0.002179764888 -0.1137800564 -0.9935035719 2.196313789e-06 -0.06028848732 0
0.1217298766 0.04084402549 -0.0481380797 -0.0004222665125 0.03099849561 0.508741494 -5.402734208e-05 0.007766874276 0.2548414132 -0.9999969746 -0.0001983753766 -0.002451837089 9.924008425e-05 0.9926778188 -0.1207921283 0.002457846478 -0.1207920062 -0.9926747958 2.499524646e-06 -0.064023646 0
0.128831634 0.04322687817 -0.05094646968 -0.0004729272261 0.03280154351 0.5085905069 -6.051511963e-05 0.008219716362 0.2548223696 -0.9999962048 -0.0002351097614 -0.002745007083 0.0001176233068 0.9918002867 -0.1277974077 0.00275254523 -0.1277972455 -0.991796495 2.821563752e-06 -0.06775880468 0
0.1359333915 0.04560973085 -0.05375485966 -0.0005264488271 0.0346036716 0.5084309933 -6.737031704e-05 0.008672495931 0.2548022475 -0.9999952969 -0.0002761105775 -0.003054503465 0.0001381436376 0.9908734167 -0.1347955974 0.003063844775 -0.1347953854 -0.9908687183 3.162518558e-06 -0.07149396335 0
0.1430351489 0.04799258352 -0.05656324965 -0.0005828295144 0.03640482938 0.5082629586 -7.459287523e-05 0.009125210198 0.2547810472 -0.9999942351 -0.0003216095759 -0.003380278001 0.0001609176302 0.9898972756 -0.1417863103 0.003391727819 -0.1417860369 -0.9898915173 3.522483693e-06 -0.07522912203 0
0.1501369064 0.0503754362 -0.05937163963 -0.0006420673904 0.03820496643 0.5080864084 -8.218273204e-05 0.009577856295 0.2547587687 -0.9999930032 -0.0003718379567 -0.003722279902 0.000186061637 0.9888719343 -0.1487691601 0.003736176147 -0.1487688118 -0.9888649461 3.901560414e-06 -0.07896428071 0
0.1572386638 0.05275828887 -0.06218002961 -0.0007041604617 0.04000403232 0.5079013487 -9.01398223e-05 0.01003043128 0.2547354124 -0.9999915837 -0.0004270263403 -0.004080455833 0.0002136917989 0.9877974667 -0.1557437609 0.004097170623 -0.1557433221 -0.9877890619 4.299856192e-06 -0.08269943938 0
0.1643404213 0.05514114155 -0.06498841959 -0.0007691066388 0.04180197671 0.5077077858 -9.846407774e-05 0.01048293218 0.2547109784 -0.9999899588 -0.0004874047396 -0.004454749919 0.0002439240349 0.9866739507 -0.1627097275 0.004474691195 -0.1627091804 -0.9866639244 4.717484424e-06 -0.08643459806 0
0.1714421787 0.05752399423 -0.06779680957 -0.0008369037363 0.04359874927 0.5075057261 -0.000107155427 0.01093535594 0.2546854669 -0.9999881094 -0.0005532025312 -0.004845103748 0.0002768740316 0.9855014675 -0.1696666756 0.004868716888 -0.1696659996 -0.9854895962 5.154564211e-06 -0.09016975673 0
0.1785439362 0.0599068469 -0.07060519956 -0.000907549473 0.04539429971 0.5072951764 -0.0001162137956 0.01138769952 0.2546588781 -0.9999860159 -0.0006246484277 -0.005251456378 0.0003126572332 0.9842801019 -0.1766142213 0.005279225815 -0.1766133934 -0.9842661424 5.611220178e-06 -0.09390491541 0
0.1856456936 0.06228969958 -0.07341358954 -0.000981041472 0.04718857781 0.5070761438 -0.0001256391059 0.01183995981 0.2546312123 -0.9999836578 -0.000701970449 -0.005673744347 0.0003513888309 0.9830099422 -0.1835519818 0.00570619517 -0.1835509758 -0.982993631 6.08758234e-06 -0.09764007409 0
0.1927474511 0.06467255225 -0.07622197952 -0.001057377261 0.04898153338 0.5068486357 -0.0001354312774 0.0122921337 0.2546024698 -0.9999810137 -0.0007853958949 -0.006111901675 0.0003931837528 0.9816910802 -0.1904795748 0.006149601233 -0.1904783614 -0.9816721328 6.583785979e-06 -0.1013752328 0
0.1998492085 0.06705540493 -0.0790303695 -0.001136554271 0.05077311629 0.5066126598 -0.0001455902261 0.01274421806 0.2545726507 -0.9999780616 -0.0008751513162 -0.006565859874 0.0004381566536 0.9803236113 -0.197396619 0.006609419373 -0.1973951653 -0.9803017211 7.099971558e-06 -0.1051103914 0
0.206950966 0.06943825761 -0.08183875949 -0.00121856984 0.05256327644 0.5063682239 -0.0001561158651 0.01319620973 0.2545417554 -0.9999747783 -0.0009714624876 -0.007035547955 0.0004864219044 0.9789076342 -0.2043027339 0.007085624046 -0.2043010033 -0.978882472 7.636284624e-06 -0.1088455501 0
0.2140527234 0.07182111028 -0.08464714947 -0.001303421207 0.05435196382 0.5061153363 -0.0001670081043 0.01364810556 0.254509784 -0.9999711403 -0.00107455438 -0.007520892435 0.0005380935824 0.9774432514 -0.2111975399 0.007578188796 -0.2111954917 -0.9774144645 8.192875736e-06 -0.1125807088 0
0.2211544808 0.07420396296 -0.08745553945 -0.00139110552 0.05613912844 0.5058540055 -0.0001782668507 0.01409990238 0.254476737 -0.999967123 -0.00118465113 -0.008021817345 0.0005932854608 0.9759305685 -0.2180806582 0.00808708626 -0.2180782476 -0.97589778 8.7699004e-06 -0.1163158675 0
0.2282562383 0.07658681563 -0.09026392943 -0.001481619829 0.05792472039 0.5055842404 -0.0001898920078 0.014551597 0.2544426145 -0.9999627009 -0.001301976019 -0.00853824424 0.0006521109987 0.9743696949 -0.2249517111 0.008612288169 -0.2249488885 -0.9743325028 9.367519e-06 -0.1200510261 0
0.2353579957 0.07896966831 -0.09307231942 -0.00157496109 0.05970868979 0.5053060499 -0.0002018834762 0.01500318623 0.2544074169 -0.999957848 -0.001426751436 -0.009070092204 0.000714683331 0.9727607434 -0.2318103219 0.009153765344 -0.2318070328 -0.9727187199 9.985896735e-06 -0.1237861848 0
0.2424597532 0.08135252099 -0.0958807094 -0.001671126164 0.06149098687 0.5050194434 -0.0002142411533 0.01545466689 0.2543711446 -0.9999525373 -0.001559198858 -0.00961727786 0.0007811152582 0.9711038301 -0.2386561146 0.009711487707 -0.2386522996 -0.971056521 1.062520356e-05 -0.1275213435 0
0.2495615106 0.08373537366 -0.09868909938 -0.001770111817 0.06327156186 0.5047244306 -0.0002269649336 0.01590603577 0.2543337977 -0.9999467411 -0.00169953882 -0.01017971538 0.0008515192364 0.9693990746 -0.2454887147 0.01028542427 -0.2454843084 -0.9693459983 1.128561415e-05 -0.1312565022 0
0.2566632681 0.08611822634 -0.1014974894 -0.001871914721 0.06505036511 0.5044210213 -0.000240054708 0.01635728967 0.2542953766 -0.9999404308 -0.001847990887 -0.0107573165 0.0009260073672 0.9676466001 -0.2523077483 0.01087554316 -0.2523026799 -0.9675872469 1.196730781e-05 -0.1349916609 0
0.2646527452 0.0887989356 -0.1046569281 -0.001989806218 0.06704933922 0.5040696623 -0.0002552180422 0.01686480887 0.2542508694 -0.9999326807 -0.002024968065 -0.01142512997 0.001014827465 0.9656181846 -0.2599624811 0.01155872898 -0.2599565752 -0.9655511249 1.275988225e-05 -0.1391937144 0
0.2717545027 0.09118178828 -0.1074653181 -0.002097584298 0.06882421288 0.5037484449 -0.0002690851788 0.01731580779 0.2542101669 -0.9999251797 -0.002191382792 -0.01203464955 0.001098364956 0.9637647313 -0.2667514504 0.01218312533 -0.2667447104 -0.9636902152 1.348741871e-05 -0.142928873 0
0.2788562601 0.09356464095 -0.1102737081 -0.002208168619 0.07059716001 0.5034188638 -0.0002833179495 0.01776668169 0.2541683913 -0.9999170705 -0.002366589215 -0.01265904126 0.001186334524 0.9618639655 -0.2735256926 0.01282359858 -0.2735180272 -0.961781391 1.423682794e-05 -0.1466640317 0
0.2859580175 0.09594749363 -0.113082098 -0.002321555465 0.07236813121 0.5030809303 -0.0002979162324 0.01821742738 0.254125543 -0.9999083213 -0.002550802614 -0.01329820685 0.001278846702 0.9599160243 -0.2802848389 0.01348011314 -0.2802761491 -0.9598247584 1.500830787e-05 -0.1503991904 0
0.293059775 0.0983303463 -0.115890488 -0.002437741024 0.07413707716 0.5027346555 -0.0003128799028 0.01866804162 0.2540816224 -0.9998988997 -0.002744237159 -0.01395204568 0.001376011621 0.9579210482 -0.2870285214 0.01415263256 -0.2870187009 -0.9578204259 1.58020608e-05 -0.1541343491 0
0.3001615324 0.100713199 -0.118698878 -0.002556721393 0.07590394864 0.5023800513 -0.0003282088326 0.0191185212 0.2540366298 -0.9998887722 -0.002947105888 -0.01462045475 0.001477938994 0.955879181 -0.2937563736 0.01484111945 -0.2937453079 -0.9557685051 1.661829333e-05 -0.1578695077 0
0.3072632899 0.1030960517 -0.121507268 -0.002678492571 0.07766869647 0.5020171294 -0.0003439028909 0.01956886292 0.2539905656 -0.999877905 -0.003159620674 -0.01530332868 0.00158473811 0.95379057 -0.3004680302 0.01554553559 -0.3004555964 -0.9536691098 1.745721637e-05 -0.1616046664 0
0.3143650473 0.1054789043 -0.124315658 -0.002803050469 0.07943127159 0.5016459021 -0.0003599619435 0.02001906354 0.2539434303 -0.9998662632 -0.003381992208 -0.01600055974 0.001696517825 0.9516553657 -0.3071631274 0.01626584183 -0.3071491936 -0.9515223567 1.831904503e-05 -0.1653398251 0
0.3214668048 0.107861757 -0.127124048 -0.0029303909 0.08119162498 0.5012663818 -0.0003763858529 0.02046911985 0.2538952243 -0.9998538112 -0.003614429961 -0.01671203783 0.001813386549 0.9494737218 -0.3138413025 0.01700199816 -0.3138257278 -0.949328365 1.920399857e-05 -0.1690749838 0
0.3285685622 0.1102446097 -0.1299324379 -0.003060509587 0.08294970773 0.5008785814 -0.0003931744787 0.02091902864 0.253845948 -0.9998405127 -0.00385714217 -0.01743765054 0.001935452239 0.9472457957 -0.3205021943 0.01775396369 -0.320484828 -0.9470872567 2.011230041e-05 -0.1728101425 0
0.3356703197 0.1126274624 -0.1327408279 -0.00319340216 0.08470547101 0.5004825138 -0.0004103276775 0.02136878669 0.2537956017 -0.9998263307 -0.004110335801 -0.01817728314 0.002062822387 0.9449717477 -0.3271454429 0.01852169664 -0.3271261243 -0.9447991562 2.104417799e-05 -0.1765453011 0
0.3427720771 0.115010315 -0.1355492179 -0.003329064153 0.08645886606 0.5000781923 -0.0004278453024 0.02181839077 0.2537441861 -0.9998112274 -0.00437421653 -0.01893081857 0.002195604014 0.9426517416 -0.3337706899 0.01930515437 -0.3337492477 -0.9424641907 2.19998628e-05 -0.1802804598 0
0.3498738346 0.1173931677 -0.1383576079 -0.003467491011 0.08820984424 0.4996656305 -0.0004457272038 0.02226783767 0.2536917014 -0.9997951642 -0.004648988716 -0.0196981375 0.002333903658 0.9402859443 -0.3403775782 0.02010429334 -0.3403538303 -0.9400824898 2.297959026e-05 -0.1840156185 0
0.356975592 0.1197760204 -0.1411659979 -0.003608678086 0.08995835698 0.4992448422 -0.0004639732287 0.02271712418 0.2536381483 -0.9997781018 -0.004934855374 -0.02047911828 0.002477827364 0.9378745262 -0.3469657525 0.02091906916 -0.3469395051 -0.9376541859 2.398359973e-05 -0.1877507772 0
0.3640773495 0.1221588731 -0.1439743878 -0.003752620636 0.0917043558 0.4988158417 -0.0004825832211 0.02316624707 0.253583527 -0.9997600004 -0.005232018149 -0.02127363703 0.002627480676 0.9354176608 -0.3535348586 0.02174943658 -0.3535059065 -0.9351794139 2.501213441e-05 -0.1914859358 0
0.3711791069 0.1245417257 -0.1467827778 -0.00389931383 0.09344779232 0.4983786433 -0.0005015570218 0.02361520314 0.2535278382 -0.999740819 -0.005540677292 -0.02208156758 0.002782968627 0.9329155247 -0.3600845442 0.02259534946 -0.3600526694 -0.9326583112 2.606544131e-05 -0.1952210945 0
0.3782808644 0.1269245784 -0.1495911678 -0.004048752741 0.09518861825 0.4979332616 -0.0005208944687 0.02406398916 0.2534710823 -0.9997205164 -0.005861031636 -0.02290278154 0.002944395729 0.9303682978 -0.3666144582 0.02345676081 -0.3665794303 -0.9300910179 2.714377121e-05 -0.1989562532 0
0.3853826218 0.1293074311 -0.1523995578 -0.004200932355 0.0969267854 0.4974797116 -0.0005405953963 0.02451260193 0.2534132598 -0.9996990503 -0.006193278567 -0.02373714827 0.003111865967 0.9277761633 -0.3731242515 0.02433362278 -0.3730858267 -0.9274776767 2.824737856e-05 -0.2026914119 0
0.3924843792 0.1316902838 -0.1552079478 -0.004355847563 0.09866224569 0.4970180086 -0.0005606596362 0.02496103824 0.2533543713 -0.9996763778 -0.006537614004 -0.02458453492 0.003285482785 0.9251393075 -0.3796135762 0.02522588665 -0.3795714969 -0.9248184327 2.937652151e-05 -0.2064265705 0
0.3995861367 0.1340731364 -0.1580163378 -0.004513493167 0.1003949511 0.4965481681 -0.0005810870169 0.02540929486 0.2532944171 -0.9996524553 -0.006894232368 -0.02544480646 0.003465349079 0.9224579199 -0.3860820864 0.02613350285 -0.3860360807 -0.9221134336 3.05314618e-05 -0.2101617292 0
0.4066878941 0.1364559891 -0.1608247277 -0.004673863877 0.1021248538 0.4960702057 -0.0006018773637 0.02585736859 0.253233398 -0.9996272386 -0.007263326564 -0.02631782563 0.003651567189 0.9197321929 -0.3925294376 0.02705642097 -0.3924792191 -0.9193628297 3.17124647e-05 -0.2138968879 0
0.4137896516 0.1388388418 -0.1636331177 -0.004836954312 0.103851906 0.4955841376 -0.0006230304987 0.02630525623 0.2531713143 -0.9996006827 -0.007645087953 -0.02720345304 0.003844238889 0.9169623224 -0.3989552872 0.02799458974 -0.398900554 -0.9165667739 3.291979902e-05 -0.2176320466 0
0.420891409 0.1412216945 -0.1664415077 -0.005002759002 0.10557606 0.49508998 -0.0006445462412 0.02675295457 0.2531081667 -0.9995727418 -0.008039706325 -0.02810154712 0.004043465377 0.9141485071 -0.4053592942 0.02894795703 -0.4052997288 -0.9137254214 3.4153737e-05 -0.2213672052 0
0.4279931665 0.1436045471 -0.1692498977 -0.005171272385 0.1072972682 0.4945877496 -0.0006664244072 0.02720046039 0.2530439556 -0.9995433697 -0.008447369883 -0.02901196417 0.004249347267 0.9112909489 -0.4117411194 0.02991646989 -0.4116763879 -0.9108389301 3.541455431e-05 -0.2251023639 0
0.4350949239 0.1459873998 -0.1720582877 -0.005342488808 0.1090154833 0.4940774631 -0.0006886648095 0.0276477705 0.2529786818 -0.9995125192 -0.00886826521 -0.02993455834 0.00446198458 0.9083898529 -0.4181004254 0.03090007451 -0.4180301771 -0.9079074603 3.670252996e-05 -0.2288375226 0
0.4421966814 0.1483702525 -0.1748666776 -0.005516402532 0.1107306577 0.4935591377 -0.0007112672581 0.02809488169 0.2529123456 -0.9994801427 -0.00930257725 -0.0308691817 0.004681476734 0.9054454271 -0.4244368766 0.03189871624 -0.4243607434 -0.9049311749 3.801794627e-05 -0.2325726813 0
0.4492984388 0.1507531052 -0.1776750676 -0.005693007724 0.1124427444 0.4930327907 -0.0007342315596 0.02854179076 0.2528449478 -0.9994461917 -0.009750489284 -0.03181568421 0.004907922539 0.9024578826 -0.4307501392 0.03291233962 -0.4306677352 -0.9019102393 3.936108884e-05 -0.23630784 0
0.4564001963 0.1531359579 -0.1804834576 -0.005872298464 0.1141516962 0.4924984399 -0.0007575575178 0.02898849452 0.2527764889 -0.9994106173 -0.01021218291 -0.03277391375 0.005141420182 0.8994274334 -0.4370398813 0.03394088834 -0.436950802 -0.8988448213 4.073224647e-05 -0.2400429986 0
0.4635019537 0.1555188105 -0.1832918476 -0.006054268742 0.115857466 0.4919561031 -0.0007812449331 0.02943498975 0.2527069695 -0.9993733695 -0.010687838 -0.03374371615 0.005382067224 0.8963542966 -0.4433057729 0.03498430524 -0.4432095949 -0.8957350911 4.213171113e-05 -0.2437781573 0
0.4706037112 0.1579016632 -0.1861002376 -0.00623891246 0.1175600071 0.4914057984 -0.000805293603 0.02988127328 0.2526363902 -0.9993343982 -0.01117763271 -0.03472493518 0.005629960588 0.8932386924 -0.4495474857 0.03604253238 -0.4494437661 -0.8925812215 4.355977791e-05 -0.247513316 0
0.4777054686 0.1602845159 -0.1889086276 -0.006426223429 0.1192592726 0.4908475444 -0.0008297033218 0.0303273419 0.2525647516 -0.9992936522 -0.01168174343 -0.03571741259 0.005885196552 0.8900808437 -0.4557646937 0.03711551095 -0.4556529693 -0.8893833877 4.501674499e-05 -0.2512484747 0
0.4848072261 0.1626673686 -0.1917170175 -0.006616195375 0.1209552159 0.4902813597 -0.000854473881 0.03077319242 0.2524920544 -0.9992510799 -0.01220034479 -0.03672098811 0.00614787074 0.8868809766 -0.4619570727 0.03820318136 -0.4618368596 -0.8861417674 4.650291356e-05 -0.2549836333 0
0.4919089835 0.1650502212 -0.1945254075 -0.006808821933 0.1226477906 0.4897072633 -0.0008796050686 0.03121882165 0.2524182992 -0.9992066289 -0.01273360957 -0.0377354995 0.006418078113 0.8836393199 -0.4681243004 0.03930548318 -0.4679950935 -0.8828565407 4.801858782e-05 -0.258718792 0
0.4998984606 0.1677309305 -0.1976848463 -0.007028691864 0.1245478526 0.4890519719 -0.0009083084507 0.03171988606 0.2523340608 -0.9991543101 -0.01335127268 -0.03888969201 0.006731183294 0.8799427933 -0.4750319692 0.04056298556 -0.4748920131 -0.8791087647 4.975937239e-05 -0.2629208455 0
0.5070002181 0.1701137832 -0.2004932362 -0.007226937939 0.1262331149 0.4884611274 -0.0009342052565 0.03216503447 0.2522580596 -0.9991056905 -0.0139162627 -0.03992689435 0.007017710913 0.876613107 -0.4811446897 0.04169617481 -0.4809945928 -0.8757314832 5.133876959e-05 -0.2666560042 0
0.5141019755 0.1724966358 -0.2033016262 -0.007427818173 0.127914864 0.4878624321 -0.0009604620091 0.03260995163 0.2521810024 -0.9990550247 -0.01449644434 -0.04097451284 0.007312064108 0.873242365 -0.4872312651 0.04284380141 -0.4870704518 -0.8723111736 5.294864183e-05 -0.2703911629 0
0.521203733 0.1748794885 -0.2061100162 -0.007631325839 0.1295930538 0.4872559061 -0.0009870784838 0.03305463436 0.2521028899 -0.9990022579 -0.01509198273 -0.04203237719 0.00761433502 0.8698308082 -0.4932913815 0.04400580163 -0.4931192525 -0.868848026 5.458930514e-05 -0.2741263215 0
0.5283054904 0.1772623412 -0.2089184062 -0.007837454126 0.1312676385 0.4866415697 -0.001014054453 0.03349907948 0.2520237228 -0.9989473346 -0.0157030411 -0.04310031521 0.007924615084 0.86637868 -0.4993247274 0.04518211091 -0.4991406589 -0.8653422326 5.626107834e-05 -0.2778614802 0
0.5354072479 0.1796451939 -0.2117267962 -0.008046196135 0.1329385725 0.4860194435 -0.001041389687 0.03394328382 0.2519435019 -0.9988901987 -0.01632978075 -0.0441781528 0.008242995023 0.8628862267 -0.5053309932 0.0463726639 -0.5051343365 -0.8617939882 5.796428297e-05 -0.2815966389 0
0.5425090053 0.1820280466 -0.2145351861 -0.008257544881 0.1346058101 0.4853895482 -0.00106908395 0.03438724419 0.2518622278 -0.9988307935 -0.01697236101 -0.04526571404 0.008569564837 0.8593536976 -0.5113098717 0.04757739447 -0.5110999524 -0.85820349 5.969924326e-05 -0.2853317976 0
0.5496107628 0.1844108992 -0.2173435761 -0.008471493292 0.1362693058 0.4847519051 -0.001097137007 0.03483095742 0.2517799012 -0.9987690618 -0.01763093923 -0.04636282114 0.008904413798 0.8557813445 -0.5172610577 0.04879623569 -0.517037175 -0.8545709374 6.146628607e-05 -0.2890669563 0
0.5567125202 0.1867937519 -0.2201519661 -0.008688034212 0.1379290144 0.4841065353 -0.001125548618 0.03527442035 0.2516965229 -0.9987049457 -0.01830567078 -0.04746929448 0.009247630442 0.852169422 -0.5231842482 0.05002911984 -0.5229456746 -0.8508965322 6.326574088e-05 -0.2928021149 0
0.5638142776 0.1891766046 -0.2229603561 -0.008907160398 0.1395848908 0.4834534605 -0.00115431854 0.0357176298 0.2516120935 -0.9986383867 -0.01899670897 -0.04858495264 0.00959930256 0.8485181874 -0.5290791426 0.05127597844 -0.528825123 -0.8471804786 6.509793973e-05 -0.2965372736 0
0.5709160351 0.1915594573 -0.2257687461 -0.009128864523 0.1412368898 0.4827927025 -0.001183446526 0.03616058261 0.2515266139 -0.998569326 -0.01970420511 -0.04970961242 0.009959517188 0.8448279007 -0.5349454424 0.05253674222 -0.5346751935 -0.8434229829 6.696321721e-05 -0.3002724323 0
0.5780177925 0.1939423099 -0.2285771361 -0.009353139174 0.1428849666 0.4821242835 -0.001212932328 0.03660327561 0.2514400848 -0.9984977038 -0.02042830844 -0.05084308885 0.01032836061 0.8410988245 -0.5407828514 0.05381134115 -0.5404955612 -0.839624254 6.886191039e-05 -0.304007591 0
0.58511955 0.1963251626 -0.231385526 -0.009579976853 0.1445290765 0.4814482256 -0.001242775693 0.03704570564 0.2513525069 -0.9984234602 -0.0211691661 -0.0519851952 0.01070591832 0.8373312242 -0.546591076 0.05509970441 -0.5462859026 -0.8357845028 7.079435878e-05 -0.3077427496 0
0.5922213074 0.1987080153 -0.234193916 -0.00980936998 0.1461691749 0.4807645517 -0.001272976367 0.03748786954 0.251263881 -0.9983465345 -0.02192692314 -0.05313574304 0.01109227507 0.8335253676 -0.5523698244 0.05640176043 -0.5520458962 -0.8319039427 7.276090436e-05 -0.3114779083 0
0.5993230649 0.201090868 -0.237002306 -0.01004131089 0.1478052173 0.4800732844 -0.00130353409 0.03792976415 0.2511742079 -0.9982668654 -0.0227017225 -0.0542945422 0.01148751481 0.8296815254 -0.5581188076 0.05771743689 -0.5577752219 -0.8279827892 7.476189145e-05 -0.315213067 0
0.6064248223 0.2034737206 -0.239810696 -0.01027579183 0.1494371595 0.4793744469 -0.001334448603 0.03837138633 0.2510834883 -0.9981843912 -0.02349370497 -0.05546140087 0.0118917207 0.8257999705 -0.5638377388 0.05904666068 -0.5634735615 -0.8240212602 7.679766675e-05 -0.3189482257 0
0.6135265798 0.2058565733 -0.242619086 -0.01051280497 0.1510649574 0.4786680625 -0.00136571964 0.03881273291 0.2509917231 -0.9980990497 -0.02430300918 -0.05663612552 0.0123049751 0.8218809786 -0.5695263335 0.06038935798 -0.5691405984 -0.8200195758 7.886857927e-05 -0.3226833843 0
0.6206283372 0.208239426 -0.245427476 -0.0107523424 0.1526885669 0.4779541549 -0.001397346935 0.03925380075 0.2508989131 -0.9980107781 -0.02512977158 -0.05781852103 0.01272735957 0.8179248278 -0.5751843099 0.06174545418 -0.5747760178 -0.8159779582 8.097498031e-05 -0.326418543 0
0.6277300947 0.2106222787 -0.2482358659 -0.01099439612 0.1543079443 0.4772327478 -0.001429330216 0.0396945867 0.2508050591 -0.9979195131 -0.02597412643 -0.05900839062 0.01315895486 0.8139317988 -0.5808113883 0.06311487396 -0.5803795066 -0.811896632 8.311722344e-05 -0.3301537017 0
0.6348318521 0.2130051313 -0.2510442559 -0.01123895804 0.1559230459 0.4765038654 -0.00146166921 0.04013508762 0.2507101619 -0.9978251909 -0.02683620579 -0.06020553593 0.0135998409 0.8099021747 -0.5864072917 0.06449754124 -0.5859507535 -0.8077758239 8.529566442e-05 -0.3338888604 0
0.6419336096 0.215387984 -0.2538526459 -0.01148602 0.1575338281 0.475767532 -0.001494363641 0.04057530037 0.2506142223 -0.9977277471 -0.02771613944 -0.06140975701 0.0140500968 0.805836241 -0.5919717455 0.0658933792 -0.591489449 -0.8036157628 8.751066124e-05 -0.337624019 0
0.649035367 0.2177708367 -0.2566610359 -0.01173557376 0.1591402477 0.4750237721 -0.00152741323 0.0410152218 0.2505172412 -0.9976271171 -0.02861405497 -0.06262085236 0.01450980081 0.8017342858 -0.5975044776 0.06730231031 -0.5969952855 -0.7994166799 8.976257403e-05 -0.3413591777 0
0.6561371245 0.2201536894 -0.2594694259 -0.01198761099 0.1607422614 0.4742726105 -0.001560817693 0.04145484878 0.2504192195 -0.9975232354 -0.02953007764 -0.06383861894 0.01497903038 0.7975965993 -0.6030052184 0.06872425629 -0.602467957 -0.7951788084 9.205176507e-05 -0.3450943364 0
0.6632388819 0.222536542 -0.2622778158 -0.01224212329 0.1623398262 0.4735140724 -0.001594576745 0.04189417819 0.2503201579 -0.9974160365 -0.03046433047 -0.0650628522 0.01545786209 0.7934234745 -0.6084737009 0.07015913816 -0.6079071596 -0.7909023838 9.437859873e-05 -0.3488294951 0
0.6703406393 0.2249193947 -0.2650862058 -0.01249910217 0.1639328994 0.472748183 -0.001628690098 0.04233320688 0.2502200574 -0.997305454 -0.03141693416 -0.06629334609 0.01594637165 0.7892152063 -0.6139096606 0.07160687619 -0.6133125911 -0.7865876435 9.674344147e-05 -0.3525646538 0
0.6774423968 0.2273022474 -0.2678945958 -0.01275853905 0.1655214381 0.4719749678 -0.001663157459 0.04277193173 0.2501189189 -0.9971914212 -0.03238800707 -0.0675298931 0.01644463396 0.7849720923 -0.6193128356 0.07306738997 -0.6186839511 -0.7822348274 9.91466618e-05 -0.3562998124 0
0.6845441542 0.2296851001 -0.2707029858 -0.01302042529 0.1671053998 0.4711944527 -0.001697978534 0.04321034961 0.2500167432 -0.9970738711 -0.03337766526 -0.06877228427 0.016952723 0.780694432 -0.6246829668 0.07454059837 -0.6240209414 -0.7778441771 0.0001015886302 -0.3600349711 0
0.6916459117 0.2320679527 -0.2735113758 -0.01328475217 0.1686847423 0.4704066636 -0.001733153026 0.04364845741 0.2499135312 -0.996952736 -0.0343860224 -0.07002030923 0.01747071192 0.7763825276 -0.6300197973 0.07602641952 -0.6293232653 -0.7734159368 0.0001040697193 -0.3637701298 0
0.6987476691 0.2344508054 -0.2763197658 -0.01355151086 0.1702594234 0.4696116268 -0.001768680633 0.04408625201 0.2498092838 -0.9968279479 -0.03541318981 -0.07127375618 0.01799867295 0.7720366832 -0.6353230733 0.07752477091 -0.6345906284 -0.7689503522 0.0001065903035 -0.3675052885 0
0.7058494266 0.2368336581 -0.2791281557 -0.0138206925 0.171829401 0.4688093688 -0.001804561052 0.04452373028 0.249704002 -0.9966994383 -0.03645927641 -0.07253241198 0.01853667747 0.7676572054 -0.6405925434 0.07903556929 -0.6398227381 -0.7644476716 0.0001091507594 -0.3712404471 0
0.712951184 0.2392165108 -0.2819365457 -0.0140922881 0.1733946333 0.4679999162 -0.001840793976 0.04496088912 0.2495976866 -0.9965671385 -0.03752438873 -0.07379606211 0.01908479595 0.7632444027 -0.6458279588 0.08055873072 -0.6450193036 -0.759908145 0.0001117514652 -0.3749756058 0
0.7200529415 0.2415993635 -0.2847449357 -0.01436628863 0.1749550787 0.4671832962 -0.001877379095 0.04539772542 0.2494903387 -0.996430979 -0.03860863088 -0.07506449072 0.01964309797 0.7587985859 -0.6510290736 0.0820941706 -0.6501800363 -0.7553320247 0.0001143928012 -0.3787107645 0
0.7280424186 0.2442800727 -0.2879043744 -0.01467740251 0.1767048062 0.466256065 -0.001918957948 0.04588877685 0.2493683391 -0.9962730993 -0.03985139591 -0.07649691426 0.0202834457 0.7537579697 -0.6568390251 0.08383611082 -0.6559426723 -0.750140465 0.000117413346 -0.382912818 0
0.7351441761 0.2466629254 -0.2907127644 -0.01495648313 0.1782549419 0.4654243045 -0.00195629044 0.04632491743 0.2492588 -0.9961285062 -0.04097662346 -0.07777477454 0.0208636146 0.7492430398 -0.661966447 0.08539735833 -0.6610263109 -0.7454874295 0.0001201422925 -0.3866479767 0
0.7422459335 0.2490457781 -0.2935211544 -0.01523793991 0.1798001615 0.4645854621 -0.001993974139 0.04676072577 0.2491482313 -0.9959798343 -0.0421212904 -0.07905673048 0.0214541786 0.7446960807 -0.6670588172 0.0869706155 -0.6660732274 -0.7407986014 0.0001229130696 -0.3903831354 0
0.7493476909 0.2514286307 -0.2963295444 -0.01552176349 0.1813404244 0.4637395658 -0.002032008724 0.04719619877 0.249036634 -0.9958270127 -0.0432854907 -0.080342561 0.02205520351 0.740117412 -0.6721159011 0.08855579491 -0.6710831415 -0.7360742411 0.0001257260652 -0.394118294 0
0.7564494484 0.2538114834 -0.2991379344 -0.01580794443 0.1828756896 0.4628866437 -0.00207039387 0.04763133333 0.2489240089 -0.9956699701 -0.04446931584 -0.08163204381 0.02266675421 0.735507355 -0.6771374668 0.09015280851 -0.6760557748 -0.7313146111 0.0001285816689 -0.3978534527 0
0.7635512058 0.2561943361 -0.3019463243 -0.01609647321 0.1844059167 0.4620267242 -0.002109129247 0.04806612638 0.2488103572 -0.9955086349 -0.04567285478 -0.08292495543 0.02328889463 0.7308662333 -0.6821232854 0.09176156757 -0.6809908512 -0.7265199759 0.0001314802723 -0.4015886114 0
0.7706529633 0.2585771888 -0.3047547143 -0.01638734025 0.1859310654 0.4611598359 -0.002148214526 0.04850057481 0.2486956797 -0.9953429349 -0.04689619395 -0.08422107123 0.02392168779 0.7261943722 -0.6870731305 0.09338198273 -0.6858880964 -0.7216906017 0.0001344222685 -0.4053237701 0
0.7777547207 0.2609600414 -0.3075631043 -0.01668053587 0.1874510953 0.4602860076 -0.002187649371 0.04893467555 0.2485799776 -0.995172798 -0.04813941727 -0.08552016544 0.02456519575 0.7214920991 -0.6919867788 0.09501396397 -0.6907472384 -0.7168267568 0.0001374080525 -0.4090589287 0
0.7848564782 0.2633428941 -0.3103714943 -0.01697605034 0.1889659667 0.4594052683 -0.002227433445 0.04936842551 0.2484632518 -0.9949981512 -0.04940260609 -0.08682201119 0.02521947962 0.7167597434 -0.6968640098 0.09665742063 -0.6955680073 -0.7119287115 0.0001404380209 -0.4127940874 0
0.7919582356 0.2657257468 -0.3131798843 -0.01727387383 0.1904756396 0.4585176472 -0.00226756641 0.04980182162 0.2483455034 -0.9948189216 -0.0506858392 -0.08812638051 0.02588459954 0.711997636 -0.7017046058 0.09831226141 -0.7003501353 -0.7069967378 0.000143512572 -0.4165292461 0
0.7990599931 0.2681085995 -0.3159882743 -0.01757399646 0.1919800745 0.4576231739 -0.00230804792 0.0502348608 0.2482267334 -0.9946350358 -0.05198919282 -0.08943304437 0.02656061471 0.7072061102 -0.706508352 0.09997839437 -0.7050933566 -0.7020311098 0.0001466321059 -0.4202644048 0
0.8061617505 0.2704914522 -0.3187966642 -0.01787640827 0.1934792321 0.456721878 -0.002348877631 0.05066753998 0.2481069427 -0.9944464201 -0.05331274058 -0.09074177272 0.02724758336 0.7023855007 -0.7112750366 0.101655727 -0.7097974078 -0.6970321033 0.0001497970244 -0.4239995634 0
0.813263508 0.2728743048 -0.3216050542 -0.0181810992 0.194973073 0.4558137895 -0.002390055193 0.0510998561 0.2479861326 -0.9942530004 -0.0546565535 -0.0920523345 0.02794556275 0.697536144 -0.7160044506 0.103344166 -0.7144620276 -0.691999996 0.0001530077306 -0.4277347221 0
0.8203652654 0.2752571575 -0.3244134442 -0.01848805916 0.1964615583 0.4548989385 -0.002431580253 0.05153180609 0.247864304 -0.9940547026 -0.0560207 -0.09336449764 0.02865460915 0.6926583787 -0.720696388 0.1050436177 -0.7190869569 -0.6869350674 0.0001562646297 -0.4314698808 0
0.8274670229 0.2776400102 -0.3272218342 -0.01879727796 0.1979446491 0.4539773554 -0.002473452458 0.05196338689 0.247741458 -0.993851452 -0.05740524588 -0.09467802913 0.02937477786 0.6877525449 -0.7253506458 0.1067539877 -0.7236719386 -0.681837599 0.0001595681282 -0.4352050395 0
0.8345687803 0.2800228629 -0.3300302242 -0.01910874534 0.199422307 0.4530490706 -0.002515671449 0.05239459544 0.2476175957 -0.9936431736 -0.05881025428 -0.09599269503 0.0301061232 0.6828189844 -0.7299670239 0.1084751808 -0.7282167181 -0.6767078739 0.0001629186344 -0.4389401981 0
0.8416705378 0.2824057155 -0.3328386142 -0.01942245098 0.2008944934 0.452114115 -0.002558236864 0.0528254287 0.2474927181 -0.9934297925 -0.06023578573 -0.09730826048 0.03084869848 0.6778580407 -0.734545325 0.1102071016 -0.732721043 -0.6715461771 0.000166316558 -0.4426753568 0
0.8487722952 0.2847885682 -0.3356470041 -0.01973838447 0.2023611701 0.4511725197 -0.002601148341 0.05325588361 0.2473668264 -0.9932112331 -0.06168189807 -0.09862448975 0.03160255604 0.6728700589 -0.7390853552 0.1119496538 -0.7371846629 -0.6663527953 0.0001697623104 -0.4464105155 0
0.8558740526 0.2871714209 -0.3384553941 -0.02005653536 0.2038222992 0.4502243157 -0.002644405512 0.05368595712 0.2472399217 -0.9929874197 -0.06314864648 -0.09994114625 0.0323677472 0.667855386 -0.7435869232 0.1137027405 -0.74160733 -0.661128017 0.0001732563046 -0.4501456742 0
0.8629758101 0.2895542736 -0.3412637841 -0.02037689309 0.2052778429 0.4492695345 -0.002688008007 0.05411564619 0.247112005 -0.9927582765 -0.06463608347 -0.1012579926 0.03314432229 0.6628143701 -0.748049841 0.1154662645 -0.7459887985 -0.6558721326 0.0001767989551 -0.4538808329 0
0.8700775675 0.2919371262 -0.3440721741 -0.02069944706 0.2067277635 0.4483082077 -0.002731955454 0.05454494779 0.2469830776 -0.9925237274 -0.06614425886 -0.1025747904 0.03393233063 0.6577473614 -0.7524739235 0.1172401277 -0.750328825 -0.6505854339 0.0001803906779 -0.4576159915 0
0.877179325 0.2943199789 -0.3468805641 -0.02102418658 0.2081720237 0.4473403672 -0.002776247476 0.05497385888 0.2468531405 -0.9922836958 -0.06767321977 -0.1038913009 0.03473182051 0.6526547111 -0.7568589886 0.1190242316 -0.7546271685 -0.6452682147 0.0001840318906 -0.4613511502 0
0.8842810824 0.2967028316 -0.349688954 -0.02135110091 0.2096105863 0.446366045 -0.002820883695 0.05540237642 0.2467221948 -0.9920381052 -0.0692230106 -0.1052072842 0.03554283922 0.6475367724 -0.7612048575 0.1208184771 -0.75888359 -0.6399207704 0.0001877230123 -0.4650863089 0
0.8913828399 0.2990856843 -0.352497344 -0.02168017923 0.2110434143 0.4453852733 -0.00286586373 0.0558304974 0.2465902418 -0.9917868788 -0.07079367305 -0.1065224998 0.03636543304 0.6423938995 -0.765511354 0.1226227645 -0.7630978533 -0.6345433979 0.0001914644636 -0.4688214676 0
0.8984845973 0.3014685369 -0.355305734 -0.02201141066 0.212470471 0.4443980846 -0.002911187196 0.05625821878 0.2464572825 -0.9915299395 -0.07238524609 -0.1078367065 0.03719964721 0.6372264484 -0.7697783056 0.1244369936 -0.7672697242 -0.6291363962 0.0001952566666 -0.4725566262 0
0.9055863548 0.3038513896 -0.358114124 -0.02234478423 0.2138917199 0.4434045116 -0.002956853705 0.05668553755 0.2463233182 -0.9912672101 -0.07399776595 -0.1091496626 0.03804552593 0.6320347763 -0.7740055423 0.1262610636 -0.7713989708 -0.6237000655 0.000199100045 -0.4762917849 0
0.9126881122 0.3062342423 -0.360922514 -0.02268028893 0.2153071247 0.442404587 -0.003002862866 0.05711245068 0.24618835 -0.9909986132 -0.07563126611 -0.1104611255 0.0389031124 0.6268192419 -0.7781928976 0.1280948731 -0.7754853639 -0.6182347078 0.0002029950237 -0.4800269436 0
0.9197898697 0.308617095 -0.363730904 -0.02301791366 0.2167166491 0.4413983439 -0.003049214287 0.05753895518 0.2460523791 -0.9907240712 -0.07728577732 -0.1117708521 0.03977244875 0.6215802051 -0.7823402079 0.1299383203 -0.7795286763 -0.6127406268 0.0002069420293 -0.4837621023 0
0.9268916271 0.3109999476 -0.3665392939 -0.02335764727 0.2181202574 0.4403858157 -0.003095907571 0.05796504803 0.2459154067 -0.9904435063 -0.07896132755 -0.1130785987 0.0406535761 0.6163180273 -0.7864473129 0.1317913027 -0.7835286836 -0.6072181276 0.0002109414898 -0.4874972609 0
0.9339933846 0.3133828003 -0.3693476839 -0.02369947854 0.2195179138 0.4393670356 -0.003142942319 0.05839072622 0.245777434 -0.9901568407 -0.08065794202 -0.114384121 0.04154653451 0.6110330709 -0.7905140554 0.1336537176 -0.7874851634 -0.6016675171 0.0002149938347 -0.4912324196 0
0.941095142 0.315765653 -0.3721560739 -0.02404339618 0.220909583 0.4383420374 -0.003190318129 0.05881598676 0.2456384622 -0.9898639963 -0.08237564315 -0.1156871742 0.042451363 0.6057256999 -0.7945402811 0.1355254612 -0.7913978961 -0.5960891036 0.0002190994948 -0.4949675783 0
0.9481968995 0.3181485057 -0.3749644639 -0.02438938884 0.2222952296 0.4373108549 -0.003238034595 0.05924082664 0.2454984925 -0.9895648948 -0.08411445061 -0.1169875131 0.04336809954 0.6003962793 -0.7985258391 0.1374064298 -0.7952666641 -0.5904831971 0.0002232589026 -0.498702737 0
0.9561863766 0.3208292149 -0.3781239026 -0.02478109665 0.2238468397 0.4361434249 -0.003292122303 0.05971826498 0.2453398353 -0.9892208289 -0.08609585856 -0.1184468436 0.04441370791 0.594374781 -0.8029607975 0.139533416 -0.7995662092 -0.5841440772 0.0002280030217 -0.5029047905 0
0.963288134 0.3232120676 -0.3809322926 -0.02513146073 0.2252195725 0.435099214 -0.003340561306 0.06014220105 0.2451977492 -0.9889081709 -0.0878795695 -0.1197405977 0.04535587031 0.5889997224 -0.80685945 0.1414336399 -0.8033408419 -0.5784807838 0.0002322780852 -0.5066399492 0
0.9703898915 0.3255949203 -0.3837406826 -0.02548386393 0.2265861741 0.4340489258 -0.003389339681 0.06056570713 0.245054669 -0.9885890107 -0.08968443019 -0.1210308677 0.04631005262 0.5836037624 -0.8107169836 0.1433427605 -0.8070708466 -0.5727909754 0.0002366082566 -0.5103751078 0
0.9774916489 0.327977773 -0.3865490726 -0.02583829462 0.2279466102 0.4329925949 -0.003438457012 0.06098878025 0.2449105961 -0.9882632695 -0.09151044876 -0.1223174066 0.04727628844 0.5781872709 -0.8145332604 0.1452606717 -0.810756016 -0.5670749683 0.000240993974 -0.5141102665 0
0.9845934064 0.3303606256 -0.3893574625 -0.02619474114 0.2293008467 0.4319302562 -0.003487912877 0.06141141742 0.2447655317 -0.9879308685 -0.09335763051 -0.1235999668 0.04825461032 0.5727506185 -0.8183081458 0.147187267 -0.8143961455 -0.5613330799 0.0002454356771 -0.5178454252 0
0.9916951638 0.3327434783 -0.3921658525 -0.02655319174 0.2306488498 0.4308619446 -0.003537706854 0.06183361568 0.2446194771 -0.987591729 -0.09522597792 -0.1248783006 0.04924504973 0.5672941772 -0.8220415084 0.1491224393 -0.8179910327 -0.5555656293 0.0002499338068 -0.5215805839 0
0.9987969213 0.335126331 -0.3949742425 -0.02691363462 0.2319905858 0.4297876952 -0.003587838517 0.06225537205 0.2444724335 -0.9872457719 -0.09711549066 -0.1261521597 0.05024763708 0.5618183197 -0.82573322 0.1510660812 -0.8215404781 -0.5497729368 0.0002544888056 -0.5253157425 0
