0.007301402519 0.001748393847 -0.003068998521 -1.085083757e-06 0.001861848897 0.5099954686 -1.370815126e-07 0.0004637728653 0.2549994376 -1 -3.038469796e-08 -6.319164376e-06 1.552374578e-08 0.9999736108 -0.007264827939 6.319218358e-06 -0.007264827939 -0.9999736108 2.559740098e-08 -0.004081768033 0
0.0145030054 0.003472889673 -0.006096048259 -4.281176096e-06 0.003698197837 0.5099821215 -5.439707677e-07 0.0009230039724 0.2549977678 -0.9999999997 -2.3951929e-07 -2.493135367e-05 1.202641049e-07 0.9998958827 -0.01442996083 2.493221413e-05 -0.01442996083 -0.9998958824 4.685675123e-08 -0.008107744185 0
0.02170460828 0.005197385498 -0.009123097997 -9.588374583e-06 0.005534445378 0.5099599583 -1.222518931e-06 0.001382948717 0.254994983 -0.9999999984 -8.034791363e-07 -5.583482669e-05 4.024227977e-07 0.9997668157 -0.02159431033 5.583915746e-05 -0.02159431032 -0.9997668141 3.177811781e-08 -0.01213372034 0
0.02890621116 0.006921881324 -0.01215014774 -1.70065046e-05 0.007370541176 0.5099289798 -2.172401056e-06 0.001842972571 0.2549910844 -0.9999999951 -1.898405095e-06 -9.902473191e-05 9.500825463e-07 0.9995864179 -0.0287574875 9.903837042e-05 -0.02875748745 -0.999586413 1.456488933e-08 -0.01615969649 0
0.03610781404 0.008646377149 -0.01517719747 -2.653532209e-05 0.009206434891 0.5098891868 -3.393242791e-06 0.002302933641 0.2549860736 -0.9999999881 -3.700377244e-06 -0.0001544942886 1.851306969e-06 0.9993547008 -0.0359191035 0.0001545275078 -0.03591910336 -0.9993546889 8.471078592e-08 -0.02018567264 0
0.04330941692 0.01037087297 -0.01820424721 -3.817451352e-05 0.01104207619 0.5098405808 -4.884845603e-06 0.002762816899 0.2549799515 -0.9999999753 -6.385394722e-06 -0.0002222347873 3.194134244e-06 0.9990716789 -0.04307876957 0.000222303557 -0.04307876922 -0.9990716542 1.76215929e-07 -0.02421164879 0
0.05051101979 0.0120953688 -0.02123129695 -5.192369597e-05 0.01287741475 0.5097831634 -6.647105837e-06 0.003222630242 0.2549727186 -0.9999999543 -1.012935558e-05 -0.000302235591 5.066570775e-06 0.9987373701 -0.0502360971 0.0003023628386 -0.05023609634 -0.9987373244 2.873187593e-07 -0.02823762494 0
0.05771262267 0.01381986463 -0.02425834669 -6.778241708e-05 0.01471240026 0.5097169364 -8.679962711e-06 0.003682382599 0.2549643749 -0.9999999221 -1.510803663e-05 -0.0003944841359 7.556584856e-06 0.9983517956 -0.05739069764 0.0003947010062 -0.05739069615 -0.9983517177 4.172266515e-07 -0.0322636011 0
0.06401402519 0.01532879847 -0.02690701521 -8.338887051e-05 0.01631768342 0.5096517628 -1.068065331e-05 0.004084620911 0.2549561634 -0.9999998821 -2.061531562e-05 -0.0004852372448 1.03110748e-05 0.997972383 -0.06364843089 0.000485565502 -0.06364842839 -0.997972265 5.459972827e-07 -0.03578633023 0
0.07121562807 0.0170532943 -0.02993406495 -0.0001032015158 0.0181518714 0.509569024 -1.322077349e-05 0.004544273899 0.2549457378 -0.9999998194 -2.838236304e-05 -0.0006004097392 1.419598932e-05 0.9974907532 -0.07079687198 0.0006009125455 -0.07079686772 -0.9974905726 7.102234142e-07 -0.03981230638 0
0.07841723095 0.01877779012 -0.03296111469 -0.0001251220127 0.01998556175 0.5094774826 -1.603138943e-05 0.00500387764 0.254934202 -0.9999997344 -3.788863155e-05 -0.0007277831338 1.89511207e-05 0.9969579363 -0.0779414704 0.0007285222669 -0.0779414635 -0.9969576709 8.925345173e-07 -0.04383828253 0
0.08561883383 0.02050228595 -0.03598816442 -0.00014914964 0.02181870423 0.5093771417 -1.911247234e-05 0.005463432726 0.2549215561 -0.9999996226 -4.930923819e-05 -0.0008673374126 2.466422981e-05 0.996373966 -0.08508183856 0.0008683877383 -0.08508182785 -0.9963735888 1.092874346e-06 -0.04786425868 0
0.09282043671 0.02222678177 -0.03901521416 -0.0001752836075 0.0236512486 0.5092680046 -2.246399315e-05 0.005922938748 0.2549078002 -0.9999994788 -6.281908076e-05 -0.00101905064 3.142300862e-05 0.9957388791 -0.09221758917 0.001020501367 -0.09221757313 -0.9957383581 1.311225346e-06 -0.05189023484 0
0.1000220396 0.0239512776 -0.0420422639 -0.0002035230552 0.02548314466 0.5091500749 -2.608592179e-05 0.006382394584 0.2548929345 -0.9999992973 -7.859281778e-05 -0.001182898966 3.931507385e-05 0.9950527156 -0.09934833524 0.001184854894 -0.09934831193 -0.9950520132 1.547594979e-06 -0.05591621099 0
0.1072236425 0.02567577343 -0.04506931364 -0.0002338670543 0.02731434222 0.5090233565 -2.997822669e-05 0.006841798609 0.2548769591 -0.9999990721 -9.680484848e-05 -0.001358856622 4.842796069e-05 0.9943155188 -0.1064736901 0.001361439397 -0.1064736571 -0.9943145915 1.80200792e-06 -0.05994218714 0
0.1144252453 0.02740026925 -0.04809636338 -0.0002663146065 0.02914479112 0.5088878535 -3.414087455e-05 0.00730114883 0.2548598742 -0.9999987966 -0.0001176292928 -0.001546895932 5.884911649e-05 0.9935273354 -0.1135932676 0.001550245289 -0.1135932219 -0.9935261329 2.074501393e-06 -0.06396816329 0
0.1216268482 0.02912476508 -0.05112341312 -0.0003008646447 0.03097444122 0.5087435703 -3.857383017e-05 0.007760442985 0.2548416798 -0.999998464 -0.0001412399712 -0.001746987308 7.066589448e-05 0.9926882149 -0.1207066817 0.00175126232 -0.1207066197 -0.9926866802 2.365122308e-06 -0.06799413944 0
0.1288284511 0.0308492609 -0.05415046285 -0.0003375160322 0.03280324242 0.5085905119 -4.327705632e-05 0.008219678613 0.2548223762 -0.9999980669 -0.0001678103853 -0.001959099257 8.396554749e-05 0.9917982104 -0.127813547 0.001964479578 -0.1278134644 -0.9917962791 2.673925433e-06 -0.0720201156 0
0.1351298536 0.03235819475 -0.05679913137 -0.0003713088135 0.03440270774 0.5084493911 -4.761405469e-05 0.008621459727 0.2548045758 -0.9999976602 -0.0001936235428 -0.002154531633 9.688767598e-05 0.9909777597 -0.1340263794 0.002161043593 -0.1340262746 -0.9909754223 2.95909141e-06 -0.07554284473 0
0.1423314565 0.03408269057 -0.05982618111 -0.0004118969277 0.03622978231 0.5082798926 -5.282393056e-05 0.009080578484 0.2547831928 -0.9999971205 -0.0002262099055 -0.00238909065 0.0001132025171 0.9899925015 -0.1411199284 0.002397104555 -0.1411197925 -0.9899896252 3.302156386e-06 -0.07956882088 0
0.1495330594 0.0358071864 -0.06285323085 -0.0004545827393 0.03805586411 0.5081016339 -5.83039583e-05 0.009539630911 0.2547607011 -0.9999964925 -0.0002622528618 -0.002635569109 0.0001312504691 0.9889565293 -0.1482058229 0.00264533068 -0.148205649 -0.9889530261 3.66359556e-06 -0.08359479703 0
0.1567346623 0.03753168223 -0.06588028059 -0.0004993648447 0.03988090317 0.507914621 -6.405409246e-05 0.009998614128 0.2547371008 -0.999995767 -0.0003019244879 -0.002893928162 0.0001511183365 0.9878699085 -0.1552836795 0.002905708494 -0.1552834595 -0.9878656812 4.04348586e-06 -0.08762077318 0
0.1639362651 0.03925617805 -0.06890733033 -0.000546241771 0.04170484954 0.5077188601 -7.00742854e-05 0.0104575252 0.2547123921 -0.9999949345 -0.0003453964444 -0.003164127069 0.000172892793 0.9867327076 -0.162353115 0.003178223859 -0.1623528397 -0.9867276495 4.44190889e-06 -0.09164674934 0
0.171137868 0.04098067388 -0.07193438007 -0.0005952119766 0.04352765334 0.5075143574 -7.63644873e-05 0.01091636114 0.2546865754 -0.9999939849 -0.0003928399558 -0.003446123209 0.0001966603751 0.9855449983 -0.1694137471 0.003462861981 -0.1694134058 -0.9855389929 4.858950704e-06 -0.09567272549 0
0.1783394709 0.0427051697 -0.0749614298 -0.0006462738513 0.04534926471 0.5073011198 -8.292464613e-05 0.01137511892 0.2546596507 -0.9999929079 -0.000444425791 -0.003739872077 0.000222507476 0.9843068555 -0.1764651938 0.003759607408 -0.1764647744 -0.9842997759 5.294701652e-06 -0.09969870164 0
0.1855410738 0.04442966553 -0.07798847954 -0.0006994257161 0.04716963384 0.5070791543 -8.975470766e-05 0.01183379551 0.2546316183 -0.9999916925 -0.000500324244 -0.004045327293 0.0002505203391 0.9830183574 -0.1835070739 0.004068444029 -0.1835065628 -0.9830100656 5.749256246e-06 -0.1037246778 0
0.1927426767 0.04615416135 -0.08101552928 -0.0007546658234 0.04898871096 0.5068484681 -9.685461544e-05 0.01229238783 0.2546024785 -0.9999903273 -0.0005607051138 -0.004362440603 0.0002807850524 0.9816795852 -0.1905390068 0.004389355077 -0.1905383887 -0.9816699323 6.222713071e-06 -0.1077506539 0
0.1999442795 0.04787865718 -0.08404257902 -0.0008119923569 0.05080644635 0.5066090689 -0.0001042243108 0.01275089279 0.2545722315 -0.9999888007 -0.0006257376849 -0.004691161888 0.0003133875416 0.9802906233 -0.1975606127 0.004722323131 -0.1975598703 -0.9802794486 6.715174693e-06 -0.1117766301 0
0.2062456821 0.04938759103 -0.08669124754 -0.0008638631152 0.05239582514 0.5063924534 -0.0001108940566 0.01315201051 0.2545448573 -0.9999873228 -0.0006865897072 -0.004988274359 0.0003438998477 0.9790341791 -0.2036957483 0.005023546497 -0.2036948815 -0.9790215315 7.161752106e-06 -0.1152993592 0
0.2134472849 0.05111208685 -0.08971829728 -0.0009250965642 0.05421091097 0.5061367386 -0.0001187694379 0.01361034327 0.254512535 -0.9999854601 -0.0007607986195 -0.005338619027 0.0003811166738 0.97755135 -0.2106969694 0.0053790722 -0.2106959406 -0.9775368465 7.690137781e-06 -0.1193253354 0
0.2206488878 0.05283658268 -0.09274534702 -0.0009884108367 0.05602451241 0.5058723343 -0.0001269144258 0.01406857969 0.2544791062 -0.9999833996 -0.0008401428843 -0.005700417218 0.0004209173548 0.9760185914 -0.2176867753 0.005746601178 -0.217685561 -0.9760020354 8.237844777e-06 -0.1233513115 0
0.2278504907 0.0545610785 -0.09577239675 -0.001053803851 0.05783657995 0.5055992489 -0.0001353289531 0.01452671663 0.2544445713 -0.9999811278 -0.0009247896088 -0.006073611624 0.0004633871305 0.9744359999 -0.2246647888 0.006126113478 -0.2246633633 -0.9744171817 8.804990553e-06 -0.1273772877 0
0.2350520936 0.05628557433 -0.09879944649 -0.001121273459 0.05964706413 0.5053174916 -0.0001440129503 0.01498475095 0.2544089306 -0.9999786309 -0.001014905291 -0.006458143096 0.0005086110493 0.9728036754 -0.2316306337 0.006517588495 -0.2316289687 -0.9727823713 9.391696302e-06 -0.1314032638 0
0.2422536965 0.05801007015 -0.1018264962 -0.001190817441 0.06145591554 0.5050270716 -0.0001529663456 0.01544267948 0.2543721844 -0.9999758946 -0.001110655801 -0.006853950649 0.0005566739612 0.9711217206 -0.2385839347 0.006921004978 -0.238581999 -0.971097693 9.998086909e-06 -0.13542924 0
0.2494552993 0.05973456598 -0.104853546 -0.001262433514 0.06326308484 0.5047279984 -0.0001621890653 0.01590049907 0.2543343329 -0.9999729041 -0.001212206359 -0.007260971468 0.0006076605121 0.9693902415 -0.2455243172 0.007336341024 -0.2455220767 -0.9693632384 1.062429092e-05 -0.1394552161 0
0.2566569022 0.0614590618 -0.1078805957 -0.001336119323 0.06506852274 0.5044202818 -0.0001716810331 0.01635820655 0.2542953765 -0.9999696441 -0.001319721522 -0.007679140916 0.0006616551378 0.9676093473 -0.2524514076 0.007763574086 -0.2524488251 -0.9675791015 1.127044049e-05 -0.1434811923 0
0.2638585051 0.06318355763 -0.1109076454 -0.001411872447 0.06687218002 0.504103932 -0.0001814421707 0.01681579875 0.2542553155 -0.9999660991 -0.001433365158 -0.008108392538 0.0007187420579 0.9657791501 -0.259364833 0.008202680969 -0.2593618681 -0.9657453792 1.193667138e-05 -0.1475071684 0
0.271060108 0.06490805345 -0.1139346952 -0.001489690397 0.06867400754 0.5037789593 -0.0001914723976 0.0172732725 0.2542141503 -0.9999622531 -0.001553300432 -0.008548658067 0.0007790052694 0.9638997652 -0.2662642216 0.008653637834 -0.2662608304 -0.963862171 1.262312291e-05 -0.1515331446 0
0.2773615105 0.0664169873 -0.1165833637 -0.001559472898 0.07024906704 0.5034875432 -0.0002004695183 0.01767346236 0.2541772252 -0.999958628 -0.001663532623 -0.008942870212 0.0008344069903 0.9622150472 -0.2722893806 0.00905792655 -0.2722855774 -0.9621738504 1.324046745e-05 -0.1550558737 0
0.2845631134 0.06814148313 -0.1196104134 -0.001641155453 0.07204733149 0.5031464318 -0.0002110040626 0.01813070545 0.2541339906 -0.9999541729 -0.00179570196 -0.009403596546 0.0009008513476 0.9602437568 -0.2791614514 0.00953103564 -0.2791571295 -0.9601981339 1.396522042e-05 -0.1590818499 0
0.2917647162 0.06986597895 -0.1226374632 -0.001724895301 0.07384362522 0.5027967289 -0.0002218074522 0.01858782095 0.2540896527 -0.9999493682 -0.001934627932 -0.009875130501 0.0009707121955 0.9582236274 -0.2860184219 0.0100159226 -0.2860135262 -0.9581732328 1.47106141e-05 -0.163107826 0
0.2989663191 0.07159047478 -0.1256645129 -0.001810689693 0.07563789936 0.5024384461 -0.0002328795979 0.01904480568 0.2540442121 -0.9999441964 -0.002080470794 -0.01035739686 0.001044072613 0.956154786 -0.292859924 0.0105125611 -0.2928543952 -0.956099257 1.547680129e-05 -0.1671338022 0
0.306167922 0.0733149706 -0.1286915627 -0.00189853581 0.07743010508 0.5020715952 -0.0002442204083 0.01950165646 0.253997669 -0.9999386394 -0.002233390003 -0.01085031863 0.001121015427 0.954037363 -0.2996855908 0.01102092418 -0.2996793653 -0.953976319 1.626393822e-05 -0.1711597783 0
0.3133695249 0.07503946643 -0.1317186124 -0.001988430767 0.07922019367 0.5016961882 -0.0002558297898 0.01995837012 0.2539500239 -0.9999326786 -0.002393544198 -0.01135381705 0.001201623209 0.9518714916 -0.3064950565 0.01154098424 -0.3064880659 -0.9518045341 1.707218448e-05 -0.1751857545 0
0.3205711278 0.07676396225 -0.1347456621 -0.002080371612 0.08100811645 0.5013122375 -0.0002677076467 0.02041494346 0.2539012771 -0.9999262952 -0.002561091188 -0.01186781161 0.001285978264 0.949657308 -0.3132879563 0.01207271305 -0.3132801272 -0.9495840202 1.790170303e-05 -0.1792117306 0
0.3277727306 0.07848845808 -0.1377727119 -0.002174355327 0.08279382484 0.5009197556 -0.0002798538809 0.0208713733 0.2538514292 -0.9999194698 -0.002736187927 -0.01239222002 0.00137416263 0.9473949518 -0.3200639265 0.01261608174 -0.3200551807 -0.9473148979 1.875266012e-05 -0.1832377068 0
0.3349743335 0.08021295391 -0.1407997616 -0.002270378826 0.08457727035 0.5005187554 -0.0002922683922 0.02132765646 0.2538004805 -0.9999121828 -0.0029189905 -0.01292695827 0.001466258069 0.945084565 -0.3268226048 0.01317106081 -0.3268128584 -0.9449972903 1.962522531e-05 -0.1872636829 0
0.341275736 0.08172188775 -0.1434484301 -0.002356070171 0.08613589083 0.500160903 -0.0003033510801 0.02172678141 0.2537549978 -0.999905412 -0.003085385967 -0.01340326056 0.001550113942 0.9430236909 -0.3327219793 0.01366616797 -0.3327112844 -0.9429297095 2.040658104e-05 -0.1907864121 0
0.3484773389 0.08344638358 -0.1464754799 -0.002455909715 0.087914963 0.4997439668 -0.0003162683331 0.02218278097 0.2537019863 -0.9998972047 -0.003283054561 -0.01395713476 0.001649762035 0.9406236412 -0.3394472622 0.0142428348 -0.3394353946 -0.9405215333 2.132012976e-05 -0.1948123882 0
0.3556789418 0.0851708794 -0.1495025296 -0.0025577798 0.08969163332 0.4993185509 -0.0003294535626 0.0226386247 0.2536478753 -0.9998884767 -0.003488872711 -0.01452108761 0.001753554682 0.9381759871 -0.3461542176 0.0148310237 -0.3461410768 -0.9380652406 2.22557921e-05 -0.1988383644 0
0.3628805447 0.08689537523 -0.1525295793 -0.002661677084 0.09146585361 0.4988846693 -0.00034290666 0.02309430943 0.2535926653 -0.9998792067 -0.003702992955 -0.0150950284 0.001861572523 0.9356808823 -0.3528424877 0.01543070274 -0.3528279672 -0.9355609649 2.32137501e-05 -0.2028643405 0
0.3700821476 0.08861987105 -0.1555566291 -0.002767598157 0.0932375758 0.4984423363 -0.0003566275141 0.02354983196 0.2535363567 -0.999869373 -0.003925566868 -0.01567886474 0.001973895895 0.9331384837 -0.359511716 0.01604183935 -0.3594957025 -0.933008842 2.419418889e-05 -0.2068903167 0
0.3772837504 0.09034436688 -0.1585836788 -0.002875539542 0.0950067519 0.4979915663 -0.0003706160118 0.02400518912 0.2534789501 -0.9998589536 -0.004156745051 -0.01627250252 0.002090604828 0.9305489512 -0.3661615474 0.01666440036 -0.366143921 -0.9304090105 2.519729676e-05 -0.2109162928 0
0.3844853533 0.09206886271 -0.1616107286 -0.002985497699 0.09677333401 0.4975323741 -0.0003848720377 0.02446037774 0.2534204458 -0.999847926 -0.004396677108 -0.01687584599 0.002211779033 0.9279124475 -0.3727916278 0.01729835197 -0.3727722615 -0.9277616117 2.622326506e-05 -0.214942269 0
0.3916869562 0.09379335853 -0.1646377783 -0.003097469021 0.09853727433 0.4970647748 -0.0003993954741 0.02491539462 0.2533608445 -0.9998362672 -0.00464551163 -0.01748879767 0.002337497904 0.9252291383 -0.3794016048 0.01794365976 -0.3793803643 -0.9250667891 2.727228819e-05 -0.2189682451 0
0.3988885591 0.09551785436 -0.167664828 -0.003211449834 0.1002985252 0.4965887838 -0.0004141862011 0.0253702366 0.2533001466 -0.999823954 -0.004903396177 -0.01811125845 0.002467840505 0.9224991922 -0.3859911272 0.01860028871 -0.3859678707 -0.9223246891 2.834456358e-05 -0.2229942213 0
0.406090162 0.09724235018 -0.1706918778 -0.003327436401 0.1020570389 0.4961044166 -0.0004292440969 0.02582490049 0.2532383526 -0.9998109628 -0.005170477262 -0.01874312757 0.002602885572 0.9197227805 -0.3925598451 0.01926820316 -0.3925344229 -0.9195354605 2.944029166e-05 -0.2270201974 0
0.4123915645 0.09875128403 -0.1733405463 -0.003430567003 0.1035934558 0.4956737367 -0.0004426388198 0.02622258282 0.2531833842 -0.9997990204 -0.005411831614 -0.01930365034 0.002724969135 0.9172554412 -0.3982901332 0.01986185745 -0.3982626869 -0.9170563444 3.041845206e-05 -0.2305429266 0
0.4195931674 0.1004757799 -0.176367596 -0.003550304053 0.1053467095 0.4951737073 -0.0004581973202 0.02667690426 0.2531195365 -0.9997846927 -0.005696547382 -0.01995288275 0.002869042357 0.914392379 -0.4048189049 0.020550834 -0.4047889901 -0.9141791601 3.155870439e-05 -0.2345689027 0
0.4267947702 0.1022002757 -0.1793946458 -0.003672035746 0.1070970897 0.4946653481 -0.0004740226262 0.02713103849 0.2530545944 -0.9997696169 -0.005990874914 -0.02061122463 0.003018042504 0.9114833605 -0.4113258745 0.02125099015 -0.4112933175 -0.9112552894 3.2723002e-05 -0.2385948789 0
0.4339963731 0.1039247715 -0.1824216955 -0.003795758091 0.1088445494 0.4941486758 -0.0004901146071 0.02758498234 0.2529885582 -0.9997537677 -0.006294956498 -0.02127856891 0.003172046971 0.9085285681 -0.4178106977 0.02196228791 -0.4177753159 -0.9082848911 3.391155662e-05 -0.242620855 0
0.441197976 0.1056492673 -0.1854487452 -0.003921467032 0.1105890413 0.4936237074 -0.0005064731302 0.02803873264 0.2529214287 -0.9997371197 -0.006608933289 -0.02195480689 0.003331132793 0.9055281873 -0.4242730319 0.02268468865 -0.4242346333 -0.9052681265 3.512458281e-05 -0.2466468312 0
0.4483995789 0.1073737632 -0.188475795 -0.004049158449 0.1123305186 0.49309046 -0.0005230980606 0.02849228623 0.2528532063 -0.9997196469 -0.00693294529 -0.02263982828 0.003495376641 0.9024824063 -0.4307125359 0.02341815315 -0.4306709191 -0.9022051594 3.636229797e-05 -0.2506728073 0
0.4556011818 0.109098259 -0.1915028447 -0.004178828157 0.1140689342 0.4925489512 -0.0005399892611 0.02894563993 0.2527838917 -0.9997013232 -0.007267131343 -0.0233335212 0.003664854814 0.8993914163 -0.4371288701 0.02416264159 -0.4370838238 -0.899096156 3.762492228e-05 -0.2546987835 0
0.4628027846 0.1108227548 -0.1945298945 -0.004310471909 0.1158042414 0.4919991986 -0.0005571465924 0.02939879058 0.2527134854 -0.9996821219 -0.007611629101 -0.02403577222 0.003839643239 0.8962554111 -0.4435216964 0.02491811356 -0.4434729994 -0.8959412851 3.891267867e-05 -0.2587247596 0
0.4700043875 0.1125472506 -0.1975569442 -0.004444085392 0.1175363936 0.4914412203 -0.0005745699129 0.02985173503 0.2526419881 -0.9996620159 -0.007966575024 -0.02474646633 0.004019817459 0.8930745873 -0.4498906785 0.02568452804 -0.4498380989 -0.8927407181 4.022579279e-05 -0.2627507358 0
0.4772059904 0.1142717465 -0.2005839939 -0.004579664227 0.1192653442 0.4908750345 -0.0005922590788 0.0303044701 0.2525694004 -0.9996409781 -0.00833210435 -0.02546548697 0.004205452631 0.8898491443 -0.4562354814 0.02646184343 -0.4561787768 -0.8894946287 4.1564493e-05 -0.2667767119 0
0.4835073929 0.1157806803 -0.2032326625 -0.004699904424 0.1207755132 0.4903729039 -0.0006079550607 0.03070043905 0.2525049921 -0.9996217837 -0.008660729588 -0.02610136759 0.004372421879 0.8869904389 -0.4617670876 0.02715090338 -0.4617065659 -0.8866170963 4.275702584e-05 -0.2702994411 0
0.4907089958 0.1175051761 -0.2062597122 -0.004839156279 0.1224983358 0.4897913794 -0.000626142292 0.03115277303 0.2524303615 -0.9995989234 -0.009046463009 -0.026835681 0.004568497541 0.8836818821 -0.4680656579 0.02794854375 -0.4680005265 -0.8832861292 4.414432475e-05 -0.2743254172 0
0.4979105987 0.119229672 -0.2092867619 -0.004980360551 0.1242178236 0.4892017015 -0.0006445949432 0.03160488856 0.2523546422 -0.9995750506 -0.009443161729 -0.02757797732 0.004770248032 0.8803292946 -0.4743390958 0.02875696211 -0.4742690795 -0.879910153 4.555788106e-05 -0.2783513934 0
0.5051122015 0.1209541678 -0.2123138117 -0.005123512615 0.1259339306 0.4886038895 -0.0006633128623 0.03205678247 0.2522778349 -0.9995501366 -0.009850956123 -0.02832813411 0.004977746962 0.8769328866 -0.4805870727 0.02957611458 -0.4805118844 -0.876489351 4.699793331e-05 -0.2823773695 0
0.5123138044 0.1226786636 -0.2153408614 -0.005268607788 0.1276466108 0.487997963 -0.0006822958949 0.03250845163 0.2521999404 -0.9995241521 -0.01026997527 -0.02908602743 0.005191067528 0.8734928707 -0.4868092621 0.03040595668 -0.4867286025 -0.8730239088 4.84647226e-05 -0.2864033457 0
0.5195154073 0.1244031594 -0.2183679112 -0.005415641319 0.1293558184 0.4873839417 -0.0007015438843 0.03295989288 0.2521209591 -0.9994970678 -0.01070034694 -0.02985153186 0.005410282511 0.8700094622 -0.4930053392 0.03124644335 -0.4929188962 -0.8695140146 4.995849256e-05 -0.2904293218 0
0.5267170102 0.1261276553 -0.2213949609 -0.005564608397 0.1310615076 0.4867618458 -0.0007210566718 0.03341110306 0.2520408919 -0.999468854 -0.01114219757 -0.03062452053 0.005635464268 0.8664828793 -0.4991749808 0.03209752898 -0.4990824294 -0.8659598589 5.147948933e-05 -0.294455298 0
0.5339186131 0.1278521511 -0.2244220106 -0.005715504148 0.1327636329 0.4861316957 -0.0007408340964 0.03386207904 0.2519597394 -0.9994394806 -0.01159565227 -0.03140486509 0.005866684728 0.8629133426 -0.5053178656 0.03295916736 -0.5052188675 -0.8623616348 5.302796153e-05 -0.2984812741 0
0.5411202159 0.1295766469 -0.2274490604 -0.005868323637 0.1344621488 0.4854935119 -0.000760875995 0.03431281766 0.2518775023 -0.999408917 -0.01206083477 -0.03219243575 0.006104015389 0.8593010753 -0.5114336741 0.0338313117 -0.5113278774 -0.8587195375 5.460416021e-05 -0.3025072503 0
0.5483218188 0.1313011427 -0.2304761101 -0.006023061864 0.13615701 0.4848473154 -0.0007811822023 0.03476331579 0.2517941812 -0.9993771325 -0.01253786744 -0.03298710132 0.006347527309 0.8556463035 -0.5175220886 0.03471391466 -0.5174091274 -0.8550337648 5.620833885e-05 -0.3065332264 0
0.5546232213 0.1328100766 -0.2331247786 -0.006160027801 0.13763698 0.484275337 -0.0007991668179 0.0351573019 0.2517203868 -0.9993482952 -0.01296508702 -0.03368814951 0.006565726328 0.8524136908 -0.5228267314 0.03549473393 -0.5227071898 -0.8517730435 5.763514859e-05 -0.3100559556 0
0.5618248242 0.1345345724 -0.2361518284 -0.006318349975 0.139324867 0.4836141737 -0.0008199681509 0.03560734063 0.2516350353 -0.9993141375 -0.01346466376 -0.03449575946 0.00682101809 0.8486798409 -0.5288629325 0.03639681721 -0.5287355014 -0.8480059205 5.929248121e-05 -0.3140819317 0
0.5690264271 0.1362590682 -0.2391788781 -0.006478576173 0.1410089697 0.482945059 -0.0008410333053 0.03605712985 0.2515486021 -0.9992786686 -0.01397643469 -0.03531007925 0.00708269292 0.8449041505 -0.5348708367 0.03730921983 -0.534735108 -0.8441957038 6.097853583e-05 -0.3181079079 0
0.57622803 0.1379835641 -0.2422059278 -0.006640701158 0.1426892433 0.4822680149 -0.0008623621072 0.03650666642 0.2514610877 -0.9992418565 -0.01450051673 -0.03613097226 0.007350820133 0.8410868554 -0.5408501337 0.03823189225 -0.540705684 -0.8403426002 6.269357505e-05 -0.322133884 0
0.5834296329 0.1397080599 -0.2452329776 -0.006804719631 0.1443656433 0.4815830634 -0.0008839543808 0.0369559472 0.251372493 -0.9992036689 -0.01503702534 -0.03695830051 0.007625468582 0.8372281941 -0.5468005151 0.03916478439 -0.5466469052 -0.8364468188 6.443786379e-05 -0.3261598602 0
0.5906312357 0.1414325557 -0.2482600273 -0.006970626232 0.146038125 0.480890227 -0.0009058099481 0.03740496906 0.2512828187 -0.999164073 -0.01558607452 -0.03779192466 0.007906706652 0.8333284075 -0.5527216743 0.0401078456 -0.552558449 -0.8325085712 6.621166924e-05 -0.3301858363 0
0.5978328386 0.1431570515 -0.2512870771 -0.007138415541 0.1477066442 0.4801895283 -0.0009279286287 0.03785372888 0.2511920656 -0.9991230358 -0.01614777678 -0.03863170406 0.008194602255 0.8293877391 -0.558613307 0.04106102468 -0.5584399946 -0.8285280712 6.801526084e-05 -0.3342118125 0
0.6050344415 0.1448815474 -0.2543141268 -0.007308082079 0.1493711565 0.4794809902 -0.0009503102403 0.03830222354 0.2511002345 -0.9990805242 -0.01672224317 -0.03947749671 0.008489222829 0.8254064349 -0.5644751104 0.04202426988 -0.5642912225 -0.8245055348 6.984891023e-05 -0.3382377886 0
0.6122360444 0.1466060432 -0.2573411765 -0.007479620303 0.1510316179 0.4787646358 -0.0009729545983 0.03875044991 0.251007326 -0.9990365045 -0.01730958322 -0.0403291593 0.008790635328 0.8213847433 -0.5703067843 0.0429975289 -0.5701118152 -0.8204411805 7.171289127e-05 -0.3422637648 0
0.6194376473 0.148330539 -0.2603682263 -0.007653024613 0.1526879844 0.4780404885 -0.0009958615159 0.03919840486 0.2509133411 -0.9989909427 -0.01790990493 -0.04118654727 0.009098906221 0.8173229151 -0.5761080301 0.04398074892 -0.5759014566 -0.8163352289 7.360747997e-05 -0.3462897409 0
0.6257390498 0.1498394729 -0.2630168948 -0.007806279709 0.1541339117 0.4774004856 -0.001016120301 0.03959014036 0.2508302219 -0.9989497844 -0.01844591921 -0.04194134368 0.009374321159 0.81373609 -0.5811589266 0.04484919562 -0.5809417561 -0.8127085737 7.529057157e-05 -0.3498124701 0
0.6329406527 0.1515639687 -0.2660439445 -0.007983167624 0.1557824825 0.4766617906 -0.001039519008 0.04003757802 0.2507342208 -0.998901239 -0.01907086734 -0.04280907253 0.009695628982 0.8095996903 -0.5869023225 0.0458509482 -0.5866725181 -0.8085252297 7.724330109e-05 -0.3538384462 0
0.6401422555 0.1532884645 -0.2690709943 -0.008161905189 0.1574268329 0.4759153713 -0.001063179725 0.04048473532 0.2506371456 -0.9988510526 -0.0197090991 -0.04368210398 0.01002398355 0.8054238888 -0.5926144439 0.04686250687 -0.5923714297 -0.8043009354 7.922744374e-05 -0.3578644224 0
0.6473438584 0.1550129603 -0.272098044 -0.008342486572 0.1590669197 0.4751612521 -0.001087102257 0.04093160914 0.250538997 -0.99879919 -0.0203607165 -0.04456028856 0.01035944939 0.8012089456 -0.5982950002 0.04788381669 -0.5980381817 -0.8000359201 8.124328375e-05 -0.3618903985 0
0.6545454613 0.1567374562 -0.2751250937 -0.008524905882 0.1607026997 0.4743994576 -0.001111286408 0.04137819638 0.250439776 -0.998745616 -0.02102581994 -0.04544347558 0.01070209055 0.7969551232 -0.6039437034 0.04891482224 -0.6036724662 -0.7957304152 8.329110742e-05 -0.3659163747 0
0.6617470642 0.158461952 -0.2781521435 -0.008709157169 0.1623341297 0.4736300127 -0.001135731978 0.04182449393 0.2503394834 -0.9986902949 -0.02170450825 -0.04633151315 0.01105197054 0.7926626865 -0.6095602672 0.04995546753 -0.6092739775 -0.7913846546 8.537120306e-05 -0.3699423508 0
0.668948667 0.1601864478 -0.2811791932 -0.008895234424 0.1639611669 0.4728529424 -0.001160438766 0.04227049869 0.25023812 -0.998633191 -0.02239687864 -0.04722424818 0.01140915236 0.7883319027 -0.6151444078 0.05100569607 -0.6148424115 -0.7869988742 8.748386104e-05 -0.373968327 0
0.6761502699 0.1619109436 -0.284206243 -0.009083131582 0.1655837686 0.472068272 -0.001185406567 0.04271620756 0.2501356866 -0.9985742681 -0.0231030267 -0.04812152642 0.01177369849 0.7839630413 -0.6206958433 0.05206545084 -0.6203774658 -0.7825733121 8.962937371e-05 -0.3779943031 0
0.6833518728 0.1636354395 -0.2872332927 -0.009272842518 0.1672018922 0.4712760272 -0.001210635176 0.04316161745 0.2500321843 -0.9985134897 -0.02382304637 -0.04902319244 0.01214567088 0.779556374 -0.6262142944 0.05313467432 -0.6258788399 -0.7781082085 9.180803539e-05 -0.3820202793 0
0.6896532753 0.1651443733 -0.2898819612 -0.009440322593 0.1686140435 0.4705766199 -0.001232923989 0.0435511034 0.2499407435 -0.9984587577 -0.02446451525 -0.04981562652 0.01247728688 0.7756697428 -0.6310156634 0.05407796653 -0.6306646792 -0.774168997 9.374178979e-05 -0.3855430084 0
0.6968548782 0.1668688691 -0.292909011 -0.009633417652 0.1702236566 0.4697702428 -0.001258641051 0.04399594434 0.2498352391 -0.9983944013 -0.02521079168 -0.05072509675 0.01286334864 0.7711929298 -0.6364715227 0.05516478695 -0.6361020995 -0.7696304083 9.5983406e-05 -0.3895689846 0
0.7040564811 0.168593365 -0.2959360607 -0.00982830856 0.1718286701 0.4689563662 -0.001284618316 0.04444047741 0.2497286683 -0.9983280833 -0.02597120061 -0.05163850161 0.01325701181 0.7666791049 -0.6418936063 0.05626090781 -0.6415049859 -0.7650529807 9.825902826e-05 -0.3935949607 0
0.711258084 0.1703178608 -0.2989631104 -0.01002498897 0.1734290421 0.4681350164 -0.001310855572 0.04488469951 0.2496210319 -0.9982597663 -0.02674582953 -0.05255568133 0.01365833624 0.7621285483 -0.6472816433 0.05736626961 -0.6468730451 -0.7604369629 0.0001005689584 -0.3976209369 0
0.7184596868 0.1720423566 -0.3019901602 -0.01022345247 0.175024731 0.4673062204 -0.001337352601 0.04532860757 0.2495123309 -0.9981894126 -0.02753476424 -0.05347647505 0.01406738127 0.7575415427 -0.6526353652 0.05848081232 -0.6522059858 -0.7557826055 0.0001029135001 -0.401646913 0
0.7256612897 0.1737668524 -0.3050172099 -0.01042369261 0.176615695 0.466470005 -0.001364109185 0.04577219851 0.2494025662 -0.9981169843 -0.02833808882 -0.05440072085 0.01448420566 0.7529183728 -0.6579545058 0.05960447545 -0.6575035183 -0.751090161 0.0001052929589 -0.4056728892 0
0.7328628926 0.1754913483 -0.3080442596 -0.01062570287 0.1782018929 0.4656263974 -0.001391125104 0.04621546924 0.2492917387 -0.9980424432 -0.02915588565 -0.05532825576 0.01490886764 0.7482593257 -0.6632388011 0.06073719799 -0.6627653551 -0.7463598843 0.0001077076423 -0.4096988653 0
0.7400644955 0.1772158441 -0.3110713094 -0.01082947667 0.1797832833 0.4647754253 -0.001418400135 0.04665841669 0.2491798494 -0.997965751 -0.02998823536 -0.05625891577 0.01534142485 0.7435646902 -0.6684879896 0.06187891844 -0.6679912105 -0.7415920322 0.0001101578594 -0.4137248415 0
0.7472660984 0.1789403399 -0.3140983591 -0.01103500738 0.1813598251 0.4639171161 -0.001445934053 0.0471010378 0.2490668993 -0.997886869 -0.03083521685 -0.05719253586 0.01578193438 0.7388347575 -0.6737018121 0.06302957483 -0.6731808008 -0.7367868634 0.0001126439214 -0.4177508176 0
0.7544677012 0.1806648357 -0.3171254089 -0.01124228833 0.1829314776 0.4630514978 -0.001473726631 0.04754332949 0.2489528892 -0.9978057583 -0.03169690725 -0.05812895 0.01623045278 0.7340698208 -0.6788800119 0.06418910468 -0.6783338442 -0.731944639 0.0001151661411 -0.4217767938 0
0.7607691038 0.1821737696 -0.3197740774 -0.01142508959 0.1843026306 0.4622881083 -0.001498257139 0.04793006208 0.2488522618 -0.9977329275 -0.03246301156 -0.05895047309 0.01662952013 0.7298720191 -0.6833815148 0.06521092284 -0.6828125575 -0.727677502 0.0001174029912 -0.4252995229 0
0.7679707066 0.1838982654 -0.3228011271 -0.01163563401 0.1858650059 0.4614088616 -0.001526534086 0.04837172786 0.248736267 -0.9976475325 -0.03335248295 -0.05989167515 0.01709320548 0.7250422474 -0.688492238 0.06638692039 -0.6878963231 -0.7227665083 0.000119993856 -0.4293254991 0
0.7751723095 0.1856227612 -0.3258281769 -0.01184790913 0.1874223751 0.4605223873 -0.001555069029 0.04881305541 0.2486192152 -0.9975597959 -0.03425687517 -0.06083518851 0.01756505898 0.7201783261 -0.6935666135 0.06757160913 -0.692942743 -0.71781922 0.0001226217878 -0.4333514752 0
0.7823739124 0.1873472571 -0.3288552266 -0.01206190805 0.1889746982 0.4596287144 -0.001583861732 0.04925404168 0.2485011073 -0.9974696778 -0.03517625846 -0.06178084341 0.01804513494 0.7152805563 -0.6986043937 0.06876492475 -0.6979515432 -0.7128359057 0.0001252871063 -0.4373774514 0
0.7895755153 0.1890717529 -0.3318822763 -0.01227762382 0.1905219351 0.4587278718 -0.001612911958 0.04969468363 0.2483819444 -0.9973771385 -0.03611070125 -0.06272846918 0.01853348704 0.7103492409 -0.7036053338 0.06996680247 -0.7029224518 -0.707816836 0.0001279901328 -0.4414034275 0
0.7967771182 0.1907962487 -0.3349093261 -0.01249504944 0.192064046 0.4578198887 -0.001642219468 0.05013497819 0.2482617274 -0.9972821377 -0.03706027017 -0.06367789425 0.01903016841 0.705384685 -0.7085691913 0.07117717704 -0.7078551988 -0.7027622834 0.0001307311905 -0.4454294037 0
0.803978721 0.1925207445 -0.3379363758 -0.01271417785 0.1936009913 0.4569047948 -0.001671784021 0.05057492232 0.2481404574 -0.9971846351 -0.03802503 -0.06462894616 0.01953523154 0.7003871956 -0.713495726 0.07239598274 -0.7127495165 -0.6976725223 0.0001335106042 -0.4494553798 0
0.8111803239 0.1942452404 -0.3409634256 -0.01293500192 0.1951327314 0.4559826195 -0.001701605372 0.05101451299 0.2480181354 -0.9970845901 -0.0390050437 -0.0655814516 0.02004872837 0.6953570814 -0.7183847004 0.07362315341 -0.7176051393 -0.692547829 0.0001363287003 -0.453481356 0
0.8183819268 0.1959697362 -0.3439904753 -0.0131575145 0.1966592272 0.455053393 -0.001731683276 0.05145374714 0.2478947624 -0.996981962 -0.04000037238 -0.06653523637 0.02057071021 0.6902946532 -0.7232358796 0.07485862243 -0.7224218033 -0.6873884817 0.0001391858069 -0.4575073321 0
0.8255835297 0.197694232 -0.347017525 -0.01338170837 0.1981804395 0.4541171454 -0.001762017485 0.05189262175 0.2477703395 -0.9968767099 -0.0410110753 -0.06749012549 0.02110122777 0.6852002236 -0.7280490311 0.07610232271 -0.7271992473 -0.6821947605 0.0001420822539 -0.4615333083 0
0.8318849322 0.1992031659 -0.3496661935 -0.01357925146 0.1995071356 0.453292193 -0.001788769972 0.0522763397 0.2476606092 -0.9967824294 -0.04190809718 -0.06832642117 0.02157247199 0.6807165937 -0.7322291633 0.07719725961 -0.731347134 -0.6776222787 0.0001446491769 -0.4650560374 0
0.8390865351 0.2009276617 -0.3526932433 -0.01380657809 0.2010183368 0.4523428627 -0.001819584078 0.05271453198 0.2475342206 -0.9966721462 -0.04294777999 -0.0692829064 0.02211912859 0.6755630103 -0.7369703951 0.0784562112 -0.7360503429 -0.672364868 0.0001476202816 -0.4690820136 0
0.846288138 0.2026521575 -0.355720293 -0.01403556495 0.2025241432 0.4513865992 -0.001850653764 0.05315235599 0.2474067853 -0.9965591203 -0.04400299696 -0.07023998835 0.02267446331 0.6703783345 -0.741672945 0.07972319875 -0.7407135917 -0.667073899 0.0001506316838 -0.4731079897 0
0.8534897408 0.2043766533 -0.3587473428 -0.01426620463 0.2040245166 0.4504234334 -0.001881978775 0.05358980873 0.2472783042 -0.99644331 -0.04507380006 -0.07119748896 0.02323852448 0.6651628857 -0.7463365906 0.08099815348 -0.7453366273 -0.6617496589 0.0001536837197 -0.4771339659 0
0.8606913437 0.2061011492 -0.3617743925 -0.01449848964 0.2055194188 0.4494533967 -0.001913558853 0.05402688716 0.2471487785 -0.9963246736 -0.04616023938 -0.07215522942 0.02381135982 0.6599169854 -0.7509611119 0.08228100617 -0.7499191988 -0.656392437 0.0001567767268 -0.481159942 0
0.8678929466 0.207825645 -0.3648014422 -0.01473241246 0.2070088119 0.4484765203 -0.001945393737 0.05446358826 0.2470182093 -0.996203169 -0.04726236307 -0.07311303019 0.02439301641 0.6546409566 -0.7555462916 0.08357168717 -0.7544610573 -0.6510025239 0.0001599110445 -0.4851859182 0
0.8750945495 0.2095501408 -0.367828492 -0.01496796552 0.2084926581 0.4474928359 -0.001977483165 0.05489990904 0.2468865977 -0.9960787541 -0.04838021739 -0.07407071102 0.02498354072 0.6493351242 -0.760091915 0.08487012642 -0.7589619563 -0.6455802123 0.0001630870136 -0.4892118943 0
0.8822961523 0.2112746366 -0.3708555417 -0.01520514118 0.2099709199 0.4465023754 -0.002009826872 0.05533584647 0.2467539448 -0.9959513866 -0.04951384666 -0.07502809099 0.02558297858 0.6439998146 -0.7645977701 0.08617625343 -0.7634216514 -0.6401257967 0.0001663049764 -0.4932378705 0
0.8894977552 0.2129991325 -0.3738825915 -0.01544393178 0.2114435599 0.4455051709 -0.002042424593 0.05577139754 0.2466202517 -0.9958210242 -0.05066329327 -0.07598498847 0.02619137518 0.638635356 -0.7690636475 0.08748999728 -0.7678399005 -0.634639573 0.0001695652769 -0.4972638466 0
0.8966993581 0.2147236283 -0.3769096412 -0.01568432957 0.2129105412 0.4445012546 -0.002075276058 0.05620655927 0.2464855196 -0.9956876242 -0.05182859766 -0.07694122122 0.02680877509 0.6332420782 -0.7734893406 0.08881128666 -0.7722164637 -0.6291218392 0.0001728682605 -0.5012898228 0
0.9030007606 0.2162325621 -0.3795583097 -0.01589598994 0.2141894787 0.4436173476 -0.002104229028 0.05658700403 0.2463667776 -0.9955683738 -0.05286127766 -0.07777723582 0.02735642006 0.6284995799 -0.7773286978 0.08997354817 -0.7760115743 -0.6242682094 0.0001757936574 -0.5048125519 0
0.9102023635 0.217957058 -0.3825853595 -0.01613938024 0.2156457501 0.4426009344 -0.002137555533 0.05702142764 0.2462301005 -0.995429163 -0.05405641764 -0.07873172874 0.02799081902 0.6230531606 -0.7816784973 0.09130879174 -0.7803093379 -0.6186922027 0.0001791776085 -0.5088385281 0
0.9174039664 0.2196815538 -0.3856124092 -0.01638435525 0.2170962571 0.4415779034 -0.002171134999 0.05745545328 0.2460923877 -0.9952867914 -0.05526752081 -0.07968502944 0.02863434581 0.6175788791 -0.7859875332 0.09265137351 -0.7845647387 -0.6130855518 0.0001826052444 -0.5128645042 0
0.9246055693 0.2214060496 -0.3886394589 -0.01663090704 0.2185409634 0.4405482876 -0.002204967149 0.05788907797 0.2459536404 -0.9951412159 -0.05649462004 -0.08063695332 0.02928704249 0.6120770714 -0.7902556091 0.09400122061 -0.7887775456 -0.6074485608 0.0001860769165 -0.5168904804 0
0.9318071721 0.2231305454 -0.3916665087 -0.01687902766 0.2199798326 0.4395121203 -0.002239051705 0.05832229872 0.2458138597 -0.9949923933 -0.0577377462 -0.08158731517 0.02994895046 0.606548075 -0.7944825316 0.09535825973 -0.79294753 -0.6017815359 0.0001895929778 -0.5209164565 0
0.939008775 0.2248550413 -0.3946935584 -0.01712870909 0.2214128291 0.438469435 -0.002273388386 0.05875511256 0.2456730469 -0.9948402801 -0.05899692818 -0.08253592929 0.03062011049 0.6009922287 -0.79866811 0.09672241722 -0.7970744655 -0.5960847847 0.0001931537825 -0.5249424327 0
0.9462103779 0.2265795371 -0.3977206081 -0.01737994326 0.222839917 0.4374202654 -0.002307976909 0.05918751649 0.2455312032 -0.9946848328 -0.0602721929 -0.08348260942 0.03130056266 0.595409873 -0.802812156 0.09809361901 -0.8011581279 -0.5903586165 0.0001967596865 -0.5289684088 0
0.9534119808 0.2283040329 -0.4007476579 -0.01763272205 0.2242610609 0.4363646452 -0.002342816988 0.05961950756 0.2453883298 -0.994526008 -0.06156356527 -0.0844271688 0.03199034641 0.5898013497 -0.8069144847 0.09947179065 -0.8051982956 -0.5846033421 0.0002004110472 -0.532994385 0
0.9606135837 0.2300285287 -0.4037747076 -0.01788703732 0.2256762255 0.4353026087 -0.002377908338 0.06005108279 0.2452444279 -0.9943637619 -0.06287106818 -0.08536942019 0.03268950052 0.5841670022 -0.8109749134 0.1008568573 -0.8091947493 -0.578819274 0.0002041082232 -0.5370203611 0
0.9678151865 0.2317530246 -0.4068017574 -0.01814288085 0.2270853758 0.43423419 -0.002413250669 0.06048223921 0.2450994987 -0.9941980506 -0.06419472255 -0.08630917587 0.03339806309 0.5785071751 -0.8149932624 0.1022487439 -0.813147272 -0.5730067263 0.0002078515749 -0.5410463373 0
0.9741165891 0.2332619584 -0.4094504259 -0.01836799111 0.2283134212 0.4332941155 -0.002444380862 0.06085915521 0.2449718439 -0.9940501762 -0.06536618424 -0.08712926693 0.03402580268 0.5735341972 -0.8184746602 0.1034721796 -0.8165695234 -0.5678976329 0.0002111651703 -0.5445690664 0
0.9813181919 0.2349864542 -0.4124774756 -0.01862667786 0.2297112009 0.4322138234 -0.002480192996 0.0612895184 0.2448249919 -0.9938778494 -0.06672017188 -0.08806383569 0.0347521065 0.5678275297 -0.8224136353 0.1048766494 -0.820439099 -0.5620325375 0.0002149960773 -0.5485950426 0
0.9885197948 0.2367109501 -0.4155045254 -0.01888686902 0.2311028666 0.4311272487 -0.002516255269 0.06171945428 0.2446771162 -0.993701931 -0.06809035981 -0.08899536665 0.03548792463 0.5620963812 -0.8263100299 0.1062877208 -0.8242641331 -0.5561398738 0.0002188742037 -0.5526210187 0
