0.006636009848 0.005794630159 0.003333400467 -3.268511254e-06 0.001692171566 0.5099962569 -4.091193645e-07 0.0004214239951 0.2549995357 -0.9999999998 -8.325850973e-08 -1.903472948e-05 4.242477464e-08 0.9999782016 -0.006602745238 1.903486429e-05 -0.006602745237 -0.9999782015 3.71736526e-08 0.004433422621 0
0.01368102216 0.01194640536 0.00687225105 -1.389208895e-05 0.003488564746 0.5099840908 -1.749110353e-06 0.000870528929 0.2549980148 -0.9999999967 -7.334042619e-07 -8.090035713e-05 3.678693233e-07 0.9999073541 -0.01361187609 8.090284505e-05 -0.01361187608 -0.9999073509 7.708000704e-08 0.009140093897 0
0.02002153324 0.01748300304 0.01005721658 -2.975205371e-05 0.005105190389 0.509965928 -3.758789622e-06 0.001275430281 0.2549957336 -0.999999985 -2.300005215e-06 -0.0001732523747 1.151483088e-06 0.999801595 -0.01991910332 0.0001732638146 -0.01991910322 -0.99980158 6.397182633e-08 0.01337609805 0
0.02636204432 0.02301960072 0.0132421821 -5.157855848e-05 0.00672163517 0.5099409322 -6.529297736e-06 0.001680443744 0.2549925888 -0.9999999549 -5.250858091e-06 -0.000300332998 2.627160853e-06 0.9996560673 -0.02622493344 0.0003003674071 -0.02622493305 -0.9996560222 1.159610283e-08 0.01761210219 0
0.03270255539 0.0285561984 0.01642714763 -7.937067538e-05 0.008337841826 0.5099091047 -1.005954111e-05 0.002085418895 0.2549885816 -0.9999998932 -1.002388745e-05 -0.000462123198 5.013788338e-06 0.9994707945 -0.03252892436 0.0004622047062 -0.0325289232 -0.9994706877 8.229033096e-08 0.02184810634 0
0.0397475677 0.0347079736 0.01996599821 -0.0001172460652 0.01013327808 0.5098657298 -1.487228189e-05 0.002535311738 0.2549831185 -0.9999997669 -1.799655169e-05 -0.0006825692095 8.999931546e-06 0.9992183578 -0.03953066429 0.0006827471002 -0.03953066122 -0.9992181247 2.155287158e-07 0.02655477762 0
0.04608807878 0.04024457127 0.02315096373 -0.0001576280638 0.01174879404 0.5098194844 -2.000456801e-05 0.002940144097 0.2549772928 -0.9999995787 -2.805276251e-05 -0.0009175493128 1.402738181e-05 0.9989492845 -0.04582932203 0.0009178708686 -0.04582931559 -0.9989488632 3.634826805e-07 0.03079078177 0
0.05242858986 0.04578116895 0.02633592926 -0.0002039711661 0.0133638938 0.5097664122 -2.589529055e-05 0.003344914169 0.2549706061 -0.9999992945 -4.129084384e-05 -0.001187146581 2.064504164e-05 0.9986405801 -0.05212476733 0.001187685026 -0.05212475506 -0.9986398747 5.365696495e-07 0.03502678592 0
0.05876910094 0.05131776663 0.02952089478 -0.0002562734023 0.01497852017 0.5097065157 -3.254429025e-05 0.003749626045 0.2549630587 -0.9999988863 -5.814665244e-05 -0.001491320654 2.907049935e-05 0.9982922942 -0.05841655971 0.001492170645 -0.058416538 -0.9982911807 7.341340567e-07 0.03926279006 0
0.06581411325 0.05746954183 0.03305974537 -0.0003213733927 0.01677192472 0.5096319632 -4.082124786e-05 0.004199240519 0.2549536633 -0.9999982486 -8.164755367e-05 -0.001869789335 4.081645176e-05 0.9978589557 -0.06540262083 0.001871125998 -0.0654025826 -0.9978572048 9.819714371e-07 0.04396946134 0
0.07215462433 0.06300613951 0.03624471089 -0.0003862484132 0.01838536398 0.5095576684 -4.907064383e-05 0.004603835615 0.2549442993 -0.9999974701 -0.0001075687367 -0.002246803079 5.377079896e-05 0.9974273011 -0.07168525767 0.002248733824 -0.07168519713 -0.997424772 1.230369774e-06 0.04820546549 0
0.07849513541 0.06854273719 0.03942967642 -0.0004570748192 0.01999815205 0.509476558 -5.80779437e-05 0.005008375498 0.2549340749 -0.9999964573 -0.0001384586018 -0.002658235024 6.92067207e-05 0.9969562605 -0.0779628752 0.002660938679 -0.07796278297 -0.996952719 1.502756777e-06 0.05244146964 0
0.08483564649 0.07407933487 0.04261464194 -0.0005338496003 0.02161023184 0.5093886355 -6.784303208e-05 0.005412859004 0.2549229903 -0.9999951672 -0.0001747494574 -0.003104023601 8.733957903e-05 0.9964459098 -0.08423503574 0.003107711648 -0.08423489976 -0.9964410789 1.799181938e-06 0.05667747379 0
0.0918806588 0.08023111007 0.04615349253 -0.0006261274244 0.02340053152 0.5092829589 -7.958174889e-05 0.005862216836 0.2549096655 -0.9999933522 -0.0002219315727 -0.00363955776 0.0001109113603 0.9958328492 -0.09119717156 0.003644630706 -0.09119696896 -0.9958262045 2.156854907e-06 0.06138414506 0
0.09822116988 0.08576770775 0.04933845805 -0.0007154488628 0.02501092873 0.509180668 -9.094621304e-05 0.006266574994 0.2548967654 -0.9999913202 -0.000271039204 -0.004157651737 0.0001354418564 0.9952397882 -0.09745637836 0.004164274933 -0.09745609558 -0.995231113 2.504386689e-06 0.06562014921 0
0.104561681 0.09130430543 0.05252342358 -0.0008107076947 0.02662044028 0.5090715776 -0.0001030680733 0.006670869977 0.2548830056 -0.999988855 -0.0003268854514 -0.004709878033 0.0001633347036 0.9946076935 -0.1037087722 0.004718381815 -0.1037083857 -0.9945965552 2.876362333e-06 0.06985615336 0
0.110902192 0.09684090311 0.0557083891 -0.000911899872 0.02822900922 0.5089556924 -0.0001159471893 0.007075098986 0.2548683863 -0.9999858993 -0.000389897606 -0.005296154058 0.0001948021166 0.9939366668 -0.1099539194 0.005306912482 -0.1099534007 -0.9939225756 3.272965002e-06 0.07409215751 0
0.1179472043 0.1029926783 0.05924723969 -0.001031289247 0.03001513334 0.5088189677 -0.0001311452772 0.007524161326 0.2548511346 -0.9999819655 -0.0004688334712 -0.005987399935 0.0002342152813 0.9931455524 -0.1168839466 0.006001158722 -0.116883241 -0.9931275316 3.742764484e-06 0.07879882878 0
0.1242877154 0.108529276 0.06243220521 -0.001144992947 0.03162152559 0.5086887542 -0.0001456225481 0.007928241112 0.2548347011 -0.9999777696 -0.0005483702632 -0.006645264676 0.0002739217675 0.9923926984 -0.123112376 0.006662223309 -0.1231114594 -0.9923704869 4.192041374e-06 0.08303483293 0
0.1306282265 0.1140658737 0.06561717074 -0.001264615787 0.0332267984 0.5085517621 -0.0001608565877 0.008332245246 0.2548174086 -0.9999728822 -0.0006363927125 -0.007336889804 0.0003178570214 0.991601269 -0.1293322168 0.00735757532 -0.1293310417 -0.9915741766 4.666627237e-06 0.08727083708 0
0.1369687376 0.1196024713 0.06880213626 -0.001390152684 0.03483089504 0.5084079973 -0.0001768472225 0.008736170414 0.2547992573 -0.9999672313 -0.0007333216401 -0.008062171962 0.0003662291994 0.9907713914 -0.1355430404 0.008087165977 -0.1355415515 -0.9907386565 5.166772054e-06 0.09150684123 0
0.1440137499 0.1257542465 0.07234098685 -0.001536567869 0.03661177624 0.5082403226 -0.0001955017381 0.009184879433 0.2547780821 -0.9999599655 -0.0008519759119 -0.008907383348 0.0004254316342 0.9898043743 -0.1424328601 0.008937916367 -0.1424309474 -0.9897643855 5.752785866e-06 0.0962135125 0
0.150354261 0.1312908442 0.07552595237 -0.001674572177 0.03821320379 0.5080822801 -0.0002130890227 0.009588626741 0.2547581184 -0.9999524517 -0.0009690811936 -0.009703357302 0.0004838491064 0.9888937742 -0.148623246 0.009739617617 -0.1486208742 -0.9888462851 6.307768998e-06 0.1004495167 0
0.156694772 0.1368274419 0.0787109179 -0.001818473125 0.03981327904 0.5079174848 -0.0002314323098 0.009992284418 0.2547372965 -0.9999439292 -0.00109639034 -0.01053263479 0.0005473436797 0.9879451613 -0.1548032903 0.01057539041 -0.1548003753 -0.9878891663 6.889171961e-06 0.1046855208 0
0.1630352831 0.1423640396 0.08189588342 -0.001968264601 0.04141194548 0.5077459436 -0.0002505313913 0.01039584896 0.2547156167 -0.999934312 -0.001234316271 -0.01139509201 0.0006161185555 0.9869586881 -0.1609725704 0.01144517612 -0.1609690172 -0.9868930963 7.497296436e-06 0.1089215249 0
0.1700802954 0.1485158148 0.085434734 -0.002141600469 0.0431865206 0.5075474394 -0.0002726387553 0.01084414046 0.2546905221 -0.9999222337 -0.001400518642 -0.01239213556 0.0006989735061 0.9858183956 -0.1678141899 0.01245142209 -0.1678098014 -0.9857407533 8.204711645e-06 0.1136281962 0
0.1764208065 0.1540524125 0.08861969953 -0.002303806304 0.0447820277 0.5073616813 -0.0002933326823 0.01124749675 0.254667032 -0.9999100084 -0.001562204076 -0.01332421014 0.0007795569008 0.9847525228 -0.1739593662 0.01339280958 -0.1739540983 -0.9846626856 8.87029028e-06 0.1178642004 0
0.1827613176 0.1595890101 0.09180466505 -0.002471882052 0.04637595068 0.5071692009 -0.0003147817028 0.01165074883 0.2546426847 -0.9998963997 -0.001735776902 -0.01428904789 0.000866043985 0.9836493025 -0.1800924751 0.01436801235 -0.1800861924 -0.9835458929 9.563601156e-06 0.1221002045 0
0.1898063299 0.1657407853 0.09534351564 -0.00266550866 0.04814504997 0.5069474598 -0.0003394992557 0.01209868013 0.2546146272 -0.9998795351 -0.001943068422 -0.01539934058 0.0009693048263 0.9823799152 -0.1868923825 0.01549114758 -0.1868847952 -0.9822596895 1.036689451e-05 0.1268068758 0
0.196146841 0.171277383 0.09852848116 -0.002845952705 0.04973544427 0.5067408153 -0.000362541555 0.01250170044 0.2545884713 -0.9998626747 -0.002143059284 -0.0164328666 0.001068901511 0.981198439 -0.1929986547 0.01653751062 -0.1929897163 -0.9810614049 1.111990353e-05 0.1310428799 0
0.2024873521 0.1768139807 0.1017134467 -0.003032243643 0.05132407987 0.5065274749 -0.0003863381646 0.01290460535 0.2545614592 -0.9998441099 -0.002356185 -0.01749869232 0.001175010762 0.9799801857 -0.1990915744 0.01761746833 -0.1990810992 -0.979824648 1.190175821e-05 0.1352788841 0
0.2088278631 0.1823505784 0.1048984122 -0.003224373563 0.05291090083 0.5063074477 -0.0004108888152 0.01330739123 0.2545335912 -0.9998237311 -0.002582841222 -0.01859665893 0.001287824959 0.9787253506 -0.2051707326 0.01873094495 -0.2051585167 -0.9785495055 1.271283704e-05 0.1395148882 0
0.2158728755 0.1885023536 0.1084372628 -0.003444689512 0.054671839 0.5060551419 -0.000439051347 0.0137547871 0.2545016232 -0.9997988226 -0.002851028397 -0.01985411887 0.001421269743 0.9772884299 -0.2119087182 0.02000735843 -0.211894305 -0.9770877694 1.364878333e-05 0.1442215595 0
0.2222133865 0.1940389513 0.1116222283 -0.003649119088 0.0562546457 0.5058210292 -0.0004651929397 0.01415730981 0.2544719493 -0.9997742386 -0.003107535969 -0.02101939572 0.001548862844 0.9759570344 -0.2179574913 0.02119133785 -0.2179408411 -0.9757318879 1.452284349e-05 0.1484575637 0
0.2285538976 0.1995755489 0.1148071938 -0.003859361461 0.05783546425 0.5055802597 -0.0004920876814 0.0145597022 0.2544414204 -0.9997474783 -0.003378787192 -0.02221628927 0.001683748265 0.974589702 -0.2239912447 0.02240858549 -0.2239720886 -0.9743379079 1.542736583e-05 0.1526935678 0
0.2348944087 0.2051121466 0.1179921594 -0.004075407708 0.05941423906 0.5053328435 -0.0005197352679 0.01496196062 0.254410037 -0.9997184185 -0.00366516602 -0.02344462145 0.001826111053 0.9731866517 -0.2300095787 0.02365901594 -0.2299876247 -0.9729059273 1.636276696e-05 0.156929572 0
0.241939421 0.2112639218 0.12153101 -0.004322254947 0.06116596886 0.5050501541 -0.000551337394 0.01540875289 0.2543741646 -0.9996832796 -0.004001570152 -0.0248460851 0.001993284363 0.9715860888 -0.2366780488 0.02508719447 -0.2366526133 -0.9712703914 1.743883508e-05 0.1616362432 0
0.2482799321 0.2168005195 0.1247159755 -0.004550523411 0.06274024705 0.5047887411 -0.0005805732823 0.01581071655 0.2543409782 -0.9996489477 -0.004321132108 -0.02614018225 0.002152031744 0.9701083784 -0.2426625289 0.02640738666 -0.2426335962 -0.9697585204 1.844083203e-05 0.1658722474 0
0.2546204432 0.2223371172 0.127900941 -0.004784566423 0.06431230922 0.504520715 -0.0006105610146 0.01621253491 0.2543069384 -0.9996119141 -0.00465699636 -0.0274651347 0.002318819778 0.9685956671 -0.2486303616 0.02776048116 -0.2485975584 -0.96820897 1.947505887e-05 0.1701082515 0
0.2609609542 0.2278737148 0.1310859065 -0.005024374053 0.0658821002 0.5042460874 -0.0006413002518 0.01661420432 0.2542720455 -0.999572043 -0.005009533847 -0.02882074565 0.002493825363 0.9670481969 -0.2545811574 0.02914638304 -0.2545440816 -0.966621849 2.054196681e-05 0.1743442557 0
0.2680059665 0.23402549 0.1346247571 -0.005297575566 0.06762358169 0.503933217 -0.0006763359312 0.01706032454 0.2542322756 -0.9995242453 -0.005421244162 -0.0303626926 0.002698126408 0.9652883199 -0.2611727008 0.0307246335 -0.2611303691 -0.9648144522 2.17663084e-05 0.179050927 0
0.2743464776 0.2395620877 0.1378097226 -0.005549519246 0.06918839726 0.5036446911 -0.0007086605267 0.01746166753 0.2541955831 -0.9994779254 -0.005810183643 -0.0317823607 0.002891051559 0.9636682884 -0.2670862628 0.03217947337 -0.2670387083 -0.9631483841 2.290372672e-05 0.1832869311 0
0.2806869887 0.2450986854 0.1409946882 -0.005807195099 0.07075077071 0.5033496008 -0.0007417355176 0.01786285022 0.2541580388 -0.999428327 -0.006216928582 -0.03323204661 0.003092730954 0.9620142851 -0.2729815932 0.03366681063 -0.2729283148 -0.9614451003 2.407527941e-05 0.1875229353 0
0.2870274998 0.2506352831 0.1441796537 -0.006070592201 0.07231064732 0.5030479585 -0.0007755605299 0.01826386897 0.2541196431 -0.9993753025 -0.006641835639 -0.0347115354 0.003303332551 0.960326574 -0.2788583138 0.03518654096 -0.2787987755 -0.9597047203 2.52814488e-05 0.1917589394 0
0.2940725121 0.2567870583 0.1477185043 -0.006369952163 0.07404084876 0.5027051315 -0.0008140230662 0.01870924863 0.2540759833 -0.9993121848 -0.007135685058 -0.036390099 0.003548000057 0.9584121333 -0.2853657207 0.03691299232 -0.2852985539 -0.9577276054 2.666283238e-05 0.1964656107 0
0.3004130232 0.262323656 0.1509034698 -0.006645390489 0.07559527514 0.5023896995 -0.0008494301906 0.01910990929 0.2540357917 -0.9992514292 -0.00760008905 -0.03793177976 0.003777978618 0.9566541517 -0.2912019248 0.03850075514 -0.291127245 -0.9559093153 2.794369711e-05 0.2007016148 0
0.3067535343 0.2678602536 0.1540884353 -0.006926514531 0.07714703524 0.5020677563 -0.0008855861186 0.01951039465 0.2539947501 -0.9991867695 -0.008083741037 -0.03950256727 0.004017387069 0.9548633168 -0.297018361 0.04012057192 -0.2969355137 -0.9540543173 2.926072359e-05 0.204937619 0
0.3130940453 0.2733968513 0.1572734008 -0.007213312375 0.07869607484 0.5017393154 -0.0009224904413 0.01991070107 0.253952859 -0.9991180463 -0.008586982173 -0.04110222913 0.004266383668 0.9530399141 -0.3028146631 0.04177232903 -0.3027229525 -0.9521627416 3.061442206e-05 0.2091736231 0
0.3201390576 0.2795486265 0.1608122514 -0.007538616314 0.08041397348 0.5013667774 -0.0009643724834 0.02035527168 0.2539053175 -0.9990367242 -0.009169523921 -0.0429132083 0.004554481313 0.9509760672 -0.3092309434 0.04364493459 -0.3091285162 -0.9500182525 3.216217032e-05 0.2138802944 0
0.3264795687 0.2850852242 0.163997217 -0.007837351981 0.08195709237 0.5010246653 -0.00100285537 0.02075518838 0.2538616345 -0.9989588871 -0.009715222408 -0.04457304523 0.0048242281 0.949084869 -0.3149835523 0.04536373806 -0.3148706493 -0.9480498961 3.359499122e-05 0.2181162986 0
0.3328200798 0.2906218219 0.1671821825 -0.008141722859 0.08349732295 0.5006760998 -0.001042085325 0.0211549148 0.2538171035 -0.9988764734 -0.01028154585 -0.04626100708 0.005104039404 0.9471620223 -0.3207149082 0.04711411405 -0.3205906945 -0.9460453831 3.50661111e-05 0.2223523027 0
0.3391605909 0.2961584196 0.170367148 -0.008451716055 0.08503461154 0.5003210957 -0.001082061906 0.0215544473 0.2537717249 -0.9987893127 -0.01086881873 -0.04797684465 0.005394063056 0.9452078324 -0.3264246584 0.04889593978 -0.3262882503 -0.9440048542 3.657606503e-05 0.2265883069 0
0.3462056032 0.3023101948 0.1739059986 -0.008802731039 0.0867391944 0.4999191133 -0.00112735545 0.02199814046 0.2537203109 -0.9986866897 -0.01154630386 -0.04991571653 0.005728465502 0.9430001276 -0.33274306 0.05091247954 -0.3325920056 -0.9416955332 3.829999549e-05 0.2312949781 0
0.3525461143 0.3078467924 0.1770909641 -0.009124550172 0.08827009653 0.4995505661 -0.001168906744 0.02239725165 0.2536731448 -0.9985889366 -0.01217884981 -0.05168956668 0.006040522083 0.9409807941 -0.3384060539 0.05276028601 -0.3382407735 -0.9395794439 3.989371453e-05 0.2355309823 0
0.3588866253 0.3133833901 0.1802759296 -0.009451950005 0.0897978906 0.4991756278 -0.00121120323 0.02279615762 0.2536251328 -0.9984858902 -0.01283332737 -0.05349049209 0.006363233853 0.9389310985 -0.3440463654 0.05463914613 -0.3438658139 -0.9374277923 4.152796734e-05 0.2397669864 0
0.3652271364 0.3189199878 0.1834608952 -0.00978491668 0.09132252354 0.4987943144 -0.001254244428 0.02319485473 0.2535762754 -0.9983773698 -0.01351004324 -0.05531822752 0.006696737523 0.9368513659 -0.3496636555 0.05654892811 -0.3494667324 -0.9352407293 4.320331098e-05 0.2440029906 0
0.3722721487 0.325071763 0.1869997458 -0.01016139152 0.09301278826 0.4983631755 -0.001302940819 0.02363760215 0.2535209987 -0.9982501484 -0.01428839912 -0.05738016123 0.007080117096 0.934505724 -0.3558776809 0.05870701145 -0.355661206 -0.9327693141 4.511368057e-05 0.2487096618 0
0.3786126598 0.3306083607 0.1901847113 -0.01050606385 0.09453057405 0.4979684568 -0.001347552581 0.02403584643 0.2534703585 -0.9981294671 -0.01501304938 -0.05926360769 0.007436839953 0.9323636672 -0.3614452733 0.06068163033 -0.361209912 -0.9305080006 4.687762291e-05 0.252945666 0
0.3849531709 0.3361449584 0.1933696768 -0.01085625842 0.09604503453 0.497567414 -0.001392907515 0.02443387056 0.2534188747 -0.9980027342 -0.01576086311 -0.0611730151 0.007804761929 0.9301926129 -0.3669888127 0.06268674719 -0.3667332793 -0.9282117612 4.868442008e-05 0.2571816701 0
0.391293682 0.341681556 0.1965546423 -0.01121196041 0.09755611725 0.4971600641 -0.001439005108 0.02483167093 0.2533665478 -0.9978697591 -0.01653212813 -0.063108103 0.008184007964 0.9279929044 -0.3725079749 0.06472222137 -0.3722309204 -0.9258807569 5.053464849e-05 0.2614176743 0
0.3983386943 0.3478333312 0.2000934929 -0.01161362585 0.09923107286 0.4967000769 -0.00149109504 0.02527340451 0.2533074189 -0.9977144535 -0.01741693804 -0.06528797421 0.008618822015 0.9255155999 -0.3786113974 0.06701928987 -0.3783087689 -0.9232501774 5.264210224e-05 0.2661243456 0
0.4046792054 0.3533699289 0.2032784584 -0.01198090493 0.1007348532 0.4962794689 -0.001538758746 0.02567072061 0.2532533143 -0.997567665 -0.01823863521 -0.0672763395 0.009022371337 0.9232565455 -0.3840780494 0.06911838023 -0.383750835 -0.9208463206 5.458593118e-05 0.2703603497 0
0.4110197164 0.3589065266 0.206463424 -0.01235364387 0.1022350936 0.4958526083 -0.001587163462 0.0260678017 0.2531983685 -0.9974140277 -0.01908464861 -0.06928949015 0.009437614343 0.9209699318 -0.3895193399 0.07124737675 -0.3891659812 -0.9184082156 5.657501187e-05 0.2745963539 0
0.4180647287 0.3650583018 0.2100022745 -0.01277418261 0.1038978126 0.4953710074 -0.0016418149 0.02650872288 0.2531363318 -0.9972350444 -0.02005350833 -0.07155503475 0.009912847068 0.9183973658 -0.3955350984 0.07364782181 -0.3951507755 -0.9156592505 5.883889648e-05 0.2793030251 0
0.4244052398 0.3705948995 0.2131872401 -0.01315839591 0.10539041 0.4949310064 -0.001691782162 0.02690529596 0.2530796123 -0.997066291 -0.02095173003 -0.07361953778 0.01035314259 0.9160537597 -0.40092184 0.07583946052 -0.4005078456 -0.9131494083 6.092546206e-05 0.2835390293 0
0.4307457509 0.3761314971 0.2163722056 -0.01354801929 0.1068793069 0.4944848097 -0.001742488705 0.02730162281 0.2530220535 -0.9968900616 -0.02187508532 -0.07570789796 0.01080547174 0.9136837287 -0.4062822735 0.0780605339 -0.4058368202 -0.9106058579 6.305913797e-05 0.2877750334 0
0.437086262 0.3816680948 0.2195571711 -0.01394303631 0.1083644521 0.4940324363 -0.001793933955 0.0276976998 0.2529636563 -0.9967061503 -0.02282382656 -0.07781981019 0.01126993731 0.9112876453 -0.4116161027 0.08031088613 -0.4111373255 -0.9080287777 6.524052907e-05 0.2920110376 0
0.4441312743 0.38781987 0.2230960217 -0.01438824968 0.1100101511 0.493522578 -0.00185196102 0.02813748795 0.2528977877 -0.9964925424 -0.02390805762 -0.08019362702 0.01180036527 0.9085952332 -0.4175110221 0.08284542481 -0.4169929339 -0.9051262501 6.77209992e-05 0.2967177089 0
0.4504717854 0.3933564677 0.2262809872 -0.01479459819 0.1114872084 0.4930572277 -0.001904963843 0.02853302569 0.2528376223 -0.9962917298 -0.02491119691 -0.08235424396 0.01229077532 0.9061453912 -0.4227877326 0.08515706706 -0.4222321189 -0.9024789813 7.000512405e-05 0.300953713 0
0.4568122965 0.3988930654 0.2294659528 -0.01520628769 0.1129603557 0.4925857609 -0.001958703535 0.02892830238 0.2527766204 -0.9960825831 -0.02594047413 -0.08453744352 0.012793621 0.9036706801 -0.4280369437 0.08749749035 -0.4274416846 -0.8997987528 7.233886736e-05 0.3051897172 0
0.4631528075 0.4044296631 0.2326509183 -0.01562330081 0.1144295424 0.4921081976 -0.00201317949 0.02932331446 0.2527147828 -0.9958648891 -0.02699612021 -0.08674290781 0.01330899173 0.9011714877 -0.4332583762 0.08986653048 -0.4326212654 -0.8970857526 7.472284744e-05 0.3094257213 0
0.4701978198 0.4105814383 0.2361897689 -0.01609287103 0.1160572659 0.4915704458 -0.002074571098 0.02976190204 0.2526450949 -0.9956127205 -0.02820026088 -0.0892191463 0.01389642039 0.8983663705 -0.4390270536 0.09253215808 -0.438340746 -0.8940331035 7.743138957e-05 0.3141323926 0
0.4765383309 0.4161180359 0.2393747344 -0.0165210648 0.1175179264 0.4910800783 -0.002130599354 0.03015634369 0.2525814951 -0.9953762735 -0.0293123087 -0.09147055668 0.01443851162 0.8958167843 -0.4441889444 0.09496106341 -0.4434558349 -0.8912515464 7.992346876e-05 0.3183683967 0
0.482878842 0.4216546336 0.2425596999 -0.01695452671 0.1189744704 0.4905836778 -0.00218736193 0.03055050957 0.2525170617 -0.9951306043 -0.03045140938 -0.09374322408 0.01499338476 0.8932439451 -0.449322215 0.09741806201 -0.4485398156 -0.8884378172 8.246772696e-05 0.3226044009 0
0.4892193531 0.4271912313 0.2457446654 -0.01739323845 0.1204268483 0.4900812652 -0.002244858185 0.0309443961 0.2524517954 -0.9948754927 -0.03161777155 -0.09603681876 0.0155611154 0.8906482546 -0.4544266039 0.09990298155 -0.4535923315 -0.8855921133 8.506479413e-05 0.326840405 0
0.4962643654 0.4333430065 0.249283516 -0.01788683067 0.1220356549 0.4895160034 -0.002309602608 0.03138171583 0.2523783015 -0.9945806911 -0.03294594976 -0.09860939721 0.01620709463 0.8877378454 -0.4600639607 0.102696538 -0.4591689038 -0.8823929617 8.801313022e-05 0.3315470763 0
0.5026048765 0.4388796042 0.2524684815 -0.01833656441 0.1234790749 0.4890009684 -0.002368645595 0.0317750009 0.2523112794 -0.9943049154 -0.03417052427 -0.1009460767 0.01680220158 0.8850952462 -0.4651065374 0.1052398269 -0.4641538327 -0.8794804139 9.072376338e-05 0.3357830805 0
0.5089453875 0.4444162019 0.2556534471 -0.01879148973 0.1249181752 0.4884799879 -0.002428420212 0.03216799551 0.2522434268 -0.9940190025 -0.03542297388 -0.1033026406 0.01741037907 0.8824310651 -0.4701194465 0.107810488 -0.4691062014 -0.8765365198 9.348918167e-05 0.3400190846 0
0.5152858986 0.4499527995 0.2588384126 -0.01925158746 0.126352907 0.4879530841 -0.002488925783 0.03256069612 0.2521747444 -0.9937227261 -0.03670348424 -0.1056787481 0.01803168838 0.8797457164 -0.4751024445 0.1104083411 -0.4740256626 -0.8735614858 9.631002521e-05 0.3442550888 0
0.5223309109 0.4561045747 0.2623772632 -0.01976884997 0.1279418705 0.4873607151 -0.002557010656 0.03299668096 0.2520974584 -0.9933810986 -0.03815940299 -0.108341372 0.01873750369 0.8767376765 -0.4806037375 0.1133265145 -0.4794527156 -0.8702196243 9.951008215e-05 0.34896176 0
0.528671422 0.4616411724 0.2655622287 -0.02023980331 0.12936722 0.4868213794 -0.002619057097 0.03338874918 0.2520270269 -0.9930621948 -0.03949973675 -0.1107576092 0.01938672104 0.8740090133 -0.4855228106 0.1159811719 -0.4843015749 -0.8671795387 0.0001024500468 0.3531977642 0
0.5350119331 0.4671777701 0.2687471942 -0.02071586806 0.13078805 0.4862761901 -0.002681832338 0.03378051234 0.251955768 -0.9927322154 -0.04086867227 -0.1131923149 0.02004923815 0.871260489 -0.4904112442 0.1186624481 -0.4891164606 -0.8641089696 0.0001054474423 0.3574337683 0
0.5413524442 0.4727143678 0.2719321598 -0.02119702417 0.1322043125 0.4857251702 -0.00274533567 0.03417196687 0.2518836825 -0.9923909289 -0.04226637156 -0.1156451389 0.02072510159 0.8684925288 -0.4952688134 0.1213701549 -0.493897035 -0.8610081325 0.0001085029177 0.3616697725 0
0.5483974565 0.478866143 0.2754710103 -0.02173758877 0.1337725224 0.4851061156 -0.002816747987 0.03460655009 0.2518026192 -0.9919981773 -0.04385329578 -0.1183913199 0.02149176623 0.8653947431 -0.5006296461 0.1244094858 -0.499168135 -0.8575275231 0.0001119668004 0.3663764438 0
0.5547379676 0.4844027407 0.2786559759 -0.02222942655 0.1351789856 0.4845428631 -0.002881786033 0.03499734147 0.2517287915 -0.9916322553 -0.04531222424 -0.120881233 0.02219594193 0.8625871603 -0.5054213402 0.1271723646 -0.5038751763 -0.8543635037 0.0001151470287 0.3706124479 0
0.5610784786 0.4899393383 0.2818409414 -0.022726292 0.1365807332 0.4839738528 -0.002947549909 0.03538781322 0.2516541399 -0.9912542994 -0.04680038292 -0.1233881604 0.02291358564 0.859761481 -0.5101815004 0.1299610771 -0.508546871 -0.8511698999 0.000118387368 0.374848452 0
0.5674189897 0.495475936 0.2850259069 -0.02322816422 0.137977718 0.4833991088 -0.003014038874 0.03577796182 0.2515786652 -0.9908640737 -0.0483179096 -0.1259117429 0.02364472889 0.8569181406 -0.5149099214 0.1327754277 -0.5131828913 -0.8479469358 0.0001216884749 0.3790844562 0
0.574464002 0.5016277112 0.2885647575 -0.0237916465 0.1395242802 0.4827538089 -0.003088765 0.03621107695 0.25149384 -0.9904158115 -0.05003865438 -0.128734818 0.02447297683 0.8537386919 -0.5201262532 0.135932313 -0.5182917894 -0.8443317046 0.000125428443 0.3837911275 0
0.5808045131 0.5071643089 0.291749723 -0.02430401903 0.1409110564 0.48216704 -0.003156782229 0.03660053175 0.2514166303 -0.9899989052 -0.05161860562 -0.1312923732 0.02523270605 0.8508595061 -0.5247870153 0.1388001378 -0.5228514325 -0.8410475024 0.0001288600011 0.3880271316 0
0.5871450242 0.5127009066 0.2949346885 -0.02482133202 0.1422929245 0.4815746132 -0.003225522183 0.03698965244 0.2513386002 -0.9895689904 -0.05322831508 -0.1338654538 0.02600600921 0.847964027 -0.529415429 0.1416929806 -0.5273743978 -0.83773465 0.0001323543803 0.3922631358 0
0.5934855353 0.5182375042 0.2981196541 -0.02534356373 0.1436698383 0.4809765535 -0.003294984085 0.03737843549 0.2512597505 -0.989125828 -0.05486789577 -0.1364536932 0.02679290252 0.8450526983 -0.5340113084 0.1446106384 -0.5318603681 -0.8343933797 0.0001359122439 0.3964991399 0
0.6005305476 0.5243892794 0.3016585047 -0.02592956336 0.145193876 0.4803054668 -0.00337300975 0.03781001642 0.2511711796 -0.9886175964 -0.05672481608 -0.1393468452 0.02768318249 0.8417998416 -0.5390794635 0.1478813356 -0.5368010077 -0.8306478127 0.000139940691 0.4012058112 0
0.6068710587 0.5299258771 0.3048434702 -0.02646210676 0.14656018 0.4796955981 -0.003443993177 0.03819807519 0.2510906026 -0.9881456788 -0.05842780193 -0.141965874 0.0284988024 0.8388565182 -0.5436060707 0.1508507066 -0.5412078471 -0.8272473213 0.0001436347617 0.4054418153 0
0.6132115697 0.5354624748 0.3080284357 -0.02699949998 0.1479213873 0.4790801755 -0.003515696083 0.03858578543 0.2510092088 -0.9876597657 -0.06016097155 -0.1445989097 0.02932803874 0.8358987372 -0.5480995962 0.1538442502 -0.5455767212 -0.8238191476 0.0001473943894 0.4096778195 0
0.6195520808 0.5409990725 0.3112134012 -0.02754172047 0.1492774528 0.4784592246 -0.003588117659 0.03897314364 0.2509269992 -0.9871596156 -0.06192441275 -0.1472455789 0.03017089217 0.8329269493 -0.552559874 0.1568617565 -0.5499073233 -0.8203635323 0.0001512202432 0.4139138236 0
0.6265970931 0.5471508477 0.3147522518 -0.02814982163 0.1507781069 0.4777628272 -0.003669427967 0.03940312454 0.2508346994 -0.9865869011 -0.06391939469 -0.1502018563 0.03112336262 0.8296090852 -0.5574765485 0.1602423881 -0.5546738472 -0.8164920699 0.0001555496796 0.4186204949 0
0.6329376042 0.5526874454 0.3179372173 -0.02870215808 0.1521231697 0.4771302916 -0.003743364038 0.03978972813 0.2507507705 -0.9860558997 -0.06574700318 -0.1528760746 0.03199494811 0.8266092143 -0.5618661141 0.1633097851 -0.5589226588 -0.8129793205 0.0001595175466 0.4228564991 0
0.6392781153 0.558224043 0.3211221829 -0.0292592504 0.1534629514 0.4764923095 -0.003818016208 0.04017596884 0.2506660286 -0.9855099072 -0.06760511689 -0.1555627558 0.03288012819 0.8235967481 -0.5662219474 0.1664004807 -0.5631322622 -0.8094398898 0.000163553729 0.4270925032 0
0.6456186264 0.5637606407 0.3243071484 -0.02982107522 0.1547974076 0.4758489078 -0.003893383633 0.04056184321 0.2505804747 -0.9849486804 -0.06949379815 -0.1582615209 0.03377888775 0.820572143 -0.5705439027 0.1695142582 -0.5673023622 -0.8058740262 0.0001676589009 0.4313285074 0
0.6526636387 0.5699124159 0.327845999 -0.03045084685 0.1562738375 0.4751276934 -0.00397796306 0.04099015862 0.2504844636 -0.9843069318 -0.07162825165 -0.1612738591 0.03479341279 0.8171977901 -0.5753061709 0.1730008164 -0.5718891199 -0.8018812581 0.0001723019376 0.4360351786 0
0.6590041497 0.5754490136 0.3310309645 -0.03102258497 0.157596907 0.474472939 -0.004054837663 0.04137524819 0.2503971987 -0.9837127445 -0.07358164082 -0.1639968855 0.03572077307 0.8141490621 -0.5795561501 0.176162603 -0.5759748665 -0.7982604152 0.0001765549722 0.4402711828 0
0.6653446608 0.5809856113 0.33421593 -0.03159898174 0.158914515 0.4738128494 -0.004132424846 0.04175996062 0.2503091247 -0.9831025655 -0.07556575133 -0.1667308099 0.03666164107 0.8110896217 -0.5837718301 0.1793467865 -0.5800202089 -0.7946139235 0.0001808791002 0.4445071869 0
0.6723896731 0.5871373865 0.3377547806 -0.03224485707 0.1603720659 0.4730731931 -0.004219467505 0.04218697235 0.2502103172 -0.9824055366 -0.07780639397 -0.1697808194 0.03772285447 0.8076782399 -0.5884155395 0.1829107646 -0.584467301 -0.7905324954 0.0001857678929 0.4492138582 0
0.6787301842 0.5926739842 0.3409397461 -0.03283100926 0.1616780024 0.4724019317 -0.004298556137 0.04257087726 0.2501205388 -0.981760797 -0.0798554729 -0.1725364913 0.03869213215 0.8045976978 -0.5925584052 0.1861414954 -0.5884264169 -0.7868326986 0.0001902443356 0.4534498624 0
0.6850706953 0.5982105818 0.3441247117 -0.03342174441 0.1629783438 0.4717254218 -0.004378354598 0.04295439429 0.2500299544 -0.9810993076 -0.08193536608 -0.1753018663 0.03967480827 0.8015078784 -0.596666599 0.1893939231 -0.5923442551 -0.7831080547 0.0001947939851 0.4576858665 0
0.6914112064 0.6037471795 0.3473096772 -0.03401703781 0.1642730477 0.4710436919 -0.004458861987 0.04333752001 0.2499385652 -0.980420825 -0.08404609039 -0.1780765585 0.04067083972 0.7984092444 -0.6007400114 0.1926678198 -0.5962205407 -0.779358825 0.0001994175227 0.4619218707 0
0.6984562187 0.6098989547 0.3508485278 -0.03468379073 0.1657049444 0.4702801265 -0.004549144992 0.04376275211 0.249836079 -0.979646729 -0.08642751223 -0.1811700073 0.0417931477 0.7949565427 -0.6052251053 0.1963303828 -0.6004784595 -0.7751644989 0.0002046422753 0.4666285419 0
0.7047967298 0.6154355524 0.3540334933 -0.03528862513 0.1669876086 0.4695874702 -0.00463114601 0.04414504043 0.2497429941 -0.9789315728 -0.08860335147 -0.1839630994 0.04281721465 0.7918408211 -0.6092247534 0.1996488466 -0.6042661336 -0.7713642316 0.0002094240399 0.4708645461 0
0.7111372408 0.6209721501 0.3572184588 -0.03589793975 0.1682645051 0.4688896832 -0.0047138531 0.04452692675 0.2496491076 -0.9781986671 -0.0908100339 -0.1867643045 0.04385447793 0.7887177267 -0.613189312 0.2029880599 -0.6080114187 -0.7675402024 0.0002142818174 0.4751005502 0
0.7174777519 0.6265087478 0.3604034243 -0.03651170914 0.1695355924 0.4681867945 -0.00479726533 0.04490840765 0.2495544206 -0.9774477695 -0.09304755036 -0.1895732345 0.04490487841 0.7855877238 -0.6171186921 0.2063477884 -0.6117140522 -0.7636926794 0.0002192162924 0.4793365544 0
0.7245227642 0.632660523 0.3639422749 -0.03719886868 0.1709410485 0.4673998595 -0.004890771455 0.04533179568 0.2494482751 -0.9765920429 -0.09556982408 -0.1927028554 0.04608732113 0.7821024046 -0.62144331 0.2101045944 -0.6157777501 -0.7593904279 0.0002247898299 0.4840432257 0
0.7308632753 0.6381971206 0.3671272405 -0.0378219582 0.1721997376 0.4666862975 -0.00497566921 0.04571240949 0.2493519015 -0.9758023682 -0.09787237602 -0.1955268173 0.04716524408 0.7789593412 -0.6252981564 0.2135068571 -0.6193894919 -0.7554941954 0.0002298884734 0.4882792298 0
0.7372037864 0.6437337183 0.370312206 -0.03844942217 0.1734524907 0.4659677258 -0.005061269148 0.04609260727 0.2492547307 -0.9749939501 -0.100205693 -0.1983572945 0.04825609545 0.7758108136 -0.629117581 0.2169288972 -0.622957784 -0.7515753142 0.000235065949 0.4925152339 0
0.7435442975 0.649270316 0.3734971715 -0.03908123444 0.1746992677 0.4652441744 -0.005147570304 0.04647238563 0.2491567638 -0.9741665484 -0.1025697397 -0.2011938976 0.04935980016 0.7726572857 -0.632901516 0.2203704746 -0.6264823759 -0.7476340593 0.0002403229441 0.4967512381 0
0.7505893098 0.6554220912 0.3770360221 -0.03978831586 0.1760775178 0.4644344249 -0.005244281708 0.04689386553 0.2490469793 -0.9732246567 -0.1052324486 -0.2043523899 0.05060111743 0.7691480656 -0.6370641884 0.2242170699 -0.6303470353 -0.7432289826 0.0002462581504 0.5014579094 0
0.7569298209 0.6609586889 0.3802209876 -0.04042922112 0.1773115477 0.4637004602 -0.005332060003 0.04727274728 0.2489473353 -0.9723563918 -0.1076612252 -0.2072006466 0.05173169288 0.7659855046 -0.6407730009 0.2276990982 -0.6337785633 -0.739241404 0.0002516852807 0.5056939135 0
0.7632703319 0.6664952865 0.3834059531 -0.04107439215 0.1785394781 0.4629616104 -0.005420536459 0.04765119906 0.2488468986 -0.9714683995 -0.1101205814 -0.2100538176 0.05287486325 0.7628193855 -0.6444461452 0.2311999083 -0.6371656321 -0.7352323168 0.0002571940735 0.5099299177 0
0.769610843 0.6720318842 0.3865909187 -0.04172380207 0.17976127 0.4622179063 -0.005509710078 0.04802921749 0.2487456705 -0.9705604425 -0.1126104562 -0.2129115135 0.05403053754 0.7596501707 -0.6480835742 0.2347192546 -0.6405080041 -0.7312020023 0.0002627852187 0.5141659218 0
0.7766558553 0.6781836594 0.3901297692 -0.04245030731 0.1811115701 0.4613859125 -0.005609608311 0.04844872563 0.2486322678 -0.9695278983 -0.1154126946 -0.2160915649 0.05532916966 0.7561257522 -0.652083223 0.238651079 -0.6441690436 -0.7266993228 0.0002690950283 0.5188725931 0
0.7829963664 0.6837202571 0.3933147348 -0.04310857703 0.1823202761 0.4606320621 -0.005700250402 0.04882581814 0.2485293723 -0.9685770177 -0.1179667679 -0.2189575357 0.05651092491 0.7529515188 -0.6556451218 0.2422087449 -0.6474162896 -0.7226251254 0.000274862297 0.5231085972 0
0.7893368775 0.6892568548 0.3964997003 -0.04377100099 0.183522724 0.4598734543 -0.005791586499 0.04920246684 0.2484256889 -0.9676054396 -0.1205511288 -0.2218268213 0.05770487634 0.7497756248 -0.6591711915 0.2457841748 -0.6506181198 -0.718530585 0.0002807140682 0.5273446014 0
0.7956773886 0.6947934525 0.3996846658 -0.04443755163 0.184718876 0.4591101206 -0.005883615571 0.04957866836 0.2483212187 -0.9666129303 -0.1231656903 -0.2246990337 0.05891091718 0.7465985299 -0.662661406 0.2493771177 -0.6537743096 -0.714415989 0.0002866510341 0.5315806055 0
0.8027224009 0.7009452277 0.4032235164 -0.0451829697 0.1860405039 0.4582564679 -0.005986681581 0.04999614151 0.2482042194 -0.9654853107 -0.1261060653 -0.2278933416 0.06026500684 0.743067574 -0.6664973439 0.2533895101 -0.657227389 -0.7098210446 0.0002933484249 0.5362872768 0
0.8090629119 0.7064818253 0.4064084819 -0.04585814106 0.1872232413 0.4574832617 -0.006080170181 0.050371388 0.2480980921 -0.9644478516 -0.1287840695 -0.2307704595 0.06149620192 0.739889449 -0.6699118005 0.257018596 -0.6602865035 -0.7056650584 0.0002994675211 0.540523281 0
0.815403423 0.712018423 0.4095934475 -0.04653735238 0.188399567 0.456705429 -0.0061743485 0.05074617691 0.2479911816 -0.9633887422 -0.1314919633 -0.2336492993 0.06273912985 0.7367115467 -0.6732903523 0.2606644069 -0.6632992994 -0.701489919 0.0003056739681 0.5447592851 0
0.8217439341 0.7175550207 0.412778413 -0.04722057546 0.1895694441 0.455923002 -0.006269215475 0.05112050492 0.2478834893 -0.9623077537 -0.134229634 -0.2365294749 0.06399366824 0.7335343223 -0.6766329939 0.2643266872 -0.6662655652 -0.6972959193 0.0003119684598 0.5489952893 0
0.8287889464 0.7237067959 0.4163172636 -0.04798438288 0.1908617002 0.4550482898 -0.006375429607 0.05153588031 0.2477629155 -0.9610807184 -0.137306269 -0.2397307681 0.06540106345 0.73000542 -0.6803049226 0.2684148907 -0.6695065909 -0.6926141575 0.0003190664462 0.5537019605 0
0.8351294575 0.7292433936 0.4195022291 -0.04867598193 0.1920178448 0.4542562706 -0.006471746889 0.05190922438 0.2476535764 -0.9599527961 -0.140106404 -0.2426124993 0.06667969401 0.7268311154 -0.6835717578 0.2721110944 -0.6723739474 -0.6883813094 0.0003255490906 0.5579379647 0
0.8414699686 0.7347799913 0.4226871946 -0.04937150402 0.1931674289 0.4534597588 -0.006568749473 0.05228209722 0.2475434592 -0.9588022921 -0.1429359257 -0.2454943703 0.0679695303 0.7236588962 -0.6868026972 0.2758229643 -0.6751941373 -0.6841305206 0.0003321219409 0.5621739688 0
0.8478104797 0.7403165889 0.4258721601 -0.05007092032 0.1943104169 0.4526587873 -0.006666436264 0.05265449552 0.2474325651 -0.9576289835 -0.1457946959 -0.2483759983 0.06927043459 0.7204892116 -0.6899977557 0.2795502401 -0.6779669628 -0.6798620894 0.0003387856926 0.566409973 0
0.854855492 0.7464683641 0.4294110107 -0.05085258156 0.1955726248 0.451763629 -0.006775778268 0.05306771083 0.2473084398 -0.9562982922 -0.1490052356 -0.251577058 0.07072869262 0.7169708568 -0.6935057625 0.2837094084 -0.6809920927 -0.6750990604 0.00034629732 0.5711166443 0
0.861196003 0.7520049618 0.4325959762 -0.05156012361 0.1967015731 0.4509533519 -0.00687490587 0.0534390965 0.2471959098 -0.9550761159 -0.151925272 -0.2544569209 0.07205249372 0.7138079907 -0.6966251435 0.2874683478 -0.6836642919 -0.6707943686 0.0003531552596 0.5753526484 0
0.8675365141 0.7575415595 0.4357809418 -0.05227146923 0.1978238172 0.4501387189 -0.006974714226 0.05380999738 0.2470826067 -0.9538304518 -0.1548740885 -0.2573353569 0.07338691074 0.7106490461 -0.6997087212 0.2912418763 -0.6862885326 -0.6664729698 0.000360106266 0.5795886526 0
0.8738770252 0.7630781572 0.4389659073 -0.05298658897 0.198939323 0.4493197639 -0.007075202211 0.0541804102 0.2469685319 -0.9525610838 -0.1578515221 -0.2602119878 0.07473179085 0.7074944648 -0.7027565309 0.2950297291 -0.6888646306 -0.6621351673 0.0003671510358 0.5838246567 0
0.8809220375 0.7692299324 0.4425047579 -0.05378555692 0.2001708298 0.4484047859 -0.007187651246 0.05459140358 0.2468408787 -0.9511226133 -0.1611931391 -0.2634056688 0.07623818324 0.7039950269 -0.7061010845 0.2992549312 -0.6916702783 -0.6572965177 0.0003750893747 0.588531328 0
0.8872625486 0.7747665301 0.4456897234 -0.05450854696 0.2012719995 0.4475768178 -0.007289570273 0.05496077529 0.246725179 -0.9498025018 -0.1642304243 -0.2662772527 0.07760463406 0.7008510992 -0.7090735205 0.3030721504 -0.6941441525 -0.6529250855 0.0003823343781 0.5927673321 0
0.8936030597 0.7803031277 0.4488746889 -0.05523521863 0.2023663268 0.4467446334 -0.007392165379 0.05532964876 0.2466087115 -0.9484580254 -0.1672957812 -0.2691458631 0.07898104953 0.6977128966 -0.7120103284 0.3069028639 -0.6965693329 -0.6485381998 0.0003896753136 0.5970033363 0
0.900648072 0.7864549029 0.4524135395 -0.05604691306 0.2035741809 0.4458150811 -0.007506951466 0.05573891987 0.2464784045 -0.946935333 -0.1707344288 -0.2723292675 0.08052188312 0.6942332461 -0.7152317291 0.3111747121 -0.6992066611 -0.6436461323 0.00039794527 0.6017100076 0
0.9069885831 0.7919915006 0.455598505 -0.05678125834 0.2046539554 0.4449741089 -0.007610970042 0.05610673084 0.2463603207 -0.9455387371 -0.1738584255 -0.2751903789 0.08191878064 0.6911085493 -0.7180935082 0.3150330302 -0.7015284891 -0.6392276346 0.0004054910197 0.6059460117 0
0.9133290941 0.7975280983 0.4587834706 -0.05751919142 0.2057267863 0.444129028 -0.007715661073 0.05647403346 0.2462414733 -0.9441171339 -0.1770098914 -0.2780473626 0.08332511006 0.6879909174 -0.7209198455 0.3189040036 -0.7038011054 -0.6347946444 0.0004131348722 0.6101820159 0
0.9196696052 0.803064696 0.4619684361 -0.05826068187 0.2067926416 0.4432798733 -0.007821023379 0.05684082451 0.2461218636 -0.9426703213 -0.180188621 -0.2808998509 0.08474069297 0.684880776 -0.7237108108 0.3227873608 -0.7060243506 -0.6303474725 0.0004208775257 0.61441802 0
0.9267146175 0.8092164712 0.4655072867 -0.05908869519 0.2079687059 0.4423316325 -0.007938878462 0.0572477662 0.2459880716 -0.9410329418 -0.1837522613 -0.2840635649 0.0863241944 0.6814343629 -0.7267704882 0.327116395 -0.708436529 -0.6253899172 0.0004295972007 0.6191246913 0
