0.00562787487 0.004485697665 -0.004546366156 -2.145814782e-06 0.001435101898 0.5099973078 -2.699516186e-07 0.0003572974609 0.2549996663 -0.9999999999 -4.62383515e-08 -1.249655221e-05 2.373916234e-08 0.9999843216 -0.005599687638 1.24966152e-05 -0.005599687638 -0.9999843215 2.669250532e-08 -0.006046666988 0
0.01025574974 0.00817434533 -0.008284902312 -7.125832117e-06 0.002615178699 0.5099910597 -9.001123878e-07 0.0006520006821 0.2549988874 -0.9999999991 -2.817662291e-07 -4.14979435e-05 1.417009834e-07 0.999947936 -0.01020418138 4.149865814e-05 -0.01020418138 -0.9999479351 5.922675558e-08 -0.01101892008 0
0.01554474959 0.01238994266 -0.01255751506 -1.637055383e-05 0.003963780619 0.5099794611 -2.075759053e-06 0.0009895164377 0.2549974339 -0.9999999955 -9.823286852e-07 -9.533259677e-05 4.922044103e-07 0.999880394 -0.0154660174 9.533638713e-05 -0.01546601738 -0.9998803895 7.244688789e-08 -0.01670149503 0
0.02017262446 0.01607859033 -0.01629605122 -2.756860868e-05 0.005143733984 0.5099654117 -3.503557113e-06 0.001285085797 0.2549956687 -0.9999999871 -2.147420223e-06 -0.0001605377733 1.074934388e-06 0.9997985861 -0.02006955754 0.0001605485365 -0.02006955745 -0.9997985733 5.841102498e-08 -0.02167374812 0
0.02546162431 0.02029418766 -0.02056866397 -4.391912536e-05 0.006492140617 0.5099448979 -5.590928575e-06 0.001622935597 0.2549930879 -0.9999999673 -4.31850738e-06 -0.000255736783 2.160661589e-06 0.999679147 -0.02532988495 0.0002557641164 -0.02532988468 -0.9996791143 1.89075836e-08 -0.02735632308 0
0.03075062416 0.02450978499 -0.02484127672 -6.405879785e-05 0.007840398763 0.5099196301 -8.163706798e-06 0.001960764414 0.2549899069 -0.9999999304 -7.607502772e-06 -0.0003729839369 3.805287521e-06 0.999532045 -0.03058906545 0.0003730421037 -0.03058906474 -0.9995319755 4.952937837e-08 -0.03303889804 0
0.03537849903 0.02819843265 -0.02857981287 -8.478887119e-05 0.009019978596 0.5098936216 -1.081275858e-05 0.002256328409 0.2549866316 -0.9999998781 -1.15847286e-05 -0.0004936523404 5.793934975e-06 0.99938065 -0.03518972046 0.0004937542602 -0.03518971903 -0.9993805281 1.212794428e-07 -0.03801115112 0
0.04066749889 0.03241402999 -0.03285242562 -0.0001120316393 0.01036787523 0.5098594421 -1.429473167e-05 0.002594071336 0.2549823265 -0.9999997872 -1.759475517e-05 -0.0006522062072 8.798847537e-06 0.9991817213 -0.04044610912 0.0006523841601 -0.04044610625 -0.9991815085 2.206855338e-07 -0.04369372608 0
0.04529537376 0.03610267765 -0.03659096178 -0.0001389758478 0.01154709132 0.5098256372 -1.773901038e-05 0.002889559125 0.2549780679 -0.9999996725 -2.430920885e-05 -0.0008089950687 1.215580672e-05 0.9989850059 -0.04504395551 0.0008092689264 -0.04504395059 -0.9989846784 3.217351792e-07 -0.04866597917 0
0.05058437361 0.04031827498 -0.04086357453 -0.0001733190829 0.01289451807 0.5097825493 -2.212957217e-05 0.003227219702 0.2549726394 -0.9999994906 -3.385437155e-05 -0.001008799537 1.692779033e-05 0.998734319 -0.0502967166 0.001009225482 -0.05029670805 -0.9987338097 4.526800949e-07 -0.05434855413 0
0.05587337346 0.04453387231 -0.04513618728 -0.0002114479224 0.01424164993 0.5097347118 -2.700457826e-05 0.003564840468 0.2549666119 -0.9999992418 -4.561729341e-05 -0.001230576343 2.280822648e-05 0.9984560621 -0.05554720169 0.001231210323 -0.05554718765 -0.998455304 5.997662654e-07 -0.06003112908 0
0.06050124833 0.04822251998 -0.04887472344 -0.0002479152155 0.01542012419 0.509688959 -3.166754904e-05 0.003860227497 0.2549608465 -0.9999989577 -5.79105919e-05 -0.001442637737 2.895351328e-05 0.9981899924 -0.0601393227 0.001443509255 -0.06013930178 -0.9981889504 7.415569674e-07 -0.06500338217 0
0.06579024818 0.05243811731 -0.05314733619 -0.0002931391611 0.01676662012 0.5096322199 -3.745070617e-05 0.004197778118 0.2549536962 -0.9999985428 -7.445378413e-05 -0.001705550773 3.722286148e-05 0.9978601171 -0.06538490133 0.001706769247 -0.06538486954 -0.9978586602 9.184903624e-07 -0.07068595713 0
0.07107924803 0.05665371464 -0.05741994894 -0.0003421454228 0.01811273262 0.5095707353 -4.37181252e-05 0.004535292359 0.254945947 -0.9999980148 -9.38775768e-05 -0.001990366018 4.693157294e-05 0.9975027573 -0.07062752289 0.001992025932 -0.07062747609 -0.9975007727 1.111292886e-06 -0.07636853209 0
0.0757071229 0.06034236231 -0.06115848509 -0.0003881275282 0.01929024236 0.5095130449 -4.959931834e-05 0.004830587478 0.2549386755 -0.9999974454 -0.0001134171188 -0.002257523534 5.66975978e-05 0.9971675491 -0.07521220521 0.002259659561 -0.07521214106 -0.9971649953 1.293041735e-06 -0.08134078517 0
0.08099612275 0.06455795964 -0.06543109784 -0.0004442219261 0.02063555304 0.5094426674 -5.677457534e-05 0.005168033138 0.2549298039 -0.9999966536 -0.0001388613465 -0.002583326435 6.941408216e-05 0.9967587525 -0.08044864543 0.002586124442 -0.08044855553 -0.9967554072 1.515730368e-06 -0.08702336013 0
0.08562399762 0.0682466073 -0.069169634 -0.0004964038596 0.02181231388 0.5093771986 -6.345003823e-05 0.005463267386 0.2549215503 -0.9999958212 -0.000164021498 -0.002886299343 8.198781228e-05 0.9963785967 -0.08502755623 0.002889793236 -0.08502743755 -0.9963744196 1.723760937e-06 -0.09199561322 0
0.09091299747 0.07246220464 -0.07344224675 -0.0005595809821 0.02315671465 0.5092979349 -7.153292827e-05 0.005800642003 0.2549115565 -0.9999946898 -0.0001962916721 -0.003252974642 9.811370041e-05 0.9959185041 -0.09025698633 0.003257414334 -0.09025682621 -0.9959131963 1.976678259e-06 -0.09767818818 0
0.09620199732 0.07667780197 -0.0777148595 -0.0006265331092 0.02450058597 0.509213935 -8.009980084e-05 0.006137977166 0.2549009643 -0.9999933431 -0.0002325306875 -0.003641396438 0.0001162215432 0.9954311173 -0.09548233966 0.003646961899 -0.09548212725 -0.9954244638 2.245906622e-06 -0.1033607631 0
0.1008298722 0.08036644963 -0.08145339565 -0.0006882114621 0.02567601492 0.5091365517 -8.799278029e-05 0.006433112044 0.2548912053 -0.9999919678 -0.0002676745873 -0.003999073765 0.0001337809073 0.9949823016 -0.1000509951 0.004005788727 -0.1000507265 -0.9949742739 2.494981225e-06 -0.1083330162 0
0.106118872 0.08458204696 -0.0857260084 -0.0007622366897 0.02701881079 0.5090436777 -9.746694281e-05 0.006770369608 0.2548794913 -0.999990147 -0.0003119686805 -0.004428163198 0.0001559103985 0.994443869 -0.1052680724 0.004436400085 -0.1052677256 -0.9944340221 2.795214979e-06 -0.1140155912 0
0.1107467469 0.08827069463 -0.08946454456 -0.0008301009578 0.02819325154 0.5089585334 -0.0001061536947 0.007065434325 0.2548687509 -0.9999883143 -0.0003545099554 -0.004821359923 0.0001771624822 0.9939504674 -0.1098291263 0.004831128467 -0.109828697 -0.9939387896 3.071682699e-06 -0.1189878443 0
0.1160357468 0.09248629196 -0.09373715731 -0.0009111921455 0.02953486414 0.5088567942 -0.000116534899 0.007402608965 0.2548559155 -0.9999859197 -0.000407656301 -0.005290965252 0.000203710254 0.9933611744 -0.1150371054 0.005302735057 -0.1150365635 -0.9933471045 3.40354399e-06 -0.1246704192 0
0.1213247466 0.09670188929 -0.09800977006 -0.0009960486904 0.03087580162 0.508750331 -0.0001273997502 0.007739737024 0.2548424821 -0.9999831749 -0.0004658484657 -0.005782112073 0.0002327758182 0.9927448378 -0.1202398972 0.005796175483 -0.1202392201 -0.9927280263 3.752553293e-06 -0.1303529942 0
0.1259526215 0.100390537 -0.1017483062 -0.001073385109 0.03204854404 0.5086533027 -0.0001373031737 0.008034684518 0.2548302374 -0.9999804607 -0.0005210826617 -0.00622949752 0.0002603614432 0.9921834063 -0.124787902 0.006245828881 -0.1247870857 -0.9921638841 4.072166367e-06 -0.1353252473 0
0.1312416213 0.1046061343 -0.106020919 -0.001165295343 0.03338813319 0.5085379897 -0.0001490746446 0.008371720585 0.254815683 -0.9999769712 -0.0005893416868 -0.006760899814 0.0002944488245 0.9915165274 -0.1299803415 0.00678014674 -0.1299793389 -0.9914935204 4.453896043e-06 -0.1410078222 0
0.1358694962 0.108294782 -0.1097594551 -0.001248799937 0.03455964878 0.5084332226 -0.0001597712303 0.008666584864 0.2548024576 -0.9999735523 -0.0006537290289 -0.007243428205 0.0003265995955 0.9909109699 -0.1345189317 0.007265531399 -0.1345177397 -0.9908845492 4.80247937e-06 -0.1459800753 0
0.1411584961 0.1125103793 -0.1140320679 -0.001347754996 0.03589778212 0.508309071 -0.0001724490176 0.009003522658 0.2547867827 -0.9999691947 -0.0007328414879 -0.007814898136 0.0003660990701 0.9901937783 -0.1397002053 0.007840641618 -0.1396987628 -0.9901630068 5.217721449e-06 -0.1516626503 0
0.1464474959 0.1167259766 -0.1183046806 -0.001450463436 0.03723509514 0.5081802102 -0.0001856100417 0.009340405404 0.2547705102 -0.9999643204 -0.0008180624221 -0.008407655789 0.0004086435885 0.989449853 -0.1448751926 0.008437470735 -0.1448734592 -0.9894142155 5.651180447e-06 -0.1573452252 0
0.1510753708 0.1204146243 -0.1220432168 -0.001543410054 0.03840454713 0.5080635969 -0.0001975222676 0.009635131186 0.2547557818 -0.999959601 -0.0008978158306 -0.008943734534 0.000448454208 0.9887770455 -0.1493979691 0.00897749127 -0.1493959444 -0.9887366972 6.045596741e-06 -0.1623174783 0
0.1563643706 0.1246302216 -0.1263158295 -0.00165314841 0.03974023985 0.5079259163 -0.0002115890989 0.009971905683 0.2547383895 -0.9999536516 -0.0009950868323 -0.009576244408 0.0004970035804 0.9879831927 -0.1545605508 0.009614969694 -0.1545581466 -0.9879369067 6.513891736e-06 -0.1680000533 0
0.1609922455 0.1283188693 -0.1300543657 -0.001752241651 0.04090822722 0.5078015913 -0.0002242937506 0.01026653384 0.2547226813 -0.9999479283 -0.001085723175 -0.01014701015 0.0005422361953 0.9872668162 -0.1590721207 0.01019051469 -0.1590693396 -0.9872148189 6.939190486e-06 -0.1729723064 0
0.1662812454 0.1325344666 -0.1343269784 -0.001868999341 0.0422421926 0.507655104 -0.0002392660281 0.01060319343 0.2547041695 -0.9999407573 -0.001195817981 -0.01081904879 0.000597173003 0.9864233089 -0.1642214939 0.01086854092 -0.1642182258 -0.9863641565 7.443250764e-06 -0.1786548813 0
0.1715702452 0.1367500639 -0.1385995912 -0.001989496117 0.04357519301 0.5075039256 -0.0002547210546 0.01093978899 0.2546850608 -0.9999328718 -0.001313066576 -0.01151207327 0.0006556717097 0.9855534366 -0.1693634957 0.01156814892 -0.1693596747 -0.9854864172 7.966782788e-06 -0.1843374563 0
0.1761981201 0.1404387116 -0.1423381273 -0.002097995419 0.04474075293 0.5073677995 -0.0002686401192 0.01123425606 0.2546678511 -0.9999253498 -0.001421698505 -0.01213562997 0.000709864329 0.9847707376 -0.1738565224 0.01219798483 -0.1738521587 -0.9846962151 8.441070382e-06 -0.1893097094 0
0.1814871199 0.1446543089 -0.1466107401 -0.002225493993 0.04607186221 0.5072078364 -0.0002849999935 0.01157072635 0.2546476236 -0.9999160003 -0.001552946161 -0.01286781362 0.0007753304184 0.9838516622 -0.1789840932 0.01293797248 -0.1789790355 -0.983767815 9.001886496e-06 -0.1949922843 0
0.1861149948 0.1483429566 -0.1503492762 -0.002340114567 0.04723572073 0.5070640304 -0.0002997106191 0.01186508084 0.2546294353 -0.9999071244 -0.001674159911 -0.01352552303 0.0008357833603 0.9830260467 -0.1834641463 0.01360308975 -0.1834584113 -0.9829333483 9.509251299e-06 -0.1999645374 0
0.1914039946 0.1525585539 -0.154621889 -0.002474602649 0.04856483231 0.5068952981 -0.0003169749218 0.01220141904 0.2546080896 -0.9998961416 -0.001820165327 -0.01429660736 0.0009085904006 0.9820580838 -0.1885764952 0.01438333923 -0.1885698997 -0.981954435 1.010839957e-05 -0.2056471124 0
0.1966929945 0.1567741513 -0.1588945017 -0.002612813211 0.04989283495 0.5067218955 -0.0003347214069 0.01253768401 0.2545861478 -0.9998842154 -0.00197434953 -0.01508832831 0.0009854640192 0.9810641824 -0.1936804042 0.01518501129 -0.193672848 -0.9809486446 1.072843505e-05 -0.2113296873 0
0.2013208694 0.1604627989 -0.1626330379 -0.002736798074 0.05105390383 0.5065663408 -0.0003506450199 0.01283185422 0.2545664597 -0.9998729653 -0.002116137282 -0.01579795019 0.001056146492 0.9801733171 -0.1981392261 0.01590401904 -0.1981307405 -0.9800465662 1.128834881e-05 -0.2163019404 0
0.2066098692 0.1646783963 -0.1669056507 -0.002881977994 0.0523797458 0.5063841942 -0.0003692952455 0.01316797657 0.2545434005 -0.999859129 -0.00228622978 -0.01662814898 0.001140926194 0.9791310445 -0.2032267108 0.01674575983 -0.2032170535 -0.9789905049 1.194840571e-05 -0.2219845154 0
0.2118988691 0.1688939936 -0.1711782634 -0.003030869227 0.05370439204 0.5061973913 -0.000388427272 0.01350402003 0.2545197455 -0.9998441961 -0.002465110354 -0.01747875038 0.001230071284 0.9780631191 -0.2083051177 0.01760881622 -0.2082941631 -0.9779077008 1.263027602e-05 -0.2276670903 0
0.2165267439 0.1725826413 -0.1749167996 -0.003164190287 0.05486245297 0.5060301232 -0.000405562913 0.01379799181 0.254498559 -0.9998301865 -0.002629004796 -0.0182396961 0.001311734947 0.9771077228 -0.2127411041 0.0183814453 -0.2127289035 -0.9769383482 1.324506837e-05 -0.2326393434 0
0.2218157438 0.1767982386 -0.1791894123 -0.003320029152 0.0561847761 0.5058346037 -0.0004255979378 0.01413388208 0.2544737876 -0.9998130461 -0.002824927641 -0.01912832081 0.00140934133 0.9759919811 -0.2178018977 0.01928436232 -0.2177881371 -0.9758055343 1.396874203e-05 -0.2383219184 0
0.2264436187 0.1804868863 -0.1829279485 -0.003459422895 0.05734075807 0.5056597166 -0.0004435234803 0.01442771678 0.2544516244 -0.9997970162 -0.003004054333 -0.01992240132 0.001498565071 0.9749949111 -0.2222221359 0.02009180727 -0.2222068834 -0.9747925011 1.46206371e-05 -0.2432941715 0
0.2317326185 0.1847024836 -0.1872005612 -0.003622194378 0.05866065246 0.5054554992 -0.0004644609899 0.01476344692 0.2544257372 -0.9997774634 -0.003217749508 -0.02084873601 0.001604989156 0.9738317355 -0.2272645484 0.02103444116 -0.2272474357 -0.9736098578 1.538732266e-05 -0.2489767464 0
0.2370216184 0.1889180809 -0.191473174 -0.003788656888 0.05997920844 0.5052466509 -0.0004858796068 0.01509908882 0.2543992551 -0.9997565373 -0.003441219069 -0.02179505003 0.001716260128 0.9726434238 -0.2322968459 0.02199819642 -0.2322776963 -0.9724007153 1.6177454e-05 -0.2546593214 0
0.2416494932 0.1926067286 -0.1952117101 -0.003937335797 0.06113182346 0.5050601144 -0.0005050154324 0.01539270155 0.2543755956 -0.9997370517 -0.003644933542 -0.02263938957 0.001817676272 0.9715831225 -0.2366916393 0.0228587741 -0.2366705527 -0.971321021 1.688833354e-05 -0.2596315745 0
0.2469384931 0.1968223259 -0.1994843229 -0.00411070661 0.06244778926 0.5048425988 -0.0005273357022 0.01572817269 0.2543479987 -0.9997133826 -0.003887279461 -0.0236229076 0.001938302216 0.9703479945 -0.2417043909 0.02386201353 -0.2416809026 -0.9700623411 1.772339593e-05 -0.2653141494 0
0.251566368 0.2005109736 -0.203222859 -0.004265423052 0.06359809193 0.5046484875 -0.0005472602264 0.01602163296 0.254323364 -0.9996913988 -0.004107822104 -0.02449965052 0.002048055072 0.9692469121 -0.2460817523 0.02475707068 -0.2460559878 -0.9689393884 1.847415193e-05 -0.2702864025 0
0.2568553678 0.2047265709 -0.2074954718 -0.00444568547 0.06491136261 0.5044223255 -0.0005704815771 0.01635692638 0.2542946531 -0.9996647606 -0.004369753877 -0.02552002612 0.002178380078 0.9679653905 -0.2510742069 0.02579963454 -0.2510456292 -0.9676313714 1.93554373e-05 -0.2759689775 0
0.2621443677 0.2089421682 -0.2117680845 -0.004629616355 0.06622315307 0.5041915609 -0.0005941832624 0.01669212218 0.2542653484 -0.9996364434 -0.004642418558 -0.02655991298 0.002314016826 0.966659304 -0.2560555317 0.02686310395 -0.2560239011 -0.966297126 2.02619135e-05 -0.2816515524 0
0.2667722425 0.2126308159 -0.2155066207 -0.004793561211 0.06736973213 0.5039858714 -0.0006153161259 0.01698533687 0.2542392197 -0.9996102353 -0.004889960177 -0.02748573752 0.002437131434 0.9654964271 -0.2604048955 0.02781075094 -0.2603703852 -0.9651081932 2.107604338e-05 -0.2866238055 0
0.2720612424 0.2168464132 -0.2197792334 -0.004984356816 0.06867866712 0.5037464942 -0.0006399179703 0.01732034429 0.254208802 -0.9995785862 -0.005183281638 -0.02856192584 0.002582984692 0.9641446255 -0.2653647853 0.02891328771 -0.265326732 -0.9637249333 2.203078064e-05 -0.2923063805 0
0.2766891173 0.2205350609 -0.2235177696 -0.005154300338 0.06982270203 0.5035332785 -0.0006618381998 0.01761339111 0.2541816999 -0.9995493556 -0.0054491995 -0.02951934988 0.00271518399 0.9629419484 -0.269695072 0.02989504254 -0.2696536859 -0.9624932083 2.288773272e-05 -0.2972786336 0
0.2819781171 0.2247506582 -0.2277903823 -0.005351942293 0.07112867736 0.5032853117 -0.000687339573 0.01794820321 0.25415017 -0.9995141277 -0.005763864642 -0.03063146097 0.002871584319 0.9615448936 -0.274632794 0.03103647113 -0.2745873184 -0.9610611542 2.389209497e-05 -0.3029612085 0
0.287267117 0.2289662556 -0.2320629951 -0.005553227897 0.07243303172 0.5030327735 -0.000713320429 0.01828290828 0.2541180474 -0.9994768875 -0.006090190691 -0.03176257171 0.003033742968 0.960123898 -0.2795583961 0.03219856811 -0.2795085151 -0.9596031691 2.492349046e-05 -0.3086437835 0
0.2918949918 0.2326549032 -0.2358015312 -0.005732337403 0.07357298889 0.502808058 -0.0007364468552 0.01857568588 0.254089454 -0.9994425937 -0.006385441939 -0.03276779038 0.003180427389 0.9588609963 -0.2838581946 0.03323231615 -0.2838041859 -0.9583062127 2.584845078e-05 -0.3136160366 0
0.2971839917 0.2368705006 -0.240074144 -0.00594043992 0.07487422446 0.502546967 -0.0007633262285 0.01891018496 0.2540562204 -0.9994013809 -0.006734146433 -0.03393421907 0.003353628906 0.9573954852 -0.2887605202 0.03443302376 -0.2887014654 -0.9567997861 2.693161173e-05 -0.3192986115 0
0.3018118665 0.2405591482 -0.2438126802 -0.006125505536 0.07601140742 0.5023147788 -0.0007872385585 0.01920277927 0.2540266553 -0.9993634952 -0.00704926972 -0.03497016294 0.0035101147 0.9560938496 -0.2930396389 0.03550047316 -0.292975867 -0.9554605475 2.790248807e-05 -0.3242708646 0
0.3071008664 0.2447747456 -0.2480852929 -0.00634040494 0.07730942082 0.5020451604 -0.0008150157604 0.0195370654 0.2539923117 -0.999318043 -0.007421014998 -0.03617149962 0.003694674945 0.954584323 -0.2979179749 0.03673960023 -0.2978484496 -0.9539059193 2.903884025e-05 -0.3299534396 0
0.3123898662 0.2489903429 -0.2523579057 -0.006558920938 0.0786056736 0.5017710044 -0.0008432715145 0.01987123511 0.2539573765 -0.9992702182 -0.007805316001 -0.03739128209 0.003885420226 0.9530515309 -0.3027832278 0.03799913741 -0.3027075429 -0.9523256843 3.020415166e-05 -0.3356360145 0
0.3170177411 0.2526789906 -0.2560964418 -0.006753084475 0.07973842751 0.5015274017 -0.0008683876999 0.02016353656 0.253926323 -0.999226363 -0.008152023615 -0.03847362731 0.004057464551 0.9516913696 -0.3070294352 0.03911793027 -0.3069480113 -0.9509220293 3.124788089e-05 -0.3406082676 0
0.322306741 0.2568945879 -0.2603690546 -0.006978365392 0.0810313003 0.5012447583 -0.0008975401815 0.02049748267 0.2538902791 -0.9991738752 -0.008560361037 -0.03972766579 0.00426004094 0.9501153568 -0.3118696216 0.04041558191 -0.3117812198 -0.9492939754 3.246861168e-05 -0.3462908426 0
0.3275957408 0.2611101852 -0.2646416673 -0.007207245447 0.08232232851 0.5009575993 -0.0009271706138 0.02083130668 0.2538536442 -0.999118784 -0.008981778577 -0.04099979489 0.004469050343 0.9485165115 -0.3166961557 0.04173347716 -0.3166003082 -0.9476405235 3.371950284e-05 -0.3519734175 0
0.3322236157 0.2647988329 -0.2683802035 -0.007410462993 0.08345044219 0.5007026372 -0.0009534891412 0.02112330097 0.2538211042 -0.9990683789 -0.009361389644 -0.04212764803 0.004657276993 0.9470989136 -0.3209080205 0.0429031947 -0.3208052559 -0.9461729777 3.483910636e-05 -0.3569456706 0
0.3375126155 0.2690144302 -0.2726528162 -0.007646074479 0.08473793345 0.5004070328 -0.0009840151459 0.02145689072 0.2537833621 -0.9990081834 -0.009807814158 -0.04343335342 0.004878574879 0.9454576761 -0.3257084313 0.04425888515 -0.3255972812 -0.9444721074 3.614769176e-05 -0.3626282456 0
0.3421404904 0.2727030779 -0.2763913524 -0.007855172188 0.08586290767 0.5001446933 -0.00101111696 0.021748677 0.2537498537 -0.998953183 -0.01020957838 -0.04459038674 0.00507768154 0.9440032276 -0.3298971406 0.04546157972 -0.3297782145 -0.9429631881 3.731843496e-05 -0.3676004987 0
0.3474294903 0.2769186752 -0.2806639651 -0.008097492451 0.08714676009 0.4998406719 -0.001042537754 0.02208202555 0.2537110054 -0.9988875865 -0.01068162884 -0.04592921047 0.005311557821 0.9423201559 -0.3346707503 0.04685484951 -0.3345424137 -0.9412151701 3.868622128e-05 -0.3732830736 0
0.3527184901 0.2811342725 -0.2849365779 -0.008343381244 0.08842863025 0.4995321733 -0.001074435443 0.02241524262 0.2536715674 -0.9988189855 -0.01116759564 -0.04728550614 0.005552258778 0.9406150056 -0.3394297921 0.04826807129 -0.3392914619 -0.9394421202 4.008620337e-05 -0.3789656486 0
0.357346365 0.2848229202 -0.288675114 -0.008561455965 0.08954861793 0.499258571 -0.001102736939 0.02270669816 0.2536365758 -0.9987564262 -0.01160436687 -0.04848649107 0.005768532991 0.939105017 -0.3435818549 0.04952095692 -0.3434342815 -0.9378702304 4.133794085e-05 -0.3839379017 0
0.3626353648 0.2890385175 -0.2929477268 -0.008814017555 0.09082669377 0.4989417006 -0.001135528173 0.02303966339 0.2535960331 -0.9986819551 -0.0121168865 -0.04987518094 0.006022243604 0.9373589147 -0.3483130742 0.05097141546 -0.3481543424 -0.9360504627 4.279946658e-05 -0.3896204766 0
0.3672632397 0.2927271652 -0.2966862629 -0.009037920426 0.09194331723 0.4986607861 -0.001164611156 0.02333089554 0.2535600753 -0.9986141226 -0.01257715075 -0.05110429925 0.006250021219 0.9358133508 -0.3524405052 0.05225678289 -0.3522714688 -0.9344378208 4.410573011e-05 -0.3945927297 0
0.3725522396 0.2969427625 -0.3009588757 -0.009297130543 0.09321749785 0.4983355743 -0.001198295095 0.02366360202 0.2535184289 -0.9985334668 -0.01311681283 -0.052524897 0.006517013845 0.9340268888 -0.3571432479 0.05374424726 -0.3569617909 -0.932571625 4.563034696e-05 -0.4002753047 0
0.3778412394 0.3011583599 -0.3052314884 -0.009559876398 0.09448955992 0.4980059264 -0.001232454792 0.02399616765 0.2534761944 -0.9984493817 -0.01367118781 -0.05396230966 0.006791199091 0.9322191484 -0.361830539 0.05525135161 -0.3616359467 -0.9306807885 4.718925017e-05 -0.4059578796 0
0.3824691143 0.3048470075 -0.3089700246 -0.00979267379 0.09560085393 0.4977138526 -0.001262734601 0.02428704551 0.2534387569 -0.9983729213 -0.01416846283 -0.05523372682 0.007037069824 0.9306200575 -0.3659191007 0.05658612521 -0.3657124052 -0.929006161 4.858176685e-05 -0.4109301327 0
0.3877581141 0.3090626049 -0.3132426373 -0.01006202973 0.0968688669 0.4973759115 -0.00129778567 0.02461934177 0.2533954203 -0.9982821562 -0.0147508608 -0.05670228064 0.007324940641 0.928772891 -0.3705769315 0.05812986985 -0.3703556791 -0.9270693551 5.020616163e-05 -0.4166127077 0
0.392385989 0.3127512525 -0.3169811735 -0.01030059969 0.09797657423 0.4970765953 -0.001328845038 0.0249099809 0.253357019 -0.9981997068 -0.01527290171 -0.05800072284 0.007582898124 0.9271395743 -0.3746394392 0.05949659682 -0.3744047919 -0.9253546384 5.165667425e-05 -0.4215849607 0
0.3976749889 0.3169668499 -0.3212537862 -0.01057653984 0.09924043829 0.4967303935 -0.001364786579 0.02524200087 0.2533125815 -0.9981019305 -0.01588388123 -0.05949990436 0.007884708305 0.9252536068 -0.3792671808 0.06107673597 -0.3790164447 -0.9233721714 5.334814283e-05 -0.4272675357 0
0.4029639887 0.3211824472 -0.325526399 -0.01085598078 0.1005020489 0.4963797995 -0.001401202664 0.02557387067 0.2532675573 -0.9980002773 -0.01651032824 -0.06101520712 0.00819405397 0.9233472054 -0.3838786212 0.06267618302 -0.3836109323 -0.9213654805 5.507603531e-05 -0.4329501107 0
0.4075918636 0.3248710949 -0.3292649352 -0.01110335734 0.1016040876 0.4960694344 -0.001433455804 0.025864132 0.2532276801 -0.9979080743 -0.01707127812 -0.06235420317 0.008470967042 0.9216624858 -0.3879001224 0.06409148077 -0.3876168645 -0.9195898262 5.661817812e-05 -0.4379223637 0
0.4128808634 0.3290866922 -0.3335375479 -0.01138934161 0.1028613971 0.4957106309 -0.001470760939 0.02619571493 0.2531815568 -0.9977988899 -0.01772713834 -0.06389932629 0.008794626418 0.9197182659 -0.3924805294 0.06572693421 -0.3921786072 -0.9175379611 5.8415594e-05 -0.4436049387 0
0.4175087383 0.3327753399 -0.3372760841 -0.01164243165 0.1039596291 0.4953930975 -0.001503791582 0.02648572223 0.2531407183 -0.9976999459 -0.01831405632 -0.06526418034 0.009084167362 0.9180007409 -0.3964746116 0.06717362427 -0.3961555693 -0.9157229216 6.001927376e-05 -0.4485771918 0
0.4227977381 0.3369909372 -0.3415486968 -0.01193493181 0.1052125389 0.4950261191 -0.001541984811 0.02681701138 0.253093497 -0.9975828833 -0.0189998556 -0.06683858453 0.009422374718 0.9160193585 -0.4010233829 0.06884482369 -0.4006838408 -0.9136262091 6.188782487e-05 -0.4542597668 0
0.428086738 0.3412065345 -0.3458213096 -0.01223089566 0.1064630619 0.494654795 -0.001580651291 0.02714814104 0.2530456906 -0.9974614751 -0.01970183281 -0.06842838139 0.009768434045 0.9140184286 -0.4055550392 0.07053497921 -0.4051939658 -0.9115057141 6.379497748e-05 -0.4599423417 0
0.4327146129 0.3448951822 -0.3495598457 -0.01249269901 0.1075552899 0.4943263296 -0.001614872453 0.02743774712 0.2530033803 -0.9973515987 -0.02032944688 -0.06983195654 0.0100777267 0.9122517305 -0.4095060679 0.07202935506 -0.4091252788 -0.9096308472 6.549576522e-05 -0.4649145948 0
0.4380036127 0.3491107795 -0.3538324585 -0.01279513546 0.1088012628 0.4939468848 -0.001654425516 0.02776857245 0.2529544778 -0.997221769 -0.02106214352 -0.07145018859 0.01043867772 0.910214667 -0.4140051859 0.07375484626 -0.4136008294 -0.9074660195 6.747654464e-05 -0.4705971698 0
0.4432926126 0.3533263768 -0.3581050712 -0.01310101214 0.1100447691 0.4935631238 -0.001694451009 0.02809923265 0.2529049913 -0.9970873005 -0.02181142576 -0.07308335617 0.01080765893 0.9081586119 -0.4184867145 0.07549907119 -0.4180576484 -0.9052776883 6.949726053e-05 -0.4762797447 0
0.4479204874 0.3570150245 -0.3618436074 -0.01337146974 0.111130792 0.4932238006 -0.001729860627 0.02838842335 0.2528612117 -0.9969657536 -0.02248076143 -0.07452450246 0.01113715163 0.906344139 -0.422393496 0.07704057343 -0.4219418408 -0.903343696 7.129851447e-05 -0.4812519978 0
0.4532094873 0.3612306218 -0.3661162201 -0.01368377429 0.1123695989 0.492831975 -0.001770771139 0.02871876869 0.252810631 -0.996822307 -0.02326151128 -0.07618523703 0.01152134904 0.9042530059 -0.4268416099 0.07881971051 -0.426362995 -0.9011115634 7.33953712e-05 -0.4869345728 0
0.4578373622 0.3649192695 -0.3698547563 -0.01395984324 0.1134514674 0.4924856116 -0.001806954691 0.02900768087 0.2527658946 -0.9966927432 -0.02395858842 -0.07765025266 0.01186424482 0.9024081458 -0.4307189084 0.08039163758 -0.430215672 -0.8991393997 7.526396962e-05 -0.4919068258 0
0.463126362 0.3691348668 -0.374127369 -0.01427854572 0.1146854783 0.4920857591 -0.00184874917 0.02933770448 0.252714221 -0.9965399487 -0.02477127612 -0.07933797641 0.01226385949 0.9002826369 -0.4351330504 0.08220540354 -0.4346004575 -0.8968638213 7.743861793e-05 -0.4975894008 0
0.4684153619 0.3733504642 -0.3783999818 -0.01460064797 0.1159168919 0.4916816411 -0.001891014663 0.0296675537 0.2526619651 -0.9963820157 -0.02560118469 -0.08103985503 0.01267177598 0.898139085 -0.4395288501 0.08403752052 -0.4389655605 -0.8945652195 7.96554329e-05 -0.5032719758 0
0.4730432367 0.3770391118 -0.3821385179 -0.01488526942 0.1169922268 0.4913245475 -0.001928383104 0.02995602717 0.2526157638 -0.9962395247 -0.0263415815 -0.08254047803 0.01303555508 0.896248837 -0.4433600078 0.08565561122 -0.4427687244 -0.8925351382 8.163010771e-05 -0.5082442288 0
0.4783322366 0.3812547092 -0.3864111307 -0.01521372252 0.118218697 0.4909124616 -0.001971530912 0.03028554415 0.2525624171 -0.9960716668 -0.02720412122 -0.0842684426 0.0134591806 0.8940720068 -0.4477210037 0.08752191204 -0.4470963906 -0.8901936489 8.392726119e-05 -0.5139268038 0
0.4829601115 0.3849433568 -0.3901496668 -0.01550388726 0.1192896647 0.4905484132 -0.002009670897 0.03057372392 0.252515262 -0.9959203246 -0.02797326168 -0.08579162928 0.01383678451 0.8921529579 -0.4515214759 0.08916978422 -0.4508664951 -0.8881262034 8.597296231e-05 -0.5188990569 0
0.4882491113 0.3891589542 -0.3944222796 -0.01583865973 0.1205110962 0.4901283988 -0.002053699913 0.03090290181 0.2524608259 -0.9957421592 -0.02886886628 -0.08754507985 0.01427629836 0.889943578 -0.4558471403 0.09106997174 -0.4551560355 -0.8857421993 8.8352125e-05 -0.5245816319 0
0.4935381112 0.3933745515 -0.3986948923 -0.01617678947 0.1217298016 0.4897041723 -0.002098198445 0.03123189607 0.2524058093 -0.9955583383 -0.02978227777 -0.08931187478 0.01472435626 0.8877171396 -0.4601537498 0.0929881088 -0.4594249624 -0.8833356755 9.077571154e-05 -0.5302642068 0
0.498165986 0.3970631992 -0.4024334285 -0.01647539975 0.1227939114 0.4893295279 -0.002137519557 0.03151961388 0.2523571939 -0.9953927687 -0.03059621199 -0.09086862992 0.01512345283 0.8857551789 -0.4639062881 0.09468113469 -0.463143212 -0.8812115796 9.293316719e-05 -0.5352364599 0
0.5034549859 0.4012787965 -0.4067060412 -0.01681979946 0.1240074329 0.488897435 -0.002182897556 0.03184825858 0.2523010901 -0.9951980445 -0.03154332472 -0.0926599749 0.01558765689 0.8834973272 -0.4681767805 0.09663269237 -0.4673729683 -0.8787631258 9.544133843e-05 -0.5409190349 0
0.5080828607 0.4049674442 -0.4104445774 -0.01712388162 0.1250669656 0.4885159254 -0.002222987694 0.03213566755 0.252251524 -0.9950227624 -0.03238692247 -0.09423794072 0.01600095094 0.8815082083 -0.4718974976 0.09835482595 -0.4710566484 -0.876602511 9.76735435e-05 -0.5458912879 0
0.5133718606 0.4091830415 -0.4147171901 -0.01747451834 0.1262752092 0.4880760074 -0.002269243996 0.03246395589 0.2521943342 -0.9948167407 -0.03336813244 -0.09605321522 0.01648145794 0.8792196962 -0.4761313761 0.1003394935 -0.4752465608 -0.8741125171 0.0001002679875 -0.5515738629 0
0.5186608605 0.4133986388 -0.4189898029 -0.01782846778 0.1274805996 0.487631933 -0.002315968241 0.03279205137 0.252136566 -0.9946045309 -0.03436768427 -0.09788099573 0.01697072083 0.8769151431 -0.4803455282 0.1023416908 -0.4794149499 -0.8716005302 0.0001029091361 -0.5572564379 0
0.5232887353 0.4170872865 -0.4227283391 -0.01814088344 0.128532955 0.4872399681 -0.002357235548 0.0330789752 0.2520855446 -0.9944136817 -0.03525742154 -0.09949042118 0.0174060404 0.8748856718 -0.4840166227 0.1041079221 -0.4830444861 -0.8693845898 0.000105258833 -0.5622286909 0
0.5285777352 0.4213028838 -0.4270009518 -0.0185010182 0.1297329245 0.4867881335 -0.002404836266 0.03340670388 0.2520266928 -0.9941895617 -0.03629164814 -0.1013411649 0.01791182901 0.8725516306 -0.4881934231 0.1061427426 -0.4871720109 -0.8668316734 0.0001079888548 -0.5679112659 0
0.53320561 0.4249915315 -0.430739488 -0.018818831 0.130780496 0.4863893971 -0.002446869954 0.03369330379 0.2519747239 -0.9939881144 -0.03721188378 -0.1029704042 0.01836166807 0.8704966956 -0.4918316298 0.107937378 -0.4907655026 -0.8645800968 0.0001104170604 -0.572883519 0
0.5384946099 0.4292071288 -0.4350121007 -0.01918511664 0.131974952 0.4859298455 -0.002495345923 0.03402065887 0.2519147901 -0.9937516796 -0.03828114219 -0.1048434716 0.01888411601 0.8681339419 -0.4959706131 0.1100044978 -0.4948515061 -0.8619866573 0.0001132376587 -0.5785660939 0
0.5437836097 0.4334227261 -0.4392847135 -0.01955466846 0.1331664298 0.485466196 -0.002544288185 0.03434781193 0.2518542798 -0.99350851 -0.03936922483 -0.106728181 0.01941550033 0.8657561948 -0.5000892416 0.1120887096 -0.4989150983 -0.8593717739 0.0001161072631 -0.5842486689 0
0.5484114846 0.4371113738 -0.4430232496 -0.0198806977 0.1342065094 0.4850571511 -0.002587494889 0.03463390361 0.2518008607 -0.9932901204 -0.04033681339 -0.1083867064 0.01988781895 0.863663543 -0.5036762445 0.1139263416 -0.5024522127 -0.8570662534 0.0001186587498 -0.589220922 0
0.5537004845 0.4413269711 -0.4472958624 -0.02025634646 0.1353923329 0.4845858523 -0.002637310484 0.03496067267 0.2517392707 -0.9930340084 -0.04146044482 -0.1102927453 0.02043604933 0.8612582884 -0.5077563674 0.1160423459 -0.5064732888 -0.8544114827 0.0001216215532 -0.5949034969 0
0.5589894843 0.4455425685 -0.4515684751 -0.02063523229 0.1365751036 0.4841104921 -0.002687591336 0.03528723417 0.2516771056 -0.9927708247 -0.04260316625 -0.1122098918 0.02099330976 0.8588386881 -0.5118157763 0.1181751688 -0.5104714273 -0.8517356112 0.0001246347645 -0.6005860719 0
0.5636173592 0.4492312161 -0.4553070113 -0.02096940469 0.1376075033 0.4836912305 -0.002731968448 0.0355728037 0.2516222396 -0.9925346451 -0.04361877631 -0.1138963589 0.02148834357 0.8567099487 -0.5153506718 0.1200551095 -0.5139508403 -0.8493770096 0.0001273130592 -0.605558325 0
0.568906359 0.4534468135 -0.459579624 -0.02135433219 0.1387844804 0.4832082903 -0.002783120664 0.03589897083 0.2515589971 -0.9922578831 -0.04479752608 -0.1158338249 0.02206261451 0.8542640643 -0.5193709171 0.1222192062 -0.5179054838 -0.8466619015 0.0001304221043 -0.6112409 0
0.5735342339 0.4571354611 -0.4633181602 -0.02169377504 0.1398117712 0.4827824164 -0.002828259647 0.03618419234 0.2515031892 -0.9920096397 -0.04584479064 -0.1175377807 0.02257257519 0.8521126787 -0.5228713624 0.1241263613 -0.5213465623 -0.8442691564 0.0001331850075 -0.616213153 0
0.5788232338 0.4613510585 -0.4675907729 -0.02208470744 0.1409828645 0.4822919422 -0.002880281912 0.03650995835 0.2514388712 -0.9917188807 -0.04705986108 -0.1194948997 0.02316395175 0.8496413174 -0.5268520315 0.1263213874 -0.525257081 -0.841515244 0.0001363916108 -0.621895728 0
0.5841122336 0.4655666558 -0.4718633857 -0.02247882724 0.1421507832 0.4817974691 -0.002932767659 0.03683550769 0.2513739802 -0.9914204845 -0.04829441645 -0.1214622257 0.02376448686 0.8471567009 -0.5308114291 0.1285327666 -0.5291438116 -0.8387408149 0.000139650952 -0.627578303 0
0.5887401085 0.4692553035 -0.4756019218 -0.0228262883 0.1431700879 0.4813615353 -0.002979072586 0.0371201841 0.2513167309 -0.9911530282 -0.04939069597 -0.1231918577 0.02429748593 0.8449719709 -0.534258365 0.1304810593 -0.5325250487 -0.836296458 0.0001425465241 -0.632550556 0
0.5940291083 0.4734709008 -0.4798745346 -0.02322635555 0.1443319859 0.4808596003 -0.003032426326 0.03744532199 0.2512507668 -0.9908399874 -0.05066198856 -0.125177803 0.02491525367 0.8424631286 -0.5381775795 0.1327228299 -0.5363667028 -0.8334838994 0.0001459060767 -0.638233131 0
0.5986569832 0.4771595485 -0.4836130707 -0.023579004 0.1453459838 0.4804171583 -0.00307949015 0.03772963545 0.2511925792 -0.9905595311 -0.05179052473 -0.1269234294 0.02546336321 0.8402575608 -0.5415891881 0.1346975595 -0.5397082296 -0.8310063744 0.0001488900928 -0.6432053841 0
0.6039459831 0.4813751458 -0.4878856835 -0.02398498053 0.1465017726 0.4799078094 -0.003133710511 0.03805435518 0.2511255438 -0.9902314199 -0.05309880536 -0.1289273128 0.02609843403 0.8377253167 -0.5454678409 0.1369693646 -0.5435041956 -0.8281561342 0.0001523515926 -0.648887959 0
0.6092349829 0.4855907431 -0.4921582962 -0.02439409288 0.1476542672 0.4793945262 -0.003188392503 0.03837884914 0.2510579376 -0.9898950962 -0.05442690976 -0.1309404826 0.02674275855 0.8351809308 -0.5493247106 0.1392570406 -0.547275547 -0.8252859822 0.0001558681756 -0.654570534 0
0.6138628578 0.4892793908 -0.4958968324 -0.02475462982 0.1486599782 0.478942187 -0.003236617614 0.03866259466 0.2509983144 -0.9895939802 -0.05560531324 -0.1327094699 0.02731414585 0.8329448194 -0.5526815225 0.1412716947 -0.5505551535 -0.8227583675 0.0001589907608 -0.6595427871 0
0.6191518576 0.4934949881 -0.5001694451 -0.02516959186 0.1498062292 0.4784215647 -0.003292164083 0.03898666018 0.2509296395 -0.9892419288 -0.05697075794 -0.134739523 0.02797586228 0.8303783071 -0.556497276 0.1435888486 -0.554279893 -0.8198512321 0.000162611961 -0.665225362 0
0.6237797325 0.4971836358 -0.5039079813 -0.02553523002 0.150806439 0.4779628254 -0.00334114499 0.03927002788 0.250869082 -0.9889268625 -0.05818192729 -0.1365229799 0.02856248844 0.8281232015 -0.5598179591 0.145629135 -0.5575184539 -0.8172914588 0.0001658268498 -0.6701976151 0
0.6290687323 0.5013992331 -0.5081805941 -0.02595600219 0.1519463595 0.4774349135 -0.00339755451 0.03959365826 0.2507993401 -0.9885586518 -0.05958492079 -0.1385692219 0.02924164212 0.8255354018 -0.5635922522 0.147975398 -0.5611959886 -0.8143478029 0.0001695544137 -0.6758801901 0
0.6343577322 0.5056148305 -0.5124532068 -0.02637985674 0.1530828686 0.4769031344 -0.003454423733 0.03991705383 0.2507290299 -0.9881816457 -0.06100801975 -0.1406238125 0.02993011073 0.8229365936 -0.567344297 0.1503370333 -0.5648481074 -0.8113848606 0.0001733394202 -0.681562765 0
0.6389856071 0.5093034781 -0.516191743 -0.02675324896 0.1540744963 0.4764346666 -0.003504561076 0.04019983086 0.2506670427 -0.9878444533 -0.06226976498 -0.142428271 0.03054016867 0.8206537953 -0.5706090135 0.1524159903 -0.5680227324 -0.8087765707 0.0001766988137 -0.6865350181 0
0.6442746069 0.5135190754 -0.5204643557 -0.02718285196 0.155204543 0.4758956754 -0.003562291119 0.04052278105 0.2505956683 -0.9874506228 -0.0637306996 -0.1444979772 0.03124612455 0.818034996 -0.5743190969 0.15480616 -0.5716267517 -0.8057778289 0.0001805928691 -0.6922175931 0
0.6489024818 0.5172077231 -0.5242028919 -0.02756125623 0.1561904789 0.4754209193 -0.003613181032 0.04080516546 0.2505327508 -0.9870985186 -0.06502562536 -0.1463153536 0.03187149366 0.8157350775 -0.5775469602 0.1569099186 -0.5747590377 -0.8031384227 0.0001840484482 -0.6971898462 0
0.6541914816 0.5214233204 -0.5284755046 -0.02799656677 0.1573139782 0.4748747672 -0.003671770411 0.04112766362 0.250460314 -0.9866874277 -0.06652456116 -0.14839947 0.03259495666 0.8130971384 -0.581214773 0.1593282421 -0.5783143836 -0.8001043588 0.0001880533086 -0.7028724211 0
0.6594804815 0.5256389178 -0.5327481174 -0.02843490442 0.158433951 0.4743248172 -0.003730817487 0.04144991798 0.2503873114 -0.9862669527 -0.06804382603 -0.150490982 0.03332776141 0.8104493411 -0.5848599198 0.1617614238 -0.5818435384 -0.7970516536 0.0001921179841 -0.7085549961 0
0.6641083564 0.5293275654 -0.5364866535 -0.02882092371 0.1594110156 0.4738405072 -0.003782858796 0.04173168907 0.2503229704 -0.9858912413 -0.06938989017 -0.1523269627 0.0339766297 0.8081246236 -0.5880307657 0.1639025596 -0.5849099383 -0.7943653536 0.0001957240362 -0.7135272492 0
0.6693973562 0.5335431628 -0.5407592663 -0.02926490516 0.1605243118 0.4732834764 -0.00384276289 0.04205348121 0.2502489084 -0.9854528351 -0.07094737671 -0.1544317957 0.03472695226 0.8054590004 -0.591633195 0.1663633029 -0.588389555 -0.7912780694 0.0001999022162 -0.7192098241 0
0.6740252311 0.5372318104 -0.5444978024 -0.02965584436 0.1614954978 0.4727929937 -0.003895553419 0.04233484495 0.2501836411 -0.985061242 -0.07232694012 -0.1562791199 0.03539114719 0.8031190618 -0.5947665418 0.1685283842 -0.5914123657 -0.7885617271 0.0002036083565 -0.7241820772 0
0.6793142309 0.5414474078 -0.5487704152 -0.03010542738 0.1626020341 0.472228935 -0.003956312992 0.04265616824 0.2501085214 -0.9846044658 -0.07392277033 -0.1583965591 0.03615898164 0.8004364745 -0.59832598 0.1710162974 -0.5948418902 -0.7854403553 0.0002079018058 -0.7298646522 0
0.6846032308 0.5456630051 -0.5530430279 -0.03055798046 0.1637049313 0.4716611499 -0.004017528183 0.04297723877 0.2500328385 -0.9841377126 -0.07553909439 -0.1605204283 0.03693614979 0.7977451932 -0.6018623826 0.1735185394 -0.5982444751 -0.7823010064 0.000212257455 -0.7355472271 0
0.6892311057 0.5493516528 -0.5567815641 -0.03095639117 0.1646669628 0.4711612933 -0.004071464873 0.04325796667 0.2499661543 -0.9837210208 -0.0769702107 -0.1623839274 0.03762382368 0.7953833841 -0.6049377821 0.1757196663 -0.6011995168 -0.7795394409 0.0002161200671 -0.7405194802 0
0.6945201055 0.5535672501 -0.5610541768 -0.03141448007 0.1657629737 0.4705865629 -0.004133533139 0.04357855822 0.2498894167 -0.9832352232 -0.0786250318 -0.1645193006 0.03841847469 0.7926764665 -0.6084308016 0.178248469 -0.6045511755 -0.7763667686 0.0002205936984 -0.7462020552 0
0.6998091054 0.5577828474 -0.5653267896 -0.03187550366 0.1668552785 0.4700081505 -0.004196055727 0.04389889161 0.2498121175 -0.9827390885 -0.08030041766 -0.166660514 0.03922243749 0.789961565 -0.6119005853 0.180791273 -0.607875455 -0.7731765302 0.0002251309784 -0.7518846301 0
0.7044369802 0.5614714951 -0.5690653257 -0.03228129686 0.1678079869 0.4694990316 -0.004251135318 0.04417897008 0.2497440204 -0.9822963924 -0.08178326524 -0.1685387048 0.03993353518 0.7875796717 -0.6149175339 0.1830276216 -0.6107616215 -0.7703707753 0.0002291537071 -0.7568568832 0
