0.008220590236 0.00353246983 -0.001702402032 -2.468304015e-06 0.002096236525 0.5099942559 -3.106154866e-07 0.0005223032062 0.2549992864 -0.9999999999 -7.796037049e-08 -1.437453078e-05 3.961697606e-08 0.9999665483 -0.008179379237 1.43746876e-05 -0.008179379237 -0.9999665482 3.357985919e-08 -0.002264194703 0
0.01544118047 0.006635229661 -0.003197714064 -8.708618196e-06 0.00393740834 0.5099797337 -1.101997872e-06 0.0009829035401 0.2549974682 -0.9999999987 -5.1883102e-07 -5.071415061e-05 2.603648203e-07 0.9998819782 -0.01536325852 5.071613617e-05 -0.01536325852 -0.9998819769 5.258114339e-08 -0.004252959705 0
0.02266177071 0.009737989491 -0.004693026096 -1.875723664e-05 0.005778458562 0.5099563491 -2.381208323e-06 0.00144408984 0.2549945289 -0.999999994 -1.641180538e-06 -0.0001092255996 8.218586928e-07 0.9997458022 -0.02254619841 0.0001092348371 -0.02254619837 -0.9997457962 3.058701466e-08 -0.006241724708 0
0.02988236095 0.01284074932 -0.006188338128 -3.261378696e-05 0.007619330336 0.5099241028 -4.147538977e-06 0.001905319007 0.2549904703 -0.999999982 -3.763557078e-06 -0.0001898992593 1.883385882e-06 0.9995580325 -0.02972775974 0.0001899272121 -0.02972775956 -0.9995580144 2.566509571e-08 -0.00823048971 0
0.03710295118 0.01594350915 -0.00768365016 -5.027775566e-05 0.009459966818 0.5098829961 -6.400356572e-06 0.002366477861 0.2549852938 -0.9999999571 -7.204367429e-06 -0.0002927218674 3.604174506e-06 0.999318686 -0.0369075035 0.0002927883271 -0.03690750297 -0.9993186431 1.079847831e-07 -0.01021925471 0
0.04432354142 0.01904626898 -0.009178962192 -7.174848818e-05 0.01130031117 0.5098330304 -9.139330183e-06 0.002827557014 0.2549790002 -0.9999999127 -1.2281832e-05 -0.0004176765195 6.143374667e-06 0.9990277842 -0.04408499085 0.0004178118923 -0.04408498956 -0.9990276969 2.140563439e-07 -0.01220801972 0
0.05244670543 0.02253687379 -0.01086118823 -0.0001004523385 0.01337027863 0.5097662323 -1.280156734e-05 0.003346186145 0.2549705852 -0.9999998289 -2.034621606e-05 -0.0005846794907 1.017626796e-05 0.9986389276 -0.0521564209 0.0005849448854 -0.05215641792 -0.9986387565 3.596127842e-07 -0.01444538034 0
0.05966729567 0.02563963362 -0.01235650026 -0.0001300096267 0.01520981356 0.509697448 -1.657312137e-05 0.003807123321 0.2549619189 -0.9999997133 -2.9957048e-05 -0.0007565919947 1.49825544e-05 0.9982385631 -0.05932765741 0.0007570365871 -0.05932765174 -0.9982382765 5.114554335e-07 -0.01643414535 0
0.06688788591 0.02874239345 -0.01385181229 -0.0001633707242 0.01704887883 0.5096198117 -2.083046259e-05 0.004268003429 0.2549521364 -0.9999995473 -4.219727645e-05 -0.000950560269 2.110388633e-05 0.9977867402 -0.06649526784 0.0009512623514 -0.0664952578 -0.9977862876 6.840448283e-07 -0.01842291035 0
0.07410847614 0.03184515328 -0.01534712432 -0.0002005343947 0.01888741767 0.5095333262 -2.557352822e-05 0.004728829249 0.2549412378 -0.9999993179 -5.738387774e-05 -0.001166552414 2.869889311e-05 0.9972834994 -0.07365881458 0.001167610302 -0.07365879782 -0.9972828176 8.772019154e-07 -0.02041167535 0
0.08132906638 0.03494791311 -0.01684243636 -0.0002414992613 0.02072537335 0.5094379948 -3.080225957e-05 0.005189601781 0.2549292232 -0.9999990108 -7.583341164e-05 -0.001404532902 3.792602971e-05 0.9967288859 -0.08081786044 0.001406067209 -0.08081783376 -0.996727897 1.090850831e-06 -0.02240044035 0
0.08854965662 0.03805067294 -0.01833774839 -0.0002862638059 0.02256268912 0.5093338209 -3.65165983e-05 0.005650320766 0.2549160929 -0.99999861 -9.786197651e-05 -0.001664462587 4.894355795e-05 0.9961229494 -0.08797196867 0.001666618492 -0.08797192786 -0.99612156 1.324977032e-06 -0.02438920536 0
0.09667282063 0.04154127775 -0.02001997442 -0.0003411636507 0.02462883388 0.5092060607 -4.352560705e-05 0.006168564175 0.2548999876 -0.9999980256 -0.0001273151006 -0.001983066244 6.367513662e-05 0.9953799917 -0.0960138953 0.00198612848 -0.096013832 -0.9953780183 1.612877492e-06 -0.02662656598 0
0.1038934109 0.04464403758 -0.02151528646 -0.000393996829 0.02646460165 0.5090831099 -5.02716585e-05 0.006629164822 0.2548844866 -0.9999973666 -0.0001579962836 -0.002289491482 7.902173454e-05 0.99466518 -0.1031560633 0.002293575732 -0.1031559726 -0.9946625482 1.890632641e-06 -0.02861533099 0
0.1111140011 0.04774679741 -0.02301059849 -0.0004506240352 0.02829955242 0.5089513299 -5.750311947e-05 0.007089706509 0.2548678702 -0.9999965551 -0.0001932408389 -0.002617720293 9.665184138e-05 0.9938992305 -0.1102919324 0.00262306309 -0.1102918054 -0.9938957879 2.18902203e-06 -0.03060409599 0
0.1183345913 0.05084955725 -0.02450591052 -0.0005110431713 0.03013362961 0.5088107254 -6.521991922e-05 0.007550186666 0.2548501387 -0.9999955691 -0.0002333624897 -0.002967698646 0.0001167227246 0.9930822117 -0.1174210681 0.002974570408 -0.1174208942 -0.9930777842 2.50813356e-06 -0.03259286099 0
0.1255551816 0.05395231708 -0.02600122255 -0.0005752519991 0.03196677664 0.5086613018 -7.342198286e-05 0.008010602494 0.2548312921 -0.9999943855 -0.0002786742688 -0.003339368921 0.0001393913627 0.9922141969 -0.1245430366 0.003348076192 -0.1245428029 -0.9922085873 2.848067388e-06 -0.034581626 0
0.1336783456 0.05744292188 -0.02768344859 -0.0006520138289 0.03402788484 0.5084826655 -8.322924769e-05 0.008528489699 0.2548087571 -0.9999927866 -0.0003362426643 -0.003783350257 0.0001681937709 0.9911768213 -0.1325461453 0.00379453675 -0.1325458255 -0.991169615 3.25552037e-06 -0.03681898662 0
0.1408989358 0.06054568172 -0.02917876062 -0.0007242676788 0.03585886765 0.5083145198 -9.246222874e-05 0.008988758789 0.2547875418 -0.9999910987 -0.0003936194249 -0.004200908188 0.0001969024289 0.9902007042 -0.1396514472 0.004214711768 -0.1396510313 -0.9901918126 3.640081065e-06 -0.03880775163 0
0.1481195261 0.06364844155 -0.03067407265 -0.0008003033216 0.03768874379 0.5081375734 -0.0001021802116 0.009448953858 0.254765212 -0.9999891309 -0.0004571596076 -0.004639954906 0.0002286973338 0.9891738494 -0.1467482315 0.00465680942 -0.1467476976 -0.9891629933 4.045840637e-06 -0.04079651663 0
0.1553401163 0.06675120138 -0.03216938468 -0.0008801179408 0.03951745688 0.5079518328 -0.0001123831032 0.009909071608 0.254741768 -0.9999868538 -0.0005271729317 -0.005100418058 0.0002637340768 0.9880963489 -0.1538360679 0.005120802672 -0.1538353907 -0.9880832202 4.472937134e-06 -0.04278528163 0
0.1625607065 0.06985396121 -0.03366469672 -0.0009637085802 0.04134495056 0.5077573047 -0.0001230708059 0.01036910869 0.2547172101 -0.9999842369 -0.0006039682002 -0.005582221739 0.0003021678653 0.9869682993 -0.1609145268 0.005606663153 -0.160913677 -0.9869525591 4.921516311e-06 -0.04477404663 0
0.1697812968 0.07295672104 -0.03516000875 -0.001051072144 0.04317116854 0.5075539965 -0.0001342432175 0.01082906169 0.2546915385 -0.9999812479 -0.0006878532562 -0.006085286506 0.0003441535048 0.9857898016 -0.1679831796 0.006114361154 -0.1679821239 -0.9857710792 5.391731326e-06 -0.04676281164 0
0.1779044608 0.07644732585 -0.03684223479 -0.001153861943 0.04522406888 0.5073147892 -0.0001473914261 0.01134640404 0.254661327 -0.9999773987 -0.0007910804659 -0.00667654456 0.0003958251317 0.9844038221 -0.1759231604 0.006711585359 -0.1759218271 -0.9843812602 5.946784716e-06 -0.04900017226 0
0.185125051 0.07955008568 -0.03833754682 -0.001249232054 0.04704738933 0.5070928485 -0.000159593484 0.01180616693 0.2546332896 -0.9999735059 -0.0008910488162 -0.007224509254 0.0004458705144 0.9831184783 -0.182969557 0.007265583351 -0.1829679306 -0.9830920342 6.463516955e-06 -0.05098893727 0
0.1923456413 0.08265284551 -0.03983285885 -0.001348364515 0.0488692585 0.5068621523 -0.0001722799021 0.01226583489 0.2546041392 -0.9999691314 -0.0009990622944 -0.00779346407 0.0004999487222 0.9817830312 -0.1900048148 0.007841317424 -0.190002846 -0.9817522255 7.002409104e-06 -0.05297770227 0
0.1995662315 0.08575560534 -0.04132817088 -0.001451255657 0.05068962033 0.5066227091 -0.0001854505592 0.01272540442 0.2545738763 -0.9999642373 -0.001115424323 -0.008383315073 0.0005582127093 0.9803976003 -0.1970285097 0.008438752373 -0.1970261431 -0.980361916 7.563642856e-06 -0.05496646727 0
0.2067868217 0.08885836517 -0.04282348291 -0.001557901668 0.05250841883 0.5063745278 -0.0001991053297 0.01318487196 0.254542501 -0.9999587841 -0.001240437139 -0.008993964847 0.000620814934 0.9789623097 -0.2040402186 0.009057851665 -0.2040373925 -0.9789211908 8.147406472e-06 -0.05695523227 0
0.214007412 0.091961125 -0.04431879495 -0.001668298602 0.05432559805 0.5061176175 -0.0002132440832 0.01364423399 0.2545100137 -0.9999527311 -0.001374401759 -0.009625312503 0.0006879073414 0.9774772877 -0.2110395197 0.009698577446 -0.2110361654 -0.9774301379 8.753894675e-06 -0.05894399728 0
0.222130576 0.09545172981 -0.04600102098 -0.001796973581 0.05636791958 0.5058181714 -0.0002297285238 0.01416088569 0.2544721366 -0.9999451518 -0.001536185323 -0.01036018899 0.0007689419777 0.975747359 -0.2188983787 0.01044519553 -0.2188943389 -0.9756926597 9.463607505e-06 -0.06118135791 0
0.2293511662 0.09855448964 -0.04749633301 -0.00191532748 0.05818147242 0.505542744 -0.0002448952877 0.01462001165 0.2544372873 -0.9999376823 -0.001690166132 -0.01103516889 0.0008460780792 0.9741571044 -0.2258699185 0.01113174586 -0.2258651794 -0.9740949671 1.011906092e-05 -0.06317012291 0
0.2365717565 0.1016572495 -0.04899164505 -0.00203741907 0.05999323162 0.5052586184 -0.0002605455978 0.01507902092 0.254401327 -0.9999294764 -0.001854031039 -0.01173050917 0.0009281756845 0.9725175483 -0.2328277406 0.01183979587 -0.2328222088 -0.9724472419 1.079788803e-05 -0.06515888791 0
0.2437923467 0.1047600093 -0.05048695708 -0.002163243831 0.06180314154 0.5049658052 -0.000276679305 0.01553790993 0.2543642561 -0.9999204877 -0.002028075547 -0.01244609475 0.001015384431 0.9708288371 -0.2397714287 0.01256930226 -0.2397650015 -0.970749585 1.150030921e-05 -0.06714765291 0
0.2510129369 0.1078627691 -0.05198226911 -0.002292797107 0.0636111466 0.5046643152 -0.0002932962552 0.01599667509 0.2543260748 -0.9999106682 -0.002212593718 -0.01318180717 0.001107853352 0.9690911219 -0.2467005678 0.01332022042 -0.2466931331 -0.9690021 1.222655084e-05 -0.06913641792 0
0.2582335272 0.110965529 -0.05347758114 -0.002426074103 0.06541719131 0.5043541595 -0.0003103962901 0.0164553128 0.2542867836 -0.9998999688 -0.002407878127 -0.01393752457 0.001205730857 0.9673045578 -0.2536147445 0.01409250444 -0.25360618 -0.9672048939 1.297684524e-05 -0.07112518292 0
0.2663566912 0.1144561338 -0.05515980718 -0.002580455587 0.06744657938 0.5039948905 -0.0003302110631 0.01697112341 0.2542412549 -0.999886817 -0.002640804434 -0.01481146281 0.001322491964 0.9652364825 -0.2613747956 0.01498680398 -0.2613648004 -0.9651237417 1.384997373e-05 -0.07336254355 0
0.2735772814 0.1175588936 -0.05665511921 -0.002721628943 0.06924827446 0.5036663588 -0.0003483371055 0.01742947836 0.2541996064 -0.9998740778 -0.002859931513 -0.01560927083 0.001432352532 0.96334665 -0.2682558112 0.01580433201 -0.2682443898 -0.9632212469 1.46521781e-05 -0.07535130855 0
0.2807978717 0.1206616534 -0.05815043124 -0.002866510152 0.0710478363 0.5033291984 -0.0003669457076 0.01788769462 0.2541568492 -0.999860296 -0.003090729091 -0.01642668139 0.00154808126 0.9614084817 -0.2751205822 0.01664307401 -0.2751075766 -0.9612693844 1.547919842e-05 -0.07734007355 0
0.2880184619 0.1237644133 -0.05964574327 -0.003015093855 0.07284520976 0.5029834217 -0.0003860366919 0.01834576858 0.2541129838 -0.9998454168 -0.003333483174 -0.01726355884 0.001669823804 0.9594221505 -0.2819687017 0.01750297867 -0.2819539412 -0.9592682736 1.633129055e-05 -0.07932883855 0
0.2952390521 0.1268671731 -0.06114105531 -0.003167374555 0.07464033978 0.5026290416 -0.0004056098764 0.01880369665 0.2540680105 -0.9998293839 -0.003588478069 -0.0181197642 0.001797725108 0.9573878338 -0.2887997644 0.01838399342 -0.2887830649 -0.9572180369 1.720871583e-05 -0.08131760356 0
0.3024596424 0.1299699329 -0.06263636734 -0.003323346621 0.0764331714 0.502266071 -0.0004256650743 0.01926147521 0.2540219298 -0.99981214 -0.003855996345 -0.01899515525 0.001931929388 0.9553057129 -0.2956133667 0.01928606438 -0.2955945301 -0.9551187997 1.811174107e-05 -0.08330636856 0
0.3105828064 0.1334605377 -0.06431859337 -0.003503220342 0.07844729135 0.5018474777 -0.0004488030904 0.01977629289 0.2539687658 -0.9997912198 -0.004172273301 -0.02000272175 0.002090621838 0.9529064173 -0.3032572985 0.02032599425 -0.3032358025 -0.9526987467 1.915858345e-05 -0.08554372919 0
0.3178033966 0.1365632976 -0.06581390541 -0.003667017236 0.0802350568 0.5014662977 -0.0004698819263 0.02023374178 0.2539203333 -0.9997712057 -0.004467333796 -0.02091839519 0.002238695356 0.9507233343 -0.3100324657 0.02127262493 -0.3100083619 -0.9504958132 2.011691869e-05 -0.08753249419 0
0.3250239869 0.1396660574 -0.06730921744 -0.00383448702 0.08202035271 0.5010765702 -0.0004914421628 0.0206910299 0.2538707948 -0.9997497924 -0.004775789041 -0.02185278882 0.002393517639 0.9484930413 -0.3167889229 0.0222401352 -0.316761965 -0.9482442902 2.110172169e-05 -0.08952125919 0
0.3322445771 0.1427688172 -0.06880452947 -0.0040056235 0.08380312452 0.5006783098 -0.0005134835942 0.02114815364 0.2538201509 -0.9997269173 -0.005097914001 -0.02280574706 0.002555229714 0.9462157369 -0.3235262742 0.02322846589 -0.3234961987 -0.9459443154 2.211328077e-05 -0.0915100242 0
0.3394651673 0.1458715771 -0.0702998415 -0.004180420351 0.08558331776 0.5002715311 -0.0005360060104 0.02160510939 0.2537684019 -0.9997025162 -0.0054339817 -0.02377711112 0.002723971796 0.9438916238 -0.3302441255 0.02423755656 -0.3302106514 -0.9435960293 2.315188927e-05 -0.0934987892 0
0.3475883313 0.1493621819 -0.07198206754 -0.004381434045 0.08758288531 0.499803742 -0.0005619183881 0.02211897933 0.253708864 -0.9996731594 -0.005829061186 -0.02489169462 0.002922383203 0.9412213036 -0.3377779113 0.02539752137 -0.3377402548 -0.9408966395 2.435302796e-05 -0.09573614983 0
0.3548089216 0.1524649417 -0.07347737957 -0.004563987564 0.0893574188 0.4993789124 -0.0005854621782 0.02257556614 0.2536547686 -0.9996452968 -0.006195654611 -0.02590162939 0.003106525776 0.9387984143 -0.3444530254 0.02645052057 -0.3444113109 -0.9384461726 2.545011299e-05 -0.09772491483 0
0.3620295118 0.1555677015 -0.0749726916 -0.004750180816 0.09112920425 0.4989456126 -0.0006094862666 0.02303197371 0.2535995697 -0.9996156998 -0.006577030998 -0.02692945344 0.003298131081 0.9363293765 -0.3511074208 0.02752408274 -0.351061307 -0.935947853 2.657519567e-05 -0.09971367983 0
0.3692501021 0.1586704614 -0.07646800363 -0.004940006923 0.09289818765 0.4985038586 -0.0006339904243 0.02348819843 0.2535432679 -0.9995842989 -0.006973454931 -0.02797499507 0.003497335792 0.9338144097 -0.3577407117 0.02861814224 -0.3576898364 -0.9334018335 2.772858924e-05 -0.1017024448 0
0.3764706923 0.1617732212 -0.07796331567 -0.005133458871 0.09466431512 0.4980536667 -0.0006589744175 0.0239442367 0.2534858638 -0.9995510237 -0.007385188849 -0.02903807946 0.003704275681 0.9312537374 -0.3643525145 0.02973263215 -0.3642964939 -0.9308082698 2.891061159e-05 -0.1036912098 0
0.3836912825 0.164875981 -0.0794586277 -0.005330529514 0.09642753289 0.4975950536 -0.0006844380082 0.02440008492 0.253427358 -0.9995158024 -0.007812493011 -0.03011852876 0.003919085608 0.9286475872 -0.3709424478 0.03086748434 -0.3708808754 -0.9281673204 3.012158511e-05 -0.1056799748 0
0.3918144465 0.1683665858 -0.08114085373 -0.005556550389 0.09840760807 0.4970690689 -0.0007136575139 0.02491268252 0.2533602227 -0.9994737613 -0.008312142696 -0.03135456536 0.004170320647 0.9256615961 -0.3783295097 0.03216844589 -0.3782611766 -0.9251398129 3.151894322e-05 -0.1079173355 0
0.3990350368 0.1714693457 -0.08263616577 -0.005761286424 0.1001644647 0.4965926173 -0.000740139437 0.02536811494 0.2532993774 -0.9994341607 -0.00877338757 -0.03247131071 0.0044022979 0.9229595786 -0.3848717138 0.03334633596 -0.3847968867 -0.9223987087 3.279252885e-05 -0.1099061005 0
0.406255627 0.1745721055 -0.0841314778 -0.005969617967 0.1019182444 0.4961077984 -0.0007671001834 0.02582334607 0.2532374322 -0.9993923821 -0.009251001506 -0.03360484569 0.004642560542 0.9202128194 -0.3913908707 0.03454436733 -0.3913090672 -0.9196107332 3.409610171e-05 -0.1118948655 0
0.4134762173 0.1776748653 -0.08562678983 -0.006181537326 0.1036688939 0.49561463 -0.0007945394961 0.02627837231 0.2531743877 -0.9993483485 -0.009745235358 -0.03475498008 0.004891239486 0.9174215621 -0.3978866084 0.03576246676 -0.3977973199 -0.9167760567 3.543000218e-05 -0.1138836305 0
0.4206968075 0.1807776251 -0.08712210186 -0.006397036678 0.10541636 0.4951131305 -0.0008224571135 0.02673319008 0.2531102444 -0.9993019823 -0.01025633761 -0.03592152069 0.005148464648 0.9145860543 -0.404358557 0.03700055975 -0.4042612483 -0.9138948527 3.679457484e-05 -0.1158723955 0
0.4279173977 0.183880385 -0.08861741389 -0.006616108068 0.1071605897 0.4946033184 -0.0008508527691 0.02718779579 0.253045003 -0.9992532044 -0.01078455433 -0.03710427145 0.00541436493 0.9117065471 -0.4108063492 0.0382585706 -0.4107004569 -0.9109672972 3.819016833e-05 -0.1178611605 0
0.4360405617 0.1873709898 -0.09029963993 -0.006866823012 0.1091189139 0.4940198669 -0.0008833689497 0.02769896926 0.2529702945 -0.9991953465 -0.01139955852 -0.03845399437 0.005724031407 0.9084148264 -0.4180307867 0.03969754504 -0.4179145286 -0.9076186158 3.97977299e-05 -0.1200985211 0
0.443261152 0.1904737496 -0.09179495196 -0.007093457976 0.110856091 0.4934924531 -0.0009127795321 0.02815311242 0.2529027217 -0.9991411758 -0.01196494931 -0.03967052745 0.00600878961 0.9054426723 -0.4244260379 0.04099762442 -0.4242999024 -0.9045931614 4.126041862e-05 -0.1220872861 0
0.4504817422 0.1935765094 -0.09329026399 -0.007323639281 0.1125898669 0.4929567865 -0.0009426672916 0.0286070323 0.2528340527 -0.9990843391 -0.0125482076 -0.0409026394 0.006302619065 0.9024273284 -0.4307960005 0.04231737724 -0.4306593312 -0.9015219243 4.275524338e-05 -0.1240760511 0
0.4577023324 0.1966792693 -0.09478557603 -0.007557358434 0.1143201893 0.4924128868 -0.0009730319432 0.02906072534 0.2527642883 -0.9990247525 -0.01314956915 -0.04215012236 0.006605644339 0.8993690613 -0.4371403173 0.04365672281 -0.436992426 -0.8984050924 4.428256899e-05 -0.1260648161 0
0.4649229227 0.1997820291 -0.09628088806 -0.007794606816 0.1160470058 0.491860774 -0.001003873197 0.02951418794 0.2526934292 -0.9989623311 -0.01376926712 -0.04341276572 0.006917988913 0.8962681415 -0.4434586339 0.04501557923 -0.4432987998 -0.8952428563 4.584276401e-05 -0.1280535811 0
0.4721435129 0.2028847889 -0.09777620009 -0.008035375676 0.1177702642 0.4913004685 -0.001035190759 0.02996741654 0.2526214759 -0.9988969892 -0.01440753203 -0.04469035609 0.007239775161 0.8931248429 -0.4497505983 0.04639386341 -0.4495780667 -0.8920354093 4.743620068e-05 -0.1300423461 0
0.4802666769 0.2063753937 -0.09945842613 -0.008310437658 0.1197046122 0.4906603578 -0.001070991982 0.03047701454 0.2525392215 -0.9988198801 -0.01514805698 -0.04614524243 0.007613221374 0.8895383219 -0.4567971243 0.04796755038 -0.4566093629 -0.8883732345 4.926901923e-05 -0.1322797067 0
0.4874872672 0.2094781536 -0.1009537382 -0.0085586579 0.1214201373 0.4900827118 -0.001103320703 0.030929734 0.2524649457 -0.9987480417 -0.01582652989 -0.04745387429 0.007955472377 0.8863058945 -0.4630319339 0.04938683724 -0.4628297552 -0.885070369 5.093434677e-05 -0.1342684718 0
0.4947078574 0.2125809134 -0.1024490502 -0.008810370453 0.1231319423 0.4894969387 -0.001136124783 0.03138220828 0.2523895779 -0.9986730072 -0.01652427284 -0.04877676889 0.0083075402 0.8830319677 -0.4692393086 0.05082528458 -0.4690218464 -0.8817229146 5.26341022e-05 -0.1362572368 0
0.5019284476 0.2156836732 -0.1039443622 -0.009065566041 0.1248399756 0.4889030601 -0.001169403911 0.03183443383 0.252313119 -0.9985946862 -0.01724150517 -0.05011370177 0.008669542514 0.8797168301 -0.4754189078 0.05228280442 -0.4751852579 -0.878331076 5.436867223e-05 -0.1382460018 0
0.5091490379 0.2187864331 -0.1054396743 -0.009324235261 0.126544186 0.4883010978 -0.001203157768 0.03228640706 0.2522355698 -0.9985129876 -0.01797844342 -0.05146444585 0.009041595811 0.8763607738 -0.4815703933 0.05375930765 -0.4813196129 -0.8748950606 5.613844694e-05 -0.1402347668 0
0.5172722019 0.2222770379 -0.1071219003 -0.009619378336 0.1284567891 0.4876142553 -0.001241697907 0.03279457093 0.2521470244 -0.9984169241 -0.01883131965 -0.05300025558 0.009472313351 0.8725366679 -0.4884567928 0.05544295241 -0.4881855636 -0.870977 5.8172014e-05 -0.1424721274 0
0.5244927921 0.2253797977 -0.1086172123 -0.009885397223 0.1301527057 0.4869951893 -0.001276459491 0.03324599619 0.2520671605 -0.9983277398 -0.01961083896 -0.05437958275 0.009866106322 0.869094645 -0.4945474274 0.05695949412 -0.4942569302 -0.86744781 6.001790878e-05 -0.1444608924 0
0.5317133824 0.2284825575 -0.1101125244 -0.01015485954 0.1318446396 0.4863681098 -0.001311694783 0.03369715801 0.2519862086 -0.9982348857 -0.02041072247 -0.05577199498 0.01027030658 0.8656126383 -0.5006089104 0.05849473326 -0.500298074 -0.8638751087 6.190024818e-05 -0.1464496574 0
0.5389339726 0.2315853174 -0.1116078364 -0.01042775537 0.1335325403 0.48573304 -0.001347403449 0.03414805285 0.2519041695 -0.9981382664 -0.02123117483 -0.05717725474 0.01068502561 0.8620909539 -0.5066409156 0.06004857593 -0.5063086256 -0.8602591145 6.381943546e-05 -0.1484384224 0
0.5461545628 0.2346880772 -0.1131031484 -0.01070407467 0.1352163571 0.4850900033 -0.001383585147 0.03459867716 0.2518210439 -0.9980377853 -0.02207239771 -0.05859512201 0.01111037366 0.8585299013 -0.5126431198 0.06162092714 -0.5122882176 -0.8566000487 6.577587696e-05 -0.1504271874 0
0.5533751531 0.237790837 -0.1145984605 -0.01098380726 0.1368960396 0.4844390234 -0.001420239532 0.03504902737 0.2517368327 -0.9979333452 -0.02293458983 -0.06002535436 0.01154645972 0.854929793 -0.5186152025 0.06321169072 -0.5182364842 -0.8528981349 6.776998201e-05 -0.1524159524 0
0.5614983171 0.2412814418 -0.1162806865 -0.01130257355 0.1387806781 0.4836972061 -0.001462040289 0.03555533933 0.2516407985 -0.9978109951 -0.02392986426 -0.06164884093 0.01205002587 0.8508333811 -0.5252973963 0.06502318715 -0.5248903879 -0.8486825472 7.005888337e-05 -0.154653313 0
0.5687189073 0.2443842017 -0.1177759985 -0.01158952505 0.1404514088 0.4830294267 -0.001499697969 0.03600509534 0.2515542831 -0.9976978141 -0.02483726188 -0.06310453317 0.01250928624 0.8471513326 -0.5312044216 0.06665275269 -0.5307708829 -0.8448903363 7.213439598e-05 -0.156642078 0
0.5759394976 0.2474869615 -0.1192713106 -0.01187985727 0.1421178488 0.4823537798 -0.001537827228 0.03645456618 0.2514666846 -0.9975803636 -0.02576623003 -0.06457181752 0.01297961695 0.8434312263 -0.5370803442 0.06830042293 -0.5366189225 -0.8410559935 7.424887007e-05 -0.158630843 0
0.5831600878 0.2505897213 -0.1207666226 -0.01217355952 0.1437799485 0.4816702904 -0.001576427704 0.03690374833 0.251378004 -0.9974585422 -0.02671695475 -0.06605044186 0.01346112163 0.8396733879 -0.5429248565 0.06996609711 -0.542434149 -0.8371797533 7.640272681e-05 -0.160619608 0
0.590380678 0.2536924812 -0.1222619346 -0.012470621 0.1454376583 0.4809789835 -0.001615499029 0.03735263825 0.251288242 -0.997332248 -0.02768961892 -0.06754015176 0.01395390264 0.8358781464 -0.548737654 0.07164967339 -0.5482162067 -0.8332618526 7.859639008e-05 -0.162608373 0
0.5976012683 0.256795241 -0.1237572466 -0.01277103081 0.147090929 0.4802798846 -0.001655040828 0.03780123241 0.2511973995 -0.9972013779 -0.02868440228 -0.06904069058 0.01445806095 0.8320458337 -0.5545184353 0.07335104882 -0.5539647423 -0.829302531 8.083028648e-05 -0.164597138 0
0.6057244323 0.2602858458 -0.1254394727 -0.01311298036 0.1489454912 0.4794841164 -0.001700087249 0.03830554292 0.2510939114 -0.9970485501 -0.02983019254 -0.0707414183 0.01503896252 0.8276905873 -0.5609831738 0.07528624215 -0.5603913376 -0.8247990849 8.339204565e-05 -0.1668344987 0
0.6129450225 0.2633886056 -0.1269347847 -0.01342046852 0.1505891657 0.478768545 -0.001740627552 0.03875349687 0.2510007759 -0.9969076105 -0.03087256121 -0.07226410639 0.01556762678 0.823780614 -0.5666949347 0.07702509399 -0.5660674738 -0.820752551 8.57128659e-05 -0.1688232637 0
0.6201656128 0.2664913655 -0.1284300967 -0.01373127008 0.1522282481 0.4780452629 -0.001781637137 0.03920114404 0.2509065627 -0.9967617677 -0.03193758993 -0.07379680731 0.01610797522 0.819834626 -0.5723737583 0.0787814163 -0.5717089963 -0.8166653611 8.807526922e-05 -0.1708120287 0
0.627386203 0.2695941253 -0.1299254088 -0.01404537363 0.1538626898 0.4773142965 -0.001823115614 0.03964848091 0.2508112728 -0.9966109153 -0.03302544503 -0.07533925552 0.01666010318 0.8158529673 -0.5780193567 0.08055510166 -0.5773155599 -0.8125377652 9.047969282e-05 -0.1728007937 0
0.6346067932 0.2726968851 -0.1314207208 -0.01436276764 0.1554924425 0.4765756728 -0.001865062586 0.04009550398 0.250714907 -0.9964549461 -0.03413628954 -0.07689118343 0.01722410463 0.811835985 -0.5836314451 0.08234604163 -0.5828868219 -0.8083700157 9.29265764e-05 -0.1747895587 0
0.6418273835 0.275799645 -0.1329160328 -0.01468344045 0.1571174579 0.4758294188 -0.001907477654 0.04054220972 0.2506174663 -0.9962937521 -0.03527028315 -0.0784523214 0.01780007212 0.8077840288 -0.5892097421 0.0841541267 -0.5884224417 -0.8041623673 9.541636205e-05 -0.1767783237 0
0.6499505475 0.2792902498 -0.1345982589 -0.01504810189 0.158939878 0.4749807966 -0.001955753623 0.04104437001 0.2505065618 -0.9961060279 -0.03657389089 -0.08021927224 0.01846245211 0.8031842125 -0.595444589 0.08620857843 -0.5946069889 -0.7993813919 9.826920583e-05 -0.1790156843 0
0.6571711377 0.2823930096 -0.1360935709 -0.01537570292 0.1605546677 0.4742184196 -0.001999162045 0.04149038979 0.2504068401 -0.9959333689 -0.03775759118 -0.08179907726 0.01906414824 0.7990591109 -0.6009501606 0.08805272843 -0.6000657477 -0.795089816 0.0001008516372 -0.1810044493 0
0.664391728 0.2854957694 -0.1375888829 -0.01570654557 0.1621645709 0.4734484988 -0.002043037285 0.0419360813 0.2503060465 -0.9957551425 -0.0389649178 -0.08338723702 0.01967809042 0.7949001463 -0.6064210832 0.08991367457 -0.6054878137 -0.7907591533 0.0001034783673 -0.1829932143 0
0.6716123182 0.2885985293 -0.139084195 -0.01604061772 0.1637695401 0.4726710625 -0.002087378922 0.04238144104 0.2502041819 -0.9955712377 -0.04019601643 -0.08498347387 0.0203043653 0.7907076797 -0.6118570896 0.09179130306 -0.6108728555 -0.7863896687 0.0001061498481 -0.1849819793 0
0.6788329084 0.2917012891 -0.140579507 -0.01637790709 0.1653695282 0.4718861393 -0.002132186536 0.0428264655 0.2501012474 -0.9953815427 -0.04145102925 -0.0865875083 0.02094305804 0.7864820746 -0.6172579158 0.09368549909 -0.6162205437 -0.7819816294 0.0001088665333 -0.1869707443 0
0.6860534987 0.2948040489 -0.142074819 -0.01671840134 0.1669644883 0.4710937578 -0.002177459697 0.04327115121 0.2499972439 -0.9951859449 -0.04273009497 -0.08819905899 0.02159425234 0.7822236974 -0.6226233015 0.09559614683 -0.6215305514 -0.7775353049 0.000111628879 -0.1889595093 0
0.6941766627 0.2982946537 -0.1437570451 -0.01710527263 0.1687527501 0.4701934499 -0.002228947941 0.04377101336 0.2498789634 -0.9949587008 -0.04419796284 -0.09002068522 0.02234189148 0.7773943091 -0.6286166781 0.09776514497 -0.6274588657 -0.7724877657 0.0001147916674 -0.19119687 0
0.7013972529 0.3013974136 -0.1452523571 -0.01745253563 0.1703368706 0.4693853165 -0.002275208954 0.04421496763 0.2497726918 -0.994750183 -0.04552858545 -0.09164726578 0.02301992267 0.7730675184 -0.633905904 0.09971036344 -0.632687727 -0.7679609909 0.0001176525663 -0.193185635 0
0.7086178432 0.3045001734 -0.1467476691 -0.01780296412 0.1719158176 0.4685698166 -0.00232193415 0.04465857225 0.2496653543 -0.9945354065 -0.0468836717 -0.09328047213 0.02371070736 0.768709116 -0.6391588984 0.1016716652 -0.6378779008 -0.7633967882 0.0001205605649 -0.1951744 0
0.7158384334 0.3076029332 -0.1482429812 -0.01815654525 0.173489545 0.4677469799 -0.002369123084 0.04510182375 0.2495569521 -0.9943142562 -0.04826334565 -0.09492001583 0.02441432305 0.7643194783 -0.6443754153 0.1036489304 -0.6430290697 -0.7587954367 0.0001235161281 -0.197163165 0
0.7230590236 0.310705693 -0.1497382932 -0.01851326608 0.1750580069 0.4669168368 -0.002416775308 0.04554471866 0.2494474863 -0.9940866161 -0.04966772778 -0.09656560682 0.02513084573 0.7598989842 -0.6495552128 0.105642038 -0.6481409188 -0.7541572178 0.0001265197228 -0.19915193 0
0.7311821877 0.3141962979 -0.1514205192 -0.01891831366 0.1768161758 0.4659742299 -0.002470937267 0.04604254487 0.249323067 -0.9938226189 -0.05127733705 -0.09842376183 0.02595245429 0.7548895198 -0.6553382967 0.107903069 -0.6538443604 -0.7488955067 0.0001299567634 -0.2013892906 0
0.7384027779 0.3172990577 -0.1529158313 -0.01928166284 0.1783732972 0.4651286616 -0.002519572464 0.04648467051 0.2492113444 -0.9935808009 -0.05273460757 -0.1000812329 0.02669664965 0.7504047238 -0.6604392776 0.1099294361 -0.65887162 -0.7441798891 0.0001330639843 -0.2033780556 0
0.7456233681 0.3204018175 -0.1544111433 -0.01964811054 0.1799250111 0.4642758825 -0.002568669514 0.04692642872 0.2490985614 -0.9933321275 -0.05421693933 -0.1017438347 0.02745397956 0.7458902698 -0.6655028057 0.1119712615 -0.663858591 -0.7394282979 0.0001362207084 -0.2053668206 0
0.7528439584 0.3235045773 -0.1559064553 -0.02001764334 0.1814712725 0.4634159239 -0.00261822795 0.04736781606 0.2489847191 -0.9930764805 -0.05572443778 -0.1034112707 0.02822451365 0.7413465459 -0.6705286539 0.1140284206 -0.6688049685 -0.7346410235 0.0001394274108 -0.2073555856 0
0.7600645486 0.3266073372 -0.1574017674 -0.02039024773 0.1830120366 0.4625488173 -0.002668247298 0.04780882907 0.2488698188 -0.9928137411 -0.05725720461 -0.1050832432 0.02900831995 0.7367739423 -0.6755165989 0.1161007874 -0.6737104501 -0.7298183587 0.0001426845682 -0.2093443506 0
0.7672851388 0.329710097 -0.1588970794 -0.0207659101 0.1845472589 0.4616745943 -0.002718727082 0.04824946431 0.2487538613 -0.9925437901 -0.05881533781 -0.1067594528 0.02980546496 0.7321728513 -0.680466421 0.1181882354 -0.6785747356 -0.7249605984 0.0001459926594 -0.2113331156 0
0.7754083028 0.3332007018 -0.1605793054 -0.02119216838 0.1862677046 0.4606826269 -0.002776066604 0.04874472309 0.2486221472 -0.992231326 -0.06059867563 -0.108649879 0.03071827773 0.7269630639 -0.6859891334 0.1205544819 -0.6839974446 -0.7194540379 0.0001497757422 -0.2135704762 0
0.7826288931 0.3363034616 -0.1620746175 -0.02157428319 0.1877910037 0.4597933881 -0.002827523209 0.04918454411 0.2485039473 -0.9919456522 -0.06221102067 -0.1103340928 0.03154398094 0.7223027494 -0.6908572324 0.1226735522 -0.6887732044 -0.7145226886 0.0001531936657 -0.2155592412 0
0.7898494833 0.3394062215 -0.1635699295 -0.02195941271 0.1893086232 0.4588971336 -0.002879438732 0.04962397661 0.248384694 -0.991652391 -0.06384901414 -0.1120216001 0.03238322034 0.7176151868 -0.6956865464 0.1248073016 -0.6935068472 -0.709557179 0.0001566640308 -0.2175480062 0
0.7970700736 0.3425089813 -0.1650652415 -0.02234754285 0.1908205195 0.4579938962 -0.002931812675 0.05006301714 0.2482643883 -0.9913514212 -0.0655127385 -0.1137120961 0.03323605582 0.7129007765 -0.7004768714 0.1269555997 -0.6981980836 -0.704557813 0.0001601873237 -0.2195367712 0
0.8042906638 0.3456117411 -0.1665605536 -0.02273865946 0.1923266493 0.4570837089 -0.002984644541 0.05050166228 0.2481430315 -0.9910426212 -0.06720227241 -0.1154052751 0.03410254566 0.7081599212 -0.7052280073 0.1291183152 -0.7028466266 -0.699524896 0.0001637640324 -0.2215255362 0
0.811511254 0.348714501 -0.1680558656 -0.02313274825 0.1938269695 0.4561666048 -0.003037933824 0.05093990862 0.2480206247 -0.990725869 -0.06891769069 -0.11710083 0.03498274651 0.7033930251 -0.7099397578 0.1312953157 -0.7074521921 -0.6944587359 0.0001673946465 -0.2235143012 0
0.819634418 0.3522051058 -0.1697380916 -0.02357963291 0.1955078319 0.4551266368 -0.003098430392 0.05143245478 0.2478816635 -0.9903598649 -0.07087856443 -0.1190107856 0.03598942988 0.6979996458 -0.7151931595 0.1337613506 -0.7125817312 -0.6887199558 0.0001715441332 -0.2257516619 0
0.8268550083 0.3553078656 -0.1712334037 -0.02397998971 0.1969956643 0.4541949461 -0.003152689996 0.05186984229 0.2477570294 -0.9900258072 -0.07264921795 -0.1207103651 0.03689894732 0.6931787635 -0.7198205815 0.1359682639 -0.7170950376 -0.6835841852 0.0001752909302 -0.2277404269 0
0.8340755985 0.3584106254 -0.1727287157 -0.0243832734 0.1984775538 0.4532564441 -0.003207405415 0.05230682032 0.2476313491 -0.9896834134 -0.07444596488 -0.1224113541 0.03782234231 0.6883331152 -0.7244080293 0.1381890434 -0.7215644953 -0.6784161462 0.0001790931739 -0.2297291919 0
0.8412961888 0.3615133853 -0.1742240277 -0.02478946928 0.1999534582 0.452311165 -0.003262576127 0.05274338545 0.2475046237 -0.9893325599 -0.07626886415 -0.1241134412 0.03875966475 0.6834631124 -0.7289553227 0.1404235533 -0.7259898308 -0.6732161549 0.000182951361 -0.2317179569 0
0.848516779 0.3646161451 -0.1757193398 -0.02519856256 0.2014233356 0.4513591432 -0.003318201606 0.0531795343 0.2473768545 -0.9889731228 -0.07811797076 -0.1258163143 0.03971096287 0.6785691679 -0.7334622852 0.142671657 -0.7303707736 -0.6679845292 0.0001868659897 -0.2337067219 0
0.8557373692 0.3677189049 -0.1772146518 -0.02561053831 0.2028871444 0.4504004135 -0.003374281322 0.05361526346 0.2472480428 -0.988604978 -0.07999333582 -0.1275196599 0.04067628326 0.6736516965 -0.7379287443 0.1449332171 -0.7347070559 -0.6627215891 0.0001908375601 -0.2356954869 0
0.8638605332 0.3712095097 -0.1788968778 -0.02607743781 0.2045266237 0.4493138679 -0.003437913291 0.05410495288 0.247101885 -0.9881802515 -0.08213456716 -0.1294360975 0.04177908556 0.6680919373 -0.7429048871 0.1474933845 -0.73953166 -0.6567637516 0.0001953742642 -0.2379328475 0
0.8710811235 0.3743122696 -0.1803921899 -0.02649548889 0.2059773994 0.448341 -0.003494956478 0.05453977894 0.246970862 -0.987793189 -0.08406588319 -0.1311394033 0.04277435033 0.6631258546 -0.7472847222 0.149783079 -0.7437721616 -0.651435339 0.0001994685027 -0.2399216125 0
0.8783017137 0.3774150294 -0.1818875019 -0.02691637522 0.2074219778 0.447361534 -0.003552452215 0.05497417473 0.2468388003 -0.9873970287 -0.08602359206 -0.1328421973 0.04378377218 0.65813755 -0.7516235405 0.1520857951 -0.747967183 -0.646076624 0.0002036212553 -0.2419103775 0
0.885522304 0.3805177892 -0.1833828139 -0.02734008148 0.2088603184 0.4463755056 -0.003610399955 0.05540813686 0.2467057013 -0.9869916453 -0.08800772862 -0.1345441629 0.04480739079 0.6531274442 -0.755921186 0.1544013919 -0.752116468 -0.640687934 0.0002078330285 -0.2438991425 0
0.8927428942 0.3836205491 -0.184878126 -0.02776659227 0.2102923806 0.4453829507 -0.003668799145 0.05584166197 0.2465715662 -0.9865769134 -0.09001832377 -0.1362449828 0.04584524413 0.648095959 -0.7601775066 0.1567297277 -0.7562197626 -0.6352695988 0.0002121043304 -0.2458879075 0
0.9008660582 0.3871111539 -0.186560352 -0.02824974987 0.2118958963 0.44425857 -0.003735037162 0.05632885113 0.2464194274 -0.986099009 -0.09231190296 -0.1381566397 0.04702988923 0.64241051 -0.764916287 0.1593641554 -0.760780684 -0.6291389487 0.0002169813349 -0.2481252682 0
0.9080866484 0.3902139137 -0.188055664 -0.02868216865 0.2133144843 0.4432522663 -0.003794393827 0.05676143638 0.246283095 -0.9856639936 -0.09437880704 -0.1398539682 0.0480981098 0.6373350003 -0.7690843057 0.1617190881 -0.7647854197 -0.6236587194 0.000221380829 -0.2501140332 0
0.9153072387 0.3933166735 -0.1895509761 -0.02911734315 0.2147266696 0.4422395496 -0.003854200186 0.05719357408 0.2461457306 -0.9852192362 -0.09647224061 -0.1415491551 0.04918067289 0.6322394376 -0.7732105503 0.1640863125 -0.7687433905 -0.6181498861 0.0002258414492 -0.2521027982 0
0.9225278289 0.3964194334 -0.1910462881 -0.02955525758 0.2161324128 0.4412204566 -0.003914455669 0.05762526088 0.2460073356 -0.9847646105 -0.09859221811 -0.1432418807 0.05027760949 0.6271242488 -0.7772948852 0.1664656837 -0.7726543542 -0.6126127855 0.0002303637099 -0.2540915632 0
0.9297484192 0.3995221932 -0.1925416001 -0.02999589602 0.2175316748 0.4401950245 -0.003975159702 0.05805649344 0.2458679113 -0.9842999901 -0.10073875 -0.1449318246 0.05138894886 0.6219898619 -0.7813371792 0.1688570563 -0.7765180719 -0.6070477564 0.0002349481267 -0.2560803282 0
0.9369690094 0.402624953 -0.1940369122 -0.03043924247 0.2189244169 0.4391632904 -0.004036311705 0.05848726841 0.245727459 -0.9838252484 -0.1029118426 -0.146618666 0.05251471856 0.6168367059 -0.785337305 0.1712602841 -0.7803343072 -0.6014551389 0.000239595217 -0.2580690932 0
0.9450921734 0.4061155578 -0.1957191382 -0.03094122413 0.2204834103 0.4379951034 -0.004105642446 0.05897133913 0.2455682232 -0.9832789084 -0.1053883231 -0.1485122542 0.05379849032 0.6110175059 -0.7897868889 0.173977903 -0.7845705251 -0.5951308935 0.0002448987539 -0.2603064538 0
0.9523127636 0.4092183177 -0.1972144502 -0.03139027158 0.2218621699 0.4369501022 -0.004167744443 0.05940113063 0.245425591 -0.9827822387 -0.1076178604 -0.1501914357 0.05495500812 0.6058258945 -0.7936970031 0.1764058342 -0.7882850891 -0.5894807884 0.0002496807495 -0.2622952188 0
0.9595333539 0.4123210775 -0.1987097623 -0.03184197645 0.2232342899 0.4358989168 -0.004230292574 0.05983045412 0.2452819352 -0.982275052 -0.1098739525 -0.1518665098 0.05612603128 0.6006168608 -0.7975645774 0.1788451589 -0.7919514512 -0.5838041692 0.0002545270445 -0.2642839838 0
0.9667539441 0.4154238373 -0.2002050743 -0.03229632238 0.2245997329 0.4348415853 -0.004293286241 0.06025930628 0.245137257 -0.9817572214 -0.1121565894 -0.1535371542 0.05731158026 0.5953908376 -0.8013895016 0.1812957281 -0.7955693872 -0.578101383 0.0002594381621 -0.2662727488 0
0.9739745343 0.4185265972 -0.2017003863 -0.03275329289 0.2259584612 0.433778146 -0.004356724843 0.06068768378 0.244991558 -0.9812286201 -0.1144657566 -0.1552030463 0.05851167378 0.5901482587 -0.8051716692 0.1837573918 -0.7991386759 -0.5723727785 0.0002644146271 -0.2682615138 0
0.9811951246 0.421629357 -0.2031956984 -0.03321287142 0.2273104378 0.4327086374 -0.004420607776 0.06111558331 0.2448448396 -0.9806891214 -0.116801436 -0.1568638635 0.05972632883 0.5848895582 -0.808910978 0.1862299996 -0.802659099 -0.566618706 0.0002694569656 -0.2702502788 0
0.9893182886 0.4251199618 -0.2048779244 -0.03373299396 0.2288232951 0.4314982338 -0.004493006431 0.06159639484 0.2446785644 -0.9800690016 -0.1194607375 -0.1587258146 0.06111024029 0.5789547917 -0.8130663489 0.1890245766 -0.8065608975 -0.5601153703 0.0002752089928 -0.2724876394 0
0.9965388788 0.4282227216 -0.2063732364 -0.03419805918 0.2301608021 0.4304159569 -0.004557831538 0.0620232677 0.2445296843 -0.9795059249 -0.1218526758 -0.1603747754 0.06235588712 0.5736632785 -0.8167142623 0.1915199377 -0.8099767702 -0.5543083485 0.0002803930659 -0.2744764044 0
1.003759469 0.4313254815 -0.2078685485 -0.03466568013 0.2314914431 0.4293277324 -0.004623099057 0.06244965226 0.2443797892 -0.9789315545 -0.1242710429 -0.1620176519 0.06361613741 0.5683570056 -0.8203190241 0.1940257681 -0.8133431146 -0.5484769632 0.0002856446657 -0.2764651694 0
1.010980059 0.4344282413 -0.2093638605 -0.03513583988 0.2328151821 0.4282335997 -0.004688808365 0.06287554524 0.2442288805 -0.9783457639 -0.1267158037 -0.163654121 0.06489100099 0.5630364098 -0.8238805491 0.1965419147 -0.8166597249 -0.5426215711 0.0002909643243 -0.2784539344 0
1.01820065 0.4375310011 -0.2108591725 -0.03560852144 0.2341319832 0.4271335984 -0.004754958836 0.06330094334 0.2440769597 -0.9777484266 -0.1291869191 -0.1652838597 0.06618048595 0.5577019288 -0.8273987563 0.1990682236 -0.8199263983 -0.5367425303 0.0002963525748 -0.2804426994 0
1.02542124 0.4406337609 -0.2123544845 -0.03608370771 0.235441811 0.4260277682 -0.004821549838 0.06372584327 0.2439240283 -0.977139416 -0.131684346 -0.1669065449 0.06748459865 0.5523540004 -0.8308735687 0.2016045403 -0.8231429349 -0.5308402001 0.0003018099521 -0.2824314644 0
1.033544404 0.4441243658 -0.2140367106 -0.03662126481 0.2369069883 0.4247767918 -0.004896990498 0.06420325617 0.2437507743 -0.9764401687 -0.1345253427 -0.1687232325 0.0689692158 0.546322053 -0.834730772 0.2044696659 -0.8267013648 -0.5241726902 0.0003080327972 -0.2846688251 0
