0.01037042571 0.008296340571 0 -7.313045112e-06 0.002644419689 0.5099908587 -9.203826282e-07 0.0006593120057 0.2549988622 -0.9999999991 -2.922536021e-07 -4.25881747e-05 1.471983816e-07 0.9999467652 -0.01031827329 4.258892308e-05 -0.01031827329 -0.9999467643 6.00338618e-08 0
0.02052172024 0.01641737619 0 -2.863659916e-05 0.005232737475 0.5099642043 -3.626252417e-06 0.001307382592 0.2549955169 -0.9999999861 -2.268961314e-06 -0.0001667563831 1.136140834e-06 0.9997915557 -0.02041678475 0.0001667679486 -0.02041678466 -0.9997915418 5.672320277e-08 0
0.03067301476 0.02453841181 0 -6.397176522e-05 0.007820613107 0.5099200353 -8.122327215e-06 0.001955803656 0.254989958 -0.9999999306 -7.577592905e-06 -0.0003724775331 3.790925516e-06 0.9995344042 -0.03051188072 0.0003725353157 -0.03051188002 -0.9995343348 4.741687794e-08 0
0.04004344047 0.03203475238 0 -0.0001090221087 0.01020883984 0.5098637224 -1.385854829e-05 0.002554217567 0.2549828657 -0.9999997984 -1.685891432e-05 -0.0006346926873 8.431695307e-06 0.9992066325 -0.03982593958 0.0006348605649 -0.0398259369 -0.999206431 2.070007885e-07 0
0.05019473499 0.040155788 0 -0.000171291384 0.01279525068 0.5097858858 -2.178947992e-05 0.003202339011 0.2549730599 -0.9999995024 -3.320006638e-05 -0.0009970055529 1.660159072e-05 0.998753733 -0.04990972472 0.0009974200239 -0.04990971644 -0.9987532355 4.408739634e-07 0
0.06034602952 0.04827682361 0 -0.000247557807 0.01538058046 0.5096905527 -3.15050448e-05 0.003850312635 0.2549610476 -0.9999989607 -5.767801479e-05 -0.001440563087 2.883829405e-05 0.9981992682 -0.05998516621 0.001441428845 -0.05998514541 -0.9981982291 7.338812302e-07 0
0.07049732404 0.05639785923 0 -0.0003378136449 0.01796461081 0.5095777329 -4.300475808e-05 0.004498149834 0.2549468293 -0.9999980648 -9.193006662e-05 -0.001965200619 4.595930372e-05 0.9975434395 -0.0700505833 0.001966812739 -0.07005053805 -0.9975415048 1.084676058e-06 0
0.08064861856 0.06451889485 0 -0.0004420497474 0.0205471235 0.5094474378 -5.628820746e-05 0.005145852881 0.2549304056 -0.9999966862 -0.0001375889813 -0.002570723392 6.877938589e-05 0.9967864849 -0.08010429892 0.002573483803 -0.08010421029 -0.9967831723 1.493010155e-06 0
0.09001904428 0.07201523542 0 -0.0005506670913 0.02292944577 0.5093116661 -7.013269679e-05 0.005743610429 0.2549132883 -0.9999948576 -0.0001912676505 -0.003201265252 9.560434926e-05 0.995998238 -0.08937281917 0.00320554868 -0.08937266564 -0.9959930979 1.921220825e-06 0
0.1001703388 0.08013627104 0 -0.0006817573917 0.02550842721 0.5091478033 -8.684523533e-05 0.006391041969 0.2548926248 -0.9999921178 -0.0002634318068 -0.003961678997 0.0001316621031 0.9950476144 -0.09939933462 0.003968244182 -0.09939907274 -0.9950397366 2.441170616e-06 0
0.1103216333 0.08825730666 0 -0.0008267930891 0.02808525419 0.5089665086 -0.0001053402331 0.007038319592 0.2548697576 -0.9999884073 -0.0003517422937 -0.004802237047 0.0001757805989 0.9939967706 -0.1094092732 0.004811891986 -0.109408849 -0.9939851857 3.020107663e-06 0
0.1204729278 0.09637834228 0 -0.0009857594821 0.03065970932 0.5087678006 -0.0001256171813 0.007685432416 0.2548446871 -0.9999835208 -0.0004578067153 -0.005722627543 0.0002287594903 0.9928460878 -0.1194009783 0.005736350938 -0.1194003197 -0.9928296218 3.658875234e-06 0
0.1306242224 0.1044993779 0 -0.001158640459 0.03323157543 0.5085516994 -0.0001476755268 0.008332368614 0.2548174141 -0.9999772336 -0.000583224413 -0.006722509068 0.0002913934672 0.9915959832 -0.1293727996 0.006741466364 -0.1293718131 -0.9915732381 4.358429596e-06 0
0.1407755169 0.1126204135 0 -0.001345418497 0.03580063569 0.5083182269 -0.0001715146707 0.008979115731 0.2547879393 -0.9999693016 -0.00072958572 -0.007801510791 0.0003644718089 0.9902469099 -0.1393230945 0.007827070094 -0.1393216609 -0.990216245 5.119825713e-06 0
0.1501459426 0.1201167541 0 -0.001530147319 0.03816939825 0.5080873159 -0.0001951000672 0.009575934103 0.2547587783 -0.9999602926 -0.000884644553 -0.008867391892 0.0004418765061 0.9889141917 -0.1484874616 0.008900448309 -0.1484854839 -0.9888745335 5.878530606e-06 0
0.1602972371 0.1282377897 0 -0.001743596061 0.04073245432 0.5078205049 -0.0002223619687 0.01022228111 0.2547250716 -0.9999484414 -0.001075715446 -0.01009739817 0.0005372366556 0.9873761989 -0.1583917715 0.0101403151 -0.1583890297 -0.9873247132 6.762143087e-06 0
0.1704485316 0.1363588253 0 -0.001970882592 0.04329207256 0.5075363968 -0.0002514026494 0.0108684006 0.2546891656 -0.9999341227 -0.001292320011 -0.01140527356 0.0006453130963 0.9857407661 -0.1682698002 0.01146010152 -0.168266075 -0.9856749941 7.711174698e-06 0
0.1805998262 0.1444798609 0 -0.002211983883 0.04584803751 0.5072350201 -0.0002822213255 0.01151427901 0.2546510613 -0.999917018 -0.001536006128 -0.01279053344 0.0007668696107 0.9840084853 -0.1781199391 0.01285958676 -0.178114967 -0.9839256525 8.727002638e-06 0
0.1907511207 0.1526008966 0 -0.002466875512 0.0484001341 0.5069164056 -0.0003148171656 0.01215990269 0.2546107597 -0.9998967905 -0.001808309064 -0.0142526647 0.0009026624085 0.9821799834 -0.1879405899 0.01433853665 -0.187934058 -0.9820769808 9.811076476e-06 0
0.2001215464 0.1600972371 0 -0.002714377732 0.0507522965 0.5066070278 -0.0003464822384 0.01275562502 0.254571609 -0.9998750399 -0.00208638159 -0.01567008556 0.001041292561 0.9804073035 -0.1969782601 0.01577403815 -0.1969699628 -0.9802826192 1.087364582e-05 0
0.2102728409 0.1682182727 0 -0.002995715472 0.05329635111 0.5062553557 -0.0003824931894 0.01340072013 0.2545270849 -0.9998477918 -0.002417982378 -0.01727850028 0.001206558493 0.9783956493 -0.2067377508 0.01740509774 -0.2067271311 -0.9782438121 1.209328875e-05 0
0.2204241355 0.1763393084 0 -0.003290764175 0.05583591131 0.5058865448 -0.0004202786006 0.01404552016 0.2544803669 -0.9998163306 -0.002782608659 -0.01896212495 0.001388223721 0.9762898031 -0.2164631452 0.01911486146 -0.2164497112 -0.9761066256 1.338580271e-05 0
0.23057543 0.184460344 0 -0.003599493968 0.05837076389 0.5055006325 -0.0004598374533 0.01469001121 0.2544314563 -0.9997802479 -0.003181739357 -0.02072033673 0.00158701063 0.9740905253 -0.2261528905 0.02090304324 -0.2261360763 -0.9738714175 1.475289412e-05 0
0.2407267245 0.1925813796 0 -0.003921873594 0.06090069617 0.505097658 -0.0005011686811 0.01533417937 0.2543803543 -0.9997391179 -0.003616837317 -0.0225524854 0.001803631956 0.9717986099 -0.2358054469 0.0227693439 -0.2357846058 -0.9715385616 1.619632857e-05 0
0.2500971502 0.2000777202 0 -0.004231541827 0.06323146768 0.5047105727 -0.0005408927351 0.0159284975 0.2543312393 -0.9996962886 -0.004051640688 -0.02430873874 0.002020027324 0.9696014873 -0.2446811708 0.02456114943 -0.2446559626 -0.9692988238 1.759806476e-05 0
0.2602484447 0.2081987558 0 -0.00458007823 0.06575134212 0.5042749022 -0.000585629204 0.01657200555 0.2542759271 -0.9996441908 -0.00455995581 -0.02628114696 0.002272911534 0.9671337745 -0.2542579323 0.02657678979 -0.2542271997 -0.966779295 1.919348167e-05 0
0.2703997393 0.2163197914 0 -0.004942165225 0.06826567782 0.5038222935 -0.0006321346574 0.01721514995 0.2542184276 -0.999585701 -0.00510841559 -0.02832543725 0.00254565437 0.9645759321 -0.2637930836 0.02866959974 -0.2637559011 -0.964163305 2.087071907e-05 0
0.2805510338 0.224440827 0 -0.005317766179 0.07077426442 0.5033527923 -0.0006804078417 0.01785791674 0.2541587425 -0.9995203262 -0.005698413246 -0.03044085485 0.002838926792 0.961928881 -0.273285141 0.03083922911 -0.2732404727 -0.9614512916 2.263175157e-05 0
0.2907023283 0.2325618626 0 -0.005706843096 0.07327689219 0.5028664461 -0.0007304474558 0.01850029196 0.2540968734 -0.9994475564 -0.006331322621 -0.03262661908 0.003153388139 0.9591935739 -0.2827326368 0.0330853149 -0.2826793273 -0.9586437085 2.447860144e-05 0
0.300072754 0.2400582032 0 -0.006077917925 0.07558154042 0.5024026026 -0.0007782045405 0.01909289407 0.2540378264 -0.9993733662 -0.006954805128 -0.03470598861 0.003463026917 0.9565911912 -0.2914125946 0.0352261608 -0.2913501734 -0.9559676742 2.62613427e-05 0
0.3102240485 0.2481792388 0 -0.006492798387 0.0780721219 0.501884002 -0.0008316373032 0.01973447703 0.2539717621 -0.999284883 -0.007674024295 -0.03702474694 0.003820044911 0.9536889516 -0.300770329 0.03761821091 -0.3006966792 -0.9529776374 2.827907524e-05 0
0.3203753431 0.2563002744 0 -0.006921035993 0.08055613543 0.501348705 -0.0008868324196 0.02037562763 0.2539035187 -0.9991874224 -0.008440053893 -0.03941142457 0.00420010889 0.9507014165 -0.3100793057 0.04008558321 -0.3099928745 -0.9498934487 3.038878944e-05 0
0.3305266376 0.2644213101 0 -0.007362587456 0.08303337403 0.5007967657 -0.0009437884022 0.02101633191 0.2538330982 -0.9990804121 -0.009254185598 -0.04186514248 0.004603828926 0.9476296575 -0.3193381233 0.04262786489 -0.3192372037 -0.9467156241 3.259267408e-05 0
0.3406779321 0.2725423457 0 -0.007817408153 0.08550363151 0.5002282398 -0.001002503716 0.02165657594 0.2537605024 -0.9989632648 -0.01011768862 -0.04438499749 0.005031801633 0.9444747758 -0.3285453984 0.04524463059 -0.3284281203 -0.9434446953 3.489295546e-05 0
0.3500483578 0.2800386863 0 -0.008248980349 0.08777749525 0.4996887746 -0.001058262635 0.02224714988 0.2536915619 -0.9988456107 -0.01095966712 -0.04676891776 0.005448883643 0.9414897764 -0.3369974935 0.04772583827 -0.3368633056 -0.9403432127 3.710380699e-05 0
0.3601996523 0.2881597219 0 -0.008729188493 0.09023375082 0.4990885144 -0.001120356789 0.02288646967 0.2536147886 -0.9987072634 -0.01192159704 -0.04941333373 0.005925121871 0.9381782434 -0.3461018298 0.05048460118 -0.3459471913 -0.9368947891 3.959585366e-05 0
0.3703509469 0.2962807575 0 -0.009222527822 0.0926824271 0.4984718402 -0.001184205514 0.02352528853 0.2535358458 -0.9985569775 -0.01293647389 -0.05212111161 0.006427276185 0.9347869694 -0.355150689 0.05331653358 -0.3549731954 -0.9333549045 4.219100268e-05 0
0.3805022414 0.3044017931 0 -0.00972894852 0.0951233211 0.4978388143 -0.00124980709 0.02416359255 0.2534547359 -0.9983941089 -0.01400547306 -0.05489125707 0.00695588699 0.9313171657 -0.3641427639 0.05622116163 -0.3639398077 -0.9297241512 4.489161023e-05 0
0.3906535359 0.3125228287 0 -0.01024839947 0.09755623068 0.4971895007 -0.001317159749 0.02480136786 0.2533714608 -0.9982179995 -0.01512974464 -0.05772275357 0.007511479538 0.9277700702 -0.3730767677 0.05919799935 -0.372845528 -0.9260031367 4.770006149e-05 0
0.4000239616 0.3200191693 0 -0.01073941264 0.09979473259 0.4965757342 -0.001380884081 0.02538960226 0.2532926719 -0.9980431046 -0.01621756481 -0.06038999858 0.008048723608 0.9244283189 -0.3812709027 0.06200951045 -0.3810108579 -0.9224887787 5.039028338e-05 0
0.4101752561 0.3281402049 0 -0.01128377329 0.1022117228 0.4958952834 -0.001451599064 0.02602632183 0.2532052397 -0.9978396344 -0.01745126646 -0.06333654089 0.008657623252 0.920736161 -0.3900896916 0.06512380266 -0.3897952991 -0.9185959477 5.341293007e-05 0
0.4203265507 0.3362612405 0 -0.01184100731 0.1046201429 0.4951987409 -0.001524059691 0.02666247218 0.2531156491 -0.9976209248 -0.01874345206 -0.06634133937 0.009294950066 0.9169704785 -0.3988467694 0.06830881501 -0.3985145224 -0.9146147174 5.655054483e-05 0
0.4304778452 0.3443822762 0 -0.0124110585 0.1070197946 0.4944861769 -0.001598264009 0.02729803948 0.2530239026 -0.9973862677 -0.02009516723 -0.06940329447 0.009961166781 0.9131326094 -0.4075409339 0.0715640146 -0.4071670688 -0.9105457539 5.980561256e-05 0
0.4406291397 0.3525033118 0 -0.0129938694 0.1094104804 0.4937576633 -0.001674210017 0.02793300992 0.2529300027 -0.9971349425 -0.02150742969 -0.07252128659 0.01065671945 0.9092239155 -0.4161710056 0.07488885679 -0.4157514907 -0.906389738 6.318064029e-05 0
0.4507804342 0.3606243474 0 -0.01358938126 0.1117920037 0.4930132734 -0.001751895669 0.02856736971 0.2528339519 -0.9968662171 -0.0229812288 -0.07569417657 0.01138203714 0.905245782 -0.4247358277 0.0782827853 -0.4242663518 -0.9021473651 6.667815601e-05 0
0.46015086 0.368120688 0 -0.01415030568 0.1139820315 0.4923121179 -0.001825147754 0.02915237868 0.2527433827 -0.9966020763 -0.0243971082 -0.07867072262 0.01207833628 0.9015132435 -0.4325829233 0.0814764707 -0.432063251 -0.8981552939 7.001755228e-05 0
0.4703021545 0.3762417236 0 -0.01477007274 0.1163453862 0.4915374091 -0.001906172949 0.02978552543 0.2526432028 -0.9962977904 -0.02599192128 -0.08194591379 0.01286203679 0.8974055496 -0.4410191011 0.08500165156 -0.4404403474 -0.8937488571 7.375779901e-05 0
0.480453449 0.3843627592 0 -0.01540236183 0.1186990101 0.4907470477 -0.001988931535 0.0304180213 0.2525408798 -0.9959739013 -0.02765099583 -0.0852725652 0.01367665668 0.8932325942 -0.4493867841 0.08859422672 -0.4487437522 -0.8892581784 7.762803288e-05 0
0.4906047435 0.3924837948 0 -0.01604710932 0.1210427109 0.4899411134 -0.002073421282 0.03104985258 0.2524364162 -0.9956296347 -0.02937520541 -0.08864946556 0.01452255584 0.8889958487 -0.4576849096 0.0922535951 -0.4569720762 -0.884684009 8.163085359e-05 0
0.500756038 0.4006048304 0 -0.01670425031 0.1233762972 0.4891196871 -0.002159639911 0.03168100555 0.2523298151 -0.9952642069 -0.03116539299 -0.09207538641 0.01540007588 0.8846968047 -0.4659124396 0.09597914443 -0.4651239426 -0.8800271143 8.576887673e-05 0
0.5101264638 0.408101171 0 -0.01732178498 0.1255212353 0.4883477688 -0.002240758841 0.03226299442 0.2522295192 -0.9949074208 -0.03287713692 -0.0952802077 0.01623844001 0.8806744689 -0.4734435477 0.09947631466 -0.4725797009 -0.875655691 8.971086728e-05 0
0.5202777583 0.4162222066 0 -0.01800257276 0.1278348377 0.487496784 -0.002330295674 0.03289280452 0.2521188153 -0.9944990607 -0.03479646031 -0.09879688525 0.01717766141 0.8762598851 -0.4815324929 0.1033273736 -0.4805807114 -0.8708419109 9.411630107e-05 0
0.5304290528 0.4243432422 0 -0.01869555738 0.1301377734 0.4866305533 -0.002421554466 0.03352189637 0.2520059824 -0.9940671958 -0.03678404658 -0.1023588989 0.01814939533 0.8717874741 -0.4895479543 0.1072427607 -0.4885013142 -0.8659477214 9.866466595e-05 0
0.5405803473 0.4324642779 0 -0.01940066917 0.1324298557 0.4857491635 -0.002514532757 0.03415025634 0.2518910234 -0.9936110075 -0.03884061487 -0.105964958 0.0191539095 0.8672588011 -0.4974889945 0.1112218209 -0.4963401843 -0.8609739415 0.0001033586319 0
0.5507316418 0.4405853135 0 -0.02011783732 0.1347108991 0.4848527034 -0.002609228042 0.03477787085 0.2517739415 -0.9931296699 -0.04096685186 -0.1096137571 0.02019145227 0.8626754487 -0.5053547027 0.1152638883 -0.50409601 -0.8559214034 0.0001082008809 0
0.5601020676 0.448081654 0 -0.0207904773 0.1368065206 0.4840119034 -0.002698160825 0.0353565339 0.2516639843 -0.9926623157 -0.04299193429 -0.1130186736 0.02117869759 0.8583975121 -0.5125477284 0.1190503665 -0.5111804033 -0.851188349 0.0001128045905 0
0.5702533621 0.4562026897 0 -0.02153062725 0.1390658189 0.4830867159 -0.002796150804 0.03598267665 0.2515428287 -0.9921302654 -0.04525395862 -0.1167459453 0.02228038293 0.8537135142 -0.5202661052 0.1232116921 -0.5187728934 -0.8459867399 0.0001179395789 0
0.5804046566 0.4643237253 0 -0.0222826197 0.1413135434 0.4821467254 -0.002895850186 0.03660803428 0.2514195595 -0.9915706104 -0.04758746948 -0.1205120632 0.02341571003 0.8489795539 -0.527906641 0.1274340189 -0.5262785858 -0.8407088801 0.0001232307532 0
0.5905559511 0.4724447609 0 -0.0230463792 0.1435495138 0.481192026 -0.002997256281 0.0372325933 0.2512941801 -0.9909824982 -0.04999302299 -0.1243156702 0.02458484949 0.844197274 -0.5354685311 0.1317166404 -0.5336962247 -0.8353556526 0.0001286808369 0
0.6007072457 0.4805657965 0 -0.02382182917 0.1457735508 0.4802227135 -0.003100366358 0.0378563402 0.2511666938 -0.9903650708 -0.05247114124 -0.1281553971 0.02578795166 0.8393683308 -0.5429509984 0.1360588403 -0.5410245692 -0.8299279532 0.0001342925625 0
0.6100776714 0.4880621371 0 -0.02454793807 0.1478157625 0.4793150774 -0.003197054896 0.03843137411 0.2510471471 -0.9897683719 -0.05482346405 -0.1317306262 0.02692876464 0.8348708714 -0.5497867494 0.1401192767 -0.5477088788 -0.8248524549 0.0001396184565 0
0.6202289659 0.4961831727 0 -0.02534565023 0.1500163521 0.4783179372 -0.003303434008 0.03905352143 0.2509156187 -0.9890921383 -0.05744247115 -0.135635926 0.02819752721 0.8299568939 -0.5571143991 0.1445739997 -0.55486207 -0.8192841033 0.0001455487438 0
0.6303802604 0.5043042083 0 -0.02615482244 0.1522044923 0.477306472 -0.003411508847 0.03967481735 0.2507819937 -0.9883840529 -0.0601353717 -0.1395732818 0.02950057452 0.8250011666 -0.5643605153 0.1490861496 -0.5619224254 -0.8136439687 0.0001516487086 0
0.6405315549 0.5124252439 0 -0.0269753737 0.1543800094 0.4762807829 -0.0035212765 0.04029524846 0.2506462755 -0.9876432397 -0.06290255192 -0.1435412835 0.03083797615 0.8200053923 -0.5715244315 0.1536549717 -0.5688887637 -0.8079329949 0.0001579211154 0
0.6506828495 0.5205462796 0 -0.02780722188 0.1565427308 0.4752409727 -0.003632734008 0.04091480142 0.2505084679 -0.9868688191 -0.06574436288 -0.1475385123 0.03220978077 0.8149712842 -0.5786055098 0.1582797015 -0.5757599194 -0.8021521373 0.0001643687353 0
0.6600532752 0.5280426201 0 -0.02858503664 0.1585275842 0.4742687042 -0.003737115136 0.04148590548 0.2503794096 -0.9861233772 -0.06843408689 -0.1512529691 0.03350662144 0.8102918802 -0.5850678382 0.162597636 -0.5820170485 -0.7967547704 0.0001704783014 0
0.6702045697 0.5361636558 0 -0.02943837484 0.1606652195 0.4732020314 -0.003851813883 0.04210373219 0.2502375943 -0.9852818446 -0.07142027503 -0.1553023855 0.03494464519 0.805188901 -0.5919879268 0.1673276977 -0.5887019433 -0.7908422495 0.000177270683 0
0.6803558642 0.5442846914 0 -0.03030276368 0.1627895634 0.4721215454 -0.003968193575 0.04272064181 0.2500937005 -0.9844041184 -0.07448191661 -0.1593768356 0.03641709347 0.8000526456 -0.5988234794 0.1721113794 -0.5952883405 -0.7848627044 0.0001842464156 0
0.6905071587 0.552405727 0 -0.0311781168 0.1649004494 0.471027354 -0.004086251075 0.04333662109 0.2499477321 -0.98348931 -0.07761922296 -0.1634748708 0.03792393206 0.7948848593 -0.6055739723 0.1769478809 -0.601775138 -0.7788171356 0.0001914082948 0
0.7006584533 0.5605267626 0 -0.03206434679 0.1669977121 0.4699195665 -0.004205983201 0.0439516568 0.249799693 -0.9825365295 -0.08083236944 -0.1675950367 0.03946510543 0.7896872933 -0.612238911 0.1818363927 -0.6081612506 -0.7727065546 0.0001987591218 0
0.710028879 0.5680231032 0 -0.03289198279 0.1689214138 0.4688850215 -0.004317988727 0.04451853315 0.2496612072 -0.9816225666 -0.08386578557 -0.1714166468 0.04091813552 0.7848646281 -0.6183148241 0.1863943212 -0.6139658342 -0.7670091991 0.0002057146325 0
0.7201801735 0.5761441388 0 -0.03379888032 0.1709920193 0.4677513996 -0.004440932177 0.0451317172 0.2495091973 -0.9805942596 -0.08722513858 -0.1755752639 0.04252510267 0.7796147366 -0.6248139548 0.1913805469 -0.6201553335 -0.7607764774 0.0002134367124 0
0.730331468 0.5842651744 0 -0.03471639327 0.1730485275 0.4666045084 -0.004565540692 0.04574391916 0.2493551285 -0.979525377 -0.09066063702 -0.1797517309 0.04416611961 0.7743402145 -0.6312262558 0.1964163683 -0.6262410726 -0.754481762 0.0002213559568 0
0.7404827625 0.59238621 0 -0.0356444302 0.1750907792 0.4654444623 -0.004691810912 0.0463551259 0.249199005 -0.9784150287 -0.09417231416 -0.1839445753 0.04584104674 0.7690428309 -0.637551349 0.2015009429 -0.6322220333 -0.7481261061 0.0002294751857 0
0.7506340571 0.6005072457 0 -0.03658289864 0.1771186168 0.4642713767 -0.004819739435 0.04696532435 0.2490408309 -0.9772623259 -0.09776016689 -0.1881523216 0.04754972298 0.7637243573 -0.6437888861 0.2066334198 -0.638097215 -0.741710573 0.0002377972234 0
0.7600044828 0.6080035862 0 -0.03745835517 0.1789775385 0.463177056 -0.004939296187 0.04752767823 0.2488930077 -0.9761599323 -0.1011396088 -0.1920483433 0.04915675988 0.7587978118 -0.6494686241 0.2114128652 -0.6434257224 -0.7357363251 0.0002456615579 0
0.7701557773 0.6161246218 0 -0.03841662077 0.1809772198 0.461979224 -0.005070404022 0.04813590096 0.2487309023 -0.9749232859 -0.1048738105 -0.196280591 0.0509298065 0.7534437659 -0.6555369146 0.2166350418 -0.6490947354 -0.7292086692 0.0002543815649 0
0.7803070718 0.6242456575 0 -0.03938504202 0.1829620357 0.4607686975 -0.005203159954 0.04874307732 0.2485667589 -0.9736416972 -0.1086839697 -0.2005234154 0.05273600812 0.7480738161 -0.6615168019 0.2219025886 -0.6546551462 -0.7226243012 0.0002633126585 0
0.7904583663 0.6323666931 0 -0.04036352266 0.184931835 0.4595455967 -0.005337560404 0.04934919433 0.2484005819 -0.972314286 -0.1125699406 -0.2047753346 0.05457511935 0.7426897365 -0.6674080548 0.2272146244 -0.6601060246 -0.715984323 0.0002724576775 0
0.8006096609 0.6404877287 0 -0.04135196548 0.1868864683 0.4583100432 -0.005473601751 0.04995423905 0.2482323758 -0.9709401756 -0.1165315406 -0.2090348668 0.05644687341 0.7372933003 -0.6732104721 0.2325702603 -0.6654464586 -0.7092898454 0.0002818194638 0
0.8107609554 0.6486087643 0 -0.04235027232 0.1888257876 0.4570621596 -0.005611280325 0.05055819859 0.2480621451 -0.9695184929 -0.120568551 -0.2133005306 0.05835098208 0.7318862786 -0.6789238824 0.2379686003 -0.6706755547 -0.7025419885 0.0002914008628 0
0.8201313811 0.6561051049 0 -0.04328045571 0.1906022099 0.4558994304 -0.005739818193 0.05111472539 0.2479032161 -0.9681631955 -0.1243617345 -0.2172422285 0.06013707063 0.7268873155 -0.6841186764 0.2429888055 -0.675402835 -0.6962667957 0.0003004426164 0
0.8302826756 0.6642261405 0 -0.04429745257 0.1925116702 0.4546281843 -0.005880634816 0.05171656189 0.2477291049 -0.966647591 -0.1285430166 -0.2215155249 0.06210251133 0.721464904 -0.6896605472 0.2484667241 -0.680415377 -0.6894194672 0.0003104543544 0
0.8404339702 0.6723471761 0 -0.04532402132 0.1944053942 0.4533449734 -0.006023077696 0.05231727568 0.2475529826 -0.9650818893 -0.1327988618 -0.2257906315 0.06409934212 0.7160370653 -0.695113081 0.2539846871 -0.6853140765 -0.6825220841 0.0003206940374 0
0.8505852647 0.6804682117 0 -0.04636006024 0.1962832409 0.4520499247 -0.006167142994 0.05291685399 0.247374854 -0.9634652373 -0.1371289094 -0.2300660747 0.0661271915 0.7106055554 -0.7004762232 0.2595417713 -0.6900981139 -0.6755758004 0.0003311645211 0
0.8607365592 0.6885892474 0 -0.04740546675 0.1981450709 0.4507431666 -0.006312826826 0.05351528409 0.2471947238 -0.9617967879 -0.1415327628 -0.2343403847 0.06818566692 0.7051721243 -0.7057499486 0.265137047 -0.694766689 -0.6685817782 0.000341868663 0
0.8701069849 0.6960855879 0 -0.04837868238 0.1998493483 0.449526647 -0.006448737384 0.05406665099 0.2470266774 -0.9602099797 -0.1456629931 -0.238283628 0.07011262371 0.7001564524 -0.7105386423 0.270335005 -0.6989729856 -0.6620843983 0.0003519592717 0
0.8802582794 0.7042066235 0 -0.04944181203 0.201679992 0.448197735 -0.006597522708 0.05466283731 0.2468427117 -0.9584395636 -0.1502075348 -0.2425516426 0.0722288152 0.6947242214 -0.7156404505 0.276001089 -0.7034173389 -0.6550018673 0.0003631207963 0
0.890409574 0.7123276592 0 -0.05051400453 0.203494222 0.4468574943 -0.006747914968 0.05525783839 0.2466567587 -0.9566149136 -0.1548245187 -0.246814253 0.07437436568 0.689295145 -0.7206529378 0.2817026106 -0.7077440013 -0.6478750403 0.0003745243442 0
0.9005608685 0.7204486948 0 -0.05159515398 0.2052919061 0.4455060575 -0.006899910108 0.05585164162 0.2464688234 -0.9547352111 -0.1595134088 -0.2510700085 0.07654880113 0.6838709437 -0.7255761941 0.2874386157 -0.711952249 -0.6407051095 0.0003861727803 0
0.910712163 0.7285697304 0 -0.05268515368 0.2070729137 0.4441435579 -0.007053504033 0.05644423446 0.2462789108 -0.9527996458 -0.1642736342 -0.2553174653 0.07875162711 0.6784533282 -0.7304103386 0.2932081448 -0.7160413777 -0.6334932748 0.0003980689712 0
0.9200825887 0.736066071 0 -0.05369906953 0.208702008 0.4428761631 -0.007196698501 0.05699015808 0.2461018564 -0.9509626947 -0.1687304803 -0.259229586 0.08080975881 0.6734597687 -0.73479366 0.2985627842 -0.7197096393 -0.6268000471 0.0004092724516 0
0.9302338832 0.7441871066 0 -0.05480578606 0.2104505857 0.4414927674 -0.00735335534 0.05758038806 0.2459081557 -0.9489174569 -0.1736261561 -0.2634570512 0.08306571778 0.668059589 -0.7394568764 0.3043940644 -0.7235677877 -0.619511025 0.000421653156 0
0.9403851778 0.7523081422 0 -0.05592103637 0.2121821163 0.4400987045 -0.007511598742 0.05816937113 0.2457124929 -0.9468140405 -0.1785912992 -0.2676720392 0.08534850619 0.6626709352 -0.7440314941 0.3102560317 -0.7273048738 -0.6121836451 0.0004342900018 0
0.9505364723 0.7604291778 0 -0.05704471066 0.2138964765 0.4386941117 -0.007671424444 0.05875709489 0.2455148731 -0.9446516724 -0.1836252033 -0.2718731367 0.08765755092 0.6572954739 -0.7485177444 0.3161477052 -0.7309202725 -0.6048191331 0.00044718586 0
0.9606877668 0.7685502134 0 -0.0581766984 0.2155935452 0.437279127 -0.007832828137 0.05934354695 0.2453153016 -0.9424295903 -0.1887271282 -0.27605894 0.08999225922 0.651934859 -0.752915887 0.3220680993 -0.7344133786 -0.5974187214 0.0004603436023 0
0.9700581925 0.776046554 0 -0.05922889274 0.2171446193 0.4359638841 -0.007983212986 0.05988374793 0.2451293541 -0.9403247869 -0.1934963023 -0.2799079779 0.09216962381 0.6470011947 -0.7568977569 0.3275577134 -0.737528735 -0.5905567792 0.0004727241363 0
0.980209487 0.7841675896 0 -0.06037655452 0.2188081012 0.4345293069 -0.008147639017 0.06046771979 0.2449260444 -0.9379857679 -0.1987268332 -0.2840604602 0.09455194791 0.6416737273 -0.7611272934 0.333530551 -0.7407850386 -0.5830908146 0.0004863935759 0
0.9903607816 0.7922886253 0 -0.06153220245 0.2204539479 0.4330847469 -0.008313630207 0.06105038402 0.2447207988 -0.9355848706 -0.2040230302 -0.2881936033 0.09695809233 0.6363658587 -0.7652696402 0.3395292007 -0.7439173993 -0.5755925858 0.0005003332972 0
1.000512076 0.8004096609 0 -0.0626957232 0.2220820459 0.431630346 -0.008481182083 0.06163172839 0.2445136228 -0.9331213783 -0.2093840233 -0.2923060452 0.09938738932 0.6310791847 -0.769325165 0.345552659 -0.7469252931 -0.5680633472 0.0005145461737 0
1.010663371 0.8085306965 0 -0.06386700271 0.2236922833 0.4301662466 -0.008650290131 0.06221174071 0.244304522 -0.9305945867 -0.2148089103 -0.296396436 0.1018391526 0.6258152845 -0.7732942626 0.3515999179 -0.7498082166 -0.5605043587 0.0005290350788 0
1.020033796 0.8160270371 0 -0.06495497109 0.2251627087 0.4288062861 -0.008807767144 0.06274594392 0.2441098022 -0.9282053827 -0.2198724016 -0.3001514526 0.10412165 0.6209778645 -0.7768816987 0.3572022529 -0.752358039 -0.5535015191 0.0005426569334 0
1.030185091 0.8241480727 0 -0.06614084832 0.226738292 0.4273239396 -0.008979854985 0.06332336055 0.2438970155 -0.9255549303 -0.2254175087 -0.30419569 0.1066146214 0.6157621354 -0.780685798 0.3632924353 -0.7549992976 -0.5458888779 0.0005576847382 0
1.040336385 0.8322691083 0 -0.06733414716 0.2282956992 0.4258323161 -0.009153485561 0.06389940977 0.2436823204 -0.9228391961 -0.2310236908 -0.3082140044 0.1091279488 0.6105736956 -0.7844047763 0.3694034502 -0.7575142352 -0.5382501968 0.0005729969696 0
1.05048768 0.8403901439 0 -0.068534751 0.2298348264 0.4243315613 -0.009328654193 0.06447407956 0.2434657228 -0.9200575292 -0.2366899229 -0.3122050983 0.1116608753 0.6054140532 -0.7880391317 0.3755342753 -0.759902431 -0.5305867539 0.0005885964996 0
1.060638974 0.8485111795 0 -0.06974254263 0.2313555716 0.4228218217 -0.009505356163 0.06504735795 0.2432472283 -0.9172092935 -0.2424151493 -0.3161676887 0.1142126268 0.6002846966 -0.7915893878 0.3816838847 -0.7621634854 -0.5228998315 0.0006044861993 0
1.0700094 0.8560075201 0 -0.07086370501 0.2327429345 0.4214203687 -0.009669822509 0.06557529272 0.2430438626 -0.9145205305 -0.2477513974 -0.3197990688 0.1165841146 0.5955780567 -0.7947923771 0.38737623 -0.7641374376 -0.515784483 0.000619413644 0
1.080160695 0.8641285557 0 -0.07208498762 0.2342280503 0.4198937655 -0.00984945979 0.06614586184 0.2428217368 -0.9115425448 -0.2535869983 -0.3237032951 0.1191698302 0.5905110498 -0.7981824676 0.3935590687 -0.7661529445 -0.5080560256 0.0006358694291 0
1.090311989 0.8722495913 0 -0.07331311195 0.2356944976 0.4183586101 -0.01003061638 0.0667150048 0.2425977315 -0.9084962177 -0.2594783385 -0.3275753565 0.1217720116 0.5854785602 -0.8014901327 0.399757676 -0.7680402642 -0.5003078582 0.0006526237711 0
1.100463284 0.880370627 0 -0.07454795848 0.2371421821 0.4168150519 -0.01021328739 0.0672827098 0.2423718526 -0.9053809739 -0.2654242476 -0.3314140324 0.1243898197 0.5804819925 -0.8047159929 0.4059710148 -0.7697990811 -0.4925412774 0.0006696795364 0
1.110614578 0.8884916626 0 -0.07578940715 0.238571012 0.4152632411 -0.01039746792 0.06784896507 0.2421441061 -0.9021962543 -0.2714235273 -0.3352181193 0.1270223993 0.5755227288 -0.8078606926 0.4121980455 -0.7714291007 -0.4847575825 0.0006870395902 0
1.120765873 0.8966126982 0 -0.07703733736 0.2399808972 0.4137033283 -0.01058315299 0.0684137589 0.2419144982 -0.8989415169 -0.2774749518 -0.338986431 0.1296688801 0.5706021277 -0.8109249 0.4184377263 -0.7729300505 -0.476958076 0.0007047067956 0
1.130136298 0.9041090388 0 -0.07819492104 0.241265439 0.4122563487 -0.01075588566 0.06893379981 0.2417009055 -0.8958745434 -0.2831060812 -0.342432109 0.1321233578 0.5660955049 -0.8136825534 0.4242077567 -0.7742007661 -0.4697456259 0.0007212900795 0
1.140287593 0.9122300744 0 -0.07945497486 0.242638647 0.4106812814 -0.01094445 0.06949575041 0.2414677351 -0.8924836954 -0.2892542392 -0.3461283555 0.134794069 0.5612529848 -0.8165939297 0.4304688285 -0.7754528175 -0.4619193821 0.0007395560012 0
1.150438888 0.92035111 0 -0.08072115476 0.2439926594 0.4090985566 -0.01113450415 0.07005620558 0.2412327213 -0.8890213441 -0.2954508051 -0.3497854649 0.1374760507 0.5564529591 -0.8194268972 0.4367394935 -0.7765751258 -0.4540811478 0.0007581374318 0
1.160590182 0.9284721456 0 -0.08199333815 0.2453273944 0.4075083273 -0.011326043 0.07061515377 0.2409958703 -0.8854870163 -0.3016944498 -0.3534023245 0.1401683747 0.551696689 -0.8221822122 0.4430187024 -0.7775675034 -0.4462322344 0.0007770372258 0
1.170741477 0.9365931812 0 -0.08327140202 0.2466427722 0.4059107475 -0.0115190614 0.07117258351 0.2407571886 -0.8818802572 -0.3079838191 -0.3569778412 0.142870099 0.5469854097 -0.8248606527 0.4493054047 -0.7784297841 -0.4383739551 0.0007962582346 0
1.180111902 0.9440895218 0 -0.08445626585 0.2478397191 0.4044296677 -0.01169854093 0.07168577638 0.2405352475 -0.8784862757 -0.3138287829 -0.3602406951 0.1453715156 0.5426775147 -0.8272655181 0.4551142558 -0.7791101399 -0.431112983 0.0008142882698 0
1.190263197 0.9522105574 0 -0.08574529087 0.2491176554 0.4028183864 -0.01189438994 0.07224025387 0.2402930629 -0.8747390167 -0.320202189 -0.3637337087 0.1480886204 0.5380561293 -0.8297983865 0.4614124112 -0.7797218478 -0.4232403891 0.0008341350031 0
1.200414491 0.960331593 0 -0.0870398342 0.2503760137 0.4012002073 -0.0120917032 0.07279317958 0.2400490663 -0.8709181056 -0.3266172237 -0.3671823015 0.1508122958 0.5334831904 -0.8322567735 0.4677149824 -0.7802030984 -0.4153622762 0.0008543112689 0
1.210565786 0.9684526287 0 -0.08833977111 0.2516147226 0.3995752861 -0.01229047538 0.0733445422 0.2398032642 -0.8670231628 -0.3330724404 -0.370585462 0.1535415493 0.5289598255 -0.8346415372 0.474020915 -0.7805538113 -0.4074799624 0.0008748199059 0
1.22071708 0.9765736643 0 -0.08964497649 0.2528337128 0.3979437794 -0.01249070114 0.07389433048 0.239555663 -0.8630538284 -0.3395663705 -0.3739422004 0.156275376 0.5244871338 -0.836953555 0.4803291539 -0.7807739279 -0.3995947666 0.0008956637489 0
1.230087506 0.9840700049 0 -0.0908543491 0.2539413748 0.3964320636 -0.01267681042 0.07440042031 0.2393255171 -0.8593235054 -0.3455938403 -0.3769986878 0.1588020887 0.5204043973 -0.8390239329 0.4861532779 -0.7808611662 -0.3923147072 0.0009152041877 0
1.240238801 0.9921910405 0 -0.09216933314 0.2551222578 0.3947883336 -0.01287981633 0.07494714954 0.2390744749 -0.8552101734 -0.3521580131 -0.3802634523 0.1615418439 0.5160321356 -0.8411985899 0.4924629854 -0.7808300512 -0.3844276774 0.0009367006106 0
1.250390095 1.000312076 0 -0.09348921781 0.2562832319 0.3931384777 -0.01308425996 0.0754922718 0.2388216532 -0.8510215145 -0.3587564855 -0.3834790295 0.1642831705 0.5117135912 -0.8433031723 0.4987719136 -0.7806682937 -0.3765416225 0.0009585405021 0
1.26054139 1.008433112 0 -0.09481387661 0.2574242364 0.3914826542 -0.0132901358 0.07603577603 0.2385670587 -0.8467572493 -0.3653877082 -0.3866445182 0.1670250206 0.5074497464 -0.8453386288 0.505079007 -0.7803759206 -0.368657862 0.00098072668 0
1.270692684 1.016554147 0 -0.0961431827 0.2585452125 0.3898210216 -0.01349743832 0.07657765121 0.2383106981 -0.8424171196 -0.3720501132 -0.3897590409 0.1697663362 0.503241553 -0.8473059249 0.5113832103 -0.7799529811 -0.3607777149 0.001003261957 0
1.28006311 1.024050488 0 -0.09737424933 0.2595621341 0.3882821883 -0.01369005594 0.0770763883 0.238072496 -0.8383433053 -0.3782263301 -0.3925880101 0.1722953842 0.4994072579 -0.8490622423 0.5171989975 -0.7794467487 -0.3535080804 0.00102437603 0
1.290214404 1.032171524 0 -0.09871213489 0.2606444371 0.3866098314 -0.01390008635 0.07761509993 0.2378127584 -0.8338566349 -0.3849442261 -0.3956021425 0.1750326641 0.495308646 -0.850901235 0.523494679 -0.7787729374 -0.3456385873 0.001047590538 0
1.300365699 1.040292559 0 -0.1000542953 0.2617065525 0.3849321309 -0.01411152702 0.0781521506 0.2375512749 -0.8292934682 -0.3916886177 -0.3985628814 0.1777662641 0.4912682869 -0.8526749824 0.5297843892 -0.7779688278 -0.3377765592 0.001071162335 0
1.310516993 1.048413595 0 -0.1014006025 0.2627484303 0.3832492468 -0.01432437227 0.07868752952 0.2372880523 -0.8246536317 -0.3984578686 -0.4014694442 0.1804950913 0.4872870078 -0.8543845118 0.5360670758 -0.7770345545 -0.3299233113 0.001095094213 0
1.320668288 1.05653463 0 -0.1027509285 0.2637700224 0.3815613394 -0.01453861636 0.07922122591 0.2370230977 -0.8199369743 -0.4052503271 -0.4043210735 0.1832180448 0.4833656035 -0.8560308648 0.5423416876 -0.7759702738 -0.3220801578 0.001119388955 0
1.330038714 1.064030971 0 -0.104000839 0.2646949857 0.3799989513 -0.01473761675 0.0797123661 0.2367769931 -0.8155148407 -0.4115394458 -0.4069039556 0.1857253689 0.479799648 -0.8574954141 0.5481255622 -0.7748726233 -0.3148504181 0.001142139344 0
1.340190008 1.072152007 0 -0.1053585319 0.2656774399 0.3783018351 -0.01495453472 0.08024279681 0.2365087276 -0.8106501081 -0.418371837 -0.4096479076 0.1884339062 0.4759954992 -0.8590232521 0.5543816963 -0.7735588476 -0.3070303634 0.001167139706 0
1.350341303 1.080273042 0 -0.1067198675 0.2666394805 0.3766001656 -0.0151728346 0.08077151384 0.2362387508 -0.8057082413 -0.4252225241 -0.4123348577 0.1911333113 0.4722533578 -0.8604910362 0.5606266914 -0.7721156462 -0.2992242333 0.001192511033 0
1.360492597 1.088394078 0 -0.1080847167 0.2675810682 0.3748941041 -0.01539251052 0.08129850663 0.2359670698 -0.8006891778 -0.4320898007 -0.4149641487 0.1938224569 0.4685738875 -0.8618998591 0.5668595027 -0.7705432604 -0.2914333339 0.001218256083 0
1.370643892 1.096515113 0 -0.1094529503 0.2685021657 0.3731838121 -0.01561355657 0.08182376469 0.235693692 -0.7955928778 -0.4389719484 -0.4175351498 0.19650021 0.4649577178 -0.8632508257 0.5730790873 -0.7688419533 -0.2836589687 0.001244377605 0
1.380014317 1.104011454 0 -0.1107188272 0.2693341926 0.371601466 -0.01581881003 0.08230706954 0.2354398434 -0.7908200332 -0.4453364032 -0.4198561218 0.1989608863 0.4616764144 -0.8644474849 0.5788076026 -0.7671573348 -0.2764984319 0.001268826296 0
1.390165612 1.11213249 0 -0.1120932055 0.2702157893 0.3698834932 -0.01604247422 0.08282896225 0.2351632227 -0.7855751753 -0.4522422774 -0.4223133511 0.2016135278 0.4581836201 -0.8656903348 0.5849988285 -0.765208921 -0.2687595167 0.001295679501 0
1.400316907 1.120253525 0 -0.1134705896 0.2710767994 0.368161763 -0.01626749108 0.08334908985 0.2348849264 -0.7802530981 -0.4591579363 -0.4247105983 0.2042514372 0.4547557692 -0.8668786194 0.5911737928 -0.7631324786 -0.2610409294 0.001322917167 0
1.410468201 1.128374561 0 -0.1148508499 0.2719171944 0.3664364376 -0.01649385455 0.08386744204 0.234604962 -0.7748538534 -0.466081621 -0.4270473375 0.2068734638 0.4513933553 -0.8680134842 0.5973314623 -0.760928355 -0.2533439614 0.001350542012 0
1.420619496 1.136495596 0 -0.1162338564 0.2727369479 0.3647076795 -0.01672155857 0.0843840086 0.2343233367 -0.7693775164 -0.4730115638 -0.4293230693 0.2094784538 0.4480968369 -0.8690960834 0.6034708068 -0.7585969189 -0.2456699005 0.001378556741 0
1.43077079 1.144616632 0 -0.1176194793 0.2735360355 0.3629756509 -0.01695059701 0.08489877934 0.2340400582 -0.763824186 -0.4799459892 -0.431537322 0.2120652503 0.4448666372 -0.8701275796 0.6095907992 -0.7561385604 -0.2380200307 0.001406964054 0
1.440141216 1.152112973 0 -0.1189007255 0.2742552934 0.3613740931 -0.01716319619 0.08537234967 0.2337771094 -0.7586298034 -0.4863494347 -0.4335262953 0.2144359121 0.4419441128 -0.8710353843 0.6152219608 -0.7537570089 -0.2309811907 0.001433536959 0
1.45029251 1.160234008 0 -0.1202910143 0.2750145791 0.3596362322 -0.01739478351 0.08588363854 0.2334906726 -0.7529287743 -0.4932874657 -0.4356210933 0.2169844617 0.4388425074 -0.8719719015 0.6213018624 -0.7510557435 -0.223381436 0.001462706784 0
1.460443805 1.168355044 0 -0.1216835392 0.2757531407 0.357895576 -0.01762768717 0.08639310218 0.2332026045 -0.7471511775 -0.5002247524 -0.4376531904 0.2195114246 0.4358082533 -0.8728607568 0.6273594284 -0.7482288176 -0.2158096016 0.001492277018 0
1.470595099 1.176476079 0 -0.1230781702 0.2764709627 0.3561522872 -0.01786190093 0.08690073064 0.2329129128 -0.7412972053 -0.5071594963 -0.4396222227 0.2220156376 0.4328416334 -0.8737031401 0.6333936455 -0.7452767041 -0.2082669542 0.001522250319 0
1.480746394 1.184597115 0 -0.1244747771 0.2771680316 0.3544065286 -0.0180974185 0.08740651401 0.2326216051 -0.7353670741 -0.5140898949 -0.4415278545 0.2244959367 0.4299428948 -0.8745002468 0.6394035039 -0.742199897 -0.200754756 0.001552629331 0
1.49011682 1.192093456 0 -0.1257655939 0.2777930502 0.3527930076 -0.01831597109 0.08787174482 0.2323512781 -0.7298257175 -0.5204817675 -0.4432303596 0.2267632117 0.4273275687 -0.8751968892 0.6449285758 -0.7392495375 -0.1938485322 0.001581033875 0
1.500268114 1.200214491 0 -0.1271656349 0.2784501798 0.3510429564 -0.01855397818 0.08837395237 0.2320568845 -0.723749823 -0.5273987321 -0.4450132257 0.2291942519 0.4245599324 -0.8759103029 0.6508887682 -0.7359344 -0.1863984181 0.001612200495 0
1.510419409 1.208335527 0 -0.1285672714 0.2790865297 0.3492909108 -0.01879327052 0.08887428624 0.2317608976 -0.7175985396 -0.5343060665 -0.4467318696 0.231597978 0.4218606923 -0.8765819601 0.6568216749 -0.7324961321 -0.1789824121 0.001643780493 0
1.520570703 1.216456563 0 -0.1299703734 0.2797020951 0.3475370332 -0.01903384167 0.08937273678 0.2314633252 -0.7113721777 -0.5412019599 -0.4483860652 0.2339732289 0.4192299535 -0.8772130723 0.6627263032 -0.728935309 -0.1716017549 0.001675776465 0
1.530721998 1.224577598 0 -0.1313748111 0.2802968733 0.3457814862 -0.01927568519 0.08986929436 0.2311641751 -0.705071072 -0.548084601 -0.4499756145 0.2363188455 0.4166677847 -0.8778048533 0.6686016652 -0.7252525266 -0.1642576815 0.001708190997 0
1.540092423 1.232073939 0 -0.1326722881 0.280827449 0.3441596399 -0.01950004908 0.09032596682 0.230886643 -0.6991886357 -0.55442448 -0.451385365 0.2384567269 0.4143635956 -0.8783172548 0.6739982501 -0.7217453198 -0.1575120703 0.001738485829 0
1.550243718 1.240194974 0 -0.1340789291 0.2813822528 0.3424013387 -0.01974432122 0.09081885734 0.2305844812 -0.6927448203 -0.5612765482 -0.4528501413 0.2407421056 0.4119333526 -0.8788368174 0.6798145722 -0.7178297496 -0.1502417983 0.001771712496 0
1.560395012 1.24831601 0 -0.1354865261 0.2819162743 0.3406418423 -0.01998984667 0.09130982717 0.2302807649 -0.6862273763 -0.5681100759 -0.4542498537 0.242994477 0.4095716731 -0.8793206063 0.685598769 -0.7137940783 -0.1430116839 0.001805365199 0
1.570546307 1.256437046 0 -0.1368949498 0.2824295197 0.3388813128 -0.02023661888 0.09179886694 0.2299755021 -0.6796367324 -0.5749232586 -0.4555844144 0.2452126943 0.4072784838 -0.8797698399 0.6913498727 -0.709638981 -0.1358229367 0.001839446466 0
