0.006073188703 0.004935680459 -0.002996086183 -2.547894297e-06 0.001548655215 0.5099968649 -3.201702696e-07 0.0003856181906 0.2549996113 -0.9999999999 -5.92815753e-08 -1.483812011e-05 3.038273086e-08 0.9999817423 -0.006042761694 1.483820743e-05 -0.006042761694 -0.9999817422 3.059136165e-08 -0.003984794623 0
0.01187111865 0.009647658127 -0.005856378964 -9.734808119e-06 0.003027076227 0.5099880216 -1.229427471e-06 0.0007550294376 0.2549985073 -0.9999999984 -4.457213199e-07 -5.669110899e-05 2.239058645e-07 0.9999302441 -0.011811307 5.6692419e-05 -0.01181130699 -0.9999302425 6.766695857e-08 -0.007788984022 0
0.01694430735 0.01377063859 -0.008359135147 -1.983291151e-05 0.00432062672 0.5099755963 -2.512978658e-06 0.00107888945 0.2549969487 -0.9999999933 -1.297274018e-06 -0.0001154941857 6.49941311e-07 0.9998578894 -0.01685825963 0.0001154996426 -0.01685825959 -0.9998578828 7.171048834e-08 -0.01111764975 0
0.0227422373 0.01848261625 -0.01121942793 -3.572702962e-05 0.005798855481 0.5099560391 -4.537774234e-06 0.001449225265 0.2549944898 -0.9999999784 -3.137477251e-06 -0.0002080408741 1.570317226e-06 0.9997440147 -0.02262531973 0.0002080586052 -0.02262531957 -0.999743993 4.229040086e-08 -0.01492183914 0
0.02854016725 0.02319459392 -0.01407972071 -5.626429004e-05 0.007276922404 0.5099307687 -7.156815044e-06 0.001819576851 0.2549913093 -0.9999999463 -6.201266894e-06 -0.0003276093767 3.102433377e-06 0.9995968906 -0.02839112973 0.0003276533753 -0.02839112922 -0.9995968369 2.151106559e-08 -0.01872602854 0
0.03361335595 0.02731757438 -0.01658247689 -7.804268368e-05 0.008570065778 0.5099039711 -9.935418001e-06 0.00214359731 0.2549879351 -0.9999998967 -1.013076484e-05 -0.000454386779 5.06729347e-06 0.9994408962 -0.03343493767 0.0004544714511 -0.03343493652 -0.9994407929 9.312779332e-08 -0.02205469427 0
0.0394112859 0.03202955205 -0.01944276967 -0.0001072838599 0.01004771808 0.5098679908 -1.366710556e-05 0.002513852996 0.2549834033 -0.9999998048 -1.632843334e-05 -0.0006245793393 8.166094107e-06 0.9992314809 -0.03919754562 0.0006247393727 -0.03919754307 -0.9992312857 1.979541865e-07 -0.02585888366 0
0.04520921584 0.03674152972 -0.02230306245 -0.0001411657819 0.01152508999 0.5098263003 -1.799177432e-05 0.002884053175 0.2549781515 -0.9999996621 -2.464484011e-05 -0.0008217429746 1.232399422e-05 0.9989888784 -0.04495798853 0.000822020075 -0.04495798347 -0.9989885405 3.239082047e-07 -0.02966307306 0
0.05100714579 0.04145350738 -0.02516335523 -0.0001796873151 0.01300214026 0.5097789008 -2.290926257e-05 0.003254201883 0.2549721797 -0.9999994525 -3.53907663e-05 -0.00104585367 1.769624815e-05 0.9987131181 -0.05071594865 0.001046302656 -0.05071593939 -0.9987125706 4.699574468e-07 -0.03346726246 0
0.05608033449 0.04557648784 -0.02766611142 -0.0002171985774 0.01429426302 0.5097327445 -2.769827011e-05 0.003578042568 0.254966364 -0.9999992 -4.70304472e-05 -0.00126403416 2.351499789e-05 0.9984446543 -0.05575187751 0.001264690186 -0.05575186263 -0.9984438544 6.138317376e-07 -0.03679592818 0
0.06187826444 0.05028846551 -0.0305264042 -0.0002644157824 0.01577059918 0.5096746453 -3.372700026e-05 0.0039481033 0.2549590427 -0.9999988144 -6.316803138e-05 -0.001538594445 3.158181054e-05 0.9981068163 -0.06150432697 0.00153956671 -0.06150430264 -0.9981056309 7.964089526e-07 -0.04060011758 0
0.06767619439 0.05500044318 -0.03338669698 -0.0003162684713 0.01724649528 0.5096108423 -4.034826818e-05 0.004318119517 0.2549510019 -0.9999983038 -8.262637306e-05 -0.001840014483 4.130796572e-05 0.9977359274 -0.06725338185 0.001841405459 -0.06725334378 -0.9977342316 9.982444469e-07 -0.04440430698 0
0.07347412433 0.05971242085 -0.03624698976 -0.0003727549075 0.01872191014 0.5095413376 -4.756199557e-05 0.004688091635 0.2549422415 -0.9999976437 -0.0001057145319 -0.002168257568 5.284767512e-05 0.9973320326 -0.07299872577 0.002170189754 -0.07299866835 -0.997329677 1.219326269e-06 -0.04820849638 0
0.07854731304 0.06383540131 -0.03874974594 -0.000425980177 0.02001247102 0.5094758457 -5.435994822e-05 0.005011780848 0.2549339861 -0.9999969228 -0.0001291367912 -0.002477442208 6.455357477e-05 0.9969515877 -0.07802260916 0.002479965532 -0.078022529 -0.9969485116 1.428600989e-06 -0.0515371621 0
0.08434524298 0.06854737897 -0.04161003872 -0.0004911496696 0.02148687267 0.5093956569 -6.268432788e-05 0.005381669069 0.254923877 -0.9999959092 -0.0001598618809 -0.002855868215 7.990814247e-05 0.9964859417 -0.08376014386 0.002859222581 -0.08376002942 -0.9964818525 1.685947167e-06 -0.0553413515 0
0.09014317293 0.07325935664 -0.0444703315 -0.0005609470537 0.02296067483 0.5093097735 -7.160094032e-05 0.005751511012 0.2549130487 -0.9999946639 -0.0001951020444 -0.003260993579 9.75176304e-05 0.995987441 -0.08949306061 0.003265368929 -0.08949290107 -0.9959821073 1.962803407e-06 -0.0591455409 0
0.09594110288 0.07797133431 -0.04733062428 -0.0006353699923 0.02443383642 0.5092181986 -8.110970128e-05 0.006121305178 0.2549015013 -0.9999931541 -0.0002351639029 -0.00369276898 0.0001175347734 0.9954561461 -0.09522104499 0.00369838213 -0.09522082714 -0.9954493036 2.259324509e-06 -0.0629497303 0
0.1010142916 0.08209431477 -0.04983338047 -0.0007042825086 0.02572229505 0.5091334041 -8.991554466e-05 0.006444834518 0.2548908076 -0.9999915885 -0.0002744138039 -0.004092392575 0.0001371445298 0.994964412 -0.1002287385 0.004099289121 -0.1002284567 -0.9949560052 2.5350505e-06 -0.06627839602 0
0.1068122215 0.08680629244 -0.05269367325 -0.000787371524 0.02719414489 0.5090311658 -0.0001005343427 0.006814534268 0.2548779121 -0.9999894866 -0.00032434015 -0.004573992588 0.0001620861013 0.9943718044 -0.1059466293 0.004582612009 -0.1059462569 -0.9943612977 2.868935349e-06 -0.07008258542 0
0.1126101515 0.0915182701 -0.05555396603 -0.0008750785131 0.02866523616 0.5089232453 -0.0001117450234 0.007184180782 0.2548642979 -0.9999870139 -0.0003799654115 -0.005082082823 0.0001898718273 0.9937465982 -0.1116586873 0.005092728957 -0.1116582022 -0.9937336212 3.223043361e-06 -0.07388677482 0
0.1176833402 0.09564125056 -0.05805672221 -0.0009556080055 0.02995178654 0.5088241565 -0.0001220398181 0.007507576113 0.254851796 -0.9999845138 -0.0004335509978 -0.00554834351 0.0002166360168 0.9931728611 -0.116651708 0.005561038663 -0.1166511035 -0.9931573868 3.549654519e-06 -0.07721544054 0
0.1234812701 0.1003532282 -0.06091701499 -0.00105196566 0.03142134504 0.5087055917 -0.0001343600013 0.00787711691 0.2548368344 -0.9999812333 -0.0005006789464 -0.006105933733 0.0002501606176 0.9924867395 -0.1223519892 0.006121317328 -0.1223512205 -0.9924679886 3.942301281e-06 -0.08101962994 0
0.1292792001 0.1050652059 -0.06377730777 -0.001152932429 0.03289002721 0.5085813554 -0.0001472717619 0.008246598028 0.2548211544 -0.9999774579 -0.0005743757517 -0.006689827772 0.0002869614645 0.9917682474 -0.1280455428 0.00670830502 -0.1280445761 -0.9917457261 4.35585831e-06 -0.08482381934 0
0.13507713 0.1097771836 -0.06663760055 -0.001258504935 0.03435779215 0.508451452 -0.0001607749839 0.008616017093 0.2548047561 -0.9999731405 -0.0006549420912 -0.007299954595 0.000327187693 0.9910174717 -0.1337320592 0.007321969301 -0.1337308557 -0.9909906392 4.790589868e-06 -0.08862800873 0
0.1401503187 0.113900164 -0.06914035674 -0.001354656247 0.03564130194 0.5083331411 -0.0001730753914 0.008939205972 0.2547898186 -0.9999688794 -0.0007313083678 -0.007855276383 0.0003653122779 0.9903341317 -0.1387017456 0.007880782063 -0.1387002988 -0.9903030447 5.188566577e-06 -0.09195667446 0
0.1459482487 0.1186121417 -0.07200064952 -0.001468854862 0.03710723696 0.5081926235 -0.0001876872735 0.009308502136 0.254772074 -0.9999634112 -0.0008255617719 -0.008514387157 0.0004123608049 0.989523072 -0.1443742356 0.008544372386 -0.1443724642 -0.9894865261 5.663753917e-06 -0.09576086386 0
0.1517461786 0.1233241194 -0.0748609423 -0.001587648639 0.03857213737 0.5080464518 -0.0002028902551 0.009677729192 0.2547536115 -0.9999572534 -0.0009275430818 -0.009199508815 0.0004632598002 0.9886800003 -0.1500388031 0.009234537832 -0.1500366512 -0.9886373079 6.160940522e-06 -0.09956505325 0
0.1575441086 0.128036097 -0.07772123508 -0.001711033602 0.0400359624 0.5078946307 -0.0002186842003 0.01004688463 0.2547344314 -0.9999503509 -0.001037548602 -0.009910558058 0.000518155752 0.9878050184 -0.1556951418 0.009951240262 -0.1556925469 -0.9877554372 6.680434498e-06 -0.1033692427 0
0.1626172973 0.1321590775 -0.08022399126 -0.00182275841 0.04131589515 0.5077571571 -0.0002329885664 0.01036983489 0.2547170603 -0.9999436552 -0.001140617785 -0.01055392699 0.0005695830513 0.9870133159 -0.1606374482 0.01060009241 -0.1606344084 -0.9869570532 7.153540872e-06 -0.1066979084 0
0.1684152272 0.1368710552 -0.08308428404 -0.001954740597 0.04277759414 0.5075947575 -0.000249890184 0.01073884918 0.254696535 -0.9999351999 -0.001266462981 -0.01131335502 0.0006323654933 0.9860787905 -0.1662775364 0.01136644378 -0.1662739157 -0.9860140916 7.715727532e-06 -0.1105020978 0
0.1742131572 0.1415830328 -0.08594457682 -0.002091301686 0.0442381008 0.5074267237 -0.0002673823454 0.01110778452 0.2546752926 -0.9999258293 -0.001401177195 -0.0120984537 0.0006995617667 0.9851126691 -0.1719085214 0.01215921432 -0.1719042344 -0.9850386224 8.301164138e-06 -0.1143062872 0
0.1792863459 0.1457060133 -0.088447333 -0.002214545181 0.04551503413 0.5072750767 -0.0002831722945 0.01143053615 0.2546561174 -0.9999168294 -0.001526556489 -0.01280639809 0.0007620919987 0.9842414861 -0.1768279283 0.01287452611 -0.176822981 -0.9841584628 8.83276568e-06 -0.1176349529 0
0.1850842758 0.150417991 -0.09130762579 -0.002359679275 0.04697319579 0.5070964941 -0.0003017713005 0.01179931649 0.2546335309 -0.9999055703 -0.001678683991 -0.0136393697 0.0008379501069 0.98321644 -0.1824410315 0.01371671336 -0.1824352327 -0.9831221886 9.462737586e-06 -0.1214391423 0
0.1908822058 0.1551299686 -0.09416791857 -0.002509378722 0.04843004855 0.5069122939 -0.0003209603873 0.01216801043 0.2546102277 -0.9998932085 -0.001840513982 -0.0144977294 0.0009186320598 0.9821601436 -0.1880441661 0.0145851899 -0.1880374027 -0.9820535665 1.011698085e-05 -0.1252433317 0
0.1966801357 0.1598419463 -0.09702821135 -0.002663638515 0.04988555193 0.5067224824 -0.0003407393835 0.01253661536 0.2545862082 -0.9998796747 -0.002012333511 -0.01538137293 0.001004278744 0.9810727245 -0.1936370335 0.01547990774 -0.1936291812 -0.9809526557 1.079586809e-05 -0.1290475211 0
0.2017533244 0.1639649267 -0.09953096753 -0.002802352689 0.05115797871 0.5065517993 -0.0003585297767 0.01285906962 0.2545646037 -0.9998668155 -0.002171094626 -0.0161752174 0.001083402268 0.9800958054 -0.1985221361 0.01628427307 -0.1985132203 -0.9799629196 1.141040962e-05 -0.1323761868 0
0.2075512544 0.1686769044 -0.1023912603 -0.002965149102 0.05261084315 0.5063514838 -0.0003794143734 0.01322750062 0.2545392415 -0.9998508912 -0.002362412815 -0.01710597657 0.00117873428 0.9789503876 -0.2040949516 0.01722805893 -0.2040846826 -0.9788016328 1.213653815e-05 -0.1361803762 0
0.2133491843 0.1733888821 -0.1052515531 -0.003132490614 0.05406224218 0.5061455757 -0.000400888358 0.01359583509 0.2545131636 -0.9998335852 -0.002564537048 -0.01806170297 0.001279430771 0.9777742342 -0.2096566481 0.01819794003 -0.2096448668 -0.9776082369 1.288842865e-05 -0.1399845656 0
0.2191471142 0.1781008597 -0.1081118459 -0.003304371631 0.05551213555 0.5059340819 -0.000422951539 0.01396407041 0.2544863702 -0.9998148207 -0.00277774814 -0.0190422806 0.001385628853 0.9765674869 -0.2152069318 0.01919386277 -0.2151934655 -0.9763827979 1.36664855e-05 -0.143788755 0
0.224220303 0.1822238402 -0.1106146021 -0.003458486817 0.05677952553 0.5057444484 -0.0004427399929 0.0142861929 0.2544623393 -0.9997971435 -0.002973621989 -0.01992057838 0.0014831722 0.9754866009 -0.2200538383 0.02008661423 -0.2200387446 -0.9752843067 1.436907356e-05 -0.1471174207 0
0.2300182329 0.1869358179 -0.1134748948 -0.003638863792 0.05822648747 0.5055225006 -0.0004659073824 0.01465423521 0.2544342049 -0.9997754306 -0.003208371823 -0.02094742914 0.001600051699 0.9742228851 -0.2255819365 0.02113121558 -0.2255647947 -0.9739989708 1.519730871e-05 -0.1509216101 0
0.2358161628 0.1916477955 -0.1163351876 -0.003823763338 0.05967182834 0.5052949879 -0.0004896633882 0.01502217079 0.2544053558 -0.9997520275 -0.003455006155 -0.02199878115 0.001722821122 0.9729290033 -0.2310977854 0.02220169649 -0.2310783795 -0.9726817913 1.605291463e-05 -0.1547257995 0
0.2408893515 0.195770776 -0.1188379438 -0.003989255507 0.06093514033 0.5050913554 -0.0005109325763 0.0153440248 0.2543795266 -0.9997300973 -0.003680775587 -0.0229387127 0.001835180486 0.9717722336 -0.2359138784 0.02315955012 -0.2358923013 -0.9715031948 1.682436242e-05 -0.1580544653 0
0.2466872815 0.2004827537 -0.1216982366 -0.004182618094 0.06237733381 0.5048534292 -0.0005357916625 0.01571175316 0.2543493379 -0.9997032966 -0.003950430191 -0.0240356587 0.001969350954 0.9704222134 -0.2414059845 0.0242783946 -0.2413816932 -0.970126506 1.77324603e-05 -0.1618586547 0
0.2524852114 0.2051947313 -0.1245585294 -0.004380485074 0.0638177913 0.5046099605 -0.0005612387416 0.01607936722 0.2543184351 -0.9996745584 -0.004232751728 -0.02515673163 0.002109790479 0.9690424847 -0.246885017 0.02542294471 -0.2468577458 -0.9687181877 1.866919132e-05 -0.165662844 0
0.2582831414 0.209906709 -0.1274188221 -0.004582849834 0.06525647293 0.5043609575 -0.0005872735867 0.01644686432 0.2542868185 -0.9996437929 -0.004528008597 -0.02630179569 0.002256628668 0.9676332134 -0.2523506922 0.02659313719 -0.2523201565 -0.9672783176 1.963500723e-05 -0.1694670334 0
0.2633563301 0.2140296895 -0.1299215783 -0.004763603271 0.06651383133 0.5041385465 -0.0006105360455 0.01676832627 0.2542585688 -0.9996151382 -0.004797178848 -0.02732329802 0.00239046195 0.9663760001 -0.257121979 0.02763803957 -0.2570883379 -0.9659926114 2.050431474e-05 -0.1727956992 0
0.26915426 0.2187416671 -0.1327818711 -0.00497438302 0.06794907606 0.5038791891 -0.0006376723217 0.01713559698 0.2542256146 -0.9995803233 -0.00511740589 -0.02851296942 0.002549642723 0.964911796 -0.2625618502 0.02885613609 -0.262524357 -0.9644937975 2.152590396e-05 -0.1765998886 0
0.27495219 0.2234536448 -0.1356421639 -0.005189640702 0.06938243074 0.5036143218 -0.000665395682 0.01750274314 0.2541919476 -0.9995432129 -0.005451328619 -0.02972622558 0.00271558794 0.9634185459 -0.2679875575 0.03009968526 -0.2679458684 -0.9629636652 2.257791083e-05 -0.180404078 0
0.2807501199 0.2281656225 -0.1385024567 -0.005409369124 0.0708138558 0.5033439533 -0.0006937058792 0.01786976211 0.2541575679 -0.9995037102 -0.005799207445 -0.03096291967 0.002888422375 0.9618964291 -0.2733988236 0.03136861836 -0.2733525725 -0.9614022992 2.366081011e-05 -0.1842082674 0
0.2858233086 0.2322886029 -0.1410052128 -0.00560529313 0.07206473875 0.5031028754 -0.0007189584929 0.0181907973 0.2541269013 -0.9994671054 -0.006115252851 -0.0320641359 0.003045400911 0.9605410407 -0.2781216185 0.03249970248 -0.2780710571 -0.9600105502 2.463406582e-05 -0.1875369331 0
0.2916212386 0.2370005806 -0.1438655056 -0.005833384288 0.07349243929 0.5028222169 -0.0007483683243 0.01855757067 0.2540911862 -0.9994228499 -0.00648999369 -0.0333443707 0.003231484365 0.9589652939 -0.2835050661 0.03381604034 -0.283449193 -0.9583908547 2.577618695e-05 -0.1913411225 0
0.2974191685 0.2417125583 -0.1467257984 -0.00606592468 0.0749180968 0.5025360838 -0.0007783642524 0.01892420927 0.2540547593 -0.9993759137 -0.006879427122 -0.03464760585 0.003424808395 0.9573612149 -0.2888732852 0.03515755675 -0.2888116647 -0.9567401782 2.695059535e-05 -0.1951453119 0
0.3032170985 0.2464245359 -0.1495860912 -0.006302906542 0.07634167197 0.5022444856 -0.0008089460095 0.01929071044 0.2540176211 -0.9993261931 -0.007283804958 -0.03597368384 0.003625492577 0.9557289959 -0.2942260053 0.03652417757 -0.2941581761 -0.9550586117 2.815778601e-05 -0.1989495013 0
0.3082902872 0.2505475164 -0.1520888474 -0.006513902845 0.07758556124 0.5019848618 -0.0008361853956 0.01961128415 0.2539845418 -0.9992803207 -0.007650090836 -0.03715261445 0.003807221796 0.9542778744 -0.2988967104 0.03774050493 -0.2988230488 -0.9535619748 2.924136234e-05 -0.202278167 0
0.3140882171 0.2552594941 -0.1549491402 -0.006759191014 0.07900512638 0.5016830429 -0.0008678648429 0.01997752053 0.2539460705 -0.9992250939 -0.008083160036 -0.03852108876 0.004022023661 0.9525934228 -0.3042196478 0.03915399189 -0.3041388389 -0.9518227417 3.051137056e-05 -0.2060823564 0
0.3198861471 0.2599714717 -0.1578094329 -0.007008897504 0.08042249663 0.5013757875 -0.0009001293207 0.0203436119 0.2539068888 -0.9991667749 -0.008531884552 -0.03991193802 0.004244521575 0.9508814024 -0.3095263196 0.04059236242 -0.3094378216 -0.9500528905 3.181561039e-05 -0.2098865458 0
0.3249593358 0.2640944522 -0.1603121891 -0.007231008535 0.08166086444 0.5011024873 -0.0009288404207 0.02066382081 0.2538720222 -0.9991131227 -0.008937551544 -0.04114715364 0.004445610087 0.9493609306 -0.3141561076 0.04187128648 -0.3140604139 -0.9484792311 3.298530385e-05 -0.2132152115 0
0.3307572657 0.2688064299 -0.1631724819 -0.00748897679 0.08307401425 0.5007850661 -0.0009622010511 0.02102963316 0.2538315093 -0.9990487074 -0.009416281767 -0.04257950134 0.004682844244 0.9475977736 -0.3194315739 0.04335609837 -0.3193270942 -0.9466522359 3.435511327e-05 -0.2170194009 0
0.3365551957 0.2735184075 -0.1660327747 -0.007751339005 0.08448485729 0.5004622382 -0.0009961458705 0.02139529291 0.253790287 -0.9989808783 -0.009911358156 -0.04403373423 0.004928098227 0.9458076455 -0.3246900238 0.04486556161 -0.3245761277 -0.9447949083 3.576063964e-05 -0.2208235903 0
0.3423531256 0.2782303852 -0.1688930675 -0.008018086424 0.08589335481 0.5001340145 -0.001030674576 0.02176079742 0.2537483556 -0.9989095204 -0.01042301614 -0.04550967697 0.005181481714 0.9439907602 -0.3299312002 0.04639959278 -0.3298072245 -0.9429073509 3.720240738e-05 -0.2246277797 0
0.3474263143 0.2823533656 -0.1713958236 -0.008255080659 0.08712383569 0.4998424011 -0.00106136592 0.02208048446 0.2537110843 -0.9988440959 -0.01088450208 -0.04681879591 0.005409946038 0.9423792069 -0.3345028592 0.04776195683 -0.3343694931 -0.9412310224 3.849409855e-05 -0.2279564454 0
0.3532242443 0.2870653433 -0.1742561164 -0.008530026231 0.08852783123 0.4995040898 -0.001096988578 0.0224456908 0.2536678244 -0.9987658059 -0.01142787611 -0.04833496307 0.005678862537 0.9405127394 -0.3397109617 0.04934182331 -0.33956618 -0.9392870668 4.000524544e-05 -0.2317606348 0
0.3590221742 0.291777321 -0.1771164092 -0.008809331027 0.08992937035 0.4991604146 -0.001133194222 0.02281073434 0.2536238566 -0.9986836474 -0.01198849414 -0.04987232177 0.005956215135 0.938620147 -0.3449010629 0.05094601036 -0.3447441018 -0.9373131858 4.155416206e-05 -0.2355648242 0
0.3648201042 0.2964892987 -0.179976702 -0.00909298573 0.09132841463 0.4988113871 -0.00116998253 0.02317561243 0.2535791812 -0.9985974992 -0.01256658142 -0.05143068689 0.006242107368 0.9367016553 -0.3500729139 0.05257442932 -0.3499029722 -0.9353094886 4.314138682e-05 -0.2393690136 0
0.3698932929 0.3006122791 -0.1824794582 -0.009344744445 0.09255050171 0.4985016064 -0.001202650007 0.02349474298 0.2535395101 -0.9985187504 -0.01308691304 -0.05281134081 0.00649934839 0.9350019094 -0.3545831184 0.05401910294 -0.3544011316 -0.9335318818 4.456205886e-05 -0.2426976794 0
0.3756912228 0.3053242568 -0.1853397509 -0.009636529614 0.09394476499 0.4981425746 -0.001240529919 0.02385930378 0.253493509 -0.9984247898 -0.01369835282 -0.05440858552 0.006801525789 0.9330354755 -0.3597200866 0.05569271313 -0.3595235133 -0.9314725788 4.622257385e-05 -0.2465018688 0
0.3814891528 0.3100362344 -0.1882000437 -0.009932637106 0.09533642354 0.4977782243 -0.001278991538 0.02422369158 0.2534468016 -0.9983264828 -0.01432789424 -0.05602629088 0.007112531301 0.9310438078 -0.3648381009 0.05739029292 -0.3646260268 -0.9293837823 4.792296277e-05 -0.2503060582 0
0.3865623415 0.3141592149 -0.1907027999 -0.01019526906 0.09655195817 0.4974550645 -0.001313122364 0.02454238693 0.2534053534 -0.9982367988 -0.01489376071 -0.05745841436 0.007391979293 0.9292805852 -0.3693006264 0.05889526408 -0.3690742065 -0.9275319822 4.944394487e-05 -0.2536347239 0
0.3923602714 0.3188711926 -0.1935630927 -0.01049945419 0.09793863041 0.497080775 -0.001352673751 0.02490644327 0.2533573225 -0.9981299987 -0.01555781874 -0.0591139574 0.007719797821 0.9272422452 -0.3743824561 0.06063753297 -0.3741387083 -0.9253881978 5.122058349e-05 -0.2574389133 0
0.3981582014 0.3235831702 -0.1964233855 -0.01080793288 0.09932258883 0.4967012023 -0.001392805843 0.02527031907 0.2533085865 -0.9980184831 -0.01624058754 -0.06078939565 0.008056718917 0.9251793604 -0.3794446472 0.0624034982 -0.3791825343 -0.9232152561 5.303868641e-05 -0.2612431027 0
0.4039561313 0.3282951479 -0.1992836783 -0.01112069485 0.1007037957 0.4963163592 -0.001433518282 0.0256340117 0.2532591457 -0.997902121 -0.01694227342 -0.06248452796 0.008402834668 0.923092176 -0.3844869659 0.06419306218 -0.384205406 -0.9210132772 5.48988121e-05 -0.2650472921 0
0.40902932 0.3324181284 -0.2017864344 -0.01139786701 0.1019100649 0.4959753082 -0.001469617446 0.02595209043 0.2532153072 -0.9977962244 -0.01757192638 -0.06398376413 0.008713299486 0.9212461511 -0.3888825113 0.06577821129 -0.3885830112 -0.9190628218 5.656133489e-05 -0.2683759578 0
0.41482725 0.337130106 -0.2046467272 -0.01171863193 0.1032860112 0.4955806178 -0.001511417052 0.02631543255 0.2531645461 -0.9976704168 -0.01830962748 -0.06571527269 0.009076897236 0.9191140748 -0.3938869476 0.06761175534 -0.3935658459 -0.9168067274 5.850176744e-05 -0.2721801472 0
0.4206251799 0.3418420837 -0.20750702 -0.01204364979 0.1046590979 0.4951806942 -0.001553795946 0.02667858397 0.2531130816 -0.997539378 -0.01906682222 -0.0674658844 0.009449944451 0.9169584185 -0.3988708529 0.06946861031 -0.3985269314 -0.9145219501 6.048584241e-05 -0.2759843366 0
0.4264231098 0.3465540614 -0.2103673128 -0.01237290976 0.1060292877 0.4947755509 -0.00159675375 0.02704154207 0.253060914 -0.9974029718 -0.0198437053 -0.06923538947 0.009832526241 0.9147794376 -0.4038340029 0.07134867359 -0.4034659934 -0.9122086159 6.251412774e-05 -0.279788526 0
0.4314962985 0.3506770418 -0.212870069 -0.01266448349 0.1072257982 0.4944167793 -0.001634816415 0.02735896978 0.253014691 -0.9972791052 -0.02053977934 -0.07079903827 0.01017517214 0.9128538988 -0.4081595587 0.07301268538 -0.4077693919 -0.9101611235 6.43255919e-05 -0.2831171917 0
0.4372942285 0.3553890195 -0.2157303617 -0.01300166777 0.108590456 0.4940018854 -0.001678858638 0.02772155837 0.2529612066 -0.9971322629 -0.02135409219 -0.07260339536 0.01057585422 0.9106318819 -0.4130831962 0.0749359832 -0.4126664252 -0.9077945913 6.643831019e-05 -0.2869213811 0
0.4430921584 0.3601009972 -0.2185906545 -0.01334306227 0.1099521102 0.4935818109 -0.001723478655 0.02808394613 0.2529070204 -0.9969796539 -0.02218863603 -0.07442603068 0.01098630523 0.9083872891 -0.4179854472 0.0768821872 -0.4175406536 -0.905399874 6.859688389e-05 -0.2907255705 0
0.4481653471 0.3642239776 -0.2210934107 -0.01364522723 0.1111410647 0.4932100071 -0.001762994828 0.02840086864 0.2528590323 -0.9968412796 -0.0229356013 -0.07603565909 0.01135352468 0.9064049597 -0.4222572043 0.07860382139 -0.4217866846 -0.9032814799 7.052370454e-05 -0.2940542362 0
0.4539632771 0.3689359553 -0.2239537035 -0.01399448517 0.1124969876 0.492780257 -0.001808697131 0.02876287282 0.2528035319 -0.9966774764 -0.02380856808 -0.07789197685 0.01178250075 0.9041187541 -0.4271187788 0.08059268358 -0.4266174289 -0.9008342737 7.276981163e-05 -0.2978584256 0
0.459761207 0.373647933 -0.2268139963 -0.01434792028 0.113849801 0.4923453669 -0.001854976069 0.02912466868 0.2527473312 -0.9965074972 -0.02470228245 -0.07976594054 0.01222146442 0.9018107418 -0.4319583565 0.08260413934 -0.4314245974 -0.8983592672 7.506343583e-05 -0.301662615 0
0.465559137 0.3783599106 -0.229674289 -0.01470552082 0.1151994682 0.4919053515 -0.001901831228 0.02948625362 0.2526904307 -0.9963311972 -0.02561691786 -0.08165732637 0.01267048798 0.899481195 -0.4367757302 0.08463807751 -0.4362079244 -0.8958565971 7.740515873e-05 -0.3054668044 0
0.4706323257 0.3824828911 -0.2321770452 -0.0150218289 0.1163778176 0.4915161451 -0.001943301846 0.02980246537 0.2526400691 -0.9961716352 -0.02643451952 -0.08332640312 0.01307169121 0.8974253923 -0.4409725571 0.08643612768 -0.4403735703 -0.8936441766 7.949408076e-05 -0.3087954702 0
0.4764302556 0.3871948688 -0.235037338 -0.01538720745 0.1177214876 0.4910665591 -0.001991236291 0.03016364781 0.252581858 -0.9959830899 -0.02738883805 -0.08524984542 0.01353976513 0.89505621 -0.4457477489 0.08851191645 -0.4451114831 -0.8910900113 8.192756232e-05 -0.3125996596 0
0.4822281856 0.3919068464 -0.2378976308 -0.01575671685 0.119061907 0.4906118902 -0.00203974574 0.03052461186 0.2525229486 -0.9957878017 -0.02836455806 -0.08719005559 0.01401809583 0.8926662886 -0.4505001556 0.09060986115 -0.4498247981 -0.8885085841 8.441082417e-05 -0.316403849 0
0.4880261155 0.3966188241 -0.2407579236 -0.01613034484 0.1203990395 0.4901521535 -0.002088829762 0.03088535491 0.2524633414 -0.9955856216 -0.02936184025 -0.08914680243 0.01450674795 0.890255909 -0.4552295803 0.09272984584 -0.4545132549 -0.8859000377 8.694445438e-05 -0.3202080384 0
0.4930993042 0.4007418045 -0.2432606798 -0.01646063809 0.1215663059 0.4897457388 -0.002132249266 0.03120082175 0.2524106131 -0.9954029426 -0.03025227364 -0.09087233798 0.01494283458 0.8881302673 -0.4593488218 0.09460282007 -0.4585950592 -0.8835954267 8.920316204e-05 -0.3235367041 0
0.4988972342 0.4054537822 -0.2461209725 -0.01684195484 0.1228971787 0.4892765414 -0.002182409427 0.03156114345 0.2523496991 -0.9951874351 -0.03129040626 -0.09285946149 0.01545100642 0.8856822934 -0.464034634 0.09676381304 -0.4632362094 -0.8809364216 9.183282315e-05 -0.3273408935 0
0.5046951641 0.4101657599 -0.2489812653 -0.0172273541 0.1242246614 0.4888023205 -0.002233142886 0.0319212367 0.2522880888 -0.9949646016 -0.03235054419 -0.09486244681 0.01596967412 0.8832146811 -0.4686969134 0.09894650592 -0.4678517601 -0.8782507157 9.451455157e-05 -0.3311450829 0
0.5104930941 0.4148777376 -0.2518415581 -0.01761682308 0.1255487184 0.4883230921 -0.002284449191 0.03228109892 0.2522257829 -0.9947342894 -0.03343283494 -0.0968810558 0.01649889435 0.8807277195 -0.4733354736 0.1011507781 -0.4724414563 -0.8755384575 9.7248941e-05 -0.3349492723 0
0.5155662828 0.419000718 -0.2543443143 -0.0179609367 0.1267044302 0.4878996718 -0.00232981176 0.03259578681 0.252170695 -0.9945265105 -0.03439812491 -0.09865996643 0.01697066142 0.8785359846 -0.4773746123 0.1030971223 -0.4764360323 -0.8731435681 9.968519795e-05 -0.338277938 0
0.5213642127 0.4237126957 -0.2572046071 -0.01835800142 0.1280219683 0.4874110971 -0.002382190913 0.03295520888 0.2521070862 -0.9942817603 -0.03552233774 -0.100707222 0.01751981322 0.8760135295 -0.4819682068 0.1053415264 -0.4809765688 -0.8703819295 0.0001025199315 -0.3420821274 0
0.5271621427 0.4284246733 -0.2600648998 -0.0187590983 0.1293359789 0.4869175608 -0.00243514158 0.03331439249 0.2520427833 -0.9940290868 -0.03666910813 -0.1027694071 0.01807966891 0.8734725675 -0.4865375621 0.1076071564 -0.4854905255 -0.8675941733 0.0001054090403 -0.3458863168 0
0.5322353314 0.4325476538 -0.262567656 -0.01911335524 0.1304828169 0.4864816596 -0.002481941863 0.03362848052 0.2519859495 -0.9938013749 -0.03769114189 -0.1045858738 0.01857836141 0.8712342776 -0.4905157266 0.1096068961 -0.4894182377 -0.8651335833 0.0001079820856 -0.3492149825 0
0.5380332613 0.4372596315 -0.2654279488 -0.01952197645 0.1317901187 0.485978865 -0.002535962842 0.03398721007 0.2519203468 -0.9935334229 -0.03888056607 -0.1066753915 0.01915841612 0.8686594164 -0.4950391634 0.1119119862 -0.493881686 -0.8622972733 0.0001109747622 -0.3530191719 0
0.5438311913 0.4419716091 -0.2682882416 -0.0199345912 0.1330937923 0.4854711564 -0.002590553964 0.03434569377 0.2518540518 -0.9932570956 -0.04009292344 -0.1087791314 0.01974930858 0.8660669064 -0.4995378648 0.1142379392 -0.4983178414 -0.8594352926 0.0001140235381 -0.3568233613 0
0.5496291212 0.4466835868 -0.2711485344 -0.02035118579 0.1343938029 0.4849585508 -0.002645714739 0.03470392902 0.251787065 -0.9929722344 -0.04132833773 -0.1108968445 0.02035108119 0.8634570494 -0.5040116638 0.1165846264 -0.5027264587 -0.8565477994 0.0001171290153 -0.3606275507 0
0.5547023099 0.4508065673 -0.2736512906 -0.02071895993 0.13552828 0.4845060171 -0.002694447326 0.03501717906 0.2517278845 -0.992715855 -0.04242833364 -0.1127611089 0.02088658902 0.8611594333 -0.507905681 0.1186548844 -0.5065612174 -0.85400044 0.0001198932946 -0.3639562164 0
0.5605002399 0.4555185449 -0.2765115833 -0.0211429794 0.1368213291 0.4839842754 -0.002750674872 0.03537494158 0.2516596022 -0.9924145622 -0.04370730058 -0.1149043454 0.02150886865 0.8585178705 -0.5123323479 0.1210400979 -0.5109175452 -0.851065542 0.0001231067126 -0.3677604058 0
0.5662981698 0.4602305226 -0.2793718761 -0.02157093864 0.1381106159 0.4834576859 -0.002807470642 0.03573244828 0.2515906298 -0.9921042749 -0.04500966001 -0.1170608311 0.02214213822 0.8558598381 -0.5167336483 0.1234456697 -0.5152456386 -0.848105594 0.0001263785683 -0.3715645952 0
0.5720960998 0.4649425003 -0.2822321689 -0.02200282349 0.1393961062 0.4829262662 -0.00286483413 0.0360896966 0.251520968 -0.9917848317 -0.04633552157 -0.1192303112 0.02278643168 0.8531856444 -0.5211094268 0.125871467 -0.5195452584 -0.8451207596 0.0001297094675 -0.3753687846 0
0.5771692885 0.4690654807 -0.2847349251 -0.02238393169 0.140517769 0.4824573254 -0.002915492484 0.03640207492 0.2514594489 -0.9914976805 -0.04751501292 -0.1211390649 0.02335925651 0.8508327113 -0.5249171768 0.1280105254 -0.5232838817 -0.8424887444 0.0001326729154 -0.3786974504 0
0.5829672184 0.4737774584 -0.2875952179 -0.02282313834 0.141796049 0.4819168963 -0.002973919057 0.03675883189 0.251388496 -0.9911606321 -0.04888522368 -0.1233322191 0.02402430357 0.8481290518 -0.5292446923 0.1304738832 -0.5275294744 -0.8394576937 0.0001361161574 -0.3825016397 0
0.5887651484 0.4784894361 -0.2904555106 -0.0232662291 0.1430704348 0.4813716881 -0.00303291186 0.03711532313 0.2513168556 -0.9908139597 -0.05027923124 -0.1255376286 0.02470045978 0.845410126 -0.5335462549 0.1329570779 -0.5317459146 -0.8364022344 0.0001396201899 -0.3863058291 0
0.5938383371 0.4826124165 -0.2929582668 -0.02365710816 0.1441823014 0.4808907246 -0.003084994634 0.03742703297 0.2512536066 -0.9905025978 -0.05151858367 -0.1274772111 0.02530122942 0.8430187897 -0.5372887195 0.1351460381 -0.5354112025 -0.8337088176 0.0001427365647 -0.3896344949 0
0.599636267 0.4873243942 -0.2958185596 -0.02410744196 0.1454492948 0.480336604 -0.003145047695 0.03778301909 0.2511806785 -0.9901374381 -0.05295746411 -0.1297048988 0.0259982818 0.8402720871 -0.5415412347 0.1376660565 -0.5395723553 -0.8306080486 0.0001463562227 -0.3934386843 0
0.605434197 0.4920363719 -0.2986788524 -0.02456161734 0.1467122976 0.4797777564 -0.003205665458 0.03813873215 0.2511070646 -0.9897621815 -0.05442040518 -0.1319440923 0.02670651012 0.837511025 -0.5457673913 0.1402055145 -0.54370369 -0.82748336 0.0001500384256 -0.3972428737 0
0.6112321269 0.4967483495 -0.3015391452 -0.02501961927 0.1479712764 0.4792142005 -0.003266847381 0.0384941696 0.2510327656 -0.9893766628 -0.05590749135 -0.1341945286 0.02742593321 0.834735921 -0.5499670538 0.1427642718 -0.5478049786 -0.8243349248 0.0001537837851 -0.4010470631 0
0.6163053156 0.50087133 -0.3040419013 -0.02542349802 0.1490695558 0.4787172413 -0.003320843922 0.03880494929 0.2509671925 -0.9890307852 -0.05722856181 -0.1361726756 0.02806462473 0.8322964373 -0.5536199213 0.1450189046 -0.5513687805 -0.8215607008 0.0001571132643 -0.4043757288 0
0.6221032455 0.5055833077 -0.3069021941 -0.02588863379 0.1503209005 0.4781449074 -0.003383082169 0.03915986313 0.2508916106 -0.9886255772 -0.05876113453 -0.1384434798 0.02880508094 0.8294958662 -0.5577695539 0.147613466 -0.5554131228 -0.8183682103 0.0001609786939 -0.4081799182 0
0.6279011755 0.5102952853 -0.3097624869 -0.02635755221 0.1515681263 0.477567919 -0.003445882992 0.03951449407 0.2508153456 -0.9882096288 -0.06031807405 -0.1407247649 0.02955677345 0.8266821741 -0.5618923208 0.1502269172 -0.5594267717 -0.8151524768 0.0001649090432 -0.4119841076 0
0.6336991054 0.515007263 -0.3126227797 -0.02683023777 0.1528112006 0.4769862953 -0.003509245828 0.03986883957 0.250738398 -0.9877827729 -0.06189945008 -0.1430162638 0.03031971229 0.8238556834 -0.5659880988 0.1528591138 -0.5634095056 -0.8119136779 0.0001689049268 -0.415788297 0
0.6387722941 0.5191302435 -0.3151255359 -0.0272469156 0.1538954595 0.4764735873 -0.003565148893 0.04017865574 0.2506705095 -0.9874001947 -0.06330325154 -0.1450294932 0.0309965154 0.8213722596 -0.5695496706 0.1551775486 -0.5668688645 -0.8090609488 0.0001724555672 -0.4191169627 0
0.6445702241 0.5238422211 -0.3179858287 -0.02772662235 0.1551306621 0.4758833243 -0.003629563977 0.04053245923 0.250592284 -0.9869524354 -0.06493062052 -0.1473394201 0.03178056008 0.8185226443 -0.5735945229 0.1578445001 -0.5707930406 -0.8057793858 0.0001765759866 -0.4229211521 0
0.650368154 0.5285541988 -0.3208461214 -0.028210051 0.15636162 0.4752884816 -0.003694539434 0.04088597 0.250513378 -0.9864932863 -0.06658260497 -0.1496587879 0.03257586704 0.8156611634 -0.5776120493 0.1605297759 -0.5746856735 -0.8024752755 0.0001807637113 -0.4267253415 0
0.6554413427 0.5326771792 -0.3233488776 -0.02863609164 0.157435201 0.4747642529 -0.003751852184 0.04119504983 0.2504437775 -0.9860820552 -0.06804832689 -0.1516957666 0.03328100013 0.8131478904 -0.5811048816 0.1628943075 -0.5780656827 -0.7995658266 0.0001844836669 -0.4300540072 0
0.6612392727 0.5373891569 -0.3262091704 -0.02912645572 0.1586581139 0.4741608764 -0.003817876772 0.04154800497 0.2503635973 -0.9856010961 -0.06974660988 -0.1540321062 0.03409742494 0.8102650413 -0.5850708747 0.165613541 -0.5818985936 -0.7962199331 0.0001887992529 -0.4338581966 0
0.6670372026 0.5421011346 -0.3290694632 -0.02962049546 0.1598766902 0.4735529772 -0.003884460051 0.04190066016 0.2502827387 -0.9851082625 -0.07146965529 -0.1563771069 0.03492510885 0.807371267 -0.5890092308 0.1683506696 -0.5856993474 -0.7928520205 0.0001931839204 -0.437662386 0
0.6728351326 0.5468131122 -0.331929756 -0.03011819457 0.1610908983 0.4729405752 -0.003951601425 0.04225301288 0.2502012022 -0.9846033854 -0.07321750668 -0.1587304957 0.03576404625 0.8044668961 -0.5929198479 0.1711055421 -0.5894677343 -0.789462275 0.0001976382882 -0.4414665754 0
0.6779083213 0.5509360927 -0.3344325121 -0.03055667021 0.1621497224 0.4724010456 -0.004010807469 0.04256107142 0.2501293024 -0.9841516055 -0.07476725656 -0.1607963767 0.03650734166 0.801917138 -0.5963188055 0.1735304914 -0.592738358 -0.7864784851 0.0002015935233 -0.4447952411 0
0.6837062512 0.5556480704 -0.3372928049 -0.03106118626 0.1633556555 0.4717802556 -0.004078993651 0.04291285025 0.2500464971 -0.9836236908 -0.07656172294 -0.1631647556 0.03736735607 0.7989937871 -0.6001771479 0.1763182225 -0.5964454969 -0.7830483086 0.0002061802499 -0.4485994305 0
0.6895041812 0.560360048 -0.3401530977 -0.03156931415 0.1645571304 0.4711550213 -0.00414773619 0.0432643194 0.2499630161 -0.983083246 -0.07838109872 -0.1655407345 0.03823859479 0.7960607886 -0.6040074757 0.1791232572 -0.6001196749 -0.779596841 0.0002108384597 -0.4524036199 0
0.6953021111 0.5650720257 -0.3430133905 -0.03208103712 0.1657541161 0.4705253635 -0.004217034472 0.04361547636 0.2498788601 -0.9825301017 -0.08022541226 -0.167924038 0.03912104314 0.7931184739 -0.6078096992 0.1819454404 -0.6037606891 -0.7761242729 0.0002155687739 -0.4562078093 0
0.7003752998 0.5691950062 -0.3455161467 -0.03253173054 0.1667977717 0.4699708004 -0.004278125864 0.04392248065 0.2498046706 -0.9820355495 -0.08185966266 -0.1700152203 0.0399023675 0.7905365671 -0.6111135222 0.1844287954 -0.6069192134 -0.7730686178 0.0002197674357 -0.4595364751 0
0.7061732298 0.5739069838 -0.3483764394 -0.03305014873 0.167986257 0.4693329042 -0.00434846449 0.04427304553 0.2497192512 -0.9814581366 -0.08375079722 -0.1724115135 0.04080578611 0.7875776794 -0.6148628194 0.187282711 -0.6104975044 -0.7695570046 0.0002246346216 -0.4633406645 0
0.7119711597 0.5786189615 -0.3512367322 -0.03357211318 0.1691701648 0.4686906445 -0.004419357064 0.04462329105 0.249633159 -0.9808675369 -0.08566692911 -0.1748143369 0.04172035903 0.7846104309 -0.6185837723 0.1901533244 -0.614042058 -0.7660248457 0.0002295757006 -0.4671448539 0
0.7177690897 0.5833309392 -0.354097025 -0.03409760672 0.1703494648 0.4680440424 -0.004490802954 0.04497321472 0.2495463948 -0.9802635807 -0.08760807141 -0.177223413 0.04264606243 0.7816351549 -0.6222763035 0.1930404767 -0.6175526783 -0.7624723365 0.0002345912958 -0.4709490433 0
0.7228422784 0.5874539196 -0.3565997812 -0.03456029492 0.1713775486 0.4674747202 -0.004553771496 0.04527913195 0.2494699254 -0.9797240296 -0.08932709452 -0.1793362654 0.04346516288 0.7790254656 -0.6254838956 0.1955801767 -0.6205964826 -0.7593473515 0.0002390415583 -0.474277709 0
0.7286402083 0.5921658973 -0.359460074 -0.03509235877 0.1725481276 0.4668200335 -0.004626253125 0.04562844545 0.2493819033 -0.9790945737 -0.09131515274 -0.1817563165 0.04441166358 0.7760360373 -0.6291229394 0.1984979089 -0.6240429566 -0.7557572153 0.0002441985526 -0.4780818984 0
0.7344381383 0.596877875 -0.3623203668 -0.03562790165 0.1737140125 0.466161066 -0.00469928622 0.04597742995 0.2492932115 -0.9784512748 -0.09332823687 -0.1841818208 0.04536921319 0.7730395414 -0.6327333576 0.201431719 -0.6274549446 -0.7521472961 0.000249431857 -0.4818860878 0
0.739511327 0.6010008554 -0.3648231229 -0.03609934172 0.1747302876 0.4655809749 -0.004763642038 0.04628251956 0.2492150573 -0.9778768996 -0.09511021284 -0.1863083914 0.04621610682 0.7704120728 -0.6358689406 0.2040118643 -0.6304119967 -0.7489725453 0.0002540740879 -0.4852147535 0
0.7453092569 0.6057128331 -0.3676834157 -0.03664136023 0.1758872909 0.4649140393 -0.004837707366 0.04663088052 0.2491251117 -0.9772071892 -0.09717021123 -0.1887433691 0.04719428248 0.7674032265 -0.6394255138 0.2069753827 -0.6337588169 -0.7453260716 0.0002594521588 -0.4890189429 0
0.7511071869 0.6104248108 -0.3705437085 -0.03718680682 0.177039515 0.4642428857 -0.00491232227 0.04697890536 0.2490344987 -0.9765231502 -0.09925521824 -0.191182998 0.04818340596 0.7643882744 -0.6429532839 0.2099545104 -0.6370706143 -0.7416603913 0.0002649083376 -0.4928231323 0
0.7569051168 0.6151367884 -0.3734040013 -0.03773566356 0.1781869308 0.4635675359 -0.004987486081 0.04732659163 0.248943219 -0.9758246141 -0.1013652201 -0.1936269986 0.04918343754 0.7613675513 -0.6464521957 0.2129490829 -0.6403472058 -0.737975707 0.0002704432504 -0.4966273217 0
0.7619783055 0.6192597689 -0.3759067575 -0.03821869644 0.1791869525 0.4629731802 -0.005053704163 0.04763053744 0.2488628031 -0.9752013707 -0.1032319617 -0.1957688657 0.05006738018 0.7587199477 -0.6494900295 0.2155818733 -0.6431852012 -0.7347361791 0.0002753513782 -0.4999559874 0
0.7677762355 0.6239717466 -0.3787670502 -0.03877389853 0.1803252746 0.4622900227 -0.005129895361 0.04797758223 0.2487702756 -0.9744751994 -0.1053887782 -0.1982203098 0.05108774913 0.7556893064 -0.6529346936 0.2186049581 -0.6463952952 -0.731016412 0.0002810356064 -0.5037601768 0
0.7735741654 0.6286837242 -0.381627343 -0.03933245865 0.1814587054 0.4616027333 -0.005206633521 0.04832428137 0.2486770838 -0.9737340483 -0.1075705282 -0.2006753217 0.0521188988 0.7526538566 -0.6563503581 0.2216430095 -0.649569668 -0.7272782292 0.0002868003707 -0.5075643662 0
0.7793720954 0.6333957019 -0.3844876358 -0.03989435844 0.1825872164 0.4609113345 -0.005283917958 0.04867063239 0.2485832285 -0.97297775 -0.1097771825 -0.2031336214 0.05316078033 0.749613933 -0.65973698 0.2246958597 -0.6527081443 -0.7235218373 0.000292646299 -0.5113685556 0
0.7844452841 0.6375186824 -0.386990392 -0.04038874584 0.1835706054 0.4603030075 -0.005351989413 0.04897340205 0.2485005615 -0.9723034325 -0.1117284084 -0.2052871108 0.05408118994 0.746950593 -0.6626764191 0.2273791107 -0.6554247282 -0.7202202203 0.0002978285595 -0.5146972213 0
