0.01001155113 0.007008085788 0 -5.963709246e-06 0.002552913765 0.5099914804 -7.503310437e-07 0.0006364309951 0.2549989399 -0.9999999994 -2.299837513e-07 -3.473026916e-05 1.1598448e-07 0.9999503855 -0.009961247898 3.473083696e-05 -0.009961247896 -0.9999503849 5.274891403e-08 0
0.02066156609 0.01446309626 0 -2.539976082e-05 0.005268420083 0.5099637146 -3.216532899e-06 0.001316316795 0.2549954553 -0.9999999891 -2.026157691e-06 -0.0001479077792 1.014677644e-06 0.999788701 -0.02055610067 0.0001479181763 -0.0205561006 -0.9997886901 5.080607516e-08 0
0.03049234914 0.0213446444 0 -5.531827771e-05 0.007774651399 0.5099209739 -7.02335243e-06 0.001944269586 0.2549900762 -0.9999999481 -6.513980303e-06 -0.0003220945811 3.259097015e-06 0.9995398501 -0.03033295285 0.0003221439576 -0.03033295232 -0.9995397982 4.042906489e-08 0
0.04032313218 0.02822619253 0 -9.673260354e-05 0.01028032297 0.5098618106 -1.229652975e-05 0.002572089495 0.2549826251 -0.9999998413 -1.506334052e-05 -0.0005631487269 7.534130889e-06 0.9991954515 -0.04010548181 0.0005632997689 -0.04010547969 -0.9991952928 1.926585926e-07 0
0.05015391523 0.03510774066 0 -0.0001496391603 0.01278525441 0.5097862298 -1.903483456e-05 0.003199758102 0.2549731037 -0.9999996203 -2.898124109e-05 -0.0008709897268 1.449308589e-05 0.9987556027 -0.04987229581 0.0008713512306 -0.0498722895 -0.998755223 3.986806128e-07 0
0.0608039302 0.04256275114 0 -0.0002199179348 0.0154978858 0.5096858315 -2.798735617e-05 0.003879583363 0.2549604535 -0.9999991798 -5.163068335e-05 -0.001279731499 2.581704889e-05 0.998171532 -0.06044494966 0.001280512365 -0.06044493312 -0.998170712 6.784024888e-07 0
0.07063471324 0.04944429927 0 -0.0002967508078 0.0180006963 0.5095760703 -3.777639547e-05 0.00450698894 0.2549466213 -0.9999985066 -8.092140334e-05 -0.001726355819 4.046049855e-05 0.99753326 -0.07019539543 0.001727777658 -0.07019536045 -0.997531767 9.875459492e-07 0
0.08046549629 0.0563258474 0 -0.0003850586319 0.02050221102 0.5094499162 -4.90292895e-05 0.005134277393 0.2549307206 -0.9999974854 -0.0001195956222 -0.002239378606 5.979386017e-05 0.9968000084 -0.07993584761 0.002241772591 -0.07993578051 -0.9967974947 1.345283713e-06 0
0.09029627934 0.06320739554 0 -0.0004848337786 0.02300225 0.5093073803 -6.17457409e-05 0.005761446575 0.2549127519 -0.9999960134 -0.0001689489271 -0.002818628572 8.446405538e-05 0.9959719847 -0.08966492406 0.002822423886 -0.08966480468 -0.9959679999 1.751712761e-06 0
0.1001270624 0.07008894367 0 -0.0005960676292 0.02550063338 0.5091484748 -7.592543714e-05 0.006388491119 0.2548927156 -0.9999939741 -0.0002302728579 -0.003463912323 0.0001151157422 0.9950494232 -0.09938124606 0.003469648763 -0.09938104595 -0.9950434007 2.207139826e-06 0
0.1107770773 0.07754395414 0 -0.0007294906289 0.0282051387 0.5089578705 -9.293761491e-05 0.007067640138 0.2548686769 -0.9999909743 -0.0003117082056 -0.004237236619 0.0001558163599 0.9939436018 -0.109891274 0.004245828239 -0.1098909424 -0.9939345822 2.756325614e-06 0
0.1206078604 0.08442550228 0 -0.0008645647739 0.03069949605 0.5087649075 -0.0001101646243 0.007694399853 0.2548443346 -0.999987322 -0.000402098703 -0.005019373357 0.0002009885874 0.992824956 -0.1195766132 0.005031440733 -0.119576106 -0.9928122881 3.315359724e-06 0
0.1304386434 0.09130705041 0 -0.001011064825 0.03319164439 0.5085556217 -0.0001288537479 0.00832100857 0.2548179263 -0.9999826609 -0.0005084113806 -0.005866809179 0.0002541128358 0.9916126625 -0.1292449727 0.005883311885 -0.1292442226 -0.9915953396 3.925041469e-06 0
0.1402694265 0.09818859854 0 -0.00116897813 0.03568140463 0.5083300312 -0.0001490045563 0.008947456176 0.2547894527 -0.9999768209 -0.0006319161867 -0.006779261201 0.0003158216876 0.9903070642 -0.1388949921 0.006801320251 -0.1388939137 -0.9902839102 4.586059964e-06 0
0.1501002095 0.1050701467 0 -0.001338291053 0.03816859793 0.5080881556 -0.0001706165881 0.009573732176 0.2547589143 -0.999969619 -0.0007738765511 -0.007756424849 0.0003867440803 0.9889085301 -0.1485253162 0.007785334955 -0.1485238036 -0.9888781868 5.299164811e-06 0
0.1607502245 0.1125251572 0 -0.001534560558 0.04085995346 0.5078077706 -0.0001956779987 0.0102519917 0.2547235018 -0.9999600527 -0.0009499505846 -0.008887665272 0.0004746987116 0.9872890349 -0.1589343772 0.008925674274 -0.1589322471 -0.9872491444 6.131409048e-06 0
0.1705810075 0.1194067053 0 -0.00172757459 0.04334122561 0.5075320363 -0.000220332621 0.0108778754 0.2546886642 -0.9999493696 -0.00113438676 -0.00999857236 0.0005668185809 0.9856981838 -0.1685193436 0.01004674073 -0.1685164788 -0.9856476345 6.955677218e-06 0
0.1804117906 0.1262882534 0 -0.001931940011 0.04581938098 0.5072400857 -0.0002464468375 0.01150355374 0.2546517642 -0.9999366794 -0.001341127929 -0.01117311661 0.0006700654139 0.9840156986 -0.1780804757 0.01123335084 -0.1780766863 -0.9839524916 7.834684963e-06 0
0.1902425736 0.1331698015 0 -0.002147639179 0.04829424183 0.506931944 -0.0002740200529 0.01212901551 0.2546128025 -0.999921747 -0.001571405951 -0.01241090605 0.0007850504948 0.9822420543 -0.1876164449 0.01248533546 -0.1876115066 -0.9821639573 8.769395362e-06 0
0.2000733567 0.1400513497 0 -0.002374653476 0.05076563074 0.5066076379 -0.0003030516382 0.01275424943 0.2545717802 -0.9999043245 -0.001826443757 -0.01371152766 0.0009123801154 0.9803777512 -0.1971259304 0.01380251608 -0.1971195804 -0.9802822867 9.760818635e-06 0
0.2107233717 0.1475063602 0 -0.002633331694 0.05343884536 0.5062380976 -0.0003361474839 0.01343131588 0.254525015 -0.9998823379 -0.002132082685 -0.01519093491 0.001064947972 0.9782563941 -0.2073964641 0.01530281562 -0.207388239 -0.9781390199 1.090008505e-05 0
0.2205541547 0.1543879083 0 -0.002883855121 0.0559024327 0.505880207 -0.0003682151759 0.01405603861 0.2544797027 -0.9998588775 -0.002442589564 -0.0166210389 0.001219919405 0.9762049364 -0.2168465677 0.01675520739 -0.2168362421 -0.9760641921 1.201310236e-05 0
0.2303849377 0.1612694564 0 -0.003145630147 0.05836200322 0.5055062426 -0.0004017390907 0.01468049837 0.2544323327 -0.9998320847 -0.002781565764 -0.0181125704 0.001389070583 0.9740645218 -0.2262661662 0.01827218644 -0.2262533323 -0.9738970977 1.318622809e-05 0
0.2402157208 0.1681510046 0 -0.003418634185 0.06081738096 0.5051162369 -0.0004367184645 0.01530468372 0.2543829061 -0.9998016617 -0.003150192956 -0.01966503184 0.001572984733 0.9718357528 -0.2356539735 0.01985353651 -0.2356381671 -0.9716380454 1.442064966e-05 0
0.2500465038 0.1750325527 0 -0.003702843687 0.06326839037 0.5047102233 -0.0004731524999 0.01592858319 0.2543314242 -0.9997672983 -0.00354964155 -0.02127790542 0.001772238788 0.969519257 -0.2450087131 0.02149903216 -0.2449894086 -0.9692873574 1.571759441e-05 0
0.2606965188 0.1824875632 0 -0.004023353913 0.06591851792 0.5042523516 -0.0005142632866 0.01660413835 0.2542733339 -0.9997252509 -0.004018502219 -0.02309273416 0.002006069389 0.9669114789 -0.2551042292 0.02335376664 -0.2550804651 -0.9666377594 1.719464272e-05 0
0.2705273019 0.1893691113 0 -0.004330828282 0.06835986466 0.5038131025 -0.0005537251624 0.01722740535 0.2542175736 -0.9996816304 -0.004485869499 -0.02482971553 0.002239105678 0.9644143396 -0.2643860207 0.02513213489 -0.2643574446 -0.9640972551 1.862595329e-05 0
0.2803580849 0.1962506594 0 -0.004649429449 0.07079630449 0.5033579579 -0.0005946390335 0.01785035105 0.2541597616 -0.999633039 -0.004987591323 -0.02662538669 0.002489218481 0.9618315599 -0.2736308719 0.02697389618 -0.2735967365 -0.9614661901 2.012380871e-05 0
0.2901888679 0.2031322076 0 -0.004979129945 0.07322766367 0.5028869572 -0.0006370039678 0.01847296395 0.2540998994 -0.9995791188 -0.005524787532 -0.02847914895 0.002756956469 0.9591638651 -0.2828375488 0.02887878795 -0.2827970236 -0.9587449395 2.168958592e-05 0
0.300019651 0.2100137557 0 -0.005319901352 0.07565376895 0.5024001409 -0.0006808189999 0.01909523255 0.2540379881 -0.9995195006 -0.00609856448 -0.0303903843 0.00304286078 0.9564120038 -0.2920048287 0.03084653862 -0.2919569943 -0.9559338913 2.332469527e-05 0
0.310669666 0.2174687662 0 -0.005701529504 0.07827592046 0.5018549579 -0.000729920521 0.01976895499 0.2539686071 -0.9994480426 -0.006762703214 -0.03252500668 0.003373709051 0.9533367367 -0.3018901861 0.03304887747 -0.3018332855 -0.9527877201 2.517597704e-05 0
0.320500449 0.2243503143 0 -0.006065269881 0.0806905259 0.5013353287 -0.0007767533453 0.02039046937 0.2539024318 -0.9993753187 -0.007416182123 -0.03455390957 0.003699163633 0.9504120337 -0.3109715138 0.03514667285 -0.3109050763 -0.9497908954 2.696019768e-05 0
0.330331232 0.2312318624 0 -0.006439987577 0.0830993465 0.5008000177 -0.0008250330829 0.021011604 0.2538342121 -0.9992956884 -0.008109563634 -0.03663826087 0.004044403096 0.9474056167 -0.3200097503 0.03730643357 -0.3199325436 -0.9467055496 2.881829682e-05 0
0.3401620151 0.2381134106 0 -0.006825650314 0.08550221116 0.500249071 -0.0008747586339 0.0216323474 0.2537639495 -0.9992087377 -0.008843894686 -0.03877736607 0.00440993538 0.9443183271 -0.3290037229 0.03952785173 -0.3289144003 -0.9435321225 3.075180904e-05 0
0.3508120301 0.245568421 0 -0.007255764243 0.08809839567 0.4996346225 -0.000930258226 0.02230436461 0.2536855282 -0.9991057874 -0.0096868262 -0.04115569127 0.004829407382 0.9408835025 -0.3386958984 0.04200359925 -0.3385917898 -0.939995371 3.293336128e-05 0
0.3606428131 0.2524499692 0 -0.007664121392 0.09048830513 0.4990512552 -0.0009829922106 0.02292425607 0.2536110148 -0.99900221 -0.01050976273 -0.04340655736 0.005238809466 0.9376305259 -0.3475939467 0.04435244311 -0.3474745197 -0.9366399089 3.502903197e-05 0
0.3704735962 0.2593315173 0 -0.008083318179 0.09287173479 0.4984524026 -0.001037168409 0.02354372091 0.2535344636 -0.9988899699 -0.01137677698 -0.04570992274 0.005670014753 0.9342994076 -0.3564442003 0.04676193991 -0.3563077125 -0.9331978006 3.720501598e-05 0
0.3803043792 0.2662130654 0 -0.008513318527 0.09524851597 0.4978381164 -0.001092785587 0.02416274768 0.2534558764 -0.9987686108 -0.01228884976 -0.04806502035 0.006123494255 0.9308910766 -0.3652455425 0.04923174613 -0.365090109 -0.9296695367 3.946295359e-05 0
0.3901351622 0.2730946136 0 -0.008954085431 0.09761848067 0.4972084494 -0.001149842477 0.02478132492 0.253375255 -0.998637667 -0.01324694469 -0.05047106603 0.006599709392 0.9274064828 -0.373996871 0.05176150969 -0.3738204571 -0.9260556203 4.180450838e-05 0
0.4007851772 0.280549624 0 -0.009443688671 0.1001780561 0.4965090162 -0.001213277275 0.02545092972 0.2532856216 -0.9984844432 -0.01433791243 -0.05313417958 0.007141789218 0.9235465713 -0.3834197771 0.05456932856 -0.3832181558 -0.9220444856 4.443750824e-05 0
0.4106159603 0.2874311722 0 -0.009906763052 0.102533283 0.4958474814 -0.001273329351 0.02606853371 0.2532007682 -0.9983319925 -0.01539490466 -0.05564377523 0.007666809189 0.9199062357 -0.3920634357 0.05722283502 -0.3918360811 -0.9182537953 4.695870503e-05 0
0.4204467433 0.2943127203 0 -0.01038048414 0.1048811795 0.4951707369 -0.001334817025 0.02668565293 0.2531138863 -0.9981684603 -0.01650077816 -0.05820179634 0.008215924953 0.9161926924 -0.4006537769 0.05993515958 -0.4003981452 -0.91437908 4.956878483e-05 0
0.4302775264 0.3011942684 0 -0.01086481121 0.1072215804 0.4944788411 -0.001397738897 0.02730227597 0.2530249781 -0.9979933426 -0.01765642259 -0.06080739178 0.008789556659 0.9124069724 -0.4091897609 0.06270591556 -0.4089031273 -0.910420892 5.226949665e-05 0
0.4401083094 0.3080758166 0 -0.01135970263 0.109554321 0.4937718534 -0.001462093531 0.02791839143 0.2529340454 -0.9978061261 -0.01886270862 -0.0634596947 0.009388113851 0.9085501253 -0.4176703642 0.06553470795 -0.4173498149 -0.9063797957 5.506260823e-05 0
0.4507583244 0.3155308271 0 -0.01190770723 0.1120726225 0.4929889897 -0.001533426183 0.02858526384 0.252833253 -0.99758905 -0.02022765305 -0.06638470743 0.01006514074 0.9042928491 -0.4267940207 0.06866425759 -0.426433213 -0.90190905 5.819482113e-05 0
0.4605891074 0.3224123752 0 -0.0124244701 0.1143888792 0.492250757 -0.001600760993 0.02920028528 0.2527381096 -0.9973749425 -0.02154215388 -0.06913146672 0.010716894 0.9002912733 -0.4351560311 0.07161265438 -0.4347545961 -0.8976970919 6.118618727e-05 0
0.4704198905 0.3292939233 0 -0.01295166333 0.116696973 0.4914976238 -0.001669523938 0.02981476407 0.2526409484 -0.9971471008 -0.02290985764 -0.07192216535 0.01139476675 0.8962219228 -0.4434596085 0.07461781782 -0.4430139992 -0.8934040395 6.427551323e-05 0
0.4802506735 0.3361754715 0 -0.01348924167 0.1189967425 0.4907296548 -0.001739713454 0.03042868886 0.2525417716 -0.9969049777 -0.02433155391 -0.07475587563 0.01209912331 0.8920859209 -0.4517037978 0.07767931946 -0.451210245 -0.8890305046 6.746463522e-05 0
0.4900814565 0.3430570196 0 -0.01403715896 0.1212880271 0.4899469158 -0.001811327939 0.03104204831 0.2524405815 -0.9966480184 -0.02580801163 -0.07763165581 0.01283031647 0.8878844081 -0.4598876611 0.08079672287 -0.4593421648 -0.8845771109 7.075540448e-05 0
0.5007314715 0.3505120301 0 -0.01464234871 0.1237604916 0.489082359 -0.001890516444 0.03170586995 0.2523286895 -0.996352251 -0.02747017123 -0.08079345044 0.01365312211 0.8832601843 -0.4686843704 0.08423647783 -0.4680778103 -0.8796632192 7.443727469e-05 0
0.5105622546 0.3573935782 0 -0.01521165348 0.1260335867 0.4882690665 -0.001965094338 0.03231801528 0.2522233124 -0.9960625678 -0.0290630929 -0.08375379157 0.01444130669 0.8789259255 -0.476739621 0.08746890666 -0.4760720053 -0.8750455052 7.794581682e-05 0
0.5203930376 0.3642751263 0 -0.01579114945 0.1282977067 0.4874412151 -0.002041092065 0.03292956041 0.2521159292 -0.9957562908 -0.03071301357 -0.08675321348 0.01525734136 0.874529775 -0.4847317672 0.09075584161 -0.48399833 -0.8703499261 8.156180178e-05 0
0.5302238207 0.3711566745 0 -0.01638078694 0.1305526942 0.4865988758 -0.002118507894 0.03354049406 0.2520065424 -0.9954328357 -0.03242061469 -0.08979072023 0.01610153016 0.8700729389 -0.4926599454 0.09409681409 -0.4918556544 -0.8655771513 8.528713559e-05 0
0.5400546037 0.3780382226 0 -0.01698051541 0.132798393 0.4857421208 -0.002197340061 0.03415080498 0.2518951545 -0.9950916113 -0.03418655558 -0.09286530346 0.01697416481 0.8655566379 -0.5005233105 0.09749134781 -0.4996428585 -0.8607278612 8.912373627e-05 0
0.5507046187 0.3854932331 0 -0.01764154901 0.1352205708 0.4847977871 -0.002284337788 0.03481125935 0.251772229 -0.9947012065 -0.0361662312 -0.09623675795 0.01795194291 0.8605983073 -0.5089678587 0.1012286402 -0.5079985799 -0.8553889204 9.340785341e-05 0
0.5605354017 0.3923747812 0 -0.01826213432 0.1374464195 0.4839112367 -0.002366114851 0.0354202368 0.2516566803 -0.9943210371 -0.03805573267 -0.09938529288 0.01888472195 0.8559621056 -0.5166935659 0.1047331968 -0.5156361459 -0.8503824566 9.748247006e-05 0
0.5703661848 0.3992563293 0 -0.01889264946 0.1396625029 0.4830105008 -0.002449302608 0.03602855689 0.2515391386 -0.993921237 -0.0400054647 -0.1025677208 0.01984676711 0.8512702932 -0.524351975 0.1082897982 -0.5232002013 -0.8453016438 0.0001016743377 0
0.5801969678 0.4061378775 0 -0.01953304047 0.1418686683 0.4820956565 -0.002533899164 0.03663620841 0.2514196064 -0.9935011908 -0.04201599354 -0.1057829864 0.02083831829 0.8465241478 -0.5319423198 0.1118979375 -0.5306896677 -0.8401472063 0.0001059854184 0
0.5900277509 0.4130194256 0 -0.02018325253 0.1440647639 0.4811667821 -0.00261990259 0.03724318019 0.2512980865 -0.9930602773 -0.04408786207 -0.1090300235 0.02185960235 0.8417249598 -0.539463854 0.1155571002 -0.5381034775 -0.8349198789 0.0001104176838 0
0.6006777658 0.4204744361 0 -0.0208986672 0.1464323293 0.4801447611 -0.002714658309 0.03789995294 0.2511642 -0.9925583467 -0.04640220809 -0.1125822521 0.0229997937 0.8364674936 -0.5475336899 0.1195781665 -0.5460485026 -0.8291755513 0.000115358356 0
0.6105085489 0.4273559842 0 -0.02156916023 0.1486069633 0.479186914 -0.002803586383 0.03850547277 0.2510385481 -0.9920719432 -0.04860350767 -0.1158920121 0.02408369229 0.8315619982 -0.5549095592 0.1233419442 -0.5533013123 -0.8237987756 0.0001200494622 0
0.6203393319 0.4342375323 0 -0.02224930022 0.1507710657 0.4782152854 -0.002893915182 0.03911027848 0.2509109171 -0.9915627266 -0.0508676711 -0.1192301942 0.02519793999 0.8266075148 -0.5622144434 0.1271551139 -0.5604752417 -0.8183514407 0.0001248678891 0
0.630170115 0.4411190805 0 -0.02293902904 0.1529244891 0.4772299585 -0.002985642646 0.03971435899 0.25078131 -0.9910300565 -0.05319514347 -0.1225956929 0.02634270924 0.8216053813 -0.5694476789 0.131017132 -0.5675692681 -0.8128343232 0.000129815644 0
0.640000898 0.4480006286 0 -0.02363828779 0.1550670865 0.4762310174 -0.003078766684 0.04031770318 0.2506497298 -0.9904732883 -0.05558634538 -0.125987394 0.02751815892 0.8165569463 -0.5766086232 0.1349274478 -0.5745823802 -0.8072482098 0.0001348947421 0
0.650650913 0.4554556391 0 -0.0244065031 0.1573758482 0.475133567 -0.003181224593 0.04097048232 0.2505049615 -0.9898421767 -0.05824918983 -0.1296900036 0.02882635278 0.8110371343 -0.5842840133 0.1392174793 -0.5820874493 -0.8011196507 0.0001405476615 0
0.660481696 0.4623371872 0 -0.0251254232 0.1594954251 0.4741065383 -0.003277251309 0.04157225701 0.2503692803 -0.9892331179 -0.0607744047 -0.1331326788 0.03006617026 0.8058966121 -0.5912923778 0.1432266171 -0.5889287922 -0.7953923647 0.0001459068959 0
0.6703124791 0.4692187353 0 -0.02585368662 0.1616037303 0.473066162 -0.003374667953 0.04217326131 0.2502316355 -0.9885979509 -0.06336449023 -0.1365980705 0.03133707138 0.8007140073 -0.5982266013 0.147282312 -0.5956861757 -0.7895985693 0.0001514037332 0
0.6801432621 0.4761002835 0 -0.02659123126 0.1637006215 0.4720125268 -0.003473472305 0.04277348421 0.25009203 -0.9879360172 -0.0660197654 -0.1400850329 0.03263915853 0.7954907062 -0.6050861275 0.1513839859 -0.6023586365 -0.7837390904 0.0001570402175 0
0.6907932771 0.483555294 0 -0.0274006386 0.1659592093 0.4708562306 -0.003582073731 0.04342283115 0.249938582 -0.98718795 -0.06897021824 -0.1438855808 0.03408504763 0.7897878231 -0.6124323669 0.1558786736 -0.6094901997 -0.7773181688 0.0001633063752 0
0.7006240601 0.4904368421 0 -0.02815731629 0.1680318686 0.4697752624 -0.003683761871 0.04402139085 0.2497949023 -0.9864681258 -0.07176221902 -0.1474137736 0.03545237303 0.784484226 -0.6191345802 0.1600742514 -0.615982697 -0.7713245432 0.0001692403848 0
0.7104548432 0.4973183902 0 -0.02892307889 0.1700926816 0.4686813159 -0.003786830675 0.04461913532 0.249649272 -0.9857194885 -0.07462023329 -0.150959964 0.03685111146 0.7791442565 -0.6257605158 0.1643139846 -0.6223873781 -0.7652678394 0.0001753203845 0
0.7202856262 0.5041999384 0 -0.02969786123 0.1721415105 0.467574484 -0.003891277792 0.04521605363 0.2495016945 -0.9849413701 -0.07754447598 -0.1545229812 0.03828130754 0.7737693308 -0.6323097059 0.1685972686 -0.6287033298 -0.7591489209 0.0001815484436 0
0.7301164093 0.5110814865 0 -0.03048159737 0.1741782184 0.4664548609 -0.003997100842 0.04581213487 0.249352173 -0.9841331009 -0.08053513627 -0.1581016495 0.03974299159 0.7683608717 -0.6387817041 0.1729234928 -0.6349296518 -0.75296866 0.0001879266372 0
0.7407664242 0.518536497 0 -0.03134067162 0.1763708166 0.465227612 -0.004113292383 0.0464569323 0.2491880017 -0.9832226733 -0.08385015745 -0.1619948326 0.04136203413 0.7624655225 -0.6457054353 0.1776579771 -0.64157266 -0.7462051763 0.0001950081826 0
0.7505972073 0.5254180451 0 -0.03214284653 0.1783818384 0.4640816478 -0.004221974176 0.04705123468 0.2490344414 -0.9823494335 -0.08697968212 -0.1656023107 0.04288935274 0.7569917948 -0.6520152805 0.1820716722 -0.6476094174 -0.7398999586 0.0002017058445 0
0.7604279903 0.5322995932 0 -0.03295376736 0.1803803249 0.4629231895 -0.004332024363 0.04764466649 0.2488789479 -0.9814439709 -0.09017604442 -0.1692217866 0.04444816231 0.7514889531 -0.6582466971 0.1865263867 -0.6535538497 -0.7335361427 0.0002085600723 0
0.7702587734 0.5391811414 0 -0.03377336522 0.1823661442 0.4617523354 -0.004443440437 0.0482372169 0.2487215246 -0.9805056118 -0.09343932735 -0.172852068 0.04603843431 0.7459584397 -0.6643993294 0.1910214853 -0.6594051095 -0.7271146359 0.0002155729621 0
0.7800895564 0.5460626895 0 -0.03460157053 0.1843391654 0.460569185 -0.004556219858 0.04882887512 0.2485621753 -0.9795336825 -0.09676958772 -0.1764919592 0.04766012569 0.7404017006 -0.6704728437 0.1955563274 -0.6651623626 -0.7206363536 0.0002227466149 0
0.7907395714 0.5535177 0 -0.03550842467 0.1864620125 0.459273679 -0.00467993308 0.04946881886 0.2483873774 -0.9784420949 -0.1004529868 -0.1804446294 0.04945234683 0.7343539858 -0.6769628416 0.2005131722 -0.6712923513 -0.7135552164 0.0002307019308 0
0.8005703544 0.5603992481 0 -0.03635433561 0.1884079564 0.4580652348 -0.004795544514 0.05005858375 0.2482240271 -0.9773980646 -0.1039228513 -0.1841006905 0.05113929355 0.7287472673 -0.6828705536 0.2051287301 -0.6768511368 -0.7069616275 0.0002382172743 0
0.8104011375 0.5672807962 0 -0.03720863507 0.1903407066 0.456844807 -0.004912511268 0.05064742328 0.248058762 -0.9763183884 -0.1074597031 -0.1877626605 0.05285743547 0.7231187991 -0.6886982604 0.2097820202 -0.6823134284 -0.7003141362 0.000245899887 0
0.8202319205 0.5741623444 0 -0.03807125067 0.1922601375 0.455612499 -0.005030830676 0.05123532675 0.2478915858 -0.9752023945 -0.1110634917 -0.1914293358 0.05460667014 0.7174700367 -0.69444572 0.214472379 -0.6876784475 -0.6936136903 0.0002537518881 0
0.8300627036 0.5810438925 0 -0.03894210934 0.1941661246 0.4543684152 -0.005150500041 0.05182228349 0.2477225025 -0.9740494123 -0.1147341402 -0.1950995118 0.05638688058 0.7118024368 -0.7001127128 0.2191991381 -0.6929454293 -0.686861245 0.0002617754005 0
0.8407127185 0.588498903 0 -0.03989475613 0.1962156299 0.4530074912 -0.005281662078 0.05245707257 0.2475371812 -0.972757832 -0.1187860054 -0.1990780884 0.05835024422 0.7056429695 -0.7061609226 0.2243600886 -0.6985398232 -0.6794885327 0.0002706635518 0
0.8505435016 0.5953804511 0 -0.04078255035 0.1980932147 0.4517392138 -0.005404135057 0.05304202274 0.2473641371 -0.9715256438 -0.1225955834 -0.2027516866 0.06019454805 0.6999408051 -0.7116596699 0.2291605111 -0.7036001651 -0.6726308555 0.0002790512157 0
0.8603742846 0.6022619992 0 -0.04167835825 0.1999569797 0.4504594882 -0.005527949482 0.05362599339 0.2471891977 -0.9702544101 -0.1264716184 -0.2064250695 0.06206937524 0.6942242959 -0.7170774154 0.2339952398 -0.7085601998 -0.6657241703 0.0002876169617 0
0.8702050677 0.6091435474 0 -0.04258210413 0.2018068059 0.4491684227 -0.005653102533 0.05420897395 0.2470123673 -0.9689434682 -0.1304139262 -0.2100970329 0.06397454942 0.6884948976 -0.7224140315 0.2388635854 -0.7134192202 -0.6587694618 0.0002963629285 0
0.8800358507 0.6160250955 0 -0.04349371166 0.2036425753 0.4478661262 -0.005779591356 0.05479095385 0.2468336496 -0.9675921578 -0.1344222961 -0.2137663738 0.06590987969 0.6827540647 -0.7276694132 0.2437648539 -0.7181765336 -0.6517677214 0.0003052912582 0
0.8906858657 0.623480106 0 -0.04449006885 0.2056153275 0.4464427588 -0.00591812495 0.05542029066 0.246637914 -0.966081921 -0.1388389706 -0.2177371399 0.0680402793 0.6765236098 -0.733270977 0.2491109035 -0.7232147299 -0.6441305863 0.0003151718955 0
0.9005166487 0.6303616541 0 -0.04541780691 0.207421439 0.4451174187 -0.006047387335 0.05600015208 0.246455278 -0.964644402 -0.1429841786 -0.22139716 0.07003775853 0.6707636165 -0.7383568806 0.2540785118 -0.7277579923 -0.6370340763 0.0003244870434 0
0.9103474318 0.6372432022 0 -0.04635316737 0.2092131384 0.4437811895 -0.006177976503 0.05657898047 0.2462707675 -0.9631644981 -0.1471946343 -0.2250508593 0.07206471442 0.6649966582 -0.7433613667 0.2590768739 -0.7321975036 -0.6298936332 0.0003339911807 0
0.9201782148 0.6441247504 0 -0.04729607139 0.2109903135 0.4424341837 -0.006309889478 0.05715676537 0.2460843868 -0.9616415627 -0.1514700203 -0.2286970437 0.07412089728 0.659224178 -0.7482844217 0.2641052772 -0.7365326307 -0.6227102749 0.0003436864631 0
0.9300089979 0.6510062985 0 -0.04824643956 0.2127528531 0.4410765149 -0.006443123253 0.05773349636 0.2458961401 -0.9600749532 -0.1558099934 -0.2323345222 0.07620604315 0.6534476151 -0.7531260541 0.2691630049 -0.7407627557 -0.6154850254 0.0003535750496 0
0.9406590128 0.658461309 0 -0.04928433538 0.2146456281 0.4395938066 -0.006588946804 0.05835708691 0.2456901054 -0.9583277676 -0.1605840868 -0.2362639222 0.07849731213 0.6471867286 -0.7582793089 0.2746744652 -0.7452262002 -0.6076115936 0.0003645083305 0
0.9504897959 0.6653428571 0 -0.05024999627 0.2163773264 0.438214291 -0.006724922455 0.05893158891 0.2454979851 -0.9566681253 -0.1650574006 -0.2398794541 0.08064188766 0.6414062622 -0.7629514354 0.2797909648 -0.7492356514 -0.600302386 0.0003748065803 0
0.9603205789 0.6722244052 0 -0.05122287283 0.2180940555 0.4368244674 -0.006862209444 0.05950500503 0.2453040121 -0.9549628556 -0.1695940807 -0.2434826323 0.08281452301 0.6356261201 -0.7675423052 0.2849345525 -0.7531382896 -0.5929544818 0.0003853048089 0
0.970151362 0.6791059534 0 -0.05220288331 0.2197957101 0.4354244524 -0.007000804642 0.06007732497 0.2451081909 -0.9532113351 -0.1741936787 -0.247072283 0.08501489655 0.6298477201 -0.7720520169 0.2901044951 -0.7569335583 -0.5855689286 0.0003960051869 0
0.9808013769 0.6865609639 0 -0.05327251633 0.2216220375 0.4338964052 -0.007152422051 0.0606960893 0.2448939707 -0.9512609451 -0.1792470278 -0.2509444509 0.08742954678 0.6235913894 -0.7768460937 0.2957341521 -0.7609233089 -0.5775266481 0.0004078279037 0
0.99063216 0.693442512 0 -0.05426712425 0.2232919545 0.4324755368 -0.007293732502 0.06126609253 0.2446943134 -0.9494110904 -0.1839761544 -0.2545021731 0.08968661434 0.6178211436 -0.7811871388 0.3009566293 -0.7644931714 -0.5700660472 0.0004189564091 0
1.000462943 0.7003240601 0 -0.05526861067 0.224946481 0.4310448419 -0.007436341324 0.06183496797 0.2444928218 -0.9475130979 -0.1887666577 -0.2580427838 0.09197034101 0.6120569683 -0.7854474673 0.3062031772 -0.7679540458 -0.5625710603 0.0004302937727 0
1.010293726 0.7072056083 0 -0.05627689166 0.2265855174 0.4296044405 -0.007580245266 0.06240270542 0.2442895004 -0.945566368 -0.1936179868 -0.2615651332 0.09428034879 0.6063002521 -0.7896272666 0.3114730479 -0.7713054385 -0.5550427559 0.0004418421754 0
1.020124509 0.7140871564 0 -0.05729188278 0.2282089658 0.4281544532 -0.007725441049 0.06296929471 0.2440843539 -0.9435703075 -0.1985295658 -0.2650680785 0.09661624613 0.6005523746 -0.7937267454 0.3167654901 -0.774546872 -0.5474822074 0.0004536038004 0
1.030774524 0.7215421669 0 -0.05839893017 0.2299499988 0.4265729569 -0.007884190446 0.06358179236 0.2438600576 -0.9413515606 -0.2039177365 -0.2688397219 0.09917554716 0.5943370715 -0.7980774751 0.3225235652 -0.7779338032 -0.5392564767 0.000466588711 0
1.040605307 0.728423715 0 -0.05942762735 0.2315406633 0.4251033895 -0.008032066897 0.06414595715 0.2436511238 -0.939250853 -0.2089528796 -0.2722986033 0.1015640648 0.5886120006 -0.8020103824 0.3278606045 -0.7809446887 -0.5316322198 0.0004788015709 0
1.05043609 0.7353052631 0 -0.06046277118 0.2331154466 0.4236246126 -0.008181224889 0.06470894263 0.2434403794 -0.9370990295 -0.2140463432 -0.275734604 0.1039771804 0.582899965 -0.8058637458 0.3332178789 -0.7838442408 -0.5239790562 0.0004912343983 0
1.060266873 0.7421868113 0 -0.06150427522 0.2346742565 0.4221367497 -0.00833166102 0.06527073875 0.2432278292 -0.9348955263 -0.2191974524 -0.2791466133 0.1064144483 0.5772023053 -0.8096378598 0.3385946249 -0.7866320459 -0.516298077 0.0005038893852 0
1.070097656 0.7490683594 0 -0.06255205256 0.2362170026 0.4206399249 -0.008483371863 0.06583133551 0.243013478 -0.9326397873 -0.2244055083 -0.282533529 0.1088754097 0.5715203513 -0.8133330396 0.3439900759 -0.7893077067 -0.5085903772 0.0005167687254 0
1.080747671 0.7565233699 0 -0.06369412256 0.23787008 0.4190083963 -0.00864915974 0.06643728365 0.2427792375 -0.9301364878 -0.2301109932 -0.286173103 0.1115676414 0.5653841536 -0.8172474657 0.3498553636 -0.7920793456 -0.5002114901 0.0005309770668 0
1.090578454 0.763404918 0 -0.06475468812 0.2393790754 0.4174933027 -0.008803515089 0.06699534971 0.24256115 -0.9277701733 -0.2354353406 -0.2895042416 0.1140764347 0.5597391413 -0.8207793009 0.3552873098 -0.7945201659 -0.4924516559 0.0005443308634 0
1.100409237 0.7702864661 0 -0.06582125612 0.2408717372 0.4159696341 -0.008959134393 0.06755218574 0.2423412767 -0.92534996 -0.2408143326 -0.292806948 0.1166074267 0.5541138623 -0.8242333017 0.3607355813 -0.7968477175 -0.4846685007 0.0005579157885 0
1.11024002 0.7771680143 0 -0.06689373784 0.242347981 0.4144375174 -0.009116014104 0.06810778184 0.2421196226 -0.922875326 -0.2462471753 -0.2960801601 0.1191601069 0.5485095978 -0.8276098659 0.3661994013 -0.7990616683 -0.4768631341 0.0005717340428 0
1.120070803 0.7840495624 0 -0.0679720441 0.2438077241 0.4128970799 -0.009274150647 0.06866212817 0.2418961927 -0.9203457589 -0.2517330526 -0.2993228264 0.1217339529 0.5429276158 -0.8309094107 0.3716779909 -0.8011617029 -0.469036669 0.0005857878284 0
1.130720818 0.7915045729 0 -0.06914667816 0.2453703974 0.4112190312 -0.009446879352 0.06926124831 0.2416521456 -0.9175428202 -0.2577349611 -0.302800038 0.1245455503 0.5369070686 -0.8343975105 0.3776288907 -0.8033078423 -0.4605354834 0.0006012811092 0
1.140551601 0.798386121 0 -0.07023683072 0.2467955044 0.4096616704 -0.009607622684 0.06981295944 0.2414250325 -0.914897203 -0.2633286078 -0.3059757381 0.12716176 0.5313755222 -0.8375380238 0.3831357394 -0.8051696087 -0.4526686497 0.0006158326641 0
1.150382384 0.8052676691 0 -0.07133253033 0.2482038648 0.4080963852 -0.00976961164 0.07036339062 0.2411961594 -0.9121951313 -0.2689726326 -0.3091177208 0.1297974483 0.5258700816 -0.8406029263 0.3886549431 -0.8069165881 -0.4447841668 0.0006306265486 0
1.160213168 0.8121492173 0 -0.07243368619 0.2495954023 0.4065233054 -0.00993284253 0.07091253213 0.2409655315 -0.9094361319 -0.2746661298 -0.3122249817 0.1324520441 0.5203919574 -0.8435927137 0.3941857152 -0.8085485315 -0.4368831585 0.0006456649701 0
1.170043951 0.8190307654 0 -0.07354020711 0.2509700417 0.4049425613 -0.01009731163 0.0714603743 0.2407331541 -0.9066197416 -0.2804081722 -0.3152965289 0.135124965 0.514942345 -0.8465079002 0.399727267 -0.8100652062 -0.4289667513 0.0006609501368 0
1.180693966 0.8264857759 0 -0.07474488624 0.2524400805 0.4032215911 -0.01027687943 0.0720523925 0.2404794437 -0.9035033635 -0.2866824002 -0.3185826009 0.1380406196 0.5090721408 -0.849582452 0.4057418632 -0.8115779426 -0.4203745753 0.0006777900747 0
1.190524749 0.833367324 0 -0.07586228991 0.253779282 0.4016253001 -0.01044391608 0.07259749672 0.2402434383 -0.9005659676 -0.2925225102 -0.3215766146 0.1407497975 0.5036856984 -0.8523439515 0.4113033339 -0.8128537988 -0.4124297143 0.0006935963902 0
1.200355532 0.8402488721 0 -0.07698477521 0.2551013643 0.4000217497 -0.01061217928 0.07314127193 0.2400056998 -0.8975698199 -0.2984081768 -0.3245319376 0.1434754341 0.4983313536 -0.8550325502 0.4168731441 -0.8140137727 -0.4044729405 0.0007096562648 0
1.210186315 0.8471304203 0 -0.07811224951 0.256406259 0.3984110721 -0.01078166521 0.0736837086 0.2397662335 -0.8945145012 -0.3043383896 -0.3274476322 0.1462169021 0.4930102356 -0.8576488356 0.4224504997 -0.8150576987 -0.3965053884 0.0007259719099 0
1.220017098 0.8540119684 0 -0.07924461983 0.2576938992 0.3967934002 -0.01095237001 0.07422479721 0.2395250449 -0.8913996038 -0.3103121186 -0.3303227744 0.1489735636 0.4877234565 -0.8601934127 0.4280346056 -0.8159854282 -0.3885281938 0.0007425455373 0
1.230667113 0.8614669789 0 -0.08047677119 0.2590692957 0.395033184 -0.01113867116 0.07480944429 0.2392618199 -0.8879574396 -0.3168315477 -0.3333906954 0.1519763402 0.4820361322 -0.8628698391 0.4340907479 -0.8168591908 -0.3798766707 0.0007607939917 0
1.240497896 0.868348527 0 -0.0816190416 0.2603207809 0.3934013691 -0.01131190274 0.07534769404 0.2390170607 -0.8847171612 -0.3228925433 -0.33617845 0.154762561 0.4768243876 -0.8652670415 0.4396863591 -0.8175444385 -0.3718830416 0.0007779121873 0
1.250328679 0.8752300752 0 -0.08276591941 0.2615548155 0.3917629723 -0.0114863411 0.07588456662 0.2387705962 -0.8814161203 -0.3289937592 -0.3389228957 0.1575619445 0.471650299 -0.8675945073 0.4452862635 -0.8181131351 -0.3638832803 0.0007952951866 0
1.260159462 0.8821116233 0 -0.08391731039 0.262771339 0.390118128 -0.01166198227 0.07642005266 0.2385224319 -0.8780539577 -0.3351340889 -0.3416231694 0.1603738119 0.4665149049 -0.8698529094 0.4508896626 -0.8185651996 -0.3558785272 0.0008129452022 0
1.270809477 0.8895666338 0 -0.085169634 0.2640694107 0.3883290943 -0.0118536129 0.07699858705 0.2382516756 -0.8743422382 -0.3418289471 -0.3444976362 0.1634332909 0.4609964085 -0.8722223746 0.456963029 -0.8189232457 -0.3472024019 0.0008323699389 0
1.28064026 0.8964481819 0 -0.08633012358 0.2652492661 0.386671252 -0.01203174703 0.07753115455 0.2379999882 -0.8708516381 -0.3480471323 -0.3471031807 0.1662689454 0.4559448791 -0.8743391247 0.4625711428 -0.8191321388 -0.3391909152 0.0008505833441 0
1.290471043 0.90332973 0 -0.08749483406 0.2664114346 0.3850073799 -0.01221107154 0.07806230686 0.2377466186 -0.8672988863 -0.3543009089 -0.3496619908 0.1691149326 0.4509351246 -0.876388985 0.4681802873 -0.8192242546 -0.331177957 0.0008690705865 0
1.300301826 0.9102112782 0 -0.08866367013 0.2675558625 0.3833376141 -0.01239158234 0.07859203476 0.2374915724 -0.8636836748 -0.3605890996 -0.3521732686 0.1719705364 0.4459681036 -0.8783726915 0.4737896627 -0.81919958 -0.3231646696 0.0008878338776 0
1.310132609 0.9170928263 0 -0.08983653621 0.2686824978 0.3816620911 -0.01257327533 0.07912032906 0.2372348555 -0.8600057087 -0.3669105114 -0.3546362329 0.1748350324 0.4410447545 -0.880290995 0.4793984695 -0.8190581183 -0.3151521955 0.0009068754279 0
1.320782624 0.9245478368 0 -0.09111157777 0.2698828824 0.3798406032 -0.01277143865 0.07969101952 0.2369548668 -0.8559501021 -0.3737947936 -0.3572490379 0.1779474207 0.4357614728 -0.8822962395 0.4854731076 -0.8187731011 -0.3064742578 0.0009278203453 0
1.330613407 0.9314293849 0 -0.09229253174 0.2709722896 0.3781535261 -0.01295558119 0.08021629785 0.2366946878 -0.8521405078 -0.380181514 -0.3596089144 0.1808280788 0.4309320302 -0.8840807606 0.4910781616 -0.8183884174 -0.2984671464 0.0009474486998 0
1.34044419 0.938310933 0 -0.0934772196 0.272043754 0.3764611149 -0.01314089305 0.08074011452 0.236432856 -0.8482673335 -0.3865976778 -0.3619181764 0.1837153436 0.4261490217 -0.8858022826 0.4966801822 -0.8178870624 -0.2904643692 0.0009673621249 0
1.350274973 0.9451924812 0 -0.09466554489 0.2730972302 0.3747635073 -0.01332737003 0.08126246049 0.2361693775 -0.8443303391 -0.3930420293 -0.3641761136 0.1866084581 0.4214132995 -0.8874616129 0.5022783709 -0.8172691076 -0.2824670671 0.0009875628274 0
1.360105756 0.9520740293 0 -0.09585741094 0.2741326745 0.3730608415 -0.01351500786 0.08178332678 0.2359042581 -0.8403292985 -0.3995132987 -0.3663820332 0.1895066579 0.4167256941 -0.889059572 0.5078719294 -0.8165346411 -0.2744763802 0.001008053013 0
1.370755771 0.9595290398 0 -0.09715248246 0.2752340086 0.3712107393 -0.01371958723 0.08234591843 0.2356152008 -0.8359223179 -0.4065527274 -0.3687122974 0.192651218 0.4117026904 -0.8907224051 0.513925468 -0.8156076107 -0.2658285891 0.001030579944 0
1.380586554 0.9664105879 0 -0.09835141378 0.2762317533 0.3694979803 -0.01390962977 0.08286367334 0.2353466823 -0.831787183 -0.4130759373 -0.3708077025 0.1955575262 0.4071178986 -0.8921951976 0.5195068201 -0.8146307671 -0.2578553416 0.001051680296 0
1.390417337 0.973292136 0 -0.09955358666 0.2772113419 0.3677805905 -0.01410081991 0.0833799211 0.2350765416 -0.8275873935 -0.4196220648 -0.3728490699 0.1984665191 0.4025836439 -0.8936092269 0.5250810861 -0.8135377879 -0.249892218 0.001073076922 0
1.40024812 0.9801736842 0 -0.1007589037 0.2781727374 0.366058709 -0.01429315329 0.08389465287 0.2348047847 -0.8233227813 -0.4261897863 -0.3748357826 0.2013774048 0.398100665 -0.8949653632 0.5306474712 -0.8123288291 -0.2419403536 0.001094772019 0
1.410078903 0.9870552323 0 -0.1019672674 0.2791159045 0.3643324751 -0.01448662554 0.08440785987 0.2345314179 -0.8189931929 -0.4327777663 -0.3767672425 0.2042893854 0.3936696773 -0.8962644879 0.5362051818 -0.811004063 -0.2340008821 0.001116767786 0
1.420728918 0.9945102428 0 -0.1032796529 0.2801170598 0.3624576387 -0.01469750053 0.0849621033 0.2342334608 -0.814229321 -0.4399360432 -0.3787966351 0.2074443341 0.3889289136 -0.8976085719 0.5422153272 -0.8094384338 -0.2254150857 0.001140938373 0
1.430559701 1.001391791 0 -0.10449405 0.2810221452 0.3607227857 -0.01489333123 0.08547210561 0.2339567598 -0.8097639368 -0.446561889 -0.380611148 0.2103560076 0.3846084369 -0.8987918003 0.5477524229 -0.8078730281 -0.2175050659 0.001163567577 0
1.440390484 1.008273339 0 -0.1057111923 0.281908904 0.358984011 -0.01509028713 0.0859805563 0.2336784679 -0.8052331958 -0.4532038047 -0.3823686856 0.2132662801 0.3803420097 -0.8999208018 0.5532784056 -0.8061924504 -0.2096109224 0.001186504206 0
1.450221267 1.015154887 0 -0.1069309816 0.2827773078 0.3572414548 -0.01528836374 0.08648744674 0.2333985914 -0.8006370053 -0.4598604102 -0.3840687293 0.2161743315 0.3761302509 -0.9009964999 0.5587924876 -0.8043969403 -0.2017337809 0.001209750448 0
1.46005205 1.022036435 0 -0.10815332 0.2836273298 0.3554952572 -0.01548755655 0.08699276834 0.2331171367 -0.7959752873 -0.466530316 -0.3857107805 0.219079337 0.371973755 -0.9020198277 0.5642938827 -0.8024867536 -0.1938747642 0.001233308484 0
1.470702065 1.029491446 0 -0.1094802824 0.2845274145 0.3535995966 -0.0157046031 0.08753841977 0.2328104539 -0.7908510748 -0.4737694337 -0.3874236715 0.2222220273 0.3675339082 -0.9030704274 0.5702385011 -0.8002882919 -0.1853825823 0.001259184071 0
1.480532848 1.036372994 0 -0.1107076156 0.2853390624 0.3518462634 -0.01590610674 0.08804044555 0.2325257317 -0.7860526581 -0.4804625452 -0.3889433909 0.225118019 0.3634943467 -0.9039876866 0.5757109485 -0.7981400895 -0.1775649211 0.001283398679 0
1.490363632 1.043254542 0 -0.1119371947 0.2861322565 0.3500897218 -0.01610871253 0.08854087629 0.232239451 -0.7811885702 -0.4871646162 -0.3904037071 0.2280083946 0.3595117275 -0.9048555077 0.5811682972 -0.7958781028 -0.1697688303 0.001307931793 0
1.500194415 1.05013609 0 -0.1131689213 0.2869069769 0.3483301124 -0.01631241583 0.08903970356 0.2319516181 -0.7762587961 -0.4938742221 -0.391804204 0.230892313 0.3555865446 -0.9056748584 0.5866097692 -0.7935026541 -0.1619954215 0.001332785582 0
1.510025198 1.057017638 0 -0.114402697 0.2876632052 0.3465675757 -0.01651721204 0.08953691899 0.2316622397 -0.771263336 -0.5005899311 -0.3931444866 0.2337689295 0.3517192668 -0.9064467138 0.5920345886 -0.7910140822 -0.1542458028 0.001357962211 0
1.520675213 1.064472649 0 -0.1157414853 0.2884615656 0.3446550211 -0.01674030248 0.09007374046 0.2313470099 -0.7657774819 -0.5078705012 -0.3945280752 0.2368760405 0.3475955744 -0.9072304327 0.5978917875 -0.7881908847 -0.1458785102 0.001385603715 0
1.530505996 1.071354197 0 -0.1169792132 0.2891792176 0.3428868382 -0.01694736055 0.09056757118 0.2310544325 -0.760645246 -0.5145942974 -0.3957417325 0.2397347185 0.3438503283 -0.9079065021 0.6032794332 -0.7854677974 -0.1381819985 0.001411459863 0
1.540336779 1.078235745 0 -0.1182186864 0.2898783317 0.3411161623 -0.01715549706 0.09105976452 0.2307603297 -0.755447424 -0.5213197414 -0.3968940876 0.2425834719 0.3401642742 -0.9085381256 0.6086480499 -0.7826327324 -0.1305126719 0.0014376455 0
1.550167562 1.085117293 0 -0.1194598062 0.2905588967 0.3393431341 -0.01736470728 0.09155031226 0.2304647082 -0.7501840807 -0.5280453764 -0.3979848308 0.2454214454 0.3365377773 -0.9091263051 0.6139968723 -0.7796860938 -0.1228716236 0.001464162773 0
1.560817577 1.092572304 0 -0.1208060964 0.2912752318 0.3374198623 -0.01759255781 0.09207987252 0.2301427454 -0.74440828 -0.5353300015 -0.3990966076 0.2484827574 0.3326766743 -0.9097156422 0.6197682083 -0.776368482 -0.114626996 0.001493266545 0
1.57064836 1.099453852 0 -0.1220503299 0.2919171232 0.3356423858 -0.01780398961 0.09256696581 0.2298439812 -0.7390087105 -0.5420513358 -0.4000580898 0.2512955172 0.3291753158 -0.9102165536 0.6250733468 -0.7731907661 -0.1070483549 0.0015204816 0
