0.008209243012 0.00327236845 -0.002210502866 -2.283402849e-06 0.002093343344 0.5099942717 -2.875508826e-07 0.0005215804777 0.2549992884 -0.9999999999 -7.202047985e-08 -1.329773294e-05 3.65990226e-08 0.9999666406 -0.008168091535 1.329787761e-05 -0.008168091535 -0.9999666405 3.279269788e-08 -0.002939968812 0
0.01541848602 0.006146116899 -0.004151735732 -8.054813531e-06 0.00393162367 0.5099797933 -1.019977296e-06 0.0009814545699 0.2549974757 -0.9999999989 -4.791742602e-07 -4.690677174e-05 2.40464662e-07 0.9998823246 -0.0153406962 4.690860284e-05 -0.01534069619 -0.9998823235 5.144473686e-08 -0.005521808523 0
0.02262772904 0.009019865349 -0.006092968598 -1.734790617e-05 0.005769785593 0.5099564801 -2.20383238e-06 0.001441915672 0.2549945454 -0.9999999949 -1.515592612e-06 -0.0001010189772 7.58969716e-07 0.9997465641 -0.02251238611 0.000101027495 -0.02251238607 -0.999746559 3.010354196e-08 -0.008103648235 0
0.03073812743 0.01225283235 -0.008276855572 -3.201172275e-05 0.007837507305 0.5099196936 -4.074456036e-06 0.001959979643 0.2549899152 -0.9999999826 -3.799935291e-06 -0.0001863918183 1.901500665e-06 0.9995323557 -0.03057891144 0.0001864208511 -0.03057891127 -0.9995323384 3.328805056e-08 -0.01100821791 0
0.03794737044 0.0151265808 -0.01021808844 -4.878711603e-05 0.009675233834 0.50987761 -6.215527807e-06 0.00242040513 0.2549846155 -0.9999999596 -7.149940253e-06 -0.0002840398997 3.576877188e-06 0.9992873191 -0.03774723791 0.0002841073604 -0.0377472374 -0.9992872787 1.165905222e-07 -0.01359005762 0
0.04515661345 0.01800032925 -0.0121593213 -6.908271927e-05 0.011512669 0.5098266953 -8.806458524e-06 0.002880752259 0.2549782022 -0.9999999191 -1.20478567e-05 -0.0004021526002 6.02630738e-06 0.9989908879 -0.04491331386 0.0004022878923 -0.04491331265 -0.998990807 2.227334011e-07 -0.01617189733 0
0.05326701184 0.02123329626 -0.01434320828 -9.612210574e-05 0.0135793664 0.5097588628 -1.225879117e-05 0.003398559997 0.2549696568 -0.9999998433 -1.977379794e-05 -0.0005594669645 9.890009457e-06 0.9985960018 -0.05297192749 0.0005597289301 -0.05297192472 -0.9985958451 3.675676014e-07 -0.01907646701 0
0.06047625485 0.02410704471 -0.01628444114 -0.0001238955616 0.01541599874 0.5096891888 -1.580523906e-05 0.00385876868 0.2549608784 -0.9999997397 -2.893553176e-05 -0.0007209990815 1.447180744e-05 0.9981904458 -0.0601318034 0.0007214343402 -0.06013179818 -0.9981901855 5.181403477e-07 -0.02165830672 0
0.06768549786 0.02698079316 -0.01822567401 -0.0001551865133 0.01725216687 0.5096106906 -1.980122472e-05 0.004318921573 0.2549509872 -0.9999995915 -4.056177399e-05 -0.0009029247705 2.028625183e-05 0.9977335876 -0.06728809511 0.0009036076951 -0.06728808594 -0.9977331793 6.889052486e-07 -0.02424014643 0
0.07579589625 0.03021376016 -0.02040956098 -0.0001945919277 0.01931723231 0.509511836 -2.483397667e-05 0.004836530085 0.2549385298 -0.9999993577 -5.695156037e-05 -0.001131930895 2.848329921e-05 0.9971583482 -0.07533410845 0.001133004736 -0.07533409231 -0.9971577061 9.049525563e-07 -0.02714471611 0
0.08300513926 0.03308750861 -0.02235079385 -0.0002333536454 0.02115223049 0.5094145962 -2.978504706e-05 0.005296571024 0.2549262746 -0.9999990764 -7.478620358e-05 -0.001357090559 3.740334461e-05 0.996592606 -0.08248136928 0.001358634886 -0.08248134386 -0.9965916827 1.118199587e-06 -0.02972655582 0
0.09021438228 0.03596125706 -0.02429202672 -0.0002756289037 0.02298659179 0.5093085422 -3.518548639e-05 0.005756559323 0.2549129071 -0.9999987113 -9.59986878e-05 -0.001602540334 4.801332095e-05 0.9959756961 -0.08962371554 0.001604694983 -0.08962367699 -0.995974408 1.351394827e-06 -0.03230839553 0
0.09832478066 0.03919422407 -0.02647591369 -0.0003273864413 0.02504941826 0.5091787004 -4.179804875e-05 0.006273981699 0.2548965393 -0.9999981818 -0.0001242630902 -0.001902874498 6.215128877e-05 0.995220576 -0.0976524517 0.001905914449 -0.09765239242 -0.9952187587 1.637618099e-06 -0.03521296521 0
0.1055340237 0.04206797252 -0.02841714656 -0.0003771227435 0.02688224295 0.5090539292 -4.815321213e-05 0.006733853391 0.2548808086 -0.9999975873 -0.000153620335 -0.002191304044 7.683680336e-05 0.9944951124 -0.1047829446 0.002195337953 -0.1047828602 -0.9944927012 1.913321425e-06 -0.03779480492 0
0.1127432667 0.04494172097 -0.03035837942 -0.0004303673916 0.02871425836 0.5089203568 -5.495756399e-05 0.007193666937 0.2548639661 -0.9999968577 -0.0001872642784 -0.002499887944 9.366773987e-05 0.9937186576 -0.1119071971 0.002505141512 -0.1119070796 -0.9937155175 2.209127825e-06 -0.04037664463 0
0.1208536651 0.04817468797 -0.0325422664 -0.0004944587903 0.03077423972 0.5087595736 -6.31492999e-05 0.007710884509 0.2548436894 -0.9999958519 -0.0002305983361 -0.002871072901 0.0001153478982 0.9927842769 -0.1199139952 0.002878008001 -0.119913829 -0.9927801321 2.566043766e-06 -0.04328121431 0
0.1280629081 0.05104843642 -0.03448349926 -0.0005551521287 0.03260435245 0.5086073149 -7.090795825e-05 0.008170565814 0.2548244848 -0.9999947707 -0.000274312608 -0.003222313906 0.0001372199848 0.9918996878 -0.1270235829 0.003231056327 -0.1270233608 -0.9918944632 2.904859955e-06 -0.04586305402 0
0.1352721511 0.05392218487 -0.03642473213 -0.0006193473811 0.0344334838 0.5084462712 -7.911559072e-05 0.008630180404 0.2548041688 -0.999993491 -0.0003232167557 -0.003593541373 0.0001616907074 0.9909643256 -0.1341256101 0.003604422948 -0.1341253182 -0.9909578231 3.264075131e-06 -0.04844489373 0
0.1433825495 0.05715515188 -0.0386086191 -0.0006957500295 0.03649001504 0.5082546033 -8.888574605e-05 0.009147163274 0.2547799853 -0.9999917854 -0.0003847955381 -0.004034986911 0.0001925063218 0.9898514516 -0.1421058296 0.00404871934 -0.142105439 -0.9898432462 3.692717652e-06 -0.05134946341 0
0.1505917925 0.06002890033 -0.04054985197 -0.0007673789922 0.0383168784 0.508074911 -9.804718906e-05 0.009606625861 0.2547573085 -0.9999900061 -0.0004456822353 -0.004448480735 0.0002229784563 0.988808463 -0.1491903941 0.004465186907 -0.149189895 -0.9887984817 4.09566915e-06 -0.05393130312 0
0.1578010355 0.06290264878 -0.04249108483 -0.0008425022028 0.04014258867 0.5078864528 -0.0001076573533 0.01006601193 0.254733521 -0.9999879527 -0.0005126551056 -0.004881761196 0.000256499683 0.9877149613 -0.1562660851 0.004901899177 -0.1562654547 -0.9877029306 4.519401786e-06 -0.05651314283 0
0.1659114339 0.06613561578 -0.04467497181 -0.0009311891493 0.04219506611 0.5076639678 -0.0001190050388 0.0105827257 0.2547054328 -0.9999852815 -0.0005956294967 -0.005392764832 0.0002980343237 0.9864245074 -0.16421511 0.005417366756 -0.1642143002 -0.9864098113 5.021112376e-06 -0.0594177125 0
0.1731206769 0.06900936423 -0.04661620467 -0.00101372847 0.04401814397 0.5074569051 -0.0001295684341 0.01104193823 0.2546792859 -0.9999825552 -0.0006764812505 -0.005867853278 0.0003385108548 0.9852239755 -0.1712705565 0.005897011054 -0.1712695551 -0.9852065594 5.489469852e-06 -0.06199955222 0
0.1803299199 0.07188311268 -0.04855743754 -0.001099753141 0.04583989748 0.5072410989 -0.0001405802579 0.01150106386 0.2546520291 -0.999979467 -0.0007643074037 -0.006362496833 0.0003824836983 0.9839732315 -0.1783158248 0.006396814675 -0.178314597 -0.9839527353 5.97906049e-06 -0.06458139193 0
0.1884403183 0.07511607969 -0.05074132451 -0.001200693106 0.04788771904 0.5069878754 -0.0001535044445 0.01201747212 0.2546200388 -0.9999755223 -0.0008717999142 -0.006942244645 0.0004363095598 0.9825062564 -0.186229068 0.006983153283 -0.1862275385 -0.9824818265 6.555427462e-06 -0.0674859616 0
0.1956495613 0.07798982814 -0.05268255738 -0.001294113674 0.04970647675 0.5067535154 -0.0001654688347 0.01247640183 0.2545904243 -0.9999715624 -0.0009753828755 -0.007478170733 0.0004881842189 0.9811491658 -0.1932513287 0.007525695013 -0.1932494839 -0.9811207881 7.090671747e-06 -0.07006780131 0
0.2028588043 0.08086357659 -0.05462379025 -0.001391009468 0.05152373935 0.5065104373 -0.0001778813204 0.012935234 0.2545597007 -0.9999671412 -0.001086819209 -0.008033388977 0.0005439987002 0.9797422054 -0.2002621159 0.008088298947 -0.2002599056 -0.979709421 7.647664443e-06 -0.07264964103 0
0.2100680474 0.08373732504 -0.05656502311 -0.001491376988 0.05333945234 0.5062586499 -0.0001907417867 0.01339396518 0.2545278683 -0.9999622244 -0.001206388041 -0.008607808644 0.0006038940663 0.9782854932 -0.207261017 0.008670931537 -0.2072583858 -0.9782478093 8.226583139e-06 -0.07523148074 0
0.2181784457 0.08697029204 -0.05874891009 -0.00160843573 0.05538020938 0.5059649899 -0.0002057451394 0.01390991273 0.2544907319 -0.9999560564 -0.001350969976 -0.009276865421 0.0006763293549 0.9765873754 -0.2151200613 0.009350290397 -0.2151168824 -0.9765435469 8.904303906e-06 -0.07813605041 0
0.2253876888 0.08984404049 -0.06069014295 -0.001716168481 0.05719244871 0.5056947256 -0.0002195571635 0.01436841781 0.2544565443 -0.999949967 -0.001488742053 -0.009891772367 0.0007453629281 0.9750253518 -0.2220923408 0.009975367039 -0.2220886018 -0.9749754587 9.530432256e-06 -0.08071789012 0
0.2325969318 0.09271778894 -0.06263137582 -0.00182736122 0.05900296848 0.5054157814 -0.0002338167818 0.01482681106 0.254421249 -0.9999432671 -0.001635511595 -0.01052557678 0.0008189152779 0.9734139722 -0.2290514531 0.01062035981 -0.2290470779 -0.9733574082 1.017907981e-05 -0.08329972984 0
0.2407073302 0.09595075595 -0.06481526279 -0.001956583815 0.06103768025 0.5050916065 -0.0002503937028 0.01534236546 0.2543802179 -0.9999349509 -0.001811723622 -0.01126106581 0.0009072362412 0.9715423427 -0.2368642084 0.01136973474 -0.2368590171 -0.9714775011 1.093597726e-05 -0.08620429951 0
0.2479165732 0.0988245044 -0.06675649566 -0.002075115546 0.0628443659 0.5047942513 -0.0002656040152 0.01580050951 0.2543425695 -0.9999268218 -0.001978522031 -0.01193467894 0.0009908523315 0.9698265355 -0.2437939894 0.0120569201 -0.2437879744 -0.9697536049 1.163315512e-05 -0.08878613922 0
0.2551258162 0.1016982528 -0.06869772852 -0.002197094308 0.06464916271 0.5044882487 -0.0002812614952 0.01625853083 0.2543038144 -0.9999179555 -0.002155170918 -0.01262685492 0.001079420295 0.9680618082 -0.2507093342 0.01276389747 -0.2507023946 -0.9679800578 1.235350144e-05 -0.09136797894 0
0.2632362146 0.1049312199 -0.0708816155 -0.00233843521 0.06667723409 0.5041336731 -0.0002994104846 0.01677365375 0.2542588924 -0.9999070465 -0.002366011759 -0.0134275999 0.001185149476 0.9660181997 -0.2584713395 0.01358285211 -0.2584632274 -0.9659256008 1.319185776e-05 -0.09427254861 0
0.2704454576 0.1078049683 -0.07282284836 -0.002467724144 0.06847783784 0.5038093318 -0.0003160177091 0.01723140265 0.2542177867 -0.9998964699 -0.002564488518 -0.01415884131 0.001284696034 0.9641500135 -0.2653546703 0.01433174605 -0.265345388 -0.9640469004 1.396217166e-05 -0.09685438832 0
0.2776547006 0.1106787168 -0.07476408123 -0.002600445943 0.0702763842 0.5034763786 -0.0003330716341 0.01768901788 0.2541755754 -0.9998850184 -0.002773655674 -0.01490828072 0.001389622307 0.9622333829 -0.2722223095 0.01510029634 -0.2722117258 -0.9621188894 1.475635702e-05 -0.09943622803 0
0.285765099 0.1139116838 -0.0769479682 -0.002753855346 0.07229722269 0.5030915274 -0.0003527910498 0.01820367086 0.2541267667 -0.9998710315 -0.003022078012 -0.01577299897 0.001514263774 0.9600194673 -0.2799291506 0.01598835381 -0.279916933 -0.9598910788 1.567864339e-05 -0.1023407977 0
0.292974342 0.1167854322 -0.07888920107 -0.002893855929 0.07409121868 0.5027403143 -0.0003707936838 0.01866099039 0.2540822075 -0.9998575645 -0.003254843016 -0.01656069667 0.001631071845 0.9580004304 -0.2867621227 0.01679852023 -0.2867482893 -0.9578586682 1.652434551e-05 -0.1049226374 0
0.300183585 0.1196591807 -0.08083043393 -0.003037274004 0.07588298955 0.5023805278 -0.0003892425111 0.0191181653 0.2540365439 -0.9998430733 -0.003499124111 -0.01736619768 0.001753681762 0.9559334639 -0.293578162 0.01762819592 -0.2935625466 -0.9557773161 1.739467365e-05 -0.1075044771 0
0.3082939834 0.1228921477 -0.08301432091 -0.003202697863 0.07789600545 0.5019655364 -0.0004105305689 0.01963230981 0.253983853 -0.9998254841 -0.00378803063 -0.01829350169 0.001898719517 0.9535510514 -0.3012254759 0.01858483909 -0.3012076415 -0.9533774491 1.840354255e-05 -0.1104090468 0
0.3155032264 0.1257658961 -0.08495555377 -0.00335336078 0.07968287043 0.5015875752 -0.0004299269839 0.02008916572 0.2539358443 -0.9998086487 -0.004057648141 -0.01913639095 0.002034101827 0.9513828139 -0.3080042271 0.01945580625 -0.3079842155 -0.9511925119 1.932704389e-05 -0.1129908865 0
0.3227124694 0.1286396446 -0.08689678664 -0.003507424616 0.08146734342 0.5012010822 -0.0004497690442 0.02054586604 0.2538867327 -0.9997906289 -0.004339592104 -0.01999665947 0.002175701961 0.9491672004 -0.3147648201 0.02034612422 -0.3147424242 -0.9489590305 2.027597522e-05 -0.1155727262 0
0.3308228678 0.1318726116 -0.08908067361 -0.003684804673 0.08347195013 0.5007560969 -0.0004726238184 0.02105946353 0.2538301644 -0.9997688739 -0.004671831582 -0.02098505849 0.002342598358 0.9466182371 -0.3223482984 0.02137079604 -0.3223229549 -0.9463885047 2.137425284e-05 -0.1184772959 0
0.3380321108 0.13474636 -0.09102190648 -0.003846076867 0.08525116362 0.5003515206 -0.0004934122595 0.02151582154 0.2537787107 -0.9997481578 -0.004980816777 -0.02188178338 0.002497847925 0.9443025696 -0.3290690167 0.02230205676 -0.3290408006 -0.9440523131 2.237811654e-05 -0.1210591356 0
0.3452413538 0.1376201085 -0.09296313935 -0.004010732218 0.0870278192 0.4999384571 -0.0005146457579 0.021972013 0.2537261556 -0.9997260861 -0.005302922357 -0.02279543461 0.002659724694 0.941940118 -0.335770368 0.02325249856 -0.3357390254 -0.9416680031 2.340826148e-05 -0.1236409753 0
0.3533517522 0.1408530755 -0.09514702632 -0.004200006021 0.08902343338 0.4994636345 -0.0005390651809 0.02248502491 0.2536657152 -0.999699564 -0.005681285817 -0.02384333646 0.002849918897 0.9392266839 -0.3432857617 0.02434460236 -0.3432505779 -0.9389283152 2.459894016e-05 -0.126545545 0
0.3605609952 0.1437268239 -0.09708825919 -0.004371830721 0.09079447792 0.4990325856 -0.0005612437675 0.02294085077 0.2536108212 -0.9996744211 -0.006032101389 -0.0247924514 0.003026307656 0.9367654757 -0.3499446885 0.02533561437 -0.3499057835 -0.9364422296 2.568587482e-05 -0.1291273847 0
0.3677702382 0.1466005724 -0.09902949205 -0.004547019629 0.09256279962 0.4985930971 -0.000583866783 0.0233964991 0.2535548275 -0.9996477408 -0.006396813775 -0.02575801144 0.003209725964 0.9342581125 -0.3565830574 0.02634562656 -0.3565401239 -0.9339084795 2.679998709e-05 -0.1317092244 0
0.3758806366 0.1498335394 -0.101213379 -0.004748120564 0.09454884147 0.4980886043 -0.0006098486457 0.02390888691 0.2534905205 -0.9996158127 -0.006824030713 -0.02686372434 0.00342463241 0.93138242 -0.3640261799 0.02750452642 -0.363978324 -0.9310012248 2.80862179e-05 -0.1346137941 0
0.3830898796 0.1527072878 -0.1031546119 -0.004930437303 0.09631120278 0.4976312345 -0.0006334153714 0.02436414636 0.2534321913 -0.9995856638 -0.00721908353 -0.02786369584 0.003623409868 0.9287776768 -0.3706196136 0.02855471264 -0.3705670141 -0.9283666929 2.925907093e-05 -0.1371956338 0
0.3902991227 0.1555810363 -0.1050958448 -0.005116098124 0.09807067739 0.4971654756 -0.0006574258575 0.02481921734 0.253372764 -0.9995537855 -0.007628791033 -0.02887960345 0.003829611761 0.9261274448 -0.3771913176 0.0296237071 -0.377133607 -0.925684978 3.0460041e-05 -0.1397774735 0
0.398409521 0.1588140033 -0.1072797317 -0.005328955439 0.1000465708 0.49663149 -0.0006849678093 0.02533094254 0.2533045964 -0.9995157758 -0.008107525698 -0.03004133807 0.004070618669 0.9230918356 -0.384558049 0.03084872816 -0.3844941235 -0.9226118496 3.184512635e-05 -0.1426820432 0
0.4056187641 0.1616877517 -0.1092209646 -0.005521700082 0.101799738 0.4961479603 -0.0007099205422 0.02578560139 0.2532428374 -0.9994800097 -0.00854916353 -0.03109054654 0.004293010573 0.9203456779 -0.3910823485 0.03195747708 -0.3910124615 -0.9198304054 3.310687748e-05 -0.1452638829 0
0.4128280071 0.1645615002 -0.1111621975 -0.005717767513 0.1035498558 0.4956560947 -0.0007353163267 0.02624006082 0.2531799821 -0.9994423117 -0.009006194327 -0.03215515497 0.004523213922 0.9175547337 -0.3975837662 0.03308483132 -0.3975074831 -0.9170022873 3.439772606e-05 -0.1478457226 0
0.4209384055 0.1677944672 -0.1133460844 -0.00594230635 0.1055150288 0.4950928043 -0.0007644158762 0.02675108497 0.2531079601 -0.9993975091 -0.009539042093 -0.03337102649 0.004791681817 0.9143616772 -0.404870057 0.03437526027 -0.4047860299 -0.9137650746 3.588511241e-05 -0.1507502923 0
0.4281476485 0.1706682156 -0.1152873173 -0.00614541112 0.1072584946 0.4945832845 -0.0007907523589 0.02720510905 0.2530427771 -0.9993554828 -0.0100295504 -0.03446776815 0.005038888861 0.9114763377 -0.4113216446 0.03554192625 -0.41123022 -0.9108383378 3.723886729e-05 -0.153332132 0
0.4353568915 0.1735419641 -0.1172285502 -0.006351816226 0.1089987494 0.4940654854 -0.0008175311444 0.02765892279 0.2529764995 -0.9993113125 -0.01053616935 -0.0355793471 0.005294286071 0.9085469498 -0.4177492197 0.03672698381 -0.4176498882 -0.9078654633 3.862273899e-05 -0.1559139717 0
0.4434672899 0.1767749311 -0.1194124371 -0.00658795765 0.110952634 0.493473088 -0.0008481856591 0.02816920749 0.2529006299 -0.9992589707 -0.01112565315 -0.0368473775 0.005591546339 0.90519904 -0.4249510944 0.03808206922 -0.424842227 -0.9044660514 4.021600982e-05 -0.1588185414 0
0.4506765329 0.1796486795 -0.12135367 -0.006801351158 0.1126858949 0.4929377574 -0.0008759035091 0.02862256269 0.2528320287 -0.9992100106 -0.01166725195 -0.03798986638 0.005864742887 0.9021768619 -0.4313264594 0.03930597291 -0.4312085168 -0.9013957264 4.166499376e-05 -0.1614003811 0
0.4578857759 0.182522428 -0.1232949029 -0.0070180214 0.1144157846 0.4923942065 -0.0009040628731 0.02907569665 0.252762335 -0.9991586844 -0.01222565747 -0.03914660403 0.006146499632 0.8991114081 -0.4376767031 0.04054804373 -0.4375490934 -0.8982798267 4.314515091e-05 -0.1639822208 0
0.4659961743 0.185755395 -0.1254787899 -0.007265682433 0.1163578173 0.4917729105 -0.0009362695797 0.02958520357 0.2526826246 -0.9990980234 -0.01287422434 -0.04046472439 0.006473853114 0.8956113613 -0.4447902637 0.04196699654 -0.444651036 -0.894720195 4.484801982e-05 -0.1668867905 0
0.4732054173 0.1886291434 -0.1274200227 -0.007489289708 0.1180803739 0.491211957 -0.0009653662895 0.03003785583 0.2526106117 -0.9990414259 -0.01346906513 -0.04165109447 0.006774185955 0.8924547955 -0.4510859656 0.04324742525 -0.4509357185 -0.8915080695 4.639557178e-05 -0.1694686302 0
0.4804146603 0.1915028919 -0.1293612556 -0.007716148973 0.1197994002 0.4906428454 -0.0009949036845 0.03049027597 0.2525375084 -0.998982231 -0.01408138617 -0.04285109965 0.007083439944 0.8892557606 -0.4573554604 0.04454578607 -0.4571935113 -0.888250959 4.797538846e-05 -0.1720504699 0
0.4876239033 0.1943766403 -0.1313024884 -0.007946252071 0.1215148458 0.4900655961 -0.001024881491 0.03094246052 0.2524633153 -0.9989203628 -0.01471139806 -0.04406453836 0.007401728602 0.8860145217 -0.4635984057 0.04586200156 -0.4634240414 -0.8849490577 4.958782626e-05 -0.1746323096 0
0.4957343017 0.1976096073 -0.1334863754 -0.008208985146 0.1234403791 0.4894064895 -0.001059132607 0.03145088219 0.2523785465 -0.9988474699 -0.01544156663 -0.04544546001 0.007770742685 0.8823180154 -0.4705895613 0.04736398816 -0.4704003377 -0.8811811249 5.144125929e-05 -0.1775368793 0
0.5029435447 0.2004833558 -0.1354276083 -0.008445953781 0.1251480481 0.488812017 -0.001090045361 0.03190255455 0.2523020403 -0.9987796646 -0.0161098597 -0.04668676441 0.008108602451 0.8789879888 -0.4767749638 0.04871788293 -0.4765717028 -0.8777847002 5.312421558e-05 -0.180118719 0
0.5101527877 0.2033571042 -0.1373688412 -0.008686140017 0.1268519793 0.4882094726 -0.001121397645 0.03235398045 0.2522244465 -0.9987089428 -0.01679648593 -0.04794085658 0.008455845264 0.8756166085 -0.4829327631 0.0500893836 -0.4827146497 -0.8743441088 5.48409281e-05 -0.1827005587 0
0.5182631861 0.2065900713 -0.1395527281 -0.008960184821 0.1287643716 0.4875219888 -0.001157193979 0.03286153568 0.2521358546 -0.9986257952 -0.01759110368 -0.04936673203 0.008857845274 0.8717747224 -0.4898268797 0.05165326454 -0.4895910401 -0.8704209061 5.681303959e-05 -0.1856051284 0
0.5254724291 0.2094638197 -0.141493961 -0.009207179664 0.1304601939 0.486902364 -0.001189479295 0.03331242636 0.2520559525 -0.99854861 -0.01831734999 -0.05064729255 0.009225389006 0.8683163954 -0.4959249234 0.05306190489 -0.4956723839 -0.866887145 5.860271609e-05 -0.1881869681 0
0.5326816722 0.2123375682 -0.1434351939 -0.00945736476 0.1321521226 0.4862747359 -0.001222203221 0.03376305975 0.2519749652 -0.9984682562 -0.01906254707 -0.05193997164 0.009602654208 0.864817597 -0.5019943356 0.05448789211 -0.5017241704 -0.863309867 6.042731498e-05 -0.1907688078 0
0.5407920705 0.2155705352 -0.1456190808 -0.009742625154 0.1340508267 0.4855591161 -0.001259541534 0.03426971046 0.2518825583 -0.9983739682 -0.01992378521 -0.05340844837 0.01003882986 0.8608334327 -0.5087877976 0.05611275674 -0.5084966508 -0.8592336787 6.25222045e-05 -0.1936733775 0
0.5480013136 0.2184442836 -0.1475603137 -0.009999559569 0.1357343173 0.4849145563 -0.001293196492 0.03471978563 0.2517992677 -0.9982866067 -0.02070988784 -0.05472614954 0.01043710426 0.8572495959 -0.5147952964 0.05757532242 -0.5144844321 -0.8555646389 6.44222771e-05 -0.1962552172 0
0.5552105566 0.2213180321 -0.1495015466 -0.01025965579 0.1374137602 0.4842620647 -0.001327289098 0.0351695927 0.2517148943 -0.9981958163 -0.0215155333 -0.05605527745 0.01084542823 0.8536262011 -0.5207731613 0.05905496583 -0.5204415344 -0.8518527574 6.63584677e-05 -0.1988370569 0
0.563320955 0.2245509991 -0.1516854335 -0.01055603175 0.1392982341 0.4835185597 -0.001366166013 0.03567530091 0.251618681 -0.9980894727 -0.02244547314 -0.05756392335 0.011316933 0.8495029698 -0.5274624454 0.06073986799 -0.5271061611 -0.8476259572 6.858033833e-05 -0.2017416266 0
0.570530198 0.2274247475 -0.1536266664 -0.01082281567 0.140968913 0.4828492909 -0.001401187568 0.03612452682 0.2515320095 -0.9979911126 -0.02329325439 -0.05891657984 0.01174695215 0.8457965099 -0.5333762958 0.06225550734 -0.5329968932 -0.8438237753 7.05945733e-05 -0.2043234663 0
0.577739441 0.230298496 -0.1555678993 -0.01109273185 0.1426353916 0.4821721644 -0.001436645771 0.03657347386 0.2514442578 -0.9978890554 -0.02416114411 -0.06027994942 0.01218733834 0.8420514357 -0.5392595371 0.06378794534 -0.5388558422 -0.8399794517 7.264614978e-05 -0.206905306 0
0.5858498394 0.233531463 -0.1577517862 -0.01140011952 0.144505099 0.4814010348 -0.001477057771 0.03707820165 0.251344247 -0.9977697125 -0.02516177409 -0.06182625572 0.0126952882 0.8377924549 -0.5458412151 0.0655319039 -0.5454087344 -0.8356045009 7.499930274e-05 -0.2098098757 0
0.5930590824 0.2364052114 -0.1596930191 -0.01167665946 0.1461624911 0.4807072915 -0.001513442754 0.03752654465 0.2512542027 -0.997659507 -0.02607297283 -0.06321161492 0.01315803254 0.8339663523 -0.5516583992 0.06709973437 -0.5511989871 -0.8316713908 7.713155204e-05 -0.2123917154 0
0.6002683254 0.2392789599 -0.161634252 -0.01195630105 0.147815532 0.4800057673 -0.001550263346 0.03797459802 0.2511630807 -0.997545328 -0.02700481844 -0.06460695261 0.01363145036 0.8301026083 -0.5574440271 0.06868407462 -0.5569563713 -0.8276968638 7.930239286e-05 -0.2149735551 0
0.6083787238 0.2425119269 -0.163818139 -0.01227459278 0.1496699422 0.4792072832 -0.001592206774 0.03847830759 0.2510592816 -0.9974120153 -0.02807803131 -0.06618833683 0.01417692266 0.8257112983 -0.5639147691 0.07048607407 -0.5633937132 -0.82317631 8.179122255e-05 -0.2178781248 0
0.6155879668 0.2453856753 -0.1657593718 -0.01256079192 0.1513135776 0.4784893083 -0.001629951895 0.03892573409 0.2509658727 -0.9972890934 -0.02905430046 -0.06760408155 0.01467333789 0.8217686236 -0.5696323573 0.0721051827 -0.5690801147 -0.819114562 8.40454195e-05 -0.2204599645 0
0.6227972098 0.2482594238 -0.1677006047 -0.01285006102 0.1529527126 0.477763632 -0.001668131545 0.03937286024 0.250871389 -0.9971619146 -0.03005172687 -0.06902905006 0.01518072173 0.8177893087 -0.5753174708 0.07374050263 -0.5747325815 -0.8150121459 8.633948314e-05 -0.2230418042 0
0.6309076082 0.2514923908 -0.1698844917 -0.0131791454 0.154791301 0.4769380729 -0.001711602607 0.03987551388 0.2507638111 -0.9970136354 -0.03119931686 -0.07064285908 0.01576475399 0.8132691893 -0.5816740482 0.07559949367 -0.5810506246 -0.8103486214 8.896847242e-05 -0.2259463739 0
0.6381168512 0.2543661392 -0.1718257245 -0.0134749036 0.1564207153 0.4761961176 -0.00175070445 0.04032199041 0.2506670463 -0.9968771037 -0.03224222101 -0.07208661027 0.01629575011 0.8092131006 -0.5872892017 0.07726893764 -0.5866298638 -0.8061606008 9.134862761e-05 -0.2285282136 0
0.6453260942 0.2572398877 -0.1737669574 -0.013773699 0.1580454816 0.4754465431 -0.001790239703 0.04076815589 0.2505692095 -0.9967360246 -0.03330676404 -0.07353881137 0.01683799834 0.8051214002 -0.5928709917 0.078954285 -0.5921741218 -0.8019326845 9.376994859e-05 -0.2311100533 0
0.6534364926 0.2604728547 -0.1759508444 -0.01411346092 0.1598677296 0.4745941977 -0.001835234467 0.041269716 0.2504578628 -0.9965717575 -0.03453042425 -0.0751823246 0.01746158718 0.800476087 -0.5991102796 0.08086918514 -0.598369187 -0.7971289048 9.654366441e-05 -0.234014623 0
0.6606457356 0.2633466031 -0.1778920772 -0.01441867474 0.1614824637 0.4738285216 -0.001875689495 0.04171520916 0.250357751 -0.996420701 -0.03564143729 -0.07665164423 0.01802803751 0.7963098264 -0.6046202529 0.08258799234 -0.603838015 -0.7928170503 9.905386196e-05 -0.2365964627 0
0.6678549786 0.2662203516 -0.1798333101 -0.01472689198 0.1630924042 0.4730553109 -0.001916576775 0.0421603806 0.25025657 -0.9962647999 -0.03677454136 -0.07812862159 0.01860601152 0.7921090089 -0.6100960043 0.08432238575 -0.6092708357 -0.7884660957 0.0001016065472 -0.2391783024 0
0.675965377 0.2694533186 -0.1820171971 -0.01507721268 0.1648977998 0.4721764771 -0.00196309117 0.04266080968 0.2501414648 -0.9960835004 -0.03807586124 -0.07979905419 0.01927011162 0.7873422098 -0.6162149848 0.08629207992 -0.6153393157 -0.7835248583 0.0001045296366 -0.2420828721 0
0.68317462 0.272327067 -0.1839584299 -0.01539177546 0.1664974005 0.4713873477 -0.002004895723 0.04310528617 0.2500380152 -0.9959169837 -0.03925636419 -0.08129144809 0.01987285188 0.7830691004 -0.6216171279 0.08805924948 -0.6206945479 -0.7790916806 0.0001071740306 -0.2446647118 0
0.690383863 0.2752008155 -0.1858996628 -0.01570930686 0.1680920637 0.470590771 -0.002047131331 0.04354943032 0.2499334995 -0.9957453189 -0.04045938012 -0.08279069022 0.02048737515 0.778762514 -0.6269842217 0.08984167901 -0.6260127677 -0.7746202214 0.0001098622558 -0.2472465515 0
0.6984942614 0.2784337825 -0.1880835498 -0.01607006396 0.1698801013 0.469685756 -0.002095161148 0.044048691 0.2498146463 -0.9955459201 -0.04183984302 -0.08448519644 0.02119289822 0.7738780255 -0.632979986 0.09186502026 -0.6319511288 -0.7695444034 0.0001129394422 -0.2501511212 0
0.7057035044 0.2813075309 -0.1900247826 -0.01639386585 0.1714641212 0.4688734488 -0.002138311444 0.04449211763 0.2497078684 -0.9953629886 -0.0430911219 -0.08599811731 0.02183272563 0.7695014678 -0.6382717471 0.09367952316 -0.637189647 -0.7649924841 0.0001157222536 -0.2527329609 0
0.7129127475 0.2841812794 -0.1919660155 -0.01672060053 0.1730430617 0.4680537842 -0.002181891558 0.04493520132 0.2496000276 -0.9951745997 -0.04436530489 -0.08751706055 0.02248458289 0.7650925371 -0.6435276631 0.09550895087 -0.6423901691 -0.760403124 0.0001185502605 -0.2553148006 0
0.7210231458 0.2874142464 -0.1941499025 -0.01709166813 0.1748132424 0.4671229037 -0.002231432453 0.04543325633 0.2494774374 -0.9949560142 -0.0458262858 -0.08923273709 0.02323239672 0.7600942403 -0.6493974143 0.09758476101 -0.6481949533 -0.7551956812 0.0001217863401 -0.2582193703 0
0.7282323889 0.2902879948 -0.1960911353 -0.01742459612 0.1763812402 0.4662877023 -0.002275924587 0.04587560002 0.2493673412 -0.9947556952 -0.04714952962 -0.09076358753 0.02391006917 0.755617709 -0.6545763412 0.09944554066 -0.653313707 -0.7505276709 0.0001247118536 -0.26080121 0
0.7354416319 0.2931617433 -0.1980323682 -0.0177604201 0.1779440188 0.4654452358 -0.002320845266 0.04631759019 0.2492561852 -0.9945496039 -0.04849603724 -0.09229961909 0.02460000558 0.7511099317 -0.6597186599 0.1013209013 -0.6583935031 -0.7458230823 0.0001276839469 -0.2633830497 0
0.7435520303 0.2963947103 -0.2002162552 -0.01814166876 0.1796958508 0.4644888145 -0.002371892756 0.04681440238 0.2491298693 -0.9943107249 -0.05003880062 -0.09403350859 0.02539093309 0.7460017883 -0.6654597151 0.1034479716 -0.6640613302 -0.7404870471 0.0001310837856 -0.2662876194 0
0.7507612733 0.2992684588 -0.2021574881 -0.01848360677 0.1812473914 0.4636310101 -0.002417722704 0.04725563015 0.2490164648 -0.994092029 -0.0514350995 -0.09557964419 0.02610716835 0.7414288287 -0.670523458 0.1053539444 -0.6690573387 -0.7357056639 0.0001341563472 -0.2688694591 0
0.7579705163 0.3021422072 -0.2040987209 -0.01882840297 0.1827935748 0.4627660354 -0.002463979883 0.04769649387 0.2489020039 -0.993867241 -0.05285498985 -0.0971301053 0.02683588865 0.7368257719 -0.6755498627 0.1072741459 -0.6740134509 -0.7308885863 0.0001372768916 -0.2714512988 0
0.7660809147 0.3053751742 -0.2062826079 -0.01921969981 0.1845265734 0.4617844067 -0.002516529349 0.04819202622 0.2487719739 -0.9936069437 -0.05448068755 -0.09887919984 0.02767070706 0.7316118206 -0.6811596552 0.1094512378 -0.6795410206 -0.7254270659 0.0001408454226 -0.2743558685 0
0.7732901577 0.3082489227 -0.2082238408 -0.0195705287 0.1860612281 0.4609042981 -0.002563692964 0.04863210519 0.2486552716 -0.993368866 -0.05595103096 -0.1004379324 0.028426182 0.726946045 -0.6861059684 0.111401294 -0.6844113747 -0.7205350941 0.0001440694367 -0.2769377082 0
0.7804994007 0.3111226711 -0.2101650736 -0.01992417702 0.1875903899 0.4600171165 -0.002611282458 0.04907180963 0.2485375163 -0.9931243715 -0.05744526092 -0.1020001214 0.02919434982 0.7222513416 -0.691014247 0.1133652182 -0.6892409169 -0.7156083326 0.0001473428551 -0.2795195479 0
0.7877086437 0.3139964196 -0.2121063065 -0.02028063216 0.1891140157 0.4591228936 -0.002659297389 0.04951113617 0.2484187091 -0.9928733554 -0.0589634649 -0.1035654863 0.02997527419 0.7175280889 -0.6958842753 0.1153428935 -0.6940293592 -0.7106470752 0.0001506661365 -0.2821013876 0
0.7958190421 0.3172293866 -0.2142901935 -0.02068498341 0.1908214243 0.4581085159 -0.002713822162 0.05000492268 0.248283795 -0.9925830359 -0.06070020537 -0.1053299667 0.03086913969 0.7121807779 -0.7013170723 0.1175840679 -0.6993668742 -0.7050247955 0.0001544650031 -0.2850059573 0
0.8030282851 0.320103135 -0.2162314263 -0.02104736076 0.1923331444 0.4571994362 -0.002762739665 0.05044343511 0.2481627561 -0.9923178115 -0.062269629 -0.1069011425 0.03167737683 0.7073981232 -0.706105119 0.1195905714 -0.7040670342 -0.6999912189 0.0001578957741 -0.287587797 0
0.8102375281 0.3229768835 -0.2181726592 -0.02141250491 0.1938391955 0.4562834155 -0.002812081202 0.05088155921 0.2480406689 -0.9920457353 -0.06386327798 -0.1084746091 0.03249856057 0.7025881141 -0.7108542645 0.1216104545 -0.7087252102 -0.6949240777 0.0001613778526 -0.2901696367 0
0.8183479265 0.3262098505 -0.2203565462 -0.02182658311 0.1955266745 0.4552446362 -0.002868096714 0.05137398049 0.247902069 -0.9917313269 -0.06568518111 -0.1102471416 0.03343793955 0.697144638 -0.716150304 0.123898666 -0.7139151285 -0.6891837998 0.0001653570996 -0.2930742064 0
0.8255571695 0.3290835989 -0.222297779 -0.02219756346 0.1970205397 0.4543139746 -0.0029183378 0.05181126832 0.2477777578 -0.9914443366 -0.06733054812 -0.1118245266 0.03428682534 0.6922777857 -0.7208161215 0.1259465802 -0.7184831694 -0.6840463393 0.0001689497556 -0.2956560461 0
0.8327664125 0.3319573474 -0.2242390119 -0.02257126969 0.1985086052 0.4533764746 -0.002969001479 0.05224815742 0.2476524018 -0.9911501605 -0.06900035811 -0.1134033065 0.03514883402 0.6873847921 -0.7254424216 0.1280074951 -0.7230083666 -0.6788762649 0.0001725951805 -0.2982378858 0
0.8408768109 0.3351903144 -0.2264228989 -0.02299493092 0.2001756949 0.4523136548 -0.003026502662 0.0527391769 0.2475101289 -0.9908104892 -0.07090818898 -0.1151807415 0.0361343463 0.6818494149 -0.7305995376 0.1303414113 -0.7280476661 -0.6730213313 0.0001767599455 -0.3011424555 0
0.8480860539 0.3380640628 -0.2283641317 -0.02337438538 0.2016512988 0.4513617345 -0.003078062786 0.05317520766 0.2473825568 -0.9905006858 -0.07263014333 -0.1167615253 0.03702441695 0.6769021736 -0.7351412381 0.1324295438 -0.7324809279 -0.6677829784 0.0001805190708 -0.3037242952 0
0.8552952969 0.3409378113 -0.2303053646 -0.02375652387 0.2031209746 0.450403081 -0.003130044022 0.05361082932 0.2472539436 -0.9901833593 -0.07437672419 -0.1183427982 0.0379277729 0.6719300205 -0.7396428405 0.1345302904 -0.7368705113 -0.6625129814 0.0001843324427 -0.3063061349 0
0.8634056953 0.3441707783 -0.2324892516 -0.02418962101 0.2047672231 0.4493165897 -0.003189025674 0.05410041057 0.2471080109 -0.9898172395 -0.07637112798 -0.1201219515 0.03895998936 0.6663070652 -0.7446589918 0.1369085521 -0.7417562576 -0.6565468016 0.000188687921 -0.3092107046 0
0.8706149383 0.3470445267 -0.2344304844 -0.02457741786 0.2062241666 0.4483437413 -0.00324190017 0.05453515191 0.2469771895 -0.9894835658 -0.07817020664 -0.1217032939 0.03989173743 0.6612832943 -0.7490747987 0.1390356869 -0.7460521587 -0.6512106067 0.0001926181504 -0.3117925443 0
0.8778241814 0.3499182752 -0.2363717173 -0.024967856 0.2076750557 0.4473642667 -0.003295194261 0.05496947383 0.246845331 -0.989142029 -0.07999406085 -0.1232842109 0.0408369191 0.6562358567 -0.7534499628 0.1411750419 -0.7503035723 -0.6458437559 0.0001966041201 -0.314374384 0
0.8859345797 0.3531512422 -0.2385556043 -0.0254102388 0.2093000192 0.4462544809 -0.003355651044 0.05545758054 0.2466957519 -0.988748265 -0.08207556147 -0.1250618674 0.04191636113 0.6505297006 -0.7583232341 0.1435962644 -0.7550329204 -0.6397698039 0.0002011555623 -0.3172789537 0
0.8931438228 0.3560249906 -0.2404968372 -0.02580624354 0.2107379103 0.4452610417 -0.003409835129 0.05589100025 0.2465616934 -0.9883896555 -0.08395219326 -0.1266409022 0.04289023499 0.6454333066 -0.7626114833 0.1457611629 -0.7591889594 -0.6343388742 0.0002052615798 -0.3198607934 0
0.9003530658 0.3588987391 -0.24243807 -0.02620484596 0.2121696231 0.4442610858 -0.003464437252 0.05632399026 0.2464266017 -0.9880228403 -0.08585371481 -0.1282185893 0.04387767652 0.6403145054 -0.7668585813 0.1479378805 -0.7632997274 -0.6288782948 0.0002094248465 -0.3224426331 0
0.9084634642 0.3621317061 -0.244621957 -0.0266563611 0.2137728661 0.4431283902 -0.003526363697 0.05681058629 0.2462733899 -0.9876002278 -0.08802271374 -0.1299915073 0.04500481542 0.6345295758 -0.771587185 0.1504006539 -0.7678699234 -0.6227001076 0.0002141775576 -0.3253472028 0
0.9156727072 0.3650054545 -0.2465631899 -0.02706043653 0.2151913201 0.4421147044 -0.003581852467 0.05724265229 0.2461361067 -0.9872156097 -0.0899772183 -0.1315653453 0.04602121878 0.6293645084 -0.7757463264 0.1526020554 -0.7718836802 -0.6171776057 0.0002184640949 -0.3279290425 0
0.9228819502 0.367879203 -0.2485044227 -0.02746706515 0.2166034743 0.4410946135 -0.003637757682 0.05767427833 0.2459977942 -0.9868224414 -0.0919566917 -0.133136907 0.0470513095 0.6241783062 -0.7798638447 0.1548148683 -0.775851409 -0.6116264773 0.0002228094053 -0.3305108822 0
0.9309923486 0.37111217 -0.2506883097 -0.0279275563 0.2181845697 0.4399394002 -0.003701148185 0.0581593277 0.2458409639 -0.986369769 -0.09421346692 -0.1349018214 0.04822656603 0.6183190763 -0.7844461219 0.1573177584 -0.7802597917 -0.6053476525 0.0002277687433 -0.3334154519 0
0.9382015916 0.3739859184 -0.2526295426 -0.02833956254 0.2195832095 0.4389058187 -0.00375793662 0.05859000803 0.2457004685 -0.9859580639 -0.09624605384 -0.1364675544 0.04928585752 0.6130893245 -0.7884747202 0.1595543811 -0.784128929 -0.5997367941 0.0002322405785 -0.3359972916 0
0.9454108346 0.3768596669 -0.2545707754 -0.02875407668 0.2209754304 0.4378659458 -0.003815139868 0.05902023822 0.245558948 -0.9855374623 -0.09830365328 -0.1380300769 0.05035894154 0.607839722 -0.7924612605 0.1618020006 -0.7879513082 -0.5940983492 0.0002367727258 -0.3385791313 0
0.953521233 0.3800926339 -0.2567546624 -0.02922338453 0.2225339596 0.4366886144 -0.003879988693 0.05950370509 0.2453985136 -0.9850535133 -0.1006483584 -0.1397837037 0.05158268544 0.601910706 -0.7968956824 0.16434355 -0.7921953105 -0.587722543 0.0002419441002 -0.341483701 0
0.960730476 0.3829663823 -0.2586958953 -0.02964317913 0.2239124158 0.4356354946 -0.003938071654 0.05993296794 0.245254819 -0.9846136382 -0.1027591264 -0.1413384076 0.05268517823 0.596620294 -0.800792418 0.1666140916 -0.7959175753 -0.5820265954 0.0002466060574 -0.3440655407 0
0.967939719 0.3858401308 -0.2606371281 -0.03006543549 0.2252843365 0.4345761992 -0.003996567759 0.06036177052 0.2451101035 -0.9841645194 -0.104894915 -0.1428889625 0.05380155409 0.5913113259 -0.804646698 0.1688952089 -0.7995923791 -0.5763041174 0.0002513298799 -0.3466473804 0
0.9760501174 0.3890730978 -0.2628210151 -0.03054339789 0.2268198896 0.4333771565 -0.004062869039 0.0608436192 0.2449460798 -0.9836480731 -0.1073275783 -0.1446280026 0.05507410372 0.5853170747 -0.8089318669 0.1714739377 -0.8036695298 -0.5698350425 0.0002567187511 -0.3495519501 0
0.9832593604 0.3919468462 -0.264762248 -0.03097083584 0.2281778005 0.4323048622 -0.00412224127 0.06127143292 0.2447991993 -0.9831789421 -0.1095165146 -0.1461687411 0.05622006517 0.5799700579 -0.8126955372 0.1737770759 -0.8072427546 -0.5640573224 0.0002615756992 -0.3521337898 0
0.9904686034 0.3948205947 -0.2667034808 -0.03140068863 0.2295290619 0.4312265099 -0.004182024939 0.06169877626 0.2446513021 -0.9827002195 -0.1117304439 -0.1477043889 0.05737998554 0.5746057888 -0.8164163918 0.1760903627 -0.8107678431 -0.5582541435 0.0002664960798 -0.3547156295 0
0.9985790018 0.3980535617 -0.2688873678 -0.0318871406 0.2310412378 0.4300061698 -0.004249772673 0.06217897124 0.2444837042 -0.982150053 -0.114250968 -0.149425532 0.05870160751 0.5685508855 -0.8205510416 0.1787047693 -0.814675768 -0.5516955669 0.000272107958 -0.3576201992 0
1.005788245 0.4009273102 -0.2708286007 -0.03232207442 0.2323782498 0.428915071 -0.004310428802 0.06260530432 0.2443336512 -0.9816505786 -0.116517948 -0.15094936 0.05989125892 0.5631513467 -0.8241805614 0.1810391631 -0.8180978722 -0.5458394387 0.0002771648098 -0.3602020389 0
1.012997488 0.4038010586 -0.2727698336 -0.03275937537 0.2337085006 0.4278180338 -0.004371494624 0.06303115695 0.2441825859 -0.9811411646 -0.1188098572 -0.1524671537 0.0610949303 0.557735867 -0.8277669431 0.1833832725 -0.8214711927 -0.5399589381 0.0002822866754 -0.3627838786 0
1.021107886 0.4070340256 -0.2749537205 -0.03325414918 0.2351969075 0.4265768171 -0.004440682682 0.06350966289 0.2440114293 -0.9805560542 -0.1214180183 -0.1541670825 0.06246583921 0.5516249224 -0.8317499408 0.1860318345 -0.8252076162 -0.5333146789 0.0002881271199 -0.3656884483 0
1.028317129 0.4099077741 -0.2768949534 -0.03369642896 0.2365126747 0.4254672897 -0.00450261722 0.06393448394 0.2438582177 -0.9800251488 -0.1237628048 -0.1556710499 0.06369935558 0.5461769674 -0.8352443429 0.1883961245 -0.8284766071 -0.5273835528 0.0002933888316 -0.368270288 0
1.035526372 0.4127815225 -0.2788361863 -0.03414102741 0.237821572 0.4243519457 -0.00456495967 0.06435881455 0.2437039983 -0.979483956 -0.1261324208 -0.1571680385 0.0649469381 0.5407143895 -0.8386953226 0.1907696913 -0.8316961954 -0.5214291548 0.0002987171522 -0.3708521277 0
1.043636771 0.4160144895 -0.2810200732 -0.03464395268 0.239285827 0.4230902798 -0.00463558179 0.06483559627 0.2435292986 -0.9788626789 -0.1288278686 -0.1588434325 0.06636729632 0.5345520373 -0.8425256681 0.1934508665 -0.8352589417 -0.5147030819 0.0003047917705 -0.3737566974 0
1.050846014 0.418888238 -0.2829613061 -0.03509342617 0.240580012 0.4219627059 -0.004698789132 0.06525887409 0.2433729425 -0.9782992562 -0.1312501117 -0.1603245877 0.06764480614 0.529059791 -0.8458841042 0.195843676 -0.8383729157 -0.5087004117 0.0003102633411 -0.3763385371 0
