0.007022441484 0.001892196858 -0.003705180576 -1.129463558e-06 0.001790714685 0.5099958083 -1.427601752e-07 0.000446016301 0.2549994798 -1 -3.041328806e-08 -6.57762246e-06 1.554706722e-08 0.9999755887 -0.006987268291 6.577674398e-06 -0.006987268291 -0.9999755887 2.457381842e-08 -0.004927890166 0
0.01476558053 0.003978585675 -0.007790615601 -4.993362426e-06 0.003765149661 0.5099814683 -6.350397711e-07 0.000939767769 0.2549976859 -0.9999999996 -2.844664583e-07 -2.907871008e-05 1.427649725e-07 0.9998920787 -0.01469118574 2.907975102e-05 -0.01469118573 -0.9998920783 4.761979173e-08 -0.01036151875 0
0.0216483708 0.005833153512 -0.0114221134 -1.073338319e-05 0.005520103312 0.5099601656 -1.369495238e-06 0.001379356323 0.254995009 -0.999999998 -8.971328127e-07 -6.250243239e-05 4.492740908e-07 0.999768023 -0.02153834238 6.250725602e-05 -0.02153834237 -0.999768021 3.248534244e-08 -0.01519141082 0
0.02853116107 0.00768772135 -0.0150536112 -1.864305346e-05 0.007274916721 0.5099308107 -2.383039077e-06 0.001819016109 0.2549913149 -0.9999999941 -2.054119558e-06 -0.0001085543782 1.027960673e-06 0.9995970813 -0.02838441556 0.0001085689446 -0.02838441551 -0.9995970754 1.189520044e-08 -0.0200213029 0
0.03541395134 0.009542289187 -0.018685109 -2.872213209e-05 0.009029545308 0.5098934046 -3.675297309e-06 0.002258620035 0.2549866048 -0.999999986 -3.928391942e-06 -0.0001672279103 1.965328822e-06 0.999379264 -0.03522906093 0.0001672624995 -0.03522906076 -0.99937925 7.818194038e-08 -0.02485119497 0
0.0422967416 0.01139685702 -0.0223166068 -4.097031182e-05 0.0107839445 0.5098479484 -5.246065797e-06 0.002698152319 0.2549808795 -0.9999999715 -6.692838158e-06 -0.0002385145722 3.347857273e-06 0.9991145842 -0.04207193421 0.0002385849683 -0.04207193381 -0.9991145557 1.646099443e-07 -0.02968108705 0
0.04917953187 0.01325142486 -0.0259481046 -5.538721922e-05 0.01253806973 0.5097944434 -7.09523553e-06 0.003137619226 0.2549741395 -0.999999948 -1.052025077e-05 -0.0003224040883 5.261993269e-06 0.998803058 -0.04891269127 0.000322532763 -0.04891269042 -0.9988030059 2.693654035e-07 -0.03451097912 0
0.05692267092 0.01533781368 -0.03003353963 -7.419799755e-05 0.01451107766 0.5097246317 -9.508248692e-06 0.003631951271 0.2549653444 -0.9999999066 -1.631166673e-05 -0.0004318290145 8.15842188e-06 0.9983966184 -0.05660558509 0.0004320599592 -0.05660558333 -0.9983965251 4.081675418e-07 -0.03994460771 0
0.06380546119 0.01719238152 -0.03366503743 -9.322190968e-05 0.01626447278 0.5096540289 -1.194883249e-05 0.004071303336 0.2549564488 -0.9999998526 -2.297106304e-05 -0.0005424571796 1.148907626e-05 0.9979856096 -0.06344070317 0.0005428217595 -0.06344070005 -0.9979854623 5.497386341e-07 -0.04477449978 0
0.07068825145 0.01904694935 -0.03729653523 -0.0001144129566 0.01801745475 0.5095753833 -1.466767121e-05 0.004510608097 0.2549465389 -0.999999778 -3.123258174e-05 -0.0006656443763 1.562121556e-05 0.9975278227 -0.07027263058 0.0006661935811 -0.07027262538 -0.9975276008 7.082192008e-07 -0.04960439186 0
0.07757104172 0.02090151719 -0.04092803303 -0.0001377704923 0.01976997902 0.5094886974 -1.766473502e-05 0.004949867352 0.254935615 -0.999999678 -4.126842478e-05 -0.0008013728383 2.064109254e-05 0.9970232854 -0.07710102391 0.0008021692179 -0.07710101562 -0.9970229636 8.835070581e-07 -0.05443428393 0
0.08445383199 0.02275608503 -0.04455953083 -0.0001632938047 0.02152200111 0.5093939736 -2.093999528e-05 0.005389081672 0.2549236771 -0.9999995477 -5.325060343e-05 -0.000949622987 2.663489717e-05 0.9964720282 -0.08392553995 0.0009507418295 -0.08392552728 -0.9964715761 1.075556542e-06 -0.05926417601 0
0.09133662225 0.02461065287 -0.04819102863 -0.0001909821158 0.02327347653 0.509291215 -2.449342317e-05 0.005828250758 0.2549107253 -0.9999993813 -6.735091979e-05 -0.001110373434 3.368875053e-05 0.9958740845 -0.09074583579 0.001111903942 -0.09074581705 -0.995873466 1.284357216e-06 -0.06409406808 0
0.09821941252 0.0264652207 -0.05182252643 -0.0002208345817 0.02502436081 0.5091804246 -2.832498897e-05 0.006267373684 0.2548967598 -0.9999991727 -8.374094832e-05 -0.001283600981 4.188869872e-05 0.9952294904 -0.09756156877 0.001285647449 -0.09756154182 -0.9952286635 1.509921948e-06 -0.06892396016 0
0.1059625516 0.02855160952 -0.05590796146 -0.0002570043114 0.02699334368 0.5090461892 -3.296792347e-05 0.006761330074 0.254879837 -0.9999988794 -0.0001051299657 -0.001493364804 5.259061511e-05 0.9944486089 -0.1052233881 0.001496136683 -0.1052233487 -0.994447489 1.783757432e-06 -0.07435758874 0
0.1128453418 0.03040617736 -0.05953945926 -0.0002914525027 0.02874282424 0.5089183429 -3.739042714e-05 0.007200349935 0.2548637176 -0.9999985588 -0.0001269541661 -0.001693020926 6.351133689e-05 0.9937050158 -0.1120282887 0.001696585844 -0.1120282348 -0.9937035756 2.045057808e-06 -0.07918748082 0
0.1197281321 0.0322607452 -0.06317095706 -0.0003280617862 0.03049157483 0.5087824762 -4.209096605e-05 0.007639318344 0.2548465849 -0.9999981739 -0.0001516025785 -0.001905070026 7.584649736e-05 0.9929149036 -0.1188275577 0.001909586986 -0.1188274852 -0.9929130789 2.323250621e-06 -0.08401737289 0
0.1266109224 0.03411531303 -0.06680245486 -0.0003668310463 0.03223955108 0.5086385933 -4.70695036e-05 0.008078233148 0.2548284389 -0.9999977166 -0.0001792456433 -0.002129481474 8.968176911e-05 0.99207832 -0.1256208539 0.002135129394 -0.125620758 -0.9920760386 2.618395436e-06 -0.08884726497 0
0.1334937126 0.03596988087 -0.07043395266 -0.0004077591012 0.03398670864 0.5084866985 -5.232600123e-05 0.008517092055 0.2548092798 -0.9999971784 -0.0002100534791 -0.002366222841 0.0001051027186 0.9911953157 -0.1324078363 0.002373201723 -0.1324077114 -0.9911924969 2.93055839e-06 -0.09367715704 0
0.1403765029 0.03782444871 -0.07406545046 -0.0004508447037 0.03573300319 0.5083267964 -5.786041836e-05 0.008955892671 0.2547891078 -0.9999965504 -0.000244195864 -0.002615259908 0.0001221948003 0.990265944 -0.1391881646 0.002623791996 -0.139188004 -0.9902624982 3.259811465e-06 -0.09850704912 0
0.148119642 0.03991083753 -0.07815088549 -0.0005018933126 0.03769649785 0.5081373416 -6.441878515e-05 0.009449470601 0.2547652038 -0.9999957246 -0.0002868028077 -0.002910078906 0.0001435271659 0.9891650476 -0.1468076568 0.002920653188 -0.1468074468 -0.9891607773 3.650745672e-06 -0.1039406777 0
0.1550024322 0.04176540536 -0.08178238329 -0.0005495592621 0.03944081149 0.5079604407 -7.054363718e-05 0.009888139045 0.2547428798 -0.9999948735 -0.000328593165 -0.003185122549 0.0001644535911 0.9881373354 -0.1535727166 0.003197801453 -0.1535724531 -0.9881322157 4.016578141e-06 -0.1087705698 0
0.1618852225 0.0436199732 -0.08541388109 -0.0005993784379 0.04118412381 0.5077755486 -7.694626868e-05 0.01032674126 0.2547195435 -0.9999939014 -0.000374246233 -0.003472343437 0.0001873174041 0.9870634409 -0.1603300613 0.003487426182 -0.160329734 -0.9870573511 4.399758513e-06 -0.1136004619 0
0.1687680128 0.04547454104 -0.08904537889 -0.000651349322 0.04292639062 0.5075826709 -8.362663056e-05 0.01076527461 0.2546951949 -0.9999927973 -0.0004239301927 -0.003771699991 0.0002122035327 0.9859434289 -0.1670793524 0.003789512804 -0.1670789494 -0.9859362374 4.80037883e-06 -0.1184303539 0
0.175650803 0.04732910888 -0.09267687669 -0.0007054703307 0.04466756777 0.5073818136 -9.058467162e-05 0.01120373642 0.2546698344 -0.9999915498 -0.0004778127914 -0.004083148859 0.0002391967622 0.9847773671 -0.173820252 0.004104046122 -0.1738197598 -0.9847689312 5.218535463e-06 -0.123260246 0
0.1825335933 0.04918367671 -0.09630837449 -0.0007617398152 0.04640761113 0.5071729827 -9.782033856e-05 0.011642124 0.2546434619 -0.999990147 -0.0005360613243 -0.004406644917 0.0002683817284 0.9835653261 -0.1805524226 0.004431010315 -0.1805518263 -0.9835554912 5.654329002e-06 -0.1280901381 0
0.1894163836 0.05103824455 -0.09993987229 -0.0008201560609 0.04814647663 0.5069561846 -0.000105333576 0.01208043463 0.2546160779 -0.9999885767 -0.0005988426167 -0.004742141276 0.0002998429124 0.982307379 -0.1872755274 0.004770388935 -0.18727481 -0.9822959783 6.107864155e-06 -0.1329200302 0
0.1971595226 0.05312463337 -0.1040253073 -0.0008884381694 0.05010123758 0.5067027717 -0.0001141176799 0.0125734387 0.254584062 -0.9999865938 -0.0006750967243 -0.005133858145 0.0003380625181 0.9808374114 -0.1948277652 0.005167007719 -0.1948268889 -0.9808240339 6.639433533e-06 -0.1383536587 0
0.2040423129 0.0549792012 -0.1076568051 -0.0009514102925 0.05183745395 0.5064690655 -0.000122220561 0.01301157671 0.254554529 -0.9999846243 -0.0007480617909 -0.005494691418 0.0003746404262 0.97948217 -0.2015304897 0.005532709532 -0.2015294495 -0.9794668295 7.131035636e-06 -0.1431835508 0
0.2109251031 0.05683376904 -0.1112883029 -0.001016523399 0.05357235498 0.5062274136 -0.0001306008259 0.01344962917 0.2545239851 -0.9999824456 -0.0008260777178 -0.005867367128 0.0004137574909 0.9780812694 -0.2082230997 0.005910770351 -0.2082218722 -0.978063758 7.640732306e-06 -0.1480134429 0
0.2178078934 0.05868833688 -0.1149198007 -0.001083775505 0.05530589675 0.5059778233 -0.0001392584104 0.01388759331 0.2544924306 -0.9999800437 -0.000909309201 -0.006251831147 0.0004554974912 0.9766347942 -0.2149052612 0.006301171157 -0.2149038202 -0.97661489 8.16864452e-06 -0.152843335 0
0.2246906837 0.06054290472 -0.1185512985 -0.001153164563 0.0570380354 0.5057203022 -0.0001481932483 0.01432546635 0.2544598656 -0.9999774037 -0.0009979203744 -0.006648027608 0.0004999440205 0.9751428318 -0.2215766405 0.006703892311 -0.2215749573 -0.9751202983 8.714897061e-06 -0.157673227 0
0.2315734739 0.06239747255 -0.1221827963 -0.001224688458 0.05876872713 0.5054548582 -0.0001574052713 0.01476324549 0.2544262905 -0.9999745105 -0.001092074792 -0.007055898903 0.0005471804809 0.9736054724 -0.228236905 0.007118913555 -0.2282349482 -0.9735800581 9.279618475e-06 -0.1625031191 0
0.239316613 0.06448386137 -0.1262682313 -0.001307701925 0.0607139713 0.5051467733 -0.0001681000321 0.01525563131 0.2543873114 -0.9999709336 -0.001204827297 -0.007528635237 0.0006037599303 0.971821795 -0.2357160032 0.007600488885 -0.2357136973 -0.9717928202 9.937170981e-06 -0.1679367477 0
0.2461994033 0.06633842921 -0.1298997291 -0.001383755038 0.06244144307 0.5048645202 -0.0001779008367 0.01569320165 0.2543515906 -0.99996745 -0.001311301408 -0.007961116388 0.0006572010074 0.9701882786 -0.2423515468 0.008041577729 -0.2423488903 -0.9701558372 1.054158252e-05 -0.1727666398 0
0.2530821935 0.06819299705 -0.133531227 -0.001461935968 0.06416733131 0.5045743701 -0.0001879785993 0.01613066933 0.2543148605 -0.999963663 -0.001423825937 -0.008405081222 0.0007136913493 0.9685096642 -0.2489749403 0.00849489937 -0.248971892 -0.9684734553 1.116488845e-05 -0.1775965318 0
0.2599649838 0.07004756488 -0.1371627248 -0.001542242332 0.06589159243 0.504276332 -0.0001983332426 0.01656803157 0.2542771214 -0.9999595555 -0.001542561858 -0.008860465025 0.0007733135068 0.9667860535 -0.2555858541 0.008960431003 -0.255582369 -0.9667457594 1.180723244e-05 -0.1824264239 0
0.2668477741 0.07190213272 -0.1407942226 -0.001624671688 0.06761418289 0.503970415 -0.0002089646875 0.01700528554 0.2542383735 -0.9999551101 -0.001667669477 -0.009327201379 0.0008361498094 0.9650175502 -0.2621839594 0.009438149212 -0.2621799889 -0.9649728363 1.246876171e-05 -0.187256316 0
0.2737305643 0.07375670056 -0.1444257204 -0.001709221524 0.0693350592 0.5036566282 -0.0002198728528 0.01744242842 0.2541986173 -0.9999503088 -0.001799308409 -0.009805222162 0.0009022823594 0.9632042614 -0.2687689282 0.009928029962 -0.2687644198 -0.9631547751 1.314962701e-05 -0.1920862081 0
0.2806133546 0.0756112684 -0.1480572182 -0.001795889268 0.07105417791 0.5033349814 -0.0002310576549 0.01787945742 0.254157853 -0.9999451333 -0.001937637566 -0.01029445756 0.0009717930262 0.9613462963 -0.2753404334 0.01043004861 -0.2753353304 -0.9612916674 1.38499826e-05 -0.1969161001 0
0.2883564936 0.07769765721 -0.1521426532 -0.001895918754 0.07298603161 0.5029637456 -0.0002439711184 0.01837097539 0.2541107886 -0.9999388402 -0.002101451713 -0.01085816325 0.001054132062 0.9592028232 -0.2827168774 0.01100929671 -0.2827110324 -0.9591419434 1.46613761e-05 -0.2023497287 0
0.2952392839 0.07955222505 -0.155774151 -0.001987078211 0.07470127152 0.5026254288 -0.0002557434874 0.018807753 0.2540678832 -0.9999328066 -0.002254521913 -0.01137099019 0.001131091962 0.9572502968 -0.2892586904 0.01153702379 -0.2892521158 -0.9571834258 1.540367644e-05 -0.2071796208 0
0.3021220742 0.08140679289 -0.1594056488 -0.002080347118 0.07641461852 0.5022792833 -0.000267792219 0.01924440791 0.2540239707 -0.9999263386 -0.002414774199 -0.01189480271 0.001211684256 0.9552534533 -0.2957860236 0.01207680782 -0.2957786483 -0.955180162 1.616597124e-05 -0.2120095129 0
0.3090048644 0.08326136073 -0.1630371466 -0.002175722638 0.07812602942 0.5019253196 -0.0002801172211 0.0196809373 0.2539790516 -0.9999194159 -0.002582364392 -0.01242952408 0.001295989791 0.9532124133 -0.3022985535 0.01262862166 -0.3022903016 -0.9531322529 1.694842881e-05 -0.216839405 0
0.3158876547 0.08511592856 -0.1666686444 -0.002273201867 0.07983546111 0.5015635485 -0.0002927183996 0.02011733834 0.2539331261 -0.9999120181 -0.002757447517 -0.01297507589 0.001384089153 0.9511272999 -0.3087959579 0.01319243755 -0.3087867481 -0.9510398014 1.775122075e-05 -0.221669297 0
0.322770445 0.0869704964 -0.1703001422 -0.00237278184 0.08154287055 0.5011939809 -0.0003055956579 0.02055360821 0.2538861946 -0.999904124 -0.002940177788 -0.01353137811 0.00147606266 0.9489982388 -0.3152779154 0.01376822712 -0.315267661 -0.9489029128 1.857452197e-05 -0.2264991891 0
0.330513584 0.08905688522 -0.1743855772 -0.00248731658 0.08346123544 0.5007689123 -0.0003204124527 0.02104425153 0.2538321947 -0.9998946232 -0.003155081027 -0.0141699664 0.00158426332 0.9465506737 -0.3225512551 0.01443026659 -0.3225397146 -0.9464459308 1.952547279e-05 -0.2319328177 0
0.3373963743 0.09091145306 -0.178017075 -0.002591350496 0.08516420499 0.500382815 -0.0003338760513 0.02148023331 0.2537831267 -0.9998856027 -0.00335456973 -0.01474883992 0.001684734806 0.9443286532 -0.3289993259 0.01503140332 -0.3289865371 -0.944214973 2.039295176e-05 -0.2367627098 0
0.3442791646 0.09276602089 -0.1816485728 -0.002697475477 0.08686501823 0.4999889572 -0.0003476154152 0.02191607511 0.253733054 -0.9998760175 -0.003562182092 -0.01533820311 0.001789329637 0.9420630948 -0.3354309524 0.01564442122 -0.3354168099 -0.9419399215 2.128150736e-05 -0.2415926018 0
0.3511619548 0.09462058873 -0.1852800706 -0.002805688296 0.0885636324 0.4995873509 -0.0003616304393 0.0223517741 0.2536819769 -0.9998658447 -0.003778068806 -0.01593796918 0.001898126967 0.9397541349 -0.3418458176 0.01626928946 -0.3418302094 -0.9396208906 2.219132766e-05 -0.2464224939 0
0.3580447451 0.09647515657 -0.1889115684 -0.002915985662 0.09026000481 0.4991780083 -0.0003759210165 0.02278732748 0.2536298958 -0.999855061 -0.004002379669 -0.01654804974 0.002011205652 0.9374019128 -0.3482436057 0.0169059766 -0.3482264131 -0.9372579971 2.312260386e-05 -0.251252386 0
0.3649275354 0.09832972441 -0.1925430662 -0.003028364221 0.09195409288 0.4987609418 -0.0003904870375 0.02322273241 0.2535768111 -0.9998436428 -0.004235263564 -0.01716835477 0.002128644243 0.9350065701 -0.3546240019 0.01755445062 -0.3546050992 -0.9348513598 2.407553021e-05 -0.2560822781 0
0.3718103256 0.1001842922 -0.196174564 -0.003142820556 0.09364585407 0.4983361642 -0.0004053283909 0.02365798607 0.2535227232 -0.9998315661 -0.004476868446 -0.01779879267 0.002250520987 0.9325682511 -0.3609866926 0.01821467889 -0.3609659468 -0.9324010997 2.5050304e-05 -0.2609121701 0
0.3795534647 0.1022706811 -0.200259999 -0.003274063189 0.09554625123 0.4978490882 -0.0004223538805 0.02414746213 0.2534606758 -0.9998171621 -0.004759281245 -0.01852003118 0.002393034325 0.9297739549 -0.3681231671 0.01897144432 -0.3681001793 -0.9295925679 2.617328855e-05 -0.2663457987 0
0.386436255 0.1041252489 -0.2038914968 -0.003392923166 0.09723292697 0.4974079675 -0.000437779936 0.02458238501 0.2534044577 -0.9998036041 -0.005019905134 -0.01917169007 0.002524600504 0.9272448018 -0.3744471978 0.01965653937 -0.3744220588 -0.9270500215 2.719515689e-05 -0.2711756908 0
0.3933190452 0.1059798167 -0.2075229946 -0.003513849838 0.09891714346 0.4969591767 -0.0004534809624 0.02501714782 0.2533472378 -0.9997893097 -0.005289706191 -0.01983318538 0.002660847307 0.9246731396 -0.3807525507 0.02035328292 -0.3807251029 -0.9244642448 2.82395084e-05 -0.2760055829 0
0.4002018355 0.1078343846 -0.2111544924 -0.003636839528 0.1005988585 0.4965027295 -0.0004694568396 0.02545174775 0.2532890166 -0.999774253 -0.005568828363 -0.02050441904 0.002801851651 0.922059123 -0.387038917 0.02106163993 -0.3870089945 -0.9218353679 2.930655254e-05 -0.2808354749 0
0.4070846258 0.1096889524 -0.2147859902 -0.0037618885 0.10227803 0.4960386398 -0.0004857074456 0.02588618198 0.2532297945 -0.9997584079 -0.005857414582 -0.02118529138 0.002947690118 0.9194029094 -0.3933059895 0.02178157477 -0.3932734175 -0.919163523 3.039650163e-05 -0.285665367 0
0.413967416 0.1115435202 -0.218417488 -0.003888992953 0.1039546159 0.4955669217 -0.000502232656 0.02632044769 0.253169572 -0.9997417478 -0.006155606754 -0.02187570123 0.003098438949 0.9167046584 -0.3995534619 0.02251305121 -0.3995180568 -0.9164488446 3.150957081e-05 -0.2904952591 0
0.4217105551 0.1136299091 -0.2225029231 -0.004034437595 0.1058376323 0.4950271383 -0.0005211515986 0.02680879169 0.2531006264 -0.9997219973 -0.006502730408 -0.02266368466 0.003273995286 0.9136190805 -0.4065580606 0.0233497122 -0.4065192372 -0.913343802 3.278968085e-05 -0.2959288877 0
0.4285933453 0.1154844769 -0.2261344209 -0.004165897048 0.1075085848 0.4945392576 -0.0005382599215 0.02724268998 0.2530382796 -0.9997035152 -0.006821801604 -0.02337401876 0.003435430191 0.9108320421 -0.4127628725 0.02410559167 -0.4127207943 -0.9105385584 3.395260729e-05 -0.3007587798 0
0.4354761356 0.1173390447 -0.2297659187 -0.00429939971 0.1091768209 0.494043794 -0.0005556424471 0.02767641097 0.252974934 -0.9996841324 -0.007150915398 -0.02409356434 0.003602011454 0.9080034817 -0.418947136 0.02487289583 -0.4189015895 -0.9076909151 3.5139344e-05 -0.3055886718 0
0.4423589259 0.1191936126 -0.2333974165 -0.004434941527 0.1108422991 0.4935407626 -0.0005732990426 0.02810995184 0.2529105899 -0.9996638207 -0.007490209282 -0.02482221394 0.00377381385 0.9051335692 -0.4251105506 0.02565158609 -0.4250613116 -0.9048010154 3.635011745e-05 -0.3104185639 0
0.4492417161 0.1210481804 -0.2370289143 -0.004572518382 0.1125049777 0.4930301786 -0.000591229573 0.02854330981 0.252845248 -0.9996425515 -0.007839819641 -0.02555985864 0.003950911787 0.9022224771 -0.4312528169 0.02644162328 -0.431199651 -0.9018690047 3.758515674e-05 -0.315248456 0
0.4561245064 0.1229027483 -0.2406604121 -0.004712126099 0.1141648153 0.4925120575 -0.0006094339012 0.02897648205 0.2527789087 -0.9996202959 -0.008199881734 -0.02630638802 0.004133379301 0.8992703803 -0.437373637 0.02724296765 -0.4373162987 -0.8988950303 3.884469361e-05 -0.3200783481 0
0.4630072967 0.1247573161 -0.2442919099 -0.004853760439 0.1158217706 0.4919864151 -0.0006279118881 0.02940946576 0.2527115726 -0.9995970243 -0.00857052968 -0.02706169019 0.004321290047 0.8962774559 -0.4434727145 0.0280555789 -0.4434109472 -0.8958792421 4.01289624e-05 -0.3249082401 0
0.4707504357 0.1268437049 -0.2483773449 -0.005015516164 0.1176823486 0.491386097 -0.0006490265549 0.0298963436 0.2526346287 -0.9995695924 -0.009000327532 -0.02792175019 0.004539287216 0.8928618382 -0.45030782 0.02898318307 -0.4502407489 -0.8924366886 4.160362219e-05 -0.3303418687 0
0.477633226 0.1286982727 -0.2520088427 -0.005161442728 0.119333042 0.490844525 -0.0006680855948 0.03032891738 0.2525651761 -0.9995440627 -0.009393910442 -0.0286953164 0.004739007632 0.889782755 -0.4563597164 0.02981959999 -0.4562876323 -0.889332552 4.294123598e-05 -0.3351717608 0
0.4845160163 0.1305528406 -0.2556403405 -0.005309382278 0.1209807243 0.4902954824 -0.0006874178449 0.03076129388 0.2524947284 -0.9995174228 -0.009798490813 -0.0294772964 0.004944398956 0.8866634137 -0.4623889528 0.03066715416 -0.462311562 -0.8861870826 4.430433032e-05 -0.3400016529 0
0.4913988065 0.1324074084 -0.2592718383 -0.005459330326 0.1226253547 0.4897389856 -0.0007070231576 0.0311934703 0.2524232861 -0.9994896419 -0.0102141979 -0.03026757236 0.005155533229 0.8835040015 -0.4683952388 0.03152580296 -0.468312235 -0.8830004385 4.56931499e-05 -0.3448315449 0
0.4982815968 0.1342619763 -0.2629033361 -0.005611282322 0.1242668923 0.4891750517 -0.000726901383 0.03162544383 0.2523508498 -0.9994606885 -0.01064115976 -0.031066025 0.005372482084 0.8803047079 -0.4743782854 0.03239550318 -0.4742893494 -0.87977278 4.710794183e-05 -0.349661437 0
0.5051643871 0.1361165441 -0.2665348339 -0.005765233659 0.1259052963 0.4886036977 -0.000747052369 0.03205721169 0.25227742 -0.999430531 -0.01107950318 -0.03187253367 0.005595316746 0.8770657246 -0.4803378052 0.03327621108 -0.4802426046 -0.8765042695 4.854895564e-05 -0.3544913291 0
0.5129075261 0.1382029329 -0.2706202689 -0.005940812932 0.1277447046 0.4879520767 -0.0007700480708 0.0325427012 0.2521936248 -0.9993951245 -0.01158640035 -0.03278933338 0.00585312927 0.8733746688 -0.4870137871 0.03428010989 -0.4869111246 -0.8727785692 5.020175324e-05 -0.3599249577 0
0.5197903164 0.1400575007 -0.2742517667 -0.006098997287 0.1293763149 0.4873650129 -0.0007907781593 0.03297402272 0.252118086 -0.9993623014 -0.01204934495 -0.03361255414 0.006088705858 0.8700519926 -0.492922365 0.03518406131 -0.4928126861 -0.8694237967 5.169932781e-05 -0.3647548497 0
0.5266731066 0.1419120686 -0.2778832645 -0.006259166193 0.1310046651 0.4867705838 -0.0008117805203 0.03340512984 0.2520415555 -0.9993281728 -0.01252405929 -0.03444344494 0.006330388133 0.8666902411 -0.4988065278 0.03609888013 -0.4986894564 -0.8660286929 5.322391916e-05 -0.3695847418 0
0.5335558969 0.1437666364 -0.2815147623 -0.006421314794 0.1326297147 0.4861688076 -0.0008330549932 0.03383601976 0.2519640341 -0.9992927057 -0.01301066497 -0.03528187944 0.006578245576 0.8632896157 -0.5046659947 0.03702452032 -0.5045411401 -0.8625934284 5.477578639e-05 -0.3744146339 0
0.5404386872 0.1456212043 -0.2851462601 -0.006585438175 0.1342514236 0.4855597025 -0.0008546014153 0.03426668971 0.2518855223 -0.9992558663 -0.01350928225 -0.03612772997 0.006832347232 0.8598503199 -0.5105004862 0.03796093533 -0.5103674428 -0.8591181762 5.635519087e-05 -0.379244526 0
0.5473214774 0.1474757721 -0.2887777579 -0.006751531362 0.1358697517 0.4849432868 -0.0008764196221 0.03469713689 0.2518060208 -0.999217621 -0.01402003008 -0.03698086751 0.007092761707 0.8563725597 -0.5163097246 0.03890807804 -0.5161680713 -0.8556031111 5.796239618e-05 -0.384074418 0
0.5542042677 0.1493303399 -0.2924092557 -0.006919589323 0.137484659 0.4843195794 -0.0008985094467 0.03512735852 0.2517255301 -0.9991779355 -0.01454302608 -0.03784116174 0.007359557164 0.8528565431 -0.522093434 0.03986590082 -0.5219427338 -0.8520484098 5.959766811e-05 -0.3889043101 0
0.5619474068 0.1514167288 -0.2964946908 -0.007110996705 0.1392972912 0.4836092162 -0.0009236849573 0.0356110848 0.2516337966 -0.9991315248 -0.0151461817 -0.03881738326 0.00766741361 0.848855558 -0.5285692503 0.04095615743 -0.52840783 -0.848002216 6.147123111e-05 -0.3943379387 0
0.568830197 0.1532712966 -0.3001261886 -0.007283212832 0.1409047972 0.4829700767 -0.0009463514066 0.03604081791 0.2515512062 -0.9990886638 -0.01569558944 -0.03969244673 0.00794799291 0.8452589477 -0.5342978016 0.04193651469 -0.534126352 -0.8443638841 6.316703692e-05 -0.3991678308 0
0.5757129873 0.1551258644 -0.3037576864 -0.007457377628 0.1425087583 0.4823237052 -0.0009692889393 0.03647031678 0.2514676287 -0.9990442535 -0.01625760418 -0.04057425122 0.008235163276 0.8416247455 -0.5399999721 0.04292739966 -0.5398180046 -0.8406864816 6.489175374e-05 -0.4039977229 0
0.5825957776 0.1569804323 -0.3073891842 -0.007633485819 0.144109135 0.4816701213 -0.0009924973799 0.03689957865 0.2513830647 -0.9989982583 -0.01683233789 -0.04146266107 0.008528990986 0.8379531687 -0.5456754927 0.0439287625 -0.5454825015 -0.8369701932 6.664565614e-05 -0.4088276149 0
0.5894785678 0.1588350001 -0.311020682 -0.007811532074 0.1457058879 0.4810093447 -0.001015976551 0.03732860073 0.251297515 -0.9989506424 -0.01741990115 -0.04235753938 0.008829541847 0.8342444366 -0.5513240963 0.04494055284 -0.5511195578 -0.8332152061 6.842902072e-05 -0.413657507 0
0.5963613581 0.1606895679 -0.3146521798 -0.007991511002 0.1472989778 0.4803413954 -0.001039726274 0.03775738026 0.2512109802 -0.9989013694 -0.01802040313 -0.043258748 0.009136881194 0.8304987707 -0.5569455173 0.04596271978 -0.5567288899 -0.8294217091 7.024212611e-05 -0.4184873991 0
0.6032441484 0.1625441358 -0.3182836776 -0.008173417158 0.1488883656 0.4796662937 -0.001063746366 0.03818591447 0.251123461 -0.9988504028 -0.01863395154 -0.04416614754 0.009451073885 0.8267163947 -0.5625394919 0.04699521189 -0.5623102157 -0.825589893 7.208525297e-05 -0.4233172912 0
0.6109872874 0.1646305246 -0.3223691126 -0.008380358366 0.1506719532 0.4788982803 -0.001091091917 0.03866771876 0.2510238261 -0.9987909952 -0.01933992038 -0.04519419699 0.009812812684 0.8224176226 -0.5687995804 0.04816904264 -0.5685553812 -0.8212335367 7.419500772e-05 -0.4287509197 0
0.6178700777 0.1664850924 -0.3260006104 -0.008566341533 0.1522533447 0.4782080478 -0.001115685932 0.03909572246 0.2509342174 -0.9987363069 -0.0199815436 -0.0461142839 0.01014178187 0.8185579896 -0.5743343643 0.04922330266 -0.5740762629 -0.817320935 7.610287109e-05 -0.4335808118 0
0.6247528679 0.1683396603 -0.3296321082 -0.008754234535 0.1538309126 0.4775107273 -0.001140549737 0.0395234722 0.2508436265 -0.9986798088 -0.02063654059 -0.04704011837 0.01047780394 0.8146623587 -0.5798408893 0.05028772384 -0.5795682655 -0.813370623 7.804164565e-05 -0.4384107039 0
0.6316356582 0.1701942281 -0.333263606 -0.008944031692 0.1554046184 0.47680634 -0.00116568314 0.03995096521 0.250752054 -0.9986214629 -0.02130501304 -0.04797155609 0.01082094175 0.8107309624 -0.5853188993 0.05136225262 -0.5850311129 -0.8093827994 8.001162008e-05 -0.443240596 0
0.6385184485 0.1720487959 -0.3368951038 -0.009135727265 0.1569744236 0.4760949072 -0.001191085951 0.04037819874 0.2506595008 -0.9985612312 -0.02198706118 -0.04890845157 0.01117125762 0.8067640348 -0.5907681399 0.05244683496 -0.5904645301 -0.8053576648 8.201308497e-05 -0.448070488 0
0.6454012388 0.1739033638 -0.3405266016 -0.009329315457 0.1585402899 0.4753764503 -0.001216757974 0.04080517002 0.2505659676 -0.9984990752 -0.02268278372 -0.04985065817 0.0115288134 0.8027618123 -0.5961883588 0.0535414163 -0.5958682438 -0.8012954216 8.404633276e-05 -0.4529003801 0
0.6531443778 0.1759897526 -0.3446120366 -0.009549357158 0.1602971336 0.4745598176 -0.001245960549 0.04128519582 0.2504595722 -0.9984268013 -0.02348193769 -0.05091680503 0.01193979393 0.7982174204 -0.602251103 0.05478470364 -0.6019115785 -0.7966812963 8.637209351e-05 -0.4583340087 0
0.6600271681 0.1778443204 -0.3482435344 -0.009746947671 0.161854503 0.4738265071 -0.001272203996 0.0417116007 0.2503639589 -0.9983604272 -0.02420703911 -0.05186980576 0.01231293747 0.7941409902 -0.6076088209 0.0559003494 -0.6072512717 -0.7925408784 8.847385936e-05 -0.4631639008 0
0.6669099583 0.1796988883 -0.3518750322 -0.009946412334 0.1634078145 0.4730862411 -0.001298716036 0.04213773473 0.2502673679 -0.9982920067 -0.02494611355 -0.05282765214 0.01269351084 0.7900300165 -0.6129367404 0.05702582042 -0.6125604169 -0.7883639968 9.060833379e-05 -0.4679937928 0
0.6737927486 0.1815534561 -0.35550653 -0.01014774512 0.1649570303 0.472339042 -0.001325496465 0.04256359517 0.2501697999 -0.9982215002 -0.02569925338 -0.05379019295 0.01308157374 0.785884744 -0.618234617 0.05816106009 -0.6178387472 -0.7841508615 9.277581674e-05 -0.4728236849 0
0.6806755389 0.1834080239 -0.3591380278 -0.01035093995 0.1665021129 0.4715849325 -0.001352545081 0.04298917928 0.2500712558 -0.9981488679 -0.02646654943 -0.05475727589 0.01347718536 0.781705419 -0.623502208 0.0593060113 -0.623085997 -0.7799016844 9.497660987e-05 -0.477653577 0
0.6875583291 0.1852625918 -0.3627695256 -0.01055599069 0.1680430247 0.4708239351 -0.001379861675 0.04341448431 0.2499717364 -0.9980740695 -0.0272480909 -0.0557287476 0.01388040434 0.7774922901 -0.6287392728 0.06046061646 -0.6283019022 -0.7756166795 9.721101663e-05 -0.4824834691 0
0.6944411194 0.1871171596 -0.3664010234 -0.01076289115 0.1695797283 0.4700560729 -0.001407446039 0.04383950753 0.2498712423 -0.9979970646 -0.02804396545 -0.05670445367 0.0142912888 0.7732456076 -0.6339455729 0.06162481748 -0.6334862006 -0.7712960622 9.947934215e-05 -0.4873133611 0
0.7021842585 0.1892035484 -0.3704864584 -0.01099785737 0.1713034435 0.4691840513 -0.001438798256 0.04431731837 0.2497570226 -0.9979077458 -0.0289565639 -0.0578069908 0.01476276811 0.7684282967 -0.6397655926 0.06294594074 -0.6392804316 -0.7663930704 0.000102072134 -0.4927469897 0
0.7090670487 0.1910581163 -0.3741179562 -0.01120866768 0.1728310814 0.4684016787 -0.001466950929 0.04474173364 0.2496544602 -0.9978259165 -0.02978317992 -0.05879117751 0.0151901322 0.7641111525 -0.6449057346 0.06413033792 -0.6443967014 -0.7619975006 0.0001044135579 -0.4975768818 0
0.715949839 0.1929126841 -0.377749454 -0.01142130801 0.1743543954 0.4676125144 -0.001495370708 0.04516585854 0.2495509258 -0.9977417525 -0.03062439254 -0.05977910944 0.01562533987 0.7597612491 -0.6500143792 0.06532414636 -0.6494805547 -0.7575670036 0.000106789865 -0.5024067739 0
0.7228326293 0.194767252 -0.3813809518 -0.01163577194 0.1758733486 0.4668165821 -0.001524057373 0.04558969035 0.2494464201 -0.9976552123 -0.03148028272 -0.06077062805 0.01606844701 0.7553788445 -0.6550912962 0.06652730601 -0.6545317358 -0.7531018022 0.0001092013675 -0.507236666 0
0.7297154195 0.1966218198 -0.3850124496 -0.01185205302 0.1773879045 0.466013906 -0.001553010707 0.04601322633 0.249340944 -0.9975662541 -0.03235092981 -0.06176557376 0.01651950891 0.7509641985 -0.6601362574 0.06773975633 -0.6595499904 -0.748602121 0.0001116483789 -0.512066558 0
0.7365982098 0.1984763876 -0.3886439474 -0.01207014472 0.1788980265 0.4652045102 -0.001582230488 0.04643646377 0.2492344983 -0.9974748358 -0.03323641148 -0.06276378609 0.01697858034 0.7465175729 -0.6651490368 0.06896143634 -0.6645350663 -0.7440681864 0.0001141312148 -0.5168964501 0
0.7443413488 0.2005627764 -0.3927293825 -0.01231765395 0.1805915688 0.4642859382 -0.00161542095 0.04691224564 0.249113589 -0.9973689972 -0.03425040488 -0.06389047852 0.01750467703 0.7414772214 -0.6707496675 0.07034678217 -0.6701033054 -0.7389268505 0.000116967621 -0.5223300787 0
0.7512241391 0.2024173443 -0.3963608803 -0.01253957133 0.1820921484 0.4634623443 -0.001645206187 0.04733483963 0.2490050857 -0.9972722107 -0.03516766031 -0.06489509519 0.01798094793 0.7369635158 -0.6756933194 0.07158787064 -0.6750170457 -0.7343208868 0.0001195276378 -0.5271599708 0
0.7581069294 0.2042719121 -0.3999923781 -0.0127632786 0.1835881813 0.4626321076 -0.001675257166 0.04775712657 0.2488956155 -0.9971728314 -0.03609998227 -0.06590247089 0.01846539581 0.7324186597 -0.6806040965 0.07283799521 -0.6798968291 -0.7296813882 0.0001221244746 -0.5319898628 0
0.7649897196 0.20612648 -0.4036238759 -0.01298876904 0.1850796314 0.4617952532 -0.001705573658 0.04817910375 0.2487851793 -0.9970708161 -0.03704744151 -0.06691244133 0.01895807309 0.7278429218 -0.6854817814 0.07409709301 -0.6847424102 -0.7250085879 0.0001247584532 -0.5368197549 0
0.7718725099 0.2079810478 -0.4072553737 -0.01321603584 0.1865664632 0.4609518061 -0.001736155431 0.04860076846 0.2486737779 -0.9969661216 -0.03801010707 -0.06792484136 0.01945903161 0.7232365728 -0.690326159 0.07536510069 -0.6895535451 -0.7203027211 0.0001274298969 -0.541649647 0
0.7787553002 0.2098356156 -0.4108868715 -0.01344507218 0.1880486409 0.4601017919 -0.001767002252 0.04902211798 0.2485614122 -0.9968587046 -0.03898804626 -0.06893950493 0.0199683226 0.718599885 -0.6951370163 0.07664195446 -0.6943299918 -0.7155640246 0.0001301391306 -0.5464795391 0
0.7856380904 0.2116901835 -0.4145183693 -0.01367587115 0.1895261294 0.459245236 -0.001798113884 0.04944314962 0.2484480831 -0.9967485213 -0.03998132469 -0.06995626518 0.02048599675 0.7139331323 -0.6999141423 0.0779275901 -0.6990715102 -0.7107927366 0.0001328864808 -0.5513094311 0
0.7933812295 0.2137765723 -0.4186038043 -0.01393761825 0.1911826548 0.4582738235 -0.001833430708 0.04991642687 0.2483194374 -0.9966212038 -0.04111717756 -0.07110241779 0.02107846299 0.7086474417 -0.70524783 0.07938434672 -0.704363671 -0.7053863796 0.0001360232191 -0.5567430597 0
0.8002640198 0.2156311401 -0.4222353021 -0.01417213969 0.1926500617 0.4574034526 -0.001865104273 0.05033677402 0.248204064 -0.9965049962 -0.04214326176 -0.07212307562 0.02161411688 0.7039177183 -0.709952587 0.08068842853 -0.7090301766 -0.7005466338 0.0001388526573 -0.5615729518 0
0.80714681 0.217485708 -0.4258667999 -0.01440840189 0.1941126696 0.4565266213 -0.001897041901 0.05075679485 0.24808773 -0.9963858845 -0.04318487897 -0.07314530335 0.02215830846 0.6991587966 -0.7146229681 0.08200108865 -0.7136610144 -0.6956750521 0.0001417212415 -0.5664028439 0
0.8140296003 0.2193402758 -0.4294982977 -0.01464639775 0.1955704439 0.4556433559 -0.001929243347 0.05117648665 0.2479704364 -0.9962638242 -0.0442420876 -0.0741689308 0.02271108594 0.6943709572 -0.7192587715 0.08332226105 -0.7182559512 -0.6907718794 0.0001446293042 -0.5712327359 0
0.8209123906 0.2211948436 -0.4331297955 -0.01488612011 0.1970233501 0.454753683 -0.001961708365 0.05159584673 0.2478521841 -0.9961387706 -0.04531494426 -0.075193787 0.02327249695 0.6895544825 -0.7238597976 0.08465187925 -0.722814756 -0.6858373625 0.0001475771795 -0.576062628 0
0.8277951808 0.2230494115 -0.4367612933 -0.01512756176 0.1984713536 0.4538576294 -0.001994436707 0.05201487242 0.247732974 -0.9960106787 -0.04640350379 -0.07621970023 0.0238425885 0.6847096561 -0.7284258492 0.08598987639 -0.7273371994 -0.6808717497 0.0001505652027 -0.5808925201 0
0.8355383199 0.2251358003 -0.4408467283 -0.01540122967 0.2000944548 0.4528419756 -0.002031570535 0.05248587325 0.2475977189 -0.9958628876 -0.04764696909 -0.07737490138 0.0244943752 0.6792256926 -0.7335206092 0.08750505477 -0.7323812019 -0.6752485768 0.0001539751375 -0.5863261487 0
0.8424211101 0.2269903681 -0.4444782261 -0.01564630067 0.2015319268 0.4519324525 -0.002064857608 0.0529041794 0.2474764766 -0.9957281897 -0.04876907116 -0.07840248738 0.02508306622 0.6743215679 -0.7380116956 0.08886063312 -0.7368256244 -0.6702177162 0.0001570495951 -0.5911560408 0
0.8493039004 0.228844936 -0.4481097239 -0.01589306812 0.2029643898 0.4510166334 -0.002098407217 0.05332214277 0.2473542795 -0.995590312 -0.04990703593 -0.07943058919 0.02568058077 0.6693899881 -0.7424672057 0.09022437867 -0.7412329806 -0.6651565454 0.0001601652579 -0.5959859328 0
0.8561866907 0.2306995038 -0.4517412217 -0.01614152462 0.20439181 0.4500945458 -0.002132219106 0.05373976067 0.2472311286 -0.9954492089 -0.05106091082 -0.08045903219 0.02628696333 0.664431243 -0.7468869519 0.09159622282 -0.745603049 -0.660065319 0.0001633224671 -0.6008158249 0
0.8630694809 0.2325540716 -0.4553727195 -0.01639166271 0.2058141539 0.4491662174 -0.002166293016 0.05415703043 0.2471070247 -0.9953048347 -0.05223074145 -0.0814876411 0.02690225778 0.659445624 -0.7512707485 0.09297609656 -0.7499356096 -0.6549442929 0.0001665215653 -0.605645717 0
0.8699522712 0.2344086395 -0.4590042173 -0.01664347489 0.207231388 0.4482316761 -0.002200628686 0.05457394938 0.246981969 -0.9951571434 -0.05341657159 -0.08251623999 0.02752650734 0.6544334239 -0.7556184123 0.09436393048 -0.7542304446 -0.649793725 0.0001697628965 -0.6104756091 0
0.8768350615 0.2362632073 -0.4626357151 -0.01689695359 0.2086434793 0.4472909498 -0.002235225856 0.05499051485 0.2468559624 -0.9950060888 -0.05461844317 -0.0835446523 0.02815975465 0.6493949369 -0.7599297627 0.09575965476 -0.7584873378 -0.6446138743 0.000173046806 -0.6153055011 0
0.8845782005 0.2383495961 -0.4667211502 -0.01718409968 0.2102258935 0.4462252749 -0.002274459915 0.05545872516 0.2467130696 -0.9948320746 -0.05598977311 -0.0847011725 0.02888296523 0.643695586 -0.7647364035 0.09733918859 -0.7632307239 -0.6387518646 0.0001767925304 -0.6207391297 0
0.8914609908 0.240204164 -0.470352648 -0.01744109444 0.2116269465 0.4452714996 -0.002309611888 0.05587453063 0.2465850456 -0.9946737193 -0.05722586363 -0.08572859932 0.02953547135 0.6386022224 -0.7689699978 0.09875144628 -0.7674062823 -0.6335106548 0.0001801680718 -0.6255690218 0
0.8983437811 0.2420587318 -0.4739841458 -0.01769973182 0.2130227541 0.444311628 -0.002345024528 0.05628997431 0.2464560739 -0.9945118555 -0.05847811478 -0.08675528395 0.03019710431 0.6334835001 -0.7731667285 0.1001713736 -0.7715432361 -0.6282409814 0.0001835872795 -0.6303989139 0
0.9052265713 0.2439132996 -0.4776156436 -0.01796000406 0.2144132835 0.4433456891 -0.002380697563 0.05670505353 0.2463261555 -0.9943464367 -0.05974656086 -0.0877810474 0.03086790411 0.6283397188 -0.7773264245 0.1015988992 -0.7756413773 -0.6229431094 0.0001870505045 -0.6352288059 0
0.9121093616 0.2457678675 -0.4812471414 -0.01822190336 0.2157985026 0.4423737118 -0.002416630721 0.05711976564 0.2461952913 -0.9941774159 -0.06103123431 -0.08880571017 0.03154791012 0.6231711797 -0.7814489172 0.1030339511 -0.7797004997 -0.6176173052 0.000190558099 -0.640058698 0
0.9189921519 0.2476224353 -0.4848786392 -0.01848542188 0.2171783791 0.4413957251 -0.002452823728 0.057534108 0.2460634825 -0.9940047461 -0.0623321657 -0.08982909221 0.03223716105 0.6179781851 -0.7855340401 0.1044764573 -0.783720399 -0.6122638369 0.0001941104165 -0.6448885901 0
0.9267352909 0.2497088241 -0.4889640742 -0.01878380585 0.2187243144 0.4402883435 -0.002493851116 0.05799979788 0.2459140697 -0.9938060723 -0.06381518246 -0.0909786413 0.0330236663 0.6121072122 -0.790084931 0.1061080965 -0.7881956503 -0.6062084531 0.0001981606737 -0.6503222187 0
0.9336180812 0.251563392 -0.492595572 -0.01905073895 0.2200927322 0.4392976844 -0.00253059538 0.05841334572 0.2457802569 -0.9936254918 -0.06515075485 -0.0919987017 0.03373268829 0.6068632593 -0.7940901021 0.1075662015 -0.7921315318 -0.6007970944 0.0002018092077 -0.6551521108 0
0.9405008714 0.2534179598 -0.4962270698 -0.01931926645 0.2214557082 0.438301108 -0.002567598621 0.05882651555 0.2456455028 -0.9934411148 -0.06650266853 -0.09301691553 0.03445107202 0.6015958036 -0.7980573994 0.1090315327 -0.7960275649 -0.5953589176 0.0002055035781 -0.6599820028 0
0.9473836617 0.2552725276 -0.4998585676 -0.01958938033 0.222813211 0.4372986442 -0.002604860557 0.05923930472 0.2455098083 -0.9932528936 -0.06787094628 -0.0940331008 0.03517885353 0.5963051527 -0.8019866664 0.1105040165 -0.7998835537 -0.5898941963 0.0002092441439 -0.6648118949 0
0.954266452 0.2571270955 -0.5034900654 -0.0198610725 0.2241652093 0.4362903229 -0.002642380904 0.05965171062 0.2453731746 -0.9930607807 -0.06925560895 -0.09504707502 0.03591606819 0.5909916151 -0.8058777494 0.1119835787 -0.8036993042 -0.5844032055 0.0002130312654 -0.669641787 0
0.9611492423 0.2589816633 -0.5071215632 -0.02013433485 0.2255116723 0.4352761743 -0.002680159375 0.0600637306 0.2452356027 -0.9928647284 -0.07065667552 -0.09605865533 0.03666275073 0.5856555005 -0.8097304968 0.1134701448 -0.8074746244 -0.5788862213 0.0002168653041 -0.6744716791 0
0.9680320325 0.2608362312 -0.510753061 -0.02040915919 0.2268525689 0.4342562286 -0.002718195681 0.06047536204 0.2450970937 -0.992664689 -0.072074163 -0.09706765844 0.0374189352 0.5802971197 -0.8135447598 0.1149636402 -0.8112093243 -0.5733435214 0.0002207466228 -0.6793015711 0
0.9757751716 0.26292262 -0.514838496 -0.02072019344 0.228354386 0.4331018985 -0.002761294356 0.06093797971 0.2449401524 -0.992434819 -0.07368848332 -0.0981994777 0.03828104209 0.5742427148 -0.8177896223 0.1166520116 -0.8153620742 -0.5670775928 0.0002251700741 -0.6847351997 0
